timepoint,stationcode,longitude,latitude,area,positionname,primarypollutant,aqi,pm10,pm10_24h,pm2_5,pm2_5_24h,o3,o3_24h,o3_8h,o3_8h_24h,no2,no2_24h,so2,so2_24h,co,co_24h
2022-10-23T17:00:00,1001A,116.3621,39.8784,北京市,万寿西宫,,20,13,20,3,8,67,61,56,56,9,27,1,2,0.3,0.4
2022-10-23T17:00:00,1002A,116.2202,40.2915,北京市,定陵(对照点),,25,25,16,3,4,73,70,66,66,5,5,1,2,0.2,0.2
2022-10-23T17:00:00,1003A,116.4174,39.9289,北京市,东四,,,18,27,5,9,72,70,63,63,9,28,,3,0.1,0.3
2022-10-23T17:00:00,1004A,116.4072,39.8863,北京市,天坛,,22,14,20,3,7,73,68,63,63,12,24,1,2,0.0,0.3
2022-10-23T17:00:00,1005A,116.462,39.9365,北京市,农展馆,,20,12,20,3,7,63,62,54,54,13,33,3,3,0.2,0.3
2022-10-23T17:00:00,1006A,116.3392,39.9295,北京市,官园,,18,15,21,4,6,68,57,57,57,3,27,1,2,0.2,0.4
2022-10-23T17:00:00,1007A,116.2878,39.9611,北京市,海淀万柳,,19,18,22,3,6,67,60,54,54,17,39,1,2,0.2,0.4
2022-10-23T17:00:00,1008A,116.6636,40.135,北京市,顺义新城,,22,14,20,3,6,73,70,63,63,13,25,3,3,0.1,0.2
2022-10-23T17:00:00,1009A,116.6275,40.3275,北京市,怀柔镇,,20,12,14,3,5,66,64,57,57,14,15,3,3,0.3,0.4
2022-10-23T17:00:00,1010A,116.2296,40.217,北京市,昌平镇,,18,15,17,4,5,60,55,54,54,13,15,1,2,0.2,0.2
2022-10-23T17:00:00,1011A,116.3966,39.9821,北京市,奥体中心,,20,13,20,3,6,66,62,55,55,10,32,3,3,0.1,0.3
2022-10-23T17:00:00,1012A,116.184,39.9136,北京市,古城,,21,16,21,4,6,69,65,57,57,13,28,3,3,0.2,0.4
2022-10-23T17:00:00,1015A,117.1444,39.1661,天津市,勤俭道,,22,12,67,4,29,72,69,56,56,16,40,4,8,0.4,0.6
2022-10-23T17:00:00,1017A,117.237,39.1082,天津市,大直沽八号路,,23,12,69,4,30,74,72,63,63,13,43,4,7,0.3,0.6
2022-10-23T17:00:00,1018A,117.202,39.0927,天津市,前进道,,24,11,61,4,30,77,74,63,63,16,42,5,8,0.1,0.4
2022-10-23T17:00:00,1019A,117.1837,39.2133,天津市,淮河道,,24,12,72,4,29,77,75,60,60,16,50,6,8,0.3,0.6
2022-10-23T17:00:00,1021A,117.307,39.0877,天津市,跃进路,,23,13,76,4,28,72,71,60,60,16,48,5,8,0.4,0.6
2022-10-23T17:00:00,1023A,117.707,39.0343,天津市,第四大街,,20,11,53,3,23,70,63,54,54,14,41,5,6,0.4,0.7
2022-10-23T17:00:00,1024A,117.457,38.8394,天津市,永明路,,20,10,53,3,24,67,64,54,54,17,45,5,8,0.4,0.6
2022-10-23T17:00:00,1026A,117.764,39.1587,天津市,汉北路,,20,13,47,3,21,77,64,57,57,21,44,6,9,0.4,0.6
2022-10-23T17:00:00,1027A,117.157,38.9194,天津市,团泊洼(对照点),,21,6,72,3,29,68,67,61,61,7,42,6,9,0.5,0.9
2022-10-23T17:00:00,1029A,114.4422,38.0444,石家庄市,职工医院,,47,47,92,23,33,100,95,77,77,24,56,7,10,0.3,0.5
2022-10-23T17:00:00,1030A,114.6063,38.0266,石家庄市,高新区,,31,23,78,18,33,123,98,79,79,12,41,4,6,0.3,0.5
2022-10-23T17:00:00,1031A,114.4898,38.1328,石家庄市,西北水源,,48,48,109,13,39,128,99,79,79,17,47,4,4,0.4,0.6
2022-10-23T17:00:00,1032A,114.4586,38.0058,石家庄市,西南高教,,35,35,91,21,42,110,103,86,86,27,56,9,11,0.3,0.5
2022-10-23T17:00:00,1033A,114.5331,38.0178,石家庄市,世纪公园,,46,46,89,20,38,116,92,76,76,22,46,5,6,0.4,0.6
2022-10-23T17:00:00,1034A,114.509,38.0457,石家庄市,人民会堂,,47,47,90,32,41,126,103,82,82,24,51,8,11,0.6,0.9
2022-10-23T17:00:00,1035A,114.3524,37.8911,石家庄市,封龙山(对照点),颗粒物(PM10),55,59,77,12,34,121,96,92,85,26,24,6,7,0.5,0.5
2022-10-23T17:00:00,1037A,118.131,39.6363,唐山市,雷达站,,23,16,63,0,23,79,73,66,66,14,46,2,3,0.2,0.6
2022-10-23T17:00:00,1038A,118.1725,39.6334,唐山市,物资局,,23,18,70,12,23,74,72,64,64,16,47,6,6,0.3,0.6
2022-10-23T17:00:00,1040A,118.1705,39.6506,唐山市,十二中,,20,19,61,5,17,69,64,58,58,13,48,4,4,0.2,0.6
2022-10-23T17:00:00,1041A,118.1869,39.622,唐山市,小山,,25,25,63,5,18,72,56,60,60,17,40,5,5,0.3,0.6
2022-10-23T17:00:00,1042A,119.5134,39.8207,秦皇岛市,北戴河环保局,,,39,30,7,6,82,81,74,74,18,39,,7,0.1,0.3
2022-10-23T17:00:00,1043A,119.7493,40.0116,秦皇岛市,第一关,,38,38,42,16,15,79,77,72,72,12,39,9,7,0.2,0.4
2022-10-23T17:00:00,1044A,119.5897,39.9499,秦皇岛市,监测站,,38,38,50,13,18,73,68,65,65,12,38,11,10,0.3,0.4
2022-10-23T17:00:00,1046A,119.5251,39.9041,秦皇岛市,建设大厦,,41,41,60,13,19,82,81,77,77,21,44,9,12,0.3,0.5
2022-10-23T17:00:00,1047A,114.5129,36.61763,邯郸市,环保局,,,,,,,,,,,,,,,,
2022-10-23T17:00:00,1048A,114.5302,36.6116,邯郸市,东污水处理厂,颗粒物(PM10),63,75,106,36,49,117,111,80,80,34,64,9,13,0.6,1.7
2022-10-23T17:00:00,1049A,114.4918,36.5713,邯郸市,矿院,颗粒物(PM10),68,85,107,27,42,121,121,93,93,28,58,11,12,0.4,1.4
2022-10-23T17:00:00,1050A,114.484,36.6133,邯郸市,丛台公园,颗粒物(PM10),69,88,110,32,49,125,125,91,91,24,58,9,16,0.4,1.9
2022-10-23T17:00:00,1051A,115.493,38.8632,保定市,游泳馆,,34,29,47,14,16,107,107,88,88,13,32,6,6,0.2,0.3
2022-10-23T17:00:00,1052A,115.5213,38.8959,保定市,华电二区,,31,31,48,13,18,96,96,75,75,14,34,4,5,0.3,0.4
2022-10-23T17:00:00,1053A,115.4713,38.9108,保定市,接待中心,,39,39,48,25,20,99,99,79,79,15,40,4,4,0.1,0.2
2022-10-23T17:00:00,1054A,115.4612,38.8416,保定市,地表水厂,,44,44,71,13,22,90,90,74,74,20,43,4,6,0.2,0.3
2022-10-23T17:00:00,1055A,115.4323,38.8697,保定市,胶片厂,,,,52,,24,27,,43,,,43,,3,,0.5
2022-10-23T17:00:00,1056A,115.5086,38.8639,保定市,监测站,,45,45,64,19,22,103,103,80,80,15,41,4,4,0.4,0.6
2022-10-23T17:00:00,1057A,114.8883,40.8336,张家口市,人民公园,,26,11,18,3,5,81,81,73,73,4,7,7,7,0.1,0.1
2022-10-23T17:00:00,1059A,114.8687,40.8042,张家口市,五金库,,25,15,18,2,7,82,80,76,76,6,13,8,9,0.2,0.3
2022-10-23T17:00:00,1060A,114.8902,40.762,张家口市,世纪豪园,,26,2,19,2,7,82,81,73,73,8,15,3,2,0.3,0.4
2022-10-23T17:00:00,1061A,114.8916,40.8661,张家口市,北泵房(对照点),,25,19,18,8,8,83,80,75,75,5,8,6,6,0.4,0.4
2022-10-23T17:00:00,1062A,117.9531,40.9081,承德市,铁路,,21,15,25,4,10,70,66,52,52,13,29,5,7,0.1,0.3
2022-10-23T17:00:00,1063A,117.9392,40.9763,承德市,中国银行,,23,23,30,2,8,71,62,55,55,11,30,3,3,0.2,0.3
2022-10-23T17:00:00,1064A,117.9503,40.928,承德市,开发区,,22,16,28,7,12,77,69,58,58,8,29,4,4,0.2,0.4
2022-10-23T17:00:00,1065A,117.8051,40.9655,承德市,文化中心,,23,20,40,13,12,72,72,60,60,8,32,2,6,0.2,0.5
2022-10-23T17:00:00,1066A,117.9268,41.0026,承德市,离宫(对照点),,20,14,21,6,12,69,62,53,53,3,21,7,7,0.2,0.2
2022-10-23T17:00:00,1067A,116.6708,39.5111,廊坊市,药材公司,,24,19,43,12,15,77,76,65,65,18,44,2,2,0.3,0.5
2022-10-23T17:00:00,1068A,116.7214,39.5589,廊坊市,开发区,,23,18,33,10,14,79,71,60,60,24,45,7,7,0.3,0.4
2022-10-23T17:00:00,1070A,116.7244,39.5269,廊坊市,北华航天学院,,28,28,48,3,12,74,66,59,59,28,48,3,4,0.3,0.5
2022-10-23T17:00:00,1071A,116.8842,38.2991,沧州市,沧县城建局,,42,42,97,20,37,133,77,99,99,26,46,4,8,0.2,0.5
2022-10-23T17:00:00,1072A,116.8584,38.3254,沧州市,电视转播站,颗粒物(PM10),51,51,89,6,29,140,88,110,110,23,43,2,7,0.3,0.5
2022-10-23T17:00:00,1073A,116.8709,38.3228,沧州市,市环保局,颗粒物(PM10),52,54,97,23,37,135,80,108,108,30,46,6,11,0.2,0.6
2022-10-23T17:00:00,1074A,115.6838,37.7541,衡水市,电机北厂,,46,46,114,9,33,113,100,96,96,20,46,9,14,0.1,0.4
2022-10-23T17:00:00,1075A,115.6303,37.7316,衡水市,市监测站,颗粒物(PM10),54,58,96,11,33,106,93,88,88,18,42,5,8,0.3,0.6
2022-10-23T17:00:00,1077A,114.4704,37.0886,邢台市,达活泉,颗粒物(PM10),66,81,88,20,35,113,113,97,97,24,46,13,9,0.7,0.7
2022-10-23T17:00:00,1078A,114.5062,37.0349,邢台市,邢师高专,颗粒物(PM10),58,65,90,29,36,112,112,94,94,18,48,8,7,0.6,0.7
2022-10-23T17:00:00,1079A,114.5237,37.0851,邢台市,路桥公司,颗粒物(PM10),54,58,77,22,37,114,112,97,97,20,39,10,9,0.4,0.5
2022-10-23T17:00:00,1080A,114.4725,37.0719,邢台市,市环保局,颗粒物(PM10),70,90,115,24,36,112,112,96,96,22,45,10,7,0.4,0.5
2022-10-23T17:00:00,1081A,112.5139,37.8873,太原市,尖草坪,颗粒物(PM10),61,71,79,27,22,93,93,64,64,28,52,9,12,0.4,0.7
2022-10-23T17:00:00,1083A,112.434,38.0108,太原市,上兰(对照点),,,,,,,,,,,,,,,,
2022-10-23T17:00:00,1084A,112.469,37.7124,太原市,晋源,颗粒物(PM10),58,65,84,23,29,95,86,60,60,26,46,8,8,0.4,0.5
2022-10-23T17:00:00,1085A,112.5583,37.7394,太原市,小店,颗粒物(PM10),59,68,126,24,36,89,89,61,61,34,62,9,11,0.5,0.7
2022-10-23T17:00:00,1086A,112.5369,37.8692,太原市,桃园,颗粒物(PM10),60,69,76,29,23,90,90,62,62,29,55,7,14,0.5,0.8
2022-10-23T17:00:00,1087A,112.57,37.8195,太原市,坞城,颗粒物(PM10),58,66,95,26,27,87,86,68,68,27,53,8,21,0.5,1
2022-10-23T17:00:00,1088A,112.549,37.9854,太原市,南寨,,41,41,79,18,19,84,70,64,64,30,42,10,7,0.5,0.4
2022-10-23T17:00:00,1089A,112.4701,37.782,太原市,金胜,,,,,,,,,,,,,,,,
2022-10-23T17:00:00,1090A,111.6507,40.7517,呼和浩特市,呼市一监,,,,,,,,,,,,,,,,
2022-10-23T17:00:00,1091A,111.6572,40.8033,呼和浩特市,小召,颗粒物(PM10),60,70,43,42,20,121,118,86,86,16,22,14,12,0.4,0.4
2022-10-23T17:00:00,1094A,111.7516,40.8369,呼和浩特市,如意水处理厂,颗粒物(PM10),60,70,52,36,19,120,112,81,81,12,28,9,7,0.5,0.5
2022-10-23T17:00:00,1095A,111.7276,40.8062,呼和浩特市,二十九中,颗粒物(PM10),56,62,45,31,18,119,109,80,80,15,23,12,10,0.6,0.6
2022-10-23T17:00:00,1096A,111.5512,40.7866,呼和浩特市,工大金川校区,,,68,69,43,30,119,108,80,80,11,24,10,17,,
2022-10-23T17:00:00,1097A,111.717,40.7612,呼和浩特市,化肥厂生活区,,,63,59,36,33,107,102,78,78,,,80,20,0.5,0.5
2022-10-23T17:00:00,1098A,123.6836,41.9339,沈阳市,森林路(对照点),,,,,,,,,,,,,,,,
2022-10-23T17:00:00,1099A,123.505,41.7406,沈阳市,浑南东路,,21,21,39,7,18,67,59,54,54,12,30,10,19,0.4,0.7
2022-10-23T17:00:00,1100A,123.4231,41.6989,沈阳市,新秀街,,22,19,49,15,18,72,65,57,57,14,39,6,20,0.4,0.7
2022-10-23T17:00:00,1102A,123.5903,41.8411,沈阳市,东陵路,,22,22,46,12,20,69,57,57,57,12,28,9,11,0.3,0.5
2022-10-23T17:00:00,1103A,123.4264,41.8467,沈阳市,陵东街,,20,15,56,4,20,68,63,59,59,13,40,6,8,0.4,0.7
2022-10-23T17:00:00,1104A,123.4114,41.7653,沈阳市,文化路,,20,14,45,9,22,69,62,58,58,14,37,8,15,0.3,0.6
2022-10-23T17:00:00,1105A,123.4678,41.7867,沈阳市,小河沿,,26,26,40,8,17,66,59,56,56,13,32,7,8,0.4,0.7
2022-10-23T17:00:00,1106A,123.4017,41.7972,沈阳市,太原街,,24,24,42,10,21,67,52,56,56,26,43,5,14,0.4,0.6
2022-10-23T17:00:00,1108A,123.3783,41.9228,沈阳市,京沈街,,26,26,41,11,21,68,62,62,62,14,39,8,14,0.3,0.5
2022-10-23T17:00:00,1109A,121.612,38.9741,大连市,甘井子,,22,13,16,4,8,101,68,82,82,13,19,5,5,0.6,0.7
2022-10-23T17:00:00,1110A,121.565,38.9511,大连市,周水子,,,23,26,7,8,96,67,79,79,16,31,5,6,,0.4
2022-10-23T17:00:00,1111A,121.5637,38.8845,大连市,星海三站,,18,15,18,7,9,85,57,69,69,24,31,8,6,0.7,0.8
2022-10-23T17:00:00,1112A,121.6302,38.9117,大连市,青泥洼桥,,20,17,19,4,6,93,62,76,76,30,38,6,7,0.4,0.6
2022-10-23T17:00:00,1113A,121.6251,38.8638,大连市,傅家庄,,22,22,25,7,7,78,54,64,64,20,23,6,7,0.6,0.7
2022-10-23T17:00:00,1114A,121.5213,38.8661,大连市,七贤岭,,25,18,20,9,6,115,78,90,90,14,17,7,6,0.5,0.6
2022-10-23T17:00:00,1115A,121.2529,38.8061,大连市,旅顺,,26,22,23,6,7,104,82,88,88,10,13,7,6,0.4,0.4
2022-10-23T17:00:00,1116A,121.7485,39.1311,大连市,金州,,24,24,22,10,8,94,67,78,78,20,26,9,10,0.0,0.3
2022-10-23T17:00:00,1117A,121.7811,39.0496,大连市,开发区,,26,26,30,8,11,108,72,84,84,20,30,8,11,0.2,0.4
2022-10-23T17:00:00,1118A,121.9762,39.0631,大连市,双D港,,20,17,16,8,10,89,63,76,76,9,10,9,9,0.6,0.6
2022-10-23T17:00:00,1119A,125.3325,43.9166,长春市,食品厂,,23,23,42,10,24,52,50,48,48,20,36,4,7,0.3,0.5
2022-10-23T17:00:00,1120A,125.2863,43.9027,长春市,客车厂,,23,23,39,8,24,48,40,45,45,31,39,12,10,0.3,0.5
2022-10-23T17:00:00,1121A,125.2841,43.8463,长春市,邮电学院,,22,22,32,6,18,61,53,57,57,22,33,8,8,0.2,0.4
2022-10-23T17:00:00,1122A,125.3716,43.8772,长春市,劳动公园,,19,19,33,7,19,62,55,56,56,18,29,6,8,0.2,0.4
2022-10-23T17:00:00,1123A,125.3297,43.8805,长春市,园林处,,17,17,27,8,20,54,52,50,50,19,29,5,6,0.3,0.5
2022-10-23T17:00:00,1124A,125.4605,43.79,长春市,净月潭,,,,22,,9,58,,51,51,,22,,6,,0.4
2022-10-23T17:00:00,1125A,125.7194,43.515,长春市,甩湾子(对照点),,,,,,,,,,,,,,,,
2022-10-23T17:00:00,1126A,125.3863,43.8447,长春市,经开区环卫处,,19,6,40,7,18,61,58,56,56,17,31,7,10,0.3,0.4
2022-10-23T17:00:00,1127A,125.245,43.7783,长春市,高新区管委会,,17,14,33,5,19,59,53,55,55,18,29,4,5,0.2,0.4
2022-10-23T17:00:00,1128A,125.1761,43.8325,长春市,岱山公园,,30,30,37,11,16,62,56,59,59,16,30,7,7,0.3,0.4
2022-10-23T17:00:00,1129A,126.5422,45.755,哈尔滨市,岭北(对照点),,18,18,31,9,17,58,51,52,52,10,20,3,4,0.4,0.4
2022-10-23T17:00:00,1130A,126.561,45.8167,哈尔滨市,松北商大,,35,35,28,10,14,65,45,57,57,22,26,6,6,0.7,0.7
2022-10-23T17:00:00,1131A,126.979,45.5419,哈尔滨市,阿城会宁,,25,25,50,5,22,56,40,48,48,26,26,10,13,0.4,0.5
2022-10-23T17:00:00,1132A,126.599,45.7222,哈尔滨市,南岗学府路,,23,23,32,7,15,61,46,54,54,19,29,8,7,0.5,0.6
2022-10-23T17:00:00,1133A,126.689,45.7733,哈尔滨市,太平宏伟公园,,21,21,30,11,17,64,47,57,57,22,27,6,8,0.5,0.5
2022-10-23T17:00:00,1134A,126.635,45.7667,哈尔滨市,道外承德广场,,27,27,33,11,14,59,49,52,52,20,28,16,13,0.3,0.4
2022-10-23T17:00:00,1135A,126.685,45.7319,哈尔滨市,香坊红旗大街,,22,22,32,12,25,60,54,53,53,17,33,10,9,0.4,0.5
2022-10-23T17:00:00,1136A,126.6411,45.7258,哈尔滨市,动力和平路,,20,20,29,8,14,56,45,51,51,24,35,6,10,0.4,0.5
2022-10-23T17:00:00,1137A,126.593,45.7478,哈尔滨市,道里建国路,,17,17,30,11,15,57,44,51,51,24,33,15,16,0.2,0.4
2022-10-23T17:00:00,1138A,126.615,45.61,哈尔滨市,平房东轻厂,,21,12,36,14,19,49,16,41,40,42,35,14,10,0.5,0.6
2022-10-23T17:00:00,1139A,126.595,45.9855,哈尔滨市,呼兰师专,,42,42,30,23,19,56,28,48,48,41,23,9,7,0.6,0.6
2022-10-23T17:00:00,1140A,126.6206,45.6842,哈尔滨市,省农科院,,24,24,38,14,23,60,44,54,54,22,35,14,13,0.5,1.1
2022-10-23T17:00:00,1141A,121.4,31.238,上海市,普陀,,37,37,38,12,25,126,85,110,109,18,18,3,4,0.5,0.6
2022-10-23T17:00:00,1142A,121.478,31.2036,上海市,十五厂,,34,34,40,8,27,140,96,122,121,13,18,6,8,0.4,0.5
2022-10-23T17:00:00,1143A,121.467,31.3008,上海市,虹口,,34,34,43,7,22,114,80,100,99,9,11,6,5,0.5,0.6
2022-10-23T17:00:00,1144A,121.412,31.1654,上海市,徐汇上师大,,47,47,48,11,26,137,86,119,116,18,21,7,7,0.5,0.6
2022-10-23T17:00:00,1145A,121.536,31.2659,上海市,杨浦四漂,颗粒物(PM10),52,53,44,6,20,128,92,113,112,26,24,6,7,0.4,0.5
2022-10-23T17:00:00,1146A,120.978,31.0935,上海市,青浦淀山湖(对照点),,,,,,,,,,,,,,,,
2022-10-23T17:00:00,1147A,121.425,31.2261,上海市,静安监测站,,,34,50,,29,127,87,112,110,14,16,5,5,0.5,0.5
2022-10-23T17:00:00,1148A,121.703,31.1907,上海市,浦东川沙,,42,42,41,13,24,124,90,108,107,16,21,8,8,0.5,0.6
2022-10-23T17:00:00,1149A,121.533,31.2284,上海市,浦东新区监测站,,38,38,43,19,29,118,83,102,102,18,9,6,6,0.5,0.6
2022-10-23T17:00:00,1150A,121.577,31.2071,上海市,浦东张江,,43,43,37,14,22,119,80,100,100,15,18,5,4,0.6,0.7
2022-10-23T17:00:00,1151A,118.8086,32.1065,南京市,迈皋桥,,46,46,78,7,37,136,91,112,112,20,37,4,5,0.2,0.5
2022-10-23T17:00:00,1152A,118.7538,32.0551,南京市,草场门,颗粒物(PM10),51,51,71,11,47,132,101,114,114,26,45,2,3,0.2,0.6
2022-10-23T17:00:00,1153A,118.7794,32.0745,南京市,山西路,,48,48,79,12,41,153,113,133,133,14,36,3,4,0.2,0.4
2022-10-23T17:00:00,1154A,118.7752,32.0023,南京市,中华门,颗粒物(PM10),57,63,79,14,38,148,115,130,130,18,44,4,4,0.4,0.6
2022-10-23T17:00:00,1155A,118.8109,32.0309,南京市,瑞金路,颗粒物(PM10),58,66,68,17,40,146,112,131,131,8,20,4,4,0.4,0.5
2022-10-23T17:00:00,1156A,118.7997,32.0754,南京市,玄武湖,颗粒物(PM10),54,58,74,10,40,142,107,122,122,15,39,4,4,0.2,0.5
2022-10-23T17:00:00,1157A,118.6414,32.0931,南京市,浦口,颗粒物(PM10),56,61,61,12,40,138,110,122,122,15,19,3,5,0.3,0.6
2022-10-23T17:00:00,1158A,118.7356,31.9996,南京市,奥体中心,颗粒物(PM10),53,56,75,12,39,144,117,129,129,24,34,3,4,0.2,0.5
2022-10-23T17:00:00,1159A,118.9125,32.1028,南京市,仙林大学城,颗粒物(PM10),51,51,73,5,34,142,108,123,123,12,42,2,4,0.3,0.7
2022-10-23T17:00:00,1160A,120.561,31.2472,苏州市,上方山(对照点),颗粒物(PM10),63,76,60,21,35,166,103,127,127,11,18,6,6,0.4,0.6
2022-10-23T17:00:00,1161A,120.628,31.2864,苏州市,南门,,,,,,,,,,,,,,,,
2022-10-23T17:00:00,1162A,120.591,31.3019,苏州市,彩香,,34,22,54,8,35,201,106,138,138,12,17,6,6,0.4,0.7
2022-10-23T17:00:00,1163A,120.596,31.3264,苏州市,轧钢厂,,33,25,57,6,32,185,104,133,133,21,24,6,7,0.4,0.7
2022-10-23T17:00:00,1164A,120.613,31.2703,苏州市,吴中区,,34,23,56,8,32,205,106,137,137,17,18,6,7,0.5,0.6
2022-10-23T17:00:00,1165A,120.543,31.2994,苏州市,苏州新区,,33,20,54,8,37,215,105,134,134,12,18,6,8,0.6,0.9
2022-10-23T17:00:00,1166A,120.669,31.3097,苏州市,苏州工业园区,,31,21,48,9,32,155,99,132,132,20,20,6,6,0.6,0.8
2022-10-23T17:00:00,1167A,120.641,31.3708,苏州市,相城区,,31,19,41,5,27,178,97,127,127,24,25,7,8,0.4,0.7
2022-10-23T17:00:00,1168A,120.9098,31.9663,南通市,狼山街道,,34,29,33,5,15,122,106,110,110,11,12,7,6,0.3,0.4
2022-10-23T17:00:00,1169A,120.86,32.0005,南通市,虹桥,,38,38,36,5,27,109,98,102,102,15,17,5,5,0.3,0.4
2022-10-23T17:00:00,1170A,120.87,32.02,南通市,城中,,,31,32,5,30,104,97,98,98,13,13,3,2,,0.2
2022-10-23T17:00:00,1171A,120.94,31.93,南通市,星湖花园,,32,32,35,9,22,114,100,103,103,10,12,6,6,0.2,0.3
2022-10-23T17:00:00,1172A,120.81,32.0417,南通市,紫琅学院,,34,25,34,7,24,123,108,113,113,18,15,7,6,0.4,0.6
2022-10-23T17:00:00,1173A,119.176,34.5885,连云港市,市环境监测站,颗粒物(PM10),59,68,88,17,35,144,97,78,78,24,31,8,9,0.6,0.6
2022-10-23T17:00:00,1177A,117.179,34.2761,徐州市,黄河新村,颗粒物(PM10),56,61,131,18,53,172,109,92,90,21,41,9,12,0.8,1.1
2022-10-23T17:00:00,1178A,117.1918,34.2384,徐州市,淮塔,颗粒物(PM10),63,75,124,17,49,177,108,113,94,30,36,8,10,0.6,0.8
2022-10-23T17:00:00,1180A,117.256,34.2153,徐州市,新城区,颗粒物(PM10),67,83,120,22,52,170,112,102,92,30,42,11,12,0.6,0.8
2022-10-23T17:00:00,1181A,117.244,34.2911,徐州市,桃园路,颗粒物(PM10),62,73,125,14,42,154,103,89,89,15,38,10,10,0.5,0.9
2022-10-23T17:00:00,1182A,117.2933,34.2778,徐州市,农科院,颗粒物(PM10),58,66,119,14,43,148,90,84,84,34,50,9,10,0.5,0.8
2022-10-23T17:00:00,1186A,119.389,32.3761,扬州市,邗江监测站,,41,41,60,9,28,108,97,97,97,15,22,5,5,0.4,0.7
2022-10-23T17:00:00,1188A,120.269,31.4867,无锡市,雪浪,,41,41,72,9,44,147,81,120,120,22,29,8,8,0.6,0.9
2022-10-23T17:00:00,1189A,120.275,31.6219,无锡市,黄巷,颗粒物(PM10),56,62,84,9,43,143,91,118,118,15,33,6,8,0.6,0.9
2022-10-23T17:00:00,1190A,120.294,31.56,无锡市,曹张,颗粒物(PM10),53,56,70,12,45,145,88,120,120,19,27,12,9,0.8,0.9
2022-10-23T17:00:00,1191A,120.242,31.5031,无锡市,漆塘,颗粒物(PM10),58,66,75,15,45,154,95,129,129,17,24,12,9,0.9,1
2022-10-23T17:00:00,1192A,120.3489,31.5863,无锡市,东亭,,,48,73,9,41,138,77,112,112,21,30,,8,1.0,1
2022-10-23T17:00:00,1193A,120.354,31.5475,无锡市,旺庄,,45,45,71,17,42,145,89,120,120,18,29,11,11,0.7,1
2022-10-23T17:00:00,1194A,120.245,31.5631,无锡市,荣巷,颗粒物(PM10),52,54,71,14,46,150,96,126,126,19,26,10,9,0.7,0.9
2022-10-23T17:00:00,1195A,120.299,31.6817,无锡市,堰桥,,36,36,68,7,39,141,95,120,120,8,24,5,6,0.7,1
2022-10-23T17:00:00,1196A,119.9633,31.762,常州市,市监测站,,28,16,81,15,44,129,87,111,111,19,25,6,5,0.3,0.6
2022-10-23T17:00:00,1200A,119.9468,31.7069,常州市,武进监测站,,29,13,79,10,37,148,92,131,126,19,29,6,7,0.3,0.6
2022-10-23T17:00:00,1201A,119.9255,31.9087,常州市,安家,,32,12,73,10,43,141,100,116,116,11,32,4,5,0.4,0.7
2022-10-23T17:00:00,1203A,119.6707,32.1875,镇江市,新区办事处,,32,24,55,6,30,119,101,105,105,19,48,7,7,0.3,0.6
2022-10-23T17:00:00,1204A,119.4974,32.1968,镇江市,职教中心,,33,28,57,14,47,131,105,113,113,17,30,3,6,0.2,0.4
2022-10-23T17:00:00,1205A,119.4303,32.1328,镇江市,丹徒区监测站,,33,23,56,19,57,133,104,116,116,13,38,4,4,0.3,0.4
2022-10-23T17:00:00,1206A,119.905,32.4878,泰州市,公园路,,41,41,49,7,25,105,99,94,94,14,17,9,9,0.5,0.7
2022-10-23T17:00:00,1207A,119.9189,32.4625,泰州市,莲花,,37,37,52,14,33,121,102,93,93,15,17,6,8,0.5,0.7
2022-10-23T17:00:00,1209A,119.888,32.4639,泰州市,留学生创业园,,31,24,41,6,29,104,99,96,96,19,17,8,9,0.5,0.6
2022-10-23T17:00:00,1210A,119.036,33.5981,淮安市,钵池山,,46,46,78,20,44,134,106,94,94,14,33,7,6,0.6,0.8
2022-10-23T17:00:00,1211A,119.007,33.575,淮安市,北京南路,颗粒物(PM10),52,53,86,21,45,128,109,100,100,16,39,9,9,0.4,0.7
2022-10-23T17:00:00,1212A,118.989,33.6067,淮安市,市监测站,颗粒物(PM10),52,53,84,16,47,111,111,99,99,19,45,5,4,0.8,1.1
2022-10-23T17:00:00,1213A,119.135,33.5039,淮安市,楚州区监测站,颗粒物(PM10),55,59,85,9,41,116,104,95,95,14,33,7,8,0.6,0.7
2022-10-23T17:00:00,1214A,119.0186,33.6297,淮安市,淮阴区监测站,颗粒物(PM10),52,54,91,15,50,129,99,98,98,23,40,6,6,0.4,0.6
2022-10-23T17:00:00,1215A,120.118,33.4022,盐城市,盐城电厂,颗粒物(PM10),54,58,55,15,22,118,109,106,106,14,18,7,8,0.4,0.5
2022-10-23T17:00:00,1216A,120.156,33.3942,盐城市,市监测站,颗粒物(PM10),51,51,53,15,23,114,112,102,102,14,24,5,5,0.4,0.5
2022-10-23T17:00:00,1218A,120.2144,33.38,盐城市,开发区管委会,颗粒物(PM10),51,51,46,14,24,115,107,103,103,13,20,9,8,0.6,0.7
2022-10-23T17:00:00,1220A,118.293,33.9528,宿迁市,宿迁学院,,47,47,88,21,45,167,124,103,103,21,46,6,9,0.4,0.9
2022-10-23T17:00:00,1221A,118.2442,33.9592,宿迁市,宿迁中学,颗粒物(PM10),56,62,95,17,39,166,130,104,104,22,43,7,8,0.6,0.9
2022-10-23T17:00:00,1223A,120.2072,30.2111,杭州市,滨江,颗粒物(PM10),58,66,83,40,51,180,161,138,138,26,31,5,6,0.7,0.7
2022-10-23T17:00:00,1224A,120.0633,30.2747,杭州市,西溪,颗粒物(PM10),58,66,75,29,41,167,165,136,136,16,21,9,9,0.8,0.8
2022-10-23T17:00:00,1225A,119.026,29.635,杭州市,千岛湖(对照点),,,,,,,,,,,,,,,,
2022-10-23T17:00:00,1226A,120.3461,30.3153,杭州市,下沙,颗粒物(PM10),59,67,79,40,45,161,160,140,140,30,36,8,9,0.8,0.8
2022-10-23T17:00:00,1227A,120.1269,30.2456,杭州市,卧龙桥,细颗粒物(PM2.5),57,56,69,40,52,186,163,139,139,22,33,7,7,0.7,0.8
2022-10-23T17:00:00,1228A,120.1903,30.2692,杭州市,浙江农大,臭氧1小时,60,58,72,39,49,172,168,145,145,24,32,7,8,0.8,0.8
2022-10-23T17:00:00,1229A,120.157,30.2897,杭州市,朝晖五区,,,,,,,,,,,,,,,,
2022-10-23T17:00:00,1230A,120.1197,30.3119,杭州市,和睦小学,颗粒物(PM10),59,68,86,41,51,174,158,131,131,29,38,4,6,0.8,0.9
2022-10-23T17:00:00,1231A,120.3019,30.4183,杭州市,临平镇,臭氧1小时,68,80,92,33,44,197,174,146,146,17,26,7,8,0.9,0.9
2022-10-23T17:00:00,1232A,120.2697,30.1819,杭州市,城厢镇,臭氧1小时,57,58,73,34,49,184,165,141,141,23,28,7,8,1.0,1
2022-10-23T17:00:00,1233A,120.0883,30.1808,杭州市,云栖,,,,64,,39,107,,106,,,25,,6,,0.7
2022-10-23T17:00:00,1234A,121.8358,29.911,宁波市,区环保大楼,,44,44,25,21,13,140,118,119,119,18,18,8,9,0.6,0.4
2022-10-23T17:00:00,1235A,121.56,29.82,宁波市,万里学院,颗粒物(PM10),62,74,31,39,16,160,152,133,133,18,14,8,6,0.7,0.5
2022-10-23T17:00:00,1236A,121.713,29.9572,宁波市,龙赛医院,,46,46,27,21,14,142,122,127,127,20,18,8,8,0.5,0.4
2022-10-23T17:00:00,1239A,121.633,29.7733,宁波市,钱湖水厂,,47,47,29,32,17,148,140,126,126,12,13,6,6,0.7,0.5
2022-10-23T17:00:00,1240A,121.5856,29.8635,宁波市,太古小学,颗粒物(PM10),58,65,29,16,15,146,130,122,122,22,19,9,9,0.6,0.5
2022-10-23T17:00:00,1241A,121.524,29.8674,宁波市,市环境监测中心,颗粒物(PM10),61,71,31,29,13,155,146,127,127,16,13,24,8,0.5,0.3
2022-10-23T17:00:00,1242A,120.634,28.0089,温州市,瓯海,颗粒物(PM10),53,56,71,24,36,150,108,132,132,39,41,8,8,0.4,0.5
2022-10-23T17:00:00,1243A,120.6748,27.9939,温州市,南浦,,49,49,62,24,35,136,120,126,126,20,32,6,6,0.2,0.4
2022-10-23T17:00:00,1244A,120.76,27.9747,温州市,龙湾,颗粒物(PM10),51,51,68,20,34,129,123,121,121,24,42,7,7,0.4,0.5
2022-10-23T17:00:00,1245A,120.6709,28.0167,温州市,市站,,49,49,57,25,36,146,122,130,130,25,31,7,6,0.3,0.4
2022-10-23T17:00:00,1246A,120.598,30.0911,绍兴市,袍江站,,,,,,,,,,,,,,,,
2022-10-23T17:00:00,1247A,120.6053,29.9928,绍兴市,城东开发委,颗粒物(PM10),54,57,56,35,43,159,155,127,127,18,25,8,10,0.7,0.7
2022-10-23T17:00:00,1250A,120.0751,30.8669,湖州市,城西水厂,细颗粒物(PM2.5),78,92,71,57,52,202,172,156,156,33,45,5,8,0.8,0.8
2022-10-23T17:00:00,1252A,120.7436,30.778,嘉兴市,清河小学,颗粒物(PM10),54,57,50,35,31,199,138,146,146,25,26,6,7,0.4,0.4
2022-10-23T17:00:00,1253A,120.726,30.7478,嘉兴市,嘉兴学院,颗粒物(PM10),56,61,53,31,31,190,143,145,145,22,23,5,6,0.5,0.5
2022-10-23T17:00:00,1255A,121.273,28.6459,台州市,黄岩环保大楼,,43,35,59,19,37,140,135,117,117,16,16,6,6,0.4,0.4
2022-10-23T17:00:00,1256A,121.419,28.6542,台州市,台州环保大楼,,45,42,57,21,35,144,142,123,123,13,12,10,8,0.4,0.4
2022-10-23T17:00:00,1257A,121.377,28.5773,台州市,路桥田洋王,,43,41,58,16,37,146,136,118,118,13,12,6,6,0.5,0.5
2022-10-23T17:00:00,1258A,122.122,30.0203,舟山市,定海檀枫,,42,42,27,22,15,151,119,125,125,9,8,4,4,0.4,0.3
2022-10-23T17:00:00,1259A,122.3094,29.9558,舟山市,普陀东港,,49,49,30,21,14,154,116,124,124,26,15,4,4,0.4,0.2
2022-10-23T17:00:00,1260A,122.19,29.9944,舟山市,临城新区,,,56,28,19,12,143,119,118,118,13,10,,5,0.5,0.3
2022-10-23T17:00:00,1261A,119.649,29.1131,金华市,四中(停运161031),,,,,,,,,,,,,,,,
2022-10-23T17:00:00,1262A,119.647,29.077,金华市,十五中,颗粒物(PM10),57,63,82,26,59,170,157,136,136,27,32,6,7,0.5,0.7
2022-10-23T17:00:00,1263A,119.686,29.1029,金华市,监测站,臭氧1小时,64,76,81,23,49,179,171,148,148,24,32,1,3,0.5,0.6
2022-10-23T17:00:00,1264A,118.8692,28.9398,衢州市,环保大楼,颗粒物(PM10),61,71,82,36,62,160,153,144,144,19,29,6,7,0.6,0.7
2022-10-23T17:00:00,1265A,118.8709,28.9666,衢州市,实验学校,细颗粒物(PM2.5),70,48,76,51,59,160,160,148,146,32,33,5,8,0.6,0.6
2022-10-23T17:00:00,1266A,118.8621,28.9808,衢州市,衢州学院,臭氧1小时,60,65,85,42,57,171,168,149,149,20,30,7,10,0.5,0.5
2022-10-23T17:00:00,1267A,119.914,28.4514,丽水市,监测站大楼,颗粒物(PM10),54,58,61,27,36,172,143,132,132,10,19,7,8,0.4,0.5
2022-10-23T17:00:00,1268A,119.93,28.4586,丽水市,莲都小学,,47,47,74,23,40,171,146,136,136,14,23,7,8,0.4,0.5
2022-10-23T17:00:00,1269A,119.879,28.4231,丽水市,余庄前,,50,41,63,35,39,167,158,147,147,12,18,6,6,0.3,0.4
2022-10-23T17:00:00,1270A,117.1959,31.7848,合肥市,明珠广场,细颗粒物(PM2.5),104,143,98,78,53,205,160,162,162,32,47,10,10,0.6,0.6
2022-10-23T17:00:00,1271A,117.3072,31.8764,合肥市,三里街,颗粒物(PM10),82,114,72,46,32,189,158,160,160,18,35,9,9,0.7,0.6
2022-10-23T17:00:00,1272A,117.2588,31.8707,合肥市,琥珀山庄,,,,80,48,44,187,160,162,162,17,40,10,9,0.7,0.8
2022-10-23T17:00:00,1273A,117.1604,31.9052,合肥市,董铺水库(对照点),颗粒物(PM10),85,119,99,51,48,167,151,140,140,13,44,8,8,0.8,0.7
2022-10-23T17:00:00,1274A,117.25,31.8571,合肥市,长江中路,细颗粒物(PM2.5),85,110,84,63,52,194,171,163,163,13,38,9,8,0.8,0.7
2022-10-23T17:00:00,1275A,117.266,31.9436,合肥市,庐阳区,颗粒物(PM10),80,110,97,53,51,185,147,152,152,20,46,8,9,0.6,0.6
2022-10-23T17:00:00,1276A,117.336,31.8586,合肥市,瑶海区,颗粒物(PM10),78,105,71,53,40,188,162,162,162,15,26,13,13,0.8,0.7
2022-10-23T17:00:00,1277A,117.3027,31.7964,合肥市,包河区,颗粒物(PM10),79,107,79,51,39,187,153,156,156,37,73,12,12,0.8,0.7
2022-10-23T17:00:00,1278A,117.2776,31.7385,合肥市,滨湖新区,颗粒物(PM10),76,102,77,41,34,185,155,155,155,17,51,11,11,0.5,0.4
2022-10-23T17:00:00,1279A,117.1318,31.8403,合肥市,高新区,细颗粒物(PM2.5),94,117,95,70,52,199,176,162,162,23,69,8,7,0.8,0.7
2022-10-23T17:00:00,1280A,119.3903,26.0543,福州市,鼓山(对照点),,,,,,,,,,,,,,,,
2022-10-23T17:00:00,1282A,119.2681,26.0504,福州市,师大,颗粒物(PM10),53,55,42,24,21,148,133,136,136,12,10,4,5,0.3,0.3
2022-10-23T17:00:00,1283A,119.2984,26.1028,福州市,五四北路,颗粒物(PM10),52,53,37,25,19,152,142,136,136,12,9,3,4,0.3,0.4
2022-10-23T17:00:00,1284A,119.2648,26.0768,福州市,杨桥西路,颗粒物(PM10),53,55,39,25,18,156,142,141,141,12,10,3,4,0.4,0.4
2022-10-23T17:00:00,1285A,119.317,26.0746,福州市,紫阳,颗粒物(PM10),51,51,41,27,21,158,146,140,140,10,9,6,7,0.4,0.4
2022-10-23T17:00:00,1286A,118.1608,24.8169,厦门市,溪东(对照点),,,,,,,,,,,,,,,,
2022-10-23T17:00:00,1287A,118.1514,24.4767,厦门市,洪文,,45,45,40,28,24,155,99,125,125,20,18,2,3,0.3,0.3
2022-10-23T17:00:00,1288A,118.0661,24.4444,厦门市,鼓浪屿,,48,48,38,23,20,172,119,134,134,20,21,4,5,0.3,0.4
2022-10-23T17:00:00,1290A,115.8931,28.6843,南昌市,省外办,颗粒物(PM10),66,82,92,27,44,178,154,155,155,27,21,11,13,1.0,0.9
2022-10-23T17:00:00,1291A,115.8886,28.7003,南昌市,省林业公司,颗粒物(PM10),65,80,81,31,43,168,157,150,150,21,28,7,9,0.7,0.7
2022-10-23T17:00:00,1292A,115.8126,28.7442,南昌市,林科所,臭氧1小时,64,70,69,27,38,186,171,180,161,20,16,9,11,0.8,0.8
2022-10-23T17:00:00,1294A,115.8518,28.687,南昌市,建工学校,颗粒物(PM10),57,64,82,27,40,181,159,162,159,28,27,10,12,1.0,1
2022-10-23T17:00:00,1295A,115.8921,28.6424,南昌市,象湖,颗粒物(PM10),51,51,70,27,47,173,154,152,152,17,20,6,9,0.7,0.9
2022-10-23T17:00:00,1296A,115.7423,28.7996,南昌市,武术学校(对照点),颗粒物(PM10),51,52,50,24,36,135,128,124,123,8,9,10,10,0.6,0.6
2022-10-23T17:00:00,1298A,115.9314,28.6842,南昌市,省站,颗粒物(PM10),66,82,86,33,51,163,149,144,144,17,22,8,11,0.7,0.8
2022-10-23T17:00:00,1299A,116.9862,36.6114,济南市,科干所,颗粒物(PM10),69,88,83,24,26,111,97,86,81,35,34,8,6,0.6,0.6
2022-10-23T17:00:00,1300A,116.9376,36.665,济南市,农科所,颗粒物(PM10),64,78,106,20,29,98,86,75,75,30,48,8,7,0.3,0.5
2022-10-23T17:00:00,1301A,117.1265,36.6734,济南市,开发区,颗粒物(PM10),72,93,100,29,28,107,80,73,73,46,52,6,6,0.4,0.5
2022-10-23T17:00:00,1303A,117.0624,36.6868,济南市,省种子仓库,颗粒物(PM10),69,88,101,22,34,111,97,81,81,28,51,5,5,0.4,0.5
2022-10-23T17:00:00,1304A,116.9489,36.6447,济南市,机床二厂,颗粒物(PM10),74,98,122,29,41,110,89,84,84,45,51,9,7,0.8,0.8
2022-10-23T17:00:00,1305A,117.0495,36.663,济南市,市监测站,颗粒物(PM10),68,85,96,27,27,119,107,84,84,30,48,10,8,0.6,0.6
2022-10-23T17:00:00,1306A,116.7675,36.5484,济南市,长清党校,颗粒物(PM10),85,120,105,37,38,114,104,92,92,34,38,15,8,0.6,0.6
2022-10-23T17:00:00,1307A,120.6659,36.2403,青岛市,仰口(对照点),,31,31,40,14,13,165,86,87,87,14,9,5,5,0.4,0.4
2022-10-23T17:00:00,1308A,120.3905,36.1851,青岛市,李沧区子站,,,,,,,,,,,,,,,,
2022-10-23T17:00:00,1309A,120.3471,36.0699,青岛市,市北区子站,,,,,,,,,,,,,,,,
2022-10-23T17:00:00,1310A,120.4134,36.0658,青岛市,市南区东部子站,颗粒物(PM10),56,61,70,17,22,170,114,86,86,28,35,9,9,0.4,0.5
2022-10-23T17:00:00,1311A,120.3664,36.1032,青岛市,四方区子站,,,,116,,38,154,,,,,32,,8,,0.6
2022-10-23T17:00:00,1312A,120.2994,36.054,青岛市,市南区西部子站,颗粒物(PM10),53,56,72,15,27,167,86,101,101,49,38,10,9,0.5,0.6
2022-10-23T17:00:00,1313A,120.4581,36.0858,青岛市,崂山区子站,颗粒物(PM10),58,66,68,14,22,173,121,84,84,30,29,7,7,0.5,0.5
2022-10-23T17:00:00,1314A,120.1983,35.9608,青岛市,黄岛区子站,,36,36,75,15,31,179,110,83,83,20,49,5,7,0.3,0.4
2022-10-23T17:00:00,1315A,120.3999,36.3083,青岛市,城阳区子站,,32,32,65,7,19,135,76,77,77,29,32,5,6,0.5,0.6
2022-10-23T17:00:00,1316A,113.69031,34.76122,郑州市,烟厂,颗粒物(PM10),70,89,114,48,64,163,155,127,127,17,31,7,9,0.6,0.8
2022-10-23T17:00:00,1317A,113.65724,34.77134,郑州市,郑纺机,颗粒物(PM10),72,93,114,51,69,168,164,134,134,15,37,12,14,0.5,0.7
2022-10-23T17:00:00,1318A,113.67526,34.80246,郑州市,银行学校,颗粒物(PM10),71,92,113,45,68,127,112,90,90,15,29,9,12,0.7,0.9
2022-10-23T17:00:00,1319A,113.56746,34.81334,郑州市,供水公司,颗粒物(PM10),76,102,114,50,59,167,165,124,124,17,32,10,10,0.7,0.9
2022-10-23T17:00:00,1320A,113.7329,34.7178,郑州市,经开区管委,细颗粒物(PM2.5),77,94,112,56,68,162,159,132,132,16,23,8,9,0.5,0.7
2022-10-23T17:00:00,1321A,113.73961,34.77172,郑州市,四十七中,颗粒物(PM10),74,98,120,34,42,161,144,125,125,26,27,11,14,0.5,0.6
2022-10-23T17:00:00,1322A,113.60532,34.74838,郑州市,市监测站,颗粒物(PM10),73,96,127,40,51,177,175,132,132,16,27,10,10,0.5,0.7
2022-10-23T17:00:00,1323A,113.64164,34.7525,郑州市,河医大,"颗粒物(PM10),细颗粒物(PM2.5)",80,109,116,59,66,167,167,122,122,20,37,12,11,0.6,0.8
2022-10-23T17:00:00,1324A,113.51488,34.91089,郑州市,岗李水库(对照点),,,,,,,,,,,,,,,,
2022-10-23T17:00:00,1325A,114.3677,30.5584,武汉市,东湖梨园,臭氧1小时,109,95,64,46,49,234,217,192,192,25,30,17,13,1.6,1.3
2022-10-23T17:00:00,1326A,114.2529,30.558,武汉市,汉阳月湖,臭氧1小时,104,61,70,39,46,213,208,192,192,25,31,9,9,0.8,0.9
2022-10-23T17:00:00,1327A,114.282,30.6189,武汉市,汉口花桥,臭氧1小时,98,58,68,32,38,210,198,182,182,22,24,11,11,0.7,0.7
2022-10-23T17:00:00,1328A,114.3025,30.5332,武汉市,武昌紫阳,臭氧1小时,90,66,74,32,37,204,192,184,184,35,41,14,15,1.0,1.3
2022-10-23T17:00:00,1329A,114.3646,30.6217,武汉市,青山钢花,臭氧1小时,78,64,72,44,47,200,182,176,176,32,36,10,11,0.5,0.6
2022-10-23T17:00:00,1330A,114.1566,30.4825,武汉市,沌口新区,臭氧1小时,100,70,71,40,42,204,200,182,182,36,41,15,12,0.8,0.8
2022-10-23T17:00:00,1331A,114.3014,30.5944,武汉市,汉口江滩,臭氧1小时,101,59,65,31,39,214,202,187,187,30,28,9,10,0.9,0.9
2022-10-23T17:00:00,1333A,114.135,30.6319,武汉市,吴家山,臭氧1小时,98,58,67,37,41,212,198,192,192,26,35,10,10,0.8,0.8
2022-10-23T17:00:00,1334A,113.8454,30.2917,武汉市,沉湖七壕(对照点),臭氧1小时,116,62,65,39,38,236,232,204,204,28,22,12,9,0.9,0.8
2022-10-23T17:00:00,1335A,113.0833,28.2325,长沙市,经开区环保局,臭氧1小时,83,90,98,31,69,213,186,164,164,24,30,9,9,0.5,0.6
2022-10-23T17:00:00,1336A,112.8872,28.2189,长沙市,高开区环保局,臭氧1小时,112,78,101,47,76,229,224,178,178,14,20,11,12,0.5,0.6
2022-10-23T17:00:00,1337A,113.0792,28.2053,长沙市,马坡岭,臭氧1小时,102,91,95,44,74,207,203,163,163,17,28,11,12,0.6,0.6
2022-10-23T17:00:00,1338A,112.9394,28.19,长沙市,湖南师范大学,臭氧1小时,107,74,92,45,76,215,213,170,170,18,20,6,7,0.7,0.8
2022-10-23T17:00:00,1339A,113.0178,28.1322,长沙市,雨花区环保局,臭氧1小时,100,88,93,51,67,209,200,152,152,25,30,11,11,0.4,0.5
2022-10-23T17:00:00,1340A,112.9792,28.2597,长沙市,伍家岭,臭氧1小时,114,82,110,44,75,231,227,182,182,18,24,9,10,0.7,0.8
2022-10-23T17:00:00,1341A,113.0014,28.1944,长沙市,火车新站,臭氧1小时,106,75,90,46,61,216,211,176,176,19,23,9,10,0.5,0.6
2022-10-23T17:00:00,1342A,112.9844,28.1178,长沙市,天心区环保局,臭氧1小时,108,80,92,40,65,225,215,173,173,22,29,11,10,0.5,0.6
2022-10-23T17:00:00,1343A,112.8908,28.1308,长沙市,湖南中医药大学,臭氧1小时,105,90,112,37,69,213,210,169,169,14,18,6,7,0.7,0.8
2022-10-23T17:00:00,1344A,112.9581,28.3611,长沙市,沙坪(对照点),臭氧1小时,105,67,90,39,68,215,209,169,169,16,19,8,9,0.7,0.7
2022-10-23T17:00:00,1345A,113.2347,23.1423,广州市,广雅中学,臭氧1小时,52,47,78,23,37,167,161,146,146,18,74,7,8,0.6,0.8
2022-10-23T17:00:00,1346A,113.2612,23.105,广州市,市五中,臭氧1小时,74,39,61,26,37,194,179,173,173,16,53,7,8,0.6,0.8
2022-10-23T17:00:00,1348A,113.3478,23.0916,广州市,广东商学院,颗粒物(PM10),54,58,66,32,31,185,153,159,159,42,62,7,7,0.6,0.7
2022-10-23T17:00:00,1349A,113.4332,23.1047,广州市,市八十六中,臭氧1小时,53,46,83,22,34,165,162,147,147,18,67,8,9,0.5,0.7
2022-10-23T17:00:00,1350A,113.3505,22.9483,广州市,番禺中学,臭氧1小时,75,47,60,21,28,191,180,168,168,18,50,13,12,0.5,0.7
2022-10-23T17:00:00,1351A,113.2146,23.3916,广州市,花都师范,,45,31,47,18,26,162,143,149,149,9,31,7,10,0.6,0.7
2022-10-23T17:00:00,1352A,113.2597,23.1331,广州市,市监测站,臭氧1小时,80,47,61,24,32,188,184,167,167,14,58,7,8,0.6,0.8
2022-10-23T17:00:00,1353A,113.5618,23.312,广州市,九龙镇镇龙,,43,42,104,21,38,142,135,124,124,15,50,5,5,0.5,0.6
2022-10-23T17:00:00,1354A,113.2765,23.1544,广州市,麓湖,臭氧1小时,57,43,50,25,28,190,165,169,169,11,47,4,5,0.5,0.6
2022-10-23T17:00:00,1355A,113.443,23.3035,广州市,帽峰山森林公园(对照点),臭氧1小时,59,37,38,24,22,170,167,152,152,8,17,6,8,0.4,0.3
2022-10-23T17:00:00,1356A,114.1063,22.5545,深圳市,通心岭子站,颗粒物(PM10),51,52,38,31,21,157,140,129,129,18,21,6,6,0.7,0.6
2022-10-23T17:00:00,1357A,114.117,22.5625,深圳市,洪湖,颗粒物(PM10),56,62,46,32,25,159,139,130,130,22,29,8,8,0.7,0.7
2022-10-23T17:00:00,1358A,113.987,22.5417,深圳市,华侨城,颗粒物(PM10),53,55,48,30,24,162,152,128,128,21,32,8,7,0.6,0.5
2022-10-23T17:00:00,1359A,113.9181,22.5171,深圳市,南海子站,臭氧1小时,64,53,44,31,26,178,171,143,143,16,28,6,6,0.4,0.5
2022-10-23T17:00:00,1360A,114.2458,22.5689,深圳市,盐田,,39,36,32,25,22,154,124,127,127,14,43,6,8,0.6,0.6
2022-10-23T17:00:00,1361A,114.2283,22.7244,深圳市,龙岗,颗粒物(PM10),53,55,42,29,22,162,131,136,136,16,23,6,6,0.5,0.5
2022-10-23T17:00:00,1362A,113.8953,22.5861,深圳市,西乡,,,,,,,,,,,,,,,,
2022-10-23T17:00:00,1363A,114.494,22.5422,深圳市,南澳,,43,43,30,24,18,138,125,120,120,9,12,13,12,0.6,0.7
2022-10-23T17:00:00,1364A,114.41,22.6342,深圳市,葵涌,,45,38,30,26,19,145,143,126,126,10,15,7,7,0.7,0.7
2022-10-23T17:00:00,1365A,114.297,22.5978,深圳市,梅沙,颗粒物(PM10),56,62,39,28,20,160,122,133,133,12,16,9,10,0.6,0.5
2022-10-23T17:00:00,1366A,114.0678,22.738,深圳市,观澜,颗粒物(PM10),63,75,69,33,27,153,141,138,138,26,32,8,7,0.6,0.6
2022-10-23T17:00:00,1367A,113.5814,22.2618,珠海市,吉大,颗粒物(PM10),52,54,43,23,30,220,151,138,138,32,30,8,7,0.5,0.5
2022-10-23T17:00:00,1368A,113.4881,22.2335,珠海市,前山,臭氧1小时,65,39,56,27,28,187,172,139,139,33,45,9,8,0.4,0.4
2022-10-23T17:00:00,1369A,113.628,22.4251,珠海市,唐家,臭氧1小时,55,46,42,30,28,189,164,138,138,23,24,9,9,0.5,0.5
2022-10-23T17:00:00,1370A,113.299,22.2281,珠海市,斗门,臭氧1小时,73,48,60,26,30,197,178,146,146,28,39,10,10,0.6,0.6
2022-10-23T17:00:00,1371A,113.1294,23.0067,佛山市,湾梁,臭氧1小时,104,46,71,26,33,214,207,182,182,14,60,8,10,0.6,0.8
2022-10-23T17:00:00,1372A,113.1083,23.0478,佛山市,华材职中,臭氧1小时,75,48,76,30,43,190,180,165,165,17,67,12,14,0.5,0.8
2022-10-23T17:00:00,1373A,113.144,23.0453,佛山市,南海气象局,臭氧1小时,83,45,67,20,34,199,186,170,170,16,66,7,10,0.7,0.9
2022-10-23T17:00:00,1374A,113.2881,22.8094,佛山市,顺德苏岗,臭氧1小时,89,34,48,22,29,203,191,164,164,19,45,11,9,0.8,0.9
2022-10-23T17:00:00,1375A,113.2544,22.7642,佛山市,容桂街道办,,,,,,,,,,,,,,,,
2022-10-23T17:00:00,1376A,112.8383,22.8678,佛山市,高明孔堂,臭氧1小时,109,53,53,29,28,222,218,189,189,16,29,13,13,0.7,0.7
2022-10-23T17:00:00,1377A,112.8836,23.1588,佛山市,三水监测站,臭氧1小时,57,48,80,30,42,176,165,157,157,12,62,7,12,0.6,0.8
2022-10-23T17:00:00,1378A,112.867,23.185,佛山市,三水云东海,臭氧1小时,63,44,67,25,39,187,170,167,167,14,48,8,12,0.4,0.6
2022-10-23T17:00:00,1379A,113.3769,22.5211,中山市,华柏园,臭氧1小时,101,58,58,25,31,232,202,181,181,24,40,8,9,0.6,0.7
2022-10-23T17:00:00,1380A,113.3881,22.5497,中山市,张溪,臭氧1小时,115,65,72,19,32,245,229,195,195,23,41,8,9,0.4,0.5
2022-10-23T17:00:00,1381A,113.4075,22.5111,中山市,紫马岭,臭氧1小时,103,59,51,30,32,227,206,174,174,15,26,9,9,0.5,0.6
2022-10-23T17:00:00,1382A,113.4411,22.4853,中山市,长江旅游区(对照点),,,,44,11,26,220,200,170,170,13,17,10,8,0.7,0.6
2022-10-23T17:00:00,1383A,113.1064,22.6058,江门市,北街,臭氧1小时,108,39,67,24,30,221,215,176,176,17,44,10,12,0.7,0.9
2022-10-23T17:00:00,1384A,113.0731,22.5835,江门市,西区,臭氧1小时,116,46,74,26,32,232,232,187,187,20,50,9,13,0.6,0.8
2022-10-23T17:00:00,1385A,113.0219,22.5311,江门市,圭峰西,臭氧1小时,119,54,59,20,26,237,237,190,190,19,30,8,9,0.5,0.6
2022-10-23T17:00:00,1386A,113.0828,22.5947,江门市,东湖,臭氧1小时,112,49,66,26,33,226,223,182,182,17,44,8,11,0.6,0.8
2022-10-23T17:00:00,1387A,113.7875,23.0457,东莞市,东城主山,,,,,,,,,,,,,,,,
2022-10-23T17:00:00,1388A,113.7533,23.0202,东莞市,南城元岭,,,,,,,,,,,,,,,,
2022-10-23T17:00:00,1389A,113.7547,23.0494,东莞市,莞城梨川,臭氧1小时,85,38,56,16,27,198,188,174,174,14,39,11,11,0.6,0.6
2022-10-23T17:00:00,1390A,113.7944,23.0128,东莞市,东城石井,臭氧1小时,69,32,42,20,25,182,175,168,168,10,25,13,12,0.7,0.8
2022-10-23T17:00:00,1391A,113.7383,22.9658,东莞市,南城西平,,,,90,26,29,172,169,157,157,16,43,16,14,0.5,0.7
2022-10-23T17:00:00,1392A,114.4183,23.0528,惠州市,河南岸金山湖子站,颗粒物(PM10),57,64,54,18,26,148,141,135,135,18,25,7,9,0.6,0.6
2022-10-23T17:00:00,1393A,114.4053,23.0822,惠州市,下埔横江三路子站,,50,50,50,20,24,160,160,148,148,17,24,9,10,0.5,0.5
2022-10-23T17:00:00,1394A,114.4103,23.1142,惠州市,江北云山西路子站,,,,,,,151,,151,151,10,8,6,6,,
2022-10-23T17:00:00,1395A,114.4645,22.7833,惠州市,惠阳区承修路船湖子站,颗粒物(PM10),70,90,70,24,23,150,144,131,131,21,22,7,8,0.9,0.9
2022-10-23T17:00:00,1396A,114.5317,22.7422,惠州市,大亚湾管委会子站,颗粒物(PM10),51,52,47,24,20,139,127,119,119,18,23,3,4,0.6,0.7
2022-10-23T17:00:00,1397A,112.4267,23.0706,肇庆市,睦岗子站,臭氧1小时,83,49,48,33,27,193,186,166,166,22,60,8,7,0.6,0.6
2022-10-23T17:00:00,1398A,112.4645,23.0475,肇庆市,城中子站,,,36,47,22,25,187,182,162,162,12,58,,16,0.5,0.6
2022-10-23T17:00:00,1399A,112.5544,23.1522,肇庆市,坑口子站,臭氧1小时,87,53,35,31,22,191,189,172,172,20,25,13,10,0.6,0.6
2022-10-23T17:00:00,1400A,112.4753,23.1,肇庆市,七星岩子站(对照点),臭氧1小时,80,50,40,24,23,184,184,170,170,4,24,6,5,0.7,0.7
2022-10-23T17:00:00,1401A,108.3103,22.7881,南宁市,二十一中,臭氧1小时,67,50,78,32,46,173,173,134,134,10,44,10,13,0.7,1
2022-10-23T17:00:00,1402A,108.3141,22.8528,南宁市,北湖,臭氧1小时,57,57,93,34,52,174,165,136,136,11,40,10,12,0.5,0.9
2022-10-23T17:00:00,1403A,108.3206,22.8225,南宁市,市监测站,颗粒物(PM10),52,53,90,33,48,168,149,125,125,45,71,13,14,0.7,1
2022-10-23T17:00:00,1404A,108.3829,22.8037,南宁市,大自然花园,臭氧1小时,60,44,69,34,44,168,168,137,137,14,49,10,9,0.7,1
2022-10-23T17:00:00,1405A,108.4394,22.7904,南宁市,仙葫(对照点),臭氧1小时,55,54,90,38,47,164,164,138,138,14,58,9,10,0.6,0.8
2022-10-23T17:00:00,1406A,108.2397,22.8467,南宁市,区农职院,臭氧1小时,67,45,55,28,34,175,173,148,148,12,34,9,9,0.9,1
2022-10-23T17:00:00,1407A,108.3275,22.735,南宁市,英华嘉园,颗粒物(PM10),53,55,74,31,46,159,159,123,123,14,50,12,13,0.8,1.1
2022-10-23T17:00:00,1408A,108.2257,22.7757,南宁市,沙井镇街道办,臭氧1小时,79,55,79,32,42,183,183,133,133,19,45,9,11,0.6,0.7
2022-10-23T17:00:00,1409A,110.576,19.9507,海口市,东寨港(对照点),,,50,44,27,23,72,72,67,67,,,3,5,0.6,0.4
2022-10-23T17:00:00,1410A,110.3232,20.0574,海口市,海南大学,臭氧1小时,69,40,49,31,31,180,175,164,164,12,22,9,8,0.7,0.7
2022-10-23T17:00:00,1411A,110.283,20.0053,海口市,秀英海南医院,臭氧1小时,54,51,56,27,32,174,163,158,158,16,28,6,7,0.6,0.6
2022-10-23T17:00:00,1412A,110.338,19.9969,海口市,海南师范大学,臭氧1小时,83,48,57,21,24,188,186,167,167,14,23,10,7,0.8,0.8
2022-10-23T17:00:00,1413A,110.33,20.0356,海口市,龙华路环保局宿舍,臭氧1小时,70,62,51,22,26,177,176,161,161,12,18,8,6,0.8,0.7
2022-10-23T17:00:00,1414A,106.3787,29.8279,重庆市,缙云山(对照点),颗粒物(PM10),68,86,62,35,35,215,76,181,107,65,27,5,6,0.8,0.5
2022-10-23T17:00:00,1416A,106.4213,29.8253,重庆市,天生,细颗粒物(PM2.5),87,105,133,64,92,132,60,30,30,63,84,10,11,1.0,1.3
2022-10-23T17:00:00,1417A,106.6263,29.7228,重庆市,两路,颗粒物(PM10),80,109,106,58,66,149,49,46,42,68,105,11,19,0.8,1.3
2022-10-23T17:00:00,1418A,106.2953,29.5983,重庆市,虎溪,细颗粒物(PM2.5),142,190,124,108,80,165,39,50,50,143,96,21,14,1.7,1.1
2022-10-23T17:00:00,1419A,106.5777,29.5102,重庆市,南坪,细颗粒物(PM2.5),132,132,127,100,82,178,54,44,44,88,88,31,16,1.4,1.2
2022-10-23T17:00:00,1420A,106.6556,29.6277,重庆市,唐家沱,细颗粒物(PM2.5),120,167,137,91,76,195,54,32,32,86,99,31,18,1.1,1
2022-10-23T17:00:00,1421A,106.6349,29.4906,重庆市,茶园,细颗粒物(PM2.5),135,168,165,103,85,139,22,33,28,111,119,18,14,1.3,1.3
2022-10-23T17:00:00,1422A,106.3754,29.4572,重庆市,白市驿,细颗粒物(PM2.5),182,187,175,137,107,126,46,76,42,127,79,19,26,1.6,1.3
2022-10-23T17:00:00,1425A,106.6205,29.7166,重庆市,空港,细颗粒物(PM2.5),105,80,107,79,74,171,68,66,59,52,94,18,24,0.7,1.2
2022-10-23T17:00:00,1426A,106.4782,29.4875,重庆市,新山村,细颗粒物(PM2.5),109,144,162,82,100,119,20,35,35,142,146,9,12,1.1,1.3
2022-10-23T17:00:00,1427A,106.5616,29.6453,重庆市,礼嘉,细颗粒物(PM2.5),118,119,152,89,73,142,19,20,20,124,139,25,17,1.7,1.6
2022-10-23T17:00:00,1428A,106.4522,29.7091,重庆市,蔡家,细颗粒物(PM2.5),122,146,120,92,76,122,22,26,26,117,83,15,10,1.2,1
2022-10-23T17:00:00,1429A,106.5093,29.3917,重庆市,鱼新街,细颗粒物(PM2.5),118,135,145,89,104,169,44,24,24,90,108,20,19,1.4,1.4
2022-10-23T17:00:00,1431A,103.9728,30.7236,成都市,金泉两河,颗粒物(PM10),66,81,98,45,65,198,148,137,137,23,53,6,10,0.7,0.8
2022-10-23T17:00:00,1432A,104.1419,30.6764,成都市,十里店,细颗粒物(PM2.5),75,74,112,55,67,167,159,100,100,15,68,6,8,0.6,0.9
2022-10-23T17:00:00,1433A,104.0594,30.5767,成都市,三瓦窑,颗粒物(PM10),63,76,104,38,58,193,140,122,122,40,78,3,4,0.4,0.7
2022-10-23T17:00:00,1434A,104.1122,30.6306,成都市,沙河铺,细颗粒物(PM2.5),67,81,92,48,60,174,148,107,107,14,65,6,6,0.6,0.9
2022-10-23T17:00:00,1437A,104.0431,30.6556,成都市,君平街,细颗粒物(PM2.5),80,77,98,59,69,192,171,130,130,18,65,4,9,0.7,1
2022-10-23T17:00:00,1438A,103.6202,31.0201,成都市,灵岩寺(对照点),细颗粒物(PM2.5),58,60,54,41,36,169,140,131,107,12,11,7,11,0.6,0.5
2022-10-23T17:00:00,1439A,106.6899,26.5998,贵阳市,马鞍山,,,,33,17,24,133,117,116,116,6,9,5,4,0.4,0.4
2022-10-23T17:00:00,1440A,106.6971,26.5694,贵阳市,市环保站,,42,34,33,19,23,134,133,124,124,13,15,5,5,0.2,0.3
2022-10-23T17:00:00,1441A,106.6243,26.6266,贵阳市,鉴湖路,,42,41,39,17,23,138,134,128,128,11,10,5,5,0.5,0.4
2022-10-23T17:00:00,1442A,106.7487,26.6343,贵阳市,燕子冲,,46,46,39,31,32,147,146,135,135,16,19,7,5,0.4,0.5
2022-10-23T17:00:00,1443A,106.6555,26.4365,贵阳市,碧云窝,,46,46,46,22,24,151,137,131,131,13,15,5,5,0.4,0.4
2022-10-23T17:00:00,1444A,106.694,26.5161,贵阳市,中院村,,39,39,44,17,25,135,123,121,121,21,21,6,6,0.4,0.5
2022-10-23T17:00:00,1445A,106.7109,26.6027,贵阳市,红边门,,42,41,40,19,29,145,132,131,131,22,20,6,6,0.5,0.5
2022-10-23T17:00:00,1446A,106.7164,26.5699,贵阳市,新华路,,44,31,32,24,27,139,139,128,128,7,9,5,4,0.4,0.4
2022-10-23T17:00:00,1447A,106.674,26.5424,贵阳市,太慈桥,,40,31,45,22,22,129,126,118,118,9,14,5,4,0.4,0.4
2022-10-23T17:00:00,1450A,102.8204,24.8886,昆明市,呈贡新区,,17,11,24,10,10,61,54,50,50,10,20,7,7,0.4,0.4
2022-10-23T17:00:00,1451A,102.6251,24.9608,昆明市,西山森林公园(对照点),,19,8,8,4,5,86,59,55,55,8,7,6,6,0.6,0.6
2022-10-23T17:00:00,1452A,102.7252,25.0902,昆明市,龙泉镇,,17,12,25,8,14,66,53,44,44,9,18,6,8,0.4,0.5
2022-10-23T17:00:00,1453A,102.7266,25.0375,昆明市,东风东路,,16,12,25,9,14,65,51,45,45,13,27,6,8,0.4,0.5
2022-10-23T17:00:00,1454A,102.6742,25.0669,昆明市,金鼎山,,16,12,25,11,15,77,48,39,39,14,21,4,6,0.4,0.5
2022-10-23T17:00:00,1455A,102.6644,25.0401,昆明市,碧鸡广场,,16,9,23,7,14,78,51,44,44,14,23,9,10,0.5,0.5
2022-10-23T17:00:00,1456A,91.1319,29.6514,拉萨市,八廓街,,,6,7,,,120,115,104,104,8,9,8,7,0,0
2022-10-23T17:00:00,1457A,91.1221,29.6747,拉萨市,市环保局,,36,3,7,0,2,118,113,102,102,4,7,2,2,0.2,0.2
2022-10-23T17:00:00,1458A,91.0874,29.6475,拉萨市,区监测站,,39,4,6,3,2,128,124,111,111,2,4,9,8,0.3,0.3
2022-10-23T17:00:00,1459A,91.1774,29.6541,拉萨市,西藏大学,,36,7,10,1,3,118,114,103,103,6,7,10,10,0.0,0.1
2022-10-23T17:00:00,1460A,90.9798,29.6588,拉萨市,区辐射站,,36,2,5,7,5,117,114,101,101,3,5,8,8,0.2,0.2
2022-10-23T17:00:00,1461A,91.0834,29.6292,拉萨市,拉萨火车站,,36,7,7,2,3,120,115,109,102,4,5,10,10,0,0
2022-10-23T17:00:00,1462A,108.882,34.2749,西安市,高压开关厂,颗粒物(PM10),66,82,164,31,84,136,99,77,77,38,88,14,10,0.6,1
2022-10-23T17:00:00,1463A,108.993,34.2629,西安市,兴庆小区,颗粒物(PM10),67,84,109,28,63,153,99,75,75,31,52,17,13,0.7,0.8
2022-10-23T17:00:00,1464A,109.06,34.2572,西安市,纺织城,颗粒物(PM10),81,112,138,38,64,133,73,68,68,60,67,22,13,1.0,0.9
2022-10-23T17:00:00,1465A,108.9356,34.2173,西安市,小寨,颗粒物(PM10),65,80,134,31,59,151,93,85,85,38,65,17,11,0.9,1.1
2022-10-23T17:00:00,1466A,108.954,34.2713,西安市,市人民体育场,颗粒物(PM10),75,99,134,36,88,128,98,75,75,28,70,16,10,0.6,0.8
2022-10-23T17:00:00,1467A,108.8922,34.2322,西安市,高新西区,颗粒物(PM10),63,76,138,32,69,159,99,83,83,32,78,13,9,0.7,1.2
2022-10-23T17:00:00,1468A,108.935,34.3474,西安市,经开区,,,103,126,38,61,121,95,65,65,29,77,,11,0.6,0.9
2022-10-23T17:00:00,1469A,108.906,34.1546,西安市,长安区,颗粒物(PM10),102,153,144,58,64,151,101,90,90,49,55,16,7,0.7,0.7
2022-10-23T17:00:00,1470A,109.2,34.6575,西安市,阎良区,,,,,,,,,,,,,,,,
2022-10-23T17:00:00,1471A,109.2186,34.3731,西安市,临潼区,颗粒物(PM10),78,106,118,45,57,125,93,77,77,46,51,22,11,0.8,0.8
2022-10-23T17:00:00,1472A,108.869,34.378,西安市,草滩(对照点),颗粒物(PM10),73,96,113,36,59,92,67,92,81,50,80,15,10,0.9,1
2022-10-23T17:00:00,1473A,108.985,34.1978,西安市,曲江文化产业集团,颗粒物(PM10),83,116,133,51,82,167,94,91,91,45,69,16,11,0.8,0.9
2022-10-23T17:00:00,1474A,109.051,34.3213,西安市,广运潭,颗粒物(PM10),73,96,122,36,63,108,72,59,59,47,70,16,11,0.7,0.7
2022-10-23T17:00:00,1476A,103.631,36.1031,兰州市,兰炼宾馆,颗粒物(PM10),66,82,86,36,42,158,149,107,107,22,53,18,26,0.5,0.7
2022-10-23T17:00:00,1477A,104.1373,35.9454,兰州市,榆中兰大校区(对照点),,,,,,,,,,,,,,,,
2022-10-23T17:00:00,1478A,103.8412,36.0726,兰州市,生物制品所,颗粒物(PM10),66,81,87,40,40,134,132,89,89,23,59,9,12,0.6,0.8
2022-10-23T17:00:00,1479A,103.831,36.0464,兰州市,铁路设计院,颗粒物(PM10),56,61,86,39,40,135,133,91,91,25,68,12,15,0.8,1.2
2022-10-23T17:00:00,1480A,101.748,36.6428,西宁市,市环境监测站,,,,,,,,,,,,,,,,
2022-10-23T17:00:00,1482A,101.834,36.5819,西宁市,四陆医院,,,,,,,,,,,,,,,,
2022-10-23T17:00:00,1483A,101.524,36.6867,西宁市,第五水厂(对照点),,,,,,,,,,,,,,,,
2022-10-23T17:00:00,1484A,105.9512,38.6016,银川市,贺兰山马莲口(对照点),颗粒物(PM10),51,52,38,31,18,147,147,115,115,24,18,27,20,0.8,0.5
2022-10-23T17:00:00,1488A,106.2328,38.4975,银川市,贺兰山东路,细颗粒物(PM2.5),52,43,62,36,41,127,127,96,96,19,35,17,13,0.6,0.7
2022-10-23T17:00:00,1489A,106.1358,38.5036,银川市,学院路,,49,49,75,21,30,132,124,94,94,21,37,23,15,1.0,1.1
2022-10-23T17:00:00,1490A,87.5801,43.8303,乌鲁木齐市,监测站,颗粒物(PM10),74,98,125,52,47,111,95,83,83,25,36,16,9,0.8,0.8
2022-10-23T17:00:00,1491A,87.6046,43.768,乌鲁木齐市,收费所,颗粒物(PM10),109,167,186,65,67,104,99,95,95,33,18,15,9,0.6,0.3
2022-10-23T17:00:00,1492A,87.4754,43.9469,乌鲁木齐市,新疆农科院农场(对照点),细颗粒物(PM2.5),72,33,19,52,46,71,65,49,49,26,45,5,7,1.0,1.1
2022-10-23T17:00:00,1493A,87.5525,43.8711,乌鲁木齐市,铁路局,细颗粒物(PM2.5),77,89,68,56,43,117,94,61,61,22,40,17,9,1.0,1.1
2022-10-23T17:00:00,1494A,87.6432,43.831,乌鲁木齐市,三十一中学,,,123,179,,,116,91,92,92,28,18,18,14,0.6,0.4
2022-10-23T17:00:00,1496A,87.7216,44.1747,乌鲁木齐市,米东区环保局,颗粒物(PM10),59,68,105,34,57,104,82,38,38,18,37,23,13,0.7,0.7
2022-10-23T17:00:00,1508A,112.9433,27.8614,湘潭市,板塘,臭氧1小时,112,75,97,39,76,226,223,191,191,24,28,13,14,0.4,0.4
2022-10-23T17:00:00,1511A,112.9118,27.8403,湘潭市,市监测站,臭氧1小时,107,66,89,41,72,213,213,185,185,21,24,10,11,0.6,0.6
2022-10-23T17:00:00,1512A,112.8937,27.8728,湘潭市,江麓,臭氧1小时,119,82,101,40,64,238,238,200,200,18,22,10,12,0.6,0.6
2022-10-23T17:00:00,1513A,112.9227,27.8159,湘潭市,岳塘,臭氧1小时,112,84,105,41,70,224,224,192,192,26,28,11,10,0.3,0.8
2022-10-23T17:00:00,1514A,112.9074,27.9119,湘潭市,科大,臭氧1小时,116,90,109,54,76,232,232,193,193,23,23,7,8,0.6,0.6
2022-10-23T17:00:00,1515A,113.135,27.8244,株洲市,天台山庄,臭氧1小时,108,54,64,34,45,224,216,190,190,26,33,5,7,0.4,0.4
2022-10-23T17:00:00,1518A,113.095,27.8867,株洲市,株冶医院,臭氧1小时,108,68,89,32,53,224,216,190,190,20,46,7,10,0.5,0.6
2022-10-23T17:00:00,1519A,113.167,27.8667,株洲市,市四中,臭氧1小时,113,56,73,42,50,226,226,193,193,31,39,6,10,0.5,0.5
2022-10-23T17:00:00,1520A,113.143,27.8381,株洲市,火车站,臭氧1小时,116,68,79,41,47,238,232,203,203,26,35,6,9,0.7,0.7
2022-10-23T17:00:00,1524A,113.13,27.8528,株洲市,市监测站,臭氧1小时,110,70,82,40,54,225,219,192,192,20,31,2,8,0.6,0.7
2022-10-23T17:00:00,1552A,106.805,26.3003,贵阳市,桐木岭(对照点),,,,,,,,,,,,,,,,
2022-10-23T17:00:00,1559A,113.251,27.8336,株洲市,大京风景区(对照点),臭氧1小时,95,58,70,29,40,203,196,171,171,12,17,5,6,0.5,0.6
2022-10-23T17:00:00,1562A,113.0048,27.9153,湘潭市,昭山,臭氧1小时,111,102,121,52,73,221,221,182,182,19,28,6,6,0.7,0.7
2022-10-23T17:00:00,1564A,112.4876,27.9164,湘潭市,韶山(对照点),臭氧1小时,80,65,83,29,40,185,184,170,170,22,19,8,13,0.5,0.6
2022-10-23T17:00:00,1585A,109.8756,40.6532,包头市,市环境监测站,,25,20,38,8,14,91,80,78,78,14,20,14,16,1.1,1
2022-10-23T17:00:00,1587A,109.9991,40.5842,包头市,包头八中,,29,19,55,6,16,93,91,73,73,7,36,7,11,0.5,0.6
2022-10-23T17:00:00,1588A,109.8538,40.6821,包头市,青山宾馆,,23,20,43,4,16,84,71,63,63,20,30,20,22,1.0,0.9
2022-10-23T17:00:00,1589A,109.8642,40.6288,包头市,惠龙物流,,27,16,37,5,13,91,85,79,79,11,20,12,13,0.9,0.9
2022-10-23T17:00:00,1590A,110.0377,40.5546,包头市,东河鸿龙湾,,29,10,44,6,12,100,92,77,77,6,34,8,12,0.3,0.5
2022-10-23T17:00:00,1591A,110.0023,39.8129,鄂尔多斯市,综合楼,,24,15,30,4,7,76,76,66,66,16,22,14,9,0.4,0.5
2022-10-23T17:00:00,1592A,109.9486,39.8261,鄂尔多斯市,巴音孟克林场办事处,,29,22,35,12,12,92,92,77,77,12,31,15,11,0.6,0.7
2022-10-23T17:00:00,1593A,109.7736,39.5986,鄂尔多斯市,康泽苑,,30,17,26,7,6,94,94,78,78,7,14,5,5,0.9,0.8
2022-10-23T17:00:00,1594A,109.8119,39.5989,鄂尔多斯市,华泰汽车城,,26,22,30,7,12,87,83,69,69,10,21,8,7,0.4,0.4
2022-10-23T17:00:00,1595A,109.9734,39.7884,鄂尔多斯市,奥林花园,,27,19,44,5,10,88,84,72,72,13,26,7,7,0.3,0.4
2022-10-23T17:00:00,1596A,122.2414,40.6592,营口市,学府南路,,,,,,,,,,,,,,,,
2022-10-23T17:00:00,1597A,122.2703,40.7094,营口市,大庆路,,28,28,39,12,17,84,74,74,74,12,32,4,8,0.4,0.8
2022-10-23T17:00:00,1598A,122.215,40.6511,营口市,镜湖西路,,26,26,37,4,13,75,67,66,66,11,32,4,7,0.6,0.9
2022-10-23T17:00:00,1599A,122.167,40.6655,营口市,西炮台,,23,16,28,8,15,78,73,70,70,12,28,8,12,0.3,0.6
2022-10-23T17:00:00,1600A,124.3303,40.0625,丹东市,江湾东路,,23,23,25,10,10,77,61,67,67,16,19,11,11,0.4,0.4
2022-10-23T17:00:00,1601A,124.4256,40.1503,丹东市,临江后街,,,,19,,10,73,,77,,,13,,8,,0.4
2022-10-23T17:00:00,1602A,124.3933,40.1461,丹东市,元宝山,,29,29,35,9,12,72,59,58,58,16,20,10,13,0.5,0.5
2022-10-23T17:00:00,1603A,124.3633,40.1092,丹东市,民主桥,,26,26,29,9,10,76,56,65,65,21,21,11,12,0.5,0.6
2022-10-23T17:00:00,1604A,122.0303,41.1489,盘锦市,开发区,,22,22,23,10,10,70,62,63,63,16,29,6,14,0.6,0.6
2022-10-23T17:00:00,1605A,122.0485,41.0883,盘锦市,兴隆台,,21,10,22,5,10,71,65,64,64,9,23,7,16,0.3,0.4
2022-10-23T17:00:00,1606A,121.8297,41.1028,盘锦市,新生街道,,20,5,24,5,12,69,63,62,62,14,30,8,49,0.5,0.6
2022-10-23T17:00:00,1607A,120.9092,40.7136,葫芦岛市,龙港区,,39,39,44,8,13,73,64,63,63,21,26,56,29,0.2,0.2
2022-10-23T17:00:00,1608A,120.8392,40.7514,葫芦岛市,化工街,,,21,47,,,75,70,67,67,10,34,,,0.4,0.7
2022-10-23T17:00:00,1609A,120.8341,40.7073,葫芦岛市,新区,,21,18,40,2,15,72,66,64,64,21,43,8,11,0.4,0.6
2022-10-23T17:00:00,1610A,120.8695,40.7677,葫芦岛市,东城区,,19,17,45,10,17,67,60,59,59,11,32,9,18,0.5,0.6
2022-10-23T17:00:00,1611A,118.5819,24.9117,泉州市,涂山街,,,56,36,,12,148,116,132,132,9,10,6,7,0.6,0.6
2022-10-23T17:00:00,1612A,118.5972,24.8978,泉州市,津头埔,颗粒物(PM10),51,51,35,17,19,144,111,129,129,9,8,6,7,0.5,0.4
2022-10-23T17:00:00,1613A,118.6663,24.9424,泉州市,万安,颗粒物(PM10),51,52,36,25,24,155,130,142,142,10,8,8,8,0.6,0.5
2022-10-23T17:00:00,1614A,118.6117,24.9604,泉州市,清源山(对照点),,,,,,,,,,,,,,,,
2022-10-23T17:00:00,1616A,117.6795,36.229,济南市,技术学院,颗粒物(PM10),62,73,138,20,42,171,104,92,92,26,42,7,10,0.8,1.2
2022-10-23T17:00:00,1618A,118.3429,35.0532,临沂市,沂河小区,颗粒物(PM10),58,66,89,17,42,155,110,94,94,4,23,8,9,0.5,0.6
2022-10-23T17:00:00,1619A,118.295,35.0583,临沂市,鲁南制药厂,颗粒物(PM10),60,70,88,17,26,195,120,105,105,27,28,8,9,0.4,0.5
2022-10-23T17:00:00,1620A,118.2794,34.9976,临沂市,新光毛纺厂,颗粒物(PM10),59,68,91,15,28,166,115,99,99,29,33,4,6,0.7,0.8
2022-10-23T17:00:00,1621A,118.3956,35.0888,临沂市,河东保险公司,,48,48,83,15,34,200,113,97,97,18,24,6,7,0.6,0.7
2022-10-23T17:00:00,1622A,116.3032,37.4674,德州市,儿童乐园,颗粒物(PM10),73,95,122,27,38,132,121,108,108,30,49,8,15,0.4,0.6
2022-10-23T17:00:00,1624A,116.2991,37.4451,德州市,监理站,颗粒物(PM10),67,84,126,25,45,137,130,111,111,20,41,16,17,0.5,0.7
2022-10-23T17:00:00,1625A,115.9848,36.4372,聊城市,区政府,颗粒物(PM10),75,100,124,33,47,132,127,88,88,15,46,12,14,0.5,0.7
2022-10-23T17:00:00,1628A,118.0062,37.3803,滨州市,市环保局,颗粒物(PM10),53,56,83,17,28,108,100,96,96,11,28,12,30,0.4,0.6
2022-10-23T17:00:00,1629A,118.0018,37.3617,滨州市,第二水厂,,43,43,74,12,26,108,99,94,94,19,40,8,18,0.3,0.6
2022-10-23T17:00:00,1630A,117.9776,37.393,滨州市,北中新校,颗粒物(PM10),51,51,60,18,23,106,97,96,96,20,33,11,15,0.3,0.5
2022-10-23T17:00:00,1631A,118.0414,36.8103,淄博市,人民公园,颗粒物(PM10),64,78,113,28,38,101,101,75,75,24,46,6,18,0.4,0.8
2022-10-23T17:00:00,1632A,118.0253,36.8406,淄博市,东风化工厂,,,,,,,,,,,,,,,,
2022-10-23T17:00:00,1633A,117.8525,36.4847,淄博市,双山,颗粒物(PM10),63,75,107,23,37,121,82,85,85,29,37,6,10,0.3,0.5
2022-10-23T17:00:00,1634A,117.9592,36.6331,淄博市,气象站,颗粒物(PM10),65,79,120,17,31,120,101,85,85,27,48,6,15,0.4,0.7
2022-10-23T17:00:00,1635A,118.3092,36.8194,淄博市,莆田园,颗粒物(PM10),58,66,96,22,36,141,97,100,100,28,44,7,15,0.5,1.7
2022-10-23T17:00:00,1636A,117.8661,36.805,淄博市,三金集团,,,,,,,,,,,,,,,,
2022-10-23T17:00:00,1637A,117.558,34.8438,枣庄市,市中区政府,颗粒物(PM10),78,105,121,17,43,172,103,101,101,27,32,10,11,0.5,0.6
2022-10-23T17:00:00,1638A,117.2852,34.7837,枣庄市,薛城环保局,颗粒物(PM10),69,88,122,22,48,152,105,117,95,24,36,13,14,0.7,0.8
2022-10-23T17:00:00,1639A,117.5852,34.7745,枣庄市,峄城区政府,颗粒物(PM10),67,83,115,17,39,185,112,101,101,23,25,10,12,0.8,0.9
2022-10-23T17:00:00,1640A,117.7276,34.5578,枣庄市,台儿庄区环保局,颗粒物(PM10),59,68,104,24,44,140,120,103,103,22,43,13,11,0.7,0.9
2022-10-23T17:00:00,1641A,117.4518,35.0992,枣庄市,山亭区环保局,颗粒物(PM10),53,56,119,17,49,203,119,136,112,22,29,13,15,0.6,0.9
2022-10-23T17:00:00,1642A,121.2514,37.5639,烟台市,开发区,颗粒物(PM10),51,51,29,7,6,88,78,72,72,19,16,11,9,0.4,0.3
2022-10-23T17:00:00,1643A,121.3719,37.5433,烟台市,轴承厂,颗粒物(PM10),56,61,30,28,13,96,88,83,83,17,16,10,9,0.3,0.2
2022-10-23T17:00:00,1644A,121.3181,37.5436,烟台市,西郊化工站,颗粒物(PM10),53,56,39,13,9,95,88,80,80,17,14,39,11,0.7,0.6
2022-10-23T17:00:00,1645A,121.4478,37.4822,烟台市,莱山环保局,颗粒物(PM10),56,61,27,12,6,97,92,81,81,15,12,10,8,0.3,0.2
2022-10-23T17:00:00,1646A,121.2611,37.4967,烟台市,福山环保局,颗粒物(PM10),51,51,38,9,8,82,77,67,67,21,25,9,11,0.3,0.3
2022-10-23T17:00:00,1648A,119.12,36.7019,潍坊市,仲裁委,,,,,,,,,,,,,,,,
2022-10-23T17:00:00,1650A,119.1437,36.7023,潍坊市,环保局,颗粒物(PM10),57,63,51,17,18,96,96,80,80,22,30,6,4,0.4,0.6
2022-10-23T17:00:00,1652A,119.1936,36.7729,潍坊市,寒亭监测站,,,,,,,,,,,,,,,,
2022-10-23T17:00:00,1653A,116.6251,35.4302,济宁市,火炬城,颗粒物(PM10),55,60,118,31,73,151,135,132,132,17,33,8,11,0.3,0.7
2022-10-23T17:00:00,1655A,116.5491,35.4042,济宁市,电化厂,颗粒物(PM10),56,62,145,29,82,156,127,133,133,16,32,11,15,0.4,0.8
2022-10-23T17:00:00,1656A,117.1437,36.1937,泰安市,监测站,颗粒物(PM10),63,75,112,24,38,146,108,94,94,19,22,13,11,0.5,0.7
2022-10-23T17:00:00,1657A,117.0885,36.2017,泰安市,人口学校,颗粒物(PM10),64,78,91,26,30,102,98,91,85,21,23,13,11,0.4,0.4
2022-10-23T17:00:00,1658A,117.1089,36.1758,泰安市,电力学校,,,75,110,27,33,133,105,90,90,,26,12,10,0.8,1
2022-10-23T17:00:00,1659A,119.471,35.4209,日照市,监测站,,46,46,66,9,27,147,86,75,75,30,32,13,9,0.9,0.7
2022-10-23T17:00:00,1660A,119.523,35.4216,日照市,市政府广场,颗粒物(PM10),51,51,65,11,24,172,76,78,78,34,24,11,7,0.5,0.5
2022-10-23T17:00:00,1661A,119.5587,35.4044,日照市,港务局,颗粒物(PM10),53,56,66,13,24,171,87,89,89,24,19,8,7,0.3,0.4
2022-10-23T17:00:00,1662A,122.1214,37.4236,威海市,华夏技校,,33,14,22,10,8,103,103,88,88,7,8,7,6,0.1,0.1
2022-10-23T17:00:00,1663A,122.0508,37.5236,威海市,山大分校,,34,24,20,5,4,107,107,89,89,8,9,3,3,0.2,0.2
2022-10-23T17:00:00,1664A,122.1067,37.5072,威海市,市监测站,,32,32,20,15,7,95,94,83,83,16,11,4,4,0.4,0.3
2022-10-23T17:00:00,1665A,118.5019,37.4658,东营市,西城阳光环保公司,,,,,,,,,,,,,,,,
2022-10-23T17:00:00,1666A,118.6614,37.4309,东营市,市环保局,,46,46,43,12,14,114,111,99,99,17,30,11,13,0.6,0.6
2022-10-23T17:00:00,1669A,113.5824,24.7733,韶关市,市八中,臭氧1小时,59,37,57,24,31,170,167,160,160,7,21,10,18,0.5,0.7
2022-10-23T17:00:00,1670A,113.5556,24.8082,韶关市,碧湖山庄,,,,,,,,,,,,,,,,
2022-10-23T17:00:00,1671A,113.5917,24.7972,韶关市,园林处,臭氧1小时,62,36,53,28,35,174,169,162,162,7,18,11,16,0.4,0.6
2022-10-23T17:00:00,1672A,113.6735,24.7791,韶关市,韶关学院,,50,47,57,22,30,170,157,160,160,22,34,10,11,0.5,0.6
2022-10-23T17:00:00,1673A,113.5971,24.6863,韶关市,曲江监测站,臭氧1小时,69,43,46,25,24,181,175,168,168,8,33,15,11,0.8,0.8
2022-10-23T17:00:00,1674A,116.6794,23.3667,汕头市,金平子站,颗粒物(PM10),56,62,32,29,20,173,159,140,140,21,19,9,9,0.6,0.5
2022-10-23T17:00:00,1675A,116.7244,23.3633,汕头市,龙湖子站,颗粒物(PM10),65,80,43,25,20,168,154,136,136,15,18,10,10,0.6,0.5
2022-10-23T17:00:00,1676A,116.7258,23.2775,汕头市,濠江子站,颗粒物(PM10),53,55,32,27,17,164,129,129,129,13,14,8,9,0.5,0.6
2022-10-23T17:00:00,1677A,116.7519,23.4714,汕头市,澄海子站,颗粒物(PM10),61,71,34,19,24,178,146,140,140,14,19,10,13,0.6,0.6
2022-10-23T17:00:00,1678A,116.6092,23.2539,汕头市,潮阳子站,颗粒物(PM10),59,68,35,28,20,156,137,129,129,19,16,8,9,0.4,0.5
2022-10-23T17:00:00,1679A,116.4069,23.2533,汕头市,潮南子站,,,,,,,,,,,,,,,,
2022-10-23T17:00:00,1680A,110.3539,21.2706,湛江市,湛江影剧院,臭氧1小时,87,75,77,40,54,189,189,167,167,22,26,18,21,0.7,0.8
2022-10-23T17:00:00,1681A,110.3928,21.2228,湛江市,市环境监测站,臭氧1小时,77,78,74,34,50,186,181,164,164,15,25,14,17,0.6,0.7
2022-10-23T17:00:00,1682A,110.4019,21.1997,湛江市,环保局宿舍,臭氧1小时,77,80,80,42,55,186,181,170,170,29,28,17,23,0.8,0.8
2022-10-23T17:00:00,1683A,110.4111,21.2028,湛江市,霞山游泳场,臭氧1小时,83,62,74,39,50,186,186,166,166,28,29,14,23,0.8,0.8
2022-10-23T17:00:00,1684A,110.3316,21.2679,湛江市,麻章区环保局,,,76,78,,51,181,179,167,167,28,27,19,23,0.7,0.7
2022-10-23T17:00:00,1685A,110.4558,21.2567,湛江市,坡头区环保局,,,,76,37,56,188,179,165,165,12,23,13,16,0.9,0.8
2022-10-23T17:00:00,1686A,111.0286,21.4688,茂名市,电白南海,臭氧1小时,78,70,78,41,42,197,182,170,170,21,23,10,15,0.5,0.6
2022-10-23T17:00:00,1687A,110.9294,21.6533,茂名市,茂石化七小,臭氧1小时,75,64,72,41,44,180,180,148,148,19,17,19,23,0.7,0.7
2022-10-23T17:00:00,1688A,110.9107,21.6687,茂名市,健康路,臭氧1小时,80,56,75,30,42,184,184,157,157,15,18,19,25,0.8,0.9
2022-10-23T17:00:00,1689A,110.8592,21.6828,茂名市,高岭,臭氧1小时,74,58,84,41,55,179,179,144,144,20,23,19,29,0.8,0.9
2022-10-23T17:00:00,1690A,116.1231,24.3284,梅州市,梅江月梅,臭氧1小时,68,37,39,19,28,174,174,148,148,9,25,13,12,0.4,0.4
2022-10-23T17:00:00,1691A,116.0797,24.2719,梅州市,梅县新城,,50,48,46,23,28,162,160,139,139,14,35,10,9,0.4,0.5
2022-10-23T17:00:00,1692A,116.1248,24.2654,梅州市,环境监控中心,,49,36,47,21,29,154,154,132,132,10,37,9,10,0.4,0.5
2022-10-23T17:00:00,1693A,115.3653,22.775,汕尾市,市环保局,,46,46,36,27,19,143,143,108,108,10,13,8,8,0.6,0.7
2022-10-23T17:00:00,1694A,115.3706,22.7898,汕尾市,市政府,,48,35,36,33,29,142,142,107,107,10,14,8,8,0.5,0.6
2022-10-23T17:00:00,1695A,115.3622,22.7925,汕尾市,新城中学,,46,46,39,26,21,143,143,110,110,11,12,9,9,0.5,0.5
2022-10-23T17:00:00,1696A,114.6778,23.7569,河源市,源西(对照点),,48,39,44,22,25,158,153,147,147,12,28,8,11,0.3,0.4
2022-10-23T17:00:00,1697A,114.6944,23.7586,河源市,东埔,臭氧1小时,55,44,41,24,25,171,164,159,159,10,12,8,12,0.6,0.6
2022-10-23T17:00:00,1698A,114.6892,23.7233,河源市,老城,臭氧1小时,54,55,47,26,25,168,163,157,157,7,13,7,9,0.7,0.7
2022-10-23T17:00:00,1699A,111.9797,21.8593,阳江市,鸳鸯湖(对照点),臭氧1小时,109,70,59,39,39,218,218,160,160,12,16,12,11,0.7,0.8
2022-10-23T17:00:00,1700A,111.9508,21.8536,阳江市,南恩路,,,,,,,,,,,,,,,,
2022-10-23T17:00:00,1701A,111.9491,21.8658,阳江市,马南垌,臭氧1小时,104,48,67,38,43,208,208,139,139,17,28,13,13,0.7,0.8
2022-10-23T17:00:00,1702A,113.0426,23.691,清远市,环保大楼(对照点),臭氧1小时,105,33,44,24,28,219,209,203,203,5,23,7,8,0.7,0.8
2022-10-23T17:00:00,1703A,113.0208,23.7106,清远市,凤城街办,臭氧1小时,52,40,51,24,29,170,161,160,160,11,32,4,4,0.7,0.9
2022-10-23T17:00:00,1705A,116.6367,23.6719,潮州市,西园路(对照点),臭氧1小时,68,73,46,25,33,176,174,129,129,17,15,13,9,0.7,0.7
2022-10-23T17:00:00,1706A,116.6447,23.6706,潮州市,档案局,臭氧1小时,64,60,43,33,36,176,171,128,128,14,13,15,12,0.7,0.7
2022-10-23T17:00:00,1708A,116.3701,23.5345,揭阳市,新兴,细颗粒物(PM2.5),62,72,60,44,39,168,166,133,133,12,19,12,14,0.6,0.8
2022-10-23T17:00:00,1709A,116.3264,23.5443,揭阳市,西马,颗粒物(PM10),94,137,68,36,40,156,152,119,119,12,21,9,11,0.7,1
2022-10-23T17:00:00,1710A,116.3611,23.5626,揭阳市,东兴,颗粒物(PM10),62,74,63,31,38,155,153,119,119,14,21,11,13,0.8,0.8
2022-10-23T17:00:00,1711A,116.4151,23.5294,揭阳市,渔湖,颗粒物(PM10),63,75,62,24,33,147,147,113,113,16,21,11,12,0.8,0.8
2022-10-23T17:00:00,1712A,112.0392,22.9169,云浮市,新市府(对照点),,,,,,,,,,,,,,,,
2022-10-23T17:00:00,1713A,112.0369,22.9394,云浮市,市监测站,,,,,,,,,,,,,,,,
2022-10-23T17:00:00,1714A,112.0539,22.9539,云浮市,牧羊,臭氧1小时,65,40,66,32,30,174,172,160,160,9,36,13,32,0.7,0.7
2022-10-23T17:00:00,1715A,102.575,24.3711,玉溪市,东风水库,,21,6,15,5,9,71,65,45,45,8,10,5,5,0.7,0.7
2022-10-23T17:00:00,1718A,115.4208,35.2464,菏泽市,气象局,颗粒物(PM10),99,148,165,59,70,199,192,167,167,29,41,12,12,0.6,0.7
2022-10-23T17:00:00,1719A,115.4747,35.2375,菏泽市,市政协,细颗粒物(PM2.5),98,135,156,73,82,205,188,167,167,30,39,6,7,0.5,0.6
2022-10-23T17:00:00,1720A,115.455,35.27,菏泽市,菏泽学院,,,,,,,,,,,,,,,,
2022-10-23T17:00:00,1721A,113.3819,40.1097,大同市,果树场(对照点),,,,,,,,,,,,,,,,
2022-10-23T17:00:00,1723A,113.2994,40.0758,大同市,云冈宾馆,,25,16,57,0,15,80,79,69,69,6,21,6,20,0.3,0.6
2022-10-23T17:00:00,1724A,113.3444,40.0917,大同市,大同大学,,27,8,46,0,12,85,85,74,74,4,15,6,18,0.3,0.7
2022-10-23T17:00:00,1725A,113.2661,40.1269,大同市,安家小村,,,,,,,,,,,,,,,,
2022-10-23T17:00:00,1726A,113.2711,40.0844,大同市,教育学院,,25,8,44,9,20,80,79,70,70,6,18,5,30,0.2,0.5
2022-10-23T17:00:00,1727A,113.1147,36.1547,长治市,清华站,,38,38,118,17,60,139,117,95,95,15,51,11,12,0.7,1.3
2022-10-23T17:00:00,1728A,113.1031,36.1989,长治市,监测站,,33,33,99,22,55,121,104,86,86,22,53,10,15,0.4,1.4
2022-10-23T17:00:00,1730A,113.0886,36.2125,长治市,审计局,,36,36,89,19,52,122,107,92,92,19,48,6,10,0.5,1.2
2022-10-23T17:00:00,1731A,113.0844,36.1856,长治市,长治八中,,40,40,113,22,47,120,109,88,88,13,48,12,14,0.2,0.8
2022-10-23T17:00:00,1733A,111.5531,36.0783,临汾市,临钢医院,,34,30,58,14,42,138,107,80,80,17,27,3,4,0.5,0.8
2022-10-23T17:00:00,1734A,111.5028,36.0714,临汾市,技工学校,,,,,23,41,132,98,81,81,20,27,8,10,0.4,0.7
2022-10-23T17:00:00,1735A,111.5169,36.0822,临汾市,工商学校,,,,,,,,,,,,,,,,
2022-10-23T17:00:00,1736A,111.5018,36.0855,临汾市,市委,,32,27,54,5,32,139,101,83,83,18,23,2,5,0.4,0.6
2022-10-23T17:00:00,1738A,113.5758,37.8572,阳泉市,市中心,,28,28,106,10,26,83,77,64,64,30,59,10,23,0.4,0.8
2022-10-23T17:00:00,1739A,113.4894,37.8731,阳泉市,赛鱼,,24,18,81,5,26,81,74,65,65,25,59,8,15,0.3,0.5
2022-10-23T17:00:00,1740A,113.5819,37.8486,阳泉市,南庄,,31,31,106,15,30,85,80,66,66,25,50,12,17,0.6,0.8
2022-10-23T17:00:00,1741A,113.6292,37.8531,阳泉市,白羊墅,,,,,,,,,,,,,,,,
2022-10-23T17:00:00,1742A,113.5614,37.8703,阳泉市,平坦,,39,39,112,9,31,88,81,66,66,28,62,8,20,0.5,0.9
2022-10-23T17:00:00,1743A,113.5158,37.8392,阳泉市,大阳泉,,29,12,63,13,25,90,90,80,80,17,35,8,14,0.4,0.5
2022-10-23T17:00:00,1744A,118.9233,42.2816,赤峰市,松山一中,,21,6,17,2,9,73,66,68,68,20,28,10,12,0.4,0.5
2022-10-23T17:00:00,1745A,118.9576,42.2728,赤峰市,哈达街,,23,12,17,2,5,77,72,72,72,12,24,12,12,0.5,0.5
2022-10-23T17:00:00,1746A,118.8788,42.2554,赤峰市,天义路,,22,13,17,2,5,75,68,69,69,15,20,10,13,0.4,0.4
2022-10-23T17:00:00,1748A,123.044,41.1196,鞍山市,深沟寺,,22,22,33,11,18,121,63,71,71,17,31,6,14,0.3,0.8
2022-10-23T17:00:00,1749A,123.011,41.0931,鞍山市,太阳城,,23,23,35,7,17,73,66,59,59,12,25,11,17,0.4,1
2022-10-23T17:00:00,1750A,123.0485,41.1442,鞍山市,太平,,32,32,46,9,20,127,53,66,66,27,36,10,19,0.2,0.8
2022-10-23T17:00:00,1751A,122.9642,41.0971,鞍山市,铁西三道街,,19,17,56,6,24,62,59,52,52,20,43,14,22,0.9,1.5
2022-10-23T17:00:00,1752A,122.9341,41.0833,鞍山市,铁西工业园区,,26,26,59,11,24,68,60,55,55,20,42,8,20,0.3,1.2
2022-10-23T17:00:00,1753A,123.022,41.0821,鞍山市,明达新区,,25,25,36,11,17,64,58,54,54,14,27,9,16,0.3,1
2022-10-23T17:00:00,1754A,123.1289,41.0228,鞍山市,千山(对照点),,,,,,,,,,,,,,,,
2022-10-23T17:00:00,1755A,123.7977,41.8491,抚顺市,望花区,,20,18,58,6,29,72,64,59,59,11,31,11,11,0.7,1.1
2022-10-23T17:00:00,1756A,123.9161,41.8822,抚顺市,顺城区,,24,24,50,8,27,66,56,54,54,17,33,8,13,0.7,0.9
2022-10-23T17:00:00,1757A,124.0436,41.8611,抚顺市,东洲区,,,26,45,6,20,69,61,53,53,,25,7,11,0.5,0.7
2022-10-23T17:00:00,1758A,123.9247,41.8642,抚顺市,新抚区,,25,25,49,4,24,72,63,58,58,7,25,6,7,0.1,0.4
2022-10-23T17:00:00,1759A,124.0972,41.8961,抚顺市,大伙房水库,,23,23,40,7,20,65,60,53,53,7,24,4,6,0.5,0.7
2022-10-23T17:00:00,1760A,123.7086,41.8391,抚顺市,沈抚新城,,30,30,52,7,23,70,64,58,58,5,24,6,12,0.2,0.5
2022-10-23T17:00:00,1761A,123.8275,41.3064,本溪市,大峪,,34,34,46,6,17,63,58,44,44,15,33,8,14,0.4,0.8
2022-10-23T17:00:00,1762A,123.7567,41.3325,本溪市,溪湖,,39,39,61,3,20,71,66,46,46,9,34,8,14,0.2,0.7
2022-10-23T17:00:00,1763A,123.7169,41.3094,本溪市,彩屯,颗粒物(PM10),54,58,71,17,27,66,46,47,47,32,36,10,14,0.6,1.4
2022-10-23T17:00:00,1764A,123.7669,41.2864,本溪市,东明,,29,29,56,12,22,67,62,48,48,17,40,8,17,0.4,1
2022-10-23T17:00:00,1765A,123.7992,41.2664,本溪市,新立屯,,35,35,35,4,16,71,64,48,48,14,37,6,14,0.5,0.9
2022-10-23T17:00:00,1766A,123.8142,41.3472,本溪市,威宁,,21,21,45,5,19,61,53,42,42,17,33,6,9,0.4,0.7
2022-10-23T17:00:00,1767A,121.1115,41.0879,锦州市,南山,,24,24,45,1,23,65,58,59,59,19,34,9,13,0.3,0.6
2022-10-23T17:00:00,1768A,121.0533,40.8434,锦州市,开发区,,30,30,79,10,26,71,67,66,66,10,38,8,27,0.4,0.7
2022-10-23T17:00:00,1769A,121.1836,41.1119,锦州市,百股街道,,,34,55,2,20,71,64,66,66,,33,13,18,1.0,1
2022-10-23T17:00:00,1770A,121.1178,41.1222,锦州市,天安街道,,33,33,58,11,27,70,65,65,65,17,32,9,13,0.2,0.6
2022-10-23T17:00:00,1771A,121.1303,41.1386,锦州市,北湖公园,颗粒物(PM10),94,137,60,18,24,70,67,65,65,8,25,12,19,0.6,1
2022-10-23T17:00:00,1772A,126.54,43.8622,吉林市,哈达湾,,19,19,27,7,18,60,51,48,48,21,26,8,8,0.5,0.6
2022-10-23T17:00:00,1773A,126.5844,43.8358,吉林市,东局子,,18,18,32,8,20,53,43,43,43,27,27,9,6,0.5,0.6
2022-10-23T17:00:00,1774A,126.5052,43.8245,吉林市,电力学院,,20,18,37,14,26,64,56,50,50,15,25,8,9,0.5,0.7
2022-10-23T17:00:00,1775A,126.6133,43.8972,吉林市,江北,,17,17,35,9,22,59,54,48,48,15,23,5,5,0.4,0.7
2022-10-23T17:00:00,1776A,126.555,43.8306,吉林市,江南公园,,17,17,28,10,21,59,52,48,48,18,24,6,6,0.3,0.4
2022-10-23T17:00:00,1778A,126.7061,43.7133,吉林市,丰满(对照点),,,,,,,,,,,,,,,,
2022-10-23T17:00:00,1779A,123.9305,47.3636,齐齐哈尔市,安居小区,,33,33,36,4,16,59,45,51,51,19,21,4,5,0.6,0.6
2022-10-23T17:00:00,1780A,123.9488,47.3386,齐齐哈尔市,中心广场,,17,17,21,2,6,59,46,52,52,21,17,6,6,0.4,0.3
2022-10-23T17:00:00,1781A,123.9483,47.3227,齐齐哈尔市,农牧车辆厂,,15,12,25,6,9,62,48,56,56,20,17,5,5,0.3,0.3
2022-10-23T17:00:00,1783A,123.945,47.2988,齐齐哈尔市,市环境监测站,,17,11,28,5,21,60,53,55,55,11,14,4,4,0.3,0.4
2022-10-23T17:00:00,1784A,129.61,44.561,牡丹江市,环保大楼,,26,26,36,11,19,47,42,40,40,21,26,5,4,0.4,0.4
2022-10-23T17:00:00,1785A,129.6115,44.5782,牡丹江市,文化广场,,32,30,46,22,22,45,33,36,36,28,27,6,5,0.5,0.5
2022-10-23T17:00:00,1786A,129.5904,44.5963,牡丹江市,第一医院,,21,21,38,14,21,47,44,40,40,16,23,7,9,0.6,0.7
2022-10-23T17:00:00,1787A,129.6364,44.6075,牡丹江市,机车工厂,,38,38,50,13,21,56,48,44,44,14,24,1,2,0.5,0.6
2022-10-23T17:00:00,1788A,129.6386,44.5462,牡丹江市,第一中学,,21,21,32,13,17,48,47,42,42,14,24,3,2,0.4,0.4
2022-10-23T17:00:00,1789A,124.81117,46.03138,大庆市,大同区,,18,8,20,1,9,66,56,57,57,8,10,3,3,0.3,0.4
2022-10-23T17:00:00,1790A,125.129,46.533,大庆市,龙凤区,,,22,25,12,12,61,48,54,54,14,19,2,4,,0.4
2022-10-23T17:00:00,1791A,124.902,46.408,大庆市,红岗区,,20,8,17,14,12,66,56,60,60,11,15,6,8,0.2,0.3
2022-10-23T17:00:00,1792A,125.153,46.586,大庆市,萨尔图区,,16,6,18,5,11,64,49,57,57,16,19,8,9,0.4,0.5
2022-10-23T17:00:00,1793A,124.9042,46.6215,大庆市,让胡路区,,17,15,19,5,13,64,52,57,57,11,15,2,3,0.2,0.3
2022-10-23T17:00:00,1794A,118.3606,31.3519,芜湖市,监测站,细颗粒物(PM2.5),87,90,67,64,50,154,142,123,123,30,46,9,12,0.9,1
2022-10-23T17:00:00,1795A,118.3714,31.4134,芜湖市,科创中心,细颗粒物(PM2.5),83,99,85,61,53,168,160,136,136,24,54,6,11,0.8,1
2022-10-23T17:00:00,1796A,118.3673,31.3131,芜湖市,四水厂,细颗粒物(PM2.5),87,102,67,64,43,155,152,132,132,24,36,9,10,0.8,0.9
2022-10-23T17:00:00,1797A,118.4022,31.3839,芜湖市,济民医院(对照点),,,,,,,,,,,,,,,,
2022-10-23T17:00:00,1798A,118.5092,31.6837,马鞍山市,湖东路四小,颗粒物(PM10),63,76,61,30,35,160,156,141,141,24,35,6,8,0.7,0.8
2022-10-23T17:00:00,1799A,118.5024,31.6449,马鞍山市,开发区,颗粒物(PM10),72,93,66,33,51,158,148,130,130,26,40,6,9,0.8,0.8
2022-10-23T17:00:00,1800A,118.5228,31.7231,马鞍山市,慈湖,颗粒物(PM10),63,75,83,31,50,162,139,152,152,35,51,7,9,0.8,0.9
2022-10-23T17:00:00,1801A,118.48,31.6928,马鞍山市,马钢动力厂,,,,,,,,,,,,,,,,
2022-10-23T17:00:00,1802A,118.6245,31.7241,马鞍山市,濮塘(对照点),颗粒物(PM10),68,86,70,37,40,165,140,137,137,14,19,5,4,0.6,0.7
2022-10-23T17:00:00,1803A,115.9872,29.6815,九江市,十里,臭氧1小时,90,75,74,42,43,203,192,171,171,24,27,11,10,0.9,0.8
2022-10-23T17:00:00,1804A,115.9584,29.7046,九江市,茅山头,臭氧1小时,74,68,71,45,45,191,179,163,163,16,20,10,11,0.9,0.9
2022-10-23T17:00:00,1805A,115.9877,29.7295,九江市,西园,臭氧1小时,80,76,73,40,46,195,184,167,167,24,30,13,12,0.7,0.7
2022-10-23T17:00:00,1806A,116.0172,29.6547,九江市,五七二七厂,臭氧1小时,63,66,69,35,44,181,170,159,159,60,25,9,9,0.6,0.6
2022-10-23T17:00:00,1808A,115.9114,29.6038,九江市,综合工业园,臭氧1小时,70,73,68,41,43,185,176,166,157,32,27,9,10,0.8,0.7
2022-10-23T17:00:00,1809A,116.0721,29.7535,九江市,石化总厂,臭氧1小时,90,84,83,43,42,197,192,170,170,17,32,10,11,0.8,0.8
2022-10-23T17:00:00,1810A,115.9773,29.5698,九江市,庐山气象台(对照点),细颗粒物(PM2.5),62,48,36,44,35,163,162,146,125,14,14,12,9,0.7,0.5
2022-10-23T17:00:00,1811A,112.3628,34.6692,洛阳市,中信二小,,,,,,,,,,,,,,,,
2022-10-23T17:00:00,1812A,112.3931,34.6516,洛阳市,市委党校,臭氧1小时,94,115,137,46,59,196,195,150,150,14,57,12,12,0.6,0.9
2022-10-23T17:00:00,1814A,112.4657,34.6871,洛阳市,豫西宾馆,,,,141,55,68,185,178,138,138,10,48,10,11,0.3,0.7
2022-10-23T17:00:00,1815A,112.494,34.6886,洛阳市,河南林校,臭氧1小时,78,97,123,50,62,183,182,136,136,14,41,10,10,0.4,0.6
2022-10-23T17:00:00,1816A,112.3844,34.623,洛阳市,开发区管委会,臭氧1小时,95,97,104,52,56,200,196,145,145,12,34,10,8,0.4,0.5
2022-10-23T17:00:00,1817A,112.4267,34.6258,洛阳市,市委新办公区,臭氧1小时,93,124,114,62,57,196,194,148,148,20,40,11,10,0.5,0.7
2022-10-23T17:00:00,1818A,114.4839,36.0621,安阳市,棉研所(对照点),,,,,,,,,,,,,,,,
2022-10-23T17:00:00,1819A,114.3551,36.1017,安阳市,红庙街,颗粒物(PM10),66,81,124,35,56,148,138,119,119,23,50,12,13,0.4,0.9
2022-10-23T17:00:00,1820A,114.361,36.0681,安阳市,银杏小区,细颗粒物(PM2.5),70,84,125,51,60,150,146,131,131,25,51,9,8,0.4,0.9
2022-10-23T17:00:00,1824A,114.3389,34.7781,开封市,肿瘤医院,细颗粒物(PM2.5),90,110,123,67,80,187,163,152,152,32,31,8,9,0.7,0.8
2022-10-23T17:00:00,1826A,114.2885,34.7965,开封市,世纪星幼儿园,细颗粒物(PM2.5),97,120,131,72,84,179,169,148,148,21,31,5,4,0.7,0.8
2022-10-23T17:00:00,1828A,113.227,35.2125,焦作市,市环保局,颗粒物(PM10),77,103,115,44,56,165,165,119,119,15,23,12,11,0.6,0.8
2022-10-23T17:00:00,1829A,113.2464,35.1764,焦作市,高新区政府（停运20220628）,,,,,,,,,,,,,,,,
2022-10-23T17:00:00,1830A,113.1992,35.2590,焦作市,影视城(对照点),,,,,,,,,,,,,,,,
2022-10-23T17:00:00,1832A,113.3257,33.742,平顶山市,新华旅馆,"颗粒物(PM10),细颗粒物(PM2.5)",87,124,152,64,85,170,166,139,139,17,25,10,12,0.6,0.8
2022-10-23T17:00:00,1833A,113.2919,33.737,平顶山市,规划设计院,颗粒物(PM10),94,137,158,53,76,192,177,147,147,29,52,9,9,0.2,0.7
2022-10-23T17:00:00,1834A,113.182,33.774,平顶山市,平顶山工学院,颗粒物(PM10),97,144,154,68,71,196,196,162,162,17,30,12,11,0.8,0.9
2022-10-23T17:00:00,1835A,111.1922,34.7752,三门峡市,市政府,颗粒物(PM10),53,56,95,33,54,140,129,108,108,17,55,9,10,0.5,0.7
2022-10-23T17:00:00,1836A,111.1587,34.7942,三门峡市,开发区,颗粒物(PM10),55,59,97,38,54,148,134,106,106,23,28,8,8,0.7,0.9
2022-10-23T17:00:00,1838A,111.143,34.7955,三门峡市,风景区(对照点),,,,,,,,,,,,,,,,
2022-10-23T17:00:00,1839A,111.3009,30.7157,宜昌市,四零三,,,,,,,,,,,,,,,,
2022-10-23T17:00:00,1840A,111.2992,30.6981,宜昌市,白龙岗,臭氧1小时,102,80,64,36,37,218,204,173,173,26,36,9,6,1.0,0.9
2022-10-23T17:00:00,1841A,111.3549,30.6465,宜昌市,伍家岗,臭氧1小时,101,75,73,36,41,205,201,165,165,15,54,9,7,0.5,0.7
2022-10-23T17:00:00,1842A,111.2628,30.6961,宜昌市,点军区,臭氧1小时,103,79,69,34,46,213,206,165,165,16,28,14,8,0.5,0.6
2022-10-23T17:00:00,1843A,111.3275,30.7819,宜昌市,夷陵区,臭氧1小时,93,69,76,36,49,222,194,172,172,30,40,17,11,0.6,0.7
2022-10-23T17:00:00,1844A,112.2494,30.3197,荆州市,市图书馆,臭氧1小时,110,76,87,53,64,221,220,197,197,17,39,7,10,0.7,0.9
2022-10-23T17:00:00,1845A,112.2008,30.3544,荆州市,市委党校,臭氧1小时,105,81,94,40,60,220,209,195,195,26,40,6,10,0.8,0.9
2022-10-23T17:00:00,1847A,113.1094,29.3578,岳阳市,南湖风景区,臭氧1小时,110,70,86,48,64,230,219,185,185,21,35,11,17,0.8,0.9
2022-10-23T17:00:00,1848A,113.1493,29.4251,岳阳市,城陵矶,臭氧1小时,101,84,103,43,59,204,201,162,162,30,63,11,10,0.7,0.8
2022-10-23T17:00:00,1849A,113.1497,29.3575,岳阳市,开发区,臭氧1小时,98,74,89,41,66,207,198,172,172,31,49,10,13,0.7,0.9
2022-10-23T17:00:00,1850A,113.2621,29.4758,岳阳市,云溪区,臭氧1小时,102,71,84,35,53,210,203,174,174,21,29,12,14,0.7,0.8
2022-10-23T17:00:00,1851A,112.9943,29.4402,岳阳市,君山区,臭氧1小时,108,68,95,46,69,216,216,182,182,21,28,11,12,0.8,0.8
2022-10-23T17:00:00,1852A,113.2117,29.355,岳阳市,金凤水库(对照点),臭氧1小时,105,61,75,37,50,215,209,186,186,14,22,8,9,0.8,0.9
2022-10-23T17:00:00,1854A,111.6975,28.9703,常德市,市二中,臭氧1小时,101,90,103,48,69,202,201,176,176,16,33,7,12,0.3,0.5
2022-10-23T17:00:00,1857A,111.7158,29.1456,常德市,白鹤山(对照点),臭氧1小时,92,69,66,39,47,203,193,187,187,10,11,5,7,0.4,0.5
2022-10-23T17:00:00,1858A,110.5319,29.1217,张家界市,永定新区,臭氧1小时,63,58,65,29,43,178,170,150,150,14,19,8,5,0.3,0.3
2022-10-23T17:00:00,1859A,110.4697,29.1242,张家界市,电业局,臭氧1小时,58,59,64,32,40,178,166,148,148,26,26,8,6,0.3,0.4
2022-10-23T17:00:00,1860A,110.5594,29.3547,张家界市,未央路,臭氧1小时,75,58,53,33,33,183,180,166,166,6,8,7,5,0.3,0.2
2022-10-23T17:00:00,1861A,110.4417,29.315,张家界市,袁家界(对照点),臭氧1小时,93,49,44,22,25,194,194,185,185,12,13,13,13,0.6,0.6
2022-10-23T17:00:00,1862A,110.4144,25.3167,桂林市,电子科大尧山校区(对照点),臭氧1小时,80,52,49,33,32,190,184,186,186,8,8,8,13,0.5,0.6
2022-10-23T17:00:00,1863A,110.2819,25.2697,桂林市,监测站,臭氧1小时,60,67,54,28,37,180,168,172,172,14,12,8,8,0.6,0.7
2022-10-23T17:00:00,1864A,110.3089,25.2708,桂林市,龙隐路小学,臭氧1小时,62,42,48,32,37,176,169,169,169,7,9,8,11,0.6,0.7
2022-10-23T17:00:00,1865A,110.2869,25.2178,桂林市,八中,臭氧1小时,62,49,49,31,37,177,169,170,170,13,15,7,9,0.4,0.5
2022-10-23T17:00:00,1866A,109.2262,21.588,北海市,牛尾岭水库(对照点),,,,,,,,,,,,,,,,
2022-10-23T17:00:00,1867A,109.1436,21.4086,北海市,海滩公园,臭氧1小时,103,94,80,66,58,207,205,166,166,21,18,11,10,1.3,1.2
2022-10-23T17:00:00,1868A,109.0981,21.4661,北海市,新市环保局,臭氧1小时,115,98,71,68,59,230,230,170,170,17,18,16,13,0.9,0.8
2022-10-23T17:00:00,1869A,109.1778,21.5233,北海市,北海工业园,臭氧1小时,116,90,84,56,57,231,231,154,154,14,26,18,11,0.8,0.8
2022-10-23T17:00:00,1870A,109.4856,24.3895,柳州市,柳东小学,臭氧1小时,68,41,50,34,39,175,174,163,163,8,8,10,12,0.6,0.7
2022-10-23T17:00:00,1871A,109.4157,24.3277,柳州市,环保监测站,臭氧1小时,63,48,66,16,27,172,170,161,161,12,23,12,18,0.5,0.6
2022-10-23T17:00:00,1872A,109.389,24.341,柳州市,河西水厂,细颗粒物(PM2.5),54,56,82,38,48,163,156,148,148,14,27,15,20,1.4,1.5
2022-10-23T17:00:00,1873A,109.4311,24.2921,柳州市,市四中,臭氧1小时,60,64,79,34,41,168,168,158,158,9,16,12,18,0.5,0.7
2022-10-23T17:00:00,1874A,109.4006,24.3631,柳州市,市九中,颗粒物(PM10),56,62,79,34,47,155,152,145,145,13,25,16,23,1.0,1.2
2022-10-23T17:00:00,1875A,109.4958,24.3134,柳州市,古亭山,臭氧1小时,68,44,50,27,35,174,174,162,162,8,13,13,13,0.6,0.7
2022-10-23T17:00:00,1876A,109.5078,18.2489,三亚市,河东子站,,46,32,40,18,22,145,145,116,116,7,13,4,4,0.3,0.5
2022-10-23T17:00:00,1877A,109.4964,18.2681,三亚市,河西子站,,41,28,37,18,25,129,129,109,109,4,12,3,3,0.4,0.4
2022-10-23T17:00:00,1878A,104.7778,31.4741,绵阳市,富乐山,,45,43,46,30,35,142,142,108,108,8,19,6,5,0.5,0.6
2022-10-23T17:00:00,1879A,104.7563,31.4535,绵阳市,市人大,,,48,67,28,41,131,131,88,88,18,54,,4,0.5,0.8
2022-10-23T17:00:00,1880A,104.6697,31.4668,绵阳市,高新区自来水公司,,46,38,87,32,47,140,120,77,77,11,49,6,7,0.5,0.7
2022-10-23T17:00:00,1881A,104.7287,31.5075,绵阳市,三水厂,,43,39,84,23,47,138,135,94,94,11,43,5,5,0.5,0.7
2022-10-23T17:00:00,1882A,104.563,28.793,宜宾市,石马中学(对照点),细颗粒物(PM2.5),80,77,106,59,74,151,69,53,53,49,48,14,10,1.1,1.2
2022-10-23T17:00:00,1883A,104.6201,28.7728,宜宾市,市委,细颗粒物(PM2.5),80,91,98,59,65,165,89,60,60,38,62,20,14,0.7,0.8
2022-10-23T17:00:00,1884A,104.6055,28.793,宜宾市,宜宾四中,颗粒物(PM10),90,129,109,65,73,137,78,60,60,47,64,18,11,0.8,0.9
2022-10-23T17:00:00,1885A,104.639,28.7562,宜宾市,市政府,细颗粒物(PM2.5),93,119,106,69,68,153,66,42,42,54,70,13,12,0.8,0.9
2022-10-23T17:00:00,1886A,104.5742,28.7199,宜宾市,黄金嘴,细颗粒物(PM2.5),73,78,96,53,67,143,86,82,82,45,48,12,11,0.9,0.9
2022-10-23T17:00:00,1888A,101.6891,26.571,攀枝花市,弄弄坪,,,36,70,,47,110,68,70,70,19,26,17,16,0.8,1.2
2022-10-23T17:00:00,1889A,101.5769,26.5928,攀枝花市,河门口,,46,46,51,31,29,124,95,84,84,17,19,42,17,1.1,1.3
2022-10-23T17:00:00,1890A,101.7169,26.585,攀枝花市,炳草岗,,38,37,56,26,56,104,67,67,67,20,41,19,19,1.0,1.3
2022-10-23T17:00:00,1891A,101.7369,26.5008,攀枝花市,仁和,,22,21,53,15,39,109,66,72,72,11,18,13,20,0.7,1.1
2022-10-23T17:00:00,1893A,105.4324,28.9634,泸州市,九狮山(对照点),细颗粒物(PM2.5),125,93,111,95,100,99,70,45,45,35,41,15,12,0.4,0.5
2022-10-23T17:00:00,1894A,105.4427,28.9063,泸州市,小市上码头,细颗粒物(PM2.5),155,137,165,118,141,170,109,70,70,54,55,29,22,1.0,1.1
2022-10-23T17:00:00,1895A,105.4241,28.8573,泸州市,兰田宪桥,细颗粒物(PM2.5),144,149,158,110,118,142,85,43,43,59,55,21,15,1.1,1.1
2022-10-23T17:00:00,1896A,105.4379,28.8833,泸州市,市环监站,细颗粒物(PM2.5),132,119,164,100,138,145,79,43,43,60,58,27,26,0.5,0.9
2022-10-23T17:00:00,1897A,104.7547,29.3628,自贡市,大塘山(对照点),,,,,,,,,,,,,,,,
2022-10-23T17:00:00,1900A,104.7692,29.3411,自贡市,春华路,,,,,,,,,,,,,,,,
2022-10-23T17:00:00,1901A,104.4239,31.1208,德阳市,东山公园,"颗粒物(PM10),臭氧1小时",62,73,81,29,42,169,169,124,124,10,28,8,9,0.6,0.7
2022-10-23T17:00:00,1902A,104.3826,31.1317,德阳市,西小区,颗粒物(PM10),53,56,88,25,49,164,156,116,116,15,54,7,10,0.6,0.9
2022-10-23T17:00:00,1903A,104.4053,31.1167,德阳市,市检察院,,,,,,,,,,,,,,,,
2022-10-23T17:00:00,1904A,104.3553,31.1091,德阳市,耐火材料厂,颗粒物(PM10),60,70,99,33,59,164,156,120,120,17,48,8,17,0.5,0.7
2022-10-23T17:00:00,1905A,106.056,30.8064,南充市,西山风景区(对照点),,,,,,,,,,,,,,,,
2022-10-23T17:00:00,1906A,106.0789,30.8023,南充市,南充市委,细颗粒物(PM2.5),110,114,87,83,54,151,77,54,50,28,34,17,8,0.7,0.7
2022-10-23T17:00:00,1907A,106.1031,30.8217,南充市,南充炼油厂,细颗粒物(PM2.5),99,108,95,74,58,156,95,57,57,17,35,23,19,0.7,0.7
2022-10-23T17:00:00,1908A,106.1064,30.7856,南充市,高坪区监测站,细颗粒物(PM2.5),119,111,102,90,68,136,83,48,48,9,41,22,14,0.6,0.7
2022-10-23T17:00:00,1909A,106.0642,30.7636,南充市,嘉陵区环保局,细颗粒物(PM2.5),144,112,87,110,72,124,102,65,65,24,50,27,17,0.7,0.7
2022-10-23T17:00:00,1910A,106.1087,30.8388,南充市,市环境监测站,细颗粒物(PM2.5),108,101,88,81,64,143,77,60,48,25,30,13,13,0.6,0.6
2022-10-23T17:00:00,1911A,106.9222,27.6869,遵义市,丁字口,,43,41,52,24,42,148,136,126,126,9,25,7,9,0.7,0.9
2022-10-23T17:00:00,1912A,106.9242,27.7019,遵义市,凤凰山,,49,33,54,25,32,161,154,138,138,9,18,5,6,0.4,0.6
2022-10-23T17:00:00,1913A,106.8906,27.6486,遵义市,忠庄,,45,29,65,20,37,157,141,133,133,13,25,2,2,0.4,0.6
2022-10-23T17:00:00,1914A,106.9231,27.6506,遵义市,舟水桥,,44,30,68,21,43,145,138,128,128,10,25,3,4,0.1,0.4
2022-10-23T17:00:00,1915A,106.9178,27.72,遵义市,干田坝,,47,41,55,24,38,156,150,126,126,9,24,6,7,0.6,0.8
2022-10-23T17:00:00,1916A,103.7897,25.5035,曲靖市,环境监测站,,30,30,33,16,20,77,56,62,62,12,15,4,7,0.5,0.4
2022-10-23T17:00:00,1917A,103.8,25.5364,曲靖市,烟厂办公区,,19,16,29,2,18,81,59,63,63,8,13,5,8,0.4,0.7
2022-10-23T17:00:00,1918A,108.7197,34.3956,咸阳市,气象站(对照点),颗粒物(PM10),76,101,148,47,76,93,62,55,55,54,87,15,12,0.8,1
2022-10-23T17:00:00,1919A,108.673,34.3155,咸阳市,实验中学,颗粒物(PM10),76,101,191,48,79,152,101,74,74,42,75,13,8,0.7,1.1
2022-10-23T17:00:00,1920A,108.7233,34.3617,咸阳市,师范学院,细颗粒物(PM2.5),64,33,168,46,79,147,93,69,69,39,77,14,10,0.7,1
2022-10-23T17:00:00,1922A,109.0656,35.0994,铜川市,党校(对照点),颗粒物(PM10),97,143,99,59,46,111,68,85,85,71,60,21,16,0.8,0.5
2022-10-23T17:00:00,1923A,109.0697,35.0697,铜川市,王益区政府,颗粒物(PM10),87,124,95,55,42,131,90,95,95,64,49,21,17,0.8,0.7
2022-10-23T17:00:00,1924A,108.9344,34.9058,铜川市,新区管委会,细颗粒物(PM2.5),75,98,98,55,45,142,117,108,108,33,37,17,17,0.7,0.7
2022-10-23T17:00:00,1925A,108.9589,34.8731,铜川市,新区兰芝公司,,,,,,,,,,,,,,,,
2022-10-23T17:00:00,1926A,109.4131,36.6275,延安市,枣园(对照点),,45,45,52,14,16,126,121,84,84,18,33,8,5,0.3,0.3
2022-10-23T17:00:00,1927A,109.4761,36.6028,延安市,延大医附院,颗粒物(PM10),51,52,56,16,20,106,106,75,75,26,40,8,6,0.5,0.6
2022-10-23T17:00:00,1928A,109.4824,36.5767,延安市,市监测站,,,,,,,,,,,,,,,,
2022-10-23T17:00:00,1929A,109.5056,36.6106,延安市,百米大道,,48,48,68,16,24,109,97,77,77,36,49,11,9,0.5,0.7
2022-10-23T17:00:00,1930A,107.185,34.3063,宝鸡市,庙沟村(对照点),颗粒物(PM10),85,119,70,60,37,131,128,98,98,30,30,8,6,0.7,0.5
2022-10-23T17:00:00,1931A,107.0708,34.3017,宝鸡市,竹园沟,细颗粒物(PM2.5),108,117,66,81,49,150,147,116,116,37,32,10,6,0.8,0.6
2022-10-23T17:00:00,1932A,107.1906,34.3672,宝鸡市,三陆医院,细颗粒物(PM2.5),123,124,100,93,64,140,135,95,95,29,42,10,8,0.8,0.8
2022-10-23T17:00:00,1933A,107.1431,34.3547,宝鸡市,监测站,细颗粒物(PM2.5),110,130,80,83,50,142,137,98,98,41,45,11,8,0.8,0.6
2022-10-23T17:00:00,1934A,107.1186,34.3739,宝鸡市,技工学校,细颗粒物(PM2.5),113,113,91,85,56,145,136,101,101,43,38,9,9,0.8,0.7
2022-10-23T17:00:00,1935A,107.3906,34.3528,宝鸡市,陈仓区环保局家属楼,细颗粒物(PM2.5),137,188,128,104,63,120,120,83,83,56,65,10,11,0.9,0.9
2022-10-23T17:00:00,1936A,107.2058,34.3497,宝鸡市,文理学院,细颗粒物(PM2.5),147,119,90,112,56,139,137,102,102,42,46,12,9,0.7,0.6
2022-10-23T17:00:00,1937A,107.2386,34.3622,宝鸡市,三迪小学,细颗粒物(PM2.5),162,153,105,123,63,132,121,96,96,61,58,12,9,0.8,0.7
2022-10-23T17:00:00,1938A,109.5293,34.5101,渭南市,农科所(对照点),颗粒物(PM10),84,117,114,56,63,122,107,85,85,34,45,23,13,1.1,0.8
2022-10-23T17:00:00,1939A,109.4974,34.4877,渭南市,日报社,颗粒物(PM10),95,139,130,66,75,115,115,84,84,42,65,24,18,1.0,0.7
2022-10-23T17:00:00,1940A,109.4636,34.493,渭南市,体育馆,颗粒物(PM10),87,124,122,52,75,130,121,95,95,35,61,23,15,1.0,0.7
2022-10-23T17:00:00,1941A,109.4259,34.5023,渭南市,高新一小,颗粒物(PM10),92,134,131,60,72,129,98,82,82,34,58,24,18,1.1,0.8
2022-10-23T17:00:00,1943A,102.1725,38.5339,金昌市,新川苑,颗粒物(PM10),85,120,113,31,41,139,139,109,109,17,38,11,40,0.7,0.9
2022-10-23T17:00:00,1944A,102.1692,38.5167,金昌市,天庆家园,颗粒物(PM10),79,107,103,32,34,137,137,108,108,18,44,15,45,0.6,1.1
2022-10-23T17:00:00,1945A,98.2908,39.7711,嘉峪关市,气象局,颗粒物(PM10),63,75,62,27,23,125,125,90,90,9,28,5,5,0.2,0.3
2022-10-23T17:00:00,1947A,106.3394,38.817,石嘴山市,沙湖旅游区(对照点),细颗粒物(PM2.5),65,54,125,47,54,130,130,87,87,16,50,17,20,0.7,1.2
2022-10-23T17:00:00,1948A,106.3668,39.0145,石嘴山市,大武口朝阳西街,颗粒物(PM10),58,66,68,38,32,126,126,79,79,22,45,17,33,0.7,1
2022-10-23T17:00:00,1949A,106.7704,39.2282,石嘴山市,惠农南大街,,41,41,56,16,19,102,102,75,75,13,43,9,20,0.3,0.6
2022-10-23T17:00:00,1950A,106.7099,39.1325,石嘴山市,红果子镇惠新街,细颗粒物(PM2.5),79,53,66,58,30,112,112,74,74,11,37,10,22,0.4,0.6
2022-10-23T17:00:00,1951A,84.895,45.6094,克拉玛依市,长征新村,,28,16,15,4,6,90,89,78,78,4,7,6,5,0.2,0.2
2022-10-23T17:00:00,1952A,84.8988,45.5893,克拉玛依市,南林小区,,30,22,18,12,10,95,93,82,82,5,8,1,1,0.4,0.3
2022-10-23T17:00:00,1953A,85.1186,45.6886,克拉玛依市,白碱滩区,,,,,,,,,,,,,,,,
2022-10-23T17:00:00,1954A,84.905,44.3396,克拉玛依市,独山子区,颗粒物(PM10),55,60,53,21,22,107,106,84,84,12,21,10,9,0.4,0.5
2022-10-23T17:00:00,1955A,85.6979,46.098,克拉玛依市,乌尔禾区商贸楼,,39,39,20,1,6,94,93,61,61,3,10,5,4,0.2,0.2
2022-10-23T17:00:00,1956A,86.1472,41.7538,巴音郭楞州,孔雀公园,颗粒物(PM10),243,380,443,84,113,87,87,62,62,2,25,5,4,0.2,0.3
2022-10-23T17:00:00,1957A,86.1972,41.7166,巴音郭楞州,棉纺厂,颗粒物(PM10),357,465,552,105,132,92,92,71,71,2,13,5,5,0.2,0.2
2022-10-23T17:00:00,1958A,86.2357,41.7173,巴音郭楞州,经济开发区,颗粒物(PM10),310,428,491,85,117,90,90,70,70,3,13,7,7,0.2,0.3
2022-10-23T17:00:00,1959A,118.746,36.881,寿光市,监测站,,,,,,,,,,,,,,,,
2022-10-23T17:00:00,1960A,118.780,36.864,寿光市,世纪学校,,,,,,,,,,,,,,,,
2022-10-23T17:00:00,1961A,117.532,36.6868,济南市,东山小学,颗粒物(PM10),59,68,116,10,23,98,69,74,74,34,46,5,8,0.2,0.3
2022-10-23T17:00:00,1962A,117.541,36.710,章丘市,明水开发区,,,,,,,,,,,,,,,,
2022-10-23T17:00:00,1963A,120.610,36.440,即墨市,环保局子站,,,,,,,,,,,,,,,,
2022-10-23T17:00:00,1964A,120.470,36.390,即墨市,开发区子站,,,,,,,,,,,,,,,,
2022-10-23T17:00:00,1965A,120.005,35.878,胶南市,JN子站,,,,,,,,,,,,,,,,
2022-10-23T17:00:00,1966A,120.0405,35.8735,青岛市,黄岛区4号,,35,29,67,7,25,181,110,94,94,15,32,6,7,0.4,0.5
2022-10-23T17:00:00,1967A,120.008,36.283,胶州市,胶州环保局,,,,,,,,,,,,,,,,
2022-10-23T17:00:00,1968A,120.014,36.253,胶州市,胶州一中,,,,,,,,,,,,,,,,
2022-10-23T17:00:00,1969A,120.537,36.865,莱西市,环保局子站,,,,,,,,,,,,,,,,
2022-10-23T17:00:00,1970A,120.515,36.885,莱西市,人民广场子站,,,,,,,,,,,,,,,,
2022-10-23T17:00:00,1971A,119.952,36.792,平度市,1号,,,,,,,,,,,,,,,,
2022-10-23T17:00:00,1972A,119.976,36.799,平度市,2号,,,,,,,,,,,,,,,,
2022-10-23T17:00:00,1973A,120.747,37.825,蓬莱市,蓬莱环保局,,,,,,,,,,,,,,,,
2022-10-23T17:00:00,1974A,120.773,37.809,蓬莱市,蓬莱博物馆,,,,,,,,,,,,,,,,
2022-10-23T17:00:00,1975A,120.399,37.374,招远市,招远环保局,,,,,,,,,,,,,,,,
2022-10-23T17:00:00,1976A,120.394,37.364,招远市,招远教育局,,,,,,,,,,,,,,,,
2022-10-23T17:00:00,1977A,119.941,37.177,莱州市,莱州环保局,,,,,,,,,,,,,,,,
2022-10-23T17:00:00,1978A,119.959,37.180,莱州市,莱州外经委,,,,,,,,,,,,,,,,
2022-10-23T17:00:00,1979A,122.471,37.154,荣成市,荣成市环保局办公楼,,,,,,,,,,,,,,,,
2022-10-23T17:00:00,1980A,122.410,37.161,荣成市,山东成山轮胎公司,,,,,,,,,,,,,,,,
2022-10-23T17:00:00,1981A,122.038,37.197,文登市,文登市环保局,,,,,,,,,,,,,,,,
2022-10-23T17:00:00,1982A,122.0693,37.2174,威海市,文登开发区,,39,39,33,12,10,95,92,83,83,19,22,5,5,0.3,0.3
2022-10-23T17:00:00,1983A,121.531,36.913,乳山市,乳山市环保局,,,,,,,,,,,,,,,,
2022-10-23T17:00:00,1984A,121.544,36.907,乳山市,乳山市气象局,,,,,,,,,,,,,,,,
2022-10-23T17:00:00,1985A,120.636,31.155,吴江市,吴江市环保局,,,,,,,,,,,,,,,,
2022-10-23T17:00:00,1986A,120.635,31.170,吴江市,教师进修学校,,,,,,,,,,,,,,,,
2022-10-23T17:00:00,1987A,120.658,31.172,吴江市,吴江开发区,,,,,,,,,,,,,,,,
2022-10-23T17:00:00,1988A,120.953,31.388,昆山市,昆山实验小学,,,,,,,,,,,,,,,,
2022-10-23T17:00:00,1989A,120.999,31.381,昆山市,震川中学,,,,,,,,,,,,,,,,
2022-10-23T17:00:00,1990A,120.758,31.670,常熟市,海虞子站,,,,,,,,,,,,,,,,
2022-10-23T17:00:00,1991A,120.721,31.671,常熟市,兴福子站,,,,,,,,,,,,,,,,
2022-10-23T17:00:00,1992A,120.734,31.656,常熟市,菱塘子站,,,,,,,,,,,,,,,,
2022-10-23T17:00:00,1993A,120.526,31.874,张家港市,张家港市监测站,,,,,,,,,,,,,,,,
2022-10-23T17:00:00,1994A,120.550,31.882,张家港市,城北小学,,,,,,,,,,,,,,,,
2022-10-23T17:00:00,1995A,121.115,31.453,太仓市,太仓市监测站,,,,,,,,,,,,,,,,
2022-10-23T17:00:00,1996A,121.140,31.422,太仓市,科教新城实小,,,,,,,,,,,,,,,,
2022-10-23T17:00:00,1997A,119.146,31.955,句容市,消防指挥中心,,,,,,,,,,,,,,,,
2022-10-23T17:00:00,1998A,119.180,31.955,句容市,房家坝,,,,,,,,,,,,,,,,
2022-10-23T17:00:00,1999A,120.268,31.920,江阴市,虹桥邮政,,,,,,,,,,,,,,,,
2022-10-23T17:00:00,2000A,120.237,31.909,江阴市,五星公园,,,,,,,,,,,,,,,,
2022-10-23T17:00:00,2001A,120.302,31.920,江阴市,第二实验小学,,,,,,,,,,,,,,,,
2022-10-23T17:00:00,2002A,119.818,31.354,宜兴市,宜兴市环保局,,,,,,,,,,,,,,,,
2022-10-23T17:00:00,2003A,119.794,31.371,宜兴市,宜园,,,,,,,,,,,,,,,,
2022-10-23T17:00:00,2004A,119.579,31.751,金坛市,金坛市环境监测站,,,,,,,,,,,,,,,,
2022-10-23T17:00:00,2005A,119.579,31.737,金坛市,金坛市自来水公司,,,,,,,,,,,,,,,,
2022-10-23T17:00:00,2006A,119.460,31.400,溧阳市,溧阳市东门子站,,,,,,,,,,,,,,,,
2022-10-23T17:00:00,2007A,119.438,31.317,溧阳市,燕山子站,,,,,,,,,,,,,,,,
2022-10-23T17:00:00,2008A,121.173,31.896,海门市,海门市监测站,,,,,,,,,,,,,,,,
2022-10-23T17:00:00,2009A,121.1518,31.89708,海门市,社会福利院,,,,,,,,,,,,,,,,
2022-10-23T17:00:00,2010A,119.7183,30.2366,临安市,市政府,,,,,,,,,,,,,,,,
2022-10-23T17:00:00,2011A,119.6942,30.2311,临安市,四中,,,,,,,,,,,,,,,,
2022-10-23T17:00:00,2012A,119.954,30.054,富阳市,监测站,,,,,,,,,,,,,,,,
2022-10-23T17:00:00,2013A,119.946,30.049,富阳市,富春二小,,,,,,,,,,,,,,,,
2022-10-23T17:00:00,2014A,120.091,29.305,义乌市,江东,,,,,,,,,,,,,,,,
2022-10-23T17:00:00,2015A,120.040,29.334,义乌市,北苑,,,,,,,,,,,,,,,,
2022-10-23T17:00:00,2016A,120.251,29.719,诸暨市,图书馆,,,,,,,,,,,,,,,,
2022-10-23T17:00:00,2017A,120.209,29.732,诸暨市,富林印务,,,,,,,,,,,,,,,,
2022-10-23T17:00:00,2018A,121.989,39.625,瓦房店市,抱龙山庄,,,,,,,,,,,,,,,,
2022-10-23T17:00:00,2019A,122.011,39.617,瓦房店市,东山公园,,,,,,,,,,,,,,,,
2022-10-23T17:00:00,2031A,113.1817,27.9958,株洲市,云田中学,臭氧1小时,106,78,78,43,44,211,211,177,177,24,26,9,11,0.6,0.6
2022-10-23T17:00:00,2054A,114.1099,32.1059,信阳市,平桥分局,细颗粒物(PM2.5),110,144,126,83,75,219,215,171,171,22,39,14,10,0.9,1
2022-10-23T17:00:00,2064A,113.9956,32.1271,信阳市,南湾水厂,臭氧1小时,105,119,129,75,93,220,210,182,182,24,24,12,12,0.8,0.9
2022-10-23T17:00:00,2065A,114.0775,32.1195,信阳市,市酿酒公司,臭氧1小时,107,129,115,70,77,220,214,175,175,22,55,14,11,0.9,1.1
2022-10-23T17:00:00,2066A,114.0609,32.1399,信阳市,审计局,细颗粒物(PM2.5),119,146,133,90,99,222,217,178,178,22,61,12,10,0.7,1
2022-10-23T17:00:00,2067A,114.6613,33.6128,周口市,市环境监测站,,,,159,,105,121,,118,,,28,,13,,1.0
2022-10-23T17:00:00,2068A,114.6758,33.6347,周口市,周口师范,臭氧1小时,90,116,159,60,108,203,192,162,162,20,37,8,11,0.7,0.9
2022-10-23T17:00:00,2069A,114.6546,33.5979,周口市,市运管处,臭氧1小时,88,109,154,56,87,200,190,160,160,24,26,7,9,0.8,1
2022-10-23T17:00:00,2070A,114.6369,33.6406,周口市,川汇区环保局,臭氧1小时,90,121,170,58,105,201,192,158,158,23,40,7,10,0.6,1.2
2022-10-23T17:00:00,2075A,117.6336,24.4674,漳州市,九湖(对照点),,,,,,,,,,,,,,,,
2022-10-23T17:00:00,2160A,112.85,35.5051,晋城市,自来水公司,颗粒物(PM10),80,109,112,39,60,196,177,131,131,23,41,19,11,0.9,1.2
2022-10-23T17:00:00,2161A,112.8318,35.4936,晋城市,白云商贸,颗粒物(PM10),84,117,109,34,50,180,160,123,123,21,31,17,9,0.6,1
2022-10-23T17:00:00,2162A,112.8508,35.4887,晋城市,市环保局,细颗粒物(PM2.5),64,0,98,46,58,188,167,125,125,23,50,19,11,0.7,1
2022-10-23T17:00:00,2163A,112.8676,35.4897,晋城市,技术学院,颗粒物(PM10),81,111,106,53,66,183,160,121,121,22,42,17,10,0.6,0.9
2022-10-23T17:00:00,2164A,112.8271,35.4828,晋城市,泽州一中,,,,,,,,,,,,,,,,
2022-10-23T17:00:00,2165A,112.8453,35.546,晋城市,白马寺 (对照点),,,,,,,,,,,,,,,,
2022-10-23T17:00:00,2166A,112.4397,39.3522,朔州市,平朔,,27,22,92,8,24,87,84,62,62,5,37,4,13,0.2,0.4
2022-10-23T17:00:00,2167A,112.4575,39.3617,朔州市,朔唯,,28,22,116,5,27,94,88,69,69,8,41,4,17,0.3,0.5
2022-10-23T17:00:00,2168A,112.4258,39.3197,朔州市,区政府,,28,26,76,6,25,91,88,67,67,5,26,4,7,0.4,0.6
2022-10-23T17:00:00,2169A,112.4072,39.3278,朔州市,市环保局,,28,27,80,6,24,88,88,69,69,8,29,3,9,0.4,0.6
2022-10-23T17:00:00,2170A,112.4272,39.3681,朔州市,市二中,,28,22,99,5,24,93,88,72,72,8,37,4,14,0.4,0.4
2022-10-23T17:00:00,2171A,112.7532,37.6945,晋中市,锦纶小区,,44,44,93,16,33,92,89,66,66,21,44,8,9,0.2,0.4
2022-10-23T17:00:00,2173A,112.7249,37.7067,晋中市,南都小区,,30,28,68,18,36,93,93,66,66,21,54,7,8,0.3,0.5
2022-10-23T17:00:00,2174A,112.6991,37.6982,晋中市,榆次区政府,,47,47,108,16,41,92,92,65,65,25,52,10,11,0.4,0.6
2022-10-23T17:00:00,2175A,110.9956,35.0147,运城市,运城中学,颗粒物(PM10),72,94,104,45,62,159,159,120,120,10,16,18,15,1.1,1.1
2022-10-23T17:00:00,2176A,111.0233,35.0611,运城市,禹都开发区,,,,,,,,,,,,,,,,
2022-10-23T17:00:00,2178A,110.9686,35.0303,运城市,地区技校,颗粒物(PM10),73,96,112,48,57,168,166,134,134,12,22,17,16,1.2,1.1
2022-10-23T17:00:00,2179A,111.0414,35.1147,运城市,空港新区,颗粒物(PM10),71,91,146,46,92,177,167,136,136,14,34,18,24,1.4,2.3
2022-10-23T17:00:00,2181A,112.7383,38.4519,忻州市,开发区,,38,38,66,15,17,85,80,65,65,17,41,11,11,0.3,0.4
2022-10-23T17:00:00,2182A,112.7003,38.4928,忻州市,会展中心,,40,40,81,12,23,77,75,59,59,22,45,12,12,0.3,0.4
2022-10-23T17:00:00,2183A,111.1406,37.5211,吕梁市,环保局,颗粒物(PM10),51,51,100,24,18,66,66,45,45,24,46,4,6,0.2,0.3
2022-10-23T17:00:00,2185A,111.1297,37.5136,吕梁市,自来水公司,颗粒物(PM10),51,52,118,12,20,61,61,42,42,24,41,4,7,0.3,0.4
2022-10-23T17:00:00,2186A,106.8288,39.6778,乌海市,聚英学校,,,,,,,,,,,,,,,,
2022-10-23T17:00:00,2187A,106.8174,39.6973,乌海市,市林业局,,35,23,34,14,21,110,109,77,77,10,32,15,29,0.5,0.8
2022-10-23T17:00:00,2188A,106.7907,39.6667,乌海市,中海勃湾学校,,35,20,58,12,32,111,111,84,84,15,44,20,40,0.4,1.1
2022-10-23T17:00:00,2191A,122.2532,43.6801,通辽市,艺术职业学校,,33,33,33,7,8,70,58,64,64,25,21,5,6,0.3,0.2
2022-10-23T17:00:00,2192A,119.7594,49.2261,呼伦贝尔市,区环保局,,18,15,28,8,19,68,57,61,61,13,19,5,5,0.2,0.4
2022-10-23T17:00:00,2194A,107.5936,40.916,巴彦淖尔市,秋林养殖基地(对照点),,,,,,,,,,,,,,,,
2022-10-23T17:00:00,2195A,107.4212,40.761,巴彦淖尔市,附二中,颗粒物(PM10),58,66,66,16,23,95,91,73,73,13,27,5,7,0.4,0.5
2022-10-23T17:00:00,2196A,107.37,40.7372,巴彦淖尔市,市环保大楼,颗粒物(PM10),53,56,58,15,26,105,104,84,84,8,25,5,4,0.4,0.5
2022-10-23T17:00:00,2197A,113.1306,40.9923,乌兰察布市,集宁新区,,25,16,32,6,15,81,77,73,73,6,13,9,8,0.5,0.5
2022-10-23T17:00:00,2200A,122.0392,46.0656,兴安盟,胜华新制药厂,,25,25,24,17,21,71,63,66,66,14,13,2,3,0.2,0.2
2022-10-23T17:00:00,2201A,121.9504,46.0741,兴安盟,科右前旗环保局,,18,18,23,11,15,72,55,66,66,24,13,6,3,0.1,0.2
2022-10-23T17:00:00,2202A,116.1042,43.9317,锡林郭勒盟,市环保监测站,,23,18,12,2,5,72,71,63,63,2,4,8,8,0.2,0.2
2022-10-23T17:00:00,2203A,116.0781,43.9311,锡林郭勒盟,市政府,,21,16,12,4,3,70,66,60,60,5,6,7,8,0.2,0.1
2022-10-23T17:00:00,2204A,105.6467,38.8363,阿拉善盟,西城区西花园(对照点),,34,28,24,9,8,113,106,104,104,9,14,8,8,0.3,0.3
2022-10-23T17:00:00,2205A,105.6985,38.8411,阿拉善盟,蒙二幼,,34,34,21,13,12,113,106,103,103,6,8,9,9,0.3,0.3
2022-10-23T17:00:00,2206A,105.724,38.8516,阿拉善盟,环保局新楼,,32,17,13,11,8,108,100,101,101,7,7,6,6,0.4,0.3
2022-10-23T17:00:00,2207A,121.6094,41.998,阜新市,工业园区,,24,24,56,9,22,71,64,66,66,15,30,5,9,0.3,0.5
2022-10-23T17:00:00,2208A,121.6697,42.0279,阜新市,长青街,,25,25,50,8,23,69,64,64,64,12,34,4,8,0.3,0.6
2022-10-23T17:00:00,2209A,121.6673,42.0705,阜新市,农业园区,,20,10,22,5,11,66,61,62,62,9,16,7,17,0.2,0.3
2022-10-23T17:00:00,2210A,121.6717,42.0224,阜新市,东苑,,26,26,62,9,23,73,67,68,68,10,33,7,21,0.5,0.8
2022-10-23T17:00:00,2211A,121.6506,42.0498,阜新市,玉龙新城,,19,13,51,4,19,68,58,63,63,12,23,5,7,0.3,0.5
2022-10-23T17:00:00,2212A,123.2,41.1953,辽阳市,宏伟区,,20,20,43,12,15,70,61,53,53,11,30,9,17,0.5,0.9
2022-10-23T17:00:00,2213A,123.1683,41.2495,辽阳市,新华园,,18,17,56,12,23,65,56,52,52,18,42,12,20,0.2,0.8
2022-10-23T17:00:00,2214A,123.2354,41.2639,辽阳市,滨河路,,26,26,54,11,31,72,50,55,55,30,40,5,14,0.6,1
2022-10-23T17:00:00,2215A,123.149,41.2991,辽阳市,铁西工业园,,28,28,69,11,45,68,52,53,53,21,42,18,19,0.5,1
2022-10-23T17:00:00,2216A,123.8139,42.3022,铁岭市,汇工街西,,20,16,45,2,35,69,64,63,63,8,29,6,22,0.5,0.8
2022-10-23T17:00:00,2217A,123.8649,42.2923,铁岭市,水上乐园,,19,18,42,4,19,62,58,56,56,22,37,7,9,1.1,1.1
2022-10-23T17:00:00,2218A,123.8486,42.2867,铁岭市,银州路东段,,19,19,51,8,28,60,54,55,55,16,32,5,7,0.8,0.8
2022-10-23T17:00:00,2219A,123.7153,42.2217,铁岭市,金沙江路北,,23,23,37,7,15,68,59,60,60,16,33,8,12,0.3,0.5
2022-10-23T17:00:00,2220A,120.4318,41.5881,朝阳市,西梁,,20,14,38,9,18,67,62,61,61,12,29,6,10,0.5,0.8
2022-10-23T17:00:00,2221A,120.4521,41.5646,朝阳市,河畔小区,,20,20,42,7,15,63,59,58,58,12,23,7,10,0.7,0.9
2022-10-23T17:00:00,2222A,120.4176,41.5648,朝阳市,八里堡,,32,32,48,11,17,65,58,58,58,13,29,17,17,0.5,0.8
2022-10-23T17:00:00,2223A,120.3806,41.5969,朝阳市,农业园区,,21,13,29,7,12,70,65,68,68,9,30,5,7,0.5,0.6
2022-10-23T17:00:00,2225A,124.4002,43.1713,四平市,一商场,,19,19,37,7,16,61,47,56,56,24,26,4,6,0.3,0.4
2022-10-23T17:00:00,2226A,124.388,43.193,四平市,境园,,18,9,35,2,13,67,56,62,62,14,23,5,6,0.0,0.2
2022-10-23T17:00:00,2227A,125.1358,42.8845,辽源市,环保局,,20,12,29,10,24,71,64,65,65,7,18,7,9,0.5,0.6
2022-10-23T17:00:00,2229A,125.9358,41.7173,通化市,光明,,20,16,25,9,14,70,62,60,60,15,20,10,14,0.4,0.4
2022-10-23T17:00:00,2230A,125.9446,41.7325,通化市,铁路,,24,24,39,12,23,74,71,62,62,12,25,9,12,0.4,0.6
2022-10-23T17:00:00,2231A,126.4219,41.9171,白山市,喜丰,,36,36,44,11,18,66,65,54,54,19,24,5,8,0.6,0.7
2022-10-23T17:00:00,2232A,126.4077,41.9419,白山市,环保局,,30,30,55,14,22,68,68,54,54,12,22,6,13,0.6,0.8
2022-10-23T17:00:00,2233A,124.8006,45.1214,松原市,江南,,27,27,35,4,10,63,57,56,56,12,19,4,41,0.3,0.3
2022-10-23T17:00:00,2234A,124.7965,45.1722,松原市,江北,,19,10,20,7,7,69,58,63,63,10,11,3,3,0.2,0.3
2022-10-23T17:00:00,2235A,122.7911,45.6077,白城市,洮北区环保局,,25,21,29,4,11,86,77,82,82,15,14,6,6,0.2,0.2
2022-10-23T17:00:00,2236A,122.8738,45.5725,白城市,市环保局,,23,15,29,9,10,78,73,74,74,7,13,5,6,0.4,0.4
2022-10-23T17:00:00,2237A,129.47,42.8883,延边朝鲜族自治州,妇幼医院,,29,25,18,20,11,66,35,50,50,25,17,14,11,0.5,0.4
2022-10-23T17:00:00,2238A,129.5055,42.9108,延边朝鲜族自治州,延边医院,,28,28,25,16,14,64,44,52,52,16,19,7,10,0.5,0.5
2022-10-23T17:00:00,2239A,129.3964,42.8881,延边朝鲜族自治州,朝阳川镇医院,,20,17,16,14,9,65,40,55,55,15,12,5,7,0.4,0.4
2022-10-23T17:00:00,2240A,130.9762,45.3001,鸡西市,环保局,,18,18,24,11,10,49,34,44,42,23,18,2,4,0.2,0.2
2022-10-23T17:00:00,2243A,130.9429,45.3039,鸡西市,第一中学,,19,17,22,13,10,58,50,52,52,7,7,3,5,0.4,0.3
2022-10-23T17:00:00,2244A,130.2537,47.3416,鹤岗市,哈啤分公司,,19,11,14,5,9,60,59,58,58,5,6,6,7,0.2,0.2
2022-10-23T17:00:00,2245A,130.2684,47.3086,鹤岗市,斯达机电,,22,22,16,14,10,61,50,58,58,13,8,5,6,0.3,0.3
2022-10-23T17:00:00,2246A,130.3114,47.3388,鹤岗市,东山纸板厂,,33,33,23,10,12,61,45,57,57,13,8,6,7,0.3,0.4
2022-10-23T17:00:00,2247A,130.1097,47.3382,鹤岗市,五号水库(对照点),,18,17,10,8,8,62,55,60,60,7,4,4,4,0.1,0.1
2022-10-23T17:00:00,2248A,131.1511,46.6937,双鸭山市,双合村,,,18,11,,7,62,25,58,52,34,12,7,5,0.3,0.2
2022-10-23T17:00:00,2249A,131.1652,46.6191,双鸭山市,南小市,颗粒物(PM10),68,85,26,10,8,62,38,60,58,24,11,6,6,0.3,0.3
2022-10-23T17:00:00,2250A,131.1524,46.6554,双鸭山市,环保局,,20,20,16,9,11,71,42,67,64,25,10,5,4,0.3,0.2
2022-10-23T17:00:00,2251A,131.12,46.5656,双鸭山市,苗圃(对照点),,35,26,20,24,18,58,40,54,53,9,6,11,5,0.5,0.3
2022-10-23T17:00:00,2252A,128.5159,47.4311,伊春市,环保局,,17,17,12,2,7,54,46,49,49,15,10,6,5,0.7,0.4
2022-10-23T17:00:00,2253A,128.9102,47.7412,伊春市,电力嘉园,,17,11,15,8,9,58,52,53,53,8,9,3,2,0.2,0.3
2022-10-23T17:00:00,2254A,129.5029,48.471,伊春市,汤旺河国家公园(对照点),,33,33,33,18,17,56,40,52,52,3,4,6,6,0.1,0.1
2022-10-23T17:00:00,2255A,130.2751,46.8028,佳木斯市,佳纺,,22,22,26,5,8,62,36,56,56,20,15,5,4,0.4,0.4
2022-10-23T17:00:00,2256A,130.3995,46.8307,佳木斯市,发电厂,,15,14,18,4,5,62,48,58,58,5,7,1,1,0.4,0.3
2022-10-23T17:00:00,2257A,130.3258,46.7975,佳木斯市,环保局,,14,12,18,6,10,59,42,54,54,16,18,4,5,0.3,0.3
2022-10-23T17:00:00,2258A,130.3648,46.8032,佳木斯市,十一中,,13,13,14,9,7,63,41,57,57,21,17,1,3,0.5,0.4
2022-10-23T17:00:00,2259A,130.3794,46.7588,佳木斯市,四丰(对照点),,,10,17,16,27,58,29,52,51,,,1,1,0.3,0.3
2022-10-23T17:00:00,2262A,131.0518,45.8751,七台河市,新一中(对照点),,23,23,19,3,10,73,64,68,68,8,10,7,7,0.3,0.3
2022-10-23T17:00:00,2263A,127.4833,50.2524,黑河市,交通局,,33,33,21,20,7,58,31,55,46,34,10,6,5,0.7,0.6
2022-10-23T17:00:00,2264A,127.5144,50.2341,黑河市,环保局,,31,31,18,9,9,60,54,57,57,10,5,6,6,0.6,0.5
2022-10-23T17:00:00,2265A,127.5291,50.2472,黑河市,大黑河岛(对照点),,16,16,15,4,4,60,48,56,54,6,3,4,7,0.2,0.2
2022-10-23T17:00:00,2266A,126.9785,46.6365,绥化市,人和东街,,17,15,31,7,17,66,53,56,56,14,21,1,4,0.5,0.5
2022-10-23T17:00:00,2267A,126.964,46.6528,绥化市,党政办公中心,,25,25,30,11,17,81,51,70,70,22,15,3,4,0.4,0.5
2022-10-23T17:00:00,2269A,124.1069,50.4097,大兴安岭地区,科技局,,18,8,6,9,9,69,57,66,66,15,5,13,3,0.3,0.3
2022-10-23T17:00:00,2270A,117.396,32.939,蚌埠市,工人疗养院,颗粒物(PM10),64,77,130,19,73,152,100,104,104,28,48,6,9,0.3,0.6
2022-10-23T17:00:00,2271A,117.3605,32.9427,蚌埠市,百货大楼,颗粒物(PM10),64,77,105,15,73,142,101,104,104,21,54,8,11,0.2,0.6
2022-10-23T17:00:00,2273A,117.4185,32.8911,蚌埠市,蚌埠学院,颗粒物(PM10),62,73,113,22,64,165,103,96,96,25,59,7,15,0.3,0.5
2022-10-23T17:00:00,2274A,117.3533,32.9673,蚌埠市,淮上区政府,颗粒物(PM10),65,80,140,22,82,133,104,104,104,6,50,8,12,0.1,0.4
2022-10-23T17:00:00,2275A,117.3145,32.8977,蚌埠市,高新区,颗粒物(PM10),58,66,140,22,83,145,111,100,100,25,61,9,14,0.3,0.7
2022-10-23T17:00:00,2277A,116.8305,32.7727,淮南市,潘集区政府,,,114,149,57,99,180,142,139,139,24,39,,6,0.5,0.5
2022-10-23T17:00:00,2278A,117.0067,32.6524,淮南市,师范学院,颗粒物(PM10),80,110,174,40,110,160,103,130,130,27,55,10,10,0.5,1.1
2022-10-23T17:00:00,2279A,116.8569,32.5951,淮南市,谢家集区政府,颗粒物(PM10),86,121,125,60,76,186,144,154,154,25,34,9,20,0.4,0.6
2022-10-23T17:00:00,2280A,116.8281,32.633,淮南市,八公山区政府,细颗粒物(PM2.5),102,112,103,76,90,191,145,154,154,20,25,12,14,0.6,0.7
2022-10-23T17:00:00,2281A,116.6325,32.6201,淮南市,焦岗湖风景区管理处(对照点),细颗粒物(PM2.5),98,134,133,73,83,201,173,165,165,4,18,13,11,0.6,0.7
2022-10-23T17:00:00,2282A,116.8004,33.975,淮北市,监测站,颗粒物(PM10),55,60,121,18,57,144,100,107,97,20,29,9,11,0.4,0.7
2022-10-23T17:00:00,2283A,116.8091,33.9007,淮北市,烈山区政府,颗粒物(PM10),53,56,112,18,62,185,100,97,97,25,34,6,8,0.3,0.6
2022-10-23T17:00:00,2284A,116.7856,33.9477,淮北市,职业技术学院,颗粒物(PM10),55,60,126,20,61,105,84,93,93,36,50,9,10,0.5,1
2022-10-23T17:00:00,2285A,117.8177,30.9412,铜陵市,市第四中学,颗粒物(PM10),85,120,116,53,60,180,173,152,152,26,48,16,8,1.1,0.7
2022-10-23T17:00:00,2286A,117.8059,30.9273,铜陵市,市公路局,细颗粒物(PM2.5),95,121,106,71,71,176,167,148,148,25,40,12,8,1.0,0.7
2022-10-23T17:00:00,2287A,117.7807,30.9413,铜陵市,市新民污水厂,颗粒物(PM10),81,111,115,56,61,184,177,154,154,25,55,17,12,0.8,0.6
2022-10-23T17:00:00,2288A,117.7439,30.8792,铜陵市,市第九中学,细颗粒物(PM2.5),98,137,135,73,72,179,162,150,150,35,61,15,11,1.1,1.3
2022-10-23T17:00:00,2289A,117.846,30.9413,铜陵市,车站新区,颗粒物(PM10),67,83,83,41,57,174,160,146,146,25,44,10,5,0.9,0.5
2022-10-23T17:00:00,2290A,117.8483,30.97,铜陵市,市职教基地,"颗粒物(PM10),细颗粒物(PM2.5)",72,93,90,52,56,186,174,154,154,19,26,12,6,1.2,0.7
2022-10-23T17:00:00,2291A,117.0809,30.5177,安庆市,环科院,臭氧1小时,103,97,80,59,52,205,205,159,159,19,22,12,10,0.8,0.7
2022-10-23T17:00:00,2292A,117.0331,30.5119,安庆市,马山宾馆,臭氧1小时,104,93,72,50,47,210,207,167,167,17,20,10,9,0.9,0.8
2022-10-23T17:00:00,2294A,116.9896,30.6145,安庆市,安庆大学,臭氧1小时,106,111,69,68,46,212,212,171,171,20,18,9,7,1.1,0.8
2022-10-23T17:00:00,2295A,118.2903,29.6963,黄山市,延安路89号,臭氧1小时,58,29,36,38,32,170,166,157,157,9,13,7,7,0.3,0.4
2022-10-23T17:00:00,2296A,118.327,29.7178,黄山市,黄山东路89号,颗粒物(PM10),51,52,44,20,30,162,160,154,151,12,16,6,6,0.2,0.3
2022-10-23T17:00:00,2297A,118.1371,30.2756,黄山市,黄山区政府5号楼,臭氧1小时,73,90,75,32,40,178,178,150,150,15,15,8,7,0.6,0.8
2022-10-23T17:00:00,2298A,118.3093,32.3153,滁州市,老年大学,颗粒物(PM10),52,53,61,21,36,128,105,113,113,19,26,8,8,0.2,0.3
2022-10-23T17:00:00,2299A,118.3244,32.2786,滁州市,人大宾馆,颗粒物(PM10),57,64,79,19,38,128,104,112,112,21,34,4,6,0.2,0.4
2022-10-23T17:00:00,2301A,115.8277,32.8929,阜阳市,市监测站,细颗粒物(PM2.5),144,163,173,110,125,202,197,156,156,22,63,15,13,0.7,1.1
2022-10-23T17:00:00,2303A,115.8554,32.8605,阜阳市,开发区,细颗粒物(PM2.5),137,161,197,104,130,218,196,163,163,31,61,11,11,0.7,0.9
2022-10-23T17:00:00,2306A,116.989,33.6306,宿州市,火车站,,,,,,,,,,,,,,,,
2022-10-23T17:00:00,2307A,116.5079,31.737,六安市,监测大楼,臭氧1小时,89,98,100,59,73,199,191,164,164,25,45,9,8,0.5,0.5
2022-10-23T17:00:00,2308A,116.4738,31.7643,六安市,皖西学院,臭氧1小时,93,94,96,46,57,196,194,174,174,15,33,8,7,0.6,0.5
2022-10-23T17:00:00,2309A,116.4996,31.7905,六安市,朝阳厂,"细颗粒物(PM2.5),臭氧1小时",77,88,91,56,64,181,181,150,150,18,33,6,4,0.7,0.6
2022-10-23T17:00:00,2310A,116.5567,31.7886,六安市,开发区,,,,134,55,83,201,197,168,168,21,49,9,9,0.7,0.6
2022-10-23T17:00:00,2311A,115.8072,33.8399,亳州市,污水处理厂,臭氧1小时,87,110,145,58,93,189,189,153,153,15,35,8,11,0.7,0.7
2022-10-23T17:00:00,2312A,115.7789,33.8518,亳州市,三国揽胜宫,"颗粒物(PM10),臭氧1小时",89,127,161,62,86,193,191,155,155,19,35,8,10,0.8,0.9
2022-10-23T17:00:00,2314A,117.47,30.6618,池州市,池州学院,臭氧1小时,89,88,87,60,60,196,191,159,159,18,29,11,10,0.9,0.8
2022-10-23T17:00:00,2315A,117.4974,30.6539,池州市,平天湖(对照点),,,,,,,,,,,,,,,,
2022-10-23T17:00:00,2316A,118.7581,30.9454,宣城市,鳌峰子站,细颗粒物(PM2.5),77,85,74,56,52,178,158,126,126,10,36,5,6,0.7,0.8
2022-10-23T17:00:00,2317A,118.7385,30.9743,宣城市,敬亭山子站,细颗粒物(PM2.5),73,85,70,53,48,170,152,132,132,28,25,6,6,0.6,0.7
2022-10-23T17:00:00,2318A,118.7173,30.9427,宣城市,开发区子站,细颗粒物(PM2.5),68,81,69,49,51,173,147,120,120,12,32,5,6,0.7,0.8
2022-10-23T17:00:00,2319A,119.0141,25.4325,莆田市,荔城区仓后路,,47,47,36,19,18,142,121,134,134,11,9,5,5,0.6,0.6
2022-10-23T17:00:00,2320A,119.0015,25.4553,莆田市,莆田市监测站,颗粒物(PM10),54,57,33,20,17,152,129,140,140,11,9,6,6,0.5,0.5
2022-10-23T17:00:00,2321A,119.1119,25.4561,莆田市,涵江区六中,,43,43,35,23,23,130,119,124,124,10,7,6,6,0.5,0.5
2022-10-23T17:00:00,2322A,119.1013,25.3215,莆田市,秀屿区政府,颗粒物(PM10),55,60,36,24,21,136,118,125,125,9,7,10,7,0.7,0.7
2022-10-23T17:00:00,2323A,118.981,25.4792,莆田市,东圳水库(对照点),,,,,,,,,,,,,,,,
2022-10-23T17:00:00,2324A,117.6211,26.2625,三明市,三钢,,47,42,45,24,26,161,148,136,136,10,30,5,7,0.4,0.6
2022-10-23T17:00:00,2325A,117.635,26.2714,三明市,三明二中,,44,38,41,22,22,152,140,127,127,10,28,5,6,0.4,0.6
2022-10-23T17:00:00,2326A,117.6028,26.2378,三明市,三元区政府,,43,37,47,26,27,148,136,124,124,15,33,5,9,0.5,0.8
2022-10-23T17:00:00,2327A,117.7275,26.3108,三明市,洋溪(对照点),,,,,,,,,,,,,,,,
2022-10-23T17:00:00,2331A,118.0966,26.6761,南平市,茫荡山(对照点),,,,,,,,,,,,,,,,
2022-10-23T17:00:00,2332A,118.1681,26.6369,南平市,南平市监测站,,45,33,39,18,24,156,143,135,135,7,29,7,12,0.5,0.7
2022-10-23T17:00:00,2333A,118.1825,26.6489,南平市,南平铝业有限公司,,44,40,43,22,25,150,138,130,130,8,33,5,16,0.5,0.7
2022-10-23T17:00:00,2334A,118.1756,26.6272,南平市,南平七中,,48,35,41,23,26,165,151,143,143,8,26,7,10,0.6,0.7
2022-10-23T17:00:00,2335A,117.0189,25.1181,龙岩市,龙岩师专(对照点),,,,,,,,,,,,,,,,
2022-10-23T17:00:00,2336A,117.0217,25.1033,龙岩市,龙岩市监测站,,42,31,41,19,20,141,133,128,128,14,30,9,10,0.4,0.6
2022-10-23T17:00:00,2337A,117.0258,25.0661,龙岩市,闽西职业技术学院,,44,31,56,16,22,143,138,129,129,7,40,8,23,0.4,0.6
2022-10-23T17:00:00,2338A,117.0196,25.0306,龙岩市,龙岩学院,,44,33,33,15,20,148,138,129,129,9,21,5,6,0.4,0.4
2022-10-23T17:00:00,2339A,119.5001,26.6946,宁德市,金涵水库(对照点),,,,,,,,,,,,,,,,
2022-10-23T17:00:00,2341A,119.5388,26.6612,宁德市,宁德市监测站,,48,45,32,33,18,166,150,139,139,15,12,6,8,0.5,0.5
2022-10-23T17:00:00,2342A,117.3102,29.3867,景德镇市,王港中学(对照点),,33,33,40,21,28,118,102,109,109,5,6,6,7,0.1,0.3
2022-10-23T17:00:00,2343A,117.2117,29.2933,景德镇市,老干部活动中心,颗粒物(PM10),52,54,70,22,35,169,137,153,153,11,14,6,9,0.7,0.9
2022-10-23T17:00:00,2344A,117.1894,29.2789,景德镇市,兽医站,,46,39,54,22,37,174,146,160,160,11,14,5,8,0.7,0.8
2022-10-23T17:00:00,2345A,117.1547,29.2617,景德镇市,台达陶瓷,,46,36,54,32,36,158,129,144,144,17,17,8,10,0.7,0.9
2022-10-23T17:00:00,2346A,117.2461,29.2956,景德镇市,陶研所,,44,42,54,25,29,160,139,144,144,8,12,5,6,0.7,0.8
2022-10-23T17:00:00,2347A,114.0997,27.5002,萍乡市,武功山(对照点),,50,25,38,22,27,159,157,145,145,10,15,21,17,0.3,0.7
2022-10-23T17:00:00,2348A,113.8385,27.6434,萍乡市,中医院,臭氧1小时,72,45,70,35,43,196,177,180,180,16,29,7,19,0.6,0.8
2022-10-23T17:00:00,2349A,113.8493,27.6253,萍乡市,市政府车库,臭氧1小时,88,52,76,39,51,207,190,189,189,13,26,12,18,0.5,0.9
2022-10-23T17:00:00,2350A,113.8676,27.6435,萍乡市,市环保局,臭氧1小时,75,55,70,38,46,201,180,183,183,12,21,14,27,0.7,0.9
2022-10-23T17:00:00,2351A,113.866,27.6198,萍乡市,安源区政府,臭氧1小时,70,58,68,32,47,197,176,179,179,12,24,16,18,0.5,0.8
2022-10-23T17:00:00,2352A,115.0861,27.9317,新余市,北岗(对照点),,49,49,68,29,38,106,105,93,93,9,14,14,18,0.6,0.7
2022-10-23T17:00:00,2353A,114.9886,27.8431,新余市,飞宇,,50,50,67,26,36,145,144,134,134,9,17,12,26,0.3,0.4
2022-10-23T17:00:00,2354A,114.9231,27.8246,新余市,第二水厂,,50,50,66,29,39,151,151,141,141,10,17,12,18,0.8,0.9
2022-10-23T17:00:00,2355A,114.9308,27.8036,新余市,市气象局,,50,41,57,31,37,157,157,146,146,3,10,14,20,0.5,0.6
2022-10-23T17:00:00,2357A,116.9822,28.1136,鹰潭市,龙虎山(对照点),臭氧1小时,112,60,56,32,25,234,224,212,212,9,11,9,6,0.5,0.5
2022-10-23T17:00:00,2358A,117.0564,28.2642,鹰潭市,新监测站,臭氧1小时,73,34,63,29,36,214,178,192,192,4,20,4,13,0.3,0.4
2022-10-23T17:00:00,2359A,117.0311,28.2475,鹰潭市,财苑宾馆,臭氧1小时,75,45,67,29,36,226,180,205,205,7,19,5,13,0.2,0.4
2022-10-23T17:00:00,2360A,117.0222,28.2264,鹰潭市,体育馆,臭氧1小时,79,46,69,29,41,227,183,206,206,8,23,4,10,0.2,0.4
2022-10-23T17:00:00,2361A,117.0017,28.2131,鹰潭市,三川水表,臭氧1小时,73,48,81,29,33,225,178,200,200,11,27,5,11,0.5,0.7
2022-10-23T17:00:00,2362A,114.9017,25.9149,赣州市,通天岩(对照点),臭氧1小时,99,36,40,28,24,199,199,174,174,7,8,11,11,0.5,0.5
2022-10-23T17:00:00,2363A,114.9367,25.8664,赣州市,地委,臭氧1小时,88,57,58,28,28,190,190,176,176,18,17,36,19,0.9,0.8
2022-10-23T17:00:00,2364A,114.9461,25.8481,赣州市,气象台,臭氧1小时,93,43,50,42,35,194,194,179,179,13,15,19,22,0.6,0.6
2022-10-23T17:00:00,2365A,114.9322,25.8333,赣州市,市图书馆,臭氧1小时,101,41,48,21,27,202,202,182,182,13,14,5,8,0.7,0.7
2022-10-23T17:00:00,2366A,114.8905,25.8471,赣州市,华坚鞋城,臭氧1小时,83,45,51,35,29,186,186,164,164,11,11,14,14,0.7,0.7
2022-10-23T17:00:00,2367A,114.9754,27.0803,吉安市,红声器材厂,臭氧1小时,99,69,68,36,35,203,199,185,185,16,18,12,13,0.7,0.6
2022-10-23T17:00:00,2368A,114.9658,27.0999,吉安市,市森林工业局,臭氧1小时,105,67,62,33,36,211,209,194,194,14,17,10,11,0.3,0.5
2022-10-23T17:00:00,2369A,114.99,27.1312,吉安市,市环境监测站,臭氧1小时,106,70,65,36,36,212,212,195,195,18,20,8,10,0.5,0.5
2022-10-23T17:00:00,2370A,115.0093,27.0968,吉安市,青原区法院,臭氧1小时,101,67,59,39,41,205,202,186,186,12,14,12,16,0.6,0.6
2022-10-23T17:00:00,2371A,114.3408,27.8064,宜春市,槟榔水业(对照点),,,,,,,,,,,,,,,,
2022-10-23T17:00:00,2373A,114.3956,27.7844,宜春市,市石油公司,,48,42,69,23,37,164,151,150,150,16,28,5,7,0.8,1
2022-10-23T17:00:00,2374A,114.3703,27.7914,宜春市,市气象局,,45,40,68,22,38,160,142,146,146,14,30,8,12,0.6,0.9
2022-10-23T17:00:00,2375A,114.4013,27.8074,宜春市,市广电局,,46,39,64,21,40,159,145,143,143,13,25,4,14,0.8,0.9
2022-10-23T17:00:00,2376A,116.2127,28.0814,抚州市,桐源党溪(对照点),臭氧1小时,75,57,55,30,32,189,180,170,170,7,9,15,15,0.4,0.5
2022-10-23T17:00:00,2377A,116.3544,27.9831,抚州市,市站,臭氧1小时,87,56,59,35,37,195,189,170,170,10,12,6,9,0.7,0.7
2022-10-23T17:00:00,2378A,116.3565,27.963,抚州市,血防站,臭氧1小时,88,60,62,35,36,196,190,172,172,15,15,6,8,0.8,0.8
2022-10-23T17:00:00,2379A,116.3564,28.0007,抚州市,采茶剧团,臭氧1小时,75,54,60,31,37,189,180,165,165,12,13,4,5,0.7,0.7
2022-10-23T17:00:00,2380A,116.385,27.9647,抚州市,医学分院,臭氧1小时,92,51,62,29,34,198,193,172,172,16,18,5,7,0.8,0.8
2022-10-23T17:00:00,2381A,118.005,28.4572,上饶市,百草园(对照点),"细颗粒物(PM2.5),臭氧1小时",52,49,55,36,31,180,161,170,169,8,13,3,8,0.5,0.5
2022-10-23T17:00:00,2382A,117.9756,28.4436,上饶市,市监测站,臭氧1小时,59,56,73,31,37,191,167,178,178,9,21,5,23,0.7,0.6
2022-10-23T17:00:00,2383A,117.9519,28.4628,上饶市,凤凰光学,颗粒物(PM10),52,53,78,32,39,177,157,168,168,15,34,10,26,0.7,0.7
2022-10-23T17:00:00,2385A,114.17,35.9019,鹤壁市,市监测站,颗粒物(PM10),72,94,101,46,58,157,151,130,130,26,30,13,10,0.6,0.7
2022-10-23T17:00:00,2386A,114.2956,35.7511,鹤壁市,市交警支队,颗粒物(PM10),74,97,107,49,56,162,162,128,128,21,40,15,13,0.4,0.6
2022-10-23T17:00:00,2387A,114.2878,35.7306,鹤壁市,迎宾馆,,,,101,,53,163,163,114,114,34,32,14,12,0.6,0.8
2022-10-23T17:00:00,2389A,113.836,35.311,新乡市,环保西院,颗粒物(PM10),86,121,131,61,68,183,183,138,138,22,44,14,11,0.6,0.7
2022-10-23T17:00:00,2390A,113.884,35.272,新乡市,开发区,颗粒物(PM10),94,137,122,61,55,182,179,136,136,22,34,14,12,0.8,0.7
2022-10-23T17:00:00,2391A,113.883,35.303,新乡市,环保东院,颗粒物(PM10),88,125,121,52,49,182,182,135,135,17,39,10,10,0.6,0.6
2022-10-23T17:00:00,2392A,115.0312,35.7636,濮阳市,环保局,颗粒物(PM10),62,74,94,43,51,163,160,134,134,21,37,9,11,0.6,0.7
2022-10-23T17:00:00,2394A,115.0574,35.7609,濮阳市,油田运输公司,颗粒物(PM10),69,88,127,47,53,165,165,140,140,22,37,10,15,0.5,0.6
2022-10-23T17:00:00,2395A,115.0866,35.7754,濮阳市,油田物探公司,颗粒物(PM10),66,82,102,45,54,159,158,134,134,14,28,9,11,0.4,0.4
2022-10-23T17:00:00,2396A,113.8276,34.0159,许昌市,监测站,"颗粒物(PM10),臭氧1小时",74,98,127,46,71,179,179,144,144,16,30,8,11,0.6,0.9
2022-10-23T17:00:00,2398A,113.7906,33.9953,许昌市,开发区,臭氧1小时,82,94,122,53,76,185,185,148,148,15,30,10,13,0.5,0.9
2022-10-23T17:00:00,2399A,114.051,33.5699,漯河市,三五一五工厂,"颗粒物(PM10),细颗粒物(PM2.5)",94,137,177,70,106,193,193,139,139,22,37,10,10,0.7,0.9
2022-10-23T17:00:00,2400A,114.0055,33.5698,漯河市,漯河大学,颗粒物(PM10),103,155,185,73,102,196,196,153,153,14,37,14,15,0.6,0.8
2022-10-23T17:00:00,2401A,114.0138,33.5828,漯河市,市水利局,"细颗粒物(PM2.5),臭氧1小时",92,129,172,68,103,193,193,142,142,22,41,13,13,0.8,1
2022-10-23T17:00:00,2402A,114.0261,33.5698,漯河市,市广电局,细颗粒物(PM2.5),103,129,176,77,111,194,194,140,140,20,35,11,11,0.7,1
2022-10-23T17:00:00,2403A,112.5192,32.9917,南阳市,环保局,颗粒物(PM10),103,156,147,53,58,210,204,184,184,22,28,11,12,0.7,0.8
2022-10-23T17:00:00,2404A,112.5339,33.0086,南阳市,瓦房庄,臭氧1小时,101,132,124,75,71,203,201,177,177,24,34,10,11,0.8,0.8
2022-10-23T17:00:00,2405A,112.5003,32.9735,南阳市,汉画馆,细颗粒物(PM2.5),109,160,141,82,77,208,197,180,180,27,27,7,8,0.8,0.9
2022-10-23T17:00:00,2406A,112.5779,33.0144,南阳市,气象站,臭氧1小时,100,147,144,73,71,205,200,179,179,25,27,12,13,0.8,0.9
2022-10-23T17:00:00,2407A,112.548,32.9692,南阳市,理工学院,颗粒物(PM10),104,157,154,51,58,209,203,182,182,20,26,7,8,0.7,0.9
2022-10-23T17:00:00,2408A,115.6702,34.4285,商丘市,环境监测站,细颗粒物(PM2.5),74,83,123,54,70,160,148,130,130,23,38,9,12,0.6,0.7
2022-10-23T17:00:00,2409A,115.6458,34.4045,商丘市,粮食局,颗粒物(PM10),91,132,145,67,77,167,158,126,126,14,26,6,8,0.8,0.9
2022-10-23T17:00:00,2410A,115.6293,34.3948,商丘市,睢阳区环保局,细颗粒物(PM2.5),90,108,128,67,71,194,163,135,135,27,32,7,9,0.5,0.5
2022-10-23T17:00:00,2420A,114.0189,32.9656,驻马店市,市一纸厂,颗粒物(PM10),103,156,177,71,100,200,176,156,156,24,41,8,7,0.4,0.7
2022-10-23T17:00:00,2421A,114.0114,33.015,驻马店市,市彩印厂,颗粒物(PM10),90,130,140,66,93,178,153,151,151,22,32,10,10,0.4,0.6
2022-10-23T17:00:00,2422A,113.9976,32.9771,驻马店市,天方二分厂,细颗粒物(PM2.5),110,148,178,83,108,204,176,154,154,24,37,6,6,0.6,0.8
2022-10-23T17:00:00,2423A,115.0601,30.2313,黄石市,沈家营,臭氧1小时,101,57,79,34,47,204,201,177,177,13,35,12,10,0.8,0.7
2022-10-23T17:00:00,2424A,115.0817,30.2006,黄石市,陈家湾,臭氧1小时,85,61,83,36,54,204,188,158,158,22,35,15,11,0.7,0.7
2022-10-23T17:00:00,2426A,114.8988,30.2019,黄石市,铁山,臭氧1小时,108,80,111,42,59,224,216,192,192,23,52,22,31,1.0,1.2
2022-10-23T17:00:00,2427A,115.0307,30.2092,黄石市,团城山,臭氧1小时,105,67,90,26,46,218,210,180,180,16,35,10,14,0.5,0.6
2022-10-23T17:00:00,2428A,111.0419,32.395,十堰市,武当山(对照点),臭氧1小时,100,63,54,31,30,222,200,209,209,14,13,12,11,0.7,0.7
2022-10-23T17:00:00,2429A,110.78,32.6494,十堰市,滨河新村,臭氧1小时,73,83,88,44,44,184,178,144,144,28,54,16,13,0.9,1
2022-10-23T17:00:00,2430A,110.7258,32.6389,十堰市,刘家沟,臭氧1小时,83,98,99,39,41,192,186,147,147,17,23,16,11,0.8,0.8
2022-10-23T17:00:00,2431A,110.8839,32.5714,十堰市,铁二处,臭氧1小时,105,94,62,33,31,209,209,161,161,23,26,15,9,0.7,0.6
2022-10-23T17:00:00,2432A,112.155,32.0197,襄阳市,襄城运动路,颗粒物(PM10),104,158,112,75,70,223,193,166,166,39,44,14,15,0.9,1
2022-10-23T17:00:00,2433A,112.1392,32.0564,襄阳市,樊城新华路,细颗粒物(PM2.5),104,120,136,78,84,222,206,174,174,16,42,16,17,1.0,1.2
2022-10-23T17:00:00,2434A,112.1825,32.1142,襄阳市,高新管委会,臭氧1小时,104,115,140,70,91,219,208,182,182,16,44,6,9,1.0,1.2
2022-10-23T17:00:00,2435A,112.2106,32.0903,襄阳市,襄州航空路,臭氧1小时,100,130,148,74,89,213,200,172,172,26,48,15,14,0.9,1.1
2022-10-23T17:00:00,2436A,114.8938,30.3994,鄂州市,市政府,臭氧1小时,65,50,73,33,48,182,172,165,165,22,34,11,14,0.7,0.7
2022-10-23T17:00:00,2437A,114.8989,30.3714,鄂州市,赵家坝,臭氧1小时,85,71,74,28,46,189,188,171,171,18,31,8,11,0.4,0.5
2022-10-23T17:00:00,2438A,114.8131,30.4133,鄂州市,凡口开发区,,,,,,,,,,,,,,,,
2022-10-23T17:00:00,2439A,112.2014,31.0481,荆门市,竹园小学,臭氧1小时,105,79,98,50,55,222,210,193,193,15,23,15,12,0.8,1.1
2022-10-23T17:00:00,2440A,112.1969,30.9891,荆门市,掇刀,臭氧1小时,103,77,94,46,55,218,205,197,197,13,20,9,11,0.7,1
2022-10-23T17:00:00,2441A,112.2213,31.0386,荆门市,石化一小,臭氧1小时,108,92,96,54,54,225,215,199,199,12,19,13,12,0.6,0.7
2022-10-23T17:00:00,2443A,113.9153,30.9285,孝感市,文化路,臭氧1小时,67,58,76,36,51,186,173,173,173,14,24,8,8,0.7,0.7
2022-10-23T17:00:00,2444A,113.942,30.9075,孝感市,东城区,臭氧1小时,70,68,83,34,44,192,176,180,180,15,23,11,11,0.7,0.7
2022-10-23T17:00:00,2446A,114.9028,30.4742,黄冈市,职工中心,臭氧1小时,99,68,85,38,45,207,199,184,184,17,20,8,8,0.5,0.5
2022-10-23T17:00:00,2447A,114.3175,29.8142,咸宁市,森林公园(对照点),臭氧1小时,103,62,65,22,40,213,206,170,170,10,14,12,11,0.8,0.7
2022-10-23T17:00:00,2448A,114.3107,29.8454,咸宁市,市发改委,臭氧1小时,105,95,84,33,46,210,210,175,175,14,26,14,11,0.9,0.8
2022-10-23T17:00:00,2449A,114.2936,29.8566,咸宁市,咸安区政府,臭氧1小时,99,93,76,22,44,199,199,169,169,23,33,16,12,0.8,0.8
2022-10-23T17:00:00,2450A,114.3375,29.8683,咸宁市,长江产业园,,,,,,,,,,,,,,,,
2022-10-23T17:00:00,2451A,113.3583,31.7275,随州市,市委党校,臭氧1小时,85,77,93,53,63,208,188,175,175,12,34,8,9,0.6,0.8
2022-10-23T17:00:00,2452A,113.3833,31.6908,随州市,市林业局,臭氧1小时,98,69,80,40,60,209,198,176,176,17,27,11,12,0.6,0.7
2022-10-23T17:00:00,2453A,113.3983,31.7308,随州市,市立交桥水厂,臭氧1小时,80,65,83,45,62,197,184,173,173,16,35,8,8,0.6,0.8
2022-10-23T17:00:00,2454A,109.4978,30.2981,恩施土家族苗族自治州,湖北民院,,,,82,,75,56,,55,,,21,,9,,0.9
2022-10-23T17:00:00,2455A,109.4707,30.2798,恩施土家族苗族自治州,州电力总公司,,43,43,77,25,48,141,133,96,96,16,27,12,7,0.8,1
2022-10-23T17:00:00,2456A,112.5003,26.9167,衡阳市,原169医院(对照点),臭氧1小时,67,64,69,37,44,176,173,162,162,15,18,13,13,0.8,0.8
2022-10-23T17:00:00,2457A,112.6194,26.9258,衡阳市,衡阳化工总厂,臭氧1小时,104,75,87,40,55,207,207,187,187,12,16,8,19,0.6,0.8
2022-10-23T17:00:00,2458A,112.6211,26.8956,衡阳市,珠晖区环保局,臭氧1小时,99,76,76,36,50,199,199,178,178,17,22,8,13,0.8,0.9
2022-10-23T17:00:00,2459A,112.6197,26.8733,衡阳市,市委党校,臭氧1小时,99,70,69,36,43,199,199,178,178,14,15,10,13,0.8,0.8
2022-10-23T17:00:00,2460A,112.6006,26.8919,衡阳市,市监测站,臭氧1小时,102,68,84,45,55,204,204,183,183,14,17,7,12,0.7,0.8
2022-10-23T17:00:00,2461A,112.5664,26.9056,衡阳市,真空机电公司,臭氧1小时,101,68,68,,42,210,202,187,187,15,16,10,9,0.7,0.7
2022-10-23T17:00:00,2462A,111.5239,27.3033,邵阳市,市水土所(对照点),细颗粒物(PM2.5),70,51,56,51,62,147,135,139,139,7,11,10,11,0.4,0.5
2022-10-23T17:00:00,2463A,111.4733,27.2317,邵阳市,市一中,臭氧1小时,64,56,67,25,46,193,171,171,171,10,17,10,16,0.5,0.7
2022-10-23T17:00:00,2464A,111.5283,27.2442,邵阳市,市化工厂,臭氧1小时,67,59,78,36,46,188,173,174,174,9,17,8,17,0.3,0.5
2022-10-23T17:00:00,2465A,111.4503,27.2537,邵阳市,市罐头厂,臭氧1小时,57,54,65,34,50,180,165,168,168,8,19,9,20,0.4,0.5
2022-10-23T17:00:00,2466A,111.4328,27.2272,邵阳市,市环保局,臭氧1小时,69,57,69,34,54,192,175,172,172,8,16,7,15,0.4,0.6
2022-10-23T17:00:00,2467A,112.4067,28.6428,益阳市,甘溪港(对照点),臭氧1小时,80,71,89,29,60,198,184,175,175,9,14,6,8,0.6,0.7
2022-10-23T17:00:00,2468A,112.3458,28.5808,益阳市,市环保局,臭氧1小时,98,48,86,43,69,207,198,184,184,19,22,6,11,0.6,0.7
2022-10-23T17:00:00,2469A,112.3437,28.5531,益阳市,市特殊教育学校,臭氧1小时,102,81,106,49,79,208,204,186,186,17,22,6,11,0.7,0.8
2022-10-23T17:00:00,2470A,112.3347,28.6047,益阳市,资阳区政务中心,臭氧1小时,92,54,81,41,69,204,193,182,182,21,25,5,10,0.7,0.8
2022-10-23T17:00:00,2471A,112.3744,28.5819,益阳市,赫山环保分局,臭氧1小时,94,69,88,39,68,205,195,182,182,21,24,4,8,0.6,0.7
2022-10-23T17:00:00,2472A,113.0073,25.9061,郴州市,马头岭(对照点),臭氧1小时,124,55,59,30,35,247,247,212,212,13,31,6,12,0.5,0.4
2022-10-23T17:00:00,2473A,113.0116,25.8226,郴州市,市职中,臭氧1小时,106,59,66,44,43,212,212,184,184,13,26,9,10,0.5,0.6
2022-10-23T17:00:00,2474A,113.0161,25.8001,郴州市,兴隆步行街,臭氧1小时,102,55,65,37,45,204,204,182,182,15,20,10,12,0.7,0.7
2022-10-23T17:00:00,2475A,113.0383,25.8071,郴州市,市审计局,臭氧1小时,104,59,62,37,43,207,207,185,185,15,20,12,14,0.6,0.6
2022-10-23T17:00:00,2476A,113.0348,25.7759,郴州市,市环保局,臭氧1小时,73,58,65,26,45,179,178,168,168,36,30,11,14,0.6,0.6
2022-10-23T17:00:00,2477A,111.6217,26.2081,永州市,零陵南津渡(对照点),,,64,65,29,41,214,188,195,195,,17,11,17,0.5,0.5
2022-10-23T17:00:00,2478A,111.6156,26.4214,永州市,市环境监测站,臭氧1小时,83,48,67,32,42,196,186,188,188,16,19,6,13,0.5,0.6
2022-10-23T17:00:00,2479A,111.6236,26.2331,永州市,零陵区环保局,臭氧1小时,83,55,74,34,48,206,186,189,189,22,27,10,22,0.5,0.6
2022-10-23T17:00:00,2480A,111.5992,26.4364,永州市,永州市环保局,臭氧1小时,85,46,67,41,64,200,188,187,187,19,20,5,12,0.5,0.5
2022-10-23T17:00:00,2481A,111.5989,26.4519,永州市,冷水滩区环保局,臭氧1小时,80,53,72,34,47,192,184,185,185,12,13,5,9,0.6,0.6
2022-10-23T17:00:00,2482A,109.5981,27.5721,怀化市,林科所(对照点),臭氧1小时,70,48,60,21,33,176,176,165,165,13,14,8,11,0.6,0.7
2022-10-23T17:00:00,2483A,109.9453,27.5444,怀化市,河西地税局,臭氧1小时,67,50,57,28,41,173,173,160,160,7,9,8,12,0.4,0.4
2022-10-23T17:00:00,2484A,109.9781,27.5342,怀化市,市四医院,臭氧1小时,58,53,63,27,41,166,166,153,153,8,10,10,31,0.4,0.5
2022-10-23T17:00:00,2485A,109.9972,27.5578,怀化市,监测楼,臭氧1小时,64,57,67,21,40,171,171,156,156,11,15,10,37,0.3,0.4
2022-10-23T17:00:00,2486A,110.0394,27.583,怀化市,市委党校,臭氧1小时,60,44,65,28,49,168,168,155,155,6,9,9,57,0.5,0.6
2022-10-23T17:00:00,2487A,111.9589,27.8901,娄底市,电视发射台(对照点),臭氧1小时,64,48,64,25,37,190,171,180,172,7,8,3,4,0.6,0.7
2022-10-23T17:00:00,2488A,111.9975,27.725,娄底市,市监测站,臭氧1小时,59,54,82,25,48,176,167,161,161,13,23,6,16,0.4,0.8
2022-10-23T17:00:00,2489A,112.0194,27.7314,娄底市,市委党校,臭氧1小时,63,57,85,38,55,181,170,165,165,16,24,7,14,0.5,0.8
2022-10-23T17:00:00,2490A,111.9561,27.7569,娄底市,涟钢,颗粒物(PM10),57,63,81,35,49,169,151,156,156,29,27,17,14,1.5,1
2022-10-23T17:00:00,2491A,111.9892,27.7044,娄底市,市政府,臭氧1小时,54,52,80,23,55,172,163,155,155,10,18,7,10,0.4,0.7
2022-10-23T17:00:00,2492A,109.6414,28.2558,湘西州,跃进水库(对照点),臭氧1小时,58,41,43,28,31,169,166,149,149,4,11,11,8,0.4,0.3
2022-10-23T17:00:00,2493A,109.7325,28.3169,湘西州,州政府,臭氧1小时,67,36,48,26,32,173,173,148,148,6,14,10,8,0.3,0.6
2022-10-23T17:00:00,2494A,109.6958,28.2675,湘西州,吉首市计生局,臭氧1小时,54,46,48,29,34,170,163,143,143,8,18,9,7,0.4,0.5
2022-10-23T17:00:00,2495A,111.3014,23.4832,梧州市,市逸夫小学,臭氧1小时,70,59,134,42,55,187,176,154,154,7,62,10,14,0.7,1.2
2022-10-23T17:00:00,2496A,111.3239,23.4794,梧州市,市十一中,臭氧1小时,64,46,117,34,47,182,171,154,154,17,53,10,11,0.5,0.7
2022-10-23T17:00:00,2497A,111.247,23.4189,梧州市,龙圩,臭氧1小时,64,68,102,42,46,171,171,140,140,21,47,9,9,1.2,1.2
2022-10-23T17:00:00,2498A,111.2711,23.4835,梧州市,龙新,臭氧1小时,68,72,130,44,50,180,174,144,144,10,56,9,10,0.6,0.9
2022-10-23T17:00:00,2499A,108.3411,21.6158,防城港市,沙万,细颗粒物(PM2.5),60,59,67,43,44,158,156,133,133,21,37,13,15,0.9,0.9
2022-10-23T17:00:00,2500A,108.3514,21.7731,防城港市,防城档案局,颗粒物(PM10),61,71,104,39,50,156,140,128,128,16,29,11,9,0.6,0.8
2022-10-23T17:00:00,2501A,108.3506,21.6414,防城港市,大海花园,"颗粒物(PM10),臭氧1小时",57,64,60,34,40,165,165,139,139,11,19,12,13,0.7,0.8
2022-10-23T17:00:00,2502A,108.6236,21.9667,钦州市,市环保站,颗粒物(PM10),53,56,85,27,54,152,151,134,134,13,33,7,17,0.9,1.3
2022-10-23T17:00:00,2503A,108.6549,21.9481,钦州市,沙埠小学,臭氧1小时,60,58,115,32,69,172,168,153,153,11,44,8,11,0.8,1.2
2022-10-23T17:00:00,2504A,108.5989,21.7431,钦州市,港区一小,颗粒物(PM10),61,71,87,35,51,172,168,142,142,14,36,12,16,0.8,0.9
2022-10-23T17:00:00,2505A,109.568,23.1478,贵港市,德智高中(对照点),,,,,,,,,,,,,,,,
2022-10-23T17:00:00,2506A,109.6047,23.0666,贵港市,江南子站,臭氧1小时,78,40,101,36,56,192,182,163,163,16,46,8,10,0.7,1
2022-10-23T17:00:00,2507A,109.6014,23.0948,贵港市,贵城子站,臭氧1小时,78,42,89,38,58,184,182,157,157,11,44,10,12,0.8,1.2
2022-10-23T17:00:00,2508A,109.5669,23.1065,贵港市,荷城子站,臭氧1小时,53,51,85,29,47,163,162,143,143,16,40,10,12,0.7,0.8
2022-10-23T17:00:00,2509A,110.1106,22.7019,玉林市,寒山水库(对照点),臭氧1小时,55,54,70,34,42,168,164,148,148,8,17,3,4,0.5,0.6
2022-10-23T17:00:00,2510A,110.1675,22.6411,玉林市,市监测站,臭氧1小时,73,59,80,40,49,181,178,143,143,14,38,5,10,0.6,0.8
2022-10-23T17:00:00,2511A,110.1433,22.6164,玉林市,南江一中,臭氧1小时,75,58,122,31,64,180,180,144,144,12,48,5,33,0.8,1
2022-10-23T17:00:00,2512A,106.6103,23.9011,百色市,市监测站,,30,24,22,16,12,94,94,66,66,6,11,7,7,0.6,0.7
2022-10-23T17:00:00,2513A,106.6538,23.8859,百色市,市中心血站,,31,28,32,14,15,99,99,71,71,9,18,4,4,0.7,0.8
2022-10-23T17:00:00,2514A,111.5264,24.4172,贺州市,环保小区,臭氧1小时,83,77,79,44,45,190,186,173,173,15,26,9,9,0.9,1
2022-10-23T17:00:00,2515A,111.5608,24.4078,贺州市,政协大楼,臭氧1小时,103,68,76,42,43,205,205,189,189,14,34,11,11,0.8,0.9
2022-10-23T17:00:00,2516A,108.2011,24.715,河池市,东仁乐园(对照点),,,,,,,,,,,,,,,,
2022-10-23T17:00:00,2517A,108.0497,24.6947,河池市,市环保站,,37,36,40,19,21,139,117,118,118,10,27,7,7,0.5,0.6
2022-10-23T17:00:00,2518A,108.0983,24.6989,河池市,市疾控中心,,42,32,107,24,31,151,134,124,124,5,32,8,7,0.5,0.6
2022-10-23T17:00:00,2519A,109.2328,23.7361,来宾市,来宾二中,,,,,,,,,,,,,,,,
2022-10-23T17:00:00,2520A,109.2203,23.7256,来宾市,来宾技工学校,臭氧1小时,99,69,89,35,47,200,199,173,173,10,27,15,14,0.7,0.9
2022-10-23T17:00:00,2521A,107.3476,22.4136,崇左市,市环保局江州分局,,48,48,49,24,24,113,105,82,82,6,13,7,6,0.5,0.6
2022-10-23T17:00:00,2522A,107.3702,22.3707,崇左市,城南新区,,48,48,50,30,30,139,135,106,106,7,23,5,3,0.5,0.6
2022-10-23T17:00:00,2523A,105.8945,32.4535,广元市,黑石坡(对照点),,31,28,32,15,27,128,98,75,75,10,16,6,5,0.4,0.5
2022-10-23T17:00:00,2524A,105.821,32.4444,广元市,老城,,49,49,59,26,31,120,88,72,72,22,40,10,14,0.8,0.9
2022-10-23T17:00:00,2525A,105.8153,32.4246,广元市,南坝,,,,,,,,,,,,,,,,
2022-10-23T17:00:00,2526A,105.8628,32.4287,广元市,监测站,,49,26,36,34,22,107,101,71,71,11,14,5,6,0.7,0.7
2022-10-23T17:00:00,2527A,105.5453,30.5678,遂宁市,石溪浩(对照点),颗粒物(PM10),84,118,99,52,48,156,139,89,89,31,39,23,15,0.7,0.6
2022-10-23T17:00:00,2528A,105.5582,30.5232,遂宁市,市监测站,颗粒物(PM10),95,140,95,64,50,134,117,81,81,40,53,17,9,0.8,0.8
2022-10-23T17:00:00,2529A,105.5861,30.5366,遂宁市,行政中心,细颗粒物(PM2.5),89,122,97,66,58,153,124,80,80,32,42,22,20,0.9,0.8
2022-10-23T17:00:00,2530A,105.5918,30.4728,遂宁市,美宁食品公司,细颗粒物(PM2.5),84,115,138,62,61,144,131,93,93,14,87,26,23,0.7,0.7
2022-10-23T17:00:00,2531A,105.0703,29.61,内江市,市监测站,细颗粒物(PM2.5),143,138,123,109,92,174,146,102,102,63,61,18,12,1.0,1.1
2022-10-23T17:00:00,2532A,105.0717,29.5947,内江市,东兴区政府,颗粒物(PM10),100,150,129,0,96,176,160,103,103,35,45,17,13,0.7,0.8
2022-10-23T17:00:00,2533A,105.0653,29.5817,内江市,内江二中,细颗粒物(PM2.5),155,128,119,118,95,157,157,100,100,30,48,17,10,0.7,0.8
2022-10-23T17:00:00,2534A,105.0406,29.5822,内江市,内江日报社,细颗粒物(PM2.5),188,174,138,141,119,165,159,98,98,42,72,36,21,0.8,0.9
2022-10-23T17:00:00,2535A,103.7723,29.5462,乐山市,花湖湾(对照点),细颗粒物(PM2.5),107,92,111,80,83,187,133,67,67,17,42,8,8,0.9,1.1
2022-10-23T17:00:00,2536A,103.7627,29.5844,乐山市,牛耳桥,细颗粒物(PM2.5),97,103,111,72,82,164,124,59,59,26,62,11,8,0.8,1.1
2022-10-23T17:00:00,2537A,103.7508,29.6006,乐山市,市第三水厂,细颗粒物(PM2.5),97,120,124,72,87,178,131,63,63,28,64,12,8,0.7,1
2022-10-23T17:00:00,2538A,103.7571,29.5664,乐山市,市监测站,细颗粒物(PM2.5),104,102,112,78,73,167,127,67,67,16,36,18,16,0.8,1.1
2022-10-23T17:00:00,2539A,104.0308,30.0478,眉山市,黑龙滩水库(对照点),臭氧1小时,65,56,44,45,37,202,172,150,150,8,7,5,3,0.7,0.6
2022-10-23T17:00:00,2540A,103.8416,30.0874,眉山市,气象局,细颗粒物(PM2.5),93,103,94,69,67,185,174,123,123,28,61,11,9,0.8,1
2022-10-23T17:00:00,2543A,106.6308,30.5278,广安市,小平旧居(对照点),,,,,,,,,,,,,,,,
2022-10-23T17:00:00,2544A,106.6303,30.4576,广安市,市委,细颗粒物(PM2.5),129,103,116,98,98,154,101,78,78,16,43,8,10,0.7,0.9
2022-10-23T17:00:00,2545A,106.6271,30.4663,广安市,友谊中学,细颗粒物(PM2.5),85,89,96,63,62,140,95,75,75,19,34,12,14,0.8,0.9
2022-10-23T17:00:00,2547A,106.6388,30.4551,广安市,广电花园,细颗粒物(PM2.5),102,109,110,76,67,136,75,62,62,32,38,10,11,0.8,0.9
2022-10-23T17:00:00,2548A,107.5277,31.2827,达州市,达州职业技术学院(对照点),细颗粒物(PM2.5),74,96,88,54,51,30,3,13,13,54,53,11,13,1.4,1.4
2022-10-23T17:00:00,2549A,107.5086,31.2186,达州市,市环境监测站,细颗粒物(PM2.5),98,129,97,73,55,36,3,10,9,68,72,11,13,2.2,1.5
2022-10-23T17:00:00,2550A,107.4988,31.2132,达州市,凤凰小区,细颗粒物(PM2.5),100,127,96,75,61,33,4,14,13,70,71,10,12,1.8,1.3
2022-10-23T17:00:00,2551A,107.5082,31.1986,达州市,达县机关宾馆,颗粒物(PM10),85,119,102,62,57,25,4,13,12,92,90,12,12,1.1,1
2022-10-23T17:00:00,2552A,107.4644,31.2124,达州市,市政中心,细颗粒物(PM2.5),117,143,89,88,61,27,4,8,8,77,81,15,14,2.2,1.7
2022-10-23T17:00:00,2554A,103.0475,30.02,雅安市,建安厂,细颗粒物(PM2.5),74,78,69,54,48,177,127,86,86,26,31,14,14,0.8,0.8
2022-10-23T17:00:00,2555A,103.0111,29.9833,雅安市,市政府,细颗粒物(PM2.5),72,70,63,52,46,183,135,94,94,26,20,13,11,0.7,0.7
2022-10-23T17:00:00,2556A,102.9905,29.9775,雅安市,川农大,细颗粒物(PM2.5),55,54,59,39,43,181,110,106,89,16,16,10,11,0.6,0.6
2022-10-23T17:00:00,2561A,104.6617,30.1372,资阳市,莲花山(对照点),细颗粒物(PM2.5),104,104,87,78,61,188,156,123,123,14,23,15,12,0.9,0.8
2022-10-23T17:00:00,2562A,104.6356,30.1506,资阳市,资阳中学,细颗粒物(PM2.5),93,95,90,69,53,182,160,135,135,15,26,19,14,0.8,0.8
2022-10-23T17:00:00,2563A,104.6295,30.1383,资阳市,四三一厂,细颗粒物(PM2.5),102,118,105,76,59,182,148,119,119,22,43,22,14,0.7,0.7
2022-10-23T17:00:00,2564A,104.6463,30.1146,资阳市,师范校,细颗粒物(PM2.5),119,112,100,90,73,184,148,109,109,23,46,24,11,0.7,0.8
2022-10-23T17:00:00,2565A,104.6296,30.1256,资阳市,区法院,细颗粒物(PM2.5),98,124,106,73,62,190,157,132,132,19,50,20,10,0.8,0.8
2022-10-23T17:00:00,2566A,102.1879,31.914,阿坝藏族羌族自治州,州农科所(对照点),,,,,,,92,70,64,64,8,11,3,3,0.2,0.2
2022-10-23T17:00:00,2567A,102.224,31.9037,阿坝藏族羌族自治州,州监测站,,,,,,,,,,,,,,,,
2022-10-23T17:00:00,2568A,102.2502,31.8896,阿坝藏族羌族自治州,马师校,,22,5,22,5,13,82,69,60,60,6,19,4,4,0.4,0.5
2022-10-23T17:00:00,2570A,101.9603,30.0475,甘孜藏族自治州,水桥子,,29,16,22,11,15,98,91,92,88,10,8,14,12,0.3,0.3
2022-10-23T17:00:00,2571A,102.3431,27.8099,凉山彝族自治州,青龙寺(对照点),,45,40,42,31,38,121,115,84,84,14,15,8,9,0.7,0.9
2022-10-23T17:00:00,2572A,102.2721,27.8415,凉山彝族自治州,邛海宾馆,颗粒物(PM10),55,59,60,34,37,116,91,80,80,20,25,10,10,0.6,0.8
2022-10-23T17:00:00,2573A,102.2625,27.898,凉山彝族自治州,西昌市政府,,50,42,49,35,37,112,86,75,75,11,20,11,11,0.8,0.9
2022-10-23T17:00:00,2574A,102.2685,27.8851,凉山彝族自治州,凉山州政府,,43,41,53,30,35,110,86,74,74,12,22,13,10,0.9,0.9
2022-10-23T17:00:00,2575A,102.237,27.8914,凉山彝族自治州,长安,,50,50,61,33,37,105,81,76,76,16,25,11,14,0.9,1
2022-10-23T17:00:00,2576A,104.8,26.5892,六盘水市,窑上(对照点),,,,,,,,,,,,,,,,
2022-10-23T17:00:00,2577A,104.83,26.5917,六盘水市,黄土坡,细颗粒物(PM2.5),57,57,67,40,58,121,112,109,109,16,23,8,11,0.7,0.9
2022-10-23T17:00:00,2578A,104.89,26.5939,六盘水市,水钢,细颗粒物(PM2.5),79,68,80,58,66,116,111,107,107,11,16,5,7,0.7,0.8
2022-10-23T17:00:00,2579A,104.8475,26.5894,六盘水市,民中,细颗粒物(PM2.5),64,66,77,46,61,117,103,104,104,21,22,17,18,0.6,0.8
2022-10-23T17:00:00,2580A,104.9544,26.5506,六盘水市,双水,细颗粒物(PM2.5),57,51,63,40,54,116,112,106,106,13,15,5,7,0.6,0.7
2022-10-23T17:00:00,2585A,109.1839,27.7344,铜仁地区,铜仁卫校,臭氧1小时,60,39,45,17,24,174,168,141,141,12,28,3,3,0.7,0.8
2022-10-23T17:00:00,2586A,109.1753,27.6944,铜仁地区,铜仁七中,臭氧1小时,62,44,37,25,25,175,169,132,132,4,16,6,5,0.4,0.5
2022-10-23T17:00:00,2587A,105.2864,27.3125,毕节市,八中,细颗粒物(PM2.5),72,69,75,52,61,155,141,138,138,13,13,10,10,0.7,0.7
2022-10-23T17:00:00,2588A,105.31,27.2944,毕节市,师专,细颗粒物(PM2.5),77,78,66,56,51,157,144,138,138,18,13,18,11,0.9,0.9
2022-10-23T17:00:00,2589A,104.9022,25.0925,黔西南布依族苗族自治州,场坝街,,45,45,31,15,15,69,51,40,40,23,28,2,37,0.3,0.4
2022-10-23T17:00:00,2590A,104.8811,25.0992,黔西南布依族苗族自治州,坪东大道,,36,33,31,25,18,71,49,40,40,20,27,5,10,0.3,0.4
2022-10-23T17:00:00,2591A,107.9783,26.5747,黔东南苗族侗族自治州,市环境监测站,,49,40,39,27,27,158,154,152,152,20,25,5,4,0.2,0.3
2022-10-23T17:00:00,2593A,107.5228,26.2403,黔南布依族苗族自治州,小围寨,臭氧1小时,52,36,29,17,18,166,161,152,152,7,7,7,5,0.2,0.2
2022-10-23T17:00:00,2594A,99.1678,25.1081,保山市,市环境监测站,,22,19,15,7,10,90,68,69,69,6,9,7,7,0.4,0.5
2022-10-23T17:00:00,2595A,99.1711,25.1328,保山市,市环保局,,22,16,16,9,9,84,68,66,66,5,7,6,6,0.2,0.4
2022-10-23T17:00:00,2596A,103.7667,27.3736,昭通市,监测站,"颗粒物(PM10),细颗粒物(PM2.5)",53,55,61,37,46,123,107,109,104,12,16,5,7,0.6,0.6
2022-10-23T17:00:00,2597A,103.7225,27.3361,昭通市,环保局,细颗粒物(PM2.5),68,67,66,49,54,124,110,112,107,14,20,7,7,0.7,0.8
2022-10-23T17:00:00,2598A,100.2143,26.8576,丽江市,西南郊(对照点),,,,,,,,,,,,,,,,
2022-10-23T17:00:00,2599A,100.2497,26.8802,丽江市,丽江古城,,24,19,28,16,24,84,74,69,69,9,11,5,6,0.4,0.5
2022-10-23T17:00:00,2600A,100.2203,26.8906,丽江市,市中心,,21,16,18,5,8,74,66,62,62,9,14,4,6,0.7,0.7
2022-10-23T17:00:00,2601A,100.98,22.7633,普洱市,市环保局,,15,13,17,5,8,51,45,43,43,15,18,8,9,0.5,0.6
2022-10-23T17:00:00,2602A,100.9817,22.8322,普洱市,普洱第二中学,,14,8,12,6,8,55,44,40,40,8,13,9,9,0.5,0.7
2022-10-23T17:00:00,2603A,100.0781,23.8982,临沧市,市环保局,,13,11,17,4,15,58,41,38,38,5,9,8,8,0.7,0.8
2022-10-23T17:00:00,2604A,100.0894,23.8822,临沧市,市气象局,,15,15,24,9,17,64,43,42,42,6,9,5,6,0.7,0.7
2022-10-23T17:00:00,2605A,101.5482,25.0441,楚雄州,州环境监测站,,18,10,30,12,24,67,51,34,34,7,21,6,20,0.3,0.4
2022-10-23T17:00:00,2606A,101.538,25.0492,楚雄州,市经济开发区,,20,10,32,14,23,62,50,33,33,8,20,6,36,0.5,0.5
2022-10-23T17:00:00,2608A,103.3772,23.3993,红河州,污水处理厂,,28,28,32,18,26,82,69,58,58,5,16,4,14,0.3,0.5
2022-10-23T17:00:00,2609A,103.3861,23.35,红河州,监测站,,28,28,32,16,23,82,66,57,57,5,14,5,12,0.3,0.5
2022-10-23T17:00:00,2610A,104.2533,23.3594,文山州,州水务局,,19,17,26,9,14,71,60,54,54,13,14,8,11,0.2,0.3
2022-10-23T17:00:00,2611A,104.2319,23.3892,文山州,市便民服务中心,,19,8,24,3,16,68,60,51,51,10,15,7,10,0.3,0.5
2022-10-23T17:00:00,2612A,100.7939,22.0019,西双版纳州,景洪市江南,,32,32,26,10,16,73,58,53,53,10,16,7,9,0.3,0.7
2022-10-23T17:00:00,2613A,100.8017,22.0225,西双版纳州,景洪市江北,,22,4,7,6,6,83,69,61,61,5,10,8,6,0.4,0.5
2022-10-23T17:00:00,2614A,100.1542,25.7054,大理州,大理市环境监测站,,20,20,27,4,9,65,58,49,45,6,12,6,6,0.5,0.6
2022-10-23T17:00:00,2615A,100.2171,25.5811,大理州,大理古城,,21,6,19,6,8,76,67,63,63,9,10,7,7,0.4,0.3
2022-10-23T17:00:00,2616A,98.5842,24.428,德宏州,德宏州监测站,,25,23,37,7,11,93,79,62,62,5,10,6,5,0.5,0.7
2022-10-23T17:00:00,2618A,98.8601,25.8567,怒江州,州监测站,,20,20,30,10,19,80,62,56,56,5,7,6,7,0.6,0.6
2022-10-23T17:00:00,2619A,98.8546,25.8417,怒江州,泸水一中,,27,27,28,8,16,71,49,45,45,18,16,5,4,0.4,0.5
2022-10-23T17:00:00,2621A,99.7056,27.8317,迪庆州,迪庆州站,,24,7,18,11,20,91,74,61,61,8,12,9,10,0.4,0.5
2022-10-23T17:00:00,2622A,97.1806,31.1273,昌都市,昌都监测站,,35,11,25,2,12,111,111,80,80,3,18,4,6,0.2,0.5
2022-10-23T17:00:00,2624A,91.7608,29.2313,山南市,山南监测站,,,36,18,,6,125,125,100,98,5,5,5,6,0.2,0.2
2022-10-23T17:00:00,2625A,91.7706,29.2436,山南市,山南人民医院,,37,16,13,3,6,117,117,91,90,8,8,4,4,0.3,0.3
2022-10-23T17:00:00,2626A,88.8876,29.2718,日喀则市,日喀则监测站,,34,5,9,1,4,108,108,99,99,4,5,5,5,0.4,0.5
2022-10-23T17:00:00,2628A,92.0657,31.4846,那曲地区,那曲监测站,,33,11,28,4,19,105,104,92,92,8,14,8,10,0.3,0.8
2022-10-23T17:00:00,2630A,80.1161,32.5,阿里地区,阿里监测站,,32,4,8,9,6,102,101,92,92,2,7,8,12,0.2,0.2
2022-10-23T17:00:00,2632A,94.3681,29.6376,林芝市,林芝监测站,,29,11,9,1,4,93,91,73,73,3,4,10,10,0.4,0.4
2022-10-23T17:00:00,2633A,94.3616,29.6616,林芝市,林芝人民医院,,29,14,12,2,6,93,90,70,70,4,5,9,9,0.4,0.4
2022-10-23T17:00:00,2634A,106.9893,33.1842,汉中市,汉川机床厂子校(对照点),细颗粒物(PM2.5),57,55,53,40,34,120,66,54,54,13,14,8,7,0.5,0.5
2022-10-23T17:00:00,2635A,107.0154,33.0706,汉中市,市监测站,颗粒物(PM10),63,76,97,36,59,130,76,52,52,18,33,5,5,0.7,0.9
2022-10-23T17:00:00,2636A,107.0089,33.1138,汉中市,鑫源开发区,细颗粒物(PM2.5),60,58,83,43,51,126,78,57,57,16,39,4,6,0.7,0.9
2022-10-23T17:00:00,2637A,107.007,33.0323,汉中市,南郑大河坎水厂,颗粒物(PM10),61,72,84,43,60,112,70,49,49,22,25,6,6,0.7,0.8
2022-10-23T17:00:00,2638A,109.7414,38.3344,榆林市,红石峡森林公园(对照点),,31,30,41,11,14,99,99,77,77,16,44,10,6,0.3,0.4
2022-10-23T17:00:00,2639A,109.7456,38.2911,榆林市,世纪广场,,31,30,56,12,17,98,98,72,72,20,52,13,9,0.2,0.4
2022-10-23T17:00:00,2640A,109.7289,38.2839,榆林市,实验中学,,29,27,38,12,14,91,91,67,67,27,49,15,10,0.3,0.5
2022-10-23T17:00:00,2641A,109.7336,38.2478,榆林市,环保监测大楼,,31,25,43,12,14,98,98,71,71,20,48,15,11,0.2,0.3
2022-10-23T17:00:00,2642A,109.0318,32.6537,安康市,香溪洞(对照点),,,,55,,36,124,53,50,50,26,22,12,13,,0.7
2022-10-23T17:00:00,2643A,109.0281,32.6939,安康市,安康市监测站,细颗粒物(PM2.5),74,93,71,54,42,71,49,49,42,41,27,18,20,0.9,0.7
2022-10-23T17:00:00,2644A,109.0072,32.6975,安康市,汉滨区检察院,细颗粒物(PM2.5),92,90,68,68,45,60,46,35,35,46,30,16,17,0.9,0.6
2022-10-23T17:00:00,2645A,109.9154,33.8715,商洛市,监测站,颗粒物(PM10),63,76,65,32,39,145,125,109,109,36,31,38,9,0.4,0.4
2022-10-23T17:00:00,2647A,104.1724,36.5446,白银市,第三小学,颗粒物(PM10),55,59,75,28,26,188,121,131,131,18,41,15,66,0.4,0.8
2022-10-23T17:00:00,2648A,104.1465,36.5482,白银市,动力公司,颗粒物(PM10),55,60,61,36,34,123,118,103,103,14,23,22,38,0.6,0.8
2022-10-23T17:00:00,2649A,106.0055,34.343,天水市,麦积山(对照点),,,,,,,,,,,,,,,,
2022-10-23T17:00:00,2650A,105.7205,34.5786,天水市,公园小学,颗粒物(PM10),60,69,75,17,33,142,121,110,110,28,40,8,8,0.4,0.6
2022-10-23T17:00:00,2651A,105.8945,34.5538,天水市,麦积国土局,颗粒物(PM10),72,94,90,34,38,137,126,106,106,22,45,11,9,0.7,0.8
2022-10-23T17:00:00,2652A,102.6201,37.9251,武威市,监测站,颗粒物(PM10),66,82,80,23,35,124,124,98,98,8,33,11,7,0.4,0.6
2022-10-23T17:00:00,2654A,100.4698,38.9524,张掖市,润泉湖,颗粒物(PM10),57,63,79,11,28,117,116,88,88,9,21,9,12,0.5,0.5
2022-10-23T17:00:00,2655A,100.4154,38.9422,张掖市,区工会,,48,48,67,14,34,122,118,91,91,11,24,5,6,0.3,0.4
2022-10-23T17:00:00,2656A,106.6692,35.5461,平凉市,聚贤嘉苑,颗粒物(PM10),52,54,73,32,33,95,95,82,82,36,51,9,10,0.3,0.5
2022-10-23T17:00:00,2657A,106.7021,35.5307,平凉市,博物馆,颗粒物(PM10),82,114,82,44,31,92,47,72,72,78,51,8,9,0.7,0.6
2022-10-23T17:00:00,2658A,98.5061,39.7443,酒泉市,仓门街子站,颗粒物(PM10),59,68,75,9,25,116,116,90,90,10,24,7,6,0.4,0.5
2022-10-23T17:00:00,2659A,98.4989,39.7256,酒泉市,油田生活基地,颗粒物(PM10),59,68,78,22,25,117,117,88,88,10,24,6,5,0.5,0.5
2022-10-23T17:00:00,2660A,107.6831,35.7289,庆阳市,区环保局(对照点),,,,,,,,,,,,,,,,
2022-10-23T17:00:00,2661A,107.6325,35.7357,庆阳市,庆阳五中,颗粒物(PM10),56,61,68,27,26,127,124,118,118,12,16,8,7,0.4,0.5
2022-10-23T17:00:00,2662A,107.6364,35.7067,庆阳市,市环保局,颗粒物(PM10),57,63,63,30,24,127,125,118,118,16,15,7,6,0.7,0.6
2022-10-23T17:00:00,2663A,104.6241,35.5734,定西市,东关小学,,50,50,86,24,36,121,113,86,86,12,30,5,7,0.4,0.6
2022-10-23T17:00:00,2664A,104.6194,35.5934,定西市,供电公司,,50,50,81,29,42,116,108,78,78,16,39,4,5,0.2,0.5
2022-10-23T17:00:00,2665A,105.0822,33.3261,陇南市,汉王镇固水子(对照点),,,,,,,,,,,,,,,,
2022-10-23T17:00:00,2667A,103.2069,35.5993,临夏回族自治州,环保局,,41,41,54,20,24,113,111,86,86,19,34,12,10,0.6,0.9
2022-10-23T17:00:00,2668A,103.2417,35.6057,临夏回族自治州,建设大厦,,35,35,50,21,25,112,108,85,85,15,32,8,8,0.7,0.9
2022-10-23T17:00:00,2669A,102.9099,34.9841,甘南州,州政府,,26,23,35,15,21,84,81,65,65,5,12,8,11,0.3,0.4
2022-10-23T17:00:00,2671A,100.9048,36.9639,海北藏族自治州,海晏县西海镇,,32,26,34,19,20,116,102,105,105,12,15,5,6,0.4,0.5
2022-10-23T17:00:00,2672A,102.0199,35.5102,黄南藏族自治州,同仁县隆务镇,,33,33,41,15,25,94,80,81,81,17,12,9,9,0.4,0.4
2022-10-23T17:00:00,2673A,100.6188,36.2866,海南藏族自治州,共和县恰卜恰镇,,31,17,38,10,23,104,99,92,92,6,20,9,13,0.2,0.6
2022-10-23T17:00:00,2674A,100.2561,34.4714,果洛藏族自治州,玛沁县大武镇,,32,15,10,10,8,100,100,89,89,5,6,16,16,0.4,0.4
2022-10-23T17:00:00,2675A,97,33.0014,玉树藏族自治州,玉树县结古镇,,34,9,25,4,11,107,107,85,85,2,21,10,13,0.4,0.7
2022-10-23T17:00:00,2676A,97.3731,37.3753,海西蒙古族藏族自治州,德令哈市,,32,12,16,6,10,107,102,96,96,4,5,3,3,0.3,0.3
2022-10-23T17:00:00,2677A,106.1532,37.9648,吴忠市,教育园区,颗粒物(PM10),54,57,76,34,44,151,151,83,83,20,33,29,14,0.7,0.6
2022-10-23T17:00:00,2678A,106.2025,37.9844,吴忠市,高级中学,,,,,,,,,,,,,,,,
2022-10-23T17:00:00,2679A,106.1856,37.9956,吴忠市,新区二泵站,颗粒物(PM10),65,79,101,36,49,139,138,89,89,30,58,25,12,1.0,1
2022-10-23T17:00:00,2680A,105.0025,37.4635,中卫市,沙坡头消防站(对照点),颗粒物(PM10),96,142,69,51,27,150,150,98,98,19,27,20,18,0.8,0.8
2022-10-23T17:00:00,2681A,105.18,37.0172,中卫市,官桥站,,,,,,,,,,,,,,,,
2022-10-23T17:00:00,2682A,105.1971,37.5002,中卫市,环保局站,颗粒物(PM10),87,124,85,42,35,125,125,82,82,20,31,11,12,0.6,0.6
2022-10-23T17:00:00,2683A,106.2319,36.1417,固原市,马园(对照点),颗粒物(PM10),78,106,126,25,35,132,110,109,109,29,34,6,6,0.3,0.3
2022-10-23T17:00:00,2684A,106.2792,36.0022,固原市,监测站,,,,67,,36,124,108,103,103,,30,8,19,0.4,0.6
2022-10-23T17:00:00,2685A,106.2375,36.0211,固原市,新区,颗粒物(PM10),54,57,64,20,28,127,112,108,108,10,29,6,7,0.5,0.7
2022-10-23T17:00:00,2686A,89.1904,42.9418,吐鲁番地区,市环保局,颗粒物(PM10),63,75,74,33,39,102,102,77,77,12,16,6,6,0.4,0.5
2022-10-23T17:00:00,2687A,89.1673,42.9559,吐鲁番地区,地区环保局,颗粒物(PM10),57,63,67,22,26,105,105,77,77,10,21,7,7,0.6,0.7
2022-10-23T17:00:00,2688A,93.5128,42.8172,哈密地区,地区监测站,颗粒物(PM10),67,83,95,30,28,97,90,73,73,13,44,8,6,0.2,0.3
2022-10-23T17:00:00,2689A,93.4961,42.8328,哈密地区,哈密师范学校,颗粒物(PM10),64,78,85,26,28,99,93,74,74,13,37,12,7,0.4,0.5
2022-10-23T17:00:00,2690A,88.1236,43.8886,昌吉州,天山天池(对照点),,26,20,7,1,4,83,83,72,72,9,6,4,3,0.9,0.7
2022-10-23T17:00:00,2691A,87.2997,44.0114,昌吉州,州监测站,,,,,,,,,,,,,,,,
2022-10-23T17:00:00,2692A,87.2717,44.0297,昌吉州,新区政务中心,颗粒物(PM10),66,81,66,31,37,91,91,68,68,21,31,10,9,0.9,1
2022-10-23T17:00:00,2693A,82.0485,44.8556,博尔塔拉蒙古自治州,市党校,,,60,63,15,21,88,72,62,62,15,12,10,11,,0.4
2022-10-23T17:00:00,2694A,82.0806,44.8969,博尔塔拉蒙古自治州,市环保局,颗粒物(PM10),54,58,59,21,23,79,71,51,51,23,25,9,9,0.8,0.8
2022-10-23T17:00:00,2695A,80.292,41.1694,阿克苏地区,电视台,颗粒物(PM10),182,314,272,88,88,99,94,69,69,4,18,6,7,0.6,0.9
2022-10-23T17:00:00,2696A,80.2613,41.1551,阿克苏地区,艺术中心,颗粒物(PM10),182,314,249,75,79,94,88,63,63,1,13,5,4,0.5,0.8
2022-10-23T17:00:00,2697A,76.1454,39.7142,克孜勒苏柯尔克孜自治州,市人民政府,颗粒物(PM10),119,188,136,89,60,96,89,74,74,2,4,10,10,0.4,0.5
2022-10-23T17:00:00,2698A,76.0072,39.4467,喀什地区,巡警大队,颗粒物(PM10),148,246,215,67,65,96,96,63,63,10,27,9,10,0.5,0.9
2022-10-23T17:00:00,2699A,75.9755,39.4694,喀什地区,吾办,颗粒物(PM10),134,218,180,81,68,102,102,67,67,5,24,3,3,0.2,0.7
2022-10-23T17:00:00,2700A,75.9538,39.4682,喀什地区,市环境监测站,颗粒物(PM10),148,246,199,64,61,90,90,59,59,16,30,4,3,0.5,1.2
2022-10-23T17:00:00,2703A,81.2815,43.9404,伊犁哈萨克州,市环保局,颗粒物(PM10),86,122,74,35,34,96,76,56,56,8,25,18,12,0.5,1
2022-10-23T17:00:00,2704A,81.2996,43.9174,伊犁哈萨克州,新政府片区,颗粒物(PM10),83,116,58,40,28,93,76,58,58,7,21,11,13,0.5,1
2022-10-23T17:00:00,2705A,81.3364,43.941,伊犁哈萨克州,第二水厂,颗粒物(PM10),77,104,66,33,30,95,72,56,56,14,28,18,16,0.6,1.1
2022-10-23T17:00:00,2706A,82.9994,46.7432,塔城地区,东门外小游园,,41,41,34,12,19,84,55,58,58,4,11,10,11,0.3,0.5
2022-10-23T17:00:00,2707A,88.1214,47.9047,阿勒泰地区,小东沟(对照点),,,,,,,,,,,,,,,,
2022-10-23T17:00:00,2708A,88.1264,47.8517,阿勒泰地区,市站,,,131,24,29,7,91,86,78,78,14,6,4,3,,0.4
2022-10-23T17:00:00,2709A,86.0497,44.2967,石河子市,艾青诗歌馆,颗粒物(PM10),69,88,71,29,41,104,102,77,77,13,27,8,9,0.5,0.6
2022-10-23T17:00:00,2710A,86.0697,44.3075,石河子市,阳光学校,,,96,74,,,100,97,74,74,76,80,3,3,0.4,0.6
2022-10-23T17:00:00,2711A,87.5475,44.1756,五家渠市,农水大厦,颗粒物(PM10),67,84,75,38,45,82,77,48,48,22,33,21,14,0.7,1
2022-10-23T17:00:00,2835A,101.7227,26.567,攀枝花市,四十中小,颗粒物(PM10),52,53,60,29,38,105,68,65,65,11,39,18,24,0.4,1.2
2022-10-23T17:00:00,2842A,118.0936,24.5058,厦门市,湖里中学,颗粒物(PM10),55,59,41,25,22,152,115,123,123,25,24,4,4,0.4,0.4
2022-10-23T17:00:00,2845A,113.1569,36.1911,长治市,德盛苑,,38,36,86,17,57,138,121,128,102,19,31,12,14,0.4,1
2022-10-23T17:00:00,2846A,113.3221,23.1322,广州市,体育西,臭氧1小时,69,41,60,24,32,183,175,165,165,13,51,5,6,0.6,0.8
2022-10-23T17:00:00,2858A,117.7918,39.2474,天津市,河西一经路,,21,21,54,6,22,72,61,54,54,19,48,5,8,0.4,0.7
2022-10-23T17:00:00,2859A,117.3747,38.9846,天津市,津沽路,,21,12,65,3,28,71,67,58,58,20,49,3,6,0.3,0.5
2022-10-23T17:00:00,2860A,117.1589,39.0845,天津市,宾水西道,,23,8,52,3,25,73,72,58,58,13,37,3,5,0.3,0.6
2022-10-23T17:00:00,2862A,114.5481,38.0378,石家庄市,22中南校区,,29,27,87,16,35,109,90,73,73,23,47,5,7,0.3,0.5
2022-10-23T17:00:00,2865A,112.7195,37.6828,晋中市,榆次三中,,48,48,112,18,32,89,89,64,64,18,43,8,8,0.4,0.6
2022-10-23T17:00:00,2866A,111.0522,35.0439,运城市,外滩首府,,,,,,,,,,,,,,,,
2022-10-23T17:00:00,2867A,111.1283,37.51,吕梁市,马茂庄小学,,48,48,104,15,18,65,60,44,44,28,49,7,8,0.2,0.4
2022-10-23T17:00:00,2868A,126.4739,43.953,吉林市,九站,,19,19,30,11,20,61,50,49,49,21,29,7,8,0.3,0.4
2022-10-23T17:00:00,2869A,119.447,32.4155,扬州市,五台山医院,,30,28,45,7,26,102,94,92,92,15,24,7,8,0.2,0.5
2022-10-23T17:00:00,2870A,119.4424,32.1873,镇江市,市疾控中心,,37,18,46,18,43,132,116,119,119,18,34,2,2,0.3,0.6
2022-10-23T17:00:00,2871A,121.6147,29.9017,宁波市,万里国际学校,颗粒物(PM10),54,57,26,31,16,148,125,120,120,19,19,6,7,0.7,0.7
2022-10-23T17:00:00,2872A,120.7846,30.7525,嘉兴市,南湖区残联,颗粒物(PM10),67,83,62,34,36,229,136,145,145,28,28,6,7,0.6,0.5
2022-10-23T17:00:00,2873A,120.0875,30.8955,湖州市,仁皇山新区,臭氧1小时,87,88,84,45,53,215,189,157,157,16,28,5,6,0.7,0.7
2022-10-23T17:00:00,2875A,115.784,32.8892,阜阳市,阜阳职业技术学院,细颗粒物(PM2.5),123,145,157,93,106,220,210,166,166,22,59,8,8,0.6,1
2022-10-23T17:00:00,2877A,119.1641,36.6523,潍坊市,坊子邮政,颗粒物(PM10),52,53,50,12,16,96,92,84,84,25,28,6,5,0.3,0.3
2022-10-23T17:00:00,2878A,116.0072,36.4343,聊城市,聊大东校,颗粒物(PM10),76,102,130,27,48,126,120,88,88,18,48,8,13,0.5,0.7
2022-10-23T17:00:00,2880A,104.0219,30.6558,成都市,大石西路,细颗粒物(PM2.5),92,82,99,68,67,202,181,138,138,20,60,6,9,0.7,1
2022-10-23T17:00:00,2881A,107.8908,26.5311,黔东南苗族侗族自治州,凯里学院,臭氧1小时,78,35,32,23,23,184,182,178,178,9,15,5,3,0.3,0.3
2022-10-23T17:00:00,2882A,102.5389,24.3703,玉溪市,玉溪一中,,18,15,26,8,16,66,57,42,42,16,20,7,8,0.7,0.9
2022-10-23T17:00:00,2883A,102.5381,24.3389,玉溪市,文体中心,,19,9,23,5,14,64,60,42,42,9,18,8,10,0.7,0.9
2022-10-23T17:00:00,2884A,98.2672,39.7978,嘉峪关市,酒钢宾馆,颗粒物(PM10),59,68,77,24,26,124,124,95,95,9,22,10,13,0.5,0.4
2022-10-23T17:00:00,2885A,104.9339,33.3826,陇南市,滨江中学,,50,50,62,29,28,118,115,96,96,12,21,12,8,0.3,0.4
2022-10-23T17:00:00,2894A,117.0566,32.6531,淮南市,经济技术开发区消防队,颗粒物(PM10),62,73,130,21,78,160,101,127,127,21,47,5,6,0.2,0.7
2022-10-23T17:00:00,2897A,123.2444,41.7347,沈阳市,沈辽西路,,19,15,66,5,30,66,58,57,57,18,39,6,9,0.3,0.6
2022-10-23T17:00:00,2900A,123.5953,41.9086,沈阳市,裕农路,,20,20,35,8,17,68,57,59,59,17,28,5,10,0.3,0.5
2022-10-23T17:00:00,2902A,106.6351,30.4865,广安市,北辰小学,细颗粒物(PM2.5),118,80,101,89,99,161,96,78,78,16,28,11,14,0.8,0.8
2022-10-23T17:00:00,2907A,120.1844,30.8596,湖州市,吴兴区站,细颗粒物(PM2.5),79,106,87,58,57,193,180,152,152,37,51,5,6,0.9,0.7
2022-10-23T17:00:00,2914A,106.7677,31.8794,巴中市,苏山坪(对照点),细颗粒物(PM2.5),93,96,51,69,36,126,56,105,47,26,17,4,5,0.6,0.5
2022-10-23T17:00:00,2915A,106.7619,31.84139,巴中市,职业中学,,,,,,,,,,,,,,,,
2022-10-23T17:00:00,2919A,116.7022,39.5453,廊坊市,河北工业大学,,23,19,36,2,10,81,73,64,64,15,40,5,6,0.3,0.5
2022-10-23T17:00:00,2920A,117.7116,24.506,漳州市,蓝田镇,颗粒物(PM10),67,83,37,41,14,164,133,114,114,30,20,6,6,0.5,0.4
2022-10-23T17:00:00,2921A,120.5483,30.0003,绍兴市,树下王站,细颗粒物(PM2.5),54,53,51,38,39,170,157,132,132,18,23,6,6,0.7,0.8
2022-10-23T17:00:00,2922A,117.1941,39.1067,天津市,大理道,,24,11,71,3,26,75,75,61,61,18,44,5,7,0.2,0.4
2022-10-23T17:00:00,2924A,106.2266,38.4418,银川市,水乡路,,,,49,18,22,114,114,84,84,14,30,18,23,,0.8
2022-10-23T17:00:00,2925A,106.2757,38.4842,银川市,上海东路,,37,37,55,18,30,112,112,88,88,17,37,12,15,0.6,0.8
2022-10-23T17:00:00,2926A,106.1015,38.497,银川市,文昌北街,颗粒物(PM10),51,51,70,25,32,137,136,96,96,16,41,24,13,0.7,0.9
2022-10-23T17:00:00,2929A,114.8858,30.4519,黄冈市,红卫路,臭氧1小时,101,59,80,30,43,205,202,180,180,15,18,7,8,0.7,0.7
2022-10-23T17:00:00,2994A,119.6533,29.1128,金华市,武警支队(启用161031),,,,,,,,,,,,,,,,
2022-10-23T17:00:00,2996A,118.283,33.965,宿迁市,市供电局,颗粒物(PM10),58,66,87,23,40,132,132,103,103,19,44,7,6,0.5,0.9
2022-10-23T17:00:00,2997A,119.8767,32.3289,泰州市,王营,,37,37,56,5,31,96,96,93,93,14,20,8,9,0.4,0.6
2022-10-23T17:00:00,3000A,119.3581,34.6972,连云港市,德源药业,,48,48,80,17,28,145,93,79,79,21,33,5,6,0.3,0.4
2022-10-23T17:00:00,3002A,119.9805,31.8174,常州市,行政中心,,31,14,85,18,41,142,99,116,116,20,32,7,8,0.2,0.5
2022-10-23T17:00:00,3003A,120.0522,31.7748,常州市,经开区,,28,14,93,8,40,147,88,120,120,30,33,8,7,0.4,0.5
2022-10-23T17:00:00,3004A,120.1544,33.3663,盐城市,宝龙广场,,46,46,46,9,19,117,112,105,105,9,15,8,8,0.5,0.6
2022-10-23T17:00:00,3005A,117.1814,34.29,徐州市,鼓楼区政府,颗粒物(PM10),55,59,109,20,45,176,107,92,90,24,38,13,12,0.6,0.8
2022-10-23T17:00:00,3006A,117.1694,34.1781,徐州市,铜山区招生办,颗粒物(PM10),56,61,120,18,46,148,97,97,82,27,42,9,11,0.6,0.9
2022-10-23T17:00:00,3007A,119.178,34.844,连云港市,新城一中,颗粒物(PM10),55,59,76,9,26,132,99,87,87,26,52,4,10,0.5,1
2022-10-23T17:00:00,3008A,119.3608,34.7519,连云港市,胡沟管理处,颗粒物(PM10),51,51,65,7,23,154,57,73,73,43,21,12,10,0.3,0.4
2022-10-23T17:00:00,3009A,119.1478,34.5911,连云港市,矿山设计院,颗粒物(PM10),59,68,98,12,38,130,83,74,74,37,37,9,11,0.7,0.8
2022-10-23T17:00:00,3010A,119.9025,31.7964,常州市,钟楼,,31,14,82,18,46,142,97,116,116,16,27,5,5,0.4,0.6
2022-10-23T17:00:00,3012A,112.1849,31.0362,荆门市,西山林语,臭氧1小时,108,91,98,44,52,225,215,196,196,16,24,14,12,0.4,0.8
2022-10-23T17:00:00,3014A,106.4958,29.5346,重庆市,歇台子,细颗粒物(PM2.5),127,128,160,96,106,177,64,26,26,83,130,22,16,1.6,1.8
2022-10-23T17:00:00,3015A,106.4037,29.5728,重庆市,龙井湾,细颗粒物(PM2.5),137,167,131,104,85,172,43,76,54,135,84,31,18,2.1,1.4
2022-10-23T17:00:00,3016A,106.5507,29.4153,重庆市,龙洲湾,细颗粒物(PM2.5),109,134,132,82,84,133,46,54,31,96,85,23,14,1.2,0.9
2022-10-23T17:00:00,3018A,111.505,36.1014,临汾市,唐尧大酒店,,39,39,75,14,36,134,93,76,76,16,22,5,7,0.6,0.9
2022-10-23T17:00:00,3020A,117.2101,39.1699,天津市,中山北路,,23,10,69,4,27,74,71,58,58,13,43,5,7,0.1,0.5
2022-10-23T17:00:00,3021A,115,35.7668,濮阳市,濮水河管理处,颗粒物(PM10),69,88,81,40,48,153,92,125,125,56,39,10,9,0.8,0.6
2022-10-23T17:00:00,3022A,112.4433,34.6686,洛阳市,凯旋路小学,,,,,,,,,,,,,,,,
2022-10-23T17:00:00,3025A,113.0477,23.6344,清远市,技师学院,,49,38,56,19,30,164,154,149,149,8,36,9,12,0.8,0.9
2022-10-23T17:00:00,3026A,116.6183,23.6608,潮州市,市政府,"颗粒物(PM10),臭氧1小时",60,69,45,36,26,176,168,129,129,20,18,14,14,0.6,0.7
2022-10-23T17:00:00,3027A,104.72,29.3427,自贡市,青杠林路,细颗粒物(PM2.5),114,121,158,86,109,136,131,85,85,29,59,19,16,0.6,0.9
2022-10-23T17:00:00,3028A,104.776,29.3627,自贡市,檀木林体育馆,细颗粒物(PM2.5),113,124,150,85,110,184,162,100,100,27,50,17,15,0.6,0.8
2022-10-23T17:00:00,3033A,87.4651,43.4569,乌鲁木齐市,培训基地,颗粒物(PM10),179,307,105,78,28,89,89,79,79,3,6,8,7,0.5,0.5
2022-10-23T17:00:00,3034A,113.1076,41.0385,乌兰察布市,光明街小学,,23,17,34,8,17,76,73,69,69,5,21,9,13,0.3,0.3
2022-10-23T17:00:00,3035A,122.0931,46.0707,兴安盟,北滨河,,22,21,26,15,19,70,57,65,65,23,14,3,3,0.1,0.2
2022-10-23T17:00:00,3036A,118.6904,37.4338,东营市,开发区管委会,颗粒物(PM10),54,58,50,14,14,115,114,98,98,17,31,6,8,0.6,0.6
2022-10-23T17:00:00,3038A,103.3758,23.368,红河州,州图书馆,,29,9,32,20,22,80,65,54,54,5,16,6,14,0.4,0.6
2022-10-23T17:00:00,3039A,111.1911,34.7829,三门峡市,三门峡市第一小学,颗粒物(PM10),54,57,91,31,50,147,141,122,122,18,41,11,8,0.5,0.9
2022-10-23T17:00:00,3045A,109.9643,33.8471,商洛市,商州区中学,颗粒物(PM10),67,84,66,33,38,138,99,103,103,45,36,11,7,0.4,0.5
2022-10-23T17:00:00,3046A,115.9084,28.6062,南昌市,机电学校,颗粒物(PM10),63,75,90,32,46,186,163,165,165,18,20,6,9,0.6,0.8
2022-10-23T17:00:00,3048A,119.5799,26.0936,福州市,九龙,颗粒物(PM10),54,57,43,26,23,165,157,146,146,7,10,2,4,0.3,0.3
2022-10-23T17:00:00,3051A,117.3876,39.1488,天津市,西四道,,23,9,69,3,25,74,71,61,61,13,49,4,6,0.3,0.6
2022-10-23T17:00:00,3054A,113.9194,35.2847,新乡市,市委党校,颗粒物(PM10),83,115,110,53,49,177,177,130,130,21,38,12,12,0.6,0.7
2022-10-23T17:00:00,3055A,101.7775,36.6428,西宁市,城北区政府,,37,30,54,16,34,120,118,90,90,10,21,15,27,0.4,0.7
2022-10-23T17:00:00,3057A,121.5992,37.4014,烟台市,牟平检察院,颗粒物(PM10),52,53,29,8,4,104,101,87,87,15,14,6,6,0.3,0.4
2022-10-23T17:00:00,3058A,119.2658,42.0353,赤峰市,银河街,,26,26,57,11,23,66,59,58,58,20,36,10,21,0.3,0.6
2022-10-23T17:00:00,3059A,117.7161,36.2049,济南市,泰兴公司,颗粒物(PM10),59,67,130,23,55,160,102,86,86,29,51,8,10,1.0,1.2
2022-10-23T17:00:00,3061A,119.7512,49.1577,呼伦贝尔市,国华电力东,,,25,64,18,21,70,64,61,61,7,18,1,3,,0.4
2022-10-23T17:00:00,3064A,117.6867,36.2171,济南市,莱芜战役纪念馆,颗粒物(PM10),53,55,119,19,52,166,106,91,91,26,44,6,7,0.8,1.1
2022-10-23T17:00:00,3065A,101.9533,29.9972,甘孜藏族自治州,州环保局,,30,15,26,3,10,104,95,90,90,12,17,10,13,0.4,0.4
2022-10-23T17:00:00,3066A,116.2721,37.4379,德州市,九衢泉纯净水厂,颗粒物(PM10),69,88,116,29,36,124,115,98,98,26,50,10,11,0.6,0.9
2022-10-23T17:00:00,3109A,115.0093,25.8613,赣州市,赣县区卫计委,臭氧1小时,95,68,61,32,26,196,196,178,178,14,24,12,9,0.5,0.5
2022-10-23T17:00:00,3122A,105.9606,26.2611,安顺市,伍家关(对照点),,,,,,,,,,,,,,,,
2022-10-23T17:00:00,3123A,105.9408,26.2431,安顺市,凤凰山,,47,42,55,19,44,153,150,130,130,11,18,9,15,0.8,1.1
2022-10-23T17:00:00,3124A,105.9439,26.2564,安顺市,金钟山,,47,24,46,26,40,149,148,129,129,7,8,9,14,0.5,0.7
2022-10-23T17:00:00,3125A,105.8983,26.2481,安顺市,娄家坡,,46,24,55,20,46,150,147,130,130,12,15,11,17,0.5,0.7
2022-10-23T17:00:00,3128A,92.0506,31.4797,那曲地区,那曲会议中心,,,8,18,2,10,102,100,88,88,2,10,,8,0.7,0.9
2022-10-23T17:00:00,3129A,102.0306,36.5067,海东地区,平安高铁新区,,,,,,,,,,,,,,,,
2022-10-23T17:00:00,3131A,114.879,40.7993,张家口市,烟厂,,26,17,18,17,9,85,83,76,76,8,12,2,3,0.6,0.6
2022-10-23T17:00:00,3132A,119.610547,39.943889,秦皇岛市,文明里,,47,47,56,11,17,83,80,74,74,14,44,14,13,0.2,0.5
2022-10-23T17:00:00,3133A,106.5468,29.5654,重庆市,上清寺,细颗粒物(PM2.5),110,135,148,83,85,99,50,36,36,93,119,30,17,1.7,1.7
2022-10-23T17:00:00,3134A,113.8172,34.0339,许昌市,市一中,颗粒物(PM10),82,113,141,49,62,178,178,143,143,15,33,10,8,0.6,1
2022-10-23T17:00:00,3136A,104.2725,30.5589,成都市,龙泉驿区区政府,臭氧1小时,74,68,55,39,37,179,179,144,144,14,18,10,7,0.5,0.6
2022-10-23T17:00:00,3137A,103.8578,30.0744,眉山市,市委党校,细颗粒物(PM2.5),100,114,113,75,86,188,166,117,117,21,52,11,9,1.0,1
2022-10-23T17:00:00,3138A,111.7153,29.0289,常德市,武陵区永安,臭氧1小时,95,100,109,48,72,203,196,185,185,17,28,4,9,0.6,0.8
2022-10-23T17:00:00,3139A,111.6892,28.9881,常德市,鼎城区玉霞,臭氧1小时,103,87,107,44,60,210,205,182,182,12,39,8,12,0.5,0.7
2022-10-23T17:00:00,3140A,111.6625,29.0531,常德市,武陵区长庚,臭氧1小时,98,75,98,40,60,208,198,180,180,14,24,8,10,0.4,0.6
2022-10-23T17:00:00,3141A,114.3922,36.0878,安阳市,信访局,颗粒物(PM10),69,87,136,37,53,143,126,116,116,31,53,10,12,0.7,1.3
2022-10-23T17:00:00,3147A,114.3438,34.8106,开封市,龙亭公园,细颗粒物(PM2.5),102,115,128,76,88,198,195,175,175,19,37,9,12,0.5,0.8
2022-10-23T17:00:00,3148A,103.8291,30.0564,眉山市,区人社局,细颗粒物(PM2.5),100,99,100,75,79,180,168,116,116,28,48,10,9,0.7,0.9
2022-10-23T17:00:00,3149A,115.0235,30.1578,黄石市,笔架山北路,臭氧1小时,101,52,82,30,51,205,202,176,176,13,32,14,14,0.4,0.6
2022-10-23T17:00:00,3151A,114.375,27.8097,宜春市,宜春学院北校区,颗粒物(PM10),51,51,71,22,36,160,145,148,148,18,34,8,16,0.8,0.8
2022-10-23T17:00:00,3153A,114.3877,30.4908,武汉市,民族大道182号,臭氧1小时,108,92,78,34,40,234,216,196,196,30,38,16,18,1.0,1.3
2022-10-23T17:00:00,3164A,119.4686,32.3942,扬州市,广陵建设局,,50,50,60,8,26,107,82,89,89,22,29,9,9,0.4,0.7
2022-10-23T17:00:00,3165A,108.6594,34.2969,咸阳市,两寺渡,,,95,198,,121,130,88,71,71,40,83,11,8,0.8,1
2022-10-23T17:00:00,3169A,113.2725,35.2067,焦作市,太极体育中心(启用180720),颗粒物(PM10),78,105,126,49,61,168,168,122,122,14,28,12,13,0.6,0.9
2022-10-23T17:00:00,3170A,102.1864,38.5253,金昌市,市委党校,,,,,,,140,140,113,113,19,44,18,60,0.7,0.9
2022-10-23T17:00:00,3171A,115.6071,34.4465,商丘市,梁园区档案局,细颗粒物(PM2.5),85,87,115,63,77,173,162,127,127,13,32,12,13,0.5,0.6
2022-10-23T17:00:00,3173A,117.0598,30.5351,安庆市,市人大,臭氧1小时,102,93,72,48,47,207,203,164,164,24,27,12,10,0.9,0.7
2022-10-23T17:00:00,3178A,119.0587,36.721,潍坊市,潍坊七中,颗粒物(PM10),57,63,52,20,16,102,102,88,88,24,27,11,7,0.5,0.5
2022-10-23T17:00:00,3179A,102.7494,25.0119,昆明市,官渡区博物馆,,17,14,27,6,15,64,53,45,45,10,29,5,7,0.1,0.3
2022-10-23T17:00:00,3180A,99.7136,27.8094,迪庆州,质量技术监督局,,25,16,23,5,18,99,78,61,61,6,10,10,10,0.5,0.6
2022-10-23T17:00:00,3182A,106.7656,31.8545,巴中市,丽阳花园,细颗粒物(PM2.5),98,109,78,73,52,53,6,19,18,59,45,5,5,0.9,0.8
2022-10-23T17:00:00,3183A,106.7418,31.8654,巴中市,圣泉水务公司,细颗粒物(PM2.5),92,99,56,68,38,61,6,36,25,52,42,5,4,0.7,0.5
2022-10-23T17:00:00,3185A,112.5628,37.8964,太原市,巨轮,颗粒物(PM10),59,67,81,25,22,91,83,70,70,28,52,8,11,0.6,0.7
2022-10-23T17:00:00,3186A,103.7158,36.1058,兰州市,教育港,,,,96,,42,162,146,117,117,30,58,15,25,0.6,0.7
2022-10-23T17:00:00,3187A,116.9509,33.666,宿州市,远航博物馆,颗粒物(PM10),58,66,140,24,64,186,124,104,104,18,39,4,7,0.6,0.8
2022-10-23T17:00:00,3188A,115.6683,37.7217,衡水市,市城管局,,46,46,104,11,31,117,102,95,95,13,41,11,12,0.6,0.7
2022-10-23T17:00:00,3190A,116.0254,29.6994,九江市,外国语学校,臭氧1小时,94,69,68,39,46,205,195,173,173,16,25,9,10,1.1,1.1
2022-10-23T17:00:00,3191A,118.3225,33.9447,宿迁市,宿豫区政府,,,,107,,59,152,132,107,107,15,50,6,8,,1.1
2022-10-23T17:00:00,3192A,80.0903,32.5028,阿里地区,阿里藏医院,,31,6,11,4,4,101,99,89,89,2,4,16,16,0.6,0.6
2022-10-23T17:00:00,3194A,112.2747,30.3122,荆州市,管委会,臭氧1小时,113,62,78,37,60,230,225,203,203,18,38,8,12,0.8,1
2022-10-23T17:00:00,3195A,119.3633,32.3972,扬州市,市体育局,,48,48,71,6,28,96,94,93,93,15,28,5,6,0.2,0.5
2022-10-23T17:00:00,3200A,115.9819,36.4978,聊城市,监控中心,颗粒物(PM10),78,105,115,32,39,120,111,76,76,26,52,9,11,0.4,0.6
2022-10-23T17:00:00,3201A,102.6486,37.9325,武威市,东关招商场,颗粒物(PM10),61,71,88,26,46,132,132,104,104,9,21,11,8,0.4,0.6
2022-10-23T17:00:00,3204A,113.3025,33.73,平顶山市,规划局,颗粒物(PM10),97,143,170,60,81,172,172,136,136,14,39,11,11,0.8,1
2022-10-23T17:00:00,3206A,114.9149,27.807,新余市,新钢沁园村,,47,47,63,26,36,136,136,126,126,11,18,15,20,0.3,0.4
2022-10-23T17:00:00,3207A,118.3118,32.3038,滁州市,市政府原办公楼,颗粒物(PM10),52,54,79,20,36,124,105,111,111,13,28,8,9,0.3,0.5
2022-10-23T17:00:00,3208A,112.7283,38.4153,忻州市,市政府,,32,32,60,16,22,82,82,64,64,22,47,8,14,0.2,0.6
2022-10-23T17:00:00,3209A,119.5231,26.6562,宁德市,宁德一中,颗粒物(PM10),59,68,34,30,16,169,157,144,144,13,10,7,8,0.6,0.6
2022-10-23T17:00:00,3210A,114.3644,34.7964,开封市,汴京公园,细颗粒物(PM2.5),94,108,123,70,85,181,177,151,151,18,30,12,13,0.7,0.8
2022-10-23T17:00:00,3216A,114.6622,24.5183,漳州市,漳州党校,颗粒物(PM10),61,71,27,32,24,173,151,114,114,26,19,7,6,0.6,0.5
2022-10-23T17:00:00,3237A,117.4918,30.6617,池州市,展览馆,臭氧1小时,80,85,87,53,51,188,184,157,157,19,28,11,13,0.9,0.8
2022-10-23T17:00:00,3239A,125.0764,42.9078,辽源市,银鹰制药,,20,20,35,12,21,71,56,64,64,13,23,6,8,0.4,0.5
2022-10-23T17:00:00,3241A,103.7439,36.0842,兰州市,百合公园,颗粒物(PM10),64,77,84,36,37,145,136,109,109,23,48,17,21,0.6,0.7
2022-10-23T17:00:00,3242A,103.9611,35.998,兰州市,和平,颗粒物(PM10),60,69,81,34,41,134,112,93,93,18,28,10,15,0.7,0.8
2022-10-23T17:00:00,3247A,104.955,33.371,陇南市,市总工会,,48,48,60,22,29,117,117,93,93,11,17,9,9,0.4,0.4
2022-10-23T17:00:00,3248A,98.2643,39.7724,嘉峪关市,雄关区,颗粒物(PM10),54,58,53,25,22,125,121,88,88,12,29,11,9,0.4,0.2
2022-10-23T17:00:00,3265A,121.4316,31.3322,上海市,宝山庙行,,37,37,47,13,26,133,87,114,110,20,25,5,5,0.4,0.5
2022-10-23T17:00:00,3266A,121.8791,31.4662,上海市,崇明上实东滩,,,15,25,9,17,130,92,99,99,10,11,9,8,,0.7
2022-10-23T17:00:00,3268A,121.3162,31.2838,上海市,嘉定南翔,,34,34,37,9,27,132,92,115,115,11,15,7,6,0.5,0.5
2022-10-23T17:00:00,3269A,121.3359,30.7456,上海市,金山新城,颗粒物(PM10),67,83,56,36,33,147,106,126,126,25,24,6,5,0.8,0.7
2022-10-23T17:00:00,3270A,121.4996,31.0739,上海市,闵行浦江,,37,37,40,12,25,133,86,117,116,19,18,5,5,0.4,0.5
2022-10-23T17:00:00,3271A,121.2886,31.1663,上海市,青浦徐泾,,44,44,46,11,26,141,90,120,120,9,13,6,6,0.7,0.9
2022-10-23T17:00:00,3272A,121.2186,31.0378,上海市,松江图书馆,颗粒物(PM10),51,51,46,11,31,148,91,123,123,18,24,7,7,0.5,0.6
2022-10-23T17:00:00,3273A,121.3902,31.2059,上海市,长宁仙霞,,41,41,43,12,22,124,85,111,110,19,19,7,6,0.6,0.8
2022-10-23T17:00:00,3274A,121.7965,31.0507,上海市,浦东惠南,,32,32,32,18,26,130,93,110,110,13,16,4,4,0.7,0.8
2022-10-23T17:00:00,3281A,115.9718,40.4529,北京市,延庆夏都,,21,13,27,3,8,68,66,55,55,4,15,1,1,0.2,0.3
2022-10-23T17:00:00,3282A,113.3397,40.0597,大同市,大同市卫生学校,,27,4,40,0,16,85,85,75,75,3,15,4,16,0.3,0.7
2022-10-23T17:00:00,3283A,109.9154,40.5685,包头市,滨河大厦,,32,32,46,3,19,94,92,80,80,8,36,9,13,0.4,0.5
2022-10-23T17:00:00,3284A,106.813,39.7274,乌海市,海北新区,,36,29,60,4,20,116,114,81,81,12,47,21,41,0.5,1.1
2022-10-23T17:00:00,3285A,113.1376,40.9509,乌兰察布市,北京八中,,25,17,45,12,14,239,80,72,72,6,17,6,12,0.2,0.2
2022-10-23T17:00:00,3286A,118.9359,42.3147,赤峰市,桥北物流园区,,22,22,26,3,9,73,55,65,65,21,25,7,8,0.5,0.4
2022-10-23T17:00:00,3287A,119.3842,32.1976,镇江市,富润路1号,,37,24,60,6,27,129,116,118,118,18,53,6,7,0.4,0.6
2022-10-23T17:00:00,3288A,117.4754,34.4422,徐州市,大泉街道,颗粒物(PM10),63,76,120,22,40,140,118,101,100,20,34,9,9,0.7,0.9
2022-10-23T17:00:00,3289A,120.743,31.3188,苏州市,方洲路,,30,16,45,5,31,166,94,132,132,17,17,6,7,0.5,0.8
2022-10-23T17:00:00,3290A,120.5031,31.2774,苏州市,木渎中学,,37,20,47,9,28,220,116,143,143,15,21,6,7,0.5,0.9
2022-10-23T17:00:00,3291A,121.067,32.062,南通市,通州监测站,,41,41,35,14,20,102,102,98,98,16,9,4,3,0.2,0.4
2022-10-23T17:00:00,3293A,120.1501,33.3367,盐城市,月亮广场,,36,32,44,9,19,119,115,106,106,12,14,8,7,0.4,0.5
2022-10-23T17:00:00,3294A,119.5653,32.4222,扬州市,引江管理处,,30,27,43,6,22,105,96,93,93,15,24,6,9,0.4,0.7
2022-10-23T17:00:00,3295A,120.1259,32.5099,泰州市,姜堰区政府广场,,36,36,51,5,27,108,102,93,93,11,20,8,8,0.6,0.7
2022-10-23T17:00:00,3298A,113.5717,23.5491,广州市,从化街口,,45,36,51,24,29,151,141,143,143,7,42,6,7,0.5,0.7
2022-10-23T17:00:00,3299A,113.3472,23.3692,广州市,白云竹料,,50,48,66,19,36,165,160,156,156,12,48,9,9,0.4,0.6
2022-10-23T17:00:00,3300A,113.2981,23.237,广州市,白云嘉禾,臭氧1小时,55,54,78,27,32,178,164,155,155,25,66,10,11,0.6,0.7
2022-10-23T17:00:00,3301A,113.4256,23.1716,广州市,黄埔科学城,臭氧1小时,64,46,49,30,26,174,171,155,155,13,46,6,6,0.5,0.6
2022-10-23T17:00:00,3302A,113.3942,23.0483,广州市,番禺大学城,臭氧1小时,64,33,58,19,29,184,171,167,167,17,62,7,7,0.5,0.6
2022-10-23T17:00:00,3303A,113.4922,22.8168,广州市,南沙黄阁,臭氧1小时,113,53,63,36,29,226,225,189,189,28,49,6,7,0.7,0.7
2022-10-23T17:00:00,3304A,113.5342,22.7896,广州市,南沙街,臭氧1小时,111,65,56,33,28,222,222,185,185,31,40,7,8,0.6,0.6
2022-10-23T17:00:00,3305A,114.0731,22.559,深圳市,莲花,,48,48,36,28,22,133,124,106,106,26,28,6,5,0.7,0.7
2022-10-23T17:00:00,3306A,114.0261,22.6198,深圳市,民治,颗粒物(PM10),55,60,52,32,25,168,140,141,141,34,48,8,9,0.7,0.8
2022-10-23T17:00:00,3307A,114.1871,22.6451,深圳市,横岗,颗粒物(PM10),53,56,44,35,24,161,123,134,134,30,43,8,10,0.7,0.7
2022-10-23T17:00:00,3308A,113.3494,22.0569,珠海市,金湾,颗粒物(PM10),57,64,56,26,25,212,163,148,148,27,28,9,10,0.4,0.4
2022-10-23T17:00:00,3311A,113.1075,22.5647,江门市,江海富民,臭氧1小时,99,56,91,25,33,206,199,162,162,25,52,11,13,0.7,0.8
2022-10-23T17:00:00,3313A,112.4575,23.0166,肇庆市,高要湖西,臭氧1小时,70,47,64,27,36,183,176,177,177,13,41,9,20,0.4,0.6
2022-10-23T17:00:00,3314A,114.4338,22.8134,惠州市,惠阳秋长,"颗粒物(PM10),细颗粒物(PM2.5)",52,53,45,36,25,154,139,138,138,23,25,6,7,1.0,1
2022-10-23T17:00:00,3315A,116.1233,24.2991,梅州市,梅龙,,46,31,46,19,24,150,147,131,131,10,28,9,11,0.5,0.7
2022-10-23T17:00:00,3317A,111.9765,21.8947,阳江市,两阳中学,臭氧1小时,106,52,66,29,36,211,211,147,147,30,41,14,11,0.4,0.6
2022-10-23T17:00:00,3318A,112.9903,23.7403,清远市,清新太和,臭氧1小时,62,36,35,24,22,173,169,165,165,5,19,10,11,0.8,0.9
2022-10-23T17:00:00,3319A,113.7338,23.0381,东莞市,万江金泰,臭氧1小时,59,37,56,22,27,174,167,154,154,14,45,8,13,0.9,1
2022-10-23T17:00:00,3320A,116.403,23.5699,揭阳市,曲溪,臭氧1小时,65,66,52,39,35,172,172,127,127,14,20,6,11,0.6,0.7
2022-10-23T17:00:00,3323A,115.2773,40.9724,张家口市,青少年活动中心,,26,3,18,4,7,84,83,75,75,1,6,3,2,0.3,0.3
2022-10-23T17:00:00,3324A,116.8136,38.3004,沧州市,河北水利电力学院,,41,41,101,15,44,139,85,105,105,16,41,8,13,0.1,0.4
2022-10-23T17:00:00,3325A,117.0365,39.3828,天津市,雍阳西道,,26,11,57,4,24,82,82,63,63,8,41,3,5,0.3,0.5
2022-10-23T17:00:00,3326A,117.0296,39.0605,天津市,辛老路,,21,11,71,3,28,66,66,53,53,15,46,7,10,0.4,0.6
2022-10-23T17:00:00,3327A,116.9638,38.9375,天津市,地纬路,,22,11,77,4,36,73,70,62,62,10,37,5,10,0.2,0.5
2022-10-23T17:00:00,3328A,118.4209,31.3707,芜湖市,市气象局,细颗粒物(PM2.5),95,136,89,71,56,162,158,135,135,23,35,8,10,1.0,1
2022-10-23T17:00:00,3329A,117.0108,32.5893,淮南市,山南新区,颗粒物(PM10),72,93,121,28,77,175,112,142,142,21,24,6,9,0.3,0.6
2022-10-23T17:00:00,3330A,116.8873,33.9836,淮北市,杜集区检察院,颗粒物(PM10),55,59,114,26,62,170,107,99,99,15,37,8,11,0.4,0.6
2022-10-23T17:00:00,3331A,118.3267,32.2634,滁州市,图书馆,颗粒物(PM10),55,60,77,9,36,129,108,116,116,16,28,7,10,0.4,0.6
2022-10-23T17:00:00,3332A,115.7633,33.8034,亳州市,亳州学院,颗粒物(PM10),83,116,149,60,91,183,180,150,150,14,24,7,8,0.7,0.7
2022-10-23T17:00:00,3333A,117.5627,30.695,池州市,第八中学,细颗粒物(PM2.5),79,95,85,58,55,188,180,154,154,26,35,12,7,0.9,1
2022-10-23T17:00:00,3334A,117.5038,30.6243,池州市,第十二中学,臭氧1小时,85,99,80,57,53,195,188,166,166,26,31,11,7,0.9,0.8
2022-10-23T17:00:00,3335A,113.3137,35.2641,焦作市,马村街道办(新增191226),颗粒物(PM10),79,107,128,41,54,166,166,128,120,14,22,9,19,0.4,0.7
2022-10-23T17:00:00,3336A,113.2465,35.2373,焦作市,焦作技师学院(新增200110),颗粒物(PM10),89,127,125,51,58,150,150,113,113,13,17,10,8,0.3,0.5
2022-10-23T17:00:00,3337A,113.8614,34.0442,许昌市,许昌学院,颗粒物(PM10),82,113,148,46,71,182,175,155,155,13,28,9,9,0.5,0.9
2022-10-23T17:00:00,3338A,113.843,34.0823,许昌市,芙蓉广场,颗粒物(PM10),85,119,142,46,68,179,174,142,142,20,42,10,15,0.5,1
2022-10-23T17:00:00,3339A,114.0012,33.0412,驻马店市,小管楼,颗粒物(PM10),98,145,193,58,100,200,167,150,150,22,39,10,11,0.6,0.8
2022-10-23T17:00:00,3340A,112.6005,34.6326,洛阳市,伊滨,颗粒物(PM10),78,106,125,40,58,177,171,132,132,13,43,13,11,0.5,0.7
2022-10-23T17:00:00,3341A,112.4951,34.6332,洛阳市,中移产业园,细颗粒物(PM2.5),92,96,112,68,65,181,177,137,137,19,47,12,11,0.4,0.5
2022-10-23T17:00:00,3342A,128.4741,47.4346,伊春市,中心小学,,23,23,22,5,10,54,35,47,47,16,9,5,5,0.3,0.2
2022-10-23T17:00:00,3343A,128.6871,47.7369,伊春市,检察院,,25,18,15,17,12,60,47,54,54,10,5,7,7,0.2,0.1
2022-10-23T17:00:00,3344A,128.8431,47.8474,伊春市,双子河社区,,43,43,14,15,10,60,39,52,52,23,9,9,8,0.6,0.5
2022-10-23T17:00:00,3345A,131.0577,45.7879,七台河市,中波台,,25,25,27,9,13,63,50,53,53,19,30,8,16,0.4,0.6
2022-10-23T17:00:00,3346A,108.3872,31.1628,重庆市,安康,细颗粒物(PM2.5),99,91,83,74,59,102,64,73,73,26,40,8,9,0.5,0.5
2022-10-23T17:00:00,3347A,105.9017,29.3569,重庆市,北山路,细颗粒物(PM2.5),179,179,166,135,146,162,130,96,96,35,50,26,18,1.2,1.2
2022-10-23T17:00:00,3348A,105.839,30.1946,重庆市,春阳街,细颗粒物(PM2.5),109,103,124,82,96,185,123,104,104,24,42,15,14,0.8,1
2022-10-23T17:00:00,3349A,107.7983,30.6758,重庆市,人民东路,颗粒物(PM10),59,68,102,36,68,124,75,52,49,20,37,7,9,0.8,1
2022-10-23T17:00:00,3350A,106.6479,29.0244,重庆市,滩子口,细颗粒物(PM2.5),178,178,148,134,114,133,100,49,49,38,52,75,35,1.3,1.2
2022-10-23T17:00:00,3351A,105.7167,29.7076,重庆市,棠香,细颗粒物(PM2.5),200,196,123,150,92,150,150,103,103,38,37,22,9,1.0,0.9
2022-10-23T17:00:00,3352A,107.0732,29.8617,重庆市,桃源西路,细颗粒物(PM2.5),160,117,105,122,102,170,55,48,44,31,42,11,13,0.8,0.9
2022-10-23T17:00:00,3353A,107.3535,29.7287,重庆市,迎宾大道,细颗粒物(PM2.5),158,165,122,120,105,127,24,15,15,89,76,6,4,1.2,1.1
2022-10-23T17:00:00,3354A,108.815,29.5081,重庆市,舟白,细颗粒物(PM2.5),57,49,58,40,43,140,136,127,127,10,22,4,4,0.5,0.6
2022-10-23T17:00:00,3355A,108.3679,30.8426,重庆市,周家坝,细颗粒物(PM2.5),112,99,97,84,73,77,53,30,30,51,71,9,9,0.8,0.8
2022-10-23T17:00:00,3356A,108.4319,30.7555,重庆市,百安坝,细颗粒物(PM2.5),103,109,101,77,69,147,28,33,31,78,63,21,22,0.6,0.6
2022-10-23T17:00:00,3357A,104.0106,30.6931,成都市,金博路,细颗粒物(PM2.5),107,107,123,80,76,174,160,118,118,16,64,5,7,0.7,1
2022-10-23T17:00:00,3358A,103.8458,30.6994,成都市,临江路,细颗粒物(PM2.5),60,68,90,43,60,197,138,133,133,30,41,7,11,0.5,0.6
2022-10-23T17:00:00,3359A,104.0578,30.5225,成都市,华阳,细颗粒物(PM2.5),58,61,78,41,55,182,156,121,121,11,54,6,6,0.4,0.7
2022-10-23T17:00:00,3360A,104.7894,29.3194,自贡市,南湖救助站,细颗粒物(PM2.5),100,102,140,75,109,153,143,98,98,33,64,18,14,0.5,0.8
2022-10-23T17:00:00,3361A,103.7311,29.5628,乐山市,理工大学,细颗粒物(PM2.5),107,115,113,80,77,167,131,70,70,22,46,15,14,0.9,1.1
2022-10-23T17:00:00,3362A,120.5014,36.4034,青岛市,即墨2号,,44,44,45,12,14,109,81,77,77,24,27,7,7,0.2,0.3
2022-10-23T17:00:00,3363A,117.9883,36.8372,淄博市,新区,颗粒物(PM10),56,61,88,9,26,112,96,68,68,28,47,10,17,0.2,0.6
2022-10-23T17:00:00,3364A,117.3152,34.8103,枣庄市,市环保局,颗粒物(PM10),66,81,116,14,40,171,100,103,88,23,26,10,12,0.7,0.7
2022-10-23T17:00:00,3365A,118.5719,37.565,东营市,垦利区民丰路,颗粒物(PM10),52,53,46,22,11,127,127,108,108,21,42,16,17,0.5,0.6
2022-10-23T17:00:00,3366A,121.5206,37.4336,烟台市,中国农业大学,颗粒物(PM10),56,61,30,7,3,102,98,80,80,15,12,8,6,0.4,0.3
2022-10-23T17:00:00,3368A,119.1977,36.6872,潍坊市,高新实验学校,颗粒物(PM10),54,58,51,12,17,95,94,84,84,18,26,8,7,0.4,0.4
2022-10-23T17:00:00,3369A,118.3977,35.0278,临沂市,开发区幼儿园,,,,,,,,,,,,,,,,
2022-10-23T17:00:00,3370A,118.3564,35.0215,临沂市,十里堡居委,颗粒物(PM10),54,58,84,9,34,181,119,102,102,17,24,5,6,0.4,0.6
2022-10-23T17:00:00,3371A,116.3728,37.4403,德州市,开发区人民医院,颗粒物(PM10),71,91,126,31,45,133,116,99,99,29,50,7,13,0.4,0.6
2022-10-23T17:00:00,3372A,116.3572,37.4094,德州市,太阳城中学,颗粒物(PM10),64,77,121,22,43,139,116,106,106,26,45,9,14,0.6,0.8
2022-10-23T17:00:00,3374A,115.5564,35.0891,菏泽市,定陶老年大学,颗粒物(PM10),71,92,152,46,73,163,147,132,132,18,42,12,14,0.6,0.8
2022-10-23T17:00:00,3375A,102.8017,24.8336,昆明市,青年创业园,,,,26,,13,20,,23,,,24,,6,,0.6
2022-10-23T17:00:00,3376A,103.7947,25.462,曲靖市,南苑二区,,24,24,32,15,22,73,54,62,62,12,12,8,10,0.7,0.9
2022-10-23T17:00:00,3377A,103.7444,25.5261,曲靖市,曲靖师范学院,,25,18,30,17,24,72,56,64,64,13,16,7,7,0.6,0.7
2022-10-23T17:00:00,3378A,122.371,40.6771,营口市,老边实验中学,,21,21,58,6,29,64,55,57,57,29,46,12,33,0.2,0.9
2022-10-23T17:00:00,3379A,122.1139,40.2278,营口市,鲅鱼圈市民活动中心,,33,33,35,8,14,65,60,60,60,11,28,8,11,0.2,0.3
2022-10-23T17:00:00,3380A,102.8914,34.9617,甘南州,甘肃民族师范学院,,24,3,18,4,13,85,75,68,68,10,15,16,9,0,0.4
2022-10-23T17:00:00,3396A,112.0828,32.0067,襄阳市,襄城隆中路,细颗粒物(PM2.5),109,141,102,82,56,217,214,167,167,20,26,13,17,1.0,0.9
2022-10-23T17:00:00,3397A,112.1214,32.1008,襄阳市,高新台子湾,细颗粒物(PM2.5),110,108,119,83,81,230,216,184,184,13,44,15,16,1.3,1.4
2022-10-23T17:00:00,3398A,114.9136,30.4445,黄冈市,市林业局,臭氧1小时,99,69,82,35,41,199,199,171,171,15,23,6,10,0.6,0.7
2022-10-23T17:00:00,3399A,112.6703,26.882,衡阳市,师范学院,臭氧1小时,108,53,75,44,52,216,216,188,188,12,14,11,12,0.8,0.8
2022-10-23T17:00:00,3400A,109.1911,21.4415,北海市,龙潭自来水厂,臭氧1小时,115,96,93,72,72,234,229,175,175,16,23,18,10,0.9,1
2022-10-23T17:00:00,3401A,108.4834,22.7618,南宁市,红星社区,臭氧1小时,79,50,84,37,50,183,183,156,156,13,50,12,13,0.7,0.8
2022-10-23T17:00:00,3402A,109.5422,24.3996,柳州市,市二中,颗粒物(PM10),52,53,54,26,37,152,152,143,143,8,15,10,10,0.6,0.7
2022-10-23T17:00:00,3403A,110.1764,25.2381,桂林市,创业大厦,臭氧1小时,75,53,54,27,34,189,180,181,181,8,9,10,13,0.6,0.6
2022-10-23T17:00:00,3404A,108.5959,21.9633,钦州市,北职校,,50,50,78,32,53,159,159,142,142,11,27,14,14,0.7,0.9
2022-10-23T17:00:00,3405A,109.5886,23.1172,贵港市,新世纪学校,臭氧1小时,70,53,80,30,43,181,176,155,155,18,24,11,12,0.9,1
2022-10-23T17:00:00,3406A,106.6085,23.8798,百色市,祈福高中,,32,32,33,22,17,94,93,68,68,9,15,8,8,0.6,0.7
2022-10-23T17:00:00,3407A,120.6916,30.7739,嘉兴市,秀洲住建,颗粒物(PM10),61,72,51,36,30,209,154,160,160,25,26,4,4,0.6,0.5
2022-10-23T17:00:00,3408A,120.5683,29.9361,绍兴市,绍兴中专,细颗粒物(PM2.5),54,56,66,38,47,172,158,133,133,20,36,8,8,0.9,0.8
2022-10-23T17:00:00,3409A,120.4906,30.0861,绍兴市,柯桥区政府,颗粒物(PM10),55,60,69,32,38,160,158,134,134,22,30,8,9,0.7,0.7
2022-10-23T17:00:00,3410A,120.8752,30.0249,绍兴市,重华小学,颗粒物(PM10),58,66,59,38,34,154,149,133,133,13,16,10,10,0.9,0.8
2022-10-23T17:00:00,3411A,120.8369,30.0137,绍兴市,上虞中学,颗粒物(PM10),53,55,55,27,28,144,142,124,124,17,20,7,8,0.8,0.7
2022-10-23T17:00:00,3413A,118.1953,28.4401,上饶市,广丰区教体局,臭氧1小时,55,45,66,30,46,178,164,164,164,13,21,7,13,0.9,1
2022-10-23T17:00:00,3415A,114.4519,28.0828,宜春市,万载县环保局,,,30,83,19,48,178,149,150,150,10,46,7,20,,0.2
2022-10-23T17:00:00,3416A,119.1755,36.7149,潍坊市,潍坊学院,颗粒物(PM10),56,61,52,6,11,105,105,88,88,18,25,6,5,0.4,0.5
2022-10-23T17:00:00,3417A,117.0709,40.1465,北京市,平谷新城,,21,9,18,2,8,72,66,66,66,9,11,3,3,0.1,0.1
2022-10-23T17:00:00,3418A,116.8336,40.4095,北京市,密云新城,,21,10,8,3,3,69,66,63,63,12,12,3,3,0.2,0.2
2022-10-23T17:00:00,3419A,109.9447,40.6261,包头市,包头市委党校,,29,16,38,3,11,91,90,74,74,7,30,10,11,0.6,0.6
2022-10-23T17:00:00,3421A,113.1775,40.9779,乌兰察布市,市委党校,,25,18,38,7,14,83,78,72,72,6,22,20,12,0.2,0.3
2022-10-23T17:00:00,3422A,118.8436,31.9198,南京市,江宁彩虹桥,,50,50,75,14,36,164,124,141,141,17,40,5,6,0.4,0.7
2022-10-23T17:00:00,3423A,119.0138,31.6494,南京市,溧水永阳,颗粒物(PM10),64,78,70,44,36,159,152,138,138,6,12,4,4,0.5,0.6
2022-10-23T17:00:00,3424A,118.879,31.3302,南京市,高淳老职中,细颗粒物(PM2.5),72,91,56,52,36,212,159,139,139,16,20,5,5,0.7,0.7
2022-10-23T17:00:00,3425A,120.624,31.1733,苏州市,越秀幼儿园,颗粒物(PM10),60,70,54,10,30,215,121,150,150,16,24,6,7,0.6,0.8
2022-10-23T17:00:00,3426A,118.8755,33.2894,淮安市,新华书店,颗粒物(PM10),57,64,88,8,33,118,111,100,100,17,36,7,7,0.5,0.8
2022-10-23T17:00:00,3427A,118.8554,32.3578,南京市,六合雄州,,46,46,66,12,30,109,105,103,103,15,34,6,6,0.4,0.6
2022-10-23T17:00:00,3428A,120.3142,31.4753,无锡市,华庄,,24,24,68,6,41,151,68,125,123,28,25,9,9,0.6,1
2022-10-23T17:00:00,3429A,119.8598,31.7066,常州市,武进经发区,,27,21,54,8,38,155,86,122,122,31,33,5,5,0.3,0.6
2022-10-23T17:00:00,3430A,119.5826,31.7245,常州市,金坛城区,,36,29,60,13,39,151,113,130,130,15,24,5,6,0.4,0.7
2022-10-23T17:00:00,3431A,120.6505,31.416,苏州市,高铁新城,,32,21,51,6,32,163,102,134,134,15,22,7,7,0.4,0.8
2022-10-23T17:00:00,3432A,120.9348,31.9883,南通市,环境教育馆,,36,36,40,12,22,113,102,105,105,8,12,3,3,0.4,0.4
2022-10-23T17:00:00,3434A,119.2413,34.6539,连云港市,工贸学校,,42,42,55,12,31,121,85,66,66,14,25,2,2,0.4,0.5
2022-10-23T17:00:00,3435A,119.9192,32.4322,泰州市,周山河街区,,44,44,44,8,23,118,96,91,91,15,16,7,9,0.4,0.6
2022-10-23T17:00:00,3436A,120.4279,33.205,盐城市,大丰高级中学,颗粒物(PM10),54,58,48,9,16,117,116,107,107,10,15,6,6,0.4,0.5
2022-10-23T17:00:00,3437A,88.3118,43.3658,乌鲁木齐市,达坂城区环保局,颗粒物(PM10),132,213,153,51,41,105,105,89,89,4,5,4,3,0.2,0.2
2022-10-23T17:00:00,3438A,87.6162,43.8801,乌鲁木齐市,红光山片区,颗粒物(PM10),70,89,60,28,27,110,97,75,75,31,36,19,12,0.9,0.7
2022-10-23T17:00:00,3439A,87.7024,43.8004,乌鲁木齐市,新师大温泉校区,颗粒物(PM10),78,105,176,21,50,109,91,96,96,22,8,14,7,0.6,0.3
2022-10-23T17:00:00,3440A,87.4921,43.8411,乌鲁木齐市,大绿谷,细颗粒物(PM2.5),82,100,181,60,60,106,101,91,84,24,24,23,12,1.0,0.8
2022-10-23T17:00:00,3441A,87.546,44.1912,五家渠市,经开区管委会,颗粒物(PM10),69,87,87,32,50,89,82,52,52,16,28,20,20,1.2,1.4
2022-10-23T17:00:00,3442A,86.047,44.2331,石河子市,南区管委会,颗粒物(PM10),84,117,85,33,40,104,103,78,78,12,18,12,14,0.6,0.7
2022-10-23T17:00:00,3443A,113.2902,23.5544,广州市,花都梯面,,46,30,30,16,18,182,147,153,153,8,37,6,8,0.5,0.6
2022-10-23T17:00:00,3444A,116.454,23.2684,汕头市,潮南峡山,颗粒物(PM10),56,62,51,34,19,161,155,131,131,13,13,8,8,0.6,0.7
2022-10-23T17:00:00,3445A,113.7858,23.7478,广州市,从化良口,,45,25,25,19,17,145,142,142,142,8,20,8,7,0.5,0.5
2022-10-23T17:00:00,3446A,113.8051,23.2614,广州市,增城荔城,,45,29,42,18,22,158,141,136,136,15,25,8,9,0.4,0.5
2022-10-23T17:00:00,3447A,114.3551,22.7151,深圳市,坪山,颗粒物(PM10),51,52,47,28,23,147,133,125,125,15,29,7,8,0.6,0.6
2022-10-23T17:00:00,3448A,113.5433,22.1163,珠海市,横琴,颗粒物(PM10),52,54,41,22,20,231,151,148,148,34,24,11,10,0.6,0.5
2022-10-23T17:00:00,3449A,113.05,22.4667,江门市,新会银湖,臭氧1小时,119,65,74,27,34,237,237,184,184,20,43,8,9,0.7,0.8
2022-10-23T17:00:00,3450A,111.01,21.5165,茂名市,电白水东,臭氧1小时,87,53,70,31,41,191,189,161,161,11,17,12,20,0.8,0.8
2022-10-23T17:00:00,3451A,112.5617,23.2083,肇庆市,鼎湖凤凰,臭氧1小时,72,42,32,29,21,180,177,159,159,10,11,9,8,0.7,0.6
2022-10-23T17:00:00,3452A,114.6517,22.775,惠州市,大亚湾霞涌,,,75,35,21,20,140,134,114,114,,16,5,6,0.3,0.4
2022-10-23T17:00:00,3453A,112.0125,21.8749,阳江市,阳东陶然,臭氧1小时,109,71,70,38,42,223,218,176,167,19,23,13,11,0.6,0.7
2022-10-23T17:00:00,3454A,113.3528,22.478,中山市,中山南区,臭氧1小时,122,53,50,29,29,248,243,194,194,18,28,10,9,0.5,0.6
2022-10-23T17:00:00,3455A,113.076,23.7198,清远市,清城东城,臭氧1小时,75,42,45,22,25,184,180,170,170,8,20,10,12,0.7,0.7
2022-10-23T17:00:00,3456A,114.289,38.0906,石家庄市,鹿泉一中,,47,47,78,19,32,96,91,82,82,36,40,9,10,0.4,0.5
2022-10-23T17:00:00,3457A,118.4359,39.2762,唐山市,冀东油田职工医院,颗粒物(PM10),53,55,58,9,19,77,69,59,59,20,43,5,6,0.4,0.4
2022-10-23T17:00:00,3458A,114.7895,36.5593,邯郸市,香泉濮院小区,颗粒物(PM10),71,91,122,34,46,138,138,101,101,18,53,12,14,0.6,0.8
2022-10-23T17:00:00,3459A,115.5989,37.5491,衡水市,地表水厂,,31,29,73,11,34,121,99,96,96,10,55,7,9,0.3,0.4
2022-10-23T17:00:00,3460A,117.4067,40.0583,天津市,北环路,,25,8,14,1,4,80,77,65,65,10,17,3,4,0.1,0.2
2022-10-23T17:00:00,3461A,117.3045,39.7169,天津市,建设路,,22,10,52,4,20,78,68,66,66,21,42,8,10,0.2,0.5
2022-10-23T17:00:00,3462A,117.8199,39.3521,天津市,滨水东路,,22,10,49,2,18,76,69,60,60,12,52,6,9,0.2,0.9
2022-10-23T17:00:00,3463A,116.9708,33.591,宿州市,社会福利中心,颗粒物(PM10),62,73,132,21,81,168,117,107,107,17,33,5,6,0.5,0.7
2022-10-23T17:00:00,3464A,117.3803,31.9147,合肥市,高教基地,,44,42,46,26,29,185,139,154,154,14,27,5,4,0.4,0.4
2022-10-23T17:00:00,3465A,118.4781,31.3225,芜湖市,清苑社区,细颗粒物(PM2.5),80,97,78,59,53,165,146,138,138,33,44,6,7,0.8,0.8
2022-10-23T17:00:00,3466A,118.2746,31.2326,芜湖市,扬子职业技术学院,细颗粒物(PM2.5),94,105,88,70,62,170,160,142,142,25,56,5,6,0.8,0.8
2022-10-23T17:00:00,3468A,115.7901,32.8613,阜阳市,市规划展馆,细颗粒物(PM2.5),144,154,170,110,121,218,210,165,165,30,54,14,13,0.7,1
2022-10-23T17:00:00,3469A,115.836,32.9183,阜阳市,枣园社区,臭氧1小时,103,124,169,68,100,209,205,162,162,29,69,14,13,0.7,0.9
2022-10-23T17:00:00,3470A,118.7724,30.9141,宣城市,夏渡子站,颗粒物(PM10),66,81,75,47,53,202,168,184,163,17,30,4,5,0.8,0.8
2022-10-23T17:00:00,3471A,113.616563,34.86783,郑州市,惠济区政府,细颗粒物(PM2.5),73,94,118,53,72,160,159,155,155,17,32,9,10,0.4,0.6
2022-10-23T17:00:00,3473A,114.2485,34.8306,开封市,技师学院,细颗粒物(PM2.5),104,124,145,78,84,186,182,143,143,20,36,11,10,0.6,0.6
2022-10-23T17:00:00,3474A,114.2617,35.6822,鹤壁市,大新区,颗粒物(PM10),69,87,100,46,53,155,142,122,122,21,25,16,11,0.6,0.7
2022-10-23T17:00:00,3475A,113.9188,35.3045,新乡市,市政府,细颗粒物(PM2.5),82,110,102,60,61,173,173,128,128,15,40,12,12,0.6,0.7
2022-10-23T17:00:00,3476A,113.9135,35.3327,新乡市,河师大,颗粒物(PM10),85,119,132,42,57,172,172,126,126,20,43,12,13,0.6,0.7
2022-10-23T17:00:00,3477A,113.1656,35.2539,焦作市,中站许衡医院(新增191226),颗粒物(PM10),84,118,111,52,52,182,175,139,139,18,23,12,11,0.6,0.6
2022-10-23T17:00:00,3478A,113.9749,33.5664,漯河市,市图书馆,颗粒物(PM10),93,135,182,56,109,189,189,136,136,26,48,11,12,0.8,1
2022-10-23T17:00:00,3479A,114.0967,33.5906,漯河市,召陵区卫健委,细颗粒物(PM2.5),107,147,196,80,123,190,181,139,139,27,45,12,12,0.8,0.9
2022-10-23T17:00:00,3480A,129.1368,47.6417,伊春市,美溪镇,,23,23,18,8,10,58,47,54,54,12,7,2,2,0.6,0.6
2022-10-23T17:00:00,3481A,125.141,46.634,大庆市,萨区政府监测点,,25,19,15,17,10,61,47,54,54,15,18,18,7,0.3,0.3
2022-10-23T17:00:00,3482A,107.7541,29.3277,重庆市,芙蓉中路,,45,41,75,31,47,140,122,84,84,24,47,10,32,0.3,0.4
2022-10-23T17:00:00,3483A,108.7661,29.5368,重庆市,西山,,43,43,47,19,35,144,130,112,112,16,37,9,8,0.3,0.5
2022-10-23T17:00:00,3484A,106.2628,29.32,重庆市,行政中心,细颗粒物(PM2.5),155,182,191,118,131,147,83,44,44,60,92,27,11,1.3,1.3
2022-10-23T17:00:00,3485A,107.0944,29.1608,重庆市,高寺路,细颗粒物(PM2.5),92,90,107,68,84,143,112,67,67,37,56,19,13,0.4,0.7
2022-10-23T17:00:00,3486A,124.4036,43.1411,四平市,植物园,,20,16,26,6,12,69,61,63,63,8,25,2,6,0.2,0.3
2022-10-23T17:00:00,3487A,104.2394,30.5319,成都市,车城东七路,,,72,78,48,50,174,174,133,133,,50,8,6,0.6,0.7
2022-10-23T17:00:00,3488A,104.3853,30.7453,成都市,青白江技师分院,细颗粒物(PM2.5),58,51,61,41,45,162,144,123,123,16,51,4,5,0.5,0.6
2022-10-23T17:00:00,3489A,104.0789,30.4072,成都市,科学城,,,,88,,58,63,,69,,,48,,9,,0.6
2022-10-23T17:00:00,3490A,105.3617,28.7703,泸州市,纳溪区环保局,细颗粒物(PM2.5),113,94,118,85,95,157,68,45,45,58,54,11,14,0.9,0.9
2022-10-23T17:00:00,3491A,104.69,31.5322,绵阳市,西科大附属小学,,42,31,53,17,29,134,133,92,92,9,46,5,6,0.4,0.6
2022-10-23T17:00:00,3492A,104.5648,31.5343,绵阳市,安州区旅游局,,42,42,84,20,40,136,133,95,95,13,39,4,3,0.5,0.6
2022-10-23T17:00:00,3494A,117.1673,36.9782,济南市,济阳区政府,颗粒物(PM10),64,78,117,12,29,119,81,72,72,32,37,14,14,0.3,0.5
2022-10-23T17:00:00,3495A,117.1171,36.63,济南市,锦屏中学,颗粒物(PM10),64,78,77,20,24,137,98,88,88,31,27,6,5,0.7,0.7
2022-10-23T17:00:00,3496A,118.3604,35.1084,临沂市,南坊新区,颗粒物(PM10),54,58,87,12,34,182,113,98,98,19,25,7,8,0.3,0.5
2022-10-23T17:00:00,3498A,118.5055,37.8612,东营市,河口城区,颗粒物(PM10),56,61,57,17,15,130,98,106,106,22,23,7,11,0.5,0.6
2022-10-23T17:00:00,3500A,116.5814,35.3707,济宁市,北湖一中,,,72,119,22,75,157,120,130,130,,37,9,11,0.5,0.9
2022-10-23T17:00:00,3501A,116.8249,35.5593,济宁市,服务中心,细颗粒物(PM2.5),73,92,162,53,76,155,155,128,128,20,36,14,14,0.8,1
2022-10-23T17:00:00,3502A,117.1812,36.2275,泰安市,国网新校,,,,,24,33,127,106,90,90,14,17,10,7,0.5,0.6
2022-10-23T17:00:00,3503A,117.0313,36.2018,泰安市,交通技校,颗粒物(PM10),61,71,82,29,37,116,96,84,84,24,37,10,7,0.6,0.6
2022-10-23T17:00:00,3504A,117.0829,36.13,泰安市,山东第一医科大学,颗粒物(PM10),60,70,122,26,39,130,105,89,89,24,31,11,12,0.6,0.8
2022-10-23T17:00:00,3505A,122.1379,37.3414,威海市,临港区管委会,,31,22,25,6,5,98,97,83,83,12,12,4,3,0.3,0.3
2022-10-23T17:00:00,3507A,119.5328,35.4625,日照市,职业技术学院,颗粒物(PM10),52,53,64,12,22,169,78,81,81,31,21,7,7,0.3,0.3
2022-10-23T17:00:00,3511A,116.5652,37.3319,德州市,陵城艺术中心,颗粒物(PM10),75,100,125,34,39,139,138,102,102,27,42,8,11,0.5,0.6
2022-10-23T17:00:00,3512A,116.049,36.4674,聊城市,华润纺织,颗粒物(PM10),78,106,147,31,51,134,126,102,102,23,57,12,20,0.5,0.8
2022-10-23T17:00:00,3513A,116.0445,36.4361,聊城市,九州社区,颗粒物(PM10),71,92,120,29,46,133,133,94,94,14,49,7,14,0.4,0.6
2022-10-23T17:00:00,3514A,117.9378,37.3956,滨州市,中海酒店,,42,42,56,9,19,108,101,96,96,14,28,13,17,0.3,0.5
2022-10-23T17:00:00,3515A,117.9378,37.3553,滨州市,开发区一中,颗粒物(PM10),51,51,83,17,26,105,97,91,91,19,39,12,20,0.3,0.7
2022-10-23T17:00:00,3516A,118.0917,37.694,滨州市,金海六路,颗粒物(PM10),59,68,66,28,21,123,123,101,101,21,31,9,15,0.2,0.3
2022-10-23T17:00:00,3520A,106.3495,38.9836,石嘴山市,妇女儿童医院,颗粒物(PM10),56,62,64,33,35,120,120,70,70,18,42,16,34,0.6,0.9
2022-10-23T17:00:00,3521A,106.7492,39.2069,石嘴山市,石大公路,,46,46,67,18,23,102,102,71,71,16,38,7,17,0.3,0.6
2022-10-23T17:00:00,3522A,106.2177,35.9959,固原市,原州区十五小,颗粒物(PM10),58,66,81,25,30,124,112,104,104,13,21,7,9,0.4,0.5
2022-10-23T17:00:00,3523A,106.5105,38.3856,银川市,滨河新区,,46,46,43,15,16,106,106,82,82,13,19,9,12,0.5,0.5
2022-10-23T17:00:00,3524A,108.6116,34.1164,西安市,文体局,颗粒物(PM10),87,123,133,58,68,142,114,82,82,47,50,17,9,0.6,0.6
2022-10-23T17:00:00,3525A,108.6396,34.4078,咸阳市,奥体中心,颗粒物(PM10),90,130,178,53,85,132,88,76,76,50,74,13,9,0.8,1
2022-10-23T17:00:00,3526A,119.5189,25.9664,福州市,吴航,,43,39,45,25,28,151,136,136,136,8,8,6,7,0.3,0.3
2022-10-23T17:00:00,3527A,118.0958,24.5688,厦门市,集美中学,颗粒物(PM10),51,51,41,22,18,170,137,137,137,18,20,3,3,0.4,0.4
2022-10-23T17:00:00,3528A,118.1493,24.7245,厦门市,同安二实小,颗粒物(PM10),52,53,37,27,18,175,151,139,139,21,18,10,9,0.5,0.5
2022-10-23T17:00:00,3529A,118.6333,24.9264,泉州市,城华南路,,46,46,37,20,18,138,113,126,126,12,11,8,8,0.6,0.6
2022-10-23T17:00:00,3530A,117.6296,24.5314,漳州市,西洋坪路,颗粒物(PM10),59,68,36,38,18,163,158,112,112,20,16,6,5,0.4,0.4
2022-10-23T17:00:00,3531A,110.296,25.1253,桂林市,旅游学院,臭氧1小时,88,44,40,24,27,195,190,188,188,11,10,12,13,0.6,0.6
2022-10-23T17:00:00,3532A,110.1945,22.6831,玉林市,玉林师范学院东校区,臭氧1小时,63,40,66,38,50,170,170,141,141,15,33,10,17,0.6,0.7
2022-10-23T17:00:00,3533A,110.0527,22.5893,玉林市,福绵环保局,臭氧1小时,69,51,92,39,53,185,175,156,156,12,33,7,10,0.7,0.9
2022-10-23T17:00:00,3534A,111.4744,24.4553,贺州市,西湾,臭氧1小时,84,78,71,54,46,194,187,179,179,16,21,11,11,0.8,0.8
2022-10-23T17:00:00,3535A,109.1781,23.7297,来宾市,兴宾区政府,臭氧1小时,100,71,68,48,40,201,200,179,179,14,16,17,15,0.7,0.8
2022-10-23T17:00:00,3536A,106.8547,27.5919,遵义市,第十二小学,,43,38,72,26,55,144,137,132,132,9,34,3,5,0.5,0.7
2022-10-23T17:00:00,3537A,105.3631,27.3533,毕节市,长征村,细颗粒物(PM2.5),62,53,62,44,52,150,140,140,140,12,13,8,10,0.5,0.6
2022-10-23T17:00:00,3538A,107.5175,26.2978,黔南布依族苗族自治州,沙坝,颗粒物(PM10),53,56,34,24,18,161,154,146,146,21,14,6,5,0.5,0.5
2022-10-23T17:00:00,3539A,110.5111,19.9736,海口市,桂林洋子站,臭氧1小时,92,55,47,33,30,195,193,185,185,8,19,13,7,1.0,0.7
2022-10-23T17:00:00,3540A,109.7348,18.3443,三亚市,君悦子站,,32,24,38,11,20,159,102,94,94,6,14,3,4,0.4,0.5
2022-10-23T17:00:00,3541A,109.5726,19.5167,儋州市,第一中学子站,颗粒物(PM10),52,54,48,34,28,150,144,124,124,9,12,8,7,0.7,0.7
2022-10-23T17:00:00,3542A,109.5567,19.5187,儋州市,东坡学校子站,颗粒物(PM10),53,55,48,36,24,165,138,128,128,11,11,8,6,0.6,0.5
2022-10-23T17:00:00,3544A,121.4891,30.925,上海市,奉贤南桥新城,颗粒物(PM10),56,62,51,16,24,148,92,127,126,23,16,6,6,0.6,0.7
2022-10-23T17:00:00,3545A,110.8054,32.8401,十堰市,郧阳区金沙路,臭氧1小时,79,82,59,56,40,188,183,141,141,20,19,14,9,0.9,0.8
2022-10-23T17:00:00,3546A,111.4606,30.552,宜昌市,猇亭区张家湾站,臭氧1小时,106,75,64,39,40,212,212,184,184,14,24,7,12,0.6,0.7
2022-10-23T17:00:00,3547A,112.1632,31.0138,荆门市,龙泉中学南校,,,,94,,59,226,214,208,208,14,19,16,15,0.8,1.1
2022-10-23T17:00:00,3548A,112.1655,30.3364,荆州市,学苑路,臭氧1小时,106,8,7,48,58,225,212,196,196,14,27,11,11,1.5,1.6
2022-10-23T17:00:00,3549A,109.5061,30.3772,恩施土家族苗族自治州,龙凤新区,细颗粒物(PM2.5),59,56,73,42,54,134,120,103,103,17,14,6,6,0.9,1
2022-10-23T17:00:00,3550A,102.7997,24.9786,昆明市,昆明学院,,17,17,24,10,13,62,49,49,49,16,20,5,7,0.4,0.5
2022-10-23T17:00:00,3551A,102.5967,24.6736,昆明市,晋宁区生态环境分局,,22,10,29,7,26,72,70,57,57,8,18,5,5,0.4,0.6
2022-10-23T17:00:00,3552A,102.6678,24.9856,昆明市,云天化总部,,20,9,17,6,12,82,62,56,56,10,16,9,8,0.3,0.3
2022-10-23T17:00:00,3557A,119.9464,30.0494,杭州市,镇二中,"颗粒物(PM10),臭氧1小时",59,67,77,35,43,200,167,140,140,32,32,7,9,0.9,0.9
2022-10-23T17:00:00,3558A,119.7183,30.2367,杭州市,市府大楼,颗粒物(PM10),56,61,76,39,51,194,163,154,154,24,28,8,9,0.8,0.9
2022-10-23T17:00:00,3560A,120.4722,30.0415,绍兴市,柯桥妇保,颗粒物(PM10),58,66,71,37,47,150,147,123,123,20,28,6,6,0.7,0.8
2022-10-23T17:00:00,3561A,120.6985,27.9251,温州市,茶山,颗粒物(PM10),51,51,65,23,37,150,132,137,137,15,22,6,6,0.4,0.5
2022-10-23T17:00:00,3562A,120.4148,30.8538,湖州市,南浔区站,臭氧1小时,78,98,84,49,51,232,182,149,149,26,30,6,7,1.0,0.8
2022-10-23T17:00:00,3564A,121.2568,28.6681,台州市,台州科技职业学院,,44,35,62,14,30,138,138,118,118,13,17,6,7,0.4,0.5
2022-10-23T17:00:00,3565A,113.1367,40.1122,大同市,云冈站,,27,10,38,7,15,86,85,78,78,6,13,8,33,0.4,0.6
2022-10-23T17:00:00,3566A,113.1186,40.2556,大同市,图书馆,,,17,44,,21,83,83,71,71,6,12,3,10,0.4,0.7
2022-10-23T17:00:00,3567A,113.5931,40.0461,大同市,区一中,,,18,56,2,20,87,87,77,77,11,19,18,22,,0.8
2022-10-23T17:00:00,3568A,113.06,36.0464,长治市,向阳小学,,44,44,119,21,69,131,131,100,100,21,39,17,15,0.5,1
2022-10-23T17:00:00,3569A,112.8792,36.3144,长治市,屯留一中,,37,26,68,23,41,120,118,92,92,17,50,10,11,0.5,0.9
2022-10-23T17:00:00,3570A,113.235,36.3489,长治市,潞城四中,,36,36,144,9,62,107,101,90,90,15,62,7,18,0.5,1.5
2022-10-23T17:00:00,3571A,112.2931,39.53,朔州市,一水厂,,26,17,48,10,16,89,83,76,76,12,23,5,15,0.2,0.3
2022-10-23T17:00:00,3572A,114.6419615,37.9001925,石家庄市,栾城区政府,,30,30,93,5,31,108,96,80,80,23,57,9,12,0.3,0.6
2022-10-23T17:00:00,3573A,114.8506765,38.0322033,石家庄市,藁城区实验学校,颗粒物(PM10),51,51,92,8,33,111,96,82,82,20,40,7,9,0.4,0.5
2022-10-23T17:00:00,3574A,114.0504658,38.0591645,石家庄市,井陉矿区区委大楼,颗粒物(PM10),54,58,80,17,26,88,80,66,66,46,55,7,9,0.3,0.5
2022-10-23T17:00:00,3575A,118.09279,39.58089,唐山市,正泰大街热力站,,22,13,50,3,25,77,70,61,61,13,45,6,7,0.3,0.6
2022-10-23T17:00:00,3576A,118.1562,39.8322,唐山市,丰润区政府,,24,24,60,4,20,71,58,60,60,25,32,5,5,0.3,0.7
2022-10-23T17:00:00,3577A,118.43673,39.73809,唐山市,金山小学,颗粒物(PM10),82,113,33,38,15,76,70,67,67,7,29,3,2,0.2,0.6
2022-10-23T17:00:00,3578A,118.24498,39.66941,唐山市,政府服务中心,,47,47,72,14,24,78,65,64,64,19,48,6,8,0.3,0.6
2022-10-23T17:00:00,3579A,114.50634,36.77178,邯郸市,永年区实验高中,颗粒物(PM10),71,92,132,41,52,123,117,95,95,32,57,6,7,0.8,1.1
2022-10-23T17:00:00,3580A,114.20016,36.44293,邯郸市,峰峰矿区临水派出所,颗粒物(PM10),84,117,99,38,38,145,142,120,120,19,23,11,9,0.8,0.7
2022-10-23T17:00:00,3581A,115.31981,38.95208,保定市,满城区生态环境分局,,40,40,66,10,17,105,98,91,91,19,35,5,4,0.1,0.2
2022-10-23T17:00:00,3582A,115.47694,38.76408,保定市,清苑区第二中学,,42,42,73,1,24,101,100,77,77,18,48,8,9,0.2,0.3
2022-10-23T17:00:00,3583A,115.62909,39.02311,保定市,徐水物探局,,30,19,56,2,17,100,96,80,80,14,36,9,8,0.3,0.4
2022-10-23T17:00:00,3590A,113.8374,34.5589,郑州市,北区建设指挥部,细颗粒物(PM2.5),87,98,111,64,74,180,180,143,143,16,32,10,13,0.7,0.9
2022-10-23T17:00:00,3591A,113.30952,34.803229,郑州市,上街区政府,颗粒物(PM10),75,99,120,49,72,164,164,124,124,13,28,3,4,0.7,1
2022-10-23T17:00:00,3592A,114.4644,34.7556,开封市,祥符区生态环境局,"颗粒物(PM10),细颗粒物(PM2.5)",103,156,184,77,93,192,178,155,155,25,43,12,17,0.5,0.8
2022-10-23T17:00:00,3593A,112.5736,34.8993,洛阳市,吉利监测站,颗粒物(PM10),78,106,103,49,63,180,176,149,149,17,38,10,9,0.4,0.7
2022-10-23T17:00:00,3594A,112.8867,33.9116,平顶山市,石龙区,颗粒物(PM10),96,142,202,68,69,190,187,165,165,26,86,12,14,0.7,0.8
2022-10-23T17:00:00,3596A,114.1572,35.9603,鹤壁市,南山宾馆,颗粒物(PM10),70,90,112,34,50,160,150,134,134,14,15,11,12,0.7,0.8
2022-10-23T17:00:00,3597A,113.8134,34.1251,许昌市,建安区兴业大厦,颗粒物(PM10),95,140,176,67,83,178,177,146,146,18,33,9,15,0.5,1
2022-10-23T17:00:00,3598A,111.1,34.7167,三门峡市,富达温泉假日酒店,,47,47,101,7,52,119,108,81,81,27,41,10,11,1.4,1.6
2022-10-23T17:00:00,3599A,106.2649,29.9851,重庆市,书院路,细颗粒物(PM2.5),88,86,152,65,114,182,93,78,78,51,58,12,18,0.7,1
2022-10-23T17:00:00,3600A,106.2339,29.5559,重庆市,虎峰,细颗粒物(PM2.5),199,225,163,149,118,173,82,80,80,99,65,39,41,0.9,0.8
2022-10-23T17:00:00,3601A,106.0499,29.8342,重庆市,龙门街,细颗粒物(PM2.5),172,174,139,130,112,155,92,79,79,56,53,23,23,0.9,0.8
2022-10-23T17:00:00,3604A,119.3266,35.1044,日照市,岚山环保分局,,44,44,85,10,32,181,111,90,90,16,48,6,45,0.4,3.9
2022-10-23T17:00:00,3605A,109.09,34.5236,西安市,无线电监控中心,颗粒物(PM10),75,100,135,50,64,110,99,71,71,29,64,19,14,0.6,0.7
2022-10-23T17:00:00,3610A,105.5933,29.4105,重庆市,昌元,细颗粒物(PM2.5),156,175,176,119,128,158,134,98,98,31,55,20,13,1.1,1.3
2022-10-23T17:00:00,3612A,85.1045,45.6899,克拉玛依市,白碱滩区新站,,36,36,28,12,8,90,90,61,52,8,24,11,5,0.4,0.4
2022-10-23T17:00:00,3613A,87.3095,44.0142,昌吉州,亚心广场,颗粒物(PM10),87,124,75,45,48,85,85,64,64,16,31,14,12,0.6,0.8
2022-10-23T17:00:00,3614A,79.924,37.0877,和田地区,地区环保局,颗粒物(PM10),143,236,280,55,80,100,100,82,82,4,7,1,2,0.3,0.4
2022-10-23T17:00:00,3615A,79.9131,37.113,和田地区,市环保局,颗粒物(PM10),125,200,404,48,68,95,95,79,79,2,15,3,5,0.5,0.9
2022-10-23T17:00:00,3616A,106.7616,31.8344,巴中市,市中心医院,细颗粒物(PM2.5),92,110,96,68,57,49,4,14,14,56,49,5,5,1.0,0.8
2022-10-23T17:00:00,3617A,105.8047,32.4166,广元市,经开区,细颗粒物(PM2.5),52,50,51,36,38,105,98,79,79,18,31,8,11,0.8,0.8
2022-10-23T17:00:00,3618A,112.4701,37.782,太原市,金胜,颗粒物(PM10),64,77,127,26,29,96,88,63,63,32,52,10,10,0.5,0.5
2022-10-23T17:00:00,3619A,113.617,37.8571,阳泉市,龙柱,,27,27,107,15,35,82,78,70,70,23,57,10,35,0.5,0.8
2022-10-23T17:00:00,3620A,112.8271,35.4828,晋城市,泽州一中,颗粒物(PM10),85,120,120,48,50,176,158,122,122,27,34,23,15,0.9,1.2
2022-10-23T17:00:00,3621A,106.8288,39.6778,乌海市,聚英学校,,32,32,39,14,19,102,102,71,71,13,27,25,40,0.5,0.9
2022-10-23T17:00:00,3622A,113.5556,24.8082,韶关市,碧湖山庄,臭氧1小时,52,44,62,21,35,164,161,155,155,6,13,12,20,0.5,0.6
2022-10-23T17:00:00,3623A,113.8953,22.5861,深圳市,西乡,颗粒物(PM10),56,61,58,29,24,172,158,141,141,26,44,8,7,0.6,0.6
2022-10-23T17:00:00,3624A,116.4069,23.2533,汕头市,潮南子站,颗粒物(PM10),66,81,48,18,32,158,155,127,127,16,18,8,8,0.6,0.6
2022-10-23T17:00:00,3625A,113.2544,22.7642,佛山市,容桂街道办,臭氧1小时,102,36,62,19,30,212,204,172,172,14,46,8,9,0.9,1
2022-10-23T17:00:00,3626A,113.7533,23.0202,东莞市,南城元岭,,,165,66,,27,178,170,164,164,24,48,13,12,0.7,0.7
2022-10-23T17:00:00,3627A,113.7875,23.0457,东莞市,东城主山,臭氧1小时,85,41,51,19,26,195,188,175,175,10,32,14,13,0.6,0.7
2022-10-23T17:00:00,3628A,112.0336,22.9374,云浮市,文笔,臭氧1小时,80,44,61,21,28,184,184,164,164,10,27,10,14,0.6,0.8
2022-10-23T17:00:00,3629A,101.8305,36.5786,西宁市,世纪职校,,40,40,58,25,35,122,119,87,87,18,34,9,19,0.4,0.6
2022-10-23T17:00:00,3630A,101.7413,36.6397,西宁市,师大城西校区,,45,37,59,31,39,115,110,85,85,9,26,10,24,0.5,0.9
2022-10-23T17:00:00,3631A,114.6063,38.0266,石家庄市,高新区,,,,,,,,,,,,,,,,
2022-10-23T17:00:00,3633A,118.4918,31.6809,马鞍山市,雨山,颗粒物(PM10),62,73,66,34,43,165,158,146,146,21,32,10,13,1.0,0.9
2022-10-23T17:00:00,3634A,116.9884,33.6305,宿州市,宿州学院,颗粒物(PM10),67,83,156,20,78,160,96,97,97,42,55,6,8,0.5,0.7
2022-10-23T17:00:00,3635A,112.3677,34.662,洛阳市,河科大西苑校区,臭氧1小时,80,108,139,56,73,187,184,139,139,23,74,12,18,0.6,0.9
2022-10-23T17:00:00,3636A,112.4388,34.6781,洛阳市,英才小学,,,123,154,55,75,185,172,134,134,19,49,,17,0.6,0.9
2022-10-23T17:00:00,3637A,131.0176,45.7761,七台河市,人民广场,,20,20,36,9,20,63,44,55,55,18,24,6,15,0.6,0.7
2022-10-23T17:00:00,3638A,104.7636,29.3338,自贡市,轻化工大学,细颗粒物(PM2.5),117,120,153,88,117,154,150,95,95,23,66,15,10,0.5,0.9
2022-10-23T17:00:00,3639A,104.4019,31.1244,德阳市,市教育局,"颗粒物(PM10),臭氧1小时",54,58,75,25,43,168,163,117,117,13,59,8,9,0.6,0.8
2022-10-23T17:00:00,3642A,120.3503,36.0736,青岛市,市北区南部,颗粒物(PM10),53,55,73,17,23,142,99,83,83,41,39,6,7,0.4,0.5
2022-10-23T17:00:00,3643A,120.3948,36.1805,青岛市,李沧区北部,颗粒物(PM10),53,56,77,17,26,143,138,83,83,30,32,9,8,0.4,0.4
2022-10-23T17:00:00,3644A,117.8661,36.805,淄博市,三金集团,颗粒物(PM10),59,68,88,24,37,116,86,80,80,31,44,5,13,0.4,0.8
2022-10-23T17:00:00,3645A,118.0253,36.8406,淄博市,东风化工厂,颗粒物(PM10),70,90,110,19,25,97,92,70,70,39,47,6,17,0.6,0.9
2022-10-23T17:00:00,3646A,118.4978,37.4623,东营市,胜利站,颗粒物(PM10),53,56,53,17,15,109,108,96,96,19,33,12,11,0.4,0.5
2022-10-23T17:00:00,3647A,115.4702,35.2706,菏泽市,菏泽医专,细颗粒物(PM2.5),108,157,177,81,91,189,187,158,158,34,51,12,13,0.7,0.8
2022-10-23T17:00:00,3648A,106.2112,37.9768,吴忠市,文卫南街,颗粒物(PM10),67,83,94,28,37,150,150,97,97,23,32,24,13,0.9,0.8
2022-10-23T17:00:00,3650A,105.1698,37.5162,中卫市,沙坡头区政府站,颗粒物(PM10),83,116,96,49,39,130,130,88,88,19,26,15,21,0.6,0.6
2022-10-23T17:00:00,3651A,108.9543,34.8732,铜川市,旺旺集团,颗粒物(PM10),79,108,102,47,43,134,111,105,105,45,44,15,17,0.6,0.5
2022-10-23T17:00:00,3652A,109.4809,36.5786,延安市,西北局旧址,,43,43,70,11,23,118,115,78,78,21,46,10,7,0.2,0.3
2022-10-23T17:00:00,3653A,111.3119,30.7273,宜昌市,云深路,臭氧1小时,101,77,64,45,34,218,201,173,173,35,24,18,13,0.7,0.7
2022-10-23T17:00:00,3654A,114.8094,30.4089,鄂州市,精准医疗中心,臭氧1小时,106,93,105,26,48,211,211,180,180,6,40,3,7,0.5,0.6
2022-10-23T17:00:00,3655A,114.3375,29.8683,咸宁市,长江产业园,臭氧1小时,104,75,97,39,61,207,207,173,173,13,42,12,9,0.7,0.7
2022-10-23T17:00:00,3656A,120.1556,30.2864,杭州市,消防大队,颗粒物(PM10),59,67,78,37,49,181,163,141,141,27,36,8,9,0.8,0.8
2022-10-23T17:00:00,3658A,120.6153,30.0764,绍兴市,袍江中学,臭氧1小时,59,66,53,37,31,167,167,139,139,23,32,2,4,0.7,0.7
2022-10-23T17:00:00,3659A,119.656,29.1131,金华市,气象局,颗粒物(PM10),64,77,79,17,46,156,152,134,134,31,39,5,7,0.6,0.7
2022-10-23T17:00:00,3661A,112.5667,37.8875,太原市,坝陵桥,,,,,,,,,,,,,,,,
2022-10-23T17:00:00,3662A,123.6333,47.2075,齐齐哈尔市,富区青少年活动中心,,18,15,36,2,10,69,57,62,62,14,20,5,6,0.3,0.4
2022-10-23T17:00:00,3663A,124.1164,50.4278,大兴安岭地区,红旗社区,,20,9,7,7,10,67,63,66,66,6,6,4,6,0.4,0.4
2022-10-23T17:00:00,3664A,119.4172,34.7341,连云港市,连云街道,,25,25,44,6,21,148,76,77,76,12,18,4,6,0.3,0.4
2022-10-23T17:00:00,3665A,76.1658,39.7157,克孜勒苏柯尔克孜自治州,克州文化中心,颗粒物(PM10),159,268,185,58,42,95,88,77,77,3,9,10,10,0.6,0.7
2022-10-23T17:00:00,3667A,111.0283,35.0547,运城市,水利职院,颗粒物(PM10),77,103,118,50,77,190,177,143,143,16,24,19,18,1.7,1.8
2022-10-23T17:00:00,3668A,111.5036,36.0414,临汾市,城南,,34,34,66,19,40,120,107,83,83,22,34,9,7,0.8,1
2022-10-23T17:00:00,3669A,114.4705,36.0637,安阳市,左辅环卫站,颗粒物(PM10),69,87,118,36,51,156,147,121,121,18,48,9,10,0.3,0.7
2022-10-23T17:00:00,3670A,111.0522,35.0439,运城市,禹都公园,颗粒物(PM10),79,107,127,48,81,183,181,136,136,11,19,19,18,1.4,1.7
2022-10-23T17:00:00,3671A,116.088,39.9726,北京市,门头沟三家店,,21,10,20,2,5,68,66,61,61,10,18,3,3,0.2,0.2
2022-10-23T17:00:00,3672A,116.1541,39.8204,北京市,丰台云岗,,22,19,14,5,3,78,70,69,69,16,13,3,3,0.1,0.1
2022-10-23T17:00:00,3673A,116.6804,39.9081,北京市,通州东关,,,20,24,4,7,79,70,65,65,13,26,,2,0.1,0.2
2022-10-23T17:00:00,3674A,115.9577,39.7603,北京市,房山燕山,,30,23,22,6,5,95,93,83,83,11,11,1,2,0.1,0.1
2022-10-23T17:00:00,3675A,116.4672,39.7733,北京市,大兴旧宫,,20,14,21,3,7,70,64,58,58,8,26,3,3,0.2,0.4
2022-10-23T17:00:00,3676A,113.2802,40.0995,大同市,第二人民医院,,27,12,46,8,20,85,84,74,74,6,24,6,18,0.4,0.8
2022-10-23T17:00:00,3677A,98.5881,24.4368,德宏州,芒市人民政府综合楼,,27,22,28,7,17,102,86,73,73,7,9,13,7,0.6,0.8
2022-10-23T17:00:00,3678A,116.5907,35.4054,济宁市,市第七中学,颗粒物(PM10),56,62,124,27,78,160,127,136,136,21,34,10,12,0.4,0.8
2022-10-23T17:00:00,3682A,116.9814,36.6819,济南市,济南四建,颗粒物(PM10),71,92,122,32,42,98,87,79,79,38,59,5,5,0.5,0.6
2022-10-23T17:00:00,3683A,109.8331,40.6576,包头市,昆区政府,,39,18,40,27,19,89,77,70,70,20,22,18,21,0.8,0.8
2022-10-23T17:00:00,3684A,130.8781,45.8222,七台河市,新建矿广场,颗粒物(PM10),60,70,54,18,17,68,44,60,60,20,21,14,18,1.1,0.7
2022-10-23T17:00:00,3685A,117.897,28.4315,上饶市,双创科技城,臭氧1小时,54,55,78,34,38,193,163,180,180,12,28,8,20,0.6,0.7
2022-10-23T17:00:00,3689A,113.9003,35.372,新乡市,行政服务中心,颗粒物(PM10),83,116,139,56,57,181,178,126,126,20,50,10,8,0.7,0.7
2022-10-23T17:00:00,3690A,115.9721,28.7031,南昌市,外国语学校,颗粒物(PM10),63,75,86,29,43,171,156,150,150,22,23,9,12,0.8,0.8
2022-10-23T17:00:00,3692A,118.2059,39.6585,唐山市,消防缸窑路中队,,29,29,78,4,24,88,82,71,71,8,39,9,8,0.2,0.6
2022-10-23T17:00:00,3693A,118.1436,39.6202,唐山市,路南电大,,22,22,61,5,21,68,63,57,57,22,43,3,3,0.2,0.5
2022-10-23T17:00:00,3694A,115.986,40.4563,北京市,延庆石河营,,22,12,24,3,7,72,70,58,58,8,17,1,3,0.1,0.2
2022-10-23T17:00:00,3695A,116.6151,40.3053,北京市,怀柔新城,,22,13,12,4,4,73,68,62,62,13,10,3,3,0.0,0.1
2022-10-23T17:00:00,3696A,116.2545,39.8768,北京市,丰台小屯,,22,12,30,3,10,72,70,59,59,16,36,1,2,0.1,0.3
2022-10-23T17:00:00,3697A,116.84,40.3844,北京市,密云镇,,20,10,14,3,5,65,61,57,57,10,28,3,2,0.1,0.2
2022-10-23T17:00:00,3698A,111.5968,40.8178,呼和浩特市,红旗小学,"颗粒物(PM10),细颗粒物(PM2.5)",63,75,53,45,22,114,112,80,80,15,27,8,12,0.3,0.3
2022-10-23T17:00:00,3699A,111.6518,40.8389,呼和浩特市,海东办,"颗粒物(PM10),细颗粒物(PM2.5)",74,97,48,54,19,119,119,80,80,17,31,12,22,0.4,0.4
2022-10-23T17:00:00,3700A,103.0456,29.9956,雅安市,康养中心(对照点),细颗粒物(PM2.5),68,72,70,49,51,220,131,157,126,14,15,12,14,0.6,0.6
2022-10-23T17:00:00,3701A,116.9648,33.6252,宿州市,皖北煤电集团,颗粒物(PM10),64,77,138,22,81,155,108,100,100,29,39,5,7,0.5,1
2022-10-23T17:00:00,3703A,114.2917,36.0949,安阳市,安钢职工学校,颗粒物(PM10),73,96,155,39,66,147,140,118,118,24,51,12,12,0.4,0.8
2022-10-23T17:00:00,3706A,122.2584,43.6333,通辽市,老干部活动中心,,20,20,23,13,15,71,62,64,64,16,17,5,5,0.0,0
2022-10-23T17:00:00,3707A,131.0207,45.3073,鸡西市,欧美日汽修厂,,40,24,39,28,16,48,32,40,40,23,24,7,6,0.3,0.5
2022-10-23T17:00:00,3708A,122.2922,43.6189,通辽市,东方明珠社区,,30,30,35,19,26,71,59,65,65,25,26,8,13,0.2,0.3
2022-10-23T17:00:00,3709A,130.9967,45.3106,鸡西市,市政设施管理处,,20,20,30,13,13,51,39,47,44,18,23,1,4,0.3,0.3
2022-10-23T17:00:00,3710A,121.5594,29.8975,宁波市,白沙活动中心,颗粒物(PM10),58,66,35,27,19,150,132,124,124,17,15,10,9,0.6,0.4
2022-10-23T17:00:00,3713A,124.3419,43.1666,四平市,世纪城,,20,17,32,2,20,69,62,63,63,7,20,4,5,0.1,0.4
2022-10-23T17:00:00,3715A,117.3092,32.9314,蚌埠市,蚌埠田家炳中学,颗粒物(PM10),65,79,135,21,77,150,111,109,109,15,43,5,10,0.3,0.6
2022-10-23T17:00:00,3719A,97.1714,31.1406,昌都市,昌都会议中心,,32,13,15,0,5,107,102,81,81,8,10,4,4,0.4,0.3
2022-10-23T17:00:00,3726A,88.8781,29.2426,日喀则市,林业技术推广中心,,34,8,12,0,3,107,107,101,101,7,6,2,3,0.5,0.5
2022-10-23T17:00:00,3728A,104.68,28.8071,宜宾市,白酒学院,细颗粒物(PM2.5),95,114,106,71,69,170,97,52,51,36,47,14,14,0.7,0.8
2022-10-23T17:00:00,3734A,118.35,37.26,东营市,理想之城,颗粒物(PM10),65,80,52,19,16,116,104,101,101,18,41,10,10,0.4,0.5
2022-10-23T17:00:00,3860A,118.3920,35.0300,临沂市,皇山花园小区,颗粒物(PM10),52,53,88,12,34,189,117,96,96,20,26,6,8,0.4,0.6
2022-10-23T17:00:00,3861A,119.2041,36.7699,潍坊市,寒亭区实验一小,颗粒物(PM10),56,61,53,15,16,100,100,84,84,20,32,9,7,0.5,0.5
2022-10-23T17:00:00,3866A,122.2469,40.66302,营口市,三高中,,26,26,37,12,20,77,67,67,67,21,38,3,12,0.2,0.6
2022-10-23T17:00:00,3867A,102.0738,36.5056,海东地区,平安区公安北苑,,41,39,55,19,33,131,131,102,102,9,17,11,16,0.4,0.5
2022-10-23T17:00:00,3981A,113.2449,35.1803,焦作市,原李万街道办（启用20220628）,颗粒物(PM10),81,111,124,51,67,172,168,125,125,14,38,10,11,0.7,0.9
2022-10-23T17:00:00,1001A,116.3621,39.8784,北京市,万寿西宫,,20,13,20,3,8,67,61,56,56,9,27,1,2,0.3,0.4
2022-10-23T17:00:00,1002A,116.2202,40.2915,北京市,定陵(对照点),,25,25,16,3,4,73,70,66,66,5,5,1,2,0.2,0.2
2022-10-23T17:00:00,1003A,116.4174,39.9289,北京市,东四,,,18,27,5,9,72,70,63,63,9,28,,3,0.1,0.3
2022-10-23T17:00:00,1004A,116.4072,39.8863,北京市,天坛,,22,14,20,3,7,73,68,63,63,12,24,1,2,0.0,0.3
2022-10-23T17:00:00,1005A,116.462,39.9365,北京市,农展馆,,20,12,20,3,7,63,62,54,54,13,33,3,3,0.2,0.3
2022-10-23T17:00:00,1006A,116.3392,39.9295,北京市,官园,,18,15,21,4,6,68,57,57,57,3,27,1,2,0.2,0.4
2022-10-23T17:00:00,1007A,116.2878,39.9611,北京市,海淀万柳,,19,18,22,3,6,67,60,54,54,17,39,1,2,0.2,0.4
2022-10-23T17:00:00,1008A,116.6636,40.135,北京市,顺义新城,,22,14,20,3,6,73,70,63,63,13,25,3,3,0.1,0.2
2022-10-23T17:00:00,1009A,116.6275,40.3275,北京市,怀柔镇,,20,12,14,3,5,66,64,57,57,14,15,3,3,0.3,0.4
2022-10-23T17:00:00,1010A,116.2296,40.217,北京市,昌平镇,,18,15,17,4,5,60,55,54,54,13,15,1,2,0.2,0.2
2022-10-23T17:00:00,1011A,116.3966,39.9821,北京市,奥体中心,,20,13,20,3,6,66,62,55,55,10,32,3,3,0.1,0.3
2022-10-23T17:00:00,1012A,116.184,39.9136,北京市,古城,,21,16,21,4,6,69,65,57,57,13,28,3,3,0.2,0.4
2022-10-23T17:00:00,1015A,117.1444,39.1661,天津市,勤俭道,,22,12,67,4,29,72,69,56,56,16,40,4,8,0.4,0.6
2022-10-23T17:00:00,1017A,117.237,39.1082,天津市,大直沽八号路,,23,12,69,4,30,74,72,63,63,13,43,4,7,0.3,0.6
2022-10-23T17:00:00,1018A,117.202,39.0927,天津市,前进道,,24,11,61,4,30,77,74,63,63,16,42,5,8,0.1,0.4
2022-10-23T17:00:00,1019A,117.1837,39.2133,天津市,淮河道,,24,12,72,4,29,77,75,60,60,16,50,6,8,0.3,0.6
2022-10-23T17:00:00,1021A,117.307,39.0877,天津市,跃进路,,23,13,76,4,28,72,71,60,60,16,48,5,8,0.4,0.6
2022-10-23T17:00:00,1023A,117.707,39.0343,天津市,第四大街,,20,11,53,3,23,70,63,54,54,14,41,5,6,0.4,0.7
2022-10-23T17:00:00,1024A,117.457,38.8394,天津市,永明路,,20,10,53,3,24,67,64,54,54,17,45,5,8,0.4,0.6
2022-10-23T17:00:00,1026A,117.764,39.1587,天津市,汉北路,,20,13,47,3,21,77,64,57,57,21,44,6,9,0.4,0.6
2022-10-23T17:00:00,1027A,117.157,38.9194,天津市,团泊洼(对照点),,21,6,72,3,29,68,67,61,61,7,42,6,9,0.5,0.9
2022-10-23T17:00:00,1029A,114.4422,38.0444,石家庄市,职工医院,,47,47,92,23,33,100,95,77,77,24,56,7,10,0.3,0.5
2022-10-23T17:00:00,1030A,114.6063,38.0266,石家庄市,高新区,,31,23,78,18,33,123,98,79,79,12,41,4,6,0.3,0.5
2022-10-23T17:00:00,1031A,114.4898,38.1328,石家庄市,西北水源,,48,48,109,13,39,128,99,79,79,17,47,4,4,0.4,0.6
2022-10-23T17:00:00,1032A,114.4586,38.0058,石家庄市,西南高教,,35,35,91,21,42,110,103,86,86,27,56,9,11,0.3,0.5
2022-10-23T17:00:00,1033A,114.5331,38.0178,石家庄市,世纪公园,,46,46,89,20,38,116,92,76,76,22,46,5,6,0.4,0.6
2022-10-23T17:00:00,1034A,114.509,38.0457,石家庄市,人民会堂,,47,47,90,32,41,126,103,82,82,24,51,8,11,0.6,0.9
2022-10-23T17:00:00,1035A,114.3524,37.8911,石家庄市,封龙山(对照点),颗粒物(PM10),55,59,77,12,34,121,96,92,85,26,24,6,7,0.5,0.5
2022-10-23T17:00:00,1037A,118.131,39.6363,唐山市,雷达站,,23,16,63,0,23,79,73,66,66,14,46,2,3,0.2,0.6
2022-10-23T17:00:00,1038A,118.1725,39.6334,唐山市,物资局,,23,18,70,12,23,74,72,64,64,16,47,6,6,0.3,0.6
2022-10-23T17:00:00,1040A,118.1705,39.6506,唐山市,十二中,,20,19,61,5,17,69,64,58,58,13,48,4,4,0.2,0.6
2022-10-23T17:00:00,1041A,118.1869,39.622,唐山市,小山,,25,25,63,5,18,72,56,60,60,17,40,5,5,0.3,0.6
2022-10-23T17:00:00,1042A,119.5134,39.8207,秦皇岛市,北戴河环保局,,,39,30,7,6,82,81,74,74,18,39,,7,0.1,0.3
2022-10-23T17:00:00,1043A,119.7493,40.0116,秦皇岛市,第一关,,38,38,42,16,15,79,77,72,72,12,39,9,7,0.2,0.4
2022-10-23T17:00:00,1044A,119.5897,39.9499,秦皇岛市,监测站,,38,38,50,13,18,73,68,65,65,12,38,11,10,0.3,0.4
2022-10-23T17:00:00,1046A,119.5251,39.9041,秦皇岛市,建设大厦,,41,41,60,13,19,82,81,77,77,21,44,9,12,0.3,0.5
2022-10-23T17:00:00,1047A,114.5129,36.61763,邯郸市,环保局,,,,,,,,,,,,,,,,
2022-10-23T17:00:00,1048A,114.5302,36.6116,邯郸市,东污水处理厂,颗粒物(PM10),63,75,106,36,49,117,111,80,80,34,64,9,13,0.6,1.7
2022-10-23T17:00:00,1049A,114.4918,36.5713,邯郸市,矿院,颗粒物(PM10),68,85,107,27,42,121,121,93,93,28,58,11,12,0.4,1.4
2022-10-23T17:00:00,1050A,114.484,36.6133,邯郸市,丛台公园,颗粒物(PM10),69,88,110,32,49,125,125,91,91,24,58,9,16,0.4,1.9
2022-10-23T17:00:00,1051A,115.493,38.8632,保定市,游泳馆,,34,29,47,14,16,107,107,88,88,13,32,6,6,0.2,0.3
2022-10-23T17:00:00,1052A,115.5213,38.8959,保定市,华电二区,,31,31,48,13,18,96,96,75,75,14,34,4,5,0.3,0.4
2022-10-23T17:00:00,1053A,115.4713,38.9108,保定市,接待中心,,39,39,48,25,20,99,99,79,79,15,40,4,4,0.1,0.2
2022-10-23T17:00:00,1054A,115.4612,38.8416,保定市,地表水厂,,44,44,71,13,22,90,90,74,74,20,43,4,6,0.2,0.3
2022-10-23T17:00:00,1055A,115.4323,38.8697,保定市,胶片厂,,,,52,,24,27,,43,,,43,,3,,0.5
2022-10-23T17:00:00,1056A,115.5086,38.8639,保定市,监测站,,45,45,64,19,22,103,103,80,80,15,41,4,4,0.4,0.6
2022-10-23T17:00:00,1057A,114.8883,40.8336,张家口市,人民公园,,26,11,18,3,5,81,81,73,73,4,7,7,7,0.1,0.1
2022-10-23T17:00:00,1059A,114.8687,40.8042,张家口市,五金库,,25,15,18,2,7,82,80,76,76,6,13,8,9,0.2,0.3
2022-10-23T17:00:00,1060A,114.8902,40.762,张家口市,世纪豪园,,26,2,19,2,7,82,81,73,73,8,15,3,2,0.3,0.4
2022-10-23T17:00:00,1061A,114.8916,40.8661,张家口市,北泵房(对照点),,25,19,18,8,8,83,80,75,75,5,8,6,6,0.4,0.4
2022-10-23T17:00:00,1062A,117.9531,40.9081,承德市,铁路,,21,15,25,4,10,70,66,52,52,13,29,5,7,0.1,0.3
2022-10-23T17:00:00,1063A,117.9392,40.9763,承德市,中国银行,,23,23,30,2,8,71,62,55,55,11,30,3,3,0.2,0.3
2022-10-23T17:00:00,1064A,117.9503,40.928,承德市,开发区,,22,16,28,7,12,77,69,58,58,8,29,4,4,0.2,0.4
2022-10-23T17:00:00,1065A,117.8051,40.9655,承德市,文化中心,,23,20,40,13,12,72,72,60,60,8,32,2,6,0.2,0.5
2022-10-23T17:00:00,1066A,117.9268,41.0026,承德市,离宫(对照点),,20,14,21,6,12,69,62,53,53,3,21,7,7,0.2,0.2
2022-10-23T17:00:00,1067A,116.6708,39.5111,廊坊市,药材公司,,24,19,43,12,15,77,76,65,65,18,44,2,2,0.3,0.5
2022-10-23T17:00:00,1068A,116.7214,39.5589,廊坊市,开发区,,23,18,33,10,14,79,71,60,60,24,45,7,7,0.3,0.4
2022-10-23T17:00:00,1070A,116.7244,39.5269,廊坊市,北华航天学院,,28,28,48,3,12,74,66,59,59,28,48,3,4,0.3,0.5
2022-10-23T17:00:00,1071A,116.8842,38.2991,沧州市,沧县城建局,,42,42,97,20,37,133,77,99,99,26,46,4,8,0.2,0.5
2022-10-23T17:00:00,1072A,116.8584,38.3254,沧州市,电视转播站,颗粒物(PM10),51,51,89,6,29,140,88,110,110,23,43,2,7,0.3,0.5
2022-10-23T17:00:00,1073A,116.8709,38.3228,沧州市,市环保局,颗粒物(PM10),52,54,97,23,37,135,80,108,108,30,46,6,11,0.2,0.6
2022-10-23T17:00:00,1074A,115.6838,37.7541,衡水市,电机北厂,,46,46,114,9,33,113,100,96,96,20,46,9,14,0.1,0.4
2022-10-23T17:00:00,1075A,115.6303,37.7316,衡水市,市监测站,颗粒物(PM10),54,58,96,11,33,106,93,88,88,18,42,5,8,0.3,0.6
2022-10-23T17:00:00,1077A,114.4704,37.0886,邢台市,达活泉,颗粒物(PM10),66,81,88,20,35,113,113,97,97,24,46,13,9,0.7,0.7
2022-10-23T17:00:00,1078A,114.5062,37.0349,邢台市,邢师高专,颗粒物(PM10),58,65,90,29,36,112,112,94,94,18,48,8,7,0.6,0.7
2022-10-23T17:00:00,1079A,114.5237,37.0851,邢台市,路桥公司,颗粒物(PM10),54,58,77,22,37,114,112,97,97,20,39,10,9,0.4,0.5
2022-10-23T17:00:00,1080A,114.4725,37.0719,邢台市,市环保局,颗粒物(PM10),70,90,115,24,36,112,112,96,96,22,45,10,7,0.4,0.5
2022-10-23T17:00:00,1081A,112.5139,37.8873,太原市,尖草坪,颗粒物(PM10),61,71,79,27,22,93,93,64,64,28,52,9,12,0.4,0.7
2022-10-23T17:00:00,1083A,112.434,38.0108,太原市,上兰(对照点),,,,,,,,,,,,,,,,
2022-10-23T17:00:00,1084A,112.469,37.7124,太原市,晋源,颗粒物(PM10),58,65,84,23,29,95,86,60,60,26,46,8,8,0.4,0.5
2022-10-23T17:00:00,1085A,112.5583,37.7394,太原市,小店,颗粒物(PM10),59,68,126,24,36,89,89,61,61,34,62,9,11,0.5,0.7
2022-10-23T17:00:00,1086A,112.5369,37.8692,太原市,桃园,颗粒物(PM10),60,69,76,29,23,90,90,62,62,29,55,7,14,0.5,0.8
2022-10-23T17:00:00,1087A,112.57,37.8195,太原市,坞城,颗粒物(PM10),58,66,95,26,27,87,86,68,68,27,53,8,21,0.5,1
2022-10-23T17:00:00,1088A,112.549,37.9854,太原市,南寨,,41,41,79,18,19,84,70,64,64,30,42,10,7,0.5,0.4
2022-10-23T17:00:00,1089A,112.4701,37.782,太原市,金胜,,,,,,,,,,,,,,,,
2022-10-23T17:00:00,1090A,111.6507,40.7517,呼和浩特市,呼市一监,,,,,,,,,,,,,,,,
2022-10-23T17:00:00,1091A,111.6572,40.8033,呼和浩特市,小召,颗粒物(PM10),60,70,43,42,20,121,118,86,86,16,22,14,12,0.4,0.4
2022-10-23T17:00:00,1094A,111.7516,40.8369,呼和浩特市,如意水处理厂,颗粒物(PM10),60,70,52,36,19,120,112,81,81,12,28,9,7,0.5,0.5
2022-10-23T17:00:00,1095A,111.7276,40.8062,呼和浩特市,二十九中,颗粒物(PM10),56,62,45,31,18,119,109,80,80,15,23,12,10,0.6,0.6
2022-10-23T17:00:00,1096A,111.5512,40.7866,呼和浩特市,工大金川校区,,,68,69,43,30,119,108,80,80,11,24,10,17,,
2022-10-23T17:00:00,1097A,111.717,40.7612,呼和浩特市,化肥厂生活区,,,63,59,36,33,107,102,78,78,,,80,20,0.5,0.5
2022-10-23T17:00:00,1098A,123.6836,41.9339,沈阳市,森林路(对照点),,,,,,,,,,,,,,,,
2022-10-23T17:00:00,1099A,123.505,41.7406,沈阳市,浑南东路,,21,21,39,7,18,67,59,54,54,12,30,10,19,0.4,0.7
2022-10-23T17:00:00,1100A,123.4231,41.6989,沈阳市,新秀街,,22,19,49,15,18,72,65,57,57,14,39,6,20,0.4,0.7
2022-10-23T17:00:00,1102A,123.5903,41.8411,沈阳市,东陵路,,22,22,46,12,20,69,57,57,57,12,28,9,11,0.3,0.5
2022-10-23T17:00:00,1103A,123.4264,41.8467,沈阳市,陵东街,,20,15,56,4,20,68,63,59,59,13,40,6,8,0.4,0.7
2022-10-23T17:00:00,1104A,123.4114,41.7653,沈阳市,文化路,,20,14,45,9,22,69,62,58,58,14,37,8,15,0.3,0.6
2022-10-23T17:00:00,1105A,123.4678,41.7867,沈阳市,小河沿,,26,26,40,8,17,66,59,56,56,13,32,7,8,0.4,0.7
2022-10-23T17:00:00,1106A,123.4017,41.7972,沈阳市,太原街,,24,24,42,10,21,67,52,56,56,26,43,5,14,0.4,0.6
2022-10-23T17:00:00,1108A,123.3783,41.9228,沈阳市,京沈街,,26,26,41,11,21,68,62,62,62,14,39,8,14,0.3,0.5
2022-10-23T17:00:00,1109A,121.612,38.9741,大连市,甘井子,,22,13,16,4,8,101,68,82,82,13,19,5,5,0.6,0.7
2022-10-23T17:00:00,1110A,121.565,38.9511,大连市,周水子,,,23,26,7,8,96,67,79,79,16,31,5,6,,0.4
2022-10-23T17:00:00,1111A,121.5637,38.8845,大连市,星海三站,,18,15,18,7,9,85,57,69,69,24,31,8,6,0.7,0.8
2022-10-23T17:00:00,1112A,121.6302,38.9117,大连市,青泥洼桥,,20,17,19,4,6,93,62,76,76,30,38,6,7,0.4,0.6
2022-10-23T17:00:00,1113A,121.6251,38.8638,大连市,傅家庄,,22,22,25,7,7,78,54,64,64,20,23,6,7,0.6,0.7
2022-10-23T17:00:00,1114A,121.5213,38.8661,大连市,七贤岭,,25,18,20,9,6,115,78,90,90,14,17,7,6,0.5,0.6
2022-10-23T17:00:00,1115A,121.2529,38.8061,大连市,旅顺,,26,22,23,6,7,104,82,88,88,10,13,7,6,0.4,0.4
2022-10-23T17:00:00,1116A,121.7485,39.1311,大连市,金州,,24,24,22,10,8,94,67,78,78,20,26,9,10,0.0,0.3
2022-10-23T17:00:00,1117A,121.7811,39.0496,大连市,开发区,,26,26,30,8,11,108,72,84,84,20,30,8,11,0.2,0.4
2022-10-23T17:00:00,1118A,121.9762,39.0631,大连市,双D港,,20,17,16,8,10,89,63,76,76,9,10,9,9,0.6,0.6
2022-10-23T17:00:00,1119A,125.3325,43.9166,长春市,食品厂,,23,23,42,10,24,52,50,48,48,20,36,4,7,0.3,0.5
2022-10-23T17:00:00,1120A,125.2863,43.9027,长春市,客车厂,,23,23,39,8,24,48,40,45,45,31,39,12,10,0.3,0.5
2022-10-23T17:00:00,1121A,125.2841,43.8463,长春市,邮电学院,,22,22,32,6,18,61,53,57,57,22,33,8,8,0.2,0.4
2022-10-23T17:00:00,1122A,125.3716,43.8772,长春市,劳动公园,,19,19,33,7,19,62,55,56,56,18,29,6,8,0.2,0.4
2022-10-23T17:00:00,1123A,125.3297,43.8805,长春市,园林处,,17,17,27,8,20,54,52,50,50,19,29,5,6,0.3,0.5
2022-10-23T17:00:00,1124A,125.4605,43.79,长春市,净月潭,,,,22,,9,58,,51,51,,22,,6,,0.4
2022-10-23T17:00:00,1125A,125.7194,43.515,长春市,甩湾子(对照点),,,,,,,,,,,,,,,,
2022-10-23T17:00:00,1126A,125.3863,43.8447,长春市,经开区环卫处,,19,6,40,7,18,61,58,56,56,17,31,7,10,0.3,0.4
2022-10-23T17:00:00,1127A,125.245,43.7783,长春市,高新区管委会,,17,14,33,5,19,59,53,55,55,18,29,4,5,0.2,0.4
2022-10-23T17:00:00,1128A,125.1761,43.8325,长春市,岱山公园,,30,30,37,11,16,62,56,59,59,16,30,7,7,0.3,0.4
2022-10-23T17:00:00,1129A,126.5422,45.755,哈尔滨市,岭北(对照点),,18,18,31,9,17,58,51,52,52,10,20,3,4,0.4,0.4
2022-10-23T17:00:00,1130A,126.561,45.8167,哈尔滨市,松北商大,,35,35,28,10,14,65,45,57,57,22,26,6,6,0.7,0.7
2022-10-23T17:00:00,1131A,126.979,45.5419,哈尔滨市,阿城会宁,,25,25,50,5,22,56,40,48,48,26,26,10,13,0.4,0.5
2022-10-23T17:00:00,1132A,126.599,45.7222,哈尔滨市,南岗学府路,,23,23,32,7,15,61,46,54,54,19,29,8,7,0.5,0.6
2022-10-23T17:00:00,1133A,126.689,45.7733,哈尔滨市,太平宏伟公园,,21,21,30,11,17,64,47,57,57,22,27,6,8,0.5,0.5
2022-10-23T17:00:00,1134A,126.635,45.7667,哈尔滨市,道外承德广场,,27,27,33,11,14,59,49,52,52,20,28,16,13,0.3,0.4
2022-10-23T17:00:00,1135A,126.685,45.7319,哈尔滨市,香坊红旗大街,,22,22,32,12,25,60,54,53,53,17,33,10,9,0.4,0.5
2022-10-23T17:00:00,1136A,126.6411,45.7258,哈尔滨市,动力和平路,,20,20,29,8,14,56,45,51,51,24,35,6,10,0.4,0.5
2022-10-23T17:00:00,1137A,126.593,45.7478,哈尔滨市,道里建国路,,17,17,30,11,15,57,44,51,51,24,33,15,16,0.2,0.4
2022-10-23T17:00:00,1138A,126.615,45.61,哈尔滨市,平房东轻厂,,21,12,36,14,19,49,16,41,40,42,35,14,10,0.5,0.6
2022-10-23T17:00:00,1139A,126.595,45.9855,哈尔滨市,呼兰师专,,42,42,30,23,19,56,28,48,48,41,23,9,7,0.6,0.6
2022-10-23T17:00:00,1140A,126.6206,45.6842,哈尔滨市,省农科院,,24,24,38,14,23,60,44,54,54,22,35,14,13,0.5,1.1
2022-10-23T17:00:00,1141A,121.4,31.238,上海市,普陀,,37,37,38,12,25,126,85,110,109,18,18,3,4,0.5,0.6
2022-10-23T17:00:00,1142A,121.478,31.2036,上海市,十五厂,,34,34,40,8,27,140,96,122,121,13,18,6,8,0.4,0.5
2022-10-23T17:00:00,1143A,121.467,31.3008,上海市,虹口,,34,34,43,7,22,114,80,100,99,9,11,6,5,0.5,0.6
2022-10-23T17:00:00,1144A,121.412,31.1654,上海市,徐汇上师大,,47,47,48,11,26,137,86,119,116,18,21,7,7,0.5,0.6
2022-10-23T17:00:00,1145A,121.536,31.2659,上海市,杨浦四漂,颗粒物(PM10),52,53,44,6,20,128,92,113,112,26,24,6,7,0.4,0.5
2022-10-23T17:00:00,1146A,120.978,31.0935,上海市,青浦淀山湖(对照点),,,,,,,,,,,,,,,,
2022-10-23T17:00:00,1147A,121.425,31.2261,上海市,静安监测站,,,34,50,,29,127,87,112,110,14,16,5,5,0.5,0.5
2022-10-23T17:00:00,1148A,121.703,31.1907,上海市,浦东川沙,,42,42,41,13,24,124,90,108,107,16,21,8,8,0.5,0.6
2022-10-23T17:00:00,1149A,121.533,31.2284,上海市,浦东新区监测站,,38,38,43,19,29,118,83,102,102,18,9,6,6,0.5,0.6
2022-10-23T17:00:00,1150A,121.577,31.2071,上海市,浦东张江,,43,43,37,14,22,119,80,100,100,15,18,5,4,0.6,0.7
2022-10-23T17:00:00,1151A,118.8086,32.1065,南京市,迈皋桥,,46,46,78,7,37,136,91,112,112,20,37,4,5,0.2,0.5
2022-10-23T17:00:00,1152A,118.7538,32.0551,南京市,草场门,颗粒物(PM10),51,51,71,11,47,132,101,114,114,26,45,2,3,0.2,0.6
2022-10-23T17:00:00,1153A,118.7794,32.0745,南京市,山西路,,48,48,79,12,41,153,113,133,133,14,36,3,4,0.2,0.4
2022-10-23T17:00:00,1154A,118.7752,32.0023,南京市,中华门,颗粒物(PM10),57,63,79,14,38,148,115,130,130,18,44,4,4,0.4,0.6
2022-10-23T17:00:00,1155A,118.8109,32.0309,南京市,瑞金路,颗粒物(PM10),58,66,68,17,40,146,112,131,131,8,20,4,4,0.4,0.5
2022-10-23T17:00:00,1156A,118.7997,32.0754,南京市,玄武湖,颗粒物(PM10),54,58,74,10,40,142,107,122,122,15,39,4,4,0.2,0.5
2022-10-23T17:00:00,1157A,118.6414,32.0931,南京市,浦口,颗粒物(PM10),56,61,61,12,40,138,110,122,122,15,19,3,5,0.3,0.6
2022-10-23T17:00:00,1158A,118.7356,31.9996,南京市,奥体中心,颗粒物(PM10),53,56,75,12,39,144,117,129,129,24,34,3,4,0.2,0.5
2022-10-23T17:00:00,1159A,118.9125,32.1028,南京市,仙林大学城,颗粒物(PM10),51,51,73,5,34,142,108,123,123,12,42,2,4,0.3,0.7
2022-10-23T17:00:00,1160A,120.561,31.2472,苏州市,上方山(对照点),颗粒物(PM10),63,76,60,21,35,166,103,127,127,11,18,6,6,0.4,0.6
2022-10-23T17:00:00,1161A,120.628,31.2864,苏州市,南门,,,,,,,,,,,,,,,,
2022-10-23T17:00:00,1162A,120.591,31.3019,苏州市,彩香,,34,22,54,8,35,201,106,138,138,12,17,6,6,0.4,0.7
2022-10-23T17:00:00,1163A,120.596,31.3264,苏州市,轧钢厂,,33,25,57,6,32,185,104,133,133,21,24,6,7,0.4,0.7
2022-10-23T17:00:00,1164A,120.613,31.2703,苏州市,吴中区,,34,23,56,8,32,205,106,137,137,17,18,6,7,0.5,0.6
2022-10-23T17:00:00,1165A,120.543,31.2994,苏州市,苏州新区,,33,20,54,8,37,215,105,134,134,12,18,6,8,0.6,0.9
2022-10-23T17:00:00,1166A,120.669,31.3097,苏州市,苏州工业园区,,31,21,48,9,32,155,99,132,132,20,20,6,6,0.6,0.8
2022-10-23T17:00:00,1167A,120.641,31.3708,苏州市,相城区,,31,19,41,5,27,178,97,127,127,24,25,7,8,0.4,0.7
2022-10-23T17:00:00,1168A,120.9098,31.9663,南通市,狼山街道,,34,29,33,5,15,122,106,110,110,11,12,7,6,0.3,0.4
2022-10-23T17:00:00,1169A,120.86,32.0005,南通市,虹桥,,38,38,36,5,27,109,98,102,102,15,17,5,5,0.3,0.4
2022-10-23T17:00:00,1170A,120.87,32.02,南通市,城中,,,31,32,5,30,104,97,98,98,13,13,3,2,,0.2
2022-10-23T17:00:00,1171A,120.94,31.93,南通市,星湖花园,,32,32,35,9,22,114,100,103,103,10,12,6,6,0.2,0.3
2022-10-23T17:00:00,1172A,120.81,32.0417,南通市,紫琅学院,,34,25,34,7,24,123,108,113,113,18,15,7,6,0.4,0.6
2022-10-23T17:00:00,1173A,119.176,34.5885,连云港市,市环境监测站,颗粒物(PM10),59,68,88,17,35,144,97,78,78,24,31,8,9,0.6,0.6
2022-10-23T17:00:00,1177A,117.179,34.2761,徐州市,黄河新村,颗粒物(PM10),56,61,131,18,53,172,109,92,90,21,41,9,12,0.8,1.1
2022-10-23T17:00:00,1178A,117.1918,34.2384,徐州市,淮塔,颗粒物(PM10),63,75,124,17,49,177,108,113,94,30,36,8,10,0.6,0.8
2022-10-23T17:00:00,1180A,117.256,34.2153,徐州市,新城区,颗粒物(PM10),67,83,120,22,52,170,112,102,92,30,42,11,12,0.6,0.8
2022-10-23T17:00:00,1181A,117.244,34.2911,徐州市,桃园路,颗粒物(PM10),62,73,125,14,42,154,103,89,89,15,38,10,10,0.5,0.9
2022-10-23T17:00:00,1182A,117.2933,34.2778,徐州市,农科院,颗粒物(PM10),58,66,119,14,43,148,90,84,84,34,50,9,10,0.5,0.8
2022-10-23T17:00:00,1186A,119.389,32.3761,扬州市,邗江监测站,,41,41,60,9,28,108,97,97,97,15,22,5,5,0.4,0.7
2022-10-23T17:00:00,1188A,120.269,31.4867,无锡市,雪浪,,41,41,72,9,44,147,81,120,120,22,29,8,8,0.6,0.9
2022-10-23T17:00:00,1189A,120.275,31.6219,无锡市,黄巷,颗粒物(PM10),56,62,84,9,43,143,91,118,118,15,33,6,8,0.6,0.9
2022-10-23T17:00:00,1190A,120.294,31.56,无锡市,曹张,颗粒物(PM10),53,56,70,12,45,145,88,120,120,19,27,12,9,0.8,0.9
2022-10-23T17:00:00,1191A,120.242,31.5031,无锡市,漆塘,颗粒物(PM10),58,66,75,15,45,154,95,129,129,17,24,12,9,0.9,1
2022-10-23T17:00:00,1192A,120.3489,31.5863,无锡市,东亭,,,48,73,9,41,138,77,112,112,21,30,,8,1.0,1
2022-10-23T17:00:00,1193A,120.354,31.5475,无锡市,旺庄,,45,45,71,17,42,145,89,120,120,18,29,11,11,0.7,1
2022-10-23T17:00:00,1194A,120.245,31.5631,无锡市,荣巷,颗粒物(PM10),52,54,71,14,46,150,96,126,126,19,26,10,9,0.7,0.9
2022-10-23T17:00:00,1195A,120.299,31.6817,无锡市,堰桥,,36,36,68,7,39,141,95,120,120,8,24,5,6,0.7,1
2022-10-23T17:00:00,1196A,119.9633,31.762,常州市,市监测站,,28,16,81,15,44,129,87,111,111,19,25,6,5,0.3,0.6
2022-10-23T17:00:00,1200A,119.9468,31.7069,常州市,武进监测站,,29,13,79,10,37,148,92,131,126,19,29,6,7,0.3,0.6
2022-10-23T17:00:00,1201A,119.9255,31.9087,常州市,安家,,32,12,73,10,43,141,100,116,116,11,32,4,5,0.4,0.7
2022-10-23T17:00:00,1203A,119.6707,32.1875,镇江市,新区办事处,,32,24,55,6,30,119,101,105,105,19,48,7,7,0.3,0.6
2022-10-23T17:00:00,1204A,119.4974,32.1968,镇江市,职教中心,,33,28,57,14,47,131,105,113,113,17,30,3,6,0.2,0.4
2022-10-23T17:00:00,1205A,119.4303,32.1328,镇江市,丹徒区监测站,,33,23,56,19,57,133,104,116,116,13,38,4,4,0.3,0.4
2022-10-23T17:00:00,1206A,119.905,32.4878,泰州市,公园路,,41,41,49,7,25,105,99,94,94,14,17,9,9,0.5,0.7
2022-10-23T17:00:00,1207A,119.9189,32.4625,泰州市,莲花,,37,37,52,14,33,121,102,93,93,15,17,6,8,0.5,0.7
2022-10-23T17:00:00,1209A,119.888,32.4639,泰州市,留学生创业园,,31,24,41,6,29,104,99,96,96,19,17,8,9,0.5,0.6
2022-10-23T17:00:00,1210A,119.036,33.5981,淮安市,钵池山,,46,46,78,20,44,134,106,94,94,14,33,7,6,0.6,0.8
2022-10-23T17:00:00,1211A,119.007,33.575,淮安市,北京南路,颗粒物(PM10),52,53,86,21,45,128,109,100,100,16,39,9,9,0.4,0.7
2022-10-23T17:00:00,1212A,118.989,33.6067,淮安市,市监测站,颗粒物(PM10),52,53,84,16,47,111,111,99,99,19,45,5,4,0.8,1.1
2022-10-23T17:00:00,1213A,119.135,33.5039,淮安市,楚州区监测站,颗粒物(PM10),55,59,85,9,41,116,104,95,95,14,33,7,8,0.6,0.7
2022-10-23T17:00:00,1214A,119.0186,33.6297,淮安市,淮阴区监测站,颗粒物(PM10),52,54,91,15,50,129,99,98,98,23,40,6,6,0.4,0.6
2022-10-23T17:00:00,1215A,120.118,33.4022,盐城市,盐城电厂,颗粒物(PM10),54,58,55,15,22,118,109,106,106,14,18,7,8,0.4,0.5
2022-10-23T17:00:00,1216A,120.156,33.3942,盐城市,市监测站,颗粒物(PM10),51,51,53,15,23,114,112,102,102,14,24,5,5,0.4,0.5
2022-10-23T17:00:00,1218A,120.2144,33.38,盐城市,开发区管委会,颗粒物(PM10),51,51,46,14,24,115,107,103,103,13,20,9,8,0.6,0.7
2022-10-23T17:00:00,1220A,118.293,33.9528,宿迁市,宿迁学院,,47,47,88,21,45,167,124,103,103,21,46,6,9,0.4,0.9
2022-10-23T17:00:00,1221A,118.2442,33.9592,宿迁市,宿迁中学,颗粒物(PM10),56,62,95,17,39,166,130,104,104,22,43,7,8,0.6,0.9
2022-10-23T17:00:00,1223A,120.2072,30.2111,杭州市,滨江,颗粒物(PM10),58,66,83,40,51,180,161,138,138,26,31,5,6,0.7,0.7
2022-10-23T17:00:00,1224A,120.0633,30.2747,杭州市,西溪,颗粒物(PM10),58,66,75,29,41,167,165,136,136,16,21,9,9,0.8,0.8
2022-10-23T17:00:00,1225A,119.026,29.635,杭州市,千岛湖(对照点),,,,,,,,,,,,,,,,
2022-10-23T17:00:00,1226A,120.3461,30.3153,杭州市,下沙,颗粒物(PM10),59,67,79,40,45,161,160,140,140,30,36,8,9,0.8,0.8
2022-10-23T17:00:00,1227A,120.1269,30.2456,杭州市,卧龙桥,细颗粒物(PM2.5),57,56,69,40,52,186,163,139,139,22,33,7,7,0.7,0.8
2022-10-23T17:00:00,1228A,120.1903,30.2692,杭州市,浙江农大,臭氧1小时,60,58,72,39,49,172,168,145,145,24,32,7,8,0.8,0.8
2022-10-23T17:00:00,1229A,120.157,30.2897,杭州市,朝晖五区,,,,,,,,,,,,,,,,
2022-10-23T17:00:00,1230A,120.1197,30.3119,杭州市,和睦小学,颗粒物(PM10),59,68,86,41,51,174,158,131,131,29,38,4,6,0.8,0.9
2022-10-23T17:00:00,1231A,120.3019,30.4183,杭州市,临平镇,臭氧1小时,68,80,92,33,44,197,174,146,146,17,26,7,8,0.9,0.9
2022-10-23T17:00:00,1232A,120.2697,30.1819,杭州市,城厢镇,臭氧1小时,57,58,73,34,49,184,165,141,141,23,28,7,8,1.0,1
2022-10-23T17:00:00,1233A,120.0883,30.1808,杭州市,云栖,,,,64,,39,107,,106,,,25,,6,,0.7
2022-10-23T17:00:00,1234A,121.8358,29.911,宁波市,区环保大楼,,44,44,25,21,13,140,118,119,119,18,18,8,9,0.6,0.4
2022-10-23T17:00:00,1235A,121.56,29.82,宁波市,万里学院,颗粒物(PM10),62,74,31,39,16,160,152,133,133,18,14,8,6,0.7,0.5
2022-10-23T17:00:00,1236A,121.713,29.9572,宁波市,龙赛医院,,46,46,27,21,14,142,122,127,127,20,18,8,8,0.5,0.4
2022-10-23T17:00:00,1239A,121.633,29.7733,宁波市,钱湖水厂,,47,47,29,32,17,148,140,126,126,12,13,6,6,0.7,0.5
2022-10-23T17:00:00,1240A,121.5856,29.8635,宁波市,太古小学,颗粒物(PM10),58,65,29,16,15,146,130,122,122,22,19,9,9,0.6,0.5
2022-10-23T17:00:00,1241A,121.524,29.8674,宁波市,市环境监测中心,颗粒物(PM10),61,71,31,29,13,155,146,127,127,16,13,24,8,0.5,0.3
2022-10-23T17:00:00,1242A,120.634,28.0089,温州市,瓯海,颗粒物(PM10),53,56,71,24,36,150,108,132,132,39,41,8,8,0.4,0.5
2022-10-23T17:00:00,1243A,120.6748,27.9939,温州市,南浦,,49,49,62,24,35,136,120,126,126,20,32,6,6,0.2,0.4
2022-10-23T17:00:00,1244A,120.76,27.9747,温州市,龙湾,颗粒物(PM10),51,51,68,20,34,129,123,121,121,24,42,7,7,0.4,0.5
2022-10-23T17:00:00,1245A,120.6709,28.0167,温州市,市站,,49,49,57,25,36,146,122,130,130,25,31,7,6,0.3,0.4
2022-10-23T17:00:00,1246A,120.598,30.0911,绍兴市,袍江站,,,,,,,,,,,,,,,,
2022-10-23T17:00:00,1247A,120.6053,29.9928,绍兴市,城东开发委,颗粒物(PM10),54,57,56,35,43,159,155,127,127,18,25,8,10,0.7,0.7
2022-10-23T17:00:00,1250A,120.0751,30.8669,湖州市,城西水厂,细颗粒物(PM2.5),78,92,71,57,52,202,172,156,156,33,45,5,8,0.8,0.8
2022-10-23T17:00:00,1252A,120.7436,30.778,嘉兴市,清河小学,颗粒物(PM10),54,57,50,35,31,199,138,146,146,25,26,6,7,0.4,0.4
2022-10-23T17:00:00,1253A,120.726,30.7478,嘉兴市,嘉兴学院,颗粒物(PM10),56,61,53,31,31,190,143,145,145,22,23,5,6,0.5,0.5
2022-10-23T17:00:00,1255A,121.273,28.6459,台州市,黄岩环保大楼,,43,35,59,19,37,140,135,117,117,16,16,6,6,0.4,0.4
2022-10-23T17:00:00,1256A,121.419,28.6542,台州市,台州环保大楼,,45,42,57,21,35,144,142,123,123,13,12,10,8,0.4,0.4
2022-10-23T17:00:00,1257A,121.377,28.5773,台州市,路桥田洋王,,43,41,58,16,37,146,136,118,118,13,12,6,6,0.5,0.5
2022-10-23T17:00:00,1258A,122.122,30.0203,舟山市,定海檀枫,,42,42,27,22,15,151,119,125,125,9,8,4,4,0.4,0.3
2022-10-23T17:00:00,1259A,122.3094,29.9558,舟山市,普陀东港,,49,49,30,21,14,154,116,124,124,26,15,4,4,0.4,0.2
2022-10-23T17:00:00,1260A,122.19,29.9944,舟山市,临城新区,,,56,28,19,12,143,119,118,118,13,10,,5,0.5,0.3
2022-10-23T17:00:00,1261A,119.649,29.1131,金华市,四中(停运161031),,,,,,,,,,,,,,,,
2022-10-23T17:00:00,1262A,119.647,29.077,金华市,十五中,颗粒物(PM10),57,63,82,26,59,170,157,136,136,27,32,6,7,0.5,0.7
2022-10-23T17:00:00,1263A,119.686,29.1029,金华市,监测站,臭氧1小时,64,76,81,23,49,179,171,148,148,24,32,1,3,0.5,0.6
2022-10-23T17:00:00,1264A,118.8692,28.9398,衢州市,环保大楼,颗粒物(PM10),61,71,82,36,62,160,153,144,144,19,29,6,7,0.6,0.7
2022-10-23T17:00:00,1265A,118.8709,28.9666,衢州市,实验学校,细颗粒物(PM2.5),70,48,76,51,59,160,160,148,146,32,33,5,8,0.6,0.6
2022-10-23T17:00:00,1266A,118.8621,28.9808,衢州市,衢州学院,臭氧1小时,60,65,85,42,57,171,168,149,149,20,30,7,10,0.5,0.5
2022-10-23T17:00:00,1267A,119.914,28.4514,丽水市,监测站大楼,颗粒物(PM10),54,58,61,27,36,172,143,132,132,10,19,7,8,0.4,0.5
2022-10-23T17:00:00,1268A,119.93,28.4586,丽水市,莲都小学,,47,47,74,23,40,171,146,136,136,14,23,7,8,0.4,0.5
2022-10-23T17:00:00,1269A,119.879,28.4231,丽水市,余庄前,,50,41,63,35,39,167,158,147,147,12,18,6,6,0.3,0.4
2022-10-23T17:00:00,1270A,117.1959,31.7848,合肥市,明珠广场,细颗粒物(PM2.5),104,143,98,78,53,205,160,162,162,32,47,10,10,0.6,0.6
2022-10-23T17:00:00,1271A,117.3072,31.8764,合肥市,三里街,颗粒物(PM10),82,114,72,46,32,189,158,160,160,18,35,9,9,0.7,0.6
2022-10-23T17:00:00,1272A,117.2588,31.8707,合肥市,琥珀山庄,,,,80,48,44,187,160,162,162,17,40,10,9,0.7,0.8
2022-10-23T17:00:00,1273A,117.1604,31.9052,合肥市,董铺水库(对照点),颗粒物(PM10),85,119,99,51,48,167,151,140,140,13,44,8,8,0.8,0.7
2022-10-23T17:00:00,1274A,117.25,31.8571,合肥市,长江中路,细颗粒物(PM2.5),85,110,84,63,52,194,171,163,163,13,38,9,8,0.8,0.7
2022-10-23T17:00:00,1275A,117.266,31.9436,合肥市,庐阳区,颗粒物(PM10),80,110,97,53,51,185,147,152,152,20,46,8,9,0.6,0.6
2022-10-23T17:00:00,1276A,117.336,31.8586,合肥市,瑶海区,颗粒物(PM10),78,105,71,53,40,188,162,162,162,15,26,13,13,0.8,0.7
2022-10-23T17:00:00,1277A,117.3027,31.7964,合肥市,包河区,颗粒物(PM10),79,107,79,51,39,187,153,156,156,37,73,12,12,0.8,0.7
2022-10-23T17:00:00,1278A,117.2776,31.7385,合肥市,滨湖新区,颗粒物(PM10),76,102,77,41,34,185,155,155,155,17,51,11,11,0.5,0.4
2022-10-23T17:00:00,1279A,117.1318,31.8403,合肥市,高新区,细颗粒物(PM2.5),94,117,95,70,52,199,176,162,162,23,69,8,7,0.8,0.7
2022-10-23T17:00:00,1280A,119.3903,26.0543,福州市,鼓山(对照点),,,,,,,,,,,,,,,,
2022-10-23T17:00:00,1282A,119.2681,26.0504,福州市,师大,颗粒物(PM10),53,55,42,24,21,148,133,136,136,12,10,4,5,0.3,0.3
2022-10-23T17:00:00,1283A,119.2984,26.1028,福州市,五四北路,颗粒物(PM10),52,53,37,25,19,152,142,136,136,12,9,3,4,0.3,0.4
2022-10-23T17:00:00,1284A,119.2648,26.0768,福州市,杨桥西路,颗粒物(PM10),53,55,39,25,18,156,142,141,141,12,10,3,4,0.4,0.4
2022-10-23T17:00:00,1285A,119.317,26.0746,福州市,紫阳,颗粒物(PM10),51,51,41,27,21,158,146,140,140,10,9,6,7,0.4,0.4
2022-10-23T17:00:00,1286A,118.1608,24.8169,厦门市,溪东(对照点),,,,,,,,,,,,,,,,
2022-10-23T17:00:00,1287A,118.1514,24.4767,厦门市,洪文,,45,45,40,28,24,155,99,125,125,20,18,2,3,0.3,0.3
2022-10-23T17:00:00,1288A,118.0661,24.4444,厦门市,鼓浪屿,,48,48,38,23,20,172,119,134,134,20,21,4,5,0.3,0.4
2022-10-23T17:00:00,1290A,115.8931,28.6843,南昌市,省外办,颗粒物(PM10),66,82,92,27,44,178,154,155,155,27,21,11,13,1.0,0.9
2022-10-23T17:00:00,1291A,115.8886,28.7003,南昌市,省林业公司,颗粒物(PM10),65,80,81,31,43,168,157,150,150,21,28,7,9,0.7,0.7
2022-10-23T17:00:00,1292A,115.8126,28.7442,南昌市,林科所,臭氧1小时,64,70,69,27,38,186,171,180,161,20,16,9,11,0.8,0.8
2022-10-23T17:00:00,1294A,115.8518,28.687,南昌市,建工学校,颗粒物(PM10),57,64,82,27,40,181,159,162,159,28,27,10,12,1.0,1
2022-10-23T17:00:00,1295A,115.8921,28.6424,南昌市,象湖,颗粒物(PM10),51,51,70,27,47,173,154,152,152,17,20,6,9,0.7,0.9
2022-10-23T17:00:00,1296A,115.7423,28.7996,南昌市,武术学校(对照点),颗粒物(PM10),51,52,50,24,36,135,128,124,123,8,9,10,10,0.6,0.6
2022-10-23T17:00:00,1298A,115.9314,28.6842,南昌市,省站,颗粒物(PM10),66,82,86,33,51,163,149,144,144,17,22,8,11,0.7,0.8
2022-10-23T17:00:00,1299A,116.9862,36.6114,济南市,科干所,颗粒物(PM10),69,88,83,24,26,111,97,86,81,35,34,8,6,0.6,0.6
2022-10-23T17:00:00,1300A,116.9376,36.665,济南市,农科所,颗粒物(PM10),64,78,106,20,29,98,86,75,75,30,48,8,7,0.3,0.5
2022-10-23T17:00:00,1301A,117.1265,36.6734,济南市,开发区,颗粒物(PM10),72,93,100,29,28,107,80,73,73,46,52,6,6,0.4,0.5
2022-10-23T17:00:00,1303A,117.0624,36.6868,济南市,省种子仓库,颗粒物(PM10),69,88,101,22,34,111,97,81,81,28,51,5,5,0.4,0.5
2022-10-23T17:00:00,1304A,116.9489,36.6447,济南市,机床二厂,颗粒物(PM10),74,98,122,29,41,110,89,84,84,45,51,9,7,0.8,0.8
2022-10-23T17:00:00,1305A,117.0495,36.663,济南市,市监测站,颗粒物(PM10),68,85,96,27,27,119,107,84,84,30,48,10,8,0.6,0.6
2022-10-23T17:00:00,1306A,116.7675,36.5484,济南市,长清党校,颗粒物(PM10),85,120,105,37,38,114,104,92,92,34,38,15,8,0.6,0.6
2022-10-23T17:00:00,1307A,120.6659,36.2403,青岛市,仰口(对照点),,31,31,40,14,13,165,86,87,87,14,9,5,5,0.4,0.4
2022-10-23T17:00:00,1308A,120.3905,36.1851,青岛市,李沧区子站,,,,,,,,,,,,,,,,
2022-10-23T17:00:00,1309A,120.3471,36.0699,青岛市,市北区子站,,,,,,,,,,,,,,,,
2022-10-23T17:00:00,1310A,120.4134,36.0658,青岛市,市南区东部子站,颗粒物(PM10),56,61,70,17,22,170,114,86,86,28,35,9,9,0.4,0.5
2022-10-23T17:00:00,1311A,120.3664,36.1032,青岛市,四方区子站,,,,116,,38,154,,,,,32,,8,,0.6
2022-10-23T17:00:00,1312A,120.2994,36.054,青岛市,市南区西部子站,颗粒物(PM10),53,56,72,15,27,167,86,101,101,49,38,10,9,0.5,0.6
2022-10-23T17:00:00,1313A,120.4581,36.0858,青岛市,崂山区子站,颗粒物(PM10),58,66,68,14,22,173,121,84,84,30,29,7,7,0.5,0.5
2022-10-23T17:00:00,1314A,120.1983,35.9608,青岛市,黄岛区子站,,36,36,75,15,31,179,110,83,83,20,49,5,7,0.3,0.4
2022-10-23T17:00:00,1315A,120.3999,36.3083,青岛市,城阳区子站,,32,32,65,7,19,135,76,77,77,29,32,5,6,0.5,0.6
2022-10-23T17:00:00,1316A,113.69031,34.76122,郑州市,烟厂,颗粒物(PM10),70,89,114,48,64,163,155,127,127,17,31,7,9,0.6,0.8
2022-10-23T17:00:00,1317A,113.65724,34.77134,郑州市,郑纺机,颗粒物(PM10),72,93,114,51,69,168,164,134,134,15,37,12,14,0.5,0.7
2022-10-23T17:00:00,1318A,113.67526,34.80246,郑州市,银行学校,颗粒物(PM10),71,92,113,45,68,127,112,90,90,15,29,9,12,0.7,0.9
2022-10-23T17:00:00,1319A,113.56746,34.81334,郑州市,供水公司,颗粒物(PM10),76,102,114,50,59,167,165,124,124,17,32,10,10,0.7,0.9
2022-10-23T17:00:00,1320A,113.7329,34.7178,郑州市,经开区管委,细颗粒物(PM2.5),77,94,112,56,68,162,159,132,132,16,23,8,9,0.5,0.7
2022-10-23T17:00:00,1321A,113.73961,34.77172,郑州市,四十七中,颗粒物(PM10),74,98,120,34,42,161,144,125,125,26,27,11,14,0.5,0.6
2022-10-23T17:00:00,1322A,113.60532,34.74838,郑州市,市监测站,颗粒物(PM10),73,96,127,40,51,177,175,132,132,16,27,10,10,0.5,0.7
2022-10-23T17:00:00,1323A,113.64164,34.7525,郑州市,河医大,"颗粒物(PM10),细颗粒物(PM2.5)",80,109,116,59,66,167,167,122,122,20,37,12,11,0.6,0.8
2022-10-23T17:00:00,1324A,113.51488,34.91089,郑州市,岗李水库(对照点),,,,,,,,,,,,,,,,
2022-10-23T17:00:00,1325A,114.3677,30.5584,武汉市,东湖梨园,臭氧1小时,109,95,64,46,49,234,217,192,192,25,30,17,13,1.6,1.3
2022-10-23T17:00:00,1326A,114.2529,30.558,武汉市,汉阳月湖,臭氧1小时,104,61,70,39,46,213,208,192,192,25,31,9,9,0.8,0.9
2022-10-23T17:00:00,1327A,114.282,30.6189,武汉市,汉口花桥,臭氧1小时,98,58,68,32,38,210,198,182,182,22,24,11,11,0.7,0.7
2022-10-23T17:00:00,1328A,114.3025,30.5332,武汉市,武昌紫阳,臭氧1小时,90,66,74,32,37,204,192,184,184,35,41,14,15,1.0,1.3
2022-10-23T17:00:00,1329A,114.3646,30.6217,武汉市,青山钢花,臭氧1小时,78,64,72,44,47,200,182,176,176,32,36,10,11,0.5,0.6
2022-10-23T17:00:00,1330A,114.1566,30.4825,武汉市,沌口新区,臭氧1小时,100,70,71,40,42,204,200,182,182,36,41,15,12,0.8,0.8
2022-10-23T17:00:00,1331A,114.3014,30.5944,武汉市,汉口江滩,臭氧1小时,101,59,65,31,39,214,202,187,187,30,28,9,10,0.9,0.9
2022-10-23T17:00:00,1333A,114.135,30.6319,武汉市,吴家山,臭氧1小时,98,58,67,37,41,212,198,192,192,26,35,10,10,0.8,0.8
2022-10-23T17:00:00,1334A,113.8454,30.2917,武汉市,沉湖七壕(对照点),臭氧1小时,116,62,65,39,38,236,232,204,204,28,22,12,9,0.9,0.8
2022-10-23T17:00:00,1335A,113.0833,28.2325,长沙市,经开区环保局,臭氧1小时,83,90,98,31,69,213,186,164,164,24,30,9,9,0.5,0.6
2022-10-23T17:00:00,1336A,112.8872,28.2189,长沙市,高开区环保局,臭氧1小时,112,78,101,47,76,229,224,178,178,14,20,11,12,0.5,0.6
2022-10-23T17:00:00,1337A,113.0792,28.2053,长沙市,马坡岭,臭氧1小时,102,91,95,44,74,207,203,163,163,17,28,11,12,0.6,0.6
2022-10-23T17:00:00,1338A,112.9394,28.19,长沙市,湖南师范大学,臭氧1小时,107,74,92,45,76,215,213,170,170,18,20,6,7,0.7,0.8
2022-10-23T17:00:00,1339A,113.0178,28.1322,长沙市,雨花区环保局,臭氧1小时,100,88,93,51,67,209,200,152,152,25,30,11,11,0.4,0.5
2022-10-23T17:00:00,1340A,112.9792,28.2597,长沙市,伍家岭,臭氧1小时,114,82,110,44,75,231,227,182,182,18,24,9,10,0.7,0.8
2022-10-23T17:00:00,1341A,113.0014,28.1944,长沙市,火车新站,臭氧1小时,106,75,90,46,61,216,211,176,176,19,23,9,10,0.5,0.6
2022-10-23T17:00:00,1342A,112.9844,28.1178,长沙市,天心区环保局,臭氧1小时,108,80,92,40,65,225,215,173,173,22,29,11,10,0.5,0.6
2022-10-23T17:00:00,1343A,112.8908,28.1308,长沙市,湖南中医药大学,臭氧1小时,105,90,112,37,69,213,210,169,169,14,18,6,7,0.7,0.8
2022-10-23T17:00:00,1344A,112.9581,28.3611,长沙市,沙坪(对照点),臭氧1小时,105,67,90,39,68,215,209,169,169,16,19,8,9,0.7,0.7
2022-10-23T17:00:00,1345A,113.2347,23.1423,广州市,广雅中学,臭氧1小时,52,47,78,23,37,167,161,146,146,18,74,7,8,0.6,0.8
2022-10-23T17:00:00,1346A,113.2612,23.105,广州市,市五中,臭氧1小时,74,39,61,26,37,194,179,173,173,16,53,7,8,0.6,0.8
2022-10-23T17:00:00,1348A,113.3478,23.0916,广州市,广东商学院,颗粒物(PM10),54,58,66,32,31,185,153,159,159,42,62,7,7,0.6,0.7
2022-10-23T17:00:00,1349A,113.4332,23.1047,广州市,市八十六中,臭氧1小时,53,46,83,22,34,165,162,147,147,18,67,8,9,0.5,0.7
2022-10-23T17:00:00,1350A,113.3505,22.9483,广州市,番禺中学,臭氧1小时,75,47,60,21,28,191,180,168,168,18,50,13,12,0.5,0.7
2022-10-23T17:00:00,1351A,113.2146,23.3916,广州市,花都师范,,45,31,47,18,26,162,143,149,149,9,31,7,10,0.6,0.7
2022-10-23T17:00:00,1352A,113.2597,23.1331,广州市,市监测站,臭氧1小时,80,47,61,24,32,188,184,167,167,14,58,7,8,0.6,0.8
2022-10-23T17:00:00,1353A,113.5618,23.312,广州市,九龙镇镇龙,,43,42,104,21,38,142,135,124,124,15,50,5,5,0.5,0.6
2022-10-23T17:00:00,1354A,113.2765,23.1544,广州市,麓湖,臭氧1小时,57,43,50,25,28,190,165,169,169,11,47,4,5,0.5,0.6
2022-10-23T17:00:00,1355A,113.443,23.3035,广州市,帽峰山森林公园(对照点),臭氧1小时,59,37,38,24,22,170,167,152,152,8,17,6,8,0.4,0.3
2022-10-23T17:00:00,1356A,114.1063,22.5545,深圳市,通心岭子站,颗粒物(PM10),51,52,38,31,21,157,140,129,129,18,21,6,6,0.7,0.6
2022-10-23T17:00:00,1357A,114.117,22.5625,深圳市,洪湖,颗粒物(PM10),56,62,46,32,25,159,139,130,130,22,29,8,8,0.7,0.7
2022-10-23T17:00:00,1358A,113.987,22.5417,深圳市,华侨城,颗粒物(PM10),53,55,48,30,24,162,152,128,128,21,32,8,7,0.6,0.5
2022-10-23T17:00:00,1359A,113.9181,22.5171,深圳市,南海子站,臭氧1小时,64,53,44,31,26,178,171,143,143,16,28,6,6,0.4,0.5
2022-10-23T17:00:00,1360A,114.2458,22.5689,深圳市,盐田,,39,36,32,25,22,154,124,127,127,14,43,6,8,0.6,0.6
2022-10-23T17:00:00,1361A,114.2283,22.7244,深圳市,龙岗,颗粒物(PM10),53,55,42,29,22,162,131,136,136,16,23,6,6,0.5,0.5
2022-10-23T17:00:00,1362A,113.8953,22.5861,深圳市,西乡,,,,,,,,,,,,,,,,
2022-10-23T17:00:00,1363A,114.494,22.5422,深圳市,南澳,,43,43,30,24,18,138,125,120,120,9,12,13,12,0.6,0.7
2022-10-23T17:00:00,1364A,114.41,22.6342,深圳市,葵涌,,45,38,30,26,19,145,143,126,126,10,15,7,7,0.7,0.7
2022-10-23T17:00:00,1365A,114.297,22.5978,深圳市,梅沙,颗粒物(PM10),56,62,39,28,20,160,122,133,133,12,16,9,10,0.6,0.5
2022-10-23T17:00:00,1366A,114.0678,22.738,深圳市,观澜,颗粒物(PM10),63,75,69,33,27,153,141,138,138,26,32,8,7,0.6,0.6
2022-10-23T17:00:00,1367A,113.5814,22.2618,珠海市,吉大,颗粒物(PM10),52,54,43,23,30,220,151,138,138,32,30,8,7,0.5,0.5
2022-10-23T17:00:00,1368A,113.4881,22.2335,珠海市,前山,臭氧1小时,65,39,56,27,28,187,172,139,139,33,45,9,8,0.4,0.4
2022-10-23T17:00:00,1369A,113.628,22.4251,珠海市,唐家,臭氧1小时,55,46,42,30,28,189,164,138,138,23,24,9,9,0.5,0.5
2022-10-23T17:00:00,1370A,113.299,22.2281,珠海市,斗门,臭氧1小时,73,48,60,26,30,197,178,146,146,28,39,10,10,0.6,0.6
2022-10-23T17:00:00,1371A,113.1294,23.0067,佛山市,湾梁,臭氧1小时,104,46,71,26,33,214,207,182,182,14,60,8,10,0.6,0.8
2022-10-23T17:00:00,1372A,113.1083,23.0478,佛山市,华材职中,臭氧1小时,75,48,76,30,43,190,180,165,165,17,67,12,14,0.5,0.8
2022-10-23T17:00:00,1373A,113.144,23.0453,佛山市,南海气象局,臭氧1小时,83,45,67,20,34,199,186,170,170,16,66,7,10,0.7,0.9
2022-10-23T17:00:00,1374A,113.2881,22.8094,佛山市,顺德苏岗,臭氧1小时,89,34,48,22,29,203,191,164,164,19,45,11,9,0.8,0.9
2022-10-23T17:00:00,1375A,113.2544,22.7642,佛山市,容桂街道办,,,,,,,,,,,,,,,,
2022-10-23T17:00:00,1376A,112.8383,22.8678,佛山市,高明孔堂,臭氧1小时,109,53,53,29,28,222,218,189,189,16,29,13,13,0.7,0.7
2022-10-23T17:00:00,1377A,112.8836,23.1588,佛山市,三水监测站,臭氧1小时,57,48,80,30,42,176,165,157,157,12,62,7,12,0.6,0.8
2022-10-23T17:00:00,1378A,112.867,23.185,佛山市,三水云东海,臭氧1小时,63,44,67,25,39,187,170,167,167,14,48,8,12,0.4,0.6
2022-10-23T17:00:00,1379A,113.3769,22.5211,中山市,华柏园,臭氧1小时,101,58,58,25,31,232,202,181,181,24,40,8,9,0.6,0.7
2022-10-23T17:00:00,1380A,113.3881,22.5497,中山市,张溪,臭氧1小时,115,65,72,19,32,245,229,195,195,23,41,8,9,0.4,0.5
2022-10-23T17:00:00,1381A,113.4075,22.5111,中山市,紫马岭,臭氧1小时,103,59,51,30,32,227,206,174,174,15,26,9,9,0.5,0.6
2022-10-23T17:00:00,1382A,113.4411,22.4853,中山市,长江旅游区(对照点),,,,44,11,26,220,200,170,170,13,17,10,8,0.7,0.6
2022-10-23T17:00:00,1383A,113.1064,22.6058,江门市,北街,臭氧1小时,108,39,67,24,30,221,215,176,176,17,44,10,12,0.7,0.9
2022-10-23T17:00:00,1384A,113.0731,22.5835,江门市,西区,臭氧1小时,116,46,74,26,32,232,232,187,187,20,50,9,13,0.6,0.8
2022-10-23T17:00:00,1385A,113.0219,22.5311,江门市,圭峰西,臭氧1小时,119,54,59,20,26,237,237,190,190,19,30,8,9,0.5,0.6
2022-10-23T17:00:00,1386A,113.0828,22.5947,江门市,东湖,臭氧1小时,112,49,66,26,33,226,223,182,182,17,44,8,11,0.6,0.8
2022-10-23T17:00:00,1387A,113.7875,23.0457,东莞市,东城主山,,,,,,,,,,,,,,,,
2022-10-23T17:00:00,1388A,113.7533,23.0202,东莞市,南城元岭,,,,,,,,,,,,,,,,
2022-10-23T17:00:00,1389A,113.7547,23.0494,东莞市,莞城梨川,臭氧1小时,85,38,56,16,27,198,188,174,174,14,39,11,11,0.6,0.6
2022-10-23T17:00:00,1390A,113.7944,23.0128,东莞市,东城石井,臭氧1小时,69,32,42,20,25,182,175,168,168,10,25,13,12,0.7,0.8
2022-10-23T17:00:00,1391A,113.7383,22.9658,东莞市,南城西平,,,,90,26,29,172,169,157,157,16,43,16,14,0.5,0.7
2022-10-23T17:00:00,1392A,114.4183,23.0528,惠州市,河南岸金山湖子站,颗粒物(PM10),57,64,54,18,26,148,141,135,135,18,25,7,9,0.6,0.6
2022-10-23T17:00:00,1393A,114.4053,23.0822,惠州市,下埔横江三路子站,,50,50,50,20,24,160,160,148,148,17,24,9,10,0.5,0.5
2022-10-23T17:00:00,1394A,114.4103,23.1142,惠州市,江北云山西路子站,,,,,,,151,,151,151,10,8,6,6,,
2022-10-23T17:00:00,1395A,114.4645,22.7833,惠州市,惠阳区承修路船湖子站,颗粒物(PM10),70,90,70,24,23,150,144,131,131,21,22,7,8,0.9,0.9
2022-10-23T17:00:00,1396A,114.5317,22.7422,惠州市,大亚湾管委会子站,颗粒物(PM10),51,52,47,24,20,139,127,119,119,18,23,3,4,0.6,0.7
2022-10-23T17:00:00,1397A,112.4267,23.0706,肇庆市,睦岗子站,臭氧1小时,83,49,48,33,27,193,186,166,166,22,60,8,7,0.6,0.6
2022-10-23T17:00:00,1398A,112.4645,23.0475,肇庆市,城中子站,,,36,47,22,25,187,182,162,162,12,58,,16,0.5,0.6
2022-10-23T17:00:00,1399A,112.5544,23.1522,肇庆市,坑口子站,臭氧1小时,87,53,35,31,22,191,189,172,172,20,25,13,10,0.6,0.6
2022-10-23T17:00:00,1400A,112.4753,23.1,肇庆市,七星岩子站(对照点),臭氧1小时,80,50,40,24,23,184,184,170,170,4,24,6,5,0.7,0.7
2022-10-23T17:00:00,1401A,108.3103,22.7881,南宁市,二十一中,臭氧1小时,67,50,78,32,46,173,173,134,134,10,44,10,13,0.7,1
2022-10-23T17:00:00,1402A,108.3141,22.8528,南宁市,北湖,臭氧1小时,57,57,93,34,52,174,165,136,136,11,40,10,12,0.5,0.9
2022-10-23T17:00:00,1403A,108.3206,22.8225,南宁市,市监测站,颗粒物(PM10),52,53,90,33,48,168,149,125,125,45,71,13,14,0.7,1
2022-10-23T17:00:00,1404A,108.3829,22.8037,南宁市,大自然花园,臭氧1小时,60,44,69,34,44,168,168,137,137,14,49,10,9,0.7,1
2022-10-23T17:00:00,1405A,108.4394,22.7904,南宁市,仙葫(对照点),臭氧1小时,55,54,90,38,47,164,164,138,138,14,58,9,10,0.6,0.8
2022-10-23T17:00:00,1406A,108.2397,22.8467,南宁市,区农职院,臭氧1小时,67,45,55,28,34,175,173,148,148,12,34,9,9,0.9,1
2022-10-23T17:00:00,1407A,108.3275,22.735,南宁市,英华嘉园,颗粒物(PM10),53,55,74,31,46,159,159,123,123,14,50,12,13,0.8,1.1
2022-10-23T17:00:00,1408A,108.2257,22.7757,南宁市,沙井镇街道办,臭氧1小时,79,55,79,32,42,183,183,133,133,19,45,9,11,0.6,0.7
2022-10-23T17:00:00,1409A,110.576,19.9507,海口市,东寨港(对照点),,,50,44,27,23,72,72,67,67,,,3,5,0.6,0.4
2022-10-23T17:00:00,1410A,110.3232,20.0574,海口市,海南大学,臭氧1小时,69,40,49,31,31,180,175,164,164,12,22,9,8,0.7,0.7
2022-10-23T17:00:00,1411A,110.283,20.0053,海口市,秀英海南医院,臭氧1小时,54,51,56,27,32,174,163,158,158,16,28,6,7,0.6,0.6
2022-10-23T17:00:00,1412A,110.338,19.9969,海口市,海南师范大学,臭氧1小时,83,48,57,21,24,188,186,167,167,14,23,10,7,0.8,0.8
2022-10-23T17:00:00,1413A,110.33,20.0356,海口市,龙华路环保局宿舍,臭氧1小时,70,62,51,22,26,177,176,161,161,12,18,8,6,0.8,0.7
2022-10-23T17:00:00,1414A,106.3787,29.8279,重庆市,缙云山(对照点),颗粒物(PM10),68,86,62,35,35,215,76,181,107,65,27,5,6,0.8,0.5
2022-10-23T17:00:00,1416A,106.4213,29.8253,重庆市,天生,细颗粒物(PM2.5),87,105,133,64,92,132,60,30,30,63,84,10,11,1.0,1.3
2022-10-23T17:00:00,1417A,106.6263,29.7228,重庆市,两路,颗粒物(PM10),80,109,106,58,66,149,49,46,42,68,105,11,19,0.8,1.3
2022-10-23T17:00:00,1418A,106.2953,29.5983,重庆市,虎溪,细颗粒物(PM2.5),142,190,124,108,80,165,39,50,50,143,96,21,14,1.7,1.1
2022-10-23T17:00:00,1419A,106.5777,29.5102,重庆市,南坪,细颗粒物(PM2.5),132,132,127,100,82,178,54,44,44,88,88,31,16,1.4,1.2
2022-10-23T17:00:00,1420A,106.6556,29.6277,重庆市,唐家沱,细颗粒物(PM2.5),120,167,137,91,76,195,54,32,32,86,99,31,18,1.1,1
2022-10-23T17:00:00,1421A,106.6349,29.4906,重庆市,茶园,细颗粒物(PM2.5),135,168,165,103,85,139,22,33,28,111,119,18,14,1.3,1.3
2022-10-23T17:00:00,1422A,106.3754,29.4572,重庆市,白市驿,细颗粒物(PM2.5),182,187,175,137,107,126,46,76,42,127,79,19,26,1.6,1.3
2022-10-23T17:00:00,1425A,106.6205,29.7166,重庆市,空港,细颗粒物(PM2.5),105,80,107,79,74,171,68,66,59,52,94,18,24,0.7,1.2
2022-10-23T17:00:00,1426A,106.4782,29.4875,重庆市,新山村,细颗粒物(PM2.5),109,144,162,82,100,119,20,35,35,142,146,9,12,1.1,1.3
2022-10-23T17:00:00,1427A,106.5616,29.6453,重庆市,礼嘉,细颗粒物(PM2.5),118,119,152,89,73,142,19,20,20,124,139,25,17,1.7,1.6
2022-10-23T17:00:00,1428A,106.4522,29.7091,重庆市,蔡家,细颗粒物(PM2.5),122,146,120,92,76,122,22,26,26,117,83,15,10,1.2,1
2022-10-23T17:00:00,1429A,106.5093,29.3917,重庆市,鱼新街,细颗粒物(PM2.5),118,135,145,89,104,169,44,24,24,90,108,20,19,1.4,1.4
2022-10-23T17:00:00,1431A,103.9728,30.7236,成都市,金泉两河,颗粒物(PM10),66,81,98,45,65,198,148,137,137,23,53,6,10,0.7,0.8
2022-10-23T17:00:00,1432A,104.1419,30.6764,成都市,十里店,细颗粒物(PM2.5),75,74,112,55,67,167,159,100,100,15,68,6,8,0.6,0.9
2022-10-23T17:00:00,1433A,104.0594,30.5767,成都市,三瓦窑,颗粒物(PM10),63,76,104,38,58,193,140,122,122,40,78,3,4,0.4,0.7
2022-10-23T17:00:00,1434A,104.1122,30.6306,成都市,沙河铺,细颗粒物(PM2.5),67,81,92,48,60,174,148,107,107,14,65,6,6,0.6,0.9
2022-10-23T17:00:00,1437A,104.0431,30.6556,成都市,君平街,细颗粒物(PM2.5),80,77,98,59,69,192,171,130,130,18,65,4,9,0.7,1
2022-10-23T17:00:00,1438A,103.6202,31.0201,成都市,灵岩寺(对照点),细颗粒物(PM2.5),58,60,54,41,36,169,140,131,107,12,11,7,11,0.6,0.5
2022-10-23T17:00:00,1439A,106.6899,26.5998,贵阳市,马鞍山,,,,33,17,24,133,117,116,116,6,9,5,4,0.4,0.4
2022-10-23T17:00:00,1440A,106.6971,26.5694,贵阳市,市环保站,,42,34,33,19,23,134,133,124,124,13,15,5,5,0.2,0.3
2022-10-23T17:00:00,1441A,106.6243,26.6266,贵阳市,鉴湖路,,42,41,39,17,23,138,134,128,128,11,10,5,5,0.5,0.4
2022-10-23T17:00:00,1442A,106.7487,26.6343,贵阳市,燕子冲,,46,46,39,31,32,147,146,135,135,16,19,7,5,0.4,0.5
2022-10-23T17:00:00,1443A,106.6555,26.4365,贵阳市,碧云窝,,46,46,46,22,24,151,137,131,131,13,15,5,5,0.4,0.4
2022-10-23T17:00:00,1444A,106.694,26.5161,贵阳市,中院村,,39,39,44,17,25,135,123,121,121,21,21,6,6,0.4,0.5
2022-10-23T17:00:00,1445A,106.7109,26.6027,贵阳市,红边门,,42,41,40,19,29,145,132,131,131,22,20,6,6,0.5,0.5
2022-10-23T17:00:00,1446A,106.7164,26.5699,贵阳市,新华路,,44,31,32,24,27,139,139,128,128,7,9,5,4,0.4,0.4
2022-10-23T17:00:00,1447A,106.674,26.5424,贵阳市,太慈桥,,40,31,45,22,22,129,126,118,118,9,14,5,4,0.4,0.4
2022-10-23T17:00:00,1450A,102.8204,24.8886,昆明市,呈贡新区,,17,11,24,10,10,61,54,50,50,10,20,7,7,0.4,0.4
2022-10-23T17:00:00,1451A,102.6251,24.9608,昆明市,西山森林公园(对照点),,19,8,8,4,5,86,59,55,55,8,7,6,6,0.6,0.6
2022-10-23T17:00:00,1452A,102.7252,25.0902,昆明市,龙泉镇,,17,12,25,8,14,66,53,44,44,9,18,6,8,0.4,0.5
2022-10-23T17:00:00,1453A,102.7266,25.0375,昆明市,东风东路,,16,12,25,9,14,65,51,45,45,13,27,6,8,0.4,0.5
2022-10-23T17:00:00,1454A,102.6742,25.0669,昆明市,金鼎山,,16,12,25,11,15,77,48,39,39,14,21,4,6,0.4,0.5
2022-10-23T17:00:00,1455A,102.6644,25.0401,昆明市,碧鸡广场,,16,9,23,7,14,78,51,44,44,14,23,9,10,0.5,0.5
2022-10-23T17:00:00,1456A,91.1319,29.6514,拉萨市,八廓街,,,6,7,,,120,115,104,104,8,9,8,7,0,0
2022-10-23T17:00:00,1457A,91.1221,29.6747,拉萨市,市环保局,,36,3,7,0,2,118,113,102,102,4,7,2,2,0.2,0.2
2022-10-23T17:00:00,1458A,91.0874,29.6475,拉萨市,区监测站,,39,4,6,3,2,128,124,111,111,2,4,9,8,0.3,0.3
2022-10-23T17:00:00,1459A,91.1774,29.6541,拉萨市,西藏大学,,36,7,10,1,3,118,114,103,103,6,7,10,10,0.0,0.1
2022-10-23T17:00:00,1460A,90.9798,29.6588,拉萨市,区辐射站,,36,2,5,7,5,117,114,101,101,3,5,8,8,0.2,0.2
2022-10-23T17:00:00,1461A,91.0834,29.6292,拉萨市,拉萨火车站,,36,7,7,2,3,120,115,109,102,4,5,10,10,0,0
2022-10-23T17:00:00,1462A,108.882,34.2749,西安市,高压开关厂,颗粒物(PM10),66,82,164,31,84,136,99,77,77,38,88,14,10,0.6,1
2022-10-23T17:00:00,1463A,108.993,34.2629,西安市,兴庆小区,颗粒物(PM10),67,84,109,28,63,153,99,75,75,31,52,17,13,0.7,0.8
2022-10-23T17:00:00,1464A,109.06,34.2572,西安市,纺织城,颗粒物(PM10),81,112,138,38,64,133,73,68,68,60,67,22,13,1.0,0.9
2022-10-23T17:00:00,1465A,108.9356,34.2173,西安市,小寨,颗粒物(PM10),65,80,134,31,59,151,93,85,85,38,65,17,11,0.9,1.1
2022-10-23T17:00:00,1466A,108.954,34.2713,西安市,市人民体育场,颗粒物(PM10),75,99,134,36,88,128,98,75,75,28,70,16,10,0.6,0.8
2022-10-23T17:00:00,1467A,108.8922,34.2322,西安市,高新西区,颗粒物(PM10),63,76,138,32,69,159,99,83,83,32,78,13,9,0.7,1.2
2022-10-23T17:00:00,1468A,108.935,34.3474,西安市,经开区,,,103,126,38,61,121,95,65,65,29,77,,11,0.6,0.9
2022-10-23T17:00:00,1469A,108.906,34.1546,西安市,长安区,颗粒物(PM10),102,153,144,58,64,151,101,90,90,49,55,16,7,0.7,0.7
2022-10-23T17:00:00,1470A,109.2,34.6575,西安市,阎良区,,,,,,,,,,,,,,,,
2022-10-23T17:00:00,1471A,109.2186,34.3731,西安市,临潼区,颗粒物(PM10),78,106,118,45,57,125,93,77,77,46,51,22,11,0.8,0.8
2022-10-23T17:00:00,1472A,108.869,34.378,西安市,草滩(对照点),颗粒物(PM10),73,96,113,36,59,92,67,92,81,50,80,15,10,0.9,1
2022-10-23T17:00:00,1473A,108.985,34.1978,西安市,曲江文化产业集团,颗粒物(PM10),83,116,133,51,82,167,94,91,91,45,69,16,11,0.8,0.9
2022-10-23T17:00:00,1474A,109.051,34.3213,西安市,广运潭,颗粒物(PM10),73,96,122,36,63,108,72,59,59,47,70,16,11,0.7,0.7
2022-10-23T17:00:00,1476A,103.631,36.1031,兰州市,兰炼宾馆,颗粒物(PM10),66,82,86,36,42,158,149,107,107,22,53,18,26,0.5,0.7
2022-10-23T17:00:00,1477A,104.1373,35.9454,兰州市,榆中兰大校区(对照点),,,,,,,,,,,,,,,,
2022-10-23T17:00:00,1478A,103.8412,36.0726,兰州市,生物制品所,颗粒物(PM10),66,81,87,40,40,134,132,89,89,23,59,9,12,0.6,0.8
2022-10-23T17:00:00,1479A,103.831,36.0464,兰州市,铁路设计院,颗粒物(PM10),56,61,86,39,40,135,133,91,91,25,68,12,15,0.8,1.2
2022-10-23T17:00:00,1480A,101.748,36.6428,西宁市,市环境监测站,,,,,,,,,,,,,,,,
2022-10-23T17:00:00,1482A,101.834,36.5819,西宁市,四陆医院,,,,,,,,,,,,,,,,
2022-10-23T17:00:00,1483A,101.524,36.6867,西宁市,第五水厂(对照点),,,,,,,,,,,,,,,,
2022-10-23T17:00:00,1484A,105.9512,38.6016,银川市,贺兰山马莲口(对照点),颗粒物(PM10),51,52,38,31,18,147,147,115,115,24,18,27,20,0.8,0.5
2022-10-23T17:00:00,1488A,106.2328,38.4975,银川市,贺兰山东路,细颗粒物(PM2.5),52,43,62,36,41,127,127,96,96,19,35,17,13,0.6,0.7
2022-10-23T17:00:00,1489A,106.1358,38.5036,银川市,学院路,,49,49,75,21,30,132,124,94,94,21,37,23,15,1.0,1.1
2022-10-23T17:00:00,1490A,87.5801,43.8303,乌鲁木齐市,监测站,颗粒物(PM10),74,98,125,52,47,111,95,83,83,25,36,16,9,0.8,0.8
2022-10-23T17:00:00,1491A,87.6046,43.768,乌鲁木齐市,收费所,颗粒物(PM10),109,167,186,65,67,104,99,95,95,33,18,15,9,0.6,0.3
2022-10-23T17:00:00,1492A,87.4754,43.9469,乌鲁木齐市,新疆农科院农场(对照点),细颗粒物(PM2.5),72,33,19,52,46,71,65,49,49,26,45,5,7,1.0,1.1
2022-10-23T17:00:00,1493A,87.5525,43.8711,乌鲁木齐市,铁路局,细颗粒物(PM2.5),77,89,68,56,43,117,94,61,61,22,40,17,9,1.0,1.1
2022-10-23T17:00:00,1494A,87.6432,43.831,乌鲁木齐市,三十一中学,,,123,179,,,116,91,92,92,28,18,18,14,0.6,0.4
2022-10-23T17:00:00,1496A,87.7216,44.1747,乌鲁木齐市,米东区环保局,颗粒物(PM10),59,68,105,34,57,104,82,38,38,18,37,23,13,0.7,0.7
2022-10-23T17:00:00,1508A,112.9433,27.8614,湘潭市,板塘,臭氧1小时,112,75,97,39,76,226,223,191,191,24,28,13,14,0.4,0.4
2022-10-23T17:00:00,1511A,112.9118,27.8403,湘潭市,市监测站,臭氧1小时,107,66,89,41,72,213,213,185,185,21,24,10,11,0.6,0.6
2022-10-23T17:00:00,1512A,112.8937,27.8728,湘潭市,江麓,臭氧1小时,119,82,101,40,64,238,238,200,200,18,22,10,12,0.6,0.6
2022-10-23T17:00:00,1513A,112.9227,27.8159,湘潭市,岳塘,臭氧1小时,112,84,105,41,70,224,224,192,192,26,28,11,10,0.3,0.8
2022-10-23T17:00:00,1514A,112.9074,27.9119,湘潭市,科大,臭氧1小时,116,90,109,54,76,232,232,193,193,23,23,7,8,0.6,0.6
2022-10-23T17:00:00,1515A,113.135,27.8244,株洲市,天台山庄,臭氧1小时,108,54,64,34,45,224,216,190,190,26,33,5,7,0.4,0.4
2022-10-23T17:00:00,1518A,113.095,27.8867,株洲市,株冶医院,臭氧1小时,108,68,89,32,53,224,216,190,190,20,46,7,10,0.5,0.6
2022-10-23T17:00:00,1519A,113.167,27.8667,株洲市,市四中,臭氧1小时,113,56,73,42,50,226,226,193,193,31,39,6,10,0.5,0.5
2022-10-23T17:00:00,1520A,113.143,27.8381,株洲市,火车站,臭氧1小时,116,68,79,41,47,238,232,203,203,26,35,6,9,0.7,0.7
2022-10-23T17:00:00,1524A,113.13,27.8528,株洲市,市监测站,臭氧1小时,110,70,82,40,54,225,219,192,192,20,31,2,8,0.6,0.7
2022-10-23T17:00:00,1552A,106.805,26.3003,贵阳市,桐木岭(对照点),,,,,,,,,,,,,,,,
2022-10-23T17:00:00,1559A,113.251,27.8336,株洲市,大京风景区(对照点),臭氧1小时,95,58,70,29,40,203,196,171,171,12,17,5,6,0.5,0.6
2022-10-23T17:00:00,1562A,113.0048,27.9153,湘潭市,昭山,臭氧1小时,111,102,121,52,73,221,221,182,182,19,28,6,6,0.7,0.7
2022-10-23T17:00:00,1564A,112.4876,27.9164,湘潭市,韶山(对照点),臭氧1小时,80,65,83,29,40,185,184,170,170,22,19,8,13,0.5,0.6
2022-10-23T17:00:00,1585A,109.8756,40.6532,包头市,市环境监测站,,25,20,38,8,14,91,80,78,78,14,20,14,16,1.1,1
2022-10-23T17:00:00,1587A,109.9991,40.5842,包头市,包头八中,,29,19,55,6,16,93,91,73,73,7,36,7,11,0.5,0.6
2022-10-23T17:00:00,1588A,109.8538,40.6821,包头市,青山宾馆,,23,20,43,4,16,84,71,63,63,20,30,20,22,1.0,0.9
2022-10-23T17:00:00,1589A,109.8642,40.6288,包头市,惠龙物流,,27,16,37,5,13,91,85,79,79,11,20,12,13,0.9,0.9
2022-10-23T17:00:00,1590A,110.0377,40.5546,包头市,东河鸿龙湾,,29,10,44,6,12,100,92,77,77,6,34,8,12,0.3,0.5
2022-10-23T17:00:00,1591A,110.0023,39.8129,鄂尔多斯市,综合楼,,24,15,30,4,7,76,76,66,66,16,22,14,9,0.4,0.5
2022-10-23T17:00:00,1592A,109.9486,39.8261,鄂尔多斯市,巴音孟克林场办事处,,29,22,35,12,12,92,92,77,77,12,31,15,11,0.6,0.7
2022-10-23T17:00:00,1593A,109.7736,39.5986,鄂尔多斯市,康泽苑,,30,17,26,7,6,94,94,78,78,7,14,5,5,0.9,0.8
2022-10-23T17:00:00,1594A,109.8119,39.5989,鄂尔多斯市,华泰汽车城,,26,22,30,7,12,87,83,69,69,10,21,8,7,0.4,0.4
2022-10-23T17:00:00,1595A,109.9734,39.7884,鄂尔多斯市,奥林花园,,27,19,44,5,10,88,84,72,72,13,26,7,7,0.3,0.4
2022-10-23T17:00:00,1596A,122.2414,40.6592,营口市,学府南路,,,,,,,,,,,,,,,,
2022-10-23T17:00:00,1597A,122.2703,40.7094,营口市,大庆路,,28,28,39,12,17,84,74,74,74,12,32,4,8,0.4,0.8
2022-10-23T17:00:00,1598A,122.215,40.6511,营口市,镜湖西路,,26,26,37,4,13,75,67,66,66,11,32,4,7,0.6,0.9
2022-10-23T17:00:00,1599A,122.167,40.6655,营口市,西炮台,,23,16,28,8,15,78,73,70,70,12,28,8,12,0.3,0.6
2022-10-23T17:00:00,1600A,124.3303,40.0625,丹东市,江湾东路,,23,23,25,10,10,77,61,67,67,16,19,11,11,0.4,0.4
2022-10-23T17:00:00,1601A,124.4256,40.1503,丹东市,临江后街,,,,19,,10,73,,77,,,13,,8,,0.4
2022-10-23T17:00:00,1602A,124.3933,40.1461,丹东市,元宝山,,29,29,35,9,12,72,59,58,58,16,20,10,13,0.5,0.5
2022-10-23T17:00:00,1603A,124.3633,40.1092,丹东市,民主桥,,26,26,29,9,10,76,56,65,65,21,21,11,12,0.5,0.6
2022-10-23T17:00:00,1604A,122.0303,41.1489,盘锦市,开发区,,22,22,23,10,10,70,62,63,63,16,29,6,14,0.6,0.6
2022-10-23T17:00:00,1605A,122.0485,41.0883,盘锦市,兴隆台,,21,10,22,5,10,71,65,64,64,9,23,7,16,0.3,0.4
2022-10-23T17:00:00,1606A,121.8297,41.1028,盘锦市,新生街道,,20,5,24,5,12,69,63,62,62,14,30,8,49,0.5,0.6
2022-10-23T17:00:00,1607A,120.9092,40.7136,葫芦岛市,龙港区,,39,39,44,8,13,73,64,63,63,21,26,56,29,0.2,0.2
2022-10-23T17:00:00,1608A,120.8392,40.7514,葫芦岛市,化工街,,,21,47,,,75,70,67,67,10,34,,,0.4,0.7
2022-10-23T17:00:00,1609A,120.8341,40.7073,葫芦岛市,新区,,21,18,40,2,15,72,66,64,64,21,43,8,11,0.4,0.6
2022-10-23T17:00:00,1610A,120.8695,40.7677,葫芦岛市,东城区,,19,17,45,10,17,67,60,59,59,11,32,9,18,0.5,0.6
2022-10-23T17:00:00,1611A,118.5819,24.9117,泉州市,涂山街,,,56,36,,12,148,116,132,132,9,10,6,7,0.6,0.6
2022-10-23T17:00:00,1612A,118.5972,24.8978,泉州市,津头埔,颗粒物(PM10),51,51,35,17,19,144,111,129,129,9,8,6,7,0.5,0.4
2022-10-23T17:00:00,1613A,118.6663,24.9424,泉州市,万安,颗粒物(PM10),51,52,36,25,24,155,130,142,142,10,8,8,8,0.6,0.5
2022-10-23T17:00:00,1614A,118.6117,24.9604,泉州市,清源山(对照点),,,,,,,,,,,,,,,,
2022-10-23T17:00:00,1616A,117.6795,36.229,济南市,技术学院,颗粒物(PM10),62,73,138,20,42,171,104,92,92,26,42,7,10,0.8,1.2
2022-10-23T17:00:00,1618A,118.3429,35.0532,临沂市,沂河小区,颗粒物(PM10),58,66,89,17,42,155,110,94,94,4,23,8,9,0.5,0.6
2022-10-23T17:00:00,1619A,118.295,35.0583,临沂市,鲁南制药厂,颗粒物(PM10),60,70,88,17,26,195,120,105,105,27,28,8,9,0.4,0.5
2022-10-23T17:00:00,1620A,118.2794,34.9976,临沂市,新光毛纺厂,颗粒物(PM10),59,68,91,15,28,166,115,99,99,29,33,4,6,0.7,0.8
2022-10-23T17:00:00,1621A,118.3956,35.0888,临沂市,河东保险公司,,48,48,83,15,34,200,113,97,97,18,24,6,7,0.6,0.7
2022-10-23T17:00:00,1622A,116.3032,37.4674,德州市,儿童乐园,颗粒物(PM10),73,95,122,27,38,132,121,108,108,30,49,8,15,0.4,0.6
2022-10-23T17:00:00,1624A,116.2991,37.4451,德州市,监理站,颗粒物(PM10),67,84,126,25,45,137,130,111,111,20,41,16,17,0.5,0.7
2022-10-23T17:00:00,1625A,115.9848,36.4372,聊城市,区政府,颗粒物(PM10),75,100,124,33,47,132,127,88,88,15,46,12,14,0.5,0.7
2022-10-23T17:00:00,1628A,118.0062,37.3803,滨州市,市环保局,颗粒物(PM10),53,56,83,17,28,108,100,96,96,11,28,12,30,0.4,0.6
2022-10-23T17:00:00,1629A,118.0018,37.3617,滨州市,第二水厂,,43,43,74,12,26,108,99,94,94,19,40,8,18,0.3,0.6
2022-10-23T17:00:00,1630A,117.9776,37.393,滨州市,北中新校,颗粒物(PM10),51,51,60,18,23,106,97,96,96,20,33,11,15,0.3,0.5
2022-10-23T17:00:00,1631A,118.0414,36.8103,淄博市,人民公园,颗粒物(PM10),64,78,113,28,38,101,101,75,75,24,46,6,18,0.4,0.8
2022-10-23T17:00:00,1632A,118.0253,36.8406,淄博市,东风化工厂,,,,,,,,,,,,,,,,
2022-10-23T17:00:00,1633A,117.8525,36.4847,淄博市,双山,颗粒物(PM10),63,75,107,23,37,121,82,85,85,29,37,6,10,0.3,0.5
2022-10-23T17:00:00,1634A,117.9592,36.6331,淄博市,气象站,颗粒物(PM10),65,79,120,17,31,120,101,85,85,27,48,6,15,0.4,0.7
2022-10-23T17:00:00,1635A,118.3092,36.8194,淄博市,莆田园,颗粒物(PM10),58,66,96,22,36,141,97,100,100,28,44,7,15,0.5,1.7
2022-10-23T17:00:00,1636A,117.8661,36.805,淄博市,三金集团,,,,,,,,,,,,,,,,
2022-10-23T17:00:00,1637A,117.558,34.8438,枣庄市,市中区政府,颗粒物(PM10),78,105,121,17,43,172,103,101,101,27,32,10,11,0.5,0.6
2022-10-23T17:00:00,1638A,117.2852,34.7837,枣庄市,薛城环保局,颗粒物(PM10),69,88,122,22,48,152,105,117,95,24,36,13,14,0.7,0.8
2022-10-23T17:00:00,1639A,117.5852,34.7745,枣庄市,峄城区政府,颗粒物(PM10),67,83,115,17,39,185,112,101,101,23,25,10,12,0.8,0.9
2022-10-23T17:00:00,1640A,117.7276,34.5578,枣庄市,台儿庄区环保局,颗粒物(PM10),59,68,104,24,44,140,120,103,103,22,43,13,11,0.7,0.9
2022-10-23T17:00:00,1641A,117.4518,35.0992,枣庄市,山亭区环保局,颗粒物(PM10),53,56,119,17,49,203,119,136,112,22,29,13,15,0.6,0.9
2022-10-23T17:00:00,1642A,121.2514,37.5639,烟台市,开发区,颗粒物(PM10),51,51,29,7,6,88,78,72,72,19,16,11,9,0.4,0.3
2022-10-23T17:00:00,1643A,121.3719,37.5433,烟台市,轴承厂,颗粒物(PM10),56,61,30,28,13,96,88,83,83,17,16,10,9,0.3,0.2
2022-10-23T17:00:00,1644A,121.3181,37.5436,烟台市,西郊化工站,颗粒物(PM10),53,56,39,13,9,95,88,80,80,17,14,39,11,0.7,0.6
2022-10-23T17:00:00,1645A,121.4478,37.4822,烟台市,莱山环保局,颗粒物(PM10),56,61,27,12,6,97,92,81,81,15,12,10,8,0.3,0.2
2022-10-23T17:00:00,1646A,121.2611,37.4967,烟台市,福山环保局,颗粒物(PM10),51,51,38,9,8,82,77,67,67,21,25,9,11,0.3,0.3
2022-10-23T17:00:00,1648A,119.12,36.7019,潍坊市,仲裁委,,,,,,,,,,,,,,,,
2022-10-23T17:00:00,1650A,119.1437,36.7023,潍坊市,环保局,颗粒物(PM10),57,63,51,17,18,96,96,80,80,22,30,6,4,0.4,0.6
2022-10-23T17:00:00,1652A,119.1936,36.7729,潍坊市,寒亭监测站,,,,,,,,,,,,,,,,
2022-10-23T17:00:00,1653A,116.6251,35.4302,济宁市,火炬城,颗粒物(PM10),55,60,118,31,73,151,135,132,132,17,33,8,11,0.3,0.7
2022-10-23T17:00:00,1655A,116.5491,35.4042,济宁市,电化厂,颗粒物(PM10),56,62,145,29,82,156,127,133,133,16,32,11,15,0.4,0.8
2022-10-23T17:00:00,1656A,117.1437,36.1937,泰安市,监测站,颗粒物(PM10),63,75,112,24,38,146,108,94,94,19,22,13,11,0.5,0.7
2022-10-23T17:00:00,1657A,117.0885,36.2017,泰安市,人口学校,颗粒物(PM10),64,78,91,26,30,102,98,91,85,21,23,13,11,0.4,0.4
2022-10-23T17:00:00,1658A,117.1089,36.1758,泰安市,电力学校,,,75,110,27,33,133,105,90,90,,26,12,10,0.8,1
2022-10-23T17:00:00,1659A,119.471,35.4209,日照市,监测站,,46,46,66,9,27,147,86,75,75,30,32,13,9,0.9,0.7
2022-10-23T17:00:00,1660A,119.523,35.4216,日照市,市政府广场,颗粒物(PM10),51,51,65,11,24,172,76,78,78,34,24,11,7,0.5,0.5
2022-10-23T17:00:00,1661A,119.5587,35.4044,日照市,港务局,颗粒物(PM10),53,56,66,13,24,171,87,89,89,24,19,8,7,0.3,0.4
2022-10-23T17:00:00,1662A,122.1214,37.4236,威海市,华夏技校,,33,14,22,10,8,103,103,88,88,7,8,7,6,0.1,0.1
2022-10-23T17:00:00,1663A,122.0508,37.5236,威海市,山大分校,,34,24,20,5,4,107,107,89,89,8,9,3,3,0.2,0.2
2022-10-23T17:00:00,1664A,122.1067,37.5072,威海市,市监测站,,32,32,20,15,7,95,94,83,83,16,11,4,4,0.4,0.3
2022-10-23T17:00:00,1665A,118.5019,37.4658,东营市,西城阳光环保公司,,,,,,,,,,,,,,,,
2022-10-23T17:00:00,1666A,118.6614,37.4309,东营市,市环保局,,46,46,43,12,14,114,111,99,99,17,30,11,13,0.6,0.6
2022-10-23T17:00:00,1669A,113.5824,24.7733,韶关市,市八中,臭氧1小时,59,37,57,24,31,170,167,160,160,7,21,10,18,0.5,0.7
2022-10-23T17:00:00,1670A,113.5556,24.8082,韶关市,碧湖山庄,,,,,,,,,,,,,,,,
2022-10-23T17:00:00,1671A,113.5917,24.7972,韶关市,园林处,臭氧1小时,62,36,53,28,35,174,169,162,162,7,18,11,16,0.4,0.6
2022-10-23T17:00:00,1672A,113.6735,24.7791,韶关市,韶关学院,,50,47,57,22,30,170,157,160,160,22,34,10,11,0.5,0.6
2022-10-23T17:00:00,1673A,113.5971,24.6863,韶关市,曲江监测站,臭氧1小时,69,43,46,25,24,181,175,168,168,8,33,15,11,0.8,0.8
2022-10-23T17:00:00,1674A,116.6794,23.3667,汕头市,金平子站,颗粒物(PM10),56,62,32,29,20,173,159,140,140,21,19,9,9,0.6,0.5
2022-10-23T17:00:00,1675A,116.7244,23.3633,汕头市,龙湖子站,颗粒物(PM10),65,80,43,25,20,168,154,136,136,15,18,10,10,0.6,0.5
2022-10-23T17:00:00,1676A,116.7258,23.2775,汕头市,濠江子站,颗粒物(PM10),53,55,32,27,17,164,129,129,129,13,14,8,9,0.5,0.6
2022-10-23T17:00:00,1677A,116.7519,23.4714,汕头市,澄海子站,颗粒物(PM10),61,71,34,19,24,178,146,140,140,14,19,10,13,0.6,0.6
2022-10-23T17:00:00,1678A,116.6092,23.2539,汕头市,潮阳子站,颗粒物(PM10),59,68,35,28,20,156,137,129,129,19,16,8,9,0.4,0.5
2022-10-23T17:00:00,1679A,116.4069,23.2533,汕头市,潮南子站,,,,,,,,,,,,,,,,
2022-10-23T17:00:00,1680A,110.3539,21.2706,湛江市,湛江影剧院,臭氧1小时,87,75,77,40,54,189,189,167,167,22,26,18,21,0.7,0.8
2022-10-23T17:00:00,1681A,110.3928,21.2228,湛江市,市环境监测站,臭氧1小时,77,78,74,34,50,186,181,164,164,15,25,14,17,0.6,0.7
2022-10-23T17:00:00,1682A,110.4019,21.1997,湛江市,环保局宿舍,臭氧1小时,77,80,80,42,55,186,181,170,170,29,28,17,23,0.8,0.8
2022-10-23T17:00:00,1683A,110.4111,21.2028,湛江市,霞山游泳场,臭氧1小时,83,62,74,39,50,186,186,166,166,28,29,14,23,0.8,0.8
2022-10-23T17:00:00,1684A,110.3316,21.2679,湛江市,麻章区环保局,,,76,78,,51,181,179,167,167,28,27,19,23,0.7,0.7
2022-10-23T17:00:00,1685A,110.4558,21.2567,湛江市,坡头区环保局,,,,76,37,56,188,179,165,165,12,23,13,16,0.9,0.8
2022-10-23T17:00:00,1686A,111.0286,21.4688,茂名市,电白南海,臭氧1小时,78,70,78,41,42,197,182,170,170,21,23,10,15,0.5,0.6
2022-10-23T17:00:00,1687A,110.9294,21.6533,茂名市,茂石化七小,臭氧1小时,75,64,72,41,44,180,180,148,148,19,17,19,23,0.7,0.7
2022-10-23T17:00:00,1688A,110.9107,21.6687,茂名市,健康路,臭氧1小时,80,56,75,30,42,184,184,157,157,15,18,19,25,0.8,0.9
2022-10-23T17:00:00,1689A,110.8592,21.6828,茂名市,高岭,臭氧1小时,74,58,84,41,55,179,179,144,144,20,23,19,29,0.8,0.9
2022-10-23T17:00:00,1690A,116.1231,24.3284,梅州市,梅江月梅,臭氧1小时,68,37,39,19,28,174,174,148,148,9,25,13,12,0.4,0.4
2022-10-23T17:00:00,1691A,116.0797,24.2719,梅州市,梅县新城,,50,48,46,23,28,162,160,139,139,14,35,10,9,0.4,0.5
2022-10-23T17:00:00,1692A,116.1248,24.2654,梅州市,环境监控中心,,49,36,47,21,29,154,154,132,132,10,37,9,10,0.4,0.5
2022-10-23T17:00:00,1693A,115.3653,22.775,汕尾市,市环保局,,46,46,36,27,19,143,143,108,108,10,13,8,8,0.6,0.7
2022-10-23T17:00:00,1694A,115.3706,22.7898,汕尾市,市政府,,48,35,36,33,29,142,142,107,107,10,14,8,8,0.5,0.6
2022-10-23T17:00:00,1695A,115.3622,22.7925,汕尾市,新城中学,,46,46,39,26,21,143,143,110,110,11,12,9,9,0.5,0.5
2022-10-23T17:00:00,1696A,114.6778,23.7569,河源市,源西(对照点),,48,39,44,22,25,158,153,147,147,12,28,8,11,0.3,0.4
2022-10-23T17:00:00,1697A,114.6944,23.7586,河源市,东埔,臭氧1小时,55,44,41,24,25,171,164,159,159,10,12,8,12,0.6,0.6
2022-10-23T17:00:00,1698A,114.6892,23.7233,河源市,老城,臭氧1小时,54,55,47,26,25,168,163,157,157,7,13,7,9,0.7,0.7
2022-10-23T17:00:00,1699A,111.9797,21.8593,阳江市,鸳鸯湖(对照点),臭氧1小时,109,70,59,39,39,218,218,160,160,12,16,12,11,0.7,0.8
2022-10-23T17:00:00,1700A,111.9508,21.8536,阳江市,南恩路,,,,,,,,,,,,,,,,
2022-10-23T17:00:00,1701A,111.9491,21.8658,阳江市,马南垌,臭氧1小时,104,48,67,38,43,208,208,139,139,17,28,13,13,0.7,0.8
2022-10-23T17:00:00,1702A,113.0426,23.691,清远市,环保大楼(对照点),臭氧1小时,105,33,44,24,28,219,209,203,203,5,23,7,8,0.7,0.8
2022-10-23T17:00:00,1703A,113.0208,23.7106,清远市,凤城街办,臭氧1小时,52,40,51,24,29,170,161,160,160,11,32,4,4,0.7,0.9
2022-10-23T17:00:00,1705A,116.6367,23.6719,潮州市,西园路(对照点),臭氧1小时,68,73,46,25,33,176,174,129,129,17,15,13,9,0.7,0.7
2022-10-23T17:00:00,1706A,116.6447,23.6706,潮州市,档案局,臭氧1小时,64,60,43,33,36,176,171,128,128,14,13,15,12,0.7,0.7
2022-10-23T17:00:00,1708A,116.3701,23.5345,揭阳市,新兴,细颗粒物(PM2.5),62,72,60,44,39,168,166,133,133,12,19,12,14,0.6,0.8
2022-10-23T17:00:00,1709A,116.3264,23.5443,揭阳市,西马,颗粒物(PM10),94,137,68,36,40,156,152,119,119,12,21,9,11,0.7,1
2022-10-23T17:00:00,1710A,116.3611,23.5626,揭阳市,东兴,颗粒物(PM10),62,74,63,31,38,155,153,119,119,14,21,11,13,0.8,0.8
2022-10-23T17:00:00,1711A,116.4151,23.5294,揭阳市,渔湖,颗粒物(PM10),63,75,62,24,33,147,147,113,113,16,21,11,12,0.8,0.8
2022-10-23T17:00:00,1712A,112.0392,22.9169,云浮市,新市府(对照点),,,,,,,,,,,,,,,,
2022-10-23T17:00:00,1713A,112.0369,22.9394,云浮市,市监测站,,,,,,,,,,,,,,,,
2022-10-23T17:00:00,1714A,112.0539,22.9539,云浮市,牧羊,臭氧1小时,65,40,66,32,30,174,172,160,160,9,36,13,32,0.7,0.7
2022-10-23T17:00:00,1715A,102.575,24.3711,玉溪市,东风水库,,21,6,15,5,9,71,65,45,45,8,10,5,5,0.7,0.7
2022-10-23T17:00:00,1718A,115.4208,35.2464,菏泽市,气象局,颗粒物(PM10),99,148,165,59,70,199,192,167,167,29,41,12,12,0.6,0.7
2022-10-23T17:00:00,1719A,115.4747,35.2375,菏泽市,市政协,细颗粒物(PM2.5),98,135,156,73,82,205,188,167,167,30,39,6,7,0.5,0.6
2022-10-23T17:00:00,1720A,115.455,35.27,菏泽市,菏泽学院,,,,,,,,,,,,,,,,
2022-10-23T17:00:00,1721A,113.3819,40.1097,大同市,果树场(对照点),,,,,,,,,,,,,,,,
2022-10-23T17:00:00,1723A,113.2994,40.0758,大同市,云冈宾馆,,25,16,57,0,15,80,79,69,69,6,21,6,20,0.3,0.6
2022-10-23T17:00:00,1724A,113.3444,40.0917,大同市,大同大学,,27,8,46,0,12,85,85,74,74,4,15,6,18,0.3,0.7
2022-10-23T17:00:00,1725A,113.2661,40.1269,大同市,安家小村,,,,,,,,,,,,,,,,
2022-10-23T17:00:00,1726A,113.2711,40.0844,大同市,教育学院,,25,8,44,9,20,80,79,70,70,6,18,5,30,0.2,0.5
2022-10-23T17:00:00,1727A,113.1147,36.1547,长治市,清华站,,38,38,118,17,60,139,117,95,95,15,51,11,12,0.7,1.3
2022-10-23T17:00:00,1728A,113.1031,36.1989,长治市,监测站,,33,33,99,22,55,121,104,86,86,22,53,10,15,0.4,1.4
2022-10-23T17:00:00,1730A,113.0886,36.2125,长治市,审计局,,36,36,89,19,52,122,107,92,92,19,48,6,10,0.5,1.2
2022-10-23T17:00:00,1731A,113.0844,36.1856,长治市,长治八中,,40,40,113,22,47,120,109,88,88,13,48,12,14,0.2,0.8
2022-10-23T17:00:00,1733A,111.5531,36.0783,临汾市,临钢医院,,34,30,58,14,42,138,107,80,80,17,27,3,4,0.5,0.8
2022-10-23T17:00:00,1734A,111.5028,36.0714,临汾市,技工学校,,,,,23,41,132,98,81,81,20,27,8,10,0.4,0.7
2022-10-23T17:00:00,1735A,111.5169,36.0822,临汾市,工商学校,,,,,,,,,,,,,,,,
2022-10-23T17:00:00,1736A,111.5018,36.0855,临汾市,市委,,32,27,54,5,32,139,101,83,83,18,23,2,5,0.4,0.6
2022-10-23T17:00:00,1738A,113.5758,37.8572,阳泉市,市中心,,28,28,106,10,26,83,77,64,64,30,59,10,23,0.4,0.8
2022-10-23T17:00:00,1739A,113.4894,37.8731,阳泉市,赛鱼,,24,18,81,5,26,81,74,65,65,25,59,8,15,0.3,0.5
2022-10-23T17:00:00,1740A,113.5819,37.8486,阳泉市,南庄,,31,31,106,15,30,85,80,66,66,25,50,12,17,0.6,0.8
2022-10-23T17:00:00,1741A,113.6292,37.8531,阳泉市,白羊墅,,,,,,,,,,,,,,,,
2022-10-23T17:00:00,1742A,113.5614,37.8703,阳泉市,平坦,,39,39,112,9,31,88,81,66,66,28,62,8,20,0.5,0.9
2022-10-23T17:00:00,1743A,113.5158,37.8392,阳泉市,大阳泉,,29,12,63,13,25,90,90,80,80,17,35,8,14,0.4,0.5
2022-10-23T17:00:00,1744A,118.9233,42.2816,赤峰市,松山一中,,21,6,17,2,9,73,66,68,68,20,28,10,12,0.4,0.5
2022-10-23T17:00:00,1745A,118.9576,42.2728,赤峰市,哈达街,,23,12,17,2,5,77,72,72,72,12,24,12,12,0.5,0.5
2022-10-23T17:00:00,1746A,118.8788,42.2554,赤峰市,天义路,,22,13,17,2,5,75,68,69,69,15,20,10,13,0.4,0.4
2022-10-23T17:00:00,1748A,123.044,41.1196,鞍山市,深沟寺,,22,22,33,11,18,121,63,71,71,17,31,6,14,0.3,0.8
2022-10-23T17:00:00,1749A,123.011,41.0931,鞍山市,太阳城,,23,23,35,7,17,73,66,59,59,12,25,11,17,0.4,1
2022-10-23T17:00:00,1750A,123.0485,41.1442,鞍山市,太平,,32,32,46,9,20,127,53,66,66,27,36,10,19,0.2,0.8
2022-10-23T17:00:00,1751A,122.9642,41.0971,鞍山市,铁西三道街,,19,17,56,6,24,62,59,52,52,20,43,14,22,0.9,1.5
2022-10-23T17:00:00,1752A,122.9341,41.0833,鞍山市,铁西工业园区,,26,26,59,11,24,68,60,55,55,20,42,8,20,0.3,1.2
2022-10-23T17:00:00,1753A,123.022,41.0821,鞍山市,明达新区,,25,25,36,11,17,64,58,54,54,14,27,9,16,0.3,1
2022-10-23T17:00:00,1754A,123.1289,41.0228,鞍山市,千山(对照点),,,,,,,,,,,,,,,,
2022-10-23T17:00:00,1755A,123.7977,41.8491,抚顺市,望花区,,20,18,58,6,29,72,64,59,59,11,31,11,11,0.7,1.1
2022-10-23T17:00:00,1756A,123.9161,41.8822,抚顺市,顺城区,,24,24,50,8,27,66,56,54,54,17,33,8,13,0.7,0.9
2022-10-23T17:00:00,1757A,124.0436,41.8611,抚顺市,东洲区,,,26,45,6,20,69,61,53,53,,25,7,11,0.5,0.7
2022-10-23T17:00:00,1758A,123.9247,41.8642,抚顺市,新抚区,,25,25,49,4,24,72,63,58,58,7,25,6,7,0.1,0.4
2022-10-23T17:00:00,1759A,124.0972,41.8961,抚顺市,大伙房水库,,23,23,40,7,20,65,60,53,53,7,24,4,6,0.5,0.7
2022-10-23T17:00:00,1760A,123.7086,41.8391,抚顺市,沈抚新城,,30,30,52,7,23,70,64,58,58,5,24,6,12,0.2,0.5
2022-10-23T17:00:00,1761A,123.8275,41.3064,本溪市,大峪,,34,34,46,6,17,63,58,44,44,15,33,8,14,0.4,0.8
2022-10-23T17:00:00,1762A,123.7567,41.3325,本溪市,溪湖,,39,39,61,3,20,71,66,46,46,9,34,8,14,0.2,0.7
2022-10-23T17:00:00,1763A,123.7169,41.3094,本溪市,彩屯,颗粒物(PM10),54,58,71,17,27,66,46,47,47,32,36,10,14,0.6,1.4
2022-10-23T17:00:00,1764A,123.7669,41.2864,本溪市,东明,,29,29,56,12,22,67,62,48,48,17,40,8,17,0.4,1
2022-10-23T17:00:00,1765A,123.7992,41.2664,本溪市,新立屯,,35,35,35,4,16,71,64,48,48,14,37,6,14,0.5,0.9
2022-10-23T17:00:00,1766A,123.8142,41.3472,本溪市,威宁,,21,21,45,5,19,61,53,42,42,17,33,6,9,0.4,0.7
2022-10-23T17:00:00,1767A,121.1115,41.0879,锦州市,南山,,24,24,45,1,23,65,58,59,59,19,34,9,13,0.3,0.6
2022-10-23T17:00:00,1768A,121.0533,40.8434,锦州市,开发区,,30,30,79,10,26,71,67,66,66,10,38,8,27,0.4,0.7
2022-10-23T17:00:00,1769A,121.1836,41.1119,锦州市,百股街道,,,34,55,2,20,71,64,66,66,,33,13,18,1.0,1
2022-10-23T17:00:00,1770A,121.1178,41.1222,锦州市,天安街道,,33,33,58,11,27,70,65,65,65,17,32,9,13,0.2,0.6
2022-10-23T17:00:00,1771A,121.1303,41.1386,锦州市,北湖公园,颗粒物(PM10),94,137,60,18,24,70,67,65,65,8,25,12,19,0.6,1
2022-10-23T17:00:00,1772A,126.54,43.8622,吉林市,哈达湾,,19,19,27,7,18,60,51,48,48,21,26,8,8,0.5,0.6
2022-10-23T17:00:00,1773A,126.5844,43.8358,吉林市,东局子,,18,18,32,8,20,53,43,43,43,27,27,9,6,0.5,0.6
2022-10-23T17:00:00,1774A,126.5052,43.8245,吉林市,电力学院,,20,18,37,14,26,64,56,50,50,15,25,8,9,0.5,0.7
2022-10-23T17:00:00,1775A,126.6133,43.8972,吉林市,江北,,17,17,35,9,22,59,54,48,48,15,23,5,5,0.4,0.7
2022-10-23T17:00:00,1776A,126.555,43.8306,吉林市,江南公园,,17,17,28,10,21,59,52,48,48,18,24,6,6,0.3,0.4
2022-10-23T17:00:00,1778A,126.7061,43.7133,吉林市,丰满(对照点),,,,,,,,,,,,,,,,
2022-10-23T17:00:00,1779A,123.9305,47.3636,齐齐哈尔市,安居小区,,33,33,36,4,16,59,45,51,51,19,21,4,5,0.6,0.6
2022-10-23T17:00:00,1780A,123.9488,47.3386,齐齐哈尔市,中心广场,,17,17,21,2,6,59,46,52,52,21,17,6,6,0.4,0.3
2022-10-23T17:00:00,1781A,123.9483,47.3227,齐齐哈尔市,农牧车辆厂,,15,12,25,6,9,62,48,56,56,20,17,5,5,0.3,0.3
2022-10-23T17:00:00,1783A,123.945,47.2988,齐齐哈尔市,市环境监测站,,17,11,28,5,21,60,53,55,55,11,14,4,4,0.3,0.4
2022-10-23T17:00:00,1784A,129.61,44.561,牡丹江市,环保大楼,,26,26,36,11,19,47,42,40,40,21,26,5,4,0.4,0.4
2022-10-23T17:00:00,1785A,129.6115,44.5782,牡丹江市,文化广场,,32,30,46,22,22,45,33,36,36,28,27,6,5,0.5,0.5
2022-10-23T17:00:00,1786A,129.5904,44.5963,牡丹江市,第一医院,,21,21,38,14,21,47,44,40,40,16,23,7,9,0.6,0.7
2022-10-23T17:00:00,1787A,129.6364,44.6075,牡丹江市,机车工厂,,38,38,50,13,21,56,48,44,44,14,24,1,2,0.5,0.6
2022-10-23T17:00:00,1788A,129.6386,44.5462,牡丹江市,第一中学,,21,21,32,13,17,48,47,42,42,14,24,3,2,0.4,0.4
2022-10-23T17:00:00,1789A,124.81117,46.03138,大庆市,大同区,,18,8,20,1,9,66,56,57,57,8,10,3,3,0.3,0.4
2022-10-23T17:00:00,1790A,125.129,46.533,大庆市,龙凤区,,,22,25,12,12,61,48,54,54,14,19,2,4,,0.4
2022-10-23T17:00:00,1791A,124.902,46.408,大庆市,红岗区,,20,8,17,14,12,66,56,60,60,11,15,6,8,0.2,0.3
2022-10-23T17:00:00,1792A,125.153,46.586,大庆市,萨尔图区,,16,6,18,5,11,64,49,57,57,16,19,8,9,0.4,0.5
2022-10-23T17:00:00,1793A,124.9042,46.6215,大庆市,让胡路区,,17,15,19,5,13,64,52,57,57,11,15,2,3,0.2,0.3
2022-10-23T17:00:00,1794A,118.3606,31.3519,芜湖市,监测站,细颗粒物(PM2.5),87,90,67,64,50,154,142,123,123,30,46,9,12,0.9,1
2022-10-23T17:00:00,1795A,118.3714,31.4134,芜湖市,科创中心,细颗粒物(PM2.5),83,99,85,61,53,168,160,136,136,24,54,6,11,0.8,1
2022-10-23T17:00:00,1796A,118.3673,31.3131,芜湖市,四水厂,细颗粒物(PM2.5),87,102,67,64,43,155,152,132,132,24,36,9,10,0.8,0.9
2022-10-23T17:00:00,1797A,118.4022,31.3839,芜湖市,济民医院(对照点),,,,,,,,,,,,,,,,
2022-10-23T17:00:00,1798A,118.5092,31.6837,马鞍山市,湖东路四小,颗粒物(PM10),63,76,61,30,35,160,156,141,141,24,35,6,8,0.7,0.8
2022-10-23T17:00:00,1799A,118.5024,31.6449,马鞍山市,开发区,颗粒物(PM10),72,93,66,33,51,158,148,130,130,26,40,6,9,0.8,0.8
2022-10-23T17:00:00,1800A,118.5228,31.7231,马鞍山市,慈湖,颗粒物(PM10),63,75,83,31,50,162,139,152,152,35,51,7,9,0.8,0.9
2022-10-23T17:00:00,1801A,118.48,31.6928,马鞍山市,马钢动力厂,,,,,,,,,,,,,,,,
2022-10-23T17:00:00,1802A,118.6245,31.7241,马鞍山市,濮塘(对照点),颗粒物(PM10),68,86,70,37,40,165,140,137,137,14,19,5,4,0.6,0.7
2022-10-23T17:00:00,1803A,115.9872,29.6815,九江市,十里,臭氧1小时,90,75,74,42,43,203,192,171,171,24,27,11,10,0.9,0.8
2022-10-23T17:00:00,1804A,115.9584,29.7046,九江市,茅山头,臭氧1小时,74,68,71,45,45,191,179,163,163,16,20,10,11,0.9,0.9
2022-10-23T17:00:00,1805A,115.9877,29.7295,九江市,西园,臭氧1小时,80,76,73,40,46,195,184,167,167,24,30,13,12,0.7,0.7
2022-10-23T17:00:00,1806A,116.0172,29.6547,九江市,五七二七厂,臭氧1小时,63,66,69,35,44,181,170,159,159,60,25,9,9,0.6,0.6
2022-10-23T17:00:00,1808A,115.9114,29.6038,九江市,综合工业园,臭氧1小时,70,73,68,41,43,185,176,166,157,32,27,9,10,0.8,0.7
2022-10-23T17:00:00,1809A,116.0721,29.7535,九江市,石化总厂,臭氧1小时,90,84,83,43,42,197,192,170,170,17,32,10,11,0.8,0.8
2022-10-23T17:00:00,1810A,115.9773,29.5698,九江市,庐山气象台(对照点),细颗粒物(PM2.5),62,48,36,44,35,163,162,146,125,14,14,12,9,0.7,0.5
2022-10-23T17:00:00,1811A,112.3628,34.6692,洛阳市,中信二小,,,,,,,,,,,,,,,,
2022-10-23T17:00:00,1812A,112.3931,34.6516,洛阳市,市委党校,臭氧1小时,94,115,137,46,59,196,195,150,150,14,57,12,12,0.6,0.9
2022-10-23T17:00:00,1814A,112.4657,34.6871,洛阳市,豫西宾馆,,,,141,55,68,185,178,138,138,10,48,10,11,0.3,0.7
2022-10-23T17:00:00,1815A,112.494,34.6886,洛阳市,河南林校,臭氧1小时,78,97,123,50,62,183,182,136,136,14,41,10,10,0.4,0.6
2022-10-23T17:00:00,1816A,112.3844,34.623,洛阳市,开发区管委会,臭氧1小时,95,97,104,52,56,200,196,145,145,12,34,10,8,0.4,0.5
2022-10-23T17:00:00,1817A,112.4267,34.6258,洛阳市,市委新办公区,臭氧1小时,93,124,114,62,57,196,194,148,148,20,40,11,10,0.5,0.7
2022-10-23T17:00:00,1818A,114.4839,36.0621,安阳市,棉研所(对照点),,,,,,,,,,,,,,,,
2022-10-23T17:00:00,1819A,114.3551,36.1017,安阳市,红庙街,颗粒物(PM10),66,81,124,35,56,148,138,119,119,23,50,12,13,0.4,0.9
2022-10-23T17:00:00,1820A,114.361,36.0681,安阳市,银杏小区,细颗粒物(PM2.5),70,84,125,51,60,150,146,131,131,25,51,9,8,0.4,0.9
2022-10-23T17:00:00,1824A,114.3389,34.7781,开封市,肿瘤医院,细颗粒物(PM2.5),90,110,123,67,80,187,163,152,152,32,31,8,9,0.7,0.8
2022-10-23T17:00:00,1826A,114.2885,34.7965,开封市,世纪星幼儿园,细颗粒物(PM2.5),97,120,131,72,84,179,169,148,148,21,31,5,4,0.7,0.8
2022-10-23T17:00:00,1828A,113.227,35.2125,焦作市,市环保局,颗粒物(PM10),77,103,115,44,56,165,165,119,119,15,23,12,11,0.6,0.8
2022-10-23T17:00:00,1829A,113.2464,35.1764,焦作市,高新区政府（停运20220628）,,,,,,,,,,,,,,,,
2022-10-23T17:00:00,1830A,113.1992,35.2590,焦作市,影视城(对照点),,,,,,,,,,,,,,,,
2022-10-23T17:00:00,1832A,113.3257,33.742,平顶山市,新华旅馆,"颗粒物(PM10),细颗粒物(PM2.5)",87,124,152,64,85,170,166,139,139,17,25,10,12,0.6,0.8
2022-10-23T17:00:00,1833A,113.2919,33.737,平顶山市,规划设计院,颗粒物(PM10),94,137,158,53,76,192,177,147,147,29,52,9,9,0.2,0.7
2022-10-23T17:00:00,1834A,113.182,33.774,平顶山市,平顶山工学院,颗粒物(PM10),97,144,154,68,71,196,196,162,162,17,30,12,11,0.8,0.9
2022-10-23T17:00:00,1835A,111.1922,34.7752,三门峡市,市政府,颗粒物(PM10),53,56,95,33,54,140,129,108,108,17,55,9,10,0.5,0.7
2022-10-23T17:00:00,1836A,111.1587,34.7942,三门峡市,开发区,颗粒物(PM10),55,59,97,38,54,148,134,106,106,23,28,8,8,0.7,0.9
2022-10-23T17:00:00,1838A,111.143,34.7955,三门峡市,风景区(对照点),,,,,,,,,,,,,,,,
2022-10-23T17:00:00,1839A,111.3009,30.7157,宜昌市,四零三,,,,,,,,,,,,,,,,
2022-10-23T17:00:00,1840A,111.2992,30.6981,宜昌市,白龙岗,臭氧1小时,102,80,64,36,37,218,204,173,173,26,36,9,6,1.0,0.9
2022-10-23T17:00:00,1841A,111.3549,30.6465,宜昌市,伍家岗,臭氧1小时,101,75,73,36,41,205,201,165,165,15,54,9,7,0.5,0.7
2022-10-23T17:00:00,1842A,111.2628,30.6961,宜昌市,点军区,臭氧1小时,103,79,69,34,46,213,206,165,165,16,28,14,8,0.5,0.6
2022-10-23T17:00:00,1843A,111.3275,30.7819,宜昌市,夷陵区,臭氧1小时,93,69,76,36,49,222,194,172,172,30,40,17,11,0.6,0.7
2022-10-23T17:00:00,1844A,112.2494,30.3197,荆州市,市图书馆,臭氧1小时,110,76,87,53,64,221,220,197,197,17,39,7,10,0.7,0.9
2022-10-23T17:00:00,1845A,112.2008,30.3544,荆州市,市委党校,臭氧1小时,105,81,94,40,60,220,209,195,195,26,40,6,10,0.8,0.9
2022-10-23T17:00:00,1847A,113.1094,29.3578,岳阳市,南湖风景区,臭氧1小时,110,70,86,48,64,230,219,185,185,21,35,11,17,0.8,0.9
2022-10-23T17:00:00,1848A,113.1493,29.4251,岳阳市,城陵矶,臭氧1小时,101,84,103,43,59,204,201,162,162,30,63,11,10,0.7,0.8
2022-10-23T17:00:00,1849A,113.1497,29.3575,岳阳市,开发区,臭氧1小时,98,74,89,41,66,207,198,172,172,31,49,10,13,0.7,0.9
2022-10-23T17:00:00,1850A,113.2621,29.4758,岳阳市,云溪区,臭氧1小时,102,71,84,35,53,210,203,174,174,21,29,12,14,0.7,0.8
2022-10-23T17:00:00,1851A,112.9943,29.4402,岳阳市,君山区,臭氧1小时,108,68,95,46,69,216,216,182,182,21,28,11,12,0.8,0.8
2022-10-23T17:00:00,1852A,113.2117,29.355,岳阳市,金凤水库(对照点),臭氧1小时,105,61,75,37,50,215,209,186,186,14,22,8,9,0.8,0.9
2022-10-23T17:00:00,1854A,111.6975,28.9703,常德市,市二中,臭氧1小时,101,90,103,48,69,202,201,176,176,16,33,7,12,0.3,0.5
2022-10-23T17:00:00,1857A,111.7158,29.1456,常德市,白鹤山(对照点),臭氧1小时,92,69,66,39,47,203,193,187,187,10,11,5,7,0.4,0.5
2022-10-23T17:00:00,1858A,110.5319,29.1217,张家界市,永定新区,臭氧1小时,63,58,65,29,43,178,170,150,150,14,19,8,5,0.3,0.3
2022-10-23T17:00:00,1859A,110.4697,29.1242,张家界市,电业局,臭氧1小时,58,59,64,32,40,178,166,148,148,26,26,8,6,0.3,0.4
2022-10-23T17:00:00,1860A,110.5594,29.3547,张家界市,未央路,臭氧1小时,75,58,53,33,33,183,180,166,166,6,8,7,5,0.3,0.2
2022-10-23T17:00:00,1861A,110.4417,29.315,张家界市,袁家界(对照点),臭氧1小时,93,49,44,22,25,194,194,185,185,12,13,13,13,0.6,0.6
2022-10-23T17:00:00,1862A,110.4144,25.3167,桂林市,电子科大尧山校区(对照点),臭氧1小时,80,52,49,33,32,190,184,186,186,8,8,8,13,0.5,0.6
2022-10-23T17:00:00,1863A,110.2819,25.2697,桂林市,监测站,臭氧1小时,60,67,54,28,37,180,168,172,172,14,12,8,8,0.6,0.7
2022-10-23T17:00:00,1864A,110.3089,25.2708,桂林市,龙隐路小学,臭氧1小时,62,42,48,32,37,176,169,169,169,7,9,8,11,0.6,0.7
2022-10-23T17:00:00,1865A,110.2869,25.2178,桂林市,八中,臭氧1小时,62,49,49,31,37,177,169,170,170,13,15,7,9,0.4,0.5
2022-10-23T17:00:00,1866A,109.2262,21.588,北海市,牛尾岭水库(对照点),,,,,,,,,,,,,,,,
2022-10-23T17:00:00,1867A,109.1436,21.4086,北海市,海滩公园,臭氧1小时,103,94,80,66,58,207,205,166,166,21,18,11,10,1.3,1.2
2022-10-23T17:00:00,1868A,109.0981,21.4661,北海市,新市环保局,臭氧1小时,115,98,71,68,59,230,230,170,170,17,18,16,13,0.9,0.8
2022-10-23T17:00:00,1869A,109.1778,21.5233,北海市,北海工业园,臭氧1小时,116,90,84,56,57,231,231,154,154,14,26,18,11,0.8,0.8
2022-10-23T17:00:00,1870A,109.4856,24.3895,柳州市,柳东小学,臭氧1小时,68,41,50,34,39,175,174,163,163,8,8,10,12,0.6,0.7
2022-10-23T17:00:00,1871A,109.4157,24.3277,柳州市,环保监测站,臭氧1小时,63,48,66,16,27,172,170,161,161,12,23,12,18,0.5,0.6
2022-10-23T17:00:00,1872A,109.389,24.341,柳州市,河西水厂,细颗粒物(PM2.5),54,56,82,38,48,163,156,148,148,14,27,15,20,1.4,1.5
2022-10-23T17:00:00,1873A,109.4311,24.2921,柳州市,市四中,臭氧1小时,60,64,79,34,41,168,168,158,158,9,16,12,18,0.5,0.7
2022-10-23T17:00:00,1874A,109.4006,24.3631,柳州市,市九中,颗粒物(PM10),56,62,79,34,47,155,152,145,145,13,25,16,23,1.0,1.2
2022-10-23T17:00:00,1875A,109.4958,24.3134,柳州市,古亭山,臭氧1小时,68,44,50,27,35,174,174,162,162,8,13,13,13,0.6,0.7
2022-10-23T17:00:00,1876A,109.5078,18.2489,三亚市,河东子站,,46,32,40,18,22,145,145,116,116,7,13,4,4,0.3,0.5
2022-10-23T17:00:00,1877A,109.4964,18.2681,三亚市,河西子站,,41,28,37,18,25,129,129,109,109,4,12,3,3,0.4,0.4
2022-10-23T17:00:00,1878A,104.7778,31.4741,绵阳市,富乐山,,45,43,46,30,35,142,142,108,108,8,19,6,5,0.5,0.6
2022-10-23T17:00:00,1879A,104.7563,31.4535,绵阳市,市人大,,,48,67,28,41,131,131,88,88,18,54,,4,0.5,0.8
2022-10-23T17:00:00,1880A,104.6697,31.4668,绵阳市,高新区自来水公司,,46,38,87,32,47,140,120,77,77,11,49,6,7,0.5,0.7
2022-10-23T17:00:00,1881A,104.7287,31.5075,绵阳市,三水厂,,43,39,84,23,47,138,135,94,94,11,43,5,5,0.5,0.7
2022-10-23T17:00:00,1882A,104.563,28.793,宜宾市,石马中学(对照点),细颗粒物(PM2.5),80,77,106,59,74,151,69,53,53,49,48,14,10,1.1,1.2
2022-10-23T17:00:00,1883A,104.6201,28.7728,宜宾市,市委,细颗粒物(PM2.5),80,91,98,59,65,165,89,60,60,38,62,20,14,0.7,0.8
2022-10-23T17:00:00,1884A,104.6055,28.793,宜宾市,宜宾四中,颗粒物(PM10),90,129,109,65,73,137,78,60,60,47,64,18,11,0.8,0.9
2022-10-23T17:00:00,1885A,104.639,28.7562,宜宾市,市政府,细颗粒物(PM2.5),93,119,106,69,68,153,66,42,42,54,70,13,12,0.8,0.9
2022-10-23T17:00:00,1886A,104.5742,28.7199,宜宾市,黄金嘴,细颗粒物(PM2.5),73,78,96,53,67,143,86,82,82,45,48,12,11,0.9,0.9
2022-10-23T17:00:00,1888A,101.6891,26.571,攀枝花市,弄弄坪,,,36,70,,47,110,68,70,70,19,26,17,16,0.8,1.2
2022-10-23T17:00:00,1889A,101.5769,26.5928,攀枝花市,河门口,,46,46,51,31,29,124,95,84,84,17,19,42,17,1.1,1.3
2022-10-23T17:00:00,1890A,101.7169,26.585,攀枝花市,炳草岗,,38,37,56,26,56,104,67,67,67,20,41,19,19,1.0,1.3
2022-10-23T17:00:00,1891A,101.7369,26.5008,攀枝花市,仁和,,22,21,53,15,39,109,66,72,72,11,18,13,20,0.7,1.1
2022-10-23T17:00:00,1893A,105.4324,28.9634,泸州市,九狮山(对照点),细颗粒物(PM2.5),125,93,111,95,100,99,70,45,45,35,41,15,12,0.4,0.5
2022-10-23T17:00:00,1894A,105.4427,28.9063,泸州市,小市上码头,细颗粒物(PM2.5),155,137,165,118,141,170,109,70,70,54,55,29,22,1.0,1.1
2022-10-23T17:00:00,1895A,105.4241,28.8573,泸州市,兰田宪桥,细颗粒物(PM2.5),144,149,158,110,118,142,85,43,43,59,55,21,15,1.1,1.1
2022-10-23T17:00:00,1896A,105.4379,28.8833,泸州市,市环监站,细颗粒物(PM2.5),132,119,164,100,138,145,79,43,43,60,58,27,26,0.5,0.9
2022-10-23T17:00:00,1897A,104.7547,29.3628,自贡市,大塘山(对照点),,,,,,,,,,,,,,,,
2022-10-23T17:00:00,1900A,104.7692,29.3411,自贡市,春华路,,,,,,,,,,,,,,,,
2022-10-23T17:00:00,1901A,104.4239,31.1208,德阳市,东山公园,"颗粒物(PM10),臭氧1小时",62,73,81,29,42,169,169,124,124,10,28,8,9,0.6,0.7
2022-10-23T17:00:00,1902A,104.3826,31.1317,德阳市,西小区,颗粒物(PM10),53,56,88,25,49,164,156,116,116,15,54,7,10,0.6,0.9
2022-10-23T17:00:00,1903A,104.4053,31.1167,德阳市,市检察院,,,,,,,,,,,,,,,,
2022-10-23T17:00:00,1904A,104.3553,31.1091,德阳市,耐火材料厂,颗粒物(PM10),60,70,99,33,59,164,156,120,120,17,48,8,17,0.5,0.7
2022-10-23T17:00:00,1905A,106.056,30.8064,南充市,西山风景区(对照点),,,,,,,,,,,,,,,,
2022-10-23T17:00:00,1906A,106.0789,30.8023,南充市,南充市委,细颗粒物(PM2.5),110,114,87,83,54,151,77,54,50,28,34,17,8,0.7,0.7
2022-10-23T17:00:00,1907A,106.1031,30.8217,南充市,南充炼油厂,细颗粒物(PM2.5),99,108,95,74,58,156,95,57,57,17,35,23,19,0.7,0.7
2022-10-23T17:00:00,1908A,106.1064,30.7856,南充市,高坪区监测站,细颗粒物(PM2.5),119,111,102,90,68,136,83,48,48,9,41,22,14,0.6,0.7
2022-10-23T17:00:00,1909A,106.0642,30.7636,南充市,嘉陵区环保局,细颗粒物(PM2.5),144,112,87,110,72,124,102,65,65,24,50,27,17,0.7,0.7
2022-10-23T17:00:00,1910A,106.1087,30.8388,南充市,市环境监测站,细颗粒物(PM2.5),108,101,88,81,64,143,77,60,48,25,30,13,13,0.6,0.6
2022-10-23T17:00:00,1911A,106.9222,27.6869,遵义市,丁字口,,43,41,52,24,42,148,136,126,126,9,25,7,9,0.7,0.9
2022-10-23T17:00:00,1912A,106.9242,27.7019,遵义市,凤凰山,,49,33,54,25,32,161,154,138,138,9,18,5,6,0.4,0.6
2022-10-23T17:00:00,1913A,106.8906,27.6486,遵义市,忠庄,,45,29,65,20,37,157,141,133,133,13,25,2,2,0.4,0.6
2022-10-23T17:00:00,1914A,106.9231,27.6506,遵义市,舟水桥,,44,30,68,21,43,145,138,128,128,10,25,3,4,0.1,0.4
2022-10-23T17:00:00,1915A,106.9178,27.72,遵义市,干田坝,,47,41,55,24,38,156,150,126,126,9,24,6,7,0.6,0.8
2022-10-23T17:00:00,1916A,103.7897,25.5035,曲靖市,环境监测站,,30,30,33,16,20,77,56,62,62,12,15,4,7,0.5,0.4
2022-10-23T17:00:00,1917A,103.8,25.5364,曲靖市,烟厂办公区,,19,16,29,2,18,81,59,63,63,8,13,5,8,0.4,0.7
2022-10-23T17:00:00,1918A,108.7197,34.3956,咸阳市,气象站(对照点),颗粒物(PM10),76,101,148,47,76,93,62,55,55,54,87,15,12,0.8,1
2022-10-23T17:00:00,1919A,108.673,34.3155,咸阳市,实验中学,颗粒物(PM10),76,101,191,48,79,152,101,74,74,42,75,13,8,0.7,1.1
2022-10-23T17:00:00,1920A,108.7233,34.3617,咸阳市,师范学院,细颗粒物(PM2.5),64,33,168,46,79,147,93,69,69,39,77,14,10,0.7,1
2022-10-23T17:00:00,1922A,109.0656,35.0994,铜川市,党校(对照点),颗粒物(PM10),97,143,99,59,46,111,68,85,85,71,60,21,16,0.8,0.5
2022-10-23T17:00:00,1923A,109.0697,35.0697,铜川市,王益区政府,颗粒物(PM10),87,124,95,55,42,131,90,95,95,64,49,21,17,0.8,0.7
2022-10-23T17:00:00,1924A,108.9344,34.9058,铜川市,新区管委会,细颗粒物(PM2.5),75,98,98,55,45,142,117,108,108,33,37,17,17,0.7,0.7
2022-10-23T17:00:00,1925A,108.9589,34.8731,铜川市,新区兰芝公司,,,,,,,,,,,,,,,,
2022-10-23T17:00:00,1926A,109.4131,36.6275,延安市,枣园(对照点),,45,45,52,14,16,126,121,84,84,18,33,8,5,0.3,0.3
2022-10-23T17:00:00,1927A,109.4761,36.6028,延安市,延大医附院,颗粒物(PM10),51,52,56,16,20,106,106,75,75,26,40,8,6,0.5,0.6
2022-10-23T17:00:00,1928A,109.4824,36.5767,延安市,市监测站,,,,,,,,,,,,,,,,
2022-10-23T17:00:00,1929A,109.5056,36.6106,延安市,百米大道,,48,48,68,16,24,109,97,77,77,36,49,11,9,0.5,0.7
2022-10-23T17:00:00,1930A,107.185,34.3063,宝鸡市,庙沟村(对照点),颗粒物(PM10),85,119,70,60,37,131,128,98,98,30,30,8,6,0.7,0.5
2022-10-23T17:00:00,1931A,107.0708,34.3017,宝鸡市,竹园沟,细颗粒物(PM2.5),108,117,66,81,49,150,147,116,116,37,32,10,6,0.8,0.6
2022-10-23T17:00:00,1932A,107.1906,34.3672,宝鸡市,三陆医院,细颗粒物(PM2.5),123,124,100,93,64,140,135,95,95,29,42,10,8,0.8,0.8
2022-10-23T17:00:00,1933A,107.1431,34.3547,宝鸡市,监测站,细颗粒物(PM2.5),110,130,80,83,50,142,137,98,98,41,45,11,8,0.8,0.6
2022-10-23T17:00:00,1934A,107.1186,34.3739,宝鸡市,技工学校,细颗粒物(PM2.5),113,113,91,85,56,145,136,101,101,43,38,9,9,0.8,0.7
2022-10-23T17:00:00,1935A,107.3906,34.3528,宝鸡市,陈仓区环保局家属楼,细颗粒物(PM2.5),137,188,128,104,63,120,120,83,83,56,65,10,11,0.9,0.9
2022-10-23T17:00:00,1936A,107.2058,34.3497,宝鸡市,文理学院,细颗粒物(PM2.5),147,119,90,112,56,139,137,102,102,42,46,12,9,0.7,0.6
2022-10-23T17:00:00,1937A,107.2386,34.3622,宝鸡市,三迪小学,细颗粒物(PM2.5),162,153,105,123,63,132,121,96,96,61,58,12,9,0.8,0.7
2022-10-23T17:00:00,1938A,109.5293,34.5101,渭南市,农科所(对照点),颗粒物(PM10),84,117,114,56,63,122,107,85,85,34,45,23,13,1.1,0.8
2022-10-23T17:00:00,1939A,109.4974,34.4877,渭南市,日报社,颗粒物(PM10),95,139,130,66,75,115,115,84,84,42,65,24,18,1.0,0.7
2022-10-23T17:00:00,1940A,109.4636,34.493,渭南市,体育馆,颗粒物(PM10),87,124,122,52,75,130,121,95,95,35,61,23,15,1.0,0.7
2022-10-23T17:00:00,1941A,109.4259,34.5023,渭南市,高新一小,颗粒物(PM10),92,134,131,60,72,129,98,82,82,34,58,24,18,1.1,0.8
2022-10-23T17:00:00,1943A,102.1725,38.5339,金昌市,新川苑,颗粒物(PM10),85,120,113,31,41,139,139,109,109,17,38,11,40,0.7,0.9
2022-10-23T17:00:00,1944A,102.1692,38.5167,金昌市,天庆家园,颗粒物(PM10),79,107,103,32,34,137,137,108,108,18,44,15,45,0.6,1.1
2022-10-23T17:00:00,1945A,98.2908,39.7711,嘉峪关市,气象局,颗粒物(PM10),63,75,62,27,23,125,125,90,90,9,28,5,5,0.2,0.3
2022-10-23T17:00:00,1947A,106.3394,38.817,石嘴山市,沙湖旅游区(对照点),细颗粒物(PM2.5),65,54,125,47,54,130,130,87,87,16,50,17,20,0.7,1.2
2022-10-23T17:00:00,1948A,106.3668,39.0145,石嘴山市,大武口朝阳西街,颗粒物(PM10),58,66,68,38,32,126,126,79,79,22,45,17,33,0.7,1
2022-10-23T17:00:00,1949A,106.7704,39.2282,石嘴山市,惠农南大街,,41,41,56,16,19,102,102,75,75,13,43,9,20,0.3,0.6
2022-10-23T17:00:00,1950A,106.7099,39.1325,石嘴山市,红果子镇惠新街,细颗粒物(PM2.5),79,53,66,58,30,112,112,74,74,11,37,10,22,0.4,0.6
2022-10-23T17:00:00,1951A,84.895,45.6094,克拉玛依市,长征新村,,28,16,15,4,6,90,89,78,78,4,7,6,5,0.2,0.2
2022-10-23T17:00:00,1952A,84.8988,45.5893,克拉玛依市,南林小区,,30,22,18,12,10,95,93,82,82,5,8,1,1,0.4,0.3
2022-10-23T17:00:00,1953A,85.1186,45.6886,克拉玛依市,白碱滩区,,,,,,,,,,,,,,,,
2022-10-23T17:00:00,1954A,84.905,44.3396,克拉玛依市,独山子区,颗粒物(PM10),55,60,53,21,22,107,106,84,84,12,21,10,9,0.4,0.5
2022-10-23T17:00:00,1955A,85.6979,46.098,克拉玛依市,乌尔禾区商贸楼,,39,39,20,1,6,94,93,61,61,3,10,5,4,0.2,0.2
2022-10-23T17:00:00,1956A,86.1472,41.7538,巴音郭楞州,孔雀公园,颗粒物(PM10),243,380,443,84,113,87,87,62,62,2,25,5,4,0.2,0.3
2022-10-23T17:00:00,1957A,86.1972,41.7166,巴音郭楞州,棉纺厂,颗粒物(PM10),357,465,552,105,132,92,92,71,71,2,13,5,5,0.2,0.2
2022-10-23T17:00:00,1958A,86.2357,41.7173,巴音郭楞州,经济开发区,颗粒物(PM10),310,428,491,85,117,90,90,70,70,3,13,7,7,0.2,0.3
2022-10-23T17:00:00,1959A,118.746,36.881,寿光市,监测站,,,,,,,,,,,,,,,,
2022-10-23T17:00:00,1960A,118.780,36.864,寿光市,世纪学校,,,,,,,,,,,,,,,,
2022-10-23T17:00:00,1961A,117.532,36.6868,济南市,东山小学,颗粒物(PM10),59,68,116,10,23,98,69,74,74,34,46,5,8,0.2,0.3
2022-10-23T17:00:00,1962A,117.541,36.710,章丘市,明水开发区,,,,,,,,,,,,,,,,
2022-10-23T17:00:00,1963A,120.610,36.440,即墨市,环保局子站,,,,,,,,,,,,,,,,
2022-10-23T17:00:00,1964A,120.470,36.390,即墨市,开发区子站,,,,,,,,,,,,,,,,
2022-10-23T17:00:00,1965A,120.005,35.878,胶南市,JN子站,,,,,,,,,,,,,,,,
2022-10-23T17:00:00,1966A,120.0405,35.8735,青岛市,黄岛区4号,,35,29,67,7,25,181,110,94,94,15,32,6,7,0.4,0.5
2022-10-23T17:00:00,1967A,120.008,36.283,胶州市,胶州环保局,,,,,,,,,,,,,,,,
2022-10-23T17:00:00,1968A,120.014,36.253,胶州市,胶州一中,,,,,,,,,,,,,,,,
2022-10-23T17:00:00,1969A,120.537,36.865,莱西市,环保局子站,,,,,,,,,,,,,,,,
2022-10-23T17:00:00,1970A,120.515,36.885,莱西市,人民广场子站,,,,,,,,,,,,,,,,
2022-10-23T17:00:00,1971A,119.952,36.792,平度市,1号,,,,,,,,,,,,,,,,
2022-10-23T17:00:00,1972A,119.976,36.799,平度市,2号,,,,,,,,,,,,,,,,
2022-10-23T17:00:00,1973A,120.747,37.825,蓬莱市,蓬莱环保局,,,,,,,,,,,,,,,,
2022-10-23T17:00:00,1974A,120.773,37.809,蓬莱市,蓬莱博物馆,,,,,,,,,,,,,,,,
2022-10-23T17:00:00,1975A,120.399,37.374,招远市,招远环保局,,,,,,,,,,,,,,,,
2022-10-23T17:00:00,1976A,120.394,37.364,招远市,招远教育局,,,,,,,,,,,,,,,,
2022-10-23T17:00:00,1977A,119.941,37.177,莱州市,莱州环保局,,,,,,,,,,,,,,,,
2022-10-23T17:00:00,1978A,119.959,37.180,莱州市,莱州外经委,,,,,,,,,,,,,,,,
2022-10-23T17:00:00,1979A,122.471,37.154,荣成市,荣成市环保局办公楼,,,,,,,,,,,,,,,,
2022-10-23T17:00:00,1980A,122.410,37.161,荣成市,山东成山轮胎公司,,,,,,,,,,,,,,,,
2022-10-23T17:00:00,1981A,122.038,37.197,文登市,文登市环保局,,,,,,,,,,,,,,,,
2022-10-23T17:00:00,1982A,122.0693,37.2174,威海市,文登开发区,,39,39,33,12,10,95,92,83,83,19,22,5,5,0.3,0.3
2022-10-23T17:00:00,1983A,121.531,36.913,乳山市,乳山市环保局,,,,,,,,,,,,,,,,
2022-10-23T17:00:00,1984A,121.544,36.907,乳山市,乳山市气象局,,,,,,,,,,,,,,,,
2022-10-23T17:00:00,1985A,120.636,31.155,吴江市,吴江市环保局,,,,,,,,,,,,,,,,
2022-10-23T17:00:00,1986A,120.635,31.170,吴江市,教师进修学校,,,,,,,,,,,,,,,,
2022-10-23T17:00:00,1987A,120.658,31.172,吴江市,吴江开发区,,,,,,,,,,,,,,,,
2022-10-23T17:00:00,1988A,120.953,31.388,昆山市,昆山实验小学,,,,,,,,,,,,,,,,
2022-10-23T17:00:00,1989A,120.999,31.381,昆山市,震川中学,,,,,,,,,,,,,,,,
2022-10-23T17:00:00,1990A,120.758,31.670,常熟市,海虞子站,,,,,,,,,,,,,,,,
2022-10-23T17:00:00,1991A,120.721,31.671,常熟市,兴福子站,,,,,,,,,,,,,,,,
2022-10-23T17:00:00,1992A,120.734,31.656,常熟市,菱塘子站,,,,,,,,,,,,,,,,
2022-10-23T17:00:00,1993A,120.526,31.874,张家港市,张家港市监测站,,,,,,,,,,,,,,,,
2022-10-23T17:00:00,1994A,120.550,31.882,张家港市,城北小学,,,,,,,,,,,,,,,,
2022-10-23T17:00:00,1995A,121.115,31.453,太仓市,太仓市监测站,,,,,,,,,,,,,,,,
2022-10-23T17:00:00,1996A,121.140,31.422,太仓市,科教新城实小,,,,,,,,,,,,,,,,
2022-10-23T17:00:00,1997A,119.146,31.955,句容市,消防指挥中心,,,,,,,,,,,,,,,,
2022-10-23T17:00:00,1998A,119.180,31.955,句容市,房家坝,,,,,,,,,,,,,,,,
2022-10-23T17:00:00,1999A,120.268,31.920,江阴市,虹桥邮政,,,,,,,,,,,,,,,,
2022-10-23T17:00:00,2000A,120.237,31.909,江阴市,五星公园,,,,,,,,,,,,,,,,
2022-10-23T17:00:00,2001A,120.302,31.920,江阴市,第二实验小学,,,,,,,,,,,,,,,,
2022-10-23T17:00:00,2002A,119.818,31.354,宜兴市,宜兴市环保局,,,,,,,,,,,,,,,,
2022-10-23T17:00:00,2003A,119.794,31.371,宜兴市,宜园,,,,,,,,,,,,,,,,
2022-10-23T17:00:00,2004A,119.579,31.751,金坛市,金坛市环境监测站,,,,,,,,,,,,,,,,
2022-10-23T17:00:00,2005A,119.579,31.737,金坛市,金坛市自来水公司,,,,,,,,,,,,,,,,
2022-10-23T17:00:00,2006A,119.460,31.400,溧阳市,溧阳市东门子站,,,,,,,,,,,,,,,,
2022-10-23T17:00:00,2007A,119.438,31.317,溧阳市,燕山子站,,,,,,,,,,,,,,,,
2022-10-23T17:00:00,2008A,121.173,31.896,海门市,海门市监测站,,,,,,,,,,,,,,,,
2022-10-23T17:00:00,2009A,121.1518,31.89708,海门市,社会福利院,,,,,,,,,,,,,,,,
2022-10-23T17:00:00,2010A,119.7183,30.2366,临安市,市政府,,,,,,,,,,,,,,,,
2022-10-23T17:00:00,2011A,119.6942,30.2311,临安市,四中,,,,,,,,,,,,,,,,
2022-10-23T17:00:00,2012A,119.954,30.054,富阳市,监测站,,,,,,,,,,,,,,,,
2022-10-23T17:00:00,2013A,119.946,30.049,富阳市,富春二小,,,,,,,,,,,,,,,,
2022-10-23T17:00:00,2014A,120.091,29.305,义乌市,江东,,,,,,,,,,,,,,,,
2022-10-23T17:00:00,2015A,120.040,29.334,义乌市,北苑,,,,,,,,,,,,,,,,
2022-10-23T17:00:00,2016A,120.251,29.719,诸暨市,图书馆,,,,,,,,,,,,,,,,
2022-10-23T17:00:00,2017A,120.209,29.732,诸暨市,富林印务,,,,,,,,,,,,,,,,
2022-10-23T17:00:00,2018A,121.989,39.625,瓦房店市,抱龙山庄,,,,,,,,,,,,,,,,
2022-10-23T17:00:00,2019A,122.011,39.617,瓦房店市,东山公园,,,,,,,,,,,,,,,,
2022-10-23T17:00:00,2031A,113.1817,27.9958,株洲市,云田中学,臭氧1小时,106,78,78,43,44,211,211,177,177,24,26,9,11,0.6,0.6
2022-10-23T17:00:00,2054A,114.1099,32.1059,信阳市,平桥分局,细颗粒物(PM2.5),110,144,126,83,75,219,215,171,171,22,39,14,10,0.9,1
2022-10-23T17:00:00,2064A,113.9956,32.1271,信阳市,南湾水厂,臭氧1小时,105,119,129,75,93,220,210,182,182,24,24,12,12,0.8,0.9
2022-10-23T17:00:00,2065A,114.0775,32.1195,信阳市,市酿酒公司,臭氧1小时,107,129,115,70,77,220,214,175,175,22,55,14,11,0.9,1.1
2022-10-23T17:00:00,2066A,114.0609,32.1399,信阳市,审计局,细颗粒物(PM2.5),119,146,133,90,99,222,217,178,178,22,61,12,10,0.7,1
2022-10-23T17:00:00,2067A,114.6613,33.6128,周口市,市环境监测站,,,,159,,105,121,,118,,,28,,13,,1.0
2022-10-23T17:00:00,2068A,114.6758,33.6347,周口市,周口师范,臭氧1小时,90,116,159,60,108,203,192,162,162,20,37,8,11,0.7,0.9
2022-10-23T17:00:00,2069A,114.6546,33.5979,周口市,市运管处,臭氧1小时,88,109,154,56,87,200,190,160,160,24,26,7,9,0.8,1
2022-10-23T17:00:00,2070A,114.6369,33.6406,周口市,川汇区环保局,臭氧1小时,90,121,170,58,105,201,192,158,158,23,40,7,10,0.6,1.2
2022-10-23T17:00:00,2075A,117.6336,24.4674,漳州市,九湖(对照点),,,,,,,,,,,,,,,,
2022-10-23T17:00:00,2160A,112.85,35.5051,晋城市,自来水公司,颗粒物(PM10),80,109,112,39,60,196,177,131,131,23,41,19,11,0.9,1.2
2022-10-23T17:00:00,2161A,112.8318,35.4936,晋城市,白云商贸,颗粒物(PM10),84,117,109,34,50,180,160,123,123,21,31,17,9,0.6,1
2022-10-23T17:00:00,2162A,112.8508,35.4887,晋城市,市环保局,细颗粒物(PM2.5),64,0,98,46,58,188,167,125,125,23,50,19,11,0.7,1
2022-10-23T17:00:00,2163A,112.8676,35.4897,晋城市,技术学院,颗粒物(PM10),81,111,106,53,66,183,160,121,121,22,42,17,10,0.6,0.9
2022-10-23T17:00:00,2164A,112.8271,35.4828,晋城市,泽州一中,,,,,,,,,,,,,,,,
2022-10-23T17:00:00,2165A,112.8453,35.546,晋城市,白马寺 (对照点),,,,,,,,,,,,,,,,
2022-10-23T17:00:00,2166A,112.4397,39.3522,朔州市,平朔,,27,22,92,8,24,87,84,62,62,5,37,4,13,0.2,0.4
2022-10-23T17:00:00,2167A,112.4575,39.3617,朔州市,朔唯,,28,22,116,5,27,94,88,69,69,8,41,4,17,0.3,0.5
2022-10-23T17:00:00,2168A,112.4258,39.3197,朔州市,区政府,,28,26,76,6,25,91,88,67,67,5,26,4,7,0.4,0.6
2022-10-23T17:00:00,2169A,112.4072,39.3278,朔州市,市环保局,,28,27,80,6,24,88,88,69,69,8,29,3,9,0.4,0.6
2022-10-23T17:00:00,2170A,112.4272,39.3681,朔州市,市二中,,28,22,99,5,24,93,88,72,72,8,37,4,14,0.4,0.4
2022-10-23T17:00:00,2171A,112.7532,37.6945,晋中市,锦纶小区,,44,44,93,16,33,92,89,66,66,21,44,8,9,0.2,0.4
2022-10-23T17:00:00,2173A,112.7249,37.7067,晋中市,南都小区,,30,28,68,18,36,93,93,66,66,21,54,7,8,0.3,0.5
2022-10-23T17:00:00,2174A,112.6991,37.6982,晋中市,榆次区政府,,47,47,108,16,41,92,92,65,65,25,52,10,11,0.4,0.6
2022-10-23T17:00:00,2175A,110.9956,35.0147,运城市,运城中学,颗粒物(PM10),72,94,104,45,62,159,159,120,120,10,16,18,15,1.1,1.1
2022-10-23T17:00:00,2176A,111.0233,35.0611,运城市,禹都开发区,,,,,,,,,,,,,,,,
2022-10-23T17:00:00,2178A,110.9686,35.0303,运城市,地区技校,颗粒物(PM10),73,96,112,48,57,168,166,134,134,12,22,17,16,1.2,1.1
2022-10-23T17:00:00,2179A,111.0414,35.1147,运城市,空港新区,颗粒物(PM10),71,91,146,46,92,177,167,136,136,14,34,18,24,1.4,2.3
2022-10-23T17:00:00,2181A,112.7383,38.4519,忻州市,开发区,,38,38,66,15,17,85,80,65,65,17,41,11,11,0.3,0.4
2022-10-23T17:00:00,2182A,112.7003,38.4928,忻州市,会展中心,,40,40,81,12,23,77,75,59,59,22,45,12,12,0.3,0.4
2022-10-23T17:00:00,2183A,111.1406,37.5211,吕梁市,环保局,颗粒物(PM10),51,51,100,24,18,66,66,45,45,24,46,4,6,0.2,0.3
2022-10-23T17:00:00,2185A,111.1297,37.5136,吕梁市,自来水公司,颗粒物(PM10),51,52,118,12,20,61,61,42,42,24,41,4,7,0.3,0.4
2022-10-23T17:00:00,2186A,106.8288,39.6778,乌海市,聚英学校,,,,,,,,,,,,,,,,
2022-10-23T17:00:00,2187A,106.8174,39.6973,乌海市,市林业局,,35,23,34,14,21,110,109,77,77,10,32,15,29,0.5,0.8
2022-10-23T17:00:00,2188A,106.7907,39.6667,乌海市,中海勃湾学校,,35,20,58,12,32,111,111,84,84,15,44,20,40,0.4,1.1
2022-10-23T17:00:00,2191A,122.2532,43.6801,通辽市,艺术职业学校,,33,33,33,7,8,70,58,64,64,25,21,5,6,0.3,0.2
2022-10-23T17:00:00,2192A,119.7594,49.2261,呼伦贝尔市,区环保局,,18,15,28,8,19,68,57,61,61,13,19,5,5,0.2,0.4
2022-10-23T17:00:00,2194A,107.5936,40.916,巴彦淖尔市,秋林养殖基地(对照点),,,,,,,,,,,,,,,,
2022-10-23T17:00:00,2195A,107.4212,40.761,巴彦淖尔市,附二中,颗粒物(PM10),58,66,66,16,23,95,91,73,73,13,27,5,7,0.4,0.5
2022-10-23T17:00:00,2196A,107.37,40.7372,巴彦淖尔市,市环保大楼,颗粒物(PM10),53,56,58,15,26,105,104,84,84,8,25,5,4,0.4,0.5
2022-10-23T17:00:00,2197A,113.1306,40.9923,乌兰察布市,集宁新区,,25,16,32,6,15,81,77,73,73,6,13,9,8,0.5,0.5
2022-10-23T17:00:00,2200A,122.0392,46.0656,兴安盟,胜华新制药厂,,25,25,24,17,21,71,63,66,66,14,13,2,3,0.2,0.2
2022-10-23T17:00:00,2201A,121.9504,46.0741,兴安盟,科右前旗环保局,,18,18,23,11,15,72,55,66,66,24,13,6,3,0.1,0.2
2022-10-23T17:00:00,2202A,116.1042,43.9317,锡林郭勒盟,市环保监测站,,23,18,12,2,5,72,71,63,63,2,4,8,8,0.2,0.2
2022-10-23T17:00:00,2203A,116.0781,43.9311,锡林郭勒盟,市政府,,21,16,12,4,3,70,66,60,60,5,6,7,8,0.2,0.1
2022-10-23T17:00:00,2204A,105.6467,38.8363,阿拉善盟,西城区西花园(对照点),,34,28,24,9,8,113,106,104,104,9,14,8,8,0.3,0.3
2022-10-23T17:00:00,2205A,105.6985,38.8411,阿拉善盟,蒙二幼,,34,34,21,13,12,113,106,103,103,6,8,9,9,0.3,0.3
2022-10-23T17:00:00,2206A,105.724,38.8516,阿拉善盟,环保局新楼,,32,17,13,11,8,108,100,101,101,7,7,6,6,0.4,0.3
2022-10-23T17:00:00,2207A,121.6094,41.998,阜新市,工业园区,,24,24,56,9,22,71,64,66,66,15,30,5,9,0.3,0.5
2022-10-23T17:00:00,2208A,121.6697,42.0279,阜新市,长青街,,25,25,50,8,23,69,64,64,64,12,34,4,8,0.3,0.6
2022-10-23T17:00:00,2209A,121.6673,42.0705,阜新市,农业园区,,20,10,22,5,11,66,61,62,62,9,16,7,17,0.2,0.3
2022-10-23T17:00:00,2210A,121.6717,42.0224,阜新市,东苑,,26,26,62,9,23,73,67,68,68,10,33,7,21,0.5,0.8
2022-10-23T17:00:00,2211A,121.6506,42.0498,阜新市,玉龙新城,,19,13,51,4,19,68,58,63,63,12,23,5,7,0.3,0.5
2022-10-23T17:00:00,2212A,123.2,41.1953,辽阳市,宏伟区,,20,20,43,12,15,70,61,53,53,11,30,9,17,0.5,0.9
2022-10-23T17:00:00,2213A,123.1683,41.2495,辽阳市,新华园,,18,17,56,12,23,65,56,52,52,18,42,12,20,0.2,0.8
2022-10-23T17:00:00,2214A,123.2354,41.2639,辽阳市,滨河路,,26,26,54,11,31,72,50,55,55,30,40,5,14,0.6,1
2022-10-23T17:00:00,2215A,123.149,41.2991,辽阳市,铁西工业园,,28,28,69,11,45,68,52,53,53,21,42,18,19,0.5,1
2022-10-23T17:00:00,2216A,123.8139,42.3022,铁岭市,汇工街西,,20,16,45,2,35,69,64,63,63,8,29,6,22,0.5,0.8
2022-10-23T17:00:00,2217A,123.8649,42.2923,铁岭市,水上乐园,,19,18,42,4,19,62,58,56,56,22,37,7,9,1.1,1.1
2022-10-23T17:00:00,2218A,123.8486,42.2867,铁岭市,银州路东段,,19,19,51,8,28,60,54,55,55,16,32,5,7,0.8,0.8
2022-10-23T17:00:00,2219A,123.7153,42.2217,铁岭市,金沙江路北,,23,23,37,7,15,68,59,60,60,16,33,8,12,0.3,0.5
2022-10-23T17:00:00,2220A,120.4318,41.5881,朝阳市,西梁,,20,14,38,9,18,67,62,61,61,12,29,6,10,0.5,0.8
2022-10-23T17:00:00,2221A,120.4521,41.5646,朝阳市,河畔小区,,20,20,42,7,15,63,59,58,58,12,23,7,10,0.7,0.9
2022-10-23T17:00:00,2222A,120.4176,41.5648,朝阳市,八里堡,,32,32,48,11,17,65,58,58,58,13,29,17,17,0.5,0.8
2022-10-23T17:00:00,2223A,120.3806,41.5969,朝阳市,农业园区,,21,13,29,7,12,70,65,68,68,9,30,5,7,0.5,0.6
2022-10-23T17:00:00,2225A,124.4002,43.1713,四平市,一商场,,19,19,37,7,16,61,47,56,56,24,26,4,6,0.3,0.4
2022-10-23T17:00:00,2226A,124.388,43.193,四平市,境园,,18,9,35,2,13,67,56,62,62,14,23,5,6,0.0,0.2
2022-10-23T17:00:00,2227A,125.1358,42.8845,辽源市,环保局,,20,12,29,10,24,71,64,65,65,7,18,7,9,0.5,0.6
2022-10-23T17:00:00,2229A,125.9358,41.7173,通化市,光明,,20,16,25,9,14,70,62,60,60,15,20,10,14,0.4,0.4
2022-10-23T17:00:00,2230A,125.9446,41.7325,通化市,铁路,,24,24,39,12,23,74,71,62,62,12,25,9,12,0.4,0.6
2022-10-23T17:00:00,2231A,126.4219,41.9171,白山市,喜丰,,36,36,44,11,18,66,65,54,54,19,24,5,8,0.6,0.7
2022-10-23T17:00:00,2232A,126.4077,41.9419,白山市,环保局,,30,30,55,14,22,68,68,54,54,12,22,6,13,0.6,0.8
2022-10-23T17:00:00,2233A,124.8006,45.1214,松原市,江南,,27,27,35,4,10,63,57,56,56,12,19,4,41,0.3,0.3
2022-10-23T17:00:00,2234A,124.7965,45.1722,松原市,江北,,19,10,20,7,7,69,58,63,63,10,11,3,3,0.2,0.3
2022-10-23T17:00:00,2235A,122.7911,45.6077,白城市,洮北区环保局,,25,21,29,4,11,86,77,82,82,15,14,6,6,0.2,0.2
2022-10-23T17:00:00,2236A,122.8738,45.5725,白城市,市环保局,,23,15,29,9,10,78,73,74,74,7,13,5,6,0.4,0.4
2022-10-23T17:00:00,2237A,129.47,42.8883,延边朝鲜族自治州,妇幼医院,,29,25,18,20,11,66,35,50,50,25,17,14,11,0.5,0.4
2022-10-23T17:00:00,2238A,129.5055,42.9108,延边朝鲜族自治州,延边医院,,28,28,25,16,14,64,44,52,52,16,19,7,10,0.5,0.5
2022-10-23T17:00:00,2239A,129.3964,42.8881,延边朝鲜族自治州,朝阳川镇医院,,20,17,16,14,9,65,40,55,55,15,12,5,7,0.4,0.4
2022-10-23T17:00:00,2240A,130.9762,45.3001,鸡西市,环保局,,18,18,24,11,10,49,34,44,42,23,18,2,4,0.2,0.2
2022-10-23T17:00:00,2243A,130.9429,45.3039,鸡西市,第一中学,,19,17,22,13,10,58,50,52,52,7,7,3,5,0.4,0.3
2022-10-23T17:00:00,2244A,130.2537,47.3416,鹤岗市,哈啤分公司,,19,11,14,5,9,60,59,58,58,5,6,6,7,0.2,0.2
2022-10-23T17:00:00,2245A,130.2684,47.3086,鹤岗市,斯达机电,,22,22,16,14,10,61,50,58,58,13,8,5,6,0.3,0.3
2022-10-23T17:00:00,2246A,130.3114,47.3388,鹤岗市,东山纸板厂,,33,33,23,10,12,61,45,57,57,13,8,6,7,0.3,0.4
2022-10-23T17:00:00,2247A,130.1097,47.3382,鹤岗市,五号水库(对照点),,18,17,10,8,8,62,55,60,60,7,4,4,4,0.1,0.1
2022-10-23T17:00:00,2248A,131.1511,46.6937,双鸭山市,双合村,,,18,11,,7,62,25,58,52,34,12,7,5,0.3,0.2
2022-10-23T17:00:00,2249A,131.1652,46.6191,双鸭山市,南小市,颗粒物(PM10),68,85,26,10,8,62,38,60,58,24,11,6,6,0.3,0.3
2022-10-23T17:00:00,2250A,131.1524,46.6554,双鸭山市,环保局,,20,20,16,9,11,71,42,67,64,25,10,5,4,0.3,0.2
2022-10-23T17:00:00,2251A,131.12,46.5656,双鸭山市,苗圃(对照点),,35,26,20,24,18,58,40,54,53,9,6,11,5,0.5,0.3
2022-10-23T17:00:00,2252A,128.5159,47.4311,伊春市,环保局,,17,17,12,2,7,54,46,49,49,15,10,6,5,0.7,0.4
2022-10-23T17:00:00,2253A,128.9102,47.7412,伊春市,电力嘉园,,17,11,15,8,9,58,52,53,53,8,9,3,2,0.2,0.3
2022-10-23T17:00:00,2254A,129.5029,48.471,伊春市,汤旺河国家公园(对照点),,33,33,33,18,17,56,40,52,52,3,4,6,6,0.1,0.1
2022-10-23T17:00:00,2255A,130.2751,46.8028,佳木斯市,佳纺,,22,22,26,5,8,62,36,56,56,20,15,5,4,0.4,0.4
2022-10-23T17:00:00,2256A,130.3995,46.8307,佳木斯市,发电厂,,15,14,18,4,5,62,48,58,58,5,7,1,1,0.4,0.3
2022-10-23T17:00:00,2257A,130.3258,46.7975,佳木斯市,环保局,,14,12,18,6,10,59,42,54,54,16,18,4,5,0.3,0.3
2022-10-23T17:00:00,2258A,130.3648,46.8032,佳木斯市,十一中,,13,13,14,9,7,63,41,57,57,21,17,1,3,0.5,0.4
2022-10-23T17:00:00,2259A,130.3794,46.7588,佳木斯市,四丰(对照点),,,10,17,16,27,58,29,52,51,,,1,1,0.3,0.3
2022-10-23T17:00:00,2262A,131.0518,45.8751,七台河市,新一中(对照点),,23,23,19,3,10,73,64,68,68,8,10,7,7,0.3,0.3
2022-10-23T17:00:00,2263A,127.4833,50.2524,黑河市,交通局,,33,33,21,20,7,58,31,55,46,34,10,6,5,0.7,0.6
2022-10-23T17:00:00,2264A,127.5144,50.2341,黑河市,环保局,,31,31,18,9,9,60,54,57,57,10,5,6,6,0.6,0.5
2022-10-23T17:00:00,2265A,127.5291,50.2472,黑河市,大黑河岛(对照点),,16,16,15,4,4,60,48,56,54,6,3,4,7,0.2,0.2
2022-10-23T17:00:00,2266A,126.9785,46.6365,绥化市,人和东街,,17,15,31,7,17,66,53,56,56,14,21,1,4,0.5,0.5
2022-10-23T17:00:00,2267A,126.964,46.6528,绥化市,党政办公中心,,25,25,30,11,17,81,51,70,70,22,15,3,4,0.4,0.5
2022-10-23T17:00:00,2269A,124.1069,50.4097,大兴安岭地区,科技局,,18,8,6,9,9,69,57,66,66,15,5,13,3,0.3,0.3
2022-10-23T17:00:00,2270A,117.396,32.939,蚌埠市,工人疗养院,颗粒物(PM10),64,77,130,19,73,152,100,104,104,28,48,6,9,0.3,0.6
2022-10-23T17:00:00,2271A,117.3605,32.9427,蚌埠市,百货大楼,颗粒物(PM10),64,77,105,15,73,142,101,104,104,21,54,8,11,0.2,0.6
2022-10-23T17:00:00,2273A,117.4185,32.8911,蚌埠市,蚌埠学院,颗粒物(PM10),62,73,113,22,64,165,103,96,96,25,59,7,15,0.3,0.5
2022-10-23T17:00:00,2274A,117.3533,32.9673,蚌埠市,淮上区政府,颗粒物(PM10),65,80,140,22,82,133,104,104,104,6,50,8,12,0.1,0.4
2022-10-23T17:00:00,2275A,117.3145,32.8977,蚌埠市,高新区,颗粒物(PM10),58,66,140,22,83,145,111,100,100,25,61,9,14,0.3,0.7
2022-10-23T17:00:00,2277A,116.8305,32.7727,淮南市,潘集区政府,,,114,149,57,99,180,142,139,139,24,39,,6,0.5,0.5
2022-10-23T17:00:00,2278A,117.0067,32.6524,淮南市,师范学院,颗粒物(PM10),80,110,174,40,110,160,103,130,130,27,55,10,10,0.5,1.1
2022-10-23T17:00:00,2279A,116.8569,32.5951,淮南市,谢家集区政府,颗粒物(PM10),86,121,125,60,76,186,144,154,154,25,34,9,20,0.4,0.6
2022-10-23T17:00:00,2280A,116.8281,32.633,淮南市,八公山区政府,细颗粒物(PM2.5),102,112,103,76,90,191,145,154,154,20,25,12,14,0.6,0.7
2022-10-23T17:00:00,2281A,116.6325,32.6201,淮南市,焦岗湖风景区管理处(对照点),细颗粒物(PM2.5),98,134,133,73,83,201,173,165,165,4,18,13,11,0.6,0.7
2022-10-23T17:00:00,2282A,116.8004,33.975,淮北市,监测站,颗粒物(PM10),55,60,121,18,57,144,100,107,97,20,29,9,11,0.4,0.7
2022-10-23T17:00:00,2283A,116.8091,33.9007,淮北市,烈山区政府,颗粒物(PM10),53,56,112,18,62,185,100,97,97,25,34,6,8,0.3,0.6
2022-10-23T17:00:00,2284A,116.7856,33.9477,淮北市,职业技术学院,颗粒物(PM10),55,60,126,20,61,105,84,93,93,36,50,9,10,0.5,1
2022-10-23T17:00:00,2285A,117.8177,30.9412,铜陵市,市第四中学,颗粒物(PM10),85,120,116,53,60,180,173,152,152,26,48,16,8,1.1,0.7
2022-10-23T17:00:00,2286A,117.8059,30.9273,铜陵市,市公路局,细颗粒物(PM2.5),95,121,106,71,71,176,167,148,148,25,40,12,8,1.0,0.7
2022-10-23T17:00:00,2287A,117.7807,30.9413,铜陵市,市新民污水厂,颗粒物(PM10),81,111,115,56,61,184,177,154,154,25,55,17,12,0.8,0.6
2022-10-23T17:00:00,2288A,117.7439,30.8792,铜陵市,市第九中学,细颗粒物(PM2.5),98,137,135,73,72,179,162,150,150,35,61,15,11,1.1,1.3
2022-10-23T17:00:00,2289A,117.846,30.9413,铜陵市,车站新区,颗粒物(PM10),67,83,83,41,57,174,160,146,146,25,44,10,5,0.9,0.5
2022-10-23T17:00:00,2290A,117.8483,30.97,铜陵市,市职教基地,"颗粒物(PM10),细颗粒物(PM2.5)",72,93,90,52,56,186,174,154,154,19,26,12,6,1.2,0.7
2022-10-23T17:00:00,2291A,117.0809,30.5177,安庆市,环科院,臭氧1小时,103,97,80,59,52,205,205,159,159,19,22,12,10,0.8,0.7
2022-10-23T17:00:00,2292A,117.0331,30.5119,安庆市,马山宾馆,臭氧1小时,104,93,72,50,47,210,207,167,167,17,20,10,9,0.9,0.8
2022-10-23T17:00:00,2294A,116.9896,30.6145,安庆市,安庆大学,臭氧1小时,106,111,69,68,46,212,212,171,171,20,18,9,7,1.1,0.8
2022-10-23T17:00:00,2295A,118.2903,29.6963,黄山市,延安路89号,臭氧1小时,58,29,36,38,32,170,166,157,157,9,13,7,7,0.3,0.4
2022-10-23T17:00:00,2296A,118.327,29.7178,黄山市,黄山东路89号,颗粒物(PM10),51,52,44,20,30,162,160,154,151,12,16,6,6,0.2,0.3
2022-10-23T17:00:00,2297A,118.1371,30.2756,黄山市,黄山区政府5号楼,臭氧1小时,73,90,75,32,40,178,178,150,150,15,15,8,7,0.6,0.8
2022-10-23T17:00:00,2298A,118.3093,32.3153,滁州市,老年大学,颗粒物(PM10),52,53,61,21,36,128,105,113,113,19,26,8,8,0.2,0.3
2022-10-23T17:00:00,2299A,118.3244,32.2786,滁州市,人大宾馆,颗粒物(PM10),57,64,79,19,38,128,104,112,112,21,34,4,6,0.2,0.4
2022-10-23T17:00:00,2301A,115.8277,32.8929,阜阳市,市监测站,细颗粒物(PM2.5),144,163,173,110,125,202,197,156,156,22,63,15,13,0.7,1.1
2022-10-23T17:00:00,2303A,115.8554,32.8605,阜阳市,开发区,细颗粒物(PM2.5),137,161,197,104,130,218,196,163,163,31,61,11,11,0.7,0.9
2022-10-23T17:00:00,2306A,116.989,33.6306,宿州市,火车站,,,,,,,,,,,,,,,,
2022-10-23T17:00:00,2307A,116.5079,31.737,六安市,监测大楼,臭氧1小时,89,98,100,59,73,199,191,164,164,25,45,9,8,0.5,0.5
2022-10-23T17:00:00,2308A,116.4738,31.7643,六安市,皖西学院,臭氧1小时,93,94,96,46,57,196,194,174,174,15,33,8,7,0.6,0.5
2022-10-23T17:00:00,2309A,116.4996,31.7905,六安市,朝阳厂,"细颗粒物(PM2.5),臭氧1小时",77,88,91,56,64,181,181,150,150,18,33,6,4,0.7,0.6
2022-10-23T17:00:00,2310A,116.5567,31.7886,六安市,开发区,,,,134,55,83,201,197,168,168,21,49,9,9,0.7,0.6
2022-10-23T17:00:00,2311A,115.8072,33.8399,亳州市,污水处理厂,臭氧1小时,87,110,145,58,93,189,189,153,153,15,35,8,11,0.7,0.7
2022-10-23T17:00:00,2312A,115.7789,33.8518,亳州市,三国揽胜宫,"颗粒物(PM10),臭氧1小时",89,127,161,62,86,193,191,155,155,19,35,8,10,0.8,0.9
2022-10-23T17:00:00,2314A,117.47,30.6618,池州市,池州学院,臭氧1小时,89,88,87,60,60,196,191,159,159,18,29,11,10,0.9,0.8
2022-10-23T17:00:00,2315A,117.4974,30.6539,池州市,平天湖(对照点),,,,,,,,,,,,,,,,
2022-10-23T17:00:00,2316A,118.7581,30.9454,宣城市,鳌峰子站,细颗粒物(PM2.5),77,85,74,56,52,178,158,126,126,10,36,5,6,0.7,0.8
2022-10-23T17:00:00,2317A,118.7385,30.9743,宣城市,敬亭山子站,细颗粒物(PM2.5),73,85,70,53,48,170,152,132,132,28,25,6,6,0.6,0.7
2022-10-23T17:00:00,2318A,118.7173,30.9427,宣城市,开发区子站,细颗粒物(PM2.5),68,81,69,49,51,173,147,120,120,12,32,5,6,0.7,0.8
2022-10-23T17:00:00,2319A,119.0141,25.4325,莆田市,荔城区仓后路,,47,47,36,19,18,142,121,134,134,11,9,5,5,0.6,0.6
2022-10-23T17:00:00,2320A,119.0015,25.4553,莆田市,莆田市监测站,颗粒物(PM10),54,57,33,20,17,152,129,140,140,11,9,6,6,0.5,0.5
2022-10-23T17:00:00,2321A,119.1119,25.4561,莆田市,涵江区六中,,43,43,35,23,23,130,119,124,124,10,7,6,6,0.5,0.5
2022-10-23T17:00:00,2322A,119.1013,25.3215,莆田市,秀屿区政府,颗粒物(PM10),55,60,36,24,21,136,118,125,125,9,7,10,7,0.7,0.7
2022-10-23T17:00:00,2323A,118.981,25.4792,莆田市,东圳水库(对照点),,,,,,,,,,,,,,,,
2022-10-23T17:00:00,2324A,117.6211,26.2625,三明市,三钢,,47,42,45,24,26,161,148,136,136,10,30,5,7,0.4,0.6
2022-10-23T17:00:00,2325A,117.635,26.2714,三明市,三明二中,,44,38,41,22,22,152,140,127,127,10,28,5,6,0.4,0.6
2022-10-23T17:00:00,2326A,117.6028,26.2378,三明市,三元区政府,,43,37,47,26,27,148,136,124,124,15,33,5,9,0.5,0.8
2022-10-23T17:00:00,2327A,117.7275,26.3108,三明市,洋溪(对照点),,,,,,,,,,,,,,,,
2022-10-23T17:00:00,2331A,118.0966,26.6761,南平市,茫荡山(对照点),,,,,,,,,,,,,,,,
2022-10-23T17:00:00,2332A,118.1681,26.6369,南平市,南平市监测站,,45,33,39,18,24,156,143,135,135,7,29,7,12,0.5,0.7
2022-10-23T17:00:00,2333A,118.1825,26.6489,南平市,南平铝业有限公司,,44,40,43,22,25,150,138,130,130,8,33,5,16,0.5,0.7
2022-10-23T17:00:00,2334A,118.1756,26.6272,南平市,南平七中,,48,35,41,23,26,165,151,143,143,8,26,7,10,0.6,0.7
2022-10-23T17:00:00,2335A,117.0189,25.1181,龙岩市,龙岩师专(对照点),,,,,,,,,,,,,,,,
2022-10-23T17:00:00,2336A,117.0217,25.1033,龙岩市,龙岩市监测站,,42,31,41,19,20,141,133,128,128,14,30,9,10,0.4,0.6
2022-10-23T17:00:00,2337A,117.0258,25.0661,龙岩市,闽西职业技术学院,,44,31,56,16,22,143,138,129,129,7,40,8,23,0.4,0.6
2022-10-23T17:00:00,2338A,117.0196,25.0306,龙岩市,龙岩学院,,44,33,33,15,20,148,138,129,129,9,21,5,6,0.4,0.4
2022-10-23T17:00:00,2339A,119.5001,26.6946,宁德市,金涵水库(对照点),,,,,,,,,,,,,,,,
2022-10-23T17:00:00,2341A,119.5388,26.6612,宁德市,宁德市监测站,,48,45,32,33,18,166,150,139,139,15,12,6,8,0.5,0.5
2022-10-23T17:00:00,2342A,117.3102,29.3867,景德镇市,王港中学(对照点),,33,33,40,21,28,118,102,109,109,5,6,6,7,0.1,0.3
2022-10-23T17:00:00,2343A,117.2117,29.2933,景德镇市,老干部活动中心,颗粒物(PM10),52,54,70,22,35,169,137,153,153,11,14,6,9,0.7,0.9
2022-10-23T17:00:00,2344A,117.1894,29.2789,景德镇市,兽医站,,46,39,54,22,37,174,146,160,160,11,14,5,8,0.7,0.8
2022-10-23T17:00:00,2345A,117.1547,29.2617,景德镇市,台达陶瓷,,46,36,54,32,36,158,129,144,144,17,17,8,10,0.7,0.9
2022-10-23T17:00:00,2346A,117.2461,29.2956,景德镇市,陶研所,,44,42,54,25,29,160,139,144,144,8,12,5,6,0.7,0.8
2022-10-23T17:00:00,2347A,114.0997,27.5002,萍乡市,武功山(对照点),,50,25,38,22,27,159,157,145,145,10,15,21,17,0.3,0.7
2022-10-23T17:00:00,2348A,113.8385,27.6434,萍乡市,中医院,臭氧1小时,72,45,70,35,43,196,177,180,180,16,29,7,19,0.6,0.8
2022-10-23T17:00:00,2349A,113.8493,27.6253,萍乡市,市政府车库,臭氧1小时,88,52,76,39,51,207,190,189,189,13,26,12,18,0.5,0.9
2022-10-23T17:00:00,2350A,113.8676,27.6435,萍乡市,市环保局,臭氧1小时,75,55,70,38,46,201,180,183,183,12,21,14,27,0.7,0.9
2022-10-23T17:00:00,2351A,113.866,27.6198,萍乡市,安源区政府,臭氧1小时,70,58,68,32,47,197,176,179,179,12,24,16,18,0.5,0.8
2022-10-23T17:00:00,2352A,115.0861,27.9317,新余市,北岗(对照点),,49,49,68,29,38,106,105,93,93,9,14,14,18,0.6,0.7
2022-10-23T17:00:00,2353A,114.9886,27.8431,新余市,飞宇,,50,50,67,26,36,145,144,134,134,9,17,12,26,0.3,0.4
2022-10-23T17:00:00,2354A,114.9231,27.8246,新余市,第二水厂,,50,50,66,29,39,151,151,141,141,10,17,12,18,0.8,0.9
2022-10-23T17:00:00,2355A,114.9308,27.8036,新余市,市气象局,,50,41,57,31,37,157,157,146,146,3,10,14,20,0.5,0.6
2022-10-23T17:00:00,2357A,116.9822,28.1136,鹰潭市,龙虎山(对照点),臭氧1小时,112,60,56,32,25,234,224,212,212,9,11,9,6,0.5,0.5
2022-10-23T17:00:00,2358A,117.0564,28.2642,鹰潭市,新监测站,臭氧1小时,73,34,63,29,36,214,178,192,192,4,20,4,13,0.3,0.4
2022-10-23T17:00:00,2359A,117.0311,28.2475,鹰潭市,财苑宾馆,臭氧1小时,75,45,67,29,36,226,180,205,205,7,19,5,13,0.2,0.4
2022-10-23T17:00:00,2360A,117.0222,28.2264,鹰潭市,体育馆,臭氧1小时,79,46,69,29,41,227,183,206,206,8,23,4,10,0.2,0.4
2022-10-23T17:00:00,2361A,117.0017,28.2131,鹰潭市,三川水表,臭氧1小时,73,48,81,29,33,225,178,200,200,11,27,5,11,0.5,0.7
2022-10-23T17:00:00,2362A,114.9017,25.9149,赣州市,通天岩(对照点),臭氧1小时,99,36,40,28,24,199,199,174,174,7,8,11,11,0.5,0.5
2022-10-23T17:00:00,2363A,114.9367,25.8664,赣州市,地委,臭氧1小时,88,57,58,28,28,190,190,176,176,18,17,36,19,0.9,0.8
2022-10-23T17:00:00,2364A,114.9461,25.8481,赣州市,气象台,臭氧1小时,93,43,50,42,35,194,194,179,179,13,15,19,22,0.6,0.6
2022-10-23T17:00:00,2365A,114.9322,25.8333,赣州市,市图书馆,臭氧1小时,101,41,48,21,27,202,202,182,182,13,14,5,8,0.7,0.7
2022-10-23T17:00:00,2366A,114.8905,25.8471,赣州市,华坚鞋城,臭氧1小时,83,45,51,35,29,186,186,164,164,11,11,14,14,0.7,0.7
2022-10-23T17:00:00,2367A,114.9754,27.0803,吉安市,红声器材厂,臭氧1小时,99,69,68,36,35,203,199,185,185,16,18,12,13,0.7,0.6
2022-10-23T17:00:00,2368A,114.9658,27.0999,吉安市,市森林工业局,臭氧1小时,105,67,62,33,36,211,209,194,194,14,17,10,11,0.3,0.5
2022-10-23T17:00:00,2369A,114.99,27.1312,吉安市,市环境监测站,臭氧1小时,106,70,65,36,36,212,212,195,195,18,20,8,10,0.5,0.5
2022-10-23T17:00:00,2370A,115.0093,27.0968,吉安市,青原区法院,臭氧1小时,101,67,59,39,41,205,202,186,186,12,14,12,16,0.6,0.6
2022-10-23T17:00:00,2371A,114.3408,27.8064,宜春市,槟榔水业(对照点),,,,,,,,,,,,,,,,
2022-10-23T17:00:00,2373A,114.3956,27.7844,宜春市,市石油公司,,48,42,69,23,37,164,151,150,150,16,28,5,7,0.8,1
2022-10-23T17:00:00,2374A,114.3703,27.7914,宜春市,市气象局,,45,40,68,22,38,160,142,146,146,14,30,8,12,0.6,0.9
2022-10-23T17:00:00,2375A,114.4013,27.8074,宜春市,市广电局,,46,39,64,21,40,159,145,143,143,13,25,4,14,0.8,0.9
2022-10-23T17:00:00,2376A,116.2127,28.0814,抚州市,桐源党溪(对照点),臭氧1小时,75,57,55,30,32,189,180,170,170,7,9,15,15,0.4,0.5
2022-10-23T17:00:00,2377A,116.3544,27.9831,抚州市,市站,臭氧1小时,87,56,59,35,37,195,189,170,170,10,12,6,9,0.7,0.7
2022-10-23T17:00:00,2378A,116.3565,27.963,抚州市,血防站,臭氧1小时,88,60,62,35,36,196,190,172,172,15,15,6,8,0.8,0.8
2022-10-23T17:00:00,2379A,116.3564,28.0007,抚州市,采茶剧团,臭氧1小时,75,54,60,31,37,189,180,165,165,12,13,4,5,0.7,0.7
2022-10-23T17:00:00,2380A,116.385,27.9647,抚州市,医学分院,臭氧1小时,92,51,62,29,34,198,193,172,172,16,18,5,7,0.8,0.8
2022-10-23T17:00:00,2381A,118.005,28.4572,上饶市,百草园(对照点),"细颗粒物(PM2.5),臭氧1小时",52,49,55,36,31,180,161,170,169,8,13,3,8,0.5,0.5
2022-10-23T17:00:00,2382A,117.9756,28.4436,上饶市,市监测站,臭氧1小时,59,56,73,31,37,191,167,178,178,9,21,5,23,0.7,0.6
2022-10-23T17:00:00,2383A,117.9519,28.4628,上饶市,凤凰光学,颗粒物(PM10),52,53,78,32,39,177,157,168,168,15,34,10,26,0.7,0.7
2022-10-23T17:00:00,2385A,114.17,35.9019,鹤壁市,市监测站,颗粒物(PM10),72,94,101,46,58,157,151,130,130,26,30,13,10,0.6,0.7
2022-10-23T17:00:00,2386A,114.2956,35.7511,鹤壁市,市交警支队,颗粒物(PM10),74,97,107,49,56,162,162,128,128,21,40,15,13,0.4,0.6
2022-10-23T17:00:00,2387A,114.2878,35.7306,鹤壁市,迎宾馆,,,,101,,53,163,163,114,114,34,32,14,12,0.6,0.8
2022-10-23T17:00:00,2389A,113.836,35.311,新乡市,环保西院,颗粒物(PM10),86,121,131,61,68,183,183,138,138,22,44,14,11,0.6,0.7
2022-10-23T17:00:00,2390A,113.884,35.272,新乡市,开发区,颗粒物(PM10),94,137,122,61,55,182,179,136,136,22,34,14,12,0.8,0.7
2022-10-23T17:00:00,2391A,113.883,35.303,新乡市,环保东院,颗粒物(PM10),88,125,121,52,49,182,182,135,135,17,39,10,10,0.6,0.6
2022-10-23T17:00:00,2392A,115.0312,35.7636,濮阳市,环保局,颗粒物(PM10),62,74,94,43,51,163,160,134,134,21,37,9,11,0.6,0.7
2022-10-23T17:00:00,2394A,115.0574,35.7609,濮阳市,油田运输公司,颗粒物(PM10),69,88,127,47,53,165,165,140,140,22,37,10,15,0.5,0.6
2022-10-23T17:00:00,2395A,115.0866,35.7754,濮阳市,油田物探公司,颗粒物(PM10),66,82,102,45,54,159,158,134,134,14,28,9,11,0.4,0.4
2022-10-23T17:00:00,2396A,113.8276,34.0159,许昌市,监测站,"颗粒物(PM10),臭氧1小时",74,98,127,46,71,179,179,144,144,16,30,8,11,0.6,0.9
2022-10-23T17:00:00,2398A,113.7906,33.9953,许昌市,开发区,臭氧1小时,82,94,122,53,76,185,185,148,148,15,30,10,13,0.5,0.9
2022-10-23T17:00:00,2399A,114.051,33.5699,漯河市,三五一五工厂,"颗粒物(PM10),细颗粒物(PM2.5)",94,137,177,70,106,193,193,139,139,22,37,10,10,0.7,0.9
2022-10-23T17:00:00,2400A,114.0055,33.5698,漯河市,漯河大学,颗粒物(PM10),103,155,185,73,102,196,196,153,153,14,37,14,15,0.6,0.8
2022-10-23T17:00:00,2401A,114.0138,33.5828,漯河市,市水利局,"细颗粒物(PM2.5),臭氧1小时",92,129,172,68,103,193,193,142,142,22,41,13,13,0.8,1
2022-10-23T17:00:00,2402A,114.0261,33.5698,漯河市,市广电局,细颗粒物(PM2.5),103,129,176,77,111,194,194,140,140,20,35,11,11,0.7,1
2022-10-23T17:00:00,2403A,112.5192,32.9917,南阳市,环保局,颗粒物(PM10),103,156,147,53,58,210,204,184,184,22,28,11,12,0.7,0.8
2022-10-23T17:00:00,2404A,112.5339,33.0086,南阳市,瓦房庄,臭氧1小时,101,132,124,75,71,203,201,177,177,24,34,10,11,0.8,0.8
2022-10-23T17:00:00,2405A,112.5003,32.9735,南阳市,汉画馆,细颗粒物(PM2.5),109,160,141,82,77,208,197,180,180,27,27,7,8,0.8,0.9
2022-10-23T17:00:00,2406A,112.5779,33.0144,南阳市,气象站,臭氧1小时,100,147,144,73,71,205,200,179,179,25,27,12,13,0.8,0.9
2022-10-23T17:00:00,2407A,112.548,32.9692,南阳市,理工学院,颗粒物(PM10),104,157,154,51,58,209,203,182,182,20,26,7,8,0.7,0.9
2022-10-23T17:00:00,2408A,115.6702,34.4285,商丘市,环境监测站,细颗粒物(PM2.5),74,83,123,54,70,160,148,130,130,23,38,9,12,0.6,0.7
2022-10-23T17:00:00,2409A,115.6458,34.4045,商丘市,粮食局,颗粒物(PM10),91,132,145,67,77,167,158,126,126,14,26,6,8,0.8,0.9
2022-10-23T17:00:00,2410A,115.6293,34.3948,商丘市,睢阳区环保局,细颗粒物(PM2.5),90,108,128,67,71,194,163,135,135,27,32,7,9,0.5,0.5
2022-10-23T17:00:00,2420A,114.0189,32.9656,驻马店市,市一纸厂,颗粒物(PM10),103,156,177,71,100,200,176,156,156,24,41,8,7,0.4,0.7
2022-10-23T17:00:00,2421A,114.0114,33.015,驻马店市,市彩印厂,颗粒物(PM10),90,130,140,66,93,178,153,151,151,22,32,10,10,0.4,0.6
2022-10-23T17:00:00,2422A,113.9976,32.9771,驻马店市,天方二分厂,细颗粒物(PM2.5),110,148,178,83,108,204,176,154,154,24,37,6,6,0.6,0.8
2022-10-23T17:00:00,2423A,115.0601,30.2313,黄石市,沈家营,臭氧1小时,101,57,79,34,47,204,201,177,177,13,35,12,10,0.8,0.7
2022-10-23T17:00:00,2424A,115.0817,30.2006,黄石市,陈家湾,臭氧1小时,85,61,83,36,54,204,188,158,158,22,35,15,11,0.7,0.7
2022-10-23T17:00:00,2426A,114.8988,30.2019,黄石市,铁山,臭氧1小时,108,80,111,42,59,224,216,192,192,23,52,22,31,1.0,1.2
2022-10-23T17:00:00,2427A,115.0307,30.2092,黄石市,团城山,臭氧1小时,105,67,90,26,46,218,210,180,180,16,35,10,14,0.5,0.6
2022-10-23T17:00:00,2428A,111.0419,32.395,十堰市,武当山(对照点),臭氧1小时,100,63,54,31,30,222,200,209,209,14,13,12,11,0.7,0.7
2022-10-23T17:00:00,2429A,110.78,32.6494,十堰市,滨河新村,臭氧1小时,73,83,88,44,44,184,178,144,144,28,54,16,13,0.9,1
2022-10-23T17:00:00,2430A,110.7258,32.6389,十堰市,刘家沟,臭氧1小时,83,98,99,39,41,192,186,147,147,17,23,16,11,0.8,0.8
2022-10-23T17:00:00,2431A,110.8839,32.5714,十堰市,铁二处,臭氧1小时,105,94,62,33,31,209,209,161,161,23,26,15,9,0.7,0.6
2022-10-23T17:00:00,2432A,112.155,32.0197,襄阳市,襄城运动路,颗粒物(PM10),104,158,112,75,70,223,193,166,166,39,44,14,15,0.9,1
2022-10-23T17:00:00,2433A,112.1392,32.0564,襄阳市,樊城新华路,细颗粒物(PM2.5),104,120,136,78,84,222,206,174,174,16,42,16,17,1.0,1.2
2022-10-23T17:00:00,2434A,112.1825,32.1142,襄阳市,高新管委会,臭氧1小时,104,115,140,70,91,219,208,182,182,16,44,6,9,1.0,1.2
2022-10-23T17:00:00,2435A,112.2106,32.0903,襄阳市,襄州航空路,臭氧1小时,100,130,148,74,89,213,200,172,172,26,48,15,14,0.9,1.1
2022-10-23T17:00:00,2436A,114.8938,30.3994,鄂州市,市政府,臭氧1小时,65,50,73,33,48,182,172,165,165,22,34,11,14,0.7,0.7
2022-10-23T17:00:00,2437A,114.8989,30.3714,鄂州市,赵家坝,臭氧1小时,85,71,74,28,46,189,188,171,171,18,31,8,11,0.4,0.5
2022-10-23T17:00:00,2438A,114.8131,30.4133,鄂州市,凡口开发区,,,,,,,,,,,,,,,,
2022-10-23T17:00:00,2439A,112.2014,31.0481,荆门市,竹园小学,臭氧1小时,105,79,98,50,55,222,210,193,193,15,23,15,12,0.8,1.1
2022-10-23T17:00:00,2440A,112.1969,30.9891,荆门市,掇刀,臭氧1小时,103,77,94,46,55,218,205,197,197,13,20,9,11,0.7,1
2022-10-23T17:00:00,2441A,112.2213,31.0386,荆门市,石化一小,臭氧1小时,108,92,96,54,54,225,215,199,199,12,19,13,12,0.6,0.7
2022-10-23T17:00:00,2443A,113.9153,30.9285,孝感市,文化路,臭氧1小时,67,58,76,36,51,186,173,173,173,14,24,8,8,0.7,0.7
2022-10-23T17:00:00,2444A,113.942,30.9075,孝感市,东城区,臭氧1小时,70,68,83,34,44,192,176,180,180,15,23,11,11,0.7,0.7
2022-10-23T17:00:00,2446A,114.9028,30.4742,黄冈市,职工中心,臭氧1小时,99,68,85,38,45,207,199,184,184,17,20,8,8,0.5,0.5
2022-10-23T17:00:00,2447A,114.3175,29.8142,咸宁市,森林公园(对照点),臭氧1小时,103,62,65,22,40,213,206,170,170,10,14,12,11,0.8,0.7
2022-10-23T17:00:00,2448A,114.3107,29.8454,咸宁市,市发改委,臭氧1小时,105,95,84,33,46,210,210,175,175,14,26,14,11,0.9,0.8
2022-10-23T17:00:00,2449A,114.2936,29.8566,咸宁市,咸安区政府,臭氧1小时,99,93,76,22,44,199,199,169,169,23,33,16,12,0.8,0.8
2022-10-23T17:00:00,2450A,114.3375,29.8683,咸宁市,长江产业园,,,,,,,,,,,,,,,,
2022-10-23T17:00:00,2451A,113.3583,31.7275,随州市,市委党校,臭氧1小时,85,77,93,53,63,208,188,175,175,12,34,8,9,0.6,0.8
2022-10-23T17:00:00,2452A,113.3833,31.6908,随州市,市林业局,臭氧1小时,98,69,80,40,60,209,198,176,176,17,27,11,12,0.6,0.7
2022-10-23T17:00:00,2453A,113.3983,31.7308,随州市,市立交桥水厂,臭氧1小时,80,65,83,45,62,197,184,173,173,16,35,8,8,0.6,0.8
2022-10-23T17:00:00,2454A,109.4978,30.2981,恩施土家族苗族自治州,湖北民院,,,,82,,75,56,,55,,,21,,9,,0.9
2022-10-23T17:00:00,2455A,109.4707,30.2798,恩施土家族苗族自治州,州电力总公司,,43,43,77,25,48,141,133,96,96,16,27,12,7,0.8,1
2022-10-23T17:00:00,2456A,112.5003,26.9167,衡阳市,原169医院(对照点),臭氧1小时,67,64,69,37,44,176,173,162,162,15,18,13,13,0.8,0.8
2022-10-23T17:00:00,2457A,112.6194,26.9258,衡阳市,衡阳化工总厂,臭氧1小时,104,75,87,40,55,207,207,187,187,12,16,8,19,0.6,0.8
2022-10-23T17:00:00,2458A,112.6211,26.8956,衡阳市,珠晖区环保局,臭氧1小时,99,76,76,36,50,199,199,178,178,17,22,8,13,0.8,0.9
2022-10-23T17:00:00,2459A,112.6197,26.8733,衡阳市,市委党校,臭氧1小时,99,70,69,36,43,199,199,178,178,14,15,10,13,0.8,0.8
2022-10-23T17:00:00,2460A,112.6006,26.8919,衡阳市,市监测站,臭氧1小时,102,68,84,45,55,204,204,183,183,14,17,7,12,0.7,0.8
2022-10-23T17:00:00,2461A,112.5664,26.9056,衡阳市,真空机电公司,臭氧1小时,101,68,68,,42,210,202,187,187,15,16,10,9,0.7,0.7
2022-10-23T17:00:00,2462A,111.5239,27.3033,邵阳市,市水土所(对照点),细颗粒物(PM2.5),70,51,56,51,62,147,135,139,139,7,11,10,11,0.4,0.5
2022-10-23T17:00:00,2463A,111.4733,27.2317,邵阳市,市一中,臭氧1小时,64,56,67,25,46,193,171,171,171,10,17,10,16,0.5,0.7
2022-10-23T17:00:00,2464A,111.5283,27.2442,邵阳市,市化工厂,臭氧1小时,67,59,78,36,46,188,173,174,174,9,17,8,17,0.3,0.5
2022-10-23T17:00:00,2465A,111.4503,27.2537,邵阳市,市罐头厂,臭氧1小时,57,54,65,34,50,180,165,168,168,8,19,9,20,0.4,0.5
2022-10-23T17:00:00,2466A,111.4328,27.2272,邵阳市,市环保局,臭氧1小时,69,57,69,34,54,192,175,172,172,8,16,7,15,0.4,0.6
2022-10-23T17:00:00,2467A,112.4067,28.6428,益阳市,甘溪港(对照点),臭氧1小时,80,71,89,29,60,198,184,175,175,9,14,6,8,0.6,0.7
2022-10-23T17:00:00,2468A,112.3458,28.5808,益阳市,市环保局,臭氧1小时,98,48,86,43,69,207,198,184,184,19,22,6,11,0.6,0.7
2022-10-23T17:00:00,2469A,112.3437,28.5531,益阳市,市特殊教育学校,臭氧1小时,102,81,106,49,79,208,204,186,186,17,22,6,11,0.7,0.8
2022-10-23T17:00:00,2470A,112.3347,28.6047,益阳市,资阳区政务中心,臭氧1小时,92,54,81,41,69,204,193,182,182,21,25,5,10,0.7,0.8
2022-10-23T17:00:00,2471A,112.3744,28.5819,益阳市,赫山环保分局,臭氧1小时,94,69,88,39,68,205,195,182,182,21,24,4,8,0.6,0.7
2022-10-23T17:00:00,2472A,113.0073,25.9061,郴州市,马头岭(对照点),臭氧1小时,124,55,59,30,35,247,247,212,212,13,31,6,12,0.5,0.4
2022-10-23T17:00:00,2473A,113.0116,25.8226,郴州市,市职中,臭氧1小时,106,59,66,44,43,212,212,184,184,13,26,9,10,0.5,0.6
2022-10-23T17:00:00,2474A,113.0161,25.8001,郴州市,兴隆步行街,臭氧1小时,102,55,65,37,45,204,204,182,182,15,20,10,12,0.7,0.7
2022-10-23T17:00:00,2475A,113.0383,25.8071,郴州市,市审计局,臭氧1小时,104,59,62,37,43,207,207,185,185,15,20,12,14,0.6,0.6
2022-10-23T17:00:00,2476A,113.0348,25.7759,郴州市,市环保局,臭氧1小时,73,58,65,26,45,179,178,168,168,36,30,11,14,0.6,0.6
2022-10-23T17:00:00,2477A,111.6217,26.2081,永州市,零陵南津渡(对照点),,,64,65,29,41,214,188,195,195,,17,11,17,0.5,0.5
2022-10-23T17:00:00,2478A,111.6156,26.4214,永州市,市环境监测站,臭氧1小时,83,48,67,32,42,196,186,188,188,16,19,6,13,0.5,0.6
2022-10-23T17:00:00,2479A,111.6236,26.2331,永州市,零陵区环保局,臭氧1小时,83,55,74,34,48,206,186,189,189,22,27,10,22,0.5,0.6
2022-10-23T17:00:00,2480A,111.5992,26.4364,永州市,永州市环保局,臭氧1小时,85,46,67,41,64,200,188,187,187,19,20,5,12,0.5,0.5
2022-10-23T17:00:00,2481A,111.5989,26.4519,永州市,冷水滩区环保局,臭氧1小时,80,53,72,34,47,192,184,185,185,12,13,5,9,0.6,0.6
2022-10-23T17:00:00,2482A,109.5981,27.5721,怀化市,林科所(对照点),臭氧1小时,70,48,60,21,33,176,176,165,165,13,14,8,11,0.6,0.7
2022-10-23T17:00:00,2483A,109.9453,27.5444,怀化市,河西地税局,臭氧1小时,67,50,57,28,41,173,173,160,160,7,9,8,12,0.4,0.4
2022-10-23T17:00:00,2484A,109.9781,27.5342,怀化市,市四医院,臭氧1小时,58,53,63,27,41,166,166,153,153,8,10,10,31,0.4,0.5
2022-10-23T17:00:00,2485A,109.9972,27.5578,怀化市,监测楼,臭氧1小时,64,57,67,21,40,171,171,156,156,11,15,10,37,0.3,0.4
2022-10-23T17:00:00,2486A,110.0394,27.583,怀化市,市委党校,臭氧1小时,60,44,65,28,49,168,168,155,155,6,9,9,57,0.5,0.6
2022-10-23T17:00:00,2487A,111.9589,27.8901,娄底市,电视发射台(对照点),臭氧1小时,64,48,64,25,37,190,171,180,172,7,8,3,4,0.6,0.7
2022-10-23T17:00:00,2488A,111.9975,27.725,娄底市,市监测站,臭氧1小时,59,54,82,25,48,176,167,161,161,13,23,6,16,0.4,0.8
2022-10-23T17:00:00,2489A,112.0194,27.7314,娄底市,市委党校,臭氧1小时,63,57,85,38,55,181,170,165,165,16,24,7,14,0.5,0.8
2022-10-23T17:00:00,2490A,111.9561,27.7569,娄底市,涟钢,颗粒物(PM10),57,63,81,35,49,169,151,156,156,29,27,17,14,1.5,1
2022-10-23T17:00:00,2491A,111.9892,27.7044,娄底市,市政府,臭氧1小时,54,52,80,23,55,172,163,155,155,10,18,7,10,0.4,0.7
2022-10-23T17:00:00,2492A,109.6414,28.2558,湘西州,跃进水库(对照点),臭氧1小时,58,41,43,28,31,169,166,149,149,4,11,11,8,0.4,0.3
2022-10-23T17:00:00,2493A,109.7325,28.3169,湘西州,州政府,臭氧1小时,67,36,48,26,32,173,173,148,148,6,14,10,8,0.3,0.6
2022-10-23T17:00:00,2494A,109.6958,28.2675,湘西州,吉首市计生局,臭氧1小时,54,46,48,29,34,170,163,143,143,8,18,9,7,0.4,0.5
2022-10-23T17:00:00,2495A,111.3014,23.4832,梧州市,市逸夫小学,臭氧1小时,70,59,134,42,55,187,176,154,154,7,62,10,14,0.7,1.2
2022-10-23T17:00:00,2496A,111.3239,23.4794,梧州市,市十一中,臭氧1小时,64,46,117,34,47,182,171,154,154,17,53,10,11,0.5,0.7
2022-10-23T17:00:00,2497A,111.247,23.4189,梧州市,龙圩,臭氧1小时,64,68,102,42,46,171,171,140,140,21,47,9,9,1.2,1.2
2022-10-23T17:00:00,2498A,111.2711,23.4835,梧州市,龙新,臭氧1小时,68,72,130,44,50,180,174,144,144,10,56,9,10,0.6,0.9
2022-10-23T17:00:00,2499A,108.3411,21.6158,防城港市,沙万,细颗粒物(PM2.5),60,59,67,43,44,158,156,133,133,21,37,13,15,0.9,0.9
2022-10-23T17:00:00,2500A,108.3514,21.7731,防城港市,防城档案局,颗粒物(PM10),61,71,104,39,50,156,140,128,128,16,29,11,9,0.6,0.8
2022-10-23T17:00:00,2501A,108.3506,21.6414,防城港市,大海花园,"颗粒物(PM10),臭氧1小时",57,64,60,34,40,165,165,139,139,11,19,12,13,0.7,0.8
2022-10-23T17:00:00,2502A,108.6236,21.9667,钦州市,市环保站,颗粒物(PM10),53,56,85,27,54,152,151,134,134,13,33,7,17,0.9,1.3
2022-10-23T17:00:00,2503A,108.6549,21.9481,钦州市,沙埠小学,臭氧1小时,60,58,115,32,69,172,168,153,153,11,44,8,11,0.8,1.2
2022-10-23T17:00:00,2504A,108.5989,21.7431,钦州市,港区一小,颗粒物(PM10),61,71,87,35,51,172,168,142,142,14,36,12,16,0.8,0.9
2022-10-23T17:00:00,2505A,109.568,23.1478,贵港市,德智高中(对照点),,,,,,,,,,,,,,,,
2022-10-23T17:00:00,2506A,109.6047,23.0666,贵港市,江南子站,臭氧1小时,78,40,101,36,56,192,182,163,163,16,46,8,10,0.7,1
2022-10-23T17:00:00,2507A,109.6014,23.0948,贵港市,贵城子站,臭氧1小时,78,42,89,38,58,184,182,157,157,11,44,10,12,0.8,1.2
2022-10-23T17:00:00,2508A,109.5669,23.1065,贵港市,荷城子站,臭氧1小时,53,51,85,29,47,163,162,143,143,16,40,10,12,0.7,0.8
2022-10-23T17:00:00,2509A,110.1106,22.7019,玉林市,寒山水库(对照点),臭氧1小时,55,54,70,34,42,168,164,148,148,8,17,3,4,0.5,0.6
2022-10-23T17:00:00,2510A,110.1675,22.6411,玉林市,市监测站,臭氧1小时,73,59,80,40,49,181,178,143,143,14,38,5,10,0.6,0.8
2022-10-23T17:00:00,2511A,110.1433,22.6164,玉林市,南江一中,臭氧1小时,75,58,122,31,64,180,180,144,144,12,48,5,33,0.8,1
2022-10-23T17:00:00,2512A,106.6103,23.9011,百色市,市监测站,,30,24,22,16,12,94,94,66,66,6,11,7,7,0.6,0.7
2022-10-23T17:00:00,2513A,106.6538,23.8859,百色市,市中心血站,,31,28,32,14,15,99,99,71,71,9,18,4,4,0.7,0.8
2022-10-23T17:00:00,2514A,111.5264,24.4172,贺州市,环保小区,臭氧1小时,83,77,79,44,45,190,186,173,173,15,26,9,9,0.9,1
2022-10-23T17:00:00,2515A,111.5608,24.4078,贺州市,政协大楼,臭氧1小时,103,68,76,42,43,205,205,189,189,14,34,11,11,0.8,0.9
2022-10-23T17:00:00,2516A,108.2011,24.715,河池市,东仁乐园(对照点),,,,,,,,,,,,,,,,
2022-10-23T17:00:00,2517A,108.0497,24.6947,河池市,市环保站,,37,36,40,19,21,139,117,118,118,10,27,7,7,0.5,0.6
2022-10-23T17:00:00,2518A,108.0983,24.6989,河池市,市疾控中心,,42,32,107,24,31,151,134,124,124,5,32,8,7,0.5,0.6
2022-10-23T17:00:00,2519A,109.2328,23.7361,来宾市,来宾二中,,,,,,,,,,,,,,,,
2022-10-23T17:00:00,2520A,109.2203,23.7256,来宾市,来宾技工学校,臭氧1小时,99,69,89,35,47,200,199,173,173,10,27,15,14,0.7,0.9
2022-10-23T17:00:00,2521A,107.3476,22.4136,崇左市,市环保局江州分局,,48,48,49,24,24,113,105,82,82,6,13,7,6,0.5,0.6
2022-10-23T17:00:00,2522A,107.3702,22.3707,崇左市,城南新区,,48,48,50,30,30,139,135,106,106,7,23,5,3,0.5,0.6
2022-10-23T17:00:00,2523A,105.8945,32.4535,广元市,黑石坡(对照点),,31,28,32,15,27,128,98,75,75,10,16,6,5,0.4,0.5
2022-10-23T17:00:00,2524A,105.821,32.4444,广元市,老城,,49,49,59,26,31,120,88,72,72,22,40,10,14,0.8,0.9
2022-10-23T17:00:00,2525A,105.8153,32.4246,广元市,南坝,,,,,,,,,,,,,,,,
2022-10-23T17:00:00,2526A,105.8628,32.4287,广元市,监测站,,49,26,36,34,22,107,101,71,71,11,14,5,6,0.7,0.7
2022-10-23T17:00:00,2527A,105.5453,30.5678,遂宁市,石溪浩(对照点),颗粒物(PM10),84,118,99,52,48,156,139,89,89,31,39,23,15,0.7,0.6
2022-10-23T17:00:00,2528A,105.5582,30.5232,遂宁市,市监测站,颗粒物(PM10),95,140,95,64,50,134,117,81,81,40,53,17,9,0.8,0.8
2022-10-23T17:00:00,2529A,105.5861,30.5366,遂宁市,行政中心,细颗粒物(PM2.5),89,122,97,66,58,153,124,80,80,32,42,22,20,0.9,0.8
2022-10-23T17:00:00,2530A,105.5918,30.4728,遂宁市,美宁食品公司,细颗粒物(PM2.5),84,115,138,62,61,144,131,93,93,14,87,26,23,0.7,0.7
2022-10-23T17:00:00,2531A,105.0703,29.61,内江市,市监测站,细颗粒物(PM2.5),143,138,123,109,92,174,146,102,102,63,61,18,12,1.0,1.1
2022-10-23T17:00:00,2532A,105.0717,29.5947,内江市,东兴区政府,颗粒物(PM10),100,150,129,0,96,176,160,103,103,35,45,17,13,0.7,0.8
2022-10-23T17:00:00,2533A,105.0653,29.5817,内江市,内江二中,细颗粒物(PM2.5),155,128,119,118,95,157,157,100,100,30,48,17,10,0.7,0.8
2022-10-23T17:00:00,2534A,105.0406,29.5822,内江市,内江日报社,细颗粒物(PM2.5),188,174,138,141,119,165,159,98,98,42,72,36,21,0.8,0.9
2022-10-23T17:00:00,2535A,103.7723,29.5462,乐山市,花湖湾(对照点),细颗粒物(PM2.5),107,92,111,80,83,187,133,67,67,17,42,8,8,0.9,1.1
2022-10-23T17:00:00,2536A,103.7627,29.5844,乐山市,牛耳桥,细颗粒物(PM2.5),97,103,111,72,82,164,124,59,59,26,62,11,8,0.8,1.1
2022-10-23T17:00:00,2537A,103.7508,29.6006,乐山市,市第三水厂,细颗粒物(PM2.5),97,120,124,72,87,178,131,63,63,28,64,12,8,0.7,1
2022-10-23T17:00:00,2538A,103.7571,29.5664,乐山市,市监测站,细颗粒物(PM2.5),104,102,112,78,73,167,127,67,67,16,36,18,16,0.8,1.1
2022-10-23T17:00:00,2539A,104.0308,30.0478,眉山市,黑龙滩水库(对照点),臭氧1小时,65,56,44,45,37,202,172,150,150,8,7,5,3,0.7,0.6
2022-10-23T17:00:00,2540A,103.8416,30.0874,眉山市,气象局,细颗粒物(PM2.5),93,103,94,69,67,185,174,123,123,28,61,11,9,0.8,1
2022-10-23T17:00:00,2543A,106.6308,30.5278,广安市,小平旧居(对照点),,,,,,,,,,,,,,,,
2022-10-23T17:00:00,2544A,106.6303,30.4576,广安市,市委,细颗粒物(PM2.5),129,103,116,98,98,154,101,78,78,16,43,8,10,0.7,0.9
2022-10-23T17:00:00,2545A,106.6271,30.4663,广安市,友谊中学,细颗粒物(PM2.5),85,89,96,63,62,140,95,75,75,19,34,12,14,0.8,0.9
2022-10-23T17:00:00,2547A,106.6388,30.4551,广安市,广电花园,细颗粒物(PM2.5),102,109,110,76,67,136,75,62,62,32,38,10,11,0.8,0.9
2022-10-23T17:00:00,2548A,107.5277,31.2827,达州市,达州职业技术学院(对照点),细颗粒物(PM2.5),74,96,88,54,51,30,3,13,13,54,53,11,13,1.4,1.4
2022-10-23T17:00:00,2549A,107.5086,31.2186,达州市,市环境监测站,细颗粒物(PM2.5),98,129,97,73,55,36,3,10,9,68,72,11,13,2.2,1.5
2022-10-23T17:00:00,2550A,107.4988,31.2132,达州市,凤凰小区,细颗粒物(PM2.5),100,127,96,75,61,33,4,14,13,70,71,10,12,1.8,1.3
2022-10-23T17:00:00,2551A,107.5082,31.1986,达州市,达县机关宾馆,颗粒物(PM10),85,119,102,62,57,25,4,13,12,92,90,12,12,1.1,1
2022-10-23T17:00:00,2552A,107.4644,31.2124,达州市,市政中心,细颗粒物(PM2.5),117,143,89,88,61,27,4,8,8,77,81,15,14,2.2,1.7
2022-10-23T17:00:00,2554A,103.0475,30.02,雅安市,建安厂,细颗粒物(PM2.5),74,78,69,54,48,177,127,86,86,26,31,14,14,0.8,0.8
2022-10-23T17:00:00,2555A,103.0111,29.9833,雅安市,市政府,细颗粒物(PM2.5),72,70,63,52,46,183,135,94,94,26,20,13,11,0.7,0.7
2022-10-23T17:00:00,2556A,102.9905,29.9775,雅安市,川农大,细颗粒物(PM2.5),55,54,59,39,43,181,110,106,89,16,16,10,11,0.6,0.6
2022-10-23T17:00:00,2561A,104.6617,30.1372,资阳市,莲花山(对照点),细颗粒物(PM2.5),104,104,87,78,61,188,156,123,123,14,23,15,12,0.9,0.8
2022-10-23T17:00:00,2562A,104.6356,30.1506,资阳市,资阳中学,细颗粒物(PM2.5),93,95,90,69,53,182,160,135,135,15,26,19,14,0.8,0.8
2022-10-23T17:00:00,2563A,104.6295,30.1383,资阳市,四三一厂,细颗粒物(PM2.5),102,118,105,76,59,182,148,119,119,22,43,22,14,0.7,0.7
2022-10-23T17:00:00,2564A,104.6463,30.1146,资阳市,师范校,细颗粒物(PM2.5),119,112,100,90,73,184,148,109,109,23,46,24,11,0.7,0.8
2022-10-23T17:00:00,2565A,104.6296,30.1256,资阳市,区法院,细颗粒物(PM2.5),98,124,106,73,62,190,157,132,132,19,50,20,10,0.8,0.8
2022-10-23T17:00:00,2566A,102.1879,31.914,阿坝藏族羌族自治州,州农科所(对照点),,,,,,,92,70,64,64,8,11,3,3,0.2,0.2
2022-10-23T17:00:00,2567A,102.224,31.9037,阿坝藏族羌族自治州,州监测站,,,,,,,,,,,,,,,,
2022-10-23T17:00:00,2568A,102.2502,31.8896,阿坝藏族羌族自治州,马师校,,22,5,22,5,13,82,69,60,60,6,19,4,4,0.4,0.5
2022-10-23T17:00:00,2570A,101.9603,30.0475,甘孜藏族自治州,水桥子,,29,16,22,11,15,98,91,92,88,10,8,14,12,0.3,0.3
2022-10-23T17:00:00,2571A,102.3431,27.8099,凉山彝族自治州,青龙寺(对照点),,45,40,42,31,38,121,115,84,84,14,15,8,9,0.7,0.9
2022-10-23T17:00:00,2572A,102.2721,27.8415,凉山彝族自治州,邛海宾馆,颗粒物(PM10),55,59,60,34,37,116,91,80,80,20,25,10,10,0.6,0.8
2022-10-23T17:00:00,2573A,102.2625,27.898,凉山彝族自治州,西昌市政府,,50,42,49,35,37,112,86,75,75,11,20,11,11,0.8,0.9
2022-10-23T17:00:00,2574A,102.2685,27.8851,凉山彝族自治州,凉山州政府,,43,41,53,30,35,110,86,74,74,12,22,13,10,0.9,0.9
2022-10-23T17:00:00,2575A,102.237,27.8914,凉山彝族自治州,长安,,50,50,61,33,37,105,81,76,76,16,25,11,14,0.9,1
2022-10-23T17:00:00,2576A,104.8,26.5892,六盘水市,窑上(对照点),,,,,,,,,,,,,,,,
2022-10-23T17:00:00,2577A,104.83,26.5917,六盘水市,黄土坡,细颗粒物(PM2.5),57,57,67,40,58,121,112,109,109,16,23,8,11,0.7,0.9
2022-10-23T17:00:00,2578A,104.89,26.5939,六盘水市,水钢,细颗粒物(PM2.5),79,68,80,58,66,116,111,107,107,11,16,5,7,0.7,0.8
2022-10-23T17:00:00,2579A,104.8475,26.5894,六盘水市,民中,细颗粒物(PM2.5),64,66,77,46,61,117,103,104,104,21,22,17,18,0.6,0.8
2022-10-23T17:00:00,2580A,104.9544,26.5506,六盘水市,双水,细颗粒物(PM2.5),57,51,63,40,54,116,112,106,106,13,15,5,7,0.6,0.7
2022-10-23T17:00:00,2585A,109.1839,27.7344,铜仁地区,铜仁卫校,臭氧1小时,60,39,45,17,24,174,168,141,141,12,28,3,3,0.7,0.8
2022-10-23T17:00:00,2586A,109.1753,27.6944,铜仁地区,铜仁七中,臭氧1小时,62,44,37,25,25,175,169,132,132,4,16,6,5,0.4,0.5
2022-10-23T17:00:00,2587A,105.2864,27.3125,毕节市,八中,细颗粒物(PM2.5),72,69,75,52,61,155,141,138,138,13,13,10,10,0.7,0.7
2022-10-23T17:00:00,2588A,105.31,27.2944,毕节市,师专,细颗粒物(PM2.5),77,78,66,56,51,157,144,138,138,18,13,18,11,0.9,0.9
2022-10-23T17:00:00,2589A,104.9022,25.0925,黔西南布依族苗族自治州,场坝街,,45,45,31,15,15,69,51,40,40,23,28,2,37,0.3,0.4
2022-10-23T17:00:00,2590A,104.8811,25.0992,黔西南布依族苗族自治州,坪东大道,,36,33,31,25,18,71,49,40,40,20,27,5,10,0.3,0.4
2022-10-23T17:00:00,2591A,107.9783,26.5747,黔东南苗族侗族自治州,市环境监测站,,49,40,39,27,27,158,154,152,152,20,25,5,4,0.2,0.3
2022-10-23T17:00:00,2593A,107.5228,26.2403,黔南布依族苗族自治州,小围寨,臭氧1小时,52,36,29,17,18,166,161,152,152,7,7,7,5,0.2,0.2
2022-10-23T17:00:00,2594A,99.1678,25.1081,保山市,市环境监测站,,22,19,15,7,10,90,68,69,69,6,9,7,7,0.4,0.5
2022-10-23T17:00:00,2595A,99.1711,25.1328,保山市,市环保局,,22,16,16,9,9,84,68,66,66,5,7,6,6,0.2,0.4
2022-10-23T17:00:00,2596A,103.7667,27.3736,昭通市,监测站,"颗粒物(PM10),细颗粒物(PM2.5)",53,55,61,37,46,123,107,109,104,12,16,5,7,0.6,0.6
2022-10-23T17:00:00,2597A,103.7225,27.3361,昭通市,环保局,细颗粒物(PM2.5),68,67,66,49,54,124,110,112,107,14,20,7,7,0.7,0.8
2022-10-23T17:00:00,2598A,100.2143,26.8576,丽江市,西南郊(对照点),,,,,,,,,,,,,,,,
2022-10-23T17:00:00,2599A,100.2497,26.8802,丽江市,丽江古城,,24,19,28,16,24,84,74,69,69,9,11,5,6,0.4,0.5
2022-10-23T17:00:00,2600A,100.2203,26.8906,丽江市,市中心,,21,16,18,5,8,74,66,62,62,9,14,4,6,0.7,0.7
2022-10-23T17:00:00,2601A,100.98,22.7633,普洱市,市环保局,,15,13,17,5,8,51,45,43,43,15,18,8,9,0.5,0.6
2022-10-23T17:00:00,2602A,100.9817,22.8322,普洱市,普洱第二中学,,14,8,12,6,8,55,44,40,40,8,13,9,9,0.5,0.7
2022-10-23T17:00:00,2603A,100.0781,23.8982,临沧市,市环保局,,13,11,17,4,15,58,41,38,38,5,9,8,8,0.7,0.8
2022-10-23T17:00:00,2604A,100.0894,23.8822,临沧市,市气象局,,15,15,24,9,17,64,43,42,42,6,9,5,6,0.7,0.7
2022-10-23T17:00:00,2605A,101.5482,25.0441,楚雄州,州环境监测站,,18,10,30,12,24,67,51,34,34,7,21,6,20,0.3,0.4
2022-10-23T17:00:00,2606A,101.538,25.0492,楚雄州,市经济开发区,,20,10,32,14,23,62,50,33,33,8,20,6,36,0.5,0.5
2022-10-23T17:00:00,2608A,103.3772,23.3993,红河州,污水处理厂,,28,28,32,18,26,82,69,58,58,5,16,4,14,0.3,0.5
2022-10-23T17:00:00,2609A,103.3861,23.35,红河州,监测站,,28,28,32,16,23,82,66,57,57,5,14,5,12,0.3,0.5
2022-10-23T17:00:00,2610A,104.2533,23.3594,文山州,州水务局,,19,17,26,9,14,71,60,54,54,13,14,8,11,0.2,0.3
2022-10-23T17:00:00,2611A,104.2319,23.3892,文山州,市便民服务中心,,19,8,24,3,16,68,60,51,51,10,15,7,10,0.3,0.5
2022-10-23T17:00:00,2612A,100.7939,22.0019,西双版纳州,景洪市江南,,32,32,26,10,16,73,58,53,53,10,16,7,9,0.3,0.7
2022-10-23T17:00:00,2613A,100.8017,22.0225,西双版纳州,景洪市江北,,22,4,7,6,6,83,69,61,61,5,10,8,6,0.4,0.5
2022-10-23T17:00:00,2614A,100.1542,25.7054,大理州,大理市环境监测站,,20,20,27,4,9,65,58,49,45,6,12,6,6,0.5,0.6
2022-10-23T17:00:00,2615A,100.2171,25.5811,大理州,大理古城,,21,6,19,6,8,76,67,63,63,9,10,7,7,0.4,0.3
2022-10-23T17:00:00,2616A,98.5842,24.428,德宏州,德宏州监测站,,25,23,37,7,11,93,79,62,62,5,10,6,5,0.5,0.7
2022-10-23T17:00:00,2618A,98.8601,25.8567,怒江州,州监测站,,20,20,30,10,19,80,62,56,56,5,7,6,7,0.6,0.6
2022-10-23T17:00:00,2619A,98.8546,25.8417,怒江州,泸水一中,,27,27,28,8,16,71,49,45,45,18,16,5,4,0.4,0.5
2022-10-23T17:00:00,2621A,99.7056,27.8317,迪庆州,迪庆州站,,24,7,18,11,20,91,74,61,61,8,12,9,10,0.4,0.5
2022-10-23T17:00:00,2622A,97.1806,31.1273,昌都市,昌都监测站,,35,11,25,2,12,111,111,80,80,3,18,4,6,0.2,0.5
2022-10-23T17:00:00,2624A,91.7608,29.2313,山南市,山南监测站,,,36,18,,6,125,125,100,98,5,5,5,6,0.2,0.2
2022-10-23T17:00:00,2625A,91.7706,29.2436,山南市,山南人民医院,,37,16,13,3,6,117,117,91,90,8,8,4,4,0.3,0.3
2022-10-23T17:00:00,2626A,88.8876,29.2718,日喀则市,日喀则监测站,,34,5,9,1,4,108,108,99,99,4,5,5,5,0.4,0.5
2022-10-23T17:00:00,2628A,92.0657,31.4846,那曲地区,那曲监测站,,33,11,28,4,19,105,104,92,92,8,14,8,10,0.3,0.8
2022-10-23T17:00:00,2630A,80.1161,32.5,阿里地区,阿里监测站,,32,4,8,9,6,102,101,92,92,2,7,8,12,0.2,0.2
2022-10-23T17:00:00,2632A,94.3681,29.6376,林芝市,林芝监测站,,29,11,9,1,4,93,91,73,73,3,4,10,10,0.4,0.4
2022-10-23T17:00:00,2633A,94.3616,29.6616,林芝市,林芝人民医院,,29,14,12,2,6,93,90,70,70,4,5,9,9,0.4,0.4
2022-10-23T17:00:00,2634A,106.9893,33.1842,汉中市,汉川机床厂子校(对照点),细颗粒物(PM2.5),57,55,53,40,34,120,66,54,54,13,14,8,7,0.5,0.5
2022-10-23T17:00:00,2635A,107.0154,33.0706,汉中市,市监测站,颗粒物(PM10),63,76,97,36,59,130,76,52,52,18,33,5,5,0.7,0.9
2022-10-23T17:00:00,2636A,107.0089,33.1138,汉中市,鑫源开发区,细颗粒物(PM2.5),60,58,83,43,51,126,78,57,57,16,39,4,6,0.7,0.9
2022-10-23T17:00:00,2637A,107.007,33.0323,汉中市,南郑大河坎水厂,颗粒物(PM10),61,72,84,43,60,112,70,49,49,22,25,6,6,0.7,0.8
2022-10-23T17:00:00,2638A,109.7414,38.3344,榆林市,红石峡森林公园(对照点),,31,30,41,11,14,99,99,77,77,16,44,10,6,0.3,0.4
2022-10-23T17:00:00,2639A,109.7456,38.2911,榆林市,世纪广场,,31,30,56,12,17,98,98,72,72,20,52,13,9,0.2,0.4
2022-10-23T17:00:00,2640A,109.7289,38.2839,榆林市,实验中学,,29,27,38,12,14,91,91,67,67,27,49,15,10,0.3,0.5
2022-10-23T17:00:00,2641A,109.7336,38.2478,榆林市,环保监测大楼,,31,25,43,12,14,98,98,71,71,20,48,15,11,0.2,0.3
2022-10-23T17:00:00,2642A,109.0318,32.6537,安康市,香溪洞(对照点),,,,55,,36,124,53,50,50,26,22,12,13,,0.7
2022-10-23T17:00:00,2643A,109.0281,32.6939,安康市,安康市监测站,细颗粒物(PM2.5),74,93,71,54,42,71,49,49,42,41,27,18,20,0.9,0.7
2022-10-23T17:00:00,2644A,109.0072,32.6975,安康市,汉滨区检察院,细颗粒物(PM2.5),92,90,68,68,45,60,46,35,35,46,30,16,17,0.9,0.6
2022-10-23T17:00:00,2645A,109.9154,33.8715,商洛市,监测站,颗粒物(PM10),63,76,65,32,39,145,125,109,109,36,31,38,9,0.4,0.4
2022-10-23T17:00:00,2647A,104.1724,36.5446,白银市,第三小学,颗粒物(PM10),55,59,75,28,26,188,121,131,131,18,41,15,66,0.4,0.8
2022-10-23T17:00:00,2648A,104.1465,36.5482,白银市,动力公司,颗粒物(PM10),55,60,61,36,34,123,118,103,103,14,23,22,38,0.6,0.8
2022-10-23T17:00:00,2649A,106.0055,34.343,天水市,麦积山(对照点),,,,,,,,,,,,,,,,
2022-10-23T17:00:00,2650A,105.7205,34.5786,天水市,公园小学,颗粒物(PM10),60,69,75,17,33,142,121,110,110,28,40,8,8,0.4,0.6
2022-10-23T17:00:00,2651A,105.8945,34.5538,天水市,麦积国土局,颗粒物(PM10),72,94,90,34,38,137,126,106,106,22,45,11,9,0.7,0.8
2022-10-23T17:00:00,2652A,102.6201,37.9251,武威市,监测站,颗粒物(PM10),66,82,80,23,35,124,124,98,98,8,33,11,7,0.4,0.6
2022-10-23T17:00:00,2654A,100.4698,38.9524,张掖市,润泉湖,颗粒物(PM10),57,63,79,11,28,117,116,88,88,9,21,9,12,0.5,0.5
2022-10-23T17:00:00,2655A,100.4154,38.9422,张掖市,区工会,,48,48,67,14,34,122,118,91,91,11,24,5,6,0.3,0.4
2022-10-23T17:00:00,2656A,106.6692,35.5461,平凉市,聚贤嘉苑,颗粒物(PM10),52,54,73,32,33,95,95,82,82,36,51,9,10,0.3,0.5
2022-10-23T17:00:00,2657A,106.7021,35.5307,平凉市,博物馆,颗粒物(PM10),82,114,82,44,31,92,47,72,72,78,51,8,9,0.7,0.6
2022-10-23T17:00:00,2658A,98.5061,39.7443,酒泉市,仓门街子站,颗粒物(PM10),59,68,75,9,25,116,116,90,90,10,24,7,6,0.4,0.5
2022-10-23T17:00:00,2659A,98.4989,39.7256,酒泉市,油田生活基地,颗粒物(PM10),59,68,78,22,25,117,117,88,88,10,24,6,5,0.5,0.5
2022-10-23T17:00:00,2660A,107.6831,35.7289,庆阳市,区环保局(对照点),,,,,,,,,,,,,,,,
2022-10-23T17:00:00,2661A,107.6325,35.7357,庆阳市,庆阳五中,颗粒物(PM10),56,61,68,27,26,127,124,118,118,12,16,8,7,0.4,0.5
2022-10-23T17:00:00,2662A,107.6364,35.7067,庆阳市,市环保局,颗粒物(PM10),57,63,63,30,24,127,125,118,118,16,15,7,6,0.7,0.6
2022-10-23T17:00:00,2663A,104.6241,35.5734,定西市,东关小学,,50,50,86,24,36,121,113,86,86,12,30,5,7,0.4,0.6
2022-10-23T17:00:00,2664A,104.6194,35.5934,定西市,供电公司,,50,50,81,29,42,116,108,78,78,16,39,4,5,0.2,0.5
2022-10-23T17:00:00,2665A,105.0822,33.3261,陇南市,汉王镇固水子(对照点),,,,,,,,,,,,,,,,
2022-10-23T17:00:00,2667A,103.2069,35.5993,临夏回族自治州,环保局,,41,41,54,20,24,113,111,86,86,19,34,12,10,0.6,0.9
2022-10-23T17:00:00,2668A,103.2417,35.6057,临夏回族自治州,建设大厦,,35,35,50,21,25,112,108,85,85,15,32,8,8,0.7,0.9
2022-10-23T17:00:00,2669A,102.9099,34.9841,甘南州,州政府,,26,23,35,15,21,84,81,65,65,5,12,8,11,0.3,0.4
2022-10-23T17:00:00,2671A,100.9048,36.9639,海北藏族自治州,海晏县西海镇,,32,26,34,19,20,116,102,105,105,12,15,5,6,0.4,0.5
2022-10-23T17:00:00,2672A,102.0199,35.5102,黄南藏族自治州,同仁县隆务镇,,33,33,41,15,25,94,80,81,81,17,12,9,9,0.4,0.4
2022-10-23T17:00:00,2673A,100.6188,36.2866,海南藏族自治州,共和县恰卜恰镇,,31,17,38,10,23,104,99,92,92,6,20,9,13,0.2,0.6
2022-10-23T17:00:00,2674A,100.2561,34.4714,果洛藏族自治州,玛沁县大武镇,,32,15,10,10,8,100,100,89,89,5,6,16,16,0.4,0.4
2022-10-23T17:00:00,2675A,97,33.0014,玉树藏族自治州,玉树县结古镇,,34,9,25,4,11,107,107,85,85,2,21,10,13,0.4,0.7
2022-10-23T17:00:00,2676A,97.3731,37.3753,海西蒙古族藏族自治州,德令哈市,,32,12,16,6,10,107,102,96,96,4,5,3,3,0.3,0.3
2022-10-23T17:00:00,2677A,106.1532,37.9648,吴忠市,教育园区,颗粒物(PM10),54,57,76,34,44,151,151,83,83,20,33,29,14,0.7,0.6
2022-10-23T17:00:00,2678A,106.2025,37.9844,吴忠市,高级中学,,,,,,,,,,,,,,,,
2022-10-23T17:00:00,2679A,106.1856,37.9956,吴忠市,新区二泵站,颗粒物(PM10),65,79,101,36,49,139,138,89,89,30,58,25,12,1.0,1
2022-10-23T17:00:00,2680A,105.0025,37.4635,中卫市,沙坡头消防站(对照点),颗粒物(PM10),96,142,69,51,27,150,150,98,98,19,27,20,18,0.8,0.8
2022-10-23T17:00:00,2681A,105.18,37.0172,中卫市,官桥站,,,,,,,,,,,,,,,,
2022-10-23T17:00:00,2682A,105.1971,37.5002,中卫市,环保局站,颗粒物(PM10),87,124,85,42,35,125,125,82,82,20,31,11,12,0.6,0.6
2022-10-23T17:00:00,2683A,106.2319,36.1417,固原市,马园(对照点),颗粒物(PM10),78,106,126,25,35,132,110,109,109,29,34,6,6,0.3,0.3
2022-10-23T17:00:00,2684A,106.2792,36.0022,固原市,监测站,,,,67,,36,124,108,103,103,,30,8,19,0.4,0.6
2022-10-23T17:00:00,2685A,106.2375,36.0211,固原市,新区,颗粒物(PM10),54,57,64,20,28,127,112,108,108,10,29,6,7,0.5,0.7
2022-10-23T17:00:00,2686A,89.1904,42.9418,吐鲁番地区,市环保局,颗粒物(PM10),63,75,74,33,39,102,102,77,77,12,16,6,6,0.4,0.5
2022-10-23T17:00:00,2687A,89.1673,42.9559,吐鲁番地区,地区环保局,颗粒物(PM10),57,63,67,22,26,105,105,77,77,10,21,7,7,0.6,0.7
2022-10-23T17:00:00,2688A,93.5128,42.8172,哈密地区,地区监测站,颗粒物(PM10),67,83,95,30,28,97,90,73,73,13,44,8,6,0.2,0.3
2022-10-23T17:00:00,2689A,93.4961,42.8328,哈密地区,哈密师范学校,颗粒物(PM10),64,78,85,26,28,99,93,74,74,13,37,12,7,0.4,0.5
2022-10-23T17:00:00,2690A,88.1236,43.8886,昌吉州,天山天池(对照点),,26,20,7,1,4,83,83,72,72,9,6,4,3,0.9,0.7
2022-10-23T17:00:00,2691A,87.2997,44.0114,昌吉州,州监测站,,,,,,,,,,,,,,,,
2022-10-23T17:00:00,2692A,87.2717,44.0297,昌吉州,新区政务中心,颗粒物(PM10),66,81,66,31,37,91,91,68,68,21,31,10,9,0.9,1
2022-10-23T17:00:00,2693A,82.0485,44.8556,博尔塔拉蒙古自治州,市党校,,,60,63,15,21,88,72,62,62,15,12,10,11,,0.4
2022-10-23T17:00:00,2694A,82.0806,44.8969,博尔塔拉蒙古自治州,市环保局,颗粒物(PM10),54,58,59,21,23,79,71,51,51,23,25,9,9,0.8,0.8
2022-10-23T17:00:00,2695A,80.292,41.1694,阿克苏地区,电视台,颗粒物(PM10),182,314,272,88,88,99,94,69,69,4,18,6,7,0.6,0.9
2022-10-23T17:00:00,2696A,80.2613,41.1551,阿克苏地区,艺术中心,颗粒物(PM10),182,314,249,75,79,94,88,63,63,1,13,5,4,0.5,0.8
2022-10-23T17:00:00,2697A,76.1454,39.7142,克孜勒苏柯尔克孜自治州,市人民政府,颗粒物(PM10),119,188,136,89,60,96,89,74,74,2,4,10,10,0.4,0.5
2022-10-23T17:00:00,2698A,76.0072,39.4467,喀什地区,巡警大队,颗粒物(PM10),148,246,215,67,65,96,96,63,63,10,27,9,10,0.5,0.9
2022-10-23T17:00:00,2699A,75.9755,39.4694,喀什地区,吾办,颗粒物(PM10),134,218,180,81,68,102,102,67,67,5,24,3,3,0.2,0.7
2022-10-23T17:00:00,2700A,75.9538,39.4682,喀什地区,市环境监测站,颗粒物(PM10),148,246,199,64,61,90,90,59,59,16,30,4,3,0.5,1.2
2022-10-23T17:00:00,2703A,81.2815,43.9404,伊犁哈萨克州,市环保局,颗粒物(PM10),86,122,74,35,34,96,76,56,56,8,25,18,12,0.5,1
2022-10-23T17:00:00,2704A,81.2996,43.9174,伊犁哈萨克州,新政府片区,颗粒物(PM10),83,116,58,40,28,93,76,58,58,7,21,11,13,0.5,1
2022-10-23T17:00:00,2705A,81.3364,43.941,伊犁哈萨克州,第二水厂,颗粒物(PM10),77,104,66,33,30,95,72,56,56,14,28,18,16,0.6,1.1
2022-10-23T17:00:00,2706A,82.9994,46.7432,塔城地区,东门外小游园,,41,41,34,12,19,84,55,58,58,4,11,10,11,0.3,0.5
2022-10-23T17:00:00,2707A,88.1214,47.9047,阿勒泰地区,小东沟(对照点),,,,,,,,,,,,,,,,
2022-10-23T17:00:00,2708A,88.1264,47.8517,阿勒泰地区,市站,,,131,24,29,7,91,86,78,78,14,6,4,3,,0.4
2022-10-23T17:00:00,2709A,86.0497,44.2967,石河子市,艾青诗歌馆,颗粒物(PM10),69,88,71,29,41,104,102,77,77,13,27,8,9,0.5,0.6
2022-10-23T17:00:00,2710A,86.0697,44.3075,石河子市,阳光学校,,,96,74,,,100,97,74,74,76,80,3,3,0.4,0.6
2022-10-23T17:00:00,2711A,87.5475,44.1756,五家渠市,农水大厦,颗粒物(PM10),67,84,75,38,45,82,77,48,48,22,33,21,14,0.7,1
2022-10-23T17:00:00,2835A,101.7227,26.567,攀枝花市,四十中小,颗粒物(PM10),52,53,60,29,38,105,68,65,65,11,39,18,24,0.4,1.2
2022-10-23T17:00:00,2842A,118.0936,24.5058,厦门市,湖里中学,颗粒物(PM10),55,59,41,25,22,152,115,123,123,25,24,4,4,0.4,0.4
2022-10-23T17:00:00,2845A,113.1569,36.1911,长治市,德盛苑,,38,36,86,17,57,138,121,128,102,19,31,12,14,0.4,1
2022-10-23T17:00:00,2846A,113.3221,23.1322,广州市,体育西,臭氧1小时,69,41,60,24,32,183,175,165,165,13,51,5,6,0.6,0.8
2022-10-23T17:00:00,2858A,117.7918,39.2474,天津市,河西一经路,,21,21,54,6,22,72,61,54,54,19,48,5,8,0.4,0.7
2022-10-23T17:00:00,2859A,117.3747,38.9846,天津市,津沽路,,21,12,65,3,28,71,67,58,58,20,49,3,6,0.3,0.5
2022-10-23T17:00:00,2860A,117.1589,39.0845,天津市,宾水西道,,23,8,52,3,25,73,72,58,58,13,37,3,5,0.3,0.6
2022-10-23T17:00:00,2862A,114.5481,38.0378,石家庄市,22中南校区,,29,27,87,16,35,109,90,73,73,23,47,5,7,0.3,0.5
2022-10-23T17:00:00,2865A,112.7195,37.6828,晋中市,榆次三中,,48,48,112,18,32,89,89,64,64,18,43,8,8,0.4,0.6
2022-10-23T17:00:00,2866A,111.0522,35.0439,运城市,外滩首府,,,,,,,,,,,,,,,,
2022-10-23T17:00:00,2867A,111.1283,37.51,吕梁市,马茂庄小学,,48,48,104,15,18,65,60,44,44,28,49,7,8,0.2,0.4
2022-10-23T17:00:00,2868A,126.4739,43.953,吉林市,九站,,19,19,30,11,20,61,50,49,49,21,29,7,8,0.3,0.4
2022-10-23T17:00:00,2869A,119.447,32.4155,扬州市,五台山医院,,30,28,45,7,26,102,94,92,92,15,24,7,8,0.2,0.5
2022-10-23T17:00:00,2870A,119.4424,32.1873,镇江市,市疾控中心,,37,18,46,18,43,132,116,119,119,18,34,2,2,0.3,0.6
2022-10-23T17:00:00,2871A,121.6147,29.9017,宁波市,万里国际学校,颗粒物(PM10),54,57,26,31,16,148,125,120,120,19,19,6,7,0.7,0.7
2022-10-23T17:00:00,2872A,120.7846,30.7525,嘉兴市,南湖区残联,颗粒物(PM10),67,83,62,34,36,229,136,145,145,28,28,6,7,0.6,0.5
2022-10-23T17:00:00,2873A,120.0875,30.8955,湖州市,仁皇山新区,臭氧1小时,87,88,84,45,53,215,189,157,157,16,28,5,6,0.7,0.7
2022-10-23T17:00:00,2875A,115.784,32.8892,阜阳市,阜阳职业技术学院,细颗粒物(PM2.5),123,145,157,93,106,220,210,166,166,22,59,8,8,0.6,1
2022-10-23T17:00:00,2877A,119.1641,36.6523,潍坊市,坊子邮政,颗粒物(PM10),52,53,50,12,16,96,92,84,84,25,28,6,5,0.3,0.3
2022-10-23T17:00:00,2878A,116.0072,36.4343,聊城市,聊大东校,颗粒物(PM10),76,102,130,27,48,126,120,88,88,18,48,8,13,0.5,0.7
2022-10-23T17:00:00,2880A,104.0219,30.6558,成都市,大石西路,细颗粒物(PM2.5),92,82,99,68,67,202,181,138,138,20,60,6,9,0.7,1
2022-10-23T17:00:00,2881A,107.8908,26.5311,黔东南苗族侗族自治州,凯里学院,臭氧1小时,78,35,32,23,23,184,182,178,178,9,15,5,3,0.3,0.3
2022-10-23T17:00:00,2882A,102.5389,24.3703,玉溪市,玉溪一中,,18,15,26,8,16,66,57,42,42,16,20,7,8,0.7,0.9
2022-10-23T17:00:00,2883A,102.5381,24.3389,玉溪市,文体中心,,19,9,23,5,14,64,60,42,42,9,18,8,10,0.7,0.9
2022-10-23T17:00:00,2884A,98.2672,39.7978,嘉峪关市,酒钢宾馆,颗粒物(PM10),59,68,77,24,26,124,124,95,95,9,22,10,13,0.5,0.4
2022-10-23T17:00:00,2885A,104.9339,33.3826,陇南市,滨江中学,,50,50,62,29,28,118,115,96,96,12,21,12,8,0.3,0.4
2022-10-23T17:00:00,2894A,117.0566,32.6531,淮南市,经济技术开发区消防队,颗粒物(PM10),62,73,130,21,78,160,101,127,127,21,47,5,6,0.2,0.7
2022-10-23T17:00:00,2897A,123.2444,41.7347,沈阳市,沈辽西路,,19,15,66,5,30,66,58,57,57,18,39,6,9,0.3,0.6
2022-10-23T17:00:00,2900A,123.5953,41.9086,沈阳市,裕农路,,20,20,35,8,17,68,57,59,59,17,28,5,10,0.3,0.5
2022-10-23T17:00:00,2902A,106.6351,30.4865,广安市,北辰小学,细颗粒物(PM2.5),118,80,101,89,99,161,96,78,78,16,28,11,14,0.8,0.8
2022-10-23T17:00:00,2907A,120.1844,30.8596,湖州市,吴兴区站,细颗粒物(PM2.5),79,106,87,58,57,193,180,152,152,37,51,5,6,0.9,0.7
2022-10-23T17:00:00,2914A,106.7677,31.8794,巴中市,苏山坪(对照点),细颗粒物(PM2.5),93,96,51,69,36,126,56,105,47,26,17,4,5,0.6,0.5
2022-10-23T17:00:00,2915A,106.7619,31.84139,巴中市,职业中学,,,,,,,,,,,,,,,,
2022-10-23T17:00:00,2919A,116.7022,39.5453,廊坊市,河北工业大学,,23,19,36,2,10,81,73,64,64,15,40,5,6,0.3,0.5
2022-10-23T17:00:00,2920A,117.7116,24.506,漳州市,蓝田镇,颗粒物(PM10),67,83,37,41,14,164,133,114,114,30,20,6,6,0.5,0.4
2022-10-23T17:00:00,2921A,120.5483,30.0003,绍兴市,树下王站,细颗粒物(PM2.5),54,53,51,38,39,170,157,132,132,18,23,6,6,0.7,0.8
2022-10-23T17:00:00,2922A,117.1941,39.1067,天津市,大理道,,24,11,71,3,26,75,75,61,61,18,44,5,7,0.2,0.4
2022-10-23T17:00:00,2924A,106.2266,38.4418,银川市,水乡路,,,,49,18,22,114,114,84,84,14,30,18,23,,0.8
2022-10-23T17:00:00,2925A,106.2757,38.4842,银川市,上海东路,,37,37,55,18,30,112,112,88,88,17,37,12,15,0.6,0.8
2022-10-23T17:00:00,2926A,106.1015,38.497,银川市,文昌北街,颗粒物(PM10),51,51,70,25,32,137,136,96,96,16,41,24,13,0.7,0.9
2022-10-23T17:00:00,2929A,114.8858,30.4519,黄冈市,红卫路,臭氧1小时,101,59,80,30,43,205,202,180,180,15,18,7,8,0.7,0.7
2022-10-23T17:00:00,2994A,119.6533,29.1128,金华市,武警支队(启用161031),,,,,,,,,,,,,,,,
2022-10-23T17:00:00,2996A,118.283,33.965,宿迁市,市供电局,颗粒物(PM10),58,66,87,23,40,132,132,103,103,19,44,7,6,0.5,0.9
2022-10-23T17:00:00,2997A,119.8767,32.3289,泰州市,王营,,37,37,56,5,31,96,96,93,93,14,20,8,9,0.4,0.6
2022-10-23T17:00:00,3000A,119.3581,34.6972,连云港市,德源药业,,48,48,80,17,28,145,93,79,79,21,33,5,6,0.3,0.4
2022-10-23T17:00:00,3002A,119.9805,31.8174,常州市,行政中心,,31,14,85,18,41,142,99,116,116,20,32,7,8,0.2,0.5
2022-10-23T17:00:00,3003A,120.0522,31.7748,常州市,经开区,,28,14,93,8,40,147,88,120,120,30,33,8,7,0.4,0.5
2022-10-23T17:00:00,3004A,120.1544,33.3663,盐城市,宝龙广场,,46,46,46,9,19,117,112,105,105,9,15,8,8,0.5,0.6
2022-10-23T17:00:00,3005A,117.1814,34.29,徐州市,鼓楼区政府,颗粒物(PM10),55,59,109,20,45,176,107,92,90,24,38,13,12,0.6,0.8
2022-10-23T17:00:00,3006A,117.1694,34.1781,徐州市,铜山区招生办,颗粒物(PM10),56,61,120,18,46,148,97,97,82,27,42,9,11,0.6,0.9
2022-10-23T17:00:00,3007A,119.178,34.844,连云港市,新城一中,颗粒物(PM10),55,59,76,9,26,132,99,87,87,26,52,4,10,0.5,1
2022-10-23T17:00:00,3008A,119.3608,34.7519,连云港市,胡沟管理处,颗粒物(PM10),51,51,65,7,23,154,57,73,73,43,21,12,10,0.3,0.4
2022-10-23T17:00:00,3009A,119.1478,34.5911,连云港市,矿山设计院,颗粒物(PM10),59,68,98,12,38,130,83,74,74,37,37,9,11,0.7,0.8
2022-10-23T17:00:00,3010A,119.9025,31.7964,常州市,钟楼,,31,14,82,18,46,142,97,116,116,16,27,5,5,0.4,0.6
2022-10-23T17:00:00,3012A,112.1849,31.0362,荆门市,西山林语,臭氧1小时,108,91,98,44,52,225,215,196,196,16,24,14,12,0.4,0.8
2022-10-23T17:00:00,3014A,106.4958,29.5346,重庆市,歇台子,细颗粒物(PM2.5),127,128,160,96,106,177,64,26,26,83,130,22,16,1.6,1.8
2022-10-23T17:00:00,3015A,106.4037,29.5728,重庆市,龙井湾,细颗粒物(PM2.5),137,167,131,104,85,172,43,76,54,135,84,31,18,2.1,1.4
2022-10-23T17:00:00,3016A,106.5507,29.4153,重庆市,龙洲湾,细颗粒物(PM2.5),109,134,132,82,84,133,46,54,31,96,85,23,14,1.2,0.9
2022-10-23T17:00:00,3018A,111.505,36.1014,临汾市,唐尧大酒店,,39,39,75,14,36,134,93,76,76,16,22,5,7,0.6,0.9
2022-10-23T17:00:00,3020A,117.2101,39.1699,天津市,中山北路,,23,10,69,4,27,74,71,58,58,13,43,5,7,0.1,0.5
2022-10-23T17:00:00,3021A,115,35.7668,濮阳市,濮水河管理处,颗粒物(PM10),69,88,81,40,48,153,92,125,125,56,39,10,9,0.8,0.6
2022-10-23T17:00:00,3022A,112.4433,34.6686,洛阳市,凯旋路小学,,,,,,,,,,,,,,,,
2022-10-23T17:00:00,3025A,113.0477,23.6344,清远市,技师学院,,49,38,56,19,30,164,154,149,149,8,36,9,12,0.8,0.9
2022-10-23T17:00:00,3026A,116.6183,23.6608,潮州市,市政府,"颗粒物(PM10),臭氧1小时",60,69,45,36,26,176,168,129,129,20,18,14,14,0.6,0.7
2022-10-23T17:00:00,3027A,104.72,29.3427,自贡市,青杠林路,细颗粒物(PM2.5),114,121,158,86,109,136,131,85,85,29,59,19,16,0.6,0.9
2022-10-23T17:00:00,3028A,104.776,29.3627,自贡市,檀木林体育馆,细颗粒物(PM2.5),113,124,150,85,110,184,162,100,100,27,50,17,15,0.6,0.8
2022-10-23T17:00:00,3033A,87.4651,43.4569,乌鲁木齐市,培训基地,颗粒物(PM10),179,307,105,78,28,89,89,79,79,3,6,8,7,0.5,0.5
2022-10-23T17:00:00,3034A,113.1076,41.0385,乌兰察布市,光明街小学,,23,17,34,8,17,76,73,69,69,5,21,9,13,0.3,0.3
2022-10-23T17:00:00,3035A,122.0931,46.0707,兴安盟,北滨河,,22,21,26,15,19,70,57,65,65,23,14,3,3,0.1,0.2
2022-10-23T17:00:00,3036A,118.6904,37.4338,东营市,开发区管委会,颗粒物(PM10),54,58,50,14,14,115,114,98,98,17,31,6,8,0.6,0.6
2022-10-23T17:00:00,3038A,103.3758,23.368,红河州,州图书馆,,29,9,32,20,22,80,65,54,54,5,16,6,14,0.4,0.6
2022-10-23T17:00:00,3039A,111.1911,34.7829,三门峡市,三门峡市第一小学,颗粒物(PM10),54,57,91,31,50,147,141,122,122,18,41,11,8,0.5,0.9
2022-10-23T17:00:00,3045A,109.9643,33.8471,商洛市,商州区中学,颗粒物(PM10),67,84,66,33,38,138,99,103,103,45,36,11,7,0.4,0.5
2022-10-23T17:00:00,3046A,115.9084,28.6062,南昌市,机电学校,颗粒物(PM10),63,75,90,32,46,186,163,165,165,18,20,6,9,0.6,0.8
2022-10-23T17:00:00,3048A,119.5799,26.0936,福州市,九龙,颗粒物(PM10),54,57,43,26,23,165,157,146,146,7,10,2,4,0.3,0.3
2022-10-23T17:00:00,3051A,117.3876,39.1488,天津市,西四道,,23,9,69,3,25,74,71,61,61,13,49,4,6,0.3,0.6
2022-10-23T17:00:00,3054A,113.9194,35.2847,新乡市,市委党校,颗粒物(PM10),83,115,110,53,49,177,177,130,130,21,38,12,12,0.6,0.7
2022-10-23T17:00:00,3055A,101.7775,36.6428,西宁市,城北区政府,,37,30,54,16,34,120,118,90,90,10,21,15,27,0.4,0.7
2022-10-23T17:00:00,3057A,121.5992,37.4014,烟台市,牟平检察院,颗粒物(PM10),52,53,29,8,4,104,101,87,87,15,14,6,6,0.3,0.4
2022-10-23T17:00:00,3058A,119.2658,42.0353,赤峰市,银河街,,26,26,57,11,23,66,59,58,58,20,36,10,21,0.3,0.6
2022-10-23T17:00:00,3059A,117.7161,36.2049,济南市,泰兴公司,颗粒物(PM10),59,67,130,23,55,160,102,86,86,29,51,8,10,1.0,1.2
2022-10-23T17:00:00,3061A,119.7512,49.1577,呼伦贝尔市,国华电力东,,,25,64,18,21,70,64,61,61,7,18,1,3,,0.4
2022-10-23T17:00:00,3064A,117.6867,36.2171,济南市,莱芜战役纪念馆,颗粒物(PM10),53,55,119,19,52,166,106,91,91,26,44,6,7,0.8,1.1
2022-10-23T17:00:00,3065A,101.9533,29.9972,甘孜藏族自治州,州环保局,,30,15,26,3,10,104,95,90,90,12,17,10,13,0.4,0.4
2022-10-23T17:00:00,3066A,116.2721,37.4379,德州市,九衢泉纯净水厂,颗粒物(PM10),69,88,116,29,36,124,115,98,98,26,50,10,11,0.6,0.9
2022-10-23T17:00:00,3109A,115.0093,25.8613,赣州市,赣县区卫计委,臭氧1小时,95,68,61,32,26,196,196,178,178,14,24,12,9,0.5,0.5
2022-10-23T17:00:00,3122A,105.9606,26.2611,安顺市,伍家关(对照点),,,,,,,,,,,,,,,,
2022-10-23T17:00:00,3123A,105.9408,26.2431,安顺市,凤凰山,,47,42,55,19,44,153,150,130,130,11,18,9,15,0.8,1.1
2022-10-23T17:00:00,3124A,105.9439,26.2564,安顺市,金钟山,,47,24,46,26,40,149,148,129,129,7,8,9,14,0.5,0.7
2022-10-23T17:00:00,3125A,105.8983,26.2481,安顺市,娄家坡,,46,24,55,20,46,150,147,130,130,12,15,11,17,0.5,0.7
2022-10-23T17:00:00,3128A,92.0506,31.4797,那曲地区,那曲会议中心,,,8,18,2,10,102,100,88,88,2,10,,8,0.7,0.9
2022-10-23T17:00:00,3129A,102.0306,36.5067,海东地区,平安高铁新区,,,,,,,,,,,,,,,,
2022-10-23T17:00:00,3131A,114.879,40.7993,张家口市,烟厂,,26,17,18,17,9,85,83,76,76,8,12,2,3,0.6,0.6
2022-10-23T17:00:00,3132A,119.610547,39.943889,秦皇岛市,文明里,,47,47,56,11,17,83,80,74,74,14,44,14,13,0.2,0.5
2022-10-23T17:00:00,3133A,106.5468,29.5654,重庆市,上清寺,细颗粒物(PM2.5),110,135,148,83,85,99,50,36,36,93,119,30,17,1.7,1.7
2022-10-23T17:00:00,3134A,113.8172,34.0339,许昌市,市一中,颗粒物(PM10),82,113,141,49,62,178,178,143,143,15,33,10,8,0.6,1
2022-10-23T17:00:00,3136A,104.2725,30.5589,成都市,龙泉驿区区政府,臭氧1小时,74,68,55,39,37,179,179,144,144,14,18,10,7,0.5,0.6
2022-10-23T17:00:00,3137A,103.8578,30.0744,眉山市,市委党校,细颗粒物(PM2.5),100,114,113,75,86,188,166,117,117,21,52,11,9,1.0,1
2022-10-23T17:00:00,3138A,111.7153,29.0289,常德市,武陵区永安,臭氧1小时,95,100,109,48,72,203,196,185,185,17,28,4,9,0.6,0.8
2022-10-23T17:00:00,3139A,111.6892,28.9881,常德市,鼎城区玉霞,臭氧1小时,103,87,107,44,60,210,205,182,182,12,39,8,12,0.5,0.7
2022-10-23T17:00:00,3140A,111.6625,29.0531,常德市,武陵区长庚,臭氧1小时,98,75,98,40,60,208,198,180,180,14,24,8,10,0.4,0.6
2022-10-23T17:00:00,3141A,114.3922,36.0878,安阳市,信访局,颗粒物(PM10),69,87,136,37,53,143,126,116,116,31,53,10,12,0.7,1.3
2022-10-23T17:00:00,3147A,114.3438,34.8106,开封市,龙亭公园,细颗粒物(PM2.5),102,115,128,76,88,198,195,175,175,19,37,9,12,0.5,0.8
2022-10-23T17:00:00,3148A,103.8291,30.0564,眉山市,区人社局,细颗粒物(PM2.5),100,99,100,75,79,180,168,116,116,28,48,10,9,0.7,0.9
2022-10-23T17:00:00,3149A,115.0235,30.1578,黄石市,笔架山北路,臭氧1小时,101,52,82,30,51,205,202,176,176,13,32,14,14,0.4,0.6
2022-10-23T17:00:00,3151A,114.375,27.8097,宜春市,宜春学院北校区,颗粒物(PM10),51,51,71,22,36,160,145,148,148,18,34,8,16,0.8,0.8
2022-10-23T17:00:00,3153A,114.3877,30.4908,武汉市,民族大道182号,臭氧1小时,108,92,78,34,40,234,216,196,196,30,38,16,18,1.0,1.3
2022-10-23T17:00:00,3164A,119.4686,32.3942,扬州市,广陵建设局,,50,50,60,8,26,107,82,89,89,22,29,9,9,0.4,0.7
2022-10-23T17:00:00,3165A,108.6594,34.2969,咸阳市,两寺渡,,,95,198,,121,130,88,71,71,40,83,11,8,0.8,1
2022-10-23T17:00:00,3169A,113.2725,35.2067,焦作市,太极体育中心(启用180720),颗粒物(PM10),78,105,126,49,61,168,168,122,122,14,28,12,13,0.6,0.9
2022-10-23T17:00:00,3170A,102.1864,38.5253,金昌市,市委党校,,,,,,,140,140,113,113,19,44,18,60,0.7,0.9
2022-10-23T17:00:00,3171A,115.6071,34.4465,商丘市,梁园区档案局,细颗粒物(PM2.5),85,87,115,63,77,173,162,127,127,13,32,12,13,0.5,0.6
2022-10-23T17:00:00,3173A,117.0598,30.5351,安庆市,市人大,臭氧1小时,102,93,72,48,47,207,203,164,164,24,27,12,10,0.9,0.7
2022-10-23T17:00:00,3178A,119.0587,36.721,潍坊市,潍坊七中,颗粒物(PM10),57,63,52,20,16,102,102,88,88,24,27,11,7,0.5,0.5
2022-10-23T17:00:00,3179A,102.7494,25.0119,昆明市,官渡区博物馆,,17,14,27,6,15,64,53,45,45,10,29,5,7,0.1,0.3
2022-10-23T17:00:00,3180A,99.7136,27.8094,迪庆州,质量技术监督局,,25,16,23,5,18,99,78,61,61,6,10,10,10,0.5,0.6
2022-10-23T17:00:00,3182A,106.7656,31.8545,巴中市,丽阳花园,细颗粒物(PM2.5),98,109,78,73,52,53,6,19,18,59,45,5,5,0.9,0.8
2022-10-23T17:00:00,3183A,106.7418,31.8654,巴中市,圣泉水务公司,细颗粒物(PM2.5),92,99,56,68,38,61,6,36,25,52,42,5,4,0.7,0.5
2022-10-23T17:00:00,3185A,112.5628,37.8964,太原市,巨轮,颗粒物(PM10),59,67,81,25,22,91,83,70,70,28,52,8,11,0.6,0.7
2022-10-23T17:00:00,3186A,103.7158,36.1058,兰州市,教育港,,,,96,,42,162,146,117,117,30,58,15,25,0.6,0.7
2022-10-23T17:00:00,3187A,116.9509,33.666,宿州市,远航博物馆,颗粒物(PM10),58,66,140,24,64,186,124,104,104,18,39,4,7,0.6,0.8
2022-10-23T17:00:00,3188A,115.6683,37.7217,衡水市,市城管局,,46,46,104,11,31,117,102,95,95,13,41,11,12,0.6,0.7
2022-10-23T17:00:00,3190A,116.0254,29.6994,九江市,外国语学校,臭氧1小时,94,69,68,39,46,205,195,173,173,16,25,9,10,1.1,1.1
2022-10-23T17:00:00,3191A,118.3225,33.9447,宿迁市,宿豫区政府,,,,107,,59,152,132,107,107,15,50,6,8,,1.1
2022-10-23T17:00:00,3192A,80.0903,32.5028,阿里地区,阿里藏医院,,31,6,11,4,4,101,99,89,89,2,4,16,16,0.6,0.6
2022-10-23T17:00:00,3194A,112.2747,30.3122,荆州市,管委会,臭氧1小时,113,62,78,37,60,230,225,203,203,18,38,8,12,0.8,1
2022-10-23T17:00:00,3195A,119.3633,32.3972,扬州市,市体育局,,48,48,71,6,28,96,94,93,93,15,28,5,6,0.2,0.5
2022-10-23T17:00:00,3200A,115.9819,36.4978,聊城市,监控中心,颗粒物(PM10),78,105,115,32,39,120,111,76,76,26,52,9,11,0.4,0.6
2022-10-23T17:00:00,3201A,102.6486,37.9325,武威市,东关招商场,颗粒物(PM10),61,71,88,26,46,132,132,104,104,9,21,11,8,0.4,0.6
2022-10-23T17:00:00,3204A,113.3025,33.73,平顶山市,规划局,颗粒物(PM10),97,143,170,60,81,172,172,136,136,14,39,11,11,0.8,1
2022-10-23T17:00:00,3206A,114.9149,27.807,新余市,新钢沁园村,,47,47,63,26,36,136,136,126,126,11,18,15,20,0.3,0.4
2022-10-23T17:00:00,3207A,118.3118,32.3038,滁州市,市政府原办公楼,颗粒物(PM10),52,54,79,20,36,124,105,111,111,13,28,8,9,0.3,0.5
2022-10-23T17:00:00,3208A,112.7283,38.4153,忻州市,市政府,,32,32,60,16,22,82,82,64,64,22,47,8,14,0.2,0.6
2022-10-23T17:00:00,3209A,119.5231,26.6562,宁德市,宁德一中,颗粒物(PM10),59,68,34,30,16,169,157,144,144,13,10,7,8,0.6,0.6
2022-10-23T17:00:00,3210A,114.3644,34.7964,开封市,汴京公园,细颗粒物(PM2.5),94,108,123,70,85,181,177,151,151,18,30,12,13,0.7,0.8
2022-10-23T17:00:00,3216A,114.6622,24.5183,漳州市,漳州党校,颗粒物(PM10),61,71,27,32,24,173,151,114,114,26,19,7,6,0.6,0.5
2022-10-23T17:00:00,3237A,117.4918,30.6617,池州市,展览馆,臭氧1小时,80,85,87,53,51,188,184,157,157,19,28,11,13,0.9,0.8
2022-10-23T17:00:00,3239A,125.0764,42.9078,辽源市,银鹰制药,,20,20,35,12,21,71,56,64,64,13,23,6,8,0.4,0.5
2022-10-23T17:00:00,3241A,103.7439,36.0842,兰州市,百合公园,颗粒物(PM10),64,77,84,36,37,145,136,109,109,23,48,17,21,0.6,0.7
2022-10-23T17:00:00,3242A,103.9611,35.998,兰州市,和平,颗粒物(PM10),60,69,81,34,41,134,112,93,93,18,28,10,15,0.7,0.8
2022-10-23T17:00:00,3247A,104.955,33.371,陇南市,市总工会,,48,48,60,22,29,117,117,93,93,11,17,9,9,0.4,0.4
2022-10-23T17:00:00,3248A,98.2643,39.7724,嘉峪关市,雄关区,颗粒物(PM10),54,58,53,25,22,125,121,88,88,12,29,11,9,0.4,0.2
2022-10-23T17:00:00,3265A,121.4316,31.3322,上海市,宝山庙行,,37,37,47,13,26,133,87,114,110,20,25,5,5,0.4,0.5
2022-10-23T17:00:00,3266A,121.8791,31.4662,上海市,崇明上实东滩,,,15,25,9,17,130,92,99,99,10,11,9,8,,0.7
2022-10-23T17:00:00,3268A,121.3162,31.2838,上海市,嘉定南翔,,34,34,37,9,27,132,92,115,115,11,15,7,6,0.5,0.5
2022-10-23T17:00:00,3269A,121.3359,30.7456,上海市,金山新城,颗粒物(PM10),67,83,56,36,33,147,106,126,126,25,24,6,5,0.8,0.7
2022-10-23T17:00:00,3270A,121.4996,31.0739,上海市,闵行浦江,,37,37,40,12,25,133,86,117,116,19,18,5,5,0.4,0.5
2022-10-23T17:00:00,3271A,121.2886,31.1663,上海市,青浦徐泾,,44,44,46,11,26,141,90,120,120,9,13,6,6,0.7,0.9
2022-10-23T17:00:00,3272A,121.2186,31.0378,上海市,松江图书馆,颗粒物(PM10),51,51,46,11,31,148,91,123,123,18,24,7,7,0.5,0.6
2022-10-23T17:00:00,3273A,121.3902,31.2059,上海市,长宁仙霞,,41,41,43,12,22,124,85,111,110,19,19,7,6,0.6,0.8
2022-10-23T17:00:00,3274A,121.7965,31.0507,上海市,浦东惠南,,32,32,32,18,26,130,93,110,110,13,16,4,4,0.7,0.8
2022-10-23T17:00:00,3281A,115.9718,40.4529,北京市,延庆夏都,,21,13,27,3,8,68,66,55,55,4,15,1,1,0.2,0.3
2022-10-23T17:00:00,3282A,113.3397,40.0597,大同市,大同市卫生学校,,27,4,40,0,16,85,85,75,75,3,15,4,16,0.3,0.7
2022-10-23T17:00:00,3283A,109.9154,40.5685,包头市,滨河大厦,,32,32,46,3,19,94,92,80,80,8,36,9,13,0.4,0.5
2022-10-23T17:00:00,3284A,106.813,39.7274,乌海市,海北新区,,36,29,60,4,20,116,114,81,81,12,47,21,41,0.5,1.1
2022-10-23T17:00:00,3285A,113.1376,40.9509,乌兰察布市,北京八中,,25,17,45,12,14,239,80,72,72,6,17,6,12,0.2,0.2
2022-10-23T17:00:00,3286A,118.9359,42.3147,赤峰市,桥北物流园区,,22,22,26,3,9,73,55,65,65,21,25,7,8,0.5,0.4
2022-10-23T17:00:00,3287A,119.3842,32.1976,镇江市,富润路1号,,37,24,60,6,27,129,116,118,118,18,53,6,7,0.4,0.6
2022-10-23T17:00:00,3288A,117.4754,34.4422,徐州市,大泉街道,颗粒物(PM10),63,76,120,22,40,140,118,101,100,20,34,9,9,0.7,0.9
2022-10-23T17:00:00,3289A,120.743,31.3188,苏州市,方洲路,,30,16,45,5,31,166,94,132,132,17,17,6,7,0.5,0.8
2022-10-23T17:00:00,3290A,120.5031,31.2774,苏州市,木渎中学,,37,20,47,9,28,220,116,143,143,15,21,6,7,0.5,0.9
2022-10-23T17:00:00,3291A,121.067,32.062,南通市,通州监测站,,41,41,35,14,20,102,102,98,98,16,9,4,3,0.2,0.4
2022-10-23T17:00:00,3293A,120.1501,33.3367,盐城市,月亮广场,,36,32,44,9,19,119,115,106,106,12,14,8,7,0.4,0.5
2022-10-23T17:00:00,3294A,119.5653,32.4222,扬州市,引江管理处,,30,27,43,6,22,105,96,93,93,15,24,6,9,0.4,0.7
2022-10-23T17:00:00,3295A,120.1259,32.5099,泰州市,姜堰区政府广场,,36,36,51,5,27,108,102,93,93,11,20,8,8,0.6,0.7
2022-10-23T17:00:00,3298A,113.5717,23.5491,广州市,从化街口,,45,36,51,24,29,151,141,143,143,7,42,6,7,0.5,0.7
2022-10-23T17:00:00,3299A,113.3472,23.3692,广州市,白云竹料,,50,48,66,19,36,165,160,156,156,12,48,9,9,0.4,0.6
2022-10-23T17:00:00,3300A,113.2981,23.237,广州市,白云嘉禾,臭氧1小时,55,54,78,27,32,178,164,155,155,25,66,10,11,0.6,0.7
2022-10-23T17:00:00,3301A,113.4256,23.1716,广州市,黄埔科学城,臭氧1小时,64,46,49,30,26,174,171,155,155,13,46,6,6,0.5,0.6
2022-10-23T17:00:00,3302A,113.3942,23.0483,广州市,番禺大学城,臭氧1小时,64,33,58,19,29,184,171,167,167,17,62,7,7,0.5,0.6
2022-10-23T17:00:00,3303A,113.4922,22.8168,广州市,南沙黄阁,臭氧1小时,113,53,63,36,29,226,225,189,189,28,49,6,7,0.7,0.7
2022-10-23T17:00:00,3304A,113.5342,22.7896,广州市,南沙街,臭氧1小时,111,65,56,33,28,222,222,185,185,31,40,7,8,0.6,0.6
2022-10-23T17:00:00,3305A,114.0731,22.559,深圳市,莲花,,48,48,36,28,22,133,124,106,106,26,28,6,5,0.7,0.7
2022-10-23T17:00:00,3306A,114.0261,22.6198,深圳市,民治,颗粒物(PM10),55,60,52,32,25,168,140,141,141,34,48,8,9,0.7,0.8
2022-10-23T17:00:00,3307A,114.1871,22.6451,深圳市,横岗,颗粒物(PM10),53,56,44,35,24,161,123,134,134,30,43,8,10,0.7,0.7
2022-10-23T17:00:00,3308A,113.3494,22.0569,珠海市,金湾,颗粒物(PM10),57,64,56,26,25,212,163,148,148,27,28,9,10,0.4,0.4
2022-10-23T17:00:00,3311A,113.1075,22.5647,江门市,江海富民,臭氧1小时,99,56,91,25,33,206,199,162,162,25,52,11,13,0.7,0.8
2022-10-23T17:00:00,3313A,112.4575,23.0166,肇庆市,高要湖西,臭氧1小时,70,47,64,27,36,183,176,177,177,13,41,9,20,0.4,0.6
2022-10-23T17:00:00,3314A,114.4338,22.8134,惠州市,惠阳秋长,"颗粒物(PM10),细颗粒物(PM2.5)",52,53,45,36,25,154,139,138,138,23,25,6,7,1.0,1
2022-10-23T17:00:00,3315A,116.1233,24.2991,梅州市,梅龙,,46,31,46,19,24,150,147,131,131,10,28,9,11,0.5,0.7
2022-10-23T17:00:00,3317A,111.9765,21.8947,阳江市,两阳中学,臭氧1小时,106,52,66,29,36,211,211,147,147,30,41,14,11,0.4,0.6
2022-10-23T17:00:00,3318A,112.9903,23.7403,清远市,清新太和,臭氧1小时,62,36,35,24,22,173,169,165,165,5,19,10,11,0.8,0.9
2022-10-23T17:00:00,3319A,113.7338,23.0381,东莞市,万江金泰,臭氧1小时,59,37,56,22,27,174,167,154,154,14,45,8,13,0.9,1
2022-10-23T17:00:00,3320A,116.403,23.5699,揭阳市,曲溪,臭氧1小时,65,66,52,39,35,172,172,127,127,14,20,6,11,0.6,0.7
2022-10-23T17:00:00,3323A,115.2773,40.9724,张家口市,青少年活动中心,,26,3,18,4,7,84,83,75,75,1,6,3,2,0.3,0.3
2022-10-23T17:00:00,3324A,116.8136,38.3004,沧州市,河北水利电力学院,,41,41,101,15,44,139,85,105,105,16,41,8,13,0.1,0.4
2022-10-23T17:00:00,3325A,117.0365,39.3828,天津市,雍阳西道,,26,11,57,4,24,82,82,63,63,8,41,3,5,0.3,0.5
2022-10-23T17:00:00,3326A,117.0296,39.0605,天津市,辛老路,,21,11,71,3,28,66,66,53,53,15,46,7,10,0.4,0.6
2022-10-23T17:00:00,3327A,116.9638,38.9375,天津市,地纬路,,22,11,77,4,36,73,70,62,62,10,37,5,10,0.2,0.5
2022-10-23T17:00:00,3328A,118.4209,31.3707,芜湖市,市气象局,细颗粒物(PM2.5),95,136,89,71,56,162,158,135,135,23,35,8,10,1.0,1
2022-10-23T17:00:00,3329A,117.0108,32.5893,淮南市,山南新区,颗粒物(PM10),72,93,121,28,77,175,112,142,142,21,24,6,9,0.3,0.6
2022-10-23T17:00:00,3330A,116.8873,33.9836,淮北市,杜集区检察院,颗粒物(PM10),55,59,114,26,62,170,107,99,99,15,37,8,11,0.4,0.6
2022-10-23T17:00:00,3331A,118.3267,32.2634,滁州市,图书馆,颗粒物(PM10),55,60,77,9,36,129,108,116,116,16,28,7,10,0.4,0.6
2022-10-23T17:00:00,3332A,115.7633,33.8034,亳州市,亳州学院,颗粒物(PM10),83,116,149,60,91,183,180,150,150,14,24,7,8,0.7,0.7
2022-10-23T17:00:00,3333A,117.5627,30.695,池州市,第八中学,细颗粒物(PM2.5),79,95,85,58,55,188,180,154,154,26,35,12,7,0.9,1
2022-10-23T17:00:00,3334A,117.5038,30.6243,池州市,第十二中学,臭氧1小时,85,99,80,57,53,195,188,166,166,26,31,11,7,0.9,0.8
2022-10-23T17:00:00,3335A,113.3137,35.2641,焦作市,马村街道办(新增191226),颗粒物(PM10),79,107,128,41,54,166,166,128,120,14,22,9,19,0.4,0.7
2022-10-23T17:00:00,3336A,113.2465,35.2373,焦作市,焦作技师学院(新增200110),颗粒物(PM10),89,127,125,51,58,150,150,113,113,13,17,10,8,0.3,0.5
2022-10-23T17:00:00,3337A,113.8614,34.0442,许昌市,许昌学院,颗粒物(PM10),82,113,148,46,71,182,175,155,155,13,28,9,9,0.5,0.9
2022-10-23T17:00:00,3338A,113.843,34.0823,许昌市,芙蓉广场,颗粒物(PM10),85,119,142,46,68,179,174,142,142,20,42,10,15,0.5,1
2022-10-23T17:00:00,3339A,114.0012,33.0412,驻马店市,小管楼,颗粒物(PM10),98,145,193,58,100,200,167,150,150,22,39,10,11,0.6,0.8
2022-10-23T17:00:00,3340A,112.6005,34.6326,洛阳市,伊滨,颗粒物(PM10),78,106,125,40,58,177,171,132,132,13,43,13,11,0.5,0.7
2022-10-23T17:00:00,3341A,112.4951,34.6332,洛阳市,中移产业园,细颗粒物(PM2.5),92,96,112,68,65,181,177,137,137,19,47,12,11,0.4,0.5
2022-10-23T17:00:00,3342A,128.4741,47.4346,伊春市,中心小学,,23,23,22,5,10,54,35,47,47,16,9,5,5,0.3,0.2
2022-10-23T17:00:00,3343A,128.6871,47.7369,伊春市,检察院,,25,18,15,17,12,60,47,54,54,10,5,7,7,0.2,0.1
2022-10-23T17:00:00,3344A,128.8431,47.8474,伊春市,双子河社区,,43,43,14,15,10,60,39,52,52,23,9,9,8,0.6,0.5
2022-10-23T17:00:00,3345A,131.0577,45.7879,七台河市,中波台,,25,25,27,9,13,63,50,53,53,19,30,8,16,0.4,0.6
2022-10-23T17:00:00,3346A,108.3872,31.1628,重庆市,安康,细颗粒物(PM2.5),99,91,83,74,59,102,64,73,73,26,40,8,9,0.5,0.5
2022-10-23T17:00:00,3347A,105.9017,29.3569,重庆市,北山路,细颗粒物(PM2.5),179,179,166,135,146,162,130,96,96,35,50,26,18,1.2,1.2
2022-10-23T17:00:00,3348A,105.839,30.1946,重庆市,春阳街,细颗粒物(PM2.5),109,103,124,82,96,185,123,104,104,24,42,15,14,0.8,1
2022-10-23T17:00:00,3349A,107.7983,30.6758,重庆市,人民东路,颗粒物(PM10),59,68,102,36,68,124,75,52,49,20,37,7,9,0.8,1
2022-10-23T17:00:00,3350A,106.6479,29.0244,重庆市,滩子口,细颗粒物(PM2.5),178,178,148,134,114,133,100,49,49,38,52,75,35,1.3,1.2
2022-10-23T17:00:00,3351A,105.7167,29.7076,重庆市,棠香,细颗粒物(PM2.5),200,196,123,150,92,150,150,103,103,38,37,22,9,1.0,0.9
2022-10-23T17:00:00,3352A,107.0732,29.8617,重庆市,桃源西路,细颗粒物(PM2.5),160,117,105,122,102,170,55,48,44,31,42,11,13,0.8,0.9
2022-10-23T17:00:00,3353A,107.3535,29.7287,重庆市,迎宾大道,细颗粒物(PM2.5),158,165,122,120,105,127,24,15,15,89,76,6,4,1.2,1.1
2022-10-23T17:00:00,3354A,108.815,29.5081,重庆市,舟白,细颗粒物(PM2.5),57,49,58,40,43,140,136,127,127,10,22,4,4,0.5,0.6
2022-10-23T17:00:00,3355A,108.3679,30.8426,重庆市,周家坝,细颗粒物(PM2.5),112,99,97,84,73,77,53,30,30,51,71,9,9,0.8,0.8
2022-10-23T17:00:00,3356A,108.4319,30.7555,重庆市,百安坝,细颗粒物(PM2.5),103,109,101,77,69,147,28,33,31,78,63,21,22,0.6,0.6
2022-10-23T17:00:00,3357A,104.0106,30.6931,成都市,金博路,细颗粒物(PM2.5),107,107,123,80,76,174,160,118,118,16,64,5,7,0.7,1
2022-10-23T17:00:00,3358A,103.8458,30.6994,成都市,临江路,细颗粒物(PM2.5),60,68,90,43,60,197,138,133,133,30,41,7,11,0.5,0.6
2022-10-23T17:00:00,3359A,104.0578,30.5225,成都市,华阳,细颗粒物(PM2.5),58,61,78,41,55,182,156,121,121,11,54,6,6,0.4,0.7
2022-10-23T17:00:00,3360A,104.7894,29.3194,自贡市,南湖救助站,细颗粒物(PM2.5),100,102,140,75,109,153,143,98,98,33,64,18,14,0.5,0.8
2022-10-23T17:00:00,3361A,103.7311,29.5628,乐山市,理工大学,细颗粒物(PM2.5),107,115,113,80,77,167,131,70,70,22,46,15,14,0.9,1.1
2022-10-23T17:00:00,3362A,120.5014,36.4034,青岛市,即墨2号,,44,44,45,12,14,109,81,77,77,24,27,7,7,0.2,0.3
2022-10-23T17:00:00,3363A,117.9883,36.8372,淄博市,新区,颗粒物(PM10),56,61,88,9,26,112,96,68,68,28,47,10,17,0.2,0.6
2022-10-23T17:00:00,3364A,117.3152,34.8103,枣庄市,市环保局,颗粒物(PM10),66,81,116,14,40,171,100,103,88,23,26,10,12,0.7,0.7
2022-10-23T17:00:00,3365A,118.5719,37.565,东营市,垦利区民丰路,颗粒物(PM10),52,53,46,22,11,127,127,108,108,21,42,16,17,0.5,0.6
2022-10-23T17:00:00,3366A,121.5206,37.4336,烟台市,中国农业大学,颗粒物(PM10),56,61,30,7,3,102,98,80,80,15,12,8,6,0.4,0.3
2022-10-23T17:00:00,3368A,119.1977,36.6872,潍坊市,高新实验学校,颗粒物(PM10),54,58,51,12,17,95,94,84,84,18,26,8,7,0.4,0.4
2022-10-23T17:00:00,3369A,118.3977,35.0278,临沂市,开发区幼儿园,,,,,,,,,,,,,,,,
2022-10-23T17:00:00,3370A,118.3564,35.0215,临沂市,十里堡居委,颗粒物(PM10),54,58,84,9,34,181,119,102,102,17,24,5,6,0.4,0.6
2022-10-23T17:00:00,3371A,116.3728,37.4403,德州市,开发区人民医院,颗粒物(PM10),71,91,126,31,45,133,116,99,99,29,50,7,13,0.4,0.6
2022-10-23T17:00:00,3372A,116.3572,37.4094,德州市,太阳城中学,颗粒物(PM10),64,77,121,22,43,139,116,106,106,26,45,9,14,0.6,0.8
2022-10-23T17:00:00,3374A,115.5564,35.0891,菏泽市,定陶老年大学,颗粒物(PM10),71,92,152,46,73,163,147,132,132,18,42,12,14,0.6,0.8
2022-10-23T17:00:00,3375A,102.8017,24.8336,昆明市,青年创业园,,,,26,,13,20,,23,,,24,,6,,0.6
2022-10-23T17:00:00,3376A,103.7947,25.462,曲靖市,南苑二区,,24,24,32,15,22,73,54,62,62,12,12,8,10,0.7,0.9
2022-10-23T17:00:00,3377A,103.7444,25.5261,曲靖市,曲靖师范学院,,25,18,30,17,24,72,56,64,64,13,16,7,7,0.6,0.7
2022-10-23T17:00:00,3378A,122.371,40.6771,营口市,老边实验中学,,21,21,58,6,29,64,55,57,57,29,46,12,33,0.2,0.9
2022-10-23T17:00:00,3379A,122.1139,40.2278,营口市,鲅鱼圈市民活动中心,,33,33,35,8,14,65,60,60,60,11,28,8,11,0.2,0.3
2022-10-23T17:00:00,3380A,102.8914,34.9617,甘南州,甘肃民族师范学院,,24,3,18,4,13,85,75,68,68,10,15,16,9,0,0.4
2022-10-23T17:00:00,3396A,112.0828,32.0067,襄阳市,襄城隆中路,细颗粒物(PM2.5),109,141,102,82,56,217,214,167,167,20,26,13,17,1.0,0.9
2022-10-23T17:00:00,3397A,112.1214,32.1008,襄阳市,高新台子湾,细颗粒物(PM2.5),110,108,119,83,81,230,216,184,184,13,44,15,16,1.3,1.4
2022-10-23T17:00:00,3398A,114.9136,30.4445,黄冈市,市林业局,臭氧1小时,99,69,82,35,41,199,199,171,171,15,23,6,10,0.6,0.7
2022-10-23T17:00:00,3399A,112.6703,26.882,衡阳市,师范学院,臭氧1小时,108,53,75,44,52,216,216,188,188,12,14,11,12,0.8,0.8
2022-10-23T17:00:00,3400A,109.1911,21.4415,北海市,龙潭自来水厂,臭氧1小时,115,96,93,72,72,234,229,175,175,16,23,18,10,0.9,1
2022-10-23T17:00:00,3401A,108.4834,22.7618,南宁市,红星社区,臭氧1小时,79,50,84,37,50,183,183,156,156,13,50,12,13,0.7,0.8
2022-10-23T17:00:00,3402A,109.5422,24.3996,柳州市,市二中,颗粒物(PM10),52,53,54,26,37,152,152,143,143,8,15,10,10,0.6,0.7
2022-10-23T17:00:00,3403A,110.1764,25.2381,桂林市,创业大厦,臭氧1小时,75,53,54,27,34,189,180,181,181,8,9,10,13,0.6,0.6
2022-10-23T17:00:00,3404A,108.5959,21.9633,钦州市,北职校,,50,50,78,32,53,159,159,142,142,11,27,14,14,0.7,0.9
2022-10-23T17:00:00,3405A,109.5886,23.1172,贵港市,新世纪学校,臭氧1小时,70,53,80,30,43,181,176,155,155,18,24,11,12,0.9,1
2022-10-23T17:00:00,3406A,106.6085,23.8798,百色市,祈福高中,,32,32,33,22,17,94,93,68,68,9,15,8,8,0.6,0.7
2022-10-23T17:00:00,3407A,120.6916,30.7739,嘉兴市,秀洲住建,颗粒物(PM10),61,72,51,36,30,209,154,160,160,25,26,4,4,0.6,0.5
2022-10-23T17:00:00,3408A,120.5683,29.9361,绍兴市,绍兴中专,细颗粒物(PM2.5),54,56,66,38,47,172,158,133,133,20,36,8,8,0.9,0.8
2022-10-23T17:00:00,3409A,120.4906,30.0861,绍兴市,柯桥区政府,颗粒物(PM10),55,60,69,32,38,160,158,134,134,22,30,8,9,0.7,0.7
2022-10-23T17:00:00,3410A,120.8752,30.0249,绍兴市,重华小学,颗粒物(PM10),58,66,59,38,34,154,149,133,133,13,16,10,10,0.9,0.8
2022-10-23T17:00:00,3411A,120.8369,30.0137,绍兴市,上虞中学,颗粒物(PM10),53,55,55,27,28,144,142,124,124,17,20,7,8,0.8,0.7
2022-10-23T17:00:00,3413A,118.1953,28.4401,上饶市,广丰区教体局,臭氧1小时,55,45,66,30,46,178,164,164,164,13,21,7,13,0.9,1
2022-10-23T17:00:00,3415A,114.4519,28.0828,宜春市,万载县环保局,,,30,83,19,48,178,149,150,150,10,46,7,20,,0.2
2022-10-23T17:00:00,3416A,119.1755,36.7149,潍坊市,潍坊学院,颗粒物(PM10),56,61,52,6,11,105,105,88,88,18,25,6,5,0.4,0.5
2022-10-23T17:00:00,3417A,117.0709,40.1465,北京市,平谷新城,,21,9,18,2,8,72,66,66,66,9,11,3,3,0.1,0.1
2022-10-23T17:00:00,3418A,116.8336,40.4095,北京市,密云新城,,21,10,8,3,3,69,66,63,63,12,12,3,3,0.2,0.2
2022-10-23T17:00:00,3419A,109.9447,40.6261,包头市,包头市委党校,,29,16,38,3,11,91,90,74,74,7,30,10,11,0.6,0.6
2022-10-23T17:00:00,3421A,113.1775,40.9779,乌兰察布市,市委党校,,25,18,38,7,14,83,78,72,72,6,22,20,12,0.2,0.3
2022-10-23T17:00:00,3422A,118.8436,31.9198,南京市,江宁彩虹桥,,50,50,75,14,36,164,124,141,141,17,40,5,6,0.4,0.7
2022-10-23T17:00:00,3423A,119.0138,31.6494,南京市,溧水永阳,颗粒物(PM10),64,78,70,44,36,159,152,138,138,6,12,4,4,0.5,0.6
2022-10-23T17:00:00,3424A,118.879,31.3302,南京市,高淳老职中,细颗粒物(PM2.5),72,91,56,52,36,212,159,139,139,16,20,5,5,0.7,0.7
2022-10-23T17:00:00,3425A,120.624,31.1733,苏州市,越秀幼儿园,颗粒物(PM10),60,70,54,10,30,215,121,150,150,16,24,6,7,0.6,0.8
2022-10-23T17:00:00,3426A,118.8755,33.2894,淮安市,新华书店,颗粒物(PM10),57,64,88,8,33,118,111,100,100,17,36,7,7,0.5,0.8
2022-10-23T17:00:00,3427A,118.8554,32.3578,南京市,六合雄州,,46,46,66,12,30,109,105,103,103,15,34,6,6,0.4,0.6
2022-10-23T17:00:00,3428A,120.3142,31.4753,无锡市,华庄,,24,24,68,6,41,151,68,125,123,28,25,9,9,0.6,1
2022-10-23T17:00:00,3429A,119.8598,31.7066,常州市,武进经发区,,27,21,54,8,38,155,86,122,122,31,33,5,5,0.3,0.6
2022-10-23T17:00:00,3430A,119.5826,31.7245,常州市,金坛城区,,36,29,60,13,39,151,113,130,130,15,24,5,6,0.4,0.7
2022-10-23T17:00:00,3431A,120.6505,31.416,苏州市,高铁新城,,32,21,51,6,32,163,102,134,134,15,22,7,7,0.4,0.8
2022-10-23T17:00:00,3432A,120.9348,31.9883,南通市,环境教育馆,,36,36,40,12,22,113,102,105,105,8,12,3,3,0.4,0.4
2022-10-23T17:00:00,3434A,119.2413,34.6539,连云港市,工贸学校,,42,42,55,12,31,121,85,66,66,14,25,2,2,0.4,0.5
2022-10-23T17:00:00,3435A,119.9192,32.4322,泰州市,周山河街区,,44,44,44,8,23,118,96,91,91,15,16,7,9,0.4,0.6
2022-10-23T17:00:00,3436A,120.4279,33.205,盐城市,大丰高级中学,颗粒物(PM10),54,58,48,9,16,117,116,107,107,10,15,6,6,0.4,0.5
2022-10-23T17:00:00,3437A,88.3118,43.3658,乌鲁木齐市,达坂城区环保局,颗粒物(PM10),132,213,153,51,41,105,105,89,89,4,5,4,3,0.2,0.2
2022-10-23T17:00:00,3438A,87.6162,43.8801,乌鲁木齐市,红光山片区,颗粒物(PM10),70,89,60,28,27,110,97,75,75,31,36,19,12,0.9,0.7
2022-10-23T17:00:00,3439A,87.7024,43.8004,乌鲁木齐市,新师大温泉校区,颗粒物(PM10),78,105,176,21,50,109,91,96,96,22,8,14,7,0.6,0.3
2022-10-23T17:00:00,3440A,87.4921,43.8411,乌鲁木齐市,大绿谷,细颗粒物(PM2.5),82,100,181,60,60,106,101,91,84,24,24,23,12,1.0,0.8
2022-10-23T17:00:00,3441A,87.546,44.1912,五家渠市,经开区管委会,颗粒物(PM10),69,87,87,32,50,89,82,52,52,16,28,20,20,1.2,1.4
2022-10-23T17:00:00,3442A,86.047,44.2331,石河子市,南区管委会,颗粒物(PM10),84,117,85,33,40,104,103,78,78,12,18,12,14,0.6,0.7
2022-10-23T17:00:00,3443A,113.2902,23.5544,广州市,花都梯面,,46,30,30,16,18,182,147,153,153,8,37,6,8,0.5,0.6
2022-10-23T17:00:00,3444A,116.454,23.2684,汕头市,潮南峡山,颗粒物(PM10),56,62,51,34,19,161,155,131,131,13,13,8,8,0.6,0.7
2022-10-23T17:00:00,3445A,113.7858,23.7478,广州市,从化良口,,45,25,25,19,17,145,142,142,142,8,20,8,7,0.5,0.5
2022-10-23T17:00:00,3446A,113.8051,23.2614,广州市,增城荔城,,45,29,42,18,22,158,141,136,136,15,25,8,9,0.4,0.5
2022-10-23T17:00:00,3447A,114.3551,22.7151,深圳市,坪山,颗粒物(PM10),51,52,47,28,23,147,133,125,125,15,29,7,8,0.6,0.6
2022-10-23T17:00:00,3448A,113.5433,22.1163,珠海市,横琴,颗粒物(PM10),52,54,41,22,20,231,151,148,148,34,24,11,10,0.6,0.5
2022-10-23T17:00:00,3449A,113.05,22.4667,江门市,新会银湖,臭氧1小时,119,65,74,27,34,237,237,184,184,20,43,8,9,0.7,0.8
2022-10-23T17:00:00,3450A,111.01,21.5165,茂名市,电白水东,臭氧1小时,87,53,70,31,41,191,189,161,161,11,17,12,20,0.8,0.8
2022-10-23T17:00:00,3451A,112.5617,23.2083,肇庆市,鼎湖凤凰,臭氧1小时,72,42,32,29,21,180,177,159,159,10,11,9,8,0.7,0.6
2022-10-23T17:00:00,3452A,114.6517,22.775,惠州市,大亚湾霞涌,,,75,35,21,20,140,134,114,114,,16,5,6,0.3,0.4
2022-10-23T17:00:00,3453A,112.0125,21.8749,阳江市,阳东陶然,臭氧1小时,109,71,70,38,42,223,218,176,167,19,23,13,11,0.6,0.7
2022-10-23T17:00:00,3454A,113.3528,22.478,中山市,中山南区,臭氧1小时,122,53,50,29,29,248,243,194,194,18,28,10,9,0.5,0.6
2022-10-23T17:00:00,3455A,113.076,23.7198,清远市,清城东城,臭氧1小时,75,42,45,22,25,184,180,170,170,8,20,10,12,0.7,0.7
2022-10-23T17:00:00,3456A,114.289,38.0906,石家庄市,鹿泉一中,,47,47,78,19,32,96,91,82,82,36,40,9,10,0.4,0.5
2022-10-23T17:00:00,3457A,118.4359,39.2762,唐山市,冀东油田职工医院,颗粒物(PM10),53,55,58,9,19,77,69,59,59,20,43,5,6,0.4,0.4
2022-10-23T17:00:00,3458A,114.7895,36.5593,邯郸市,香泉濮院小区,颗粒物(PM10),71,91,122,34,46,138,138,101,101,18,53,12,14,0.6,0.8
2022-10-23T17:00:00,3459A,115.5989,37.5491,衡水市,地表水厂,,31,29,73,11,34,121,99,96,96,10,55,7,9,0.3,0.4
2022-10-23T17:00:00,3460A,117.4067,40.0583,天津市,北环路,,25,8,14,1,4,80,77,65,65,10,17,3,4,0.1,0.2
2022-10-23T17:00:00,3461A,117.3045,39.7169,天津市,建设路,,22,10,52,4,20,78,68,66,66,21,42,8,10,0.2,0.5
2022-10-23T17:00:00,3462A,117.8199,39.3521,天津市,滨水东路,,22,10,49,2,18,76,69,60,60,12,52,6,9,0.2,0.9
2022-10-23T17:00:00,3463A,116.9708,33.591,宿州市,社会福利中心,颗粒物(PM10),62,73,132,21,81,168,117,107,107,17,33,5,6,0.5,0.7
2022-10-23T17:00:00,3464A,117.3803,31.9147,合肥市,高教基地,,44,42,46,26,29,185,139,154,154,14,27,5,4,0.4,0.4
2022-10-23T17:00:00,3465A,118.4781,31.3225,芜湖市,清苑社区,细颗粒物(PM2.5),80,97,78,59,53,165,146,138,138,33,44,6,7,0.8,0.8
2022-10-23T17:00:00,3466A,118.2746,31.2326,芜湖市,扬子职业技术学院,细颗粒物(PM2.5),94,105,88,70,62,170,160,142,142,25,56,5,6,0.8,0.8
2022-10-23T17:00:00,3468A,115.7901,32.8613,阜阳市,市规划展馆,细颗粒物(PM2.5),144,154,170,110,121,218,210,165,165,30,54,14,13,0.7,1
2022-10-23T17:00:00,3469A,115.836,32.9183,阜阳市,枣园社区,臭氧1小时,103,124,169,68,100,209,205,162,162,29,69,14,13,0.7,0.9
2022-10-23T17:00:00,3470A,118.7724,30.9141,宣城市,夏渡子站,颗粒物(PM10),66,81,75,47,53,202,168,184,163,17,30,4,5,0.8,0.8
2022-10-23T17:00:00,3471A,113.616563,34.86783,郑州市,惠济区政府,细颗粒物(PM2.5),73,94,118,53,72,160,159,155,155,17,32,9,10,0.4,0.6
2022-10-23T17:00:00,3473A,114.2485,34.8306,开封市,技师学院,细颗粒物(PM2.5),104,124,145,78,84,186,182,143,143,20,36,11,10,0.6,0.6
2022-10-23T17:00:00,3474A,114.2617,35.6822,鹤壁市,大新区,颗粒物(PM10),69,87,100,46,53,155,142,122,122,21,25,16,11,0.6,0.7
2022-10-23T17:00:00,3475A,113.9188,35.3045,新乡市,市政府,细颗粒物(PM2.5),82,110,102,60,61,173,173,128,128,15,40,12,12,0.6,0.7
2022-10-23T17:00:00,3476A,113.9135,35.3327,新乡市,河师大,颗粒物(PM10),85,119,132,42,57,172,172,126,126,20,43,12,13,0.6,0.7
2022-10-23T17:00:00,3477A,113.1656,35.2539,焦作市,中站许衡医院(新增191226),颗粒物(PM10),84,118,111,52,52,182,175,139,139,18,23,12,11,0.6,0.6
2022-10-23T17:00:00,3478A,113.9749,33.5664,漯河市,市图书馆,颗粒物(PM10),93,135,182,56,109,189,189,136,136,26,48,11,12,0.8,1
2022-10-23T17:00:00,3479A,114.0967,33.5906,漯河市,召陵区卫健委,细颗粒物(PM2.5),107,147,196,80,123,190,181,139,139,27,45,12,12,0.8,0.9
2022-10-23T17:00:00,3480A,129.1368,47.6417,伊春市,美溪镇,,23,23,18,8,10,58,47,54,54,12,7,2,2,0.6,0.6
2022-10-23T17:00:00,3481A,125.141,46.634,大庆市,萨区政府监测点,,25,19,15,17,10,61,47,54,54,15,18,18,7,0.3,0.3
2022-10-23T17:00:00,3482A,107.7541,29.3277,重庆市,芙蓉中路,,45,41,75,31,47,140,122,84,84,24,47,10,32,0.3,0.4
2022-10-23T17:00:00,3483A,108.7661,29.5368,重庆市,西山,,43,43,47,19,35,144,130,112,112,16,37,9,8,0.3,0.5
2022-10-23T17:00:00,3484A,106.2628,29.32,重庆市,行政中心,细颗粒物(PM2.5),155,182,191,118,131,147,83,44,44,60,92,27,11,1.3,1.3
2022-10-23T17:00:00,3485A,107.0944,29.1608,重庆市,高寺路,细颗粒物(PM2.5),92,90,107,68,84,143,112,67,67,37,56,19,13,0.4,0.7
2022-10-23T17:00:00,3486A,124.4036,43.1411,四平市,植物园,,20,16,26,6,12,69,61,63,63,8,25,2,6,0.2,0.3
2022-10-23T17:00:00,3487A,104.2394,30.5319,成都市,车城东七路,,,72,78,48,50,174,174,133,133,,50,8,6,0.6,0.7
2022-10-23T17:00:00,3488A,104.3853,30.7453,成都市,青白江技师分院,细颗粒物(PM2.5),58,51,61,41,45,162,144,123,123,16,51,4,5,0.5,0.6
2022-10-23T17:00:00,3489A,104.0789,30.4072,成都市,科学城,,,,88,,58,63,,69,,,48,,9,,0.6
2022-10-23T17:00:00,3490A,105.3617,28.7703,泸州市,纳溪区环保局,细颗粒物(PM2.5),113,94,118,85,95,157,68,45,45,58,54,11,14,0.9,0.9
2022-10-23T17:00:00,3491A,104.69,31.5322,绵阳市,西科大附属小学,,42,31,53,17,29,134,133,92,92,9,46,5,6,0.4,0.6
2022-10-23T17:00:00,3492A,104.5648,31.5343,绵阳市,安州区旅游局,,42,42,84,20,40,136,133,95,95,13,39,4,3,0.5,0.6
2022-10-23T17:00:00,3494A,117.1673,36.9782,济南市,济阳区政府,颗粒物(PM10),64,78,117,12,29,119,81,72,72,32,37,14,14,0.3,0.5
2022-10-23T17:00:00,3495A,117.1171,36.63,济南市,锦屏中学,颗粒物(PM10),64,78,77,20,24,137,98,88,88,31,27,6,5,0.7,0.7
2022-10-23T17:00:00,3496A,118.3604,35.1084,临沂市,南坊新区,颗粒物(PM10),54,58,87,12,34,182,113,98,98,19,25,7,8,0.3,0.5
2022-10-23T17:00:00,3498A,118.5055,37.8612,东营市,河口城区,颗粒物(PM10),56,61,57,17,15,130,98,106,106,22,23,7,11,0.5,0.6
2022-10-23T17:00:00,3500A,116.5814,35.3707,济宁市,北湖一中,,,72,119,22,75,157,120,130,130,,37,9,11,0.5,0.9
2022-10-23T17:00:00,3501A,116.8249,35.5593,济宁市,服务中心,细颗粒物(PM2.5),73,92,162,53,76,155,155,128,128,20,36,14,14,0.8,1
2022-10-23T17:00:00,3502A,117.1812,36.2275,泰安市,国网新校,,,,,24,33,127,106,90,90,14,17,10,7,0.5,0.6
2022-10-23T17:00:00,3503A,117.0313,36.2018,泰安市,交通技校,颗粒物(PM10),61,71,82,29,37,116,96,84,84,24,37,10,7,0.6,0.6
2022-10-23T17:00:00,3504A,117.0829,36.13,泰安市,山东第一医科大学,颗粒物(PM10),60,70,122,26,39,130,105,89,89,24,31,11,12,0.6,0.8
2022-10-23T17:00:00,3505A,122.1379,37.3414,威海市,临港区管委会,,31,22,25,6,5,98,97,83,83,12,12,4,3,0.3,0.3
2022-10-23T17:00:00,3507A,119.5328,35.4625,日照市,职业技术学院,颗粒物(PM10),52,53,64,12,22,169,78,81,81,31,21,7,7,0.3,0.3
2022-10-23T17:00:00,3511A,116.5652,37.3319,德州市,陵城艺术中心,颗粒物(PM10),75,100,125,34,39,139,138,102,102,27,42,8,11,0.5,0.6
2022-10-23T17:00:00,3512A,116.049,36.4674,聊城市,华润纺织,颗粒物(PM10),78,106,147,31,51,134,126,102,102,23,57,12,20,0.5,0.8
2022-10-23T17:00:00,3513A,116.0445,36.4361,聊城市,九州社区,颗粒物(PM10),71,92,120,29,46,133,133,94,94,14,49,7,14,0.4,0.6
2022-10-23T17:00:00,3514A,117.9378,37.3956,滨州市,中海酒店,,42,42,56,9,19,108,101,96,96,14,28,13,17,0.3,0.5
2022-10-23T17:00:00,3515A,117.9378,37.3553,滨州市,开发区一中,颗粒物(PM10),51,51,83,17,26,105,97,91,91,19,39,12,20,0.3,0.7
2022-10-23T17:00:00,3516A,118.0917,37.694,滨州市,金海六路,颗粒物(PM10),59,68,66,28,21,123,123,101,101,21,31,9,15,0.2,0.3
2022-10-23T17:00:00,3520A,106.3495,38.9836,石嘴山市,妇女儿童医院,颗粒物(PM10),56,62,64,33,35,120,120,70,70,18,42,16,34,0.6,0.9
2022-10-23T17:00:00,3521A,106.7492,39.2069,石嘴山市,石大公路,,46,46,67,18,23,102,102,71,71,16,38,7,17,0.3,0.6
2022-10-23T17:00:00,3522A,106.2177,35.9959,固原市,原州区十五小,颗粒物(PM10),58,66,81,25,30,124,112,104,104,13,21,7,9,0.4,0.5
2022-10-23T17:00:00,3523A,106.5105,38.3856,银川市,滨河新区,,46,46,43,15,16,106,106,82,82,13,19,9,12,0.5,0.5
2022-10-23T17:00:00,3524A,108.6116,34.1164,西安市,文体局,颗粒物(PM10),87,123,133,58,68,142,114,82,82,47,50,17,9,0.6,0.6
2022-10-23T17:00:00,3525A,108.6396,34.4078,咸阳市,奥体中心,颗粒物(PM10),90,130,178,53,85,132,88,76,76,50,74,13,9,0.8,1
2022-10-23T17:00:00,3526A,119.5189,25.9664,福州市,吴航,,43,39,45,25,28,151,136,136,136,8,8,6,7,0.3,0.3
2022-10-23T17:00:00,3527A,118.0958,24.5688,厦门市,集美中学,颗粒物(PM10),51,51,41,22,18,170,137,137,137,18,20,3,3,0.4,0.4
2022-10-23T17:00:00,3528A,118.1493,24.7245,厦门市,同安二实小,颗粒物(PM10),52,53,37,27,18,175,151,139,139,21,18,10,9,0.5,0.5
2022-10-23T17:00:00,3529A,118.6333,24.9264,泉州市,城华南路,,46,46,37,20,18,138,113,126,126,12,11,8,8,0.6,0.6
2022-10-23T17:00:00,3530A,117.6296,24.5314,漳州市,西洋坪路,颗粒物(PM10),59,68,36,38,18,163,158,112,112,20,16,6,5,0.4,0.4
2022-10-23T17:00:00,3531A,110.296,25.1253,桂林市,旅游学院,臭氧1小时,88,44,40,24,27,195,190,188,188,11,10,12,13,0.6,0.6
2022-10-23T17:00:00,3532A,110.1945,22.6831,玉林市,玉林师范学院东校区,臭氧1小时,63,40,66,38,50,170,170,141,141,15,33,10,17,0.6,0.7
2022-10-23T17:00:00,3533A,110.0527,22.5893,玉林市,福绵环保局,臭氧1小时,69,51,92,39,53,185,175,156,156,12,33,7,10,0.7,0.9
2022-10-23T17:00:00,3534A,111.4744,24.4553,贺州市,西湾,臭氧1小时,84,78,71,54,46,194,187,179,179,16,21,11,11,0.8,0.8
2022-10-23T17:00:00,3535A,109.1781,23.7297,来宾市,兴宾区政府,臭氧1小时,100,71,68,48,40,201,200,179,179,14,16,17,15,0.7,0.8
2022-10-23T17:00:00,3536A,106.8547,27.5919,遵义市,第十二小学,,43,38,72,26,55,144,137,132,132,9,34,3,5,0.5,0.7
2022-10-23T17:00:00,3537A,105.3631,27.3533,毕节市,长征村,细颗粒物(PM2.5),62,53,62,44,52,150,140,140,140,12,13,8,10,0.5,0.6
2022-10-23T17:00:00,3538A,107.5175,26.2978,黔南布依族苗族自治州,沙坝,颗粒物(PM10),53,56,34,24,18,161,154,146,146,21,14,6,5,0.5,0.5
2022-10-23T17:00:00,3539A,110.5111,19.9736,海口市,桂林洋子站,臭氧1小时,92,55,47,33,30,195,193,185,185,8,19,13,7,1.0,0.7
2022-10-23T17:00:00,3540A,109.7348,18.3443,三亚市,君悦子站,,32,24,38,11,20,159,102,94,94,6,14,3,4,0.4,0.5
2022-10-23T17:00:00,3541A,109.5726,19.5167,儋州市,第一中学子站,颗粒物(PM10),52,54,48,34,28,150,144,124,124,9,12,8,7,0.7,0.7
2022-10-23T17:00:00,3542A,109.5567,19.5187,儋州市,东坡学校子站,颗粒物(PM10),53,55,48,36,24,165,138,128,128,11,11,8,6,0.6,0.5
2022-10-23T17:00:00,3544A,121.4891,30.925,上海市,奉贤南桥新城,颗粒物(PM10),56,62,51,16,24,148,92,127,126,23,16,6,6,0.6,0.7
2022-10-23T17:00:00,3545A,110.8054,32.8401,十堰市,郧阳区金沙路,臭氧1小时,79,82,59,56,40,188,183,141,141,20,19,14,9,0.9,0.8
2022-10-23T17:00:00,3546A,111.4606,30.552,宜昌市,猇亭区张家湾站,臭氧1小时,106,75,64,39,40,212,212,184,184,14,24,7,12,0.6,0.7
2022-10-23T17:00:00,3547A,112.1632,31.0138,荆门市,龙泉中学南校,,,,94,,59,226,214,208,208,14,19,16,15,0.8,1.1
2022-10-23T17:00:00,3548A,112.1655,30.3364,荆州市,学苑路,臭氧1小时,106,8,7,48,58,225,212,196,196,14,27,11,11,1.5,1.6
2022-10-23T17:00:00,3549A,109.5061,30.3772,恩施土家族苗族自治州,龙凤新区,细颗粒物(PM2.5),59,56,73,42,54,134,120,103,103,17,14,6,6,0.9,1
2022-10-23T17:00:00,3550A,102.7997,24.9786,昆明市,昆明学院,,17,17,24,10,13,62,49,49,49,16,20,5,7,0.4,0.5
2022-10-23T17:00:00,3551A,102.5967,24.6736,昆明市,晋宁区生态环境分局,,22,10,29,7,26,72,70,57,57,8,18,5,5,0.4,0.6
2022-10-23T17:00:00,3552A,102.6678,24.9856,昆明市,云天化总部,,20,9,17,6,12,82,62,56,56,10,16,9,8,0.3,0.3
2022-10-23T17:00:00,3557A,119.9464,30.0494,杭州市,镇二中,"颗粒物(PM10),臭氧1小时",59,67,77,35,43,200,167,140,140,32,32,7,9,0.9,0.9
2022-10-23T17:00:00,3558A,119.7183,30.2367,杭州市,市府大楼,颗粒物(PM10),56,61,76,39,51,194,163,154,154,24,28,8,9,0.8,0.9
2022-10-23T17:00:00,3560A,120.4722,30.0415,绍兴市,柯桥妇保,颗粒物(PM10),58,66,71,37,47,150,147,123,123,20,28,6,6,0.7,0.8
2022-10-23T17:00:00,3561A,120.6985,27.9251,温州市,茶山,颗粒物(PM10),51,51,65,23,37,150,132,137,137,15,22,6,6,0.4,0.5
2022-10-23T17:00:00,3562A,120.4148,30.8538,湖州市,南浔区站,臭氧1小时,78,98,84,49,51,232,182,149,149,26,30,6,7,1.0,0.8
2022-10-23T17:00:00,3564A,121.2568,28.6681,台州市,台州科技职业学院,,44,35,62,14,30,138,138,118,118,13,17,6,7,0.4,0.5
2022-10-23T17:00:00,3565A,113.1367,40.1122,大同市,云冈站,,27,10,38,7,15,86,85,78,78,6,13,8,33,0.4,0.6
2022-10-23T17:00:00,3566A,113.1186,40.2556,大同市,图书馆,,,17,44,,21,83,83,71,71,6,12,3,10,0.4,0.7
2022-10-23T17:00:00,3567A,113.5931,40.0461,大同市,区一中,,,18,56,2,20,87,87,77,77,11,19,18,22,,0.8
2022-10-23T17:00:00,3568A,113.06,36.0464,长治市,向阳小学,,44,44,119,21,69,131,131,100,100,21,39,17,15,0.5,1
2022-10-23T17:00:00,3569A,112.8792,36.3144,长治市,屯留一中,,37,26,68,23,41,120,118,92,92,17,50,10,11,0.5,0.9
2022-10-23T17:00:00,3570A,113.235,36.3489,长治市,潞城四中,,36,36,144,9,62,107,101,90,90,15,62,7,18,0.5,1.5
2022-10-23T17:00:00,3571A,112.2931,39.53,朔州市,一水厂,,26,17,48,10,16,89,83,76,76,12,23,5,15,0.2,0.3
2022-10-23T17:00:00,3572A,114.6419615,37.9001925,石家庄市,栾城区政府,,30,30,93,5,31,108,96,80,80,23,57,9,12,0.3,0.6
2022-10-23T17:00:00,3573A,114.8506765,38.0322033,石家庄市,藁城区实验学校,颗粒物(PM10),51,51,92,8,33,111,96,82,82,20,40,7,9,0.4,0.5
2022-10-23T17:00:00,3574A,114.0504658,38.0591645,石家庄市,井陉矿区区委大楼,颗粒物(PM10),54,58,80,17,26,88,80,66,66,46,55,7,9,0.3,0.5
2022-10-23T17:00:00,3575A,118.09279,39.58089,唐山市,正泰大街热力站,,22,13,50,3,25,77,70,61,61,13,45,6,7,0.3,0.6
2022-10-23T17:00:00,3576A,118.1562,39.8322,唐山市,丰润区政府,,24,24,60,4,20,71,58,60,60,25,32,5,5,0.3,0.7
2022-10-23T17:00:00,3577A,118.43673,39.73809,唐山市,金山小学,颗粒物(PM10),82,113,33,38,15,76,70,67,67,7,29,3,2,0.2,0.6
2022-10-23T17:00:00,3578A,118.24498,39.66941,唐山市,政府服务中心,,47,47,72,14,24,78,65,64,64,19,48,6,8,0.3,0.6
2022-10-23T17:00:00,3579A,114.50634,36.77178,邯郸市,永年区实验高中,颗粒物(PM10),71,92,132,41,52,123,117,95,95,32,57,6,7,0.8,1.1
2022-10-23T17:00:00,3580A,114.20016,36.44293,邯郸市,峰峰矿区临水派出所,颗粒物(PM10),84,117,99,38,38,145,142,120,120,19,23,11,9,0.8,0.7
2022-10-23T17:00:00,3581A,115.31981,38.95208,保定市,满城区生态环境分局,,40,40,66,10,17,105,98,91,91,19,35,5,4,0.1,0.2
2022-10-23T17:00:00,3582A,115.47694,38.76408,保定市,清苑区第二中学,,42,42,73,1,24,101,100,77,77,18,48,8,9,0.2,0.3
2022-10-23T17:00:00,3583A,115.62909,39.02311,保定市,徐水物探局,,30,19,56,2,17,100,96,80,80,14,36,9,8,0.3,0.4
2022-10-23T17:00:00,3590A,113.8374,34.5589,郑州市,北区建设指挥部,细颗粒物(PM2.5),87,98,111,64,74,180,180,143,143,16,32,10,13,0.7,0.9
2022-10-23T17:00:00,3591A,113.30952,34.803229,郑州市,上街区政府,颗粒物(PM10),75,99,120,49,72,164,164,124,124,13,28,3,4,0.7,1
2022-10-23T17:00:00,3592A,114.4644,34.7556,开封市,祥符区生态环境局,"颗粒物(PM10),细颗粒物(PM2.5)",103,156,184,77,93,192,178,155,155,25,43,12,17,0.5,0.8
2022-10-23T17:00:00,3593A,112.5736,34.8993,洛阳市,吉利监测站,颗粒物(PM10),78,106,103,49,63,180,176,149,149,17,38,10,9,0.4,0.7
2022-10-23T17:00:00,3594A,112.8867,33.9116,平顶山市,石龙区,颗粒物(PM10),96,142,202,68,69,190,187,165,165,26,86,12,14,0.7,0.8
2022-10-23T17:00:00,3596A,114.1572,35.9603,鹤壁市,南山宾馆,颗粒物(PM10),70,90,112,34,50,160,150,134,134,14,15,11,12,0.7,0.8
2022-10-23T17:00:00,3597A,113.8134,34.1251,许昌市,建安区兴业大厦,颗粒物(PM10),95,140,176,67,83,178,177,146,146,18,33,9,15,0.5,1
2022-10-23T17:00:00,3598A,111.1,34.7167,三门峡市,富达温泉假日酒店,,47,47,101,7,52,119,108,81,81,27,41,10,11,1.4,1.6
2022-10-23T17:00:00,3599A,106.2649,29.9851,重庆市,书院路,细颗粒物(PM2.5),88,86,152,65,114,182,93,78,78,51,58,12,18,0.7,1
2022-10-23T17:00:00,3600A,106.2339,29.5559,重庆市,虎峰,细颗粒物(PM2.5),199,225,163,149,118,173,82,80,80,99,65,39,41,0.9,0.8
2022-10-23T17:00:00,3601A,106.0499,29.8342,重庆市,龙门街,细颗粒物(PM2.5),172,174,139,130,112,155,92,79,79,56,53,23,23,0.9,0.8
2022-10-23T17:00:00,3604A,119.3266,35.1044,日照市,岚山环保分局,,44,44,85,10,32,181,111,90,90,16,48,6,45,0.4,3.9
2022-10-23T17:00:00,3605A,109.09,34.5236,西安市,无线电监控中心,颗粒物(PM10),75,100,135,50,64,110,99,71,71,29,64,19,14,0.6,0.7
2022-10-23T17:00:00,3610A,105.5933,29.4105,重庆市,昌元,细颗粒物(PM2.5),156,175,176,119,128,158,134,98,98,31,55,20,13,1.1,1.3
2022-10-23T17:00:00,3612A,85.1045,45.6899,克拉玛依市,白碱滩区新站,,36,36,28,12,8,90,90,61,52,8,24,11,5,0.4,0.4
2022-10-23T17:00:00,3613A,87.3095,44.0142,昌吉州,亚心广场,颗粒物(PM10),87,124,75,45,48,85,85,64,64,16,31,14,12,0.6,0.8
2022-10-23T17:00:00,3614A,79.924,37.0877,和田地区,地区环保局,颗粒物(PM10),143,236,280,55,80,100,100,82,82,4,7,1,2,0.3,0.4
2022-10-23T17:00:00,3615A,79.9131,37.113,和田地区,市环保局,颗粒物(PM10),125,200,404,48,68,95,95,79,79,2,15,3,5,0.5,0.9
2022-10-23T17:00:00,3616A,106.7616,31.8344,巴中市,市中心医院,细颗粒物(PM2.5),92,110,96,68,57,49,4,14,14,56,49,5,5,1.0,0.8
2022-10-23T17:00:00,3617A,105.8047,32.4166,广元市,经开区,细颗粒物(PM2.5),52,50,51,36,38,105,98,79,79,18,31,8,11,0.8,0.8
2022-10-23T17:00:00,3618A,112.4701,37.782,太原市,金胜,颗粒物(PM10),64,77,127,26,29,96,88,63,63,32,52,10,10,0.5,0.5
2022-10-23T17:00:00,3619A,113.617,37.8571,阳泉市,龙柱,,27,27,107,15,35,82,78,70,70,23,57,10,35,0.5,0.8
2022-10-23T17:00:00,3620A,112.8271,35.4828,晋城市,泽州一中,颗粒物(PM10),85,120,120,48,50,176,158,122,122,27,34,23,15,0.9,1.2
2022-10-23T17:00:00,3621A,106.8288,39.6778,乌海市,聚英学校,,32,32,39,14,19,102,102,71,71,13,27,25,40,0.5,0.9
2022-10-23T17:00:00,3622A,113.5556,24.8082,韶关市,碧湖山庄,臭氧1小时,52,44,62,21,35,164,161,155,155,6,13,12,20,0.5,0.6
2022-10-23T17:00:00,3623A,113.8953,22.5861,深圳市,西乡,颗粒物(PM10),56,61,58,29,24,172,158,141,141,26,44,8,7,0.6,0.6
2022-10-23T17:00:00,3624A,116.4069,23.2533,汕头市,潮南子站,颗粒物(PM10),66,81,48,18,32,158,155,127,127,16,18,8,8,0.6,0.6
2022-10-23T17:00:00,3625A,113.2544,22.7642,佛山市,容桂街道办,臭氧1小时,102,36,62,19,30,212,204,172,172,14,46,8,9,0.9,1
2022-10-23T17:00:00,3626A,113.7533,23.0202,东莞市,南城元岭,,,165,66,,27,178,170,164,164,24,48,13,12,0.7,0.7
2022-10-23T17:00:00,3627A,113.7875,23.0457,东莞市,东城主山,臭氧1小时,85,41,51,19,26,195,188,175,175,10,32,14,13,0.6,0.7
2022-10-23T17:00:00,3628A,112.0336,22.9374,云浮市,文笔,臭氧1小时,80,44,61,21,28,184,184,164,164,10,27,10,14,0.6,0.8
2022-10-23T17:00:00,3629A,101.8305,36.5786,西宁市,世纪职校,,40,40,58,25,35,122,119,87,87,18,34,9,19,0.4,0.6
2022-10-23T17:00:00,3630A,101.7413,36.6397,西宁市,师大城西校区,,45,37,59,31,39,115,110,85,85,9,26,10,24,0.5,0.9
2022-10-23T17:00:00,3631A,114.6063,38.0266,石家庄市,高新区,,,,,,,,,,,,,,,,
2022-10-23T17:00:00,3633A,118.4918,31.6809,马鞍山市,雨山,颗粒物(PM10),62,73,66,34,43,165,158,146,146,21,32,10,13,1.0,0.9
2022-10-23T17:00:00,3634A,116.9884,33.6305,宿州市,宿州学院,颗粒物(PM10),67,83,156,20,78,160,96,97,97,42,55,6,8,0.5,0.7
2022-10-23T17:00:00,3635A,112.3677,34.662,洛阳市,河科大西苑校区,臭氧1小时,80,108,139,56,73,187,184,139,139,23,74,12,18,0.6,0.9
2022-10-23T17:00:00,3636A,112.4388,34.6781,洛阳市,英才小学,,,123,154,55,75,185,172,134,134,19,49,,17,0.6,0.9
2022-10-23T17:00:00,3637A,131.0176,45.7761,七台河市,人民广场,,20,20,36,9,20,63,44,55,55,18,24,6,15,0.6,0.7
2022-10-23T17:00:00,3638A,104.7636,29.3338,自贡市,轻化工大学,细颗粒物(PM2.5),117,120,153,88,117,154,150,95,95,23,66,15,10,0.5,0.9
2022-10-23T17:00:00,3639A,104.4019,31.1244,德阳市,市教育局,"颗粒物(PM10),臭氧1小时",54,58,75,25,43,168,163,117,117,13,59,8,9,0.6,0.8
2022-10-23T17:00:00,3642A,120.3503,36.0736,青岛市,市北区南部,颗粒物(PM10),53,55,73,17,23,142,99,83,83,41,39,6,7,0.4,0.5
2022-10-23T17:00:00,3643A,120.3948,36.1805,青岛市,李沧区北部,颗粒物(PM10),53,56,77,17,26,143,138,83,83,30,32,9,8,0.4,0.4
2022-10-23T17:00:00,3644A,117.8661,36.805,淄博市,三金集团,颗粒物(PM10),59,68,88,24,37,116,86,80,80,31,44,5,13,0.4,0.8
2022-10-23T17:00:00,3645A,118.0253,36.8406,淄博市,东风化工厂,颗粒物(PM10),70,90,110,19,25,97,92,70,70,39,47,6,17,0.6,0.9
2022-10-23T17:00:00,3646A,118.4978,37.4623,东营市,胜利站,颗粒物(PM10),53,56,53,17,15,109,108,96,96,19,33,12,11,0.4,0.5
2022-10-23T17:00:00,3647A,115.4702,35.2706,菏泽市,菏泽医专,细颗粒物(PM2.5),108,157,177,81,91,189,187,158,158,34,51,12,13,0.7,0.8
2022-10-23T17:00:00,3648A,106.2112,37.9768,吴忠市,文卫南街,颗粒物(PM10),67,83,94,28,37,150,150,97,97,23,32,24,13,0.9,0.8
2022-10-23T17:00:00,3650A,105.1698,37.5162,中卫市,沙坡头区政府站,颗粒物(PM10),83,116,96,49,39,130,130,88,88,19,26,15,21,0.6,0.6
2022-10-23T17:00:00,3651A,108.9543,34.8732,铜川市,旺旺集团,颗粒物(PM10),79,108,102,47,43,134,111,105,105,45,44,15,17,0.6,0.5
2022-10-23T17:00:00,3652A,109.4809,36.5786,延安市,西北局旧址,,43,43,70,11,23,118,115,78,78,21,46,10,7,0.2,0.3
2022-10-23T17:00:00,3653A,111.3119,30.7273,宜昌市,云深路,臭氧1小时,101,77,64,45,34,218,201,173,173,35,24,18,13,0.7,0.7
2022-10-23T17:00:00,3654A,114.8094,30.4089,鄂州市,精准医疗中心,臭氧1小时,106,93,105,26,48,211,211,180,180,6,40,3,7,0.5,0.6
2022-10-23T17:00:00,3655A,114.3375,29.8683,咸宁市,长江产业园,臭氧1小时,104,75,97,39,61,207,207,173,173,13,42,12,9,0.7,0.7
2022-10-23T17:00:00,3656A,120.1556,30.2864,杭州市,消防大队,颗粒物(PM10),59,67,78,37,49,181,163,141,141,27,36,8,9,0.8,0.8
2022-10-23T17:00:00,3658A,120.6153,30.0764,绍兴市,袍江中学,臭氧1小时,59,66,53,37,31,167,167,139,139,23,32,2,4,0.7,0.7
2022-10-23T17:00:00,3659A,119.656,29.1131,金华市,气象局,颗粒物(PM10),64,77,79,17,46,156,152,134,134,31,39,5,7,0.6,0.7
2022-10-23T17:00:00,3661A,112.5667,37.8875,太原市,坝陵桥,,,,,,,,,,,,,,,,
2022-10-23T17:00:00,3662A,123.6333,47.2075,齐齐哈尔市,富区青少年活动中心,,18,15,36,2,10,69,57,62,62,14,20,5,6,0.3,0.4
2022-10-23T17:00:00,3663A,124.1164,50.4278,大兴安岭地区,红旗社区,,20,9,7,7,10,67,63,66,66,6,6,4,6,0.4,0.4
2022-10-23T17:00:00,3664A,119.4172,34.7341,连云港市,连云街道,,25,25,44,6,21,148,76,77,76,12,18,4,6,0.3,0.4
2022-10-23T17:00:00,3665A,76.1658,39.7157,克孜勒苏柯尔克孜自治州,克州文化中心,颗粒物(PM10),159,268,185,58,42,95,88,77,77,3,9,10,10,0.6,0.7
2022-10-23T17:00:00,3667A,111.0283,35.0547,运城市,水利职院,颗粒物(PM10),77,103,118,50,77,190,177,143,143,16,24,19,18,1.7,1.8
2022-10-23T17:00:00,3668A,111.5036,36.0414,临汾市,城南,,34,34,66,19,40,120,107,83,83,22,34,9,7,0.8,1
2022-10-23T17:00:00,3669A,114.4705,36.0637,安阳市,左辅环卫站,颗粒物(PM10),69,87,118,36,51,156,147,121,121,18,48,9,10,0.3,0.7
2022-10-23T17:00:00,3670A,111.0522,35.0439,运城市,禹都公园,颗粒物(PM10),79,107,127,48,81,183,181,136,136,11,19,19,18,1.4,1.7
2022-10-23T17:00:00,3671A,116.088,39.9726,北京市,门头沟三家店,,21,10,20,2,5,68,66,61,61,10,18,3,3,0.2,0.2
2022-10-23T17:00:00,3672A,116.1541,39.8204,北京市,丰台云岗,,22,19,14,5,3,78,70,69,69,16,13,3,3,0.1,0.1
2022-10-23T17:00:00,3673A,116.6804,39.9081,北京市,通州东关,,,20,24,4,7,79,70,65,65,13,26,,2,0.1,0.2
2022-10-23T17:00:00,3674A,115.9577,39.7603,北京市,房山燕山,,30,23,22,6,5,95,93,83,83,11,11,1,2,0.1,0.1
2022-10-23T17:00:00,3675A,116.4672,39.7733,北京市,大兴旧宫,,20,14,21,3,7,70,64,58,58,8,26,3,3,0.2,0.4
2022-10-23T17:00:00,3676A,113.2802,40.0995,大同市,第二人民医院,,27,12,46,8,20,85,84,74,74,6,24,6,18,0.4,0.8
2022-10-23T17:00:00,3677A,98.5881,24.4368,德宏州,芒市人民政府综合楼,,27,22,28,7,17,102,86,73,73,7,9,13,7,0.6,0.8
2022-10-23T17:00:00,3678A,116.5907,35.4054,济宁市,市第七中学,颗粒物(PM10),56,62,124,27,78,160,127,136,136,21,34,10,12,0.4,0.8
2022-10-23T17:00:00,3682A,116.9814,36.6819,济南市,济南四建,颗粒物(PM10),71,92,122,32,42,98,87,79,79,38,59,5,5,0.5,0.6
2022-10-23T17:00:00,3683A,109.8331,40.6576,包头市,昆区政府,,39,18,40,27,19,89,77,70,70,20,22,18,21,0.8,0.8
2022-10-23T17:00:00,3684A,130.8781,45.8222,七台河市,新建矿广场,颗粒物(PM10),60,70,54,18,17,68,44,60,60,20,21,14,18,1.1,0.7
2022-10-23T17:00:00,3685A,117.897,28.4315,上饶市,双创科技城,臭氧1小时,54,55,78,34,38,193,163,180,180,12,28,8,20,0.6,0.7
2022-10-23T17:00:00,3689A,113.9003,35.372,新乡市,行政服务中心,颗粒物(PM10),83,116,139,56,57,181,178,126,126,20,50,10,8,0.7,0.7
2022-10-23T17:00:00,3690A,115.9721,28.7031,南昌市,外国语学校,颗粒物(PM10),63,75,86,29,43,171,156,150,150,22,23,9,12,0.8,0.8
2022-10-23T17:00:00,3692A,118.2059,39.6585,唐山市,消防缸窑路中队,,29,29,78,4,24,88,82,71,71,8,39,9,8,0.2,0.6
2022-10-23T17:00:00,3693A,118.1436,39.6202,唐山市,路南电大,,22,22,61,5,21,68,63,57,57,22,43,3,3,0.2,0.5
2022-10-23T17:00:00,3694A,115.986,40.4563,北京市,延庆石河营,,22,12,24,3,7,72,70,58,58,8,17,1,3,0.1,0.2
2022-10-23T17:00:00,3695A,116.6151,40.3053,北京市,怀柔新城,,22,13,12,4,4,73,68,62,62,13,10,3,3,0.0,0.1
2022-10-23T17:00:00,3696A,116.2545,39.8768,北京市,丰台小屯,,22,12,30,3,10,72,70,59,59,16,36,1,2,0.1,0.3
2022-10-23T17:00:00,3697A,116.84,40.3844,北京市,密云镇,,20,10,14,3,5,65,61,57,57,10,28,3,2,0.1,0.2
2022-10-23T17:00:00,3698A,111.5968,40.8178,呼和浩特市,红旗小学,"颗粒物(PM10),细颗粒物(PM2.5)",63,75,53,45,22,114,112,80,80,15,27,8,12,0.3,0.3
2022-10-23T17:00:00,3699A,111.6518,40.8389,呼和浩特市,海东办,"颗粒物(PM10),细颗粒物(PM2.5)",74,97,48,54,19,119,119,80,80,17,31,12,22,0.4,0.4
2022-10-23T17:00:00,3700A,103.0456,29.9956,雅安市,康养中心(对照点),细颗粒物(PM2.5),68,72,70,49,51,220,131,157,126,14,15,12,14,0.6,0.6
2022-10-23T17:00:00,3701A,116.9648,33.6252,宿州市,皖北煤电集团,颗粒物(PM10),64,77,138,22,81,155,108,100,100,29,39,5,7,0.5,1
2022-10-23T17:00:00,3703A,114.2917,36.0949,安阳市,安钢职工学校,颗粒物(PM10),73,96,155,39,66,147,140,118,118,24,51,12,12,0.4,0.8
2022-10-23T17:00:00,3706A,122.2584,43.6333,通辽市,老干部活动中心,,20,20,23,13,15,71,62,64,64,16,17,5,5,0.0,0
2022-10-23T17:00:00,3707A,131.0207,45.3073,鸡西市,欧美日汽修厂,,40,24,39,28,16,48,32,40,40,23,24,7,6,0.3,0.5
2022-10-23T17:00:00,3708A,122.2922,43.6189,通辽市,东方明珠社区,,30,30,35,19,26,71,59,65,65,25,26,8,13,0.2,0.3
2022-10-23T17:00:00,3709A,130.9967,45.3106,鸡西市,市政设施管理处,,20,20,30,13,13,51,39,47,44,18,23,1,4,0.3,0.3
2022-10-23T17:00:00,3710A,121.5594,29.8975,宁波市,白沙活动中心,颗粒物(PM10),58,66,35,27,19,150,132,124,124,17,15,10,9,0.6,0.4
2022-10-23T17:00:00,3713A,124.3419,43.1666,四平市,世纪城,,20,17,32,2,20,69,62,63,63,7,20,4,5,0.1,0.4
2022-10-23T17:00:00,3715A,117.3092,32.9314,蚌埠市,蚌埠田家炳中学,颗粒物(PM10),65,79,135,21,77,150,111,109,109,15,43,5,10,0.3,0.6
2022-10-23T17:00:00,3719A,97.1714,31.1406,昌都市,昌都会议中心,,32,13,15,0,5,107,102,81,81,8,10,4,4,0.4,0.3
2022-10-23T17:00:00,3726A,88.8781,29.2426,日喀则市,林业技术推广中心,,34,8,12,0,3,107,107,101,101,7,6,2,3,0.5,0.5
2022-10-23T17:00:00,3728A,104.68,28.8071,宜宾市,白酒学院,细颗粒物(PM2.5),95,114,106,71,69,170,97,52,51,36,47,14,14,0.7,0.8
2022-10-23T17:00:00,3734A,118.35,37.26,东营市,理想之城,颗粒物(PM10),65,80,52,19,16,116,104,101,101,18,41,10,10,0.4,0.5
2022-10-23T17:00:00,3860A,118.3920,35.0300,临沂市,皇山花园小区,颗粒物(PM10),52,53,88,12,34,189,117,96,96,20,26,6,8,0.4,0.6
2022-10-23T17:00:00,3861A,119.2041,36.7699,潍坊市,寒亭区实验一小,颗粒物(PM10),56,61,53,15,16,100,100,84,84,20,32,9,7,0.5,0.5
2022-10-23T17:00:00,3866A,122.2469,40.66302,营口市,三高中,,26,26,37,12,20,77,67,67,67,21,38,3,12,0.2,0.6
2022-10-23T17:00:00,3867A,102.0738,36.5056,海东地区,平安区公安北苑,,41,39,55,19,33,131,131,102,102,9,17,11,16,0.4,0.5
2022-10-23T17:00:00,3981A,113.2449,35.1803,焦作市,原李万街道办（启用20220628）,颗粒物(PM10),81,111,124,51,67,172,168,125,125,14,38,10,11,0.7,0.9
