timepoint,stationcode,longitude,latitude,area,positionname,primarypollutant,aqi,pm10,pm10_24h,pm2_5,pm2_5_24h,o3,o3_24h,o3_8h,o3_8h_24h,no2,no2_24h,so2,so2_24h,co,co_24h
2025-10-21T0300,2568A,102.2502,31.8896,阿坝藏族羌族自治州,马师校,,18,18,15,7,13,8,,,,7,9,5,5,0.5,0.6
2025-10-21T0300,3994A,102.2165,31.9024,阿坝藏族羌族自治州,马尔康中学西区,,11,11,17,7,13,16,,,,9,8,5,5,0.6,0.5
2025-10-21T0300,2695A,80.292,41.1694,阿克苏地区,电视台,颗粒物(PM10),97,143,190,48,53,10,,,,57,37,6,6,1.1,1
2025-10-21T0300,2696A,80.2613,41.1551,阿克苏地区,艺术中心,颗粒物(PM10),134,218,169,88,58,3,,,,93,45,6,4,1.5,0.7
2025-10-21T0300,2205A,105.6985,38.8411,阿拉善盟,蒙二幼,,47,47,53,23,22,41,,,,10,17,12,9,0.6,0.7
2025-10-21T0300,2206A,105.724,38.8516,阿拉善盟,环保局新楼,,50,50,48,29,25,40,,,,11,17,9,9,0.6,0.7
2025-10-21T0300,2708A,88.1264,47.8517,阿勒泰地区,市站,,26,18,46,6,7,82,,,,2,24,2,3,0.3,0.4
2025-10-21T0300,2630A,80.1161,32.5,阿里地区,阿里监测站,,18,6,3,3,3,48,,,,35,20,13,12,0.5,0.5
2025-10-21T0300,3192A,80.0903,32.5028,阿里地区,阿里藏医院,,45,,20,31,8,79,,,,8,9,8,9,0.3,0.3
2025-10-21T0300,2644A,109.0072,32.6975,安康市,汉滨区检察院,,17,,3,3,5,52,,,,6,8,4,4,0.6,0.6
2025-10-21T0300,4054A,109.0325,32.6913,安康市,市邮政管理局,,16,6,6,3,4,50,,,,6,9,6,6,0.5,0.5
2025-10-21T0300,2291A,117.0809,30.5177,安庆市,环科院,,26,26,30,14,15,52,,,,12,12,7,7,0.3,0.3
2025-10-21T0300,2292A,117.0331,30.5119,安庆市,马山宾馆,,20,20,29,9,11,54,,,,8,15,6,6,0.2,0.2
2025-10-21T0300,2294A,116.9896,30.6145,安庆市,安庆大学,,24,24,28,13,13,52,,,,12,12,5,5,0.2,0.2
2025-10-21T0300,3173A,117.0598,30.5351,安庆市,市人大,,,26,32,13,16,51,,,,9,11,,7,0.3,0.3
2025-10-21T0300,3123A,105.9408,26.2431,安顺市,凤凰山,,25,23,24,17,20,27,,,,6,11,11,12,0.6,0.6
2025-10-21T0300,3124A,105.9439,26.2564,安顺市,金钟山,,28,26,25,19,22,26,,,,5,9,13,14,0.6,0.6
2025-10-21T0300,3125A,105.8983,26.2481,安顺市,娄家坡,,23,21,24,16,21,22,,,,6,11,11,13,0.6,0.6
2025-10-21T0300,1819A,114.3551,36.1017,安阳市,红庙街,,43,43,32,18,13,17,,,,33,22,7,4,0.5,0.4
2025-10-21T0300,1820A,114.361,36.0681,安阳市,银杏小区,,28,28,31,16,14,26,,,,24,20,5,5,0.2,0.2
2025-10-21T0300,3141A,114.3922,36.0878,安阳市,信访局,,32,32,30,17,15,23,,,,24,21,6,5,0.3,0.2
2025-10-21T0300,3669A,114.4705,36.0637,安阳市,左辅环卫站,,45,45,54,16,15,17,,,,35,20,2,2,0.5,0.4
2025-10-21T0300,3703A,114.2917,36.0949,安阳市,安钢职工学校,,40,40,35,18,16,24,,,,26,21,8,5,0.3,0.3
2025-10-21T0300,1748A,123.044,41.1196,鞍山市,深沟寺,颗粒物(PM10),52,54,34,33,21,16,,,,43,25,8,8,1.0,1
2025-10-21T0300,1749A,123.011,41.0931,鞍山市,太阳城,,45,44,28,31,18,16,,,,31,20,10,13,0.7,0.6
2025-10-21T0300,1750A,123.0485,41.1442,鞍山市,太平,颗粒物(PM10),55,60,59,29,25,12,,,,34,34,8,13,1.0,1.2
2025-10-21T0300,1751A,122.9642,41.0971,鞍山市,铁西三道街,颗粒物(PM10),67,84,58,39,23,2,,,,44,32,9,13,1.1,1
2025-10-21T0300,1753A,123.022,41.0821,鞍山市,明达新区,,47,47,32,29,19,6,,,,30,18,10,14,0.9,0.8
2025-10-21T0300,4201A,122.9446,41.0826,鞍山市,兴盛南路290号,颗粒物(PM10),73,96,69,30,27,0,,,,46,41,11,14,0.9,0.9
2025-10-21T0300,2195A,107.4212,40.761,巴彦淖尔市,附二中,,33,26,53,23,34,40,,,,14,20,11,12,0.4,0.6
2025-10-21T0300,2196A,107.37,40.7372,巴彦淖尔市,市环保大楼,,35,35,48,16,29,45,,,,12,20,12,15,0.6,0.8
2025-10-21T0300,1956A,86.1472,41.7538,巴音郭楞蒙古自治州,孔雀公园,颗粒物(PM10),63,75,79,33,24,14,,,,64,29,7,8,1.0,0.6
2025-10-21T0300,1957A,86.1972,41.7166,巴音郭楞蒙古自治州,棉纺厂,颗粒物(PM10),71,91,94,16,20,51,,,,26,27,7,8,0.6,0.6
2025-10-21T0300,1958A,86.2357,41.7173,巴音郭楞蒙古自治州,经济开发区,颗粒物(PM10),67,84,91,13,18,63,,,,10,15,6,8,0.5,0.6
2025-10-21T0300,3181A,106.7768,31.8526,巴中市,市五中,,,6,5,3,4,36,,,,2,6,,7,0.6,0.7
2025-10-21T0300,3183A,106.7418,31.8654,巴中市,圣泉水务公司,,11,6,2,3,2,33,,,,2,6,7,7,0.6,0.6
2025-10-21T0300,3616A,106.7616,31.8344,巴中市,市中心医院,,,,4,7,7,40,,,,7,9,,9,0.5,0.6
2025-10-21T0300,2235A,122.7911,45.6077,白城市,洮北区环保局,,18,18,19,8,8,47,,,,7,11,4,5,0.3,0.4
2025-10-21T0300,2236A,122.8738,45.5725,白城市,市环保局,,16,12,14,11,13,43,,,,10,11,4,4,0.6,0.5
2025-10-21T0300,2231A,126.4219,41.9171,白山市,喜丰,颗粒物(PM10),113,175,57,28,17,6,,,,33,21,8,7,0.6,0.6
2025-10-21T0300,2232A,126.4077,41.9419,白山市,环保局,,36,36,28,25,20,21,,,,14,15,8,7,0.4,0.5
2025-10-21T0300,2647A,104.1724,36.5446,白银市,第三小学,细颗粒物(PM2.5),69,69,66,50,45,19,,,,31,25,20,30,0.8,0.7
2025-10-21T0300,2648A,104.1465,36.5482,白银市,动力公司,细颗粒物(PM2.5),64,76,66,46,42,13,,,,30,24,8,19,0.5,0.6
2025-10-21T0300,2512A,106.6103,23.9011,百色市,市监测站,,13,7,15,3,7,39,,,,10,12,6,7,0.4,0.5
2025-10-21T0300,2513A,106.6538,23.8859,百色市,市中心血站,,13,13,17,7,6,40,,,,11,14,13,8,0.6,0.6
2025-10-21T0300,3406A,106.6085,23.8798,百色市,祈福高中,,15,6,17,6,8,46,,,,10,15,5,5,0.5,0.6
2025-10-21T0300,2270A,117.396,32.939,蚌埠市,工人疗养院,,22,22,30,13,11,48,,,,8,8,5,4,0.3,0.2
2025-10-21T0300,2271A,117.3605,32.9427,蚌埠市,百货大楼,,22,,23,15,12,46,,,,10,12,6,6,0.3,0.3
2025-10-21T0300,2273A,117.4185,32.8911,蚌埠市,蚌埠学院,,23,,24,16,13,47,,,,10,12,4,4,0.2,0.1
2025-10-21T0300,2274A,117.3533,32.9673,蚌埠市,淮上区政府,,25,19,28,17,14,47,,,,9,12,4,5,0.2,0.2
2025-10-21T0300,2275A,117.3145,32.8977,蚌埠市,高新区,,22,19,26,15,15,46,,,,12,14,6,6,0.3,0.3
2025-10-21T0300,3715A,117.3092,32.9314,蚌埠市,蚌埠田家炳中学,,22,22,33,11,15,43,,,,11,13,3,2,0.3,0.3
2025-10-21T0300,1585A,109.8756,40.6532,包头市,市环境监测站,,22,22,31,3,12,36,,,,16,26,8,10,0.4,0.5
2025-10-21T0300,1587A,109.9991,40.5842,包头市,包头八中,,,78,48,,24,4,,,,54,45,11,13,1.3,1
2025-10-21T0300,1588A,109.8538,40.6821,包头市,青山宾馆,,16,16,26,7,12,31,,,,21,26,9,11,0.5,0.6
2025-10-21T0300,1589A,109.8642,40.6288,包头市,惠龙物流,,17,17,23,11,12,29,,,,23,28,9,10,0.6,0.7
2025-10-21T0300,1590A,110.0377,40.5546,包头市,东河鸿龙湾,,41,41,39,23,17,7,,,,60,46,11,13,1.0,0.9
2025-10-21T0300,3283A,109.9154,40.5685,包头市,滨河大厦,,26,26,24,15,14,3,,,,51,33,11,9,0.9,0.7
2025-10-21T0300,3419A,109.9447,40.6261,包头市,包头市委党校,颗粒物(PM10),54,57,38,10,14,2,,,,50,41,9,11,0.5,0.6
2025-10-21T0300,3683A,109.8331,40.6576,包头市,昆区政府,,24,24,25,9,14,38,,,,18,24,11,12,0.5,0.6
2025-10-21T0300,1931A,107.0708,34.3017,宝鸡市,竹园沟,,12,12,11,8,5,36,,,,10,13,8,7,0.4,0.4
2025-10-21T0300,1932A,107.1906,34.3672,宝鸡市,三陆医院,,32,,11,22,11,42,,,,13,16,6,6,0.6,0.6
2025-10-21T0300,1933A,107.1431,34.3547,宝鸡市,监测站,,36,,15,25,12,43,,,,9,14,8,6,0.4,0.6
2025-10-21T0300,1934A,107.1186,34.3739,宝鸡市,技工学校,,,,12,22,13,40,,,,11,17,,4,0.6,0.6
2025-10-21T0300,1936A,107.2058,34.3497,宝鸡市,文理学院,,30,24,13,21,10,44,,,,13,17,6,5,0.5,0.6
2025-10-21T0300,1937A,107.2386,34.3622,宝鸡市,三迪小学,,38,,12,26,14,43,,,,12,19,4,4,0.7,0.7
2025-10-21T0300,4308A,107.3898,34.3601,宝鸡市,陈仓区北开路21号,,43,,11,30,16,37,,,,13,18,5,5,0.5,0.5
2025-10-21T0300,1051A,115.493,38.8632,保定市,游泳馆,,49,49,37,20,14,0,,,,40,29,3,3,0.3,0.2
2025-10-21T0300,1052A,115.5213,38.8959,保定市,华电二区,,42,38,30,29,23,9,,,,30,23,4,5,0.2,0
2025-10-21T0300,1053A,115.4713,38.9108,保定市,接待中心,,43,43,33,21,14,1,,,,32,27,4,4,0.1,0
2025-10-21T0300,1054A,115.4612,38.8416,保定市,地表水厂,颗粒物(PM10),53,56,39,30,14,1,,,,37,36,8,7,0.2,0.1
2025-10-21T0300,3581A,115.31981,38.95208,保定市,满城区生态环境分局,,,31,38,9,11,3,,,,31,24,,3,0.6,0.4
2025-10-21T0300,3582A,115.47694,38.76408,保定市,清苑区第二中学,,,41,39,23,12,3,,,,47,33,,3,0.4,0.3
2025-10-21T0300,3583A,115.62909,39.02311,保定市,徐水物探局,,38,26,24,26,18,3,,,,33,33,3,1,0.3,0.4
2025-10-21T0300,4004A,115.4202,38.8656,保定市,双鹰农机,颗粒物(PM10),53,55,37,29,19,3,,,,36,29,3,3,0.4,0.3
2025-10-21T0300,4034A,115.5150,38.8590,保定市,植保所站,"颗粒物(PM10),细颗粒物(PM2.5)",53,55,44,37,26,0,,,,38,23,6,3,0.5,0.4
2025-10-21T0300,2594A,99.1678,25.1081,保山市,市环境监测站,,20,20,16,9,15,10,,,,4,7,8,6,0.4,0.5
2025-10-21T0300,2595A,99.1711,25.1328,保山市,市环保局,,11,11,16,6,10,17,,,,2,5,6,6,0.5,0.6
2025-10-21T0300,1867A,109.1436,21.4086,北海市,海滩公园,,17,17,27,3,10,54,,,,9,9,7,7,0.5,0.6
2025-10-21T0300,1868A,109.0981,21.4661,北海市,新市环保局,,24,24,24,3,13,51,,,,10,9,5,6,0.5,0.6
2025-10-21T0300,1869A,109.1778,21.5233,北海市,北海工业园,,23,23,29,7,13,50,,,,10,10,6,6,0.2,0.3
2025-10-21T0300,3400A,109.1911,21.4415,北海市,龙潭自来水厂,,22,22,23,11,14,52,,,,10,9,6,6,0.6,0.7
2025-10-21T0300,1001A,116.3621,39.8784,北京市,万寿西宫,,27,27,23,12,11,2,,,,48,24,1,2,0.4,0.3
2025-10-21T0300,1003A,116.4174,39.9289,北京市,东四,,23,23,21,12,12,13,,,,31,18,2,2,0.3,0.4
2025-10-21T0300,1004A,116.4072,39.8863,北京市,天坛,,20,20,17,14,11,3,,,,32,16,1,1,0.5,0.4
2025-10-21T0300,1005A,116.462,39.9365,北京市,农展馆,,30,30,20,14,11,1,,,,40,19,3,3,0.2,0.1
2025-10-21T0300,1006A,116.3392,39.9295,北京市,官园,,30,30,23,12,13,0,,,,44,22,7,6,0.2,0.1
2025-10-21T0300,1007A,116.2878,39.9611,北京市,海淀万柳,,37,37,24,16,12,0,,,,45,33,5,4,0.5,0.4
2025-10-21T0300,1008A,116.6636,40.135,北京市,顺义新城,,19,19,18,12,13,22,,,,27,27,5,5,0,0
2025-10-21T0300,1009A,116.6275,40.3275,北京市,怀柔镇,,12,12,11,8,7,24,,,,8,5,3,3,0.5,0.5
2025-10-21T0300,1010A,116.2296,40.217,北京市,昌平镇,,20,20,13,10,8,3,,,,40,13,5,4,0.4,0.3
2025-10-21T0300,1011A,116.3966,39.9821,北京市,奥体中心,,27,27,19,12,9,0,,,,46,22,5,4,0.2,0.1
2025-10-21T0300,3281A,115.9718,40.4529,北京市,延庆夏都,,32,32,22,14,11,0,,,,37,19,2,2,0.5,0.5
2025-10-21T0300,3418A,116.8336,40.4095,北京市,密云新城,,17,17,18,7,8,32,,,,9,7,1,1,0.3,0.3
2025-10-21T0300,3671A,116.088,39.9726,北京市,门头沟三家店,,21,21,28,8,10,17,,,,21,21,3,3,0.2,0.3
2025-10-21T0300,3672A,116.1541,39.8204,北京市,丰台云岗,,28,28,29,9,12,3,,,,31,22,2,2,0.2,0.2
2025-10-21T0300,3673A,116.6804,39.9081,北京市,通州东关,颗粒物(PM10),51,51,26,19,8,1,,,,54,27,4,3,0.4,0.4
2025-10-21T0300,3674A,115.9577,39.7603,北京市,房山燕山,,21,21,22,13,11,15,,,,10,12,1,1,0.3,0.3
2025-10-21T0300,3675A,116.4672,39.7733,北京市,大兴旧宫,,49,49,23,16,9,1,,,,49,26,5,4,0.6,0.4
2025-10-21T0300,3694A,115.986,40.4563,北京市,延庆石河营,,32,32,22,15,12,0,,,,30,21,4,3,0.3,0.3
2025-10-21T0300,3695A,116.6151,40.3053,北京市,怀柔新城,,15,13,12,10,9,30,,,,4,3,2,4,0.2,0.1
2025-10-21T0300,3696A,116.2545,39.8768,北京市,丰台小屯,,39,39,27,13,11,0,,,,31,25,3,3,0.5,0.5
2025-10-21T0300,3697A,116.84,40.3844,北京市,密云镇,,17,17,17,8,8,9,,,,29,15,5,4,0.3,0.3
2025-10-21T0300,4182A,116.1942,39.9158,北京市,八角北路9号,,37,37,26,16,13,0,,,,40,19,2,2,0.1,0
2025-10-21T0300,4194A,117.0790,40.1518,北京市,洳河巡河路,,12,12,14,8,9,14,,,,12,14,3,3,0.1,0.2
2025-10-21T0300,1761A,123.8275,41.3064,本溪市,大峪,,32,32,30,14,14,5,,,,29,21,7,9,0.7,0.7
2025-10-21T0300,1762A,123.7567,41.3325,本溪市,溪湖,颗粒物(PM10),56,61,55,18,18,4,,,,41,32,5,8,0.7,0.7
2025-10-21T0300,1763A,123.7169,41.3094,本溪市,彩屯,,35,35,41,15,23,5,,,,40,30,6,8,0.6,0.7
2025-10-21T0300,1764A,123.7669,41.2864,本溪市,东明,,42,42,49,20,21,1,,,,42,35,7,9,0.9,1
2025-10-21T0300,1765A,123.7992,41.2664,本溪市,新立屯,,23,23,27,8,12,11,,,,33,28,7,8,0.5,0.6
2025-10-21T0300,1766A,123.8142,41.3472,本溪市,威宁,,39,39,41,18,19,6,,,,21,27,7,9,0.7,0.6
2025-10-21T0300,2587A,105.2864,27.3125,毕节市,八中,,7,6,10,3,8,20,,,,4,6,8,8,0.6,0.7
2025-10-21T0300,2588A,105.31,27.2944,毕节市,师专,,7,6,8,3,7,21,,,,5,9,8,8,0.6,0.7
2025-10-21T0300,4263A,105.3688,27.3598,毕节市,工业大道,,8,6,7,3,5,24,,,,6,7,8,8,0.6,0.7
2025-10-21T0300,1629A,118.0018,37.3617,滨州市,第二水厂,,,24,22,16,9,26,,,,28,24,,9,0.1,0
2025-10-21T0300,1630A,117.9776,37.393,滨州市,北中新校,,27,27,24,9,9,8,,,,47,27,7,8,0.7,0.5
2025-10-21T0300,3514A,117.9378,37.3956,滨州市,中海酒店,,26,24,22,12,13,0,,,,52,28,4,5,0.8,0.6
2025-10-21T0300,3515A,117.9378,37.3553,滨州市,开发区一中,,27,27,27,17,11,22,,,,43,27,6,7,0.9,0.7
2025-10-21T0300,3516A,118.0917,37.694,滨州市,金海六路,,24,24,18,9,3,3,,,,46,20,2,6,0.8,0.6
2025-10-21T0300,4028A,117.9956,37.3753,滨州市,滨州市西街道办事处,,20,19,22,14,13,27,,,,29,27,8,8,0.6,0.3
2025-10-21T0300,2311A,115.8072,33.8399,亳州市,污水处理厂,,42,42,32,29,21,25,,,,22,16,6,7,0.4,0.3
2025-10-21T0300,2312A,115.7789,33.8518,亳州市,三国揽胜宫,,39,39,30,23,18,24,,,,18,15,4,5,0.4,0.4
2025-10-21T0300,3332A,115.7633,33.8034,亳州市,亳州学院,颗粒物(PM10),52,54,38,29,21,25,,,,21,14,5,6,0.3,0.3
2025-10-21T0300,2693A,82.0485,44.8556,博尔塔拉蒙古自治州,市党校,细颗粒物(PM2.5),62,51,61,44,46,35,,,,19,24,6,7,0.6,0.5
2025-10-21T0300,2694A,82.0806,44.8969,博尔塔拉蒙古自治州,市环保局,颗粒物(PM10),62,73,76,29,31,40,,,,18,28,6,11,0.6,0.7
2025-10-21T0300,1071A,116.8842,38.2991,沧州市,沧县城建局,细颗粒物(PM2.5),60,58,42,43,25,21,,,,45,34,19,9,0.6,0.5
2025-10-21T0300,1072A,116.8584,38.3254,沧州市,电视转播站,细颗粒物(PM2.5),64,67,40,46,24,2,,,,45,33,7,3,1.1,0.6
2025-10-21T0300,1073A,116.8709,38.3228,沧州市,市环保局,细颗粒物(PM2.5),78,63,45,57,36,7,,,,57,38,14,6,0.8,0.6
2025-10-21T0300,3324A,116.8136,38.3004,沧州市,河北水利电力学院,细颗粒物(PM2.5),77,83,40,56,20,12,,,,43,32,73,6,2.2,0.6
2025-10-21T0300,2622A,97.1806,31.1273,昌都市,昌都监测站,,14,8,12,8,10,44,,,,17,13,2,2,0.3,0.4
2025-10-21T0300,3719A,97.1714,31.1406,昌都市,昌都会议中心,,17,11,11,8,10,54,,,,6,5,3,3,0.2,0.2
2025-10-21T0300,2692A,87.2717,44.0297,昌吉回族自治州,新区政务中心,颗粒物(PM10),53,56,66,25,25,28,,,,32,38,6,9,0.4,0.5
2025-10-21T0300,3613A,87.3095,44.0142,昌吉回族自治州,亚心广场,颗粒物(PM10),63,75,93,29,32,27,,,,32,38,8,10,0.4,0.6
2025-10-21T0300,1120A,125.2863,43.9027,长春市,客车厂,,50,50,30,35,18,6,,,,48,35,23,18,0.5,0.5
2025-10-21T0300,1121A,125.2841,43.8463,长春市,邮电学院,颗粒物(PM10),53,55,26,33,15,5,,,,52,33,10,7,0.6,0.4
2025-10-21T0300,1122A,125.3716,43.8772,长春市,劳动公园,,50,50,29,34,16,3,,,,52,31,10,10,0.5,0.4
2025-10-21T0300,1123A,125.3297,43.8805,长春市,园林处,,43,42,23,30,15,5,,,,53,33,6,6,0.4,0.3
2025-10-21T0300,1124A,125.4605,43.79,长春市,净月潭,,43,33,23,30,16,16,,,,29,16,5,5,0.4,0.3
2025-10-21T0300,1126A,125.3863,43.8447,长春市,经开区环卫处,,37,37,25,23,12,2,,,,44,30,6,7,0.4,0.3
2025-10-21T0300,1127A,125.245,43.7783,长春市,高新区管委会,颗粒物(PM10),53,56,28,30,20,5,,,,44,28,6,6,0.4,0.3
2025-10-21T0300,1128A,125.1761,43.8325,长春市,岱山公园,颗粒物(PM10),51,51,31,33,21,4,,,,47,30,7,6,0.4,0.3
2025-10-21T0300,4281A,125.3346,43.9164,长春市,北亚泰大街1068号,,48,45,30,33,20,5,,,,52,37,29,11,0.4,0.4
2025-10-21T0300,1335A,113.0833,28.2325,长沙市,经开区环保局,,14,14,11,3,3,36,,,,11,14,4,4,0.5,0.5
2025-10-21T0300,1336A,112.8872,28.2189,长沙市,高开区环保局,,16,16,12,6,7,41,,,,11,13,5,5,0.2,0.3
2025-10-21T0300,1337A,113.0792,28.2053,长沙市,马坡岭,,13,10,10,3,5,39,,,,7,10,4,4,0.4,0.5
2025-10-21T0300,1338A,112.9394,28.19,长沙市,湖南师范大学,,13,,9,6,7,41,,,,9,12,4,4,0.4,0.5
2025-10-21T0300,1339A,113.0178,28.1322,长沙市,雨花区环保局,,20,20,10,13,7,33,,,,17,20,6,6,0.6,0.6
2025-10-21T0300,1340A,112.9792,28.2597,长沙市,伍家岭,,13,6,11,3,4,39,,,,10,14,4,3,0.3,0.4
2025-10-21T0300,1341A,113.0014,28.1944,长沙市,火车新站,,14,14,11,3,7,37,,,,14,16,8,8,0.3,0.4
2025-10-21T0300,1342A,112.9844,28.1178,长沙市,天心区环保局,,14,,10,8,7,44,,,,10,15,5,4,0.1,0.2
2025-10-21T0300,1343A,112.8908,28.1308,长沙市,湖南中医药大学,,,6,11,3,4,42,,,,10,13,,4,0.7,0.7
2025-10-21T0300,1727A,113.1147,36.1547,长治市,清华站,,,77,33,58,24,15,,,,25,18,,9,0.7,0.6
2025-10-21T0300,1730A,113.0886,36.2125,长治市,审计局,,,66,25,58,26,14,,,,23,17,,6,0.5,0.3
2025-10-21T0300,1731A,113.0844,36.1856,长治市,长治八中,细颗粒物(PM2.5),83,91,42,61,32,15,,,,19,14,9,6,0.6,0.5
2025-10-21T0300,2845A,113.1569,36.1911,长治市,德盛苑,,,77,31,58,23,11,,,,25,15,,3,0.8,0.6
2025-10-21T0300,3568A,113.06,36.0464,长治市,向阳小学,细颗粒物(PM2.5),97,99,64,72,38,20,,,,32,23,3,2,2.4,0.9
2025-10-21T0300,3569A,112.8792,36.3144,长治市,屯留一中,"颗粒物(PM10),细颗粒物(PM2.5)",55,60,45,39,27,11,,,,22,23,7,11,0.8,1
2025-10-21T0300,4189A,113.1131,36.19948,长治市,英华南巷50号,细颗粒物(PM2.5),83,98,35,61,26,10,,,,28,18,5,4,0.8,0.6
2025-10-21T0300,4190A,113.2367,36.3344,长治市,学府街1号,,39,39,36,21,17,7,,,,44,20,18,10,1.3,0.6
2025-10-21T0300,1854A,111.6975,28.9703,常德市,市二中,,19,10,12,6,6,59,,,,8,8,4,5,0.3,0.4
2025-10-21T0300,3138A,111.7153,29.0289,常德市,武陵区永安,,20,12,9,6,6,61,,,,13,14,4,4,0.5,0.6
2025-10-21T0300,3139A,111.6892,28.9881,常德市,鼎城区玉霞,,20,10,9,8,5,63,,,,3,7,5,4,0.4,0.5
2025-10-21T0300,3140A,111.6625,29.0531,常德市,武陵区长庚,,19,6,8,3,5,59,,,,6,10,2,2,0.4,0.6
2025-10-21T0300,1196A,119.9633,31.762,常州市,市监测站,,22,14,24,6,11,69,,,,7,9,8,8,0.3,0.3
2025-10-21T0300,1200A,119.9468,31.7069,常州市,武进监测站,,,17,23,3,5,59,,,,10,10,,3,0.3,0.3
2025-10-21T0300,1201A,119.9255,31.9087,常州市,安家,,24,24,27,9,8,60,,,,16,18,9,9,0.4,0.4
2025-10-21T0300,3002A,119.9805,31.8174,常州市,行政中心,,22,19,32,7,13,68,,,,9,10,6,5,0.5,0.5
2025-10-21T0300,3003A,120.0522,31.7748,常州市,经开区,,,19,32,3,8,68,,,,10,12,,8,0.3,0.4
2025-10-21T0300,3010A,119.9025,31.7964,常州市,钟楼,,,25,29,7,10,56,,,,16,16,,8,0.5,0.5
2025-10-21T0300,3429A,119.8598,31.7066,常州市,武进经发区,,22,22,29,9,13,57,,,,16,21,11,11,0.5,0.5
2025-10-21T0300,3430A,119.5826,31.7245,常州市,金坛城区,,,17,25,8,12,,,,,10,10,10,10,0.6,0.6
2025-10-21T0300,2220A,120.4318,41.5881,朝阳市,西梁,,38,30,25,26,15,1,,,,41,29,3,2,0.7,0.6
2025-10-21T0300,2221A,120.4521,41.5646,朝阳市,河畔小区,,36,36,36,24,16,7,,,,38,23,5,6,0.5,0.5
2025-10-21T0300,2222A,120.4176,41.5648,朝阳市,八里堡,,39,39,38,25,16,0,,,,41,32,6,6,0.6,0.6
2025-10-21T0300,2223A,120.3806,41.5969,朝阳市,农业园区,,43,32,19,30,12,2,,,,44,20,2,2,0.6,0.5
2025-10-21T0300,3026A,116.6183,23.6608,潮州市,市政府,,15,12,17,10,9,38,,,,1,4,5,6,0.2,0.2
2025-10-21T0300,4036A,116.6461,23.6761,潮州市,金山,,11,7,16,6,7,34,,,,3,4,6,6,0.6,0.7
2025-10-21T0300,2473A,113.0116,25.8226,郴州市,市职中,,8,7,6,3,5,16,,,,12,13,2,2,0.8,0.7
2025-10-21T0300,2475A,113.0383,25.8071,郴州市,市审计局,,6,6,6,3,5,18,,,,9,9,16,9,0.2,0.2
2025-10-21T0300,2476A,113.0348,25.7759,郴州市,市环保局,,19,13,9,13,4,22,,,,11,12,3,2,0.6,0.6
2025-10-21T0300,4252A,113.0138,25.8011,郴州市,好美居路49号,,9,6,6,3,4,26,,,,11,13,5,6,0.6,0.5
2025-10-21T0300,1431A,103.9728,30.7236,成都市,金泉两河,,,8,8,3,3,39,,,,12,14,,2,0.6,0.6
2025-10-21T0300,1432A,104.176,30.6872,成都市,十里店,,12,6,7,3,3,38,,,,18,16,3,3,0.5,0.6
2025-10-21T0300,1433A,104.079,30.5706,成都市,三瓦窑,,17,17,14,3,4,43,,,,13,13,4,4,0.6,0.6
2025-10-21T0300,1434A,104.1114,30.63,成都市,沙河铺,,23,,14,16,8,34,,,,24,23,4,4,0.5,0.5
2025-10-21T0300,1437A,104.0786,30.6531,成都市,君平街,,25,,13,17,7,38,,,,10,11,4,4,0.5,0.5
2025-10-21T0300,2880A,104.0239,30.65639,成都市,大石西路,,13,11,12,6,6,39,,,,15,16,2,2,0.4,0.4
2025-10-21T0300,3136A,104.2725,30.5589,成都市,龙泉驿区区政府,,11,6,1,3,1,34,,,,16,13,6,6,0.5,0.5
2025-10-21T0300,3357A,104.0106,30.6931,成都市,金博路,,12,6,3,3,2,36,,,,16,17,6,6,0.4,0.4
2025-10-21T0300,3359A,104.0578,30.5225,成都市,华阳,,13,,4,9,6,37,,,,13,13,4,4,0.5,0.6
2025-10-21T0300,3488A,104.3880,30.7467,成都市,青石路225号,,16,12,9,11,6,33,,,,12,12,5,3,0.6,0.6
2025-10-21T0300,3489A,104.0789,30.4072,成都市,科学城,,12,6,4,3,2,38,,,,12,12,4,4,0.5,0.5
2025-10-21T0300,4011A,103.8506,30.6947,成都市,光华大道三段,,14,6,10,3,3,43,,,,15,16,2,2,0.6,0.5
2025-10-21T0300,4224A,104.2433,30.5353,成都市,鲸龙路1057号,,,10,6,3,2,35,,,,18,18,,4,0.5,0.5
2025-10-21T0300,1062A,117.9531,40.9081,承德市,铁路,,25,25,23,10,11,17,,,,15,18,1,2,0.3,0.3
2025-10-21T0300,1063A,117.9392,40.9763,承德市,中国银行,,36,36,25,22,9,2,,,,26,17,2,2,0.4,0.4
2025-10-21T0300,1064A,117.9503,40.928,承德市,开发区,,38,38,32,25,17,2,,,,32,20,3,3,0.3,0.2
2025-10-21T0300,4274A,117.7994,40.9605,承德市,滨河大街98号,,33,33,22,15,12,8,,,,32,19,1,2,0.3,0.3
2025-10-21T0300,2314A,117.47,30.6618,池州市,池州学院,,18,18,24,8,14,56,,,,12,16,6,6,0.2,0.4
2025-10-21T0300,3237A,117.4918,30.6617,池州市,展览馆,,23,23,28,10,15,57,,,,16,22,12,10,0.5,0.5
2025-10-21T0300,3333A,117.5627,30.695,池州市,第八中学,,25,25,28,10,14,54,,,,17,20,10,8,0.6,0.6
2025-10-21T0300,3334A,117.5038,30.6243,池州市,第十二中学,,23,23,26,9,13,57,,,,18,21,10,8,0.6,0.6
2025-10-21T0300,1744A,118.9233,42.2816,赤峰市,松山一中,细颗粒物(PM2.5),63,66,20,45,10,4,,,,34,24,8,6,0.9,0.6
2025-10-21T0300,1745A,118.9576,42.2728,赤峰市,哈达街,颗粒物(PM10),52,53,28,34,16,8,,,,36,26,7,7,0.5,0.5
2025-10-21T0300,1746A,118.8788,42.2554,赤峰市,天义路,细颗粒物(PM2.5),59,48,17,42,15,5,,,,28,21,8,12,0.5,0.5
2025-10-21T0300,3058A,119.2658,42.0353,赤峰市,银河街,,37,37,29,19,15,3,,,,35,22,16,11,0.7,0.6
2025-10-21T0300,3286A,118.9359,42.3147,赤峰市,桥北物流园区,,21,16,17,14,12,2,,,,41,28,8,8,0.4,0.3
2025-10-21T0300,2521A,107.3476,22.4136,崇左市,市环保局江州分局,,15,8,19,8,9,46,,,,5,5,4,4,0.6,0.6
2025-10-21T0300,4256A,107.3750,22.3736,崇左市,石景林东路7号,,18,6,10,3,7,56,,,,6,6,6,6,0.6,0.6
2025-10-21T0300,2298A,118.3093,32.3153,滁州市,老年大学,,30,30,30,19,14,42,,,,6,7,1,2,0.2,0.1
2025-10-21T0300,2299A,118.3244,32.2786,滁州市,人大宾馆,,28,24,27,19,12,44,,,,3,3,4,4,0.1,0.1
2025-10-21T0300,3207A,118.3118,32.3038,滁州市,市政府原办公楼,,30,26,31,21,15,43,,,,7,10,5,6,0.2,0.1
2025-10-21T0300,3331A,118.3267,32.2634,滁州市,图书馆,,35,29,23,24,14,46,,,,8,8,6,6,0.3,0.2
2025-10-21T0300,2605A,101.5482,25.0441,楚雄彝族自治州,州环境监测站,,29,28,17,20,11,2,,,,17,10,46,20,0.8,0.6
2025-10-21T0300,2606A,101.538,25.0492,楚雄彝族自治州,市经济开发区,,21,21,17,14,11,2,,,,16,11,16,9,0.8,0.7
2025-10-21T0300,2549A,107.5086,31.2186,达州市,市环境监测站,,7,6,7,3,0,22,,,,12,15,6,6,0.3,0.3
2025-10-21T0300,2550A,107.4988,31.2132,达州市,凤凰小区,,8,7,7,3,1,25,,,,11,13,5,5,0.3,0.3
2025-10-21T0300,2551A,107.5082,31.1986,达州市,达县机关宾馆,,9,7,4,3,3,14,,,,17,20,5,5,0.3,0.4
2025-10-21T0300,2552A,107.4644,31.2124,达州市,市政中心,,14,14,14,3,0,24,,,,9,13,11,7,0.3,0.4
2025-10-21T0300,2614A,100.1542,25.7054,大理白族自治州,大理市环境监测站,,11,6,7,3,8,34,,,,5,6,4,4,0.6,0.7
2025-10-21T0300,2615A,100.2171,25.5811,大理白族自治州,大理古城,,9,9,11,3,8,25,,,,4,8,6,6,0.7,0.7
2025-10-21T0300,1109A,121.612,38.9741,大连市,甘井子,,18,17,18,12,8,48,,,,29,18,8,7,0.6,0.6
2025-10-21T0300,1110A,121.565,38.9511,大连市,周水子,,26,26,19,17,10,52,,,,27,22,8,8,0.3,0.3
2025-10-21T0300,1111A,121.5637,38.8845,大连市,星海三站,,18,17,16,12,9,50,,,,8,7,5,6,0.2,0.2
2025-10-21T0300,1112A,121.6302,38.9117,大连市,青泥洼桥,,20,20,18,10,8,61,,,,12,15,11,10,0.2,0.2
2025-10-21T0300,1113A,121.6251,38.8638,大连市,傅家庄,,19,14,14,7,6,58,,,,13,11,5,5,0.8,0.8
2025-10-21T0300,1114A,121.5213,38.8661,大连市,七贤岭,,18,18,18,8,7,46,,,,15,14,6,6,0.0,0.1
2025-10-21T0300,1115A,121.2529,38.8061,大连市,旅顺,,16,13,14,8,6,49,,,,11,8,8,8,0.2,0.2
2025-10-21T0300,1116A,121.7485,39.1311,大连市,金州,,22,14,17,8,9,69,,,,13,16,8,7,0.2,0.3
2025-10-21T0300,1117A,121.7811,39.0496,大连市,开发区,,21,12,14,7,7,67,,,,6,9,5,5,0.3,0.3
2025-10-21T0300,1118A,121.9762,39.0631,大连市,双D港,,21,14,16,7,8,65,,,,7,8,8,8,1.0,0.9
2025-10-21T0300,1789A,124.81117,46.03138,大庆市,大同区,,25,25,29,14,12,28,,,,21,14,7,8,0.5,0.5
2025-10-21T0300,1790A,125.129,46.533,大庆市,龙凤区,,32,32,33,15,16,48,,,,15,22,10,10,0.5,0.6
2025-10-21T0300,1791A,124.902,46.408,大庆市,红岗区,,32,29,29,22,17,35,,,,7,9,6,5,0.4,0.4
2025-10-21T0300,1792A,125.153,46.586,大庆市,萨尔图区,,24,24,32,12,14,46,,,,18,24,10,9,0.3,0.3
2025-10-21T0300,1793A,124.9042,46.6215,大庆市,让胡路区,,36,27,28,25,19,50,,,,7,18,6,5,0.3,0.4
2025-10-21T0300,3481A,125.141,46.634,大庆市,萨区政府监测点,,26,26,24,7,3,42,,,,13,14,8,8,0.3,0.3
2025-10-21T0300,1723A,113.2994,40.0758,大同市,云冈宾馆,,36,36,31,20,14,9,,,,38,22,28,9,0.9,0.9
2025-10-21T0300,1724A,113.3444,40.0917,大同市,大同大学,,33,33,26,22,15,25,,,,29,24,25,9,0.6,0.4
2025-10-21T0300,1725A,113.2661,40.1269,大同市,安家小村,颗粒物(PM10),59,68,43,26,20,7,,,,38,29,15,6,1.4,0.8
2025-10-21T0300,1726A,113.2711,40.0844,大同市,教育学院,颗粒物(PM10),57,63,35,28,19,3,,,,44,29,15,7,1.3,0.8
2025-10-21T0300,3282A,113.3397,40.0597,大同市,大同市卫生学校,,35,35,25,19,15,10,,,,43,28,16,7,0.6,0.4
2025-10-21T0300,3565A,113.1367,40.1122,大同市,云冈站,,47,47,43,20,19,5,,,,30,24,11,8,0.4,0.4
2025-10-21T0300,3566A,113.1186,40.2556,大同市,图书馆,,46,46,36,16,17,6,,,,23,20,4,9,0.6,0.6
2025-10-21T0300,3567A,113.5931,40.0461,大同市,区一中,,18,18,21,10,12,51,,,,11,10,4,5,0.5,0.5
2025-10-21T0300,4199A,113.2798,40.0997,大同市,魏都大道141号,,,64,39,34,20,5,,,,44,29,,6,1.0,0.7
2025-10-21T0300,2269A,124.1069,50.4097,大兴安岭地区,科技局,,13,9,17,8,11,41,,,,2,4,3,3,0.2,0.2
2025-10-21T0300,3663A,124.1164,50.4278,大兴安岭地区,红旗社区,,19,6,8,3,5,60,,,,2,5,4,3,0.3,0.3
2025-10-21T0300,1600A,124.3303,40.0625,丹东市,江湾东路,,21,21,18,13,11,46,,,,16,14,10,9,0.5,0.5
2025-10-21T0300,1601A,124.4256,40.1503,丹东市,临江后街,,21,21,18,10,8,44,,,,13,11,10,7,0.4,0.4
2025-10-21T0300,1602A,124.3933,40.1461,丹东市,元宝山,,22,22,19,10,8,40,,,,14,11,9,9,0.5,0.5
2025-10-21T0300,1603A,124.3633,40.1092,丹东市,民主桥,,22,22,20,12,9,40,,,,17,15,6,6,0.4,0.4
2025-10-21T0300,3541A,109.5726,19.5167,儋州市,第一中学子站,,19,19,26,9,15,44,,,,5,6,4,4,0.6,0.6
2025-10-21T0300,3542A,109.5567,19.5187,儋州市,东坡学校子站,,25,25,29,9,16,53,,,,6,8,4,6,0.4,0.5
2025-10-21T0300,2616A,98.5842,24.428,德宏傣族景颇族自治州,德宏州监测站,,23,23,22,13,14,5,,,,12,14,8,10,0.4,0.5
2025-10-21T0300,3677A,98.5881,24.4368,德宏傣族景颇族自治州,芒市人民政府综合楼,,21,21,28,14,13,3,,,,13,14,8,10,0.6,0.7
2025-10-21T0300,1901A,104.4239,31.1208,德阳市,东山公园,,14,,7,6,6,42,,,,7,6,2,2,0.6,0.6
2025-10-21T0300,1902A,104.3826,31.1317,德阳市,西小区,,17,10,12,7,6,52,,,,6,8,3,3,1.2,1.8
2025-10-21T0300,1904A,104.3553,31.1091,德阳市,耐火材料厂,,15,10,11,6,6,46,,,,13,14,1,1,0.6,0.7
2025-10-21T0300,3639A,104.4019,31.1244,德阳市,市教育局,,15,6,7,3,6,46,,,,5,8,3,3,0.7,0.7
2025-10-21T0300,1622A,116.3032,37.4674,德州市,儿童乐园,颗粒物(PM10),57,63,45,19,16,7,,,,58,38,12,10,0.6,0.5
2025-10-21T0300,3371A,116.3728,37.4403,德州市,开发区人民医院,,44,44,36,22,14,1,,,,69,43,13,12,0.6,0.6
2025-10-21T0300,3511A,116.5652,37.3319,德州市,陵城艺术中心,,44,44,44,22,16,8,,,,34,31,12,14,0.6,0.5
2025-10-21T0300,2621A,99.7056,27.8317,迪庆藏族自治州,迪庆州站,,20,20,18,12,11,48,,,,5,8,6,6,0.2,0.3
2025-10-21T0300,3180A,99.7136,27.8094,迪庆藏族自治州,质量技术监督局,,25,,19,17,10,50,,,,8,10,7,8,0.4,0.4
2025-10-21T0300,4257A,104.6092,35.5962,定西市,将台街,,30,30,29,14,14,59,,,,6,11,7,7,0.4,0.4
2025-10-21T0300,4309A,104.6159,35.5701,定西市,正龙路62号,,27,27,31,12,17,54,,,,5,7,4,4,0.3,0.4
2025-10-21T0300,1389A,113.7547,23.0494,东莞市,莞城梨川,,13,6,9,3,5,39,,,,9,8,5,6,0.5,0.6
2025-10-21T0300,1390A,113.7944,23.0128,东莞市,东城石井,,13,6,12,3,6,39,,,,8,9,6,6,0.6,0.6
2025-10-21T0300,1391A,113.7383,22.9658,东莞市,南城西平,,11,9,8,3,5,34,,,,17,15,8,7,0.5,0.5
2025-10-21T0300,3319A,113.7338,23.0381,东莞市,万江金泰,,12,6,11,3,6,37,,,,7,7,7,7,0.8,0.8
2025-10-21T0300,3626A,113.7533,23.0202,东莞市,南城元岭,,14,6,10,3,6,43,,,,12,12,6,6,0.4,0.5
2025-10-21T0300,3627A,113.7875,23.0457,东莞市,东城主山,,14,6,11,3,5,43,,,,9,11,2,2,0.4,0.5
2025-10-21T0300,1666A,118.6614,37.4309,东营市,市环保局,,17,17,18,3,5,39,,,,23,22,8,7,0.7,0.6
2025-10-21T0300,3036A,118.6904,37.4338,东营市,开发区管委会,,19,19,23,7,8,35,,,,21,18,7,6,0.4,0.2
2025-10-21T0300,3365A,118.5719,37.565,东营市,垦利区民丰路,,,17,19,7,8,38,,,,20,22,,2,0.7,0.4
2025-10-21T0300,3498A,118.5055,37.8612,东营市,河口城区,,27,27,19,3,4,33,,,,29,20,5,5,0.4,0.2
2025-10-21T0300,3646A,118.4978,37.4623,东营市,胜利站,,35,35,34,12,8,24,,,,35,29,7,9,0.4,0.3
2025-10-21T0300,3734A,118.35,37.26,东营市,理想之城,,34,34,24,12,8,28,,,,27,27,3,3,0.5,0.3
2025-10-21T0300,1591A,110.0023,39.8129,鄂尔多斯市,综合楼,,27,27,44,3,13,37,,,,35,51,15,14,0.4,0.6
2025-10-21T0300,1592A,109.9486,39.8261,鄂尔多斯市,巴音孟克林场办事处,,29,29,51,14,17,38,,,,32,46,9,11,0.4,0.5
2025-10-21T0300,1593A,109.7736,39.5986,鄂尔多斯市,康泽苑,,46,46,40,17,16,2,,,,40,37,2,4,0.3,0.4
2025-10-21T0300,1594A,109.8119,39.5989,鄂尔多斯市,华泰汽车城,颗粒物(PM10),52,53,40,17,15,0,,,,48,42,5,6,0.4,0.4
2025-10-21T0300,1595A,109.9734,39.7884,鄂尔多斯市,奥林花园,,27,27,48,12,14,18,,,,46,46,7,9,0.3,0.4
2025-10-21T0300,2436A,114.8938,30.3994,鄂州市,市政府,,,,23,15,12,34,,,,13,15,7,7,0.2,0.3
2025-10-21T0300,2437A,114.8989,30.3714,鄂州市,赵家坝,,16,16,20,9,9,40,,,,7,10,7,8,0.4,0.5
2025-10-21T0300,3654A,114.8094,30.4089,鄂州市,精准医疗中心,,20,20,21,13,11,38,,,,8,11,5,6,0.6,0.5
2025-10-21T0300,2454A,109.4978,30.2981,恩施土家族苗族自治州,湖北民院,,16,6,11,3,4,50,,,,6,6,6,6,0.4,0.4
2025-10-21T0300,2455A,109.4707,30.2798,恩施土家族苗族自治州,州电力总公司,,15,6,5,3,2,48,,,,3,6,5,5,0.5,0.6
2025-10-21T0300,3549A,109.5061,30.3772,恩施土家族苗族自治州,龙凤新区,,15,6,4,3,3,47,,,,2,2,7,8,0.4,0.4
2025-10-21T0300,2499A,108.3411,21.6158,防城港市,沙万,,16,,18,11,10,48,,,,6,6,4,4,0.5,0.6
2025-10-21T0300,2500A,108.3514,21.7731,防城港市,防城档案局,,36,36,33,7,12,48,,,,8,8,5,5,0.5,0.6
2025-10-21T0300,2501A,108.3506,21.6414,防城港市,大海花园,,19,,21,13,12,52,,,,6,6,5,4,0.5,0.5
2025-10-21T0300,1371A,113.1294,23.0067,佛山市,湾梁,,13,6,19,3,7,40,,,,19,20,7,7,0.6,0.6
2025-10-21T0300,1372A,113.1083,23.0478,佛山市,华材职中,,,12,21,3,6,41,,,,11,12,,6,0.6,0.6
2025-10-21T0300,1373A,113.144,23.0453,佛山市,南海气象局,,15,8,16,6,8,45,,,,13,14,8,8,0.7,0.8
2025-10-21T0300,1374A,113.2881,22.8094,佛山市,顺德苏岗,,,8,19,3,6,34,,,,14,17,,8,0.5,0.5
2025-10-21T0300,1376A,112.8383,22.8678,佛山市,高明孔堂,,14,14,20,3,6,44,,,,12,13,3,4,0.3,0.4
2025-10-21T0300,1377A,112.8836,23.1588,佛山市,三水监测站,,13,7,15,3,2,40,,,,14,10,7,7,0.5,0.6
2025-10-21T0300,1378A,112.867,23.185,佛山市,三水云东海,,16,16,20,3,6,31,,,,15,13,7,5,0.6,0.6
2025-10-21T0300,3625A,113.2544,22.7642,佛山市,容桂街道办,,11,7,14,3,10,34,,,,16,15,6,6,0.7,0.7
2025-10-21T0300,1282A,119.2681,26.0504,福州市,师大,,18,7,14,3,5,55,,,,9,11,5,6,0.4,0.5
2025-10-21T0300,1283A,119.2984,26.1028,福州市,五四北路,,18,6,15,3,4,57,,,,8,11,4,4,0.4,0.4
2025-10-21T0300,1284A,119.2648,26.0768,福州市,杨桥西路,,18,7,14,3,4,56,,,,8,9,4,4,0.3,0.4
2025-10-21T0300,1285A,119.317,26.0746,福州市,紫阳,,19,7,17,3,5,58,,,,7,9,6,6,0.3,0.4
2025-10-21T0300,3048A,119.5799,26.0936,福州市,九龙,,17,9,14,3,4,52,,,,10,10,4,5,0.6,0.5
2025-10-21T0300,3526A,119.5189,25.9664,福州市,吴航,,17,9,14,6,7,53,,,,8,8,6,6,0.6,0.4
2025-10-21T0300,1755A,123.7977,41.8491,抚顺市,望花区,颗粒物(PM10),84,118,56,46,28,1,,,,40,31,8,8,0.9,0.8
2025-10-21T0300,1756A,123.9161,41.8822,抚顺市,顺城区,细颗粒物(PM2.5),67,60,51,48,28,2,,,,38,32,7,8,0.7,0.7
2025-10-21T0300,1757A,124.0436,41.8611,抚顺市,东洲区,细颗粒物(PM2.5),55,55,45,39,32,12,,,,26,23,8,9,0.8,0.8
2025-10-21T0300,1758A,123.9247,41.8642,抚顺市,新抚区,"颗粒物(PM10),细颗粒物(PM2.5)",62,74,60,44,31,2,,,,33,27,6,8,0.8,0.8
2025-10-21T0300,1759A,124.0972,41.8961,抚顺市,大伙房水库,细颗粒物(PM2.5),57,48,56,40,34,4,,,,45,30,10,12,0.6,0.5
2025-10-21T0300,1760A,123.7086,41.8391,抚顺市,沈抚新城,细颗粒物(PM2.5),62,65,48,44,32,2,,,,36,28,8,8,0.7,0.5
2025-10-21T0300,2377A,116.3544,27.9831,抚州市,市站,,31,31,22,13,8,50,,,,6,7,2,2,0.5,0.5
2025-10-21T0300,2378A,116.3565,27.963,抚州市,血防站,,35,35,25,10,8,52,,,,6,7,6,7,0.3,0.4
2025-10-21T0300,2379A,116.3564,28.0007,抚州市,采茶剧团,,28,28,22,10,7,51,,,,2,3,6,6,0.3,0.4
2025-10-21T0300,2380A,116.385,27.9647,抚州市,医学分院,,34,34,40,10,9,53,,,,2,3,13,9,0.3,0.4
2025-10-21T0300,2207A,121.6094,41.998,阜新市,工业园区,,37,37,32,14,17,24,,,,28,27,10,10,0.4,0.4
2025-10-21T0300,2208A,121.6697,42.0279,阜新市,长青街,,46,46,35,12,14,22,,,,27,23,9,8,0.3,0.3
2025-10-21T0300,2209A,121.6673,42.0705,阜新市,农业园区,,19,19,15,9,4,40,,,,14,9,10,5,0.4,0.3
2025-10-21T0300,2210A,121.6717,42.0224,阜新市,东苑,颗粒物(PM10),51,52,48,15,14,26,,,,26,24,8,5,0.4,0.5
2025-10-21T0300,2211A,121.6506,42.0498,阜新市,玉龙新城,,38,38,35,8,11,2,,,,47,26,7,7,0.3,0.3
2025-10-21T0300,2301A,115.8277,32.8929,阜阳市,市监测站,,45,43,34,31,20,46,,,,25,26,5,4,0.3,0.2
2025-10-21T0300,2303A,115.8554,32.8605,阜阳市,开发区,,48,38,41,33,22,51,,,,17,16,8,8,0.5,0.4
2025-10-21T0300,2875A,115.784,32.8892,阜阳市,阜阳职业技术学院,,46,,25,32,19,52,,,,17,18,8,6,0.3,0.2
2025-10-21T0300,3468A,115.7901,32.8613,阜阳市,市规划展馆,,38,36,29,26,16,53,,,,17,17,6,5,0.5,0.3
2025-10-21T0300,3469A,115.836,32.9183,阜阳市,枣园社区,,,36,30,25,16,46,,,,19,19,,8,0.4,0.2
2025-10-21T0300,2669A,102.9099,34.9841,甘南藏族自治州,州政府,,40,,36,28,28,32,,,,15,17,4,4,0.3,0.4
2025-10-21T0300,3380A,102.8914,34.9617,甘南藏族自治州,甘肃民族师范学院,,15,14,37,6,20,48,,,,9,20,4,5,0.3,0.4
2025-10-21T0300,2570A,101.9603,30.0475,甘孜藏族自治州,水桥子,,10,6,5,3,5,30,,,,11,10,13,7,0.6,0.6
2025-10-21T0300,3065A,101.9533,29.9972,甘孜藏族自治州,州环保局,,13,6,5,3,4,39,,,,9,10,5,5,0.6,0.6
2025-10-21T0300,3414A,115.8347,28.932,赣江新区,桑海产业园,,36,36,32,8,15,39,,,,10,11,3,3,0.3,0.2
2025-10-21T0300,2363A,114.9367,25.8664,赣州市,地委,,38,38,30,11,6,26,,,,11,9,5,5,0.6,0.6
2025-10-21T0300,2364A,114.9461,25.8481,赣州市,气象台,,40,40,27,12,6,37,,,,8,10,5,5,0.7,0.7
2025-10-21T0300,2365A,114.9322,25.8333,赣州市,市图书馆,,29,20,12,20,9,38,,,,10,10,5,5,0.7,0.7
2025-10-21T0300,2366A,114.8905,25.8471,赣州市,华坚鞋城,,21,21,17,13,8,37,,,,10,11,4,4,0.5,0.5
2025-10-21T0300,3109A,115.0093,25.8613,赣州市,赣县区卫计委,,25,20,11,17,9,39,,,,4,5,6,7,0.6,0.6
2025-10-21T0300,2684A,106.2792,36.0022,固原市,监测站,,13,9,8,9,8,35,,,,7,12,4,4,0.5,0.6
2025-10-21T0300,2685A,106.2375,36.0211,固原市,新区,,12,,7,8,5,31,,,,8,11,3,3,0.4,0.5
2025-10-21T0300,3522A,106.2177,35.9959,固原市,原州区十五小,,13,12,10,9,7,31,,,,8,12,6,6,0.7,0.7
2025-10-21T0300,2544A,106.6303,30.4576,广安市,市委,,13,6,7,6,7,40,,,,6,7,3,3,0.5,0.5
2025-10-21T0300,2545A,106.6271,30.4663,广安市,友谊中学,,,7,9,6,6,42,,,,6,7,,4,0.7,0.7
2025-10-21T0300,2547A,106.6388,30.4551,广安市,广电花园,,,8,8,6,7,36,,,,8,9,,7,0.5,0.5
2025-10-21T0300,2902A,106.6351,30.4865,广安市,北辰小学,,13,,7,3,6,40,,,,6,7,6,7,0.5,0.5
2025-10-21T0300,2524A,105.821,32.4444,广元市,老城,,18,15,11,3,2,56,,,,8,11,4,4,0.5,0.6
2025-10-21T0300,2526A,105.8628,32.4287,广元市,监测站,,22,,12,15,10,52,,,,5,10,3,4,0.6,0.7
2025-10-21T0300,3617A,105.8047,32.4166,广元市,经开区,,16,6,3,3,2,51,,,,7,10,2,2,0.5,0.6
2025-10-21T0300,1345A,113.2347,23.1423,广州市,广雅中学,,,15,24,6,10,39,,,,14,15,,7,0.2,0.3
2025-10-21T0300,1346A,113.2612,23.105,广州市,市五中,,15,8,16,3,9,48,,,,14,13,9,7,0.6,0.7
2025-10-21T0300,1348A,113.3478,23.0916,广州市,广东商学院,,,6,13,3,11,43,,,,13,15,,5,0.3,0.3
2025-10-21T0300,1349A,113.4332,23.1047,广州市,市八十六中,,14,6,12,3,7,42,,,,12,14,6,6,0.7,0.7
2025-10-21T0300,1350A,113.3505,22.9483,广州市,番禺中学,,14,8,16,3,5,42,,,,11,11,6,6,0.5,0.6
2025-10-21T0300,1351A,113.2146,23.3916,广州市,花都师范,,,,18,4,6,42,,,,12,13,6,6,0.5,0.6
2025-10-21T0300,1352A,113.2597,23.1331,广州市,市监测站,,,12,18,3,7,46,,,,11,13,,7,0.7,0.7
2025-10-21T0300,1353A,113.5618,23.312,广州市,九龙镇镇龙,,12,6,10,3,5,38,,,,9,10,5,5,0.6,0.6
2025-10-21T0300,1354A,113.2765,23.1544,广州市,麓湖,,,9,16,3,8,40,,,,14,14,,8,0.5,0.5
2025-10-21T0300,2846A,113.3221,23.1322,广州市,体育西,,,6,14,3,10,44,,,,10,12,,6,0.4,0.4
2025-10-21T0300,3298A,113.5717,23.5491,广州市,从化街口,,14,6,8,3,5,43,,,,8,8,7,7,0.5,0.5
2025-10-21T0300,3299A,113.3472,23.3692,广州市,白云竹料,,15,7,13,3,7,47,,,,8,8,8,7,0.4,0.5
2025-10-21T0300,3300A,113.2981,23.237,广州市,白云嘉禾,,15,9,17,3,9,47,,,,9,11,8,8,0.5,0.5
2025-10-21T0300,3301A,113.4256,23.1716,广州市,黄埔科学城,,15,6,12,3,6,46,,,,7,8,4,4,0.5,0.5
2025-10-21T0300,3302A,113.3942,23.0483,广州市,番禺大学城,,13,11,15,3,7,41,,,,21,19,5,6,0.5,0.6
2025-10-21T0300,3303A,113.4922,22.8168,广州市,南沙黄阁,,12,12,22,3,8,34,,,,20,19,8,9,0.7,0.7
2025-10-21T0300,3304A,113.5342,22.7896,广州市,南沙街,,14,14,21,3,8,38,,,,12,13,8,8,0.4,0.4
2025-10-21T0300,3443A,113.2902,23.5544,广州市,花都梯面,,13,10,11,6,7,39,,,,9,10,7,8,0.5,0.5
2025-10-21T0300,3445A,113.7858,23.7478,广州市,从化良口,,15,6,6,3,4,45,,,,9,9,6,6,0.4,0.4
2025-10-21T0300,3446A,113.8051,23.2614,广州市,增城荔城,,,6,9,3,5,38,,,,10,8,,6,0.4,0.4
2025-10-21T0300,2506A,109.6047,23.0666,贵港市,江南子站,,17,17,17,8,8,51,,,,8,8,4,4,0.5,0.6
2025-10-21T0300,2508A,109.5669,23.1065,贵港市,荷城子站,,17,17,15,3,4,47,,,,8,8,3,3,0.6,0.7
2025-10-21T0300,3405A,109.5886,23.1172,贵港市,新世纪学校,,16,14,20,6,7,50,,,,3,5,3,2,0.6,0.7
2025-10-21T0300,4260A,109.5933,23.0951,贵港市,中山路155-3号,,15,14,16,7,9,48,,,,5,6,3,3,0.5,0.6
2025-10-21T0300,1439A,106.6899,26.5998,贵阳市,马鞍山,,14,,4,3,10,44,,,,4,5,2,2,0.3,0.3
2025-10-21T0300,1441A,106.6243,26.6266,贵阳市,鉴湖路,,14,14,19,3,4,37,,,,5,8,4,4,0.4,0.4
2025-10-21T0300,1442A,106.7487,26.6343,贵阳市,燕子冲,,14,,7,7,9,42,,,,6,7,4,4,0.2,0.2
2025-10-21T0300,1443A,106.6555,26.4365,贵阳市,碧云窝,,13,7,20,3,4,39,,,,4,10,4,3,0.2,0.2
2025-10-21T0300,1445A,106.7109,26.6027,贵阳市,红边门,,14,9,11,7,6,44,,,,8,8,2,2,0.4,0.5
2025-10-21T0300,1446A,106.7164,26.5699,贵阳市,新华路,,12,7,10,3,3,37,,,,5,8,3,3,0.4,0.4
2025-10-21T0300,1447A,106.674,26.5424,贵阳市,太慈桥,,13,6,10,3,2,39,,,,5,8,2,3,0.2,0.3
2025-10-21T0300,1552A,106.805,26.3003,贵阳市,桐木岭,,24,24,30,9,17,44,,,,1,3,1,1,1.0,1
2025-10-21T0300,4230A,106.6882,26.5695,贵阳市,花果园大街66号,,13,,4,3,6,41,,,,4,6,3,3,0.3,0.4
2025-10-21T0300,4231A,106.6873,26.5169,贵阳市,漓江路57号,,14,,9,3,4,43,,,,3,6,6,6,0.3,0.6
2025-10-21T0300,1864A,110.3089,25.2708,桂林市,龙隐路小学,,15,6,8,3,2,45,,,,6,6,4,5,0.3,0.3
2025-10-21T0300,1865A,110.2869,25.2178,桂林市,八中,,15,6,8,3,2,48,,,,6,7,6,7,0.3,0.4
2025-10-21T0300,3531A,110.296,25.1253,桂林市,旅游学院,,17,6,2,3,2,53,,,,5,5,4,4,0.5,0.5
2025-10-21T0300,4222A,110.1835,25.2444,桂林市,环湖路276号,,14,,9,7,8,43,,,,7,8,5,5,0.2,0.3
2025-10-21T0300,4301A,110.2803,25.2773,桂林市,信义路13号,,15,,9,10,3,44,,,,6,7,6,6,0.3,0.3
2025-10-21T0300,2674A,100.2561,34.4714,果洛藏族自治州,玛沁县大武镇,,40,31,31,28,24,75,,,,2,7,27,23,0.3,0.4
2025-10-21T0300,1130A,126.561,45.8167,哈尔滨市,松北商大,,29,24,27,20,16,14,,,,25,21,4,6,0.5,0.5
2025-10-21T0300,1131A,126.979,45.5419,哈尔滨市,阿城会宁,,40,40,27,24,17,10,,,,26,22,11,10,0.5,0.4
2025-10-21T0300,1132A,126.599,45.7222,哈尔滨市,南岗学府路,,35,35,28,11,10,25,,,,36,46,8,9,0.3,0.3
2025-10-21T0300,1133A,126.689,45.7733,哈尔滨市,太平宏伟公园,,23,23,19,10,12,32,,,,24,17,9,9,0.5,0.4
2025-10-21T0300,1134A,126.635,45.7667,哈尔滨市,道外承德广场,,40,40,35,18,13,23,,,,37,25,8,8,0.8,0.7
2025-10-21T0300,1135A,126.685,45.7319,哈尔滨市,香坊红旗大街,,29,29,30,14,14,25,,,,36,27,13,12,0.5,0.5
2025-10-21T0300,1136A,126.6411,45.7258,哈尔滨市,动力和平路,,21,21,17,13,17,36,,,,24,22,7,6,0.2,0.2
2025-10-21T0300,1137A,126.593,45.7478,哈尔滨市,道里建国路,,28,27,22,19,15,12,,,,44,26,10,8,0.3,0.3
2025-10-21T0300,1138A,126.615,45.61,哈尔滨市,平房东轻厂,,28,28,27,17,14,3,,,,56,35,12,11,0.5,0.5
2025-10-21T0300,1139A,126.595,45.9855,哈尔滨市,呼兰师专,,35,31,21,24,19,20,,,,23,18,4,4,0.4,0.3
2025-10-21T0300,1140A,126.6206,45.6842,哈尔滨市,省农科院,,47,47,44,18,22,1,,,,52,35,12,11,0.9,0.8
2025-10-21T0300,2688A,93.5128,42.8172,哈密市,地区监测站,颗粒物(PM10),94,137,121,51,41,13,,,,48,39,10,10,0.8,0.3
2025-10-21T0300,2689A,93.4961,42.8328,哈密市,哈密师范学校,颗粒物(PM10),93,136,119,41,35,2,,,,60,41,9,12,0.9,0.7
2025-10-21T0300,2671A,100.9048,36.9639,海北藏族自治州,海晏县西海镇,,48,43,45,33,35,73,,,,8,9,6,8,0.8,0.6
2025-10-21T0300,3867A,102.0738,36.5056,海东市,平安区公安北苑,细颗粒物(PM2.5),64,61,53,46,37,42,,,,21,15,20,13,1.0,0.8
2025-10-21T0300,1410A,110.3232,20.0574,海口市,海南大学,,19,19,24,9,14,52,,,,6,6,7,6,0.4,0.4
2025-10-21T0300,1411A,110.283,20.0053,海口市,秀英海南医院,,26,26,28,10,14,53,,,,6,8,8,8,0.4,0.4
2025-10-21T0300,1412A,110.338,19.9969,海口市,海南师范大学,,19,19,26,9,14,53,,,,8,7,8,7,0.6,0.6
2025-10-21T0300,1413A,110.33,20.0356,海口市,龙华路环保局宿舍,,23,23,26,9,14,53,,,,8,9,8,8,0.4,0.4
2025-10-21T0300,3539A,110.5111,19.9736,海口市,桂林洋子站,,21,21,19,14,18,55,,,,7,7,6,7,0.3,0.3
2025-10-21T0300,2673A,100.6188,36.2866,海南藏族自治州,共和县恰卜恰镇,,37,37,41,18,21,29,,,,12,19,11,13,0.3,0.5
2025-10-21T0300,2676A,97.3731,37.3753,海西蒙古族藏族自治州,德令哈市,,27,,28,18,15,85,,,,1,6,19,18,0.3,0.4
2025-10-21T0300,1048A,114.5302,36.6116,邯郸市,东污水处理厂,,32,,23,22,23,19,,,,37,26,10,13,0.3,0.3
2025-10-21T0300,1049A,114.4918,36.5713,邯郸市,矿院,,28,23,21,19,23,11,,,,43,23,6,9,0.2,0.3
2025-10-21T0300,1050A,114.484,36.6133,邯郸市,丛台公园,,32,,22,22,19,33,,,,29,28,5,7,0.2,0.3
2025-10-21T0300,3458A,114.7895,36.5593,邯郸市,香泉濮院小区,,41,41,33,19,19,13,,,,36,26,5,5,0.3,0.4
2025-10-21T0300,3579A,114.50634,36.77178,邯郸市,永年区实验高中,,40,40,34,13,13,7,,,,55,35,3,4,0.3,0.4
2025-10-21T0300,3580A,114.20016,36.44293,邯郸市,峰峰矿区临水派出所,,39,31,28,27,19,34,,,,30,21,42,13,0.6,0.7
2025-10-21T0300,2635A,107.0154,33.0706,汉中市,市监测站,,18,8,6,3,4,56,,,,4,5,4,4,0.5,0.5
2025-10-21T0300,2636A,107.0089,33.1138,汉中市,鑫源开发区,,17,6,5,3,2,54,,,,6,6,4,4,0.7,0.8
2025-10-21T0300,2637A,107.007,33.0323,汉中市,南郑大河坎水厂,,17,,9,3,4,52,,,,4,5,7,7,0.7,0.7
2025-10-21T0300,1223A,120.2072,30.2111,杭州市,滨江,,,29,34,8,10,62,,,,15,18,,9,0.5,0.5
2025-10-21T0300,1224A,120.0633,30.2747,杭州市,西溪,,28,28,27,8,10,55,,,,20,22,8,7,0.4,0.4
2025-10-21T0300,1226A,120.3417,30.3150,杭州市,下沙,,27,27,27,3,9,67,,,,7,14,9,9,0.3,0.3
2025-10-21T0300,1227A,120.1269,30.2456,杭州市,卧龙桥,,30,30,30,11,11,49,,,,16,17,10,9,0.4,0.4
2025-10-21T0300,1228A,120.1903,30.2692,杭州市,浙江农大,,35,35,36,14,14,50,,,,21,20,8,6,0.2,0.3
2025-10-21T0300,1230A,120.1197,30.3119,杭州市,和睦小学,,,31,28,8,10,52,,,,16,16,,7,0.5,0.5
2025-10-21T0300,1231A,120.3019,30.4183,杭州市,临平镇,,,25,31,8,11,71,,,,9,13,,6,0.2,0.2
2025-10-21T0300,1232A,120.2753,30.1839,杭州市,城厢镇,,,27,26,11,14,,,,,14,19,6,6,0.3,0.3
2025-10-21T0300,1233A,120.0883,30.1808,杭州市,云栖,,30,30,30,12,13,54,,,,19,18,8,6,0.5,0.5
2025-10-21T0300,3557A,119.9464,30.0494,杭州市,镇二中,,24,24,24,9,9,55,,,,11,14,5,5,0.5,0.5
2025-10-21T0300,3558A,119.7183,30.2367,杭州市,市府大楼,,24,24,22,14,14,62,,,,9,11,9,8,0.1,0.2
2025-10-21T0300,3656A,120.1556,30.2864,杭州市,消防大队,,29,29,29,10,11,51,,,,19,17,11,10,0.3,0.3
2025-10-21T0300,1270A,117.1959,31.7848,合肥市,明珠广场,,28,22,27,19,14,48,,,,11,12,5,5,0.5,0.5
2025-10-21T0300,1271A,117.3072,31.8764,合肥市,三里街,,19,19,26,12,11,41,,,,17,17,5,5,0.4,0.4
2025-10-21T0300,1272A,117.2588,31.8707,合肥市,琥珀山庄,,28,19,27,19,13,47,,,,11,6,9,8,0.3,0.3
2025-10-21T0300,1274A,117.25,31.8571,合肥市,长江中路,,27,27,30,17,13,46,,,,8,9,5,5,0.5,0.5
2025-10-21T0300,1276A,117.3453,31.8616,合肥市,瑶海区,,18,17,23,12,9,45,,,,14,15,7,7,0.2,0.2
2025-10-21T0300,1277A,117.3027,31.7964,合肥市,包河区,,22,22,29,14,11,47,,,,15,21,4,5,0.4,0.4
2025-10-21T0300,1278A,117.2776,31.7385,合肥市,滨湖新区,,28,22,28,19,17,53,,,,8,10,3,3,0.4,0.5
2025-10-21T0300,1279A,117.1318,31.8403,合肥市,高新区,,24,24,31,12,13,50,,,,12,13,5,4,0.5,0.5
2025-10-21T0300,3464A,117.3803,31.9147,合肥市,高教基地,,24,24,24,15,10,41,,,,16,15,5,5,0.3,0.4
2025-10-21T0300,3614A,79.924,37.0877,和田地区,地区环保局,颗粒物(PM10),111,171,166,60,55,54,,,,24,15,4,6,0.5,0.4
2025-10-21T0300,3615A,79.9131,37.113,和田地区,市环保局,颗粒物(PM10),131,212,180,64,49,13,,,,56,26,6,6,0.6,0.2
2025-10-21T0300,2517A,108.0497,24.6947,河池市,市环保站,,14,6,5,3,2,44,,,,6,6,6,6,0.6,0.6
2025-10-21T0300,2518A,108.0983,24.6989,河池市,市疾控中心,,15,6,5,3,3,48,,,,6,6,8,8,0.6,0.7
2025-10-21T0300,1697A,114.6944,23.7586,河源市,东埔,,14,,10,6,8,44,,,,9,9,5,5,0.5,0.6
2025-10-21T0300,1698A,114.6892,23.7233,河源市,老城,,14,6,12,3,2,44,,,,6,6,5,5,0.5,0.6
2025-10-21T0300,1718A,115.4208,35.2464,菏泽市,气象局,颗粒物(PM10),52,54,48,28,25,25,,,,26,17,4,6,0.3,0.5
2025-10-21T0300,3374A,115.5564,35.0891,菏泽市,定陶老年大学,,41,41,40,19,20,23,,,,28,21,8,8,0.3,0.4
2025-10-21T0300,4184A,115.4797,35.24401,菏泽市,永昌路1号,,42,42,42,25,24,26,,,,27,16,5,3,0.3,0.3
2025-10-21T0300,4193A,115.4715,35.2800,菏泽市,长城路999号,,47,47,45,16,18,19,,,,30,20,10,12,0.6,0.6
2025-10-21T0300,2514A,111.5264,24.4172,贺州市,环保小区,,14,10,13,3,8,44,,,,6,8,6,6,0.4,0.5
2025-10-21T0300,2515A,111.5608,24.4078,贺州市,政协大楼,,16,16,17,3,6,37,,,,7,10,4,4,0.4,0.4
2025-10-21T0300,3534A,111.4744,24.4553,贺州市,西湾,,14,6,13,3,4,44,,,,6,7,2,2,0.8,0.7
2025-10-21T0300,2385A,114.17,35.9019,鹤壁市,市监测站,,20,14,34,14,21,22,,,,27,24,7,7,0.5,0.6
2025-10-21T0300,2386A,114.2956,35.7511,鹤壁市,市交警支队,,34,34,39,3,17,27,,,,21,27,3,4,0.4,0.4
2025-10-21T0300,2387A,114.2878,35.7306,鹤壁市,迎宾馆,,39,39,41,16,17,29,,,,22,27,4,4,0.4,0.4
2025-10-21T0300,3474A,114.2617,35.6822,鹤壁市,大新区,,39,39,42,17,18,26,,,,25,22,5,5,0.2,0.3
2025-10-21T0300,3596A,114.1572,35.9603,鹤壁市,南山宾馆,,43,39,39,30,22,21,,,,22,19,3,4,0.4,0.5
2025-10-21T0300,2244A,130.2537,47.3416,鹤岗市,哈啤分公司,,22,16,19,12,12,68,,,,4,5,11,11,0.4,0.4
2025-10-21T0300,2245A,130.2684,47.3086,鹤岗市,斯达机电,,29,29,25,15,12,70,,,,5,6,11,11,0.5,0.5
2025-10-21T0300,2246A,130.3114,47.3388,鹤岗市,东山纸板厂,,29,,20,20,15,72,,,,7,6,14,13,1.4,0.6
2025-10-21T0300,2263A,127.4833,50.2524,黑河市,交通局,,20,,18,14,16,62,,,,4,10,4,4,0.4,0.4
2025-10-21T0300,2264A,127.5144,50.2341,黑河市,环保局,,20,15,20,14,12,55,,,,7,10,5,5,0.4,0.4
2025-10-21T0300,1074A,115.6838,37.7541,衡水市,电机北厂,,32,25,36,22,20,0,,,,53,28,5,6,0.2,0.4
2025-10-21T0300,1075A,115.6303,37.7316,衡水市,市监测站,,30,30,30,16,13,16,,,,37,30,6,7,0.3,0.3
2025-10-21T0300,3188A,115.6683,37.7217,衡水市,市城管局,,24,24,30,15,18,28,,,,29,22,6,6,0.4,0.4
2025-10-21T0300,3459A,115.5989,37.5491,衡水市,地表水厂,颗粒物(PM10),55,60,34,31,17,0,,,,52,25,8,6,0.3,0.3
2025-10-21T0300,2457A,112.6194,26.9258,衡阳市,衡阳化工总厂,,12,,8,3,3,36,,,,11,13,6,6,0.7,0.7
2025-10-21T0300,2458A,112.6211,26.8956,衡阳市,珠晖区环保局,,12,,7,8,9,34,,,,15,17,8,8,0.9,0.9
2025-10-21T0300,2459A,112.6197,26.8733,衡阳市,市委党校,,,,5,3,2,37,,,,6,8,,10,0.5,0.5
2025-10-21T0300,2460A,112.6006,26.8919,衡阳市,市监测站,,,,8,3,5,37,,,,8,10,,4,0.6,0.7
2025-10-21T0300,2461A,112.5664,26.9056,衡阳市,真空机电公司,,,6,7,3,1,36,,,,6,8,,5,0.6,0.6
2025-10-21T0300,3399A,112.6703,26.882,衡阳市,师范学院,,11,8,11,7,8,33,,,,13,13,7,6,0.8,0.8
2025-10-21T0300,2608A,103.3772,23.3993,红河哈尼族彝族自治州,污水处理厂,,29,25,38,20,28,44,,,,7,11,10,68,0.3,0.4
2025-10-21T0300,2609A,103.3861,23.35,红河哈尼族彝族自治州,监测站,,18,16,31,9,18,56,,,,2,8,10,40,0.2,0.3
2025-10-21T0300,3038A,103.3758,23.368,红河哈尼族彝族自治州,州图书馆,,29,,26,20,30,56,,,,3,7,2,43,0.3,0.4
2025-10-21T0300,1090A,111.6507,40.7517,呼和浩特市,呼市一监,,15,9,16,7,8,46,,,,14,16,2,2,0.4,0.4
2025-10-21T0300,1091A,111.6572,40.8033,呼和浩特市,小召,,17,17,16,6,7,37,,,,30,24,6,6,0.2,0.3
2025-10-21T0300,1094A,111.7516,40.8369,呼和浩特市,如意水处理厂,,15,10,15,3,6,48,,,,11,20,8,8,0.1,0.2
2025-10-21T0300,1095A,111.7276,40.8062,呼和浩特市,二十九中,,19,19,18,7,7,43,,,,20,18,7,7,0.3,0.4
2025-10-21T0300,1096A,111.5512,40.7866,呼和浩特市,工大金川校区,,17,17,23,3,7,25,,,,33,27,5,6,0.2,0.3
2025-10-21T0300,1097A,111.717,40.7612,呼和浩特市,化肥厂生活区,,20,20,16,9,8,44,,,,19,18,4,4,0.6,0.3
2025-10-21T0300,3698A,111.5968,40.8178,呼和浩特市,红旗小学,,15,7,14,6,6,48,,,,12,18,6,6,0.3,0.4
2025-10-21T0300,3699A,111.6518,40.8389,呼和浩特市,海东办,,24,19,13,12,8,8,,,,48,21,5,5,0.3,0.3
2025-10-21T0300,3061A,119.7512,49.1577,呼伦贝尔市,国华电力东,,29,28,23,20,15,42,,,,7,11,7,6,0.5,0.5
2025-10-21T0300,1250A,120.0751,30.8669,湖州市,城西水厂,,28,28,30,16,14,65,,,,18,16,8,8,0.3,0.4
2025-10-21T0300,2873A,120.0830,30.8929,湖州市,仁皇山新区,,28,28,30,12,12,57,,,,14,12,7,6,0.1,0.2
2025-10-21T0300,2907A,120.1844,30.8596,湖州市,吴兴区站,,,25,28,12,12,55,,,,21,16,,7,0.4,0.3
2025-10-21T0300,3562A,120.4148,30.8538,湖州市,南浔区站,,22,22,26,10,11,67,,,,13,15,10,8,0.4,0.4
2025-10-21T0300,1607A,120.9049,40.7211,葫芦岛市,龙港区,,41,41,51,16,25,1,,,,40,35,8,10,0.6,0.6
2025-10-21T0300,1608A,120.8392,40.7514,葫芦岛市,化工街,,36,36,51,17,22,5,,,,43,37,65,20,0.4,0.5
2025-10-21T0300,1609A,120.8341,40.7073,葫芦岛市,新区,,26,26,30,11,17,9,,,,48,36,10,8,0.3,0.3
2025-10-21T0300,1610A,120.8695,40.7677,葫芦岛市,东城区,,36,36,43,6,43,19,,,,37,41,18,22,0.5,0.6
2025-10-21T0300,2484A,109.9781,27.5342,怀化市,市四医院,,10,6,10,3,4,29,,,,5,6,6,6,0.2,0.1
2025-10-21T0300,2485A,109.9972,27.5578,怀化市,监测楼,,9,6,6,3,3,26,,,,4,5,1,2,0.2,0.2
2025-10-21T0300,2486A,110.0394,27.583,怀化市,市委党校,,,6,6,3,3,30,,,,10,9,,7,0.3,0.2
2025-10-21T0300,1210A,119.036,33.5981,淮安市,钵池山,,,17,28,13,14,46,,,,14,15,,6,0.6,0.5
2025-10-21T0300,1211A,119.007,33.575,淮安市,北京南路,,,17,29,10,11,49,,,,12,18,,8,0.6,0.5
2025-10-21T0300,1212A,118.989,33.6067,淮安市,市监测站,,15,12,22,9,16,47,,,,15,21,6,6,0.7,0.6
2025-10-21T0300,1213A,119.135,33.5039,淮安市,楚州区监测站,,,17,28,11,10,51,,,,15,17,,8,0.5,0.4
2025-10-21T0300,3426A,118.8755,33.2894,淮安市,新华书店,,24,24,29,16,14,45,,,,18,20,9,8,0.5,0.5
2025-10-21T0300,4206A,119.0288,33.6319,淮安市,承德北路606号,,19,19,30,13,15,44,,,,13,16,7,6,0.5,0.4
2025-10-21T0300,2282A,116.8004,33.975,淮北市,监测站,细颗粒物(PM2.5),54,48,38,38,20,42,,,,23,23,9,9,0.8,0.7
2025-10-21T0300,2283A,116.8091,33.9007,淮北市,烈山区政府,细颗粒物(PM2.5),62,,22,44,20,40,,,,24,19,8,8,0.7,0.5
2025-10-21T0300,3330A,116.8873,33.9836,淮北市,杜集区检察院,细颗粒物(PM2.5),59,50,41,42,24,36,,,,14,13,4,4,0.4,0.3
2025-10-21T0300,4017A,116.7923,33.9535,淮北市,市博物馆,,,46,37,45,22,44,,,,23,22,,7,0.5,0.4
2025-10-21T0300,2277A,116.8305,32.7727,淮南市,潘集区政府,,32,,32,22,20,17,,,,46,19,4,4,0.3,0.3
2025-10-21T0300,2279A,116.8569,32.5951,淮南市,谢家集区政府,,15,,18,10,8,43,,,,10,11,6,7,0.2,0.2
2025-10-21T0300,2280A,116.8281,32.633,淮南市,八公山区政府,,22,22,31,14,13,45,,,,12,12,5,6,0.3,0.3
2025-10-21T0300,2894A,117.0566,32.6531,淮南市,经济技术开发区消防队,,31,31,30,19,10,45,,,,17,18,9,9,0.1,0.1
2025-10-21T0300,3329A,117.0108,32.5893,淮南市,山南新区,,22,22,28,7,7,50,,,,16,18,4,4,0.1,0
2025-10-21T0300,4209A,117.0031,32.6445,淮南市,国庆中路369号,,26,25,25,18,14,42,,,,10,13,4,4,0.1,0.4
2025-10-21T0300,2446A,114.9028,30.4742,黄冈市,职工中心,,22,22,24,14,14,39,,,,7,11,7,7,0.2,0.3
2025-10-21T0300,2929A,114.8858,30.4519,黄冈市,红卫路,,17,17,20,11,13,42,,,,7,10,4,4,0.2,0.2
2025-10-21T0300,3398A,114.9136,30.4445,黄冈市,市林业局,,16,16,20,11,12,38,,,,8,10,4,4,0.2,0.3
2025-10-21T0300,2672A,102.0199,35.5102,黄南藏族自治州,同仁县隆务镇,,36,36,46,18,23,29,,,,2,6,10,10,0.3,0.4
2025-10-21T0300,2295A,118.2903,29.6963,黄山市,延安路89号,,26,26,23,8,9,55,,,,4,7,3,3,0.2,0.3
2025-10-21T0300,2297A,118.1371,30.2756,黄山市,黄山区政府5号楼,,20,,19,14,12,52,,,,5,6,5,5,0.3,0.2
2025-10-21T0300,4210A,118.3354,29.7203,黄山市,滨江东路7-2号,,24,24,27,14,12,52,,,,7,10,3,3,0.2,0.3
2025-10-21T0300,2426A,114.8988,30.2019,黄石市,铁山,,23,23,24,10,8,36,,,,5,7,3,3,0.8,0.7
2025-10-21T0300,2427A,115.0307,30.2092,黄石市,团城山,,18,18,18,9,8,38,,,,4,6,7,6,0.6,0.6
2025-10-21T0300,3149A,115.0235,30.1578,黄石市,笔架山北路,,24,24,21,3,3,37,,,,5,6,5,5,0.2,0.3
2025-10-21T0300,4185A,115.0780,30.21118,黄石市,磁湖东路29号,,22,22,21,15,10,38,,,,3,9,7,8,0.4,0.4
2025-10-21T0300,1392A,114.4183,23.0528,惠州市,河南岸金山湖子站,,,8,17,3,7,38,,,,,12,9,9,0.5,0.6
2025-10-21T0300,1393A,114.4053,23.0822,惠州市,下埔横江三路子站,,12,6,14,3,8,37,,,,13,10,4,4,0.4,0.6
2025-10-21T0300,1394A,114.4103,23.1142,惠州市,江北云山西路子站,,13,6,14,3,7,40,,,,11,12,5,5,0.6,0.6
2025-10-21T0300,1395A,114.4645,22.7833,惠州市,惠阳区承修路船湖子站,,11,9,19,3,10,35,,,,8,9,11,8,0.6,0.6
2025-10-21T0300,1396A,114.5317,22.7422,惠州市,大亚湾管委会子站,,,,19,7,10,31,,,,12,11,,10,0.7,0.7
2025-10-21T0300,3314A,114.4338,22.8134,惠州市,惠阳秋长,,,7,19,3,9,42,,,,,10,16,16,0.7,0.7
2025-10-21T0300,3452A,114.6517,22.775,惠州市,大亚湾霞涌,,,14,21,3,8,33,,,,,9,8,7,0.8,0.9
2025-10-21T0300,2240A,130.9762,45.3001,鸡西市,环保局,,19,16,21,11,12,59,,,,4,9,5,5,0.4,0.4
2025-10-21T0300,2243A,130.9429,45.3039,鸡西市,第一中学,,19,14,21,13,13,54,,,,4,5,6,6,0.6,0.6
2025-10-21T0300,3707A,131.0207,45.3073,鸡西市,欧美日汽修厂,,25,18,19,17,13,49,,,,12,12,7,7,0.5,0.5
2025-10-21T0300,3709A,130.9967,45.3106,鸡西市,市政设施管理处,,18,18,26,11,15,55,,,,12,14,7,8,0.5,0.6
2025-10-21T0300,2367A,114.9754,27.0803,吉安市,红声器材厂,,32,32,29,12,11,43,,,,12,13,11,10,0.5,0.5
2025-10-21T0300,2368A,114.9658,27.0999,吉安市,市森林工业局,,32,32,26,14,14,40,,,,12,14,7,7,0.4,0.4
2025-10-21T0300,2369A,114.99,27.1312,吉安市,市环境监测站,,30,30,25,18,13,42,,,,9,10,14,11,0.4,0.4
2025-10-21T0300,2370A,115.0093,27.0968,吉安市,青原区法院,,30,30,32,14,12,42,,,,11,13,8,9,0.6,0.7
2025-10-21T0300,1772A,126.54,43.8622,吉林市,哈达湾,,30,30,30,18,14,37,,,,16,14,6,7,0.4,0.3
2025-10-21T0300,1773A,126.5844,43.8358,吉林市,东局子,,25,25,22,16,16,39,,,,15,15,6,6,0.5,0.5
2025-10-21T0300,1774A,126.5052,43.8245,吉林市,电力学院,,29,27,31,20,20,22,,,,18,18,6,7,0.5,0.5
2025-10-21T0300,1775A,126.6133,43.8972,吉林市,江北,,31,31,27,20,18,33,,,,11,16,5,6,0.8,0.8
2025-10-21T0300,1776A,126.555,43.8306,吉林市,江南公园,,26,26,25,18,17,35,,,,13,13,4,5,0.3,0.4
2025-10-21T0300,2868A,126.4739,43.953,吉林市,九站,,22,22,22,15,14,24,,,,32,21,7,5,0.5,0.5
2025-10-21T0300,1299A,116.9862,36.6114,济南市,科干所,,,22,30,17,12,,,,,19,28,9,9,0.3,0.3
2025-10-21T0300,1300A,116.9376,36.665,济南市,农科所,,29,29,35,12,11,0,,,,44,33,9,8,0.7,0.6
2025-10-21T0300,1301A,117.1265,36.6734,济南市,开发区,,34,34,33,20,16,27,,,,29,27,5,4,0.6,0.5
2025-10-21T0300,1303A,117.0624,36.6868,济南市,省种子仓库,,,46,42,19,13,,,,,41,29,7,8,0.8,0.7
2025-10-21T0300,1304A,116.9489,36.6447,济南市,机床二厂,,39,39,38,22,16,28,,,,32,33,8,8,0.7,0.6
2025-10-21T0300,1305A,117.0495,36.663,济南市,市监测站,,32,32,34,12,12,25,,,,34,30,4,4,0.8,0.7
2025-10-21T0300,1306A,116.7675,36.5484,济南市,长清党校,,32,32,36,10,14,7,,,,56,34,10,8,0.7,0.6
2025-10-21T0300,1616A,117.6795,36.229,济南市,技术学院,,35,31,31,24,19,29,,,,28,25,9,10,0.5,0.5
2025-10-21T0300,1961A,117.532,36.6868,济南市,东山小学,,39,39,39,12,16,2,,,,37,28,7,8,0.4,0.4
2025-10-21T0300,3059A,117.7161,36.2049,济南市,泰兴公司,,46,46,38,24,20,24,,,,31,26,8,8,0.4,0.3
2025-10-21T0300,3064A,117.6867,36.2171,济南市,莱芜战役纪念馆,,44,44,37,30,23,28,,,,28,25,4,5,0.5,0.6
2025-10-21T0300,3494A,117.1673,36.9782,济南市,济阳区政府,,32,32,38,10,13,15,,,,43,28,20,11,0.5,0.3
2025-10-21T0300,3495A,117.1171,36.63,济南市,锦屏中学,,18,15,25,12,9,22,,,,17,21,4,5,0.6,0.6
2025-10-21T0300,3682A,116.9814,36.6819,济南市,济南四建,,44,44,33,22,14,12,,,,43,29,6,6,0.7,0.6
2025-10-21T0300,1653A,116.6251,35.4302,济宁市,火炬城,,46,46,42,24,23,22,,,,26,18,5,5,0.1,0.1
2025-10-21T0300,1655A,116.5491,35.4042,济宁市,电化厂,颗粒物(PM10),52,54,51,31,25,25,,,,29,23,4,4,0.1,0.1
2025-10-21T0300,3500A,116.5814,35.3707,济宁市,北湖一中,,38,38,31,25,22,28,,,,25,18,3,3,0.2,0.2
2025-10-21T0300,3501A,116.8249,35.5593,济宁市,服务中心,,,47,37,18,15,15,,,,26,16,,8,0.3,0.3
2025-10-21T0300,3678A,116.5907,35.4054,济宁市,市第七中学,,46,46,40,22,15,33,,,,22,17,8,8,0.2,0.3
2025-10-21T0300,2255A,130.2751,46.8028,佳木斯市,佳纺,,18,18,26,12,13,45,,,,15,16,9,5,0.5,0.4
2025-10-21T0300,2256A,130.3995,46.8307,佳木斯市,发电厂,,19,12,37,9,11,58,,,,9,13,8,7,0.3,0.3
2025-10-21T0300,2257A,130.3258,46.7975,佳木斯市,环保局,,18,14,24,12,11,52,,,,8,14,3,4,0.3,0.4
2025-10-21T0300,2258A,130.3648,46.8032,佳木斯市,十一中,,17,10,17,6,11,52,,,,8,13,5,6,0.3,0.3
2025-10-21T0300,1252A,120.7436,30.778,嘉兴市,清河小学,,,21,20,9,11,51,,,,17,14,,7,0.5,0.5
2025-10-21T0300,1253A,120.726,30.7478,嘉兴市,嘉兴学院,,23,23,26,9,11,59,,,,16,15,5,5,0.7,0.7
2025-10-21T0300,2872A,120.7846,30.7525,嘉兴市,南湖区残联,,22,19,30,8,11,70,,,,11,14,6,6,0.5,0.5
2025-10-21T0300,3407A,120.6916,30.7739,嘉兴市,秀洲住建,,27,27,33,11,14,65,,,,10,9,8,8,0.8,0.7
2025-10-21T0300,1945A,98.2908,39.7711,嘉峪关市,气象局,,44,44,84,14,25,66,,,,8,16,4,5,0.5,0.5
2025-10-21T0300,2884A,98.2672,39.7978,嘉峪关市,酒钢宾馆,颗粒物(PM10),60,70,104,31,33,21,,,,32,18,11,17,0.6,0.6
2025-10-21T0300,3248A,98.2643,39.7724,嘉峪关市,雄关区,颗粒物(PM10),59,68,72,29,24,4,,,,52,26,12,14,0.6,0.5
2025-10-21T0300,1383A,113.1064,22.6058,江门市,北街,,13,13,23,6,11,41,,,,16,17,7,6,0.5,0.6
2025-10-21T0300,1384A,113.0731,22.5835,江门市,西区,,13,8,23,8,13,40,,,,14,19,6,6,0.4,0.6
2025-10-21T0300,1385A,113.0219,22.5311,江门市,圭峰西,,13,6,22,3,9,41,,,,14,15,6,6,0.5,0.6
2025-10-21T0300,1386A,113.0828,22.5947,江门市,东湖,,13,10,21,6,13,40,,,,14,18,5,4,0.4,0.5
2025-10-21T0300,3311A,113.1075,22.5647,江门市,江海富民,,22,22,29,12,12,41,,,,17,21,8,8,0.5,0.6
2025-10-21T0300,3449A,113.05,22.4667,江门市,新会银湖,,12,11,24,6,10,38,,,,14,17,5,5,0.5,0.6
2025-10-21T0300,3335A,113.3137,35.2641,焦作市,马村街道办,,43,40,41,30,23,19,,,,15,18,10,5,0.1,0.1
2025-10-21T0300,3336A,113.2465,35.2373,焦作市,焦作技师学院,,28,26,35,19,23,30,,,,15,24,8,10,0.1,0.2
2025-10-21T0300,3477A,113.1656,35.2539,焦作市,中站许衡医院,,40,38,37,28,27,37,,,,11,16,4,5,0.3,0.4
2025-10-21T0300,3981A,113.2449,35.1803,焦作市,原李万街道办,,49,49,43,19,16,4,,,,29,19,6,3,0.6,1.3
2025-10-21T0300,4264A,113.2340,35.2190,焦作市,新安路1731号,颗粒物(PM10),51,51,47,25,25,13,,,,20,23,8,9,0.3,0.6
2025-10-21T0300,4295A,113.2722,35.2121,焦作市,人民路3066号,,,48,44,20,17,8,,,,33,24,,8,0.8,0.7
2025-10-21T0300,1708A,116.3701,23.5345,揭阳市,新兴,,20,,19,14,13,42,,,,8,11,5,6,0.4,0.5
2025-10-21T0300,1709A,116.3264,23.5443,揭阳市,西马,,23,20,22,16,14,23,,,,12,11,3,4,0.6,0.6
2025-10-21T0300,1710A,116.3611,23.5626,揭阳市,东兴,,,,18,10,11,36,,,,9,11,,5,0.4,0.4
2025-10-21T0300,1711A,116.4151,23.5294,揭阳市,渔湖,,16,14,23,11,12,37,,,,10,14,14,10,0.7,0.7
2025-10-21T0300,3320A,116.403,23.5699,揭阳市,曲溪,,20,,20,14,11,44,,,,5,9,2,3,0.4,0.4
2025-10-21T0300,1944A,102.1692,38.5167,金昌市,天庆家园,颗粒物(PM10),65,80,80,42,38,49,,,,14,13,6,13,0.8,0.7
2025-10-21T0300,4022A,102.1647,38.5371,金昌市,金川区人防中心,颗粒物(PM10),64,78,72,41,41,51,,,,12,12,7,12,0.6,0.6
2025-10-21T0300,4239A,102.1930,38.5319,金昌市,长春路96号,颗粒物(PM10),66,81,72,35,32,46,,,,15,12,19,12,0.6,0.6
2025-10-21T0300,1262A,119.647,29.077,金华市,十五中,,27,27,31,9,12,67,,,,13,16,2,2,0.3,0.4
2025-10-21T0300,1263A,119.686,29.1029,金华市,监测站,,31,31,33,12,14,67,,,,15,20,4,4,0.4,0.5
2025-10-21T0300,3659A,119.656,29.1131,金华市,气象局,,25,25,28,8,9,57,,,,20,22,3,4,0.4,0.5
2025-10-21T0300,1767A,121.1115,41.0879,锦州市,南山,,36,36,32,21,27,20,,,,23,24,11,11,0.7,0.7
2025-10-21T0300,1768A,121.0604,40.8428,锦州市,开发区,颗粒物(PM10),52,54,52,24,26,26,,,,30,36,53,22,0.6,0.9
2025-10-21T0300,1769A,121.1836,41.1119,锦州市,百股街道,,40,40,34,27,27,3,,,,35,20,10,9,1.0,0.7
2025-10-21T0300,1770A,121.1178,41.1222,锦州市,天安街道,,,21,39,8,21,47,,,,,25,16,15,0.4,0.6
2025-10-21T0300,1771A,121.1303,41.1386,锦州市,北湖公园,,27,27,26,3,16,52,,,,13,19,14,10,0.3,0.4
2025-10-21T0300,2160A,112.85,35.5051,晋城市,自来水公司,,50,50,48,19,24,49,,,,14,17,6,5,0.8,0.8
2025-10-21T0300,2161A,112.8318,35.4936,晋城市,白云商贸,颗粒物(PM10),51,51,51,9,11,52,,,,11,13,3,2,0.3,0.3
2025-10-21T0300,2162A,112.8508,35.4887,晋城市,市环保局,,35,35,48,12,17,50,,,,8,10,5,4,0.5,0.5
2025-10-21T0300,2163A,112.8676,35.4897,晋城市,技术学院,,35,35,39,14,16,43,,,,15,16,6,5,0.6,0.6
2025-10-21T0300,3620A,112.8271,35.4828,晋城市,泽州一中,,41,41,43,12,20,51,,,,13,14,4,3,0.3,0.4
2025-10-21T0300,2173A,112.7249,37.7067,晋中市,南都小区,颗粒物(PM10),62,74,50,40,28,7,,,,36,30,5,5,0.5,0.4
2025-10-21T0300,2174A,112.6991,37.6982,晋中市,榆次区政府,细颗粒物(PM2.5),65,68,49,47,33,5,,,,34,28,5,6,0.6,0.6
2025-10-21T0300,2865A,112.7195,37.6828,晋中市,榆次三中,颗粒物(PM10),59,68,50,39,25,4,,,,30,27,9,8,0.5,0.3
2025-10-21T0300,4200A,112.7478,37.6954,晋中市,迎宾街26号,细颗粒物(PM2.5),64,73,50,46,29,5,,,,30,28,6,6,0.5,0.5
2025-10-21T0300,2439A,112.2014,31.0481,荆门市,竹园小学,,,23,28,21,22,55,,,,,13,1,1,0.2,0.3
2025-10-21T0300,2440A,112.1969,30.9891,荆门市,掇刀,,29,20,24,20,24,58,,,,7,9,2,1,0.2,0.3
2025-10-21T0300,2441A,112.2213,31.0386,荆门市,石化一小,,,20,27,19,23,46,,,,10,13,,8,0.3,0.4
2025-10-21T0300,3012A,112.1849,31.0362,荆门市,西山林语,,,,23,18,21,54,,,,11,12,2,2,,0.4
2025-10-21T0300,3547A,112.1632,31.0138,荆门市,龙泉中学南校,,,16,16,14,13,56,,,,,12,4,4,0.6,0.7
2025-10-21T0300,1844A,112.2494,30.3197,荆州市,市图书馆,,,,14,11,8,51,,,,16,15,6,6,,0.5
2025-10-21T0300,1845A,112.2008,30.3544,荆州市,市委党校,,,14,16,10,14,48,,,,15,16,7,7,,0.4
2025-10-21T0300,3194A,112.2747,30.3122,荆州市,管委会,,,12,13,8,13,49,,,,16,17,7,7,,0.3
2025-10-21T0300,4268A,112.1722,30.3366,荆州市,学苑路85号,,19,,16,12,15,58,,,,10,11,11,8,0.2,0.3
2025-10-21T0300,2343A,117.2117,29.2933,景德镇市,老干部活动中心,,18,17,14,12,10,51,,,,1,2,3,4,0.6,0.6
2025-10-21T0300,2344A,117.1894,29.2789,景德镇市,兽医站,,25,25,20,3,8,50,,,,6,7,5,5,0.5,0.7
2025-10-21T0300,2346A,117.2461,29.2956,景德镇市,陶研所,,17,15,11,7,12,52,,,,2,4,5,5,0.6,0.3
2025-10-21T0300,4289A,117.1542,29.2566,景德镇市,青少年活动中心,,19,15,12,13,10,51,,,,5,5,2,3,0.6,0.6
2025-10-21T0300,1803A,115.9872,29.6815,九江市,十里,,26,26,26,13,21,57,,,,13,14,3,3,0.4,0.4
2025-10-21T0300,1804A,115.9584,29.7046,九江市,茅山头,,25,25,30,16,19,47,,,,8,10,3,3,0.4,0.5
2025-10-21T0300,1805A,115.9877,29.7295,九江市,西园,,26,26,27,8,13,55,,,,15,16,4,4,0.4,0.4
2025-10-21T0300,1808A,115.9114,29.6038,九江市,综合工业园,,29,29,29,16,16,56,,,,8,10,2,2,0.3,0.4
2025-10-21T0300,1809A,116.0721,29.7535,九江市,石化总厂,,27,27,30,7,13,52,,,,15,15,4,3,0.3,0.4
2025-10-21T0300,3190A,116.0254,29.6994,九江市,外国语学校,,30,30,31,15,16,48,,,,16,18,2,1,0.4,0.5
2025-10-21T0300,4253A,116.0102,29.6594,九江市,莲花大道8号,,33,33,34,13,15,47,,,,9,7,4,4,0.3,0.4
2025-10-21T0300,4240A,98.4958,39.7339,酒泉市,玉门东路5号,颗粒物(PM10),58,66,82,32,23,25,,,,27,13,8,9,0.6,0.4
2025-10-21T0300,4241A,98.5099,39.7506,酒泉市,北大街108号,,32,31,69,22,20,56,,,,4,9,7,7,0.3,0.3
2025-10-21T0300,2698A,76.0072,39.4467,喀什地区,巡警大队,颗粒物(PM10),395,496,427,144,134,1,,,,63,45,6,7,0.9,0.9
2025-10-21T0300,2699A,75.9755,39.4694,喀什地区,吾办,颗粒物(PM10),232,372,333,110,113,0,,,,60,42,8,7,1.0,0.8
2025-10-21T0300,4027A,75.9483,39.4689,喀什地区,老干局,颗粒物(PM10),367,473,341,107,97,4,,,,55,42,2,2,1.3,0.8
2025-10-21T0300,1824A,114.3389,34.7781,开封市,肿瘤医院,,,46,36,23,19,25,,,,26,23,,9,0.6,0.6
2025-10-21T0300,1826A,114.2885,34.7965,开封市,世纪星幼儿园,,,44,34,23,19,22,,,,27,24,,8,0.6,0.6
2025-10-21T0300,3147A,114.3438,34.8106,开封市,龙亭公园,,48,48,36,22,19,17,,,,29,23,9,9,0.7,0.7
2025-10-21T0300,3210A,114.3644,34.7964,开封市,汴京公园,,41,41,38,21,18,17,,,,28,22,8,9,0.5,0.5
2025-10-21T0300,3473A,114.2485,34.8306,开封市,技师学院,,43,42,36,30,23,16,,,,30,26,10,10,0.7,0.6
2025-10-21T0300,3592A,114.4644,34.7556,开封市,祥符区生态环境局,,46,46,46,21,21,24,,,,22,21,10,9,0.5,0.6
2025-10-21T0300,1951A,84.895,45.6094,克拉玛依市,长征新村,,34,34,42,3,11,58,,,,6,15,3,3,0.2,0.3
2025-10-21T0300,1952A,84.8988,45.5893,克拉玛依市,南林小区,,37,37,41,14,11,47,,,,10,20,3,4,0.2,0.4
2025-10-21T0300,1954A,84.905,44.3396,克拉玛依市,独山子区,颗粒物(PM10),75,99,86,49,36,52,,,,19,22,5,10,0.4,0.5
2025-10-21T0300,1955A,85.6979,46.098,克拉玛依市,乌尔禾区商贸楼,,18,18,38,3,9,54,,,,7,23,4,5,0.3,0.5
2025-10-21T0300,3612A,85.1045,45.6899,克拉玛依市,白碱滩区新站,,48,48,53,21,17,62,,,,4,11,5,5,0.3,0.3
2025-10-21T0300,2697A,76.1454,39.7142,克孜勒苏柯尔克孜自治州,市人民政府,颗粒物(PM10),172,294,318,106,125,55,,,,15,17,17,10,0.2,0.1
2025-10-21T0300,3665A,76.1658,39.7157,克孜勒苏柯尔克孜自治州,克州文化中心,颗粒物(PM10),176,301,315,110,107,50,,,,27,20,32,14,0.4,0.3
2025-10-21T0300,1450A,102.8204,24.8886,昆明市,呈贡新区,,15,11,25,10,20,38,,,,5,14,2,3,0.5,0.5
2025-10-21T0300,1452A,102.7252,25.0902,昆明市,龙泉镇,,21,21,23,12,12,28,,,,8,16,2,2,0.6,0.6
2025-10-21T0300,1453A,102.7266,25.0375,昆明市,东风东路,,23,23,28,15,18,32,,,,13,21,1,2,0.5,0.5
2025-10-21T0300,1454A,102.6742,25.0669,昆明市,金鼎山,,24,24,32,13,13,33,,,,7,13,3,1,0.4,0.4
2025-10-21T0300,1455A,102.6644,25.0401,昆明市,碧鸡广场,,28,28,25,14,14,30,,,,15,20,7,8,0.4,0.4
2025-10-21T0300,3179A,102.7494,25.0119,昆明市,官渡区博物馆,,23,21,27,16,15,25,,,,18,24,2,2,0.5,0.5
2025-10-21T0300,3375A,102.8017,24.8336,昆明市,青年创业园,,16,16,25,9,17,47,,,,5,15,1,2,0.5,0.5
2025-10-21T0300,3550A,102.7997,24.9786,昆明市,昆明学院,,26,26,30,18,19,36,,,,10,18,8,8,0.6,0.6
2025-10-21T0300,3551A,102.5967,24.6736,昆明市,晋宁区生态环境分局,,49,49,35,12,22,31,,,,17,16,2,3,0.6,0.7
2025-10-21T0300,3552A,102.6678,24.9856,昆明市,云天化总部,,16,16,20,11,15,45,,,,9,18,5,4,0.5,0.5
2025-10-21T0300,1456A,91.1319,29.6514,拉萨市,八廓街,,23,18,17,9,9,71,,,,15,15,7,7,0.1,0.2
2025-10-21T0300,1457A,91.1221,29.6747,拉萨市,市环保局,,22,22,19,11,8,44,,,,18,16,8,8,0.5,0.5
2025-10-21T0300,1458A,91.0874,29.6475,拉萨市,区监测站,,19,12,14,8,9,58,,,,32,28,6,6,0.4,0.4
2025-10-21T0300,1459A,91.1774,29.6541,拉萨市,西藏大学,,22,21,16,6,7,68,,,,19,16,9,8,0.3,0.2
2025-10-21T0300,1460A,90.9798,29.6588,拉萨市,区辐射站,,22,22,22,8,9,50,,,,25,30,7,7,0.3,0.3
2025-10-21T0300,1461A,91.0834,29.6292,拉萨市,拉萨火车站,,19,18,16,10,8,59,,,,22,15,6,6,0.4,0.3
2025-10-21T0300,2520A,109.2203,23.7256,来宾市,来宾技工学校,,15,15,18,3,3,38,,,,6,6,9,9,0.6,0.7
2025-10-21T0300,3535A,109.1781,23.7297,来宾市,兴宾区政府,,14,14,17,6,8,36,,,,7,7,8,8,0.5,0.6
2025-10-21T0300,4002A,109.2416,23.7461,来宾市,中南小学,,15,15,19,7,7,37,,,,7,7,6,7,0.7,0.7
2025-10-21T0300,3241A,103.7439,36.0842,兰州市,百合公园,,45,44,56,31,30,33,,,,12,20,6,6,0.8,0.8
2025-10-21T0300,3242A,103.9611,35.998,兰州市,和平,,17,17,43,7,20,34,,,,13,17,2,7,0.5,0.7
2025-10-21T0300,4236A,103.6293,36.0938,兰州市,庄浪东路808号,细颗粒物(PM2.5),52,48,64,36,37,29,,,,28,42,7,9,0.5,0.7
2025-10-21T0300,4237A,103.7251,36.1043,兰州市,安宁西路88号,细颗粒物(PM2.5),55,49,59,39,41,45,,,,12,18,8,8,0.5,0.5
2025-10-21T0300,4238A,103.8470,36.0676,兰州市,北滨河东路1号,,49,47,54,34,32,35,,,,24,28,9,9,0.7,0.8
2025-10-21T0300,3245A,103.6633,36.533,兰州新区,新区管委会,,49,49,56,32,37,44,,,,10,15,7,18,0.4,0.5
2025-10-21T0300,3246A,103.6975,36.4789,兰州新区,舟曲中学,颗粒物(PM10),53,56,68,32,37,40,,,,19,23,22,15,0.4,0.5
2025-10-21T0300,1067A,116.6708,39.5111,廊坊市,药材公司,,,46,32,26,12,2,,,,54,27,,5,0.5,0.3
2025-10-21T0300,1068A,116.7214,39.5589,廊坊市,开发区,,34,34,21,20,9,1,,,,40,26,3,2,0.4,0.3
2025-10-21T0300,1070A,116.7244,39.5269,廊坊市,北华航天学院,,42,42,25,24,11,2,,,,41,26,10,6,0.4,0.3
2025-10-21T0300,2919A,116.7022,39.5453,廊坊市,河北工业大学,,40,40,22,24,11,2,,,,46,25,4,2,0.3,0.3
2025-10-21T0300,2536A,103.7627,29.5844,乐山市,牛耳桥,,,6,9,3,7,39,,,,12,18,,6,0.6,0.7
2025-10-21T0300,2537A,103.7508,29.6006,乐山市,市第三水厂,,12,6,10,3,7,37,,,,13,16,5,5,0.5,0.5
2025-10-21T0300,2538A,103.7571,29.5664,乐山市,市监测站,,,6,10,3,7,38,,,,9,13,,5,0.5,0.6
2025-10-21T0300,3361A,103.7311,29.5628,乐山市,理工大学,,12,7,10,3,7,37,,,,11,15,6,6,0.6,0.6
2025-10-21T0300,2598A,100.2143,26.8576,丽江市,西南郊,,18,18,10,10,3,30,,,,4,5,7,7,1.2,1.2
2025-10-21T0300,2599A,100.2497,26.8802,丽江市,丽江古城,,14,14,13,3,6,35,,,,8,9,9,9,0.5,0.5
2025-10-21T0300,2600A,100.2203,26.8906,丽江市,市中心,,11,,8,3,7,35,,,,7,10,11,11,0.5,0.6
2025-10-21T0300,1267A,119.914,28.4514,丽水市,监测站大楼,,27,27,21,3,7,53,,,,10,9,4,4,0.1,0.2
2025-10-21T0300,1268A,119.93,28.4586,丽水市,莲都小学,,28,28,25,9,9,61,,,,10,12,4,4,0.2,0.3
2025-10-21T0300,1269A,119.879,28.4231,丽水市,余庄前,,,34,23,12,12,32,,,,11,13,,4,0.2,0.3
2025-10-21T0300,1173A,119.176,34.5885,连云港市,市环境监测站,,16,12,26,7,8,49,,,,31,24,7,7,0.8,0.7
2025-10-21T0300,3000A,119.3581,34.6972,连云港市,德源药业,,20,14,27,3,6,64,,,,9,12,6,5,0.3,0.3
2025-10-21T0300,3007A,119.178,34.844,连云港市,新城一中,,29,29,31,11,13,51,,,,29,29,12,9,1.0,0.8
2025-10-21T0300,3008A,119.3608,34.7519,连云港市,胡沟管理处,,21,12,17,3,3,66,,,,13,12,11,10,0.7,0.6
2025-10-21T0300,3009A,119.1478,34.5911,连云港市,矿山设计院,,19,19,26,3,7,57,,,,16,17,7,5,0.8,0.6
2025-10-21T0300,3434A,119.2413,34.6539,连云港市,工贸学校,,20,12,21,3,8,61,,,,12,14,9,9,0.4,0.5
2025-10-21T0300,3664A,119.4172,34.7341,连云港市,连云街道,,22,14,20,3,7,69,,,,7,12,2,2,0.2,0.2
2025-10-21T0300,2572A,102.2721,27.8415,凉山彝族自治州,邛海宾馆,,12,6,9,3,6,37,,,,4,6,9,10,0.6,0.5
2025-10-21T0300,2573A,102.2625,27.898,凉山彝族自治州,西昌市政府,,9,6,13,3,8,28,,,,6,11,5,8,0.3,0.4
2025-10-21T0300,2574A,102.2685,27.8851,凉山彝族自治州,凉山州政府,,19,,11,13,13,31,,,,4,14,7,9,1.0,0.8
2025-10-21T0300,4229A,102.2342,27.8859,凉山彝族自治州,凯乐南路30号,,12,8,13,3,8,38,,,,4,12,7,10,0.6,0.6
2025-10-21T0300,2212A,123.2,41.1953,辽阳市,宏伟区,颗粒物(PM10),58,65,47,39,19,3,,,,31,24,5,5,0.7,0.4
2025-10-21T0300,2213A,123.1683,41.2495,辽阳市,新华园,"颗粒物(PM10),细颗粒物(PM2.5)",54,57,47,38,27,2,,,,39,29,9,9,1.2,0.8
2025-10-21T0300,2214A,123.2354,41.2639,辽阳市,滨河路,颗粒物(PM10),64,78,50,41,24,0,,,,35,28,5,6,0.6,0.4
2025-10-21T0300,2215A,123.149,41.2991,辽阳市,铁西工业园,细颗粒物(PM2.5),74,90,56,54,36,0,,,,38,32,6,5,0.9,0.5
2025-10-21T0300,2227A,125.1358,42.8845,辽源市,环保局,颗粒物(PM10),79,107,80,47,22,2,,,,28,23,5,6,0.7,0.7
2025-10-21T0300,3239A,125.0764,42.9078,辽源市,银鹰制药,细颗粒物(PM2.5),59,64,44,42,28,4,,,,35,24,2,4,0.7,0.5
2025-10-21T0300,1625A,115.9848,36.4372,聊城市,区政府,,48,48,37,24,17,28,,,,35,28,13,11,0.4,0.4
2025-10-21T0300,2878A,116.0072,36.4343,聊城市,聊大东校,颗粒物(PM10),52,53,44,25,21,23,,,,40,28,12,10,0.5,0.5
2025-10-21T0300,3200A,115.9819,36.4978,聊城市,监控中心,颗粒物(PM10),52,53,41,27,16,13,,,,38,27,11,9,0.6,0.5
2025-10-21T0300,3513A,116.0445,36.4361,聊城市,九州社区,,50,50,47,23,19,29,,,,29,28,11,9,0.5,0.5
2025-10-21T0300,4018A,116.0567,36.4608,聊城市,星美广场,颗粒物(PM10),57,64,52,24,16,16,,,,40,29,15,10,0.6,0.4
2025-10-21T0300,2632A,94.3681,29.6376,林芝市,林芝监测站,,15,10,11,3,7,47,,,,2,7,4,4,0.3,0.3
2025-10-21T0300,2633A,94.3616,29.6616,林芝市,林芝人民医院,,14,9,14,3,7,43,,,,3,5,3,4,0.3,0.3
2025-10-21T0300,2603A,100.0781,23.8982,临沧市,市环保局,,35,,21,24,28,14,,,,6,6,6,7,0.7,0.7
2025-10-21T0300,2604A,100.0894,23.8822,临沧市,市气象局,,20,15,17,14,15,13,,,,10,8,6,6,0.5,0.5
2025-10-21T0300,1733A,111.5531,36.0783,临汾市,临钢医院,细颗粒物(PM2.5),54,48,43,38,28,17,,,,26,20,10,6,1.0,0.7
2025-10-21T0300,1734A,111.5028,36.0714,临汾市,技工学校,,,,48,40,33,11,,,,32,25,,7,1.1,0.8
2025-10-21T0300,1736A,111.5018,36.0855,临汾市,市委,颗粒物(PM10),61,72,54,37,29,10,,,,29,24,10,7,0.9,0.7
2025-10-21T0300,3018A,111.505,36.1014,临汾市,唐尧大酒店,颗粒物(PM10),57,64,54,33,29,12,,,,28,21,6,5,1.1,0.9
2025-10-21T0300,4244A,111.4879,36.0530,临汾市,启星学校,细颗粒物(PM2.5),54,51,44,38,30,11,,,,30,24,7,6,1.1,0.8
2025-10-21T0300,4271A,103.2464,35.6123,临夏回族自治州,滨河东路1号,,31,31,82,19,39,18,,,,13,21,5,6,0.4,0.6
2025-10-21T0300,4310A,103.2093,35.5995,临夏回族自治州,新华街21号,,31,31,73,19,42,37,,,,8,21,6,8,0.5,0.6
2025-10-21T0300,1618A,118.3429,35.0532,临沂市,沂河小区,,23,19,33,16,20,60,,,,10,15,6,6,0.2,0.3
2025-10-21T0300,1619A,118.295,35.0583,临沂市,鲁南制药厂,,21,14,28,13,18,66,,,,15,21,6,7,0.3,0.4
2025-10-21T0300,1620A,118.2794,34.9976,临沂市,新光毛纺厂,,20,,24,13,14,62,,,,13,18,6,7,0.2,0.2
2025-10-21T0300,1621A,118.3956,35.0888,临沂市,河东保险公司,,18,17,30,3,12,56,,,,18,24,5,6,0.4,0.5
2025-10-21T0300,3370A,118.3564,35.0215,临沂市,十里堡居委,,20,7,25,3,7,63,,,,19,24,7,7,0.1,0.2
2025-10-21T0300,3496A,118.3604,35.1084,临沂市,南坊新区,,19,12,29,3,11,59,,,,15,20,7,8,0.5,0.5
2025-10-21T0300,3860A,118.3920,35.0300,临沂市,皇山花园小区,,20,12,32,11,13,61,,,,11,19,8,8,0.3,0.3
2025-10-21T0300,1870A,109.4856,24.3895,柳州市,柳东小学,,12,12,12,7,7,35,,,,6,6,4,5,0.4,0.5
2025-10-21T0300,1871A,109.4157,24.3277,柳州市,环保监测站,,13,8,14,3,4,41,,,,4,5,7,7,0.6,0.7
2025-10-21T0300,1872A,109.389,24.341,柳州市,河西水厂,,13,11,18,9,8,23,,,,23,15,11,9,1.1,1.1
2025-10-21T0300,1873A,109.4311,24.2921,柳州市,市四中,,13,8,15,3,3,40,,,,5,7,7,8,0.7,0.8
2025-10-21T0300,1874A,109.4006,24.3631,柳州市,市九中,,12,11,18,3,6,37,,,,13,11,3,3,0.4,0.5
2025-10-21T0300,1875A,109.4958,24.3134,柳州市,古亭山,,12,8,12,3,5,38,,,,5,6,6,6,0.4,0.5
2025-10-21T0300,3402A,109.5422,24.3996,柳州市,市二中,,16,,9,3,4,51,,,,9,9,6,7,0.4,0.5
2025-10-21T0300,2307A,116.5079,31.737,六安市,监测大楼,,32,28,27,22,15,36,,,,11,12,3,3,0.3,0.3
2025-10-21T0300,2308A,116.4738,31.7643,六安市,皖西学院,,29,,19,20,15,43,,,,11,11,2,2,0.3,0.3
2025-10-21T0300,2309A,116.4996,31.7905,六安市,朝阳厂,,29,23,25,20,14,36,,,,15,15,1,1,0.3,0.3
2025-10-21T0300,2310A,116.5567,31.7886,六安市,开发区,,25,24,29,17,17,35,,,,9,10,1,1,0.2,0.2
2025-10-21T0300,2576A,104.8,26.5892,六盘水市,窑上,,14,14,19,8,11,22,,,,5,7,2,2,0.5,0.6
2025-10-21T0300,2577A,104.83,26.5917,六盘水市,黄土坡,,7,6,9,3,5,22,,,,8,12,4,5,0.7,0.8
2025-10-21T0300,2578A,104.89,26.5939,六盘水市,水钢,,15,15,12,3,6,22,,,,7,7,4,2,0.7,0.6
2025-10-21T0300,2579A,104.8475,26.5894,六盘水市,民中,,7,6,9,3,3,20,,,,6,9,2,1,0.6,0.6
2025-10-21T0300,2580A,104.9544,26.5506,六盘水市,双水,,9,7,11,6,8,23,,,,5,8,2,2,0.5,0.5
2025-10-21T0300,2336A,117.0217,25.1033,龙岩市,龙岩市监测站,,17,7,11,3,7,53,,,,8,8,4,7,0.4,0.4
2025-10-21T0300,2337A,117.0258,25.0661,龙岩市,闽西职业技术学院,,18,7,11,6,7,56,,,,4,4,4,4,0.5,0.5
2025-10-21T0300,2338A,117.0196,25.0306,龙岩市,龙岩学院,,19,6,13,3,9,60,,,,3,5,9,9,0.4,0.4
2025-10-21T0300,2885A,104.9339,33.3826,陇南市,滨江中学,,27,27,36,13,17,22,,,,8,13,6,6,0.5,0.6
2025-10-21T0300,3247A,104.955,33.371,陇南市,市总工会,,29,29,34,9,14,18,,,,13,17,6,7,0.9,0.9
2025-10-21T0300,2488A,111.9975,27.725,娄底市,市监测站,,,,6,4,5,50,,,,9,12,15,8,0.2,0.3
2025-10-21T0300,2489A,112.0194,27.7314,娄底市,市委党校,,17,6,5,3,3,53,,,,5,7,2,1,0,0
2025-10-21T0300,2490A,111.9561,27.7569,娄底市,涟钢,,,,10,,6,46,,,,7,8,4,3,0.2,0.3
2025-10-21T0300,2491A,111.9892,27.7044,娄底市,市政府,,,,13,,9,52,,,,6,9,,6,0.3,0.4
2025-10-21T0300,1894A,105.4427,28.9063,泸州市,小市上码头,,9,6,12,3,6,26,,,,11,14,7,8,0.5,0.7
2025-10-21T0300,1895A,105.4241,28.8573,泸州市,兰田宪桥,,8,6,14,3,6,23,,,,6,9,5,5,0.4,0.4
2025-10-21T0300,1896A,105.4379,28.8833,泸州市,市环监站,,9,9,18,3,8,20,,,,9,13,8,8,0.4,0.5
2025-10-21T0300,4272A,105.3689,28.7783,泸州市,纳溪中医医院,,7,,13,3,9,22,,,,10,12,4,5,0.5,0.7
2025-10-21T0300,2183A,111.1406,37.5211,吕梁市,环保局,,36,30,46,25,29,2,,,,39,33,3,5,0.7,0.7
2025-10-21T0300,2185A,111.1297,37.5136,吕梁市,自来水公司,,47,47,49,27,28,1,,,,34,31,8,5,3.4,1
2025-10-21T0300,2867A,111.1283,37.51,吕梁市,马茂庄小学,颗粒物(PM10),52,53,55,28,29,1,,,,38,33,9,7,2.3,0.9
2025-10-21T0300,1812A,112.3931,34.6516,洛阳市,市委党校,,39,29,33,27,28,37,,,,23,25,6,6,0.3,0.4
2025-10-21T0300,1815A,112.494,34.6886,洛阳市,河南林校,,38,38,39,20,23,34,,,,23,23,7,7,0.3,0.3
2025-10-21T0300,1816A,112.3844,34.623,洛阳市,开发区管委会,,36,31,36,25,25,29,,,,19,21,8,5,0.4,0.4
2025-10-21T0300,1817A,112.4267,34.6258,洛阳市,市委新办公区,,36,36,35,23,23,32,,,,22,26,8,7,0.4,0.5
2025-10-21T0300,3340A,112.6005,34.6326,洛阳市,伊滨,,46,46,40,29,28,21,,,,23,20,3,4,0.3,0.3
2025-10-21T0300,3341A,112.4951,34.6332,洛阳市,中移产业园,,38,35,38,26,28,10,,,,35,25,6,6,0.2,0.2
2025-10-21T0300,3593A,112.5736,34.8993,洛阳市,吉利监测站,,25,24,34,17,19,18,,,,23,19,5,6,0.3,0.3
2025-10-21T0300,3635A,112.3677,34.662,洛阳市,河科大西苑校区,,35,33,35,24,25,27,,,,32,28,7,7,0.5,0.5
2025-10-21T0300,3636A,112.4388,34.6781,洛阳市,英才小学,,38,38,41,21,20,28,,,,33,24,6,6,0.3,0.4
2025-10-21T0300,4214A,112.4600,34.6949,洛阳市,春都路1号院,,36,36,36,17,20,28,,,,26,25,7,7,0.4,0.5
2025-10-21T0300,2399A,114.051,33.5699,漯河市,三五一五工厂,,45,43,46,31,37,38,,,,19,18,7,6,0.2,0.3
2025-10-21T0300,2400A,114.0055,33.5698,漯河市,漯河大学,,45,42,48,31,37,39,,,,21,20,6,6,0.4,0.4
2025-10-21T0300,2401A,114.0138,33.5828,漯河市,市水利局,细颗粒物(PM2.5),52,,40,36,36,38,,,,19,19,7,6,0.6,0.6
2025-10-21T0300,2402A,114.0261,33.5698,漯河市,市广电局,,40,34,40,28,31,38,,,,14,13,6,5,0.5,0.6
2025-10-21T0300,3478A,113.9749,33.5664,漯河市,市图书馆,,41,41,46,26,34,35,,,,20,19,4,4,0.4,0.5
2025-10-21T0300,4250A,114.0892,33.5882,漯河市,韶山路11号,,38,38,42,18,27,27,,,,22,20,6,6,0.6,0.6
2025-10-21T0300,1798A,118.5092,31.6837,马鞍山市,湖东路四小,,26,,27,18,12,55,,,,16,16,4,4,0.4,0.3
2025-10-21T0300,1799A,118.5024,31.6449,马鞍山市,开发区,,23,23,28,16,11,55,,,,17,17,6,6,0.4,0.3
2025-10-21T0300,3633A,118.4918,31.6809,马鞍山市,雨山,,25,25,29,14,11,52,,,,17,18,4,5,0.5,0.3
2025-10-21T0300,4191A,118.5274,31.72227,马鞍山市,慈湖高新区,,43,43,29,22,14,52,,,,9,12,3,4,0.5,0.4
2025-10-21T0300,1686A,111.0286,21.4688,茂名市,电白南海,,19,19,25,12,14,46,,,,7,7,7,7,0.8,0.8
2025-10-21T0300,1687A,110.9294,21.6533,茂名市,茂石化七小,,17,17,24,9,14,41,,,,8,9,15,9,0.4,0.5
2025-10-21T0300,1688A,110.9107,21.6687,茂名市,健康路,,,24,23,9,14,44,,,,9,10,,16,0.6,0.8
2025-10-21T0300,1689A,110.8592,21.6828,茂名市,高岭,,22,22,29,3,6,43,,,,9,11,7,10,0.6,0.7
2025-10-21T0300,3450A,111.01,21.5165,茂名市,电白水东,,17,17,19,7,10,42,,,,11,10,8,7,0.6,0.6
2025-10-21T0300,2540A,103.8416,30.0874,眉山市,气象局,,16,16,14,3,2,33,,,,12,16,7,7,0.4,0.4
2025-10-21T0300,3137A,103.8578,30.0744,眉山市,市委党校,,10,6,2,3,0,31,,,,14,13,8,6,0.5,0.5
2025-10-21T0300,3148A,103.8291,30.0564,眉山市,区人社局,,23,23,19,3,0,34,,,,14,16,3,3,0.8,0.8
2025-10-21T0300,1690A,116.1231,24.3284,梅州市,梅江月梅,,12,,16,8,11,32,,,,12,14,5,5,0.3,0.4
2025-10-21T0300,1691A,116.0797,24.2719,梅州市,梅县新城,,12,6,15,3,6,38,,,,7,8,8,7,0.5,0.5
2025-10-21T0300,1692A,116.1248,24.2654,梅州市,环境监控中心,,10,,13,6,8,29,,,,10,11,5,4,0.6,0.6
2025-10-21T0300,3315A,116.1233,24.2991,梅州市,梅龙,,,6,14,3,9,30,,,,10,11,,9,0.7,0.7
2025-10-21T0300,1878A,104.7778,31.4741,绵阳市,富乐山,,14,6,4,3,2,43,,,,5,6,8,7,0.5,0.5
2025-10-21T0300,1880A,104.6697,31.4668,绵阳市,高新区自来水公司,,13,,4,7,4,39,,,,9,9,7,7,0.6,0.6
2025-10-21T0300,1881A,104.7287,31.5075,绵阳市,三水厂,,,11,7,8,4,38,,,,6,7,,5,0.6,0.6
2025-10-21T0300,3491A,104.69,31.5322,绵阳市,西科大附属小学,,12,6,5,3,1,37,,,,10,9,11,10,0.5,0.6
2025-10-21T0300,3492A,104.5648,31.5343,绵阳市,安州区旅游局,,10,,7,7,4,27,,,,12,10,10,9,0.6,0.6
2025-10-21T0300,4226A,104.7651,31.4531,绵阳市,绵阳市气象局,,,,3,3,2,44,,,,4,5,,6,0.4,0.4
2025-10-21T0300,1784A,129.61,44.561,牡丹江市,环保大楼,,28,28,25,17,17,44,,,,9,12,6,6,0.2,0.2
2025-10-21T0300,1785A,129.6115,44.5782,牡丹江市,文化广场,,40,,25,28,20,43,,,,14,16,2,3,0.2,0.3
2025-10-21T0300,1786A,129.5904,44.5963,牡丹江市,第一医院,,39,33,34,27,23,43,,,,12,16,3,3,0.3,0.3
2025-10-21T0300,1787A,129.6364,44.6075,牡丹江市,机车工厂,,36,36,32,18,21,33,,,,18,18,4,5,0.2,0.3
2025-10-21T0300,1788A,129.6386,44.5462,牡丹江市,第一中学,,39,39,25,25,15,44,,,,13,16,3,3,0.2,0.2
2025-10-21T0300,2531A,105.0703,29.61,内江市,市监测站,,12,9,18,3,5,37,,,,8,11,4,4,0.6,0.6
2025-10-21T0300,2532A,105.0717,29.5947,内江市,东兴区政府,,,6,8,3,0,39,,,,6,9,,8,0.2,0.3
2025-10-21T0300,2533A,105.0653,29.5817,内江市,内江二中,,12,6,9,3,3,36,,,,7,10,1,1,0.6,0.6
2025-10-21T0300,2534A,105.0406,29.5822,内江市,内江日报社,,13,10,12,3,3,39,,,,9,12,4,4,0.4,0.5
2025-10-21T0300,2628A,92.0657,31.4846,那曲市,那曲监测站,,39,39,69,19,41,49,,,,21,33,4,8,0.9,1.1
2025-10-21T0300,1290A,115.8931,28.6843,南昌市,省外办,,32,23,30,22,18,41,,,,12,19,4,4,0.5,0.6
2025-10-21T0300,1291A,115.8886,28.7003,南昌市,省林业公司,,19,19,19,12,15,47,,,,8,9,2,2,0.4,0.5
2025-10-21T0300,1292A,115.8126,28.7442,南昌市,林科所,,36,36,26,14,14,40,,,,6,12,7,8,0.4,0.5
2025-10-21T0300,1294A,115.8518,28.687,南昌市,建工学校,,30,30,38,15,17,40,,,,9,10,9,8,0.2,0.3
2025-10-21T0300,1295A,115.8921,28.6424,南昌市,象湖,,29,29,34,17,15,41,,,,11,12,7,7,0.3,0.4
2025-10-21T0300,3046A,115.9084,28.6062,南昌市,机电学校,,38,38,33,19,16,44,,,,9,10,6,6,0.3,0.3
2025-10-21T0300,3690A,115.9721,28.7031,南昌市,外国语学校,,33,33,31,19,19,42,,,,17,16,7,7,0.3,0.4
2025-10-21T0300,4192A,115.9316,28.68677,南昌市,南京东路235号,,44,44,33,12,16,44,,,,16,16,4,4,0.4,0.4
2025-10-21T0300,1906A,106.0789,30.8023,南充市,南充市委,,9,6,5,3,3,27,,,,6,11,4,3,0.3,0.4
2025-10-21T0300,1907A,106.1031,30.8217,南充市,南充炼油厂,,18,18,16,8,6,26,,,,4,6,6,6,0.3,0.3
2025-10-21T0300,4227A,106.1083,30.7884,南充市,梨树横街98号,,12,9,6,8,5,29,,,,3,7,4,4,0.3,0.3
2025-10-21T0300,4304A,106.1172,30.843,南充市,清泉寺北路188号,,10,7,7,3,1,29,,,,4,5,6,5,0.3,0.4
2025-10-21T0300,4305A,106.067,30.7616,南充市,同庆路1号,,9,,6,3,2,26,,,,6,10,6,5,0.4,0.4
2025-10-21T0300,1151A,118.8086,32.1065,南京市,迈皋桥,,,19,19,7,6,47,,,,4,4,,4,0.6,0.6
2025-10-21T0300,1152A,118.7538,32.0551,南京市,草场门,,19,19,23,12,10,42,,,,22,18,2,2,0.3,0.3
2025-10-21T0300,1153A,118.7794,32.0745,南京市,山西路,,17,17,25,7,4,45,,,,12,5,3,3,0.5,0.5
2025-10-21T0300,1154A,118.7752,32.0023,南京市,中华门,,,14,22,7,7,46,,,,14,11,,4,0.3,0.3
2025-10-21T0300,1155A,118.8109,32.0309,南京市,瑞金路,,19,19,22,9,8,50,,,,2,2,7,7,0.5,0.5
2025-10-21T0300,1156A,118.7997,32.0754,南京市,玄武湖,,26,26,24,3,4,43,,,,18,16,4,4,0.4,0.3
2025-10-21T0300,1157A,118.6414,32.0931,南京市,浦口,,,26,30,11,10,45,,,,16,17,,6,0.6,0.6
2025-10-21T0300,1158A,118.7356,31.9996,南京市,奥体中心,,21,21,25,14,9,53,,,,19,17,5,4,0.5,0.3
2025-10-21T0300,1159A,118.9125,32.1028,南京市,仙林大学城,,22,22,27,7,5,42,,,,14,9,6,6,0.4,0.3
2025-10-21T0300,3422A,118.8436,31.9198,南京市,江宁彩虹桥,,25,25,26,9,7,53,,,,9,10,7,5,0.4,0.3
2025-10-21T0300,3427A,118.8554,32.3578,南京市,六合雄州,,29,29,24,11,10,59,,,,14,14,6,4,0.2,0.1
2025-10-21T0300,4249A,118.8708,31.3402,南京市,汶溪路181号,,19,17,32,9,12,59,,,,16,17,3,4,0.4,0.4
2025-10-21T0300,4312A,119.019,31.6512,南京市,中山西路1号,,17,17,21,11,12,40,,,,9,8,7,4,0.5,0.5
2025-10-21T0300,1401A,108.3103,22.7881,南宁市,二十一中,,15,,12,3,7,46,,,,6,8,6,6,0.6,0.7
2025-10-21T0300,1402A,108.3141,22.8528,南宁市,北湖,,15,9,14,9,9,48,,,,11,11,6,6,0.5,0.6
2025-10-21T0300,1403A,108.3206,22.8225,南宁市,市监测站,,15,11,15,8,9,45,,,,8,11,5,5,0.5,0.6
2025-10-21T0300,1404A,108.3829,22.8037,南宁市,大自然花园,,15,14,16,7,10,48,,,,4,6,5,5,0.5,0.7
2025-10-21T0300,1406A,108.2397,22.8467,南宁市,区农职院,,15,12,15,8,8,45,,,,10,10,4,4,0.5,0.6
2025-10-21T0300,1407A,108.3275,22.735,南宁市,英华嘉园,,18,18,14,7,11,49,,,,5,7,2,2,0.4,0.5
2025-10-21T0300,3401A,108.4834,22.7618,南宁市,红星社区,,15,15,15,6,6,47,,,,6,8,6,5,0.3,0.4
2025-10-21T0300,4221A,108.2177,22.7774,南宁市,乐贤路16号,,18,18,19,6,9,45,,,,8,9,8,8,0.3,0.5
2025-10-21T0300,2332A,118.1681,26.6369,南平市,南平市监测站,,17,6,9,3,5,52,,,,7,8,2,3,0.4,0.4
2025-10-21T0300,2333A,118.1825,26.6489,南平市,南平铝业有限公司,,17,12,13,3,4,53,,,,7,8,2,2,0.5,0.5
2025-10-21T0300,2334A,118.1756,26.6272,南平市,南平七中,,16,8,16,3,5,51,,,,8,8,4,5,0.5,0.6
2025-10-21T0300,1168A,120.9098,31.9663,南通市,狼山街道,,22,13,25,3,8,70,,,,6,8,2,2,0.5,0.5
2025-10-21T0300,1169A,120.86,32.0005,南通市,虹桥,,21,16,21,3,6,65,,,,7,7,3,3,0.7,0.7
2025-10-21T0300,1170A,120.87,32.02,南通市,城中,,,13,27,3,7,68,,,,11,13,,3,0.4,0.4
2025-10-21T0300,1171A,120.94,31.93,南通市,星湖花园,,,19,29,3,8,74,,,,8,10,,3,0.7,0.7
2025-10-21T0300,1172A,120.81,32.0417,南通市,紫琅学院,,20,15,24,3,3,62,,,,8,9,4,4,0.6,0.5
2025-10-21T0300,3291A,121.067,32.062,南通市,通州监测站,,25,9,14,3,6,78,,,,5,8,1,1,0.1,0.1
2025-10-21T0300,3432A,120.9348,31.9883,南通市,环境教育馆,,25,17,29,3,6,77,,,,7,10,3,3,0.2,0.2
2025-10-21T0300,2404A,112.5224,33.0122,南阳市,瓦房庄,,40,40,45,25,31,49,,,,15,16,8,8,0.5,0.6
2025-10-21T0300,2405A,112.5003,32.9735,南阳市,汉画馆,,,29,33,24,31,49,,,,16,18,,8,0.3,0.4
2025-10-21T0300,2406A,112.5573,33.027,南阳市,气象站,,,31,36,22,28,44,,,,19,20,,7,0.4,0.5
2025-10-21T0300,2407A,112.5481,32.9689,南阳市,理工学院,,,37,42,18,18,49,,,,14,15,,10,0.4,0.5
2025-10-21T0300,4008A,112.5234,32.9922,南阳市,卧龙区政府,,,26,36,15,19,51,,,,15,17,,7,0.5,0.6
2025-10-21T0300,1234A,121.8358,29.911,宁波市,区环保大楼,,28,28,34,8,11,71,,,,14,20,5,5,0.4,0.4
2025-10-21T0300,1235A,121.56,29.82,宁波市,万里学院,,26,26,26,8,12,77,,,,5,8,7,7,0.4,0.4
2025-10-21T0300,1236A,121.713,29.9572,宁波市,龙赛医院,,30,30,33,3,5,74,,,,6,10,7,6,0.3,0.4
2025-10-21T0300,1239A,121.633,29.7733,宁波市,钱湖水厂,,24,24,27,8,11,76,,,,7,10,7,6,0.4,0.4
2025-10-21T0300,1240A,121.5856,29.8635,宁波市,太古小学,,,28,30,3,7,,,,,6,8,4,4,0.3,0.4
2025-10-21T0300,1241A,121.524,29.8674,宁波市,市环境监测中心,,,21,25,3,6,69,,,,12,13,,10,0.3,0.4
2025-10-21T0300,2871A,121.6147,29.9017,宁波市,万里国际学校,,25,21,26,3,6,80,,,,6,8,5,5,0.2,0.3
2025-10-21T0300,3710A,121.5594,29.8975,宁波市,白沙活动中心,,25,22,25,8,9,77,,,,2,5,4,4,0.3,0.3
2025-10-21T0300,2341A,119.5388,26.6612,宁德市,宁德市监测站,,14,6,8,6,8,44,,,,14,9,5,4,0.4,0.4
2025-10-21T0300,3209A,119.5231,26.6562,宁德市,宁德一中,,15,7,11,3,3,46,,,,10,8,4,4,0.3,0.4
2025-10-21T0300,2618A,98.8601,25.8567,怒江傈僳族自治州,州监测站,,30,30,20,11,12,7,,,,8,7,6,6,0.4,0.4
2025-10-21T0300,2619A,98.8546,25.8417,怒江傈僳族自治州,泸水一中,,12,12,20,6,8,0,,,,7,9,5,5,0.6,0.6
2025-10-21T0300,1888A,101.6891,26.571,攀枝花市,弄弄坪,,39,39,70,22,35,5,,,,16,26,9,48,0.7,1.3
2025-10-21T0300,1889A,101.5769,26.5928,攀枝花市,河门口,,33,33,47,19,30,0,,,,17,23,10,22,1.4,1.7
2025-10-21T0300,1890A,101.7169,26.585,攀枝花市,炳草岗,,42,42,56,19,30,1,,,,22,27,26,46,1.0,1.3
2025-10-21T0300,1891A,101.7369,26.5008,攀枝花市,仁和,,25,23,28,17,21,2,,,,11,16,6,14,0.7,0.8
2025-10-21T0300,2835A,101.7227,26.567,攀枝花市,四十中小,,44,44,51,30,36,2,,,,24,24,27,66,1.4,1.5
2025-10-21T0300,1604A,122.0303,41.1489,盘锦市,开发区,,42,31,22,29,15,2,,,,46,29,3,3,0.4,0.2
2025-10-21T0300,1605A,122.0485,41.0883,盘锦市,兴隆台,,30,30,28,16,15,19,,,,37,36,11,6,0.4,0.5
2025-10-21T0300,1606A,121.8297,41.1028,盘锦市,新生街道,,31,31,20,19,16,1,,,,56,35,17,8,0.7,0.2
2025-10-21T0300,1832A,113.3257,33.742,平顶山市,新华旅馆,,39,39,42,22,29,34,,,,15,15,6,6,0.4,0.4
2025-10-21T0300,1833A,113.2919,33.737,平顶山市,规划设计院,,43,41,37,30,29,20,,,,22,17,4,4,0.3,0.4
2025-10-21T0300,1834A,113.182,33.774,平顶山市,平顶山工学院,,32,31,32,22,25,18,,,,29,18,6,6,0.4,0.4
2025-10-21T0300,3204A,113.3025,33.73,平顶山市,规划局,,39,39,41,23,27,22,,,,19,14,6,6,0.4,0.4
2025-10-21T0300,3594A,112.8867,33.9116,平顶山市,石龙区,,29,28,38,20,28,47,,,,13,17,5,6,0.4,0.5
2025-10-21T0300,2656A,106.6692,35.5461,平凉市,聚贤嘉苑,,26,22,30,18,19,25,,,,10,15,10,9,0.9,0.9
2025-10-21T0300,2657A,106.7021,35.5307,平凉市,博物馆,,31,31,31,17,17,26,,,,12,15,9,11,0.8,0.8
2025-10-21T0300,2348A,113.8385,27.6434,萍乡市,中医院,,28,28,14,11,7,40,,,,13,18,2,3,0.5,0.6
2025-10-21T0300,2349A,113.8493,27.6253,萍乡市,市政府车库,,21,21,15,14,9,42,,,,14,20,12,14,0.5,1.1
2025-10-21T0300,2350A,113.8676,27.6435,萍乡市,市环保局,,20,20,13,12,8,41,,,,8,10,2,3,0.3,0.4
2025-10-21T0300,2351A,113.866,27.6198,萍乡市,安源区政府,,24,24,16,14,10,42,,,,15,16,10,8,1.0,0.8
2025-10-21T0300,2319A,119.0141,25.4325,莆田市,荔城区仓后路,,19,7,20,3,7,60,,,,5,8,7,7,0.6,0.7
2025-10-21T0300,2320A,119.0015,25.4553,莆田市,莆田市监测站,,20,6,11,3,5,63,,,,6,8,6,7,0.6,0.6
2025-10-21T0300,2321A,119.1119,25.4561,莆田市,涵江区六中,,20,15,16,3,5,64,,,,7,8,5,6,0.5,0.5
2025-10-21T0300,2322A,119.1013,25.3215,莆田市,秀屿区政府,,19,14,18,3,6,60,,,,9,10,7,7,0.9,0.8
2025-10-21T0300,2392A,115.0312,35.7636,濮阳市,环保局,,31,31,35,19,20,24,,,,30,25,10,10,0.2,0.4
2025-10-21T0300,2394A,115.0574,35.7609,濮阳市,油田运输公司,,36,36,38,18,20,22,,,,29,23,9,9,0.6,0.6
2025-10-21T0300,3021A,115,35.7668,濮阳市,濮水河管理处,颗粒物(PM10),51,51,44,19,20,12,,,,25,21,9,9,0.5,0.5
2025-10-21T0300,4216A,115.0924,35.7686,濮阳市,任丘路479号,,37,37,42,17,20,21,,,,26,22,9,9,0.3,0.4
2025-10-21T0300,2601A,100.98,22.7633,普洱市,市环保局,,29,29,38,16,22,24,,,,4,7,3,2,0.5,0.5
2025-10-21T0300,2602A,100.9817,22.8322,普洱市,普洱第二中学,,27,27,34,13,21,5,,,,16,11,4,4,0.4,0.4
2025-10-21T0300,3345A,131.0577,45.7879,七台河市,中波台,,16,11,21,3,10,50,,,,10,13,6,6,0.5,0.5
2025-10-21T0300,3637A,131.0176,45.7761,七台河市,人民广场,,20,15,25,12,13,61,,,,7,12,6,6,0.4,0.5
2025-10-21T0300,3684A,130.8781,45.8222,七台河市,新建矿广场,,20,,20,14,18,50,,,,4,7,5,6,0.4,0.5
2025-10-21T0300,1779A,123.9305,47.3636,齐齐哈尔市,安居小区,,15,15,20,8,8,44,,,,6,9,2,2,0.4,0.4
2025-10-21T0300,1780A,123.9488,47.3386,齐齐哈尔市,中心广场,,17,13,14,3,3,52,,,,5,11,1,1,0.2,0.3
2025-10-21T0300,1781A,123.9483,47.3227,齐齐哈尔市,农牧车辆厂,,15,14,22,8,7,48,,,,4,9,3,3,0.4,0.5
2025-10-21T0300,1783A,123.945,47.2988,齐齐哈尔市,市环境监测站,,17,10,20,6,7,52,,,,6,9,5,5,0.3,0.3
2025-10-21T0300,3662A,123.6333,47.2075,齐齐哈尔市,富区青少年活动中心,,19,19,26,3,10,46,,,,5,11,7,5,0.4,0.5
2025-10-21T0300,2591A,107.9783,26.5747,黔东南苗族侗族自治州,市环境监测站,,15,,7,3,7,47,,,,3,5,4,3,0.5,0.5
2025-10-21T0300,2881A,107.8908,26.5311,黔东南苗族侗族自治州,凯里学院,,13,,3,3,5,41,,,,6,8,2,2,0.7,0.7
2025-10-21T0300,2593A,107.5228,26.2403,黔南布依族苗族自治州,小围寨,,13,6,3,3,1,40,,,,4,4,3,2,0.6,0.6
2025-10-21T0300,3538A,107.5175,26.2978,黔南布依族苗族自治州,沙坝,,13,,7,3,6,40,,,,4,6,3,3,0.5,0.5
2025-10-21T0300,2589A,104.9022,25.0925,黔西南布依族苗族自治州,场坝街,,23,23,21,7,9,41,,,,4,6,4,5,0.4,0.5
2025-10-21T0300,2590A,104.8811,25.0992,黔西南布依族苗族自治州,坪东大道,,13,9,21,9,10,40,,,,3,6,2,3,0.5,0.6
2025-10-21T0300,2502A,108.6236,21.9667,钦州市,市环保站,,17,17,25,7,8,45,,,,10,10,4,4,1.5,1.2
2025-10-21T0300,2503A,108.6549,21.9481,钦州市,沙埠小学,,19,19,23,6,10,49,,,,8,8,3,3,0.4,0.6
2025-10-21T0300,2504A,108.5989,21.7431,钦州市,港区一小,,33,33,34,12,15,32,,,,23,18,9,7,0.7,0.8
2025-10-21T0300,3404A,108.5959,21.9633,钦州市,北职校,,18,18,21,6,9,48,,,,5,6,4,4,0.6,0.7
2025-10-21T0300,1044A,119.5897,39.9499,秦皇岛市,监测站,,34,34,32,10,10,29,,,,21,24,5,5,0.2,0.4
2025-10-21T0300,1046A,119.5251,39.9041,秦皇岛市,建设大厦,,,30,37,14,14,16,,,,29,24,,3,0.2,0.3
2025-10-21T0300,3132A,119.610547,39.943889,秦皇岛市,文明里,,22,22,24,10,15,22,,,,21,22,7,7,0.3,0.4
2025-10-21T0300,4198A,119.5090,39.8253,秦皇岛市,北戴河轮滑馆,,20,17,22,13,10,4,,,,39,24,3,2,0.3,0.3
2025-10-21T0300,1310A,120.4134,36.0658,青岛市,市南区东部子站,,22,,18,7,6,69,,,,3,9,6,6,0.3,0.3
2025-10-21T0300,1311A,120.3664,36.1032,青岛市,四方区子站,,21,12,18,9,8,65,,,,2,4,3,3,0.1,0.2
2025-10-21T0300,1312A,120.2994,36.054,青岛市,市南区西部子站,,21,12,22,3,5,67,,,,15,21,6,7,0.2,0.3
2025-10-21T0300,1313A,120.4581,36.0858,青岛市,崂山区子站,,24,6,15,3,2,75,,,,3,6,8,7,0.2,0.2
2025-10-21T0300,1315A,120.3999,36.3083,青岛市,城阳区子站,,22,9,19,7,9,70,,,,3,7,4,3,0.3,0.3
2025-10-21T0300,3362A,120.5014,36.4034,青岛市,即墨2号,,,,23,12,13,,,,,13,14,3,4,0.2,0.2
2025-10-21T0300,3642A,120.3503,36.0736,青岛市,市北区南部,,20,11,23,3,5,64,,,,7,12,3,3,0.1,0.1
2025-10-21T0300,3643A,120.3948,36.1805,青岛市,李沧区北部,,21,,19,14,12,66,,,,4,8,5,5,0.2,0.2
2025-10-21T0300,4290A,120.1969,35.9546,青岛市,珠江路669号,,21,,20,7,7,67,,,,18,14,9,9,0.2,0.2
2025-10-21T0300,4291A,120.0424,35.8656,青岛市,黄岛区人民政府广场,,23,7,20,3,4,71,,,,6,9,5,5,0.3,0.4
2025-10-21T0300,1703A,113.0208,23.7106,清远市,凤城街办,,12,6,8,3,3,37,,,,12,13,6,6,0.5,0.6
2025-10-21T0300,3025A,113.0477,23.6344,清远市,技师学院,,13,6,12,3,5,39,,,,12,13,4,4,0.5,0.6
2025-10-21T0300,3318A,112.9903,23.7403,清远市,清新太和,,15,6,7,3,4,45,,,,13,13,4,6,0.6,0.6
2025-10-21T0300,3455A,113.076,23.7198,清远市,清城东城,,,6,9,3,4,38,,,,10,10,,5,0.6,0.7
2025-10-21T0300,2661A,107.6325,35.7357,庆阳市,庆阳五中,,20,15,21,14,14,33,,,,8,11,1,1,0.5,0.5
2025-10-21T0300,2662A,107.6364,35.7067,庆阳市,市环保局,,16,16,21,7,10,37,,,,9,11,3,3,0.6,0.6
2025-10-21T0300,1916A,103.7897,25.5035,曲靖市,环境监测站,,19,19,19,8,9,39,,,,11,10,5,6,0.4,0.4
2025-10-21T0300,1917A,103.8,25.5364,曲靖市,烟厂办公区,,16,15,14,11,11,44,,,,6,7,3,4,0.5,0.5
2025-10-21T0300,3376A,103.7947,25.462,曲靖市,南苑二区,,18,12,16,12,10,50,,,,7,9,3,4,0.4,0.6
2025-10-21T0300,3377A,103.7444,25.5261,曲靖市,曲靖师范学院,,18,15,15,12,11,47,,,,7,8,2,3,0.4,0.5
2025-10-21T0300,1264A,118.8692,28.9398,衢州市,环保大楼,,27,27,28,10,12,60,,,,11,13,4,4,0.3,0.4
2025-10-21T0300,1265A,118.8709,28.9666,衢州市,实验学校,,,26,25,11,12,63,,,,11,13,,3,0.2,0.3
2025-10-21T0300,1266A,118.8621,28.9808,衢州市,衢州学院,,27,27,26,10,13,64,,,,17,18,6,5,0.3,0.4
2025-10-21T0300,1611A,118.5819,24.9117,泉州市,涂山街,,21,10,19,6,10,66,,,,5,7,2,2,0.4,0.5
2025-10-21T0300,1612A,118.5972,24.8978,泉州市,津头埔,,20,9,20,8,11,63,,,,9,14,2,3,0.4,0.5
2025-10-21T0300,1613A,118.6663,24.9424,泉州市,万安,,20,12,22,7,10,63,,,,5,7,2,3,0.5,0.6
2025-10-21T0300,3529A,118.6333,24.9264,泉州市,城华南路,,20,10,19,6,9,64,,,,8,12,3,3,0.5,0.5
2025-10-21T0300,2626A,88.8876,29.2718,日喀则市,日喀则监测站,,21,18,25,10,9,65,,,,11,21,12,13,0.3,0.3
2025-10-21T0300,3726A,88.8781,29.2426,日喀则市,林业技术推广中心,,18,18,19,3,5,51,,,,12,8,5,6,0.4,0.3
2025-10-21T0300,1659A,119.471,35.4209,日照市,监测站,,20,12,21,3,7,62,,,,10,14,7,6,0.5,0.5
2025-10-21T0300,1660A,119.523,35.4216,日照市,市政府广场,,21,12,17,3,5,66,,,,6,8,7,7,0.5,0.5
2025-10-21T0300,1661A,119.5587,35.4044,日照市,港务局,,21,,21,14,14,67,,,,16,18,4,4,0.4,0.4
2025-10-21T0300,3507A,119.5328,35.4625,日照市,职业技术学院,,21,9,20,3,4,65,,,,10,10,6,5,0.5,0.5
2025-10-21T0300,3604A,119.3266,35.1044,日照市,岚山环保分局,,26,,37,18,27,60,,,,16,21,22,24,1.8,1.9
2025-10-21T0300,1835A,111.1922,34.7752,三门峡市,市政府,,35,,27,24,28,49,,,,17,20,9,7,0.2,0.3
2025-10-21T0300,1836A,111.1587,34.7942,三门峡市,开发区,,33,29,34,23,29,50,,,,14,20,9,5,0.3,0.3
2025-10-21T0300,3039A,111.1911,34.7829,三门峡市,三门峡市第一小学,,30,26,30,21,19,47,,,,15,16,9,7,0.4,0.4
2025-10-21T0300,3598A,111.1,34.7167,三门峡市,富达温泉假日酒店,,36,25,33,25,30,44,,,,18,18,10,6,0.6,0.5
2025-10-21T0300,2324A,117.6211,26.2625,三明市,三钢,,18,,13,12,17,53,,,,7,8,1,1,0.4,0.4
2025-10-21T0300,2325A,117.635,26.2714,三明市,三明二中,,,,14,10,11,51,,,,,7,1,2,0.4,0.4
2025-10-21T0300,2326A,117.6028,26.2378,三明市,三元区政府,,18,12,13,3,5,57,,,,7,8,1,2,0.4,0.5
2025-10-21T0300,1876A,109.5078,18.2489,三亚市,河东子站,,21,13,21,6,15,65,,,,8,8,3,3,0.5,0.5
2025-10-21T0300,1877A,109.4964,18.2681,三亚市,河西子站,,21,16,25,6,12,66,,,,6,8,6,6,0.6,0.5
2025-10-21T0300,3540A,109.7348,18.3443,三亚市,君悦子站,,21,18,25,9,13,65,,,,6,7,4,4,0.5,0.5
2025-10-21T0300,2624A,91.7608,29.2313,山南市,山南监测站,,15,15,11,6,4,48,,,,16,12,4,5,0.3,0.3
2025-10-21T0300,2625A,91.7706,29.2436,山南市,山南人民医院,,24,13,14,3,6,74,,,,6,6,5,4,0.2,0.2
2025-10-21T0300,1674A,116.6794,23.3667,汕头市,金平子站,,,12,22,6,9,60,,,,10,12,,3,0.5,0.6
2025-10-21T0300,1675A,116.7244,23.3633,汕头市,龙湖子站,,19,16,22,9,8,58,,,,7,9,8,7,0.6,0.6
2025-10-21T0300,1676A,116.7258,23.2775,汕头市,濠江子站,,,14,20,8,6,58,,,,6,6,,6,0.5,0.5
2025-10-21T0300,1677A,116.7519,23.4714,汕头市,澄海子站,,15,12,24,6,8,48,,,,11,11,6,4,0.6,0.6
2025-10-21T0300,1678A,116.6092,23.2539,汕头市,潮阳子站,,,12,19,8,8,63,,,,4,5,,5,0.5,0.6
2025-10-21T0300,3444A,116.454,23.2684,汕头市,潮南峡山,,,15,20,9,10,51,,,,7,7,,8,0.7,0.7
2025-10-21T0300,3624A,116.4069,23.2533,汕头市,潮南子站,,20,20,26,14,11,40,,,,11,13,7,5,0.6,0.6
2025-10-21T0300,1693A,115.3653,22.775,汕尾市,市环保局,,12,,17,8,12,35,,,,7,8,4,4,0.7,0.7
2025-10-21T0300,1694A,115.3706,22.7898,汕尾市,市政府,,11,6,16,3,6,33,,,,10,10,7,6,0.5,0.6
2025-10-21T0300,1695A,115.3622,22.7925,汕尾市,新城中学,,11,,16,7,11,34,,,,8,8,7,6,0.8,0.8
2025-10-21T0300,2645A,109.9154,33.8715,商洛市,监测站,,15,6,7,3,5,46,,,,8,15,3,6,0.6,0.6
2025-10-21T0300,3045A,109.9643,33.8471,商洛市,商州区中学,,12,,6,3,6,38,,,,11,18,4,4,0.7,0.6
2025-10-21T0300,2409A,115.6458,34.4045,商丘市,粮食局,,,30,36,21,24,27,,,,21,18,,3,0.2,0.2
2025-10-21T0300,2410A,115.6293,34.3948,商丘市,睢阳区环保局,,,49,41,25,24,27,,,,25,21,,6,0.4,0.4
2025-10-21T0300,3171A,115.6071,34.4465,商丘市,梁园区档案局,,,44,36,28,24,22,,,,27,23,,6,0.5,0.5
2025-10-21T0300,1141A,121.4,31.238,上海市,普陀,,25,24,31,3,11,80,,,,10,12,5,5,0.3,0.3
2025-10-21T0300,1142A,121.478,31.2036,上海市,十五厂,,,23,31,3,10,78,,,,6,9,,6,0.5,0.6
2025-10-21T0300,1143A,121.467,31.3008,上海市,虹口,,,23,31,7,10,76,,,,5,9,,7,0.4,0.5
2025-10-21T0300,1147A,121.425,31.2261,上海市,静安监测站,,25,23,30,7,11,78,,,,6,10,4,4,0.1,0.2
2025-10-21T0300,1148A,121.703,31.1907,上海市,浦东川沙,,29,29,33,6,9,78,,,,5,7,9,9,0.2,0.3
2025-10-21T0300,1149A,121.533,31.2284,上海市,浦东新区监测站,,26,26,31,12,14,73,,,,8,11,6,6,0.4,0.4
2025-10-21T0300,1150A,121.577,31.2071,上海市,浦东张江,,27,25,30,3,9,86,,,,3,5,6,5,0.2,0.2
2025-10-21T0300,3265A,121.4316,31.3322,上海市,宝山庙行,,24,24,29,7,9,75,,,,11,12,8,7,0.5,0.5
2025-10-21T0300,3266A,121.8791,31.4662,上海市,崇明上实东滩,,27,24,29,6,9,84,,,,3,4,4,4,0.4,0.4
2025-10-21T0300,3268A,121.3162,31.2838,上海市,嘉定南翔,,25,23,29,3,9,77,,,,12,15,5,5,0.2,0.3
2025-10-21T0300,3269A,121.3359,30.7456,上海市,金山新城,,,25,30,7,12,71,,,,7,10,,6,0.3,0.3
2025-10-21T0300,3270A,121.4996,31.0739,上海市,闵行浦江,,25,25,32,3,9,77,,,,7,11,5,5,0.9,0.8
2025-10-21T0300,3271A,121.2886,31.1663,上海市,青浦徐泾,,25,22,30,3,6,79,,,,2,7,8,9,0.4,0.6
2025-10-21T0300,3272A,121.2186,31.0378,上海市,松江图书馆,,25,19,29,3,8,77,,,,10,19,5,5,0.3,0.4
2025-10-21T0300,3273A,121.3902,31.2059,上海市,长宁仙霞,,,24,31,3,9,79,,,,7,10,,4,0.4,0.4
2025-10-21T0300,3274A,121.7965,31.0507,上海市,浦东惠南,,25,23,28,3,9,78,,,,10,10,8,7,0.3,0.3
2025-10-21T0300,3544A,121.4891,30.925,上海市,奉贤南桥新城,,,27,32,8,13,78,,,,9,12,,4,0.3,0.4
2025-10-21T0300,4183A,121.4174,31.16637,上海市,冠生园路458号,,25,24,30,3,9,79,,,,9,11,6,6,0.4,0.5
2025-10-21T0300,4205A,121.5419,31.2683,上海市,宁武路151号,,24,22,31,3,10,76,,,,8,11,5,5,0.3,0.3
2025-10-21T0300,2382A,117.9756,28.4436,上饶市,市监测站,,31,31,29,9,13,66,,,,7,8,3,3,0.2,0.3
2025-10-21T0300,2383A,117.9519,28.4628,上饶市,凤凰光学,,31,31,30,15,13,64,,,,6,7,8,6,0.3,0.4
2025-10-21T0300,3685A,117.897,28.4315,上饶市,双创科技城,,31,31,28,18,16,70,,,,11,13,5,4,0.2,0.3
2025-10-21T0300,4211A,118.1904,28.4448,上饶市,裕丰大道,,24,24,37,15,15,63,,,,9,11,4,4,0.2,0.3
2025-10-21T0300,1669A,113.5824,24.7733,韶关市,市八中,,10,10,16,3,3,26,,,,6,9,4,5,0.6,0.6
2025-10-21T0300,1671A,113.5917,24.7972,韶关市,园林处,,,12,10,6,5,28,,,,10,12,,6,0.6,0.7
2025-10-21T0300,1673A,113.5971,24.6863,韶关市,曲江监测站,,10,10,9,7,4,28,,,,9,12,7,8,0.4,0.5
2025-10-21T0300,2809A,113.6668,24.7756,韶关市,大学路288号,,9,8,9,3,4,28,,,,10,13,7,8,0.7,0.7
2025-10-21T0300,3622A,113.5556,24.8082,韶关市,碧湖山庄,,13,13,12,7,4,25,,,,10,12,6,7,0.5,0.6
2025-10-21T0300,2464A,111.5283,27.2442,邵阳市,市化工厂,,,,5,3,5,44,,,,,12,2,3,0.4,0.4
2025-10-21T0300,2466A,111.4328,27.2272,邵阳市,市环保局,,15,6,8,3,3,45,,,,7,10,3,3,0.7,0.7
2025-10-21T0300,4218A,111.4460,27.2472,邵阳市,北塔二期4-26地块,,14,6,8,3,6,42,,,,9,12,3,4,0.7,0.7
2025-10-21T0300,4219A,111.4739,27.2282,邵阳市,邵水西路287号,,14,6,6,3,3,44,,,,10,12,7,7,0.2,0.2
2025-10-21T0300,2921A,120.5483,30.0003,绍兴市,树下王站,,25,25,25,6,9,58,,,,16,18,7,6,0.5,0.5
2025-10-21T0300,3408A,120.5683,29.9361,绍兴市,绍兴中专,,,28,32,6,12,62,,,,15,17,,8,0.4,0.4
2025-10-21T0300,3409A,120.4906,30.0861,绍兴市,柯桥区政府,,29,29,34,7,12,60,,,,19,22,9,6,0.3,0.3
2025-10-21T0300,3410A,120.8752,30.0249,绍兴市,重华小学,,30,30,31,8,11,61,,,,12,17,9,8,0.4,0.4
2025-10-21T0300,3411A,120.8369,30.0137,绍兴市,上虞中学,,25,25,32,8,12,65,,,,14,19,5,5,0.4,0.4
2025-10-21T0300,3560A,120.4722,30.0415,绍兴市,柯桥妇保,,,31,33,3,9,63,,,,13,15,,5,0.6,0.5
2025-10-21T0300,3658A,120.6153,30.0764,绍兴市,袍江中学,,26,26,29,7,10,54,,,,19,20,5,5,0.4,0.3
2025-10-21T0300,1356A,114.1063,22.5545,深圳市,通心岭子站,,11,8,18,3,7,34,,,,9,11,9,11,0.7,0.7
2025-10-21T0300,1357A,114.117,22.5625,深圳市,洪湖,,11,8,19,3,9,33,,,,5,8,8,8,0.7,0.7
2025-10-21T0300,1358A,113.987,22.5417,深圳市,华侨城,,12,12,21,3,11,32,,,,9,12,9,7,0.5,0.7
2025-10-21T0300,1359A,113.9181,22.5171,深圳市,南海子站,,13,13,24,3,10,34,,,,13,16,6,6,0.8,0.9
2025-10-21T0300,1360A,114.2458,22.5689,深圳市,盐田,,13,13,22,3,7,34,,,,6,8,8,8,0.5,0.5
2025-10-21T0300,1361A,114.2283,22.7244,深圳市,龙岗,,13,6,13,3,9,39,,,,4,6,7,7,0.8,0.8
2025-10-21T0300,1363A,114.494,22.5422,深圳市,南澳,,11,,11,3,7,35,,,,6,7,8,8,0.7,0.7
2025-10-21T0300,1364A,114.41,22.6342,深圳市,葵涌,,,7,16,3,7,32,,,,7,8,,7,0.5,0.6
2025-10-21T0300,1365A,114.297,22.5978,深圳市,梅沙,,12,8,18,3,7,36,,,,5,7,9,8,0.7,0.6
2025-10-21T0300,1366A,114.0678,22.738,深圳市,观澜,,10,9,20,3,5,31,,,,11,8,10,9,0.9,0.9
2025-10-21T0300,3305A,114.0731,22.559,深圳市,莲花,,,9,17,3,10,34,,,,,10,7,7,0.7,0.8
2025-10-21T0300,3306A,114.0261,22.6198,深圳市,民治,,11,7,16,3,8,35,,,,12,14,6,7,0.6,0.6
2025-10-21T0300,3307A,114.1871,22.6451,深圳市,横岗,,,9,22,3,13,36,,,,8,9,,8,0.7,0.8
2025-10-21T0300,3447A,114.3551,22.7151,深圳市,坪山,,10,9,21,3,11,32,,,,11,14,8,8,0.6,0.6
2025-10-21T0300,3623A,113.8953,22.5861,深圳市,西乡,,11,11,19,3,7,33,,,,17,17,7,7,0.7,0.7
2025-10-21T0300,1099A,123.505,41.7406,沈阳市,浑南东路,颗粒物(PM10),61,71,42,35,19,0,,,,49,30,7,6,0.9,0.6
2025-10-21T0300,1100A,123.4231,41.6989,沈阳市,新秀街,颗粒物(PM10),76,101,34,29,13,1,,,,47,35,8,7,0.9,0.6
2025-10-21T0300,1102A,123.5903,41.8411,沈阳市,东陵路,颗粒物(PM10),57,63,36,29,16,1,,,,39,33,9,9,0.8,0.4
2025-10-21T0300,1103A,123.4264,41.8467,沈阳市,陵东街,,31,31,24,18,13,1,,,,51,22,6,6,0.5,0.3
2025-10-21T0300,1104A,123.4114,41.7653,沈阳市,文化路,,42,42,30,19,13,8,,,,54,27,9,7,0.6,0.5
2025-10-21T0300,1105A,123.4678,41.7867,沈阳市,小河沿,,43,43,22,29,13,1,,,,45,18,8,8,1.0,0.6
2025-10-21T0300,1106A,123.4017,41.7972,沈阳市,太原街,,50,50,42,29,18,5,,,,66,46,11,9,0.5,0.5
2025-10-21T0300,1108A,123.3783,41.9228,沈阳市,京沈街,,50,50,35,32,21,9,,,,54,29,14,12,0.6,0.4
2025-10-21T0300,2897A,123.2444,41.7347,沈阳市,沈辽西路,,49,49,34,26,18,2,,,,59,31,10,8,0.6,0.5
2025-10-21T0300,2900A,123.5953,41.9086,沈阳市,裕农路,,38,38,26,25,14,2,,,,64,35,5,4,0.5,0.3
2025-10-21T0300,2429A,110.78,32.6494,十堰市,滨河新村,,,28,33,19,18,65,,,,7,12,8,8,,0.6
2025-10-21T0300,2430A,110.7258,32.6389,十堰市,刘家沟,,,27,27,23,19,62,,,,8,10,6,6,,0.5
2025-10-21T0300,2431A,110.8839,32.5714,十堰市,铁二处,,,,18,22,22,56,,,,9,13,6,6,,0.5
2025-10-21T0300,3545A,110.8054,32.8401,十堰市,郧阳区金沙路,,,19,23,13,15,60,,,,4,7,5,5,,0.6
2025-10-21T0300,2709A,86.0497,44.2967,石河子市,艾青诗歌馆,颗粒物(PM10),60,70,73,31,33,16,,,,48,34,7,9,0.6,0.6
2025-10-21T0300,3442A,86.047,44.2331,石河子市,南区管委会,颗粒物(PM10),62,73,81,32,34,48,,,,18,25,10,15,0.5,0.5
2025-10-21T0300,4051A,86.0791,44.3017,石河子市,世纪广场,颗粒物(PM10),73,96,90,27,30,3,,,,62,43,9,12,0.7,0.7
2025-10-21T0300,1029A,114.4422,38.0444,石家庄市,职工医院,,43,43,24,26,21,5,,,,41,19,2,2,0.3,0.3
2025-10-21T0300,1030A,114.6063,38.0266,石家庄市,高新区,,38,38,31,24,21,2,,,,47,25,5,5,0.3,0.3
2025-10-21T0300,1031A,114.4898,38.1328,石家庄市,西北水源,,41,41,37,22,11,5,,,,35,16,4,3,0.3,0.3
2025-10-21T0300,1032A,114.4586,38.0058,石家庄市,西南高教,颗粒物(PM10),52,54,39,17,14,2,,,,40,20,2,2,0.3,0.2
2025-10-21T0300,1033A,114.5331,38.0178,石家庄市,世纪公园,,36,34,35,25,21,28,,,,16,20,1,2,0.2,0.3
2025-10-21T0300,1034A,114.509,38.0457,石家庄市,人民会堂,,44,44,38,14,10,2,,,,23,17,3,3,0.4,0.4
2025-10-21T0300,2862A,114.5481,38.0378,石家庄市,22中南校区,,37,37,29,21,21,4,,,,39,19,2,2,0.3,0.3
2025-10-21T0300,3456A,114.289,38.0906,石家庄市,鹿泉一中,,50,38,34,35,26,15,,,,13,16,3,3,0.2,0.3
2025-10-21T0300,3573A,114.8506765,38.0322033,石家庄市,藁城区实验学校,,48,48,31,14,10,1,,,,48,26,2,3,0.4,0.3
2025-10-21T0300,4024A,114.6549,37.9020,石家庄市,栾城区星河路,颗粒物(PM10),56,62,30,24,17,1,,,,32,19,3,3,0.4,0.4
2025-10-21T0300,4314A,114.0494,38.059,石家庄市,矿区区委大楼,,39,39,35,12,9,0,,,,25,22,4,4,0.3,0.3
2025-10-21T0300,1948A,106.3668,39.0145,石嘴山市,大武口朝阳西街,颗粒物(PM10),61,72,52,38,25,6,,,,56,39,61,58,1.1,0.6
2025-10-21T0300,1949A,106.7704,39.2282,石嘴山市,惠农南大街,,39,39,45,19,17,3,,,,39,34,6,9,0.4,0.5
2025-10-21T0300,1950A,106.7099,39.1325,石嘴山市,红果子镇惠新街,,43,43,44,17,17,0,,,,46,38,6,10,0.5,0.6
2025-10-21T0300,3520A,106.3495,38.9836,石嘴山市,妇女儿童医院,颗粒物(PM10),67,84,51,46,22,7,,,,55,35,16,21,0.9,0.5
2025-10-21T0300,3521A,106.7492,39.2069,石嘴山市,石大公路,,50,50,51,29,26,13,,,,43,35,6,9,0.7,0.8
2025-10-21T0300,2248A,131.1511,46.6937,双鸭山市,双合村,,20,,14,9,10,62,,,,3,4,6,6,0.3,0.3
2025-10-21T0300,2249A,131.1652,46.6191,双鸭山市,南小市,,24,24,25,14,10,51,,,,10,8,22,9,0.5,0.4
2025-10-21T0300,2250A,131.1524,46.6554,双鸭山市,环保局,,22,22,24,8,7,63,,,,4,6,2,2,0.6,0.7
2025-10-21T0300,2166A,112.4397,39.3522,朔州市,平朔,,,101,64,40,29,3,,,,38,28,,4,0.4,0.5
2025-10-21T0300,2167A,112.4575,39.3617,朔州市,朔唯,,,101,72,51,28,,,,,42,34,10,8,0.4,0.4
2025-10-21T0300,2168A,112.4258,39.3197,朔州市,区政府,颗粒物(PM10),68,85,60,31,24,8,,,,39,27,12,7,0.6,0.5
2025-10-21T0300,2169A,112.4072,39.3278,朔州市,市环保局,颗粒物(PM10),71,92,67,28,28,16,,,,35,26,12,6,0.3,0.3
2025-10-21T0300,2170A,112.4272,39.3681,朔州市,市二中,颗粒物(PM10),68,86,68,38,26,2,,,,36,28,10,9,0.5,0.5
2025-10-21T0300,3571A,112.2931,39.53,朔州市,一水厂,颗粒物(PM10),76,101,85,44,34,13,,,,42,33,6,9,0.7,0.6
2025-10-21T0300,2225A,124.4002,43.1713,四平市,一商场,,41,41,36,19,19,4,,,,50,31,7,7,0.2,0.3
2025-10-21T0300,2226A,124.388,43.193,四平市,境园,,45,45,35,26,21,4,,,,31,28,8,7,0.3,0.3
2025-10-21T0300,3486A,124.4036,43.1411,四平市,植物园,,33,33,30,17,14,4,,,,41,28,7,7,0.2,0.2
2025-10-21T0300,3713A,124.3419,43.1666,四平市,世纪城,,47,47,47,25,27,8,,,,40,27,8,8,0.4,0.3
2025-10-21T0300,2233A,124.8006,45.1214,松原市,江南,,40,40,35,18,21,6,,,,36,27,6,7,0.4,0.5
2025-10-21T0300,2234A,124.7965,45.1722,松原市,江北,,40,40,26,19,14,13,,,,30,18,7,7,0.4,0.4
2025-10-21T0300,1162A,120.591,31.3019,苏州市,彩香,,,27,32,9,10,63,,,,14,14,,6,0.5,0.4
2025-10-21T0300,1163A,120.596,31.3264,苏州市,轧钢厂,,,30,29,10,9,62,,,,,15,7,5,0.7,0.7
2025-10-21T0300,1164A,120.613,31.2703,苏州市,吴中区,,20,20,24,7,9,61,,,,14,16,7,5,0.8,0.6
2025-10-21T0300,1165A,120.543,31.2994,苏州市,苏州新区,,34,34,29,10,9,62,,,,18,18,6,6,0.4,0.5
2025-10-21T0300,1166A,120.669,31.3097,苏州市,苏州工业园区,,24,24,31,7,11,65,,,,20,19,8,5,0.8,0.6
2025-10-21T0300,1167A,120.641,31.3708,苏州市,相城区,,22,22,26,7,9,67,,,,15,14,7,7,0.6,0.4
2025-10-21T0300,3289A,120.743,31.3188,苏州市,方洲路,,21,21,28,6,10,66,,,,14,16,4,4,0.4,0.3
2025-10-21T0300,3290A,120.5031,31.2774,苏州市,木渎中学,,27,27,28,11,10,62,,,,15,17,6,5,0.5,0.6
2025-10-21T0300,3425A,120.624,31.1733,苏州市,越秀幼儿园,,31,31,39,8,10,70,,,,12,13,6,5,0.6,0.5
2025-10-21T0300,3431A,120.6505,31.416,苏州市,高铁新城,,26,26,31,8,10,54,,,,24,15,10,6,0.8,0.5
2025-10-21T0300,1220A,118.293,33.9528,宿迁市,宿迁学院,,38,38,26,23,13,49,,,,19,18,6,5,0.5,0.4
2025-10-21T0300,1221A,118.2442,33.9592,宿迁市,宿迁中学,,40,40,25,25,13,46,,,,18,16,9,8,0.4,0.4
2025-10-21T0300,2996A,118.283,33.965,宿迁市,市供电局,,34,34,24,23,13,45,,,,20,19,8,8,0.6,0.6
2025-10-21T0300,3191A,118.3225,33.9447,宿迁市,宿豫区政府,,43,43,33,23,14,48,,,,14,15,10,9,0.5,0.4
2025-10-21T0300,3187A,116.9509,33.666,宿州市,远航博物馆,,35,35,44,21,17,34,,,,20,18,4,4,0.3,0.3
2025-10-21T0300,3463A,116.9708,33.591,宿州市,社会福利中心,,,30,29,21,15,47,,,,14,14,,5,,0.2
2025-10-21T0300,3634A,116.9884,33.6305,宿州市,宿州学院,,45,40,33,31,21,37,,,,19,15,7,6,0.2,0.1
2025-10-21T0300,3701A,116.9648,33.6252,宿州市,皖北煤电集团,,41,41,37,23,19,46,,,,15,14,4,4,0.3,0.2
2025-10-21T0300,2266A,126.9785,46.6365,绥化市,人和东街,,26,26,25,15,14,42,,,,14,15,3,3,0.4,0.4
2025-10-21T0300,2267A,126.964,46.6528,绥化市,党政办公中心,,27,27,25,12,12,43,,,,14,18,4,4,0.4,0.4
2025-10-21T0300,2451A,113.3583,31.7275,随州市,市委党校,,30,,23,21,18,46,,,,8,11,2,2,0.6,0.6
2025-10-21T0300,2452A,113.3833,31.6908,随州市,市林业局,,26,20,18,18,14,49,,,,11,14,3,3,0.6,0.6
2025-10-21T0300,2453A,113.3983,31.7308,随州市,市立交桥水厂,,20,20,18,14,13,42,,,,9,13,4,4,0.5,0.6
2025-10-21T0300,2528A,105.5582,30.5232,遂宁市,市监测站,,11,,5,6,7,34,,,,6,10,7,7,0.5,0.5
2025-10-21T0300,2529A,105.5861,30.5366,遂宁市,行政中心,,,6,6,3,0,33,,,,3,6,,6,0.3,0.3
2025-10-21T0300,2530A,105.5918,30.4728,遂宁市,美宁食品公司,,12,,2,7,8,37,,,,2,6,5,6,0.3,0.4
2025-10-21T0300,2706A,82.9994,46.7432,塔城地区,东门外小游园,,35,35,45,3,9,23,,,,12,9,3,4,1.1,0.5
2025-10-21T0300,1255A,121.273,28.6459,台州市,黄岩环保大楼,,,26,23,7,8,68,,,,7,9,,4,0.2,0.3
2025-10-21T0300,1256A,121.419,28.6542,台州市,台州环保大楼,,25,25,22,3,5,78,,,,6,8,7,6,0.4,0.4
2025-10-21T0300,1257A,121.377,28.5773,台州市,路桥田洋王,,23,22,21,3,3,72,,,,7,9,4,4,0.4,0.4
2025-10-21T0300,3564A,121.2568,28.6681,台州市,台州科技职业学院,,21,20,18,3,4,67,,,,8,9,6,6,0.3,0.4
2025-10-21T0300,1081A,112.522,37.8873,太原市,尖草坪,,,57,46,28,25,1,,,,46,35,,4,0.4,0.4
2025-10-21T0300,1084A,112.469,37.7124,太原市,晋源,颗粒物(PM10),58,66,47,38,27,1,,,,43,37,9,10,0.6,0.4
2025-10-21T0300,1085A,112.5583,37.7394,太原市,小店,颗粒物(PM10),68,85,53,48,29,0,,,,37,32,3,3,0.9,0.6
2025-10-21T0300,1086A,112.5369,37.8692,太原市,桃园,颗粒物(PM10),62,74,55,38,29,1,,,,42,34,4,4,0.7,0.7
2025-10-21T0300,1087A,112.57,37.8195,太原市,坞城,颗粒物(PM10),63,76,51,39,27,0,,,,43,38,7,7,0.7,0.6
2025-10-21T0300,1088A,112.549,37.9854,太原市,南寨,颗粒物(PM10),51,51,43,26,24,0,,,,31,27,8,8,0.6,0.4
2025-10-21T0300,3618A,112.4719,37.7831,太原市,金胜,颗粒物(PM10),67,83,51,38,24,2,,,,36,33,3,3,0.6,0.5
2025-10-21T0300,4010A,112.5608,37.8807,太原市,育英中学,,,72,51,39,27,1,,,,38,34,,7,0.6,0.6
2025-10-21T0300,1656A,117.1437,36.1937,泰安市,监测站,,27,27,27,16,9,41,,,,14,15,2,2,0.5,0.6
2025-10-21T0300,1657A,117.0885,36.2017,泰安市,人口学校,,35,27,36,24,20,20,,,,21,12,2,4,0.4,0.4
2025-10-21T0300,1658A,117.1089,36.1758,泰安市,电力学校,,,31,32,24,22,40,,,,9,11,,3,0.2,0.3
2025-10-21T0300,3502A,117.1812,36.2275,泰安市,国网新校,,47,47,32,12,11,28,,,,26,12,3,3,0.3,0.3
2025-10-21T0300,3503A,117.0313,36.2018,泰安市,交通技校,,29,29,26,15,18,33,,,,18,11,3,2,0.2,0.2
2025-10-21T0300,3504A,117.0829,36.13,泰安市,山东第一医科大学,,41,41,33,22,17,39,,,,22,21,2,2,0.4,0.5
2025-10-21T0300,1206A,119.905,32.4878,泰州市,公园路,,,19,21,3,5,52,,,,14,15,,8,0.2,0.1
2025-10-21T0300,1207A,119.9189,32.4625,泰州市,莲花,,,12,23,7,8,52,,,,10,10,,8,0.2,0.2
2025-10-21T0300,1209A,119.888,32.4639,泰州市,留学生创业园,,26,26,24,10,9,52,,,,7,7,10,10,0.3,0.3
2025-10-21T0300,2997A,119.8767,32.3289,泰州市,王营,,17,14,25,7,8,53,,,,15,15,7,7,0.3,0.3
2025-10-21T0300,3295A,120.1259,32.5099,泰州市,姜堰区政府广场,,17,17,28,8,11,51,,,,9,10,4,5,0.3,0.3
2025-10-21T0300,3435A,119.9192,32.4322,泰州市,周山河街区,,23,23,25,11,10,57,,,,9,10,10,10,0.6,0.6
2025-10-21T0300,1038A,118.1725,39.6334,唐山市,物资局,,39,39,19,21,10,17,,,,38,19,1,3,0.4,0.4
2025-10-21T0300,1040A,118.1705,39.6506,唐山市,十二中,,30,28,19,21,12,5,,,,42,23,1,3,0.4,0.4
2025-10-21T0300,1041A,118.1869,39.622,唐山市,小山,,37,37,20,14,10,11,,,,32,14,1,3,0.3,0.3
2025-10-21T0300,3457A,118.4359,39.2762,唐山市,冀东油田职工医院,,20,18,21,14,11,9,,,,37,17,3,5,0.2,0.5
2025-10-21T0300,3575A,118.09279,39.58089,唐山市,正泰大街热力站,颗粒物(PM10),51,52,30,32,15,1,,,,41,26,3,2,0.5,0.5
2025-10-21T0300,3576A,118.1562,39.8322,唐山市,丰润区政府,,,62,35,24,17,1,,,,16,14,,4,0.6,0.5
2025-10-21T0300,3577A,118.43673,39.73809,唐山市,金山小学,,32,32,25,14,10,16,,,,23,19,1,4,0.8,0.7
2025-10-21T0300,3578A,118.24498,39.66941,唐山市,政府服务中心,颗粒物(PM10),52,54,26,25,11,2,,,,46,26,2,3,0.5,0.3
2025-10-21T0300,3692A,118.2059,39.6585,唐山市,消防缸窑路中队,,50,50,30,22,9,4,,,,41,20,2,2,0.5,0.4
2025-10-21T0300,3693A,118.1436,39.6202,唐山市,路南电大,,43,34,22,30,13,2,,,,46,24,3,3,0.4,0.4
2025-10-21T0300,4197A,118.1309,39.6360,唐山市,友谊北路34号,,44,44,29,29,14,5,,,,49,30,3,3,0.5,0.4
2025-10-21T0300,1015A,117.1444,39.1661,天津市,勤俭道,颗粒物(PM10),58,65,34,29,14,2,,,,55,36,13,9,0.7,0.5
2025-10-21T0300,1018A,117.202,39.0927,天津市,前进道,颗粒物(PM10),54,58,28,25,12,2,,,,59,29,13,7,0.3,0.3
2025-10-21T0300,1019A,117.1837,39.2133,天津市,淮河道,颗粒物(PM10),54,57,34,28,14,2,,,,66,42,8,7,0.2,0.1
2025-10-21T0300,1021A,117.3083,39.0884,天津市,跃进路,,,58,32,27,14,2,,,,57,37,,6,0.6,0.4
2025-10-21T0300,1023A,117.707,39.0343,天津市,第四大街,,46,46,33,24,15,0,,,,66,46,7,8,0.5,0.6
2025-10-21T0300,1024A,117.457,38.8394,天津市,永明路,细颗粒物(PM2.5),64,76,35,46,18,1,,,,54,39,9,9,0.6,0.6
2025-10-21T0300,1026A,117.764,39.1587,天津市,汉北路,,48,48,34,20,12,0,,,,58,36,10,10,0.5,0.5
2025-10-21T0300,2858A,117.7918,39.2474,天津市,河西一经路,,47,47,34,21,15,0,,,,60,42,7,6,0.4,0.4
2025-10-21T0300,2859A,117.3747,38.9846,天津市,津沽路,颗粒物(PM10),59,68,28,34,12,2,,,,58,38,7,7,0.6,0.6
2025-10-21T0300,2860A,117.1589,39.0845,天津市,宾水西道,颗粒物(PM10),55,59,27,34,13,1,,,,48,27,4,4,0.5,0.4
2025-10-21T0300,2922A,117.1941,39.1067,天津市,大理道,颗粒物(PM10),60,69,31,29,13,2,,,,64,36,16,9,0.6,0.5
2025-10-21T0300,3020A,117.2101,39.1699,天津市,中山北路,颗粒物(PM10),68,85,36,32,15,1,,,,39,27,6,6,0.6,0.5
2025-10-21T0300,3051A,117.3876,39.1488,天津市,西四道,颗粒物(PM10),58,65,31,28,12,0,,,,64,39,9,8,0.4,0.3
2025-10-21T0300,3325A,117.0365,39.3828,天津市,雍阳西道,,,49,24,24,10,,,,,55,26,7,6,0.3,0.2
2025-10-21T0300,3326A,117.0296,39.0605,天津市,辛老路,颗粒物(PM10),78,106,40,56,17,0,,,,58,30,11,10,0.6,0.5
2025-10-21T0300,3327A,116.9638,38.9375,天津市,地纬路,颗粒物(PM10),61,72,35,36,16,0,,,,50,28,9,9,0.6,0.5
2025-10-21T0300,3460A,117.4067,40.0583,天津市,北环路,,13,11,14,3,7,39,,,,9,11,3,3,0.2,0.3
2025-10-21T0300,3461A,117.3045,39.7169,天津市,建设路,颗粒物(PM10),54,57,31,30,15,3,,,,41,26,12,12,0.5,0.5
2025-10-21T0300,3462A,117.8199,39.3521,天津市,滨水东路,,45,45,36,21,15,2,,,,62,41,8,9,0.4,0.3
2025-10-21T0300,4196A,117.2437,39.1029,天津市,光华路,颗粒物(PM10),52,54,29,30,13,3,,,,51,30,8,8,0.6,0.5
2025-10-21T0300,2650A,105.7205,34.5786,天水市,公园小学,,23,23,22,11,12,46,,,,12,16,10,10,0.5,0.6
2025-10-21T0300,2651A,105.8945,34.5538,天水市,麦积国土局,,15,11,17,10,11,45,,,,10,9,10,7,0.5,0.6
2025-10-21T0300,2216A,123.8139,42.3022,铁岭市,汇工街西,细颗粒物(PM2.5),73,88,53,53,32,2,,,,39,29,82,27,1.0,0.7
2025-10-21T0300,2217A,123.8649,42.2923,铁岭市,水上乐园,细颗粒物(PM2.5),107,,55,80,31,17,,,,32,31,8,8,0.5,0.4
2025-10-21T0300,2218A,123.8486,42.2867,铁岭市,银州路东段,颗粒物(PM10),63,75,40,44,24,2,,,,46,33,5,6,0.5,0.5
2025-10-21T0300,2219A,123.7153,42.2217,铁岭市,金沙江路北,,49,49,34,32,20,2,,,,43,30,4,6,0.5,0.5
2025-10-21T0300,2229A,125.9358,41.7173,通化市,光明,,26,26,36,14,14,15,,,,16,18,10,12,0.7,0.6
2025-10-21T0300,2230A,125.9446,41.7325,通化市,铁路,,21,21,23,13,13,23,,,,11,18,7,10,0.6,0.5
2025-10-21T0300,2191A,122.2532,43.6801,通辽市,艺术职业学校,,26,26,29,3,7,56,,,,7,11,4,5,0.1,0.2
2025-10-21T0300,3706A,122.2584,43.6333,通辽市,老干部活动中心,,30,30,28,17,17,53,,,,8,12,5,4,0.3,0.4
2025-10-21T0300,3708A,122.2922,43.6189,通辽市,东方明珠社区,,39,,32,27,25,53,,,,8,13,7,6,0.3,0.3
2025-10-21T0300,1923A,109.0697,35.0697,铜川市,王益区政府,,32,32,20,19,15,41,,,,11,12,3,3,0.7,0.6
2025-10-21T0300,1924A,108.9344,34.9058,铜川市,新区管委会,,40,30,23,28,28,30,,,,16,20,2,2,0.3,0.4
2025-10-21T0300,4234A,108.9497,34.8705,铜川市,大唐三路,,35,31,19,24,19,31,,,,10,9,2,1,0.7,0.7
2025-10-21T0300,2285A,117.8177,30.9412,铜陵市,市第四中学,,30,25,33,21,16,62,,,,6,10,7,7,0.3,0.4
2025-10-21T0300,2286A,117.8059,30.9273,铜陵市,市公路局,,37,37,46,18,17,65,,,,6,10,3,3,0.2,0.3
2025-10-21T0300,2287A,117.7807,30.9413,铜陵市,市新民污水厂,,24,24,33,11,17,56,,,,16,18,5,6,0.1,0.3
2025-10-21T0300,2288A,117.7439,30.8792,铜陵市,市第九中学,,26,26,45,3,14,51,,,,16,20,9,9,0.2,0.3
2025-10-21T0300,2289A,117.846,30.9413,铜陵市,车站新区,,20,20,31,14,14,60,,,,7,12,7,6,0.1,0.2
2025-10-21T0300,2290A,117.8483,30.97,铜陵市,市职教基地,,26,21,31,18,16,63,,,,8,12,8,7,0.3,0.4
2025-10-21T0300,2585A,109.1839,27.7344,铜仁市,铜仁卫校,,11,9,12,3,6,35,,,,7,7,2,2,0.4,0.3
2025-10-21T0300,2586A,109.1753,27.6944,铜仁市,铜仁七中,,18,14,12,12,6,43,,,,5,5,3,2,0.4,0.3
2025-10-21T0300,2686A,89.1904,42.9418,吐鲁番市,市环保局,颗粒物(PM10),81,111,117,28,33,24,,,,36,30,6,8,0.7,0.7
2025-10-21T0300,2687A,89.1673,42.9559,吐鲁番市,地区环保局,颗粒物(PM10),81,111,110,36,36,22,,,,37,26,4,5,0.7,0.7
2025-10-21T0300,1662A,122.1214,37.4236,威海市,华夏技校,,24,12,9,3,1,74,,,,4,6,4,3,0.1,0
2025-10-21T0300,1663A,122.0508,37.5236,威海市,山大分校,,22,22,10,3,2,70,,,,4,5,3,3,0.2,0.4
2025-10-21T0300,1664A,122.1067,37.5072,威海市,市监测站,,25,15,13,3,3,78,,,,3,4,8,7,0.3,0.2
2025-10-21T0300,1982A,122.0693,37.2174,威海市,文登开发区,,22,14,15,7,5,68,,,,7,8,4,4,0.2,0.2
2025-10-21T0300,3505A,122.1379,37.3414,威海市,临港区管委会,,,14,12,3,1,78,,,,5,4,3,2,,0.2
2025-10-21T0300,1650A,119.1437,36.7023,潍坊市,环保局,,24,24,24,12,10,33,,,,33,25,7,7,0.5,0.4
2025-10-21T0300,2877A,119.1641,36.6523,潍坊市,坊子邮政,,29,29,29,7,9,39,,,,27,21,8,7,0.6,0.5
2025-10-21T0300,3178A,119.0587,36.721,潍坊市,潍坊七中,,29,29,30,13,13,17,,,,42,36,8,6,0.4,0.3
2025-10-21T0300,3368A,119.1977,36.6872,潍坊市,高新实验学校,,29,29,28,10,10,40,,,,22,21,6,6,0.6,0.5
2025-10-21T0300,3416A,119.1755,36.7149,潍坊市,潍坊学院,,29,29,25,7,8,40,,,,30,25,10,10,0.5,0.5
2025-10-21T0300,3861A,119.2041,36.7699,潍坊市,寒亭区实验一小,,24,24,28,9,11,23,,,,33,29,4,5,0.4,0.4
2025-10-21T0300,1940A,109.4636,34.493,渭南市,体育馆,,36,36,33,22,25,37,,,,18,18,4,4,0.4,0.5
2025-10-21T0300,1941A,109.4259,34.5023,渭南市,高新一小,,32,26,25,22,24,39,,,,16,16,4,4,0.4,0.5
2025-10-21T0300,4235A,109.5051,34.4921,渭南市,渭花路4号,,36,29,27,25,21,37,,,,15,15,4,4,0.4,0.5
2025-10-21T0300,1242A,120.634,28.0089,温州市,瓯海,,20,10,11,3,5,62,,,,10,10,3,3,0.2,0.3
2025-10-21T0300,1243A,120.6748,27.9939,温州市,南浦,,20,17,14,6,9,64,,,,9,10,4,4,0.3,0.3
2025-10-21T0300,1244A,120.76,27.9747,温州市,龙湾,,20,17,16,3,6,63,,,,9,10,4,4,0.4,0.4
2025-10-21T0300,1245A,120.6709,28.0167,温州市,市站,,,,12,10,10,63,,,,8,9,,4,0.2,0.3
2025-10-21T0300,3561A,120.6985,27.9251,温州市,茶山,,22,17,17,10,10,68,,,,11,16,6,6,0.3,0.4
2025-10-21T0300,2610A,104.2533,23.3594,文山壮族苗族自治州,州水务局,,22,15,24,15,16,46,,,,11,13,4,5,0.5,0.5
2025-10-21T0300,2611A,104.2319,23.3892,文山壮族苗族自治州,市便民服务中心,,28,,25,19,15,50,,,,9,16,4,4,0.4,0.5
2025-10-21T0300,2187A,106.8174,39.6973,乌海市,市林业局,颗粒物(PM10),52,53,54,17,23,39,,,,23,25,17,15,0.6,0.6
2025-10-21T0300,2188A,106.7907,39.6667,乌海市,中海勃湾学校,颗粒物(PM10),53,56,44,22,27,22,,,,38,30,16,14,0.9,0.8
2025-10-21T0300,3284A,106.813,39.7274,乌海市,海北新区,,47,47,40,12,16,12,,,,44,30,23,18,0.5,0.6
2025-10-21T0300,3621A,106.8288,39.6778,乌海市,聚英学校,颗粒物(PM10),54,57,44,20,20,32,,,,30,33,26,16,0.6,0.7
2025-10-21T0300,2197A,113.1306,40.9923,乌兰察布市,集宁新区,,26,,19,18,15,46,,,,13,14,15,14,0.4,0.3
2025-10-21T0300,3034A,113.1076,41.0385,乌兰察布市,光明街小学,,32,30,27,22,22,21,,,,30,21,10,14,0.4,0.4
2025-10-21T0300,3285A,113.1376,40.9509,乌兰察布市,北京八中,,15,13,17,10,13,23,,,,22,17,22,21,0.6,0.6
2025-10-21T0300,3421A,113.1775,40.9779,乌兰察布市,市委党校,,38,28,23,26,17,38,,,,27,18,114,30,0.7,0.5
2025-10-21T0300,1490A,87.5801,43.8303,乌鲁木齐市,监测站,颗粒物(PM10),75,100,94,36,43,0,,,,65,49,4,6,0.5,0.7
2025-10-21T0300,1491A,87.6046,43.768,乌鲁木齐市,收费所,颗粒物(PM10),102,154,121,54,53,2,,,,48,43,6,7,0.7,0.7
2025-10-21T0300,1493A,87.5525,43.8711,乌鲁木齐市,铁路局,颗粒物(PM10),80,110,105,44,49,1,,,,64,48,4,6,0.9,0.9
2025-10-21T0300,1494A,87.6432,43.831,乌鲁木齐市,三十一中学,颗粒物(PM10),76,102,98,46,43,2,,,,74,44,7,8,0.9,0.6
2025-10-21T0300,1496A,87.7216,44.1747,乌鲁木齐市,米东区环保局,颗粒物(PM10),84,118,102,51,42,5,,,,46,38,8,11,1.5,0.8
2025-10-21T0300,3033A,87.4651,43.4569,乌鲁木齐市,培训基地,颗粒物(PM10),52,53,72,22,27,37,,,,21,27,5,6,0.8,0.8
2025-10-21T0300,3437A,88.3118,43.3658,乌鲁木齐市,达坂城区环保局,颗粒物(PM10),61,72,66,39,31,19,,,,30,29,10,14,0.4,0.4
2025-10-21T0300,3438A,87.6162,43.8801,乌鲁木齐市,红光山片区,颗粒物(PM10),80,109,97,55,50,1,,,,70,51,12,12,1.1,0.9
2025-10-21T0300,3439A,87.7024,43.8004,乌鲁木齐市,新师大温泉校区,颗粒物(PM10),76,101,97,52,46,29,,,,43,37,8,7,0.5,0.5
2025-10-21T0300,1188A,120.269,31.4867,无锡市,雪浪,,,29,34,3,8,54,,,,18,19,,7,0.2,0.3
2025-10-21T0300,1189A,120.275,31.6219,无锡市,黄巷,,,18,33,7,7,48,,,,13,13,,5,0.5,0.5
2025-10-21T0300,1191A,120.242,31.5031,无锡市,漆塘,,31,31,45,7,11,53,,,,16,15,7,6,0.9,0.9
2025-10-21T0300,1192A,120.3489,31.5863,无锡市,东亭,,18,17,24,7,9,57,,,,12,13,8,7,0.8,0.7
2025-10-21T0300,1193A,120.354,31.5475,无锡市,旺庄,,,22,35,7,10,58,,,,11,13,,7,0.7,0.7
2025-10-21T0300,1194A,120.245,31.5631,无锡市,荣巷,,16,14,29,7,6,51,,,,18,17,9,7,0.4,0.4
2025-10-21T0300,1195A,120.299,31.6817,无锡市,堰桥,,,17,30,14,8,54,,,,14,14,,7,0.3,0.4
2025-10-21T0300,3428A,120.3142,31.4753,无锡市,华庄,,24,24,27,11,11,56,,,,14,13,9,8,0.2,0.3
2025-10-21T0300,4254A,120.2925,31.5685,无锡市,健康路105号,,,22,34,3,7,48,,,,18,17,,3,0.5,0.5
2025-10-21T0300,2677A,106.1532,37.9648,吴忠市,教育园区,颗粒物(PM10),54,57,60,36,36,7,,,,44,36,13,9,0.7,0.6
2025-10-21T0300,2679A,106.1856,37.9956,吴忠市,新区二泵站,颗粒物(PM10),60,70,68,36,35,5,,,,44,35,8,8,0.7,0.7
2025-10-21T0300,3648A,106.2112,37.9768,吴忠市,文卫南街,颗粒物(PM10),61,72,73,24,33,7,,,,34,30,11,10,0.5,0.5
2025-10-21T0300,1794A,118.3606,31.3519,芜湖市,监测站,,26,23,27,18,12,52,,,,16,16,6,5,0.4,0.4
2025-10-21T0300,1795A,118.3714,31.4134,芜湖市,科创中心,,28,,33,19,14,50,,,,17,17,11,8,0.5,0.4
2025-10-21T0300,1796A,118.3673,31.3131,芜湖市,四水厂,,37,37,33,15,12,53,,,,20,18,10,8,0.6,0.4
2025-10-21T0300,3328A,118.4209,31.3707,芜湖市,市气象局,,,28,33,19,12,46,,,,16,14,,7,1.1,0.6
2025-10-21T0300,3465A,118.4781,31.3225,芜湖市,清苑社区,,,23,28,14,10,48,,,,17,15,,6,0.6,0.3
2025-10-21T0300,3466A,118.2746,31.2326,芜湖市,扬子职业技术学院,,,21,29,16,12,50,,,,13,14,,6,0.7,0.5
2025-10-21T0300,2495A,111.3014,23.4832,梧州市,市逸夫小学,,22,22,25,11,13,41,,,,2,3,13,14,0.3,0.4
2025-10-21T0300,2496A,111.3239,23.4794,梧州市,市十一中,,13,13,12,8,11,38,,,,3,3,8,8,0.5,0.6
2025-10-21T0300,2498A,111.2711,23.4835,梧州市,龙新,,12,6,18,3,8,36,,,,3,3,10,6,0.1,0.2
2025-10-21T0300,4258A,111.2419,23.4154,梧州市,政贤路18号,,12,12,16,3,6,38,,,,6,7,4,4,0.6,0.6
2025-10-21T0300,2711A,87.5475,44.1756,五家渠市,农水大厦,颗粒物(PM10),82,113,87,49,40,4,,,,46,29,7,9,0.6,0.6
2025-10-21T0300,3441A,87.546,44.1912,五家渠市,经开区管委会,颗粒物(PM10),85,119,90,43,37,4,,,,62,40,10,10,0.7,0.6
2025-10-21T0300,1325A,114.3677,30.5584,武汉市,东湖梨园,,14,14,17,3,10,36,,,,9,11,5,5,0.2,0.2
2025-10-21T0300,1326A,114.2529,30.558,武汉市,汉阳月湖,,16,13,19,7,11,50,,,,15,17,5,6,0.3,0.4
2025-10-21T0300,1327A,114.282,30.6189,武汉市,汉口花桥,,,16,19,15,12,31,,,,12,14,,7,0.3,0.4
2025-10-21T0300,1328A,114.3025,30.5332,武汉市,武昌紫阳,,15,12,19,3,11,45,,,,12,14,10,10,0.4,0.5
2025-10-21T0300,1329A,114.3646,30.6217,武汉市,青山钢花,,18,13,19,12,17,42,,,,9,12,3,3,0.3,0.3
2025-10-21T0300,1330A,114.1566,30.4825,武汉市,沌口新区,,20,,14,14,16,44,,,,7,11,5,5,0.6,0.6
2025-10-21T0300,1331A,114.3014,30.5944,武汉市,汉口江滩,,19,,19,13,15,42,,,,9,10,6,6,0.1,0.2
2025-10-21T0300,1333A,114.135,30.6319,武汉市,吴家山,,,15,17,10,17,44,,,,14,15,6,6,,0.1
2025-10-21T0300,3153A,114.3877,30.4908,武汉市,民族大道182号,,16,16,22,9,14,30,,,,22,25,10,7,1.1,1
2025-10-21T0300,2652A,102.6201,37.9251,武威市,监测站,细颗粒物(PM2.5),67,63,64,48,40,21,,,,23,15,6,7,0.6,0.6
2025-10-21T0300,4270A,102.6447,37.9293,武威市,钟楼街149号,细颗粒物(PM2.5),60,61,63,43,39,30,,,,18,14,6,8,0.5,0.5
2025-10-21T0300,1463A,108.993,34.2629,西安市,兴庆小区,,38,30,20,26,16,22,,,,14,14,1,1,0.4,0.5
2025-10-21T0300,1464A,109.06,34.2572,西安市,纺织城,,38,37,20,26,16,20,,,,17,17,2,2,0.6,0.6
2025-10-21T0300,1465A,108.9356,34.2173,西安市,小寨,,30,30,24,16,11,21,,,,20,18,1,1,0.6,0.6
2025-10-21T0300,1466A,108.954,34.2713,西安市,市人民体育场,,42,33,25,29,18,26,,,,16,18,2,1,0.4,0.5
2025-10-21T0300,1467A,108.8922,34.2322,西安市,高新西区,,42,30,25,29,20,25,,,,21,21,3,1,0.5,0.6
2025-10-21T0300,1468A,108.935,34.3474,西安市,经开区,,30,30,27,13,9,24,,,,13,13,2,2,0.5,0.5
2025-10-21T0300,1469A,108.906,34.1546,西安市,长安区,,40,40,26,19,19,18,,,,20,17,2,1,0.4,0.5
2025-10-21T0300,1471A,109.2186,34.3731,西安市,临潼区,,32,32,24,20,18,30,,,,13,15,1,2,0.4,0.5
2025-10-21T0300,1473A,108.985,34.1978,西安市,曲江文化产业集团,,43,32,20,30,16,16,,,,20,19,2,2,0.7,0.7
2025-10-21T0300,1474A,109.051,34.3213,西安市,广运潭,,,32,25,26,18,27,,,,16,15,,2,0.4,0.5
2025-10-21T0300,3605A,109.09,34.5236,西安市,无线电监控中心,,30,29,17,21,12,34,,,,13,14,1,1,0.5,0.5
2025-10-21T0300,4055A,108.8869,34.2662,西安市,行知小学,,30,30,23,17,14,28,,,,16,16,1,1,0.5,0.5
2025-10-21T0300,4233A,108.5962,34.1188,西安市,西苑北路977号,,40,,24,28,17,23,,,,20,18,5,4,0.5,0.5
2025-10-21T0300,3055A,101.7775,36.6428,西宁市,城北区政府,颗粒物(PM10),55,59,62,36,33,44,,,,22,28,8,11,0.3,0.4
2025-10-21T0300,3629A,101.8305,36.5786,西宁市,世纪职校,细颗粒物(PM2.5),54,46,50,38,36,49,,,,22,29,17,15,0.7,0.7
2025-10-21T0300,3630A,101.7413,36.6397,西宁市,师大城西校区,细颗粒物(PM2.5),60,63,71,43,42,42,,,,24,28,17,19,0.6,0.9
2025-10-21T0300,2612A,100.8018,21.9995,西双版纳傣族自治州,景洪市江南,,39,34,31,27,20,11,,,,11,10,8,8,0.6,0.6
2025-10-21T0300,2613A,100.8017,22.0225,西双版纳傣族自治州,景洪市江北,,40,40,36,23,17,14,,,,3,6,7,7,0.5,0.5
2025-10-21T0300,3606A,108.7108,34.46,西咸新区,北杜,,30,23,15,21,14,27,,,,18,16,7,6,0.4,0.5
2025-10-21T0300,3607A,108.7096,34.2956,西咸新区,同德佳苑,,,,17,28,20,28,,,,19,17,,6,0.5,0.6
2025-10-21T0300,3608A,108.8558,34.4978,西咸新区,崇文塔,,39,,13,27,16,33,,,,12,13,6,6,0.6,0.6
2025-10-21T0300,2202A,116.1042,43.9317,锡林郭勒盟,市环保监测站,,25,25,22,9,8,1,,,,25,20,3,3,0.2,0.2
2025-10-21T0300,2203A,116.0781,43.9311,锡林郭勒盟,市政府,,22,22,14,7,7,14,,,,19,18,2,2,0.2,0.2
2025-10-21T0300,1287A,118.1514,24.4767,厦门市,洪文,,20,15,25,8,11,62,,,,6,12,2,3,0.3,0.4
2025-10-21T0300,1288A,118.0661,24.4444,厦门市,鼓浪屿,,21,11,19,7,9,66,,,,7,12,2,2,0.6,0.6
2025-10-21T0300,2842A,118.0936,24.5058,厦门市,湖里中学,,20,10,18,8,11,63,,,,8,15,1,2,0.3,0.4
2025-10-21T0300,3527A,118.0958,24.5688,厦门市,集美中学,,21,10,18,7,11,66,,,,6,10,1,6,0.3,0.4
2025-10-21T0300,3528A,118.1493,24.7245,厦门市,同安二实小,,21,6,9,3,7,65,,,,5,7,2,2,0.3,0.4
2025-10-21T0300,3655A,114.3375,29.8683,咸宁市,长江产业园,,25,21,19,17,14,40,,,,9,11,5,4,0.4,0.5
2025-10-21T0300,4217A,114.3182,29.8447,咸宁市,双鹤路18号,,24,24,27,12,14,44,,,,8,11,6,6,0.3,0.4
2025-10-21T0300,4298A,114.284,29.8595,咸宁市,碧桂路,,,17,22,11,11,39,,,,12,17,,3,0.5,0.6
2025-10-21T0300,1919A,108.673,34.3155,咸阳市,实验中学,,45,,23,31,20,29,,,,22,20,2,2,0.5,0.5
2025-10-21T0300,1920A,108.7233,34.3617,咸阳市,师范学院,,28,28,20,13,11,33,,,,16,16,4,4,0.4,0.6
2025-10-21T0300,3165A,108.6594,34.2969,咸阳市,两寺渡,,39,32,23,27,21,30,,,,16,15,4,4,0.6,0.6
2025-10-21T0300,3525A,108.6396,34.4078,咸阳市,奥体中心,,42,32,23,29,22,33,,,,12,10,4,4,0.4,0.5
2025-10-21T0300,1508A,112.9433,27.8614,湘潭市,板塘,,13,13,14,7,7,36,,,,11,13,1,1,0.6,0.6
2025-10-21T0300,1511A,112.9118,27.8403,湘潭市,市监测站,,,2,5,,,41,,,,8,12,,2,0.5,0.5
2025-10-21T0300,1512A,112.8937,27.8728,湘潭市,江麓,,12,8,8,8,7,36,,,,8,11,6,6,0.8,0.9
2025-10-21T0300,1513A,112.9227,27.8159,湘潭市,岳塘,,13,,6,3,4,39,,,,10,13,7,7,0.4,0.5
2025-10-21T0300,1514A,112.9074,27.9119,湘潭市,科大,,18,,10,12,6,48,,,,5,8,1,2,0.4,0.5
2025-10-21T0300,1562A,113.0048,27.9153,湘潭市,昭山,,12,7,10,7,6,37,,,,6,9,2,1,0.3,0.4
2025-10-21T0300,2493A,109.7325,28.3169,湘西土家族苗族自治州,州政府,,,,4,3,3,29,,,,8,9,,4,0.4,0.3
2025-10-21T0300,2494A,109.6958,28.2675,湘西土家族苗族自治州,吉首市计生局,,10,,4,3,3,31,,,,8,10,12,11,0.4,0.3
2025-10-21T0300,2432A,112.155,32.0197,襄阳市,襄城运动路,,,37,40,25,28,36,,,,18,16,9,8,,0.3
2025-10-21T0300,2434A,112.1825,32.1142,襄阳市,高新管委会,,43,41,43,30,34,31,,,,17,15,8,7,0.3,0.4
2025-10-21T0300,2435A,112.2106,32.0903,襄阳市,襄州航空路,,44,44,41,28,29,37,,,,21,20,8,8,0.5,0.6
2025-10-21T0300,3397A,112.1214,32.1008,襄阳市,高新台子湾,,,32,39,16,22,37,,,,14,14,6,6,,0.5
2025-10-21T0300,4251A,112.1433,32.0581,襄阳市,铁院东路4号,,50,,37,35,33,40,,,,20,19,9,8,0.4,0.4
2025-10-21T0300,2443A,113.9153,30.9285,孝感市,文化路,,21,21,24,11,17,50,,,,13,14,8,6,0.3,0.4
2025-10-21T0300,2444A,113.942,30.9075,孝感市,东城区,,16,14,22,9,15,49,,,,11,12,8,8,0.1,0.2
2025-10-21T0300,2181A,112.7383,38.4519,忻州市,开发区,,46,46,48,31,32,4,,,,32,31,27,12,0.6,0.7
2025-10-21T0300,2182A,112.7003,38.4928,忻州市,会展中心,颗粒物(PM10),53,56,45,31,29,3,,,,35,29,18,8,0.4,0.3
2025-10-21T0300,3208A,112.7283,38.4153,忻州市,市政府,,50,50,51,28,24,3,,,,36,30,16,11,0.7,0.6
2025-10-21T0300,2389A,113.836,35.311,新乡市,环保西院,颗粒物(PM10),52,53,44,27,15,16,,,,32,22,6,5,0.7,0.5
2025-10-21T0300,2390A,113.884,35.272,新乡市,开发区,,46,46,42,27,20,22,,,,20,20,5,5,0.5,0.5
2025-10-21T0300,2391A,113.883,35.303,新乡市,环保东院,,49,46,46,34,29,24,,,,27,22,6,5,0.8,0.7
2025-10-21T0300,3054A,113.9194,35.2847,新乡市,市委党校,,38,36,44,26,20,26,,,,26,21,5,4,0.6,0.4
2025-10-21T0300,3475A,113.9188,35.3045,新乡市,市政府,颗粒物(PM10),52,53,41,31,21,22,,,,29,22,6,4,0.5,0.3
2025-10-21T0300,3689A,113.9003,35.372,新乡市,行政服务中心,细颗粒物(PM2.5),53,42,37,37,30,15,,,,32,23,3,3,0.7,0.5
2025-10-21T0300,4215A,113.9166,35.3315,新乡市,建设东路46号,,46,46,39,26,22,17,,,,33,20,8,7,0.4,0.2
2025-10-21T0300,2353A,114.9886,27.8431,新余市,飞宇,,34,34,29,17,13,43,,,,8,8,18,16,0.3,0.4
2025-10-21T0300,2354A,114.9231,27.8246,新余市,第二水厂,,29,29,24,13,13,52,,,,9,10,10,10,0.1,0.2
2025-10-21T0300,2355A,114.9308,27.8036,新余市,市气象局,,26,26,21,11,12,51,,,,6,9,7,8,0.5,0.6
2025-10-21T0300,3206A,114.9149,27.807,新余市,新钢沁园村,,30,30,27,13,12,52,,,,14,16,7,8,0.6,0.3
2025-10-21T0300,2054A,114.1099,32.1059,信阳市,平桥分局,,45,,21,31,21,54,,,,15,16,6,5,0.4,0.4
2025-10-21T0300,2064A,113.9956,32.1271,信阳市,南湾水厂,,43,43,39,25,21,52,,,,12,13,4,4,0.4,0.4
2025-10-21T0300,2065A,114.0775,32.1195,信阳市,市酿酒公司,,42,,32,29,24,55,,,,16,17,6,4,0.3,0.3
2025-10-21T0300,2066A,114.0609,32.1399,信阳市,审计局,,,38,38,25,21,55,,,,14,15,,5,0.4,0.4
2025-10-21T0300,2201A,121.9504,46.0741,兴安盟,科右前旗环保局,,28,,16,19,15,60,,,,3,5,5,5,0.4,0.4
2025-10-21T0300,4280A,122.0921,46.0650,兴安盟,洮儿河南路,,23,17,28,16,22,58,,,,4,8,4,6,0.4,0.4
2025-10-21T0300,4311A,122.0383,46.0691,兴安盟,科尔沁北路63号,,19,,16,10,16,59,,,,1,5,6,6,0.5,0.3
2025-10-21T0300,1077A,114.4704,37.0886,邢台市,达活泉,,,33,35,9,9,26,,,,25,21,,2,0.3,0.3
2025-10-21T0300,1078A,114.5062,37.0349,邢台市,邢师高专,,30,30,30,10,12,3,,,,38,21,3,4,0.2,0.2
2025-10-21T0300,1079A,114.5237,37.0851,邢台市,路桥公司,,37,37,30,16,11,2,,,,42,33,3,4,0.1,0.1
2025-10-21T0300,1080A,114.4725,37.0719,邢台市,市环保局,,23,23,30,6,6,30,,,,22,21,3,2,0.3,0.3
2025-10-21T0300,3584A,115.8844,39.0341,雄安新区,容城县环境保护局,,45,45,39,22,14,1,,,,49,37,14,13,0.3,0.3
2025-10-21T0300,3585A,115.8665,39.0645,雄安新区,河北容城中学,,,58,32,31,14,,,,,56,36,7,6,0.4,0.4
2025-10-21T0300,3586A,115.923,38.9405,雄安新区,安新县民政局,颗粒物(PM10),56,61,39,33,20,11,,,,47,24,3,3,0.3,0.3
2025-10-21T0300,3587A,115.9324,38.9338,雄安新区,安新县电力局,,48,48,36,13,12,5,,,,39,26,1,2,0.4,0.3
2025-10-21T0300,3588A,116.0901,38.9816,雄安新区,雄县环境保护局,,39,39,31,16,11,2,,,,43,27,7,6,0.4,0.4
2025-10-21T0300,3589A,116.1105,39.0046,雄安新区,雄县国土资源局,颗粒物(PM10),58,65,36,20,13,5,,,,50,31,18,8,0.6,0.7
2025-10-21T0300,1177A,117.179,34.2761,徐州市,黄河新村,,48,48,48,29,25,39,,,,25,26,8,8,0.3,0.3
2025-10-21T0300,1180A,117.256,34.2153,徐州市,新城区,,,49,38,29,21,29,,,,19,14,,9,0.5,0.5
2025-10-21T0300,1182A,117.2933,34.2778,徐州市,农科院,,,51,41,26,22,32,,,,25,22,,10,0.3,0.2
2025-10-21T0300,3005A,117.1814,34.29,徐州市,鼓楼区政府,,39,39,35,27,23,39,,,,17,13,7,8,0.3,0.4
2025-10-21T0300,3006A,117.1694,34.1781,徐州市,铜山区招生办,,46,46,42,26,20,45,,,,21,23,7,7,0.3,0.3
2025-10-21T0300,3288A,117.4754,34.4422,徐州市,大泉街道,颗粒物(PM10),80,110,56,35,24,28,,,,35,26,4,4,0.8,0.8
2025-10-21T0300,4186A,117.1942,34.22935,徐州市,解放南路202号,,,49,45,21,22,35,,,,21,21,,9,0.2,0.2
2025-10-21T0300,4288A,117.2456,34.2908,徐州市,龙潭环路5号,颗粒物(PM10),51,51,41,19,21,32,,,,24,20,8,8,0.5,0.5
2025-10-21T0300,2398A,113.7906,33.9953,许昌市,开发区,,39,39,42,24,25,24,,,,23,21,5,4,0.3,0.4
2025-10-21T0300,3134A,113.8172,34.0339,许昌市,市一中,,,32,29,23,25,21,,,,27,23,,5,0.4,0.4
2025-10-21T0300,3337A,113.8614,34.0442,许昌市,许昌学院,,,46,46,21,26,23,,,,29,23,,6,0.3,0.4
2025-10-21T0300,3338A,113.843,34.0823,许昌市,芙蓉广场,,32,31,32,22,24,18,,,,31,25,6,6,0.3,0.4
2025-10-21T0300,4180A,113.8157,34.12670,许昌市,新元大道996号,,41,41,43,28,29,20,,,,23,19,6,6,0.4,0.4
2025-10-21T0300,4259A,113.8358,34.01552,许昌市,望田路111号,,39,39,32,19,22,27,,,,28,22,6,5,0.3,0.4
2025-10-21T0300,2316A,118.7581,30.9454,宣城市,鳌峰子站,,20,17,29,8,14,64,,,,4,5,7,7,0.1,0.2
2025-10-21T0300,2317A,118.7385,30.9743,宣城市,敬亭山子站,,22,22,29,8,15,63,,,,12,12,4,4,0.1,0.1
2025-10-21T0300,2318A,118.7173,30.9427,宣城市,开发区子站,,21,14,28,7,12,65,,,,5,5,5,6,0.3,0.3
2025-10-21T0300,3470A,118.7724,30.9141,宣城市,夏渡子站,,21,20,28,8,12,66,,,,10,12,5,5,0.2,0.2
2025-10-21T0300,2555A,103.0111,29.9833,雅安市,市政府,,12,6,5,3,3,36,,,,18,13,6,6,0.3,0.4
2025-10-21T0300,2556A,102.9905,29.9775,雅安市,川农大,,7,6,5,3,3,20,,,,11,10,5,5,0.4,0.6
2025-10-21T0300,4306A,103.0545,30.0133,雅安市,滨江西路,,11,7,9,3,4,33,,,,12,11,6,6,0.6,0.5
2025-10-21T0300,1642A,121.2514,37.5639,烟台市,开发区,,24,12,16,3,4,74,,,,5,5,8,7,0.0,0
2025-10-21T0300,1644A,121.3181,37.5436,烟台市,西郊化工站,,24,12,13,6,6,75,,,,3,4,7,6,0.2,0.2
2025-10-21T0300,1645A,121.4478,37.4822,烟台市,莱山环保局,,25,12,12,6,3,80,,,,4,4,5,4,0.1,0.1
2025-10-21T0300,1646A,121.2611,37.4967,烟台市,福山环保局,,25,12,16,7,6,77,,,,3,3,6,6,0.2,0.3
2025-10-21T0300,3057A,121.5992,37.4014,烟台市,牟平检察院,,25,14,10,8,6,80,,,,6,7,2,1,0.1,0.1
2025-10-21T0300,3366A,121.5206,37.4336,烟台市,中国农业大学,,26,19,14,7,4,83,,,,4,4,3,2,0.3,0.3
2025-10-21T0300,4213A,121.3642,37.5296,烟台市,青年南路118号,,24,17,14,7,8,76,,,,6,5,8,8,0.2,0.2
2025-10-21T0300,1927A,109.4761,36.6028,延安市,延大医附院,,32,,27,22,20,29,,,,8,18,7,6,0.6,0.5
2025-10-21T0300,1929A,109.5056,36.6106,延安市,百米大道,,33,,32,23,23,20,,,,17,22,2,2,0.7,0.7
2025-10-21T0300,3652A,109.4809,36.5786,延安市,西北局旧址,,32,23,29,22,16,23,,,,15,21,4,5,0.7,0.6
2025-10-21T0300,2237A,129.47,42.8883,延边朝鲜族自治州,妇幼医院,,12,11,22,8,14,33,,,,9,18,6,9,0.4,0.5
2025-10-21T0300,2238A,129.5055,42.9108,延边朝鲜族自治州,延边医院,,28,28,20,15,14,8,,,,29,20,4,4,0.6,0.5
2025-10-21T0300,2239A,129.3964,42.8881,延边朝鲜族自治州,朝阳川镇医院,,19,19,19,8,11,6,,,,23,13,1,2,0.3,0.4
2025-10-21T0300,1216A,120.156,33.3942,盐城市,市监测站,,19,11,25,6,8,60,,,,10,12,7,7,0.4,0.4
2025-10-21T0300,1218A,120.2144,33.38,盐城市,开发区管委会,,19,19,30,8,8,57,,,,11,12,9,6,0.4,0.4
2025-10-21T0300,3004A,120.1544,33.3663,盐城市,宝龙广场,,19,19,24,9,9,57,,,,7,9,7,7,0,0.4
2025-10-21T0300,3293A,120.1501,33.3367,盐城市,月亮广场,,,19,24,7,8,,,,,8,9,7,8,0.3,0.3
2025-10-21T0300,3436A,120.4279,33.205,盐城市,大丰高级中学,,17,14,23,3,5,53,,,,15,15,6,5,0.8,0.7
2025-10-21T0300,4207A,120.1221,33.3940,盐城市,黄海中路88号,,19,19,25,9,12,60,,,,9,10,5,5,0.4,0.4
2025-10-21T0300,1186A,119.389,32.3761,扬州市,邗江监测站,,20,19,26,14,10,48,,,,21,14,5,5,0.1,0.2
2025-10-21T0300,2869A,119.447,32.4155,扬州市,五台山医院,,,32,23,18,11,51,,,,8,5,,3,0.4,0.4
2025-10-21T0300,3164A,119.4686,32.3942,扬州市,广陵建设局,,17,17,16,11,7,52,,,,12,11,6,6,0.2,0.2
2025-10-21T0300,3195A,119.3633,32.3972,扬州市,市体育局,,,27,26,18,11,41,,,,14,11,,3,0.5,0.4
2025-10-21T0300,3294A,119.5653,32.4222,扬州市,引江管理处,,26,24,25,18,12,46,,,,16,13,6,6,0.5,0.4
2025-10-21T0300,1701A,111.9491,21.8658,阳江市,马南垌,,18,18,24,7,8,39,,,,11,11,5,5,0.5,0.6
2025-10-21T0300,3317A,111.9765,21.8947,阳江市,两阳中学,,12,11,20,7,11,38,,,,10,7,5,5,0.4,0.4
2025-10-21T0300,3453A,112.0125,21.8749,阳江市,阳东陶然,,,11,21,8,9,46,,,,9,10,,6,0.6,0.6
2025-10-21T0300,1738A,113.5758,37.8572,阳泉市,市中心,颗粒物(PM10),60,70,52,33,28,2,,,,44,30,16,8,0.8,0.6
2025-10-21T0300,1739A,113.4894,37.8731,阳泉市,赛鱼,颗粒物(PM10),69,88,58,32,29,3,,,,45,33,10,7,0.6,0.4
2025-10-21T0300,1740A,113.5819,37.8486,阳泉市,南庄,颗粒物(PM10),59,67,52,29,29,4,,,,44,31,18,9,0.9,0.5
2025-10-21T0300,1742A,113.5614,37.8703,阳泉市,平坦,颗粒物(PM10),64,77,48,25,18,1,,,,48,32,17,6,0.8,0.7
2025-10-21T0300,1743A,113.5158,37.8392,阳泉市,大阳泉,,40,40,27,20,17,2,,,,41,28,7,7,0.5,0.3
2025-10-21T0300,3619A,113.617,37.8571,阳泉市,龙柱,,,72,45,28,18,2,,,,,31,37,14,0.8,0.6
2025-10-21T0300,2252A,128.5159,47.4311,伊春市,环保局,,20,20,21,11,8,52,,,,7,8,6,6,0.4,0.4
2025-10-21T0300,2253A,128.9102,47.7412,伊春市,电力嘉园,,32,,18,22,14,51,,,,6,6,5,3,0.4,0.5
2025-10-21T0300,3342A,128.4741,47.4346,伊春市,中心小学,,29,,13,20,17,49,,,,5,6,3,3,0.4,0.4
2025-10-21T0300,3343A,128.6871,47.7369,伊春市,检察院,,35,24,24,24,21,53,,,,4,4,5,5,0.3,0.3
2025-10-21T0300,3344A,128.8431,47.8474,伊春市,双子河社区,,16,14,11,11,10,51,,,,6,6,3,3,0.4,0.4
2025-10-21T0300,3480A,129.1368,47.6417,伊春市,美溪镇,,22,,16,15,12,59,,,,4,5,4,4,0.6,0.6
2025-10-21T0300,2704A,81.2996,43.9174,伊犁哈萨克自治州,新政府片区,细颗粒物(PM2.5),74,91,87,54,46,8,,,,59,43,4,6,1.6,1.2
2025-10-21T0300,2705A,81.3364,43.941,伊犁哈萨克自治州,第二水厂,颗粒物(PM10),76,101,94,46,41,2,,,,56,42,5,7,1.2,1
2025-10-21T0300,4273A,81.2737,43.9337,伊犁哈萨克自治州,安徽路800号,颗粒物(PM10),77,104,103,46,45,7,,,,63,47,6,8,1.6,1.2
2025-10-21T0300,1883A,104.6201,28.7728,宜宾市,市委,,,6,8,3,5,29,,,,7,12,,7,0.5,0.6
2025-10-21T0300,1884A,104.6055,28.793,宜宾市,宜宾四中,,8,6,10,3,5,23,,,,11,15,6,5,0.6,0.7
2025-10-21T0300,1885A,104.639,28.7562,宜宾市,市政府,,9,6,9,3,6,28,,,,6,10,6,6,0.9,1
2025-10-21T0300,1886A,104.5742,28.7199,宜宾市,黄金嘴,,,6,5,3,3,31,,,,10,11,,6,0.5,0.6
2025-10-21T0300,3728A,104.68,28.8071,宜宾市,白酒学院,,10,6,6,3,5,30,,,,9,10,5,5,0.8,0.9
2025-10-21T0300,1840A,111.2992,30.6981,宜昌市,白龙岗,,,,9,7,9,45,,,,,14,4,5,0.3,0.4
2025-10-21T0300,1842A,111.2628,30.6961,宜昌市,点军区,,,6,10,3,6,40,,,,11,15,,5,0.4,0.4
2025-10-21T0300,1843A,111.3275,30.7819,宜昌市,夷陵区,,,,5,3,7,44,,,,8,13,,6,0.3,0.5
2025-10-21T0300,3546A,111.4606,30.552,宜昌市,猇亭区张家湾站,,13,,9,7,8,40,,,,13,16,7,7,0.5,0.6
2025-10-21T0300,4203A,111.3168,30.7203,宜昌市,西陵二路116号,,,,10,0,7,57,,,,14,22,,6,0.3,0.4
2025-10-21T0300,4204A,111.3526,30.6374,宜昌市,沈家店路6号,,,6,13,3,4,52,,,,9,17,,7,0.1,0.2
2025-10-21T0300,2373A,114.3956,27.7844,宜春市,市石油公司,,24,24,20,11,8,59,,,,2,4,5,5,0.1,0.2
2025-10-21T0300,2374A,114.3703,27.7914,宜春市,市气象局,,19,17,17,12,9,59,,,,6,7,4,4,0.4,0.4
2025-10-21T0300,2375A,114.4013,27.8074,宜春市,市广电局,,21,21,17,10,7,65,,,,6,8,12,11,0.3,0.4
2025-10-21T0300,3151A,114.375,27.8097,宜春市,宜春学院北校区,,24,24,19,9,7,52,,,,3,6,8,8,0.1,0.2
2025-10-21T0300,3415A,114.4519,28.0828,宜春市,万载县环保局,,14,14,13,9,8,36,,,,16,16,9,8,0.4,0.4
2025-10-21T0300,2468A,112.3458,28.5808,益阳市,市环保局,,16,13,15,10,9,51,,,,11,13,5,4,0.5,0.6
2025-10-21T0300,4181A,112.3571,28.55878,益阳市,龙洲,,27,27,17,3,9,51,,,,14,16,4,4,0.4,0.5
2025-10-21T0300,4187A,112.3425,28.6110,益阳市,幸福渠东路223号,,16,11,13,3,6,50,,,,12,14,4,4,0.5,0.6
2025-10-21T0300,4188A,112.3712,28.5764,益阳市,益鑫泰路85号,,16,9,15,3,6,49,,,,12,14,3,4,0.3,0.4
2025-10-21T0300,1489A,106.1358,38.5036,银川市,学院路,颗粒物(PM10),67,84,73,47,35,2,,,,53,44,22,28,1.3,1.4
2025-10-21T0300,2924A,106.2266,38.4418,银川市,水乡路,颗粒物(PM10),60,69,46,40,25,10,,,,51,37,18,15,1.0,0.7
2025-10-21T0300,2925A,106.2757,38.4842,银川市,上海东路,细颗粒物(PM2.5),64,68,46,46,29,7,,,,49,33,9,10,0.8,0.5
2025-10-21T0300,2926A,106.1015,38.497,银川市,文昌北街,颗粒物(PM10),69,87,75,37,33,4,,,,54,42,22,25,1.1,1.4
2025-10-21T0300,3523A,106.5105,38.3856,银川市,滨河新区,颗粒物(PM10),55,60,39,25,19,3,,,,31,21,1,2,0.5,0.4
2025-10-21T0300,4242A,106.2264,38.4920,银川市,广场西路,细颗粒物(PM2.5),83,87,53,61,29,4,,,,51,33,16,14,1.0,0.7
2025-10-21T0300,2358A,117.0564,28.2642,鹰潭市,新监测站,,19,19,18,13,11,56,,,,10,10,4,5,0.2,0.5
2025-10-21T0300,2359A,117.0311,28.2475,鹰潭市,财苑宾馆,,25,20,20,17,10,64,,,,5,5,6,8,0.4,0.4
2025-10-21T0300,2360A,117.0222,28.2264,鹰潭市,体育馆,,38,,22,26,13,61,,,,2,6,6,8,0.6,0.6
2025-10-21T0300,2361A,117.0017,28.2131,鹰潭市,三川水表,,20,20,28,12,12,54,,,,11,15,7,8,0.3,0.4
2025-10-21T0300,1597A,122.2703,40.7094,营口市,大庆路,,45,45,30,31,15,2,,,,50,24,10,11,1.3,0.8
2025-10-21T0300,1598A,122.2150,40.6511,营口市,镜湖西路,,32,32,26,19,11,18,,,,41,23,6,5,0.6,0.7
2025-10-21T0300,1599A,122.1658,40.6789,营口市,西炮台,,36,36,20,18,10,2,,,,53,25,6,6,0.3,0.2
2025-10-21T0300,3379A,122.1139,40.2278,营口市,鲅鱼圈市民活动中心,颗粒物(PM10),56,62,36,25,19,14,,,,40,30,11,13,0.6,0.6
2025-10-21T0300,3866A,122.2469,40.66302,营口市,三高中,,36,29,22,25,13,2,,,,64,25,14,9,0.6,0.4
2025-10-21T0300,4006A,122.3622,40.6762,营口市,老边实验小学,细颗粒物(PM2.5),55,53,36,39,24,10,,,,50,28,8,10,1.0,0.8
2025-10-21T0300,2478A,111.6156,26.4214,永州市,市环境监测站,,,8,9,3,6,31,,,,7,7,,3,0.6,0.5
2025-10-21T0300,2480A,111.5992,26.4364,永州市,永州市环保局,,11,8,9,3,6,33,,,,6,6,2,1,0.5,0.4
2025-10-21T0300,2481A,111.5989,26.4519,永州市,冷水滩区环保局,,12,8,10,3,5,36,,,,11,11,5,3,0.4,0.4
2025-10-21T0300,4299A,111.6195,26.2253,永州市,徐家井路86号,,11,7,9,3,4,34,,,,7,7,1,2,0.4,0.4
2025-10-21T0300,2639A,109.7456,38.2911,榆林市,世纪广场,,,,51,35,33,7,,,,24,42,,8,0.8,0.9
2025-10-21T0300,2640A,109.7289,38.2839,榆林市,实验中学,,48,,54,33,30,7,,,,25,38,8,9,0.9,0.9
2025-10-21T0300,2641A,109.7336,38.2478,榆林市,环保监测大楼,,,,48,49,33,6,,,,25,40,,18,0.7,0.7
2025-10-21T0300,2511A,110.1433,22.6164,玉林市,南江一中,,18,18,15,6,9,46,,,,2,2,1,2,0.5,0.6
2025-10-21T0300,3532A,110.1945,22.6831,玉林市,玉林师范学院东校区,,16,7,12,3,5,49,,,,6,8,4,5,0.4,0.4
2025-10-21T0300,3533A,110.0527,22.5893,玉林市,福绵环保局,,14,12,18,3,7,44,,,,7,8,5,5,0.3,0.4
2025-10-21T0300,4255A,110.1680,22.6410,玉林市,人民东路196号,,14,14,13,3,6,43,,,,5,7,3,4,0.7,0.7
2025-10-21T0300,2675A,97,33.0014,玉树藏族自治州,玉树县结古镇,,17,17,14,6,7,45,,,,20,24,3,4,0.5,0.5
2025-10-21T0300,1715A,102.575,24.3711,玉溪市,东风水库,,16,,22,11,14,46,,,,7,9,6,4,0.4,0.4
2025-10-21T0300,2882A,102.5389,24.3703,玉溪市,玉溪一中,,18,12,25,10,15,55,,,,5,12,4,5,0.4,0.4
2025-10-21T0300,2883A,102.5381,24.3389,玉溪市,文体中心,,15,,31,7,16,47,,,,4,13,3,4,0.5,0.6
2025-10-21T0300,1848A,113.1493,29.4251,岳阳市,城陵矶,,,21,15,10,8,49,,,,16,20,,8,0.5,0.6
2025-10-21T0300,1849A,113.1497,29.3575,岳阳市,开发区,,,21,17,12,10,58,,,,11,14,,6,0.6,0.6
2025-10-21T0300,1850A,113.2621,29.4758,岳阳市,云溪区,,,,13,16,13,46,,,,12,13,,6,0.5,0.6
2025-10-21T0300,1851A,112.9943,29.4402,岳阳市,君山区,,18,,11,12,13,50,,,,7,8,6,6,0.8,0.9
2025-10-21T0300,4265A,113.1088,29.3531,岳阳市,求索西路365号,,,,14,18,11,45,,,,8,12,,7,0.7,0.8
2025-10-21T0300,1714A,112.0539,22.9539,云浮市,牧羊,,11,,16,3,6,35,,,,15,12,6,5,0.4,0.5
2025-10-21T0300,3628A,112.0336,22.9374,云浮市,文笔,,16,14,21,11,11,37,,,,13,12,7,7,0.4,0.5
2025-10-21T0300,2175A,110.9956,35.0147,运城市,运城中学,,19,19,22,8,16,58,,,,11,13,5,4,0.3,0.4
2025-10-21T0300,2178A,110.9686,35.0303,运城市,地区技校,,19,16,22,8,16,59,,,,8,10,4,4,0.1,0.2
2025-10-21T0300,2179A,111.0414,35.1147,运城市,空港新区,,17,,14,8,20,54,,,,7,8,7,7,0.3,0.5
2025-10-21T0300,3667A,111.0283,35.0547,运城市,水利职院,,19,14,21,11,19,59,,,,11,12,5,5,0.2,0.3
2025-10-21T0300,3670A,111.0522,35.0439,运城市,禹都公园,,22,22,22,9,15,59,,,,11,12,5,4,0.2,0.3
2025-10-21T0300,1637A,117.558,34.8438,枣庄市,市中区政府,,44,44,41,17,15,33,,,,22,24,6,7,0.3,0.3
2025-10-21T0300,1638A,117.2852,34.7837,枣庄市,薛城环保局,,49,49,46,27,23,20,,,,32,23,7,9,0.2,0.3
2025-10-21T0300,1639A,117.5852,34.7745,枣庄市,峄城区政府,,39,39,43,18,16,41,,,,18,16,7,8,0.4,0.4
2025-10-21T0300,1640A,117.7276,34.5578,枣庄市,台儿庄区环保局,,24,24,37,9,18,49,,,,10,13,6,7,0.3,0.4
2025-10-21T0300,1641A,117.4518,35.0992,枣庄市,山亭区环保局,,46,46,31,32,19,36,,,,15,12,8,8,0.7,0.6
2025-10-21T0300,3364A,117.3152,34.8103,枣庄市,市环保局,颗粒物(PM10),55,59,38,31,20,21,,,,26,13,4,6,0.7,0.7
2025-10-21T0300,1680A,110.3539,21.2706,湛江市,湛江影剧院,细颗粒物(PM2.5),52,,24,36,16,39,,,,15,11,22,11,0.5,0.7
2025-10-21T0300,1681A,110.3928,21.2228,湛江市,市环境监测站,,14,8,20,3,6,44,,,,6,8,8,9,0.5,0.6
2025-10-21T0300,1682A,110.4019,21.1997,湛江市,环保局宿舍,,14,14,22,8,13,41,,,,14,16,6,6,0.8,0.8
2025-10-21T0300,1683A,110.4111,21.2028,湛江市,霞山游泳场,,16,16,22,3,11,42,,,,9,8,12,8,0.6,0.6
2025-10-21T0300,1684A,110.3316,21.2679,湛江市,麻章区环保局,,21,21,28,3,7,45,,,,11,13,2,7,0.7,0.8
2025-10-21T0300,1685A,110.4558,21.2567,湛江市,坡头区环保局,,16,16,26,8,13,48,,,,16,16,7,8,0.5,0.6
2025-10-21T0300,1858A,110.5319,29.1217,张家界市,永定新区,,,6,9,3,7,44,,,,3,5,,6,0.1,0.2
2025-10-21T0300,1859A,110.4697,29.1242,张家界市,电业局,,,6,6,3,8,41,,,,2,4,,7,0.2,0.2
2025-10-21T0300,1860A,110.5594,29.3547,张家界市,未央路,,13,8,7,8,8,40,,,,2,3,9,9,0.2,0.2
2025-10-21T0300,1057A,114.8883,40.8336,张家口市,人民公园,,13,12,14,8,8,40,,,,11,11,5,4,0.3,0.3
2025-10-21T0300,1059A,114.8687,40.8042,张家口市,五金库,,,15,17,6,10,49,,,,6,10,,6,0.4,0.4
2025-10-21T0300,1060A,114.8902,40.762,张家口市,世纪豪园,,,13,19,12,9,57,,,,5,8,,6,0.3,0.3
2025-10-21T0300,3131A,114.879,40.7993,张家口市,烟厂,,14,14,19,3,10,43,,,,8,10,2,3,0.3,0.4
2025-10-21T0300,3323A,115.2773,40.9724,张家口市,青少年活动中心,,15,,11,6,9,45,,,,6,8,6,6,0.3,0.4
2025-10-21T0300,2654A,100.4698,38.9524,张掖市,润泉湖,颗粒物(PM10),94,138,102,64,38,4,,,,42,27,4,6,0.9,0.7
2025-10-21T0300,2655A,100.4154,38.9422,张掖市,区工会,细颗粒物(PM2.5),112,144,91,84,34,13,,,,41,19,5,7,0.8,0.5
2025-10-21T0300,2920A,117.7116,24.506,漳州市,蓝田镇,,21,21,24,12,15,39,,,,8,13,8,5,0.6,0.5
2025-10-21T0300,3216A,114.6622,24.5183,漳州市,漳州党校,,19,19,23,12,13,39,,,,10,12,6,3,0.5,0.6
2025-10-21T0300,3530A,117.6296,24.5314,漳州市,西洋坪路,,18,18,18,11,10,26,,,,12,13,2,2,0.6,0.5
2025-10-21T0300,2596A,103.7667,27.3736,昭通市,监测站,,15,15,18,3,4,32,,,,5,10,4,3,0.6,0.7
2025-10-21T0300,4261A,103.7247,27.3415,昭通市,环东路146号,,,,5,,15,32,,,,4,9,2,4,0.6,0.7
2025-10-21T0300,1397A,112.4267,23.0706,肇庆市,睦岗子站,,11,9,12,3,6,35,,,,14,13,4,5,0.4,0.4
2025-10-21T0300,1398A,112.4645,23.0475,肇庆市,城中子站,,15,6,10,3,4,46,,,,9,10,9,10,0.4,0.5
2025-10-21T0300,1399A,112.5544,23.1522,肇庆市,坑口子站,,12,6,9,3,5,38,,,,12,12,5,5,0.5,0.6
2025-10-21T0300,3313A,112.4575,23.0166,肇庆市,高要湖西,,,,10,3,6,41,,,,7,8,,4,0.5,0.6
2025-10-21T0300,3451A,112.5617,23.2083,肇庆市,鼎湖凤凰,,13,8,10,3,6,40,,,,12,9,6,8,0.6,0.7
2025-10-21T0300,1203A,119.6707,32.1875,镇江市,新区办事处,,28,28,27,12,10,42,,,,26,19,4,5,0.4,0.4
2025-10-21T0300,1204A,119.4974,32.1968,镇江市,职教中心,,25,25,23,13,10,56,,,,13,13,5,4,0.4,0.3
2025-10-21T0300,1205A,119.4303,32.1328,镇江市,丹徒区监测站,,30,30,24,13,10,51,,,,11,8,7,6,0.4,0.3
2025-10-21T0300,2870A,119.4424,32.1873,镇江市,市疾控中心,,28,28,23,10,12,59,,,,12,10,5,3,0.4,0.4
2025-10-21T0300,3287A,119.3842,32.1976,镇江市,富润路1号,,39,39,26,22,13,34,,,,18,15,3,4,0.5,0.4
2025-10-21T0300,1316A,113.69031,34.76122,郑州市,烟厂,,32,30,33,22,20,40,,,,21,24,9,9,0.6,0.7
2025-10-21T0300,1318A,113.67526,34.80246,郑州市,银行学校,,,32,35,23,21,31,,,,21,26,,7,0.5,0.5
2025-10-21T0300,1319A,113.56746,34.81334,郑州市,供水公司,,30,27,35,21,18,36,,,,17,21,5,5,0.2,0.2
2025-10-21T0300,1320A,113.7329,34.7178,郑州市,经开区管委,,,,29,25,25,36,,,,23,26,,5,0.4,0.4
2025-10-21T0300,1321A,113.73961,34.77172,郑州市,四十七中,,32,32,34,19,19,35,,,,26,27,9,9,0.6,0.6
2025-10-21T0300,1323A,113.64164,34.7525,郑州市,河医大,,30,30,35,18,18,37,,,,18,28,10,8,0.4,0.5
2025-10-21T0300,3471A,113.616563,34.86783,郑州市,惠济区政府,,,41,32,22,18,22,,,,27,27,,7,0.5,0.5
2025-10-21T0300,3590A,113.8374,34.5589,郑州市,北区建设指挥部,,37,37,35,18,20,23,,,,40,31,11,12,0.6,0.6
2025-10-21T0300,3591A,113.30952,34.803229,郑州市,上街区政府,,40,40,35,15,20,34,,,,21,22,7,7,0.5,0.4
2025-10-21T0300,4293A,113.6051,34.7552,郑州市,计划路2号,,35,33,34,24,21,33,,,,25,29,8,8,0.4,0.4
2025-10-21T0300,4294A,113.6526,34.7736,郑州市,同乐路9号,,29,24,34,20,19,33,,,,27,29,15,12,0.4,0.4
2025-10-21T0300,1379A,113.3769,22.5211,中山市,华柏园,,13,,22,9,11,33,,,,17,19,8,9,0.4,0.5
2025-10-21T0300,1380A,113.3881,22.5497,中山市,张溪,,13,13,24,3,10,35,,,,17,20,6,7,0.5,0.5
2025-10-21T0300,1381A,113.4075,22.5111,中山市,紫马岭,,10,9,23,3,9,30,,,,18,18,6,7,0.5,0.6
2025-10-21T0300,1382A,113.4411,22.4853,中山市,长江旅游区,,13,13,21,3,9,35,,,,15,16,6,6,0.6,0.6
2025-10-21T0300,3454A,113.3528,22.478,中山市,中山南区,,11,9,20,3,7,33,,,,18,18,10,10,0.5,0.5
2025-10-21T0300,2682A,105.1971,37.5002,中卫市,环保局站,细颗粒物(PM2.5),72,85,60,52,32,6,,,,41,28,17,14,0.8,0.5
2025-10-21T0300,3650A,105.1698,37.5162,中卫市,沙坡头区政府站,颗粒物(PM10),75,100,64,51,29,7,,,,44,27,16,15,0.8,0.5
2025-10-21T0300,1416A,106.4213,29.8253,重庆市,天生,,22,18,16,15,14,36,,,,8,13,7,7,0.4,0.6
2025-10-21T0300,1417A,106.6263,29.7228,重庆市,两路,,19,14,18,13,13,25,,,,15,26,6,6,0.6,0.7
2025-10-21T0300,1418A,106.2953,29.5983,重庆市,虎溪,,,11,9,3,0,32,,,,,14,3,3,0.6,0.7
2025-10-21T0300,1419A,106.5777,29.5102,重庆市,南坪,,17,17,25,11,12,39,,,,8,15,2,3,0.4,0.4
2025-10-21T0300,1420A,106.6556,29.6277,重庆市,唐家沱,,16,16,13,11,13,31,,,,10,14,7,7,0.4,0.5
2025-10-21T0300,1421A,106.6349,29.4906,重庆市,茶园,,25,25,22,17,9,35,,,,9,17,7,7,0.5,0.6
2025-10-21T0300,1422A,106.3754,29.4572,重庆市,白市驿,,22,,3,15,13,35,,,,10,13,7,7,0.8,0.6
2025-10-21T0300,1425A,106.6205,29.7166,重庆市,空港,,19,14,18,13,14,26,,,,16,19,7,7,0.6,0.7
2025-10-21T0300,1427A,106.5616,29.6453,重庆市,礼嘉,,25,25,21,12,13,30,,,,16,21,5,5,0.4,0.5
2025-10-21T0300,1428A,106.4522,29.7091,重庆市,蔡家,,18,,14,12,11,34,,,,10,15,8,8,0.6,0.8
2025-10-21T0300,1429A,106.5093,29.3917,重庆市,鱼新街,,12,12,15,6,5,34,,,,5,11,5,4,0.5,0.6
2025-10-21T0300,3014A,106.4958,29.5346,重庆市,歇台子,,11,11,16,3,5,33,,,,7,15,6,6,0.6,0.7
2025-10-21T0300,3015A,106.4037,29.5728,重庆市,龙井湾,,,2,4,,0,38,,,,,13,7,7,0.7,0.8
2025-10-21T0300,3016A,106.5507,29.4153,重庆市,龙洲湾,,19,,13,13,11,27,,,,11,10,6,6,0.6,0.6
2025-10-21T0300,3133A,106.5468,29.5654,重庆市,上清寺,,13,10,10,9,7,31,,,,16,22,7,7,0.3,0.4
2025-10-21T0300,3346A,108.3872,31.1628,重庆市,安康,,,10,17,3,3,36,,,,4,8,,6,0.6,0.7
2025-10-21T0300,3347A,105.9017,29.3569,重庆市,北山路,,15,15,13,3,5,29,,,,6,9,7,7,0.4,0.5
2025-10-21T0300,3350A,106.6479,29.0244,重庆市,滩子口,,13,11,17,8,16,40,,,,6,10,7,7,0.4,0.4
2025-10-21T0300,3351A,105.7167,29.7076,重庆市,棠香,,12,6,5,3,3,38,,,,5,7,6,7,0.7,0.7
2025-10-21T0300,3352A,107.0732,29.8617,重庆市,桃源西路,,10,9,13,3,2,31,,,,2,5,9,7,0.4,0.4
2025-10-21T0300,3353A,107.3535,29.7287,重庆市,迎宾大道,,11,10,10,3,2,34,,,,11,17,6,6,0.3,0.3
2025-10-21T0300,3354A,108.815,29.5081,重庆市,舟白,,22,22,18,3,4,50,,,,1,4,8,8,0.3,0.3
2025-10-21T0300,3355A,108.3679,30.8426,重庆市,周家坝,,20,,9,14,18,53,,,,6,9,8,6,0.3,0.3
2025-10-21T0300,3356A,108.4319,30.7555,重庆市,百安坝,,18,18,19,3,3,48,,,,4,6,3,2,0.3,0.4
2025-10-21T0300,3482A,107.7541,29.3277,重庆市,芙蓉中路,,13,12,18,9,17,37,,,,7,10,3,3,0.5,0.5
2025-10-21T0300,3483A,108.7661,29.5368,重庆市,西山,,21,21,11,7,5,45,,,,1,2,3,2,0.3,0.4
2025-10-21T0300,3484A,106.2628,29.32,重庆市,行政中心,,21,21,25,3,2,28,,,,9,13,5,5,0.7,0.7
2025-10-21T0300,3599A,106.2649,29.9851,重庆市,书院路,,9,8,11,3,5,26,,,,10,13,7,6,0.4,0.4
2025-10-21T0300,3600A,106.2339,29.5559,重庆市,虎峰,,,11,15,3,4,39,,,,,14,7,7,0.4,0.5
2025-10-21T0300,3601A,106.0499,29.8342,重庆市,龙门街,,,16,14,6,5,27,,,,15,16,,8,0.6,0.7
2025-10-21T0300,3610A,105.5933,29.4105,重庆市,昌元,,14,14,16,3,8,41,,,,9,16,10,8,0.3,0.4
2025-10-21T0300,4223A,106.4686,29.4893,重庆市,双山路147号,,32,32,28,11,12,36,,,,8,15,7,6,0.2,0.2
2025-10-21T0300,4246A,105.8340,30.1886,重庆市,桃园路24号,,12,12,11,7,3,38,,,,12,10,14,12,0.6,0.6
2025-10-21T0300,4247A,107.0910,29.1540,重庆市,钟楼街32号,,12,12,18,3,3,34,,,,6,13,6,6,0.6,0.7
2025-10-21T0300,4248A,107.8043,30.6735,重庆市,人民南路309号,,25,25,26,12,17,46,,,,6,7,5,5,0.4,0.4
2025-10-21T0300,1258A,122.122,30.0203,舟山市,定海檀枫,,,26,30,6,8,78,,,,5,6,,3,0.4,0.5
2025-10-21T0300,1260A,122.19,29.9944,舟山市,临城新区,,25,21,23,3,7,80,,,,6,7,3,3,0.5,0.5
2025-10-21T0300,4033A,122.3123,29.9619,舟山市,普陀东港中学,,26,18,26,6,7,82,,,,6,7,2,2,0.5,0.6
2025-10-21T0300,2068A,114.6758,33.6347,周口市,周口师范,,40,,26,28,33,35,,,,16,15,3,3,0.6,0.7
2025-10-21T0300,4269A,114.6701,33.6167,周口市,七一路,,38,28,28,26,27,42,,,,20,20,8,5,0.4,0.5
2025-10-21T0300,4296A,114.6421,33.6417,周口市,健康路46号,,26,26,37,15,21,36,,,,14,14,6,5,0.5,0.6
2025-10-21T0300,4297A,114.649,33.596,周口市,太昊路,,,27,31,24,26,38,,,,16,16,,4,0.3,0.3
2025-10-21T0300,1515A,113.135,27.8244,株洲市,天台山庄,,,11,11,8,7,32,,,,18,20,,10,0.7,0.7
2025-10-21T0300,1518A,113.095,27.8867,株洲市,株冶医院,,12,10,9,6,6,36,,,,17,19,6,6,0.7,0.7
2025-10-21T0300,1519A,113.167,27.8667,株洲市,市四中,,12,10,10,8,7,36,,,,11,15,6,6,0.8,0.9
2025-10-21T0300,1520A,113.143,27.8381,株洲市,火车站,,12,11,12,8,8,34,,,,12,15,5,5,0.4,0.6
2025-10-21T0300,1524A,113.13,27.8528,株洲市,市监测站,,20,,12,14,8,35,,,,11,15,7,6,0.6,0.7
2025-10-21T0300,2031A,113.1817,27.9958,株洲市,云田中学,,,10,10,7,5,35,,,,16,19,,7,0.6,0.6
2025-10-21T0300,1367A,113.5814,22.2618,珠海市,吉大,,16,16,20,3,4,36,,,,14,15,6,6,0.4,0.5
2025-10-21T0300,1368A,113.4881,22.2335,珠海市,前山,,,16,25,9,11,31,,,,16,19,,8,0.4,0.5
2025-10-21T0300,1369A,113.628,22.4251,珠海市,唐家,,14,14,17,3,3,36,,,,15,16,5,6,0.5,0.6
2025-10-21T0300,1370A,113.299,22.2281,珠海市,斗门,,18,18,23,3,8,31,,,,14,16,5,5,0.3,0.4
2025-10-21T0300,3308A,113.3494,22.0569,珠海市,金湾,,29,25,39,20,14,33,,,,13,16,9,8,0.4,0.4
2025-10-21T0300,3448A,113.5433,22.1163,珠海市,横琴,,,16,23,8,12,35,,,,11,14,,7,0.5,0.5
2025-10-21T0300,2420A,114.0189,32.9656,驻马店市,市一纸厂,,46,36,40,32,30,38,,,,18,17,9,5,0.3,0.5
2025-10-21T0300,2421A,114.0114,33.015,驻马店市,市彩印厂,,45,45,47,30,32,38,,,,15,14,10,9,0.3,0.4
2025-10-21T0300,3339A,114.0012,33.0412,驻马店市,小管楼,,49,41,46,34,34,32,,,,17,14,2,2,0.3,0.3
2025-10-21T0300,4202A,113.9856,32.9802,驻马店市,交通路1233号,细颗粒物(PM2.5),54,44,46,38,37,37,,,,13,12,11,8,0.2,0.4
2025-10-21T0300,2562A,104.6356,30.1506,资阳市,资阳中学,,13,10,12,3,5,40,,,,7,7,7,6,0.5,0.5
2025-10-21T0300,2563A,104.6295,30.1383,资阳市,四三一厂,,14,12,14,3,6,43,,,,6,11,3,4,0.5,0.5
2025-10-21T0300,2564A,104.6463,30.1146,资阳市,师范校,,,10,12,3,6,39,,,,7,9,,4,0.3,0.4
2025-10-21T0300,2565A,104.6296,30.1256,资阳市,区法院,,13,10,13,3,4,40,,,,6,8,3,3,0.4,0.4
2025-10-21T0300,1631A,118.0414,36.8103,淄博市,人民公园,,31,31,30,17,16,37,,,,22,26,17,11,0.5,0.3
2025-10-21T0300,1633A,117.8525,36.4847,淄博市,双山,,40,40,39,15,19,17,,,,49,31,8,11,0.4,0.4
2025-10-21T0300,1634A,117.9592,36.6331,淄博市,气象站,,35,29,34,24,18,12,,,,30,26,12,13,0.3,0.4
2025-10-21T0300,3363A,117.9883,36.8372,淄博市,新区,,33,27,29,23,17,14,,,,38,26,5,6,0.2,0
2025-10-21T0300,3644A,117.8661,36.805,淄博市,三金集团,颗粒物(PM10),51,51,41,14,13,3,,,,43,29,7,12,0.4,0.4
2025-10-21T0300,3645A,118.0253,36.8406,淄博市,东风化工厂,,,45,43,12,12,9,,,,38,27,,4,0.6,0.5
2025-10-21T0300,4212A,118.3039,36.8271,淄博市,广场路1号,,,,19,19,15,,,,,38,29,7,8,0.4,0.3
2025-10-21T0300,3028A,104.776,29.3627,自贡市,檀木林体育馆,,,6,5,3,2,28,,,,,11,7,7,0.5,0.5
2025-10-21T0300,3360A,104.7894,29.3194,自贡市,南湖救助站,,,19,19,3,4,35,,,,,12,6,5,0.5,0.5
2025-10-21T0300,3638A,104.7636,29.3338,自贡市,轻化工大学,,12,,0,8,12,28,,,,9,9,4,5,0.4,0.4
2025-10-21T0300,4225A,104.7143,29.3386,自贡市,贡兴路74号,,10,6,5,3,3,31,,,,6,8,3,3,0.3,0.4
2025-10-21T0300,1911A,106.9222,27.6869,遵义市,丁字口,,13,,12,9,10,36,,,,5,7,3,2,0.3,0.3
2025-10-21T0300,1912A,106.9242,27.7019,遵义市,凤凰山,,12,7,8,6,6,36,,,,3,3,6,6,0.5,0.5
2025-10-21T0300,1913A,106.8906,27.6486,遵义市,忠庄,,13,8,10,3,4,39,,,,2,4,1,2,0.7,0.6
2025-10-21T0300,1914A,106.9231,27.6506,遵义市,舟水桥,,17,17,18,3,7,42,,,,4,4,2,2,0.4,0.4
2025-10-21T0300,1915A,106.9178,27.72,遵义市,干田坝,,11,6,6,3,5,35,,,,7,10,3,3,0.5,0.5
2025-10-21T0300,4245A,106.8609,27.5969,遵义市,遵南大道1161号,,13,6,4,3,5,41,,,,3,6,5,5,0.4,0.4
2025-10-21T0300,1066A,117.9268,41.0026,承德市,离宫,,,,,,,,,,,,,,,,
2025-10-21T0300,1061A,114.8916,40.8661,张家口市,北泵房,,,,,,,,,,,,,,,,
2025-10-21T0300,1083A,112.434,38.0108,太原市,上兰,,,,,,,,,,,,,,,,
2025-10-21T0300,1721A,113.3819,40.1097,大同市,果树场,,,,,,,,,,,,,,,,
2025-10-21T0300,2165A,112.8453,35.546,晋城市,白马寺,,,,,,,,,,,,,,,,
2025-10-21T0300,1280A,119.3903,26.0543,福州市,鼓山,,,,,,,,,,,,,,,,
2025-10-21T0300,1286A,118.1608,24.8169,厦门市,溪东,,,,,,,,,,,,,,,,
2025-10-21T0300,2323A,118.981,25.4792,莆田市,东圳水库,,,,,,,,,,,,,,,,
2025-10-21T0300,2327A,117.7275,26.3108,三明市,洋溪,,,,,,,,,,,,,,,,
2025-10-21T0300,1614A,118.6117,24.9604,泉州市,清源山,,,,,,,,,,,,,,,,
2025-10-21T0300,2075A,117.6336,24.4674,漳州市,九湖,,,,,,,,,,,,,,,,
2025-10-21T0300,2331A,118.0966,26.6761,南平市,茫荡山,,,,,,,,,,,,,,,,
2025-10-21T0300,2335A,117.0189,25.1181,龙岩市,龙岩师专,,,,,,,,,,,,,,,,
2025-10-21T0300,2339A,119.5001,26.6946,宁德市,金涵水库,,,,,,,,,,,,,,,,
2025-10-21T0300,1296A,115.7423,28.7996,南昌市,武术学校,,,,,,,,,,,,,,,,
2025-10-21T0300,2342A,117.3102,29.3867,景德镇市,王港中学,,,,,,,,,,,,,,,,
2025-10-21T0300,2347A,114.0997,27.5002,萍乡市,武功山,,,,,,,,,,,,,,,,
2025-10-21T0300,1810A,115.9773,29.5698,九江市,庐山气象台,,,,,,,,,,,,,,,,
2025-10-21T0300,2352A,115.0861,27.9317,新余市,北岗,,,,,,,,,,,,,,,,
2025-10-21T0300,2357A,116.9822,28.1136,鹰潭市,龙虎山,,,,,,,,,,,,,,,,
2025-10-21T0300,1696A,114.6778,23.7569,河源市,源西,,,,,,,,,,,,,,,,
2025-10-21T0300,1699A,111.9797,21.8593,阳江市,鸳鸯湖,,,,,,,,,,,,,,,,
2025-10-21T0300,1702A,113.0426,23.691,清远市,环保大楼,,,,,,,,,,,,,,,,
2025-10-21T0300,1705A,116.6367,23.6719,潮州市,西园路,,,,,,,,,,,,,,,,
2025-10-21T0300,1712A,112.0392,22.9169,云浮市,新市府,,,,,,,,,,,,,,,,
2025-10-21T0300,1405A,108.4394,22.7904,南宁市,仙葫,,,,,,,,,,,,,,,,
2025-10-21T0300,1862A,110.4144,25.3167,桂林市,电子科大尧山校区,,,,,,,,,,,,,,,,
2025-10-21T0300,1866A,109.2262,21.588,北海市,牛尾岭水库,,,,,,,,,,,,,,,,
2025-10-21T0300,2505A,109.568,23.1478,贵港市,德智高中,,,,,,,,,,,,,,,,
2025-10-21T0300,2509A,110.1106,22.7019,玉林市,寒山水库,,,,,,,,,,,,,,,,
2025-10-21T0300,2362A,114.9017,25.9149,赣州市,通天岩,,,,,,,,,,,,,,,,
2025-10-21T0300,2371A,114.3408,27.8064,宜春市,槟榔水业,,,,,,,,,,,,,,,,
2025-10-21T0300,2376A,116.2127,28.0814,抚州市,桐源党溪,,,,,,,,,,,,,,,,
2025-10-21T0300,2381A,118.005,28.4572,上饶市,百草园,,,,,,,,,,,,,,,,
2025-10-21T0300,1307A,120.6659,36.2403,青岛市,仰口,,,,,,,,,,,,,,,,
2025-10-21T0300,2192A,119.7594,49.2261,呼伦贝尔市,区环保局,,,,,,,,,,,,,,,,
2025-10-21T0300,2204A,105.6467,38.8363,阿拉善盟,西城区西花园,,,,,,,,,,,,,,,,
2025-10-21T0300,1098A,123.6836,41.9339,沈阳市,森林路,,,,,,,,,,,,,,,,
2025-10-21T0300,1754A,123.1289,41.0228,鞍山市,千山,,,,,,,,,,,,,,,,
2025-10-21T0300,3122A,105.9606,26.2611,安顺市,伍家关,,,,,,,,,,,,,,,,
2025-10-21T0300,1451A,102.6251,24.9608,昆明市,西山森林公园,,,,,,,,,,,,,,,,
2025-10-21T0300,1472A,108.869,34.378,西安市,草滩,,,,,,,,,,,,,,,,
2025-10-21T0300,1125A,125.7194,43.515,长春市,甩湾子,,,,,,,,,,,,,,,,
2025-10-21T0300,1778A,126.7061,43.7133,吉林市,丰满,,,,,,,,,,,,,,,,
2025-10-21T0300,1129A,126.5422,45.755,哈尔滨市,岭北,,,,,,,,,,,,,,,,
2025-10-21T0300,1624A,116.2991,37.4451,德州市,监理站,,,,,,,,,,,,,,,,
2025-10-21T0300,3066A,116.2721,37.4379,德州市,九衢泉纯净水厂,,,,,,,,,,,,,,,,
2025-10-21T0300,1324A,113.51488,34.91089,郑州市,岗李水库,,,,,,,,,,,,,,,,
2025-10-21T0300,1818A,114.4839,36.0621,安阳市,棉研所,,,,,,,,,,,,,,,,
2025-10-21T0300,2516A,108.2011,24.715,河池市,东仁乐园,,,,,,,,,,,,,,,,
2025-10-21T0300,1409A,110.576,19.9507,海口市,东寨港,,,,,,,,,,,,,,,,
2025-10-21T0300,1414A,106.3787,29.8279,重庆市,缙云山,,,,,,,,,,,,,,,,
2025-10-21T0300,1438A,103.613,31.0283,成都市,灵岩寺,,,,,,,,,,,,,,,,
2025-10-21T0300,1893A,105.4324,28.9634,泸州市,九狮山,,,,,,,,,,,,,,,,
2025-10-21T0300,1830A,113.1992,35.2590,焦作市,影视城,,,,,,,,,,,,,,,,
2025-10-21T0300,1838A,111.143,34.7955,三门峡市,风景区,,,,,,,,,,,,,,,,
2025-10-21T0300,2408A,115.6702,34.4285,商丘市,环境监测站,,,,,,,,,,,,,,,,
2025-10-21T0300,1334A,113.8454,30.2917,武汉市,沉湖七壕,,,,,,,,,,,,,,,,
2025-10-21T0300,2423A,115.0601,30.2313,黄石市,沈家营,,,,,,,,,,,,,,,,
2025-10-21T0300,2428A,111.0419,32.395,十堰市,武当山,,,,,,,,,,,,,,,,
2025-10-21T0300,3396A,112.0828,32.0067,襄阳市,襄城隆中路,,,,,,,,,,,,,,,,
2025-10-21T0300,1002A,116.2202,40.2915,北京市,定陵,,,,,,,,,,,,,,,,
2025-10-21T0300,1027A,117.157,38.9194,天津市,团泊洼,,,,,,,,,,,,,,,,
2025-10-21T0300,1035A,114.3524,37.8911,石家庄市,封龙山,,,,,,,,,,,,,,,,
2025-10-21T0300,1043A,119.7493,40.0116,秦皇岛市,第一关,,,,,,,,,,,,,,,,
2025-10-21T0300,2247A,130.1097,47.3382,鹤岗市,五号水库,,,,,,,,,,,,,,,,
2025-10-21T0300,2251A,131.12,46.5656,双鸭山市,苗圃,,,,,,,,,,,,,,,,
2025-10-21T0300,2254A,129.5029,48.471,伊春市,汤旺河国家公园,,,,,,,,,,,,,,,,
2025-10-21T0300,2259A,130.3794,46.7588,佳木斯市,四丰,,,,,,,,,,,,,,,,
2025-10-21T0300,2262A,131.0518,45.8751,七台河市,新一中,,,,,,,,,,,,,,,,
2025-10-21T0300,2265A,127.5291,50.2472,黑河市,大黑河岛,,,,,,,,,,,,,,,,
2025-10-21T0300,1922A,109.0656,35.0994,铜川市,党校,,,,,,,,,,,,,,,,
2025-10-21T0300,1930A,107.185,34.3063,宝鸡市,庙沟村,,,,,,,,,,,,,,,,
2025-10-21T0300,1918A,108.7197,34.3956,咸阳市,气象站,,,,,,,,,,,,,,,,
2025-10-21T0300,1938A,109.5293,34.5101,渭南市,农科所,,,,,,,,,,,,,,,,
2025-10-21T0300,1926A,109.4131,36.6275,延安市,枣园,,,,,,,,,,,,,,,,
2025-10-21T0300,2634A,106.9893,33.1842,汉中市,汉川机床厂子校,,,,,,,,,,,,,,,,
2025-10-21T0300,2638A,109.7414,38.3344,榆林市,红石峡森林公园,,,,,,,,,,,,,,,,
2025-10-21T0300,2642A,109.0318,32.6537,安康市,香溪洞,,,,,,,,,,,,,,,,
2025-10-21T0300,1479A,103.831,36.0464,兰州市,铁路设计院,,,,,,,,,,,,,,,,
2025-10-21T0300,1477A,104.1373,35.9454,兰州市,榆中兰大校区,,,,,,,,,,,,,,,,
2025-10-21T0300,2649A,106.0055,34.343,天水市,麦积山,,,,,,,,,,,,,,,,
2025-10-21T0300,2665A,105.0822,33.3261,陇南市,汉王镇固水子,,,,,,,,,,,,,,,,
2025-10-21T0300,1483A,101.524,36.6867,西宁市,第五水厂,,,,,,,,,,,,,,,,
2025-10-21T0300,1160A,120.561,31.2472,苏州市,上方山,,,,,,,,,,,,,,,,
2025-10-21T0300,2447A,114.3175,29.8142,咸宁市,森林公园,,,,,,,,,,,,,,,,
2025-10-21T0300,1344A,112.9581,28.3611,长沙市,沙坪,,,,,,,,,,,,,,,,
2025-10-21T0300,1559A,113.251,27.8336,株洲市,大京风景区,,,,,,,,,,,,,,,,
2025-10-21T0300,1564A,112.4876,27.9164,湘潭市,韶山,,,,,,,,,,,,,,,,
2025-10-21T0300,2456A,112.5003,26.9167,衡阳市,原169医院,,,,,,,,,,,,,,,,
2025-10-21T0300,2462A,111.5239,27.3033,邵阳市,市水土所,,,,,,,,,,,,,,,,
2025-10-21T0300,1852A,113.2117,29.355,岳阳市,金凤水库,,,,,,,,,,,,,,,,
2025-10-21T0300,1857A,111.7158,29.1456,常德市,白鹤山,,,,,,,,,,,,,,,,
2025-10-21T0300,1861A,110.4417,29.315,张家界市,袁家界,,,,,,,,,,,,,,,,
2025-10-21T0300,2467A,112.4067,28.6428,益阳市,甘溪港,,,,,,,,,,,,,,,,
2025-10-21T0300,2472A,113.0073,25.9061,郴州市,马头岭,,,,,,,,,,,,,,,,
2025-10-21T0300,2477A,111.6217,26.2081,永州市,零陵南津渡,,,,,,,,,,,,,,,,
2025-10-21T0300,2483A,109.9453,27.5444,怀化市,河西地税局,,,,,,,,,,,,,,,,
2025-10-21T0300,2482A,109.5981,27.5721,怀化市,林科所,,,,,,,,,,,,,,,,
2025-10-21T0300,2487A,111.9589,27.8901,娄底市,电视发射台,,,,,,,,,,,,,,,,
2025-10-21T0300,2492A,109.6414,28.2558,湘西土家族苗族自治州,跃进水库,,,,,,,,,,,,,,,,
2025-10-21T0300,1355A,113.443,23.3035,广州市,帽峰山森林公园,,,,,,,,,,,,,,,,
2025-10-21T0300,1400A,112.4753,23.1,肇庆市,七星岩子站,,,,,,,,,,,,,,,,
2025-10-21T0300,1247A,120.6053,29.9928,绍兴市,城东开发委,,,,,,,,,,,,,,,,
2025-10-21T0300,1273A,117.1604,31.9052,合肥市,董铺水库,,,,,,,,,,,,,,,,
2025-10-21T0300,1275A,117.266,31.9436,合肥市,庐阳区,,,,,,,,,,,,,,,,
2025-10-21T0300,2281A,116.6325,32.6201,淮南市,焦岗湖风景区管理处,,,,,,,,,,,,,,,,
2025-10-21T0300,1802A,118.6245,31.7241,马鞍山市,濮塘,,,,,,,,,,,,,,,,
2025-10-21T0300,2523A,105.8945,32.4535,广元市,黑石坡,,,,,,,,,,,,,,,,
2025-10-21T0300,2527A,105.5453,30.5678,遂宁市,石溪浩,,,,,,,,,,,,,,,,
2025-10-21T0300,2535A,103.7723,29.5462,乐山市,花湖湾,,,,,,,,,,,,,,,,
2025-10-21T0300,1905A,106.056,30.8064,南充市,西山风景区,,,,,,,,,,,,,,,,
2025-10-21T0300,2539A,104.0308,30.0478,眉山市,黑龙滩水库,,,,,,,,,,,,,,,,
2025-10-21T0300,1882A,104.563,28.793,宜宾市,石马中学,,,,,,,,,,,,,,,,
2025-10-21T0300,2543A,106.6308,30.5278,广安市,小平旧居,,,,,,,,,,,,,,,,
2025-10-21T0300,2548A,107.5277,31.2827,达州市,达州职业技术学院,,,,,,,,,,,,,,,,
2025-10-21T0300,3700A,103.0456,29.9956,雅安市,康养中心,,,,,,,,,,,,,,,,
2025-10-21T0300,2914A,106.7677,31.8794,巴中市,苏山坪,,,,,,,,,,,,,,,,
2025-10-21T0300,2561A,104.6617,30.1372,资阳市,莲花山,,,,,,,,,,,,,,,,
2025-10-21T0300,2566A,102.1879,31.914,阿坝藏族羌族自治州,州农科所,,,,,,,,,,,,,,,,
2025-10-21T0300,2571A,102.3431,27.8099,凉山彝族自治州,青龙寺,,,,,,,,,,,,,,,,
2025-10-21T0300,1484A,105.9512,38.6016,银川市,贺兰山马莲口,,,,,,,,,,,,,,,,
2025-10-21T0300,1947A,106.3394,38.817,石嘴山市,沙湖旅游区,,,,,,,,,,,,,,,,
2025-10-21T0300,2683A,106.2319,36.1417,固原市,马园,,,,,,,,,,,,,,,,
2025-10-21T0300,2680A,105.0025,37.4635,中卫市,沙坡头消防站,,,,,,,,,,,,,,,,
2025-10-21T0300,3440A,87.4921,43.8411,乌鲁木齐市,大绿谷,,,,,,,,,,,,,,,,
2025-10-21T0300,1492A,87.4754,43.9469,乌鲁木齐市,新疆农科院农场,,,,,,,,,,,,,,,,
2025-10-21T0300,2690A,88.1236,43.8886,昌吉回族自治州,天山天池,,,,,,,,,,,,,,,,
2025-10-21T0300,4243A,92.0515,31.4787,那曲市,那曲市委宣传部,,,,,,,,,,,,,,,,
2025-10-21T0300,4292A,116.3525,37.4209,德州市,新河东路,,,,,,,,,,,,,,,,
2025-10-21T0300,2566A,102.1879,31.914,阿坝藏族羌族自治州,州农科所,,,,,,,,,,,,,,,,
2025-10-21T0300,2568A,102.2502,31.8896,阿坝藏族羌族自治州,马师校,,18,18,15,7,13,8,,,,7,9,5,5,0.5,0.6
2025-10-21T0300,3994A,102.2165,31.9024,阿坝藏族羌族自治州,马尔康中学西区,,11,11,17,7,13,16,,,,9,8,5,5,0.6,0.5
2025-10-21T0300,2695A,80.292,41.1694,阿克苏地区,电视台,颗粒物(PM10),97,143,190,48,53,10,,,,57,37,6,6,1.1,1
2025-10-21T0300,2696A,80.2613,41.1551,阿克苏地区,艺术中心,颗粒物(PM10),134,218,169,88,58,3,,,,93,45,6,4,1.5,0.7
2025-10-21T0300,2204A,105.6467,38.8363,阿拉善盟,西城区西花园,,,,,,,,,,,,,,,,
2025-10-21T0300,2205A,105.6985,38.8411,阿拉善盟,蒙二幼,,47,47,53,23,22,41,,,,10,17,12,9,0.6,0.7
2025-10-21T0300,2206A,105.724,38.8516,阿拉善盟,环保局新楼,,50,50,48,29,25,40,,,,11,17,9,9,0.6,0.7
2025-10-21T0300,2708A,88.1264,47.8517,阿勒泰地区,市站,,26,18,46,6,7,82,,,,2,24,2,3,0.3,0.4
2025-10-21T0300,2630A,80.1161,32.5,阿里地区,阿里监测站,,18,6,3,3,3,48,,,,35,20,13,12,0.5,0.5
2025-10-21T0300,3192A,80.0903,32.5028,阿里地区,阿里藏医院,,45,,20,31,8,79,,,,8,9,8,9,0.3,0.3
2025-10-21T0300,2642A,109.0318,32.6537,安康市,香溪洞,,,,,,,,,,,,,,,,
2025-10-21T0300,2644A,109.0072,32.6975,安康市,汉滨区检察院,,17,,3,3,5,52,,,,6,8,4,4,0.6,0.6
2025-10-21T0300,4054A,109.0325,32.6913,安康市,市邮政管理局,,16,6,6,3,4,50,,,,6,9,6,6,0.5,0.5
2025-10-21T0300,2291A,117.0809,30.5177,安庆市,环科院,,26,26,30,14,15,52,,,,12,12,7,7,0.3,0.3
2025-10-21T0300,2292A,117.0331,30.5119,安庆市,马山宾馆,,20,20,29,9,11,54,,,,8,15,6,6,0.2,0.2
2025-10-21T0300,2294A,116.9896,30.6145,安庆市,安庆大学,,24,24,28,13,13,52,,,,12,12,5,5,0.2,0.2
2025-10-21T0300,3173A,117.0598,30.5351,安庆市,市人大,,,26,32,13,16,51,,,,9,11,,7,0.3,0.3
2025-10-21T0300,3122A,105.9606,26.2611,安顺市,伍家关,,,,30,15,15,33,,,,6,11,10,9,0.6,0.6
2025-10-21T0300,3123A,105.9408,26.2431,安顺市,凤凰山,,25,23,24,17,20,27,,,,6,11,11,12,0.6,0.6
2025-10-21T0300,3124A,105.9439,26.2564,安顺市,金钟山,,28,26,25,19,22,26,,,,5,9,13,14,0.6,0.6
2025-10-21T0300,3125A,105.8983,26.2481,安顺市,娄家坡,,23,21,24,16,21,22,,,,6,11,11,13,0.6,0.6
2025-10-21T0300,1818A,114.4839,36.0621,安阳市,棉研所,,,,,,,,,,,,,,,,
2025-10-21T0300,1819A,114.3551,36.1017,安阳市,红庙街,,43,43,32,18,13,17,,,,33,22,7,4,0.5,0.4
2025-10-21T0300,1820A,114.361,36.0681,安阳市,银杏小区,,28,28,31,16,14,26,,,,24,20,5,5,0.2,0.2
2025-10-21T0300,3141A,114.3922,36.0878,安阳市,信访局,,32,32,30,17,15,23,,,,24,21,6,5,0.3,0.2
2025-10-21T0300,3669A,114.4705,36.0637,安阳市,左辅环卫站,,45,45,54,16,15,17,,,,35,20,2,2,0.5,0.4
2025-10-21T0300,3703A,114.2917,36.0949,安阳市,安钢职工学校,,40,40,35,18,16,24,,,,26,21,8,5,0.3,0.3
2025-10-21T0300,1748A,123.044,41.1196,鞍山市,深沟寺,颗粒物(PM10),52,54,34,33,21,16,,,,43,25,8,8,1.0,1
2025-10-21T0300,1749A,123.011,41.0931,鞍山市,太阳城,,45,44,28,31,18,16,,,,31,20,10,13,0.7,0.6
2025-10-21T0300,1750A,123.0485,41.1442,鞍山市,太平,颗粒物(PM10),55,60,59,29,25,12,,,,34,34,8,13,1.0,1.2
2025-10-21T0300,1751A,122.9642,41.0971,鞍山市,铁西三道街,颗粒物(PM10),67,84,58,39,23,2,,,,44,32,9,13,1.1,1
2025-10-21T0300,1753A,123.022,41.0821,鞍山市,明达新区,,47,47,32,29,19,6,,,,30,18,10,14,0.9,0.8
2025-10-21T0300,1754A,123.1289,41.0228,鞍山市,千山,,,,15,,12,,,56,,,11,,3,,0.2
2025-10-21T0300,4201A,122.9446,41.0826,鞍山市,兴盛南路290号,颗粒物(PM10),73,96,69,30,27,0,,,,46,41,11,14,0.9,0.9
2025-10-21T0300,2195A,107.4212,40.761,巴彦淖尔市,附二中,,33,26,53,23,34,40,,,,14,20,11,12,0.4,0.6
2025-10-21T0300,2196A,107.37,40.7372,巴彦淖尔市,市环保大楼,,35,35,48,16,29,45,,,,12,20,12,15,0.6,0.8
2025-10-21T0300,1956A,86.1472,41.7538,巴音郭楞蒙古自治州,孔雀公园,颗粒物(PM10),63,75,79,33,24,14,,,,64,29,7,8,1.0,0.6
2025-10-21T0300,1957A,86.1972,41.7166,巴音郭楞蒙古自治州,棉纺厂,颗粒物(PM10),71,91,94,16,20,51,,,,26,27,7,8,0.6,0.6
2025-10-21T0300,1958A,86.2357,41.7173,巴音郭楞蒙古自治州,经济开发区,颗粒物(PM10),67,84,91,13,18,63,,,,10,15,6,8,0.5,0.6
2025-10-21T0300,2914A,106.7677,31.8794,巴中市,苏山坪,,,,,,,,,,,,,,,,
2025-10-21T0300,3181A,106.7768,31.8526,巴中市,市五中,,,6,5,3,4,36,,,,2,6,,7,0.6,0.7
2025-10-21T0300,3183A,106.7418,31.8654,巴中市,圣泉水务公司,,11,6,2,3,2,33,,,,2,6,7,7,0.6,0.6
2025-10-21T0300,3616A,106.7616,31.8344,巴中市,市中心医院,,,,4,7,7,40,,,,7,9,,9,0.5,0.6
2025-10-21T0300,2235A,122.7911,45.6077,白城市,洮北区环保局,,18,18,19,8,8,47,,,,7,11,4,5,0.3,0.4
2025-10-21T0300,2236A,122.8738,45.5725,白城市,市环保局,,16,12,14,11,13,43,,,,10,11,4,4,0.6,0.5
2025-10-21T0300,2231A,126.4219,41.9171,白山市,喜丰,颗粒物(PM10),113,175,57,28,17,6,,,,33,21,8,7,0.6,0.6
2025-10-21T0300,2232A,126.4077,41.9419,白山市,环保局,,36,36,28,25,20,21,,,,14,15,8,7,0.4,0.5
2025-10-21T0300,2647A,104.1724,36.5446,白银市,第三小学,细颗粒物(PM2.5),69,69,66,50,45,19,,,,31,25,20,30,0.8,0.7
2025-10-21T0300,2648A,104.1465,36.5482,白银市,动力公司,细颗粒物(PM2.5),64,76,66,46,42,13,,,,30,24,8,19,0.5,0.6
2025-10-21T0300,2512A,106.6103,23.9011,百色市,市监测站,,13,7,15,3,7,39,,,,10,12,6,7,0.4,0.5
2025-10-21T0300,2513A,106.6538,23.8859,百色市,市中心血站,,13,13,17,7,6,40,,,,11,14,13,8,0.6,0.6
2025-10-21T0300,3406A,106.6085,23.8798,百色市,祈福高中,,15,6,17,6,8,46,,,,10,15,5,5,0.5,0.6
2025-10-21T0300,2270A,117.396,32.939,蚌埠市,工人疗养院,,22,22,30,13,11,48,,,,8,8,5,4,0.3,0.2
2025-10-21T0300,2271A,117.3605,32.9427,蚌埠市,百货大楼,,22,,23,15,12,46,,,,10,12,6,6,0.3,0.3
2025-10-21T0300,2273A,117.4185,32.8911,蚌埠市,蚌埠学院,,23,,24,16,13,47,,,,10,12,4,4,0.2,0.1
2025-10-21T0300,2274A,117.3533,32.9673,蚌埠市,淮上区政府,,25,19,28,17,14,47,,,,9,12,4,5,0.2,0.2
2025-10-21T0300,2275A,117.3145,32.8977,蚌埠市,高新区,,22,19,26,15,15,46,,,,12,14,6,6,0.3,0.3
2025-10-21T0300,3715A,117.3092,32.9314,蚌埠市,蚌埠田家炳中学,,22,22,33,11,15,43,,,,11,13,3,2,0.3,0.3
2025-10-21T0300,1585A,109.8756,40.6532,包头市,市环境监测站,,22,22,31,3,12,36,,,,16,26,8,10,0.4,0.5
2025-10-21T0300,1587A,109.9991,40.5842,包头市,包头八中,,,78,48,,24,4,,,,54,45,11,13,1.3,1
2025-10-21T0300,1588A,109.8538,40.6821,包头市,青山宾馆,,16,16,26,7,12,31,,,,21,26,9,11,0.5,0.6
2025-10-21T0300,1589A,109.8642,40.6288,包头市,惠龙物流,,17,17,23,11,12,29,,,,23,28,9,10,0.6,0.7
2025-10-21T0300,1590A,110.0377,40.5546,包头市,东河鸿龙湾,,41,41,39,23,17,7,,,,60,46,11,13,1.0,0.9
2025-10-21T0300,3283A,109.9154,40.5685,包头市,滨河大厦,,26,26,24,15,14,3,,,,51,33,11,9,0.9,0.7
2025-10-21T0300,3419A,109.9447,40.6261,包头市,包头市委党校,颗粒物(PM10),54,57,38,10,14,2,,,,50,41,9,11,0.5,0.6
2025-10-21T0300,3683A,109.8331,40.6576,包头市,昆区政府,,24,24,25,9,14,38,,,,18,24,11,12,0.5,0.6
2025-10-21T0300,1930A,107.185,34.3063,宝鸡市,庙沟村,,,,,,,,,,,,,,,,
2025-10-21T0300,1931A,107.0708,34.3017,宝鸡市,竹园沟,,12,12,11,8,5,36,,,,10,13,8,7,0.4,0.4
2025-10-21T0300,1932A,107.1906,34.3672,宝鸡市,三陆医院,,32,,11,22,11,42,,,,13,16,6,6,0.6,0.6
2025-10-21T0300,1933A,107.1431,34.3547,宝鸡市,监测站,,36,,15,25,12,43,,,,9,14,8,6,0.4,0.6
2025-10-21T0300,1934A,107.1186,34.3739,宝鸡市,技工学校,,,,12,22,13,40,,,,11,17,,4,0.6,0.6
2025-10-21T0300,1936A,107.2058,34.3497,宝鸡市,文理学院,,30,24,13,21,10,44,,,,13,17,6,5,0.5,0.6
2025-10-21T0300,1937A,107.2386,34.3622,宝鸡市,三迪小学,,38,,12,26,14,43,,,,12,19,4,4,0.7,0.7
2025-10-21T0300,4308A,107.3898,34.3601,宝鸡市,陈仓区北开路21号,,43,,11,30,16,37,,,,13,18,5,5,0.5,0.5
2025-10-21T0300,1051A,115.493,38.8632,保定市,游泳馆,,49,49,37,20,14,0,,,,40,29,3,3,0.3,0.2
2025-10-21T0300,1052A,115.5213,38.8959,保定市,华电二区,,42,38,30,29,23,9,,,,30,23,4,5,0.2,0
2025-10-21T0300,1053A,115.4713,38.9108,保定市,接待中心,,43,43,33,21,14,1,,,,32,27,4,4,0.1,0
2025-10-21T0300,1054A,115.4612,38.8416,保定市,地表水厂,颗粒物(PM10),53,56,39,30,14,1,,,,37,36,8,7,0.2,0.1
2025-10-21T0300,3581A,115.31981,38.95208,保定市,满城区生态环境分局,,,31,38,9,11,3,,,,31,24,,3,0.6,0.4
2025-10-21T0300,3582A,115.47694,38.76408,保定市,清苑区第二中学,,,41,39,23,12,3,,,,47,33,,3,0.4,0.3
2025-10-21T0300,3583A,115.62909,39.02311,保定市,徐水物探局,,38,26,24,26,18,3,,,,33,33,3,1,0.3,0.4
2025-10-21T0300,4004A,115.4202,38.8656,保定市,双鹰农机,颗粒物(PM10),53,55,37,29,19,3,,,,36,29,3,3,0.4,0.3
2025-10-21T0300,4034A,115.5150,38.8590,保定市,植保所站,"颗粒物(PM10),细颗粒物(PM2.5)",53,55,44,37,26,0,,,,38,23,6,3,0.5,0.4
2025-10-21T0300,2594A,99.1678,25.1081,保山市,市环境监测站,,20,20,16,9,15,10,,,,4,7,8,6,0.4,0.5
2025-10-21T0300,2595A,99.1711,25.1328,保山市,市环保局,,11,11,16,6,10,17,,,,2,5,6,6,0.5,0.6
2025-10-21T0300,1866A,109.2262,21.588,北海市,牛尾岭水库,,27,27,25,6,7,42,,,,12,12,3,9,0.6,0.7
2025-10-21T0300,1867A,109.1436,21.4086,北海市,海滩公园,,17,17,27,3,10,54,,,,9,9,7,7,0.5,0.6
2025-10-21T0300,1868A,109.0981,21.4661,北海市,新市环保局,,24,24,24,3,13,51,,,,10,9,5,6,0.5,0.6
2025-10-21T0300,1869A,109.1778,21.5233,北海市,北海工业园,,23,23,29,7,13,50,,,,10,10,6,6,0.2,0.3
2025-10-21T0300,3400A,109.1911,21.4415,北海市,龙潭自来水厂,,22,22,23,11,14,52,,,,10,9,6,6,0.6,0.7
2025-10-21T0300,1001A,116.3621,39.8784,北京市,万寿西宫,,27,27,23,12,11,2,,,,48,24,1,2,0.4,0.3
2025-10-21T0300,1002A,116.2202,40.2915,北京市,定陵,,,,,,,,,,,,,,,,
2025-10-21T0300,1003A,116.4174,39.9289,北京市,东四,,23,23,21,12,12,13,,,,31,18,2,2,0.3,0.4
2025-10-21T0300,1004A,116.4072,39.8863,北京市,天坛,,20,20,17,14,11,3,,,,32,16,1,1,0.5,0.4
2025-10-21T0300,1005A,116.462,39.9365,北京市,农展馆,,30,30,20,14,11,1,,,,40,19,3,3,0.2,0.1
2025-10-21T0300,1006A,116.3392,39.9295,北京市,官园,,30,30,23,12,13,0,,,,44,22,7,6,0.2,0.1
2025-10-21T0300,1007A,116.2878,39.9611,北京市,海淀万柳,,37,37,24,16,12,0,,,,45,33,5,4,0.5,0.4
2025-10-21T0300,1008A,116.6636,40.135,北京市,顺义新城,,19,19,18,12,13,22,,,,27,27,5,5,0,0
2025-10-21T0300,1009A,116.6275,40.3275,北京市,怀柔镇,,12,12,11,8,7,24,,,,8,5,3,3,0.5,0.5
2025-10-21T0300,1010A,116.2296,40.217,北京市,昌平镇,,20,20,13,10,8,3,,,,40,13,5,4,0.4,0.3
2025-10-21T0300,1011A,116.3966,39.9821,北京市,奥体中心,,27,27,19,12,9,0,,,,46,22,5,4,0.2,0.1
2025-10-21T0300,3281A,115.9718,40.4529,北京市,延庆夏都,,32,32,22,14,11,0,,,,37,19,2,2,0.5,0.5
2025-10-21T0300,3418A,116.8336,40.4095,北京市,密云新城,,17,17,18,7,8,32,,,,9,7,1,1,0.3,0.3
2025-10-21T0300,3671A,116.088,39.9726,北京市,门头沟三家店,,21,21,28,8,10,17,,,,21,21,3,3,0.2,0.3
2025-10-21T0300,3672A,116.1541,39.8204,北京市,丰台云岗,,28,28,29,9,12,3,,,,31,22,2,2,0.2,0.2
2025-10-21T0300,3673A,116.6804,39.9081,北京市,通州东关,颗粒物(PM10),51,51,26,19,8,1,,,,54,27,4,3,0.4,0.4
2025-10-21T0300,3674A,115.9577,39.7603,北京市,房山燕山,,21,21,22,13,11,15,,,,10,12,1,1,0.3,0.3
2025-10-21T0300,3675A,116.4672,39.7733,北京市,大兴旧宫,,49,49,23,16,9,1,,,,49,26,5,4,0.6,0.4
2025-10-21T0300,3694A,115.986,40.4563,北京市,延庆石河营,,32,32,22,15,12,0,,,,30,21,4,3,0.3,0.3
2025-10-21T0300,3695A,116.6151,40.3053,北京市,怀柔新城,,15,13,12,10,9,30,,,,4,3,2,4,0.2,0.1
2025-10-21T0300,3696A,116.2545,39.8768,北京市,丰台小屯,,39,39,27,13,11,0,,,,31,25,3,3,0.5,0.5
2025-10-21T0300,3697A,116.84,40.3844,北京市,密云镇,,17,17,17,8,8,9,,,,29,15,5,4,0.3,0.3
2025-10-21T0300,4182A,116.1942,39.9158,北京市,八角北路9号,,37,37,26,16,13,0,,,,40,19,2,2,0.1,0
2025-10-21T0300,4194A,117.0790,40.1518,北京市,洳河巡河路,,12,12,14,8,9,14,,,,12,14,3,3,0.1,0.2
2025-10-21T0300,1761A,123.8275,41.3064,本溪市,大峪,,32,32,30,14,14,5,,,,29,21,7,9,0.7,0.7
2025-10-21T0300,1762A,123.7567,41.3325,本溪市,溪湖,颗粒物(PM10),56,61,55,18,18,4,,,,41,32,5,8,0.7,0.7
2025-10-21T0300,1763A,123.7169,41.3094,本溪市,彩屯,,35,35,41,15,23,5,,,,40,30,6,8,0.6,0.7
2025-10-21T0300,1764A,123.7669,41.2864,本溪市,东明,,42,42,49,20,21,1,,,,42,35,7,9,0.9,1
2025-10-21T0300,1765A,123.7992,41.2664,本溪市,新立屯,,23,23,27,8,12,11,,,,33,28,7,8,0.5,0.6
2025-10-21T0300,1766A,123.8142,41.3472,本溪市,威宁,,39,39,41,18,19,6,,,,21,27,7,9,0.7,0.6
2025-10-21T0300,2587A,105.2864,27.3125,毕节市,八中,,7,6,10,3,8,20,,,,4,6,8,8,0.6,0.7
2025-10-21T0300,2588A,105.31,27.2944,毕节市,师专,,7,6,8,3,7,21,,,,5,9,8,8,0.6,0.7
2025-10-21T0300,4263A,105.3688,27.3598,毕节市,工业大道,,8,6,7,3,5,24,,,,6,7,8,8,0.6,0.7
2025-10-21T0300,1629A,118.0018,37.3617,滨州市,第二水厂,,,24,22,16,9,26,,,,28,24,,9,0.1,0
2025-10-21T0300,1630A,117.9776,37.393,滨州市,北中新校,,27,27,24,9,9,8,,,,47,27,7,8,0.7,0.5
2025-10-21T0300,3514A,117.9378,37.3956,滨州市,中海酒店,,26,24,22,12,13,0,,,,52,28,4,5,0.8,0.6
2025-10-21T0300,3515A,117.9378,37.3553,滨州市,开发区一中,,27,27,27,17,11,22,,,,43,27,6,7,0.9,0.7
2025-10-21T0300,3516A,118.0917,37.694,滨州市,金海六路,,24,24,18,9,3,3,,,,46,20,2,6,0.8,0.6
2025-10-21T0300,4028A,117.9956,37.3753,滨州市,滨州市西街道办事处,,20,19,22,14,13,27,,,,29,27,8,8,0.6,0.3
2025-10-21T0300,2311A,115.8072,33.8399,亳州市,污水处理厂,,42,42,32,29,21,25,,,,22,16,6,7,0.4,0.3
2025-10-21T0300,2312A,115.7789,33.8518,亳州市,三国揽胜宫,,39,39,30,23,18,24,,,,18,15,4,5,0.4,0.4
2025-10-21T0300,3332A,115.7633,33.8034,亳州市,亳州学院,颗粒物(PM10),52,54,38,29,21,25,,,,21,14,5,6,0.3,0.3
2025-10-21T0300,2693A,82.0485,44.8556,博尔塔拉蒙古自治州,市党校,细颗粒物(PM2.5),62,51,61,44,46,35,,,,19,24,6,7,0.6,0.5
2025-10-21T0300,2694A,82.0806,44.8969,博尔塔拉蒙古自治州,市环保局,颗粒物(PM10),62,73,76,29,31,40,,,,18,28,6,11,0.6,0.7
2025-10-21T0300,1071A,116.8842,38.2991,沧州市,沧县城建局,细颗粒物(PM2.5),60,58,42,43,25,21,,,,45,34,19,9,0.6,0.5
2025-10-21T0300,1072A,116.8584,38.3254,沧州市,电视转播站,细颗粒物(PM2.5),64,67,40,46,24,2,,,,45,33,7,3,1.1,0.6
2025-10-21T0300,1073A,116.8709,38.3228,沧州市,市环保局,细颗粒物(PM2.5),78,63,45,57,36,7,,,,57,38,14,6,0.8,0.6
2025-10-21T0300,3324A,116.8136,38.3004,沧州市,河北水利电力学院,细颗粒物(PM2.5),77,83,40,56,20,12,,,,43,32,73,6,2.2,0.6
2025-10-21T0300,2622A,97.1806,31.1273,昌都市,昌都监测站,,14,8,12,8,10,44,,,,17,13,2,2,0.3,0.4
2025-10-21T0300,3719A,97.1714,31.1406,昌都市,昌都会议中心,,17,11,11,8,10,54,,,,6,5,3,3,0.2,0.2
2025-10-21T0300,2690A,88.1236,43.8886,昌吉回族自治州,天山天池,,,,,,,,,,,,,,,,
2025-10-21T0300,2692A,87.2717,44.0297,昌吉回族自治州,新区政务中心,颗粒物(PM10),53,56,66,25,25,28,,,,32,38,6,9,0.4,0.5
2025-10-21T0300,3613A,87.3095,44.0142,昌吉回族自治州,亚心广场,颗粒物(PM10),63,75,93,29,32,27,,,,32,38,8,10,0.4,0.6
2025-10-21T0300,1120A,125.2863,43.9027,长春市,客车厂,,50,50,30,35,18,6,,,,48,35,23,18,0.5,0.5
2025-10-21T0300,1121A,125.2841,43.8463,长春市,邮电学院,颗粒物(PM10),53,55,26,33,15,5,,,,52,33,10,7,0.6,0.4
2025-10-21T0300,1122A,125.3716,43.8772,长春市,劳动公园,,50,50,29,34,16,3,,,,52,31,10,10,0.5,0.4
2025-10-21T0300,1123A,125.3297,43.8805,长春市,园林处,,43,42,23,30,15,5,,,,53,33,6,6,0.4,0.3
2025-10-21T0300,1124A,125.4605,43.79,长春市,净月潭,,43,33,23,30,16,16,,,,29,16,5,5,0.4,0.3
2025-10-21T0300,1125A,125.7194,43.515,长春市,甩湾子,,30,25,22,21,14,18,,,,24,16,4,4,0.4,0.4
2025-10-21T0300,1126A,125.3863,43.8447,长春市,经开区环卫处,,37,37,25,23,12,2,,,,44,30,6,7,0.4,0.3
2025-10-21T0300,1127A,125.245,43.7783,长春市,高新区管委会,颗粒物(PM10),53,56,28,30,20,5,,,,44,28,6,6,0.4,0.3
2025-10-21T0300,1128A,125.1761,43.8325,长春市,岱山公园,颗粒物(PM10),51,51,31,33,21,4,,,,47,30,7,6,0.4,0.3
2025-10-21T0300,4281A,125.3346,43.9164,长春市,北亚泰大街1068号,,48,45,30,33,20,5,,,,52,37,29,11,0.4,0.4
2025-10-21T0300,1335A,113.0833,28.2325,长沙市,经开区环保局,,14,14,11,3,3,36,,,,11,14,4,4,0.5,0.5
2025-10-21T0300,1336A,112.8872,28.2189,长沙市,高开区环保局,,16,16,12,6,7,41,,,,11,13,5,5,0.2,0.3
2025-10-21T0300,1337A,113.0792,28.2053,长沙市,马坡岭,,13,10,10,3,5,39,,,,7,10,4,4,0.4,0.5
2025-10-21T0300,1338A,112.9394,28.19,长沙市,湖南师范大学,,13,,9,6,7,41,,,,9,12,4,4,0.4,0.5
2025-10-21T0300,1339A,113.0178,28.1322,长沙市,雨花区环保局,,20,20,10,13,7,33,,,,17,20,6,6,0.6,0.6
2025-10-21T0300,1340A,112.9792,28.2597,长沙市,伍家岭,,13,6,11,3,4,39,,,,10,14,4,3,0.3,0.4
2025-10-21T0300,1341A,113.0014,28.1944,长沙市,火车新站,,14,14,11,3,7,37,,,,14,16,8,8,0.3,0.4
2025-10-21T0300,1342A,112.9844,28.1178,长沙市,天心区环保局,,14,,10,8,7,44,,,,10,15,5,4,0.1,0.2
2025-10-21T0300,1343A,112.8908,28.1308,长沙市,湖南中医药大学,,,6,11,3,4,42,,,,10,13,,4,0.7,0.7
2025-10-21T0300,1344A,112.9581,28.3611,长沙市,沙坪,,,,,,,,,,,,,,,,
2025-10-21T0300,1727A,113.1147,36.1547,长治市,清华站,,,77,33,58,24,15,,,,25,18,,9,0.7,0.6
2025-10-21T0300,1730A,113.0886,36.2125,长治市,审计局,,,66,25,58,26,14,,,,23,17,,6,0.5,0.3
2025-10-21T0300,1731A,113.0844,36.1856,长治市,长治八中,细颗粒物(PM2.5),83,91,42,61,32,15,,,,19,14,9,6,0.6,0.5
2025-10-21T0300,2845A,113.1569,36.1911,长治市,德盛苑,,,77,31,58,23,11,,,,25,15,,3,0.8,0.6
2025-10-21T0300,3568A,113.06,36.0464,长治市,向阳小学,细颗粒物(PM2.5),97,99,64,72,38,20,,,,32,23,3,2,2.4,0.9
2025-10-21T0300,3569A,112.8792,36.3144,长治市,屯留一中,"颗粒物(PM10),细颗粒物(PM2.5)",55,60,45,39,27,11,,,,22,23,7,11,0.8,1
2025-10-21T0300,4189A,113.1131,36.19948,长治市,英华南巷50号,细颗粒物(PM2.5),83,98,35,61,26,10,,,,28,18,5,4,0.8,0.6
2025-10-21T0300,4190A,113.2367,36.3344,长治市,学府街1号,,39,39,36,21,17,7,,,,44,20,18,10,1.3,0.6
2025-10-21T0300,1854A,111.6975,28.9703,常德市,市二中,,19,10,12,6,6,59,,,,8,8,4,5,0.3,0.4
2025-10-21T0300,1857A,111.7158,29.1456,常德市,白鹤山,,,,,,,,,,,,,,,,
2025-10-21T0300,3138A,111.7153,29.0289,常德市,武陵区永安,,20,12,9,6,6,61,,,,13,14,4,4,0.5,0.6
2025-10-21T0300,3139A,111.6892,28.9881,常德市,鼎城区玉霞,,20,10,9,8,5,63,,,,3,7,5,4,0.4,0.5
2025-10-21T0300,3140A,111.6625,29.0531,常德市,武陵区长庚,,19,6,8,3,5,59,,,,6,10,2,2,0.4,0.6
2025-10-21T0300,1196A,119.9633,31.762,常州市,市监测站,,22,14,24,6,11,69,,,,7,9,8,8,0.3,0.3
2025-10-21T0300,1200A,119.9468,31.7069,常州市,武进监测站,,,17,23,3,5,59,,,,10,10,,3,0.3,0.3
2025-10-21T0300,1201A,119.9255,31.9087,常州市,安家,,24,24,27,9,8,60,,,,16,18,9,9,0.4,0.4
2025-10-21T0300,3002A,119.9805,31.8174,常州市,行政中心,,22,19,32,7,13,68,,,,9,10,6,5,0.5,0.5
2025-10-21T0300,3003A,120.0522,31.7748,常州市,经开区,,,19,32,3,8,68,,,,10,12,,8,0.3,0.4
2025-10-21T0300,3010A,119.9025,31.7964,常州市,钟楼,,,25,29,7,10,56,,,,16,16,,8,0.5,0.5
2025-10-21T0300,3429A,119.8598,31.7066,常州市,武进经发区,,22,22,29,9,13,57,,,,16,21,11,11,0.5,0.5
2025-10-21T0300,3430A,119.5826,31.7245,常州市,金坛城区,,,17,25,8,12,,,,,10,10,10,10,0.6,0.6
2025-10-21T0300,2220A,120.4318,41.5881,朝阳市,西梁,,38,30,25,26,15,1,,,,41,29,3,2,0.7,0.6
2025-10-21T0300,2221A,120.4521,41.5646,朝阳市,河畔小区,,36,36,36,24,16,7,,,,38,23,5,6,0.5,0.5
2025-10-21T0300,2222A,120.4176,41.5648,朝阳市,八里堡,,39,39,38,25,16,0,,,,41,32,6,6,0.6,0.6
2025-10-21T0300,2223A,120.3806,41.5969,朝阳市,农业园区,,43,32,19,30,12,2,,,,44,20,2,2,0.6,0.5
2025-10-21T0300,1705A,116.6367,23.6719,潮州市,西园路,,,,,,,,,,,,,,,,
2025-10-21T0300,3026A,116.6183,23.6608,潮州市,市政府,,15,12,17,10,9,38,,,,1,4,5,6,0.2,0.2
2025-10-21T0300,4036A,116.6461,23.6761,潮州市,金山,,11,7,16,6,7,34,,,,3,4,6,6,0.6,0.7
2025-10-21T0300,2472A,113.0073,25.9061,郴州市,马头岭,,,,,,,,,,,,,,,,
2025-10-21T0300,2473A,113.0116,25.8226,郴州市,市职中,,8,7,6,3,5,16,,,,12,13,2,2,0.8,0.7
2025-10-21T0300,2475A,113.0383,25.8071,郴州市,市审计局,,6,6,6,3,5,18,,,,9,9,16,9,0.2,0.2
2025-10-21T0300,2476A,113.0348,25.7759,郴州市,市环保局,,19,13,9,13,4,22,,,,11,12,3,2,0.6,0.6
2025-10-21T0300,4252A,113.0138,25.8011,郴州市,好美居路49号,,9,6,6,3,4,26,,,,11,13,5,6,0.6,0.5
2025-10-21T0300,1431A,103.9728,30.7236,成都市,金泉两河,,,8,8,3,3,39,,,,12,14,,2,0.6,0.6
2025-10-21T0300,1432A,104.176,30.6872,成都市,十里店,,12,6,7,3,3,38,,,,18,16,3,3,0.5,0.6
2025-10-21T0300,1433A,104.079,30.5706,成都市,三瓦窑,,17,17,14,3,4,43,,,,13,13,4,4,0.6,0.6
2025-10-21T0300,1434A,104.1114,30.63,成都市,沙河铺,,23,,14,16,8,34,,,,24,23,4,4,0.5,0.5
2025-10-21T0300,1437A,104.0786,30.6531,成都市,君平街,,25,,13,17,7,38,,,,10,11,4,4,0.5,0.5
2025-10-21T0300,1438A,103.613,31.0283,成都市,灵岩寺,,,,,,,,,,,,,,,,
2025-10-21T0300,2880A,104.0239,30.65639,成都市,大石西路,,13,11,12,6,6,39,,,,15,16,2,2,0.4,0.4
2025-10-21T0300,3136A,104.2725,30.5589,成都市,龙泉驿区区政府,,11,6,1,3,1,34,,,,16,13,6,6,0.5,0.5
2025-10-21T0300,3357A,104.0106,30.6931,成都市,金博路,,12,6,3,3,2,36,,,,16,17,6,6,0.4,0.4
2025-10-21T0300,3359A,104.0578,30.5225,成都市,华阳,,13,,4,9,6,37,,,,13,13,4,4,0.5,0.6
2025-10-21T0300,3488A,104.3880,30.7467,成都市,青石路225号,,16,12,9,11,6,33,,,,12,12,5,3,0.6,0.6
2025-10-21T0300,3489A,104.0789,30.4072,成都市,科学城,,12,6,4,3,2,38,,,,12,12,4,4,0.5,0.5
2025-10-21T0300,4011A,103.8506,30.6947,成都市,光华大道三段,,14,6,10,3,3,43,,,,15,16,2,2,0.6,0.5
2025-10-21T0300,4224A,104.2433,30.5353,成都市,鲸龙路1057号,,,10,6,3,2,35,,,,18,18,,4,0.5,0.5
2025-10-21T0300,1062A,117.9531,40.9081,承德市,铁路,,25,25,23,10,11,17,,,,15,18,1,2,0.3,0.3
2025-10-21T0300,1063A,117.9392,40.9763,承德市,中国银行,,36,36,25,22,9,2,,,,26,17,2,2,0.4,0.4
2025-10-21T0300,1064A,117.9503,40.928,承德市,开发区,,38,38,32,25,17,2,,,,32,20,3,3,0.3,0.2
2025-10-21T0300,1066A,117.9268,41.0026,承德市,离宫,,,,,,,,,,,,,,,,
2025-10-21T0300,4274A,117.7994,40.9605,承德市,滨河大街98号,,33,33,22,15,12,8,,,,32,19,1,2,0.3,0.3
2025-10-21T0300,2314A,117.47,30.6618,池州市,池州学院,,18,18,24,8,14,56,,,,12,16,6,6,0.2,0.4
2025-10-21T0300,3237A,117.4918,30.6617,池州市,展览馆,,23,23,28,10,15,57,,,,16,22,12,10,0.5,0.5
2025-10-21T0300,3333A,117.5627,30.695,池州市,第八中学,,25,25,28,10,14,54,,,,17,20,10,8,0.6,0.6
2025-10-21T0300,3334A,117.5038,30.6243,池州市,第十二中学,,23,23,26,9,13,57,,,,18,21,10,8,0.6,0.6
2025-10-21T0300,1744A,118.9233,42.2816,赤峰市,松山一中,细颗粒物(PM2.5),63,66,20,45,10,4,,,,34,24,8,6,0.9,0.6
2025-10-21T0300,1745A,118.9576,42.2728,赤峰市,哈达街,颗粒物(PM10),52,53,28,34,16,8,,,,36,26,7,7,0.5,0.5
2025-10-21T0300,1746A,118.8788,42.2554,赤峰市,天义路,细颗粒物(PM2.5),59,48,17,42,15,5,,,,28,21,8,12,0.5,0.5
2025-10-21T0300,3058A,119.2658,42.0353,赤峰市,银河街,,37,37,29,19,15,3,,,,35,22,16,11,0.7,0.6
2025-10-21T0300,3286A,118.9359,42.3147,赤峰市,桥北物流园区,,21,16,17,14,12,2,,,,41,28,8,8,0.4,0.3
2025-10-21T0300,2521A,107.3476,22.4136,崇左市,市环保局江州分局,,15,8,19,8,9,46,,,,5,5,4,4,0.6,0.6
2025-10-21T0300,4256A,107.3750,22.3736,崇左市,石景林东路7号,,18,6,10,3,7,56,,,,6,6,6,6,0.6,0.6
2025-10-21T0300,2298A,118.3093,32.3153,滁州市,老年大学,,30,30,30,19,14,42,,,,6,7,1,2,0.2,0.1
2025-10-21T0300,2299A,118.3244,32.2786,滁州市,人大宾馆,,28,24,27,19,12,44,,,,3,3,4,4,0.1,0.1
2025-10-21T0300,3207A,118.3118,32.3038,滁州市,市政府原办公楼,,30,26,31,21,15,43,,,,7,10,5,6,0.2,0.1
2025-10-21T0300,3331A,118.3267,32.2634,滁州市,图书馆,,35,29,23,24,14,46,,,,8,8,6,6,0.3,0.2
2025-10-21T0300,2605A,101.5482,25.0441,楚雄彝族自治州,州环境监测站,,29,28,17,20,11,2,,,,17,10,46,20,0.8,0.6
2025-10-21T0300,2606A,101.538,25.0492,楚雄彝族自治州,市经济开发区,,21,21,17,14,11,2,,,,16,11,16,9,0.8,0.7
2025-10-21T0300,2548A,107.5277,31.2827,达州市,达州职业技术学院,,,,,,,,,,,,,,,,
2025-10-21T0300,2549A,107.5086,31.2186,达州市,市环境监测站,,7,6,7,3,0,22,,,,12,15,6,6,0.3,0.3
2025-10-21T0300,2550A,107.4988,31.2132,达州市,凤凰小区,,8,7,7,3,1,25,,,,11,13,5,5,0.3,0.3
2025-10-21T0300,2551A,107.5082,31.1986,达州市,达县机关宾馆,,9,7,4,3,3,14,,,,17,20,5,5,0.3,0.4
2025-10-21T0300,2552A,107.4644,31.2124,达州市,市政中心,,14,14,14,3,0,24,,,,9,13,11,7,0.3,0.4
2025-10-21T0300,2614A,100.1542,25.7054,大理白族自治州,大理市环境监测站,,11,6,7,3,8,34,,,,5,6,4,4,0.6,0.7
2025-10-21T0300,2615A,100.2171,25.5811,大理白族自治州,大理古城,,9,9,11,3,8,25,,,,4,8,6,6,0.7,0.7
2025-10-21T0300,1109A,121.612,38.9741,大连市,甘井子,,18,17,18,12,8,48,,,,29,18,8,7,0.6,0.6
2025-10-21T0300,1110A,121.565,38.9511,大连市,周水子,,26,26,19,17,10,52,,,,27,22,8,8,0.3,0.3
2025-10-21T0300,1111A,121.5637,38.8845,大连市,星海三站,,18,17,16,12,9,50,,,,8,7,5,6,0.2,0.2
2025-10-21T0300,1112A,121.6302,38.9117,大连市,青泥洼桥,,20,20,18,10,8,61,,,,12,15,11,10,0.2,0.2
2025-10-21T0300,1113A,121.6251,38.8638,大连市,傅家庄,,19,14,14,7,6,58,,,,13,11,5,5,0.8,0.8
2025-10-21T0300,1114A,121.5213,38.8661,大连市,七贤岭,,18,18,18,8,7,46,,,,15,14,6,6,0.0,0.1
2025-10-21T0300,1115A,121.2529,38.8061,大连市,旅顺,,16,13,14,8,6,49,,,,11,8,8,8,0.2,0.2
2025-10-21T0300,1116A,121.7485,39.1311,大连市,金州,,22,14,17,8,9,69,,,,13,16,8,7,0.2,0.3
2025-10-21T0300,1117A,121.7811,39.0496,大连市,开发区,,21,12,14,7,7,67,,,,6,9,5,5,0.3,0.3
2025-10-21T0300,1118A,121.9762,39.0631,大连市,双D港,,21,14,16,7,8,65,,,,7,8,8,8,1.0,0.9
2025-10-21T0300,1789A,124.81117,46.03138,大庆市,大同区,,25,25,29,14,12,28,,,,21,14,7,8,0.5,0.5
2025-10-21T0300,1790A,125.129,46.533,大庆市,龙凤区,,32,32,33,15,16,48,,,,15,22,10,10,0.5,0.6
2025-10-21T0300,1791A,124.902,46.408,大庆市,红岗区,,32,29,29,22,17,35,,,,7,9,6,5,0.4,0.4
2025-10-21T0300,1792A,125.153,46.586,大庆市,萨尔图区,,24,24,32,12,14,46,,,,18,24,10,9,0.3,0.3
2025-10-21T0300,1793A,124.9042,46.6215,大庆市,让胡路区,,36,27,28,25,19,50,,,,7,18,6,5,0.3,0.4
2025-10-21T0300,3481A,125.141,46.634,大庆市,萨区政府监测点,,26,26,24,7,3,42,,,,13,14,8,8,0.3,0.3
2025-10-21T0300,1721A,113.3819,40.1097,大同市,果树场,,35,30,34,24,23,6,,,,32,28,5,7,0.6,0.6
2025-10-21T0300,1723A,113.2994,40.0758,大同市,云冈宾馆,,36,36,31,20,14,9,,,,38,22,28,9,0.9,0.9
2025-10-21T0300,1724A,113.3444,40.0917,大同市,大同大学,,33,33,26,22,15,25,,,,29,24,25,9,0.6,0.4
2025-10-21T0300,1725A,113.2661,40.1269,大同市,安家小村,颗粒物(PM10),59,68,43,26,20,7,,,,38,29,15,6,1.4,0.8
2025-10-21T0300,1726A,113.2711,40.0844,大同市,教育学院,颗粒物(PM10),57,63,35,28,19,3,,,,44,29,15,7,1.3,0.8
2025-10-21T0300,3282A,113.3397,40.0597,大同市,大同市卫生学校,,35,35,25,19,15,10,,,,43,28,16,7,0.6,0.4
2025-10-21T0300,3565A,113.1367,40.1122,大同市,云冈站,,47,47,43,20,19,5,,,,30,24,11,8,0.4,0.4
2025-10-21T0300,3566A,113.1186,40.2556,大同市,图书馆,,46,46,36,16,17,6,,,,23,20,4,9,0.6,0.6
2025-10-21T0300,3567A,113.5931,40.0461,大同市,区一中,,18,18,21,10,12,51,,,,11,10,4,5,0.5,0.5
2025-10-21T0300,4199A,113.2798,40.0997,大同市,魏都大道141号,,,64,39,34,20,5,,,,44,29,,6,1.0,0.7
2025-10-21T0300,2269A,124.1069,50.4097,大兴安岭地区,科技局,,13,9,17,8,11,41,,,,2,4,3,3,0.2,0.2
2025-10-21T0300,3663A,124.1164,50.4278,大兴安岭地区,红旗社区,,19,6,8,3,5,60,,,,2,5,4,3,0.3,0.3
2025-10-21T0300,1600A,124.3303,40.0625,丹东市,江湾东路,,21,21,18,13,11,46,,,,16,14,10,9,0.5,0.5
2025-10-21T0300,1601A,124.4256,40.1503,丹东市,临江后街,,21,21,18,10,8,44,,,,13,11,10,7,0.4,0.4
2025-10-21T0300,1602A,124.3933,40.1461,丹东市,元宝山,,22,22,19,10,8,40,,,,14,11,9,9,0.5,0.5
2025-10-21T0300,1603A,124.3633,40.1092,丹东市,民主桥,,22,22,20,12,9,40,,,,17,15,6,6,0.4,0.4
2025-10-21T0300,3541A,109.5726,19.5167,儋州市,第一中学子站,,19,19,26,9,15,44,,,,5,6,4,4,0.6,0.6
2025-10-21T0300,3542A,109.5567,19.5187,儋州市,东坡学校子站,,25,25,29,9,16,53,,,,6,8,4,6,0.4,0.5
2025-10-21T0300,2616A,98.5842,24.428,德宏傣族景颇族自治州,德宏州监测站,,23,23,22,13,14,5,,,,12,14,8,10,0.4,0.5
2025-10-21T0300,3677A,98.5881,24.4368,德宏傣族景颇族自治州,芒市人民政府综合楼,,21,21,28,14,13,3,,,,13,14,8,10,0.6,0.7
2025-10-21T0300,1901A,104.4239,31.1208,德阳市,东山公园,,14,,7,6,6,42,,,,7,6,2,2,0.6,0.6
2025-10-21T0300,1902A,104.3826,31.1317,德阳市,西小区,,17,10,12,7,6,52,,,,6,8,3,3,1.2,1.8
2025-10-21T0300,1904A,104.3553,31.1091,德阳市,耐火材料厂,,15,10,11,6,6,46,,,,13,14,1,1,0.6,0.7
2025-10-21T0300,3639A,104.4019,31.1244,德阳市,市教育局,,15,6,7,3,6,46,,,,5,8,3,3,0.7,0.7
2025-10-21T0300,1622A,116.3032,37.4674,德州市,儿童乐园,颗粒物(PM10),57,63,45,19,16,7,,,,58,38,12,10,0.6,0.5
2025-10-21T0300,1624A,116.2991,37.4451,德州市,监理站,,,,29,,10,,,50,,,38,,13,,0.5
2025-10-21T0300,3066A,116.2721,37.4379,德州市,九衢泉纯净水厂,,,,34,,14,,,39,,,35,,11,,0.4
2025-10-21T0300,3371A,116.3728,37.4403,德州市,开发区人民医院,,44,44,36,22,14,1,,,,69,43,13,12,0.6,0.6
2025-10-21T0300,3511A,116.5652,37.3319,德州市,陵城艺术中心,,44,44,44,22,16,8,,,,34,31,12,14,0.6,0.5
2025-10-21T0300,4292A,116.3525,37.4209,德州市,新河东路,,,,31,,12,,,45,,,29,,8,,0.6
2025-10-21T0300,2621A,99.7056,27.8317,迪庆藏族自治州,迪庆州站,,20,20,18,12,11,48,,,,5,8,6,6,0.2,0.3
2025-10-21T0300,3180A,99.7136,27.8094,迪庆藏族自治州,质量技术监督局,,25,,19,17,10,50,,,,8,10,7,8,0.4,0.4
2025-10-21T0300,4257A,104.6092,35.5962,定西市,将台街,,30,30,29,14,14,59,,,,6,11,7,7,0.4,0.4
2025-10-21T0300,4309A,104.6159,35.5701,定西市,正龙路62号,,27,27,31,12,17,54,,,,5,7,4,4,0.3,0.4
2025-10-21T0300,1389A,113.7547,23.0494,东莞市,莞城梨川,,13,6,9,3,5,39,,,,9,8,5,6,0.5,0.6
2025-10-21T0300,1390A,113.7944,23.0128,东莞市,东城石井,,13,6,12,3,6,39,,,,8,9,6,6,0.6,0.6
2025-10-21T0300,1391A,113.7383,22.9658,东莞市,南城西平,,11,9,8,3,5,34,,,,17,15,8,7,0.5,0.5
2025-10-21T0300,3319A,113.7338,23.0381,东莞市,万江金泰,,12,6,11,3,6,37,,,,7,7,7,7,0.8,0.8
2025-10-21T0300,3626A,113.7533,23.0202,东莞市,南城元岭,,14,6,10,3,6,43,,,,12,12,6,6,0.4,0.5
2025-10-21T0300,3627A,113.7875,23.0457,东莞市,东城主山,,14,6,11,3,5,43,,,,9,11,2,2,0.4,0.5
2025-10-21T0300,1666A,118.6614,37.4309,东营市,市环保局,,17,17,18,3,5,39,,,,23,22,8,7,0.7,0.6
2025-10-21T0300,3036A,118.6904,37.4338,东营市,开发区管委会,,19,19,23,7,8,35,,,,21,18,7,6,0.4,0.2
2025-10-21T0300,3365A,118.5719,37.565,东营市,垦利区民丰路,,,17,19,7,8,38,,,,20,22,,2,0.7,0.4
2025-10-21T0300,3498A,118.5055,37.8612,东营市,河口城区,,27,27,19,3,4,33,,,,29,20,5,5,0.4,0.2
2025-10-21T0300,3646A,118.4978,37.4623,东营市,胜利站,,35,35,34,12,8,24,,,,35,29,7,9,0.4,0.3
2025-10-21T0300,3734A,118.35,37.26,东营市,理想之城,,34,34,24,12,8,28,,,,27,27,3,3,0.5,0.3
2025-10-21T0300,1591A,110.0023,39.8129,鄂尔多斯市,综合楼,,27,27,44,3,13,37,,,,35,51,15,14,0.4,0.6
2025-10-21T0300,1592A,109.9486,39.8261,鄂尔多斯市,巴音孟克林场办事处,,29,29,51,14,17,38,,,,32,46,9,11,0.4,0.5
2025-10-21T0300,1593A,109.7736,39.5986,鄂尔多斯市,康泽苑,,46,46,40,17,16,2,,,,40,37,2,4,0.3,0.4
2025-10-21T0300,1594A,109.8119,39.5989,鄂尔多斯市,华泰汽车城,颗粒物(PM10),52,53,40,17,15,0,,,,48,42,5,6,0.4,0.4
2025-10-21T0300,1595A,109.9734,39.7884,鄂尔多斯市,奥林花园,,27,27,48,12,14,18,,,,46,46,7,9,0.3,0.4
2025-10-21T0300,2436A,114.8938,30.3994,鄂州市,市政府,,,,23,15,12,34,,,,13,15,7,7,0.2,0.3
2025-10-21T0300,2437A,114.8989,30.3714,鄂州市,赵家坝,,16,16,20,9,9,40,,,,7,10,7,8,0.4,0.5
2025-10-21T0300,3654A,114.8094,30.4089,鄂州市,精准医疗中心,,20,20,21,13,11,38,,,,8,11,5,6,0.6,0.5
2025-10-21T0300,2454A,109.4978,30.2981,恩施土家族苗族自治州,湖北民院,,16,6,11,3,4,50,,,,6,6,6,6,0.4,0.4
2025-10-21T0300,2455A,109.4707,30.2798,恩施土家族苗族自治州,州电力总公司,,15,6,5,3,2,48,,,,3,6,5,5,0.5,0.6
2025-10-21T0300,3549A,109.5061,30.3772,恩施土家族苗族自治州,龙凤新区,,15,6,4,3,3,47,,,,2,2,7,8,0.4,0.4
2025-10-21T0300,2499A,108.3411,21.6158,防城港市,沙万,,16,,18,11,10,48,,,,6,6,4,4,0.5,0.6
2025-10-21T0300,2500A,108.3514,21.7731,防城港市,防城档案局,,36,36,33,7,12,48,,,,8,8,5,5,0.5,0.6
2025-10-21T0300,2501A,108.3506,21.6414,防城港市,大海花园,,19,,21,13,12,52,,,,6,6,5,4,0.5,0.5
2025-10-21T0300,1371A,113.1294,23.0067,佛山市,湾梁,,13,6,19,3,7,40,,,,19,20,7,7,0.6,0.6
2025-10-21T0300,1372A,113.1083,23.0478,佛山市,华材职中,,,12,21,3,6,41,,,,11,12,,6,0.6,0.6
2025-10-21T0300,1373A,113.144,23.0453,佛山市,南海气象局,,15,8,16,6,8,45,,,,13,14,8,8,0.7,0.8
2025-10-21T0300,1374A,113.2881,22.8094,佛山市,顺德苏岗,,,8,19,3,6,34,,,,14,17,,8,0.5,0.5
2025-10-21T0300,1376A,112.8383,22.8678,佛山市,高明孔堂,,14,14,20,3,6,44,,,,12,13,3,4,0.3,0.4
2025-10-21T0300,1377A,112.8836,23.1588,佛山市,三水监测站,,13,7,15,3,2,40,,,,14,10,7,7,0.5,0.6
2025-10-21T0300,1378A,112.867,23.185,佛山市,三水云东海,,16,16,20,3,6,31,,,,15,13,7,5,0.6,0.6
2025-10-21T0300,3625A,113.2544,22.7642,佛山市,容桂街道办,,11,7,14,3,10,34,,,,16,15,6,6,0.7,0.7
2025-10-21T0300,1280A,119.3903,26.0543,福州市,鼓山,,17,8,13,3,3,53,,,,8,9,1,2,0.5,0.6
2025-10-21T0300,1282A,119.2681,26.0504,福州市,师大,,18,7,14,3,5,55,,,,9,11,5,6,0.4,0.5
2025-10-21T0300,1283A,119.2984,26.1028,福州市,五四北路,,18,6,15,3,4,57,,,,8,11,4,4,0.4,0.4
2025-10-21T0300,1284A,119.2648,26.0768,福州市,杨桥西路,,18,7,14,3,4,56,,,,8,9,4,4,0.3,0.4
2025-10-21T0300,1285A,119.317,26.0746,福州市,紫阳,,19,7,17,3,5,58,,,,7,9,6,6,0.3,0.4
2025-10-21T0300,3048A,119.5799,26.0936,福州市,九龙,,17,9,14,3,4,52,,,,10,10,4,5,0.6,0.5
2025-10-21T0300,3526A,119.5189,25.9664,福州市,吴航,,17,9,14,6,7,53,,,,8,8,6,6,0.6,0.4
2025-10-21T0300,1755A,123.7977,41.8491,抚顺市,望花区,颗粒物(PM10),84,118,56,46,28,1,,,,40,31,8,8,0.9,0.8
2025-10-21T0300,1756A,123.9161,41.8822,抚顺市,顺城区,细颗粒物(PM2.5),67,60,51,48,28,2,,,,38,32,7,8,0.7,0.7
2025-10-21T0300,1757A,124.0436,41.8611,抚顺市,东洲区,细颗粒物(PM2.5),55,55,45,39,32,12,,,,26,23,8,9,0.8,0.8
2025-10-21T0300,1758A,123.9247,41.8642,抚顺市,新抚区,"颗粒物(PM10),细颗粒物(PM2.5)",62,74,60,44,31,2,,,,33,27,6,8,0.8,0.8
2025-10-21T0300,1759A,124.0972,41.8961,抚顺市,大伙房水库,细颗粒物(PM2.5),57,48,56,40,34,4,,,,45,30,10,12,0.6,0.5
2025-10-21T0300,1760A,123.7086,41.8391,抚顺市,沈抚新城,细颗粒物(PM2.5),62,65,48,44,32,2,,,,36,28,8,8,0.7,0.5
2025-10-21T0300,2376A,116.2127,28.0814,抚州市,桐源党溪,,,,,,,,,,,,,,,,
2025-10-21T0300,2377A,116.3544,27.9831,抚州市,市站,,31,31,22,13,8,50,,,,6,7,2,2,0.5,0.5
2025-10-21T0300,2378A,116.3565,27.963,抚州市,血防站,,35,35,25,10,8,52,,,,6,7,6,7,0.3,0.4
2025-10-21T0300,2379A,116.3564,28.0007,抚州市,采茶剧团,,28,28,22,10,7,51,,,,2,3,6,6,0.3,0.4
2025-10-21T0300,2380A,116.385,27.9647,抚州市,医学分院,,34,34,40,10,9,53,,,,2,3,13,9,0.3,0.4
2025-10-21T0300,2207A,121.6094,41.998,阜新市,工业园区,,37,37,32,14,17,24,,,,28,27,10,10,0.4,0.4
2025-10-21T0300,2208A,121.6697,42.0279,阜新市,长青街,,46,46,35,12,14,22,,,,27,23,9,8,0.3,0.3
2025-10-21T0300,2209A,121.6673,42.0705,阜新市,农业园区,,19,19,15,9,4,40,,,,14,9,10,5,0.4,0.3
2025-10-21T0300,2210A,121.6717,42.0224,阜新市,东苑,颗粒物(PM10),51,52,48,15,14,26,,,,26,24,8,5,0.4,0.5
2025-10-21T0300,2211A,121.6506,42.0498,阜新市,玉龙新城,,38,38,35,8,11,2,,,,47,26,7,7,0.3,0.3
2025-10-21T0300,2301A,115.8277,32.8929,阜阳市,市监测站,,45,43,34,31,20,46,,,,25,26,5,4,0.3,0.2
2025-10-21T0300,2303A,115.8554,32.8605,阜阳市,开发区,,48,38,41,33,22,51,,,,17,16,8,8,0.5,0.4
2025-10-21T0300,2875A,115.784,32.8892,阜阳市,阜阳职业技术学院,,46,,25,32,19,52,,,,17,18,8,6,0.3,0.2
2025-10-21T0300,3468A,115.7901,32.8613,阜阳市,市规划展馆,,38,36,29,26,16,53,,,,17,17,6,5,0.5,0.3
2025-10-21T0300,3469A,115.836,32.9183,阜阳市,枣园社区,,,36,30,25,16,46,,,,19,19,,8,0.4,0.2
2025-10-21T0300,2669A,102.9099,34.9841,甘南藏族自治州,州政府,,40,,36,28,28,32,,,,15,17,4,4,0.3,0.4
2025-10-21T0300,3380A,102.8914,34.9617,甘南藏族自治州,甘肃民族师范学院,,15,14,37,6,20,48,,,,9,20,4,5,0.3,0.4
2025-10-21T0300,2570A,101.9603,30.0475,甘孜藏族自治州,水桥子,,10,6,5,3,5,30,,,,11,10,13,7,0.6,0.6
2025-10-21T0300,3065A,101.9533,29.9972,甘孜藏族自治州,州环保局,,13,6,5,3,4,39,,,,9,10,5,5,0.6,0.6
2025-10-21T0300,3414A,115.8347,28.932,赣江新区,桑海产业园,,36,36,32,8,15,39,,,,10,11,3,3,0.3,0.2
2025-10-21T0300,2362A,114.9017,25.9149,赣州市,通天岩,,21,21,16,14,8,38,,,,6,6,16,16,0.5,0.6
2025-10-21T0300,2363A,114.9367,25.8664,赣州市,地委,,38,38,30,11,6,26,,,,11,9,5,5,0.6,0.6
2025-10-21T0300,2364A,114.9461,25.8481,赣州市,气象台,,40,40,27,12,6,37,,,,8,10,5,5,0.7,0.7
2025-10-21T0300,2365A,114.9322,25.8333,赣州市,市图书馆,,29,20,12,20,9,38,,,,10,10,5,5,0.7,0.7
2025-10-21T0300,2366A,114.8905,25.8471,赣州市,华坚鞋城,,21,21,17,13,8,37,,,,10,11,4,4,0.5,0.5
2025-10-21T0300,3109A,115.0093,25.8613,赣州市,赣县区卫计委,,25,20,11,17,9,39,,,,4,5,6,7,0.6,0.6
2025-10-21T0300,2683A,106.2319,36.1417,固原市,马园,,,,,,,,,,,,,,,,
2025-10-21T0300,2684A,106.2792,36.0022,固原市,监测站,,13,9,8,9,8,35,,,,7,12,4,4,0.5,0.6
2025-10-21T0300,2685A,106.2375,36.0211,固原市,新区,,12,,7,8,5,31,,,,8,11,3,3,0.4,0.5
2025-10-21T0300,3522A,106.2177,35.9959,固原市,原州区十五小,,13,12,10,9,7,31,,,,8,12,6,6,0.7,0.7
2025-10-21T0300,2543A,106.6308,30.5278,广安市,小平旧居,,,,,,,,,,,,,,,,
2025-10-21T0300,2544A,106.6303,30.4576,广安市,市委,,13,6,7,6,7,40,,,,6,7,3,3,0.5,0.5
2025-10-21T0300,2545A,106.6271,30.4663,广安市,友谊中学,,,7,9,6,6,42,,,,6,7,,4,0.7,0.7
2025-10-21T0300,2547A,106.6388,30.4551,广安市,广电花园,,,8,8,6,7,36,,,,8,9,,7,0.5,0.5
2025-10-21T0300,2902A,106.6351,30.4865,广安市,北辰小学,,13,,7,3,6,40,,,,6,7,6,7,0.5,0.5
2025-10-21T0300,2523A,105.8945,32.4535,广元市,黑石坡,,,,,,,,,,,,,,,,
2025-10-21T0300,2524A,105.821,32.4444,广元市,老城,,18,15,11,3,2,56,,,,8,11,4,4,0.5,0.6
2025-10-21T0300,2526A,105.8628,32.4287,广元市,监测站,,22,,12,15,10,52,,,,5,10,3,4,0.6,0.7
2025-10-21T0300,3617A,105.8047,32.4166,广元市,经开区,,16,6,3,3,2,51,,,,7,10,2,2,0.5,0.6
2025-10-21T0300,1345A,113.2347,23.1423,广州市,广雅中学,,,15,24,6,10,39,,,,14,15,,7,0.2,0.3
2025-10-21T0300,1346A,113.2612,23.105,广州市,市五中,,15,8,16,3,9,48,,,,14,13,9,7,0.6,0.7
2025-10-21T0300,1348A,113.3478,23.0916,广州市,广东商学院,,,6,13,3,11,43,,,,13,15,,5,0.3,0.3
2025-10-21T0300,1349A,113.4332,23.1047,广州市,市八十六中,,14,6,12,3,7,42,,,,12,14,6,6,0.7,0.7
2025-10-21T0300,1350A,113.3505,22.9483,广州市,番禺中学,,14,8,16,3,5,42,,,,11,11,6,6,0.5,0.6
2025-10-21T0300,1351A,113.2146,23.3916,广州市,花都师范,,,,18,4,6,42,,,,12,13,6,6,0.5,0.6
2025-10-21T0300,1352A,113.2597,23.1331,广州市,市监测站,,,12,18,3,7,46,,,,11,13,,7,0.7,0.7
2025-10-21T0300,1353A,113.5618,23.312,广州市,九龙镇镇龙,,12,6,10,3,5,38,,,,9,10,5,5,0.6,0.6
2025-10-21T0300,1354A,113.2765,23.1544,广州市,麓湖,,,9,16,3,8,40,,,,14,14,,8,0.5,0.5
2025-10-21T0300,1355A,113.443,23.3035,广州市,帽峰山森林公园,,,,,,,,,,,,,,,,
2025-10-21T0300,2846A,113.3221,23.1322,广州市,体育西,,,6,14,3,10,44,,,,10,12,,6,0.4,0.4
2025-10-21T0300,3298A,113.5717,23.5491,广州市,从化街口,,14,6,8,3,5,43,,,,8,8,7,7,0.5,0.5
2025-10-21T0300,3299A,113.3472,23.3692,广州市,白云竹料,,15,7,13,3,7,47,,,,8,8,8,7,0.4,0.5
2025-10-21T0300,3300A,113.2981,23.237,广州市,白云嘉禾,,15,9,17,3,9,47,,,,9,11,8,8,0.5,0.5
2025-10-21T0300,3301A,113.4256,23.1716,广州市,黄埔科学城,,15,6,12,3,6,46,,,,7,8,4,4,0.5,0.5
2025-10-21T0300,3302A,113.3942,23.0483,广州市,番禺大学城,,13,11,15,3,7,41,,,,21,19,5,6,0.5,0.6
2025-10-21T0300,3303A,113.4922,22.8168,广州市,南沙黄阁,,12,12,22,3,8,34,,,,20,19,8,9,0.7,0.7
2025-10-21T0300,3304A,113.5342,22.7896,广州市,南沙街,,14,14,21,3,8,38,,,,12,13,8,8,0.4,0.4
2025-10-21T0300,3443A,113.2902,23.5544,广州市,花都梯面,,13,10,11,6,7,39,,,,9,10,7,8,0.5,0.5
2025-10-21T0300,3445A,113.7858,23.7478,广州市,从化良口,,15,6,6,3,4,45,,,,9,9,6,6,0.4,0.4
2025-10-21T0300,3446A,113.8051,23.2614,广州市,增城荔城,,,6,9,3,5,38,,,,10,8,,6,0.4,0.4
2025-10-21T0300,2505A,109.568,23.1478,贵港市,德智高中,,,,,,,,,,,,,,,,
2025-10-21T0300,2506A,109.6047,23.0666,贵港市,江南子站,,17,17,17,8,8,51,,,,8,8,4,4,0.5,0.6
2025-10-21T0300,2508A,109.5669,23.1065,贵港市,荷城子站,,17,17,15,3,4,47,,,,8,8,3,3,0.6,0.7
2025-10-21T0300,3405A,109.5886,23.1172,贵港市,新世纪学校,,16,14,20,6,7,50,,,,3,5,3,2,0.6,0.7
2025-10-21T0300,4260A,109.5933,23.0951,贵港市,中山路155-3号,,15,14,16,7,9,48,,,,5,6,3,3,0.5,0.6
2025-10-21T0300,1439A,106.6899,26.5998,贵阳市,马鞍山,,14,,4,3,10,44,,,,4,5,2,2,0.3,0.3
2025-10-21T0300,1441A,106.6243,26.6266,贵阳市,鉴湖路,,14,14,19,3,4,37,,,,5,8,4,4,0.4,0.4
2025-10-21T0300,1442A,106.7487,26.6343,贵阳市,燕子冲,,14,,7,7,9,42,,,,6,7,4,4,0.2,0.2
2025-10-21T0300,1443A,106.6555,26.4365,贵阳市,碧云窝,,13,7,20,3,4,39,,,,4,10,4,3,0.2,0.2
2025-10-21T0300,1445A,106.7109,26.6027,贵阳市,红边门,,14,9,11,7,6,44,,,,8,8,2,2,0.4,0.5
2025-10-21T0300,1446A,106.7164,26.5699,贵阳市,新华路,,12,7,10,3,3,37,,,,5,8,3,3,0.4,0.4
2025-10-21T0300,1447A,106.674,26.5424,贵阳市,太慈桥,,13,6,10,3,2,39,,,,5,8,2,3,0.2,0.3
2025-10-21T0300,1552A,106.805,26.3003,贵阳市,桐木岭,,24,24,30,9,17,44,,,,1,3,1,1,1.0,1
2025-10-21T0300,4230A,106.6882,26.5695,贵阳市,花果园大街66号,,13,,4,3,6,41,,,,4,6,3,3,0.3,0.4
2025-10-21T0300,4231A,106.6873,26.5169,贵阳市,漓江路57号,,14,,9,3,4,43,,,,3,6,6,6,0.3,0.6
2025-10-21T0300,1862A,110.4144,25.3167,桂林市,电子科大尧山校区,,,,,,,,,,,,,,,,
2025-10-21T0300,1864A,110.3089,25.2708,桂林市,龙隐路小学,,15,6,8,3,2,45,,,,6,6,4,5,0.3,0.3
2025-10-21T0300,1865A,110.2869,25.2178,桂林市,八中,,15,6,8,3,2,48,,,,6,7,6,7,0.3,0.4
2025-10-21T0300,3531A,110.296,25.1253,桂林市,旅游学院,,17,6,2,3,2,53,,,,5,5,4,4,0.5,0.5
2025-10-21T0300,4222A,110.1835,25.2444,桂林市,环湖路276号,,14,,9,7,8,43,,,,7,8,5,5,0.2,0.3
2025-10-21T0300,4301A,110.2803,25.2773,桂林市,信义路13号,,15,,9,10,3,44,,,,6,7,6,6,0.3,0.3
2025-10-21T0300,2674A,100.2561,34.4714,果洛藏族自治州,玛沁县大武镇,,40,31,31,28,24,75,,,,2,7,27,23,0.3,0.4
2025-10-21T0300,1129A,126.5422,45.755,哈尔滨市,岭北,,,,,,,,,,,,,,,,
2025-10-21T0300,1130A,126.561,45.8167,哈尔滨市,松北商大,,29,24,27,20,16,14,,,,25,21,4,6,0.5,0.5
2025-10-21T0300,1131A,126.979,45.5419,哈尔滨市,阿城会宁,,40,40,27,24,17,10,,,,26,22,11,10,0.5,0.4
2025-10-21T0300,1132A,126.599,45.7222,哈尔滨市,南岗学府路,,35,35,28,11,10,25,,,,36,46,8,9,0.3,0.3
2025-10-21T0300,1133A,126.689,45.7733,哈尔滨市,太平宏伟公园,,23,23,19,10,12,32,,,,24,17,9,9,0.5,0.4
2025-10-21T0300,1134A,126.635,45.7667,哈尔滨市,道外承德广场,,40,40,35,18,13,23,,,,37,25,8,8,0.8,0.7
2025-10-21T0300,1135A,126.685,45.7319,哈尔滨市,香坊红旗大街,,29,29,30,14,14,25,,,,36,27,13,12,0.5,0.5
2025-10-21T0300,1136A,126.6411,45.7258,哈尔滨市,动力和平路,,21,21,17,13,17,36,,,,24,22,7,6,0.2,0.2
2025-10-21T0300,1137A,126.593,45.7478,哈尔滨市,道里建国路,,28,27,22,19,15,12,,,,44,26,10,8,0.3,0.3
2025-10-21T0300,1138A,126.615,45.61,哈尔滨市,平房东轻厂,,28,28,27,17,14,3,,,,56,35,12,11,0.5,0.5
2025-10-21T0300,1139A,126.595,45.9855,哈尔滨市,呼兰师专,,35,31,21,24,19,20,,,,23,18,4,4,0.4,0.3
2025-10-21T0300,1140A,126.6206,45.6842,哈尔滨市,省农科院,,47,47,44,18,22,1,,,,52,35,12,11,0.9,0.8
2025-10-21T0300,2688A,93.5128,42.8172,哈密市,地区监测站,颗粒物(PM10),94,137,121,51,41,13,,,,48,39,10,10,0.8,0.3
2025-10-21T0300,2689A,93.4961,42.8328,哈密市,哈密师范学校,颗粒物(PM10),93,136,119,41,35,2,,,,60,41,9,12,0.9,0.7
2025-10-21T0300,2671A,100.9048,36.9639,海北藏族自治州,海晏县西海镇,,48,43,45,33,35,73,,,,8,9,6,8,0.8,0.6
2025-10-21T0300,3867A,102.0738,36.5056,海东市,平安区公安北苑,细颗粒物(PM2.5),64,61,53,46,37,42,,,,21,15,20,13,1.0,0.8
2025-10-21T0300,1409A,110.576,19.9507,海口市,东寨港,,,,,,,,,,,,,,,,
2025-10-21T0300,1410A,110.3232,20.0574,海口市,海南大学,,19,19,24,9,14,52,,,,6,6,7,6,0.4,0.4
2025-10-21T0300,1411A,110.283,20.0053,海口市,秀英海南医院,,26,26,28,10,14,53,,,,6,8,8,8,0.4,0.4
2025-10-21T0300,1412A,110.338,19.9969,海口市,海南师范大学,,19,19,26,9,14,53,,,,8,7,8,7,0.6,0.6
2025-10-21T0300,1413A,110.33,20.0356,海口市,龙华路环保局宿舍,,23,23,26,9,14,53,,,,8,9,8,8,0.4,0.4
2025-10-21T0300,3539A,110.5111,19.9736,海口市,桂林洋子站,,21,21,19,14,18,55,,,,7,7,6,7,0.3,0.3
2025-10-21T0300,2673A,100.6188,36.2866,海南藏族自治州,共和县恰卜恰镇,,37,37,41,18,21,29,,,,12,19,11,13,0.3,0.5
2025-10-21T0300,2676A,97.3731,37.3753,海西蒙古族藏族自治州,德令哈市,,27,,28,18,15,85,,,,1,6,19,18,0.3,0.4
2025-10-21T0300,1048A,114.5302,36.6116,邯郸市,东污水处理厂,,32,,23,22,23,19,,,,37,26,10,13,0.3,0.3
2025-10-21T0300,1049A,114.4918,36.5713,邯郸市,矿院,,28,23,21,19,23,11,,,,43,23,6,9,0.2,0.3
2025-10-21T0300,1050A,114.484,36.6133,邯郸市,丛台公园,,32,,22,22,19,33,,,,29,28,5,7,0.2,0.3
2025-10-21T0300,3458A,114.7895,36.5593,邯郸市,香泉濮院小区,,41,41,33,19,19,13,,,,36,26,5,5,0.3,0.4
2025-10-21T0300,3579A,114.50634,36.77178,邯郸市,永年区实验高中,,40,40,34,13,13,7,,,,55,35,3,4,0.3,0.4
2025-10-21T0300,3580A,114.20016,36.44293,邯郸市,峰峰矿区临水派出所,,39,31,28,27,19,34,,,,30,21,42,13,0.6,0.7
2025-10-21T0300,2634A,106.9893,33.1842,汉中市,汉川机床厂子校,,,,,,,,,,,,,,,,
2025-10-21T0300,2635A,107.0154,33.0706,汉中市,市监测站,,18,8,6,3,4,56,,,,4,5,4,4,0.5,0.5
2025-10-21T0300,2636A,107.0089,33.1138,汉中市,鑫源开发区,,17,6,5,3,2,54,,,,6,6,4,4,0.7,0.8
2025-10-21T0300,2637A,107.007,33.0323,汉中市,南郑大河坎水厂,,17,,9,3,4,52,,,,4,5,7,7,0.7,0.7
2025-10-21T0300,1223A,120.2072,30.2111,杭州市,滨江,,,29,34,8,10,62,,,,15,18,,9,0.5,0.5
2025-10-21T0300,1224A,120.0633,30.2747,杭州市,西溪,,28,28,27,8,10,55,,,,20,22,8,7,0.4,0.4
2025-10-21T0300,1226A,120.3417,30.3150,杭州市,下沙,,27,27,27,3,9,67,,,,7,14,9,9,0.3,0.3
2025-10-21T0300,1227A,120.1269,30.2456,杭州市,卧龙桥,,30,30,30,11,11,49,,,,16,17,10,9,0.4,0.4
2025-10-21T0300,1228A,120.1903,30.2692,杭州市,浙江农大,,35,35,36,14,14,50,,,,21,20,8,6,0.2,0.3
2025-10-21T0300,1230A,120.1197,30.3119,杭州市,和睦小学,,,31,28,8,10,52,,,,16,16,,7,0.5,0.5
2025-10-21T0300,1231A,120.3019,30.4183,杭州市,临平镇,,,25,31,8,11,71,,,,9,13,,6,0.2,0.2
2025-10-21T0300,1232A,120.2753,30.1839,杭州市,城厢镇,,,27,26,11,14,,,,,14,19,6,6,0.3,0.3
2025-10-21T0300,1233A,120.0883,30.1808,杭州市,云栖,,30,30,30,12,13,54,,,,19,18,8,6,0.5,0.5
2025-10-21T0300,3557A,119.9464,30.0494,杭州市,镇二中,,24,24,24,9,9,55,,,,11,14,5,5,0.5,0.5
2025-10-21T0300,3558A,119.7183,30.2367,杭州市,市府大楼,,24,24,22,14,14,62,,,,9,11,9,8,0.1,0.2
2025-10-21T0300,3656A,120.1556,30.2864,杭州市,消防大队,,29,29,29,10,11,51,,,,19,17,11,10,0.3,0.3
2025-10-21T0300,1270A,117.1959,31.7848,合肥市,明珠广场,,28,22,27,19,14,48,,,,11,12,5,5,0.5,0.5
2025-10-21T0300,1271A,117.3072,31.8764,合肥市,三里街,,19,19,26,12,11,41,,,,17,17,5,5,0.4,0.4
2025-10-21T0300,1272A,117.2588,31.8707,合肥市,琥珀山庄,,28,19,27,19,13,47,,,,11,6,9,8,0.3,0.3
2025-10-21T0300,1273A,117.1604,31.9052,合肥市,董铺水库,,,,,,,,,,,,,,,,
2025-10-21T0300,1274A,117.25,31.8571,合肥市,长江中路,,27,27,30,17,13,46,,,,8,9,5,5,0.5,0.5
2025-10-21T0300,1275A,117.266,31.9436,合肥市,庐阳区,,,,28,,11,,,52,,,14,,4,,0.4
2025-10-21T0300,1276A,117.3453,31.8616,合肥市,瑶海区,,18,17,23,12,9,45,,,,14,15,7,7,0.2,0.2
2025-10-21T0300,1277A,117.3027,31.7964,合肥市,包河区,,22,22,29,14,11,47,,,,15,21,4,5,0.4,0.4
2025-10-21T0300,1278A,117.2776,31.7385,合肥市,滨湖新区,,28,22,28,19,17,53,,,,8,10,3,3,0.4,0.5
2025-10-21T0300,1279A,117.1318,31.8403,合肥市,高新区,,24,24,31,12,13,50,,,,12,13,5,4,0.5,0.5
2025-10-21T0300,3464A,117.3803,31.9147,合肥市,高教基地,,24,24,24,15,10,41,,,,16,15,5,5,0.3,0.4
2025-10-21T0300,3614A,79.924,37.0877,和田地区,地区环保局,颗粒物(PM10),111,171,166,60,55,54,,,,24,15,4,6,0.5,0.4
2025-10-21T0300,3615A,79.9131,37.113,和田地区,市环保局,颗粒物(PM10),131,212,180,64,49,13,,,,56,26,6,6,0.6,0.2
2025-10-21T0300,2516A,108.2011,24.715,河池市,东仁乐园,,,,,,,,,,,,,,,,
2025-10-21T0300,2517A,108.0497,24.6947,河池市,市环保站,,14,6,5,3,2,44,,,,6,6,6,6,0.6,0.6
2025-10-21T0300,2518A,108.0983,24.6989,河池市,市疾控中心,,15,6,5,3,3,48,,,,6,6,8,8,0.6,0.7
2025-10-21T0300,1696A,114.6778,23.7569,河源市,源西,,,,,,,,,,,,,,,,
2025-10-21T0300,1697A,114.6944,23.7586,河源市,东埔,,14,,10,6,8,44,,,,9,9,5,5,0.5,0.6
2025-10-21T0300,1698A,114.6892,23.7233,河源市,老城,,14,6,12,3,2,44,,,,6,6,5,5,0.5,0.6
2025-10-21T0300,1718A,115.4208,35.2464,菏泽市,气象局,颗粒物(PM10),52,54,48,28,25,25,,,,26,17,4,6,0.3,0.5
2025-10-21T0300,3374A,115.5564,35.0891,菏泽市,定陶老年大学,,41,41,40,19,20,23,,,,28,21,8,8,0.3,0.4
2025-10-21T0300,4184A,115.4797,35.24401,菏泽市,永昌路1号,,42,42,42,25,24,26,,,,27,16,5,3,0.3,0.3
2025-10-21T0300,4193A,115.4715,35.2800,菏泽市,长城路999号,,47,47,45,16,18,19,,,,30,20,10,12,0.6,0.6
2025-10-21T0300,2514A,111.5264,24.4172,贺州市,环保小区,,14,10,13,3,8,44,,,,6,8,6,6,0.4,0.5
2025-10-21T0300,2515A,111.5608,24.4078,贺州市,政协大楼,,16,16,17,3,6,37,,,,7,10,4,4,0.4,0.4
2025-10-21T0300,3534A,111.4744,24.4553,贺州市,西湾,,14,6,13,3,4,44,,,,6,7,2,2,0.8,0.7
2025-10-21T0300,2385A,114.17,35.9019,鹤壁市,市监测站,,20,14,34,14,21,22,,,,27,24,7,7,0.5,0.6
2025-10-21T0300,2386A,114.2956,35.7511,鹤壁市,市交警支队,,34,34,39,3,17,27,,,,21,27,3,4,0.4,0.4
2025-10-21T0300,2387A,114.2878,35.7306,鹤壁市,迎宾馆,,39,39,41,16,17,29,,,,22,27,4,4,0.4,0.4
2025-10-21T0300,3474A,114.2617,35.6822,鹤壁市,大新区,,39,39,42,17,18,26,,,,25,22,5,5,0.2,0.3
2025-10-21T0300,3596A,114.1572,35.9603,鹤壁市,南山宾馆,,43,39,39,30,22,21,,,,22,19,3,4,0.4,0.5
2025-10-21T0300,2244A,130.2537,47.3416,鹤岗市,哈啤分公司,,22,16,19,12,12,68,,,,4,5,11,11,0.4,0.4
2025-10-21T0300,2245A,130.2684,47.3086,鹤岗市,斯达机电,,29,29,25,15,12,70,,,,5,6,11,11,0.5,0.5
2025-10-21T0300,2246A,130.3114,47.3388,鹤岗市,东山纸板厂,,29,,20,20,15,72,,,,7,6,14,13,1.4,0.6
2025-10-21T0300,2247A,130.1097,47.3382,鹤岗市,五号水库,,,,,,,,,,,,,,,,
2025-10-21T0300,2263A,127.4833,50.2524,黑河市,交通局,,20,,18,14,16,62,,,,4,10,4,4,0.4,0.4
2025-10-21T0300,2264A,127.5144,50.2341,黑河市,环保局,,20,15,20,14,12,55,,,,7,10,5,5,0.4,0.4
2025-10-21T0300,2265A,127.5291,50.2472,黑河市,大黑河岛,,,,,,,,,,,,,,,,
2025-10-21T0300,1074A,115.6838,37.7541,衡水市,电机北厂,,32,25,36,22,20,0,,,,53,28,5,6,0.2,0.4
2025-10-21T0300,1075A,115.6303,37.7316,衡水市,市监测站,,30,30,30,16,13,16,,,,37,30,6,7,0.3,0.3
2025-10-21T0300,3188A,115.6683,37.7217,衡水市,市城管局,,24,24,30,15,18,28,,,,29,22,6,6,0.4,0.4
2025-10-21T0300,3459A,115.5989,37.5491,衡水市,地表水厂,颗粒物(PM10),55,60,34,31,17,0,,,,52,25,8,6,0.3,0.3
2025-10-21T0300,2456A,112.5003,26.9167,衡阳市,原169医院,,,,,,,,,,,,,,,,
2025-10-21T0300,2457A,112.6194,26.9258,衡阳市,衡阳化工总厂,,12,,8,3,3,36,,,,11,13,6,6,0.7,0.7
2025-10-21T0300,2458A,112.6211,26.8956,衡阳市,珠晖区环保局,,12,,7,8,9,34,,,,15,17,8,8,0.9,0.9
2025-10-21T0300,2459A,112.6197,26.8733,衡阳市,市委党校,,,,5,3,2,37,,,,6,8,,10,0.5,0.5
2025-10-21T0300,2460A,112.6006,26.8919,衡阳市,市监测站,,,,8,3,5,37,,,,8,10,,4,0.6,0.7
2025-10-21T0300,2461A,112.5664,26.9056,衡阳市,真空机电公司,,,6,7,3,1,36,,,,6,8,,5,0.6,0.6
2025-10-21T0300,3399A,112.6703,26.882,衡阳市,师范学院,,11,8,11,7,8,33,,,,13,13,7,6,0.8,0.8
2025-10-21T0300,2608A,103.3772,23.3993,红河哈尼族彝族自治州,污水处理厂,,29,25,38,20,28,44,,,,7,11,10,68,0.3,0.4
2025-10-21T0300,2609A,103.3861,23.35,红河哈尼族彝族自治州,监测站,,18,16,31,9,18,56,,,,2,8,10,40,0.2,0.3
2025-10-21T0300,3038A,103.3758,23.368,红河哈尼族彝族自治州,州图书馆,,29,,26,20,30,56,,,,3,7,2,43,0.3,0.4
2025-10-21T0300,1090A,111.6507,40.7517,呼和浩特市,呼市一监,,15,9,16,7,8,46,,,,14,16,2,2,0.4,0.4
2025-10-21T0300,1091A,111.6572,40.8033,呼和浩特市,小召,,17,17,16,6,7,37,,,,30,24,6,6,0.2,0.3
2025-10-21T0300,1094A,111.7516,40.8369,呼和浩特市,如意水处理厂,,15,10,15,3,6,48,,,,11,20,8,8,0.1,0.2
2025-10-21T0300,1095A,111.7276,40.8062,呼和浩特市,二十九中,,19,19,18,7,7,43,,,,20,18,7,7,0.3,0.4
2025-10-21T0300,1096A,111.5512,40.7866,呼和浩特市,工大金川校区,,17,17,23,3,7,25,,,,33,27,5,6,0.2,0.3
2025-10-21T0300,1097A,111.717,40.7612,呼和浩特市,化肥厂生活区,,20,20,16,9,8,44,,,,19,18,4,4,0.6,0.3
2025-10-21T0300,3698A,111.5968,40.8178,呼和浩特市,红旗小学,,15,7,14,6,6,48,,,,12,18,6,6,0.3,0.4
2025-10-21T0300,3699A,111.6518,40.8389,呼和浩特市,海东办,,24,19,13,12,8,8,,,,48,21,5,5,0.3,0.3
2025-10-21T0300,2192A,119.7594,49.2261,呼伦贝尔市,区环保局,,,,,,,,,,,,,,,,
2025-10-21T0300,3061A,119.7512,49.1577,呼伦贝尔市,国华电力东,,29,28,23,20,15,42,,,,7,11,7,6,0.5,0.5
2025-10-21T0300,1250A,120.0751,30.8669,湖州市,城西水厂,,28,28,30,16,14,65,,,,18,16,8,8,0.3,0.4
2025-10-21T0300,2873A,120.0830,30.8929,湖州市,仁皇山新区,,28,28,30,12,12,57,,,,14,12,7,6,0.1,0.2
2025-10-21T0300,2907A,120.1844,30.8596,湖州市,吴兴区站,,,25,28,12,12,55,,,,21,16,,7,0.4,0.3
2025-10-21T0300,3562A,120.4148,30.8538,湖州市,南浔区站,,22,22,26,10,11,67,,,,13,15,10,8,0.4,0.4
2025-10-21T0300,1607A,120.9049,40.7211,葫芦岛市,龙港区,,41,41,51,16,25,1,,,,40,35,8,10,0.6,0.6
2025-10-21T0300,1608A,120.8392,40.7514,葫芦岛市,化工街,,36,36,51,17,22,5,,,,43,37,65,20,0.4,0.5
2025-10-21T0300,1609A,120.8341,40.7073,葫芦岛市,新区,,26,26,30,11,17,9,,,,48,36,10,8,0.3,0.3
2025-10-21T0300,1610A,120.8695,40.7677,葫芦岛市,东城区,,36,36,43,6,43,19,,,,37,41,18,22,0.5,0.6
2025-10-21T0300,2482A,109.5981,27.5721,怀化市,林科所,,,,,,,,,,,,,,,,
2025-10-21T0300,2483A,109.9453,27.5444,怀化市,河西地税局,,,,,,,,,,,,,,,,
2025-10-21T0300,2484A,109.9781,27.5342,怀化市,市四医院,,10,6,10,3,4,29,,,,5,6,6,6,0.2,0.1
2025-10-21T0300,2485A,109.9972,27.5578,怀化市,监测楼,,9,6,6,3,3,26,,,,4,5,1,2,0.2,0.2
2025-10-21T0300,2486A,110.0394,27.583,怀化市,市委党校,,,6,6,3,3,30,,,,10,9,,7,0.3,0.2
2025-10-21T0300,1210A,119.036,33.5981,淮安市,钵池山,,,17,28,13,14,46,,,,14,15,,6,0.6,0.5
2025-10-21T0300,1211A,119.007,33.575,淮安市,北京南路,,,17,29,10,11,49,,,,12,18,,8,0.6,0.5
2025-10-21T0300,1212A,118.989,33.6067,淮安市,市监测站,,15,12,22,9,16,47,,,,15,21,6,6,0.7,0.6
2025-10-21T0300,1213A,119.135,33.5039,淮安市,楚州区监测站,,,17,28,11,10,51,,,,15,17,,8,0.5,0.4
2025-10-21T0300,3426A,118.8755,33.2894,淮安市,新华书店,,24,24,29,16,14,45,,,,18,20,9,8,0.5,0.5
2025-10-21T0300,4206A,119.0288,33.6319,淮安市,承德北路606号,,19,19,30,13,15,44,,,,13,16,7,6,0.5,0.4
2025-10-21T0300,2282A,116.8004,33.975,淮北市,监测站,细颗粒物(PM2.5),54,48,38,38,20,42,,,,23,23,9,9,0.8,0.7
2025-10-21T0300,2283A,116.8091,33.9007,淮北市,烈山区政府,细颗粒物(PM2.5),62,,22,44,20,40,,,,24,19,8,8,0.7,0.5
2025-10-21T0300,3330A,116.8873,33.9836,淮北市,杜集区检察院,细颗粒物(PM2.5),59,50,41,42,24,36,,,,14,13,4,4,0.4,0.3
2025-10-21T0300,4017A,116.7923,33.9535,淮北市,市博物馆,,,46,37,45,22,44,,,,23,22,,7,0.5,0.4
2025-10-21T0300,2277A,116.8305,32.7727,淮南市,潘集区政府,,32,,32,22,20,17,,,,46,19,4,4,0.3,0.3
2025-10-21T0300,2279A,116.8569,32.5951,淮南市,谢家集区政府,,15,,18,10,8,43,,,,10,11,6,7,0.2,0.2
2025-10-21T0300,2280A,116.8281,32.633,淮南市,八公山区政府,,22,22,31,14,13,45,,,,12,12,5,6,0.3,0.3
2025-10-21T0300,2281A,116.6325,32.6201,淮南市,焦岗湖风景区管理处,,,,,,,,,,,,,,,,
2025-10-21T0300,2894A,117.0566,32.6531,淮南市,经济技术开发区消防队,,31,31,30,19,10,45,,,,17,18,9,9,0.1,0.1
2025-10-21T0300,3329A,117.0108,32.5893,淮南市,山南新区,,22,22,28,7,7,50,,,,16,18,4,4,0.1,0
2025-10-21T0300,4209A,117.0031,32.6445,淮南市,国庆中路369号,,26,25,25,18,14,42,,,,10,13,4,4,0.1,0.4
2025-10-21T0300,2446A,114.9028,30.4742,黄冈市,职工中心,,22,22,24,14,14,39,,,,7,11,7,7,0.2,0.3
2025-10-21T0300,2929A,114.8858,30.4519,黄冈市,红卫路,,17,17,20,11,13,42,,,,7,10,4,4,0.2,0.2
2025-10-21T0300,3398A,114.9136,30.4445,黄冈市,市林业局,,16,16,20,11,12,38,,,,8,10,4,4,0.2,0.3
2025-10-21T0300,2672A,102.0199,35.5102,黄南藏族自治州,同仁县隆务镇,,36,36,46,18,23,29,,,,2,6,10,10,0.3,0.4
2025-10-21T0300,2295A,118.2903,29.6963,黄山市,延安路89号,,26,26,23,8,9,55,,,,4,7,3,3,0.2,0.3
2025-10-21T0300,2297A,118.1371,30.2756,黄山市,黄山区政府5号楼,,20,,19,14,12,52,,,,5,6,5,5,0.3,0.2
2025-10-21T0300,4210A,118.3354,29.7203,黄山市,滨江东路7-2号,,24,24,27,14,12,52,,,,7,10,3,3,0.2,0.3
2025-10-21T0300,2423A,115.0601,30.2313,黄石市,沈家营,,,,20,,6,,,46,,,5,,8,,0.5
2025-10-21T0300,2426A,114.8988,30.2019,黄石市,铁山,,23,23,24,10,8,36,,,,5,7,3,3,0.8,0.7
2025-10-21T0300,2427A,115.0307,30.2092,黄石市,团城山,,18,18,18,9,8,38,,,,4,6,7,6,0.6,0.6
2025-10-21T0300,3149A,115.0235,30.1578,黄石市,笔架山北路,,24,24,21,3,3,37,,,,5,6,5,5,0.2,0.3
2025-10-21T0300,4185A,115.0780,30.21118,黄石市,磁湖东路29号,,22,22,21,15,10,38,,,,3,9,7,8,0.4,0.4
2025-10-21T0300,1392A,114.4183,23.0528,惠州市,河南岸金山湖子站,,,8,17,3,7,38,,,,,12,9,9,0.5,0.6
2025-10-21T0300,1393A,114.4053,23.0822,惠州市,下埔横江三路子站,,12,6,14,3,8,37,,,,13,10,4,4,0.4,0.6
2025-10-21T0300,1394A,114.4103,23.1142,惠州市,江北云山西路子站,,13,6,14,3,7,40,,,,11,12,5,5,0.6,0.6
2025-10-21T0300,1395A,114.4645,22.7833,惠州市,惠阳区承修路船湖子站,,11,9,19,3,10,35,,,,8,9,11,8,0.6,0.6
2025-10-21T0300,1396A,114.5317,22.7422,惠州市,大亚湾管委会子站,,,,19,7,10,31,,,,12,11,,10,0.7,0.7
2025-10-21T0300,3314A,114.4338,22.8134,惠州市,惠阳秋长,,,7,19,3,9,42,,,,,10,16,16,0.7,0.7
2025-10-21T0300,3452A,114.6517,22.775,惠州市,大亚湾霞涌,,,14,21,3,8,33,,,,,9,8,7,0.8,0.9
2025-10-21T0300,2240A,130.9762,45.3001,鸡西市,环保局,,19,16,21,11,12,59,,,,4,9,5,5,0.4,0.4
2025-10-21T0300,2243A,130.9429,45.3039,鸡西市,第一中学,,19,14,21,13,13,54,,,,4,5,6,6,0.6,0.6
2025-10-21T0300,3707A,131.0207,45.3073,鸡西市,欧美日汽修厂,,25,18,19,17,13,49,,,,12,12,7,7,0.5,0.5
2025-10-21T0300,3709A,130.9967,45.3106,鸡西市,市政设施管理处,,18,18,26,11,15,55,,,,12,14,7,8,0.5,0.6
2025-10-21T0300,2367A,114.9754,27.0803,吉安市,红声器材厂,,32,32,29,12,11,43,,,,12,13,11,10,0.5,0.5
2025-10-21T0300,2368A,114.9658,27.0999,吉安市,市森林工业局,,32,32,26,14,14,40,,,,12,14,7,7,0.4,0.4
2025-10-21T0300,2369A,114.99,27.1312,吉安市,市环境监测站,,30,30,25,18,13,42,,,,9,10,14,11,0.4,0.4
2025-10-21T0300,2370A,115.0093,27.0968,吉安市,青原区法院,,30,30,32,14,12,42,,,,11,13,8,9,0.6,0.7
2025-10-21T0300,1772A,126.54,43.8622,吉林市,哈达湾,,30,30,30,18,14,37,,,,16,14,6,7,0.4,0.3
2025-10-21T0300,1773A,126.5844,43.8358,吉林市,东局子,,25,25,22,16,16,39,,,,15,15,6,6,0.5,0.5
2025-10-21T0300,1774A,126.5052,43.8245,吉林市,电力学院,,29,27,31,20,20,22,,,,18,18,6,7,0.5,0.5
2025-10-21T0300,1775A,126.6133,43.8972,吉林市,江北,,31,31,27,20,18,33,,,,11,16,5,6,0.8,0.8
2025-10-21T0300,1776A,126.555,43.8306,吉林市,江南公园,,26,26,25,18,17,35,,,,13,13,4,5,0.3,0.4
2025-10-21T0300,1778A,126.7061,43.7133,吉林市,丰满,,23,12,13,11,12,73,,,,6,8,7,8,0.2,0.2
2025-10-21T0300,2868A,126.4739,43.953,吉林市,九站,,22,22,22,15,14,24,,,,32,21,7,5,0.5,0.5
2025-10-21T0300,1299A,116.9862,36.6114,济南市,科干所,,,22,30,17,12,,,,,19,28,9,9,0.3,0.3
2025-10-21T0300,1300A,116.9376,36.665,济南市,农科所,,29,29,35,12,11,0,,,,44,33,9,8,0.7,0.6
2025-10-21T0300,1301A,117.1265,36.6734,济南市,开发区,,34,34,33,20,16,27,,,,29,27,5,4,0.6,0.5
2025-10-21T0300,1303A,117.0624,36.6868,济南市,省种子仓库,,,46,42,19,13,,,,,41,29,7,8,0.8,0.7
2025-10-21T0300,1304A,116.9489,36.6447,济南市,机床二厂,,39,39,38,22,16,28,,,,32,33,8,8,0.7,0.6
2025-10-21T0300,1305A,117.0495,36.663,济南市,市监测站,,32,32,34,12,12,25,,,,34,30,4,4,0.8,0.7
2025-10-21T0300,1306A,116.7675,36.5484,济南市,长清党校,,32,32,36,10,14,7,,,,56,34,10,8,0.7,0.6
2025-10-21T0300,1616A,117.6795,36.229,济南市,技术学院,,35,31,31,24,19,29,,,,28,25,9,10,0.5,0.5
2025-10-21T0300,1961A,117.532,36.6868,济南市,东山小学,,39,39,39,12,16,2,,,,37,28,7,8,0.4,0.4
2025-10-21T0300,3059A,117.7161,36.2049,济南市,泰兴公司,,46,46,38,24,20,24,,,,31,26,8,8,0.4,0.3
2025-10-21T0300,3064A,117.6867,36.2171,济南市,莱芜战役纪念馆,,44,44,37,30,23,28,,,,28,25,4,5,0.5,0.6
2025-10-21T0300,3494A,117.1673,36.9782,济南市,济阳区政府,,32,32,38,10,13,15,,,,43,28,20,11,0.5,0.3
2025-10-21T0300,3495A,117.1171,36.63,济南市,锦屏中学,,18,15,25,12,9,22,,,,17,21,4,5,0.6,0.6
2025-10-21T0300,3682A,116.9814,36.6819,济南市,济南四建,,44,44,33,22,14,12,,,,43,29,6,6,0.7,0.6
2025-10-21T0300,1653A,116.6251,35.4302,济宁市,火炬城,,46,46,42,24,23,22,,,,26,18,5,5,0.1,0.1
2025-10-21T0300,1655A,116.5491,35.4042,济宁市,电化厂,颗粒物(PM10),52,54,51,31,25,25,,,,29,23,4,4,0.1,0.1
2025-10-21T0300,3500A,116.5814,35.3707,济宁市,北湖一中,,38,38,31,25,22,28,,,,25,18,3,3,0.2,0.2
2025-10-21T0300,3501A,116.8249,35.5593,济宁市,服务中心,,,47,37,18,15,15,,,,26,16,,8,0.3,0.3
2025-10-21T0300,3678A,116.5907,35.4054,济宁市,市第七中学,,46,46,40,22,15,33,,,,22,17,8,8,0.2,0.3
2025-10-21T0300,2255A,130.2751,46.8028,佳木斯市,佳纺,,18,18,26,12,13,45,,,,15,16,9,5,0.5,0.4
2025-10-21T0300,2256A,130.3995,46.8307,佳木斯市,发电厂,,19,12,37,9,11,58,,,,9,13,8,7,0.3,0.3
2025-10-21T0300,2257A,130.3258,46.7975,佳木斯市,环保局,,18,14,24,12,11,52,,,,8,14,3,4,0.3,0.4
2025-10-21T0300,2258A,130.3648,46.8032,佳木斯市,十一中,,17,10,17,6,11,52,,,,8,13,5,6,0.3,0.3
2025-10-21T0300,2259A,130.3794,46.7588,佳木斯市,四丰,,,,,,,,,,,,,,,,
2025-10-21T0300,1252A,120.7436,30.778,嘉兴市,清河小学,,,21,20,9,11,51,,,,17,14,,7,0.5,0.5
2025-10-21T0300,1253A,120.726,30.7478,嘉兴市,嘉兴学院,,23,23,26,9,11,59,,,,16,15,5,5,0.7,0.7
2025-10-21T0300,2872A,120.7846,30.7525,嘉兴市,南湖区残联,,22,19,30,8,11,70,,,,11,14,6,6,0.5,0.5
2025-10-21T0300,3407A,120.6916,30.7739,嘉兴市,秀洲住建,,27,27,33,11,14,65,,,,10,9,8,8,0.8,0.7
2025-10-21T0300,1945A,98.2908,39.7711,嘉峪关市,气象局,,44,44,84,14,25,66,,,,8,16,4,5,0.5,0.5
2025-10-21T0300,2884A,98.2672,39.7978,嘉峪关市,酒钢宾馆,颗粒物(PM10),60,70,104,31,33,21,,,,32,18,11,17,0.6,0.6
2025-10-21T0300,3248A,98.2643,39.7724,嘉峪关市,雄关区,颗粒物(PM10),59,68,72,29,24,4,,,,52,26,12,14,0.6,0.5
2025-10-21T0300,1383A,113.1064,22.6058,江门市,北街,,13,13,23,6,11,41,,,,16,17,7,6,0.5,0.6
2025-10-21T0300,1384A,113.0731,22.5835,江门市,西区,,13,8,23,8,13,40,,,,14,19,6,6,0.4,0.6
2025-10-21T0300,1385A,113.0219,22.5311,江门市,圭峰西,,13,6,22,3,9,41,,,,14,15,6,6,0.5,0.6
2025-10-21T0300,1386A,113.0828,22.5947,江门市,东湖,,13,10,21,6,13,40,,,,14,18,5,4,0.4,0.5
2025-10-21T0300,3311A,113.1075,22.5647,江门市,江海富民,,22,22,29,12,12,41,,,,17,21,8,8,0.5,0.6
2025-10-21T0300,3449A,113.05,22.4667,江门市,新会银湖,,12,11,24,6,10,38,,,,14,17,5,5,0.5,0.6
2025-10-21T0300,1830A,113.1992,35.2590,焦作市,影视城,,,,31,,21,,,48,,,15,,9,,0.4
2025-10-21T0300,3335A,113.3137,35.2641,焦作市,马村街道办,,43,40,41,30,23,19,,,,15,18,10,5,0.1,0.1
2025-10-21T0300,3336A,113.2465,35.2373,焦作市,焦作技师学院,,28,26,35,19,23,30,,,,15,24,8,10,0.1,0.2
2025-10-21T0300,3477A,113.1656,35.2539,焦作市,中站许衡医院,,40,38,37,28,27,37,,,,11,16,4,5,0.3,0.4
2025-10-21T0300,3981A,113.2449,35.1803,焦作市,原李万街道办,,49,49,43,19,16,4,,,,29,19,6,3,0.6,1.3
2025-10-21T0300,4264A,113.2340,35.2190,焦作市,新安路1731号,颗粒物(PM10),51,51,47,25,25,13,,,,20,23,8,9,0.3,0.6
2025-10-21T0300,4295A,113.2722,35.2121,焦作市,人民路3066号,,,48,44,20,17,8,,,,33,24,,8,0.8,0.7
2025-10-21T0300,1708A,116.3701,23.5345,揭阳市,新兴,,20,,19,14,13,42,,,,8,11,5,6,0.4,0.5
2025-10-21T0300,1709A,116.3264,23.5443,揭阳市,西马,,23,20,22,16,14,23,,,,12,11,3,4,0.6,0.6
2025-10-21T0300,1710A,116.3611,23.5626,揭阳市,东兴,,,,18,10,11,36,,,,9,11,,5,0.4,0.4
2025-10-21T0300,1711A,116.4151,23.5294,揭阳市,渔湖,,16,14,23,11,12,37,,,,10,14,14,10,0.7,0.7
2025-10-21T0300,3320A,116.403,23.5699,揭阳市,曲溪,,20,,20,14,11,44,,,,5,9,2,3,0.4,0.4
2025-10-21T0300,1944A,102.1692,38.5167,金昌市,天庆家园,颗粒物(PM10),65,80,80,42,38,49,,,,14,13,6,13,0.8,0.7
2025-10-21T0300,4022A,102.1647,38.5371,金昌市,金川区人防中心,颗粒物(PM10),64,78,72,41,41,51,,,,12,12,7,12,0.6,0.6
2025-10-21T0300,4239A,102.1930,38.5319,金昌市,长春路96号,颗粒物(PM10),66,81,72,35,32,46,,,,15,12,19,12,0.6,0.6
2025-10-21T0300,1262A,119.647,29.077,金华市,十五中,,27,27,31,9,12,67,,,,13,16,2,2,0.3,0.4
2025-10-21T0300,1263A,119.686,29.1029,金华市,监测站,,31,31,33,12,14,67,,,,15,20,4,4,0.4,0.5
2025-10-21T0300,3659A,119.656,29.1131,金华市,气象局,,25,25,28,8,9,57,,,,20,22,3,4,0.4,0.5
2025-10-21T0300,1767A,121.1115,41.0879,锦州市,南山,,36,36,32,21,27,20,,,,23,24,11,11,0.7,0.7
2025-10-21T0300,1768A,121.0604,40.8428,锦州市,开发区,颗粒物(PM10),52,54,52,24,26,26,,,,30,36,53,22,0.6,0.9
2025-10-21T0300,1769A,121.1836,41.1119,锦州市,百股街道,,40,40,34,27,27,3,,,,35,20,10,9,1.0,0.7
2025-10-21T0300,1770A,121.1178,41.1222,锦州市,天安街道,,,21,39,8,21,47,,,,,25,16,15,0.4,0.6
2025-10-21T0300,1771A,121.1303,41.1386,锦州市,北湖公园,,27,27,26,3,16,52,,,,13,19,14,10,0.3,0.4
2025-10-21T0300,2160A,112.85,35.5051,晋城市,自来水公司,,50,50,48,19,24,49,,,,14,17,6,5,0.8,0.8
2025-10-21T0300,2161A,112.8318,35.4936,晋城市,白云商贸,颗粒物(PM10),51,51,51,9,11,52,,,,11,13,3,2,0.3,0.3
2025-10-21T0300,2162A,112.8508,35.4887,晋城市,市环保局,,35,35,48,12,17,50,,,,8,10,5,4,0.5,0.5
2025-10-21T0300,2163A,112.8676,35.4897,晋城市,技术学院,,35,35,39,14,16,43,,,,15,16,6,5,0.6,0.6
2025-10-21T0300,2165A,112.8453,35.546,晋城市,白马寺,,,,,,,,,,,,,,,,
2025-10-21T0300,3620A,112.8271,35.4828,晋城市,泽州一中,,41,41,43,12,20,51,,,,13,14,4,3,0.3,0.4
2025-10-21T0300,2173A,112.7249,37.7067,晋中市,南都小区,颗粒物(PM10),62,74,50,40,28,7,,,,36,30,5,5,0.5,0.4
2025-10-21T0300,2174A,112.6991,37.6982,晋中市,榆次区政府,细颗粒物(PM2.5),65,68,49,47,33,5,,,,34,28,5,6,0.6,0.6
2025-10-21T0300,2865A,112.7195,37.6828,晋中市,榆次三中,颗粒物(PM10),59,68,50,39,25,4,,,,30,27,9,8,0.5,0.3
2025-10-21T0300,4200A,112.7478,37.6954,晋中市,迎宾街26号,细颗粒物(PM2.5),64,73,50,46,29,5,,,,30,28,6,6,0.5,0.5
2025-10-21T0300,2439A,112.2014,31.0481,荆门市,竹园小学,,,23,28,21,22,55,,,,,13,1,1,0.2,0.3
2025-10-21T0300,2440A,112.1969,30.9891,荆门市,掇刀,,29,20,24,20,24,58,,,,7,9,2,1,0.2,0.3
2025-10-21T0300,2441A,112.2213,31.0386,荆门市,石化一小,,,20,27,19,23,46,,,,10,13,,8,0.3,0.4
2025-10-21T0300,3012A,112.1849,31.0362,荆门市,西山林语,,,,23,18,21,54,,,,11,12,2,2,,0.4
2025-10-21T0300,3547A,112.1632,31.0138,荆门市,龙泉中学南校,,,16,16,14,13,56,,,,,12,4,4,0.6,0.7
2025-10-21T0300,1844A,112.2494,30.3197,荆州市,市图书馆,,,,14,11,8,51,,,,16,15,6,6,,0.5
2025-10-21T0300,1845A,112.2008,30.3544,荆州市,市委党校,,,14,16,10,14,48,,,,15,16,7,7,,0.4
2025-10-21T0300,3194A,112.2747,30.3122,荆州市,管委会,,,12,13,8,13,49,,,,16,17,7,7,,0.3
2025-10-21T0300,4268A,112.1722,30.3366,荆州市,学苑路85号,,19,,16,12,15,58,,,,10,11,11,8,0.2,0.3
2025-10-21T0300,2342A,117.3102,29.3867,景德镇市,王港中学,,,,,,,,,,,,,,,,
2025-10-21T0300,2343A,117.2117,29.2933,景德镇市,老干部活动中心,,18,17,14,12,10,51,,,,1,2,3,4,0.6,0.6
2025-10-21T0300,2344A,117.1894,29.2789,景德镇市,兽医站,,25,25,20,3,8,50,,,,6,7,5,5,0.5,0.7
2025-10-21T0300,2346A,117.2461,29.2956,景德镇市,陶研所,,17,15,11,7,12,52,,,,2,4,5,5,0.6,0.3
2025-10-21T0300,4289A,117.1542,29.2566,景德镇市,青少年活动中心,,19,15,12,13,10,51,,,,5,5,2,3,0.6,0.6
2025-10-21T0300,1803A,115.9872,29.6815,九江市,十里,,26,26,26,13,21,57,,,,13,14,3,3,0.4,0.4
2025-10-21T0300,1804A,115.9584,29.7046,九江市,茅山头,,25,25,30,16,19,47,,,,8,10,3,3,0.4,0.5
2025-10-21T0300,1805A,115.9877,29.7295,九江市,西园,,26,26,27,8,13,55,,,,15,16,4,4,0.4,0.4
2025-10-21T0300,1808A,115.9114,29.6038,九江市,综合工业园,,29,29,29,16,16,56,,,,8,10,2,2,0.3,0.4
2025-10-21T0300,1809A,116.0721,29.7535,九江市,石化总厂,,27,27,30,7,13,52,,,,15,15,4,3,0.3,0.4
2025-10-21T0300,1810A,115.9773,29.5698,九江市,庐山气象台,,,,,,,,,,,,,,,,
2025-10-21T0300,3190A,116.0254,29.6994,九江市,外国语学校,,30,30,31,15,16,48,,,,16,18,2,1,0.4,0.5
2025-10-21T0300,4253A,116.0102,29.6594,九江市,莲花大道8号,,33,33,34,13,15,47,,,,9,7,4,4,0.3,0.4
2025-10-21T0300,4240A,98.4958,39.7339,酒泉市,玉门东路5号,颗粒物(PM10),58,66,82,32,23,25,,,,27,13,8,9,0.6,0.4
2025-10-21T0300,4241A,98.5099,39.7506,酒泉市,北大街108号,,32,31,69,22,20,56,,,,4,9,7,7,0.3,0.3
2025-10-21T0300,2698A,76.0072,39.4467,喀什地区,巡警大队,颗粒物(PM10),395,496,427,144,134,1,,,,63,45,6,7,0.9,0.9
2025-10-21T0300,2699A,75.9755,39.4694,喀什地区,吾办,颗粒物(PM10),232,372,333,110,113,0,,,,60,42,8,7,1.0,0.8
2025-10-21T0300,4027A,75.9483,39.4689,喀什地区,老干局,颗粒物(PM10),367,473,341,107,97,4,,,,55,42,2,2,1.3,0.8
2025-10-21T0300,1824A,114.3389,34.7781,开封市,肿瘤医院,,,46,36,23,19,25,,,,26,23,,9,0.6,0.6
2025-10-21T0300,1826A,114.2885,34.7965,开封市,世纪星幼儿园,,,44,34,23,19,22,,,,27,24,,8,0.6,0.6
2025-10-21T0300,3147A,114.3438,34.8106,开封市,龙亭公园,,48,48,36,22,19,17,,,,29,23,9,9,0.7,0.7
2025-10-21T0300,3210A,114.3644,34.7964,开封市,汴京公园,,41,41,38,21,18,17,,,,28,22,8,9,0.5,0.5
2025-10-21T0300,3473A,114.2485,34.8306,开封市,技师学院,,43,42,36,30,23,16,,,,30,26,10,10,0.7,0.6
2025-10-21T0300,3592A,114.4644,34.7556,开封市,祥符区生态环境局,,46,46,46,21,21,24,,,,22,21,10,9,0.5,0.6
2025-10-21T0300,1951A,84.895,45.6094,克拉玛依市,长征新村,,34,34,42,3,11,58,,,,6,15,3,3,0.2,0.3
2025-10-21T0300,1952A,84.8988,45.5893,克拉玛依市,南林小区,,37,37,41,14,11,47,,,,10,20,3,4,0.2,0.4
2025-10-21T0300,1954A,84.905,44.3396,克拉玛依市,独山子区,颗粒物(PM10),75,99,86,49,36,52,,,,19,22,5,10,0.4,0.5
2025-10-21T0300,1955A,85.6979,46.098,克拉玛依市,乌尔禾区商贸楼,,18,18,38,3,9,54,,,,7,23,4,5,0.3,0.5
2025-10-21T0300,3612A,85.1045,45.6899,克拉玛依市,白碱滩区新站,,48,48,53,21,17,62,,,,4,11,5,5,0.3,0.3
2025-10-21T0300,2697A,76.1454,39.7142,克孜勒苏柯尔克孜自治州,市人民政府,颗粒物(PM10),172,294,318,106,125,55,,,,15,17,17,10,0.2,0.1
2025-10-21T0300,3665A,76.1658,39.7157,克孜勒苏柯尔克孜自治州,克州文化中心,颗粒物(PM10),176,301,315,110,107,50,,,,27,20,32,14,0.4,0.3
2025-10-21T0300,1450A,102.8204,24.8886,昆明市,呈贡新区,,15,11,25,10,20,38,,,,5,14,2,3,0.5,0.5
2025-10-21T0300,1451A,102.6251,24.9608,昆明市,西山森林公园,,,,,,,,,,,,,,,,
2025-10-21T0300,1452A,102.7252,25.0902,昆明市,龙泉镇,,21,21,23,12,12,28,,,,8,16,2,2,0.6,0.6
2025-10-21T0300,1453A,102.7266,25.0375,昆明市,东风东路,,23,23,28,15,18,32,,,,13,21,1,2,0.5,0.5
2025-10-21T0300,1454A,102.6742,25.0669,昆明市,金鼎山,,24,24,32,13,13,33,,,,7,13,3,1,0.4,0.4
2025-10-21T0300,1455A,102.6644,25.0401,昆明市,碧鸡广场,,28,28,25,14,14,30,,,,15,20,7,8,0.4,0.4
2025-10-21T0300,3179A,102.7494,25.0119,昆明市,官渡区博物馆,,23,21,27,16,15,25,,,,18,24,2,2,0.5,0.5
2025-10-21T0300,3375A,102.8017,24.8336,昆明市,青年创业园,,16,16,25,9,17,47,,,,5,15,1,2,0.5,0.5
2025-10-21T0300,3550A,102.7997,24.9786,昆明市,昆明学院,,26,26,30,18,19,36,,,,10,18,8,8,0.6,0.6
2025-10-21T0300,3551A,102.5967,24.6736,昆明市,晋宁区生态环境分局,,49,49,35,12,22,31,,,,17,16,2,3,0.6,0.7
2025-10-21T0300,3552A,102.6678,24.9856,昆明市,云天化总部,,16,16,20,11,15,45,,,,9,18,5,4,0.5,0.5
2025-10-21T0300,1456A,91.1319,29.6514,拉萨市,八廓街,,23,18,17,9,9,71,,,,15,15,7,7,0.1,0.2
2025-10-21T0300,1457A,91.1221,29.6747,拉萨市,市环保局,,22,22,19,11,8,44,,,,18,16,8,8,0.5,0.5
2025-10-21T0300,1458A,91.0874,29.6475,拉萨市,区监测站,,19,12,14,8,9,58,,,,32,28,6,6,0.4,0.4
2025-10-21T0300,1459A,91.1774,29.6541,拉萨市,西藏大学,,22,21,16,6,7,68,,,,19,16,9,8,0.3,0.2
2025-10-21T0300,1460A,90.9798,29.6588,拉萨市,区辐射站,,22,22,22,8,9,50,,,,25,30,7,7,0.3,0.3
2025-10-21T0300,1461A,91.0834,29.6292,拉萨市,拉萨火车站,,19,18,16,10,8,59,,,,22,15,6,6,0.4,0.3
2025-10-21T0300,2520A,109.2203,23.7256,来宾市,来宾技工学校,,15,15,18,3,3,38,,,,6,6,9,9,0.6,0.7
2025-10-21T0300,3535A,109.1781,23.7297,来宾市,兴宾区政府,,14,14,17,6,8,36,,,,7,7,8,8,0.5,0.6
2025-10-21T0300,4002A,109.2416,23.7461,来宾市,中南小学,,15,15,19,7,7,37,,,,7,7,6,7,0.7,0.7
2025-10-21T0300,1477A,104.1373,35.9454,兰州市,榆中兰大校区,,,,,,,,,,,,,,,,
2025-10-21T0300,1479A,103.831,36.0464,兰州市,铁路设计院,,,,,,,,,,,,,,,,
2025-10-21T0300,3241A,103.7439,36.0842,兰州市,百合公园,,45,44,56,31,30,33,,,,12,20,6,6,0.8,0.8
2025-10-21T0300,3242A,103.9611,35.998,兰州市,和平,,17,17,43,7,20,34,,,,13,17,2,7,0.5,0.7
2025-10-21T0300,4236A,103.6293,36.0938,兰州市,庄浪东路808号,细颗粒物(PM2.5),52,48,64,36,37,29,,,,28,42,7,9,0.5,0.7
2025-10-21T0300,4237A,103.7251,36.1043,兰州市,安宁西路88号,细颗粒物(PM2.5),55,49,59,39,41,45,,,,12,18,8,8,0.5,0.5
2025-10-21T0300,4238A,103.8470,36.0676,兰州市,北滨河东路1号,,49,47,54,34,32,35,,,,24,28,9,9,0.7,0.8
2025-10-21T0300,3245A,103.6633,36.533,兰州新区,新区管委会,,49,49,56,32,37,44,,,,10,15,7,18,0.4,0.5
2025-10-21T0300,3246A,103.6975,36.4789,兰州新区,舟曲中学,颗粒物(PM10),53,56,68,32,37,40,,,,19,23,22,15,0.4,0.5
2025-10-21T0300,1067A,116.6708,39.5111,廊坊市,药材公司,,,46,32,26,12,2,,,,54,27,,5,0.5,0.3
2025-10-21T0300,1068A,116.7214,39.5589,廊坊市,开发区,,34,34,21,20,9,1,,,,40,26,3,2,0.4,0.3
2025-10-21T0300,1070A,116.7244,39.5269,廊坊市,北华航天学院,,42,42,25,24,11,2,,,,41,26,10,6,0.4,0.3
2025-10-21T0300,2919A,116.7022,39.5453,廊坊市,河北工业大学,,40,40,22,24,11,2,,,,46,25,4,2,0.3,0.3
2025-10-21T0300,2535A,103.7723,29.5462,乐山市,花湖湾,,,,,,,,,,,,,,,,
2025-10-21T0300,2536A,103.7627,29.5844,乐山市,牛耳桥,,,6,9,3,7,39,,,,12,18,,6,0.6,0.7
2025-10-21T0300,2537A,103.7508,29.6006,乐山市,市第三水厂,,12,6,10,3,7,37,,,,13,16,5,5,0.5,0.5
2025-10-21T0300,2538A,103.7571,29.5664,乐山市,市监测站,,,6,10,3,7,38,,,,9,13,,5,0.5,0.6
2025-10-21T0300,3361A,103.7311,29.5628,乐山市,理工大学,,12,7,10,3,7,37,,,,11,15,6,6,0.6,0.6
2025-10-21T0300,2598A,100.2143,26.8576,丽江市,西南郊,,18,18,10,10,3,30,,,,4,5,7,7,1.2,1.2
2025-10-21T0300,2599A,100.2497,26.8802,丽江市,丽江古城,,14,14,13,3,6,35,,,,8,9,9,9,0.5,0.5
2025-10-21T0300,2600A,100.2203,26.8906,丽江市,市中心,,11,,8,3,7,35,,,,7,10,11,11,0.5,0.6
2025-10-21T0300,1267A,119.914,28.4514,丽水市,监测站大楼,,27,27,21,3,7,53,,,,10,9,4,4,0.1,0.2
2025-10-21T0300,1268A,119.93,28.4586,丽水市,莲都小学,,28,28,25,9,9,61,,,,10,12,4,4,0.2,0.3
2025-10-21T0300,1269A,119.879,28.4231,丽水市,余庄前,,,34,23,12,12,32,,,,11,13,,4,0.2,0.3
2025-10-21T0300,1173A,119.176,34.5885,连云港市,市环境监测站,,16,12,26,7,8,49,,,,31,24,7,7,0.8,0.7
2025-10-21T0300,3000A,119.3581,34.6972,连云港市,德源药业,,20,14,27,3,6,64,,,,9,12,6,5,0.3,0.3
2025-10-21T0300,3007A,119.178,34.844,连云港市,新城一中,,29,29,31,11,13,51,,,,29,29,12,9,1.0,0.8
2025-10-21T0300,3008A,119.3608,34.7519,连云港市,胡沟管理处,,21,12,17,3,3,66,,,,13,12,11,10,0.7,0.6
2025-10-21T0300,3009A,119.1478,34.5911,连云港市,矿山设计院,,19,19,26,3,7,57,,,,16,17,7,5,0.8,0.6
2025-10-21T0300,3434A,119.2413,34.6539,连云港市,工贸学校,,20,12,21,3,8,61,,,,12,14,9,9,0.4,0.5
2025-10-21T0300,3664A,119.4172,34.7341,连云港市,连云街道,,22,14,20,3,7,69,,,,7,12,2,2,0.2,0.2
2025-10-21T0300,2571A,102.3431,27.8099,凉山彝族自治州,青龙寺,,,,,,,,,,,,,,,,
2025-10-21T0300,2572A,102.2721,27.8415,凉山彝族自治州,邛海宾馆,,12,6,9,3,6,37,,,,4,6,9,10,0.6,0.5
2025-10-21T0300,2573A,102.2625,27.898,凉山彝族自治州,西昌市政府,,9,6,13,3,8,28,,,,6,11,5,8,0.3,0.4
2025-10-21T0300,2574A,102.2685,27.8851,凉山彝族自治州,凉山州政府,,19,,11,13,13,31,,,,4,14,7,9,1.0,0.8
2025-10-21T0300,4229A,102.2342,27.8859,凉山彝族自治州,凯乐南路30号,,12,8,13,3,8,38,,,,4,12,7,10,0.6,0.6
2025-10-21T0300,2212A,123.2,41.1953,辽阳市,宏伟区,颗粒物(PM10),58,65,47,39,19,3,,,,31,24,5,5,0.7,0.4
2025-10-21T0300,2213A,123.1683,41.2495,辽阳市,新华园,"颗粒物(PM10),细颗粒物(PM2.5)",54,57,47,38,27,2,,,,39,29,9,9,1.2,0.8
2025-10-21T0300,2214A,123.2354,41.2639,辽阳市,滨河路,颗粒物(PM10),64,78,50,41,24,0,,,,35,28,5,6,0.6,0.4
2025-10-21T0300,2215A,123.149,41.2991,辽阳市,铁西工业园,细颗粒物(PM2.5),74,90,56,54,36,0,,,,38,32,6,5,0.9,0.5
2025-10-21T0300,2227A,125.1358,42.8845,辽源市,环保局,颗粒物(PM10),79,107,80,47,22,2,,,,28,23,5,6,0.7,0.7
2025-10-21T0300,3239A,125.0764,42.9078,辽源市,银鹰制药,细颗粒物(PM2.5),59,64,44,42,28,4,,,,35,24,2,4,0.7,0.5
2025-10-21T0300,1625A,115.9848,36.4372,聊城市,区政府,,48,48,37,24,17,28,,,,35,28,13,11,0.4,0.4
2025-10-21T0300,2878A,116.0072,36.4343,聊城市,聊大东校,颗粒物(PM10),52,53,44,25,21,23,,,,40,28,12,10,0.5,0.5
2025-10-21T0300,3200A,115.9819,36.4978,聊城市,监控中心,颗粒物(PM10),52,53,41,27,16,13,,,,38,27,11,9,0.6,0.5
2025-10-21T0300,3513A,116.0445,36.4361,聊城市,九州社区,,50,50,47,23,19,29,,,,29,28,11,9,0.5,0.5
2025-10-21T0300,4018A,116.0567,36.4608,聊城市,星美广场,颗粒物(PM10),57,64,52,24,16,16,,,,40,29,15,10,0.6,0.4
2025-10-21T0300,2632A,94.3681,29.6376,林芝市,林芝监测站,,15,10,11,3,7,47,,,,2,7,4,4,0.3,0.3
2025-10-21T0300,2633A,94.3616,29.6616,林芝市,林芝人民医院,,14,9,14,3,7,43,,,,3,5,3,4,0.3,0.3
2025-10-21T0300,2603A,100.0781,23.8982,临沧市,市环保局,,35,,21,24,28,14,,,,6,6,6,7,0.7,0.7
2025-10-21T0300,2604A,100.0894,23.8822,临沧市,市气象局,,20,15,17,14,15,13,,,,10,8,6,6,0.5,0.5
2025-10-21T0300,1733A,111.5531,36.0783,临汾市,临钢医院,细颗粒物(PM2.5),54,48,43,38,28,17,,,,26,20,10,6,1.0,0.7
2025-10-21T0300,1734A,111.5028,36.0714,临汾市,技工学校,,,,48,40,33,11,,,,32,25,,7,1.1,0.8
2025-10-21T0300,1736A,111.5018,36.0855,临汾市,市委,颗粒物(PM10),61,72,54,37,29,10,,,,29,24,10,7,0.9,0.7
2025-10-21T0300,3018A,111.505,36.1014,临汾市,唐尧大酒店,颗粒物(PM10),57,64,54,33,29,12,,,,28,21,6,5,1.1,0.9
2025-10-21T0300,4244A,111.4879,36.0530,临汾市,启星学校,细颗粒物(PM2.5),54,51,44,38,30,11,,,,30,24,7,6,1.1,0.8
2025-10-21T0300,4271A,103.2464,35.6123,临夏回族自治州,滨河东路1号,,31,31,82,19,39,18,,,,13,21,5,6,0.4,0.6
2025-10-21T0300,4310A,103.2093,35.5995,临夏回族自治州,新华街21号,,31,31,73,19,42,37,,,,8,21,6,8,0.5,0.6
2025-10-21T0300,1618A,118.3429,35.0532,临沂市,沂河小区,,23,19,33,16,20,60,,,,10,15,6,6,0.2,0.3
2025-10-21T0300,1619A,118.295,35.0583,临沂市,鲁南制药厂,,21,14,28,13,18,66,,,,15,21,6,7,0.3,0.4
2025-10-21T0300,1620A,118.2794,34.9976,临沂市,新光毛纺厂,,20,,24,13,14,62,,,,13,18,6,7,0.2,0.2
2025-10-21T0300,1621A,118.3956,35.0888,临沂市,河东保险公司,,18,17,30,3,12,56,,,,18,24,5,6,0.4,0.5
2025-10-21T0300,3370A,118.3564,35.0215,临沂市,十里堡居委,,20,7,25,3,7,63,,,,19,24,7,7,0.1,0.2
2025-10-21T0300,3496A,118.3604,35.1084,临沂市,南坊新区,,19,12,29,3,11,59,,,,15,20,7,8,0.5,0.5
2025-10-21T0300,3860A,118.3920,35.0300,临沂市,皇山花园小区,,20,12,32,11,13,61,,,,11,19,8,8,0.3,0.3
2025-10-21T0300,1870A,109.4856,24.3895,柳州市,柳东小学,,12,12,12,7,7,35,,,,6,6,4,5,0.4,0.5
2025-10-21T0300,1871A,109.4157,24.3277,柳州市,环保监测站,,13,8,14,3,4,41,,,,4,5,7,7,0.6,0.7
2025-10-21T0300,1872A,109.389,24.341,柳州市,河西水厂,,13,11,18,9,8,23,,,,23,15,11,9,1.1,1.1
2025-10-21T0300,1873A,109.4311,24.2921,柳州市,市四中,,13,8,15,3,3,40,,,,5,7,7,8,0.7,0.8
2025-10-21T0300,1874A,109.4006,24.3631,柳州市,市九中,,12,11,18,3,6,37,,,,13,11,3,3,0.4,0.5
2025-10-21T0300,1875A,109.4958,24.3134,柳州市,古亭山,,12,8,12,3,5,38,,,,5,6,6,6,0.4,0.5
2025-10-21T0300,3402A,109.5422,24.3996,柳州市,市二中,,16,,9,3,4,51,,,,9,9,6,7,0.4,0.5
2025-10-21T0300,2307A,116.5079,31.737,六安市,监测大楼,,32,28,27,22,15,36,,,,11,12,3,3,0.3,0.3
2025-10-21T0300,2308A,116.4738,31.7643,六安市,皖西学院,,29,,19,20,15,43,,,,11,11,2,2,0.3,0.3
2025-10-21T0300,2309A,116.4996,31.7905,六安市,朝阳厂,,29,23,25,20,14,36,,,,15,15,1,1,0.3,0.3
2025-10-21T0300,2310A,116.5567,31.7886,六安市,开发区,,25,24,29,17,17,35,,,,9,10,1,1,0.2,0.2
2025-10-21T0300,2576A,104.8,26.5892,六盘水市,窑上,,14,14,19,8,11,22,,,,5,7,2,2,0.5,0.6
2025-10-21T0300,2577A,104.83,26.5917,六盘水市,黄土坡,,7,6,9,3,5,22,,,,8,12,4,5,0.7,0.8
2025-10-21T0300,2578A,104.89,26.5939,六盘水市,水钢,,15,15,12,3,6,22,,,,7,7,4,2,0.7,0.6
2025-10-21T0300,2579A,104.8475,26.5894,六盘水市,民中,,7,6,9,3,3,20,,,,6,9,2,1,0.6,0.6
2025-10-21T0300,2580A,104.9544,26.5506,六盘水市,双水,,9,7,11,6,8,23,,,,5,8,2,2,0.5,0.5
2025-10-21T0300,2335A,117.0189,25.1181,龙岩市,龙岩师专,,,,,,,,,,,,,,,,
2025-10-21T0300,2336A,117.0217,25.1033,龙岩市,龙岩市监测站,,17,7,11,3,7,53,,,,8,8,4,7,0.4,0.4
2025-10-21T0300,2337A,117.0258,25.0661,龙岩市,闽西职业技术学院,,18,7,11,6,7,56,,,,4,4,4,4,0.5,0.5
2025-10-21T0300,2338A,117.0196,25.0306,龙岩市,龙岩学院,,19,6,13,3,9,60,,,,3,5,9,9,0.4,0.4
2025-10-21T0300,2665A,105.0822,33.3261,陇南市,汉王镇固水子,,,,,,,,,,,,,,,,
2025-10-21T0300,2885A,104.9339,33.3826,陇南市,滨江中学,,27,27,36,13,17,22,,,,8,13,6,6,0.5,0.6
2025-10-21T0300,3247A,104.955,33.371,陇南市,市总工会,,29,29,34,9,14,18,,,,13,17,6,7,0.9,0.9
2025-10-21T0300,2487A,111.9589,27.8901,娄底市,电视发射台,,,,,,,,,,,,,,,,
2025-10-21T0300,2488A,111.9975,27.725,娄底市,市监测站,,,,6,4,5,50,,,,9,12,15,8,0.2,0.3
2025-10-21T0300,2489A,112.0194,27.7314,娄底市,市委党校,,17,6,5,3,3,53,,,,5,7,2,1,0,0
2025-10-21T0300,2490A,111.9561,27.7569,娄底市,涟钢,,,,10,,6,46,,,,7,8,4,3,0.2,0.3
2025-10-21T0300,2491A,111.9892,27.7044,娄底市,市政府,,,,13,,9,52,,,,6,9,,6,0.3,0.4
2025-10-21T0300,1893A,105.4324,28.9634,泸州市,九狮山,,,,,,,,,,,,,,,,
2025-10-21T0300,1894A,105.4427,28.9063,泸州市,小市上码头,,9,6,12,3,6,26,,,,11,14,7,8,0.5,0.7
2025-10-21T0300,1895A,105.4241,28.8573,泸州市,兰田宪桥,,8,6,14,3,6,23,,,,6,9,5,5,0.4,0.4
2025-10-21T0300,1896A,105.4379,28.8833,泸州市,市环监站,,9,9,18,3,8,20,,,,9,13,8,8,0.4,0.5
2025-10-21T0300,4272A,105.3689,28.7783,泸州市,纳溪中医医院,,7,,13,3,9,22,,,,10,12,4,5,0.5,0.7
2025-10-21T0300,2183A,111.1406,37.5211,吕梁市,环保局,,36,30,46,25,29,2,,,,39,33,3,5,0.7,0.7
2025-10-21T0300,2185A,111.1297,37.5136,吕梁市,自来水公司,,47,47,49,27,28,1,,,,34,31,8,5,3.4,1
2025-10-21T0300,2867A,111.1283,37.51,吕梁市,马茂庄小学,颗粒物(PM10),52,53,55,28,29,1,,,,38,33,9,7,2.3,0.9
2025-10-21T0300,1812A,112.3931,34.6516,洛阳市,市委党校,,39,29,33,27,28,37,,,,23,25,6,6,0.3,0.4
2025-10-21T0300,1815A,112.494,34.6886,洛阳市,河南林校,,38,38,39,20,23,34,,,,23,23,7,7,0.3,0.3
2025-10-21T0300,1816A,112.3844,34.623,洛阳市,开发区管委会,,36,31,36,25,25,29,,,,19,21,8,5,0.4,0.4
2025-10-21T0300,1817A,112.4267,34.6258,洛阳市,市委新办公区,,36,36,35,23,23,32,,,,22,26,8,7,0.4,0.5
2025-10-21T0300,3340A,112.6005,34.6326,洛阳市,伊滨,,46,46,40,29,28,21,,,,23,20,3,4,0.3,0.3
2025-10-21T0300,3341A,112.4951,34.6332,洛阳市,中移产业园,,38,35,38,26,28,10,,,,35,25,6,6,0.2,0.2
2025-10-21T0300,3593A,112.5736,34.8993,洛阳市,吉利监测站,,25,24,34,17,19,18,,,,23,19,5,6,0.3,0.3
2025-10-21T0300,3635A,112.3677,34.662,洛阳市,河科大西苑校区,,35,33,35,24,25,27,,,,32,28,7,7,0.5,0.5
2025-10-21T0300,3636A,112.4388,34.6781,洛阳市,英才小学,,38,38,41,21,20,28,,,,33,24,6,6,0.3,0.4
2025-10-21T0300,4214A,112.4600,34.6949,洛阳市,春都路1号院,,36,36,36,17,20,28,,,,26,25,7,7,0.4,0.5
2025-10-21T0300,2399A,114.051,33.5699,漯河市,三五一五工厂,,45,43,46,31,37,38,,,,19,18,7,6,0.2,0.3
2025-10-21T0300,2400A,114.0055,33.5698,漯河市,漯河大学,,45,42,48,31,37,39,,,,21,20,6,6,0.4,0.4
2025-10-21T0300,2401A,114.0138,33.5828,漯河市,市水利局,细颗粒物(PM2.5),52,,40,36,36,38,,,,19,19,7,6,0.6,0.6
2025-10-21T0300,2402A,114.0261,33.5698,漯河市,市广电局,,40,34,40,28,31,38,,,,14,13,6,5,0.5,0.6
2025-10-21T0300,3478A,113.9749,33.5664,漯河市,市图书馆,,41,41,46,26,34,35,,,,20,19,4,4,0.4,0.5
2025-10-21T0300,4250A,114.0892,33.5882,漯河市,韶山路11号,,38,38,42,18,27,27,,,,22,20,6,6,0.6,0.6
2025-10-21T0300,1798A,118.5092,31.6837,马鞍山市,湖东路四小,,26,,27,18,12,55,,,,16,16,4,4,0.4,0.3
2025-10-21T0300,1799A,118.5024,31.6449,马鞍山市,开发区,,23,23,28,16,11,55,,,,17,17,6,6,0.4,0.3
2025-10-21T0300,1802A,118.6245,31.7241,马鞍山市,濮塘,,,,,,,,,,,,,,,,
2025-10-21T0300,3633A,118.4918,31.6809,马鞍山市,雨山,,25,25,29,14,11,52,,,,17,18,4,5,0.5,0.3
2025-10-21T0300,4191A,118.5274,31.72227,马鞍山市,慈湖高新区,,43,43,29,22,14,52,,,,9,12,3,4,0.5,0.4
2025-10-21T0300,1686A,111.0286,21.4688,茂名市,电白南海,,19,19,25,12,14,46,,,,7,7,7,7,0.8,0.8
2025-10-21T0300,1687A,110.9294,21.6533,茂名市,茂石化七小,,17,17,24,9,14,41,,,,8,9,15,9,0.4,0.5
2025-10-21T0300,1688A,110.9107,21.6687,茂名市,健康路,,,24,23,9,14,44,,,,9,10,,16,0.6,0.8
2025-10-21T0300,1689A,110.8592,21.6828,茂名市,高岭,,22,22,29,3,6,43,,,,9,11,7,10,0.6,0.7
2025-10-21T0300,3450A,111.01,21.5165,茂名市,电白水东,,17,17,19,7,10,42,,,,11,10,8,7,0.6,0.6
2025-10-21T0300,2539A,104.0308,30.0478,眉山市,黑龙滩水库,,,,,,,,,,,,,,,,
2025-10-21T0300,2540A,103.8416,30.0874,眉山市,气象局,,16,16,14,3,2,33,,,,12,16,7,7,0.4,0.4
2025-10-21T0300,3137A,103.8578,30.0744,眉山市,市委党校,,10,6,2,3,0,31,,,,14,13,8,6,0.5,0.5
2025-10-21T0300,3148A,103.8291,30.0564,眉山市,区人社局,,23,23,19,3,0,34,,,,14,16,3,3,0.8,0.8
2025-10-21T0300,1690A,116.1231,24.3284,梅州市,梅江月梅,,12,,16,8,11,32,,,,12,14,5,5,0.3,0.4
2025-10-21T0300,1691A,116.0797,24.2719,梅州市,梅县新城,,12,6,15,3,6,38,,,,7,8,8,7,0.5,0.5
2025-10-21T0300,1692A,116.1248,24.2654,梅州市,环境监控中心,,10,,13,6,8,29,,,,10,11,5,4,0.6,0.6
2025-10-21T0300,3315A,116.1233,24.2991,梅州市,梅龙,,,6,14,3,9,30,,,,10,11,,9,0.7,0.7
2025-10-21T0300,1878A,104.7778,31.4741,绵阳市,富乐山,,14,6,4,3,2,43,,,,5,6,8,7,0.5,0.5
2025-10-21T0300,1880A,104.6697,31.4668,绵阳市,高新区自来水公司,,13,,4,7,4,39,,,,9,9,7,7,0.6,0.6
2025-10-21T0300,1881A,104.7287,31.5075,绵阳市,三水厂,,,11,7,8,4,38,,,,6,7,,5,0.6,0.6
2025-10-21T0300,3491A,104.69,31.5322,绵阳市,西科大附属小学,,12,6,5,3,1,37,,,,10,9,11,10,0.5,0.6
2025-10-21T0300,3492A,104.5648,31.5343,绵阳市,安州区旅游局,,10,,7,7,4,27,,,,12,10,10,9,0.6,0.6
2025-10-21T0300,4226A,104.7651,31.4531,绵阳市,绵阳市气象局,,,,3,3,2,44,,,,4,5,,6,0.4,0.4
2025-10-21T0300,1784A,129.61,44.561,牡丹江市,环保大楼,,28,28,25,17,17,44,,,,9,12,6,6,0.2,0.2
2025-10-21T0300,1785A,129.6115,44.5782,牡丹江市,文化广场,,40,,25,28,20,43,,,,14,16,2,3,0.2,0.3
2025-10-21T0300,1786A,129.5904,44.5963,牡丹江市,第一医院,,39,33,34,27,23,43,,,,12,16,3,3,0.3,0.3
2025-10-21T0300,1787A,129.6364,44.6075,牡丹江市,机车工厂,,36,36,32,18,21,33,,,,18,18,4,5,0.2,0.3
2025-10-21T0300,1788A,129.6386,44.5462,牡丹江市,第一中学,,39,39,25,25,15,44,,,,13,16,3,3,0.2,0.2
2025-10-21T0300,2531A,105.0703,29.61,内江市,市监测站,,12,9,18,3,5,37,,,,8,11,4,4,0.6,0.6
2025-10-21T0300,2532A,105.0717,29.5947,内江市,东兴区政府,,,6,8,3,0,39,,,,6,9,,8,0.2,0.3
2025-10-21T0300,2533A,105.0653,29.5817,内江市,内江二中,,12,6,9,3,3,36,,,,7,10,1,1,0.6,0.6
2025-10-21T0300,2534A,105.0406,29.5822,内江市,内江日报社,,13,10,12,3,3,39,,,,9,12,4,4,0.4,0.5
2025-10-21T0300,2628A,92.0657,31.4846,那曲市,那曲监测站,,39,39,69,19,41,49,,,,21,33,4,8,0.9,1.1
2025-10-21T0300,4243A,92.0515,31.4787,那曲市,那曲市委宣传部,,,,,,,,,,,,,,,,
2025-10-21T0300,1290A,115.8931,28.6843,南昌市,省外办,,32,23,30,22,18,41,,,,12,19,4,4,0.5,0.6
2025-10-21T0300,1291A,115.8886,28.7003,南昌市,省林业公司,,19,19,19,12,15,47,,,,8,9,2,2,0.4,0.5
2025-10-21T0300,1292A,115.8126,28.7442,南昌市,林科所,,36,36,26,14,14,40,,,,6,12,7,8,0.4,0.5
2025-10-21T0300,1294A,115.8518,28.687,南昌市,建工学校,,30,30,38,15,17,40,,,,9,10,9,8,0.2,0.3
2025-10-21T0300,1295A,115.8921,28.6424,南昌市,象湖,,29,29,34,17,15,41,,,,11,12,7,7,0.3,0.4
2025-10-21T0300,1296A,115.7423,28.7996,南昌市,武术学校,,,,,,,,,,,,,,,,
2025-10-21T0300,3046A,115.9084,28.6062,南昌市,机电学校,,38,38,33,19,16,44,,,,9,10,6,6,0.3,0.3
2025-10-21T0300,3690A,115.9721,28.7031,南昌市,外国语学校,,33,33,31,19,19,42,,,,17,16,7,7,0.3,0.4
2025-10-21T0300,4192A,115.9316,28.68677,南昌市,南京东路235号,,44,44,33,12,16,44,,,,16,16,4,4,0.4,0.4
2025-10-21T0300,1905A,106.056,30.8064,南充市,西山风景区,,,,,,,,,,,,,,,,
2025-10-21T0300,1906A,106.0789,30.8023,南充市,南充市委,,9,6,5,3,3,27,,,,6,11,4,3,0.3,0.4
2025-10-21T0300,1907A,106.1031,30.8217,南充市,南充炼油厂,,18,18,16,8,6,26,,,,4,6,6,6,0.3,0.3
2025-10-21T0300,4227A,106.1083,30.7884,南充市,梨树横街98号,,12,9,6,8,5,29,,,,3,7,4,4,0.3,0.3
2025-10-21T0300,4304A,106.1172,30.843,南充市,清泉寺北路188号,,10,7,7,3,1,29,,,,4,5,6,5,0.3,0.4
2025-10-21T0300,4305A,106.067,30.7616,南充市,同庆路1号,,9,,6,3,2,26,,,,6,10,6,5,0.4,0.4
2025-10-21T0300,1151A,118.8086,32.1065,南京市,迈皋桥,,,19,19,7,6,47,,,,4,4,,4,0.6,0.6
2025-10-21T0300,1152A,118.7538,32.0551,南京市,草场门,,19,19,23,12,10,42,,,,22,18,2,2,0.3,0.3
2025-10-21T0300,1153A,118.7794,32.0745,南京市,山西路,,17,17,25,7,4,45,,,,12,5,3,3,0.5,0.5
2025-10-21T0300,1154A,118.7752,32.0023,南京市,中华门,,,14,22,7,7,46,,,,14,11,,4,0.3,0.3
2025-10-21T0300,1155A,118.8109,32.0309,南京市,瑞金路,,19,19,22,9,8,50,,,,2,2,7,7,0.5,0.5
2025-10-21T0300,1156A,118.7997,32.0754,南京市,玄武湖,,26,26,24,3,4,43,,,,18,16,4,4,0.4,0.3
2025-10-21T0300,1157A,118.6414,32.0931,南京市,浦口,,,26,30,11,10,45,,,,16,17,,6,0.6,0.6
2025-10-21T0300,1158A,118.7356,31.9996,南京市,奥体中心,,21,21,25,14,9,53,,,,19,17,5,4,0.5,0.3
2025-10-21T0300,1159A,118.9125,32.1028,南京市,仙林大学城,,22,22,27,7,5,42,,,,14,9,6,6,0.4,0.3
2025-10-21T0300,3422A,118.8436,31.9198,南京市,江宁彩虹桥,,25,25,26,9,7,53,,,,9,10,7,5,0.4,0.3
2025-10-21T0300,3427A,118.8554,32.3578,南京市,六合雄州,,29,29,24,11,10,59,,,,14,14,6,4,0.2,0.1
2025-10-21T0300,4249A,118.8708,31.3402,南京市,汶溪路181号,,19,17,32,9,12,59,,,,16,17,3,4,0.4,0.4
2025-10-21T0300,4312A,119.019,31.6512,南京市,中山西路1号,,17,17,21,11,12,40,,,,9,8,7,4,0.5,0.5
2025-10-21T0300,1401A,108.3103,22.7881,南宁市,二十一中,,15,,12,3,7,46,,,,6,8,6,6,0.6,0.7
2025-10-21T0300,1402A,108.3141,22.8528,南宁市,北湖,,15,9,14,9,9,48,,,,11,11,6,6,0.5,0.6
2025-10-21T0300,1403A,108.3206,22.8225,南宁市,市监测站,,15,11,15,8,9,45,,,,8,11,5,5,0.5,0.6
2025-10-21T0300,1404A,108.3829,22.8037,南宁市,大自然花园,,15,14,16,7,10,48,,,,4,6,5,5,0.5,0.7
2025-10-21T0300,1405A,108.4394,22.7904,南宁市,仙葫,,,,,,,,,,,,,,,,
2025-10-21T0300,1406A,108.2397,22.8467,南宁市,区农职院,,15,12,15,8,8,45,,,,10,10,4,4,0.5,0.6
2025-10-21T0300,1407A,108.3275,22.735,南宁市,英华嘉园,,18,18,14,7,11,49,,,,5,7,2,2,0.4,0.5
2025-10-21T0300,3401A,108.4834,22.7618,南宁市,红星社区,,15,15,15,6,6,47,,,,6,8,6,5,0.3,0.4
2025-10-21T0300,4221A,108.2177,22.7774,南宁市,乐贤路16号,,18,18,19,6,9,45,,,,8,9,8,8,0.3,0.5
2025-10-21T0300,2331A,118.0966,26.6761,南平市,茫荡山,,,7,12,,,69,,,,,,1,2,,
2025-10-21T0300,2332A,118.1681,26.6369,南平市,南平市监测站,,17,6,9,3,5,52,,,,7,8,2,3,0.4,0.4
2025-10-21T0300,2333A,118.1825,26.6489,南平市,南平铝业有限公司,,17,12,13,3,4,53,,,,7,8,2,2,0.5,0.5
2025-10-21T0300,2334A,118.1756,26.6272,南平市,南平七中,,16,8,16,3,5,51,,,,8,8,4,5,0.5,0.6
2025-10-21T0300,1168A,120.9098,31.9663,南通市,狼山街道,,22,13,25,3,8,70,,,,6,8,2,2,0.5,0.5
2025-10-21T0300,1169A,120.86,32.0005,南通市,虹桥,,21,16,21,3,6,65,,,,7,7,3,3,0.7,0.7
2025-10-21T0300,1170A,120.87,32.02,南通市,城中,,,13,27,3,7,68,,,,11,13,,3,0.4,0.4
2025-10-21T0300,1171A,120.94,31.93,南通市,星湖花园,,,19,29,3,8,74,,,,8,10,,3,0.7,0.7
2025-10-21T0300,1172A,120.81,32.0417,南通市,紫琅学院,,20,15,24,3,3,62,,,,8,9,4,4,0.6,0.5
2025-10-21T0300,3291A,121.067,32.062,南通市,通州监测站,,25,9,14,3,6,78,,,,5,8,1,1,0.1,0.1
2025-10-21T0300,3432A,120.9348,31.9883,南通市,环境教育馆,,25,17,29,3,6,77,,,,7,10,3,3,0.2,0.2
2025-10-21T0300,2404A,112.5224,33.0122,南阳市,瓦房庄,,40,40,45,25,31,49,,,,15,16,8,8,0.5,0.6
2025-10-21T0300,2405A,112.5003,32.9735,南阳市,汉画馆,,,29,33,24,31,49,,,,16,18,,8,0.3,0.4
2025-10-21T0300,2406A,112.5573,33.027,南阳市,气象站,,,31,36,22,28,44,,,,19,20,,7,0.4,0.5
2025-10-21T0300,2407A,112.5481,32.9689,南阳市,理工学院,,,37,42,18,18,49,,,,14,15,,10,0.4,0.5
2025-10-21T0300,4008A,112.5234,32.9922,南阳市,卧龙区政府,,,26,36,15,19,51,,,,15,17,,7,0.5,0.6
2025-10-21T0300,1234A,121.8358,29.911,宁波市,区环保大楼,,28,28,34,8,11,71,,,,14,20,5,5,0.4,0.4
2025-10-21T0300,1235A,121.56,29.82,宁波市,万里学院,,26,26,26,8,12,77,,,,5,8,7,7,0.4,0.4
2025-10-21T0300,1236A,121.713,29.9572,宁波市,龙赛医院,,30,30,33,3,5,74,,,,6,10,7,6,0.3,0.4
2025-10-21T0300,1239A,121.633,29.7733,宁波市,钱湖水厂,,24,24,27,8,11,76,,,,7,10,7,6,0.4,0.4
2025-10-21T0300,1240A,121.5856,29.8635,宁波市,太古小学,,,28,30,3,7,,,,,6,8,4,4,0.3,0.4
2025-10-21T0300,1241A,121.524,29.8674,宁波市,市环境监测中心,,,21,25,3,6,69,,,,12,13,,10,0.3,0.4
2025-10-21T0300,2871A,121.6147,29.9017,宁波市,万里国际学校,,25,21,26,3,6,80,,,,6,8,5,5,0.2,0.3
2025-10-21T0300,3710A,121.5594,29.8975,宁波市,白沙活动中心,,25,22,25,8,9,77,,,,2,5,4,4,0.3,0.3
2025-10-21T0300,2339A,119.5001,26.6946,宁德市,金涵水库,,9,6,3,3,2,26,,,,2,2,2,2,0.4,0.4
2025-10-21T0300,2341A,119.5388,26.6612,宁德市,宁德市监测站,,14,6,8,6,8,44,,,,14,9,5,4,0.4,0.4
2025-10-21T0300,3209A,119.5231,26.6562,宁德市,宁德一中,,15,7,11,3,3,46,,,,10,8,4,4,0.3,0.4
2025-10-21T0300,2618A,98.8601,25.8567,怒江傈僳族自治州,州监测站,,30,30,20,11,12,7,,,,8,7,6,6,0.4,0.4
2025-10-21T0300,2619A,98.8546,25.8417,怒江傈僳族自治州,泸水一中,,12,12,20,6,8,0,,,,7,9,5,5,0.6,0.6
2025-10-21T0300,1888A,101.6891,26.571,攀枝花市,弄弄坪,,39,39,70,22,35,5,,,,16,26,9,48,0.7,1.3
2025-10-21T0300,1889A,101.5769,26.5928,攀枝花市,河门口,,33,33,47,19,30,0,,,,17,23,10,22,1.4,1.7
2025-10-21T0300,1890A,101.7169,26.585,攀枝花市,炳草岗,,42,42,56,19,30,1,,,,22,27,26,46,1.0,1.3
2025-10-21T0300,1891A,101.7369,26.5008,攀枝花市,仁和,,25,23,28,17,21,2,,,,11,16,6,14,0.7,0.8
2025-10-21T0300,2835A,101.7227,26.567,攀枝花市,四十中小,,44,44,51,30,36,2,,,,24,24,27,66,1.4,1.5
2025-10-21T0300,1604A,122.0303,41.1489,盘锦市,开发区,,42,31,22,29,15,2,,,,46,29,3,3,0.4,0.2
2025-10-21T0300,1605A,122.0485,41.0883,盘锦市,兴隆台,,30,30,28,16,15,19,,,,37,36,11,6,0.4,0.5
2025-10-21T0300,1606A,121.8297,41.1028,盘锦市,新生街道,,31,31,20,19,16,1,,,,56,35,17,8,0.7,0.2
2025-10-21T0300,1832A,113.3257,33.742,平顶山市,新华旅馆,,39,39,42,22,29,34,,,,15,15,6,6,0.4,0.4
2025-10-21T0300,1833A,113.2919,33.737,平顶山市,规划设计院,,43,41,37,30,29,20,,,,22,17,4,4,0.3,0.4
2025-10-21T0300,1834A,113.182,33.774,平顶山市,平顶山工学院,,32,31,32,22,25,18,,,,29,18,6,6,0.4,0.4
2025-10-21T0300,3204A,113.3025,33.73,平顶山市,规划局,,39,39,41,23,27,22,,,,19,14,6,6,0.4,0.4
2025-10-21T0300,3594A,112.8867,33.9116,平顶山市,石龙区,,29,28,38,20,28,47,,,,13,17,5,6,0.4,0.5
2025-10-21T0300,2656A,106.6692,35.5461,平凉市,聚贤嘉苑,,26,22,30,18,19,25,,,,10,15,10,9,0.9,0.9
2025-10-21T0300,2657A,106.7021,35.5307,平凉市,博物馆,,31,31,31,17,17,26,,,,12,15,9,11,0.8,0.8
2025-10-21T0300,2347A,114.0997,27.5002,萍乡市,武功山,,,,,,,,,,,,,,,,
2025-10-21T0300,2348A,113.8385,27.6434,萍乡市,中医院,,28,28,14,11,7,40,,,,13,18,2,3,0.5,0.6
2025-10-21T0300,2349A,113.8493,27.6253,萍乡市,市政府车库,,21,21,15,14,9,42,,,,14,20,12,14,0.5,1.1
2025-10-21T0300,2350A,113.8676,27.6435,萍乡市,市环保局,,20,20,13,12,8,41,,,,8,10,2,3,0.3,0.4
2025-10-21T0300,2351A,113.866,27.6198,萍乡市,安源区政府,,24,24,16,14,10,42,,,,15,16,10,8,1.0,0.8
2025-10-21T0300,2319A,119.0141,25.4325,莆田市,荔城区仓后路,,19,7,20,3,7,60,,,,5,8,7,7,0.6,0.7
2025-10-21T0300,2320A,119.0015,25.4553,莆田市,莆田市监测站,,20,6,11,3,5,63,,,,6,8,6,7,0.6,0.6
2025-10-21T0300,2321A,119.1119,25.4561,莆田市,涵江区六中,,20,15,16,3,5,64,,,,7,8,5,6,0.5,0.5
2025-10-21T0300,2322A,119.1013,25.3215,莆田市,秀屿区政府,,19,14,18,3,6,60,,,,9,10,7,7,0.9,0.8
2025-10-21T0300,2323A,118.981,25.4792,莆田市,东圳水库,,24,7,11,3,1,75,,,,6,7,5,6,0.3,0.3
2025-10-21T0300,2392A,115.0312,35.7636,濮阳市,环保局,,31,31,35,19,20,24,,,,30,25,10,10,0.2,0.4
2025-10-21T0300,2394A,115.0574,35.7609,濮阳市,油田运输公司,,36,36,38,18,20,22,,,,29,23,9,9,0.6,0.6
2025-10-21T0300,3021A,115,35.7668,濮阳市,濮水河管理处,颗粒物(PM10),51,51,44,19,20,12,,,,25,21,9,9,0.5,0.5
2025-10-21T0300,4216A,115.0924,35.7686,濮阳市,任丘路479号,,37,37,42,17,20,21,,,,26,22,9,9,0.3,0.4
2025-10-21T0300,2601A,100.98,22.7633,普洱市,市环保局,,29,29,38,16,22,24,,,,4,7,3,2,0.5,0.5
2025-10-21T0300,2602A,100.9817,22.8322,普洱市,普洱第二中学,,27,27,34,13,21,5,,,,16,11,4,4,0.4,0.4
2025-10-21T0300,2262A,131.0518,45.8751,七台河市,新一中,,,,,,,,,,,,,,,,
2025-10-21T0300,3345A,131.0577,45.7879,七台河市,中波台,,16,11,21,3,10,50,,,,10,13,6,6,0.5,0.5
2025-10-21T0300,3637A,131.0176,45.7761,七台河市,人民广场,,20,15,25,12,13,61,,,,7,12,6,6,0.4,0.5
2025-10-21T0300,3684A,130.8781,45.8222,七台河市,新建矿广场,,20,,20,14,18,50,,,,4,7,5,6,0.4,0.5
2025-10-21T0300,1779A,123.9305,47.3636,齐齐哈尔市,安居小区,,15,15,20,8,8,44,,,,6,9,2,2,0.4,0.4
2025-10-21T0300,1780A,123.9488,47.3386,齐齐哈尔市,中心广场,,17,13,14,3,3,52,,,,5,11,1,1,0.2,0.3
2025-10-21T0300,1781A,123.9483,47.3227,齐齐哈尔市,农牧车辆厂,,15,14,22,8,7,48,,,,4,9,3,3,0.4,0.5
2025-10-21T0300,1783A,123.945,47.2988,齐齐哈尔市,市环境监测站,,17,10,20,6,7,52,,,,6,9,5,5,0.3,0.3
2025-10-21T0300,3662A,123.6333,47.2075,齐齐哈尔市,富区青少年活动中心,,19,19,26,3,10,46,,,,5,11,7,5,0.4,0.5
2025-10-21T0300,2591A,107.9783,26.5747,黔东南苗族侗族自治州,市环境监测站,,15,,7,3,7,47,,,,3,5,4,3,0.5,0.5
2025-10-21T0300,2881A,107.8908,26.5311,黔东南苗族侗族自治州,凯里学院,,13,,3,3,5,41,,,,6,8,2,2,0.7,0.7
2025-10-21T0300,2593A,107.5228,26.2403,黔南布依族苗族自治州,小围寨,,13,6,3,3,1,40,,,,4,4,3,2,0.6,0.6
2025-10-21T0300,3538A,107.5175,26.2978,黔南布依族苗族自治州,沙坝,,13,,7,3,6,40,,,,4,6,3,3,0.5,0.5
2025-10-21T0300,2589A,104.9022,25.0925,黔西南布依族苗族自治州,场坝街,,23,23,21,7,9,41,,,,4,6,4,5,0.4,0.5
2025-10-21T0300,2590A,104.8811,25.0992,黔西南布依族苗族自治州,坪东大道,,13,9,21,9,10,40,,,,3,6,2,3,0.5,0.6
2025-10-21T0300,2502A,108.6236,21.9667,钦州市,市环保站,,17,17,25,7,8,45,,,,10,10,4,4,1.5,1.2
2025-10-21T0300,2503A,108.6549,21.9481,钦州市,沙埠小学,,19,19,23,6,10,49,,,,8,8,3,3,0.4,0.6
2025-10-21T0300,2504A,108.5989,21.7431,钦州市,港区一小,,33,33,34,12,15,32,,,,23,18,9,7,0.7,0.8
2025-10-21T0300,3404A,108.5959,21.9633,钦州市,北职校,,18,18,21,6,9,48,,,,5,6,4,4,0.6,0.7
2025-10-21T0300,1043A,119.7493,40.0116,秦皇岛市,第一关,,,,20,,24,,,48,,,29,,4,,0.2
2025-10-21T0300,1044A,119.5897,39.9499,秦皇岛市,监测站,,34,34,32,10,10,29,,,,21,24,5,5,0.2,0.4
2025-10-21T0300,1046A,119.5251,39.9041,秦皇岛市,建设大厦,,,30,37,14,14,16,,,,29,24,,3,0.2,0.3
2025-10-21T0300,3132A,119.610547,39.943889,秦皇岛市,文明里,,22,22,24,10,15,22,,,,21,22,7,7,0.3,0.4
2025-10-21T0300,4198A,119.5090,39.8253,秦皇岛市,北戴河轮滑馆,,20,17,22,13,10,4,,,,39,24,3,2,0.3,0.3
2025-10-21T0300,1307A,120.6659,36.2403,青岛市,仰口,,,,,,,,,,,,,,,,
2025-10-21T0300,1310A,120.4134,36.0658,青岛市,市南区东部子站,,22,,18,7,6,69,,,,3,9,6,6,0.3,0.3
2025-10-21T0300,1311A,120.3664,36.1032,青岛市,四方区子站,,21,12,18,9,8,65,,,,2,4,3,3,0.1,0.2
2025-10-21T0300,1312A,120.2994,36.054,青岛市,市南区西部子站,,21,12,22,3,5,67,,,,15,21,6,7,0.2,0.3
2025-10-21T0300,1313A,120.4581,36.0858,青岛市,崂山区子站,,24,6,15,3,2,75,,,,3,6,8,7,0.2,0.2
2025-10-21T0300,1315A,120.3999,36.3083,青岛市,城阳区子站,,22,9,19,7,9,70,,,,3,7,4,3,0.3,0.3
2025-10-21T0300,3362A,120.5014,36.4034,青岛市,即墨2号,,,,23,12,13,,,,,13,14,3,4,0.2,0.2
2025-10-21T0300,3642A,120.3503,36.0736,青岛市,市北区南部,,20,11,23,3,5,64,,,,7,12,3,3,0.1,0.1
2025-10-21T0300,3643A,120.3948,36.1805,青岛市,李沧区北部,,21,,19,14,12,66,,,,4,8,5,5,0.2,0.2
2025-10-21T0300,4290A,120.1969,35.9546,青岛市,珠江路669号,,21,,20,7,7,67,,,,18,14,9,9,0.2,0.2
2025-10-21T0300,4291A,120.0424,35.8656,青岛市,黄岛区人民政府广场,,23,7,20,3,4,71,,,,6,9,5,5,0.3,0.4
2025-10-21T0300,1702A,113.0426,23.691,清远市,环保大楼,,,,,,,,,,,,,,,,
2025-10-21T0300,1703A,113.0208,23.7106,清远市,凤城街办,,12,6,8,3,3,37,,,,12,13,6,6,0.5,0.6
2025-10-21T0300,3025A,113.0477,23.6344,清远市,技师学院,,13,6,12,3,5,39,,,,12,13,4,4,0.5,0.6
2025-10-21T0300,3318A,112.9903,23.7403,清远市,清新太和,,15,6,7,3,4,45,,,,13,13,4,6,0.6,0.6
2025-10-21T0300,3455A,113.076,23.7198,清远市,清城东城,,,6,9,3,4,38,,,,10,10,,5,0.6,0.7
2025-10-21T0300,2661A,107.6325,35.7357,庆阳市,庆阳五中,,20,15,21,14,14,33,,,,8,11,1,1,0.5,0.5
2025-10-21T0300,2662A,107.6364,35.7067,庆阳市,市环保局,,16,16,21,7,10,37,,,,9,11,3,3,0.6,0.6
2025-10-21T0300,1916A,103.7897,25.5035,曲靖市,环境监测站,,19,19,19,8,9,39,,,,11,10,5,6,0.4,0.4
2025-10-21T0300,1917A,103.8,25.5364,曲靖市,烟厂办公区,,16,15,14,11,11,44,,,,6,7,3,4,0.5,0.5
2025-10-21T0300,3376A,103.7947,25.462,曲靖市,南苑二区,,18,12,16,12,10,50,,,,7,9,3,4,0.4,0.6
2025-10-21T0300,3377A,103.7444,25.5261,曲靖市,曲靖师范学院,,18,15,15,12,11,47,,,,7,8,2,3,0.4,0.5
2025-10-21T0300,1264A,118.8692,28.9398,衢州市,环保大楼,,27,27,28,10,12,60,,,,11,13,4,4,0.3,0.4
2025-10-21T0300,1265A,118.8709,28.9666,衢州市,实验学校,,,26,25,11,12,63,,,,11,13,,3,0.2,0.3
2025-10-21T0300,1266A,118.8621,28.9808,衢州市,衢州学院,,27,27,26,10,13,64,,,,17,18,6,5,0.3,0.4
2025-10-21T0300,1611A,118.5819,24.9117,泉州市,涂山街,,21,10,19,6,10,66,,,,5,7,2,2,0.4,0.5
2025-10-21T0300,1612A,118.5972,24.8978,泉州市,津头埔,,20,9,20,8,11,63,,,,9,14,2,3,0.4,0.5
2025-10-21T0300,1613A,118.6663,24.9424,泉州市,万安,,20,12,22,7,10,63,,,,5,7,2,3,0.5,0.6
2025-10-21T0300,1614A,118.6117,24.9604,泉州市,清源山,,21,8,13,3,6,67,,,,3,5,2,2,0.5,0.6
2025-10-21T0300,3529A,118.6333,24.9264,泉州市,城华南路,,20,10,19,6,9,64,,,,8,12,3,3,0.5,0.5
2025-10-21T0300,2626A,88.8876,29.2718,日喀则市,日喀则监测站,,21,18,25,10,9,65,,,,11,21,12,13,0.3,0.3
2025-10-21T0300,3726A,88.8781,29.2426,日喀则市,林业技术推广中心,,18,18,19,3,5,51,,,,12,8,5,6,0.4,0.3
2025-10-21T0300,1659A,119.471,35.4209,日照市,监测站,,20,12,21,3,7,62,,,,10,14,7,6,0.5,0.5
2025-10-21T0300,1660A,119.523,35.4216,日照市,市政府广场,,21,12,17,3,5,66,,,,6,8,7,7,0.5,0.5
2025-10-21T0300,1661A,119.5587,35.4044,日照市,港务局,,21,,21,14,14,67,,,,16,18,4,4,0.4,0.4
2025-10-21T0300,3507A,119.5328,35.4625,日照市,职业技术学院,,21,9,20,3,4,65,,,,10,10,6,5,0.5,0.5
2025-10-21T0300,3604A,119.3266,35.1044,日照市,岚山环保分局,,26,,37,18,27,60,,,,16,21,22,24,1.8,1.9
2025-10-21T0300,1835A,111.1922,34.7752,三门峡市,市政府,,35,,27,24,28,49,,,,17,20,9,7,0.2,0.3
2025-10-21T0300,1836A,111.1587,34.7942,三门峡市,开发区,,33,29,34,23,29,50,,,,14,20,9,5,0.3,0.3
2025-10-21T0300,1838A,111.143,34.7955,三门峡市,风景区,,35,,24,24,25,50,,,,14,15,9,7,0.4,0.5
2025-10-21T0300,3039A,111.1911,34.7829,三门峡市,三门峡市第一小学,,30,26,30,21,19,47,,,,15,16,9,7,0.4,0.4
2025-10-21T0300,3598A,111.1,34.7167,三门峡市,富达温泉假日酒店,,36,25,33,25,30,44,,,,18,18,10,6,0.6,0.5
2025-10-21T0300,2324A,117.6211,26.2625,三明市,三钢,,18,,13,12,17,53,,,,7,8,1,1,0.4,0.4
2025-10-21T0300,2325A,117.635,26.2714,三明市,三明二中,,,,14,10,11,51,,,,,7,1,2,0.4,0.4
2025-10-21T0300,2326A,117.6028,26.2378,三明市,三元区政府,,18,12,13,3,5,57,,,,7,8,1,2,0.4,0.5
2025-10-21T0300,2327A,117.7275,26.3108,三明市,洋溪,,16,,11,11,9,46,,,,8,8,7,8,1.0,1
2025-10-21T0300,1876A,109.5078,18.2489,三亚市,河东子站,,21,13,21,6,15,65,,,,8,8,3,3,0.5,0.5
2025-10-21T0300,1877A,109.4964,18.2681,三亚市,河西子站,,21,16,25,6,12,66,,,,6,8,6,6,0.6,0.5
2025-10-21T0300,3540A,109.7348,18.3443,三亚市,君悦子站,,21,18,25,9,13,65,,,,6,7,4,4,0.5,0.5
2025-10-21T0300,2624A,91.7608,29.2313,山南市,山南监测站,,15,15,11,6,4,48,,,,16,12,4,5,0.3,0.3
2025-10-21T0300,2625A,91.7706,29.2436,山南市,山南人民医院,,24,13,14,3,6,74,,,,6,6,5,4,0.2,0.2
2025-10-21T0300,1674A,116.6794,23.3667,汕头市,金平子站,,,12,22,6,9,60,,,,10,12,,3,0.5,0.6
2025-10-21T0300,1675A,116.7244,23.3633,汕头市,龙湖子站,,19,16,22,9,8,58,,,,7,9,8,7,0.6,0.6
2025-10-21T0300,1676A,116.7258,23.2775,汕头市,濠江子站,,,14,20,8,6,58,,,,6,6,,6,0.5,0.5
2025-10-21T0300,1677A,116.7519,23.4714,汕头市,澄海子站,,15,12,24,6,8,48,,,,11,11,6,4,0.6,0.6
2025-10-21T0300,1678A,116.6092,23.2539,汕头市,潮阳子站,,,12,19,8,8,63,,,,4,5,,5,0.5,0.6
2025-10-21T0300,3444A,116.454,23.2684,汕头市,潮南峡山,,,15,20,9,10,51,,,,7,7,,8,0.7,0.7
2025-10-21T0300,3624A,116.4069,23.2533,汕头市,潮南子站,,20,20,26,14,11,40,,,,11,13,7,5,0.6,0.6
2025-10-21T0300,1693A,115.3653,22.775,汕尾市,市环保局,,12,,17,8,12,35,,,,7,8,4,4,0.7,0.7
2025-10-21T0300,1694A,115.3706,22.7898,汕尾市,市政府,,11,6,16,3,6,33,,,,10,10,7,6,0.5,0.6
2025-10-21T0300,1695A,115.3622,22.7925,汕尾市,新城中学,,11,,16,7,11,34,,,,8,8,7,6,0.8,0.8
2025-10-21T0300,2645A,109.9154,33.8715,商洛市,监测站,,15,6,7,3,5,46,,,,8,15,3,6,0.6,0.6
2025-10-21T0300,3045A,109.9643,33.8471,商洛市,商州区中学,,12,,6,3,6,38,,,,11,18,4,4,0.7,0.6
2025-10-21T0300,2408A,115.6702,34.4285,商丘市,环境监测站,,,,41,,20,,,55,,,21,,7,,0.5
2025-10-21T0300,2409A,115.6458,34.4045,商丘市,粮食局,,,30,36,21,24,27,,,,21,18,,3,0.2,0.2
2025-10-21T0300,2410A,115.6293,34.3948,商丘市,睢阳区环保局,,,49,41,25,24,27,,,,25,21,,6,0.4,0.4
2025-10-21T0300,3171A,115.6071,34.4465,商丘市,梁园区档案局,,,44,36,28,24,22,,,,27,23,,6,0.5,0.5
2025-10-21T0300,1141A,121.4,31.238,上海市,普陀,,25,24,31,3,11,80,,,,10,12,5,5,0.3,0.3
2025-10-21T0300,1142A,121.478,31.2036,上海市,十五厂,,,23,31,3,10,78,,,,6,9,,6,0.5,0.6
2025-10-21T0300,1143A,121.467,31.3008,上海市,虹口,,,23,31,7,10,76,,,,5,9,,7,0.4,0.5
2025-10-21T0300,1147A,121.425,31.2261,上海市,静安监测站,,25,23,30,7,11,78,,,,6,10,4,4,0.1,0.2
2025-10-21T0300,1148A,121.703,31.1907,上海市,浦东川沙,,29,29,33,6,9,78,,,,5,7,9,9,0.2,0.3
2025-10-21T0300,1149A,121.533,31.2284,上海市,浦东新区监测站,,26,26,31,12,14,73,,,,8,11,6,6,0.4,0.4
2025-10-21T0300,1150A,121.577,31.2071,上海市,浦东张江,,27,25,30,3,9,86,,,,3,5,6,5,0.2,0.2
2025-10-21T0300,3265A,121.4316,31.3322,上海市,宝山庙行,,24,24,29,7,9,75,,,,11,12,8,7,0.5,0.5
2025-10-21T0300,3266A,121.8791,31.4662,上海市,崇明上实东滩,,27,24,29,6,9,84,,,,3,4,4,4,0.4,0.4
2025-10-21T0300,3268A,121.3162,31.2838,上海市,嘉定南翔,,25,23,29,3,9,77,,,,12,15,5,5,0.2,0.3
2025-10-21T0300,3269A,121.3359,30.7456,上海市,金山新城,,,25,30,7,12,71,,,,7,10,,6,0.3,0.3
2025-10-21T0300,3270A,121.4996,31.0739,上海市,闵行浦江,,25,25,32,3,9,77,,,,7,11,5,5,0.9,0.8
2025-10-21T0300,3271A,121.2886,31.1663,上海市,青浦徐泾,,25,22,30,3,6,79,,,,2,7,8,9,0.4,0.6
2025-10-21T0300,3272A,121.2186,31.0378,上海市,松江图书馆,,25,19,29,3,8,77,,,,10,19,5,5,0.3,0.4
2025-10-21T0300,3273A,121.3902,31.2059,上海市,长宁仙霞,,,24,31,3,9,79,,,,7,10,,4,0.4,0.4
2025-10-21T0300,3274A,121.7965,31.0507,上海市,浦东惠南,,25,23,28,3,9,78,,,,10,10,8,7,0.3,0.3
2025-10-21T0300,3544A,121.4891,30.925,上海市,奉贤南桥新城,,,27,32,8,13,78,,,,9,12,,4,0.3,0.4
2025-10-21T0300,4183A,121.4174,31.16637,上海市,冠生园路458号,,25,24,30,3,9,79,,,,9,11,6,6,0.4,0.5
2025-10-21T0300,4205A,121.5419,31.2683,上海市,宁武路151号,,24,22,31,3,10,76,,,,8,11,5,5,0.3,0.3
2025-10-21T0300,2381A,118.005,28.4572,上饶市,百草园,,,,,,,,,,,,,,,,
2025-10-21T0300,2382A,117.9756,28.4436,上饶市,市监测站,,31,31,29,9,13,66,,,,7,8,3,3,0.2,0.3
2025-10-21T0300,2383A,117.9519,28.4628,上饶市,凤凰光学,,31,31,30,15,13,64,,,,6,7,8,6,0.3,0.4
2025-10-21T0300,3685A,117.897,28.4315,上饶市,双创科技城,,31,31,28,18,16,70,,,,11,13,5,4,0.2,0.3
2025-10-21T0300,4211A,118.1904,28.4448,上饶市,裕丰大道,,24,24,37,15,15,63,,,,9,11,4,4,0.2,0.3
2025-10-21T0300,1669A,113.5824,24.7733,韶关市,市八中,,10,10,16,3,3,26,,,,6,9,4,5,0.6,0.6
2025-10-21T0300,1671A,113.5917,24.7972,韶关市,园林处,,,12,10,6,5,28,,,,10,12,,6,0.6,0.7
2025-10-21T0300,1673A,113.5971,24.6863,韶关市,曲江监测站,,10,10,9,7,4,28,,,,9,12,7,8,0.4,0.5
2025-10-21T0300,2809A,113.6668,24.7756,韶关市,大学路288号,,9,8,9,3,4,28,,,,10,13,7,8,0.7,0.7
2025-10-21T0300,3622A,113.5556,24.8082,韶关市,碧湖山庄,,13,13,12,7,4,25,,,,10,12,6,7,0.5,0.6
2025-10-21T0300,2462A,111.5239,27.3033,邵阳市,市水土所,,,,,,,,,,,,,,,,
2025-10-21T0300,2464A,111.5283,27.2442,邵阳市,市化工厂,,,,5,3,5,44,,,,,12,2,3,0.4,0.4
2025-10-21T0300,2466A,111.4328,27.2272,邵阳市,市环保局,,15,6,8,3,3,45,,,,7,10,3,3,0.7,0.7
2025-10-21T0300,4218A,111.4460,27.2472,邵阳市,北塔二期4-26地块,,14,6,8,3,6,42,,,,9,12,3,4,0.7,0.7
2025-10-21T0300,4219A,111.4739,27.2282,邵阳市,邵水西路287号,,14,6,6,3,3,44,,,,10,12,7,7,0.2,0.2
2025-10-21T0300,1247A,120.6053,29.9928,绍兴市,城东开发委,,,,26,,7,,,60,,,21,,7,,0.5
2025-10-21T0300,2921A,120.5483,30.0003,绍兴市,树下王站,,25,25,25,6,9,58,,,,16,18,7,6,0.5,0.5
2025-10-21T0300,3408A,120.5683,29.9361,绍兴市,绍兴中专,,,28,32,6,12,62,,,,15,17,,8,0.4,0.4
2025-10-21T0300,3409A,120.4906,30.0861,绍兴市,柯桥区政府,,29,29,34,7,12,60,,,,19,22,9,6,0.3,0.3
2025-10-21T0300,3410A,120.8752,30.0249,绍兴市,重华小学,,30,30,31,8,11,61,,,,12,17,9,8,0.4,0.4
2025-10-21T0300,3411A,120.8369,30.0137,绍兴市,上虞中学,,25,25,32,8,12,65,,,,14,19,5,5,0.4,0.4
2025-10-21T0300,3560A,120.4722,30.0415,绍兴市,柯桥妇保,,,31,33,3,9,63,,,,13,15,,5,0.6,0.5
2025-10-21T0300,3658A,120.6153,30.0764,绍兴市,袍江中学,,26,26,29,7,10,54,,,,19,20,5,5,0.4,0.3
2025-10-21T0300,1356A,114.1063,22.5545,深圳市,通心岭子站,,11,8,18,3,7,34,,,,9,11,9,11,0.7,0.7
2025-10-21T0300,1357A,114.117,22.5625,深圳市,洪湖,,11,8,19,3,9,33,,,,5,8,8,8,0.7,0.7
2025-10-21T0300,1358A,113.987,22.5417,深圳市,华侨城,,12,12,21,3,11,32,,,,9,12,9,7,0.5,0.7
2025-10-21T0300,1359A,113.9181,22.5171,深圳市,南海子站,,13,13,24,3,10,34,,,,13,16,6,6,0.8,0.9
2025-10-21T0300,1360A,114.2458,22.5689,深圳市,盐田,,13,13,22,3,7,34,,,,6,8,8,8,0.5,0.5
2025-10-21T0300,1361A,114.2283,22.7244,深圳市,龙岗,,13,6,13,3,9,39,,,,4,6,7,7,0.8,0.8
2025-10-21T0300,1363A,114.494,22.5422,深圳市,南澳,,11,,11,3,7,35,,,,6,7,8,8,0.7,0.7
2025-10-21T0300,1364A,114.41,22.6342,深圳市,葵涌,,,7,16,3,7,32,,,,7,8,,7,0.5,0.6
2025-10-21T0300,1365A,114.297,22.5978,深圳市,梅沙,,12,8,18,3,7,36,,,,5,7,9,8,0.7,0.6
2025-10-21T0300,1366A,114.0678,22.738,深圳市,观澜,,10,9,20,3,5,31,,,,11,8,10,9,0.9,0.9
2025-10-21T0300,3305A,114.0731,22.559,深圳市,莲花,,,9,17,3,10,34,,,,,10,7,7,0.7,0.8
2025-10-21T0300,3306A,114.0261,22.6198,深圳市,民治,,11,7,16,3,8,35,,,,12,14,6,7,0.6,0.6
2025-10-21T0300,3307A,114.1871,22.6451,深圳市,横岗,,,9,22,3,13,36,,,,8,9,,8,0.7,0.8
2025-10-21T0300,3447A,114.3551,22.7151,深圳市,坪山,,10,9,21,3,11,32,,,,11,14,8,8,0.6,0.6
2025-10-21T0300,3623A,113.8953,22.5861,深圳市,西乡,,11,11,19,3,7,33,,,,17,17,7,7,0.7,0.7
2025-10-21T0300,1098A,123.6836,41.9339,沈阳市,森林路,,,,21,,10,,,45,,,14,,5,,0.4
2025-10-21T0300,1099A,123.505,41.7406,沈阳市,浑南东路,颗粒物(PM10),61,71,42,35,19,0,,,,49,30,7,6,0.9,0.6
2025-10-21T0300,1100A,123.4231,41.6989,沈阳市,新秀街,颗粒物(PM10),76,101,34,29,13,1,,,,47,35,8,7,0.9,0.6
2025-10-21T0300,1102A,123.5903,41.8411,沈阳市,东陵路,颗粒物(PM10),57,63,36,29,16,1,,,,39,33,9,9,0.8,0.4
2025-10-21T0300,1103A,123.4264,41.8467,沈阳市,陵东街,,31,31,24,18,13,1,,,,51,22,6,6,0.5,0.3
2025-10-21T0300,1104A,123.4114,41.7653,沈阳市,文化路,,42,42,30,19,13,8,,,,54,27,9,7,0.6,0.5
2025-10-21T0300,1105A,123.4678,41.7867,沈阳市,小河沿,,43,43,22,29,13,1,,,,45,18,8,8,1.0,0.6
2025-10-21T0300,1106A,123.4017,41.7972,沈阳市,太原街,,50,50,42,29,18,5,,,,66,46,11,9,0.5,0.5
2025-10-21T0300,1108A,123.3783,41.9228,沈阳市,京沈街,,50,50,35,32,21,9,,,,54,29,14,12,0.6,0.4
2025-10-21T0300,2897A,123.2444,41.7347,沈阳市,沈辽西路,,49,49,34,26,18,2,,,,59,31,10,8,0.6,0.5
2025-10-21T0300,2900A,123.5953,41.9086,沈阳市,裕农路,,38,38,26,25,14,2,,,,64,35,5,4,0.5,0.3
2025-10-21T0300,2428A,111.0419,32.395,十堰市,武当山,,,,,,,,,,,,,,,,
2025-10-21T0300,2429A,110.78,32.6494,十堰市,滨河新村,,,28,33,19,18,65,,,,7,12,8,8,,0.6
2025-10-21T0300,2430A,110.7258,32.6389,十堰市,刘家沟,,,27,27,23,19,62,,,,8,10,6,6,,0.5
2025-10-21T0300,2431A,110.8839,32.5714,十堰市,铁二处,,,,18,22,22,56,,,,9,13,6,6,,0.5
2025-10-21T0300,3545A,110.8054,32.8401,十堰市,郧阳区金沙路,,,19,23,13,15,60,,,,4,7,5,5,,0.6
2025-10-21T0300,2709A,86.0497,44.2967,石河子市,艾青诗歌馆,颗粒物(PM10),60,70,73,31,33,16,,,,48,34,7,9,0.6,0.6
2025-10-21T0300,3442A,86.047,44.2331,石河子市,南区管委会,颗粒物(PM10),62,73,81,32,34,48,,,,18,25,10,15,0.5,0.5
2025-10-21T0300,4051A,86.0791,44.3017,石河子市,世纪广场,颗粒物(PM10),73,96,90,27,30,3,,,,62,43,9,12,0.7,0.7
2025-10-21T0300,1029A,114.4422,38.0444,石家庄市,职工医院,,43,43,24,26,21,5,,,,41,19,2,2,0.3,0.3
2025-10-21T0300,1030A,114.6063,38.0266,石家庄市,高新区,,38,38,31,24,21,2,,,,47,25,5,5,0.3,0.3
2025-10-21T0300,1031A,114.4898,38.1328,石家庄市,西北水源,,41,41,37,22,11,5,,,,35,16,4,3,0.3,0.3
2025-10-21T0300,1032A,114.4586,38.0058,石家庄市,西南高教,颗粒物(PM10),52,54,39,17,14,2,,,,40,20,2,2,0.3,0.2
2025-10-21T0300,1033A,114.5331,38.0178,石家庄市,世纪公园,,36,34,35,25,21,28,,,,16,20,1,2,0.2,0.3
2025-10-21T0300,1034A,114.509,38.0457,石家庄市,人民会堂,,44,44,38,14,10,2,,,,23,17,3,3,0.4,0.4
2025-10-21T0300,1035A,114.3524,37.8911,石家庄市,封龙山,,,,,,,,,,,,,,,,
2025-10-21T0300,2862A,114.5481,38.0378,石家庄市,22中南校区,,37,37,29,21,21,4,,,,39,19,2,2,0.3,0.3
2025-10-21T0300,3456A,114.289,38.0906,石家庄市,鹿泉一中,,50,38,34,35,26,15,,,,13,16,3,3,0.2,0.3
2025-10-21T0300,3573A,114.8506765,38.0322033,石家庄市,藁城区实验学校,,48,48,31,14,10,1,,,,48,26,2,3,0.4,0.3
2025-10-21T0300,4024A,114.6549,37.9020,石家庄市,栾城区星河路,颗粒物(PM10),56,62,30,24,17,1,,,,32,19,3,3,0.4,0.4
2025-10-21T0300,4314A,114.0494,38.059,石家庄市,矿区区委大楼,,39,39,35,12,9,0,,,,25,22,4,4,0.3,0.3
2025-10-21T0300,1947A,106.3394,38.817,石嘴山市,沙湖旅游区,,,,,,,,,,,,,,,,
2025-10-21T0300,1948A,106.3668,39.0145,石嘴山市,大武口朝阳西街,颗粒物(PM10),61,72,52,38,25,6,,,,56,39,61,58,1.1,0.6
2025-10-21T0300,1949A,106.7704,39.2282,石嘴山市,惠农南大街,,39,39,45,19,17,3,,,,39,34,6,9,0.4,0.5
2025-10-21T0300,1950A,106.7099,39.1325,石嘴山市,红果子镇惠新街,,43,43,44,17,17,0,,,,46,38,6,10,0.5,0.6
2025-10-21T0300,3520A,106.3495,38.9836,石嘴山市,妇女儿童医院,颗粒物(PM10),67,84,51,46,22,7,,,,55,35,16,21,0.9,0.5
2025-10-21T0300,3521A,106.7492,39.2069,石嘴山市,石大公路,,50,50,51,29,26,13,,,,43,35,6,9,0.7,0.8
2025-10-21T0300,2248A,131.1511,46.6937,双鸭山市,双合村,,20,,14,9,10,62,,,,3,4,6,6,0.3,0.3
2025-10-21T0300,2249A,131.1652,46.6191,双鸭山市,南小市,,24,24,25,14,10,51,,,,10,8,22,9,0.5,0.4
2025-10-21T0300,2250A,131.1524,46.6554,双鸭山市,环保局,,22,22,24,8,7,63,,,,4,6,2,2,0.6,0.7
2025-10-21T0300,2251A,131.12,46.5656,双鸭山市,苗圃,,,,,,,,,,,,,,,,
2025-10-21T0300,2166A,112.4397,39.3522,朔州市,平朔,,,101,64,40,29,3,,,,38,28,,4,0.4,0.5
2025-10-21T0300,2167A,112.4575,39.3617,朔州市,朔唯,,,101,72,51,28,,,,,42,34,10,8,0.4,0.4
2025-10-21T0300,2168A,112.4258,39.3197,朔州市,区政府,颗粒物(PM10),68,85,60,31,24,8,,,,39,27,12,7,0.6,0.5
2025-10-21T0300,2169A,112.4072,39.3278,朔州市,市环保局,颗粒物(PM10),71,92,67,28,28,16,,,,35,26,12,6,0.3,0.3
2025-10-21T0300,2170A,112.4272,39.3681,朔州市,市二中,颗粒物(PM10),68,86,68,38,26,2,,,,36,28,10,9,0.5,0.5
2025-10-21T0300,3571A,112.2931,39.53,朔州市,一水厂,颗粒物(PM10),76,101,85,44,34,13,,,,42,33,6,9,0.7,0.6
2025-10-21T0300,2225A,124.4002,43.1713,四平市,一商场,,41,41,36,19,19,4,,,,50,31,7,7,0.2,0.3
2025-10-21T0300,2226A,124.388,43.193,四平市,境园,,45,45,35,26,21,4,,,,31,28,8,7,0.3,0.3
2025-10-21T0300,3486A,124.4036,43.1411,四平市,植物园,,33,33,30,17,14,4,,,,41,28,7,7,0.2,0.2
2025-10-21T0300,3713A,124.3419,43.1666,四平市,世纪城,,47,47,47,25,27,8,,,,40,27,8,8,0.4,0.3
2025-10-21T0300,2233A,124.8006,45.1214,松原市,江南,,40,40,35,18,21,6,,,,36,27,6,7,0.4,0.5
2025-10-21T0300,2234A,124.7965,45.1722,松原市,江北,,40,40,26,19,14,13,,,,30,18,7,7,0.4,0.4
2025-10-21T0300,1160A,120.561,31.2472,苏州市,上方山,,,,,,,,,,,,,,,,
2025-10-21T0300,1162A,120.591,31.3019,苏州市,彩香,,,27,32,9,10,63,,,,14,14,,6,0.5,0.4
2025-10-21T0300,1163A,120.596,31.3264,苏州市,轧钢厂,,,30,29,10,9,62,,,,,15,7,5,0.7,0.7
2025-10-21T0300,1164A,120.613,31.2703,苏州市,吴中区,,20,20,24,7,9,61,,,,14,16,7,5,0.8,0.6
2025-10-21T0300,1165A,120.543,31.2994,苏州市,苏州新区,,34,34,29,10,9,62,,,,18,18,6,6,0.4,0.5
2025-10-21T0300,1166A,120.669,31.3097,苏州市,苏州工业园区,,24,24,31,7,11,65,,,,20,19,8,5,0.8,0.6
2025-10-21T0300,1167A,120.641,31.3708,苏州市,相城区,,22,22,26,7,9,67,,,,15,14,7,7,0.6,0.4
2025-10-21T0300,3289A,120.743,31.3188,苏州市,方洲路,,21,21,28,6,10,66,,,,14,16,4,4,0.4,0.3
2025-10-21T0300,3290A,120.5031,31.2774,苏州市,木渎中学,,27,27,28,11,10,62,,,,15,17,6,5,0.5,0.6
2025-10-21T0300,3425A,120.624,31.1733,苏州市,越秀幼儿园,,31,31,39,8,10,70,,,,12,13,6,5,0.6,0.5
2025-10-21T0300,3431A,120.6505,31.416,苏州市,高铁新城,,26,26,31,8,10,54,,,,24,15,10,6,0.8,0.5
2025-10-21T0300,1220A,118.293,33.9528,宿迁市,宿迁学院,,38,38,26,23,13,49,,,,19,18,6,5,0.5,0.4
2025-10-21T0300,1221A,118.2442,33.9592,宿迁市,宿迁中学,,40,40,25,25,13,46,,,,18,16,9,8,0.4,0.4
2025-10-21T0300,2996A,118.283,33.965,宿迁市,市供电局,,34,34,24,23,13,45,,,,20,19,8,8,0.6,0.6
2025-10-21T0300,3191A,118.3225,33.9447,宿迁市,宿豫区政府,,43,43,33,23,14,48,,,,14,15,10,9,0.5,0.4
2025-10-21T0300,3187A,116.9509,33.666,宿州市,远航博物馆,,35,35,44,21,17,34,,,,20,18,4,4,0.3,0.3
2025-10-21T0300,3463A,116.9708,33.591,宿州市,社会福利中心,,,30,29,21,15,47,,,,14,14,,5,,0.2
2025-10-21T0300,3634A,116.9884,33.6305,宿州市,宿州学院,,45,40,33,31,21,37,,,,19,15,7,6,0.2,0.1
2025-10-21T0300,3701A,116.9648,33.6252,宿州市,皖北煤电集团,,41,41,37,23,19,46,,,,15,14,4,4,0.3,0.2
2025-10-21T0300,2266A,126.9785,46.6365,绥化市,人和东街,,26,26,25,15,14,42,,,,14,15,3,3,0.4,0.4
2025-10-21T0300,2267A,126.964,46.6528,绥化市,党政办公中心,,27,27,25,12,12,43,,,,14,18,4,4,0.4,0.4
2025-10-21T0300,2451A,113.3583,31.7275,随州市,市委党校,,30,,23,21,18,46,,,,8,11,2,2,0.6,0.6
2025-10-21T0300,2452A,113.3833,31.6908,随州市,市林业局,,26,20,18,18,14,49,,,,11,14,3,3,0.6,0.6
2025-10-21T0300,2453A,113.3983,31.7308,随州市,市立交桥水厂,,20,20,18,14,13,42,,,,9,13,4,4,0.5,0.6
2025-10-21T0300,2527A,105.5453,30.5678,遂宁市,石溪浩,,,,,,,,,,,,,,,,
2025-10-21T0300,2528A,105.5582,30.5232,遂宁市,市监测站,,11,,5,6,7,34,,,,6,10,7,7,0.5,0.5
2025-10-21T0300,2529A,105.5861,30.5366,遂宁市,行政中心,,,6,6,3,0,33,,,,3,6,,6,0.3,0.3
2025-10-21T0300,2530A,105.5918,30.4728,遂宁市,美宁食品公司,,12,,2,7,8,37,,,,2,6,5,6,0.3,0.4
2025-10-21T0300,2706A,82.9994,46.7432,塔城地区,东门外小游园,,35,35,45,3,9,23,,,,12,9,3,4,1.1,0.5
2025-10-21T0300,1255A,121.273,28.6459,台州市,黄岩环保大楼,,,26,23,7,8,68,,,,7,9,,4,0.2,0.3
2025-10-21T0300,1256A,121.419,28.6542,台州市,台州环保大楼,,25,25,22,3,5,78,,,,6,8,7,6,0.4,0.4
2025-10-21T0300,1257A,121.377,28.5773,台州市,路桥田洋王,,23,22,21,3,3,72,,,,7,9,4,4,0.4,0.4
2025-10-21T0300,3564A,121.2568,28.6681,台州市,台州科技职业学院,,21,20,18,3,4,67,,,,8,9,6,6,0.3,0.4
2025-10-21T0300,1081A,112.522,37.8873,太原市,尖草坪,,,57,46,28,25,1,,,,46,35,,4,0.4,0.4
2025-10-21T0300,1083A,112.434,38.0108,太原市,上兰,颗粒物(PM10),60,70,61,41,37,3,,,,39,24,6,7,0.5,0.4
2025-10-21T0300,1084A,112.469,37.7124,太原市,晋源,颗粒物(PM10),58,66,47,38,27,1,,,,43,37,9,10,0.6,0.4
2025-10-21T0300,1085A,112.5583,37.7394,太原市,小店,颗粒物(PM10),68,85,53,48,29,0,,,,37,32,3,3,0.9,0.6
2025-10-21T0300,1086A,112.5369,37.8692,太原市,桃园,颗粒物(PM10),62,74,55,38,29,1,,,,42,34,4,4,0.7,0.7
2025-10-21T0300,1087A,112.57,37.8195,太原市,坞城,颗粒物(PM10),63,76,51,39,27,0,,,,43,38,7,7,0.7,0.6
2025-10-21T0300,1088A,112.549,37.9854,太原市,南寨,颗粒物(PM10),51,51,43,26,24,0,,,,31,27,8,8,0.6,0.4
2025-10-21T0300,3618A,112.4719,37.7831,太原市,金胜,颗粒物(PM10),67,83,51,38,24,2,,,,36,33,3,3,0.6,0.5
2025-10-21T0300,4010A,112.5608,37.8807,太原市,育英中学,,,72,51,39,27,1,,,,38,34,,7,0.6,0.6
2025-10-21T0300,1656A,117.1437,36.1937,泰安市,监测站,,27,27,27,16,9,41,,,,14,15,2,2,0.5,0.6
2025-10-21T0300,1657A,117.0885,36.2017,泰安市,人口学校,,35,27,36,24,20,20,,,,21,12,2,4,0.4,0.4
2025-10-21T0300,1658A,117.1089,36.1758,泰安市,电力学校,,,31,32,24,22,40,,,,9,11,,3,0.2,0.3
2025-10-21T0300,3502A,117.1812,36.2275,泰安市,国网新校,,47,47,32,12,11,28,,,,26,12,3,3,0.3,0.3
2025-10-21T0300,3503A,117.0313,36.2018,泰安市,交通技校,,29,29,26,15,18,33,,,,18,11,3,2,0.2,0.2
2025-10-21T0300,3504A,117.0829,36.13,泰安市,山东第一医科大学,,41,41,33,22,17,39,,,,22,21,2,2,0.4,0.5
2025-10-21T0300,1206A,119.905,32.4878,泰州市,公园路,,,19,21,3,5,52,,,,14,15,,8,0.2,0.1
2025-10-21T0300,1207A,119.9189,32.4625,泰州市,莲花,,,12,23,7,8,52,,,,10,10,,8,0.2,0.2
2025-10-21T0300,1209A,119.888,32.4639,泰州市,留学生创业园,,26,26,24,10,9,52,,,,7,7,10,10,0.3,0.3
2025-10-21T0300,2997A,119.8767,32.3289,泰州市,王营,,17,14,25,7,8,53,,,,15,15,7,7,0.3,0.3
2025-10-21T0300,3295A,120.1259,32.5099,泰州市,姜堰区政府广场,,17,17,28,8,11,51,,,,9,10,4,5,0.3,0.3
2025-10-21T0300,3435A,119.9192,32.4322,泰州市,周山河街区,,23,23,25,11,10,57,,,,9,10,10,10,0.6,0.6
2025-10-21T0300,1038A,118.1725,39.6334,唐山市,物资局,,39,39,19,21,10,17,,,,38,19,1,3,0.4,0.4
2025-10-21T0300,1040A,118.1705,39.6506,唐山市,十二中,,30,28,19,21,12,5,,,,42,23,1,3,0.4,0.4
2025-10-21T0300,1041A,118.1869,39.622,唐山市,小山,,37,37,20,14,10,11,,,,32,14,1,3,0.3,0.3
2025-10-21T0300,3457A,118.4359,39.2762,唐山市,冀东油田职工医院,,20,18,21,14,11,9,,,,37,17,3,5,0.2,0.5
2025-10-21T0300,3575A,118.09279,39.58089,唐山市,正泰大街热力站,颗粒物(PM10),51,52,30,32,15,1,,,,41,26,3,2,0.5,0.5
2025-10-21T0300,3576A,118.1562,39.8322,唐山市,丰润区政府,,,62,35,24,17,1,,,,16,14,,4,0.6,0.5
2025-10-21T0300,3577A,118.43673,39.73809,唐山市,金山小学,,32,32,25,14,10,16,,,,23,19,1,4,0.8,0.7
2025-10-21T0300,3578A,118.24498,39.66941,唐山市,政府服务中心,颗粒物(PM10),52,54,26,25,11,2,,,,46,26,2,3,0.5,0.3
2025-10-21T0300,3692A,118.2059,39.6585,唐山市,消防缸窑路中队,,50,50,30,22,9,4,,,,41,20,2,2,0.5,0.4
2025-10-21T0300,3693A,118.1436,39.6202,唐山市,路南电大,,43,34,22,30,13,2,,,,46,24,3,3,0.4,0.4
2025-10-21T0300,4197A,118.1309,39.6360,唐山市,友谊北路34号,,44,44,29,29,14,5,,,,49,30,3,3,0.5,0.4
2025-10-21T0300,1015A,117.1444,39.1661,天津市,勤俭道,颗粒物(PM10),58,65,34,29,14,2,,,,55,36,13,9,0.7,0.5
2025-10-21T0300,1018A,117.202,39.0927,天津市,前进道,颗粒物(PM10),54,58,28,25,12,2,,,,59,29,13,7,0.3,0.3
2025-10-21T0300,1019A,117.1837,39.2133,天津市,淮河道,颗粒物(PM10),54,57,34,28,14,2,,,,66,42,8,7,0.2,0.1
2025-10-21T0300,1021A,117.3083,39.0884,天津市,跃进路,,,58,32,27,14,2,,,,57,37,,6,0.6,0.4
2025-10-21T0300,1023A,117.707,39.0343,天津市,第四大街,,46,46,33,24,15,0,,,,66,46,7,8,0.5,0.6
2025-10-21T0300,1024A,117.457,38.8394,天津市,永明路,细颗粒物(PM2.5),64,76,35,46,18,1,,,,54,39,9,9,0.6,0.6
2025-10-21T0300,1026A,117.764,39.1587,天津市,汉北路,,48,48,34,20,12,0,,,,58,36,10,10,0.5,0.5
2025-10-21T0300,1027A,117.157,38.9194,天津市,团泊洼,,,,,,,,,,,,,,,,
2025-10-21T0300,2858A,117.7918,39.2474,天津市,河西一经路,,47,47,34,21,15,0,,,,60,42,7,6,0.4,0.4
2025-10-21T0300,2859A,117.3747,38.9846,天津市,津沽路,颗粒物(PM10),59,68,28,34,12,2,,,,58,38,7,7,0.6,0.6
2025-10-21T0300,2860A,117.1589,39.0845,天津市,宾水西道,颗粒物(PM10),55,59,27,34,13,1,,,,48,27,4,4,0.5,0.4
2025-10-21T0300,2922A,117.1941,39.1067,天津市,大理道,颗粒物(PM10),60,69,31,29,13,2,,,,64,36,16,9,0.6,0.5
2025-10-21T0300,3020A,117.2101,39.1699,天津市,中山北路,颗粒物(PM10),68,85,36,32,15,1,,,,39,27,6,6,0.6,0.5
2025-10-21T0300,3051A,117.3876,39.1488,天津市,西四道,颗粒物(PM10),58,65,31,28,12,0,,,,64,39,9,8,0.4,0.3
2025-10-21T0300,3325A,117.0365,39.3828,天津市,雍阳西道,,,49,24,24,10,,,,,55,26,7,6,0.3,0.2
2025-10-21T0300,3326A,117.0296,39.0605,天津市,辛老路,颗粒物(PM10),78,106,40,56,17,0,,,,58,30,11,10,0.6,0.5
2025-10-21T0300,3327A,116.9638,38.9375,天津市,地纬路,颗粒物(PM10),61,72,35,36,16,0,,,,50,28,9,9,0.6,0.5
2025-10-21T0300,3460A,117.4067,40.0583,天津市,北环路,,13,11,14,3,7,39,,,,9,11,3,3,0.2,0.3
2025-10-21T0300,3461A,117.3045,39.7169,天津市,建设路,颗粒物(PM10),54,57,31,30,15,3,,,,41,26,12,12,0.5,0.5
2025-10-21T0300,3462A,117.8199,39.3521,天津市,滨水东路,,45,45,36,21,15,2,,,,62,41,8,9,0.4,0.3
2025-10-21T0300,4196A,117.2437,39.1029,天津市,光华路,颗粒物(PM10),52,54,29,30,13,3,,,,51,30,8,8,0.6,0.5
2025-10-21T0300,2649A,106.0055,34.343,天水市,麦积山,,,,,,,,,,,,,,,,
2025-10-21T0300,2650A,105.7205,34.5786,天水市,公园小学,,23,23,22,11,12,46,,,,12,16,10,10,0.5,0.6
2025-10-21T0300,2651A,105.8945,34.5538,天水市,麦积国土局,,15,11,17,10,11,45,,,,10,9,10,7,0.5,0.6
2025-10-21T0300,2216A,123.8139,42.3022,铁岭市,汇工街西,细颗粒物(PM2.5),73,88,53,53,32,2,,,,39,29,82,27,1.0,0.7
2025-10-21T0300,2217A,123.8649,42.2923,铁岭市,水上乐园,细颗粒物(PM2.5),107,,55,80,31,17,,,,32,31,8,8,0.5,0.4
2025-10-21T0300,2218A,123.8486,42.2867,铁岭市,银州路东段,颗粒物(PM10),63,75,40,44,24,2,,,,46,33,5,6,0.5,0.5
2025-10-21T0300,2219A,123.7153,42.2217,铁岭市,金沙江路北,,49,49,34,32,20,2,,,,43,30,4,6,0.5,0.5
2025-10-21T0300,2229A,125.9358,41.7173,通化市,光明,,26,26,36,14,14,15,,,,16,18,10,12,0.7,0.6
2025-10-21T0300,2230A,125.9446,41.7325,通化市,铁路,,21,21,23,13,13,23,,,,11,18,7,10,0.6,0.5
2025-10-21T0300,2191A,122.2532,43.6801,通辽市,艺术职业学校,,26,26,29,3,7,56,,,,7,11,4,5,0.1,0.2
2025-10-21T0300,3706A,122.2584,43.6333,通辽市,老干部活动中心,,30,30,28,17,17,53,,,,8,12,5,4,0.3,0.4
2025-10-21T0300,3708A,122.2922,43.6189,通辽市,东方明珠社区,,39,,32,27,25,53,,,,8,13,7,6,0.3,0.3
2025-10-21T0300,1922A,109.0656,35.0994,铜川市,党校,,,,,,,,,,,,,,,,
2025-10-21T0300,1923A,109.0697,35.0697,铜川市,王益区政府,,32,32,20,19,15,41,,,,11,12,3,3,0.7,0.6
2025-10-21T0300,1924A,108.9344,34.9058,铜川市,新区管委会,,40,30,23,28,28,30,,,,16,20,2,2,0.3,0.4
2025-10-21T0300,4234A,108.9497,34.8705,铜川市,大唐三路,,35,31,19,24,19,31,,,,10,9,2,1,0.7,0.7
2025-10-21T0300,2285A,117.8177,30.9412,铜陵市,市第四中学,,30,25,33,21,16,62,,,,6,10,7,7,0.3,0.4
2025-10-21T0300,2286A,117.8059,30.9273,铜陵市,市公路局,,37,37,46,18,17,65,,,,6,10,3,3,0.2,0.3
2025-10-21T0300,2287A,117.7807,30.9413,铜陵市,市新民污水厂,,24,24,33,11,17,56,,,,16,18,5,6,0.1,0.3
2025-10-21T0300,2288A,117.7439,30.8792,铜陵市,市第九中学,,26,26,45,3,14,51,,,,16,20,9,9,0.2,0.3
2025-10-21T0300,2289A,117.846,30.9413,铜陵市,车站新区,,20,20,31,14,14,60,,,,7,12,7,6,0.1,0.2
2025-10-21T0300,2290A,117.8483,30.97,铜陵市,市职教基地,,26,21,31,18,16,63,,,,8,12,8,7,0.3,0.4
2025-10-21T0300,2585A,109.1839,27.7344,铜仁市,铜仁卫校,,11,9,12,3,6,35,,,,7,7,2,2,0.4,0.3
2025-10-21T0300,2586A,109.1753,27.6944,铜仁市,铜仁七中,,18,14,12,12,6,43,,,,5,5,3,2,0.4,0.3
2025-10-21T0300,2686A,89.1904,42.9418,吐鲁番市,市环保局,颗粒物(PM10),81,111,117,28,33,24,,,,36,30,6,8,0.7,0.7
2025-10-21T0300,2687A,89.1673,42.9559,吐鲁番市,地区环保局,颗粒物(PM10),81,111,110,36,36,22,,,,37,26,4,5,0.7,0.7
2025-10-21T0300,1662A,122.1214,37.4236,威海市,华夏技校,,24,12,9,3,1,74,,,,4,6,4,3,0.1,0
2025-10-21T0300,1663A,122.0508,37.5236,威海市,山大分校,,22,22,10,3,2,70,,,,4,5,3,3,0.2,0.4
2025-10-21T0300,1664A,122.1067,37.5072,威海市,市监测站,,25,15,13,3,3,78,,,,3,4,8,7,0.3,0.2
2025-10-21T0300,1982A,122.0693,37.2174,威海市,文登开发区,,22,14,15,7,5,68,,,,7,8,4,4,0.2,0.2
2025-10-21T0300,3505A,122.1379,37.3414,威海市,临港区管委会,,,14,12,3,1,78,,,,5,4,3,2,,0.2
2025-10-21T0300,1650A,119.1437,36.7023,潍坊市,环保局,,24,24,24,12,10,33,,,,33,25,7,7,0.5,0.4
2025-10-21T0300,2877A,119.1641,36.6523,潍坊市,坊子邮政,,29,29,29,7,9,39,,,,27,21,8,7,0.6,0.5
2025-10-21T0300,3178A,119.0587,36.721,潍坊市,潍坊七中,,29,29,30,13,13,17,,,,42,36,8,6,0.4,0.3
2025-10-21T0300,3368A,119.1977,36.6872,潍坊市,高新实验学校,,29,29,28,10,10,40,,,,22,21,6,6,0.6,0.5
2025-10-21T0300,3416A,119.1755,36.7149,潍坊市,潍坊学院,,29,29,25,7,8,40,,,,30,25,10,10,0.5,0.5
2025-10-21T0300,3861A,119.2041,36.7699,潍坊市,寒亭区实验一小,,24,24,28,9,11,23,,,,33,29,4,5,0.4,0.4
2025-10-21T0300,1938A,109.5293,34.5101,渭南市,农科所,,,,,,,,,,,,,,,,
2025-10-21T0300,1940A,109.4636,34.493,渭南市,体育馆,,36,36,33,22,25,37,,,,18,18,4,4,0.4,0.5
2025-10-21T0300,1941A,109.4259,34.5023,渭南市,高新一小,,32,26,25,22,24,39,,,,16,16,4,4,0.4,0.5
2025-10-21T0300,4235A,109.5051,34.4921,渭南市,渭花路4号,,36,29,27,25,21,37,,,,15,15,4,4,0.4,0.5
2025-10-21T0300,1242A,120.634,28.0089,温州市,瓯海,,20,10,11,3,5,62,,,,10,10,3,3,0.2,0.3
2025-10-21T0300,1243A,120.6748,27.9939,温州市,南浦,,20,17,14,6,9,64,,,,9,10,4,4,0.3,0.3
2025-10-21T0300,1244A,120.76,27.9747,温州市,龙湾,,20,17,16,3,6,63,,,,9,10,4,4,0.4,0.4
2025-10-21T0300,1245A,120.6709,28.0167,温州市,市站,,,,12,10,10,63,,,,8,9,,4,0.2,0.3
2025-10-21T0300,3561A,120.6985,27.9251,温州市,茶山,,22,17,17,10,10,68,,,,11,16,6,6,0.3,0.4
2025-10-21T0300,2610A,104.2533,23.3594,文山壮族苗族自治州,州水务局,,22,15,24,15,16,46,,,,11,13,4,5,0.5,0.5
2025-10-21T0300,2611A,104.2319,23.3892,文山壮族苗族自治州,市便民服务中心,,28,,25,19,15,50,,,,9,16,4,4,0.4,0.5
2025-10-21T0300,2187A,106.8174,39.6973,乌海市,市林业局,颗粒物(PM10),52,53,54,17,23,39,,,,23,25,17,15,0.6,0.6
2025-10-21T0300,2188A,106.7907,39.6667,乌海市,中海勃湾学校,颗粒物(PM10),53,56,44,22,27,22,,,,38,30,16,14,0.9,0.8
2025-10-21T0300,3284A,106.813,39.7274,乌海市,海北新区,,47,47,40,12,16,12,,,,44,30,23,18,0.5,0.6
2025-10-21T0300,3621A,106.8288,39.6778,乌海市,聚英学校,颗粒物(PM10),54,57,44,20,20,32,,,,30,33,26,16,0.6,0.7
2025-10-21T0300,2197A,113.1306,40.9923,乌兰察布市,集宁新区,,26,,19,18,15,46,,,,13,14,15,14,0.4,0.3
2025-10-21T0300,3034A,113.1076,41.0385,乌兰察布市,光明街小学,,32,30,27,22,22,21,,,,30,21,10,14,0.4,0.4
2025-10-21T0300,3285A,113.1376,40.9509,乌兰察布市,北京八中,,15,13,17,10,13,23,,,,22,17,22,21,0.6,0.6
2025-10-21T0300,3421A,113.1775,40.9779,乌兰察布市,市委党校,,38,28,23,26,17,38,,,,27,18,114,30,0.7,0.5
2025-10-21T0300,1490A,87.5801,43.8303,乌鲁木齐市,监测站,颗粒物(PM10),75,100,94,36,43,0,,,,65,49,4,6,0.5,0.7
2025-10-21T0300,1491A,87.6046,43.768,乌鲁木齐市,收费所,颗粒物(PM10),102,154,121,54,53,2,,,,48,43,6,7,0.7,0.7
2025-10-21T0300,1492A,87.4754,43.9469,乌鲁木齐市,新疆农科院农场,,,,,,,,,,,,,,,,
2025-10-21T0300,1493A,87.5525,43.8711,乌鲁木齐市,铁路局,颗粒物(PM10),80,110,105,44,49,1,,,,64,48,4,6,0.9,0.9
2025-10-21T0300,1494A,87.6432,43.831,乌鲁木齐市,三十一中学,颗粒物(PM10),76,102,98,46,43,2,,,,74,44,7,8,0.9,0.6
2025-10-21T0300,1496A,87.7216,44.1747,乌鲁木齐市,米东区环保局,颗粒物(PM10),84,118,102,51,42,5,,,,46,38,8,11,1.5,0.8
2025-10-21T0300,3033A,87.4651,43.4569,乌鲁木齐市,培训基地,颗粒物(PM10),52,53,72,22,27,37,,,,21,27,5,6,0.8,0.8
2025-10-21T0300,3437A,88.3118,43.3658,乌鲁木齐市,达坂城区环保局,颗粒物(PM10),61,72,66,39,31,19,,,,30,29,10,14,0.4,0.4
2025-10-21T0300,3438A,87.6162,43.8801,乌鲁木齐市,红光山片区,颗粒物(PM10),80,109,97,55,50,1,,,,70,51,12,12,1.1,0.9
2025-10-21T0300,3439A,87.7024,43.8004,乌鲁木齐市,新师大温泉校区,颗粒物(PM10),76,101,97,52,46,29,,,,43,37,8,7,0.5,0.5
2025-10-21T0300,3440A,87.4921,43.8411,乌鲁木齐市,大绿谷,,,,96,,49,,,20,,,42,,6,,0.8
2025-10-21T0300,1188A,120.269,31.4867,无锡市,雪浪,,,29,34,3,8,54,,,,18,19,,7,0.2,0.3
2025-10-21T0300,1189A,120.275,31.6219,无锡市,黄巷,,,18,33,7,7,48,,,,13,13,,5,0.5,0.5
2025-10-21T0300,1191A,120.242,31.5031,无锡市,漆塘,,31,31,45,7,11,53,,,,16,15,7,6,0.9,0.9
2025-10-21T0300,1192A,120.3489,31.5863,无锡市,东亭,,18,17,24,7,9,57,,,,12,13,8,7,0.8,0.7
2025-10-21T0300,1193A,120.354,31.5475,无锡市,旺庄,,,22,35,7,10,58,,,,11,13,,7,0.7,0.7
2025-10-21T0300,1194A,120.245,31.5631,无锡市,荣巷,,16,14,29,7,6,51,,,,18,17,9,7,0.4,0.4
2025-10-21T0300,1195A,120.299,31.6817,无锡市,堰桥,,,17,30,14,8,54,,,,14,14,,7,0.3,0.4
2025-10-21T0300,3428A,120.3142,31.4753,无锡市,华庄,,24,24,27,11,11,56,,,,14,13,9,8,0.2,0.3
2025-10-21T0300,4254A,120.2925,31.5685,无锡市,健康路105号,,,22,34,3,7,48,,,,18,17,,3,0.5,0.5
2025-10-21T0300,2677A,106.1532,37.9648,吴忠市,教育园区,颗粒物(PM10),54,57,60,36,36,7,,,,44,36,13,9,0.7,0.6
2025-10-21T0300,2679A,106.1856,37.9956,吴忠市,新区二泵站,颗粒物(PM10),60,70,68,36,35,5,,,,44,35,8,8,0.7,0.7
2025-10-21T0300,3648A,106.2112,37.9768,吴忠市,文卫南街,颗粒物(PM10),61,72,73,24,33,7,,,,34,30,11,10,0.5,0.5
2025-10-21T0300,1794A,118.3606,31.3519,芜湖市,监测站,,26,23,27,18,12,52,,,,16,16,6,5,0.4,0.4
2025-10-21T0300,1795A,118.3714,31.4134,芜湖市,科创中心,,28,,33,19,14,50,,,,17,17,11,8,0.5,0.4
2025-10-21T0300,1796A,118.3673,31.3131,芜湖市,四水厂,,37,37,33,15,12,53,,,,20,18,10,8,0.6,0.4
2025-10-21T0300,3328A,118.4209,31.3707,芜湖市,市气象局,,,28,33,19,12,46,,,,16,14,,7,1.1,0.6
2025-10-21T0300,3465A,118.4781,31.3225,芜湖市,清苑社区,,,23,28,14,10,48,,,,17,15,,6,0.6,0.3
2025-10-21T0300,3466A,118.2746,31.2326,芜湖市,扬子职业技术学院,,,21,29,16,12,50,,,,13,14,,6,0.7,0.5
2025-10-21T0300,2495A,111.3014,23.4832,梧州市,市逸夫小学,,22,22,25,11,13,41,,,,2,3,13,14,0.3,0.4
2025-10-21T0300,2496A,111.3239,23.4794,梧州市,市十一中,,13,13,12,8,11,38,,,,3,3,8,8,0.5,0.6
2025-10-21T0300,2498A,111.2711,23.4835,梧州市,龙新,,12,6,18,3,8,36,,,,3,3,10,6,0.1,0.2
2025-10-21T0300,4258A,111.2419,23.4154,梧州市,政贤路18号,,12,12,16,3,6,38,,,,6,7,4,4,0.6,0.6
2025-10-21T0300,2711A,87.5475,44.1756,五家渠市,农水大厦,颗粒物(PM10),82,113,87,49,40,4,,,,46,29,7,9,0.6,0.6
2025-10-21T0300,3441A,87.546,44.1912,五家渠市,经开区管委会,颗粒物(PM10),85,119,90,43,37,4,,,,62,40,10,10,0.7,0.6
2025-10-21T0300,1325A,114.3677,30.5584,武汉市,东湖梨园,,14,14,17,3,10,36,,,,9,11,5,5,0.2,0.2
2025-10-21T0300,1326A,114.2529,30.558,武汉市,汉阳月湖,,16,13,19,7,11,50,,,,15,17,5,6,0.3,0.4
2025-10-21T0300,1327A,114.282,30.6189,武汉市,汉口花桥,,,16,19,15,12,31,,,,12,14,,7,0.3,0.4
2025-10-21T0300,1328A,114.3025,30.5332,武汉市,武昌紫阳,,15,12,19,3,11,45,,,,12,14,10,10,0.4,0.5
2025-10-21T0300,1329A,114.3646,30.6217,武汉市,青山钢花,,18,13,19,12,17,42,,,,9,12,3,3,0.3,0.3
2025-10-21T0300,1330A,114.1566,30.4825,武汉市,沌口新区,,20,,14,14,16,44,,,,7,11,5,5,0.6,0.6
2025-10-21T0300,1331A,114.3014,30.5944,武汉市,汉口江滩,,19,,19,13,15,42,,,,9,10,6,6,0.1,0.2
2025-10-21T0300,1333A,114.135,30.6319,武汉市,吴家山,,,15,17,10,17,44,,,,14,15,6,6,,0.1
2025-10-21T0300,1334A,113.8454,30.2917,武汉市,沉湖七壕,,,,,,,,,,,,,,,,
2025-10-21T0300,3153A,114.3877,30.4908,武汉市,民族大道182号,,16,16,22,9,14,30,,,,22,25,10,7,1.1,1
2025-10-21T0300,2652A,102.6201,37.9251,武威市,监测站,细颗粒物(PM2.5),67,63,64,48,40,21,,,,23,15,6,7,0.6,0.6
2025-10-21T0300,4270A,102.6447,37.9293,武威市,钟楼街149号,细颗粒物(PM2.5),60,61,63,43,39,30,,,,18,14,6,8,0.5,0.5
2025-10-21T0300,1463A,108.993,34.2629,西安市,兴庆小区,,38,30,20,26,16,22,,,,14,14,1,1,0.4,0.5
2025-10-21T0300,1464A,109.06,34.2572,西安市,纺织城,,38,37,20,26,16,20,,,,17,17,2,2,0.6,0.6
2025-10-21T0300,1465A,108.9356,34.2173,西安市,小寨,,30,30,24,16,11,21,,,,20,18,1,1,0.6,0.6
2025-10-21T0300,1466A,108.954,34.2713,西安市,市人民体育场,,42,33,25,29,18,26,,,,16,18,2,1,0.4,0.5
2025-10-21T0300,1467A,108.8922,34.2322,西安市,高新西区,,42,30,25,29,20,25,,,,21,21,3,1,0.5,0.6
2025-10-21T0300,1468A,108.935,34.3474,西安市,经开区,,30,30,27,13,9,24,,,,13,13,2,2,0.5,0.5
2025-10-21T0300,1469A,108.906,34.1546,西安市,长安区,,40,40,26,19,19,18,,,,20,17,2,1,0.4,0.5
2025-10-21T0300,1471A,109.2186,34.3731,西安市,临潼区,,32,32,24,20,18,30,,,,13,15,1,2,0.4,0.5
2025-10-21T0300,1472A,108.869,34.378,西安市,草滩,,,,,,,,,,,,,,,,
2025-10-21T0300,1473A,108.985,34.1978,西安市,曲江文化产业集团,,43,32,20,30,16,16,,,,20,19,2,2,0.7,0.7
2025-10-21T0300,1474A,109.051,34.3213,西安市,广运潭,,,32,25,26,18,27,,,,16,15,,2,0.4,0.5
2025-10-21T0300,3605A,109.09,34.5236,西安市,无线电监控中心,,30,29,17,21,12,34,,,,13,14,1,1,0.5,0.5
2025-10-21T0300,4055A,108.8869,34.2662,西安市,行知小学,,30,30,23,17,14,28,,,,16,16,1,1,0.5,0.5
2025-10-21T0300,4233A,108.5962,34.1188,西安市,西苑北路977号,,40,,24,28,17,23,,,,20,18,5,4,0.5,0.5
2025-10-21T0300,1483A,101.524,36.6867,西宁市,第五水厂,,,,,,,,,,,,,,,,
2025-10-21T0300,3055A,101.7775,36.6428,西宁市,城北区政府,颗粒物(PM10),55,59,62,36,33,44,,,,22,28,8,11,0.3,0.4
2025-10-21T0300,3629A,101.8305,36.5786,西宁市,世纪职校,细颗粒物(PM2.5),54,46,50,38,36,49,,,,22,29,17,15,0.7,0.7
2025-10-21T0300,3630A,101.7413,36.6397,西宁市,师大城西校区,细颗粒物(PM2.5),60,63,71,43,42,42,,,,24,28,17,19,0.6,0.9
2025-10-21T0300,2612A,100.8018,21.9995,西双版纳傣族自治州,景洪市江南,,39,34,31,27,20,11,,,,11,10,8,8,0.6,0.6
2025-10-21T0300,2613A,100.8017,22.0225,西双版纳傣族自治州,景洪市江北,,40,40,36,23,17,14,,,,3,6,7,7,0.5,0.5
2025-10-21T0300,3606A,108.7108,34.46,西咸新区,北杜,,30,23,15,21,14,27,,,,18,16,7,6,0.4,0.5
2025-10-21T0300,3607A,108.7096,34.2956,西咸新区,同德佳苑,,,,17,28,20,28,,,,19,17,,6,0.5,0.6
2025-10-21T0300,3608A,108.8558,34.4978,西咸新区,崇文塔,,39,,13,27,16,33,,,,12,13,6,6,0.6,0.6
2025-10-21T0300,2202A,116.1042,43.9317,锡林郭勒盟,市环保监测站,,25,25,22,9,8,1,,,,25,20,3,3,0.2,0.2
2025-10-21T0300,2203A,116.0781,43.9311,锡林郭勒盟,市政府,,22,22,14,7,7,14,,,,19,18,2,2,0.2,0.2
2025-10-21T0300,1286A,118.1608,24.8169,厦门市,溪东,,21,9,9,8,7,66,,,,3,4,2,2,0.5,0.5
2025-10-21T0300,1287A,118.1514,24.4767,厦门市,洪文,,20,15,25,8,11,62,,,,6,12,2,3,0.3,0.4
2025-10-21T0300,1288A,118.0661,24.4444,厦门市,鼓浪屿,,21,11,19,7,9,66,,,,7,12,2,2,0.6,0.6
2025-10-21T0300,2842A,118.0936,24.5058,厦门市,湖里中学,,20,10,18,8,11,63,,,,8,15,1,2,0.3,0.4
2025-10-21T0300,3527A,118.0958,24.5688,厦门市,集美中学,,21,10,18,7,11,66,,,,6,10,1,6,0.3,0.4
2025-10-21T0300,3528A,118.1493,24.7245,厦门市,同安二实小,,21,6,9,3,7,65,,,,5,7,2,2,0.3,0.4
2025-10-21T0300,2447A,114.3175,29.8142,咸宁市,森林公园,,,,,,,,,,,,,,,,
2025-10-21T0300,3655A,114.3375,29.8683,咸宁市,长江产业园,,25,21,19,17,14,40,,,,9,11,5,4,0.4,0.5
2025-10-21T0300,4217A,114.3182,29.8447,咸宁市,双鹤路18号,,24,24,27,12,14,44,,,,8,11,6,6,0.3,0.4
2025-10-21T0300,4298A,114.284,29.8595,咸宁市,碧桂路,,,17,22,11,11,39,,,,12,17,,3,0.5,0.6
2025-10-21T0300,1918A,108.7197,34.3956,咸阳市,气象站,,,,,,,,,,,,,,,,
2025-10-21T0300,1919A,108.673,34.3155,咸阳市,实验中学,,45,,23,31,20,29,,,,22,20,2,2,0.5,0.5
2025-10-21T0300,1920A,108.7233,34.3617,咸阳市,师范学院,,28,28,20,13,11,33,,,,16,16,4,4,0.4,0.6
2025-10-21T0300,3165A,108.6594,34.2969,咸阳市,两寺渡,,39,32,23,27,21,30,,,,16,15,4,4,0.6,0.6
2025-10-21T0300,3525A,108.6396,34.4078,咸阳市,奥体中心,,42,32,23,29,22,33,,,,12,10,4,4,0.4,0.5
2025-10-21T0300,1508A,112.9433,27.8614,湘潭市,板塘,,13,13,14,7,7,36,,,,11,13,1,1,0.6,0.6
2025-10-21T0300,1511A,112.9118,27.8403,湘潭市,市监测站,,,2,5,,,41,,,,8,12,,2,0.5,0.5
2025-10-21T0300,1512A,112.8937,27.8728,湘潭市,江麓,,12,8,8,8,7,36,,,,8,11,6,6,0.8,0.9
2025-10-21T0300,1513A,112.9227,27.8159,湘潭市,岳塘,,13,,6,3,4,39,,,,10,13,7,7,0.4,0.5
2025-10-21T0300,1514A,112.9074,27.9119,湘潭市,科大,,18,,10,12,6,48,,,,5,8,1,2,0.4,0.5
2025-10-21T0300,1562A,113.0048,27.9153,湘潭市,昭山,,12,7,10,7,6,37,,,,6,9,2,1,0.3,0.4
2025-10-21T0300,1564A,112.4876,27.9164,湘潭市,韶山,,,,,,,,,,,,,,,,
2025-10-21T0300,2492A,109.6414,28.2558,湘西土家族苗族自治州,跃进水库,,,,,,,,,,,,,,,,
2025-10-21T0300,2493A,109.7325,28.3169,湘西土家族苗族自治州,州政府,,,,4,3,3,29,,,,8,9,,4,0.4,0.3
2025-10-21T0300,2494A,109.6958,28.2675,湘西土家族苗族自治州,吉首市计生局,,10,,4,3,3,31,,,,8,10,12,11,0.4,0.3
2025-10-21T0300,2432A,112.155,32.0197,襄阳市,襄城运动路,,,37,40,25,28,36,,,,18,16,9,8,,0.3
2025-10-21T0300,2434A,112.1825,32.1142,襄阳市,高新管委会,,43,41,43,30,34,31,,,,17,15,8,7,0.3,0.4
2025-10-21T0300,2435A,112.2106,32.0903,襄阳市,襄州航空路,,44,44,41,28,29,37,,,,21,20,8,8,0.5,0.6
2025-10-21T0300,3396A,112.0828,32.0067,襄阳市,襄城隆中路,,,,34,,23,,,36,,,16,,8,,0.4
2025-10-21T0300,3397A,112.1214,32.1008,襄阳市,高新台子湾,,,32,39,16,22,37,,,,14,14,6,6,,0.5
2025-10-21T0300,4251A,112.1433,32.0581,襄阳市,铁院东路4号,,50,,37,35,33,40,,,,20,19,9,8,0.4,0.4
2025-10-21T0300,2443A,113.9153,30.9285,孝感市,文化路,,21,21,24,11,17,50,,,,13,14,8,6,0.3,0.4
2025-10-21T0300,2444A,113.942,30.9075,孝感市,东城区,,16,14,22,9,15,49,,,,11,12,8,8,0.1,0.2
2025-10-21T0300,2181A,112.7383,38.4519,忻州市,开发区,,46,46,48,31,32,4,,,,32,31,27,12,0.6,0.7
2025-10-21T0300,2182A,112.7003,38.4928,忻州市,会展中心,颗粒物(PM10),53,56,45,31,29,3,,,,35,29,18,8,0.4,0.3
2025-10-21T0300,3208A,112.7283,38.4153,忻州市,市政府,,50,50,51,28,24,3,,,,36,30,16,11,0.7,0.6
2025-10-21T0300,2389A,113.836,35.311,新乡市,环保西院,颗粒物(PM10),52,53,44,27,15,16,,,,32,22,6,5,0.7,0.5
2025-10-21T0300,2390A,113.884,35.272,新乡市,开发区,,46,46,42,27,20,22,,,,20,20,5,5,0.5,0.5
2025-10-21T0300,2391A,113.883,35.303,新乡市,环保东院,,49,46,46,34,29,24,,,,27,22,6,5,0.8,0.7
2025-10-21T0300,3054A,113.9194,35.2847,新乡市,市委党校,,38,36,44,26,20,26,,,,26,21,5,4,0.6,0.4
2025-10-21T0300,3475A,113.9188,35.3045,新乡市,市政府,颗粒物(PM10),52,53,41,31,21,22,,,,29,22,6,4,0.5,0.3
2025-10-21T0300,3689A,113.9003,35.372,新乡市,行政服务中心,细颗粒物(PM2.5),53,42,37,37,30,15,,,,32,23,3,3,0.7,0.5
2025-10-21T0300,4215A,113.9166,35.3315,新乡市,建设东路46号,,46,46,39,26,22,17,,,,33,20,8,7,0.4,0.2
2025-10-21T0300,2352A,115.0861,27.9317,新余市,北岗,,,,,,,,,,,,,,,,
2025-10-21T0300,2353A,114.9886,27.8431,新余市,飞宇,,34,34,29,17,13,43,,,,8,8,18,16,0.3,0.4
2025-10-21T0300,2354A,114.9231,27.8246,新余市,第二水厂,,29,29,24,13,13,52,,,,9,10,10,10,0.1,0.2
2025-10-21T0300,2355A,114.9308,27.8036,新余市,市气象局,,26,26,21,11,12,51,,,,6,9,7,8,0.5,0.6
2025-10-21T0300,3206A,114.9149,27.807,新余市,新钢沁园村,,30,30,27,13,12,52,,,,14,16,7,8,0.6,0.3
2025-10-21T0300,2054A,114.1099,32.1059,信阳市,平桥分局,,45,,21,31,21,54,,,,15,16,6,5,0.4,0.4
2025-10-21T0300,2064A,113.9956,32.1271,信阳市,南湾水厂,,43,43,39,25,21,52,,,,12,13,4,4,0.4,0.4
2025-10-21T0300,2065A,114.0775,32.1195,信阳市,市酿酒公司,,42,,32,29,24,55,,,,16,17,6,4,0.3,0.3
2025-10-21T0300,2066A,114.0609,32.1399,信阳市,审计局,,,38,38,25,21,55,,,,14,15,,5,0.4,0.4
2025-10-21T0300,2201A,121.9504,46.0741,兴安盟,科右前旗环保局,,28,,16,19,15,60,,,,3,5,5,5,0.4,0.4
2025-10-21T0300,4280A,122.0921,46.0650,兴安盟,洮儿河南路,,23,17,28,16,22,58,,,,4,8,4,6,0.4,0.4
2025-10-21T0300,4311A,122.0383,46.0691,兴安盟,科尔沁北路63号,,19,,16,10,16,59,,,,1,5,6,6,0.5,0.3
2025-10-21T0300,1077A,114.4704,37.0886,邢台市,达活泉,,,33,35,9,9,26,,,,25,21,,2,0.3,0.3
2025-10-21T0300,1078A,114.5062,37.0349,邢台市,邢师高专,,30,30,30,10,12,3,,,,38,21,3,4,0.2,0.2
2025-10-21T0300,1079A,114.5237,37.0851,邢台市,路桥公司,,37,37,30,16,11,2,,,,42,33,3,4,0.1,0.1
2025-10-21T0300,1080A,114.4725,37.0719,邢台市,市环保局,,23,23,30,6,6,30,,,,22,21,3,2,0.3,0.3
2025-10-21T0300,3584A,115.8844,39.0341,雄安新区,容城县环境保护局,,45,45,39,22,14,1,,,,49,37,14,13,0.3,0.3
2025-10-21T0300,3585A,115.8665,39.0645,雄安新区,河北容城中学,,,58,32,31,14,,,,,56,36,7,6,0.4,0.4
2025-10-21T0300,3586A,115.923,38.9405,雄安新区,安新县民政局,颗粒物(PM10),56,61,39,33,20,11,,,,47,24,3,3,0.3,0.3
2025-10-21T0300,3587A,115.9324,38.9338,雄安新区,安新县电力局,,48,48,36,13,12,5,,,,39,26,1,2,0.4,0.3
2025-10-21T0300,3588A,116.0901,38.9816,雄安新区,雄县环境保护局,,39,39,31,16,11,2,,,,43,27,7,6,0.4,0.4
2025-10-21T0300,3589A,116.1105,39.0046,雄安新区,雄县国土资源局,颗粒物(PM10),58,65,36,20,13,5,,,,50,31,18,8,0.6,0.7
2025-10-21T0300,1177A,117.179,34.2761,徐州市,黄河新村,,48,48,48,29,25,39,,,,25,26,8,8,0.3,0.3
2025-10-21T0300,1180A,117.256,34.2153,徐州市,新城区,,,49,38,29,21,29,,,,19,14,,9,0.5,0.5
2025-10-21T0300,1182A,117.2933,34.2778,徐州市,农科院,,,51,41,26,22,32,,,,25,22,,10,0.3,0.2
2025-10-21T0300,3005A,117.1814,34.29,徐州市,鼓楼区政府,,39,39,35,27,23,39,,,,17,13,7,8,0.3,0.4
2025-10-21T0300,3006A,117.1694,34.1781,徐州市,铜山区招生办,,46,46,42,26,20,45,,,,21,23,7,7,0.3,0.3
2025-10-21T0300,3288A,117.4754,34.4422,徐州市,大泉街道,颗粒物(PM10),80,110,56,35,24,28,,,,35,26,4,4,0.8,0.8
2025-10-21T0300,4186A,117.1942,34.22935,徐州市,解放南路202号,,,49,45,21,22,35,,,,21,21,,9,0.2,0.2
2025-10-21T0300,4288A,117.2456,34.2908,徐州市,龙潭环路5号,颗粒物(PM10),51,51,41,19,21,32,,,,24,20,8,8,0.5,0.5
2025-10-21T0300,2398A,113.7906,33.9953,许昌市,开发区,,39,39,42,24,25,24,,,,23,21,5,4,0.3,0.4
2025-10-21T0300,3134A,113.8172,34.0339,许昌市,市一中,,,32,29,23,25,21,,,,27,23,,5,0.4,0.4
2025-10-21T0300,3337A,113.8614,34.0442,许昌市,许昌学院,,,46,46,21,26,23,,,,29,23,,6,0.3,0.4
2025-10-21T0300,3338A,113.843,34.0823,许昌市,芙蓉广场,,32,31,32,22,24,18,,,,31,25,6,6,0.3,0.4
2025-10-21T0300,4180A,113.8157,34.12670,许昌市,新元大道996号,,41,41,43,28,29,20,,,,23,19,6,6,0.4,0.4
2025-10-21T0300,4259A,113.8358,34.01552,许昌市,望田路111号,,39,39,32,19,22,27,,,,28,22,6,5,0.3,0.4
2025-10-21T0300,2316A,118.7581,30.9454,宣城市,鳌峰子站,,20,17,29,8,14,64,,,,4,5,7,7,0.1,0.2
2025-10-21T0300,2317A,118.7385,30.9743,宣城市,敬亭山子站,,22,22,29,8,15,63,,,,12,12,4,4,0.1,0.1
2025-10-21T0300,2318A,118.7173,30.9427,宣城市,开发区子站,,21,14,28,7,12,65,,,,5,5,5,6,0.3,0.3
2025-10-21T0300,3470A,118.7724,30.9141,宣城市,夏渡子站,,21,20,28,8,12,66,,,,10,12,5,5,0.2,0.2
2025-10-21T0300,2555A,103.0111,29.9833,雅安市,市政府,,12,6,5,3,3,36,,,,18,13,6,6,0.3,0.4
2025-10-21T0300,2556A,102.9905,29.9775,雅安市,川农大,,7,6,5,3,3,20,,,,11,10,5,5,0.4,0.6
2025-10-21T0300,3700A,103.0456,29.9956,雅安市,康养中心,,,,,,,,,,,,,,,,
2025-10-21T0300,4306A,103.0545,30.0133,雅安市,滨江西路,,11,7,9,3,4,33,,,,12,11,6,6,0.6,0.5
2025-10-21T0300,1642A,121.2514,37.5639,烟台市,开发区,,24,12,16,3,4,74,,,,5,5,8,7,0.0,0
2025-10-21T0300,1644A,121.3181,37.5436,烟台市,西郊化工站,,24,12,13,6,6,75,,,,3,4,7,6,0.2,0.2
2025-10-21T0300,1645A,121.4478,37.4822,烟台市,莱山环保局,,25,12,12,6,3,80,,,,4,4,5,4,0.1,0.1
2025-10-21T0300,1646A,121.2611,37.4967,烟台市,福山环保局,,25,12,16,7,6,77,,,,3,3,6,6,0.2,0.3
2025-10-21T0300,3057A,121.5992,37.4014,烟台市,牟平检察院,,25,14,10,8,6,80,,,,6,7,2,1,0.1,0.1
2025-10-21T0300,3366A,121.5206,37.4336,烟台市,中国农业大学,,26,19,14,7,4,83,,,,4,4,3,2,0.3,0.3
2025-10-21T0300,4213A,121.3642,37.5296,烟台市,青年南路118号,,24,17,14,7,8,76,,,,6,5,8,8,0.2,0.2
2025-10-21T0300,1926A,109.4131,36.6275,延安市,枣园,,,,,,,,,,,,,,,,
2025-10-21T0300,1927A,109.4761,36.6028,延安市,延大医附院,,32,,27,22,20,29,,,,8,18,7,6,0.6,0.5
2025-10-21T0300,1929A,109.5056,36.6106,延安市,百米大道,,33,,32,23,23,20,,,,17,22,2,2,0.7,0.7
2025-10-21T0300,3652A,109.4809,36.5786,延安市,西北局旧址,,32,23,29,22,16,23,,,,15,21,4,5,0.7,0.6
2025-10-21T0300,2237A,129.47,42.8883,延边朝鲜族自治州,妇幼医院,,12,11,22,8,14,33,,,,9,18,6,9,0.4,0.5
2025-10-21T0300,2238A,129.5055,42.9108,延边朝鲜族自治州,延边医院,,28,28,20,15,14,8,,,,29,20,4,4,0.6,0.5
2025-10-21T0300,2239A,129.3964,42.8881,延边朝鲜族自治州,朝阳川镇医院,,19,19,19,8,11,6,,,,23,13,1,2,0.3,0.4
2025-10-21T0300,1216A,120.156,33.3942,盐城市,市监测站,,19,11,25,6,8,60,,,,10,12,7,7,0.4,0.4
2025-10-21T0300,1218A,120.2144,33.38,盐城市,开发区管委会,,19,19,30,8,8,57,,,,11,12,9,6,0.4,0.4
2025-10-21T0300,3004A,120.1544,33.3663,盐城市,宝龙广场,,19,19,24,9,9,57,,,,7,9,7,7,0,0.4
2025-10-21T0300,3293A,120.1501,33.3367,盐城市,月亮广场,,,19,24,7,8,,,,,8,9,7,8,0.3,0.3
2025-10-21T0300,3436A,120.4279,33.205,盐城市,大丰高级中学,,17,14,23,3,5,53,,,,15,15,6,5,0.8,0.7
2025-10-21T0300,4207A,120.1221,33.3940,盐城市,黄海中路88号,,19,19,25,9,12,60,,,,9,10,5,5,0.4,0.4
2025-10-21T0300,1186A,119.389,32.3761,扬州市,邗江监测站,,20,19,26,14,10,48,,,,21,14,5,5,0.1,0.2
2025-10-21T0300,2869A,119.447,32.4155,扬州市,五台山医院,,,32,23,18,11,51,,,,8,5,,3,0.4,0.4
2025-10-21T0300,3164A,119.4686,32.3942,扬州市,广陵建设局,,17,17,16,11,7,52,,,,12,11,6,6,0.2,0.2
2025-10-21T0300,3195A,119.3633,32.3972,扬州市,市体育局,,,27,26,18,11,41,,,,14,11,,3,0.5,0.4
2025-10-21T0300,3294A,119.5653,32.4222,扬州市,引江管理处,,26,24,25,18,12,46,,,,16,13,6,6,0.5,0.4
2025-10-21T0300,1699A,111.9797,21.8593,阳江市,鸳鸯湖,,,,,,,,,,,,,,,,
2025-10-21T0300,1701A,111.9491,21.8658,阳江市,马南垌,,18,18,24,7,8,39,,,,11,11,5,5,0.5,0.6
2025-10-21T0300,3317A,111.9765,21.8947,阳江市,两阳中学,,12,11,20,7,11,38,,,,10,7,5,5,0.4,0.4
2025-10-21T0300,3453A,112.0125,21.8749,阳江市,阳东陶然,,,11,21,8,9,46,,,,9,10,,6,0.6,0.6
2025-10-21T0300,1738A,113.5758,37.8572,阳泉市,市中心,颗粒物(PM10),60,70,52,33,28,2,,,,44,30,16,8,0.8,0.6
2025-10-21T0300,1739A,113.4894,37.8731,阳泉市,赛鱼,颗粒物(PM10),69,88,58,32,29,3,,,,45,33,10,7,0.6,0.4
2025-10-21T0300,1740A,113.5819,37.8486,阳泉市,南庄,颗粒物(PM10),59,67,52,29,29,4,,,,44,31,18,9,0.9,0.5
2025-10-21T0300,1742A,113.5614,37.8703,阳泉市,平坦,颗粒物(PM10),64,77,48,25,18,1,,,,48,32,17,6,0.8,0.7
2025-10-21T0300,1743A,113.5158,37.8392,阳泉市,大阳泉,,40,40,27,20,17,2,,,,41,28,7,7,0.5,0.3
2025-10-21T0300,3619A,113.617,37.8571,阳泉市,龙柱,,,72,45,28,18,2,,,,,31,37,14,0.8,0.6
2025-10-21T0300,2252A,128.5159,47.4311,伊春市,环保局,,20,20,21,11,8,52,,,,7,8,6,6,0.4,0.4
2025-10-21T0300,2253A,128.9102,47.7412,伊春市,电力嘉园,,32,,18,22,14,51,,,,6,6,5,3,0.4,0.5
2025-10-21T0300,2254A,129.5029,48.471,伊春市,汤旺河国家公园,,,,,,,,,,,,,,,,
2025-10-21T0300,3342A,128.4741,47.4346,伊春市,中心小学,,29,,13,20,17,49,,,,5,6,3,3,0.4,0.4
2025-10-21T0300,3343A,128.6871,47.7369,伊春市,检察院,,35,24,24,24,21,53,,,,4,4,5,5,0.3,0.3
2025-10-21T0300,3344A,128.8431,47.8474,伊春市,双子河社区,,16,14,11,11,10,51,,,,6,6,3,3,0.4,0.4
2025-10-21T0300,3480A,129.1368,47.6417,伊春市,美溪镇,,22,,16,15,12,59,,,,4,5,4,4,0.6,0.6
2025-10-21T0300,2704A,81.2996,43.9174,伊犁哈萨克自治州,新政府片区,细颗粒物(PM2.5),74,91,87,54,46,8,,,,59,43,4,6,1.6,1.2
2025-10-21T0300,2705A,81.3364,43.941,伊犁哈萨克自治州,第二水厂,颗粒物(PM10),76,101,94,46,41,2,,,,56,42,5,7,1.2,1
2025-10-21T0300,4273A,81.2737,43.9337,伊犁哈萨克自治州,安徽路800号,颗粒物(PM10),77,104,103,46,45,7,,,,63,47,6,8,1.6,1.2
2025-10-21T0300,1882A,104.563,28.793,宜宾市,石马中学,,,,,,,,,,,,,,,,
2025-10-21T0300,1883A,104.6201,28.7728,宜宾市,市委,,,6,8,3,5,29,,,,7,12,,7,0.5,0.6
2025-10-21T0300,1884A,104.6055,28.793,宜宾市,宜宾四中,,8,6,10,3,5,23,,,,11,15,6,5,0.6,0.7
2025-10-21T0300,1885A,104.639,28.7562,宜宾市,市政府,,9,6,9,3,6,28,,,,6,10,6,6,0.9,1
2025-10-21T0300,1886A,104.5742,28.7199,宜宾市,黄金嘴,,,6,5,3,3,31,,,,10,11,,6,0.5,0.6
2025-10-21T0300,3728A,104.68,28.8071,宜宾市,白酒学院,,10,6,6,3,5,30,,,,9,10,5,5,0.8,0.9
2025-10-21T0300,1840A,111.2992,30.6981,宜昌市,白龙岗,,,,9,7,9,45,,,,,14,4,5,0.3,0.4
2025-10-21T0300,1842A,111.2628,30.6961,宜昌市,点军区,,,6,10,3,6,40,,,,11,15,,5,0.4,0.4
2025-10-21T0300,1843A,111.3275,30.7819,宜昌市,夷陵区,,,,5,3,7,44,,,,8,13,,6,0.3,0.5
2025-10-21T0300,3546A,111.4606,30.552,宜昌市,猇亭区张家湾站,,13,,9,7,8,40,,,,13,16,7,7,0.5,0.6
2025-10-21T0300,4203A,111.3168,30.7203,宜昌市,西陵二路116号,,,,10,0,7,57,,,,14,22,,6,0.3,0.4
2025-10-21T0300,4204A,111.3526,30.6374,宜昌市,沈家店路6号,,,6,13,3,4,52,,,,9,17,,7,0.1,0.2
2025-10-21T0300,2371A,114.3408,27.8064,宜春市,槟榔水业,,,,,,,,,,,,,,,,
2025-10-21T0300,2373A,114.3956,27.7844,宜春市,市石油公司,,24,24,20,11,8,59,,,,2,4,5,5,0.1,0.2
2025-10-21T0300,2374A,114.3703,27.7914,宜春市,市气象局,,19,17,17,12,9,59,,,,6,7,4,4,0.4,0.4
2025-10-21T0300,2375A,114.4013,27.8074,宜春市,市广电局,,21,21,17,10,7,65,,,,6,8,12,11,0.3,0.4
2025-10-21T0300,3151A,114.375,27.8097,宜春市,宜春学院北校区,,24,24,19,9,7,52,,,,3,6,8,8,0.1,0.2
2025-10-21T0300,3415A,114.4519,28.0828,宜春市,万载县环保局,,14,14,13,9,8,36,,,,16,16,9,8,0.4,0.4
2025-10-21T0300,2467A,112.4067,28.6428,益阳市,甘溪港,,,,,,,,,,,,,,,,
2025-10-21T0300,2468A,112.3458,28.5808,益阳市,市环保局,,16,13,15,10,9,51,,,,11,13,5,4,0.5,0.6
2025-10-21T0300,4181A,112.3571,28.55878,益阳市,龙洲,,27,27,17,3,9,51,,,,14,16,4,4,0.4,0.5
2025-10-21T0300,4187A,112.3425,28.6110,益阳市,幸福渠东路223号,,16,11,13,3,6,50,,,,12,14,4,4,0.5,0.6
2025-10-21T0300,4188A,112.3712,28.5764,益阳市,益鑫泰路85号,,16,9,15,3,6,49,,,,12,14,3,4,0.3,0.4
2025-10-21T0300,1484A,105.9512,38.6016,银川市,贺兰山马莲口,,,,,,,,,,,,,,,,
2025-10-21T0300,1489A,106.1358,38.5036,银川市,学院路,颗粒物(PM10),67,84,73,47,35,2,,,,53,44,22,28,1.3,1.4
2025-10-21T0300,2924A,106.2266,38.4418,银川市,水乡路,颗粒物(PM10),60,69,46,40,25,10,,,,51,37,18,15,1.0,0.7
2025-10-21T0300,2925A,106.2757,38.4842,银川市,上海东路,细颗粒物(PM2.5),64,68,46,46,29,7,,,,49,33,9,10,0.8,0.5
2025-10-21T0300,2926A,106.1015,38.497,银川市,文昌北街,颗粒物(PM10),69,87,75,37,33,4,,,,54,42,22,25,1.1,1.4
2025-10-21T0300,3523A,106.5105,38.3856,银川市,滨河新区,颗粒物(PM10),55,60,39,25,19,3,,,,31,21,1,2,0.5,0.4
2025-10-21T0300,4242A,106.2264,38.4920,银川市,广场西路,细颗粒物(PM2.5),83,87,53,61,29,4,,,,51,33,16,14,1.0,0.7
2025-10-21T0300,2357A,116.9822,28.1136,鹰潭市,龙虎山,,,,,,,,,,,,,,,,
2025-10-21T0300,2358A,117.0564,28.2642,鹰潭市,新监测站,,19,19,18,13,11,56,,,,10,10,4,5,0.2,0.5
2025-10-21T0300,2359A,117.0311,28.2475,鹰潭市,财苑宾馆,,25,20,20,17,10,64,,,,5,5,6,8,0.4,0.4
2025-10-21T0300,2360A,117.0222,28.2264,鹰潭市,体育馆,,38,,22,26,13,61,,,,2,6,6,8,0.6,0.6
2025-10-21T0300,2361A,117.0017,28.2131,鹰潭市,三川水表,,20,20,28,12,12,54,,,,11,15,7,8,0.3,0.4
2025-10-21T0300,1597A,122.2703,40.7094,营口市,大庆路,,45,45,30,31,15,2,,,,50,24,10,11,1.3,0.8
2025-10-21T0300,1598A,122.2150,40.6511,营口市,镜湖西路,,32,32,26,19,11,18,,,,41,23,6,5,0.6,0.7
2025-10-21T0300,1599A,122.1658,40.6789,营口市,西炮台,,36,36,20,18,10,2,,,,53,25,6,6,0.3,0.2
2025-10-21T0300,3379A,122.1139,40.2278,营口市,鲅鱼圈市民活动中心,颗粒物(PM10),56,62,36,25,19,14,,,,40,30,11,13,0.6,0.6
2025-10-21T0300,3866A,122.2469,40.66302,营口市,三高中,,36,29,22,25,13,2,,,,64,25,14,9,0.6,0.4
2025-10-21T0300,4006A,122.3622,40.6762,营口市,老边实验小学,细颗粒物(PM2.5),55,53,36,39,24,10,,,,50,28,8,10,1.0,0.8
2025-10-21T0300,2477A,111.6217,26.2081,永州市,零陵南津渡,,,,,,,,,,,,,,,,
2025-10-21T0300,2478A,111.6156,26.4214,永州市,市环境监测站,,,8,9,3,6,31,,,,7,7,,3,0.6,0.5
2025-10-21T0300,2480A,111.5992,26.4364,永州市,永州市环保局,,11,8,9,3,6,33,,,,6,6,2,1,0.5,0.4
2025-10-21T0300,2481A,111.5989,26.4519,永州市,冷水滩区环保局,,12,8,10,3,5,36,,,,11,11,5,3,0.4,0.4
2025-10-21T0300,4299A,111.6195,26.2253,永州市,徐家井路86号,,11,7,9,3,4,34,,,,7,7,1,2,0.4,0.4
2025-10-21T0300,2638A,109.7414,38.3344,榆林市,红石峡森林公园,,,,,,,,,,,,,,,,
2025-10-21T0300,2639A,109.7456,38.2911,榆林市,世纪广场,,,,51,35,33,7,,,,24,42,,8,0.8,0.9
2025-10-21T0300,2640A,109.7289,38.2839,榆林市,实验中学,,48,,54,33,30,7,,,,25,38,8,9,0.9,0.9
2025-10-21T0300,2641A,109.7336,38.2478,榆林市,环保监测大楼,,,,48,49,33,6,,,,25,40,,18,0.7,0.7
2025-10-21T0300,2509A,110.1106,22.7019,玉林市,寒山水库,,,,,,,,,,,,,,,,
2025-10-21T0300,2511A,110.1433,22.6164,玉林市,南江一中,,18,18,15,6,9,46,,,,2,2,1,2,0.5,0.6
2025-10-21T0300,3532A,110.1945,22.6831,玉林市,玉林师范学院东校区,,16,7,12,3,5,49,,,,6,8,4,5,0.4,0.4
2025-10-21T0300,3533A,110.0527,22.5893,玉林市,福绵环保局,,14,12,18,3,7,44,,,,7,8,5,5,0.3,0.4
2025-10-21T0300,4255A,110.1680,22.6410,玉林市,人民东路196号,,14,14,13,3,6,43,,,,5,7,3,4,0.7,0.7
2025-10-21T0300,2675A,97,33.0014,玉树藏族自治州,玉树县结古镇,,17,17,14,6,7,45,,,,20,24,3,4,0.5,0.5
2025-10-21T0300,1715A,102.575,24.3711,玉溪市,东风水库,,16,,22,11,14,46,,,,7,9,6,4,0.4,0.4
2025-10-21T0300,2882A,102.5389,24.3703,玉溪市,玉溪一中,,18,12,25,10,15,55,,,,5,12,4,5,0.4,0.4
2025-10-21T0300,2883A,102.5381,24.3389,玉溪市,文体中心,,15,,31,7,16,47,,,,4,13,3,4,0.5,0.6
2025-10-21T0300,1848A,113.1493,29.4251,岳阳市,城陵矶,,,21,15,10,8,49,,,,16,20,,8,0.5,0.6
2025-10-21T0300,1849A,113.1497,29.3575,岳阳市,开发区,,,21,17,12,10,58,,,,11,14,,6,0.6,0.6
2025-10-21T0300,1850A,113.2621,29.4758,岳阳市,云溪区,,,,13,16,13,46,,,,12,13,,6,0.5,0.6
2025-10-21T0300,1851A,112.9943,29.4402,岳阳市,君山区,,18,,11,12,13,50,,,,7,8,6,6,0.8,0.9
2025-10-21T0300,1852A,113.2117,29.355,岳阳市,金凤水库,,,,,,,,,,,,,,,,
2025-10-21T0300,4265A,113.1088,29.3531,岳阳市,求索西路365号,,,,14,18,11,45,,,,8,12,,7,0.7,0.8
2025-10-21T0300,1712A,112.0392,22.9169,云浮市,新市府,,,,,,,,,,,,,,,,
2025-10-21T0300,1714A,112.0539,22.9539,云浮市,牧羊,,11,,16,3,6,35,,,,15,12,6,5,0.4,0.5
2025-10-21T0300,3628A,112.0336,22.9374,云浮市,文笔,,16,14,21,11,11,37,,,,13,12,7,7,0.4,0.5
2025-10-21T0300,2175A,110.9956,35.0147,运城市,运城中学,,19,19,22,8,16,58,,,,11,13,5,4,0.3,0.4
2025-10-21T0300,2178A,110.9686,35.0303,运城市,地区技校,,19,16,22,8,16,59,,,,8,10,4,4,0.1,0.2
2025-10-21T0300,2179A,111.0414,35.1147,运城市,空港新区,,17,,14,8,20,54,,,,7,8,7,7,0.3,0.5
2025-10-21T0300,3667A,111.0283,35.0547,运城市,水利职院,,19,14,21,11,19,59,,,,11,12,5,5,0.2,0.3
2025-10-21T0300,3670A,111.0522,35.0439,运城市,禹都公园,,22,22,22,9,15,59,,,,11,12,5,4,0.2,0.3
2025-10-21T0300,1637A,117.558,34.8438,枣庄市,市中区政府,,44,44,41,17,15,33,,,,22,24,6,7,0.3,0.3
2025-10-21T0300,1638A,117.2852,34.7837,枣庄市,薛城环保局,,49,49,46,27,23,20,,,,32,23,7,9,0.2,0.3
2025-10-21T0300,1639A,117.5852,34.7745,枣庄市,峄城区政府,,39,39,43,18,16,41,,,,18,16,7,8,0.4,0.4
2025-10-21T0300,1640A,117.7276,34.5578,枣庄市,台儿庄区环保局,,24,24,37,9,18,49,,,,10,13,6,7,0.3,0.4
2025-10-21T0300,1641A,117.4518,35.0992,枣庄市,山亭区环保局,,46,46,31,32,19,36,,,,15,12,8,8,0.7,0.6
2025-10-21T0300,3364A,117.3152,34.8103,枣庄市,市环保局,颗粒物(PM10),55,59,38,31,20,21,,,,26,13,4,6,0.7,0.7
2025-10-21T0300,1680A,110.3539,21.2706,湛江市,湛江影剧院,细颗粒物(PM2.5),52,,24,36,16,39,,,,15,11,22,11,0.5,0.7
2025-10-21T0300,1681A,110.3928,21.2228,湛江市,市环境监测站,,14,8,20,3,6,44,,,,6,8,8,9,0.5,0.6
2025-10-21T0300,1682A,110.4019,21.1997,湛江市,环保局宿舍,,14,14,22,8,13,41,,,,14,16,6,6,0.8,0.8
2025-10-21T0300,1683A,110.4111,21.2028,湛江市,霞山游泳场,,16,16,22,3,11,42,,,,9,8,12,8,0.6,0.6
2025-10-21T0300,1684A,110.3316,21.2679,湛江市,麻章区环保局,,21,21,28,3,7,45,,,,11,13,2,7,0.7,0.8
2025-10-21T0300,1685A,110.4558,21.2567,湛江市,坡头区环保局,,16,16,26,8,13,48,,,,16,16,7,8,0.5,0.6
2025-10-21T0300,1858A,110.5319,29.1217,张家界市,永定新区,,,6,9,3,7,44,,,,3,5,,6,0.1,0.2
2025-10-21T0300,1859A,110.4697,29.1242,张家界市,电业局,,,6,6,3,8,41,,,,2,4,,7,0.2,0.2
2025-10-21T0300,1860A,110.5594,29.3547,张家界市,未央路,,13,8,7,8,8,40,,,,2,3,9,9,0.2,0.2
2025-10-21T0300,1861A,110.4417,29.315,张家界市,袁家界,,,,,,,,,,,,,,,,
2025-10-21T0300,1057A,114.8883,40.8336,张家口市,人民公园,,13,12,14,8,8,40,,,,11,11,5,4,0.3,0.3
2025-10-21T0300,1059A,114.8687,40.8042,张家口市,五金库,,,15,17,6,10,49,,,,6,10,,6,0.4,0.4
2025-10-21T0300,1060A,114.8902,40.762,张家口市,世纪豪园,,,13,19,12,9,57,,,,5,8,,6,0.3,0.3
2025-10-21T0300,1061A,114.8916,40.8661,张家口市,北泵房,,,,,,,,,,,,,,,,
2025-10-21T0300,3131A,114.879,40.7993,张家口市,烟厂,,14,14,19,3,10,43,,,,8,10,2,3,0.3,0.4
2025-10-21T0300,3323A,115.2773,40.9724,张家口市,青少年活动中心,,15,,11,6,9,45,,,,6,8,6,6,0.3,0.4
2025-10-21T0300,2654A,100.4698,38.9524,张掖市,润泉湖,颗粒物(PM10),94,138,102,64,38,4,,,,42,27,4,6,0.9,0.7
2025-10-21T0300,2655A,100.4154,38.9422,张掖市,区工会,细颗粒物(PM2.5),112,144,91,84,34,13,,,,41,19,5,7,0.8,0.5
2025-10-21T0300,2075A,117.6336,24.4674,漳州市,九湖,,23,23,20,10,9,32,,,,17,18,6,3,0.3,0.3
2025-10-21T0300,2920A,117.7116,24.506,漳州市,蓝田镇,,21,21,24,12,15,39,,,,8,13,8,5,0.6,0.5
2025-10-21T0300,3216A,114.6622,24.5183,漳州市,漳州党校,,19,19,23,12,13,39,,,,10,12,6,3,0.5,0.6
2025-10-21T0300,3530A,117.6296,24.5314,漳州市,西洋坪路,,18,18,18,11,10,26,,,,12,13,2,2,0.6,0.5
2025-10-21T0300,2596A,103.7667,27.3736,昭通市,监测站,,15,15,18,3,4,32,,,,5,10,4,3,0.6,0.7
2025-10-21T0300,4261A,103.7247,27.3415,昭通市,环东路146号,,,,5,,15,32,,,,4,9,2,4,0.6,0.7
2025-10-21T0300,1397A,112.4267,23.0706,肇庆市,睦岗子站,,11,9,12,3,6,35,,,,14,13,4,5,0.4,0.4
2025-10-21T0300,1398A,112.4645,23.0475,肇庆市,城中子站,,15,6,10,3,4,46,,,,9,10,9,10,0.4,0.5
2025-10-21T0300,1399A,112.5544,23.1522,肇庆市,坑口子站,,12,6,9,3,5,38,,,,12,12,5,5,0.5,0.6
2025-10-21T0300,1400A,112.4753,23.1,肇庆市,七星岩子站,,13,6,8,3,5,41,,,,9,7,5,5,0.6,0.6
2025-10-21T0300,3313A,112.4575,23.0166,肇庆市,高要湖西,,,,10,3,6,41,,,,7,8,,4,0.5,0.6
2025-10-21T0300,3451A,112.5617,23.2083,肇庆市,鼎湖凤凰,,13,8,10,3,6,40,,,,12,9,6,8,0.6,0.7
2025-10-21T0300,1203A,119.6707,32.1875,镇江市,新区办事处,,28,28,27,12,10,42,,,,26,19,4,5,0.4,0.4
2025-10-21T0300,1204A,119.4974,32.1968,镇江市,职教中心,,25,25,23,13,10,56,,,,13,13,5,4,0.4,0.3
2025-10-21T0300,1205A,119.4303,32.1328,镇江市,丹徒区监测站,,30,30,24,13,10,51,,,,11,8,7,6,0.4,0.3
2025-10-21T0300,2870A,119.4424,32.1873,镇江市,市疾控中心,,28,28,23,10,12,59,,,,12,10,5,3,0.4,0.4
2025-10-21T0300,3287A,119.3842,32.1976,镇江市,富润路1号,,39,39,26,22,13,34,,,,18,15,3,4,0.5,0.4
2025-10-21T0300,1316A,113.69031,34.76122,郑州市,烟厂,,32,30,33,22,20,40,,,,21,24,9,9,0.6,0.7
2025-10-21T0300,1318A,113.67526,34.80246,郑州市,银行学校,,,32,35,23,21,31,,,,21,26,,7,0.5,0.5
2025-10-21T0300,1319A,113.56746,34.81334,郑州市,供水公司,,30,27,35,21,18,36,,,,17,21,5,5,0.2,0.2
2025-10-21T0300,1320A,113.7329,34.7178,郑州市,经开区管委,,,,29,25,25,36,,,,23,26,,5,0.4,0.4
2025-10-21T0300,1321A,113.73961,34.77172,郑州市,四十七中,,32,32,34,19,19,35,,,,26,27,9,9,0.6,0.6
2025-10-21T0300,1323A,113.64164,34.7525,郑州市,河医大,,30,30,35,18,18,37,,,,18,28,10,8,0.4,0.5
2025-10-21T0300,1324A,113.51488,34.91089,郑州市,岗李水库,,,,39,,15,,,40,,,21,,6,,0.3
2025-10-21T0300,3471A,113.616563,34.86783,郑州市,惠济区政府,,,41,32,22,18,22,,,,27,27,,7,0.5,0.5
2025-10-21T0300,3590A,113.8374,34.5589,郑州市,北区建设指挥部,,37,37,35,18,20,23,,,,40,31,11,12,0.6,0.6
2025-10-21T0300,3591A,113.30952,34.803229,郑州市,上街区政府,,40,40,35,15,20,34,,,,21,22,7,7,0.5,0.4
2025-10-21T0300,4293A,113.6051,34.7552,郑州市,计划路2号,,35,33,34,24,21,33,,,,25,29,8,8,0.4,0.4
2025-10-21T0300,4294A,113.6526,34.7736,郑州市,同乐路9号,,29,24,34,20,19,33,,,,27,29,15,12,0.4,0.4
2025-10-21T0300,1379A,113.3769,22.5211,中山市,华柏园,,13,,22,9,11,33,,,,17,19,8,9,0.4,0.5
2025-10-21T0300,1380A,113.3881,22.5497,中山市,张溪,,13,13,24,3,10,35,,,,17,20,6,7,0.5,0.5
2025-10-21T0300,1381A,113.4075,22.5111,中山市,紫马岭,,10,9,23,3,9,30,,,,18,18,6,7,0.5,0.6
2025-10-21T0300,1382A,113.4411,22.4853,中山市,长江旅游区,,13,13,21,3,9,35,,,,15,16,6,6,0.6,0.6
2025-10-21T0300,3454A,113.3528,22.478,中山市,中山南区,,11,9,20,3,7,33,,,,18,18,10,10,0.5,0.5
2025-10-21T0300,2680A,105.0025,37.4635,中卫市,沙坡头消防站,,,,,,,,,,,,,,,,
2025-10-21T0300,2682A,105.1971,37.5002,中卫市,环保局站,细颗粒物(PM2.5),72,85,60,52,32,6,,,,41,28,17,14,0.8,0.5
2025-10-21T0300,3650A,105.1698,37.5162,中卫市,沙坡头区政府站,颗粒物(PM10),75,100,64,51,29,7,,,,44,27,16,15,0.8,0.5
2025-10-21T0300,1414A,106.3787,29.8279,重庆市,缙云山,,,,,,,,,,,,,,,,
2025-10-21T0300,1416A,106.4213,29.8253,重庆市,天生,,22,18,16,15,14,36,,,,8,13,7,7,0.4,0.6
2025-10-21T0300,1417A,106.6263,29.7228,重庆市,两路,,19,14,18,13,13,25,,,,15,26,6,6,0.6,0.7
2025-10-21T0300,1418A,106.2953,29.5983,重庆市,虎溪,,,11,9,3,0,32,,,,,14,3,3,0.6,0.7
2025-10-21T0300,1419A,106.5777,29.5102,重庆市,南坪,,17,17,25,11,12,39,,,,8,15,2,3,0.4,0.4
2025-10-21T0300,1420A,106.6556,29.6277,重庆市,唐家沱,,16,16,13,11,13,31,,,,10,14,7,7,0.4,0.5
2025-10-21T0300,1421A,106.6349,29.4906,重庆市,茶园,,25,25,22,17,9,35,,,,9,17,7,7,0.5,0.6
2025-10-21T0300,1422A,106.3754,29.4572,重庆市,白市驿,,22,,3,15,13,35,,,,10,13,7,7,0.8,0.6
2025-10-21T0300,1425A,106.6205,29.7166,重庆市,空港,,19,14,18,13,14,26,,,,16,19,7,7,0.6,0.7
2025-10-21T0300,1427A,106.5616,29.6453,重庆市,礼嘉,,25,25,21,12,13,30,,,,16,21,5,5,0.4,0.5
2025-10-21T0300,1428A,106.4522,29.7091,重庆市,蔡家,,18,,14,12,11,34,,,,10,15,8,8,0.6,0.8
2025-10-21T0300,1429A,106.5093,29.3917,重庆市,鱼新街,,12,12,15,6,5,34,,,,5,11,5,4,0.5,0.6
2025-10-21T0300,3014A,106.4958,29.5346,重庆市,歇台子,,11,11,16,3,5,33,,,,7,15,6,6,0.6,0.7
2025-10-21T0300,3015A,106.4037,29.5728,重庆市,龙井湾,,,2,4,,0,38,,,,,13,7,7,0.7,0.8
2025-10-21T0300,3016A,106.5507,29.4153,重庆市,龙洲湾,,19,,13,13,11,27,,,,11,10,6,6,0.6,0.6
2025-10-21T0300,3133A,106.5468,29.5654,重庆市,上清寺,,13,10,10,9,7,31,,,,16,22,7,7,0.3,0.4
2025-10-21T0300,3346A,108.3872,31.1628,重庆市,安康,,,10,17,3,3,36,,,,4,8,,6,0.6,0.7
2025-10-21T0300,3347A,105.9017,29.3569,重庆市,北山路,,15,15,13,3,5,29,,,,6,9,7,7,0.4,0.5
2025-10-21T0300,3350A,106.6479,29.0244,重庆市,滩子口,,13,11,17,8,16,40,,,,6,10,7,7,0.4,0.4
2025-10-21T0300,3351A,105.7167,29.7076,重庆市,棠香,,12,6,5,3,3,38,,,,5,7,6,7,0.7,0.7
2025-10-21T0300,3352A,107.0732,29.8617,重庆市,桃源西路,,10,9,13,3,2,31,,,,2,5,9,7,0.4,0.4
2025-10-21T0300,3353A,107.3535,29.7287,重庆市,迎宾大道,,11,10,10,3,2,34,,,,11,17,6,6,0.3,0.3
2025-10-21T0300,3354A,108.815,29.5081,重庆市,舟白,,22,22,18,3,4,50,,,,1,4,8,8,0.3,0.3
2025-10-21T0300,3355A,108.3679,30.8426,重庆市,周家坝,,20,,9,14,18,53,,,,6,9,8,6,0.3,0.3
2025-10-21T0300,3356A,108.4319,30.7555,重庆市,百安坝,,18,18,19,3,3,48,,,,4,6,3,2,0.3,0.4
2025-10-21T0300,3482A,107.7541,29.3277,重庆市,芙蓉中路,,13,12,18,9,17,37,,,,7,10,3,3,0.5,0.5
2025-10-21T0300,3483A,108.7661,29.5368,重庆市,西山,,21,21,11,7,5,45,,,,1,2,3,2,0.3,0.4
2025-10-21T0300,3484A,106.2628,29.32,重庆市,行政中心,,21,21,25,3,2,28,,,,9,13,5,5,0.7,0.7
2025-10-21T0300,3599A,106.2649,29.9851,重庆市,书院路,,9,8,11,3,5,26,,,,10,13,7,6,0.4,0.4
2025-10-21T0300,3600A,106.2339,29.5559,重庆市,虎峰,,,11,15,3,4,39,,,,,14,7,7,0.4,0.5
2025-10-21T0300,3601A,106.0499,29.8342,重庆市,龙门街,,,16,14,6,5,27,,,,15,16,,8,0.6,0.7
2025-10-21T0300,3610A,105.5933,29.4105,重庆市,昌元,,14,14,16,3,8,41,,,,9,16,10,8,0.3,0.4
2025-10-21T0300,4223A,106.4686,29.4893,重庆市,双山路147号,,32,32,28,11,12,36,,,,8,15,7,6,0.2,0.2
2025-10-21T0300,4246A,105.8340,30.1886,重庆市,桃园路24号,,12,12,11,7,3,38,,,,12,10,14,12,0.6,0.6
2025-10-21T0300,4247A,107.0910,29.1540,重庆市,钟楼街32号,,12,12,18,3,3,34,,,,6,13,6,6,0.6,0.7
2025-10-21T0300,4248A,107.8043,30.6735,重庆市,人民南路309号,,25,25,26,12,17,46,,,,6,7,5,5,0.4,0.4
2025-10-21T0300,1258A,122.122,30.0203,舟山市,定海檀枫,,,26,30,6,8,78,,,,5,6,,3,0.4,0.5
2025-10-21T0300,1260A,122.19,29.9944,舟山市,临城新区,,25,21,23,3,7,80,,,,6,7,3,3,0.5,0.5
2025-10-21T0300,4033A,122.3123,29.9619,舟山市,普陀东港中学,,26,18,26,6,7,82,,,,6,7,2,2,0.5,0.6
2025-10-21T0300,2068A,114.6758,33.6347,周口市,周口师范,,40,,26,28,33,35,,,,16,15,3,3,0.6,0.7
2025-10-21T0300,4269A,114.6701,33.6167,周口市,七一路,,38,28,28,26,27,42,,,,20,20,8,5,0.4,0.5
2025-10-21T0300,4296A,114.6421,33.6417,周口市,健康路46号,,26,26,37,15,21,36,,,,14,14,6,5,0.5,0.6
2025-10-21T0300,4297A,114.649,33.596,周口市,太昊路,,,27,31,24,26,38,,,,16,16,,4,0.3,0.3
2025-10-21T0300,1515A,113.135,27.8244,株洲市,天台山庄,,,11,11,8,7,32,,,,18,20,,10,0.7,0.7
2025-10-21T0300,1518A,113.095,27.8867,株洲市,株冶医院,,12,10,9,6,6,36,,,,17,19,6,6,0.7,0.7
2025-10-21T0300,1519A,113.167,27.8667,株洲市,市四中,,12,10,10,8,7,36,,,,11,15,6,6,0.8,0.9
2025-10-21T0300,1520A,113.143,27.8381,株洲市,火车站,,12,11,12,8,8,34,,,,12,15,5,5,0.4,0.6
2025-10-21T0300,1524A,113.13,27.8528,株洲市,市监测站,,20,,12,14,8,35,,,,11,15,7,6,0.6,0.7
2025-10-21T0300,1559A,113.251,27.8336,株洲市,大京风景区,,,,,,,,,,,,,,,,
2025-10-21T0300,2031A,113.1817,27.9958,株洲市,云田中学,,,10,10,7,5,35,,,,16,19,,7,0.6,0.6
2025-10-21T0300,1367A,113.5814,22.2618,珠海市,吉大,,16,16,20,3,4,36,,,,14,15,6,6,0.4,0.5
2025-10-21T0300,1368A,113.4881,22.2335,珠海市,前山,,,16,25,9,11,31,,,,16,19,,8,0.4,0.5
2025-10-21T0300,1369A,113.628,22.4251,珠海市,唐家,,14,14,17,3,3,36,,,,15,16,5,6,0.5,0.6
2025-10-21T0300,1370A,113.299,22.2281,珠海市,斗门,,18,18,23,3,8,31,,,,14,16,5,5,0.3,0.4
2025-10-21T0300,3308A,113.3494,22.0569,珠海市,金湾,,29,25,39,20,14,33,,,,13,16,9,8,0.4,0.4
2025-10-21T0300,3448A,113.5433,22.1163,珠海市,横琴,,,16,23,8,12,35,,,,11,14,,7,0.5,0.5
2025-10-21T0300,2420A,114.0189,32.9656,驻马店市,市一纸厂,,46,36,40,32,30,38,,,,18,17,9,5,0.3,0.5
2025-10-21T0300,2421A,114.0114,33.015,驻马店市,市彩印厂,,45,45,47,30,32,38,,,,15,14,10,9,0.3,0.4
2025-10-21T0300,3339A,114.0012,33.0412,驻马店市,小管楼,,49,41,46,34,34,32,,,,17,14,2,2,0.3,0.3
2025-10-21T0300,4202A,113.9856,32.9802,驻马店市,交通路1233号,细颗粒物(PM2.5),54,44,46,38,37,37,,,,13,12,11,8,0.2,0.4
2025-10-21T0300,2561A,104.6617,30.1372,资阳市,莲花山,,,,,,,,,,,,,,,,
2025-10-21T0300,2562A,104.6356,30.1506,资阳市,资阳中学,,13,10,12,3,5,40,,,,7,7,7,6,0.5,0.5
2025-10-21T0300,2563A,104.6295,30.1383,资阳市,四三一厂,,14,12,14,3,6,43,,,,6,11,3,4,0.5,0.5
2025-10-21T0300,2564A,104.6463,30.1146,资阳市,师范校,,,10,12,3,6,39,,,,7,9,,4,0.3,0.4
2025-10-21T0300,2565A,104.6296,30.1256,资阳市,区法院,,13,10,13,3,4,40,,,,6,8,3,3,0.4,0.4
2025-10-21T0300,1631A,118.0414,36.8103,淄博市,人民公园,,31,31,30,17,16,37,,,,22,26,17,11,0.5,0.3
2025-10-21T0300,1633A,117.8525,36.4847,淄博市,双山,,40,40,39,15,19,17,,,,49,31,8,11,0.4,0.4
2025-10-21T0300,1634A,117.9592,36.6331,淄博市,气象站,,35,29,34,24,18,12,,,,30,26,12,13,0.3,0.4
2025-10-21T0300,3363A,117.9883,36.8372,淄博市,新区,,33,27,29,23,17,14,,,,38,26,5,6,0.2,0
2025-10-21T0300,3644A,117.8661,36.805,淄博市,三金集团,颗粒物(PM10),51,51,41,14,13,3,,,,43,29,7,12,0.4,0.4
2025-10-21T0300,3645A,118.0253,36.8406,淄博市,东风化工厂,,,45,43,12,12,9,,,,38,27,,4,0.6,0.5
2025-10-21T0300,4212A,118.3039,36.8271,淄博市,广场路1号,,,,19,19,15,,,,,38,29,7,8,0.4,0.3
2025-10-21T0300,3028A,104.776,29.3627,自贡市,檀木林体育馆,,,6,5,3,2,28,,,,,11,7,7,0.5,0.5
2025-10-21T0300,3360A,104.7894,29.3194,自贡市,南湖救助站,,,19,19,3,4,35,,,,,12,6,5,0.5,0.5
2025-10-21T0300,3638A,104.7636,29.3338,自贡市,轻化工大学,,12,,0,8,12,28,,,,9,9,4,5,0.4,0.4
2025-10-21T0300,4225A,104.7143,29.3386,自贡市,贡兴路74号,,10,6,5,3,3,31,,,,6,8,3,3,0.3,0.4
2025-10-21T0300,1911A,106.9222,27.6869,遵义市,丁字口,,13,,12,9,10,36,,,,5,7,3,2,0.3,0.3
2025-10-21T0300,1912A,106.9242,27.7019,遵义市,凤凰山,,12,7,8,6,6,36,,,,3,3,6,6,0.5,0.5
2025-10-21T0300,1913A,106.8906,27.6486,遵义市,忠庄,,13,8,10,3,4,39,,,,2,4,1,2,0.7,0.6
2025-10-21T0300,1914A,106.9231,27.6506,遵义市,舟水桥,,17,17,18,3,7,42,,,,4,4,2,2,0.4,0.4
2025-10-21T0300,1915A,106.9178,27.72,遵义市,干田坝,,11,6,6,3,5,35,,,,7,10,3,3,0.5,0.5
2025-10-21T0300,4245A,106.8609,27.5969,遵义市,遵南大道1161号,,13,6,4,3,5,41,,,,3,6,5,5,0.4,0.4
