timepoint,stationcode,longitude,latitude,area,positionname,primarypollutant,aqi,pm10,pm10_24h,pm2_5,pm2_5_24h,o3,o3_24h,o3_8h,o3_8h_24h,no2,no2_24h,so2,so2_24h,co,co_24h
2025-12-23T2200,2568A,102.2502,31.8896,阿坝藏族羌族自治州,马师校,,41,41,20,28,19,10,10,49,36,36,18,5,4,0.9,0.6
2025-12-23T2200,3994A,102.2165,31.9024,阿坝藏族羌族自治州,马尔康中学西区,,32,31,17,22,11,26,26,59,48,27,16,6,5,0.9,0.6
2025-12-23T2200,2695A,80.292,41.1694,阿克苏地区,电视台,颗粒物(PM10),185,319,303,80,57,38,38,55,53,31,30,5,6,0.3,0.5
2025-12-23T2200,2696A,80.2613,41.1551,阿克苏地区,艺术中心,颗粒物(PM10),183,316,290,63,63,34,34,53,50,28,24,4,4,0.8,0.9
2025-12-23T2200,2205A,105.6985,38.8411,阿拉善盟,蒙二幼,,31,31,182,11,38,69,69,76,73,11,9,10,9,0.8,0.7
2025-12-23T2200,2206A,105.724,38.8516,阿拉善盟,环保局新楼,,24,16,160,9,45,76,76,71,71,4,6,9,9,0.5,0.6
2025-12-23T2200,2708A,88.1264,47.8517,阿勒泰地区,市站,,26,18,13,12,6,20,20,42,31,52,44,3,4,0.7,0.6
2025-12-23T2200,2630A,80.1161,32.5,阿里地区,阿里监测站,,23,6,3,3,3,71,71,83,82,8,5,10,8,0.4,0.3
2025-12-23T2200,3192A,80.0903,32.5028,阿里地区,阿里藏医院,,25,14,9,3,7,78,78,89,88,6,6,8,9,0.3,0.3
2025-12-23T2200,2644A,109.0072,32.6975,安康市,汉滨区检察院,细颗粒物(PM2.5),59,63,46,42,35,3,3,16,12,28,22,4,4,0.7,0.8
2025-12-23T2200,4054A,109.0325,32.6913,安康市,市邮政管理局,细颗粒物(PM2.5),62,55,40,44,36,1,1,13,8,29,22,4,4,1.1,0.8
2025-12-23T2200,2291A,117.0809,30.5177,安庆市,环科院,细颗粒物(PM2.5),54,40,49,38,35,28,28,31,31,8,23,4,5,0.7,0.7
2025-12-23T2200,2292A,117.0331,30.5119,安庆市,马山宾馆,细颗粒物(PM2.5),54,,46,38,37,29,29,30,30,14,29,3,5,0.7,0.7
2025-12-23T2200,2294A,116.9896,30.6145,安庆市,安庆大学,细颗粒物(PM2.5),70,,52,51,35,32,32,33,33,11,22,2,3,0.7,0.6
2025-12-23T2200,3173A,117.0598,30.5351,安庆市,市人大,细颗粒物(PM2.5),59,,50,42,37,26,26,28,28,14,27,4,5,0.6,0.6
2025-12-23T2200,3122A,105.9606,26.2611,安顺市,伍家关,颗粒物(PM10),51,51,31,16,14,28,28,46,40,21,11,36,14,0.7,0.7
2025-12-23T2200,3123A,105.9408,26.2431,安顺市,凤凰山,细颗粒物(PM2.5),55,39,23,39,17,31,31,51,46,23,14,27,15,0.7,0.6
2025-12-23T2200,3124A,105.9439,26.2564,安顺市,金钟山,细颗粒物(PM2.5),63,,22,45,20,33,33,53,48,19,12,37,15,0.7,0.6
2025-12-23T2200,3125A,105.8983,26.2481,安顺市,娄家坡,细颗粒物(PM2.5),62,46,22,44,18,39,39,50,48,15,13,31,17,0.8,0.7
2025-12-23T2200,1819A,114.3551,36.1017,安阳市,红庙街,细颗粒物(PM2.5),122,114,70,92,64,5,5,19,14,46,34,4,4,1.3,0.7
2025-12-23T2200,1820A,114.361,36.0681,安阳市,银杏小区,细颗粒物(PM2.5),127,111,78,96,69,3,3,19,13,46,34,4,4,1.5,0.9
2025-12-23T2200,3141A,114.3922,36.0878,安阳市,信访局,细颗粒物(PM2.5),112,113,73,84,68,4,4,21,16,58,55,3,3,1.3,0.9
2025-12-23T2200,3669A,114.4705,36.0637,安阳市,左辅环卫站,细颗粒物(PM2.5),128,130,88,97,67,7,7,23,17,50,31,2,3,1.0,0.8
2025-12-23T2200,3703A,114.2917,36.0949,安阳市,安钢职工学校,细颗粒物(PM2.5),150,161,86,115,71,2,2,14,10,54,39,5,4,1.3,0.7
2025-12-23T2200,1748A,123.044,41.1196,鞍山市,深沟寺,颗粒物(PM10),56,61,38,16,21,42,42,57,38,17,18,8,7,0.6,0.8
2025-12-23T2200,1749A,123.011,41.0931,鞍山市,太阳城,,46,46,32,14,22,51,51,54,42,14,19,9,9,0.6,0.9
2025-12-23T2200,1750A,123.0485,41.1442,鞍山市,太平,颗粒物(PM10),53,55,50,26,35,44,44,37,37,17,20,10,8,0.5,0.8
2025-12-23T2200,1751A,122.9642,41.0971,鞍山市,铁西三道街,颗粒物(PM10),53,55,47,13,26,28,28,44,29,36,27,30,17,1.8,0.9
2025-12-23T2200,1753A,123.022,41.0821,鞍山市,明达新区,,45,45,32,13,21,48,48,56,42,16,18,11,11,0.2,0.4
2025-12-23T2200,4201A,122.9446,41.0826,鞍山市,兴盛南路290号,颗粒物(PM10),53,55,48,16,28,36,36,48,33,34,29,30,12,1.9,0.9
2025-12-23T2200,2195A,107.4212,40.761,巴彦淖尔市,附二中,颗粒物(PM10),55,60,214,25,43,42,42,60,57,21,11,4,5,0.4,0.4
2025-12-23T2200,2196A,107.37,40.7372,巴彦淖尔市,市环保大楼,颗粒物(PM10),68,85,201,32,39,36,36,64,57,22,10,4,4,0.4,0.4
2025-12-23T2200,1956A,86.1472,41.7538,巴音郭楞蒙古自治州,孔雀公园,颗粒物(PM10),63,76,123,37,36,20,20,55,53,56,40,9,9,0.9,0.7
2025-12-23T2200,1957A,86.1972,41.7166,巴音郭楞蒙古自治州,棉纺厂,颗粒物(PM10),62,73,97,16,23,30,30,58,56,44,31,6,7,0.7,0.7
2025-12-23T2200,1958A,86.2357,41.7173,巴音郭楞蒙古自治州,经济开发区,颗粒物(PM10),63,76,67,24,18,11,11,52,46,54,23,5,6,0.7,0.6
2025-12-23T2200,3181A,106.7768,31.8526,巴中市,市五中,颗粒物(PM10),77,103,56,48,26,3,3,25,23,27,24,5,5,1.0,1.1
2025-12-23T2200,3183A,106.7418,31.8654,巴中市,圣泉水务公司,细颗粒物(PM2.5),83,106,49,61,28,2,2,22,18,37,30,5,5,1.0,0.7
2025-12-23T2200,3616A,106.7616,31.8344,巴中市,市中心医院,细颗粒物(PM2.5),60,68,38,43,27,1,1,19,18,34,21,6,6,1.0,1
2025-12-23T2200,2235A,122.7911,45.6077,白城市,洮北区环保局,,25,18,91,17,62,56,56,51,51,7,23,5,7,0.2,0.7
2025-12-23T2200,2236A,122.8738,45.5725,白城市,市环保局,,22,22,70,14,48,50,50,46,45,11,23,5,5,0.4,0.6
2025-12-23T2200,2231A,126.4219,41.9171,白山市,喜丰,颗粒物(PM10),53,56,48,24,22,57,57,55,55,9,28,9,13,0.7,0.9
2025-12-23T2200,2232A,126.4077,41.9419,白山市,环保局,,38,38,34,26,24,55,55,57,57,10,24,10,11,0.8,1.1
2025-12-23T2200,2647A,104.1724,36.5446,白银市,第三小学,颗粒物(PM10),57,63,38,21,16,47,47,64,55,23,21,11,12,0.9,0.9
2025-12-23T2200,2648A,104.1465,36.5482,白银市,动力公司,颗粒物(PM10),54,57,37,22,17,53,53,66,55,17,18,7,7,0.8,0.7
2025-12-23T2200,2512A,106.6103,23.9011,百色市,市监测站,,8,8,57,3,37,13,13,32,25,16,24,6,12,0.5,0.7
2025-12-23T2200,2513A,106.6538,23.8859,百色市,市中心血站,,9,8,55,3,38,20,20,48,34,17,24,6,12,0.7,0.9
2025-12-23T2200,3406A,106.6085,23.8798,百色市,祈福高中,,10,10,67,3,40,16,16,28,24,17,32,5,9,0.6,0.8
2025-12-23T2200,2270A,117.396,32.939,蚌埠市,工人疗养院,细颗粒物(PM2.5),85,73,53,63,38,13,13,19,18,27,30,4,4,0.5,0.5
2025-12-23T2200,2271A,117.3605,32.9427,蚌埠市,百货大楼,细颗粒物(PM2.5),83,62,46,61,37,15,15,18,16,23,34,3,5,0.4,0.5
2025-12-23T2200,2273A,117.4185,32.8911,蚌埠市,蚌埠学院,细颗粒物(PM2.5),73,,41,53,36,16,16,22,21,26,29,3,4,0.5,0.5
2025-12-23T2200,2274A,117.3533,32.9673,蚌埠市,淮上区政府,细颗粒物(PM2.5),88,68,48,65,41,12,12,21,18,26,29,1,1,0.5,0.5
2025-12-23T2200,2275A,117.3145,32.8977,蚌埠市,高新区,细颗粒物(PM2.5),80,61,44,59,40,11,11,18,14,29,30,6,7,0.6,0.5
2025-12-23T2200,3715A,117.3092,32.9314,蚌埠市,蚌埠田家炳中学,,,77,59,64,45,8,8,13,10,,36,5,4,0.6,0.5
2025-12-23T2200,1585A,109.8756,40.6532,包头市,市环境监测站,颗粒物(PM10),92,133,104,27,15,1,1,57,32,64,26,7,8,1.2,0.8
2025-12-23T2200,1587A,109.9991,40.5842,包头市,包头八中,颗粒物(PM10),99,147,97,51,25,4,4,59,32,60,22,10,8,1.4,0.6
2025-12-23T2200,1588A,109.8538,40.6821,包头市,青山宾馆,颗粒物(PM10),70,90,82,41,26,4,4,57,30,63,28,8,11,1.0,0.8
2025-12-23T2200,1589A,109.8642,40.6288,包头市,惠龙物流,颗粒物(PM10),94,137,96,40,20,1,1,63,33,66,25,13,14,1.3,0.8
2025-12-23T2200,1590A,110.0377,40.5546,包头市,东河鸿龙湾,颗粒物(PM10),121,191,98,90,21,11,11,64,44,64,16,13,8,2.9,0.9
2025-12-23T2200,3283A,109.9154,40.5685,包头市,滨河大厦,颗粒物(PM10),96,141,97,39,22,3,3,59,36,59,21,8,8,1.5,0.7
2025-12-23T2200,3419A,109.9447,40.6261,包头市,包头市委党校,颗粒物(PM10),82,114,83,23,19,2,2,57,34,63,22,12,11,1.1,0.6
2025-12-23T2200,3683A,109.8331,40.6576,包头市,昆区政府,颗粒物(PM10),67,83,92,26,20,5,5,61,33,66,28,6,10,1.1,0.8
2025-12-23T2200,1931A,107.0708,34.3017,宝鸡市,竹园沟,颗粒物(PM10),67,84,87,25,37,32,32,66,52,16,14,6,6,0.3,0.4
2025-12-23T2200,1932A,107.1906,34.3672,宝鸡市,三陆医院,颗粒物(PM10),121,192,122,70,67,6,6,57,42,53,31,5,5,0.6,0.7
2025-12-23T2200,1933A,107.1431,34.3547,宝鸡市,监测站,颗粒物(PM10),80,110,104,44,61,13,13,52,42,39,27,4,4,0.5,0.4
2025-12-23T2200,1934A,107.1186,34.3739,宝鸡市,技工学校,颗粒物(PM10),89,128,109,53,60,22,22,53,39,30,21,4,4,0.5,0.7
2025-12-23T2200,1936A,107.2058,34.3497,宝鸡市,文理学院,颗粒物(PM10),90,129,104,32,53,21,21,59,43,42,29,4,4,0.3,0.5
2025-12-23T2200,1937A,107.2386,34.3622,宝鸡市,三迪小学,颗粒物(PM10),105,159,119,64,63,4,4,54,41,64,34,4,5,0.7,0.7
2025-12-23T2200,4308A,107.3898,34.3601,宝鸡市,陈仓区北开路21号,颗粒物(PM10),119,187,130,81,62,29,29,61,48,32,28,6,12,0.6,0.8
2025-12-23T2200,1051A,115.493,38.8632,保定市,游泳馆,,44,44,92,20,67,34,34,36,34,34,54,3,7,0.3,0.6
2025-12-23T2200,1052A,115.5213,38.8959,保定市,华电二区,细颗粒物(PM2.5),55,51,89,39,73,22,22,31,30,35,47,2,3,0.5,0.8
2025-12-23T2200,1053A,115.4713,38.9108,保定市,接待中心,细颗粒物(PM2.5),75,83,101,55,71,6,6,36,27,64,58,3,3,0.6,0.5
2025-12-23T2200,1054A,115.4612,38.8416,保定市,地表水厂,细颗粒物(PM2.5),79,105,109,58,69,6,6,43,36,70,55,2,4,0.7,0.6
2025-12-23T2200,3582A,115.47694,38.76408,保定市,清苑区第二中学,颗粒物(PM10),56,61,125,29,71,23,23,35,31,43,52,2,5,0.5,0.8
2025-12-23T2200,3583A,115.62909,39.02311,保定市,徐水物探局,颗粒物(PM10),69,87,120,41,71,1,1,33,21,72,59,6,8,0.7,0.8
2025-12-23T2200,4004A,115.4202,38.8656,保定市,双鹰农机,颗粒物(PM10),75,99,120,54,64,19,19,42,36,53,56,4,6,0.5,0.7
2025-12-23T2200,4034A,115.5150,38.8590,保定市,植保所站,细颗粒物(PM2.5),54,55,96,38,68,23,23,31,28,50,63,3,3,0.5,0.7
2025-12-23T2200,2594A,99.1678,25.1081,保山市,市环境监测站,,35,30,25,24,18,66,66,75,73,8,11,3,5,0.3,0.5
2025-12-23T2200,2595A,99.1711,25.1328,保山市,市环保局,,35,,26,24,20,63,63,77,75,3,6,4,4,0.4,0.5
2025-12-23T2200,1866A,109.2262,21.588,北海市,牛尾岭水库,,37,37,32,25,18,54,54,83,74,17,11,7,6,0.7,0.5
2025-12-23T2200,1867A,109.1436,21.4086,北海市,海滩公园,颗粒物(PM10),51,52,38,20,16,86,86,98,95,10,9,8,7,0.7,0.7
2025-12-23T2200,1868A,109.0981,21.4661,北海市,新市环保局,,46,46,36,22,19,83,83,93,90,12,10,5,5,0.5,0.5
2025-12-23T2200,1869A,109.1778,21.5233,北海市,北海工业园,颗粒物(PM10),55,59,41,24,19,69,69,87,80,14,10,6,6,0.9,0.6
2025-12-23T2200,3400A,109.1911,21.4415,北海市,龙潭自来水厂,,,42,35,28,20,,,92,87,8,6,6,6,0.5,0.9
2025-12-23T2200,1001A,116.3621,39.8784,北京市,万寿西宫,,16,12,55,6,32,51,51,69,60,15,38,3,3,0.4,0.7
2025-12-23T2200,1003A,116.4174,39.9289,北京市,东四,,15,15,52,8,32,42,42,62,55,20,32,2,3,0.4,0.7
2025-12-23T2200,1004A,116.4072,39.8863,北京市,天坛,,12,11,50,7,34,38,38,65,57,17,32,2,2,0.3,0.6
2025-12-23T2200,1005A,116.462,39.9365,北京市,农展馆,,16,11,52,3,30,49,49,69,61,17,29,4,4,0.4,0.7
2025-12-23T2200,1006A,116.3392,39.9295,北京市,官园,,15,15,49,8,30,40,40,64,54,24,36,3,4,0.5,0.7
2025-12-23T2200,1007A,116.2878,39.9611,北京市,海淀万柳,,22,16,44,9,28,21,21,58,44,44,40,3,3,0.3,0.5
2025-12-23T2200,1008A,116.6636,40.135,北京市,顺义新城,,15,10,64,3,39,47,47,55,48,10,31,3,5,0.2,0.7
2025-12-23T2200,1009A,116.6275,40.3275,北京市,怀柔镇,,16,15,56,10,41,25,25,64,48,31,36,6,6,0.5,0.8
2025-12-23T2200,1010A,116.2296,40.217,北京市,昌平镇,,13,12,47,6,29,39,39,63,54,26,35,4,5,0.3,0.5
2025-12-23T2200,1011A,116.3966,39.9821,北京市,奥体中心,,15,12,48,6,29,45,45,66,58,25,42,4,4,0.6,0.8
2025-12-23T2200,3281A,115.9718,40.4529,北京市,延庆夏都,,24,24,52,14,35,20,20,62,42,35,36,2,3,0.8,0.8
2025-12-23T2200,3418A,116.8336,40.4095,北京市,密云新城,,20,6,67,3,43,62,62,66,65,9,33,3,3,0.3,0.7
2025-12-23T2200,3671A,116.088,39.9726,北京市,门头沟三家店,,22,22,44,11,26,15,15,64,47,39,29,4,5,0.4,0.5
2025-12-23T2200,3672A,116.1541,39.8204,北京市,丰台云岗,,13,12,48,3,26,39,39,69,59,23,31,2,3,0.3,0.4
2025-12-23T2200,3673A,116.6804,39.9081,北京市,通州东关,,14,14,63,6,39,42,42,61,51,20,37,3,4,0.2,0.6
2025-12-23T2200,3674A,115.9577,39.7603,北京市,房山燕山,,15,9,51,3,31,46,46,64,60,16,36,3,3,0.3,0.5
2025-12-23T2200,3675A,116.4672,39.7733,北京市,大兴旧宫,,14,13,59,6,32,42,42,69,60,24,33,4,5,0.5,0.7
2025-12-23T2200,3694A,115.986,40.4563,北京市,延庆石河营,,29,29,51,18,36,6,6,57,35,43,36,3,2,0.7,0.7
2025-12-23T2200,3695A,116.6151,40.3053,北京市,怀柔新城,,13,11,56,7,41,40,40,68,59,19,30,4,4,0.4,0.6
2025-12-23T2200,3696A,116.2545,39.8768,北京市,丰台小屯,,19,19,50,9,28,28,28,58,48,33,38,3,3,0.4,0.6
2025-12-23T2200,3697A,116.84,40.3844,北京市,密云镇,,19,6,67,3,46,58,58,66,63,10,34,2,3,0.3,0.7
2025-12-23T2200,4182A,116.1942,39.9158,北京市,八角北路9号,,16,16,47,6,25,36,36,58,51,23,30,2,3,0.3,0.4
2025-12-23T2200,4194A,117.0790,40.1518,北京市,洳河巡河路,,17,8,71,6,55,52,52,57,56,5,28,1,2,0.3,0.6
2025-12-23T2200,1761A,123.8275,41.3064,本溪市,大峪,,38,38,37,13,22,45,45,56,32,10,20,8,10,0.9,1.1
2025-12-23T2200,1762A,123.7567,41.3325,本溪市,溪湖,,47,47,47,14,29,55,55,43,43,10,23,8,13,0.6,1.8
2025-12-23T2200,1763A,123.7169,41.3094,本溪市,彩屯,颗粒物(PM10),60,70,45,36,28,23,23,40,39,38,28,8,11,1.0,1.8
2025-12-23T2200,1764A,123.7669,41.2864,本溪市,东明,颗粒物(PM10),59,67,39,17,25,42,42,52,35,18,18,8,8,0.8,0.7
2025-12-23T2200,1765A,123.7992,41.2664,本溪市,新立屯,颗粒物(PM10),60,70,36,16,23,20,20,47,29,30,15,7,7,0.8,0.7
2025-12-23T2200,1766A,123.8142,41.3472,本溪市,威宁,颗粒物(PM10),59,67,43,18,24,21,21,52,31,26,12,5,7,1.0,1.1
2025-12-23T2200,2587A,105.2864,27.3125,毕节市,八中,细颗粒物(PM2.5),62,56,24,44,16,28,28,45,34,12,8,10,8,0.8,0.6
2025-12-23T2200,2588A,105.31,27.2944,毕节市,师专,细颗粒物(PM2.5),55,47,21,39,15,29,29,46,33,15,12,10,8,0.7,0.6
2025-12-23T2200,4263A,105.3688,27.3598,毕节市,工业大道,,49,40,19,34,16,22,22,45,34,12,8,10,9,1.0,0.8
2025-12-23T2200,1629A,118.0018,37.3617,滨州市,第二水厂,细颗粒物(PM2.5),104,110,69,78,53,0,0,23,12,54,39,9,9,1.1,0.7
2025-12-23T2200,1630A,117.9776,37.393,滨州市,北中新校,细颗粒物(PM2.5),100,102,68,75,51,0,0,21,12,53,41,5,6,0.7,0.5
2025-12-23T2200,3514A,117.9378,37.3956,滨州市,中海酒店,细颗粒物(PM2.5),117,102,63,88,59,11,11,27,20,50,39,7,7,1.3,0.9
2025-12-23T2200,3515A,117.9378,37.3553,滨州市,开发区一中,细颗粒物(PM2.5),117,117,73,88,57,2,2,24,12,48,37,11,10,0.9,0.8
2025-12-23T2200,3516A,118.0917,37.694,滨州市,金海六路,,37,37,59,12,42,26,26,22,18,41,42,6,11,0.5,0.6
2025-12-23T2200,4028A,117.9956,37.3753,滨州市,滨州市西街道办事处,细颗粒物(PM2.5),113,110,65,85,58,0,0,23,12,49,37,6,7,0.8,0.5
2025-12-23T2200,2311A,115.8072,33.8399,亳州市,污水处理厂,细颗粒物(PM2.5),105,92,55,79,49,8,8,15,12,40,31,4,3,0.7,0.5
2025-12-23T2200,2312A,115.7789,33.8518,亳州市,三国揽胜宫,细颗粒物(PM2.5),103,112,68,77,45,9,9,14,12,38,31,4,4,0.7,0.5
2025-12-23T2200,3332A,115.7633,33.8034,亳州市,亳州学院,细颗粒物(PM2.5),114,103,64,86,58,13,13,16,15,30,26,2,2,0.8,0.5
2025-12-23T2200,2693A,82.0485,44.8556,博尔塔拉蒙古自治州,市党校,细颗粒物(PM2.5),74,82,69,54,37,35,35,46,35,15,17,2,3,0.8,0.8
2025-12-23T2200,2694A,82.0806,44.8969,博尔塔拉蒙古自治州,市环保局,颗粒物(PM10),63,76,72,30,34,36,36,44,38,12,13,5,5,0.6,0.6
2025-12-23T2200,1071A,116.8842,38.2991,沧州市,沧县城建局,,36,36,66,18,49,38,38,41,41,27,38,2,5,0.2,0.8
2025-12-23T2200,1072A,116.8584,38.3254,沧州市,电视转播站,颗粒物(PM10),53,55,64,22,44,17,17,32,31,40,36,2,3,0.7,0.8
2025-12-23T2200,1073A,116.8709,38.3228,沧州市,市环保局,,43,43,62,30,53,26,26,31,31,27,31,1,3,0.2,0.4
2025-12-23T2200,3324A,116.8136,38.3004,沧州市,河北水利电力学院,,31,31,62,17,43,35,35,37,37,29,38,7,9,0.1,0.5
2025-12-23T2200,2622A,97.1806,31.1273,昌都市,昌都监测站,细颗粒物(PM2.5),93,130,60,69,23,4,4,71,52,70,29,10,5,2.9,1.1
2025-12-23T2200,3719A,97.1714,31.1406,昌都市,昌都会议中心,细颗粒物(PM2.5),57,50,21,40,12,23,23,70,61,39,10,3,2,1.3,0.5
2025-12-23T2200,2692A,87.2717,44.0297,昌吉回族自治州,新区政务中心,细颗粒物(PM2.5),67,71,69,48,46,2,2,44,34,63,34,5,5,1.3,0.9
2025-12-23T2200,3613A,87.3095,44.0142,昌吉回族自治州,亚心广场,细颗粒物(PM2.5),79,83,70,58,52,10,10,45,39,51,26,6,6,1.0,0.8
2025-12-23T2200,1120A,125.2863,43.9027,长春市,客车厂,细颗粒物(PM2.5),119,,49,90,47,11,11,46,28,62,26,10,9,1.0,0.6
2025-12-23T2200,1121A,125.2841,43.8463,长春市,邮电学院,细颗粒物(PM2.5),120,96,55,91,44,4,4,43,20,41,21,7,9,0.9,0.6
2025-12-23T2200,1122A,125.3716,43.8772,长春市,劳动公园,细颗粒物(PM2.5),115,90,52,87,40,4,4,53,25,59,22,8,8,0.8,0.3
2025-12-23T2200,1123A,125.3297,43.8805,长春市,园林处,细颗粒物(PM2.5),102,78,44,76,36,9,9,46,25,57,22,8,7,0.7,0.3
2025-12-23T2200,1124A,125.4605,43.79,长春市,净月潭,细颗粒物(PM2.5),82,83,44,60,29,27,27,51,28,22,15,5,7,0.7,0.5
2025-12-23T2200,1125A,125.7194,43.515,长春市,甩湾子,细颗粒物(PM2.5),90,,37,67,31,35,35,53,42,15,10,4,5,1.2,0.8
2025-12-23T2200,1126A,125.3863,43.8447,长春市,经开区环卫处,细颗粒物(PM2.5),110,83,45,83,35,6,6,46,22,61,26,5,7,1.0,0.7
2025-12-23T2200,1127A,125.245,43.7783,长春市,高新区管委会,细颗粒物(PM2.5),152,,52,116,45,5,5,47,23,58,22,5,6,1.0,0.5
2025-12-23T2200,1128A,125.1761,43.8325,长春市,岱山公园,细颗粒物(PM2.5),117,,53,88,43,4,4,37,20,61,28,7,7,0.8,0.5
2025-12-23T2200,4281A,125.3346,43.9164,长春市,北亚泰大街1068号,细颗粒物(PM2.5),109,82,47,82,40,4,4,43,19,62,27,10,8,0.9,0.6
2025-12-23T2200,1335A,113.0833,28.2325,长沙市,经开区环保局,细颗粒物(PM2.5),63,,40,45,52,21,21,16,14,23,31,3,4,0.7,0.7
2025-12-23T2200,1336A,112.8872,28.2189,长沙市,高开区环保局,细颗粒物(PM2.5),64,,44,46,45,27,27,20,20,12,19,4,5,0.7,0.8
2025-12-23T2200,1337A,113.0792,28.2053,长沙市,马坡岭,,43,32,40,30,30,19,19,16,14,18,23,5,5,0.7,0.8
2025-12-23T2200,1338A,112.9394,28.19,长沙市,湖南师范大学,,46,46,43,31,30,31,31,24,23,17,22,3,4,0.6,0.6
2025-12-23T2200,1339A,113.0178,28.1322,长沙市,雨花区环保局,细颗粒物(PM2.5),55,,39,39,27,22,22,18,17,20,18,7,7,0.6,0.7
2025-12-23T2200,1340A,112.9792,28.2597,长沙市,伍家岭,,46,42,45,32,33,23,23,19,18,19,25,5,5,0.8,0.8
2025-12-23T2200,1341A,113.0014,28.1944,长沙市,火车新站,细颗粒物(PM2.5),52,42,44,36,37,27,27,20,19,22,26,7,8,0.7,0.7
2025-12-23T2200,1342A,112.9844,28.1178,长沙市,天心区环保局,细颗粒物(PM2.5),62,,43,44,40,32,32,23,22,25,25,6,7,0.4,0.4
2025-12-23T2200,1343A,112.8908,28.1308,长沙市,湖南中医药大学,,,39,44,36,35,28,28,21,20,17,22,5,5,,0.9
2025-12-23T2200,1727A,113.1147,36.1547,长治市,清华站,,,,77,,43,2,2,57,38,54,27,12,10,0.8,0.7
2025-12-23T2200,1730A,113.0886,36.2125,长治市,审计局,颗粒物(PM10),93,135,81,46,45,3,3,53,38,65,32,29,10,0.5,0.6
2025-12-23T2200,1731A,113.0844,36.1856,长治市,长治八中,颗粒物(PM10),107,163,100,49,52,9,9,51,32,46,23,19,9,0.7,0.8
2025-12-23T2200,2845A,113.1569,36.1911,长治市,德盛苑,颗粒物(PM10),88,125,85,41,48,30,30,57,51,27,17,13,10,0.8,0.8
2025-12-23T2200,3568A,113.06,36.0464,长治市,向阳小学,颗粒物(PM10),97,144,117,51,52,22,22,55,40,42,30,22,10,0.7,0.7
2025-12-23T2200,3569A,112.8792,36.3144,长治市,屯留一中,颗粒物(PM10),117,184,110,46,54,5,5,54,37,55,27,22,13,0.5,0.7
2025-12-23T2200,4189A,113.1131,36.19948,长治市,英华南巷50号,颗粒物(PM10),95,140,92,41,50,5,5,55,39,46,16,15,8,1.2,0.9
2025-12-23T2200,4190A,113.2367,36.3344,长治市,学府街1号,颗粒物(PM10),89,127,90,36,45,8,8,46,30,48,25,10,9,0.8,0.8
2025-12-23T2200,1854A,111.6975,28.9703,常德市,市二中,,42,40,48,29,32,19,19,26,23,19,19,4,4,0.8,0.7
2025-12-23T2200,3138A,111.7153,29.0289,常德市,武陵区永安,,,,43,,28,14,14,27,23,16,17,2,3,0.9,0.7
2025-12-23T2200,3139A,111.6892,28.9881,常德市,鼎城区玉霞,,46,36,44,32,36,15,15,26,22,22,21,6,6,0.8,0.7
2025-12-23T2200,3140A,111.6625,29.0531,常德市,武陵区长庚,,34,34,41,21,25,12,12,22,16,20,19,4,4,0.8,0.7
2025-12-23T2200,1196A,119.9633,31.762,常州市,市监测站,,34,34,54,19,27,7,7,35,14,34,35,5,7,0.5,0.5
2025-12-23T2200,1200A,119.9468,31.7069,常州市,武进监测站,,36,36,50,22,25,3,3,38,12,35,29,7,11,0.5,0.5
2025-12-23T2200,1201A,119.9255,31.9087,常州市,安家,颗粒物(PM10),61,71,56,12,23,2,2,35,9,37,34,9,11,0.7,0.7
2025-12-23T2200,3002A,119.9805,31.8174,常州市,行政中心,,32,26,44,22,25,5,5,40,10,34,32,5,6,0.5,0.5
2025-12-23T2200,3003A,120.0522,31.7748,常州市,经开区,,38,38,59,18,23,4,4,38,11,33,31,3,7,0.8,0.8
2025-12-23T2200,3010A,119.9025,31.7964,常州市,钟楼,,43,43,56,19,25,7,7,39,12,32,31,5,7,0.3,0.5
2025-12-23T2200,3429A,119.8598,31.7066,常州市,武进经发区,,38,26,47,26,31,6,6,37,13,31,30,5,7,0.7,0.6
2025-12-23T2200,3430A,119.5826,31.7245,常州市,金坛城区,,32,29,48,22,30,10,10,26,14,22,28,5,7,0.6,0.8
2025-12-23T2200,2220A,120.4318,41.5881,朝阳市,西梁,,26,26,60,15,30,48,48,60,58,16,23,9,10,0.6,0.8
2025-12-23T2200,2221A,120.4521,41.5646,朝阳市,河畔小区,,17,16,54,7,31,54,54,62,59,14,22,6,9,0.3,0.6
2025-12-23T2200,2222A,120.4176,41.5648,朝阳市,八里堡,,25,25,63,14,33,52,52,60,57,13,24,8,9,0.3,0.7
2025-12-23T2200,2223A,120.3806,41.5969,朝阳市,农业园区,,26,26,46,15,35,41,41,62,54,22,21,7,9,0.4,0.7
2025-12-23T2200,3026A,116.6183,23.6608,潮州市,市政府,,44,44,51,29,27,72,72,101,92,17,16,8,8,0.8,0.8
2025-12-23T2200,4036A,116.6461,23.6761,潮州市,金山,细颗粒物(PM2.5),59,50,44,42,27,67,67,99,92,24,15,6,4,0.5,0.7
2025-12-23T2200,2473A,113.0116,25.8226,郴州市,市职中,,23,,64,16,57,6,6,28,13,17,23,3,7,0.7,1
2025-12-23T2200,2475A,113.0383,25.8071,郴州市,市审计局,,20,20,78,14,62,11,11,35,19,15,22,2,7,0.9,1.1
2025-12-23T2200,2476A,113.0348,25.7759,郴州市,市环保局,颗粒物(PM10),51,51,90,10,65,7,7,34,19,20,29,2,17,0.5,0.9
2025-12-23T2200,4252A,113.0138,25.8011,郴州市,好美居路49号,,12,,64,8,62,12,12,34,19,20,28,2,9,0.5,0.7
2025-12-23T2200,1431A,103.9728,30.7236,成都市,金泉两河,颗粒物(PM10),57,64,68,10,33,50,50,59,58,26,29,2,3,0.3,0.6
2025-12-23T2200,1432A,104.176,30.6872,成都市,十里店,颗粒物(PM10),61,71,65,26,37,53,53,66,64,22,28,3,4,0.4,0.6
2025-12-23T2200,1433A,104.079,30.5706,成都市,三瓦窑,,,,69,,34,46,46,67,62,19,28,,4,0.4,1
2025-12-23T2200,1434A,104.1114,30.63,成都市,沙河铺,颗粒物(PM10),60,69,70,28,47,39,39,59,55,33,34,3,4,0.3,0.5
2025-12-23T2200,1437A,104.0786,30.6531,成都市,君平街,颗粒物(PM10),55,60,76,34,45,46,46,63,60,26,28,4,5,0.4,0.8
2025-12-23T2200,2880A,104.0239,30.65639,成都市,大石西路,颗粒物(PM10),62,74,69,26,41,42,42,61,59,32,32,5,6,0.4,0.6
2025-12-23T2200,3136A,104.2725,30.5589,成都市,龙泉驿区区政府,颗粒物(PM10),57,63,53,17,27,47,47,52,52,11,18,6,6,0.2,0.3
2025-12-23T2200,3357A,104.0106,30.6931,成都市,金博路,颗粒物(PM10),51,52,55,25,30,51,51,63,61,27,30,4,5,0.2,0.4
2025-12-23T2200,3359A,104.0578,30.5225,成都市,华阳,颗粒物(PM10),57,63,65,22,37,53,53,66,62,22,27,3,4,0.3,0.5
2025-12-23T2200,3488A,104.3880,30.7467,成都市,青石路225号,颗粒物(PM10),61,72,63,41,37,53,53,70,67,16,24,4,4,0.1,0.3
2025-12-23T2200,3489A,104.0789,30.4072,成都市,科学城,颗粒物(PM10),51,51,57,22,37,50,50,67,64,16,22,6,6,0.4,0.6
2025-12-23T2200,4011A,103.8506,30.6947,成都市,光华大道三段,颗粒物(PM10),59,68,67,31,42,44,44,68,63,31,27,3,4,0.4,0.6
2025-12-23T2200,4224A,104.2433,30.5353,成都市,鲸龙路1057号,,49,49,52,16,33,51,51,60,59,19,24,6,6,0.4,0.6
2025-12-23T2200,1062A,117.9531,40.9081,承德市,铁路,,38,31,63,26,40,3,3,63,38,51,32,4,5,0.7,0.9
2025-12-23T2200,1063A,117.9392,40.9763,承德市,中国银行,,32,22,62,22,39,20,20,64,40,22,30,1,3,0.5,0.7
2025-12-23T2200,1064A,117.9503,40.928,承德市,开发区,,43,39,68,30,39,11,11,69,50,45,29,4,6,0.6,0.7
2025-12-23T2200,4274A,117.7994,40.9605,承德市,滨河大街98号,,33,,47,23,41,25,25,61,49,22,28,3,4,0.3,0.6
2025-12-23T2200,2314A,117.47,30.6618,池州市,池州学院,,29,24,35,20,25,23,23,25,24,18,31,2,3,0.5,0.4
2025-12-23T2200,3237A,117.4918,30.6617,池州市,展览馆,,36,28,41,25,29,22,22,23,22,21,33,1,2,0.6,0.6
2025-12-23T2200,3333A,117.5627,30.695,池州市,第八中学,,29,28,41,20,26,17,17,16,16,26,39,2,4,0.9,0.9
2025-12-23T2200,3334A,117.5038,30.6243,池州市,第十二中学,,25,24,39,17,26,23,23,17,17,21,33,2,2,0.9,0.9
2025-12-23T2200,1744A,118.9233,42.2816,赤峰市,松山一中,,45,,70,31,30,25,25,59,52,37,18,6,5,0.8,0.6
2025-12-23T2200,1745A,118.9576,42.2728,赤峰市,哈达街,,22,21,24,15,17,39,39,,,18,15,6,6,0.4,0.3
2025-12-23T2200,1746A,118.8788,42.2554,赤峰市,天义路,,24,24,48,16,34,42,42,63,53,22,20,14,6,0.6,0.6
2025-12-23T2200,3058A,119.2658,42.0353,赤峰市,银河街,,43,43,75,19,37,39,39,64,54,20,22,10,12,0.8,0.9
2025-12-23T2200,3286A,118.9359,42.3147,赤峰市,桥北物流园区,,32,,55,22,35,39,39,62,56,19,13,4,4,0.6,0.7
2025-12-23T2200,2521A,107.3476,22.4136,崇左市,市环保局江州分局,,32,32,48,22,25,32,32,69,53,15,16,5,6,0.6,0.6
2025-12-23T2200,4256A,107.3750,22.3736,崇左市,石景林东路7号,,36,27,35,25,25,20,20,68,51,34,15,7,8,0.8,0.7
2025-12-23T2200,2298A,118.3093,32.3153,滁州市,老年大学,细颗粒物(PM2.5),58,46,43,41,31,12,12,17,13,21,26,17,17,0.5,0.5
2025-12-23T2200,2299A,118.3244,32.2786,滁州市,人大宾馆,细颗粒物(PM2.5),64,,38,46,31,14,14,16,15,24,27,5,5,0.6,0.5
2025-12-23T2200,3207A,118.3118,32.3038,滁州市,市政府原办公楼,,48,42,44,33,29,12,12,31,28,23,30,4,5,0.3,0.3
2025-12-23T2200,3331A,118.3267,32.2634,滁州市,图书馆,细颗粒物(PM2.5),58,,31,41,26,15,15,18,16,21,26,7,7,0.5,0.4
2025-12-23T2200,2605A,101.5482,25.0441,楚雄彝族自治州,州环境监测站,,28,21,27,19,20,40,40,49,48,8,16,7,11,0.6,0.6
2025-12-23T2200,2606A,101.538,25.0492,楚雄彝族自治州,市经济开发区,,42,33,31,29,25,45,45,49,,11,18,6,10,0.6,0.6
2025-12-23T2200,2549A,107.5086,31.2186,达州市,市环境监测站,细颗粒物(PM2.5),62,60,29,44,15,2,2,20,6,34,29,9,11,0.6,0.4
2025-12-23T2200,2550A,107.4988,31.2132,达州市,凤凰小区,细颗粒物(PM2.5),64,68,30,46,17,3,3,22,11,33,25,9,11,0.6,0.4
2025-12-23T2200,2551A,107.5082,31.1986,达州市,达县机关宾馆,细颗粒物(PM2.5),64,70,29,46,19,3,3,14,5,34,29,7,8,0.7,0.6
2025-12-23T2200,2552A,107.4644,31.2124,达州市,市政中心,颗粒物(PM10),58,65,38,34,13,4,4,19,11,38,25,9,10,0.9,0.6
2025-12-23T2200,2614A,100.1542,25.7054,大理白族自治州,大理市环境监测站,,28,23,23,19,18,68,68,64,64,6,8,6,6,0.6,0.6
2025-12-23T2200,2615A,100.2171,25.5811,大理白族自治州,大理古城,,32,32,25,21,21,86,86,64,61,21,13,8,8,0.9,0.8
2025-12-23T2200,1109A,121.612,38.9741,大连市,甘井子,,45,45,31,9,26,52,52,56,34,18,27,8,7,0,0.1
2025-12-23T2200,1110A,121.565,38.9511,大连市,周水子,,40,40,37,11,24,43,43,52,28,24,26,10,9,0.3,0.4
2025-12-23T2200,1111A,121.5637,38.8845,大连市,星海三站,,34,34,28,12,27,48,48,58,30,17,19,7,5,0.4,0.3
2025-12-23T2200,1112A,121.6302,38.9117,大连市,青泥洼桥,,30,30,33,9,24,49,49,55,29,17,24,7,7,0.5,0.7
2025-12-23T2200,1113A,121.6251,38.8638,大连市,傅家庄,,34,34,30,9,22,44,44,54,30,16,18,9,9,0.3,0.4
2025-12-23T2200,1114A,121.5213,38.8661,大连市,七贤岭,,39,39,31,8,22,54,54,59,40,13,20,9,11,0.4,0.4
2025-12-23T2200,1115A,121.2529,38.8061,大连市,旅顺,,24,24,39,7,31,56,56,51,35,7,16,6,6,0.2,0.4
2025-12-23T2200,1116A,121.7485,39.1311,大连市,金州,,28,28,37,12,27,46,46,53,33,16,20,9,8,0.3,0.4
2025-12-23T2200,1117A,121.7811,39.0496,大连市,开发区,,38,38,31,9,25,51,51,50,33,11,20,7,6,0.4,0.5
2025-12-23T2200,1118A,121.9762,39.0631,大连市,双D港,颗粒物(PM10),67,84,38,16,23,49,49,60,35,16,19,11,10,0.4,0.4
2025-12-23T2200,1789A,124.81117,46.03138,大庆市,大同区,细颗粒物(PM2.5),69,84,86,50,61,34,34,42,36,22,23,7,7,1.1,1.2
2025-12-23T2200,1790A,125.129,46.533,大庆市,龙凤区,,46,41,81,32,46,25,25,33,31,22,19,6,7,0.6,0.6
2025-12-23T2200,1791A,124.902,46.408,大庆市,红岗区,,47,47,87,26,46,30,30,37,36,26,28,8,9,0.7,0.9
2025-12-23T2200,1792A,125.153,46.586,大庆市,萨尔图区,细颗粒物(PM2.5),93,97,87,69,53,30,30,40,29,31,19,10,8,0.7,0.8
2025-12-23T2200,1793A,124.9042,46.6215,大庆市,让胡路区,细颗粒物(PM2.5),62,49,77,44,53,25,25,38,34,30,25,6,7,0.5,0.7
2025-12-23T2200,3481A,125.141,46.634,大庆市,萨区政府监测点,颗粒物(PM10),54,57,97,29,47,26,26,36,32,31,25,8,9,0.7,0.8
2025-12-23T2200,1721A,113.3819,40.1097,大同市,果树场,颗粒物(PM10),66,81,60,47,33,11,11,68,36,50,30,9,12,1.1,0.8
2025-12-23T2200,1723A,113.2994,40.0758,大同市,云冈宾馆,颗粒物(PM10),68,85,45,30,19,20,20,64,48,49,23,10,7,0.8,0.5
2025-12-23T2200,1724A,113.3444,40.0917,大同市,大同大学,颗粒物(PM10),53,56,56,24,21,10,10,68,45,59,28,15,6,0.8,0.6
2025-12-23T2200,1725A,113.2661,40.1269,大同市,安家小村,颗粒物(PM10),58,66,56,11,22,23,23,69,45,43,23,14,9,1.8,0.6
2025-12-23T2200,1726A,113.2711,40.0844,大同市,教育学院,颗粒物(PM10),56,61,58,30,22,9,9,63,48,55,24,9,6,0.9,0.6
2025-12-23T2200,3282A,113.3397,40.0597,大同市,大同市卫生学校,颗粒物(PM10),58,65,49,22,18,9,9,65,46,63,26,13,6,0.8,0.5
2025-12-23T2200,3565A,113.1367,40.1122,大同市,云冈站,,28,28,40,10,16,26,26,67,47,19,11,4,5,0.4,0.4
2025-12-23T2200,3566A,113.1186,40.2556,大同市,图书馆,,30,30,48,17,18,36,36,66,51,10,13,2,4,0.4,0.5
2025-12-23T2200,3567A,113.5931,40.0461,大同市,区一中,颗粒物(PM10),57,63,62,39,24,29,29,74,55,34,25,14,13,1.0,0.7
2025-12-23T2200,4199A,113.2798,40.0997,大同市,魏都大道141号,颗粒物(PM10),70,89,60,47,24,9,9,68,45,62,26,10,6,1.5,0.6
2025-12-23T2200,2269A,124.1069,50.4097,大兴安岭地区,科技局,,32,31,34,22,24,29,29,35,34,14,10,12,5,0.3,0.3
2025-12-23T2200,3663A,124.1164,50.4278,大兴安岭地区,红旗社区,,42,31,33,29,31,19,19,35,31,37,25,10,7,0.7,0.5
2025-12-23T2200,1600A,124.3303,40.0625,丹东市,江湾东路,细颗粒物(PM2.5),52,41,51,36,32,38,38,42,30,16,22,17,22,0.8,1.1
2025-12-23T2200,1601A,124.4256,40.1503,丹东市,临江后街,,38,36,57,26,32,31,31,30,29,21,34,10,10,0.9,1.1
2025-12-23T2200,1602A,124.3933,40.1461,丹东市,元宝山,,48,48,58,28,33,36,36,35,35,15,23,11,11,0.7,0.9
2025-12-23T2200,1603A,124.3633,40.1092,丹东市,民主桥,,37,37,51,25,27,35,35,31,31,17,29,9,13,0.6,0.9
2025-12-23T2200,3541A,109.5726,19.5167,儋州市,第一中学子站,,34,34,29,11,11,52,52,61,59,2,2,3,4,0.4,0.4
2025-12-23T2200,3542A,109.5567,19.5187,儋州市,东坡学校子站,,31,31,28,12,10,60,60,68,67,1,2,5,4,0.4,0.4
2025-12-23T2200,2616A,98.5842,24.428,德宏傣族景颇族自治州,德宏州监测站,细颗粒物(PM2.5),70,73,51,51,39,34,34,72,64,26,23,6,6,1.1,0.6
2025-12-23T2200,3677A,98.5881,24.4368,德宏傣族景颇族自治州,芒市人民政府综合楼,细颗粒物(PM2.5),166,,51,126,51,39,39,72,60,15,18,8,8,0.7,0.8
2025-12-23T2200,1901A,104.4239,31.1208,德阳市,东山公园,颗粒物(PM10),55,59,52,25,36,60,60,68,67,5,18,2,2,0.6,0.8
2025-12-23T2200,1902A,104.3826,31.1317,德阳市,西小区,颗粒物(PM10),65,79,76,25,42,50,50,57,56,15,27,2,3,0.5,0.7
2025-12-23T2200,1904A,104.3553,31.1091,德阳市,耐火材料厂,颗粒物(PM10),56,62,68,28,44,53,53,66,64,17,29,2,2,0.5,0.8
2025-12-23T2200,3639A,104.4019,31.1244,德阳市,市教育局,颗粒物(PM10),53,55,55,24,36,49,49,64,61,21,30,2,3,0.5,0.7
2025-12-23T2200,1622A,116.3032,37.4674,德州市,儿童乐园,细颗粒物(PM2.5),147,158,87,112,63,2,2,19,12,59,43,14,10,2.0,1.2
2025-12-23T2200,1624A,116.2991,37.4451,德州市,监理站,细颗粒物(PM2.5),134,149,82,102,60,7,7,29,21,62,45,14,12,1.4,0.9
2025-12-23T2200,3066A,116.2721,37.4379,德州市,九衢泉纯净水厂,细颗粒物(PM2.5),144,151,91,110,63,4,4,19,14,66,48,16,11,1.2,0.7
2025-12-23T2200,3371A,116.3728,37.4403,德州市,开发区人民医院,细颗粒物(PM2.5),119,129,85,90,58,7,7,26,18,66,52,11,10,1.5,0.9
2025-12-23T2200,3511A,116.5652,37.3319,德州市,陵城艺术中心,细颗粒物(PM2.5),144,146,87,110,65,0,0,15,8,66,48,11,13,1.7,1.1
2025-12-23T2200,4292A,116.3525,37.4209,德州市,新河东路,细颗粒物(PM2.5),122,139,85,92,61,4,4,26,17,64,56,12,11,1.6,1.1
2025-12-23T2200,2621A,99.7056,27.8317,迪庆藏族自治州,迪庆州站,,38,38,32,24,21,77,77,90,88,9,13,5,5,0.4,0.4
2025-12-23T2200,3180A,99.7136,27.8094,迪庆藏族自治州,质量技术监督局,,33,33,33,20,17,82,82,91,89,7,17,7,8,0.3,0.5
2025-12-23T2200,4257A,104.6092,35.5962,定西市,将台街,颗粒物(PM10),58,65,48,38,26,9,9,80,51,55,16,14,10,0.7,0.3
2025-12-23T2200,4309A,104.6159,35.5701,定西市,正龙路62号,颗粒物(PM10),55,59,51,28,23,36,36,78,66,23,7,16,5,0.7,0.3
2025-12-23T2200,1389A,113.7547,23.0494,东莞市,莞城梨川,颗粒物(PM10),58,66,58,34,37,54,54,126,104,44,28,5,5,0.8,0.7
2025-12-23T2200,1390A,113.7944,23.0128,东莞市,东城石井,颗粒物(PM10),51,51,52,28,33,34,34,116,90,52,33,8,8,0.8,0.8
2025-12-23T2200,1391A,113.7383,22.9658,东莞市,南城西平,颗粒物(PM10),65,80,56,41,34,8,8,121,90,106,46,8,8,1.0,0.8
2025-12-23T2200,3319A,113.7338,23.0381,东莞市,万江金泰,颗粒物(PM10),60,69,63,38,40,43,43,127,104,55,29,7,6,0.9,0.8
2025-12-23T2200,3626A,113.7533,23.0202,东莞市,南城元岭,颗粒物(PM10),56,61,57,33,35,53,53,130,106,49,32,8,8,0.7,0.7
2025-12-23T2200,3627A,113.7875,23.0457,东莞市,东城主山,,,,60,,37,,,128,112,67,34,8,6,0.6,0.6
2025-12-23T2200,1666A,118.6614,37.4309,东营市,市环保局,细颗粒物(PM2.5),67,73,56,48,42,9,9,24,16,53,40,9,8,0.8,0.8
2025-12-23T2200,3036A,118.6904,37.4338,东营市,开发区管委会,细颗粒物(PM2.5),73,82,62,53,42,7,7,27,19,62,35,10,9,0.9,0.7
2025-12-23T2200,3365A,118.5719,37.565,东营市,垦利区民丰路,细颗粒物(PM2.5),62,68,57,44,44,6,6,23,14,52,37,9,8,0.9,0.9
2025-12-23T2200,3498A,118.5055,37.8612,东营市,河口城区,,31,31,63,15,41,37,37,28,27,38,44,7,7,0.4,0.7
2025-12-23T2200,3646A,118.4978,37.4623,东营市,胜利站,细颗粒物(PM2.5),79,79,57,58,46,1,1,22,14,63,45,10,10,0.8,0.7
2025-12-23T2200,3734A,118.35,37.26,东营市,理想之城,细颗粒物(PM2.5),73,75,61,53,47,6,6,22,14,51,40,6,6,0.9,0.9
2025-12-23T2200,1591A,110.0023,39.8129,鄂尔多斯市,综合楼,颗粒物(PM10),59,68,134,14,29,31,31,67,54,42,13,10,4,0.6,0.4
2025-12-23T2200,1592A,109.9486,39.8261,鄂尔多斯市,巴音孟克林场办事处,颗粒物(PM10),54,58,181,9,31,39,39,71,58,35,13,6,5,0.4,0.3
2025-12-23T2200,1593A,109.7736,39.5986,鄂尔多斯市,康泽苑,颗粒物(PM10),63,75,243,19,48,39,39,72,55,19,10,5,6,0.3,0.3
2025-12-23T2200,1594A,109.8119,39.5989,鄂尔多斯市,华泰汽车城,颗粒物(PM10),71,92,242,19,45,8,8,70,42,44,15,4,4,0.6,0.4
2025-12-23T2200,1595A,109.9734,39.7884,鄂尔多斯市,奥林花园,颗粒物(PM10),67,83,193,17,29,1,1,62,31,70,23,6,6,0.4,0.2
2025-12-23T2200,2436A,114.8938,30.3994,鄂州市,市政府,细颗粒物(PM2.5),92,,41,68,36,14,14,20,17,25,23,4,5,0.7,0.6
2025-12-23T2200,2437A,114.8989,30.3714,鄂州市,赵家坝,细颗粒物(PM2.5),90,67,40,67,36,20,20,26,23,12,13,6,6,1.1,1
2025-12-23T2200,3654A,114.8094,30.4089,鄂州市,精准医疗中心,细颗粒物(PM2.5),92,71,43,68,37,23,23,26,24,16,17,5,4,1.4,1.1
2025-12-23T2200,2454A,109.4978,30.2981,恩施土家族苗族自治州,湖北民院,,30,24,22,21,19,9,9,9,9,27,24,6,6,0.9,0.8
2025-12-23T2200,2455A,109.4707,30.2798,恩施土家族苗族自治州,州电力总公司,,26,21,20,18,18,10,10,11,11,26,23,6,6,0.9,0.9
2025-12-23T2200,3549A,109.5061,30.3772,恩施土家族苗族自治州,龙凤新区,,,,27,,21,3,3,2,2,9,17,6,6,,0.7
2025-12-23T2200,2499A,108.3411,21.6158,防城港市,沙万,,42,37,50,29,27,39,39,73,64,37,22,6,6,0.5,0.6
2025-12-23T2200,2500A,108.3514,21.7731,防城港市,防城档案局,,36,36,44,23,25,34,34,69,58,16,16,4,5,0.7,0.6
2025-12-23T2200,2501A,108.3506,21.6414,防城港市,大海花园,,29,29,38,17,22,57,57,83,78,22,13,5,6,0.6,0.5
2025-12-23T2200,1371A,113.1294,23.0067,佛山市,湾梁,颗粒物(PM10),64,78,78,30,31,26,26,143,116,81,40,7,8,0.9,0.9
2025-12-23T2200,1372A,113.1083,23.0478,佛山市,华材职中,细颗粒物(PM2.5),124,134,84,94,53,68,68,138,120,52,36,6,7,1.0,0.8
2025-12-23T2200,1373A,113.144,23.0453,佛山市,南海气象局,细颗粒物(PM2.5),63,70,70,45,40,69,69,138,124,55,41,8,8,0.8,0.7
2025-12-23T2200,1374A,113.2881,22.8094,佛山市,顺德苏岗,颗粒物(PM10),59,67,57,34,29,22,22,107,74,66,36,6,7,0.7,0.7
2025-12-23T2200,1376A,112.8383,22.8678,佛山市,高明孔堂,细颗粒物(PM2.5),80,103,71,59,48,72,72,172,146,37,30,5,4,0.8,0.7
2025-12-23T2200,1377A,112.8836,23.1588,佛山市,三水监测站,颗粒物(PM10),103,156,126,75,67,2,2,112,80,144,63,7,8,1.1,1
2025-12-23T2200,1378A,112.867,23.185,佛山市,三水云东海,细颗粒物(PM2.5),94,112,107,70,69,41,41,109,85,53,53,3,7,1.0,1
2025-12-23T2200,3625A,113.2544,22.7642,佛山市,容桂街道办,颗粒物(PM10),58,66,51,36,31,46,46,111,82,52,30,6,6,0.7,0.6
2025-12-23T2200,1282A,119.2681,26.0504,福州市,师大,颗粒物(PM10),55,60,40,27,14,14,14,69,46,58,30,6,7,0.6,0.6
2025-12-23T2200,1283A,119.2984,26.1028,福州市,五四北路,颗粒物(PM10),53,55,35,19,11,7,7,69,45,54,24,4,5,0.6,0.6
2025-12-23T2200,1284A,119.2648,26.0768,福州市,杨桥西路,,45,45,33,18,11,19,19,70,52,39,19,4,5,0.5,0.5
2025-12-23T2200,1285A,119.317,26.0746,福州市,紫阳,颗粒物(PM10),67,84,49,38,14,4,4,66,39,68,28,7,8,0.7,0.5
2025-12-23T2200,3048A,119.5799,26.0936,福州市,九龙,,41,41,29,14,8,35,35,78,63,27,16,4,5,0.4,0.4
2025-12-23T2200,3526A,119.5189,25.9664,福州市,吴航,,24,24,28,8,12,30,30,63,52,28,27,4,5,0.6,0.6
2025-12-23T2200,1755A,123.7977,41.8491,抚顺市,望花区,细颗粒物(PM2.5),75,77,49,55,25,6,6,48,35,49,23,7,10,1.0,0.8
2025-12-23T2200,1756A,123.9161,41.8822,抚顺市,顺城区,细颗粒物(PM2.5),80,75,38,59,24,8,8,53,31,48,24,8,8,1.1,0.7
2025-12-23T2200,1757A,124.0436,41.8611,抚顺市,东洲区,细颗粒物(PM2.5),59,55,34,42,22,18,18,49,34,33,19,2,7,0.9,0.8
2025-12-23T2200,1758A,123.9247,41.8642,抚顺市,新抚区,颗粒物(PM10),54,58,38,34,21,2,2,46,25,51,25,8,9,1.0,0.9
2025-12-23T2200,1759A,124.0972,41.8961,抚顺市,大伙房水库,颗粒物(PM10),60,69,33,39,19,26,26,57,40,30,13,10,10,0.8,0.8
2025-12-23T2200,1760A,123.7086,41.8391,抚顺市,沈抚新城,颗粒物(PM10),74,97,46,42,25,10,10,48,36,50,23,8,8,0.9,0.7
2025-12-23T2200,2377A,116.3544,27.9831,抚州市,市站,,49,44,54,34,36,24,24,56,45,19,22,6,9,1.1,1
2025-12-23T2200,2378A,116.3565,27.963,抚州市,血防站,,45,45,55,31,37,24,24,58,47,21,25,3,7,1.4,1.2
2025-12-23T2200,2379A,116.3564,28.0007,抚州市,采茶剧团,,44,44,53,29,34,22,22,56,44,14,17,3,8,1.4,1.2
2025-12-23T2200,2380A,116.385,27.9647,抚州市,医学分院,,,80,58,26,33,,,58,51,20,22,,5,1.2,1.3
2025-12-23T2200,2207A,121.6094,41.998,阜新市,工业园区,,31,31,64,6,29,55,55,60,57,8,16,8,9,0.3,0.5
2025-12-23T2200,2208A,121.6697,42.0279,阜新市,长青街,,18,10,46,3,30,57,57,63,62,8,17,8,9,0.3,0.5
2025-12-23T2200,2209A,121.6673,42.0705,阜新市,农业园区,,17,16,52,3,30,53,53,58,57,9,18,8,7,0.2,0.5
2025-12-23T2200,2210A,121.6717,42.0224,阜新市,东苑,,25,25,54,9,32,60,60,63,62,6,15,3,6,0.3,0.5
2025-12-23T2200,2211A,121.6506,42.0498,阜新市,玉龙新城,,16,11,52,3,29,50,50,62,59,15,20,9,10,0.2,0.4
2025-12-23T2200,2301A,115.8277,32.8929,阜阳市,市监测站,细颗粒物(PM2.5),103,101,67,77,48,15,15,15,10,33,29,4,4,0.6,0.5
2025-12-23T2200,2303A,115.8554,32.8605,阜阳市,开发区,细颗粒物(PM2.5),90,78,46,67,43,21,21,15,12,26,28,4,4,0.7,0.6
2025-12-23T2200,2875A,115.784,32.8892,阜阳市,阜阳职业技术学院,细颗粒物(PM2.5),94,84,56,70,41,29,29,18,16,19,23,5,5,0.6,0.5
2025-12-23T2200,3468A,115.7901,32.8613,阜阳市,市规划展馆,细颗粒物(PM2.5),102,87,58,76,47,26,26,14,12,24,28,4,5,0.5,0.7
2025-12-23T2200,3469A,115.836,32.9183,阜阳市,枣园社区,细颗粒物(PM2.5),112,90,65,84,52,13,13,15,10,34,30,5,2,0.5,0.5
2025-12-23T2200,2669A,102.9099,34.9841,甘南藏族自治州,州政府,颗粒物(PM10),81,112,68,58,40,6,6,61,42,54,20,11,8,1.1,0.6
2025-12-23T2200,3380A,102.8914,34.9617,甘南藏族自治州,甘肃民族师范学院,颗粒物(PM10),75,99,82,43,39,5,5,46,32,58,24,12,5,0.9,0.7
2025-12-23T2200,2570A,101.9603,30.0475,甘孜藏族自治州,水桥子,,21,9,10,6,6,66,66,63,63,6,12,7,6,0.3,0.3
2025-12-23T2200,3065A,101.9533,29.9972,甘孜藏族自治州,州环保局,,20,15,11,7,6,63,63,59,59,11,14,6,6,0.4,0.4
2025-12-23T2200,3414A,115.8347,28.932,赣江新区,桑海产业园,,12,12,41,8,24,24,24,29,27,17,24,4,5,0.9,0.8
2025-12-23T2200,2362A,114.9017,25.9149,赣州市,通天岩,细颗粒物(PM2.5),67,50,59,48,39,30,30,101,74,9,12,16,17,1.0,1.7
2025-12-23T2200,2363A,114.9367,25.8664,赣州市,地委,颗粒物(PM10),65,79,76,45,47,67,67,118,105,13,25,7,10,0.9,1
2025-12-23T2200,2364A,114.9461,25.8481,赣州市,气象台,颗粒物(PM10),66,81,83,43,42,59,59,103,92,17,39,4,10,0.7,1
2025-12-23T2200,2365A,114.9322,25.8333,赣州市,市图书馆,细颗粒物(PM2.5),63,53,76,45,48,62,62,89,81,16,38,4,7,0.9,1
2025-12-23T2200,2366A,114.8905,25.8471,赣州市,华坚鞋城,颗粒物(PM10),58,65,75,40,44,62,62,96,86,16,35,7,7,0.5,0.7
2025-12-23T2200,3109A,115.0093,25.8613,赣州市,赣县区卫计委,,,,66,,52,43,43,74,62,29,31,7,7,0.8,0.7
2025-12-23T2200,2684A,106.2792,36.0022,固原市,监测站,颗粒物(PM10),69,88,98,29,23,52,52,75,69,20,10,4,3,0.5,0.4
2025-12-23T2200,2685A,106.2375,36.0211,固原市,新区,颗粒物(PM10),65,79,96,24,18,37,37,74,61,32,11,4,3,0.5,0.4
2025-12-23T2200,3522A,106.2177,35.9959,固原市,原州区十五小,颗粒物(PM10),86,122,104,47,24,24,24,70,60,48,9,6,3,0.8,0.3
2025-12-23T2200,2544A,106.6303,30.4576,广安市,市委,,35,33,27,24,22,24,24,26,26,14,16,2,3,0.7,0.7
2025-12-23T2200,2545A,106.6271,30.4663,广安市,友谊中学,,33,25,24,23,20,31,31,35,35,13,15,3,2,0.7,0.8
2025-12-23T2200,2547A,106.6388,30.4551,广安市,广电花园,,28,28,20,17,20,20,20,21,21,15,17,3,3,0.6,0.6
2025-12-23T2200,2902A,106.6351,30.4865,广安市,北辰小学,,35,26,23,24,19,26,26,31,31,11,14,12,12,0.7,0.7
2025-12-23T2200,2524A,105.821,32.4444,广元市,老城,,49,49,55,16,13,21,21,76,43,52,20,2,2,0.7,0.6
2025-12-23T2200,2526A,105.8628,32.4287,广元市,监测站,,42,42,53,20,14,26,26,75,44,33,15,3,3,0.7,0.6
2025-12-23T2200,3617A,105.8047,32.4166,广元市,经开区,颗粒物(PM10),55,59,51,19,13,14,14,68,33,49,22,2,2,0.5,0.4
2025-12-23T2200,1345A,113.2347,23.1423,广州市,广雅中学,细颗粒物(PM2.5),97,111,78,72,47,67,67,132,122,64,42,5,4,1.1,0.9
2025-12-23T2200,1346A,113.2612,23.105,广州市,市五中,颗粒物(PM10),68,86,71,45,43,52,52,172,155,76,44,7,8,0.8,0.7
2025-12-23T2200,1348A,113.3478,23.0916,广州市,广东商学院,颗粒物(PM10),65,79,72,43,39,33,33,152,132,69,41,6,7,1.0,0.9
2025-12-23T2200,1349A,113.4332,23.1047,广州市,市八十六中,二氧化氮,64,49,57,31,40,4,4,154,114,128,58,8,9,1.0,1.1
2025-12-23T2200,1350A,113.3505,22.9483,广州市,番禺中学,颗粒物(PM10),58,65,64,32,37,16,16,143,107,92,43,6,8,0.9,0.8
2025-12-23T2200,1351A,113.2146,23.3916,广州市,花都师范,细颗粒物(PM2.5),80,103,85,59,51,65,65,123,112,64,43,9,10,0.9,0.8
2025-12-23T2200,1352A,113.2597,23.1331,广州市,市监测站,细颗粒物(PM2.5),80,102,75,59,43,65,65,149,137,68,42,6,5,1.0,0.8
2025-12-23T2200,1353A,113.5618,23.312,广州市,九龙镇镇龙,细颗粒物(PM2.5),68,78,69,49,48,71,71,124,110,31,24,6,6,0.7,0.7
2025-12-23T2200,1354A,113.2765,23.1544,广州市,麓湖,细颗粒物(PM2.5),87,86,69,64,50,27,27,140,118,94,53,8,9,0.7,0.5
2025-12-23T2200,2846A,113.3221,23.1322,广州市,体育西,颗粒物(PM10),67,83,76,44,44,62,62,158,148,80,46,6,7,0.8,0.7
2025-12-23T2200,3298A,113.5717,23.5491,广州市,从化街口,细颗粒物(PM2.5),75,82,71,55,52,25,25,102,83,57,38,7,14,1.0,0.9
2025-12-23T2200,3299A,113.3472,23.3692,广州市,白云竹料,细颗粒物(PM2.5),88,107,79,65,55,33,33,124,109,81,41,4,10,1.0,0.9
2025-12-23T2200,3300A,113.2981,23.237,广州市,白云嘉禾,细颗粒物(PM2.5),107,145,80,80,52,12,12,145,129,111,46,7,9,1.2,0.8
2025-12-23T2200,3301A,113.4256,23.1716,广州市,黄埔科学城,颗粒物(PM10),66,82,78,46,51,27,27,166,143,80,40,6,7,1.1,1
2025-12-23T2200,3302A,113.3942,23.0483,广州市,番禺大学城,颗粒物(PM10),67,84,98,31,39,30,30,167,135,76,42,10,11,0.7,0.7
2025-12-23T2200,3303A,113.4922,22.8168,广州市,南沙黄阁,颗粒物(PM10),63,75,62,27,31,18,18,120,71,86,45,6,7,1.1,1
2025-12-23T2200,3304A,113.5342,22.7896,广州市,南沙街,颗粒物(PM10),62,74,60,23,29,13,13,104,60,76,40,6,7,0.5,0.5
2025-12-23T2200,3443A,113.2902,23.5544,广州市,花都梯面,细颗粒物(PM2.5),59,64,62,42,45,24,24,113,89,54,31,4,10,0.8,0.8
2025-12-23T2200,3445A,113.7858,23.7478,广州市,从化良口,,45,41,41,31,34,44,44,88,76,26,18,7,7,0.8,0.8
2025-12-23T2200,3446A,113.8051,23.2614,广州市,增城荔城,"颗粒物(PM10),细颗粒物(PM2.5)",62,73,67,44,48,21,21,111,82,50,25,4,7,0.8,0.7
2025-12-23T2200,2506A,109.6047,23.0666,贵港市,江南子站,,,124,95,74,56,65,65,95,90,29,25,,9,1.0,0.9
2025-12-23T2200,2508A,109.5669,23.1065,贵港市,荷城子站,细颗粒物(PM2.5),104,110,84,78,59,42,42,85,77,36,22,9,9,1.2,1.1
2025-12-23T2200,3405A,109.5886,23.1172,贵港市,新世纪学校,细颗粒物(PM2.5),115,129,93,87,63,31,31,96,84,46,19,8,8,0.9,0.8
2025-12-23T2200,4260A,109.5933,23.0951,贵港市,中山路155-3号,细颗粒物(PM2.5),113,127,91,85,62,54,54,101,90,38,24,12,9,0.9,0.9
2025-12-23T2200,1439A,106.6899,26.5998,贵阳市,马鞍山,,36,36,17,24,13,27,27,38,33,15,13,5,5,0.6,0.6
2025-12-23T2200,1441A,106.6243,26.6266,贵阳市,鉴湖路,,48,48,24,29,9,35,35,45,42,15,15,3,4,0.6,0.5
2025-12-23T2200,1442A,106.7487,26.6343,贵阳市,燕子冲,,41,41,21,27,20,31,31,45,40,13,15,8,7,0.5,0.5
2025-12-23T2200,1443A,106.6555,26.4365,贵阳市,碧云窝,,45,44,29,31,14,29,29,37,34,18,15,11,8,0.5,0.4
2025-12-23T2200,1445A,106.7109,26.6027,贵阳市,红边门,,39,39,26,27,17,30,30,44,38,14,22,10,14,0.2,0.4
2025-12-23T2200,1446A,106.7164,26.5699,贵阳市,新华路,,44,44,34,27,18,31,31,42,38,14,21,6,9,0.3,0.6
2025-12-23T2200,1447A,106.674,26.5424,贵阳市,太慈桥,,35,34,20,24,13,30,30,41,38,19,17,8,6,0.4,0.3
2025-12-23T2200,1552A,106.805,26.3003,贵阳市,桐木岭,,36,36,33,17,21,49,49,47,46,3,4,9,5,0.8,0.8
2025-12-23T2200,4230A,106.6882,26.5695,贵阳市,花果园大街66号,,32,24,16,22,10,20,20,24,23,17,16,3,3,0.4,0.4
2025-12-23T2200,4231A,106.6873,26.5169,贵阳市,漓江路57号,,42,41,21,29,14,29,29,41,37,20,20,8,7,0.8,0.7
2025-12-23T2200,1864A,110.3089,25.2708,桂林市,龙隐路小学,,12,,67,8,54,20,20,23,23,15,21,6,6,0.7,0.8
2025-12-23T2200,1865A,110.2869,25.2178,桂林市,八中,,10,10,67,3,58,17,17,18,18,20,27,6,7,0.6,0.7
2025-12-23T2200,3531A,110.296,25.1253,桂林市,旅游学院,,11,,71,3,64,21,21,23,23,22,26,4,4,0.7,0.7
2025-12-23T2200,4222A,110.1835,25.2444,桂林市,环湖路276号,,8,6,74,3,61,17,17,20,20,15,25,5,6,0.5,0.6
2025-12-23T2200,4301A,110.2803,25.2773,桂林市,信义路13号,,9,9,70,3,53,19,19,22,22,17,23,4,4,0.8,0.9
2025-12-23T2200,2674A,100.2561,34.4714,果洛藏族自治州,玛沁县大武镇,颗粒物(PM10),55,60,96,11,28,76,76,78,77,2,4,11,15,0.4,0.4
2025-12-23T2200,1130A,126.561,45.8167,哈尔滨市,松北商大,,49,44,47,34,35,18,18,33,23,40,25,9,10,0.7,0.7
2025-12-23T2200,1132A,126.599,45.7222,哈尔滨市,南岗学府路,,49,49,53,24,29,21,21,32,25,33,21,8,8,0.5,0.5
2025-12-23T2200,1133A,126.689,45.7733,哈尔滨市,太平宏伟公园,,42,34,52,29,35,34,34,39,30,24,22,15,11,0.7,0.7
2025-12-23T2200,1134A,126.635,45.7667,哈尔滨市,道外承德广场,颗粒物(PM10),82,114,79,35,36,30,30,35,27,34,30,8,12,0.9,0.5
2025-12-23T2200,1136A,126.6411,45.7258,哈尔滨市,动力和平路,,42,42,56,28,38,26,26,29,27,30,26,16,13,0.5,0.9
2025-12-23T2200,1137A,126.593,45.7478,哈尔滨市,道里建国路,,50,,46,35,38,30,30,31,26,27,25,4,15,0.5,0.2
2025-12-23T2200,1138A,126.615,45.61,哈尔滨市,平房东轻厂,颗粒物(PM10),53,56,44,34,31,26,26,38,26,33,20,7,8,0.6,0.5
2025-12-23T2200,1139A,126.595,45.9855,哈尔滨市,呼兰师专,细颗粒物(PM2.5),54,,48,38,38,35,35,34,34,17,22,9,11,0.7,0.7
2025-12-23T2200,1140A,126.6206,45.6842,哈尔滨市,省农科院,细颗粒物(PM2.5),80,66,53,59,45,22,22,28,24,38,31,14,13,0.7,0.6
2025-12-23T2200,4282A,126.6769,45.7379,哈尔滨市,华山路1号,,42,34,50,29,32,30,30,35,30,33,26,22,13,0.8,0.8
2025-12-23T2200,4283A,126.9717,45.5356,哈尔滨市,解放大街52号,细颗粒物(PM2.5),69,66,49,50,32,31,31,53,30,28,15,23,20,0.7,0.5
2025-12-23T2200,2688A,93.5128,42.8172,哈密市,地区监测站,,39,39,37,23,29,42,42,54,43,22,21,5,6,0.2,0.3
2025-12-23T2200,2689A,93.4961,42.8328,哈密市,哈密师范学校,,,46,44,21,21,,,39,,41,35,,7,0.4,0.8
2025-12-23T2200,2671A,100.9048,36.9639,海北藏族自治州,海晏县西海镇,,46,40,55,32,39,44,44,74,68,14,12,10,11,0.5,0.7
2025-12-23T2200,3867A,102.0738,36.5056,海东市,平安区公安北苑,颗粒物(PM10),63,75,84,44,35,38,38,58,51,27,19,69,27,0.9,0.8
2025-12-23T2200,1410A,110.3232,20.0574,海口市,海南大学,,41,41,40,14,14,75,75,80,77,4,5,5,5,0.3,0.3
2025-12-23T2200,1411A,110.283,20.0053,海口市,秀英海南医院,,39,39,39,15,14,64,64,74,70,8,7,7,7,0.3,0.3
2025-12-23T2200,1412A,110.338,19.9969,海口市,海南师范大学,,42,42,47,16,13,70,70,78,74,7,7,5,6,0.4,0.4
2025-12-23T2200,1413A,110.33,20.0356,海口市,龙华路环保局宿舍,,44,44,42,14,14,74,74,81,77,7,7,7,7,0.5,0.5
2025-12-23T2200,3539A,110.5111,19.9736,海口市,桂林洋子站,,44,44,38,15,14,68,68,75,72,7,6,7,7,0.3,0.3
2025-12-23T2200,2673A,100.6188,36.2866,海南藏族自治州,共和县恰卜恰镇,颗粒物(PM10),60,70,62,40,35,7,7,81,56,46,22,13,13,0.8,0.7
2025-12-23T2200,2676A,97.3731,37.3753,海西蒙古族藏族自治州,德令哈市,细颗粒物(PM2.5),59,61,46,42,13,68,68,82,76,10,6,12,10,0.9,0.8
2025-12-23T2200,1048A,114.5302,36.6116,邯郸市,东污水处理厂,细颗粒物(PM2.5),105,87,67,79,70,6,6,26,16,48,33,4,4,0.9,0.8
2025-12-23T2200,1049A,114.4918,36.5713,邯郸市,矿院,细颗粒物(PM2.5),119,104,71,90,70,6,6,27,19,62,40,4,4,1.0,0.8
2025-12-23T2200,1050A,114.484,36.6133,邯郸市,丛台公园,细颗粒物(PM2.5),104,96,74,78,62,9,9,30,24,56,33,10,9,0.8,0.7
2025-12-23T2200,3458A,114.7895,36.5593,邯郸市,香泉濮院小区,细颗粒物(PM2.5),102,76,66,76,61,9,9,28,24,49,28,4,3,0.8,0.7
2025-12-23T2200,3579A,114.50634,36.77178,邯郸市,永年区实验高中,细颗粒物(PM2.5),84,111,73,62,44,5,5,23,16,66,43,3,3,0.7,0.6
2025-12-23T2200,3580A,114.20016,36.44293,邯郸市,峰峰矿区临水派出所,细颗粒物(PM2.5),100,81,65,75,80,18,18,20,19,38,35,8,10,0.9,1.3
2025-12-23T2200,2635A,107.0154,33.0706,汉中市,市监测站,"颗粒物(PM10),细颗粒物(PM2.5)",62,74,42,44,35,13,13,30,29,38,23,5,4,0.9,0.8
2025-12-23T2200,2636A,107.0089,33.1138,汉中市,鑫源开发区,细颗粒物(PM2.5),65,70,41,47,30,6,6,30,28,38,22,4,4,0.8,0.6
2025-12-23T2200,2637A,107.007,33.0323,汉中市,南郑大河坎水厂,细颗粒物(PM2.5),70,86,52,51,33,5,5,27,25,41,25,5,5,1.5,1
2025-12-23T2200,1223A,120.2072,30.2111,杭州市,滨江,颗粒物(PM10),58,66,63,39,27,10,10,33,25,37,44,8,9,0.7,0.6
2025-12-23T2200,1224A,120.0633,30.2747,杭州市,西溪,颗粒物(PM10),61,72,51,39,34,4,4,37,23,45,37,8,8,1.0,0.9
2025-12-23T2200,1226A,120.3417,30.3150,杭州市,下沙,细颗粒物(PM2.5),87,87,63,64,37,4,4,32,22,43,49,6,7,0.8,0.7
2025-12-23T2200,1227A,120.1269,30.2456,杭州市,卧龙桥,细颗粒物(PM2.5),60,68,44,43,28,9,9,45,27,37,27,8,9,0.7,0.5
2025-12-23T2200,1228A,120.1903,30.2692,杭州市,浙江农大,细颗粒物(PM2.5),75,72,57,55,35,2,2,37,22,49,48,3,4,0.7,0.7
2025-12-23T2200,1230A,120.1197,30.3119,杭州市,和睦小学,颗粒物(PM10),63,76,62,37,32,9,9,34,24,37,42,4,4,0.8,0.7
2025-12-23T2200,1231A,120.3019,30.4183,杭州市,临平镇,细颗粒物(PM2.5),87,83,66,64,39,7,7,38,23,28,36,6,7,1.0,0.9
2025-12-23T2200,1232A,120.2753,30.1839,杭州市,城厢镇,细颗粒物(PM2.5),72,73,64,52,36,9,9,39,30,36,41,8,9,0.9,0.8
2025-12-23T2200,1233A,120.0883,30.1808,杭州市,云栖,细颗粒物(PM2.5),68,77,52,49,29,10,10,35,29,41,35,4,4,0.8,0.7
2025-12-23T2200,3557A,119.9464,30.0494,杭州市,镇二中,细颗粒物(PM2.5),75,73,50,55,36,13,13,40,30,41,40,5,5,0.9,0.9
2025-12-23T2200,3558A,119.7183,30.2367,杭州市,市府大楼,颗粒物(PM10),83,115,66,57,33,6,6,39,24,38,27,10,10,0.8,0.7
2025-12-23T2200,3656A,120.1556,30.2864,杭州市,消防大队,细颗粒物(PM2.5),77,72,61,56,38,5,5,36,22,41,40,6,6,1.0,0.8
2025-12-23T2200,1270A,117.1959,31.7848,合肥市,明珠广场,细颗粒物(PM2.5),73,61,40,53,28,8,8,15,13,26,29,5,5,0.9,0.8
2025-12-23T2200,1271A,117.3072,31.8764,合肥市,三里街,,,61,38,53,25,,,17,17,31,36,4,5,0.8,0.7
2025-12-23T2200,1272A,117.2588,31.8707,合肥市,琥珀山庄,细颗粒物(PM2.5),65,61,40,47,30,10,10,17,16,26,30,6,7,0.9,0.8
2025-12-23T2200,1274A,117.25,31.8571,合肥市,长江中路,细颗粒物(PM2.5),68,53,40,49,29,8,8,16,14,26,27,6,6,0.8,0.8
2025-12-23T2200,1275A,117.266,31.9436,合肥市,庐阳区,细颗粒物(PM2.5),70,61,41,51,28,9,9,20,18,26,29,8,9,0.8,0.7
2025-12-23T2200,1276A,117.3453,31.8616,合肥市,瑶海区,细颗粒物(PM2.5),70,63,39,51,27,7,7,16,13,36,37,3,5,0.6,0.8
2025-12-23T2200,1277A,117.3027,31.7964,合肥市,包河区,细颗粒物(PM2.5),70,63,40,51,29,9,9,12,11,34,34,6,7,0.9,0.8
2025-12-23T2200,1278A,117.2776,31.7385,合肥市,滨湖新区,细颗粒物(PM2.5),73,56,39,53,34,4,4,14,9,37,34,5,5,0.9,0.8
2025-12-23T2200,1279A,117.1318,31.8403,合肥市,高新区,细颗粒物(PM2.5),74,58,39,54,27,8,8,19,16,29,30,4,4,0.9,0.8
2025-12-23T2200,3464A,117.3803,31.9147,合肥市,高教基地,细颗粒物(PM2.5),84,66,41,62,35,13,13,16,15,24,29,5,6,0.7,0.7
2025-12-23T2200,3614A,79.924,37.0877,和田地区,地区环保局,颗粒物(PM10),58,66,149,35,35,44,44,56,55,24,13,2,2,0.4,0.7
2025-12-23T2200,3615A,79.9131,37.113,和田地区,市环保局,细颗粒物(PM2.5),58,62,153,41,32,42,42,60,59,32,16,1,2,0.6,0.3
2025-12-23T2200,2517A,108.0497,24.6947,河池市,市环保站,,,,59,21,45,10,10,17,16,17,21,2,4,0.8,1
2025-12-23T2200,1697A,114.6944,23.7586,河源市,东埔,细颗粒物(PM2.5),78,64,65,57,60,25,25,82,66,54,34,5,6,1.1,0.9
2025-12-23T2200,1698A,114.6892,23.7233,河源市,老城,,48,48,65,31,46,45,45,94,82,17,23,5,6,0.9,0.9
2025-12-23T2200,1718A,115.4208,35.2464,菏泽市,气象局,细颗粒物(PM2.5),98,96,76,73,60,28,28,29,29,32,26,4,3,0.8,0.7
2025-12-23T2200,3374A,115.5564,35.0891,菏泽市,定陶老年大学,细颗粒物(PM2.5),107,105,68,80,55,15,15,21,19,40,31,3,2,0.7,0.5
2025-12-23T2200,4184A,115.4797,35.24401,菏泽市,永昌路1号,细颗粒物(PM2.5),112,103,73,84,60,21,21,28,27,44,34,7,5,0.8,0.7
2025-12-23T2200,4193A,115.4715,35.2800,菏泽市,长城路999号,细颗粒物(PM2.5),104,102,76,78,57,21,21,26,23,34,26,5,3,0.9,0.6
2025-12-23T2200,2514A,111.5264,24.4172,贺州市,环保小区,细颗粒物(PM2.5),79,59,101,58,69,29,29,82,73,18,28,5,6,1.0,1.2
2025-12-23T2200,2515A,111.5608,24.4078,贺州市,政协大楼,细颗粒物(PM2.5),88,70,94,65,64,24,24,79,67,16,29,8,8,1.1,1.2
2025-12-23T2200,3534A,111.4744,24.4553,贺州市,西湾,细颗粒物(PM2.5),69,66,77,50,59,21,21,74,61,15,23,6,6,1.0,1.1
2025-12-23T2200,2385A,114.17,35.9019,鹤壁市,市监测站,细颗粒物(PM2.5),92,91,89,68,71,9,9,19,14,29,30,3,4,1.1,1.2
2025-12-23T2200,2386A,114.2956,35.7511,鹤壁市,市交警支队,细颗粒物(PM2.5),122,118,93,92,70,0,0,14,8,49,42,4,4,1.4,1
2025-12-23T2200,2387A,114.2878,35.7306,鹤壁市,迎宾馆,细颗粒物(PM2.5),89,99,92,66,70,0,0,16,9,41,35,7,7,1.4,1.1
2025-12-23T2200,3474A,114.2617,35.6822,鹤壁市,大新区,细颗粒物(PM2.5),97,98,79,72,72,4,4,22,12,38,37,5,7,1.2,1.1
2025-12-23T2200,3596A,114.1572,35.9603,鹤壁市,南山宾馆,细颗粒物(PM2.5),73,78,88,53,71,37,37,29,29,15,27,12,7,0.6,1.1
2025-12-23T2200,2244A,130.2537,47.3416,鹤岗市,哈啤分公司,,49,,36,34,31,43,43,46,46,10,12,6,6,0.5,0.5
2025-12-23T2200,2245A,130.2684,47.3086,鹤岗市,斯达机电,颗粒物(PM10),55,59,53,29,26,37,37,46,42,20,18,7,10,0.5,0.8
2025-12-23T2200,2246A,130.3114,47.3388,鹤岗市,东山纸板厂,,42,,23,29,28,34,34,49,46,22,14,8,9,1.8,1
2025-12-23T2200,2263A,127.4833,50.2524,黑河市,交通局,,39,34,41,27,29,38,38,43,41,17,24,4,7,0.4,0.5
2025-12-23T2200,2264A,127.5144,50.2341,黑河市,环保局,,46,,35,32,27,38,38,40,39,15,24,5,8,0.4,0.5
2025-12-23T2200,1074A,115.6838,37.7541,衡水市,电机北厂,细颗粒物(PM2.5),128,118,91,97,65,3,3,30,19,50,35,9,8,0.9,0.7
2025-12-23T2200,1075A,115.6303,37.7316,衡水市,市监测站,细颗粒物(PM2.5),123,111,82,93,62,0,0,30,20,58,37,5,5,0.9,0.7
2025-12-23T2200,3188A,115.6683,37.7217,衡水市,市城管局,细颗粒物(PM2.5),123,128,90,93,65,4,4,32,20,59,40,8,7,0.9,0.7
2025-12-23T2200,3459A,115.5989,37.5491,衡水市,地表水厂,细颗粒物(PM2.5),128,131,82,97,69,2,2,31,18,57,36,8,4,1.0,0.7
2025-12-23T2200,2457A,112.6194,26.9258,衡阳市,衡阳化工总厂,,26,26,51,11,46,24,24,22,22,11,18,5,7,0.9,1
2025-12-23T2200,2458A,112.6211,26.8956,衡阳市,珠晖区环保局,,38,,51,26,56,23,23,18,18,13,24,2,5,1.1,1.2
2025-12-23T2200,2459A,112.6197,26.8733,衡阳市,市委党校,,22,,44,15,41,24,24,22,22,14,19,3,6,1.0,1.2
2025-12-23T2200,2460A,112.6006,26.8919,衡阳市,市监测站,,22,16,61,15,39,23,23,21,21,15,21,5,8,0.8,1
2025-12-23T2200,2461A,112.5664,26.9056,衡阳市,真空机电公司,,13,9,52,9,47,27,27,25,25,12,23,6,9,0.9,1.1
2025-12-23T2200,3399A,112.6703,26.882,衡阳市,师范学院,,19,15,55,13,37,24,24,27,27,17,23,1,3,0.8,1
2025-12-23T2200,2608A,103.3772,23.3993,红河哈尼族彝族自治州,污水处理厂,,39,37,33,27,26,49,49,62,58,12,11,6,6,0.3,0.3
2025-12-23T2200,2609A,103.3861,23.35,红河哈尼族彝族自治州,监测站,细颗粒物(PM2.5),54,42,39,38,32,47,47,69,62,14,10,15,9,0.2,0.2
2025-12-23T2200,3038A,103.3758,23.368,红河哈尼族彝族自治州,州图书馆,,45,45,28,31,19,45,45,66,59,11,9,6,6,0.4,0.3
2025-12-23T2200,1090A,111.6507,40.7517,呼和浩特市,呼市一监,颗粒物(PM10),51,51,43,33,15,6,6,62,29,48,20,5,5,0.6,0.4
2025-12-23T2200,1091A,111.6572,40.8033,呼和浩特市,小召,,39,39,46,18,12,19,19,64,35,46,21,7,6,0.8,0.4
2025-12-23T2200,1094A,111.7516,40.8369,呼和浩特市,如意水处理厂,,42,42,33,18,10,6,6,61,33,53,20,8,9,0.7,0.5
2025-12-23T2200,1095A,111.7276,40.8062,呼和浩特市,二十九中,,45,45,53,19,16,7,7,56,40,59,24,13,12,0.8,0.5
2025-12-23T2200,1097A,111.717,40.7612,呼和浩特市,化肥厂生活区,颗粒物(PM10),55,60,38,31,14,6,6,66,35,56,21,6,6,0.8,0.4
2025-12-23T2200,3699A,111.6518,40.8389,呼和浩特市,海东办,,44,44,45,19,11,3,3,70,38,57,18,5,5,0.5,0.3
2025-12-23T2200,3061A,119.7512,49.1577,呼伦贝尔市,国华电力东,,,23,24,9,19,,,55,54,25,24,6,6,0.3,0.5
2025-12-23T2200,4279A,119.7569,49.2222,呼伦贝尔市,伊敏大街东7号,,23,20,23,16,17,45,45,48,47,9,10,6,6,0.7,0.8
2025-12-23T2200,1250A,120.0751,30.8669,湖州市,城西水厂,细颗粒物(PM2.5),72,67,62,52,38,10,10,32,16,37,42,8,9,0.5,0.6
2025-12-23T2200,2873A,120.0830,30.8929,湖州市,仁皇山新区,细颗粒物(PM2.5),72,64,59,52,39,9,9,34,13,38,44,8,9,0.8,0.7
2025-12-23T2200,2907A,120.1844,30.8596,湖州市,吴兴区站,颗粒物(PM10),57,64,59,36,32,7,7,35,12,37,36,6,6,0.7,0.7
2025-12-23T2200,3562A,120.4148,30.8538,湖州市,南浔区站,,49,48,55,34,33,3,3,32,13,39,40,5,6,1.0,0.8
2025-12-23T2200,1607A,120.9049,40.7211,葫芦岛市,龙港区,,36,36,50,9,30,35,35,54,52,24,21,12,12,0.6,0.7
2025-12-23T2200,1608A,120.8392,40.7514,葫芦岛市,化工街,,22,22,57,3,29,52,52,55,54,12,27,12,16,0.4,0.6
2025-12-23T2200,1609A,120.8341,40.7073,葫芦岛市,新区,,33,33,48,3,29,52,52,57,55,14,27,12,11,0.5,0.7
2025-12-23T2200,1610A,120.8695,40.7677,葫芦岛市,东城区,,17,17,46,7,34,48,48,54,52,16,28,11,11,0.6,0.8
2025-12-23T2200,2483A,109.9453,27.5444,怀化市,河西地税局,,23,,31,16,26,26,26,24,19,13,14,4,4,0.7,0.7
2025-12-23T2200,2484A,109.9781,27.5342,怀化市,市四医院,,19,18,43,13,27,24,24,20,18,15,15,10,10,0.5,0.6
2025-12-23T2200,2485A,109.9972,27.5578,怀化市,监测楼,,18,18,39,12,23,16,16,15,12,19,17,2,2,0.3,0.3
2025-12-23T2200,2486A,110.0394,27.583,怀化市,市委党校,,16,14,30,11,26,20,20,16,14,12,12,3,3,0.2,0.3
2025-12-23T2200,1210A,119.036,33.5981,淮安市,钵池山,,45,34,28,31,20,18,18,37,16,25,24,6,6,0.8,0.6
2025-12-23T2200,1211A,119.007,33.575,淮安市,北京南路,,50,39,30,35,24,18,18,31,10,20,22,6,6,0.7,0.6
2025-12-23T2200,1212A,118.989,33.6067,淮安市,市监测站,,49,,22,34,23,18,18,32,12,25,26,8,8,0.7,0.5
2025-12-23T2200,1213A,119.135,33.5039,淮安市,楚州区监测站,,46,,24,32,28,18,18,28,14,22,23,8,8,1.0,0.8
2025-12-23T2200,3426A,118.8755,33.2894,淮安市,新华书店,细颗粒物(PM2.5),52,43,34,36,28,15,15,24,15,26,23,9,9,0.9,0.7
2025-12-23T2200,4206A,119.0288,33.6319,淮安市,承德北路606号,,46,39,34,32,22,19,19,30,13,20,23,6,6,0.7,0.5
2025-12-23T2200,2282A,116.8004,33.975,淮北市,监测站,细颗粒物(PM2.5),102,102,57,76,47,9,9,21,16,39,29,7,7,0.8,0.6
2025-12-23T2200,2283A,116.8091,33.9007,淮北市,烈山区政府,细颗粒物(PM2.5),105,89,50,79,48,15,15,24,20,35,28,8,8,0.6,0.4
2025-12-23T2200,3330A,116.8873,33.9836,淮北市,杜集区检察院,细颗粒物(PM2.5),97,86,53,72,46,4,4,24,19,34,25,4,4,0.7,0.6
2025-12-23T2200,4017A,116.7923,33.9535,淮北市,市博物馆,细颗粒物(PM2.5),112,97,53,84,43,11,11,22,18,36,28,8,9,0.6,0.5
2025-12-23T2200,2277A,116.8305,32.7727,淮南市,潘集区政府,细颗粒物(PM2.5),93,82,54,69,46,9,9,18,16,28,25,5,4,0.5,0.5
2025-12-23T2200,2279A,116.8569,32.5951,淮南市,谢家集区政府,细颗粒物(PM2.5),99,81,42,74,35,7,7,16,11,27,27,8,7,0.5,0.5
2025-12-23T2200,2280A,116.8281,32.633,淮南市,八公山区政府,细颗粒物(PM2.5),79,62,45,58,35,14,14,19,15,23,24,2,3,0.5,0.5
2025-12-23T2200,2894A,117.0566,32.6531,淮南市,经济技术开发区消防队,细颗粒物(PM2.5),84,81,53,62,43,12,12,18,15,26,30,4,4,0.5,0.5
2025-12-23T2200,3329A,117.0108,32.5893,淮南市,山南新区,细颗粒物(PM2.5),69,78,49,50,23,13,13,18,17,24,28,1,2,0.5,0.5
2025-12-23T2200,4209A,117.0031,32.6445,淮南市,国庆中路369号,细颗粒物(PM2.5),89,,49,66,41,3,3,9,7,28,30,4,5,0.6,0.6
2025-12-23T2200,2446A,114.9028,30.4742,黄冈市,职工中心,细颗粒物(PM2.5),68,66,43,49,30,20,20,28,24,18,18,4,5,0.7,0.8
2025-12-23T2200,2929A,114.8858,30.4519,黄冈市,红卫路,细颗粒物(PM2.5),74,61,41,54,31,19,19,25,22,22,20,6,6,0.8,0.6
2025-12-23T2200,2672A,102.0199,35.5102,黄南藏族自治州,同仁县隆务镇,颗粒物(PM10),64,78,73,37,36,45,45,63,59,10,8,11,11,0.5,0.5
2025-12-23T2200,2295A,118.2903,29.6963,黄山市,延安路89号,细颗粒物(PM2.5),53,49,47,37,38,30,30,33,33,17,20,3,4,0.7,0.6
2025-12-23T2200,2297A,118.1371,30.2756,黄山市,黄山区政府5号楼,,36,,34,25,28,20,20,19,16,21,16,6,6,0.7,0.5
2025-12-23T2200,4210A,118.3354,29.7203,黄山市,滨江东路7-2号,细颗粒物(PM2.5),52,50,55,36,41,26,26,25,25,21,22,4,4,0.7,0.6
2025-12-23T2200,2423A,115.0601,30.2313,黄石市,沈家营,颗粒物(PM10),62,74,47,40,26,7,7,16,12,6,8,5,6,1.0,0.9
2025-12-23T2200,2426A,114.8988,30.2019,黄石市,铁山,细颗粒物(PM2.5),79,,40,58,39,1,1,18,11,32,21,4,4,1.0,0.5
2025-12-23T2200,2427A,115.0307,30.2092,黄石市,团城山,细颗粒物(PM2.5),74,71,44,54,32,10,10,17,14,15,14,6,6,1.0,0.9
2025-12-23T2200,3149A,115.0235,30.1578,黄石市,笔架山北路,细颗粒物(PM2.5),75,90,57,55,31,1,1,17,8,36,24,6,9,1.2,1.2
2025-12-23T2200,4185A,115.0780,30.21118,黄石市,磁湖东路29号,细颗粒物(PM2.5),77,73,45,56,34,13,13,18,16,16,15,6,6,1.0,0.9
2025-12-23T2200,1392A,114.4183,23.0528,惠州市,河南岸金山湖子站,,36,36,49,22,31,31,31,80,64,28,22,4,5,0.6,0.6
2025-12-23T2200,1393A,114.4053,23.0822,惠州市,下埔横江三路子站,,36,36,48,20,30,42,42,89,72,30,19,7,7,0.7,0.7
2025-12-23T2200,1395A,114.4645,22.7833,惠州市,惠阳区承修路船湖子站,颗粒物(PM10),51,52,42,32,24,47,47,92,71,28,19,6,6,0.7,0.6
2025-12-23T2200,1396A,114.5317,22.7422,惠州市,大亚湾管委会子站,,40,40,43,23,21,6,6,87,56,57,24,5,6,0.6,0.5
2025-12-23T2200,3314A,114.4338,22.8134,惠州市,惠阳秋长,颗粒物(PM10),57,63,50,31,26,35,35,100,62,49,26,12,13,0.6,0.5
2025-12-23T2200,3452A,114.6517,22.775,惠州市,大亚湾霞涌,,22,22,35,6,15,27,27,95,61,20,17,3,4,0.5,0.6
2025-12-23T2200,2240A,130.9762,45.3001,鸡西市,环保局,细颗粒物(PM2.5),67,,64,48,39,37,37,32,18,15,23,7,10,0.3,0.5
2025-12-23T2200,2243A,130.9429,45.3039,鸡西市,第一中学,细颗粒物(PM2.5),59,55,58,42,34,38,38,33,25,12,23,5,7,0.6,0.5
2025-12-23T2200,3707A,131.0207,45.3073,鸡西市,欧美日汽修厂,细颗粒物(PM2.5),75,87,89,55,52,37,37,32,18,14,23,10,13,0.5,0.5
2025-12-23T2200,3709A,130.9967,45.3106,鸡西市,市政设施管理处,细颗粒物(PM2.5),73,90,74,53,41,39,39,30,17,16,26,11,13,0.5,0.5
2025-12-23T2200,2367A,114.9754,27.0803,吉安市,红声器材厂,细颗粒物(PM2.5),64,67,60,46,40,29,29,62,50,31,29,12,9,1.2,1
2025-12-23T2200,2368A,114.9658,27.0999,吉安市,市森林工业局,细颗粒物(PM2.5),67,68,64,48,43,25,25,63,56,25,27,14,12,0.9,0.7
2025-12-23T2200,2369A,114.99,27.1312,吉安市,市环境监测站,细颗粒物(PM2.5),63,67,59,45,41,27,27,56,46,27,26,22,18,0.8,0.7
2025-12-23T2200,2370A,115.0093,27.0968,吉安市,青原区法院,细颗粒物(PM2.5),65,69,61,47,41,28,28,55,47,26,25,15,12,1.0,0.9
2025-12-23T2200,1772A,126.54,43.8622,吉林市,哈达湾,颗粒物(PM10),58,66,40,37,22,37,37,59,37,23,13,6,6,1.0,0.8
2025-12-23T2200,1773A,126.5844,43.8358,吉林市,东局子,细颗粒物(PM2.5),64,54,35,46,26,34,34,61,35,23,12,13,12,1.0,0.8
2025-12-23T2200,1774A,126.5052,43.8245,吉林市,电力学院,细颗粒物(PM2.5),74,95,45,54,28,25,25,64,43,38,14,10,9,1.0,0.6
2025-12-23T2200,1775A,126.6133,43.8972,吉林市,江北,细颗粒物(PM2.5),82,70,43,60,32,32,32,63,37,29,13,7,6,0.9,0.7
2025-12-23T2200,1776A,126.555,43.8306,吉林市,江南公园,颗粒物(PM10),55,59,42,35,28,31,31,61,38,27,13,6,6,0.8,0.6
2025-12-23T2200,1778A,126.7061,43.7133,吉林市,丰满,细颗粒物(PM2.5),67,62,35,48,27,36,36,53,38,16,9,6,6,0.8,0.7
2025-12-23T2200,2868A,126.4739,43.953,吉林市,九站,细颗粒物(PM2.5),65,72,40,47,25,23,23,64,30,35,17,4,6,1.0,0.7
2025-12-23T2200,1299A,116.9862,36.6114,济南市,科干所,细颗粒物(PM2.5),64,68,59,46,40,20,20,22,19,34,36,3,4,0.8,0.8
2025-12-23T2200,1300A,116.9376,36.665,济南市,农科所,细颗粒物(PM2.5),102,103,60,76,46,2,2,18,14,48,41,2,2,1.3,0.7
2025-12-23T2200,1301A,117.1265,36.6734,济南市,开发区,细颗粒物(PM2.5),83,73,56,61,49,2,2,18,12,42,42,2,2,1.0,0.8
2025-12-23T2200,1303A,117.0624,36.6868,济南市,省种子仓库,细颗粒物(PM2.5),100,95,68,75,50,6,6,26,20,49,47,4,4,1.0,0.7
2025-12-23T2200,1304A,116.9489,36.6447,济南市,机床二厂,细颗粒物(PM2.5),150,137,68,115,58,0,0,21,15,46,33,44,8,1.8,0.7
2025-12-23T2200,1305A,117.0495,36.663,济南市,市监测站,细颗粒物(PM2.5),83,76,57,61,44,4,4,13,12,41,39,2,4,0.9,0.7
2025-12-23T2200,1306A,116.7675,36.5484,济南市,长清党校,细颗粒物(PM2.5),85,88,65,63,47,2,2,19,13,40,29,4,4,0.8,0.6
2025-12-23T2200,1616A,117.6795,36.229,济南市,技术学院,细颗粒物(PM2.5),83,73,39,61,36,0,0,24,17,55,34,3,2,0.7,0.6
2025-12-23T2200,1961A,117.532,36.6868,济南市,东山小学,细颗粒物(PM2.5),95,88,62,71,49,5,5,23,16,40,33,2,2,0.9,0.8
2025-12-23T2200,3059A,117.7161,36.2049,济南市,泰兴公司,细颗粒物(PM2.5),100,107,50,75,41,6,6,35,28,48,34,4,4,0.8,0.6
2025-12-23T2200,3064A,117.6867,36.2171,济南市,莱芜战役纪念馆,细颗粒物(PM2.5),109,97,50,82,43,2,2,28,21,53,32,7,5,0.6,0.2
2025-12-23T2200,3494A,117.1673,36.9782,济南市,济阳区政府,细颗粒物(PM2.5),102,110,71,76,51,9,9,27,19,54,43,4,4,1.0,0.6
2025-12-23T2200,3495A,117.1171,36.63,济南市,锦屏中学,细颗粒物(PM2.5),53,51,46,37,35,15,15,22,18,27,34,3,3,0.8,0.8
2025-12-23T2200,3682A,116.9814,36.6819,济南市,济南四建,细颗粒物(PM2.5),95,95,60,71,49,1,1,19,14,51,42,6,4,1.3,1
2025-12-23T2200,1653A,116.6251,35.4302,济宁市,火炬城,细颗粒物(PM2.5),98,,53,73,52,12,12,28,22,34,23,4,5,0.8,0.5
2025-12-23T2200,1655A,116.5491,35.4042,济宁市,电化厂,细颗粒物(PM2.5),110,126,83,83,55,4,4,24,16,53,33,8,5,0.7,0.4
2025-12-23T2200,3500A,116.5814,35.3707,济宁市,北湖一中,细颗粒物(PM2.5),98,,52,73,56,14,14,25,22,32,23,5,5,0.8,0.6
2025-12-23T2200,3501A,116.8249,35.5593,济宁市,服务中心,细颗粒物(PM2.5),87,90,67,64,46,3,3,22,13,47,38,11,8,0.9,0.7
2025-12-23T2200,3678A,116.5907,35.4054,济宁市,市第七中学,细颗粒物(PM2.5),92,71,53,68,45,15,15,30,24,36,26,9,7,0.8,0.6
2025-12-23T2200,2255A,130.2751,46.8028,佳木斯市,佳纺,,40,34,43,28,31,35,35,34,34,14,21,6,3,0.4,0.4
2025-12-23T2200,2257A,130.3258,46.7975,佳木斯市,环保局,,38,30,41,26,34,32,32,39,37,24,22,2,2,0.4,0.5
2025-12-23T2200,4285A,130.363,46.806,佳木斯市,顺和街,,33,27,39,23,30,15,15,34,30,38,18,7,4,0.7,0.6
2025-12-23T2200,4286A,130.3952,46.8268,佳木斯市,长安路196号,,34,34,48,23,27,32,32,41,40,21,16,7,4,0.4,0.4
2025-12-23T2200,1252A,120.7436,30.778,嘉兴市,清河小学,细颗粒物(PM2.5),79,79,56,58,27,7,7,43,17,39,34,5,6,0.6,0.4
2025-12-23T2200,1253A,120.726,30.7478,嘉兴市,嘉兴学院,细颗粒物(PM2.5),74,82,59,54,31,7,7,43,19,40,34,6,7,0.8,0.6
2025-12-23T2200,2872A,120.7846,30.7525,嘉兴市,南湖区残联,细颗粒物(PM2.5),77,75,52,56,31,8,8,50,21,36,28,3,4,0.7,0.4
2025-12-23T2200,3407A,120.6916,30.7739,嘉兴市,秀洲住建,细颗粒物(PM2.5),77,73,58,56,33,10,10,44,19,34,31,6,7,0.7,0.5
2025-12-23T2200,1945A,98.2908,39.7711,嘉峪关市,气象局,,23,19,133,9,44,71,71,61,52,14,23,12,16,0.4,0.8
2025-12-23T2200,2884A,98.2672,39.7978,嘉峪关市,酒钢宾馆,,24,24,136,9,38,57,57,54,53,19,18,17,38,0.4,1
2025-12-23T2200,3248A,98.2643,39.7724,嘉峪关市,雄关区,,32,23,108,22,40,60,60,59,53,26,25,17,20,0.5,0.8
2025-12-23T2200,1383A,113.1064,22.6058,江门市,北街,颗粒物(PM10),59,67,53,26,28,13,13,128,80,81,32,7,7,0.6,0.6
2025-12-23T2200,1384A,113.0731,22.5835,江门市,西区,颗粒物(PM10),56,62,51,22,24,24,24,129,84,56,33,7,8,0.5,0.5
2025-12-23T2200,1385A,113.0219,22.5311,江门市,圭峰西,,49,49,50,24,28,37,37,140,92,45,25,7,6,0.8,0.6
2025-12-23T2200,1386A,113.0828,22.5947,江门市,东湖,,42,41,36,29,21,26,26,132,84,59,36,6,7,0.5,0.5
2025-12-23T2200,3311A,113.1075,22.5647,江门市,江海富民,颗粒物(PM10),54,57,67,37,30,30,30,132,86,52,31,6,7,0.6,0.6
2025-12-23T2200,3449A,113.05,22.4667,江门市,新会银湖,,37,37,44,21,26,10,10,112,68,57,26,6,6,0.5,0.5
2025-12-23T2200,3335A,113.3137,35.2641,焦作市,马村街道办,细颗粒物(PM2.5),114,129,95,86,71,2,2,28,10,37,28,8,6,1.4,0.9
2025-12-23T2200,3336A,113.2465,35.2373,焦作市,焦作技师学院,细颗粒物(PM2.5),110,119,93,83,70,0,0,24,7,46,33,9,8,1.3,0.9
2025-12-23T2200,3477A,113.1656,35.2539,焦作市,中站许衡医院,颗粒物(PM10),87,124,103,63,70,24,24,48,27,31,29,5,5,0.9,1
2025-12-23T2200,3981A,113.2449,35.1803,焦作市,原李万街道办,细颗粒物(PM2.5),117,100,94,88,61,6,6,32,13,39,28,6,5,1.1,0.7
2025-12-23T2200,4264A,113.2340,35.2190,焦作市,新安路1731号,细颗粒物(PM2.5),122,103,90,92,69,1,1,31,12,42,27,7,6,1.4,0.9
2025-12-23T2200,4295A,113.2722,35.2121,焦作市,人民路3066号,细颗粒物(PM2.5),122,156,100,92,58,2,2,26,9,42,27,8,6,1.3,0.5
2025-12-23T2200,1708A,116.3701,23.5345,揭阳市,新兴,,49,49,53,33,31,58,58,106,94,37,31,13,10,1.0,0.7
2025-12-23T2200,1709A,116.3264,23.5443,揭阳市,西马,,50,50,66,25,30,64,64,107,92,27,35,6,7,1.2,0.8
2025-12-23T2200,1710A,116.3611,23.5626,揭阳市,东兴,细颗粒物(PM2.5),64,68,60,46,29,56,56,107,92,31,33,11,10,1.5,0.9
2025-12-23T2200,1711A,116.4151,23.5294,揭阳市,渔湖,,30,30,53,10,24,73,73,118,106,21,29,5,8,0.8,0.8
2025-12-23T2200,3320A,116.403,23.5699,揭阳市,曲溪,颗粒物(PM10),59,68,57,39,31,65,65,114,97,25,29,4,6,1.1,0.7
2025-12-23T2200,1944A,102.1692,38.5167,金昌市,天庆家园,,,92,58,41,25,,,61,58,21,15,4,7,0.8,0.6
2025-12-23T2200,4022A,102.1647,38.5371,金昌市,金川区人防中心,细颗粒物(PM2.5),74,75,52,54,26,33,33,70,63,20,9,6,21,0.7,0.4
2025-12-23T2200,4239A,102.1930,38.5319,金昌市,长春路96号,颗粒物(PM10),58,66,60,26,23,52,52,70,67,12,11,6,29,0.6,0.6
2025-12-23T2200,1262A,119.647,29.077,金华市,十五中,细颗粒物(PM2.5),79,97,70,58,37,4,4,52,35,77,60,4,4,1.3,0.9
2025-12-23T2200,1263A,119.686,29.1029,金华市,监测站,颗粒物(PM10),72,94,69,48,34,2,2,46,32,84,60,7,6,0.6,0.4
2025-12-23T2200,3659A,119.656,29.1131,金华市,气象局,颗粒物(PM10),78,105,69,52,33,3,3,44,29,83,59,4,3,1.1,0.7
2025-12-23T2200,1767A,121.1115,41.0879,锦州市,南山,,24,24,46,11,37,62,62,66,65,8,24,7,9,0.5,0.8
2025-12-23T2200,1768A,121.0604,40.8428,锦州市,开发区,,25,25,52,11,32,47,47,58,56,15,27,8,11,0.5,0.8
2025-12-23T2200,1769A,121.1836,41.1119,锦州市,百股街道,,25,25,50,7,31,46,46,55,53,16,25,24,9,0.5,0.7
2025-12-23T2200,1770A,121.1178,41.1222,锦州市,天安街道,,30,30,48,3,34,59,59,66,65,10,20,10,10,0.4,0.5
2025-12-23T2200,1771A,121.1303,41.1386,锦州市,北湖公园,,33,33,48,7,31,46,46,60,58,14,21,13,10,0.4,0.8
2025-12-23T2200,2160A,112.85,35.5051,晋城市,自来水公司,颗粒物(PM10),105,160,126,41,49,16,16,44,30,44,25,4,3,0.7,0.7
2025-12-23T2200,2161A,112.8318,35.4936,晋城市,白云商贸,颗粒物(PM10),134,217,141,31,38,20,20,49,35,28,18,2,2,0.6,0.6
2025-12-23T2200,2162A,112.8508,35.4887,晋城市,市环保局,颗粒物(PM10),122,194,124,39,42,11,11,50,35,39,16,3,3,0.8,0.9
2025-12-23T2200,2163A,112.8676,35.4897,晋城市,技术学院,颗粒物(PM10),117,183,134,41,43,6,6,44,29,62,29,5,5,0.9,0.8
2025-12-23T2200,2165A,112.8453,35.546,晋城市,白马寺,颗粒物(PM10),107,163,116,41,49,57,57,58,58,12,15,8,7,0.3,0.5
2025-12-23T2200,3620A,112.8271,35.4828,晋城市,泽州一中,颗粒物(PM10),127,204,132,41,46,33,33,55,44,30,24,3,3,0.6,0.6
2025-12-23T2200,2173A,112.7249,37.7067,晋中市,南都小区,颗粒物(PM10),117,183,154,53,44,4,4,63,44,65,31,15,11,0.7,0.6
2025-12-23T2200,2174A,112.6991,37.6982,晋中市,榆次区政府,颗粒物(PM10),144,237,158,77,54,3,3,65,40,64,31,16,13,1.1,0.7
2025-12-23T2200,2865A,112.7195,37.6828,晋中市,榆次三中,颗粒物(PM10),111,171,162,41,43,5,5,64,41,55,33,14,12,0.7,0.7
2025-12-23T2200,4200A,112.7478,37.6954,晋中市,迎宾街26号,颗粒物(PM10),109,168,153,44,46,1,1,63,41,55,33,14,12,0.5,0.6
2025-12-23T2200,2439A,112.2014,31.0481,荆门市,竹园小学,颗粒物(PM10),68,86,68,45,51,31,31,19,19,24,25,2,2,0.2,0.4
2025-12-23T2200,2440A,112.1969,30.9891,荆门市,掇刀,颗粒物(PM10),67,84,67,46,48,27,27,18,16,23,21,4,3,0.5,0.6
2025-12-23T2200,2441A,112.2213,31.0386,荆门市,石化一小,颗粒物(PM10),73,96,80,44,54,21,21,18,16,27,26,10,7,0.0,0.1
2025-12-23T2200,3012A,112.1849,31.0362,荆门市,西山林语,,,84,59,32,35,,,18,16,21,21,4,5,0.6,0.6
2025-12-23T2200,3547A,112.1632,31.0138,荆门市,龙泉中学南校,颗粒物(PM10),73,96,61,42,44,47,47,29,29,16,18,10,7,0.4,0.6
2025-12-23T2200,1844A,112.2494,30.3197,荆州市,市图书馆,细颗粒物(PM2.5),59,55,36,42,34,7,7,25,16,29,20,5,5,0.8,0.7
2025-12-23T2200,1845A,112.2008,30.3544,荆州市,市委党校,细颗粒物(PM2.5),59,50,41,42,36,2,2,22,12,31,23,3,2,1.0,0.9
2025-12-23T2200,3194A,112.2747,30.3122,荆州市,管委会,,,,34,,33,6,6,22,12,33,21,4,4,0.9,0.8
2025-12-23T2200,4268A,112.1722,30.3366,荆州市,学苑路85号,细颗粒物(PM2.5),62,53,41,44,38,7,7,27,16,27,21,6,6,0.9,0.8
2025-12-23T2200,2343A,117.2117,29.2933,景德镇市,老干部活动中心,细颗粒物(PM2.5),77,,36,56,30,0,0,29,20,32,19,9,7,0.8,0.6
2025-12-23T2200,2344A,117.1894,29.2789,景德镇市,兽医站,颗粒物(PM10),59,68,36,36,23,3,3,37,26,36,18,8,7,0.6,0.4
2025-12-23T2200,2346A,117.2461,29.2956,景德镇市,陶研所,细颗粒物(PM2.5),77,,32,56,27,4,4,34,28,37,21,5,4,0.8,0.6
2025-12-23T2200,4289A,117.1542,29.2566,景德镇市,青少年活动中心,颗粒物(PM10),65,79,38,43,26,2,2,35,21,39,22,21,8,0.7,0.5
2025-12-23T2200,1803A,115.9872,29.6815,九江市,十里,,40,,43,28,36,11,11,13,13,32,41,3,4,0.8,0.8
2025-12-23T2200,1804A,115.9584,29.7046,九江市,茅山头,,36,36,49,16,37,6,6,7,7,25,32,4,5,1.0,1
2025-12-23T2200,1805A,115.9877,29.7295,九江市,西园,,35,26,46,24,33,10,10,14,13,39,46,2,4,0.8,0.8
2025-12-23T2200,1808A,115.9114,29.6038,九江市,综合工业园,,50,40,56,35,39,8,8,14,12,37,37,1,3,0.9,0.9
2025-12-23T2200,1809A,116.0721,29.7535,九江市,石化总厂,,29,27,47,20,35,21,21,15,14,24,34,6,8,0.7,1
2025-12-23T2200,3190A,116.0254,29.6994,九江市,外国语学校,,34,34,44,19,31,6,6,9,9,38,43,7,8,0.8,0.9
2025-12-23T2200,4253A,116.0102,29.6594,九江市,莲花大道8号,,36,29,53,25,40,10,10,10,8,34,39,3,4,0.8,0.8
2025-12-23T2200,4240A,98.4958,39.7339,酒泉市,玉门东路5号,细颗粒物(PM2.5),55,53,159,39,32,54,54,73,68,26,14,10,11,0.5,0.6
2025-12-23T2200,4241A,98.5099,39.7506,酒泉市,北大街108号,颗粒物(PM10),80,110,162,46,27,22,22,63,46,53,23,18,12,1.2,0.7
2025-12-23T2200,2698A,76.0072,39.4467,喀什地区,巡警大队,颗粒物(PM10),68,86,95,42,41,53,53,61,61,26,21,3,3,0.8,0.6
2025-12-23T2200,2699A,75.9755,39.4694,喀什地区,吾办,颗粒物(PM10),68,85,93,47,45,48,48,60,60,27,18,7,4,1.1,0.9
2025-12-23T2200,4027A,75.9483,39.4689,喀什地区,老干局,细颗粒物(PM2.5),93,99,96,69,42,43,43,68,68,30,13,2,2,1.2,0.7
2025-12-23T2200,1824A,114.3389,34.7781,开封市,肿瘤医院,细颗粒物(PM2.5),102,94,70,76,55,3,3,22,17,45,29,4,3,1.2,0.8
2025-12-23T2200,1826A,114.2885,34.7965,开封市,世纪星幼儿园,细颗粒物(PM2.5),100,89,63,75,62,4,4,22,18,48,34,3,3,1.2,0.8
2025-12-23T2200,3147A,114.3438,34.8106,开封市,龙亭公园,细颗粒物(PM2.5),122,,66,92,72,4,4,18,15,47,32,3,3,1.1,0.8
2025-12-23T2200,3210A,114.3644,34.7964,开封市,汴京公园,细颗粒物(PM2.5),105,129,76,79,56,4,4,19,15,46,36,4,4,1.1,0.7
2025-12-23T2200,3473A,114.2485,34.8306,开封市,技师学院,细颗粒物(PM2.5),113,,63,85,68,2,2,16,12,57,39,6,5,1.0,0.7
2025-12-23T2200,3592A,114.4644,34.7556,开封市,祥符区生态环境局,细颗粒物(PM2.5),107,112,82,80,63,6,6,16,15,49,36,4,3,0.8,0.6
2025-12-23T2200,1951A,84.895,45.6094,克拉玛依市,长征新村,,22,19,21,15,15,32,32,38,33,25,24,4,4,0.3,0.3
2025-12-23T2200,1952A,84.8988,45.5893,克拉玛依市,南林小区,,23,23,24,12,10,35,35,39,35,12,13,9,8,0.7,0.7
2025-12-23T2200,1954A,84.905,44.3396,克拉玛依市,独山子区,细颗粒物(PM2.5),69,79,83,50,55,34,34,45,42,37,24,5,5,0.8,0.7
2025-12-23T2200,1955A,85.6979,46.098,克拉玛依市,乌尔禾区商贸楼,,15,9,8,7,9,46,46,48,47,10,9,4,5,0.3,0.3
2025-12-23T2200,3612A,85.1045,45.6899,克拉玛依市,白碱滩区新站,,16,16,26,11,13,24,24,44,39,24,14,6,7,0.2,0.2
2025-12-23T2200,2697A,76.1454,39.7142,克孜勒苏柯尔克孜自治州,市人民政府,颗粒物(PM10),82,114,120,54,42,45,45,77,68,29,15,6,6,0.7,0.4
2025-12-23T2200,3665A,76.1658,39.7157,克孜勒苏柯尔克孜自治州,克州文化中心,颗粒物(PM10),75,100,118,52,43,52,52,80,68,25,13,8,8,0.9,0.6
2025-12-23T2200,1450A,102.8204,24.8886,昆明市,呈贡新区,,27,27,30,15,19,60,60,66,66,11,23,4,4,0.4,0.5
2025-12-23T2200,1452A,102.7252,25.0902,昆明市,龙泉镇,,22,22,33,10,18,52,52,56,56,13,24,3,2,0.4,0.4
2025-12-23T2200,1453A,102.7266,25.0375,昆明市,东风东路,,31,31,35,20,21,46,46,58,56,25,26,5,4,0.5,0.4
2025-12-23T2200,1454A,102.6742,25.0669,昆明市,金鼎山,,29,29,34,18,22,49,49,58,56,16,24,3,3,0.6,0.7
2025-12-23T2200,1455A,102.6644,25.0401,昆明市,碧鸡广场,,32,32,31,19,20,45,45,59,54,21,25,3,4,0.4,0.4
2025-12-23T2200,3179A,102.7494,25.0119,昆明市,官渡区博物馆,,25,23,30,17,17,52,52,61,60,18,27,4,3,0.3,0.5
2025-12-23T2200,3375A,102.8017,24.8336,昆明市,青年创业园,,25,25,28,15,16,60,60,72,70,10,17,3,3,0.4,0.4
2025-12-23T2200,3550A,102.7997,24.9786,昆明市,昆明学院,,25,25,36,14,19,60,60,62,62,10,22,2,2,0.4,0.4
2025-12-23T2200,3551A,102.5967,24.6736,昆明市,晋宁区生态环境分局,,25,22,26,17,18,56,56,64,63,11,17,3,3,0.6,0.6
2025-12-23T2200,3552A,102.6678,24.9856,昆明市,云天化总部,,22,22,26,14,16,53,53,64,61,12,22,6,5,0.3,0.3
2025-12-23T2200,1456A,91.1319,29.6514,拉萨市,八廓街,细颗粒物(PM2.5),120,127,41,91,29,15,15,102,84,90,35,15,14,3.1,1.2
2025-12-23T2200,1457A,91.1221,29.6747,拉萨市,市环保局,细颗粒物(PM2.5),77,87,71,56,36,23,23,84,65,55,39,9,11,2.3,2.3
2025-12-23T2200,1458A,91.0874,29.6475,拉萨市,区监测站,,36,18,27,11,18,36,36,94,86,71,45,6,11,1.0,1.1
2025-12-23T2200,1459A,91.1774,29.6541,拉萨市,西藏大学,细颗粒物(PM2.5),87,72,25,64,16,27,27,104,95,98,32,13,13,2.0,0.6
2025-12-23T2200,1460A,90.9798,29.6588,拉萨市,区辐射站,细颗粒物(PM2.5),118,127,52,89,30,25,25,82,73,91,47,13,8,2.6,1.1
2025-12-23T2200,1461A,91.0834,29.6292,拉萨市,拉萨火车站,,25,14,27,9,18,79,79,100,98,26,40,5,8,0.7,1
2025-12-23T2200,2520A,109.2203,23.7256,来宾市,来宾技工学校,,19,19,120,3,96,27,27,48,44,8,30,5,8,0.8,1.2
2025-12-23T2200,3535A,109.1781,23.7297,来宾市,兴宾区政府,细颗粒物(PM2.5),87,79,126,64,99,30,30,51,46,9,31,4,8,0.9,1.2
2025-12-23T2200,4002A,109.2416,23.7461,来宾市,中南小学,,11,11,122,3,92,26,26,45,40,8,32,3,6,0.6,1.2
2025-12-23T2200,3241A,103.7439,36.0842,兰州市,百合公园,颗粒物(PM10),58,65,59,36,24,1,1,61,30,74,32,10,10,0.8,0.4
2025-12-23T2200,3242A,103.9611,35.998,兰州市,和平,细颗粒物(PM2.5),60,65,54,43,24,26,26,48,36,28,17,8,8,0.7,0.7
2025-12-23T2200,4236A,103.6293,36.0938,兰州市,庄浪东路808号,颗粒物(PM10),63,76,60,40,30,13,13,62,37,57,29,10,15,0.8,0.5
2025-12-23T2200,4237A,103.7251,36.1043,兰州市,安宁西路88号,颗粒物(PM10),66,81,69,44,29,5,5,66,27,70,35,6,7,0.7,0.4
2025-12-23T2200,4238A,103.8470,36.0676,兰州市,北滨河东路1号,颗粒物(PM10),74,97,58,48,28,2,2,60,36,72,41,11,10,1.0,0.7
2025-12-23T2200,3245A,103.6633,36.533,兰州新区,新区管委会,"颗粒物(PM10),细颗粒物(PM2.5)",57,63,48,40,22,40,40,74,54,22,17,19,12,0.5,0.4
2025-12-23T2200,3246A,103.6975,36.4789,兰州新区,舟曲中学,颗粒物(PM10),72,93,46,34,17,33,33,81,63,42,20,20,5,0.5,0.3
2025-12-23T2200,1067A,116.6708,39.5111,廊坊市,药材公司,,22,22,72,6,49,42,42,64,57,24,41,2,3,0.5,0.8
2025-12-23T2200,1068A,116.7214,39.5589,廊坊市,开发区,,16,16,67,3,44,45,45,65,56,24,41,1,2,0.3,0.6
2025-12-23T2200,1070A,116.7244,39.5269,廊坊市,北华航天学院,,21,21,77,7,49,37,37,63,55,27,39,2,3,0.3,0.6
2025-12-23T2200,2919A,116.7022,39.5453,廊坊市,河北工业大学,,23,23,83,8,46,41,41,64,55,25,39,3,3,0.3,0.6
2025-12-23T2200,2536A,103.7627,29.5844,乐山市,牛耳桥,颗粒物(PM10),58,66,66,33,48,25,25,60,50,36,27,8,8,0.6,0.7
2025-12-23T2200,2537A,103.7508,29.6006,乐山市,市第三水厂,颗粒物(PM10),57,63,66,29,45,37,37,62,54,29,30,7,6,0.6,0.7
2025-12-23T2200,2538A,103.7571,29.5664,乐山市,市监测站,颗粒物(PM10),58,65,64,32,45,32,32,61,54,27,21,9,9,0.6,0.7
2025-12-23T2200,3361A,103.7311,29.5628,乐山市,理工大学,颗粒物(PM10),57,64,61,31,41,34,34,66,58,25,21,6,6,0.6,0.7
2025-12-23T2200,2599A,100.2497,26.8802,丽江市,丽江古城,,39,38,35,27,19,58,58,72,69,15,15,8,9,0.6,0.5
2025-12-23T2200,2600A,100.2203,26.8906,丽江市,市中心,,36,,22,25,16,55,55,73,67,17,17,6,7,0.5,0.6
2025-12-23T2200,1267A,119.914,28.4514,丽水市,监测站大楼,颗粒物(PM10),51,51,55,34,30,2,2,52,26,49,37,6,6,1.0,0.8
2025-12-23T2200,1268A,119.93,28.4586,丽水市,莲都小学,颗粒物(PM10),68,85,57,39,25,3,3,64,32,56,39,5,6,0.7,0.6
2025-12-23T2200,1269A,119.879,28.4231,丽水市,余庄前,,31,31,47,19,28,5,5,53,33,24,27,4,5,0.4,0.4
2025-12-23T2200,1173A,119.176,34.5885,连云港市,市环境监测站,细颗粒物(PM2.5),70,73,23,51,18,12,12,46,18,40,21,10,9,0.6,0.3
2025-12-23T2200,3000A,119.3581,34.6972,连云港市,德源药业,细颗粒物(PM2.5),85,83,32,63,21,21,21,48,29,33,24,7,5,1.4,0.7
2025-12-23T2200,3007A,119.178,34.844,连云港市,新城一中,细颗粒物(PM2.5),74,,31,54,26,7,7,31,16,52,33,11,9,1.0,0.8
2025-12-23T2200,3008A,119.3608,34.7519,连云港市,胡沟管理处,细颗粒物(PM2.5),79,80,30,58,20,25,25,54,32,34,21,9,7,1.3,0.9
2025-12-23T2200,3009A,119.1478,34.5911,连云港市,矿山设计院,细颗粒物(PM2.5),70,75,26,51,16,18,18,43,23,32,20,10,9,1.0,0.7
2025-12-23T2200,3434A,119.2413,34.6539,连云港市,工贸学校,细颗粒物(PM2.5),82,72,34,60,23,23,23,54,28,28,15,12,9,1.2,0.9
2025-12-23T2200,3664A,119.4172,34.7341,连云港市,连云街道,细颗粒物(PM2.5),84,100,41,62,23,12,12,54,15,49,32,8,8,1.2,0.7
2025-12-23T2200,2572A,102.2721,27.8415,凉山彝族自治州,邛海宾馆,细颗粒物(PM2.5),55,58,41,39,30,32,32,36,33,18,16,8,7,0.6,0.6
2025-12-23T2200,2573A,102.2625,27.898,凉山彝族自治州,西昌市政府,细颗粒物(PM2.5),72,56,34,52,28,15,15,33,22,26,17,9,8,1.1,0.8
2025-12-23T2200,2574A,102.2685,27.8851,凉山彝族自治州,凉山州政府,颗粒物(PM10),59,67,43,38,36,16,16,31,23,25,21,11,9,1.0,0.8
2025-12-23T2200,4229A,102.2342,27.8859,凉山彝族自治州,凯乐南路30号,细颗粒物(PM2.5),69,84,54,50,32,3,3,15,9,45,41,13,9,1.6,1.1
2025-12-23T2200,2212A,123.2,41.1953,辽阳市,宏伟区,颗粒物(PM10),67,83,42,19,24,41,41,54,42,18,15,8,6,0.4,0.6
2025-12-23T2200,2213A,123.1683,41.2495,辽阳市,新华园,颗粒物(PM10),73,95,48,19,26,40,40,54,38,21,19,7,4,0.6,0.7
2025-12-23T2200,2214A,123.2354,41.2639,辽阳市,滨河路,颗粒物(PM10),78,105,49,24,27,14,14,40,29,41,20,5,5,0.7,0.8
2025-12-23T2200,2215A,123.149,41.2991,辽阳市,铁西工业园,颗粒物(PM10),74,97,48,29,29,19,19,44,28,32,20,6,7,0.8,0.9
2025-12-23T2200,2227A,125.1358,42.8845,辽源市,环保局,颗粒物(PM10),80,109,60,49,18,10,10,56,41,50,16,3,7,2.0,0.7
2025-12-23T2200,3239A,125.0764,42.9078,辽源市,银鹰制药,细颗粒物(PM2.5),58,52,43,41,20,12,12,62,42,43,17,5,4,1.0,0.6
2025-12-23T2200,1625A,115.9848,36.4372,聊城市,区政府,细颗粒物(PM2.5),108,103,65,81,56,6,6,24,16,49,37,10,9,1.2,0.8
2025-12-23T2200,2878A,116.0072,36.4343,聊城市,聊大东校,细颗粒物(PM2.5),119,119,75,90,57,6,6,27,16,51,36,6,7,1.2,0.9
2025-12-23T2200,3200A,115.9819,36.4978,聊城市,监控中心,细颗粒物(PM2.5),138,132,72,105,63,9,9,28,18,39,26,10,9,1.6,1
2025-12-23T2200,3513A,116.0445,36.4361,聊城市,九州社区,细颗粒物(PM2.5),112,112,79,84,57,12,12,32,22,37,24,1,2,0.8,0.5
2025-12-23T2200,4018A,116.0567,36.4608,聊城市,星美广场,细颗粒物(PM2.5),118,127,80,89,56,11,11,29,19,41,25,4,2,1.0,0.7
2025-12-23T2200,2632A,94.3681,29.6376,林芝市,林芝监测站,,38,38,27,10,8,69,69,78,77,1,11,5,5,0.3,0.4
2025-12-23T2200,2633A,94.3616,29.6616,林芝市,林芝人民医院,,46,46,29,10,9,66,66,74,73,1,11,4,4,0.2,0.3
2025-12-23T2200,2603A,100.0781,23.8982,临沧市,市环保局,细颗粒物(PM2.5),65,,31,47,36,20,20,53,42,24,14,7,6,0.8,0.6
2025-12-23T2200,2604A,100.0894,23.8822,临沧市,市气象局,细颗粒物(PM2.5),73,74,40,53,24,18,18,51,42,24,15,6,7,0.9,0.5
2025-12-23T2200,1733A,111.5531,36.0783,临汾市,临钢医院,颗粒物(PM10),157,264,206,67,78,10,10,45,35,44,27,7,7,0.7,0.9
2025-12-23T2200,1734A,111.5028,36.0714,临汾市,技工学校,颗粒物(PM10),145,240,192,71,69,2,2,47,34,53,28,7,6,0.9,0.9
2025-12-23T2200,1736A,111.5018,36.0855,临汾市,市委,颗粒物(PM10),151,252,200,67,69,4,4,50,38,59,31,9,9,1.2,1.2
2025-12-23T2200,3018A,111.505,36.1014,临汾市,唐尧大酒店,颗粒物(PM10),139,227,188,69,68,9,9,49,41,51,30,4,4,0.9,0.9
2025-12-23T2200,4244A,111.4879,36.0530,临汾市,启星学校,颗粒物(PM10),137,224,171,76,72,5,5,47,35,60,34,7,7,1.4,1.4
2025-12-23T2200,4271A,103.2464,35.6123,临夏回族自治州,滨河东路1号,细颗粒物(PM2.5),123,156,110,93,34,10,10,57,43,54,21,6,5,1.9,0.7
2025-12-23T2200,4310A,103.2093,35.5995,临夏回族自治州,新华街21号,颗粒物(PM10),84,117,105,59,33,36,36,50,49,22,17,9,8,0.9,0.5
2025-12-23T2200,1618A,118.3429,35.0532,临沂市,沂河小区,细颗粒物(PM2.5),77,80,43,56,41,18,18,31,23,43,30,9,9,0.7,0.5
2025-12-23T2200,1619A,118.295,35.0583,临沂市,鲁南制药厂,细颗粒物(PM2.5),79,73,39,58,41,14,14,26,20,51,38,10,10,0.5,0.5
2025-12-23T2200,1620A,118.2794,34.9976,临沂市,新光毛纺厂,细颗粒物(PM2.5),77,78,36,56,37,16,16,25,18,36,28,10,9,0.6,0.5
2025-12-23T2200,1621A,118.3956,35.0888,临沂市,河东保险公司,颗粒物(PM10),63,75,39,43,27,20,20,27,25,35,25,7,8,0.7,0.5
2025-12-23T2200,3370A,118.3564,35.0215,临沂市,十里堡居委,颗粒物(PM10),58,66,29,39,19,19,19,33,29,47,30,9,8,0.8,0.6
2025-12-23T2200,3496A,118.3604,35.1084,临沂市,南坊新区,细颗粒物(PM2.5),79,83,37,58,31,7,7,26,19,54,35,9,8,0.9,0.7
2025-12-23T2200,3860A,118.3920,35.0300,临沂市,皇山花园小区,颗粒物(PM10),63,75,32,43,26,28,28,30,30,35,29,12,10,0.8,0.7
2025-12-23T2200,1870A,109.4856,24.3895,柳州市,柳东小学,,18,18,78,7,66,30,30,34,26,7,17,6,7,0.7,1
2025-12-23T2200,1871A,109.4157,24.3277,柳州市,环保监测站,,15,15,80,3,62,20,20,27,24,19,25,7,7,1.3,1
2025-12-23T2200,1872A,109.389,24.341,柳州市,河西水厂,,9,7,96,6,63,26,26,26,20,14,31,6,9,0.9,1.1
2025-12-23T2200,1873A,109.4311,24.2921,柳州市,市四中,,28,,88,19,57,24,24,32,28,19,28,8,9,0.6,0.7
2025-12-23T2200,1874A,109.4006,24.3631,柳州市,市九中,,12,,94,8,68,25,25,30,25,18,24,10,9,0.8,0.7
2025-12-23T2200,1875A,109.4958,24.3134,柳州市,古亭山,,10,6,79,3,52,29,29,38,32,9,26,8,9,0.9,1
2025-12-23T2200,3402A,109.5422,24.3996,柳州市,市二中,,15,15,73,3,56,27,27,34,26,9,24,7,8,0.9,0.8
2025-12-23T2200,2307A,116.5079,31.737,六安市,监测大楼,细颗粒物(PM2.5),88,73,43,65,37,9,9,24,17,31,27,3,3,0.6,0.5
2025-12-23T2200,2308A,116.4738,31.7643,六安市,皖西学院,细颗粒物(PM2.5),88,73,48,65,36,9,9,28,19,34,27,2,2,0.6,0.5
2025-12-23T2200,2309A,116.4996,31.7905,六安市,朝阳厂,细颗粒物(PM2.5),80,74,45,59,34,5,5,22,15,28,24,1,2,0.6,0.6
2025-12-23T2200,2310A,116.5567,31.7886,六安市,开发区,细颗粒物(PM2.5),79,65,44,58,35,6,6,22,15,30,27,1,1,0.6,0.5
2025-12-23T2200,2576A,104.8,26.5892,六盘水市,窑上,细颗粒物(PM2.5),89,82,46,66,31,43,43,57,49,16,11,3,3,0.7,0.5
2025-12-23T2200,2577A,104.83,26.5917,六盘水市,黄土坡,细颗粒物(PM2.5),70,61,38,51,27,41,41,47,42,19,19,9,9,0.8,0.7
2025-12-23T2200,2578A,104.89,26.5939,六盘水市,水钢,细颗粒物(PM2.5),59,53,44,42,30,44,44,48,48,13,19,7,12,0.6,1.1
2025-12-23T2200,2579A,104.8475,26.5894,六盘水市,民中,细颗粒物(PM2.5),62,58,40,44,27,39,39,43,41,17,18,5,6,0.8,0.7
2025-12-23T2200,2580A,104.9544,26.5506,六盘水市,双水,细颗粒物(PM2.5),55,44,35,39,24,40,40,51,47,15,14,6,7,0.4,0.4
2025-12-23T2200,2336A,117.0217,25.1033,龙岩市,龙岩市监测站,细颗粒物(PM2.5),53,47,29,37,19,12,12,69,47,43,23,59,19,0.9,0.7
2025-12-23T2200,2337A,117.0258,25.0661,龙岩市,闽西职业技术学院,,42,42,36,29,25,7,7,74,50,47,26,21,13,0.7,0.7
2025-12-23T2200,2338A,117.0196,25.0306,龙岩市,龙岩学院,,35,31,30,24,22,26,26,74,60,24,16,8,8,0.6,0.6
2025-12-23T2200,2885A,104.9339,33.3826,陇南市,滨江中学,颗粒物(PM10),81,112,84,53,31,11,11,58,36,60,32,16,10,2.0,1.1
2025-12-23T2200,3247A,104.955,33.371,陇南市,市总工会,颗粒物(PM10),66,81,82,30,25,23,23,64,49,44,22,4,4,1.1,0.7
2025-12-23T2200,2488A,111.9975,27.725,娄底市,市监测站,,48,38,53,33,38,42,42,41,41,17,20,7,5,0.6,0.8
2025-12-23T2200,2489A,112.0194,27.7314,娄底市,市委党校,,40,37,56,28,43,43,43,38,38,17,23,7,7,0.3,0.5
2025-12-23T2200,2490A,111.9561,27.7569,娄底市,涟钢,,41,41,56,28,46,44,44,37,37,9,19,4,6,0.4,1.1
2025-12-23T2200,2491A,111.9892,27.7044,娄底市,市政府,,42,34,40,29,32,47,47,43,43,10,15,6,6,0.8,0.9
2025-12-23T2200,1894A,105.4427,28.9063,泸州市,小市上码头,,45,45,43,22,28,5,5,21,18,35,24,10,9,0.6,0.6
2025-12-23T2200,1895A,105.4241,28.8573,泸州市,兰田宪桥,,48,41,45,33,32,3,3,21,16,32,20,7,7,1.1,0.8
2025-12-23T2200,1896A,105.4379,28.8833,泸州市,市环监站,,42,42,43,26,30,4,4,23,19,34,19,10,10,0.7,0.6
2025-12-23T2200,4272A,105.3689,28.7783,泸州市,纳溪中医医院,颗粒物(PM10),59,68,45,38,34,1,1,20,11,25,20,7,7,1.0,0.8
2025-12-23T2200,2183A,111.1406,37.5211,吕梁市,环保局,颗粒物(PM10),119,187,225,44,53,3,3,62,39,52,20,4,5,0.4,0.4
2025-12-23T2200,2185A,111.1297,37.5136,吕梁市,自来水公司,颗粒物(PM10),118,185,225,41,45,19,19,61,49,34,15,4,4,0.5,0.5
2025-12-23T2200,2867A,111.1283,37.51,吕梁市,马茂庄小学,颗粒物(PM10),114,178,241,36,63,3,3,60,41,48,17,5,5,0.6,0.5
2025-12-23T2200,1812A,112.3931,34.6516,洛阳市,市委党校,颗粒物(PM10),101,152,115,50,55,14,14,50,41,50,27,8,8,0.7,0.7
2025-12-23T2200,1815A,112.494,34.6886,洛阳市,河南林校,颗粒物(PM10),106,161,119,53,59,9,9,48,41,56,29,6,6,0.9,0.8
2025-12-23T2200,1816A,112.3844,34.623,洛阳市,开发区管委会,颗粒物(PM10),98,145,132,50,57,29,29,54,43,21,16,7,8,0.6,0.7
2025-12-23T2200,1817A,112.4267,34.6258,洛阳市,市委新办公区,颗粒物(PM10),106,161,122,61,57,21,21,54,47,39,27,8,9,0.7,0.7
2025-12-23T2200,3340A,112.6005,34.6326,洛阳市,伊滨,颗粒物(PM10),102,153,116,48,56,8,8,48,40,41,20,6,7,1.0,0.9
2025-12-23T2200,3341A,112.4951,34.6332,洛阳市,中移产业园,颗粒物(PM10),100,150,119,45,57,29,29,50,43,36,30,9,9,0.6,0.7
2025-12-23T2200,3593A,112.5736,34.8993,洛阳市,吉利监测站,颗粒物(PM10),103,156,106,46,57,11,11,38,31,51,35,7,7,0.8,0.8
2025-12-23T2200,3635A,112.3677,34.662,洛阳市,河科大西苑校区,颗粒物(PM10),110,170,121,48,51,19,19,52,40,39,25,8,8,0.8,0.8
2025-12-23T2200,3636A,112.4388,34.6781,洛阳市,英才小学,颗粒物(PM10),106,162,118,60,61,15,15,49,44,56,34,10,10,0.9,0.8
2025-12-23T2200,4214A,112.4600,34.6949,洛阳市,春都路1号院,颗粒物(PM10),117,183,137,54,51,12,12,45,38,48,28,7,7,1.0,0.9
2025-12-23T2200,2399A,114.051,33.5699,漯河市,三五一五工厂,细颗粒物(PM2.5),78,85,88,57,62,30,30,32,32,24,25,7,6,0.5,0.9
2025-12-23T2200,2400A,114.0055,33.5698,漯河市,漯河大学,细颗粒物(PM2.5),67,75,82,48,58,36,36,36,36,25,28,6,6,0.7,0.7
2025-12-23T2200,2401A,114.0138,33.5828,漯河市,市水利局,细颗粒物(PM2.5),73,80,79,53,59,25,25,28,28,26,28,7,7,0.8,0.8
2025-12-23T2200,2402A,114.0261,33.5698,漯河市,市广电局,细颗粒物(PM2.5),67,78,81,48,59,34,34,36,36,24,25,7,6,0.8,0.8
2025-12-23T2200,3478A,113.9749,33.5664,漯河市,市图书馆,颗粒物(PM10),66,81,91,47,59,37,37,35,35,21,26,5,4,0.7,0.8
2025-12-23T2200,4250A,114.0892,33.5882,漯河市,韶山路11号,细颗粒物(PM2.5),82,72,86,60,61,19,19,22,22,32,30,8,8,0.7,0.7
2025-12-23T2200,1798A,118.5092,31.6837,马鞍山市,湖东路四小,,42,,38,29,28,4,4,20,4,30,32,4,7,0.7,0.8
2025-12-23T2200,1799A,118.5024,31.6449,马鞍山市,开发区,,36,30,40,25,26,1,1,16,5,34,33,5,5,1.4,0.7
2025-12-23T2200,3633A,118.4918,31.6809,马鞍山市,雨山,,43,37,48,30,34,3,3,20,4,37,34,11,11,0.9,0.8
2025-12-23T2200,4191A,118.5274,31.72227,马鞍山市,慈湖高新区,,38,38,56,25,33,8,8,14,4,26,37,4,10,0.7,0.7
2025-12-23T2200,1686A,111.0286,21.4688,茂名市,电白南海,,29,29,39,19,22,85,85,102,101,12,12,8,9,0.9,0.8
2025-12-23T2200,1687A,110.9294,21.6533,茂名市,茂石化七小,,34,34,42,17,20,84,84,90,88,16,17,4,7,0.5,0.5
2025-12-23T2200,1688A,110.9107,21.6687,茂名市,健康路,,30,29,33,14,16,96,96,104,102,15,15,7,10,0.3,0.8
2025-12-23T2200,1689A,110.8592,21.6828,茂名市,高岭,,36,36,50,9,15,87,87,95,91,21,20,6,15,0.4,0.5
2025-12-23T2200,3450A,111.01,21.5165,茂名市,电白水东,,25,24,30,14,15,79,79,89,88,8,10,6,8,0.8,0.8
2025-12-23T2200,2540A,103.8416,30.0874,眉山市,气象局,颗粒物(PM10),53,55,74,29,46,51,51,66,64,16,24,8,9,0.5,0.6
2025-12-23T2200,3137A,103.8578,30.0744,眉山市,市委党校,颗粒物(PM10),54,58,68,27,39,46,46,61,59,16,24,6,8,0.4,0.5
2025-12-23T2200,3148A,103.8291,30.0564,眉山市,区人社局,颗粒物(PM10),58,66,74,24,41,48,48,61,58,19,25,5,6,0.4,0.5
2025-12-23T2200,1690A,116.1231,24.3284,梅州市,梅江月梅,颗粒物(PM10),53,55,37,31,24,6,6,85,59,53,27,6,6,0.6,0.6
2025-12-23T2200,1691A,116.0797,24.2719,梅州市,梅县新城,,43,40,45,30,30,24,24,80,59,40,32,7,8,0.7,0.7
2025-12-23T2200,1692A,116.1248,24.2654,梅州市,环境监控中心,细颗粒物(PM2.5),58,64,51,41,35,4,4,73,51,65,38,20,16,0.7,0.6
2025-12-23T2200,3315A,116.1233,24.2991,梅州市,梅龙,,48,48,42,31,24,21,21,75,56,33,23,9,10,0.7,0.7
2025-12-23T2200,1878A,104.7778,31.4741,绵阳市,富乐山,,36,36,44,16,29,52,52,64,63,10,24,10,10,0.3,0.5
2025-12-23T2200,1880A,104.6697,31.4668,绵阳市,高新区自来水公司,,41,41,55,27,37,33,33,58,55,36,30,7,9,0.4,0.9
2025-12-23T2200,1881A,104.7287,31.5075,绵阳市,三水厂,,46,46,59,21,36,11,11,57,52,50,30,6,7,0.5,0.6
2025-12-23T2200,3491A,104.69,31.5322,绵阳市,西科大附属小学,,48,48,60,19,36,25,25,57,54,41,30,8,10,0.1,0.5
2025-12-23T2200,3492A,104.5648,31.5343,绵阳市,安州区旅游局,,46,46,63,22,45,35,35,53,51,28,30,8,14,0.5,0.8
2025-12-23T2200,4226A,104.7651,31.4531,绵阳市,绵阳市气象局,,46,46,47,12,25,47,47,63,62,21,25,8,10,0.5,0.8
2025-12-23T2200,1784A,129.61,44.561,牡丹江市,环保大楼,颗粒物(PM10),53,55,56,30,35,50,50,40,40,14,34,8,12,0.3,0.4
2025-12-23T2200,1785A,129.6115,44.5782,牡丹江市,文化广场,细颗粒物(PM2.5),72,56,75,52,48,41,41,29,29,19,42,7,10,0.5,1
2025-12-23T2200,1787A,129.6364,44.6075,牡丹江市,机车工厂,细颗粒物(PM2.5),67,76,94,48,49,38,38,26,26,21,42,6,19,0.5,0.9
2025-12-23T2200,1788A,129.6386,44.5462,牡丹江市,第一中学,细颗粒物(PM2.5),67,,45,48,37,45,45,44,44,14,31,6,10,0.7,0.9
2025-12-23T2200,4287A,129.5992,44.5964,牡丹江市,东晓云街98号,细颗粒物(PM2.5),72,58,90,52,63,41,41,32,32,18,40,5,12,0.3,1
2025-12-23T2200,2531A,105.0703,29.61,内江市,市监测站,细颗粒物(PM2.5),62,56,45,44,32,16,16,32,28,29,25,5,5,0.8,0.7
2025-12-23T2200,2532A,105.0717,29.5947,内江市,东兴区政府,颗粒物(PM10),54,58,43,29,27,11,11,20,20,34,29,4,4,0.5,0.6
2025-12-23T2200,2533A,105.0653,29.5817,内江市,内江二中,细颗粒物(PM2.5),58,61,56,41,31,11,11,22,22,33,29,4,4,0.8,0.8
2025-12-23T2200,2534A,105.0406,29.5822,内江市,内江日报社,颗粒物(PM10),56,62,45,32,27,8,8,22,21,43,31,3,3,0.6,0.6
2025-12-23T2200,2628A,92.0657,31.4846,那曲市,那曲监测站,,,,97,,61,27,27,78,65,90,41,39,19,5.4,2.2
2025-12-23T2200,4243A,92.0515,31.4787,那曲市,那曲市委宣传部,,49,49,46,30,26,28,28,82,73,38,25,11,10,1.7,1.4
2025-12-23T2200,1290A,115.8931,28.6843,南昌市,省外办,,20,18,41,14,32,30,30,32,30,21,31,6,8,1.1,1.1
2025-12-23T2200,1291A,115.8886,28.7003,南昌市,省林业公司,,18,,34,12,28,27,27,30,28,14,31,2,4,0.7,0.6
2025-12-23T2200,1292A,115.8126,28.7442,南昌市,林科所,,13,,36,7,25,17,17,28,26,26,29,4,6,0.6,0.5
2025-12-23T2200,1294A,115.8518,28.687,南昌市,建工学校,,23,23,49,10,30,17,17,24,21,26,35,10,12,1.0,1
2025-12-23T2200,1295A,115.8921,28.6424,南昌市,象湖,,24,24,45,12,28,21,21,26,23,20,30,8,10,0.8,0.8
2025-12-23T2200,3046A,115.9084,28.6062,南昌市,机电学校,,14,14,48,7,31,22,22,29,26,18,28,4,6,0.7,0.7
2025-12-23T2200,3690A,115.9721,28.7031,南昌市,外国语学校,,33,,44,23,35,20,20,27,22,22,25,9,11,0.7,0.6
2025-12-23T2200,4192A,115.9316,28.68677,南昌市,南京东路235号,,29,29,46,13,30,24,24,30,28,25,33,4,6,0.9,0.8
2025-12-23T2200,1906A,106.0789,30.8023,南充市,南充市委,,48,48,32,27,19,35,35,37,37,18,23,4,4,0.5,0.6
2025-12-23T2200,1907A,106.1031,30.8217,南充市,南充炼油厂,颗粒物(PM10),52,54,44,33,27,34,34,36,36,10,16,5,5,0.5,0.6
2025-12-23T2200,4227A,106.1083,30.7884,南充市,梨树横街98号,,38,38,30,22,17,38,38,39,39,12,19,5,6,0.4,0.6
2025-12-23T2200,4304A,106.1172,30.843,南充市,清泉寺北路188号,,30,30,30,18,16,39,39,46,46,10,17,5,6,0.5,0.6
2025-12-23T2200,4305A,106.067,30.7616,南充市,同庆路1号,,34,34,32,22,18,33,33,36,36,19,18,5,6,0.4,1
2025-12-23T2200,1151A,118.8086,32.1065,南京市,迈皋桥,,36,36,34,17,17,31,31,47,28,16,17,4,4,0.5,0.4
2025-12-23T2200,1152A,118.7538,32.0551,南京市,草场门,,35,27,31,24,19,3,3,23,5,35,33,4,6,0.5,0.5
2025-12-23T2200,1153A,118.7794,32.0745,南京市,山西路,,29,29,35,14,16,8,8,33,8,38,36,3,4,0.5,0.3
2025-12-23T2200,1154A,118.7752,32.0023,南京市,中华门,,35,,30,24,17,0,0,21,2,23,23,4,5,0.7,0.6
2025-12-23T2200,1155A,118.8109,32.0309,南京市,瑞金路,,35,,32,24,21,1,1,22,4,33,36,4,4,0.5,0.4
2025-12-23T2200,1156A,118.7997,32.0754,南京市,玄武湖,,28,28,32,15,14,6,6,14,8,18,26,4,4,0.8,0.6
2025-12-23T2200,1157A,118.6414,32.0931,南京市,浦口,,40,35,38,28,22,12,12,27,12,27,29,6,7,0.5,0.4
2025-12-23T2200,1158A,118.7356,31.9996,南京市,奥体中心,,32,,31,22,18,6,6,26,8,43,48,6,7,0.5,0.5
2025-12-23T2200,1159A,118.9125,32.1028,南京市,仙林大学城,,32,31,34,22,17,5,5,28,5,33,31,6,7,0.8,0.7
2025-12-23T2200,3422A,118.8436,31.9198,南京市,江宁彩虹桥,,28,24,34,19,19,9,9,26,9,29,31,3,4,0.7,0.6
2025-12-23T2200,3427A,118.8554,32.3578,南京市,六合雄州,,48,48,40,23,18,15,15,33,17,26,28,8,7,0.5,0.4
2025-12-23T2200,4249A,118.8708,31.3402,南京市,汶溪路181号,,23,23,40,16,26,4,4,30,6,36,37,4,5,0.6,0.6
2025-12-23T2200,4312A,119.019,31.6512,南京市,中山西路1号,,26,,30,18,27,2,2,16,5,36,34,4,4,0.8,0.6
2025-12-23T2200,1401A,108.3103,22.7881,南宁市,二十一中,细颗粒物(PM2.5),62,71,44,44,29,36,36,58,49,24,16,3,4,0.6,0.6
2025-12-23T2200,1402A,108.3141,22.8528,南宁市,北湖,细颗粒物(PM2.5),69,82,44,50,30,31,31,72,48,36,20,7,7,0.9,0.7
2025-12-23T2200,1403A,108.3206,22.8225,南宁市,市监测站,颗粒物(PM10),58,66,41,33,25,47,47,74,47,17,15,6,6,0.6,0.5
2025-12-23T2200,1404A,108.3829,22.8037,南宁市,大自然花园,颗粒物(PM10),62,73,45,39,28,41,41,75,56,26,16,6,6,0.8,0.7
2025-12-23T2200,1406A,108.2397,22.8467,南宁市,区农职院,颗粒物(PM10),78,105,48,53,27,2,2,70,33,60,26,7,6,0.7,0.5
2025-12-23T2200,1407A,108.3275,22.735,南宁市,英华嘉园,细颗粒物(PM2.5),78,79,43,57,30,33,33,69,50,25,17,3,3,0.6,0.4
2025-12-23T2200,3401A,108.4834,22.7618,南宁市,红星社区,细颗粒物(PM2.5),77,78,44,56,30,29,29,70,52,23,12,4,5,0.9,0.7
2025-12-23T2200,4221A,108.2177,22.7774,南宁市,乐贤路16号,颗粒物(PM10),62,74,52,32,27,27,27,59,39,41,28,8,8,0.7,0.6
2025-12-23T2200,2332A,118.1681,26.6369,南平市,南平市监测站,,36,29,23,25,18,12,12,56,40,31,22,3,6,0.7,0.6
2025-12-23T2200,2333A,118.1825,26.6489,南平市,南平铝业有限公司,,40,35,27,28,22,4,4,59,38,40,24,5,7,0.8,0.7
2025-12-23T2200,2334A,118.1756,26.6272,南平市,南平七中,,29,24,24,20,16,13,13,58,44,30,19,4,5,0.7,0.6
2025-12-23T2200,1168A,120.9098,31.9663,南通市,狼山街道,,29,23,38,20,20,16,16,32,18,20,31,2,3,0.7,0.6
2025-12-23T2200,1169A,120.86,32.0005,南通市,虹桥,,36,,30,25,21,13,13,40,17,25,32,2,4,0.7,0.6
2025-12-23T2200,1170A,120.87,32.02,南通市,城中,,32,26,39,22,20,13,13,36,18,27,33,4,5,0.4,0.4
2025-12-23T2200,1171A,120.94,31.93,南通市,星湖花园,,35,,37,24,22,18,18,36,16,23,34,3,4,0.6,0.6
2025-12-23T2200,1172A,120.81,32.0417,南通市,紫琅学院,,36,29,37,25,18,10,10,33,17,30,34,3,4,0.6,0.5
2025-12-23T2200,3291A,121.067,32.062,南通市,通州监测站,,35,24,30,24,20,16,16,44,24,27,29,3,4,0.7,0.6
2025-12-23T2200,3432A,120.9348,31.9883,南通市,环境教育馆,,38,27,36,26,22,15,15,40,21,24,31,4,5,0.4,0.4
2025-12-23T2200,2404A,112.5224,33.0122,南阳市,瓦房庄,细颗粒物(PM2.5),134,132,91,102,79,3,3,7,4,30,26,6,6,1.1,0.8
2025-12-23T2200,2405A,112.5003,32.9735,南阳市,汉画馆,细颗粒物(PM2.5),133,142,98,101,75,1,1,5,2,28,29,7,6,1.2,0.9
2025-12-23T2200,2406A,112.5573,33.027,南阳市,气象站,细颗粒物(PM2.5),104,142,100,78,72,2,2,5,2,34,26,5,4,1.0,0.9
2025-12-23T2200,2407A,112.5481,32.9689,南阳市,理工学院,细颗粒物(PM2.5),109,128,86,82,63,4,4,5,4,35,29,6,5,1.2,0.8
2025-12-23T2200,4008A,112.5234,32.9922,南阳市,卧龙区政府,细颗粒物(PM2.5),123,135,102,93,77,2,2,6,3,38,33,5,5,1.1,0.9
2025-12-23T2200,1234A,121.8358,29.911,宁波市,区环保大楼,颗粒物(PM10),74,97,52,40,16,7,7,54,37,54,48,9,6,0.9,0.6
2025-12-23T2200,1235A,121.56,29.82,宁波市,万里学院,细颗粒物(PM2.5),73,92,54,53,29,15,15,63,47,49,42,7,6,1.1,0.8
2025-12-23T2200,1236A,121.713,29.9572,宁波市,龙赛医院,细颗粒物(PM2.5),85,95,60,63,28,4,4,49,29,51,46,6,5,0.8,0.5
2025-12-23T2200,1239A,121.633,29.7733,宁波市,钱湖水厂,颗粒物(PM10),62,73,37,41,20,11,11,62,44,55,27,6,6,0.7,0.4
2025-12-23T2200,1240A,121.5856,29.8635,宁波市,太古小学,细颗粒物(PM2.5),67,79,54,48,28,13,13,62,47,46,39,4,3,0.6,0.4
2025-12-23T2200,1241A,121.524,29.8674,宁波市,市环境监测中心,细颗粒物(PM2.5),67,67,44,48,22,13,13,59,44,46,40,7,6,1.1,0.8
2025-12-23T2200,2871A,121.6147,29.9017,宁波市,万里国际学校,细颗粒物(PM2.5),70,79,47,51,28,8,8,60,39,54,46,5,4,0.6,0.4
2025-12-23T2200,3710A,121.5594,29.8975,宁波市,白沙活动中心,细颗粒物(PM2.5),64,61,39,46,23,11,11,59,43,51,45,6,5,0.9,0.7
2025-12-23T2200,2341A,119.5388,26.6612,宁德市,宁德市监测站,,21,21,25,14,13,26,26,59,53,23,18,6,6,0.7,0.6
2025-12-23T2200,3209A,119.5231,26.6562,宁德市,宁德一中,,30,30,25,16,19,31,31,58,51,19,18,4,4,0.5,0.4
2025-12-23T2200,2618A,98.8601,25.8567,怒江傈僳族自治州,州监测站,,45,45,32,30,22,35,35,67,61,20,12,8,8,0.6,0.4
2025-12-23T2200,2619A,98.8546,25.8417,怒江傈僳族自治州,泸水一中,,45,37,31,31,22,13,13,50,41,32,21,6,5,0.8,0.6
2025-12-23T2200,1888A,101.6891,26.571,攀枝花市,弄弄坪,细颗粒物(PM2.5),99,108,80,74,47,2,2,8,6,54,47,32,25,1.5,1.6
2025-12-23T2200,1889A,101.5769,26.5928,攀枝花市,河门口,细颗粒物(PM2.5),75,92,76,55,44,22,22,15,13,21,35,15,18,1.5,1.6
2025-12-23T2200,1890A,101.7169,26.585,攀枝花市,炳草岗,细颗粒物(PM2.5),98,106,85,73,50,0,0,8,4,57,51,34,28,1.9,1.5
2025-12-23T2200,1891A,101.7369,26.5008,攀枝花市,仁和,细颗粒物(PM2.5),103,125,68,77,42,3,3,17,11,37,31,14,13,1.5,1.1
2025-12-23T2200,2835A,101.7227,26.567,攀枝花市,四十中小,细颗粒物(PM2.5),70,87,67,51,39,4,4,16,14,56,44,41,22,1.5,1.5
2025-12-23T2200,1604A,122.0303,41.1489,盘锦市,开发区,,28,28,38,11,24,47,47,51,51,7,12,4,5,0.5,0.6
2025-12-23T2200,1605A,122.0485,41.0883,盘锦市,兴隆台,,33,33,35,10,22,43,43,48,48,16,18,7,7,0.5,0.6
2025-12-23T2200,1606A,121.8297,41.1028,盘锦市,新生街道,,33,33,37,13,23,18,18,50,36,33,21,6,5,0.4,0.4
2025-12-23T2200,1832A,113.3257,33.742,平顶山市,新华旅馆,颗粒物(PM10),99,148,122,57,54,2,2,52,36,66,27,9,8,0.6,0.7
2025-12-23T2200,1833A,113.2919,33.737,平顶山市,规划设计院,颗粒物(PM10),97,143,125,45,53,8,8,51,38,50,29,6,6,0.9,0.8
2025-12-23T2200,1834A,113.182,33.774,平顶山市,平顶山工学院,颗粒物(PM10),109,167,118,48,49,32,32,56,48,25,23,8,7,0.3,0.3
2025-12-23T2200,3204A,113.3025,33.73,平顶山市,规划局,颗粒物(PM10),96,141,131,54,51,9,9,53,41,48,27,8,7,0.8,0.6
2025-12-23T2200,3594A,112.8867,33.9116,平顶山市,石龙区,颗粒物(PM10),100,150,153,31,49,53,53,62,56,17,21,5,4,0.2,0.5
2025-12-23T2200,2656A,106.6692,35.5461,平凉市,聚贤嘉苑,颗粒物(PM10),79,108,110,37,25,7,7,71,50,64,15,9,8,0.7,0.3
2025-12-23T2200,2657A,106.7021,35.5307,平凉市,博物馆,颗粒物(PM10),82,114,102,48,30,17,17,75,46,45,16,15,10,1.0,0.4
2025-12-23T2200,2348A,113.8385,27.6434,萍乡市,中医院,,36,,70,25,45,1,1,22,4,33,31,8,14,1.2,1.2
2025-12-23T2200,2349A,113.8493,27.6253,萍乡市,市政府车库,,23,17,57,16,37,7,7,23,8,20,23,7,13,0.7,1
2025-12-23T2200,2350A,113.8676,27.6435,萍乡市,市环保局,,,22,61,17,40,6,6,27,9,,27,13,20,0.7,0.7
2025-12-23T2200,2351A,113.866,27.6198,萍乡市,安源区政府,,29,22,70,20,51,9,9,22,10,24,29,10,14,0.8,1
2025-12-23T2200,2319A,119.0141,25.4325,莆田市,荔城区仓后路,,49,49,36,25,11,28,28,84,65,36,14,4,3,1.0,0.6
2025-12-23T2200,2320A,119.0015,25.4553,莆田市,莆田市监测站,,28,28,27,18,7,40,40,89,70,18,10,4,4,0.7,0.5
2025-12-23T2200,2321A,119.1119,25.4561,莆田市,涵江区六中,颗粒物(PM10),61,72,35,22,11,2,2,82,48,68,21,5,4,0.9,0.5
2025-12-23T2200,2322A,119.1013,25.3215,莆田市,秀屿区政府,,40,40,32,13,10,51,51,86,74,28,16,8,5,1.1,0.6
2025-12-23T2200,2392A,115.0312,35.7636,濮阳市,环保局,细颗粒物(PM2.5),89,90,63,66,49,0,0,25,20,45,26,6,6,1.2,1.3
2025-12-23T2200,2394A,115.0574,35.7609,濮阳市,油田运输公司,细颗粒物(PM2.5),94,116,77,70,49,4,4,26,22,55,33,7,7,1.8,1.3
2025-12-23T2200,3021A,115,35.7668,濮阳市,濮水河管理处,细颗粒物(PM2.5),83,96,71,61,49,5,5,29,24,38,33,6,8,0.9,0.9
2025-12-23T2200,4216A,115.0924,35.7686,濮阳市,任丘路479号,细颗粒物(PM2.5),105,114,78,79,54,4,4,25,21,48,26,5,5,1.8,1.1
2025-12-23T2200,2601A,100.98,22.7633,普洱市,市环保局,,40,40,41,10,12,31,31,58,51,13,10,4,4,0.5,0.5
2025-12-23T2200,2602A,100.9817,22.8322,普洱市,普洱第二中学,颗粒物(PM10),52,53,37,32,18,40,40,62,54,8,14,5,5,0.3,0.3
2025-12-23T2200,3345A,131.0577,45.7879,七台河市,中波台,,45,43,42,31,23,21,21,57,50,25,14,6,7,0.4,0.3
2025-12-23T2200,3637A,131.0176,45.7761,七台河市,人民广场,细颗粒物(PM2.5),65,76,49,47,30,24,24,59,52,28,18,6,7,0.6,0.4
2025-12-23T2200,3684A,130.8781,45.8222,七台河市,新建矿广场,颗粒物(PM10),67,83,72,37,31,26,26,52,47,17,28,4,14,0.5,0.6
2025-12-23T2200,1779A,123.9305,47.3636,齐齐哈尔市,安居小区,,32,31,65,22,50,42,42,43,36,24,26,4,4,0.7,0.8
2025-12-23T2200,1780A,123.9488,47.3386,齐齐哈尔市,中心广场,,22,22,71,14,51,42,42,43,37,20,22,7,6,0.8,0.9
2025-12-23T2200,1781A,123.9483,47.3227,齐齐哈尔市,农牧车辆厂,,41,41,69,27,48,27,27,36,28,28,25,7,6,0.8,0.8
2025-12-23T2200,1783A,123.945,47.2988,齐齐哈尔市,市环境监测站,颗粒物(PM10),54,57,84,35,54,23,23,42,29,37,29,5,6,0.8,0.8
2025-12-23T2200,3662A,123.6333,47.2075,齐齐哈尔市,富区青少年活动中心,细颗粒物(PM2.5),62,70,63,44,48,38,38,44,41,37,25,20,8,0.8,0.8
2025-12-23T2200,2591A,107.9783,26.5747,黔东南苗族侗族自治州,市环境监测站,,7,6,27,3,22,20,20,23,16,8,13,4,4,0.6,0.7
2025-12-23T2200,2881A,107.8908,26.5311,黔东南苗族侗族自治州,凯里学院,,8,6,24,3,21,19,19,28,15,10,11,3,3,0.6,0.6
2025-12-23T2200,2593A,107.5228,26.2403,黔南布依族苗族自治州,小围寨,,25,22,17,17,15,9,9,21,19,11,10,5,5,0.8,0.8
2025-12-23T2200,3538A,107.5175,26.2978,黔南布依族苗族自治州,沙坝,,25,19,18,17,14,14,14,24,22,16,13,6,4,1.0,1
2025-12-23T2200,2589A,104.9022,25.0925,黔西南布依族苗族自治州,场坝街,,40,37,38,28,26,30,30,27,26,17,16,3,6,0.7,0.6
2025-12-23T2200,2590A,104.8811,25.0992,黔西南布依族苗族自治州,坪东大道,,44,44,38,30,30,25,25,26,23,18,16,6,7,0.3,0.5
2025-12-23T2200,2502A,108.6236,21.9667,钦州市,市环保站,,48,48,50,31,23,32,32,75,56,35,21,3,4,0.7,0.5
2025-12-23T2200,2503A,108.6549,21.9481,钦州市,沙埠小学,颗粒物(PM10),56,62,51,31,27,43,43,80,64,29,21,5,5,0.7,0.5
2025-12-23T2200,2504A,108.5989,21.7431,钦州市,港区一小,颗粒物(PM10),54,58,49,21,22,58,58,77,68,25,24,9,7,0.4,0.3
2025-12-23T2200,3404A,108.5959,21.9633,钦州市,北职校,"颗粒物(PM10),细颗粒物(PM2.5)",53,55,46,37,27,23,23,71,52,37,19,6,9,0.7,0.6
2025-12-23T2200,1043A,119.7493,40.0116,秦皇岛市,第一关,,42,42,68,24,50,14,14,49,35,51,40,6,8,0.4,0.7
2025-12-23T2200,1044A,119.5897,39.9499,秦皇岛市,监测站,颗粒物(PM10),57,64,78,20,45,31,31,51,44,42,43,8,10,0.6,0.9
2025-12-23T2200,1046A,119.5251,39.9041,秦皇岛市,建设大厦,,49,47,77,34,51,40,40,45,44,30,42,5,8,0.4,0.8
2025-12-23T2200,3132A,119.610547,39.943889,秦皇岛市,文明里,,46,46,73,12,40,39,39,45,42,15,30,8,10,0.2,0.6
2025-12-23T2200,4198A,119.5090,39.8253,秦皇岛市,北戴河轮滑馆,颗粒物(PM10),51,51,70,19,40,41,41,48,47,24,35,5,5,0.2,0.7
2025-12-23T2200,1310A,120.4134,36.0658,青岛市,市南区东部子站,细颗粒物(PM2.5),70,85,28,51,20,10,10,44,13,33,19,7,7,0.9,0.6
2025-12-23T2200,1311A,120.3664,36.1032,青岛市,四方区子站,细颗粒物(PM2.5),79,83,27,58,22,28,28,59,37,29,23,3,2,0.9,0.6
2025-12-23T2200,1312A,120.2994,36.054,青岛市,市南区西部子站,细颗粒物(PM2.5),74,73,26,54,18,15,15,60,26,30,23,2,2,0.7,0.5
2025-12-23T2200,1313A,120.4581,36.0858,青岛市,崂山区子站,细颗粒物(PM2.5),73,75,22,53,14,17,17,61,31,41,27,9,8,0.8,0.5
2025-12-23T2200,1315A,120.3999,36.3083,青岛市,城阳区子站,"颗粒物(PM10),细颗粒物(PM2.5)",70,90,28,51,20,17,17,60,32,40,21,6,5,0.9,0.6
2025-12-23T2200,3362A,120.5014,36.4034,青岛市,即墨2号,细颗粒物(PM2.5),83,87,26,61,21,23,23,62,37,33,16,5,5,0.9,0.6
2025-12-23T2200,3642A,120.3503,36.0736,青岛市,市北区南部,细颗粒物(PM2.5),73,81,28,53,19,17,17,54,25,32,23,5,5,0.9,0.7
2025-12-23T2200,3643A,120.3948,36.1805,青岛市,李沧区北部,细颗粒物(PM2.5),98,90,27,73,27,2,2,50,20,54,28,15,13,1.1,0.7
2025-12-23T2200,4290A,120.1969,35.9546,青岛市,珠江路669号,细颗粒物(PM2.5),83,78,24,61,23,18,18,45,23,38,35,8,9,0.6,0.5
2025-12-23T2200,4291A,120.0424,35.8656,青岛市,黄岛区人民政府广场,细颗粒物(PM2.5),79,83,29,58,20,29,29,58,36,35,25,6,5,0.8,0.7
2025-12-23T2200,1703A,113.0208,23.7106,清远市,凤城街办,颗粒物(PM10),60,69,67,41,49,37,37,100,81,61,32,10,12,1.0,0.9
2025-12-23T2200,3025A,113.0477,23.6344,清远市,技师学院,细颗粒物(PM2.5),80,91,77,59,50,14,14,110,90,79,38,12,12,1.0,0.9
2025-12-23T2200,3318A,112.9903,23.7403,清远市,清新太和,,33,33,63,21,44,95,95,114,111,19,27,10,14,0.6,0.8
2025-12-23T2200,3455A,113.076,23.7198,清远市,清城东城,颗粒物(PM10),60,69,64,39,44,55,55,107,92,28,25,7,10,0.8,0.9
2025-12-23T2200,2661A,107.6325,35.7357,庆阳市,庆阳五中,颗粒物(PM10),99,147,139,54,38,36,36,69,64,45,14,6,5,0.8,0.4
2025-12-23T2200,2662A,107.6364,35.7067,庆阳市,市环保局,颗粒物(PM10),85,120,136,37,30,63,63,70,69,13,9,3,2,0.6,0.4
2025-12-23T2200,1916A,103.7897,25.5035,曲靖市,环境监测站,颗粒物(PM10),66,82,41,41,22,10,10,43,19,32,18,6,6,1.2,0.9
2025-12-23T2200,1917A,103.8,25.5364,曲靖市,烟厂办公区,颗粒物(PM10),75,100,42,46,22,5,5,40,19,40,19,4,4,1.0,0.6
2025-12-23T2200,3376A,103.7947,25.462,曲靖市,南苑二区,颗粒物(PM10),67,84,43,46,21,15,15,47,24,21,13,3,4,0.7,0.5
2025-12-23T2200,3377A,103.7444,25.5261,曲靖市,曲靖师范学院,细颗粒物(PM2.5),155,,41,118,32,8,8,34,20,30,20,2,2,0.8,0.5
2025-12-23T2200,1264A,118.8692,28.9398,衢州市,环保大楼,细颗粒物(PM2.5),63,72,64,45,37,4,4,44,23,65,47,5,7,0.9,0.9
2025-12-23T2200,1265A,118.8709,28.9666,衢州市,实验学校,"颗粒物(PM10),细颗粒物(PM2.5)",58,65,58,41,34,2,2,46,24,62,43,6,6,0.8,0.7
2025-12-23T2200,1266A,118.8621,28.9808,衢州市,衢州学院,颗粒物(PM10),57,63,58,39,32,2,2,41,24,63,45,4,4,0.5,0.5
2025-12-23T2200,1611A,118.5819,24.9117,泉州市,涂山街,颗粒物(PM10),55,59,39,30,18,44,44,84,64,33,20,5,3,0.7,0.6
2025-12-23T2200,1612A,118.5972,24.8978,泉州市,津头埔,颗粒物(PM10),56,62,40,33,17,20,20,76,54,56,23,5,4,0.8,0.6
2025-12-23T2200,1613A,118.6663,24.9424,泉州市,万安,颗粒物(PM10),77,104,35,39,13,4,4,79,64,67,19,4,3,0.7,0.6
2025-12-23T2200,3529A,118.6333,24.9264,泉州市,城华南路,颗粒物(PM10),57,63,34,30,15,41,41,80,61,35,22,6,4,0.6,0.5
2025-12-23T2200,2626A,88.8876,29.2718,日喀则市,日喀则监测站,颗粒物(PM10),61,72,59,30,37,85,85,103,101,9,32,14,18,0.2,1
2025-12-23T2200,3726A,88.8781,29.2426,日喀则市,林业技术推广中心,,45,45,27,3,15,91,91,98,97,2,13,10,10,0.2,0.5
2025-12-23T2200,1659A,119.471,35.4209,日照市,监测站,细颗粒物(PM2.5),77,75,30,56,24,20,20,44,28,43,32,8,7,0.8,0.6
2025-12-23T2200,1660A,119.523,35.4216,日照市,市政府广场,细颗粒物(PM2.5),77,80,32,56,22,16,16,44,26,42,28,10,9,1.0,0.8
2025-12-23T2200,1661A,119.5587,35.4044,日照市,港务局,细颗粒物(PM2.5),94,85,36,70,28,20,20,51,26,38,28,8,7,0.9,0.8
2025-12-23T2200,3507A,119.5328,35.4625,日照市,职业技术学院,颗粒物(PM10),69,88,30,48,20,21,21,52,28,42,27,7,6,1.0,0.8
2025-12-23T2200,3604A,119.3266,35.1044,日照市,岚山环保分局,细颗粒物(PM2.5),99,97,36,74,25,18,18,55,36,39,23,15,9,1.3,0.7
2025-12-23T2200,1835A,111.1922,34.7752,三门峡市,市政府,颗粒物(PM10),99,147,105,48,56,6,6,63,41,52,26,8,8,0.4,0.6
2025-12-23T2200,1836A,111.1587,34.7942,三门峡市,开发区,颗粒物(PM10),97,143,109,33,51,16,16,58,47,38,22,7,7,0.4,0.5
2025-12-23T2200,3039A,111.1911,34.7829,三门峡市,三门峡市第一小学,颗粒物(PM10),99,148,124,28,47,16,16,57,45,46,24,7,8,0.6,0.5
2025-12-23T2200,3598A,111.1,34.7167,三门峡市,富达温泉假日酒店,颗粒物(PM10),79,107,110,26,51,27,27,55,49,32,30,13,13,0.5,0.5
2025-12-23T2200,2324A,117.6211,26.2625,三明市,三钢,,45,44,33,31,25,18,18,64,43,38,26,5,10,0.7,0.8
2025-12-23T2200,2325A,117.635,26.2714,三明市,三明二中,,40,35,30,28,21,17,17,64,48,38,22,8,13,0.8,0.7
2025-12-23T2200,2326A,117.6028,26.2378,三明市,三元区政府,,45,45,38,29,24,7,7,59,33,45,27,7,12,1.3,1.3
2025-12-23T2200,1876A,109.5078,18.2489,三亚市,河东子站,,26,26,28,11,11,69,69,75,73,7,6,4,4,0.6,0.6
2025-12-23T2200,1877A,109.4964,18.2681,三亚市,河西子站,,33,33,32,14,13,68,68,77,73,6,5,4,4,0.3,0.4
2025-12-23T2200,3540A,109.7348,18.3443,三亚市,君悦子站,,40,40,37,15,14,59,59,75,73,8,7,5,5,0.5,0.5
2025-12-23T2200,2624A,91.7608,29.2313,山南市,山南监测站,,32,32,25,14,12,67,67,98,95,24,16,8,6,0.5,0.4
2025-12-23T2200,2625A,91.7706,29.2436,山南市,山南人民医院,,24,24,18,13,8,67,67,85,84,23,18,6,6,0.6,0.5
2025-12-23T2200,1674A,116.6794,23.3667,汕头市,金平子站,,34,34,36,16,20,73,73,100,93,25,22,4,7,0.6,0.6
2025-12-23T2200,1675A,116.7244,23.3633,汕头市,龙湖子站,,37,37,34,16,16,76,76,93,89,20,18,8,10,0.6,0.6
2025-12-23T2200,1676A,116.7258,23.2775,汕头市,濠江子站,,29,25,33,20,18,85,85,95,93,15,14,7,7,0.6,0.6
2025-12-23T2200,1677A,116.7519,23.4714,汕头市,澄海子站,,50,50,39,23,20,81,81,96,93,19,21,6,8,0.6,0.6
2025-12-23T2200,1678A,116.6092,23.2539,汕头市,潮阳子站,,31,31,31,14,14,92,92,107,105,16,17,5,7,0.5,0.5
2025-12-23T2200,3444A,116.454,23.2684,汕头市,潮南峡山,,45,45,34,22,17,80,80,116,108,18,16,8,10,0.6,0.6
2025-12-23T2200,3624A,116.4069,23.2533,汕头市,潮南子站,,50,50,48,21,20,83,83,111,105,18,20,6,8,0.6,0.6
2025-12-23T2200,1693A,115.3653,22.775,汕尾市,市环保局,,38,38,41,15,20,107,107,110,110,8,12,6,7,0.5,0.6
2025-12-23T2200,1694A,115.3706,22.7898,汕尾市,市政府,,35,35,31,18,19,108,108,114,114,13,16,7,7,0.5,0.5
2025-12-23T2200,1695A,115.3622,22.7925,汕尾市,新城中学,,33,31,34,16,17,105,105,115,115,12,12,5,5,0.5,0.5
2025-12-23T2200,2645A,109.9154,33.8715,商洛市,监测站,颗粒物(PM10),74,98,80,37,33,27,27,67,51,36,22,5,4,0.5,0.5
2025-12-23T2200,3045A,109.9643,33.8471,商洛市,商州区中学,颗粒物(PM10),78,106,98,37,33,15,15,66,42,42,22,6,4,0.7,0.7
2025-12-23T2200,2408A,115.6702,34.4285,商丘市,环境监测站,细颗粒物(PM2.5),117,114,58,88,56,3,3,18,12,38,25,2,2,1.0,0.7
2025-12-23T2200,2409A,115.6458,34.4045,商丘市,粮食局,细颗粒物(PM2.5),119,102,60,90,54,9,9,17,14,35,27,3,2,0.8,0.5
2025-12-23T2200,2410A,115.6293,34.3948,商丘市,睢阳区环保局,细颗粒物(PM2.5),110,97,59,83,52,9,9,17,15,33,26,4,3,0.8,0.5
2025-12-23T2200,3171A,115.6071,34.4465,商丘市,梁园区档案局,细颗粒物(PM2.5),113,91,52,85,52,9,9,18,15,39,27,3,2,1.1,0.7
2025-12-23T2200,1141A,121.4,31.238,上海市,普陀,细颗粒物(PM2.5),73,74,45,53,21,11,11,52,20,44,41,6,6,0.9,0.7
2025-12-23T2200,1142A,121.478,31.2036,上海市,十五厂,细颗粒物(PM2.5),78,70,48,57,22,11,11,46,20,40,43,6,6,0.9,0.8
2025-12-23T2200,1143A,121.467,31.3008,上海市,虹口,细颗粒物(PM2.5),77,71,55,56,21,6,6,39,16,42,38,10,10,0.7,0.6
2025-12-23T2200,1147A,121.425,31.2261,上海市,静安监测站,细颗粒物(PM2.5),78,68,44,57,22,13,13,51,22,38,35,7,7,0.8,0.6
2025-12-23T2200,1148A,121.703,31.1907,上海市,浦东川沙,细颗粒物(PM2.5),79,84,48,58,20,6,6,52,24,48,42,6,6,0.7,0.5
2025-12-23T2200,1149A,121.533,31.2284,上海市,浦东新区监测站,细颗粒物(PM2.5),78,77,48,57,24,6,6,48,22,48,34,7,7,0.8,0.6
2025-12-23T2200,1150A,121.577,31.2071,上海市,浦东张江,细颗粒物(PM2.5),74,80,49,54,18,5,5,51,24,49,37,7,7,0.7,0.5
2025-12-23T2200,3265A,121.4316,31.3322,上海市,宝山庙行,细颗粒物(PM2.5),70,67,50,51,22,7,7,45,15,44,41,6,6,0.8,0.7
2025-12-23T2200,3266A,121.8791,31.4662,上海市,崇明上实东滩,颗粒物(PM10),62,74,35,41,15,17,17,42,34,26,30,4,5,0.7,0.4
2025-12-23T2200,3268A,121.3162,31.2838,上海市,嘉定南翔,细颗粒物(PM2.5),74,71,45,54,22,10,10,38,17,41,43,8,8,0.9,0.5
2025-12-23T2200,3269A,121.3359,30.7456,上海市,金山新城,细颗粒物(PM2.5),88,76,40,65,26,1,1,61,28,55,29,8,7,0.9,0.6
2025-12-23T2200,3270A,121.4996,31.0739,上海市,闵行浦江,细颗粒物(PM2.5),79,92,47,58,20,5,5,48,18,48,39,7,6,1.2,0.9
2025-12-23T2200,3271A,121.2886,31.1663,上海市,青浦徐泾,细颗粒物(PM2.5),72,89,52,52,23,4,4,42,12,43,45,4,4,0.8,0.5
2025-12-23T2200,3272A,121.2186,31.0378,上海市,松江图书馆,细颗粒物(PM2.5),74,77,41,54,22,1,1,55,21,51,40,6,7,0.8,0.6
2025-12-23T2200,3273A,121.3902,31.2059,上海市,长宁仙霞,细颗粒物(PM2.5),73,73,45,53,20,10,10,45,16,42,40,8,7,0.7,0.4
2025-12-23T2200,3274A,121.7965,31.0507,上海市,浦东惠南,细颗粒物(PM2.5),85,85,47,63,21,7,7,57,29,58,40,5,3,1.1,0.6
2025-12-23T2200,3544A,121.4891,30.925,上海市,奉贤南桥新城,细颗粒物(PM2.5),80,98,41,59,20,2,2,64,31,62,45,8,7,1.0,0.6
2025-12-23T2200,4183A,121.4174,31.16637,上海市,冠生园路458号,细颗粒物(PM2.5),80,84,55,59,30,15,15,18,18,47,46,5,5,0.8,0.5
2025-12-23T2200,4205A,121.5419,31.2683,上海市,宁武路151号,细颗粒物(PM2.5),74,76,56,54,23,3,3,40,19,51,47,6,6,0.8,0.6
2025-12-23T2200,2382A,117.9756,28.4436,上饶市,市监测站,颗粒物(PM10),75,99,56,46,27,9,9,49,40,61,34,10,10,0.7,0.6
2025-12-23T2200,2383A,117.9519,28.4628,上饶市,凤凰光学,颗粒物(PM10),84,118,58,48,26,2,2,46,27,61,42,6,16,1.5,1
2025-12-23T2200,3685A,117.897,28.4315,上饶市,双创科技城,颗粒物(PM10),66,82,47,42,26,13,13,47,35,71,48,8,18,0.8,0.8
2025-12-23T2200,4211A,118.1904,28.4448,上饶市,裕丰大道,细颗粒物(PM2.5),70,55,64,51,32,6,6,51,36,55,45,7,10,0.8,0.8
2025-12-23T2200,1669A,113.5824,24.7733,韶关市,市八中,颗粒物(PM10),70,89,81,50,55,14,14,72,56,55,33,8,9,1.2,1
2025-12-23T2200,1671A,113.5917,24.7972,韶关市,园林处,细颗粒物(PM2.5),87,76,65,64,56,2,2,80,56,73,34,8,10,1.6,1.3
2025-12-23T2200,1673A,113.5971,24.6863,韶关市,曲江监测站,细颗粒物(PM2.5),80,84,80,59,57,14,14,76,58,52,33,9,14,1.8,1.6
2025-12-23T2200,2809A,113.6668,24.7756,韶关市,大学路288号,细颗粒物(PM2.5),62,52,59,44,47,48,48,81,74,16,18,14,12,1.4,1.1
2025-12-23T2200,3622A,113.5556,24.8082,韶关市,碧湖山庄,细颗粒物(PM2.5),89,96,86,66,57,27,27,82,71,37,26,8,8,0.9,0.8
2025-12-23T2200,2464A,111.5283,27.2442,邵阳市,市化工厂,,23,19,73,16,54,39,39,30,30,15,23,6,9,0.9,1.1
2025-12-23T2200,2466A,111.4328,27.2272,邵阳市,市环保局,,20,16,48,14,56,33,33,26,26,15,21,3,4,1.0,1.2
2025-12-23T2200,4218A,111.4460,27.2472,邵阳市,北塔二期4-26地块,,20,16,53,14,63,29,29,24,24,13,22,4,6,0.8,1
2025-12-23T2200,4219A,111.4739,27.2282,邵阳市,邵水西路287号,,23,21,53,16,61,39,39,28,28,15,21,10,12,0.5,0.8
2025-12-23T2200,1247A,120.6053,29.9928,绍兴市,城东开发委,细颗粒物(PM2.5),70,84,47,51,27,4,4,49,32,50,37,9,8,0.8,0.5
2025-12-23T2200,2921A,120.5483,30.0003,绍兴市,树下王站,细颗粒物(PM2.5),97,109,53,72,30,12,12,51,38,46,35,6,6,0.6,0.5
2025-12-23T2200,3408A,120.5683,29.9361,绍兴市,绍兴中专,细颗粒物(PM2.5),78,80,47,57,29,5,5,48,34,43,31,7,7,0.9,0.6
2025-12-23T2200,3409A,120.4906,30.0861,绍兴市,柯桥区政府,细颗粒物(PM2.5),77,87,52,56,29,2,2,45,27,48,42,6,5,0.9,0.7
2025-12-23T2200,3410A,120.8752,30.0249,绍兴市,重华小学,细颗粒物(PM2.5),73,79,48,53,29,6,6,51,35,52,38,7,6,0.6,0.4
2025-12-23T2200,3411A,120.8369,30.0137,绍兴市,上虞中学,细颗粒物(PM2.5),82,93,51,60,32,5,5,52,34,49,38,8,7,0.7,0.5
2025-12-23T2200,3560A,120.4722,30.0415,绍兴市,柯桥妇保,细颗粒物(PM2.5),84,88,50,62,31,3,3,48,30,46,35,8,6,0.9,0.7
2025-12-23T2200,3658A,120.6153,30.0764,绍兴市,袍江中学,细颗粒物(PM2.5),72,78,51,52,31,2,2,48,29,50,39,8,8,0.9,0.6
2025-12-23T2200,1356A,114.1063,22.5545,深圳市,通心岭子站,,43,43,35,26,17,0,0,70,38,70,26,6,10,0.7,0.6
2025-12-23T2200,1357A,114.117,22.5625,深圳市,洪湖,,49,49,38,29,19,1,1,67,34,72,29,8,8,0.8,0.6
2025-12-23T2200,1358A,113.987,22.5417,深圳市,华侨城,,50,50,35,33,19,7,7,72,33,58,27,6,6,0.8,0.7
2025-12-23T2200,1359A,113.9181,22.5171,深圳市,南海子站,细颗粒物(PM2.5),55,56,41,39,22,17,17,72,40,65,40,6,6,0.8,0.7
2025-12-23T2200,1360A,114.2458,22.5689,深圳市,盐田,,40,40,35,26,17,29,29,58,40,19,33,7,8,0.6,0.6
2025-12-23T2200,1363A,114.494,22.5422,深圳市,南澳,,25,20,26,17,13,39,39,83,66,13,14,8,9,0.6,0.6
2025-12-23T2200,1364A,114.41,22.6342,深圳市,葵涌,,34,34,31,23,17,10,10,79,51,41,20,7,7,0.7,0.6
2025-12-23T2200,1365A,114.297,22.5978,深圳市,梅沙,,32,32,36,18,18,47,47,76,50,15,25,6,7,0.6,0.6
2025-12-23T2200,1366A,114.0678,22.738,深圳市,观澜,颗粒物(PM10),64,78,54,38,25,3,3,76,50,73,32,8,8,0.7,0.8
2025-12-23T2200,3305A,114.0731,22.559,深圳市,莲花,,45,42,33,31,20,0,0,65,23,53,26,7,7,0.7,0.6
2025-12-23T2200,3306A,114.0261,22.6198,深圳市,民治,颗粒物(PM10),59,67,41,41,24,3,3,66,31,85,37,8,8,1.0,0.7
2025-12-23T2200,3307A,114.1871,22.6451,深圳市,横岗,细颗粒物(PM2.5),59,66,46,42,26,2,2,75,34,72,32,6,7,1.1,0.9
2025-12-23T2200,3447A,114.3551,22.7151,深圳市,坪山,颗粒物(PM10),51,52,45,34,24,2,2,86,37,61,30,8,9,0.8,0.7
2025-12-23T2200,3623A,113.8953,22.5861,深圳市,西乡,,50,50,35,29,19,9,9,61,38,66,33,6,6,0.8,0.7
2025-12-23T2200,1099A,123.505,41.7406,沈阳市,浑南东路,颗粒物(PM10),57,63,42,23,23,20,20,47,33,43,27,14,11,0.6,0.6
2025-12-23T2200,1100A,123.4231,41.6989,沈阳市,新秀街,颗粒物(PM10),57,63,45,17,20,43,43,46,42,13,16,8,6,0.5,0.7
2025-12-23T2200,1102A,123.5903,41.8411,沈阳市,东陵路,颗粒物(PM10),69,88,42,31,22,3,3,42,30,47,22,7,8,0.9,0.7
2025-12-23T2200,1103A,123.4264,41.8467,沈阳市,陵东街,颗粒物(PM10),51,52,40,14,20,44,44,48,43,13,18,9,9,0.4,0.5
2025-12-23T2200,1104A,123.4114,41.7653,沈阳市,文化路,,48,48,44,16,23,35,35,53,41,26,22,33,10,0.5,0.6
2025-12-23T2200,1105A,123.4678,41.7867,沈阳市,小河沿,,49,49,37,17,21,28,28,42,35,32,29,9,10,0.6,0.7
2025-12-23T2200,1106A,123.4017,41.7972,沈阳市,太原街,,37,37,40,9,23,44,44,50,41,19,24,8,8,0.7,0.9
2025-12-23T2200,1108A,123.3783,41.9228,沈阳市,京沈街,颗粒物(PM10),56,61,42,16,23,47,47,50,50,16,20,9,9,0.4,0.5
2025-12-23T2200,2897A,123.2444,41.7347,沈阳市,沈辽西路,颗粒物(PM10),60,70,47,22,22,31,31,41,35,30,23,8,9,0.6,0.7
2025-12-23T2200,2900A,123.5953,41.9086,沈阳市,裕农路,颗粒物(PM10),58,65,40,35,22,20,20,51,39,41,21,3,4,0.8,0.8
2025-12-23T2200,2429A,110.78,32.6494,十堰市,滨河新村,颗粒物(PM10),61,72,44,41,29,12,12,30,24,35,24,6,7,0.8,0.9
2025-12-23T2200,2430A,110.7258,32.6389,十堰市,刘家沟,颗粒物(PM10),58,65,49,25,31,26,26,32,31,16,19,7,6,0.6,0.8
2025-12-23T2200,2431A,110.8839,32.5714,十堰市,铁二处,,,66,60,29,30,,,19,16,30,28,5,6,1.0,1.1
2025-12-23T2200,3545A,110.8054,32.8401,十堰市,郧阳区金沙路,颗粒物(PM10),62,74,50,39,32,7,7,31,29,32,18,6,6,0.9,0.9
2025-12-23T2200,2709A,86.0497,44.2967,石河子市,艾青诗歌馆,细颗粒物(PM2.5),84,76,105,62,82,2,2,47,21,49,29,7,8,1.6,1.1
2025-12-23T2200,3442A,86.047,44.2331,石河子市,南区管委会,,,37,94,30,64,46,46,49,49,,25,,6,0.4,0.6
2025-12-23T2200,4051A,86.0791,44.3017,石河子市,世纪广场,细颗粒物(PM2.5),105,80,106,79,72,5,5,42,22,45,25,13,10,1.5,0.9
2025-12-23T2200,1029A,114.4422,38.0444,石家庄市,职工医院,颗粒物(PM10),70,90,99,35,57,7,7,62,42,55,36,3,4,0.7,0.8
2025-12-23T2200,1030A,114.6063,38.0266,石家庄市,高新区,颗粒物(PM10),71,92,98,39,56,6,6,61,44,64,44,4,4,0.6,0.7
2025-12-23T2200,1031A,114.4898,38.1328,石家庄市,西北水源,颗粒物(PM10),56,62,107,22,56,16,16,54,38,50,41,2,2,0.4,0.8
2025-12-23T2200,1032A,114.4586,38.0058,石家庄市,西南高教,颗粒物(PM10),72,94,104,29,51,9,9,60,43,68,47,1,2,0.5,0.6
2025-12-23T2200,1033A,114.5331,38.0178,石家庄市,世纪公园,颗粒物(PM10),62,73,92,29,50,3,3,59,41,56,36,1,2,0.8,0.7
2025-12-23T2200,1034A,114.509,38.0457,石家庄市,人民会堂,颗粒物(PM10),70,90,100,29,48,13,13,58,45,55,37,3,3,0.6,0.7
2025-12-23T2200,2862A,114.5481,38.0378,石家庄市,22中南校区,颗粒物(PM10),67,83,96,36,52,6,6,57,39,56,33,1,2,0.9,0.7
2025-12-23T2200,3456A,114.289,38.0906,石家庄市,鹿泉一中,颗粒物(PM10),58,66,91,36,47,25,25,68,49,24,31,1,2,0.4,0.5
2025-12-23T2200,3573A,114.8506765,38.0322033,石家庄市,藁城区实验学校,颗粒物(PM10),92,134,110,64,51,2,2,55,35,67,49,3,3,0.8,0.7
2025-12-23T2200,4024A,114.6549,37.9020,石家庄市,栾城区星河路,颗粒物(PM10),81,112,90,42,51,16,16,70,48,66,38,6,5,0.8,0.6
2025-12-23T2200,4314A,114.0494,38.059,石家庄市,矿区区委大楼,颗粒物(PM10),63,75,98,20,37,14,14,66,43,40,40,14,9,0.5,0.7
2025-12-23T2200,1948A,106.3668,39.0145,石嘴山市,大武口朝阳西街,颗粒物(PM10),93,136,143,38,31,11,11,75,51,64,19,6,8,0.8,0.5
2025-12-23T2200,1949A,106.7704,39.2282,石嘴山市,惠农南大街,颗粒物(PM10),110,169,151,45,38,9,9,62,39,62,23,12,13,1.3,0.7
2025-12-23T2200,1950A,106.7099,39.1325,石嘴山市,红果子镇惠新街,颗粒物(PM10),101,152,143,38,32,3,3,66,44,68,18,15,14,0.7,0.6
2025-12-23T2200,3520A,106.3495,38.9836,石嘴山市,妇女儿童医院,颗粒物(PM10),104,158,146,44,28,14,14,73,55,67,17,15,12,0.8,0.4
2025-12-23T2200,3521A,106.7492,39.2069,石嘴山市,石大公路,颗粒物(PM10),120,189,153,53,43,4,4,65,35,75,24,13,12,1.4,0.8
2025-12-23T2200,2248A,131.1511,46.6937,双鸭山市,双合村,,39,32,56,27,43,34,34,29,29,12,21,7,9,0.7,0.8
2025-12-23T2200,2249A,131.1652,46.6191,双鸭山市,南小市,,43,36,58,30,45,18,18,34,,28,24,4,6,0.6,0.6
2025-12-23T2200,2250A,131.1524,46.6554,双鸭山市,环保局,,40,40,59,22,36,32,32,26,26,17,24,3,4,0.3,0.6
2025-12-23T2200,2166A,112.4397,39.3522,朔州市,平朔,颗粒物(PM10),68,86,79,26,20,18,18,63,48,33,15,10,6,0.4,0.3
2025-12-23T2200,2167A,112.4575,39.3617,朔州市,朔唯,颗粒物(PM10),69,88,79,12,18,13,13,59,40,46,18,11,7,0.4,0.2
2025-12-23T2200,2168A,112.4258,39.3197,朔州市,区政府,颗粒物(PM10),54,57,72,11,16,33,33,69,58,25,10,6,4,0.5,0.2
2025-12-23T2200,2169A,112.4072,39.3278,朔州市,市环保局,细颗粒物(PM2.5),79,97,75,58,20,17,17,71,54,41,14,24,5,0.6,0.3
2025-12-23T2200,2170A,112.4272,39.3681,朔州市,市二中,颗粒物(PM10),75,99,82,36,21,8,8,69,49,42,16,12,6,0.6,0.5
2025-12-23T2200,3571A,112.2931,39.53,朔州市,一水厂,,48,48,64,22,17,12,12,66,44,45,12,3,2,0.6,0.5
2025-12-23T2200,2225A,124.4002,43.1713,四平市,一商场,细颗粒物(PM2.5),69,60,42,50,26,35,35,51,35,26,17,6,5,1.4,0.6
2025-12-23T2200,2226A,124.388,43.193,四平市,境园,颗粒物(PM10),73,96,50,46,31,27,27,47,25,27,20,9,9,3.0,1.1
2025-12-23T2200,3486A,124.4036,43.1411,四平市,植物园,细颗粒物(PM2.5),68,62,37,49,17,11,11,52,28,51,19,5,6,0.8,0.5
2025-12-23T2200,3713A,124.3419,43.1666,四平市,世纪城,颗粒物(PM10),63,76,52,44,39,20,20,46,27,32,22,7,7,0.5,0.5
2025-12-23T2200,2233A,124.8006,45.1214,松原市,江南,细颗粒物(PM2.5),77,79,68,56,49,22,22,34,29,33,24,10,10,0.6,0.6
2025-12-23T2200,2234A,124.7965,45.1722,松原市,江北,细颗粒物(PM2.5),88,70,66,65,48,23,23,41,36,38,20,8,10,0.6,0.5
2025-12-23T2200,1162A,120.591,31.3019,苏州市,彩香,,,44,53,34,30,,,43,15,46,33,8,9,0.7,0.5
2025-12-23T2200,1163A,120.596,31.3264,苏州市,轧钢厂,,42,42,51,26,25,2,2,40,10,39,30,6,6,1.0,0.9
2025-12-23T2200,1164A,120.613,31.2703,苏州市,吴中区,,46,44,49,32,24,4,4,39,15,47,41,6,6,0.9,0.6
2025-12-23T2200,1165A,120.543,31.2994,苏州市,苏州新区,,50,46,51,35,32,1,1,44,11,47,36,7,8,0.9,0.7
2025-12-23T2200,1166A,120.669,31.3097,苏州市,苏州工业园区,颗粒物(PM10),54,57,57,35,27,3,3,40,8,46,36,5,6,0.8,0.6
2025-12-23T2200,1167A,120.641,31.3708,苏州市,相城区,,37,37,47,23,25,19,19,48,21,34,33,5,5,0.8,0.7
2025-12-23T2200,3289A,120.743,31.3188,苏州市,方洲路,,46,46,49,29,26,10,10,40,11,46,41,6,7,0.7,0.5
2025-12-23T2200,3290A,120.5031,31.2774,苏州市,木渎中学,,45,40,48,31,30,11,11,47,17,37,31,6,7,0.7,0.5
2025-12-23T2200,3425A,120.624,31.1733,苏州市,越秀幼儿园,细颗粒物(PM2.5),68,74,44,49,31,5,5,39,12,41,34,4,6,0.9,0.7
2025-12-23T2200,3431A,120.6505,31.416,苏州市,高铁新城,,38,37,54,26,29,11,11,32,7,33,39,7,8,0.8,0.6
2025-12-23T2200,1220A,118.293,33.9528,宿迁市,宿迁学院,细颗粒物(PM2.5),62,56,39,44,28,23,23,26,21,26,22,3,3,0.8,0.5
2025-12-23T2200,1221A,118.2442,33.9592,宿迁市,宿迁中学,细颗粒物(PM2.5),60,,36,43,31,14,14,20,16,27,18,5,4,0.7,0.5
2025-12-23T2200,2996A,118.283,33.965,宿迁市,市供电局,细颗粒物(PM2.5),63,52,38,45,29,22,22,24,18,22,22,3,3,0.8,0.6
2025-12-23T2200,3191A,118.3225,33.9447,宿迁市,宿豫区政府,细颗粒物(PM2.5),62,53,41,44,30,25,25,23,21,28,26,6,6,1.0,0.7
2025-12-23T2200,3187A,116.9509,33.666,宿州市,远航博物馆,细颗粒物(PM2.5),83,83,51,61,36,18,18,24,21,30,28,2,2,0.5,0.4
2025-12-23T2200,3463A,116.9708,33.591,宿州市,社会福利中心,细颗粒物(PM2.5),79,79,47,58,36,16,16,20,19,29,24,5,4,0.6,0.5
2025-12-23T2200,3634A,116.9884,33.6305,宿州市,宿州学院,细颗粒物(PM2.5),83,80,46,61,32,15,15,22,18,29,25,6,5,0.6,0.5
2025-12-23T2200,3701A,116.9648,33.6252,宿州市,皖北煤电集团,,,,57,,38,,,23,22,26,24,3,3,0.7,0.6
2025-12-23T2200,2266A,126.9785,46.6365,绥化市,人和东街,,44,44,57,29,33,44,44,40,40,14,19,3,7,0.4,0.6
2025-12-23T2200,2267A,126.964,46.6528,绥化市,党政办公中心,颗粒物(PM10),57,64,75,31,37,40,40,37,36,13,19,4,9,0.3,0.5
2025-12-23T2200,2451A,113.3583,31.7275,随州市,市委党校,细颗粒物(PM2.5),73,85,47,53,35,38,38,32,32,22,20,5,3,0.6,0.6
2025-12-23T2200,2452A,113.3833,31.6908,随州市,市林业局,细颗粒物(PM2.5),70,86,50,51,33,42,42,36,36,21,18,4,3,1.0,1
2025-12-23T2200,2453A,113.3983,31.7308,随州市,市立交桥水厂,细颗粒物(PM2.5),77,90,50,56,42,34,34,28,28,22,22,4,3,0.8,0.9
2025-12-23T2200,2528A,105.5582,30.5232,遂宁市,市监测站,颗粒物(PM10),57,63,39,22,16,33,33,32,32,19,21,6,6,0.4,0.5
2025-12-23T2200,2530A,105.5918,30.4728,遂宁市,美宁食品公司,,47,47,44,28,22,27,27,30,29,17,21,8,7,0.3,0.4
2025-12-23T2200,2706A,82.9994,46.7432,塔城地区,东门外小游园,,16,13,12,11,8,49,49,58,55,8,7,5,5,0.4,0.3
2025-12-23T2200,1255A,121.273,28.6459,台州市,黄岩环保大楼,颗粒物(PM10),65,80,44,38,19,5,5,66,38,56,26,5,5,0.7,0.5
2025-12-23T2200,1256A,121.419,28.6542,台州市,台州环保大楼,颗粒物(PM10),70,89,61,47,30,2,2,59,30,73,42,8,6,0.7,0.6
2025-12-23T2200,1257A,121.377,28.5773,台州市,路桥田洋王,细颗粒物(PM2.5),75,90,59,55,33,9,9,61,38,70,33,6,5,0.8,0.5
2025-12-23T2200,3564A,121.2568,28.6681,台州市,台州科技职业学院,"颗粒物(PM10),细颗粒物(PM2.5)",90,130,59,67,29,3,3,68,33,79,40,6,6,0.8,0.5
2025-12-23T2200,1081A,112.522,37.8873,太原市,尖草坪,颗粒物(PM10),69,88,112,24,38,34,34,67,50,33,26,4,8,0.3,0.4
2025-12-23T2200,1083A,112.434,38.0108,太原市,上兰,颗粒物(PM10),72,94,108,19,35,50,50,70,57,19,25,7,8,0.3,0.5
2025-12-23T2200,1084A,112.469,37.7124,太原市,晋源,颗粒物(PM10),115,180,158,42,53,16,16,67,36,51,30,7,11,0.5,0.6
2025-12-23T2200,1085A,112.5583,37.7394,太原市,小店,颗粒物(PM10),82,113,133,36,52,28,28,67,44,38,25,12,13,0.8,0.6
2025-12-23T2200,1086A,112.5369,37.8692,太原市,桃园,颗粒物(PM10),76,102,116,28,42,18,18,63,44,50,26,14,9,0.7,0.7
2025-12-23T2200,1087A,112.57,37.8195,太原市,坞城,颗粒物(PM10),75,100,115,30,44,27,27,65,47,45,33,12,13,0.7,0.6
2025-12-23T2200,1088A,112.549,37.9854,太原市,南寨,,,,111,,36,,,66,48,,27,,6,,0.6
2025-12-23T2200,3618A,112.4719,37.7831,太原市,金胜,颗粒物(PM10),72,93,139,22,40,49,49,68,48,20,23,3,7,0.3,0.4
2025-12-23T2200,4010A,112.5608,37.8807,太原市,育英中学,颗粒物(PM10),71,92,102,26,40,26,26,69,50,42,25,9,11,0.5,0.5
2025-12-23T2200,1656A,117.1437,36.1937,泰安市,监测站,细颗粒物(PM2.5),88,83,52,65,39,14,14,53,40,48,27,5,4,0.8,0.5
2025-12-23T2200,1657A,117.0885,36.2017,泰安市,人口学校,细颗粒物(PM2.5),55,58,49,39,41,18,18,33,29,40,29,4,5,0.6,0.5
2025-12-23T2200,1658A,117.1089,36.1758,泰安市,电力学校,细颗粒物(PM2.5),89,83,44,66,46,8,8,46,37,69,41,8,4,0.8,0.4
2025-12-23T2200,3502A,117.1812,36.2275,泰安市,国网新校,细颗粒物(PM2.5),67,76,52,48,33,17,17,54,44,36,21,3,3,0.9,0.6
2025-12-23T2200,3503A,117.0313,36.2018,泰安市,交通技校,细颗粒物(PM2.5),54,39,41,38,40,17,17,37,28,30,26,2,3,0.6,0.5
2025-12-23T2200,3504A,117.0829,36.13,泰安市,山东第一医科大学,细颗粒物(PM2.5),85,80,49,63,43,8,8,39,34,60,34,2,2,0.8,0.5
2025-12-23T2200,1206A,119.905,32.4878,泰州市,公园路,,32,24,28,22,20,9,9,29,13,29,29,6,7,0.7,0.6
2025-12-23T2200,1207A,119.9189,32.4625,泰州市,莲花,,35,,30,24,20,13,13,33,17,31,30,8,9,0.6,0.5
2025-12-23T2200,1209A,119.888,32.4639,泰州市,留学生创业园,,39,35,37,27,23,7,7,30,13,40,37,8,10,0.6,0.6
2025-12-23T2200,2997A,119.8767,32.3289,泰州市,王营,,35,26,38,24,19,4,4,29,12,34,33,6,8,0.6,0.5
2025-12-23T2200,3295A,120.1259,32.5099,泰州市,姜堰区政府广场,,22,16,30,15,19,18,18,36,17,20,25,7,8,0.5,0.5
2025-12-23T2200,3435A,119.9192,32.4322,泰州市,周山河街区,,39,29,28,27,24,10,10,26,14,27,26,8,9,0.6,0.5
2025-12-23T2200,1038A,118.1725,39.6334,唐山市,物资局,,13,6,66,3,46,40,40,52,50,17,44,3,4,0.6,0.9
2025-12-23T2200,1040A,118.1705,39.6506,唐山市,十二中,,15,15,62,7,42,48,48,52,52,11,39,2,5,0.4,0.8
2025-12-23T2200,1041A,118.1869,39.622,唐山市,小山,,14,14,62,3,44,35,35,47,46,4,34,5,7,0.5,0.8
2025-12-23T2200,3457A,118.4359,39.2762,唐山市,冀东油田职工医院,,30,,51,21,45,46,46,43,43,14,31,4,5,0.6,0.6
2025-12-23T2200,3575A,118.09279,39.58089,唐山市,正泰大街热力站,,32,32,72,10,45,16,16,44,32,23,35,3,3,1.0,1
2025-12-23T2200,3576A,118.1562,39.8322,唐山市,丰润区政府,,14,14,80,6,51,29,29,38,38,6,32,2,5,0.8,1
2025-12-23T2200,3577A,118.43673,39.73809,唐山市,金山小学,,17,8,66,3,47,53,53,58,58,13,38,3,7,0.4,0.8
2025-12-23T2200,3578A,118.24498,39.66941,唐山市,政府服务中心,,20,20,63,6,44,25,25,36,33,23,44,2,6,0.6,0.8
2025-12-23T2200,3692A,118.2059,39.6585,唐山市,消防缸窑路中队,,21,21,76,3,41,40,40,46,45,2,27,1,12,0.6,0.9
2025-12-23T2200,3693A,118.1436,39.6202,唐山市,路南电大,,28,28,66,15,48,27,27,43,41,13,35,3,3,0.8,0.9
2025-12-23T2200,4197A,118.1309,39.6360,唐山市,友谊北路34号,,15,14,70,10,49,34,34,45,44,8,32,2,4,0.7,0.9
2025-12-23T2200,1015A,117.1444,39.1661,天津市,勤俭道,,14,14,54,6,35,44,44,60,55,27,33,7,9,0.3,0.5
2025-12-23T2200,1018A,117.202,39.0927,天津市,前进道,,15,13,53,6,35,48,48,63,60,18,26,6,7,0.5,0.7
2025-12-23T2200,1019A,117.1837,39.2133,天津市,淮河道,,20,20,58,9,33,30,30,57,50,35,32,6,7,0.5,0.6
2025-12-23T2200,1021A,117.3083,39.0884,天津市,跃进路,,22,22,57,10,36,42,42,57,53,28,34,6,7,0.5,0.7
2025-12-23T2200,1023A,117.707,39.0343,天津市,第四大街,,22,22,59,10,38,24,24,39,33,40,42,9,9,0.4,0.6
2025-12-23T2200,1024A,117.457,38.8394,天津市,永明路,,17,14,55,9,39,31,31,52,47,34,33,8,8,0.5,0.7
2025-12-23T2200,1026A,117.764,39.1587,天津市,汉北路,,18,18,60,10,39,22,22,41,36,32,36,10,10,0.6,1
2025-12-23T2200,2858A,117.7918,39.2474,天津市,河西一经路,,35,35,69,16,42,20,20,44,37,46,41,16,7,2.4,0.8
2025-12-23T2200,2859A,117.3747,38.9846,天津市,津沽路,,18,18,55,7,35,32,32,57,48,33,33,8,9,0.5,0.7
2025-12-23T2200,2860A,117.1589,39.0845,天津市,宾水西道,,16,6,46,3,34,50,50,60,58,17,28,5,6,0.4,0.7
2025-12-23T2200,2922A,117.1941,39.1067,天津市,大理道,,15,13,53,3,33,46,46,61,58,27,33,8,8,0.3,0.6
2025-12-23T2200,3020A,117.2101,39.1699,天津市,中山北路,,16,13,51,8,34,36,36,53,48,31,33,5,6,0.5,0.7
2025-12-23T2200,3051A,117.3876,39.1488,天津市,西四道,,19,16,44,8,32,31,31,54,46,38,39,8,9,0.4,0.6
2025-12-23T2200,3325A,117.0365,39.3828,天津市,雍阳西道,,19,19,65,8,37,36,36,52,47,29,37,6,8,0.6,0.7
2025-12-23T2200,3326A,117.0296,39.0605,天津市,辛老路,,18,18,63,9,39,43,43,65,56,24,31,10,11,0.3,0.7
2025-12-23T2200,3327A,116.9638,38.9375,天津市,地纬路,,13,13,66,6,44,35,35,49,46,25,29,8,8,0.2,0.4
2025-12-23T2200,3460A,117.4067,40.0583,天津市,北环路,,16,16,68,10,45,37,37,60,54,25,37,2,3,0.4,0.7
2025-12-23T2200,3461A,117.3045,39.7169,天津市,建设路,,24,24,78,12,48,21,21,51,44,46,48,7,9,0.4,0.8
2025-12-23T2200,3462A,117.8199,39.3521,天津市,滨水东路,,18,17,63,12,37,38,38,51,48,18,37,7,9,0.3,1.1
2025-12-23T2200,4196A,117.2437,39.1029,天津市,光华路,,18,18,56,10,38,42,42,56,52,26,31,8,8,0.8,0.8
2025-12-23T2200,2650A,105.7205,34.5786,天水市,公园小学,颗粒物(PM10),65,79,58,30,20,62,62,79,74,17,16,11,10,0.5,0.4
2025-12-23T2200,2651A,105.8945,34.5538,天水市,麦积国土局,颗粒物(PM10),65,80,68,37,22,60,60,89,81,20,18,12,10,0.7,0.6
2025-12-23T2200,2216A,123.8139,42.3022,铁岭市,汇工街西,细颗粒物(PM2.5),88,69,35,65,26,4,4,50,35,45,26,23,12,1.0,0.6
2025-12-23T2200,2217A,123.8649,42.2923,铁岭市,水上乐园,细颗粒物(PM2.5),58,55,33,41,20,18,18,45,36,42,24,7,7,0.6,0.3
2025-12-23T2200,2218A,123.8486,42.2867,铁岭市,银州路东段,"颗粒物(PM10),细颗粒物(PM2.5)",59,67,40,42,24,6,6,51,36,52,20,6,6,0.6,0.4
2025-12-23T2200,2219A,123.7153,42.2217,铁岭市,金沙江路北,细颗粒物(PM2.5),63,56,39,45,24,5,5,47,37,56,23,8,7,0.7,0.5
2025-12-23T2200,2229A,125.9358,41.7173,通化市,光明,,35,35,28,12,8,57,57,65,58,11,19,4,7,0.4,0.5
2025-12-23T2200,2230A,125.9446,41.7325,通化市,铁路,,38,38,34,22,13,51,51,52,49,15,28,6,12,0.2,0.5
2025-12-23T2200,2191A,122.2532,43.6801,通辽市,艺术职业学校,,45,45,70,6,26,60,60,59,58,8,21,8,37,0.3,0.5
2025-12-23T2200,3706A,122.2584,43.6333,通辽市,老干部活动中心,,40,40,62,24,34,60,60,57,57,9,17,3,5,0.4,0.6
2025-12-23T2200,3708A,122.2922,43.6189,通辽市,东方明珠社区,,48,42,74,33,46,50,50,51,50,16,22,12,12,0.3,0.5
2025-12-23T2200,1923A,109.0697,35.0697,铜川市,王益区政府,颗粒物(PM10),63,75,91,32,43,8,8,59,42,46,31,4,3,0.8,0.8
2025-12-23T2200,1924A,108.9344,34.9058,铜川市,新区管委会,细颗粒物(PM2.5),97,114,109,72,43,12,12,61,50,56,25,22,5,1.1,0.8
2025-12-23T2200,4234A,108.9497,34.8705,铜川市,大唐三路,细颗粒物(PM2.5),88,99,108,65,41,23,23,61,48,41,21,35,5,1.0,0.7
2025-12-23T2200,2285A,117.8177,30.9412,铜陵市,市第四中学,,42,39,51,29,30,12,12,16,16,24,28,7,8,0.4,0.4
2025-12-23T2200,2286A,117.8059,30.9273,铜陵市,市公路局,,42,42,54,25,31,15,15,18,18,18,27,5,7,0.6,0.6
2025-12-23T2200,2287A,117.7807,30.9413,铜陵市,市新民污水厂,,48,48,53,27,30,19,19,22,22,19,28,3,4,0.5,0.5
2025-12-23T2200,2288A,117.7439,30.8792,铜陵市,市第九中学,,50,35,49,35,27,20,20,20,20,18,31,5,6,0.6,0.6
2025-12-23T2200,2289A,117.846,30.9413,铜陵市,车站新区,细颗粒物(PM2.5),60,,41,43,33,18,18,19,19,21,31,5,7,0.4,0.5
2025-12-23T2200,2290A,117.8483,30.97,铜陵市,市职教基地,,43,43,44,21,24,10,10,15,14,25,27,3,4,0.6,0.5
2025-12-23T2200,2585A,109.1839,27.7344,铜仁市,铜仁卫校,,39,36,29,27,21,41,41,36,36,13,15,1,1,0.6,0.7
2025-12-23T2200,2586A,109.1753,27.6944,铜仁市,铜仁七中,细颗粒物(PM2.5),52,,28,36,22,43,43,38,38,16,14,2,2,0.7,0.7
2025-12-23T2200,2686A,89.1904,42.9418,吐鲁番市,市环保局,细颗粒物(PM2.5),169,204,171,128,86,11,11,40,35,71,43,30,15,3.3,1.9
2025-12-23T2200,2687A,89.1673,42.9559,吐鲁番市,地区环保局,细颗粒物(PM2.5),134,189,152,102,91,25,25,43,40,42,40,7,8,1.8,1.6
2025-12-23T2200,1662A,122.1214,37.4236,威海市,华夏技校,细颗粒物(PM2.5),63,63,20,45,15,50,50,53,49,18,14,3,3,0.5,0.3
2025-12-23T2200,1663A,122.0508,37.5236,威海市,山大分校,细颗粒物(PM2.5),64,59,21,46,12,49,49,56,49,20,14,4,4,0.5,0.3
2025-12-23T2200,1664A,122.1067,37.5072,威海市,市监测站,颗粒物(PM10),66,81,25,46,16,51,51,51,48,19,17,3,3,0.5,0.3
2025-12-23T2200,1982A,122.0693,37.2174,威海市,文登开发区,细颗粒物(PM2.5),79,90,27,58,20,38,38,52,38,18,13,3,3,0.6,0.4
2025-12-23T2200,3505A,122.1379,37.3414,威海市,临港区管委会,颗粒物(PM10),59,68,22,41,15,48,48,60,46,18,13,3,4,0.6,0.4
2025-12-23T2200,1650A,119.1437,36.7023,潍坊市,环保局,细颗粒物(PM2.5),84,88,50,62,36,6,6,36,19,62,33,7,3,1.0,0.8
2025-12-23T2200,2877A,119.1641,36.6523,潍坊市,坊子邮政,细颗粒物(PM2.5),94,102,53,70,37,2,2,30,16,66,36,10,6,1.1,0.8
2025-12-23T2200,3178A,119.0587,36.721,潍坊市,潍坊七中,细颗粒物(PM2.5),95,97,52,71,42,1,1,31,16,63,35,7,4,1.0,0.8
2025-12-23T2200,3368A,119.1977,36.6872,潍坊市,高新实验学校,细颗粒物(PM2.5),87,97,49,64,39,11,11,33,21,53,26,8,3,0.9,0.6
2025-12-23T2200,3416A,119.1755,36.7149,潍坊市,潍坊学院,细颗粒物(PM2.5),89,95,50,66,37,4,4,39,20,60,29,8,4,1.1,0.8
2025-12-23T2200,3861A,119.2041,36.7699,潍坊市,寒亭区实验一小,细颗粒物(PM2.5),94,92,48,70,38,1,1,39,12,54,26,10,6,0.9,0.6
2025-12-23T2200,1940A,109.4636,34.493,渭南市,体育馆,颗粒物(PM10),67,83,122,24,40,12,12,62,46,57,31,5,5,0.5,0.5
2025-12-23T2200,1941A,109.4259,34.5023,渭南市,高新一小,颗粒物(PM10),70,90,113,27,44,10,10,64,52,68,29,6,5,0.8,0.7
2025-12-23T2200,4235A,109.5051,34.4921,渭南市,渭花路4号,颗粒物(PM10),70,90,124,41,53,23,23,59,50,34,29,5,6,0.4,0.6
2025-12-23T2200,1242A,120.634,28.0089,温州市,瓯海,"颗粒物(PM10),细颗粒物(PM2.5)",73,96,58,53,32,3,3,65,31,73,49,9,8,1.1,0.6
2025-12-23T2200,1243A,120.6748,27.9939,温州市,南浦,颗粒物(PM10),69,88,54,45,30,3,3,67,38,79,47,6,6,1.0,0.5
2025-12-23T2200,1244A,120.76,27.9747,温州市,龙湾,颗粒物(PM10),91,131,67,38,23,2,2,48,28,78,53,6,6,0.8,0.5
2025-12-23T2200,1245A,120.6709,28.0167,温州市,市站,颗粒物(PM10),76,102,64,39,25,2,2,64,39,70,46,6,7,0.7,0.6
2025-12-23T2200,3561A,120.6985,27.9251,温州市,茶山,细颗粒物(PM2.5),67,76,50,48,27,14,14,64,47,48,36,4,5,0.6,0.4
2025-12-23T2200,2610A,104.2533,23.3594,文山壮族苗族自治州,州水务局,细颗粒物(PM2.5),60,48,42,43,30,47,47,69,63,12,8,5,5,0.4,0.3
2025-12-23T2200,2611A,104.2319,23.3892,文山壮族苗族自治州,市便民服务中心,,35,32,33,24,25,48,48,61,56,14,14,6,7,0.4,0.5
2025-12-23T2200,2187A,106.8174,39.6973,乌海市,市林业局,颗粒物(PM10),89,128,159,47,39,31,31,73,61,38,14,9,11,0.8,0.6
2025-12-23T2200,2188A,106.7907,39.6667,乌海市,中海勃湾学校,颗粒物(PM10),90,130,152,40,37,46,46,79,69,30,15,8,10,0.6,0.6
2025-12-23T2200,3284A,106.813,39.7274,乌海市,海北新区,颗粒物(PM10),84,118,190,29,33,0,0,65,30,63,28,21,21,0.7,0.5
2025-12-23T2200,2197A,113.1306,40.9923,乌兰察布市,集宁新区,,30,30,35,13,20,24,24,83,51,46,17,5,7,0.3,0.2
2025-12-23T2200,3034A,113.1076,41.0385,乌兰察布市,光明街小学,,20,18,33,12,20,32,32,69,56,40,18,5,3,0.7,0.4
2025-12-23T2200,3285A,113.1376,40.9509,乌兰察布市,北京八中,,29,26,35,20,17,40,40,65,50,22,14,4,3,0.5,0.5
2025-12-23T2200,3421A,113.1775,40.9779,乌兰察布市,市委党校,,29,25,34,20,18,46,46,73,53,21,10,5,7,0.2,0.2
2025-12-23T2200,1490A,87.5801,43.8303,乌鲁木齐市,监测站,细颗粒物(PM2.5),59,60,48,42,35,11,11,24,16,56,52,2,3,0.9,1
2025-12-23T2200,1491A,87.6046,43.768,乌鲁木齐市,收费所,细颗粒物(PM2.5),74,60,36,54,30,5,5,36,18,58,46,4,5,0.8,0.6
2025-12-23T2200,1493A,87.5525,43.8711,乌鲁木齐市,铁路局,细颗粒物(PM2.5),84,65,55,62,47,14,14,32,28,63,50,2,2,1.0,0.8
2025-12-23T2200,1494A,87.6432,43.831,乌鲁木齐市,三十一中学,细颗粒物(PM2.5),63,51,53,45,42,29,29,28,28,31,48,5,6,0.7,0.9
2025-12-23T2200,1496A,87.7216,44.1747,乌鲁木齐市,米东区环保局,细颗粒物(PM2.5),183,181,143,138,117,2,2,40,22,135,50,7,10,1.1,0.8
2025-12-23T2200,3033A,87.4651,43.4569,乌鲁木齐市,培训基地,,,5,6,,7,82,82,74,74,8,10,5,5,0.4,0.6
2025-12-23T2200,3437A,88.3118,43.3658,乌鲁木齐市,达坂城区环保局,,32,24,23,22,17,47,47,46,40,12,21,5,5,0.4,0.5
2025-12-23T2200,3438A,87.6162,43.8801,乌鲁木齐市,红光山片区,细颗粒物(PM2.5),87,,40,64,48,11,11,24,,69,54,14,12,1.2,1.2
2025-12-23T2200,3439A,87.7024,43.8004,乌鲁木齐市,新师大温泉校区,细颗粒物(PM2.5),59,53,43,42,34,25,25,45,35,34,31,4,4,0.7,0.6
2025-12-23T2200,3440A,87.4921,43.8411,乌鲁木齐市,大绿谷,细颗粒物(PM2.5),59,52,49,42,43,14,14,30,25,55,45,3,4,1.0,1
2025-12-23T2200,1188A,120.269,31.4867,无锡市,雪浪,,27,27,38,14,20,11,11,42,14,31,27,6,8,0.6,0.5
2025-12-23T2200,1189A,120.275,31.6219,无锡市,黄巷,,32,26,42,22,22,1,1,36,5,42,38,6,7,0.8,0.7
2025-12-23T2200,1191A,120.242,31.5031,无锡市,漆塘,,29,29,48,17,19,8,8,43,13,31,26,6,8,0.8,0.6
2025-12-23T2200,1192A,120.3489,31.5863,无锡市,东亭,,22,22,38,12,19,2,2,38,7,33,32,8,9,0.2,0.2
2025-12-23T2200,1193A,120.354,31.5475,无锡市,旺庄,,,29,46,17,21,,,37,10,37,36,1,3,0.8,0.7
2025-12-23T2200,1194A,120.245,31.5631,无锡市,荣巷,,24,24,37,14,19,8,8,41,10,34,32,7,8,0.7,0.6
2025-12-23T2200,1195A,120.299,31.6817,无锡市,堰桥,,20,19,37,14,19,1,1,34,9,35,32,8,9,0.8,0.7
2025-12-23T2200,3428A,120.3142,31.4753,无锡市,华庄,,29,27,42,20,27,10,10,42,13,38,33,4,6,0.7,0.6
2025-12-23T2200,4254A,120.2925,31.5685,无锡市,健康路105号,,32,,39,22,24,4,4,36,8,41,37,6,7,0.8,0.7
2025-12-23T2200,2677A,106.1532,37.9648,吴忠市,教育园区,颗粒物(PM10),127,204,215,65,47,32,32,65,53,33,13,12,14,0.6,0.4
2025-12-23T2200,2679A,106.1856,37.9956,吴忠市,新区二泵站,颗粒物(PM10),127,203,218,63,49,22,22,68,54,46,14,11,12,0.7,0.4
2025-12-23T2200,3648A,106.2112,37.9768,吴忠市,文卫南街,颗粒物(PM10),128,205,208,46,44,41,41,67,58,32,14,15,13,0.5,0.3
2025-12-23T2200,1794A,118.3606,31.3519,芜湖市,监测站,,38,26,44,26,29,10,10,9,6,28,36,6,7,0.7,0.7
2025-12-23T2200,1795A,118.3714,31.4134,芜湖市,科创中心,,49,36,48,34,31,8,8,8,6,32,40,6,7,0.8,0.7
2025-12-23T2200,1796A,118.3673,31.3131,芜湖市,四水厂,,39,28,38,27,26,9,9,10,5,31,37,7,7,0.7,0.6
2025-12-23T2200,3328A,118.4209,31.3707,芜湖市,市气象局,,42,30,43,29,31,10,10,12,6,28,36,5,8,0.6,0.6
2025-12-23T2200,3465A,118.4781,31.3225,芜湖市,清苑社区,,36,25,40,25,28,5,5,8,4,35,41,5,6,0.7,0.6
2025-12-23T2200,3466A,118.2746,31.2326,芜湖市,扬子职业技术学院,,36,28,38,25,30,7,7,11,5,27,32,6,7,0.6,0.5
2025-12-23T2200,2495A,111.3014,23.4832,梧州市,市逸夫小学,,,116,89,62,59,,,110,92,77,24,13,12,1.1,0.7
2025-12-23T2200,2496A,111.3239,23.4794,梧州市,市十一中,颗粒物(PM10),65,80,67,37,41,0,0,103,74,90,28,8,10,0.5,0.5
2025-12-23T2200,2498A,111.2711,23.4835,梧州市,龙新,颗粒物(PM10),74,97,82,50,48,2,2,106,80,106,24,5,7,0.5,0.4
2025-12-23T2200,4258A,111.2419,23.4154,梧州市,政贤路18号,细颗粒物(PM2.5),59,58,80,42,48,77,77,102,100,22,25,8,10,0.7,0.8
2025-12-23T2200,2711A,87.5475,44.1756,五家渠市,农水大厦,细颗粒物(PM2.5),133,125,113,101,91,17,17,42,34,63,26,6,6,1.0,0.9
2025-12-23T2200,3441A,87.546,44.1912,五家渠市,经开区管委会,细颗粒物(PM2.5),149,126,115,114,96,8,8,40,32,112,35,3,3,1.1,1
2025-12-23T2200,1325A,114.3677,30.5584,武汉市,东湖梨园,细颗粒物(PM2.5),80,62,34,59,32,18,18,19,17,28,27,4,3,0.9,0.8
2025-12-23T2200,1326A,114.2529,30.558,武汉市,汉阳月湖,细颗粒物(PM2.5),83,64,35,61,31,19,19,22,,20,20,4,4,1.0,1
2025-12-23T2200,1327A,114.282,30.6189,武汉市,汉口花桥,细颗粒物(PM2.5),80,64,36,59,32,10,10,14,12,31,26,8,8,1.0,0.9
2025-12-23T2200,1328A,114.3025,30.5332,武汉市,武昌紫阳,细颗粒物(PM2.5),79,67,39,58,36,18,18,23,21,28,24,9,9,1.0,0.9
2025-12-23T2200,1329A,114.3646,30.6217,武汉市,青山钢花,细颗粒物(PM2.5),85,68,38,63,40,17,17,16,14,22,21,7,4,0.6,0.5
2025-12-23T2200,1330A,114.1566,30.4825,武汉市,沌口新区,细颗粒物(PM2.5),75,64,35,55,32,21,21,23,18,32,33,10,9,1.0,0.9
2025-12-23T2200,1331A,114.3014,30.5944,武汉市,汉口江滩,细颗粒物(PM2.5),102,79,38,76,44,10,10,14,12,32,25,6,5,1.0,0.9
2025-12-23T2200,1333A,114.135,30.6319,武汉市,吴家山,细颗粒物(PM2.5),83,,31,61,32,21,21,17,16,27,25,5,5,1.1,1
2025-12-23T2200,3153A,114.3877,30.4908,武汉市,民族大道182号,细颗粒物(PM2.5),94,,37,70,39,18,18,22,19,24,23,4,4,1.0,0.9
2025-12-23T2200,2652A,102.6201,37.9251,武威市,监测站,细颗粒物(PM2.5),108,,50,81,37,14,14,69,54,53,22,9,9,1.3,0.7
2025-12-23T2200,4270A,102.6447,37.9293,武威市,钟楼街149号,细颗粒物(PM2.5),83,62,51,61,36,21,21,72,60,33,14,11,8,1.0,0.7
2025-12-23T2200,1463A,108.993,34.2629,西安市,兴庆小区,颗粒物(PM10),106,162,117,42,46,8,8,62,46,55,28,2,2,0.8,0.8
2025-12-23T2200,1464A,109.06,34.2572,西安市,纺织城,颗粒物(PM10),108,165,130,47,54,0,0,48,27,64,45,3,2,0.8,1.2
2025-12-23T2200,1465A,108.9356,34.2173,西安市,小寨,颗粒物(PM10),87,124,107,30,45,8,8,67,54,64,27,7,7,0.9,0.8
2025-12-23T2200,1466A,108.954,34.2713,西安市,市人民体育场,颗粒物(PM10),106,162,141,48,54,2,2,60,40,75,32,1,2,1.1,0.8
2025-12-23T2200,1467A,108.8922,34.2322,西安市,高新西区,,,,110,30,50,17,17,64,56,58,22,3,3,,0.8
2025-12-23T2200,1468A,108.935,34.3474,西安市,经开区,颗粒物(PM10),83,115,127,38,51,4,4,58,37,63,27,3,2,0.8,0.8
2025-12-23T2200,1469A,108.906,34.1546,西安市,长安区,颗粒物(PM10),105,160,150,54,54,3,3,60,39,60,32,6,4,0.8,0.6
2025-12-23T2200,1471A,109.2186,34.3731,西安市,临潼区,颗粒物(PM10),75,100,114,36,42,12,12,56,44,50,22,3,2,0.8,0.6
2025-12-23T2200,1474A,109.051,34.3213,西安市,广运潭,颗粒物(PM10),103,156,133,47,63,1,1,54,34,55,32,4,2,1.3,0.9
2025-12-23T2200,3605A,109.09,34.5236,西安市,无线电监控中心,细颗粒物(PM2.5),87,117,120,64,54,16,16,56,39,46,30,9,5,0.7,0.7
2025-12-23T2200,4055A,108.8869,34.2662,西安市,行知小学,颗粒物(PM10),114,178,125,51,53,2,2,59,41,78,37,7,4,1.3,0.9
2025-12-23T2200,4233A,108.5962,34.1188,西安市,西苑北路977号,颗粒物(PM10),111,171,138,67,58,2,2,67,42,66,28,6,6,0.8,0.6
2025-12-23T2200,4307A,108.9817,34.2035,西安市,曲江池东路988号,颗粒物(PM10),98,146,129,37,49,15,15,62,47,43,22,2,2,0.5,0.6
2025-12-23T2200,3055A,101.7775,36.6428,西宁市,城北区政府,颗粒物(PM10),73,96,90,48,39,33,33,64,53,40,21,28,16,0.6,1
2025-12-23T2200,3629A,101.8305,36.5786,西宁市,世纪职校,细颗粒物(PM2.5),69,74,64,50,37,33,33,59,47,39,33,12,11,1.2,1.1
2025-12-23T2200,3630A,101.7413,36.6397,西宁市,师大城西校区,颗粒物(PM10),69,88,101,45,47,45,45,60,48,40,34,36,16,1.5,1.4
2025-12-23T2200,2612A,100.8018,21.9995,西双版纳傣族自治州,景洪市江南,,47,47,37,31,27,24,24,62,54,19,18,3,4,0.9,0.8
2025-12-23T2200,2613A,100.8017,22.0225,西双版纳傣族自治州,景洪市江北,颗粒物(PM10),52,54,39,29,18,18,18,60,51,26,13,4,4,0.7,0.6
2025-12-23T2200,3606A,108.7108,34.46,西咸新区,北杜,颗粒物(PM10),73,95,118,38,45,11,11,59,31,55,22,4,3,0.5,0.6
2025-12-23T2200,3607A,108.7096,34.2956,西咸新区,同德佳苑,颗粒物(PM10),91,131,144,34,26,20,20,68,46,39,18,4,3,0.6,0.5
2025-12-23T2200,3608A,108.8558,34.4978,西咸新区,崇文塔,颗粒物(PM10),68,86,125,39,45,18,18,56,45,39,20,3,2,0.5,0.4
2025-12-23T2200,2202A,116.1042,43.9317,锡林郭勒盟,市环保监测站,,17,,21,3,7,53,53,57,55,8,10,3,3,0.3,0.3
2025-12-23T2200,2203A,116.0781,43.9311,锡林郭勒盟,市政府,,16,10,25,3,5,50,50,59,56,11,9,4,4,0.3,0.3
2025-12-23T2200,1287A,118.1514,24.4767,厦门市,洪文,,39,39,30,16,13,70,70,96,92,13,14,4,3,0.5,0.4
2025-12-23T2200,1288A,118.0661,24.4444,厦门市,鼓浪屿,,31,31,30,12,15,67,67,78,76,27,34,2,4,0.7,0.7
2025-12-23T2200,2842A,118.0936,24.5058,厦门市,湖里中学,,42,42,30,20,14,46,46,85,73,28,22,2,2,0.7,0.5
2025-12-23T2200,3527A,118.0958,24.5688,厦门市,集美中学,,43,43,26,19,12,49,49,86,71,37,23,5,2,0.7,0.6
2025-12-23T2200,3528A,118.1493,24.7245,厦门市,同安二实小,,47,47,19,30,13,36,36,93,78,20,12,2,2,0.7,0.6
2025-12-23T2200,3655A,114.3375,29.8683,咸宁市,长江产业园,,,,38,,43,18,18,25,19,,27,5,5,1.0,0.8
2025-12-23T2200,4217A,114.3182,29.8447,咸宁市,双鹤路18号,细颗粒物(PM2.5),68,64,46,49,37,20,20,24,23,20,23,5,4,1.0,1
2025-12-23T2200,4298A,114.284,29.8595,咸宁市,碧桂路,细颗粒物(PM2.5),64,54,42,46,33,14,14,24,20,24,28,3,3,1.1,1
2025-12-23T2200,1919A,108.673,34.3155,咸阳市,实验中学,颗粒物(PM10),90,129,133,43,53,25,25,69,53,49,27,3,2,0.5,0.6
2025-12-23T2200,1920A,108.7233,34.3617,咸阳市,师范学院,颗粒物(PM10),66,82,123,25,46,39,39,67,52,33,22,7,4,0.2,0.3
2025-12-23T2200,3165A,108.6594,34.2969,咸阳市,两寺渡,颗粒物(PM10),98,145,140,40,49,22,22,66,50,48,24,2,3,0.6,0.6
2025-12-23T2200,3525A,108.6396,34.4078,咸阳市,奥体中心,颗粒物(PM10),86,121,136,32,41,21,21,62,34,48,26,4,4,0.5,0.6
2025-12-23T2200,1508A,112.9433,27.8614,湘潭市,板塘,,39,27,39,27,34,16,16,17,15,21,25,1,2,0.4,0.4
2025-12-23T2200,1511A,112.9118,27.8403,湘潭市,市监测站,,33,32,39,23,40,21,21,22,20,23,25,3,3,0.8,0.9
2025-12-23T2200,1512A,112.8937,27.8728,湘潭市,江麓,,50,,45,35,41,25,25,21,20,18,26,5,6,1.1,1.1
2025-12-23T2200,1513A,112.9227,27.8159,湘潭市,岳塘,,35,,34,24,36,13,13,12,10,25,27,13,14,0.8,0.8
2025-12-23T2200,1514A,112.9074,27.9119,湘潭市,科大,,33,33,41,21,32,17,17,18,16,18,21,2,3,1.0,1
2025-12-23T2200,1562A,113.0048,27.9153,湘潭市,昭山,,,,45,,42,20,20,19,17,,21,1,2,0.6,0.3
2025-12-23T2200,2493A,109.7325,28.3169,湘西土家族苗族自治州,州政府,,29,24,22,20,18,13,13,23,21,13,13,4,4,0.2,0.3
2025-12-23T2200,2494A,109.6958,28.2675,湘西土家族苗族自治州,吉首市计生局,,28,22,26,19,14,31,31,23,23,11,15,6,6,0.4,0.5
2025-12-23T2200,2432A,112.155,32.0197,襄阳市,襄城运动路,颗粒物(PM10),79,107,79,48,51,12,12,27,22,40,30,10,9,0.6,0.3
2025-12-23T2200,2434A,112.1825,32.1142,襄阳市,高新管委会,颗粒物(PM10),86,121,86,59,58,8,8,24,18,50,28,6,6,0.8,0.8
2025-12-23T2200,2435A,112.2106,32.0903,襄阳市,襄州航空路,颗粒物(PM10),96,141,87,58,52,19,19,18,13,27,24,8,7,0.7,0.7
2025-12-23T2200,3396A,112.0828,32.0067,襄阳市,襄城隆中路,颗粒物(PM10),83,116,77,43,41,28,28,35,33,35,29,10,10,0.5,0.5
2025-12-23T2200,3397A,112.1214,32.1008,襄阳市,高新台子湾,颗粒物(PM10),80,110,81,41,39,15,15,21,14,37,28,6,6,0.4,0.5
2025-12-23T2200,4251A,112.1433,32.0581,襄阳市,铁院东路4号,颗粒物(PM10),82,113,79,45,49,9,9,27,22,52,33,10,9,0.7,0.6
2025-12-23T2200,2443A,113.9153,30.9285,孝感市,文化路,细颗粒物(PM2.5),93,82,39,69,36,25,25,25,25,23,20,5,5,0.8,0.7
2025-12-23T2200,2444A,113.942,30.9075,孝感市,东城区,细颗粒物(PM2.5),79,80,38,58,30,26,26,22,22,24,20,4,4,0.9,0.9
2025-12-23T2200,2181A,112.7383,38.4519,忻州市,开发区,颗粒物(PM10),54,57,89,24,40,13,13,65,38,47,36,7,9,0.6,0.7
2025-12-23T2200,2182A,112.7003,38.4928,忻州市,会展中心,颗粒物(PM10),52,54,92,26,39,25,25,58,38,32,32,5,7,0.3,0.4
2025-12-23T2200,3208A,112.7283,38.4153,忻州市,市政府,颗粒物(PM10),55,59,91,20,37,10,10,45,30,52,42,6,8,0.6,0.8
2025-12-23T2200,2389A,113.836,35.311,新乡市,环保西院,细颗粒物(PM2.5),134,161,107,102,66,2,2,14,8,41,33,10,7,2.0,1.1
2025-12-23T2200,2390A,113.884,35.272,新乡市,开发区,细颗粒物(PM2.5),128,113,85,97,72,3,3,18,13,49,38,7,6,1.8,1
2025-12-23T2200,2391A,113.883,35.303,新乡市,环保东院,细颗粒物(PM2.5),127,129,94,96,74,2,2,15,10,47,32,6,5,1.7,0.9
2025-12-23T2200,3054A,113.9194,35.2847,新乡市,市委党校,细颗粒物(PM2.5),107,91,85,80,73,4,4,18,14,50,33,8,8,1.4,0.9
2025-12-23T2200,3475A,113.9188,35.3045,新乡市,市政府,细颗粒物(PM2.5),122,140,97,92,76,4,4,17,12,41,30,10,10,1.7,0.7
2025-12-23T2200,3689A,113.9003,35.372,新乡市,行政服务中心,细颗粒物(PM2.5),125,118,76,95,75,4,4,14,9,42,35,10,10,1.8,1
2025-12-23T2200,4215A,113.9166,35.3315,新乡市,建设东路46号,细颗粒物(PM2.5),127,154,113,96,77,5,5,16,11,36,30,11,9,1.8,1
2025-12-23T2200,2353A,114.9886,27.8431,新余市,飞宇,细颗粒物(PM2.5),60,61,69,43,48,19,19,29,24,24,31,18,25,0.8,0.9
2025-12-23T2200,2354A,114.9231,27.8246,新余市,第二水厂,细颗粒物(PM2.5),74,67,66,54,56,15,15,34,26,24,30,12,15,0.6,0.5
2025-12-23T2200,2355A,114.9308,27.8036,新余市,市气象局,细颗粒物(PM2.5),70,61,68,51,44,12,12,30,23,27,30,10,18,0.4,0.6
2025-12-23T2200,3206A,114.9149,27.807,新余市,新钢沁园村,"颗粒物(PM10),细颗粒物(PM2.5)",57,64,72,40,41,13,13,27,23,30,37,11,22,0.9,0.9
2025-12-23T2200,2054A,114.1099,32.1059,信阳市,平桥分局,细颗粒物(PM2.5),97,114,54,72,44,18,18,26,24,33,25,7,6,0.7,0.6
2025-12-23T2200,2064A,113.9956,32.1271,信阳市,南湾水厂,颗粒物(PM10),100,150,68,67,39,17,17,32,28,32,21,4,3,1.0,0.9
2025-12-23T2200,2065A,114.0775,32.1195,信阳市,市酿酒公司,细颗粒物(PM2.5),98,95,56,73,41,18,18,29,27,30,20,5,4,0.8,0.7
2025-12-23T2200,2201A,121.9504,46.0741,兴安盟,科右前旗环保局,,40,,53,28,40,58,58,62,62,8,16,7,8,0.6,0.8
2025-12-23T2200,4280A,122.0921,46.0650,兴安盟,洮儿河南路,,22,22,60,15,43,51,51,53,52,14,21,8,9,0.6,0.8
2025-12-23T2200,4311A,122.0383,46.0691,兴安盟,科尔沁北路63号,,35,,52,24,40,55,55,58,58,9,17,7,10,0.5,0.7
2025-12-23T2200,1077A,114.4704,37.0886,邢台市,达活泉,颗粒物(PM10),82,114,85,58,53,8,8,32,23,61,39,4,3,1.0,0.9
2025-12-23T2200,1078A,114.5062,37.0349,邢台市,邢师高专,细颗粒物(PM2.5),100,118,68,75,52,0,0,20,12,63,39,8,7,1.0,0.8
2025-12-23T2200,1079A,114.5237,37.0851,邢台市,路桥公司,细颗粒物(PM2.5),85,100,75,63,52,0,0,23,14,63,37,6,6,1.0,0.9
2025-12-23T2200,1080A,114.4725,37.0719,邢台市,市环保局,颗粒物(PM10),92,133,102,63,53,4,4,26,16,62,39,5,4,1.0,0.8
2025-12-23T2200,3584A,115.8844,39.0341,雄安新区,容城县环境保护局,,38,38,105,12,65,5,5,37,24,68,55,4,6,0.3,0.6
2025-12-23T2200,3585A,115.8665,39.0645,雄安新区,河北容城中学,,26,21,96,18,64,32,32,40,39,36,47,7,8,0.5,0.9
2025-12-23T2200,3586A,115.923,38.9405,雄安新区,安新县民政局,,41,41,111,22,68,46,46,50,50,22,45,4,6,0.4,0.8
2025-12-23T2200,3587A,115.9324,38.9338,雄安新区,安新县电力局,,44,44,104,13,68,28,28,43,41,50,53,4,6,0.3,0.7
2025-12-23T2200,3588A,116.0901,38.9816,雄安新区,雄县环境保护局,,31,31,98,8,55,28,28,55,52,44,43,9,7,0.4,0.7
2025-12-23T2200,3589A,116.1105,39.0046,雄安新区,雄县国土资源局,,38,38,93,11,58,25,25,42,40,37,44,8,8,0.4,0.7
2025-12-23T2200,1177A,117.179,34.2761,徐州市,黄河新村,细颗粒物(PM2.5),104,88,52,78,54,8,8,23,18,40,29,7,7,0.9,0.8
2025-12-23T2200,1180A,117.256,34.2153,徐州市,新城区,细颗粒物(PM2.5),88,95,54,65,40,6,6,23,17,42,30,10,9,0.6,0.4
2025-12-23T2200,1182A,117.2933,34.2778,徐州市,农科院,细颗粒物(PM2.5),84,85,47,62,39,1,1,15,8,49,37,8,7,1.0,0.7
2025-12-23T2200,3005A,117.1814,34.29,徐州市,鼓楼区政府,细颗粒物(PM2.5),78,78,44,57,40,8,8,25,20,37,26,7,6,1.0,0.7
2025-12-23T2200,3006A,117.1694,34.1781,徐州市,铜山区招生办,细颗粒物(PM2.5),82,92,50,60,37,7,7,26,19,47,34,7,5,0.7,0.6
2025-12-23T2200,3288A,117.4754,34.4422,徐州市,大泉街道,颗粒物(PM10),73,96,60,51,47,8,8,23,16,49,29,13,11,1.2,0.7
2025-12-23T2200,4186A,117.1942,34.22935,徐州市,解放南路202号,细颗粒物(PM2.5),105,97,57,79,44,14,14,29,24,39,28,8,8,0.8,0.5
2025-12-23T2200,4288A,117.2456,34.2908,徐州市,龙潭环路5号,细颗粒物(PM2.5),102,95,62,76,47,4,4,19,12,38,30,8,7,0.9,0.6
2025-12-23T2200,2398A,113.7906,33.9953,许昌市,开发区,颗粒物(PM10),72,93,96,48,59,38,38,44,41,27,27,5,4,0.6,0.6
2025-12-23T2200,3134A,113.8172,34.0339,许昌市,市一中,细颗粒物(PM2.5),68,64,76,49,60,35,35,40,37,25,27,5,5,0.5,0.5
2025-12-23T2200,3337A,113.8614,34.0442,许昌市,许昌学院,细颗粒物(PM2.5),69,75,87,50,61,38,38,46,38,34,32,7,6,0.6,0.7
2025-12-23T2200,3338A,113.843,34.0823,许昌市,芙蓉广场,细颗粒物(PM2.5),68,79,85,49,58,25,25,37,29,35,28,8,7,0.6,0.6
2025-12-23T2200,4180A,113.8157,34.12670,许昌市,新元大道996号,细颗粒物(PM2.5),97,122,101,72,62,14,14,41,28,47,30,2,2,0.7,0.6
2025-12-23T2200,4259A,113.8358,34.01552,许昌市,望田路111号,细颗粒物(PM2.5),62,67,85,44,57,39,39,40,38,29,31,9,8,0.7,0.8
2025-12-23T2200,2316A,118.7581,30.9454,宣城市,鳌峰子站,,23,,44,16,31,2,2,15,8,36,37,4,5,0.6,0.6
2025-12-23T2200,2317A,118.7385,30.9743,宣城市,敬亭山子站,,33,,48,23,36,2,2,17,8,36,33,3,4,0.7,0.5
2025-12-23T2200,2318A,118.7173,30.9427,宣城市,开发区子站,,29,25,43,20,33,1,1,13,4,35,36,5,6,0.6,0.6
2025-12-23T2200,3470A,118.7724,30.9141,宣城市,夏渡子站,,25,25,47,17,32,1,1,14,5,36,36,3,4,0.7,0.6
2025-12-23T2200,2555A,103.0111,29.9833,雅安市,市政府,细颗粒物(PM2.5),63,69,58,45,44,14,14,52,49,30,16,6,9,0.9,0.5
2025-12-23T2200,2556A,102.9905,29.9775,雅安市,川农大,,49,49,51,27,37,41,41,52,52,23,18,5,4,0.6,0.6
2025-12-23T2200,4306A,103.0545,30.0133,雅安市,滨江西路,颗粒物(PM10),56,62,52,26,39,20,20,63,58,48,16,8,7,0.6,0.6
2025-12-23T2200,1642A,121.2514,37.5639,烟台市,开发区,细颗粒物(PM2.5),70,70,24,51,22,50,50,40,40,25,26,8,9,0.6,0.5
2025-12-23T2200,1644A,121.3181,37.5436,烟台市,西郊化工站,颗粒物(PM10),76,102,33,51,21,48,48,43,37,23,25,4,4,0.7,0.6
2025-12-23T2200,1645A,121.4478,37.4822,烟台市,莱山环保局,细颗粒物(PM2.5),77,95,32,56,23,53,53,47,45,24,23,6,7,0.5,0.3
2025-12-23T2200,1646A,121.2611,37.4967,烟台市,福山环保局,细颗粒物(PM2.5),83,105,29,61,19,49,49,36,,20,23,4,4,0.4,0.4
2025-12-23T2200,3057A,121.5992,37.4014,烟台市,牟平检察院,细颗粒物(PM2.5),73,73,26,53,26,52,52,50,42,23,22,2,3,0.6,0.5
2025-12-23T2200,3366A,121.5206,37.4336,烟台市,中国农业大学,细颗粒物(PM2.5),77,92,32,56,24,52,52,48,44,21,19,4,4,0.6,0.4
2025-12-23T2200,4213A,121.3642,37.5296,烟台市,青年南路118号,细颗粒物(PM2.5),77,92,32,56,20,35,35,42,36,32,21,4,5,0.7,0.5
2025-12-23T2200,1927A,109.4761,36.6028,延安市,延大医附院,颗粒物(PM10),84,118,114,36,25,2,2,62,31,52,27,10,9,1.2,0.7
2025-12-23T2200,1929A,109.5056,36.6106,延安市,百米大道,,,,128,,27,9,9,75,38,49,20,10,7,,0.4
2025-12-23T2200,3652A,109.4809,36.5786,延安市,西北局旧址,颗粒物(PM10),82,113,99,51,33,5,5,68,37,56,27,8,8,0.8,0.4
2025-12-23T2200,2237A,129.47,42.8883,延边朝鲜族自治州,妇幼医院,细颗粒物(PM2.5),73,65,55,53,39,16,16,20,20,46,34,6,7,0.7,0.4
2025-12-23T2200,2238A,129.5055,42.9108,延边朝鲜族自治州,延边医院,细颗粒物(PM2.5),118,93,62,89,53,11,11,10,9,43,38,5,9,1.4,0.9
2025-12-23T2200,2239A,129.3964,42.8881,延边朝鲜族自治州,朝阳川镇医院,细颗粒物(PM2.5),75,57,56,55,38,5,5,19,10,32,26,5,5,1.6,1.1
2025-12-23T2200,1216A,120.156,33.3942,盐城市,市监测站,细颗粒物(PM2.5),55,,24,39,23,28,28,50,19,15,17,6,7,0.7,0.6
2025-12-23T2200,1218A,120.2144,33.38,盐城市,开发区管委会,,38,35,29,26,12,30,30,52,22,20,22,5,6,0.7,0.6
2025-12-23T2200,3004A,120.1544,33.3663,盐城市,宝龙广场,,42,,22,29,17,32,32,51,22,22,25,6,7,0.6,0.5
2025-12-23T2200,3293A,120.1501,33.3367,盐城市,月亮广场,,48,43,33,33,18,30,30,48,20,20,23,6,6,0.8,0.6
2025-12-23T2200,3436A,120.4279,33.205,盐城市,大丰高级中学,,35,31,27,24,18,31,31,57,23,16,19,6,7,0.7,0.6
2025-12-23T2200,4207A,120.1221,33.3940,盐城市,黄海中路88号,,49,39,30,34,20,34,34,53,22,16,20,4,5,0.8,0.6
2025-12-23T2200,1186A,119.389,32.3761,扬州市,邗江监测站,细颗粒物(PM2.5),59,,44,42,30,14,14,22,16,24,34,3,4,0.6,0.6
2025-12-23T2200,2869A,119.447,32.4155,扬州市,五台山医院,细颗粒物(PM2.5),52,46,44,36,26,13,13,21,18,19,28,3,2,0.3,0.3
2025-12-23T2200,3164A,119.4686,32.3942,扬州市,广陵建设局,细颗粒物(PM2.5),52,,41,36,27,13,13,22,18,20,29,3,4,0.7,0.7
2025-12-23T2200,3195A,119.3633,32.3972,扬州市,市体育局,细颗粒物(PM2.5),55,39,43,39,27,13,13,22,16,24,31,3,3,0.1,0.2
2025-12-23T2200,3294A,119.5653,32.4222,扬州市,引江管理处,细颗粒物(PM2.5),53,,41,37,27,12,12,25,16,24,29,3,2,0.5,0.4
2025-12-23T2200,1701A,111.9491,21.8658,阳江市,马南垌,,31,31,45,14,25,82,82,101,98,15,16,5,7,0.7,0.7
2025-12-23T2200,3317A,111.9765,21.8947,阳江市,两阳中学,,36,36,51,17,26,83,83,104,99,16,19,6,7,0.6,0.7
2025-12-23T2200,3453A,112.0125,21.8749,阳江市,阳东陶然,,25,19,38,13,23,80,80,102,99,13,18,6,8,0.7,0.8
2025-12-23T2200,1738A,113.5758,37.8572,阳泉市,市中心,颗粒物(PM10),94,138,99,52,57,12,12,65,46,58,32,4,5,0.6,0.7
2025-12-23T2200,1739A,113.4894,37.8731,阳泉市,赛鱼,颗粒物(PM10),93,136,110,34,47,30,30,70,47,47,36,6,7,0.6,0.7
2025-12-23T2200,1740A,113.5819,37.8486,阳泉市,南庄,颗粒物(PM10),107,164,102,63,53,40,40,69,58,28,29,6,6,0.5,0.7
2025-12-23T2200,1742A,113.5614,37.8703,阳泉市,平坦,颗粒物(PM10),99,148,103,30,43,6,6,66,37,64,39,6,7,0.7,0.8
2025-12-23T2200,1743A,113.5158,37.8392,阳泉市,大阳泉,颗粒物(PM10),86,122,77,32,40,45,45,66,58,24,29,8,8,0.5,0.6
2025-12-23T2200,3619A,113.617,37.8571,阳泉市,龙柱,颗粒物(PM10),92,133,92,37,46,7,7,67,46,64,36,6,7,0.5,0.6
2025-12-23T2200,2252A,128.5159,47.4311,伊春市,环保局,,42,42,35,29,26,32,32,33,16,13,20,9,8,0.4,0.6
2025-12-23T2200,2253A,128.9102,47.7412,伊春市,电力嘉园,,48,,44,33,23,41,41,41,30,11,18,4,7,0.5,0.7
2025-12-23T2200,3342A,128.4741,47.4346,伊春市,中心小学,,43,39,42,30,39,47,47,43,36,6,13,4,4,0.5,0.7
2025-12-23T2200,3343A,128.6871,47.7369,伊春市,检察院,,43,40,36,30,23,43,43,35,33,8,16,9,8,0.5,0.8
2025-12-23T2200,3480A,129.1368,47.6417,伊春市,美溪镇,细颗粒物(PM2.5),73,,50,53,43,33,33,34,29,14,20,5,9,0.3,0.9
2025-12-23T2200,4284A,128.8325,47.8447,伊春市,永安路4-1号,,35,34,31,24,24,51,51,48,40,3,8,4,4,0.4,0.5
2025-12-23T2200,2704A,81.2996,43.9174,伊犁哈萨克自治州,新政府片区,细颗粒物(PM2.5),80,68,63,59,59,43,43,47,46,22,24,4,4,0.9,1.2
2025-12-23T2200,2705A,81.3364,43.941,伊犁哈萨克自治州,第二水厂,细颗粒物(PM2.5),114,108,72,86,63,,,43,40,44,30,4,4,,1.1
2025-12-23T2200,4273A,81.2737,43.9337,伊犁哈萨克自治州,安徽路800号,细颗粒物(PM2.5),88,79,73,65,65,32,32,45,44,28,26,3,3,1.1,1.4
2025-12-23T2200,1883A,104.6201,28.7728,宜宾市,市委,颗粒物(PM10),54,57,62,36,43,7,7,26,17,37,32,10,10,0.9,0.9
2025-12-23T2200,1884A,104.6055,28.793,宜宾市,宜宾四中,颗粒物(PM10),59,68,70,39,47,1,1,26,14,45,32,9,8,1.0,0.8
2025-12-23T2200,1885A,104.639,28.7562,宜宾市,市政府,颗粒物(PM10),53,56,63,36,43,3,3,26,19,41,28,7,7,0.8,0.7
2025-12-23T2200,1886A,104.5742,28.7199,宜宾市,黄金嘴,颗粒物(PM10),57,64,56,36,38,1,1,27,19,40,29,9,9,1.0,0.8
2025-12-23T2200,3728A,104.68,28.8071,宜宾市,白酒学院,细颗粒物(PM2.5),57,62,59,40,37,7,7,26,19,31,29,8,7,0.9,0.8
2025-12-23T2200,1840A,111.2992,30.6981,宜昌市,白龙岗,"颗粒物(PM10),细颗粒物(PM2.5)",52,53,37,36,29,1,1,8,2,26,21,7,7,1.1,0.8
2025-12-23T2200,1842A,111.2628,30.6961,宜昌市,点军区,"颗粒物(PM10),细颗粒物(PM2.5)",52,54,36,36,29,0,0,7,2,30,29,4,4,0.5,0.4
2025-12-23T2200,1843A,111.3275,30.7819,宜昌市,夷陵区,,42,40,33,29,25,1,1,10,2,21,22,8,8,1.1,0.9
2025-12-23T2200,3546A,111.4606,30.552,宜昌市,猇亭区张家湾站,细颗粒物(PM2.5),79,84,39,58,27,0,0,12,1,32,24,10,10,0.7,0.6
2025-12-23T2200,4203A,111.3168,30.7203,宜昌市,西陵二路116号,,49,49,34,32,27,16,16,20,16,42,34,6,6,1.3,1
2025-12-23T2200,4204A,111.3526,30.6374,宜昌市,沈家店路6号,细颗粒物(PM2.5),70,66,35,51,24,0,0,10,2,32,24,6,5,0.6,0.4
2025-12-23T2200,2373A,114.3956,27.7844,宜春市,市石油公司,,27,27,63,17,42,9,9,37,23,32,35,8,12,1.0,0.8
2025-12-23T2200,2374A,114.3703,27.7914,宜春市,市气象局,,22,22,56,14,38,0,0,30,15,25,30,6,13,1.4,1.1
2025-12-23T2200,2375A,114.4013,27.8074,宜春市,市广电局,,28,27,57,19,42,3,3,33,19,30,36,9,15,1.3,0.9
2025-12-23T2200,3151A,114.375,27.8097,宜春市,宜春学院北校区,,29,22,60,20,42,3,3,30,18,33,34,10,18,1.0,0.5
2025-12-23T2200,3415A,114.4519,28.0828,宜春市,万载县环保局,,23,23,73,9,45,4,4,28,18,23,31,6,13,0.7,0.7
2025-12-23T2200,2468A,112.3458,28.5808,益阳市,市环保局,细颗粒物(PM2.5),58,42,48,41,43,26,26,33,31,17,18,6,7,0.7,0.9
2025-12-23T2200,4181A,112.3571,28.55878,益阳市,龙洲,,43,37,53,30,42,30,30,36,34,22,23,3,3,1.1,1.1
2025-12-23T2200,4187A,112.3425,28.6110,益阳市,幸福渠东路223号,,45,43,46,31,34,21,21,32,27,20,18,4,4,1.0,1
2025-12-23T2200,4188A,112.3712,28.5764,益阳市,益鑫泰路85号,,,35,41,,38,27,27,32,29,20,20,4,4,1.1,1.1
2025-12-23T2200,1489A,106.1358,38.5036,银川市,学院路,颗粒物(PM10),115,179,161,49,38,20,20,60,44,70,30,17,14,1.0,0.6
2025-12-23T2200,2924A,106.2266,38.4418,银川市,水乡路,颗粒物(PM10),94,137,139,31,31,42,42,61,54,41,25,16,20,0.5,0.4
2025-12-23T2200,2925A,106.2757,38.4842,银川市,上海东路,颗粒物(PM10),90,130,130,26,28,42,42,62,59,35,21,12,24,0.5,0.4
2025-12-23T2200,2926A,106.1015,38.497,银川市,文昌北街,颗粒物(PM10),106,162,160,49,33,28,28,65,51,50,24,15,14,0.6,0.4
2025-12-23T2200,3523A,106.5105,38.3856,银川市,滨河新区,颗粒物(PM10),120,189,153,41,28,1,1,59,42,58,21,9,13,0.4,0.4
2025-12-23T2200,4242A,106.2264,38.4920,银川市,广场西路,颗粒物(PM10),104,158,153,43,37,21,21,61,41,59,30,17,20,0.6,0.5
2025-12-23T2200,2358A,117.0564,28.2642,鹰潭市,新监测站,细颗粒物(PM2.5),59,44,40,42,30,28,28,62,54,19,24,4,15,0.8,0.8
2025-12-23T2200,2359A,117.0311,28.2475,鹰潭市,财苑宾馆,细颗粒物(PM2.5),54,49,44,38,29,27,27,67,56,14,19,4,13,0.8,0.8
2025-12-23T2200,2360A,117.0222,28.2264,鹰潭市,体育馆,细颗粒物(PM2.5),68,50,46,49,32,11,11,51,40,38,36,7,17,1.0,0.8
2025-12-23T2200,2361A,117.0017,28.2131,鹰潭市,三川水表,细颗粒物(PM2.5),68,50,50,49,39,10,10,41,29,35,35,9,15,1.0,0.7
2025-12-23T2200,1597A,122.2703,40.7094,营口市,大庆路,,38,38,30,14,27,47,47,47,43,9,14,8,11,0.5,0.6
2025-12-23T2200,1598A,122.2150,40.6511,营口市,镜湖西路,,39,39,38,7,21,52,52,50,47,7,13,6,5,0.3,0.4
2025-12-23T2200,1599A,122.1658,40.6789,营口市,西炮台,,20,20,43,9,24,43,43,44,39,6,11,2,3,0.6,0.6
2025-12-23T2200,3379A,122.1139,40.2278,营口市,鲅鱼圈市民活动中心,颗粒物(PM10),54,57,39,3,18,43,43,42,30,15,24,10,9,0.7,0.5
2025-12-23T2200,3866A,122.2469,40.66302,营口市,三高中,,45,45,41,14,27,53,53,55,46,9,13,7,8,0.4,0.5
2025-12-23T2200,4006A,122.3622,40.6762,营口市,老边实验小学,,44,44,38,12,24,47,47,43,40,14,22,11,13,0.5,0.7
2025-12-23T2200,2478A,111.6156,26.4214,永州市,市环境监测站,,11,9,85,7,66,34,34,30,30,11,18,4,6,0.3,0.5
2025-12-23T2200,2480A,111.5992,26.4364,永州市,永州市环保局,,11,7,88,7,76,33,33,30,30,9,15,2,4,0.6,0.7
2025-12-23T2200,2481A,111.5989,26.4519,永州市,冷水滩区环保局,,12,10,86,8,68,34,34,31,31,10,17,4,8,0.5,0.6
2025-12-23T2200,4299A,111.6195,26.2253,永州市,徐家井路86号,,11,8,94,6,71,33,33,28,28,14,22,3,7,0.6,0.8
2025-12-23T2200,2639A,109.7456,38.2911,榆林市,世纪广场,颗粒物(PM10),106,162,237,66,61,,,67,55,78,25,23,5,0.7,0.3
2025-12-23T2200,2640A,109.7289,38.2839,榆林市,实验中学,颗粒物(PM10),117,183,259,48,36,4,4,66,46,72,19,60,9,0.9,0.5
2025-12-23T2200,2641A,109.7336,38.2478,榆林市,环保监测大楼,颗粒物(PM10),124,197,245,80,44,6,6,67,45,71,19,19,6,1.1,0.4
2025-12-23T2200,2511A,110.1433,22.6164,玉林市,南江一中,颗粒物(PM10),64,78,53,34,29,28,28,76,62,36,16,1,2,1.0,1
2025-12-23T2200,3532A,110.1945,22.6831,玉林市,玉林师范学院东校区,细颗粒物(PM2.5),59,65,53,42,34,17,17,82,72,58,26,9,13,0.7,0.6
2025-12-23T2200,3533A,110.0527,22.5893,玉林市,福绵环保局,颗粒物(PM10),51,52,42,34,28,51,51,71,60,22,24,6,9,0.6,0.6
2025-12-23T2200,4255A,110.1680,22.6410,玉林市,人民东路196号,颗粒物(PM10),58,66,51,39,31,35,35,66,58,39,23,9,10,0.8,0.7
2025-12-23T2200,2675A,97,33.0014,玉树藏族自治州,玉树县结古镇,,31,31,51,13,15,34,34,74,67,49,28,19,14,0.9,0.8
2025-12-23T2200,1715A,102.575,24.3711,玉溪市,东风水库,,40,40,17,18,13,51,51,65,64,12,12,4,4,0.5,0.4
2025-12-23T2200,2882A,102.5389,24.3703,玉溪市,玉溪一中,,48,,30,33,19,17,17,59,55,41,23,3,3,0.6,0.7
2025-12-23T2200,2883A,102.5381,24.3389,玉溪市,文体中心,,42,42,29,24,15,40,40,58,56,19,18,4,4,0.3,0.4
2025-12-23T2200,1848A,113.1493,29.4251,岳阳市,城陵矶,,40,34,34,28,27,25,25,28,26,25,32,7,10,1.2,1.2
2025-12-23T2200,1849A,113.1497,29.3575,岳阳市,开发区,细颗粒物(PM2.5),59,42,39,42,38,27,27,36,32,19,22,9,8,0.8,0.8
2025-12-23T2200,1850A,113.2621,29.4758,岳阳市,云溪区,细颗粒物(PM2.5),62,,29,44,35,19,19,30,28,22,22,7,7,0.7,0.9
2025-12-23T2200,1851A,112.9943,29.4402,岳阳市,君山区,,36,34,27,25,24,17,17,29,27,21,20,7,7,1.0,0.9
2025-12-23T2200,4265A,113.1088,29.3531,岳阳市,求索西路365号,,33,30,27,23,24,22,22,25,25,17,21,6,6,0.9,1
2025-12-23T2200,1714A,112.0539,22.9539,云浮市,牧羊,细颗粒物(PM2.5),93,90,90,69,71,48,48,93,79,40,44,12,10,0.7,0.7
2025-12-23T2200,3628A,112.0336,22.9374,云浮市,文笔,颗粒物(PM10),82,113,127,57,69,40,40,100,81,39,40,5,9,0.9,0.8
2025-12-23T2200,2175A,110.9956,35.0147,运城市,运城中学,颗粒物(PM10),91,131,122,47,61,30,30,51,48,24,23,4,5,0.4,0.6
2025-12-23T2200,2178A,110.9686,35.0303,运城市,地区技校,颗粒物(PM10),106,162,135,34,51,8,8,52,41,59,29,9,5,0.7,0.6
2025-12-23T2200,2179A,111.0414,35.1147,运城市,空港新区,颗粒物(PM10),115,180,154,64,51,10,10,55,37,45,28,8,6,0.5,0.4
2025-12-23T2200,3667A,111.0283,35.0547,运城市,水利职院,颗粒物(PM10),114,177,145,59,59,5,5,59,40,55,27,11,9,0.9,0.7
2025-12-23T2200,3670A,111.0522,35.0439,运城市,禹都公园,颗粒物(PM10),115,179,147,56,59,5,5,58,42,45,25,7,7,0.6,0.7
2025-12-23T2200,1637A,117.558,34.8438,枣庄市,市中区政府,细颗粒物(PM2.5),70,83,49,51,35,22,22,30,29,33,22,9,10,0.8,0.5
2025-12-23T2200,1638A,117.2852,34.7837,枣庄市,薛城环保局,细颗粒物(PM2.5),105,100,57,79,51,7,7,23,18,44,29,12,10,0.9,0.7
2025-12-23T2200,1639A,117.5852,34.7745,枣庄市,峄城区政府,细颗粒物(PM2.5),87,88,50,64,38,6,6,22,18,41,24,11,10,0.8,0.5
2025-12-23T2200,1640A,117.7276,34.5578,枣庄市,台儿庄区环保局,细颗粒物(PM2.5),85,88,44,63,36,4,4,21,14,47,28,10,10,1.1,0.7
2025-12-23T2200,1641A,117.4518,35.0992,枣庄市,山亭区环保局,细颗粒物(PM2.5),55,56,37,39,33,39,39,39,39,21,18,6,6,0.7,0.6
2025-12-23T2200,3364A,117.3152,34.8103,枣庄市,市环保局,细颗粒物(PM2.5),62,63,49,44,37,36,36,34,34,22,25,6,5,0.4,0.4
2025-12-23T2200,1680A,110.3539,21.2706,湛江市,湛江影剧院,,29,24,34,13,17,90,90,99,99,11,12,3,4,0.4,0.5
2025-12-23T2200,1681A,110.3928,21.2228,湛江市,市环境监测站,,26,21,29,14,16,82,82,92,92,16,16,4,4,0.4,0.4
2025-12-23T2200,1682A,110.4019,21.1997,湛江市,环保局宿舍,,29,26,28,7,19,90,90,97,97,7,14,4,4,0.5,0.3
2025-12-23T2200,1683A,110.4111,21.2028,湛江市,霞山游泳场,,28,28,35,14,16,78,78,84,84,13,15,7,7,0.4,0.4
2025-12-23T2200,1684A,110.3316,21.2679,湛江市,麻章区环保局,,29,28,35,16,19,91,91,98,98,15,15,1,3,0.6,0.6
2025-12-23T2200,1685A,110.4558,21.2567,湛江市,坡头区环保局,,29,27,34,13,19,90,90,104,103,8,9,10,9,0.4,0.5
2025-12-23T2200,1858A,110.5319,29.1217,张家界市,永定新区,,46,,35,32,35,13,13,24,16,19,18,7,7,0.5,0.5
2025-12-23T2200,1859A,110.4697,29.1242,张家界市,电业局,,38,,30,26,32,12,12,22,15,16,15,2,3,0.3,0.3
2025-12-23T2200,1860A,110.5594,29.3547,张家界市,未央路,,28,,19,19,23,12,12,26,20,10,9,9,9,0.8,0.7
2025-12-23T2200,1057A,114.8883,40.8336,张家口市,人民公园,,31,31,44,19,24,38,38,70,55,18,22,10,8,0.5,0.5
2025-12-23T2200,1059A,114.8687,40.8042,张家口市,五金库,,33,33,40,20,23,43,43,68,56,19,22,6,5,0.3,0.3
2025-12-23T2200,1060A,114.8902,40.762,张家口市,世纪豪园,,45,,44,31,27,49,49,77,63,16,22,5,5,0.4,0.4
2025-12-23T2200,3131A,114.879,40.7993,张家口市,烟厂,,31,31,39,20,21,42,42,66,55,14,19,4,4,0.4,0.5
2025-12-23T2200,3323A,115.2773,40.9724,张家口市,青少年活动中心,,16,16,35,11,18,34,34,68,52,20,13,7,5,0.6,0.4
2025-12-23T2200,2654A,100.4698,38.9524,张掖市,润泉湖,细颗粒物(PM2.5),94,117,92,70,35,5,5,62,45,56,21,5,6,1.1,0.7
2025-12-23T2200,2655A,100.4154,38.9422,张掖市,区工会,细颗粒物(PM2.5),89,119,92,66,35,9,9,62,48,59,22,4,5,1.0,0.5
2025-12-23T2200,2920A,117.7116,24.506,漳州市,蓝田镇,颗粒物(PM10),54,58,47,24,26,40,40,93,81,50,29,5,6,0.4,0.5
2025-12-23T2200,3216A,114.6622,24.5183,漳州市,漳州党校,颗粒物(PM10),54,58,47,27,26,69,69,100,92,33,26,3,5,0.4,0.6
2025-12-23T2200,3530A,117.6296,24.5314,漳州市,西洋坪路,颗粒物(PM10),59,67,39,38,23,14,14,92,68,67,29,3,3,0.6,0.5
2025-12-23T2200,2596A,103.7667,27.3736,昭通市,监测站,,,46,38,31,19,,,50,49,18,14,4,6,0.6,0.6
2025-12-23T2200,4261A,103.7247,27.3415,昭通市,环东路146号,细颗粒物(PM2.5),57,,26,40,31,28,28,49,43,16,14,7,10,0.5,0.5
2025-12-23T2200,1397A,112.4267,23.0706,肇庆市,睦岗子站,细颗粒物(PM2.5),78,96,100,57,66,18,18,125,97,90,45,6,9,0.8,0.9
2025-12-23T2200,1398A,112.4645,23.0475,肇庆市,城中子站,细颗粒物(PM2.5),93,108,103,69,72,23,23,128,104,115,57,11,16,1.1,1
2025-12-23T2200,1399A,112.5544,23.1522,肇庆市,坑口子站,颗粒物(PM10),63,76,93,43,57,72,72,108,99,35,38,5,12,0.6,0.9
2025-12-23T2200,1400A,112.4753,23.1,肇庆市,七星岩子站,细颗粒物(PM2.5),78,82,94,57,66,89,89,129,121,43,36,8,14,0.7,0.8
2025-12-23T2200,3313A,112.4575,23.0166,肇庆市,高要湖西,细颗粒物(PM2.5),87,103,99,64,65,48,48,117,101,55,43,6,12,1.0,0.9
2025-12-23T2200,3451A,112.5617,23.2083,肇庆市,鼎湖凤凰,颗粒物(PM10),54,58,73,37,49,73,73,117,103,18,24,7,10,0.9,0.9
2025-12-23T2200,1203A,119.6707,32.1875,镇江市,新区办事处,,40,29,39,28,23,10,10,28,11,35,42,8,6,0.8,0.7
2025-12-23T2200,1204A,119.4974,32.1968,镇江市,职教中心,,49,35,42,34,28,9,9,23,12,35,39,5,8,0.6,0.6
2025-12-23T2200,1205A,119.4303,32.1328,镇江市,丹徒区监测站,细颗粒物(PM2.5),52,,39,36,28,4,4,20,8,27,29,6,8,0.6,0.6
2025-12-23T2200,2870A,119.4424,32.1873,镇江市,市疾控中心,,42,39,43,29,24,5,5,26,11,36,37,6,7,0.7,0.6
2025-12-23T2200,3287A,119.3842,32.1976,镇江市,富润路1号,,46,46,44,32,26,6,6,26,11,35,36,4,6,0.6,0.6
2025-12-23T2200,1316A,113.69031,34.76122,郑州市,烟厂,细颗粒物(PM2.5),78,78,86,57,61,13,13,39,26,44,27,3,2,0.7,0.5
2025-12-23T2200,1318A,113.67526,34.80246,郑州市,银行学校,细颗粒物(PM2.5),89,78,83,66,60,1,1,42,26,62,32,3,2,0.9,0.6
2025-12-23T2200,1319A,113.56746,34.81334,郑州市,供水公司,细颗粒物(PM2.5),75,88,90,55,59,4,4,42,29,52,28,5,3,1.0,0.6
2025-12-23T2200,1320A,113.7329,34.7178,郑州市,经开区管委,细颗粒物(PM2.5),105,92,84,79,61,2,2,40,22,63,34,4,3,1.0,0.6
2025-12-23T2200,1321A,113.73961,34.77172,郑州市,四十七中,,,,86,,60,,,40,,,26,,2,,0.3
2025-12-23T2200,1323A,113.64164,34.7525,郑州市,河医大,细颗粒物(PM2.5),87,79,93,64,61,15,15,45,31,57,34,4,3,0.7,0.5
2025-12-23T2200,3471A,113.616563,34.86783,郑州市,惠济区政府,细颗粒物(PM2.5),105,89,91,79,59,6,6,40,32,45,28,1,2,0.9,0.5
2025-12-23T2200,3590A,113.8374,34.5589,郑州市,北区建设指挥部,细颗粒物(PM2.5),68,78,137,49,54,42,42,35,32,22,29,3,4,0.5,0.9
2025-12-23T2200,3591A,113.30952,34.803229,郑州市,上街区政府,细颗粒物(PM2.5),100,109,93,75,61,2,2,41,28,44,23,4,4,1.1,0.7
2025-12-23T2200,4293A,113.6051,34.7552,郑州市,计划路2号,细颗粒物(PM2.5),84,78,94,62,55,16,16,43,31,50,32,5,4,0.8,0.6
2025-12-23T2200,4294A,113.6526,34.7736,郑州市,同乐路9号,细颗粒物(PM2.5),74,86,89,54,55,14,14,38,28,47,26,3,2,0.8,0.5
2025-12-23T2200,1379A,113.3769,22.5211,中山市,华柏园,,36,36,39,21,28,44,44,91,66,39,29,4,5,0.6,0.4
2025-12-23T2200,1380A,113.3881,22.5497,中山市,张溪,,39,39,46,21,30,40,40,89,65,47,34,5,5,0.5,0.5
2025-12-23T2200,1381A,113.4075,22.5111,中山市,紫马岭,,22,22,38,13,21,43,43,91,69,33,27,6,6,0.6,0.6
2025-12-23T2200,1382A,113.4411,22.4853,中山市,长江旅游区,,18,18,28,10,16,38,38,88,64,20,22,5,6,0.5,0.5
2025-12-23T2200,3454A,113.3528,22.478,中山市,中山南区,,34,34,40,14,22,40,40,93,66,33,27,6,4,0.5,0.5
2025-12-23T2200,2682A,105.1971,37.5002,中卫市,环保局站,颗粒物(PM10),86,121,109,25,22,41,41,66,62,20,10,7,6,0.4,0.4
2025-12-23T2200,3650A,105.1698,37.5162,中卫市,沙坡头区政府站,颗粒物(PM10),84,117,117,31,28,48,48,64,56,18,16,8,7,0.4,0.5
2025-12-23T2200,1416A,106.4213,29.8253,重庆市,天生,颗粒物(PM10),52,53,32,35,20,4,4,18,12,28,22,8,8,0.7,0.6
2025-12-23T2200,1417A,106.6263,29.7228,重庆市,两路,,43,43,25,23,14,2,2,20,9,44,29,5,5,0.7,0.6
2025-12-23T2200,1418A,106.2953,29.5983,重庆市,虎溪,细颗粒物(PM2.5),62,67,36,44,16,0,0,23,13,42,23,4,3,0.7,0.5
2025-12-23T2200,1419A,106.5777,29.5102,重庆市,南坪,,38,36,26,26,16,13,13,18,17,26,27,9,10,0.5,0.5
2025-12-23T2200,1420A,106.6556,29.6277,重庆市,唐家沱,细颗粒物(PM2.5),57,48,27,40,24,11,11,21,19,33,29,7,7,0.9,0.8
2025-12-23T2200,1421A,106.6349,29.4906,重庆市,茶园,,40,40,25,20,14,2,2,16,11,39,31,8,8,0.8,0.7
2025-12-23T2200,1422A,106.3754,29.4572,重庆市,白市驿,细颗粒物(PM2.5),54,53,21,38,26,11,11,18,15,20,19,8,8,0.6,0.5
2025-12-23T2200,1425A,106.6205,29.7166,重庆市,空港,,42,35,22,29,16,1,1,19,8,41,29,6,6,0.9,0.8
2025-12-23T2200,1427A,106.5616,29.6453,重庆市,礼嘉,颗粒物(PM10),56,61,38,28,19,1,1,21,11,40,25,4,4,0.7,0.6
2025-12-23T2200,1428A,106.4522,29.7091,重庆市,蔡家,颗粒物(PM10),54,58,39,37,22,2,2,22,14,34,23,8,8,1.0,0.8
2025-12-23T2200,1429A,106.5093,29.3917,重庆市,鱼新街,颗粒物(PM10),55,59,32,38,19,3,3,18,14,35,24,5,5,0.8,0.6
2025-12-23T2200,3014A,106.4958,29.5346,重庆市,歇台子,细颗粒物(PM2.5),68,57,28,49,22,2,2,17,12,48,28,7,6,2.0,0.8
2025-12-23T2200,3015A,106.4037,29.5728,重庆市,龙井湾,颗粒物(PM10),51,52,20,31,14,5,5,23,19,36,20,6,6,0.9,0.8
2025-12-23T2200,3016A,106.5507,29.4153,重庆市,龙洲湾,,43,41,28,30,19,19,19,23,23,26,27,4,4,0.7,0.7
2025-12-23T2200,3133A,106.5468,29.5654,重庆市,上清寺,细颗粒物(PM2.5),59,63,33,42,21,1,1,14,9,50,30,8,7,0.8,0.7
2025-12-23T2200,3346A,108.3872,31.1628,重庆市,安康,,28,27,31,19,19,0,0,6,4,14,18,6,6,0.6,0.6
2025-12-23T2200,3347A,105.9017,29.3569,重庆市,北山路,细颗粒物(PM2.5),62,63,37,44,25,11,11,25,20,36,21,6,5,0.8,0.7
2025-12-23T2200,3350A,106.6479,29.0244,重庆市,滩子口,,30,30,18,19,12,2,2,26,15,30,22,5,6,0.6,0.6
2025-12-23T2200,3351A,105.7167,29.7076,重庆市,棠香,,49,49,27,20,16,29,29,31,31,12,14,4,3,0.6,0.7
2025-12-23T2200,3352A,107.0732,29.8617,重庆市,桃源西路,,35,35,37,17,14,13,13,16,13,21,24,6,6,0.4,0.5
2025-12-23T2200,3353A,107.3535,29.7287,重庆市,迎宾大道,,35,35,24,24,17,8,8,22,20,30,25,5,5,0.9,0.8
2025-12-23T2200,3354A,108.815,29.5081,重庆市,舟白,,25,25,30,3,13,21,21,22,21,11,10,3,4,0.6,0.5
2025-12-23T2200,3355A,108.3679,30.8426,重庆市,周家坝,,42,32,18,29,25,2,2,9,8,31,27,2,2,0.7,0.6
2025-12-23T2200,3356A,108.4319,30.7555,重庆市,百安坝,颗粒物(PM10),54,58,45,29,26,5,5,17,15,26,19,13,12,0.6,0.6
2025-12-23T2200,3482A,107.7541,29.3277,重庆市,芙蓉中路,,36,32,23,25,18,0,0,6,2,20,19,5,5,0.7,0.6
2025-12-23T2200,3483A,108.7661,29.5368,重庆市,西山,,18,,18,12,16,12,12,16,16,15,18,2,3,0.9,0.8
2025-12-23T2200,3484A,106.2628,29.32,重庆市,行政中心,颗粒物(PM10),66,81,34,42,16,1,1,24,17,26,18,4,4,0.7,0.7
2025-12-23T2200,3599A,106.2649,29.9851,重庆市,书院路,颗粒物(PM10),51,52,28,25,16,27,27,25,25,18,17,6,6,0.5,0.6
2025-12-23T2200,3600A,106.2339,29.5559,重庆市,虎峰,,49,49,30,32,14,5,5,15,14,28,22,7,7,0.7,0.6
2025-12-23T2200,3601A,106.0499,29.8342,重庆市,龙门街,,,46,35,22,15,,,25,24,19,15,9,8,0.7,0.7
2025-12-23T2200,3610A,105.5933,29.4105,重庆市,昌元,细颗粒物(PM2.5),78,63,45,57,37,1,1,20,10,49,30,5,5,0.9,0.6
2025-12-23T2200,4223A,106.4686,29.4893,重庆市,双山路147号,颗粒物(PM10),65,80,34,8,17,2,2,24,17,44,31,3,3,0.5,0.4
2025-12-23T2200,4246A,105.8340,30.1886,重庆市,桃园路24号,颗粒物(PM10),52,53,39,29,22,38,38,31,31,17,18,7,9,0.6,0.6
2025-12-23T2200,4247A,107.0910,29.1540,重庆市,钟楼街32号,,44,44,30,28,15,2,2,22,17,32,19,4,4,1.0,1
2025-12-23T2200,4248A,107.8043,30.6735,重庆市,人民南路309号,,40,39,38,28,22,1,1,14,10,24,19,4,4,0.6,0.5
2025-12-23T2200,1258A,122.122,30.0203,舟山市,定海檀枫,颗粒物(PM10),59,68,32,39,13,36,36,57,54,29,32,6,6,0.8,0.6
2025-12-23T2200,1260A,122.19,29.9944,舟山市,临城新区,,50,50,24,30,14,44,44,59,55,24,31,6,6,0.6,0.4
2025-12-23T2200,4033A,122.3123,29.9619,舟山市,普陀东港中学,颗粒物(PM10),51,51,24,30,16,43,43,56,54,25,30,8,7,0.9,0.6
2025-12-23T2200,2068A,114.6758,33.6347,周口市,周口师范,,,,61,,52,,,22,22,47,36,4,4,0.8,0.7
2025-12-23T2200,4269A,114.6701,33.6167,周口市,七一路,细颗粒物(PM2.5),97,92,64,72,57,15,15,25,24,39,32,9,9,0.9,0.8
2025-12-23T2200,4296A,114.6421,33.6417,周口市,健康路46号,细颗粒物(PM2.5),104,80,57,78,61,11,11,24,23,50,37,6,6,1.0,0.9
2025-12-23T2200,4297A,114.649,33.596,周口市,太昊路,,,,69,,49,14,14,23,23,36,32,5,5,1.0,0.8
2025-12-23T2200,1515A,113.135,27.8244,株洲市,天台山庄,,20,15,44,14,37,6,6,14,13,22,19,3,3,0.6,0.6
2025-12-23T2200,1518A,113.095,27.8867,株洲市,株冶医院,,22,16,44,15,36,4,4,14,11,27,23,1,2,0.6,0.6
2025-12-23T2200,1519A,113.167,27.8667,株洲市,市四中,,19,15,46,13,41,12,12,14,13,21,24,1,2,0.9,1
2025-12-23T2200,1520A,113.143,27.8381,株洲市,火车站,,28,,47,19,42,7,7,14,13,26,25,1,3,0.7,0.7
2025-12-23T2200,1524A,113.13,27.8528,株洲市,市监测站,,26,,44,18,45,5,5,12,11,20,19,3,3,0.9,0.9
2025-12-23T2200,2031A,113.1817,27.9958,株洲市,云田中学,,22,22,43,14,32,14,14,20,12,27,25,2,4,0.6,0.7
2025-12-23T2200,1367A,113.5814,22.2618,珠海市,吉大,,31,31,27,19,14,35,35,78,41,46,33,6,6,0.6,0.5
2025-12-23T2200,1368A,113.4881,22.2335,珠海市,前山,,44,44,33,19,19,1,1,72,38,83,40,9,8,0.6,0.5
2025-12-23T2200,1369A,113.628,22.4251,珠海市,唐家,,38,37,33,26,18,43,43,76,50,36,31,5,6,0.5,0.5
2025-12-23T2200,1370A,113.299,22.2281,珠海市,斗门,,45,45,40,19,19,34,34,74,47,48,31,6,4,0.3,0.3
2025-12-23T2200,3308A,113.3494,22.0569,珠海市,金湾,,34,34,36,16,18,48,48,77,61,24,20,4,4,0.4,0.4
2025-12-23T2200,3448A,113.5433,22.1163,珠海市,横琴,,28,28,30,15,14,24,24,73,44,53,28,9,9,0.5,0.5
2025-12-23T2200,2420A,114.0189,32.9656,驻马店市,市一纸厂,细颗粒物(PM2.5),75,90,88,55,55,33,33,31,30,30,31,6,5,0.6,0.5
2025-12-23T2200,2421A,114.0114,33.015,驻马店市,市彩印厂,"颗粒物(PM10),细颗粒物(PM2.5)",78,106,92,57,54,28,28,27,26,26,26,6,5,0.7,0.6
2025-12-23T2200,3339A,114.0012,33.0412,驻马店市,小管楼,细颗粒物(PM2.5),77,83,80,56,52,31,31,28,28,24,26,7,6,0.5,0.4
2025-12-23T2200,4202A,113.9856,32.9802,驻马店市,交通路1233号,细颗粒物(PM2.5),80,95,81,59,59,34,34,29,29,33,32,4,3,0.6,0.6
2025-12-23T2200,2562A,104.6356,30.1506,资阳市,资阳中学,颗粒物(PM10),55,60,55,38,38,24,24,37,37,25,22,3,5,0.7,0.7
2025-12-23T2200,2563A,104.6295,30.1383,资阳市,四三一厂,细颗粒物(PM2.5),53,53,55,37,40,24,24,41,40,35,27,7,6,0.5,0.4
2025-12-23T2200,2564A,104.6463,30.1146,资阳市,师范校,颗粒物(PM10),59,67,66,39,40,24,24,43,42,39,29,4,4,0.4,0.5
2025-12-23T2200,2565A,104.6296,30.1256,资阳市,区法院,颗粒物(PM10),53,56,58,29,39,21,21,38,38,34,26,3,3,0.6,0.7
2025-12-23T2200,1631A,118.0414,36.8103,淄博市,人民公园,细颗粒物(PM2.5),104,90,64,78,56,8,8,32,26,51,38,9,8,0.9,0.6
2025-12-23T2200,1633A,117.8525,36.4847,淄博市,双山,细颗粒物(PM2.5),84,81,53,62,43,5,5,33,17,43,30,9,7,0.9,0.7
2025-12-23T2200,1634A,117.9592,36.6331,淄博市,气象站,细颗粒物(PM2.5),100,96,64,75,50,6,6,32,20,39,29,15,12,1.2,0.8
2025-12-23T2200,3363A,117.9883,36.8372,淄博市,新区,细颗粒物(PM2.5),98,83,62,73,57,0,0,18,12,42,38,2,4,1.4,0.9
2025-12-23T2200,3644A,117.8661,36.805,淄博市,三金集团,细颗粒物(PM2.5),89,96,73,66,49,4,4,22,15,48,35,10,9,1.0,0.7
2025-12-23T2200,3645A,118.0253,36.8406,淄博市,东风化工厂,细颗粒物(PM2.5),92,99,76,68,51,6,6,22,17,54,44,10,7,0.8,0.7
2025-12-23T2200,4212A,118.3039,36.8271,淄博市,广场路1号,细颗粒物(PM2.5),98,85,54,73,52,3,3,18,13,43,35,4,6,0.8,0.7
2025-12-23T2200,3028A,104.776,29.3627,自贡市,檀木林体育馆,颗粒物(PM10),62,73,60,34,33,34,34,47,46,44,37,7,7,0.8,0.9
2025-12-23T2200,3360A,104.7894,29.3194,自贡市,南湖救助站,颗粒物(PM10),78,105,76,43,47,26,26,42,,36,29,6,6,0.4,0.6
2025-12-23T2200,3638A,104.7636,29.3338,自贡市,轻化工大学,颗粒物(PM10),60,70,64,35,36,27,27,42,41,35,26,8,8,0.6,0.6
2025-12-23T2200,4225A,104.7143,29.3386,自贡市,贡兴路74号,颗粒物(PM10),62,74,66,28,37,22,22,42,39,34,23,4,4,0.8,0.7
2025-12-23T2200,1911A,106.9222,27.6869,遵义市,丁字口,,,,30,36,22,18,18,32,28,22,18,,,0.4,0.4
2025-12-23T2200,1912A,106.9242,27.7019,遵义市,凤凰山,细颗粒物(PM2.5),58,47,29,41,26,18,18,32,29,17,13,9,8,0.5,0.5
2025-12-23T2200,1913A,106.8906,27.6486,遵义市,忠庄,,50,35,22,35,20,22,22,39,31,15,12,8,5,0.8,0.7
2025-12-23T2200,1914A,106.9231,27.6506,遵义市,舟水桥,,47,47,33,32,25,15,15,34,25,25,20,12,11,0.5,0.4
2025-12-23T2200,1915A,106.9178,27.72,遵义市,干田坝,,50,,23,35,29,18,18,35,29,22,16,4,6,0.4,0.4
2025-12-23T2200,4245A,106.8609,27.5969,遵义市,遵南大道1161号,,49,36,20,34,19,24,24,35,29,17,17,7,6,0.8,0.8
2025-12-23T2200,1066A,117.9268,41.0026,承德市,离宫,,,,,,,,,,,,,,,,
2025-12-23T2200,1061A,114.8916,40.8661,张家口市,北泵房,,,,,,,,,,,,,,,,
2025-12-23T2200,1280A,119.3903,26.0543,福州市,鼓山,,,,,,,,,,,,,,,,
2025-12-23T2200,1286A,118.1608,24.8169,厦门市,溪东,,,,,,,,,,,,,,,,
2025-12-23T2200,2323A,118.981,25.4792,莆田市,东圳水库,,,,,,,,,,,,,,,,
2025-12-23T2200,2327A,117.7275,26.3108,三明市,洋溪,,,,,,,,,,,,,,,,
2025-12-23T2200,1614A,118.6117,24.9604,泉州市,清源山,,,,,,,,,,,,,,,,
2025-12-23T2200,2075A,117.6336,24.4674,漳州市,九湖,,,,,,,,,,,,,,,,
2025-12-23T2200,2331A,118.0966,26.6761,南平市,茫荡山,,,,,,,,,,,,,,,,
2025-12-23T2200,2335A,117.0189,25.1181,龙岩市,龙岩师专,,,,,,,,,,,,,,,,
2025-12-23T2200,2339A,119.5001,26.6946,宁德市,金涵水库,,,,,,,,,,,,,,,,
2025-12-23T2200,1296A,115.7423,28.7996,南昌市,武术学校,,,,,,,,,,,,,,,,
2025-12-23T2200,2342A,117.3102,29.3867,景德镇市,王港中学,,,,,,,,,,,,,,,,
2025-12-23T2200,2347A,114.0997,27.5002,萍乡市,武功山,,,,,,,,,,,,,,,,
2025-12-23T2200,1810A,115.9773,29.5698,九江市,庐山气象台,,,,,,,,,,,,,,,,
2025-12-23T2200,2352A,115.0861,27.9317,新余市,北岗,,,,,,,,,,,,,,,,
2025-12-23T2200,2357A,116.9822,28.1136,鹰潭市,龙虎山,,,,,,,,,,,,,,,,
2025-12-23T2200,1394A,114.4103,23.1142,惠州市,江北云山西路子站,,,,,,,,,,,,,,,,
2025-12-23T2200,1696A,114.6778,23.7569,河源市,源西,,,,,,,,,,,,,,,,
2025-12-23T2200,1699A,111.9797,21.8593,阳江市,鸳鸯湖,,,,,,,,,,,,,,,,
2025-12-23T2200,1702A,113.0426,23.691,清远市,环保大楼,,,,,,,,,,,,,,,,
2025-12-23T2200,1705A,116.6367,23.6719,潮州市,西园路,,,,,,,,,,,,,,,,
2025-12-23T2200,1712A,112.0392,22.9169,云浮市,新市府,,,,,,,,,,,,,,,,
2025-12-23T2200,1405A,108.4394,22.7904,南宁市,仙葫,,,,,,,,,,,,,,,,
2025-12-23T2200,1862A,110.4144,25.3167,桂林市,电子科大尧山校区,,,,,,,,,,,,,,,,
2025-12-23T2200,2505A,109.568,23.1478,贵港市,德智高中,,,,,,,,,,,,,,,,
2025-12-23T2200,2509A,110.1106,22.7019,玉林市,寒山水库,,,,,,,,,,,,,,,,
2025-12-23T2200,2371A,114.3408,27.8064,宜春市,槟榔水业,,,,,,,,,,,,,,,,
2025-12-23T2200,2376A,116.2127,28.0814,抚州市,桐源党溪,,,,,,,,,,,,,,,,
2025-12-23T2200,2381A,118.005,28.4572,上饶市,百草园,,,,,,,,,,,,,,,,
2025-12-23T2200,1307A,120.6659,36.2403,青岛市,仰口,,,,,,,,,,,,,,,,
2025-12-23T2200,1096A,111.5512,40.7866,呼和浩特市,工大金川校区,,,,,,,,,,,,,,,,
2025-12-23T2200,3698A,111.5968,40.8178,呼和浩特市,红旗小学,,,,,,,,,,,,,,,,
2025-12-23T2200,3621A,106.8288,39.6778,乌海市,聚英学校,,,,,,,,,,,,,,,,
2025-12-23T2200,2204A,105.6467,38.8363,阿拉善盟,西城区西花园,,,,,,,,,,,,,,,,
2025-12-23T2200,1098A,123.6836,41.9339,沈阳市,森林路,,,,,,,,,,,,,,,,
2025-12-23T2200,1754A,123.1289,41.0228,鞍山市,千山,,,,,,,,,,,,,,,,
2025-12-23T2200,1451A,102.6251,24.9608,昆明市,西山森林公园,,,,,,,,,,,,,,,,
2025-12-23T2200,2598A,100.2143,26.8576,丽江市,西南郊,,,,,,,,,,,,,,,,
2025-12-23T2200,1472A,108.869,34.378,西安市,草滩,,,,,,,,,,,,,,,,
2025-12-23T2200,1129A,126.5422,45.755,哈尔滨市,岭北,,,,,,,,,,,,,,,,
2025-12-23T2200,1324A,113.51488,34.91089,郑州市,岗李水库,,,,,,,,,,,,,,,,
2025-12-23T2200,1818A,114.4839,36.0621,安阳市,棉研所,,,,,,,,,,,,,,,,
2025-12-23T2200,2516A,108.2011,24.715,河池市,东仁乐园,,,,,,,,,,,,,,,,
2025-12-23T2200,2518A,108.0983,24.6989,河池市,市疾控中心,,,,,,,,,,,,,,,,
2025-12-23T2200,1409A,110.576,19.9507,海口市,东寨港,,,,,,,,,,,,,,,,
2025-12-23T2200,1414A,106.3787,29.8279,重庆市,缙云山,,,,,,,,,,,,,,,,
2025-12-23T2200,1438A,103.613,31.0283,成都市,灵岩寺,,,,,,,,,,,,,,,,
2025-12-23T2200,1893A,105.4324,28.9634,泸州市,九狮山,,,,,,,,,,,,,,,,
2025-12-23T2200,1830A,113.1992,35.2590,焦作市,影视城,,,,,,,,,,,,,,,,
2025-12-23T2200,1838A,111.143,34.7955,三门峡市,风景区,,,,,,,,,,,,,,,,
2025-12-23T2200,2066A,114.0609,32.1399,信阳市,审计局,,,,,,,,,,,,,,,,
2025-12-23T2200,1334A,113.8454,30.2917,武汉市,沉湖七壕,,,,,,,,,,,,,,,,
2025-12-23T2200,2428A,111.0419,32.395,十堰市,武当山,,,,,,,,,,,,,,,,
2025-12-23T2200,1002A,116.2202,40.2915,北京市,定陵,,,,,,,,,,,,,,,,
2025-12-23T2200,1027A,117.157,38.9194,天津市,团泊洼,,,,,,,,,,,,,,,,
2025-12-23T2200,1035A,114.3524,37.8911,石家庄市,封龙山,,,,,,,,,,,,,,,,
2025-12-23T2200,3581A,115.31981,38.95208,保定市,满城区生态环境分局,,,,,,,,,,,,,,,,
2025-12-23T2200,2247A,130.1097,47.3382,鹤岗市,五号水库,,,,,,,,,,,,,,,,
2025-12-23T2200,2251A,131.12,46.5656,双鸭山市,苗圃,,,,,,,,,,,,,,,,
2025-12-23T2200,2254A,129.5029,48.471,伊春市,汤旺河国家公园,,,,,,,,,,,,,,,,
2025-12-23T2200,2259A,130.3794,46.7588,佳木斯市,四丰,,,,,,,,,,,,,,,,
2025-12-23T2200,2262A,131.0518,45.8751,七台河市,新一中,,,,,,,,,,,,,,,,
2025-12-23T2200,2265A,127.5291,50.2472,黑河市,大黑河岛,,,,,,,,,,,,,,,,
2025-12-23T2200,1922A,109.0656,35.0994,铜川市,党校,,,,,,,,,,,,,,,,
2025-12-23T2200,1930A,107.185,34.3063,宝鸡市,庙沟村,,,,,,,,,,,,,,,,
2025-12-23T2200,1918A,108.7197,34.3956,咸阳市,气象站,,,,,,,,,,,,,,,,
2025-12-23T2200,1938A,109.5293,34.5101,渭南市,农科所,,,,,,,,,,,,,,,,
2025-12-23T2200,1926A,109.4131,36.6275,延安市,枣园,,,,,,,,,,,,,,,,
2025-12-23T2200,2634A,106.9893,33.1842,汉中市,汉川机床厂子校,,,,,,,,,,,,,,,,
2025-12-23T2200,2638A,109.7414,38.3344,榆林市,红石峡森林公园,,,,,,,,,,,,,,,,
2025-12-23T2200,2642A,109.0318,32.6537,安康市,香溪洞,,,,,,,,,,,,,,,,
2025-12-23T2200,1479A,103.831,36.0464,兰州市,铁路设计院,,,,,,,,,,,,,,,,
2025-12-23T2200,1477A,104.1373,35.9454,兰州市,榆中兰大校区,,,,,,,,,,,,,,,,
2025-12-23T2200,2649A,106.0055,34.343,天水市,麦积山,,,,,,,,,,,,,,,,
2025-12-23T2200,2665A,105.0822,33.3261,陇南市,汉王镇固水子,,,,,,,,,,,,,,,,
2025-12-23T2200,1483A,101.524,36.6867,西宁市,第五水厂,,,,,,,,,,,,,,,,
2025-12-23T2200,1160A,120.561,31.2472,苏州市,上方山,,,,,,,,,,,,,,,,
2025-12-23T2200,3398A,114.9136,30.4445,黄冈市,市林业局,,,,,,,,,,,,,,,,
2025-12-23T2200,2447A,114.3175,29.8142,咸宁市,森林公园,,,,,,,,,,,,,,,,
2025-12-23T2200,1344A,112.9581,28.3611,长沙市,沙坪,,,,,,,,,,,,,,,,
2025-12-23T2200,1559A,113.251,27.8336,株洲市,大京风景区,,,,,,,,,,,,,,,,
2025-12-23T2200,1564A,112.4876,27.9164,湘潭市,韶山,,,,,,,,,,,,,,,,
2025-12-23T2200,2456A,112.5003,26.9167,衡阳市,原169医院,,,,,,,,,,,,,,,,
2025-12-23T2200,2462A,111.5239,27.3033,邵阳市,市水土所,,,,,,,,,,,,,,,,
2025-12-23T2200,1852A,113.2117,29.355,岳阳市,金凤水库,,,,,,,,,,,,,,,,
2025-12-23T2200,1857A,111.7158,29.1456,常德市,白鹤山,,,,,,,,,,,,,,,,
2025-12-23T2200,1861A,110.4417,29.315,张家界市,袁家界,,,,,,,,,,,,,,,,
2025-12-23T2200,2467A,112.4067,28.6428,益阳市,甘溪港,,,,,,,,,,,,,,,,
2025-12-23T2200,2472A,113.0073,25.9061,郴州市,马头岭,,,,,,,,,,,,,,,,
2025-12-23T2200,2477A,111.6217,26.2081,永州市,零陵南津渡,,,,,,,,,,,,,,,,
2025-12-23T2200,2482A,109.5981,27.5721,怀化市,林科所,,,,,,,,,,,,,,,,
2025-12-23T2200,2487A,111.9589,27.8901,娄底市,电视发射台,,,,,,,,,,,,,,,,
2025-12-23T2200,2492A,109.6414,28.2558,湘西土家族苗族自治州,跃进水库,,,,,,,,,,,,,,,,
2025-12-23T2200,1355A,113.443,23.3035,广州市,帽峰山森林公园,,,,,,,,,,,,,,,,
2025-12-23T2200,1361A,114.2283,22.7244,深圳市,龙岗,,,,,,,,,,,,,,,,
2025-12-23T2200,1273A,117.1604,31.9052,合肥市,董铺水库,,,,,,,,,,,,,,,,
2025-12-23T2200,2281A,116.6325,32.6201,淮南市,焦岗湖风景区管理处,,,,,,,,,,,,,,,,
2025-12-23T2200,1802A,118.6245,31.7241,马鞍山市,濮塘,,,,,,,,,,,,,,,,
2025-12-23T2200,2523A,105.8945,32.4535,广元市,黑石坡,,,,,,,,,,,,,,,,
2025-12-23T2200,2527A,105.5453,30.5678,遂宁市,石溪浩,,,,,,,,,,,,,,,,
2025-12-23T2200,2529A,105.5861,30.5366,遂宁市,行政中心,,,,,,,,,,,,,,,,
2025-12-23T2200,2535A,103.7723,29.5462,乐山市,花湖湾,,,,,,,,,,,,,,,,
2025-12-23T2200,1905A,106.056,30.8064,南充市,西山风景区,,,,,,,,,,,,,,,,
2025-12-23T2200,2539A,104.0308,30.0478,眉山市,黑龙滩水库,,,,,,,,,,,,,,,,
2025-12-23T2200,1882A,104.563,28.793,宜宾市,石马中学,,,,,,,,,,,,,,,,
2025-12-23T2200,2543A,106.6308,30.5278,广安市,小平旧居,,,,,,,,,,,,,,,,
2025-12-23T2200,2548A,107.5277,31.2827,达州市,达州职业技术学院,,,,,,,,,,,,,,,,
2025-12-23T2200,3700A,103.0456,29.9956,雅安市,康养中心,,,,,,,,,,,,,,,,
2025-12-23T2200,2914A,106.7677,31.8794,巴中市,苏山坪,,,,,,,,,,,,,,,,
2025-12-23T2200,2561A,104.6617,30.1372,资阳市,莲花山,,,,,,,,,,,,,,,,
2025-12-23T2200,2566A,102.1879,31.914,阿坝藏族羌族自治州,州农科所,,,,,,,,,,,,,,,,
2025-12-23T2200,2571A,102.3431,27.8099,凉山彝族自治州,青龙寺,,,,,,,,,,,,,,,,
2025-12-23T2200,1484A,105.9512,38.6016,银川市,贺兰山马莲口,,,,,,,,,,,,,,,,
2025-12-23T2200,1947A,106.3394,38.817,石嘴山市,沙湖旅游区,,,,,,,,,,,,,,,,
2025-12-23T2200,2683A,106.2319,36.1417,固原市,马园,,,,,,,,,,,,,,,,
2025-12-23T2200,2680A,105.0025,37.4635,中卫市,沙坡头消防站,,,,,,,,,,,,,,,,
2025-12-23T2200,1492A,87.4754,43.9469,乌鲁木齐市,新疆农科院农场,,,,,,,,,,,,,,,,
2025-12-23T2200,2690A,88.1236,43.8886,昌吉回族自治州,天山天池,,,,,,,,,,,,,,,,
