timepoint,stationcode,longitude,latitude,area,positionname,primarypollutant,aqi,pm10,pm10_24h,pm2_5,pm2_5_24h,o3,o3_24h,o3_8h,o3_8h_24h,no2,no2_24h,so2,so2_24h,co,co_24h
2024-09-18T1500,2566A,102.1879,31.914,阿坝藏族羌族自治州,州农科所,,25,20,18,3,7,78,,52,52,13,14,7,7,0,0
2024-09-18T1500,2568A,102.2502,31.8896,阿坝藏族羌族自治州,马师校,,24,7,14,6,8,74,,48,48,6,9,4,4,0.3,0.4
2024-09-18T1500,3994A,102.2165,31.9024,阿坝藏族羌族自治州,马尔康中学西区,,24,6,16,3,13,75,,49,49,5,8,5,5,0.3,0.4
2024-09-18T1500,2695A,80.292,41.1694,阿克苏地区,电视台,,41,33,136,13,42,129,,117,117,7,20,4,4,0.4,0.6
2024-09-18T1500,2696A,80.2613,41.1551,阿克苏地区,艺术中心,,39,14,119,7,39,124,,113,113,4,23,4,4,0.4,0.7
2024-09-18T1500,2204A,105.6467,38.8363,阿拉善盟,西城区西花园,,,,67,,34,,,80,80,10,14,,9,0.9,1.4
2024-09-18T1500,2205A,105.6985,38.8411,阿拉善盟,蒙二幼,,33,30,40,18,22,104,,70,70,8,16,11,11,0.9,0.9
2024-09-18T1500,2206A,105.724,38.8516,阿拉善盟,环保局新楼,,35,28,25,21,20,109,,82,82,9,11,8,8,0.6,0.6
2024-09-18T1500,2708A,88.1264,47.8517,阿勒泰地区,市站,,28,28,33,3,7,62,,46,46,6,9,8,7,0.3,0.4
2024-09-18T1500,2630A,80.1161,32.5,阿里地区,阿里监测站,,35,6,5,3,2,111,,102,93,7,10,7,8,0.3,0.3
2024-09-18T1500,3192A,80.0903,32.5028,阿里地区,阿里藏医院,,35,10,8,3,1,111,,114,101,7,5,6,6,0.3,0.2
2024-09-18T1500,2642A,109.0318,32.6537,安康市,香溪洞,,50,50,28,15,12,92,,67,67,5,6,8,8,0.3,0.3
2024-09-18T1500,2643A,109.0281,32.6939,安康市,安康市监测站,,25,11,19,9,10,80,,63,63,4,7,8,11,0.4,0.6
2024-09-18T1500,2644A,109.0072,32.6975,安康市,汉滨区检察院,,26,8,15,6,8,82,,62,62,4,7,9,8,0.4,0.4
2024-09-18T1500,2291A,117.0809,30.5177,安庆市,环科院,,38,36,34,17,24,120,,100,100,6,12,7,8,0.8,0.9
2024-09-18T1500,2292A,117.0331,30.5119,安庆市,马山宾馆,,,30,31,20,24,134,,110,110,,11,8,9,0.5,0.5
2024-09-18T1500,2294A,116.9896,30.6145,安庆市,安庆大学,,37,30,27,20,19,117,,97,97,6,8,8,9,0.5,0.5
2024-09-18T1500,3173A,117.0598,30.5351,安庆市,市人大,,39,32,31,19,23,122,,105,105,4,9,7,10,0.8,0.9
2024-09-18T1500,3123A,105.9408,26.2431,安顺市,凤凰山,,25,16,25,9,21,80,,67,67,3,6,8,11,0.4,0.5
2024-09-18T1500,3124A,105.9439,26.2564,安顺市,金钟山,,25,18,26,10,21,80,,67,67,2,5,7,9,0.5,0.6
2024-09-18T1500,3125A,105.8983,26.2481,安顺市,娄家坡,,25,11,24,10,20,80,,66,66,3,6,6,8,0.4,0.6
2024-09-18T1500,1819A,114.3551,36.1017,安阳市,红庙街,臭氧1小时,73,39,51,32,31,178,,138,138,14,16,6,6,1.1,0.8
2024-09-18T1500,1820A,114.361,36.0681,安阳市,银杏小区,,,39,50,,,175,,139,139,13,14,5,5,1.2,1
2024-09-18T1500,3141A,114.3922,36.0878,安阳市,信访局,臭氧1小时,77,31,49,23,31,181,,149,149,15,18,4,5,1.0,0.9
2024-09-18T1500,3669A,114.4705,36.0637,安阳市,左辅环卫站,,48,45,61,23,34,151,,139,137,14,14,4,3,1.0,1.1
2024-09-18T1500,3703A,114.2917,36.0949,安阳市,安钢职工学校,臭氧1小时,69,45,56,43,45,175,,136,136,20,24,8,12,1.5,1.4
2024-09-18T1500,1748A,123.044,41.1196,鞍山市,深沟寺,,32,32,74,11,49,100,,55,55,12,36,8,9,0.6,1.1
2024-09-18T1500,1749A,123.011,41.0931,鞍山市,太阳城,,34,23,72,13,43,108,,52,52,11,37,12,12,0.6,1.1
2024-09-18T1500,1750A,123.0485,41.1442,鞍山市,太平,,31,24,100,10,55,99,,57,57,16,44,8,16,0.7,1.2
2024-09-18T1500,1751A,122.9642,41.0971,鞍山市,铁西三道街,,40,40,87,18,53,102,,62,62,26,40,16,23,1.3,1.3
2024-09-18T1500,1752A,122.9341,41.0833,鞍山市,铁西工业园区,,34,34,94,12,57,103,,56,56,23,47,21,26,1.1,1.9
2024-09-18T1500,1753A,123.022,41.0821,鞍山市,明达新区,,32,29,73,12,36,102,,53,53,13,39,9,14,0.6,1.1
2024-09-18T1500,2195A,107.4212,40.761,巴彦淖尔市,附二中,细颗粒物(PM2.5),57,46,34,40,25,87,,55,55,8,10,6,5,0.7,0.7
2024-09-18T1500,2196A,107.37,40.7372,巴彦淖尔市,市环保大楼,颗粒物(PM10),63,76,61,29,21,104,,62,62,6,10,4,4,0.8,0.7
2024-09-18T1500,1956A,86.1472,41.7538,巴音郭楞蒙古自治州,孔雀公园,颗粒物(PM10),119,188,141,53,36,110,,85,85,5,27,7,8,0.2,0.4
2024-09-18T1500,1957A,86.1972,41.7166,巴音郭楞蒙古自治州,棉纺厂,颗粒物(PM10),78,105,156,39,42,116,,80,80,8,31,7,9,0.2,0.4
2024-09-18T1500,1958A,86.2357,41.7173,巴音郭楞蒙古自治州,经济开发区,颗粒物(PM10),83,115,144,46,40,104,,90,90,4,13,9,10,0.1,0.2
2024-09-18T1500,2914A,106.7677,31.8794,巴中市,苏山坪,,32,28,25,20,18,100,,82,67,10,9,4,4,0.5,0.5
2024-09-18T1500,3182A,106.7656,31.8545,巴中市,丽阳花园,,39,34,32,27,24,109,,62,62,14,16,5,5,0.6,0.6
2024-09-18T1500,3183A,106.7418,31.8654,巴中市,圣泉水务公司,,38,31,28,26,22,112,,60,60,13,13,4,4,0.7,0.6
2024-09-18T1500,3616A,106.7616,31.8344,巴中市,市中心医院,,43,40,34,30,26,105,,58,58,13,18,5,5,0.6,0.6
2024-09-18T1500,2235A,122.7911,45.6077,白城市,洮北区环保局,,31,14,16,3,6,99,,69,69,5,7,5,4,0.3,0.2
2024-09-18T1500,2236A,122.8738,45.5725,白城市,市环保局,,32,25,34,3,8,100,,68,68,7,18,6,5,0.2,0.3
2024-09-18T1500,2231A,126.4219,41.9171,白山市,喜丰,,23,23,32,3,13,68,,32,32,15,14,11,9,0.5,0.7
2024-09-18T1500,2232A,126.4077,41.9419,白山市,环保局,,24,24,31,3,15,57,,27,27,25,21,9,10,0.4,0.5
2024-09-18T1500,2647A,104.1724,36.5446,白银市,第三小学,,33,33,44,22,29,85,,51,51,9,19,15,57,0.7,1
2024-09-18T1500,2648A,104.1465,36.5482,白银市,动力公司,,41,41,35,3,17,86,,49,49,6,14,9,30,0.7,1
2024-09-18T1500,2512A,106.6103,23.9011,百色市,市监测站,,24,24,26,10,13,68,,47,47,4,7,4,4,0.5,0.6
2024-09-18T1500,2513A,106.6538,23.8859,百色市,市中心血站,,24,24,32,12,12,67,,48,48,5,12,3,3,0.6,0.8
2024-09-18T1500,3406A,106.6085,23.8798,百色市,祈福高中,,37,37,33,10,13,64,,44,44,4,8,3,3,0.5,0.5
2024-09-18T1500,2270A,117.396,32.939,蚌埠市,工人疗养院,,33,33,26,6,6,93,,51,51,4,9,6,6,0.2,0.3
2024-09-18T1500,2271A,117.3605,32.9427,蚌埠市,百货大楼,,38,38,24,8,9,86,,45,45,4,7,7,6,0.3,0.4
2024-09-18T1500,2273A,117.4185,32.8911,蚌埠市,蚌埠学院,,28,24,17,13,9,88,,58,58,5,8,6,6,0.4,0.4
2024-09-18T1500,2274A,117.3533,32.9673,蚌埠市,淮上区政府,,31,31,21,14,11,92,,49,49,5,8,8,7,0.3,0.4
2024-09-18T1500,2275A,117.3145,32.8977,蚌埠市,高新区,,31,31,19,14,8,76,,47,47,8,7,6,6,0.5,0.5
2024-09-18T1500,3715A,117.3092,32.9314,蚌埠市,蚌埠田家炳中学,,34,34,23,13,8,79,,46,46,5,5,6,5,0.4,0.5
2024-09-18T1500,1585A,109.8756,40.6532,包头市,市环境监测站,,44,44,36,27,27,117,,57,57,25,33,17,11,1.0,1.2
2024-09-18T1500,1587A,109.9991,40.5842,包头市,包头八中,,46,46,46,26,34,119,,63,63,17,32,11,12,1.0,1.2
2024-09-18T1500,1588A,109.8538,40.6821,包头市,青山宾馆,,36,36,30,25,22,115,,57,57,22,24,13,9,1.1,1.2
2024-09-18T1500,1589A,109.8642,40.6288,包头市,惠龙物流,,45,45,39,29,28,126,,64,64,17,26,14,11,0.9,1.2
2024-09-18T1500,1590A,110.0377,40.5546,包头市,东河鸿龙湾,,44,44,35,27,26,116,,72,72,11,20,12,14,0.9,1
2024-09-18T1500,3283A,109.9154,40.5685,包头市,滨河大厦,,,,37,,27,117,,25,,12,27,,11,1.0,1.1
2024-09-18T1500,3419A,109.9447,40.6261,包头市,包头市委党校,,48,48,35,27,29,127,,64,64,17,32,9,6,1.0,1.3
2024-09-18T1500,3683A,109.8331,40.6576,包头市,昆区政府,,46,46,36,25,24,122,,58,58,18,24,12,9,1.1,1.3
2024-09-18T1500,1930A,107.185,34.3063,宝鸡市,庙沟村,,46,35,55,32,31,124,,88,88,5,8,8,9,0.5,0.5
2024-09-18T1500,1931A,107.0708,34.3017,宝鸡市,竹园沟,,43,43,47,29,31,114,,79,79,5,13,7,9,0.6,0.6
2024-09-18T1500,1932A,107.1906,34.3672,宝鸡市,三陆医院,颗粒物(PM10),61,71,66,36,37,146,,86,86,15,23,8,8,0.6,0.7
2024-09-18T1500,1933A,107.1431,34.3547,宝鸡市,监测站,颗粒物(PM10),59,67,57,33,33,136,,79,79,12,16,8,7,0.7,0.8
2024-09-18T1500,1934A,107.1186,34.3739,宝鸡市,技工学校,颗粒物(PM10),62,74,59,38,44,148,,88,88,15,16,9,9,0.6,0.7
2024-09-18T1500,1935A,107.3906,34.3528,宝鸡市,陈仓区环保局家属楼,,46,39,61,18,31,147,,94,94,12,21,10,10,0.6,0.7
2024-09-18T1500,1936A,107.2058,34.3497,宝鸡市,文理学院,,50,50,57,28,33,148,,89,89,10,17,12,11,0.6,0.7
2024-09-18T1500,1937A,107.2386,34.3622,宝鸡市,三迪小学,颗粒物(PM10),56,62,63,23,34,148,,90,90,14,23,10,9,0.6,0.7
2024-09-18T1500,1051A,115.493,38.8632,保定市,游泳馆,,45,41,50,12,30,144,,157,139,11,10,7,6,0.5,0.6
2024-09-18T1500,1052A,115.5213,38.8959,保定市,华电二区,,42,40,58,19,33,133,,122,122,5,10,3,4,0.4,0.5
2024-09-18T1500,1053A,115.4713,38.9108,保定市,接待中心,,45,30,52,19,36,142,,127,127,6,11,5,4,0.3,0.7
2024-09-18T1500,1054A,115.4612,38.8416,保定市,地表水厂,,45,36,57,17,27,141,,151,137,10,9,4,3,0.5,0.5
2024-09-18T1500,3581A,115.31981,38.95208,保定市,满城区生态环境分局,臭氧1小时,82,58,69,24,34,185,,152,152,11,16,6,5,0.7,0.7
2024-09-18T1500,3582A,115.47694,38.76408,保定市,清苑区第二中学,,46,46,73,23,40,134,,146,120,6,9,3,3,0.7,0.7
2024-09-18T1500,3583A,115.62909,39.02311,保定市,徐水物探局,,41,20,59,9,33,131,,129,123,7,13,6,5,0.7,0.8
2024-09-18T1500,4004A,115.4202,38.8656,保定市,双鹰农机,臭氧1小时,57,38,51,14,24,165,,149,149,10,12,3,3,0.6,0.7
2024-09-18T1500,4034A,115.5150,38.8590,保定市,植保所站,,47,47,58,22,33,146,,146,138,8,11,4,5,0.9,0.9
2024-09-18T1500,2594A,99.1678,25.1081,保山市,市环境监测站,,26,12,28,3,15,83,,62,62,5,6,6,6,0.4,0.5
2024-09-18T1500,2595A,99.1711,25.1328,保山市,市环保局,,28,24,30,6,11,89,,67,67,3,5,5,5,0.4,0.4
2024-09-18T1500,1867A,109.1436,21.4086,北海市,海滩公园,,31,31,19,7,9,89,,65,65,5,5,5,5,0.6,0.6
2024-09-18T1500,1868A,109.0981,21.4661,北海市,新市环保局,,32,31,19,22,13,88,,66,66,5,5,4,4,0.7,0.7
2024-09-18T1500,1869A,109.1778,21.5233,北海市,北海工业园,,32,28,21,22,14,77,,63,63,10,8,6,6,0.6,0.5
2024-09-18T1500,3400A,109.1911,21.4415,北海市,龙潭自来水厂,,40,,21,28,15,89,,60,60,5,4,6,6,0.6,0.6
2024-09-18T1500,1001A,116.3621,39.8784,北京市,万寿西宫,,47,47,38,25,23,137,,107,107,15,17,5,4,1.0,0.8
2024-09-18T1500,1002A,116.2202,40.2915,北京市,定陵,,26,26,26,18,17,80,,58,58,5,4,11,8,0.8,0.5
2024-09-18T1500,1003A,116.4174,39.9289,北京市,东四,,46,46,40,22,21,130,,109,109,13,17,8,7,0.8,0.7
2024-09-18T1500,1004A,116.4072,39.8863,北京市,天坛,,47,47,36,27,21,129,,104,104,16,18,3,3,0.8,0.7
2024-09-18T1500,1005A,116.462,39.9365,北京市,农展馆,,44,44,38,22,20,110,,95,95,15,22,8,7,0.7,0.6
2024-09-18T1500,1006A,116.3392,39.9295,北京市,官园,,50,50,38,24,21,119,,97,97,17,17,10,8,0.8,0.7
2024-09-18T1500,1007A,116.2878,39.9611,北京市,海淀万柳,,49,49,37,23,17,104,,60,60,15,18,6,4,0.9,0.6
2024-09-18T1500,1008A,116.6636,40.135,北京市,顺义新城,,35,31,36,18,21,109,,81,81,6,10,5,3,0.6,0.6
2024-09-18T1500,1009A,116.6275,40.3275,北京市,怀柔镇,,28,,5,14,13,88,,58,58,7,13,2,3,0.7,0.3
2024-09-18T1500,1010A,116.2296,40.217,北京市,昌平镇,,36,36,32,18,16,81,,68,68,9,11,7,5,0.8,0.6
2024-09-18T1500,1011A,116.3966,39.9821,北京市,奥体中心,,41,41,35,17,16,109,,86,86,12,20,5,4,0.9,0.8
2024-09-18T1500,1012A,116.184,39.9136,北京市,古城,颗粒物(PM10),54,58,40,28,19,123,,74,74,20,17,5,4,1.1,0.8
2024-09-18T1500,3281A,115.9718,40.4529,北京市,延庆夏都,,41,41,23,23,11,103,,88,88,6,5,3,3,1.0,0.5
2024-09-18T1500,3417A,117.0709,40.1465,北京市,平谷新城,,50,34,37,18,22,159,,105,105,3,7,5,3,0.9,0.8
2024-09-18T1500,3418A,116.8336,40.4095,北京市,密云新城,,27,25,23,14,12,86,,60,60,3,5,2,2,0.6,0.5
2024-09-18T1500,3671A,116.088,39.9726,北京市,门头沟三家店,颗粒物(PM10),52,54,38,30,20,89,,53,53,15,15,7,5,0.9,0.6
2024-09-18T1500,3672A,116.1541,39.8204,北京市,丰台云岗,颗粒物(PM10),51,51,42,29,19,117,,80,80,16,19,6,4,0.9,0.6
2024-09-18T1500,3673A,116.6804,39.9081,北京市,通州东关,,50,36,50,17,24,158,,115,115,6,14,6,5,0.8,0.8
2024-09-18T1500,3674A,115.9577,39.7603,北京市,房山燕山,,48,41,45,17,28,153,,106,106,10,12,1,3,0.8,0.7
2024-09-18T1500,3675A,116.4672,39.7733,北京市,大兴旧宫,,44,21,45,10,27,140,,107,107,5,13,2,3,0.6,0.9
2024-09-18T1500,3694A,115.986,40.4563,北京市,延庆石河营,,42,42,20,23,10,101,,84,84,5,4,2,2,0.9,0.5
2024-09-18T1500,3695A,116.6151,40.3053,北京市,怀柔新城,,28,26,22,13,12,89,,60,60,2,7,3,2,0.7,0.5
2024-09-18T1500,3696A,116.2545,39.8768,北京市,丰台小屯,颗粒物(PM10),52,54,37,25,19,111,,87,87,16,14,3,3,0.9,0.7
2024-09-18T1500,3697A,116.84,40.3844,北京市,密云镇,,28,21,25,13,13,87,,57,57,4,11,5,4,0.6,0.5
2024-09-18T1500,1761A,123.8275,41.3064,本溪市,大峪,,30,20,39,3,13,94,,47,47,10,23,9,9,0.6,1
2024-09-18T1500,1762A,123.7567,41.3325,本溪市,溪湖,,30,25,45,3,16,93,,49,49,8,23,6,7,0.5,1
2024-09-18T1500,1763A,123.7169,41.3094,本溪市,彩屯,,23,17,35,7,18,73,,44,44,28,31,10,9,0.8,1.1
2024-09-18T1500,1764A,123.7669,41.2864,本溪市,东明,,32,32,43,10,15,89,,53,53,17,28,6,7,0.6,0.8
2024-09-18T1500,1765A,123.7992,41.2664,本溪市,新立屯,,,,25,18,10,102,,61,61,11,26,6,7,0.6,0.6
2024-09-18T1500,1766A,123.8142,41.3472,本溪市,威宁,,29,11,42,6,19,90,,43,43,9,22,8,8,0.6,1
2024-09-18T1500,2587A,105.2864,27.3125,毕节市,八中,,26,17,24,12,18,82,,59,59,8,11,6,6,0.4,0.4
2024-09-18T1500,2588A,105.31,27.2944,毕节市,师专,,,15,24,13,19,84,,64,64,,12,7,8,,0.5
2024-09-18T1500,3537A,105.3631,27.3533,毕节市,长征村,,25,16,37,12,30,79,,56,56,7,9,9,7,0.5,0.6
2024-09-18T1500,1629A,118.0018,37.3617,滨州市,第二水厂,,48,48,34,27,22,102,,112,78,8,8,4,7,0.9,0.9
2024-09-18T1500,1630A,117.9776,37.393,滨州市,北中新校,颗粒物(PM10),52,53,42,31,22,102,,118,85,3,3,6,8,0.8,0.9
2024-09-18T1500,3514A,117.9378,37.3956,滨州市,中海酒店,颗粒物(PM10),54,58,40,22,22,111,,125,97,12,12,7,8,0.8,0.8
2024-09-18T1500,3515A,117.9378,37.3553,滨州市,开发区一中,颗粒物(PM10),51,51,40,22,21,109,,118,86,13,11,7,9,0.6,0.6
2024-09-18T1500,3516A,118.0917,37.694,滨州市,金海六路,,,34,36,14,15,104,,122,107,5,9,2,4,,0.7
2024-09-18T1500,4028A,117.9956,37.3753,滨州市,滨州市西街道办事处,颗粒物(PM10),53,56,37,31,23,112,,124,87,7,7,4,7,0.8,0.9
2024-09-18T1500,2311A,115.8072,33.8399,亳州市,污水处理厂,,18,14,5,9,7,57,,61,56,11,8,2,2,0.6,0.6
2024-09-18T1500,2312A,115.7789,33.8518,亳州市,三国揽胜宫,,23,16,7,16,4,58,,55,53,4,4,2,2,0.6,0.5
2024-09-18T1500,3332A,115.7633,33.8034,亳州市,亳州学院,,,,6,18,7,61,,56,54,6,5,,1,0.7,0.6
2024-09-18T1500,2693A,82.0485,44.8556,博尔塔拉蒙古自治州,市党校,颗粒物(PM10),52,54,53,18,17,80,,75,74,10,10,5,5,0.3,0.3
2024-09-18T1500,2694A,82.0806,44.8969,博尔塔拉蒙古自治州,市环保局,颗粒物(PM10),60,70,62,11,14,75,,68,68,6,7,5,5,0.3,0.4
2024-09-18T1500,1071A,116.8842,38.2991,沧州市,沧县城建局,,30,25,40,11,20,94,,91,78,9,12,2,3,0.5,0.7
2024-09-18T1500,1072A,116.8584,38.3254,沧州市,电视转播站,,29,26,40,19,22,92,,93,77,10,12,6,6,0.4,0.6
2024-09-18T1500,1073A,116.8709,38.3228,沧州市,市环保局,,27,22,41,18,27,85,,82,72,8,10,3,4,0.4,0.5
2024-09-18T1500,3324A,116.8136,38.3004,沧州市,河北水利电力学院,,31,29,39,17,26,97,,101,80,9,10,6,8,0.3,0.5
2024-09-18T1500,2622A,97.1806,31.1273,昌都市,昌都监测站,,19,6,10,3,5,60,,39,39,2,7,7,6,0.5,0.5
2024-09-18T1500,3719A,97.1714,31.1406,昌都市,昌都会议中心,,21,6,11,3,5,66,,44,44,5,16,8,8,0.5,0.5
2024-09-18T1500,2690A,88.1236,43.8886,昌吉回族自治州,天山天池,,24,24,19,9,9,73,,63,63,9,6,11,11,0.5,0.5
2024-09-18T1500,2692A,87.2717,44.0297,昌吉回族自治州,新区政务中心,,45,45,34,22,16,81,,52,52,6,17,13,7,0.8,0.6
2024-09-18T1500,3613A,87.3095,44.0142,昌吉回族自治州,亚心广场,,44,44,34,7,6,81,,59,59,11,23,12,4,0.6,0.5
2024-09-18T1500,1119A,125.3325,43.9166,长春市,食品厂,,28,14,60,8,25,88,,67,67,16,40,5,6,0.3,0.7
2024-09-18T1500,1120A,125.2863,43.9027,长春市,客车厂,,28,15,42,3,21,88,,67,67,9,35,6,6,0.3,0.6
2024-09-18T1500,1121A,125.2841,43.8463,长春市,邮电学院,,30,,34,9,18,93,,66,66,8,24,6,7,0.2,0.5
2024-09-18T1500,1122A,125.3716,43.8772,长春市,劳动公园,,33,20,42,3,22,103,,70,70,8,32,7,9,0.4,0.7
2024-09-18T1500,1123A,125.3297,43.8805,长春市,园林处,,28,11,35,9,20,89,,58,58,6,27,4,5,0.2,0.5
2024-09-18T1500,1124A,125.4605,43.79,长春市,净月潭,,33,21,33,8,19,103,,63,63,9,16,6,6,0.2,0.4
2024-09-18T1500,1126A,125.3863,43.8447,长春市,经开区环卫处,,30,13,41,6,18,95,,58,58,9,29,8,8,0.4,0.7
2024-09-18T1500,1127A,125.245,43.7783,长春市,高新区管委会,,30,11,31,3,15,95,,66,66,6,22,4,4,0.2,0.4
2024-09-18T1500,1128A,125.1761,43.8325,长春市,岱山公园,,29,,31,11,18,90,,62,62,6,27,4,4,0.2,0.4
2024-09-18T1500,1335A,113.0833,28.2325,长沙市,经开区环保局,,41,34,53,19,31,130,,109,109,7,13,2,3,0.4,0.5
2024-09-18T1500,1336A,112.8872,28.2189,长沙市,高开区环保局,,45,45,61,30,37,138,,128,128,3,9,3,5,0.5,0.5
2024-09-18T1500,1337A,113.0792,28.2053,长沙市,马坡岭,,44,32,52,23,38,140,,115,115,4,11,4,5,0.5,0.6
2024-09-18T1500,1338A,112.9394,28.19,长沙市,湖南师范大学,颗粒物(PM10),54,58,66,19,40,149,,129,129,2,6,6,8,0.5,0.6
2024-09-18T1500,1339A,113.0178,28.1322,长沙市,雨花区环保局,,45,41,55,26,31,143,,122,122,6,11,5,6,0.5,0.6
2024-09-18T1500,1340A,112.9792,28.2597,长沙市,伍家岭,,43,40,64,20,39,137,,119,119,2,6,2,3,0.6,0.8
2024-09-18T1500,1341A,113.0014,28.1944,长沙市,火车新站,,48,48,60,29,40,142,,122,122,3,8,4,5,0.5,0.6
2024-09-18T1500,1342A,112.9844,28.1178,长沙市,天心区环保局,,48,48,61,12,26,143,,118,118,6,10,4,5,0.5,0.6
2024-09-18T1500,1343A,112.8908,28.1308,长沙市,湖南中医药大学,臭氧1小时,55,53,62,24,43,164,,142,142,2,8,7,8,0.8,0.8
2024-09-18T1500,1344A,112.9581,28.3611,长沙市,沙坪,,44,25,52,14,30,140,,115,115,7,10,2,12,0.6,1.3
2024-09-18T1500,1727A,113.1147,36.1547,长治市,清华站,,34,11,32,7,22,108,,130,110,6,8,6,8,0.7,0.9
2024-09-18T1500,1728A,113.1031,36.1989,长治市,监测站,,32,18,36,3,24,101,,133,108,9,11,8,9,0.9,1.1
2024-09-18T1500,1730A,113.0886,36.2125,长治市,审计局,,33,14,35,3,27,104,,134,113,7,9,5,8,0.5,0.7
2024-09-18T1500,1731A,113.0844,36.1856,长治市,长治八中,,33,,38,12,24,103,,134,111,6,8,6,8,0.7,0.9
2024-09-18T1500,2845A,113.1569,36.1911,长治市,德盛苑,,33,11,32,9,23,103,,127,110,4,6,3,5,0.7,0.9
2024-09-18T1500,3568A,113.06,36.0464,长治市,向阳小学,,36,30,57,23,42,114,,112,112,8,10,5,7,0.5,0.8
2024-09-18T1500,3569A,112.8792,36.3144,长治市,屯留一中,,31,27,63,19,49,97,,108,94,8,16,11,17,1.4,1.5
2024-09-18T1500,3570A,113.235,36.3489,长治市,潞城四中,,35,24,46,19,39,109,,148,127,7,10,7,7,0.9,1.2
2024-09-18T1500,1854A,111.6975,28.9703,常德市,市二中,,42,37,51,27,36,134,,107,107,4,10,10,11,0.6,0.7
2024-09-18T1500,3138A,111.7153,29.0289,常德市,武陵区永安,,42,37,51,21,33,132,,107,107,5,10,9,10,0.5,0.7
2024-09-18T1500,3139A,111.6892,28.9881,常德市,鼎城区玉霞,,43,35,53,17,31,135,,106,106,4,9,9,12,0.5,0.7
2024-09-18T1500,3140A,111.6625,29.0531,常德市,武陵区长庚,,43,36,50,18,34,135,,108,108,6,11,10,11,0.5,0.5
2024-09-18T1500,1196A,119.9633,31.762,常州市,市监测站,,42,34,22,13,11,132,,75,75,4,11,6,7,0.4,0.5
2024-09-18T1500,1200A,119.9468,31.7069,常州市,武进监测站,,40,26,20,10,9,125,,88,88,2,9,5,11,0.5,0.7
2024-09-18T1500,1201A,119.9255,31.9087,常州市,安家,,36,26,23,20,10,115,,67,67,8,11,8,8,0.4,0.5
2024-09-18T1500,3002A,119.9805,31.8174,常州市,行政中心,,40,40,28,11,7,128,,72,72,10,13,6,6,0.3,0.3
2024-09-18T1500,3003A,120.0522,31.7748,常州市,经开区,,40,31,23,12,8,126,,72,72,5,11,9,9,0.3,0.3
2024-09-18T1500,3010A,119.9025,31.7964,常州市,钟楼,,37,,23,11,7,116,,70,70,7,14,8,8,0,0.4
2024-09-18T1500,3430A,119.5826,31.7245,常州市,金坛城区,,,17,22,12,11,102,,67,67,,12,8,8,0.3,0.4
2024-09-18T1500,2220A,120.4318,41.5881,朝阳市,西梁,,29,29,34,15,23,47,,25,25,16,19,10,9,0.6,0.7
2024-09-18T1500,2221A,120.4521,41.5646,朝阳市,河畔小区,,36,36,26,15,14,57,,31,31,13,15,9,8,0.7,0.7
2024-09-18T1500,2222A,120.4176,41.5648,朝阳市,八里堡,,34,34,35,16,19,55,,29,29,18,23,10,9,0.8,0.9
2024-09-18T1500,2223A,120.3806,41.5969,朝阳市,农业园区,,50,50,28,24,18,37,,25,25,15,16,9,8,0.8,0.6
2024-09-18T1500,1705A,116.6367,23.6719,潮州市,西园路,,,9,25,6,10,62,,33,33,6,8,,5,0.2,0.3
2024-09-18T1500,3026A,116.6183,23.6608,潮州市,市政府,,34,34,28,7,13,86,,49,49,5,9,5,4,0.5,0.7
2024-09-18T1500,4036A,116.6461,23.6761,潮州市,金山,,27,21,24,12,16,84,,47,47,3,5,9,6,0.5,0.6
2024-09-18T1500,2472A,113.0073,25.9061,郴州市,马头岭,颗粒物(PM10),52,54,53,16,20,109,,84,84,5,10,9,9,0.3,0.4
2024-09-18T1500,2473A,113.0116,25.8226,郴州市,市职中,细颗粒物(PM2.5),60,50,51,43,43,122,,94,94,8,12,2,3,0.6,0.7
2024-09-18T1500,2474A,113.0161,25.8001,郴州市,兴隆步行街,颗粒物(PM10),58,66,61,40,38,117,,100,100,9,12,5,7,0.6,0.8
2024-09-18T1500,2475A,113.0383,25.8071,郴州市,市审计局,细颗粒物(PM2.5),58,48,52,41,42,114,,89,89,4,8,4,5,0.7,0.8
2024-09-18T1500,2476A,113.0348,25.7759,郴州市,市环保局,颗粒物(PM10),54,58,58,33,41,115,,92,92,6,11,6,6,0.7,0.8
2024-09-18T1500,1431A,103.9728,30.7236,成都市,金泉两河,,44,27,37,9,15,139,,93,93,3,16,3,3,0.4,0.7
2024-09-18T1500,1432A,104.176,30.6872,成都市,十里店,,40,14,47,8,28,127,,93,93,16,35,2,4,0.2,0.5
2024-09-18T1500,1433A,104.079,30.5706,成都市,三瓦窑,,36,24,46,6,30,113,,76,76,18,40,3,3,0.4,0.7
2024-09-18T1500,1434A,104.1114,30.63,成都市,沙河铺,,42,29,51,10,29,132,,93,93,6,26,4,4,0.5,0.8
2024-09-18T1500,1437A,104.0786,30.6531,成都市,君平街,,41,18,41,9,30,129,,111,111,5,24,2,3,0.4,0.7
2024-09-18T1500,2880A,104.0239,30.65639,成都市,大石西路,,44,44,45,24,28,128,,98,98,8,23,5,5,0.6,0.9
2024-09-18T1500,3136A,104.2725,30.5589,成都市,龙泉驿区区政府,,37,14,30,9,19,116,,109,109,5,12,4,4,0.5,0.6
2024-09-18T1500,3357A,104.0106,30.6931,成都市,金博路,,43,38,39,22,23,135,,92,92,4,22,2,3,0.5,0.7
2024-09-18T1500,3359A,104.0578,30.5225,成都市,华阳,,40,27,47,17,28,128,,86,86,2,24,2,3,0.4,0.7
2024-09-18T1500,3487A,104.2394,30.5319,成都市,车城东七路,,40,29,43,19,29,125,,111,111,4,15,3,3,0.3,0.5
2024-09-18T1500,3488A,104.3853,30.7453,成都市,青白江技师分院,,49,24,40,7,29,154,,95,95,7,30,2,3,0.5,0.7
2024-09-18T1500,3489A,104.0789,30.4072,成都市,科学城,,43,27,45,21,33,136,,101,101,2,14,3,3,0.5,0.7
2024-09-18T1500,4011A,103.8506,30.6947,成都市,光华大道三段,,39,12,35,7,19,122,,96,96,2,14,2,2,0.4,0.7
2024-09-18T1500,1062A,117.9531,40.9081,承德市,铁路,,30,30,19,10,8,75,,53,53,13,21,8,8,0.4,0.3
2024-09-18T1500,1063A,117.9392,40.9763,承德市,中国银行,,28,28,18,12,5,72,,56,56,9,14,5,4,0.4,0.3
2024-09-18T1500,1064A,117.9503,40.928,承德市,开发区,,30,30,22,10,11,70,,55,55,13,13,8,7,0.4,0.4
2024-09-18T1500,1065A,117.8051,40.9655,承德市,文化中心,颗粒物(PM10),53,55,26,10,7,63,,46,46,13,14,8,8,0.3,0.2
2024-09-18T1500,1066A,117.9268,41.0026,承德市,离宫,,30,30,15,18,19,55,,43,43,5,7,3,2,0.4,0.3
2024-09-18T1500,2314A,117.47,30.6618,池州市,池州学院,,37,20,38,11,25,117,,79,79,4,13,7,11,0.6,0.8
2024-09-18T1500,3237A,117.4918,30.6617,池州市,展览馆,,,24,37,16,22,118,,69,69,4,12,6,7,,0.8
2024-09-18T1500,3333A,117.5627,30.695,池州市,第八中学,,44,26,32,20,20,138,,78,78,6,12,5,6,0.6,0.8
2024-09-18T1500,3334A,117.5038,30.6243,池州市,第十二中学,,43,28,36,14,23,137,,91,91,8,15,4,6,0.7,1.1
2024-09-18T1500,1745A,118.9576,42.2728,赤峰市,哈达街,,30,11,22,6,14,93,,56,56,12,19,10,11,0.4,0.5
2024-09-18T1500,1746A,118.8788,42.2554,赤峰市,天义路,,28,,21,8,14,87,,56,56,11,22,7,10,0.1,0.3
2024-09-18T1500,3286A,118.9359,42.3147,赤峰市,桥北物流园区,,35,,33,24,18,99,,52,52,10,24,8,12,0.7,0.8
2024-09-18T1500,2521A,107.3476,22.4136,崇左市,市环保局江州分局,,25,25,27,17,16,75,,51,51,4,6,7,7,0.7,0.7
2024-09-18T1500,2522A,107.3702,22.3707,崇左市,城南新区,,24,21,23,15,14,75,,52,52,2,5,3,3,0.7,0.7
2024-09-18T1500,2298A,118.3093,32.3153,滁州市,老年大学,,30,21,23,12,13,96,,73,73,4,10,4,6,0.1,0.4
2024-09-18T1500,2299A,118.3244,32.2786,滁州市,人大宾馆,,30,21,27,14,18,94,,73,73,2,10,5,6,0.3,0.6
2024-09-18T1500,3207A,118.3118,32.3038,滁州市,市政府原办公楼,,30,16,20,16,18,95,,72,72,3,11,6,7,0.2,0.5
2024-09-18T1500,3331A,118.3267,32.2634,滁州市,图书馆,,30,19,26,12,15,93,,71,71,3,11,5,5,0.1,0.4
2024-09-18T1500,2605A,101.5482,25.0441,楚雄彝族自治州,州环境监测站,,26,19,20,12,14,82,,57,57,5,14,8,16,0.6,0.6
2024-09-18T1500,2606A,101.538,25.0492,楚雄彝族自治州,市经济开发区,,26,,20,12,16,81,,54,54,5,15,5,13,0.6,0.7
2024-09-18T1500,2548A,107.5277,31.2827,达州市,达州职业技术学院,,47,37,37,13,18,149,,87,87,9,22,7,8,0.7,0.7
2024-09-18T1500,2549A,107.5086,31.2186,达州市,市环境监测站,臭氧1小时,77,42,37,19,17,181,,97,97,16,25,11,10,0.8,0.6
2024-09-18T1500,2550A,107.4988,31.2132,达州市,凤凰小区,臭氧1小时,90,44,32,24,19,192,,108,108,16,22,15,10,1.0,0.6
2024-09-18T1500,2551A,107.5082,31.1986,达州市,达县机关宾馆,臭氧1小时,82,46,38,23,19,185,,103,103,20,34,10,8,0.8,0.6
2024-09-18T1500,2552A,107.4644,31.2124,达州市,市政中心,臭氧1小时,83,46,40,27,21,186,,108,108,18,25,13,8,1.1,0.7
2024-09-18T1500,2614A,100.1542,25.7054,大理白族自治州,大理市环境监测站,,29,,26,15,19,90,,69,69,6,12,8,8,0.5,0.6
2024-09-18T1500,2615A,100.2171,25.5811,大理白族自治州,大理古城,,28,14,20,12,12,89,,64,64,3,8,7,7,0.5,0.6
2024-09-18T1500,1109A,121.612,38.9741,大连市,甘井子,,37,33,48,11,31,117,,90,90,18,22,9,10,1.5,0.7
2024-09-18T1500,1110A,121.565,38.9511,大连市,周水子,,37,36,46,11,30,118,,79,79,15,27,7,8,0.7,0.9
2024-09-18T1500,1111A,121.5637,38.8845,大连市,星海三站,,38,28,54,11,30,121,,88,88,7,18,6,7,0.4,0.7
2024-09-18T1500,1112A,121.6302,38.9117,大连市,青泥洼桥,,37,21,58,11,30,116,,89,89,9,25,10,11,0.7,0.8
2024-09-18T1500,1113A,121.6251,38.8638,大连市,傅家庄,,31,24,47,11,29,99,,81,81,10,19,9,10,0.3,0.8
2024-09-18T1500,1114A,121.5213,38.8661,大连市,七贤岭,,40,18,43,13,30,125,,94,94,11,16,9,8,0.4,0.7
2024-09-18T1500,1115A,121.2529,38.8061,大连市,旅顺,,43,14,36,13,26,137,,98,98,7,19,5,7,0.5,0.8
2024-09-18T1500,1116A,121.7485,39.1311,大连市,金州,,45,32,42,22,33,143,,90,90,26,20,12,12,1.1,1.3
2024-09-18T1500,1117A,121.7811,39.0496,大连市,开发区,,39,39,51,10,29,113,,83,83,4,16,3,8,0.6,0.9
2024-09-18T1500,1118A,121.9762,39.0631,大连市,双D港,,39,19,29,15,21,122,,90,90,10,13,7,7,0.9,0.9
2024-09-18T1500,1789A,124.81117,46.03138,大庆市,大同区,,27,22,33,14,16,85,,67,67,3,10,4,4,0.4,0.4
2024-09-18T1500,1790A,125.129,46.533,大庆市,龙凤区,,26,20,45,16,17,83,,66,66,6,20,3,6,0.3,0.4
2024-09-18T1500,1791A,124.902,46.408,大庆市,红岗区,,30,24,26,11,8,94,,72,72,7,13,6,6,0.1,0.3
2024-09-18T1500,1792A,125.153,46.586,大庆市,萨尔图区,,24,18,32,6,15,76,,64,64,6,24,5,7,0.3,0.4
2024-09-18T1500,1793A,124.9042,46.6215,大庆市,让胡路区,,26,18,26,7,18,81,,65,65,6,21,4,4,0.1,0.2
2024-09-18T1500,3481A,125.141,46.634,大庆市,萨区政府监测点,,24,20,22,3,8,76,,62,62,3,16,5,6,0.4,0.4
2024-09-18T1500,1723A,113.2994,40.0758,大同市,云冈宾馆,,39,27,46,27,34,110,,71,71,8,19,8,10,0.5,0.8
2024-09-18T1500,1724A,113.3444,40.0917,大同市,大同大学,,34,26,37,22,26,107,,70,70,6,14,11,12,0.5,0.7
2024-09-18T1500,1725A,113.2661,40.1269,大同市,安家小村,,,34,44,17,26,118,,20,,10,14,12,11,,0.8
2024-09-18T1500,1726A,113.2711,40.0844,大同市,教育学院,,38,37,54,26,31,104,,67,67,14,24,8,8,0.8,0.9
2024-09-18T1500,3282A,113.3397,40.0597,大同市,大同市卫生学校,,34,25,36,17,23,107,,69,69,7,12,8,7,2.0,0.8
2024-09-18T1500,3565A,113.1367,40.1122,大同市,云冈站,颗粒物(PM10),58,66,50,28,26,134,,87,87,14,12,10,10,0.6,0.8
2024-09-18T1500,3566A,113.1186,40.2556,大同市,图书馆,,39,36,51,24,31,123,,78,78,13,13,10,11,0.8,1.4
2024-09-18T1500,3567A,113.5931,40.0461,大同市,区一中,,35,28,30,13,16,112,,86,86,8,7,10,9,0.8,0.8
2024-09-18T1500,3676A,113.2802,40.0995,大同市,第二人民医院,,38,38,48,21,28,113,,73,73,9,18,11,11,0.7,0.8
2024-09-18T1500,2269A,124.1069,50.4097,大兴安岭地区,科技局,,18,,11,9,12,57,,51,51,2,4,5,5,0.2,0.2
2024-09-18T1500,3663A,124.1164,50.4278,大兴安岭地区,红旗社区,,17,6,7,3,3,52,,47,47,2,4,3,3,0.2,0.2
2024-09-18T1500,1600A,124.3303,40.0625,丹东市,江湾东路,,31,21,19,7,8,98,,74,74,8,9,6,6,0.5,0.6
2024-09-18T1500,1601A,124.4256,40.1503,丹东市,临江后街,,32,11,15,3,5,100,,78,78,2,6,7,6,0.4,0.5
2024-09-18T1500,1602A,124.3933,40.1461,丹东市,元宝山,,28,12,15,9,9,88,,67,67,4,8,3,3,0.2,0.3
2024-09-18T1500,1603A,124.3633,40.1092,丹东市,民主桥,,31,13,18,3,6,99,,77,77,10,10,5,5,0.4,0.5
2024-09-18T1500,3541A,109.5726,19.5167,儋州市,第一中学子站,,25,18,17,9,8,80,,58,58,3,4,5,5,0.5,0.5
2024-09-18T1500,3542A,109.5567,19.5187,儋州市,东坡学校子站,,27,14,15,8,9,84,,60,60,4,5,4,5,0.4,0.4
2024-09-18T1500,2616A,98.5842,24.428,德宏傣族景颇族自治州,德宏州监测站,,37,34,37,20,23,116,,60,60,9,11,22,13,0.7,0.8
2024-09-18T1500,3677A,98.5881,24.4368,德宏傣族景颇族自治州,芒市人民政府综合楼,,40,38,35,22,23,126,,68,68,9,10,16,9,0.7,0.9
2024-09-18T1500,1901A,104.4239,31.1208,德阳市,东山公园,,48,30,42,15,26,152,,110,110,12,14,4,15,0.5,0.7
2024-09-18T1500,1902A,104.3826,31.1317,德阳市,西小区,臭氧1小时,69,37,52,23,37,175,,106,106,13,21,4,27,0.6,0.8
2024-09-18T1500,1904A,104.3553,31.1091,德阳市,耐火材料厂,臭氧1小时,78,41,59,23,35,182,,110,110,10,22,4,24,0.6,0.8
2024-09-18T1500,3639A,104.4019,31.1244,德阳市,市教育局,臭氧1小时,63,36,48,19,28,170,,106,106,8,18,2,13,0.5,0.7
2024-09-18T1500,1622A,116.3032,37.4674,德州市,儿童乐园,,48,48,47,24,26,109,,124,95,12,11,8,12,0.7,0.8
2024-09-18T1500,1624A,116.2991,37.4451,德州市,监理站,颗粒物(PM10),53,56,40,29,26,118,,129,102,9,10,8,11,0.7,0.9
2024-09-18T1500,3066A,116.2721,37.4379,德州市,九衢泉纯净水厂,颗粒物(PM10),52,53,44,29,26,107,,128,98,9,11,8,10,0.6,0.8
2024-09-18T1500,3371A,116.3728,37.4403,德州市,开发区人民医院,,48,48,43,24,24,114,,122,98,7,10,8,11,0.8,0.8
2024-09-18T1500,3372A,116.3572,37.4094,德州市,太阳城中学,,48,48,44,29,23,108,,133,96,11,13,9,14,0.7,0.8
2024-09-18T1500,3511A,116.5652,37.3319,德州市,陵城艺术中心,颗粒物(PM10),53,56,50,29,24,112,,115,104,9,13,11,14,0.6,0.8
2024-09-18T1500,2621A,99.7056,27.8317,迪庆藏族自治州,迪庆州站,,25,18,23,7,12,80,,55,55,9,11,8,21,0.3,0.5
2024-09-18T1500,3180A,99.7136,27.8094,迪庆藏族自治州,质量技术监督局,,25,12,16,9,10,80,,59,59,8,9,6,10,0.2,0.4
2024-09-18T1500,2663A,104.6241,35.5734,定西市,东关小学,,24,24,30,15,18,71,,69,69,5,14,5,5,0.2,0.3
2024-09-18T1500,2664A,104.6194,35.5934,定西市,供电公司,,29,29,33,18,24,77,,74,74,3,14,7,7,0.3,0.3
2024-09-18T1500,1389A,113.7547,23.0494,东莞市,莞城梨川,,24,14,14,8,10,74,,56,56,4,8,5,5,0.6,0.7
2024-09-18T1500,1390A,113.7944,23.0128,东莞市,东城石井,,27,15,14,9,8,85,,63,63,8,8,4,4,0.4,0.5
2024-09-18T1500,1391A,113.7383,22.9658,东莞市,南城西平,,30,21,15,16,9,93,,64,64,6,10,9,8,0.6,0.6
2024-09-18T1500,3319A,113.7338,23.0381,东莞市,万江金泰,,26,11,14,7,9,82,,61,61,4,7,7,7,0.3,0.4
2024-09-18T1500,3626A,113.7533,23.0202,东莞市,南城元岭,,26,20,13,10,8,81,,62,62,5,5,6,6,0.5,0.6
2024-09-18T1500,3627A,113.7875,23.0457,东莞市,东城主山,,26,15,13,6,7,81,,64,64,8,9,8,8,0.5,0.5
2024-09-18T1500,1666A,118.6614,37.4309,东营市,市环保局,,40,31,31,19,18,126,,144,100,10,9,4,5,0.3,0.4
2024-09-18T1500,3036A,118.6904,37.4338,东营市,开发区管委会,,43,33,37,24,19,137,,142,101,8,8,5,6,0.4,0.5
2024-09-18T1500,3365A,118.5719,37.565,东营市,垦利区民丰路,,35,34,35,24,21,108,,126,97,4,5,3,3,0.3,0.5
2024-09-18T1500,3498A,118.5055,37.8612,东营市,河口城区,,37,36,35,24,18,118,,114,101,11,11,6,6,0.5,0.7
2024-09-18T1500,3646A,118.4978,37.4623,东营市,胜利站,,44,44,32,12,19,108,,131,94,6,7,4,5,0.7,0.9
2024-09-18T1500,3734A,118.35,37.26,东营市,理想之城,,35,27,31,24,22,106,,126,84,9,10,5,4,0.4,0.5
2024-09-18T1500,1591A,110.0023,39.8129,鄂尔多斯市,综合楼,颗粒物(PM10),52,53,53,14,25,130,,89,89,9,16,11,12,0.8,0.9
2024-09-18T1500,1592A,109.9486,39.8261,鄂尔多斯市,巴音孟克林场办事处,,48,48,53,22,27,126,,86,86,10,17,8,8,0.8,0.9
2024-09-18T1500,1593A,109.7736,39.5986,鄂尔多斯市,康泽苑,,34,34,51,14,21,108,,81,81,9,16,8,9,0.5,0.7
2024-09-18T1500,1594A,109.8119,39.5989,鄂尔多斯市,华泰汽车城,,31,31,48,19,27,99,,75,75,7,16,8,9,0.5,0.7
2024-09-18T1500,1595A,109.9734,39.7884,鄂尔多斯市,奥林花园,,36,36,53,24,30,114,,76,76,11,19,7,6,0.7,0.9
2024-09-18T1500,2436A,114.8938,30.3994,鄂州市,市政府,,45,31,37,14,20,142,,123,123,8,17,12,12,0.8,0.8
2024-09-18T1500,2437A,114.8989,30.3714,鄂州市,赵家坝,臭氧1小时,54,27,42,14,18,163,,128,128,10,13,10,11,0.6,0.6
2024-09-18T1500,3654A,114.8094,30.4089,鄂州市,精准医疗中心,臭氧1小时,62,34,37,16,19,169,,138,138,13,14,7,8,0.6,0.7
2024-09-18T1500,2454A,109.4978,30.2981,恩施土家族苗族自治州,湖北民院,,31,17,22,9,16,97,,71,71,5,14,9,9,0.7,0.7
2024-09-18T1500,2455A,109.4707,30.2798,恩施土家族苗族自治州,州电力总公司,,30,13,19,12,14,95,,68,68,13,19,9,9,0.6,0.7
2024-09-18T1500,3549A,109.5061,30.3772,恩施土家族苗族自治州,龙凤新区,,30,15,20,10,13,96,,67,67,9,12,7,6,0.7,0.7
2024-09-18T1500,2499A,108.3411,21.6158,防城港市,沙万,,35,35,27,23,20,86,,66,66,6,8,7,7,0.7,0.7
2024-09-18T1500,2500A,108.3514,21.7731,防城港市,防城档案局,,39,38,33,27,19,77,,57,57,8,10,7,8,0.6,0.7
2024-09-18T1500,2501A,108.3506,21.6414,防城港市,大海花园,,32,30,26,22,20,80,,61,61,5,8,6,6,0.7,0.8
2024-09-18T1500,1371A,113.1294,23.0067,佛山市,湾梁,,,,13,14,11,105,,73,73,11,14,7,6,0.5,0.7
2024-09-18T1500,1372A,113.1083,23.0478,佛山市,华材职中,,29,14,14,11,11,92,,59,59,8,17,7,6,0.3,0.4
2024-09-18T1500,1373A,113.144,23.0453,佛山市,南海气象局,,30,19,17,9,13,95,,58,58,3,8,6,6,0.4,0.5
2024-09-18T1500,1374A,113.2881,22.8094,佛山市,顺德苏岗,,39,13,9,12,7,122,,71,71,8,10,9,7,0.5,0.6
2024-09-18T1500,1376A,112.8383,22.8678,佛山市,高明孔堂,,40,,20,17,13,126,,82,82,7,10,6,5,0.4,0.2
2024-09-18T1500,1377A,112.8836,23.1588,佛山市,三水监测站,,31,19,15,15,15,97,,78,78,9,18,6,6,0.4,0.5
2024-09-18T1500,1378A,112.867,23.185,佛山市,三水云东海,,29,,15,13,15,91,,76,76,6,13,10,10,0.5,0.6
2024-09-18T1500,3625A,113.2544,22.7642,佛山市,容桂街道办,,40,17,9,14,10,126,,77,77,10,14,7,7,0.6,0.6
2024-09-18T1500,1282A,119.2681,26.0504,福州市,师大,,,20,15,3,3,,,45,45,3,3,4,4,0.4,0.3
2024-09-18T1500,1284A,119.2648,26.0768,福州市,杨桥西路,,,22,19,9,5,,,50,,3,3,4,3,0.4,0.3
2024-09-18T1500,1285A,119.317,26.0746,福州市,紫阳,,40,40,23,7,3,66,,48,48,20,13,2,2,0.3,0.2
2024-09-18T1500,3048A,119.5799,26.0936,福州市,九龙,,39,39,22,10,3,69,,55,55,2,2,7,6,0.3,0.4
2024-09-18T1500,3526A,119.5189,25.9664,福州市,吴航,,34,34,21,14,8,69,,56,56,2,2,8,6,0.2,0.3
2024-09-18T1500,1755A,123.7977,41.8491,抚顺市,望花区,,38,38,42,22,22,91,,33,33,26,34,10,8,0.9,1
2024-09-18T1500,1756A,123.9161,41.8822,抚顺市,顺城区,,31,18,34,7,19,98,,38,38,11,27,6,7,0.5,0.8
2024-09-18T1500,1757A,124.0436,41.8611,抚顺市,东洲区,,25,8,20,7,12,79,,36,36,8,11,8,7,0.7,0.6
2024-09-18T1500,1758A,123.9247,41.8642,抚顺市,新抚区,,28,16,31,8,15,89,,36,36,15,24,10,8,0.5,0.7
2024-09-18T1500,1759A,124.0972,41.8961,抚顺市,大伙房水库,,20,8,20,3,13,61,,38,38,3,10,5,6,0.4,0.5
2024-09-18T1500,1760A,123.7086,41.8391,抚顺市,沈抚新城,,48,48,39,22,23,90,,37,37,35,33,16,9,1.2,0.9
2024-09-18T1500,2376A,116.2127,28.0814,抚州市,桐源党溪,,36,36,44,15,25,87,,91,91,2,3,8,10,0.4,0.6
2024-09-18T1500,2377A,116.3544,27.9831,抚州市,市站,,33,33,37,17,22,89,,86,83,3,5,8,7,0.7,0.8
2024-09-18T1500,2378A,116.3565,27.963,抚州市,血防站,,34,34,35,17,22,94,,89,84,5,7,4,4,0.8,0.9
2024-09-18T1500,2379A,116.3564,28.0007,抚州市,采茶剧团,,32,32,36,16,24,90,,83,83,2,3,10,8,0.7,0.8
2024-09-18T1500,2380A,116.385,27.9647,抚州市,医学分院,,32,32,36,15,20,87,,85,81,6,5,4,4,0.7,1.1
2024-09-18T1500,2207A,121.6094,41.998,阜新市,工业园区,,26,20,28,12,15,83,,40,40,11,25,8,14,0.5,0.7
2024-09-18T1500,2208A,121.6697,42.0279,阜新市,长青街,,25,19,34,13,20,78,,37,37,8,21,10,14,0.5,0.7
2024-09-18T1500,2209A,121.6673,42.0705,阜新市,农业园区,,34,34,25,12,12,75,,50,50,12,15,9,15,0.4,0.4
2024-09-18T1500,2210A,121.6717,42.0224,阜新市,东苑,,33,33,41,10,18,78,,40,40,14,29,14,24,0.7,0.9
2024-09-18T1500,2211A,121.6506,42.0498,阜新市,玉龙新城,,25,21,26,13,15,77,,47,47,12,21,10,12,0.5,0.5
2024-09-18T1500,2301A,115.8277,32.8929,阜阳市,市监测站,,,28,21,,15,74,,67,67,7,6,6,6,0.8,0.7
2024-09-18T1500,2303A,115.8554,32.8605,阜阳市,开发区,,45,45,21,29,18,76,,72,72,9,8,6,5,1.0,0.6
2024-09-18T1500,2875A,115.784,32.8892,阜阳市,阜阳职业技术学院,,36,36,24,20,14,73,,68,66,8,8,6,6,0.6,0.5
2024-09-18T1500,3468A,115.7901,32.8613,阜阳市,市规划展馆,,42,29,26,29,25,77,,71,71,8,9,5,5,0.7,0.6
2024-09-18T1500,3469A,115.836,32.9183,阜阳市,枣园社区,,40,33,22,28,21,70,,67,65,12,9,6,7,0.8,0.6
2024-09-18T1500,2669A,102.9099,34.9841,甘南藏族自治州,州政府,,27,10,17,7,16,84,,62,62,1,6,10,10,0.2,0.3
2024-09-18T1500,3380A,102.8914,34.9617,甘南藏族自治州,甘肃民族师范学院,,27,6,12,3,8,86,,60,60,1,6,4,4,0.3,0.3
2024-09-18T1500,2570A,101.9603,30.0475,甘孜藏族自治州,水桥子,,26,,13,3,7,81,,45,45,2,12,5,5,0.3,0.3
2024-09-18T1500,3065A,101.9533,29.9972,甘孜藏族自治州,州环保局,,27,17,17,3,5,84,,50,50,5,15,3,3,0.2,0.2
2024-09-18T1500,3414A,115.8347,28.932,赣江新区,桑海产业园,,39,24,29,10,18,123,,107,107,6,7,12,13,0.6,0.6
2024-09-18T1500,2363A,114.9367,25.8664,赣州市,地委,,22,11,32,9,24,70,,59,59,4,10,3,15,0.7,1.1
2024-09-18T1500,2364A,114.9461,25.8481,赣州市,气象台,,,14,34,,25,75,,64,64,3,10,5,6,0.6,0.9
2024-09-18T1500,2365A,114.9322,25.8333,赣州市,市图书馆,,27,9,32,3,18,86,,71,71,3,9,4,4,0.9,1.1
2024-09-18T1500,2366A,114.8905,25.8471,赣州市,华坚鞋城,,24,15,36,3,24,75,,58,58,4,8,1,2,0.4,0.5
2024-09-18T1500,3109A,115.0093,25.8613,赣州市,赣县区卫计委,,25,17,32,6,21,78,,62,62,5,8,6,7,0.5,0.7
2024-09-18T1500,2683A,106.2319,36.1417,固原市,马园,颗粒物(PM10),56,62,60,10,15,83,,77,77,10,14,6,6,0.8,0.9
2024-09-18T1500,2684A,106.2792,36.0022,固原市,监测站,,23,21,28,14,22,72,,66,66,8,9,3,3,0.4,0.4
2024-09-18T1500,2685A,106.2375,36.0211,固原市,新区,,28,28,30,12,14,75,,70,70,9,9,5,5,0.4,0.5
2024-09-18T1500,3522A,106.2177,35.9959,固原市,原州区十五小,,,18,27,15,20,83,,86,80,6,7,,6,0.6,0.6
2024-09-18T1500,2544A,106.6303,30.4576,广安市,市委,臭氧1小时,77,37,43,28,34,181,,133,133,9,16,5,7,0.5,0.5
2024-09-18T1500,2545A,106.6271,30.4663,广安市,友谊中学,臭氧1小时,69,35,39,30,30,175,,137,137,12,18,6,6,0.5,0.6
2024-09-18T1500,2547A,106.6388,30.4551,广安市,广电花园,臭氧1小时,75,38,43,27,32,180,,131,131,10,16,4,6,0.5,0.5
2024-09-18T1500,2902A,106.6351,30.4865,广安市,北辰小学,臭氧1小时,73,45,44,24,28,178,,130,130,8,13,7,7,0.4,0.5
2024-09-18T1500,2523A,105.8945,32.4535,广元市,黑石坡,,28,22,28,17,25,88,,58,58,4,8,8,9,0.4,0.5
2024-09-18T1500,2524A,105.821,32.4444,广元市,老城,,34,,28,14,15,107,,64,64,5,21,1,2,0.7,0.9
2024-09-18T1500,2526A,105.8628,32.4287,广元市,监测站,,34,10,22,6,17,108,,68,68,6,10,4,5,0.7,0.8
2024-09-18T1500,3617A,105.8047,32.4166,广元市,经开区,,35,26,43,19,28,111,,69,69,2,16,5,5,0.7,0.8
2024-09-18T1500,1345A,113.2347,23.1423,广州市,广雅中学,,25,16,16,8,9,80,,57,57,9,15,5,5,0.6,0.7
2024-09-18T1500,1346A,113.2612,23.105,广州市,市五中,,31,18,16,17,14,98,,75,75,4,8,4,4,0.5,0.7
2024-09-18T1500,1348A,113.3478,23.0916,广州市,广东商学院,,27,18,16,11,11,84,,58,58,7,13,4,4,0.4,0.5
2024-09-18T1500,1349A,113.4332,23.1047,广州市,市八十六中,,28,16,16,10,10,88,,59,59,6,15,4,4,0.4,0.5
2024-09-18T1500,1350A,113.3505,22.9483,广州市,番禺中学,,39,25,16,13,9,122,,76,76,8,13,6,5,0.5,0.6
2024-09-18T1500,1351A,113.2146,23.3916,广州市,花都师范,,25,13,20,6,12,78,,65,65,3,8,3,5,0.4,0.6
2024-09-18T1500,1352A,113.2597,23.1331,广州市,市监测站,,26,16,15,9,10,82,,58,58,7,12,5,5,0.5,0.6
2024-09-18T1500,1353A,113.5618,23.312,广州市,九龙镇镇龙,,20,14,17,9,12,63,,52,52,5,12,7,6,0.5,0.6
2024-09-18T1500,1354A,113.2765,23.1544,广州市,麓湖,,26,16,17,10,10,82,,57,57,7,13,5,5,0.4,0.6
2024-09-18T1500,1355A,113.443,23.3035,广州市,帽峰山森林公园,,25,11,12,6,8,77,,58,58,3,5,5,5,0.5,0.5
2024-09-18T1500,2846A,113.3221,23.1322,广州市,体育西,,26,16,16,8,10,81,,58,58,4,9,5,4,0.4,0.5
2024-09-18T1500,3298A,113.5717,23.5491,广州市,从化街口,,23,17,23,16,16,61,,50,50,4,9,8,8,0.5,0.6
2024-09-18T1500,3299A,113.3472,23.3692,广州市,白云竹料,,25,25,21,11,13,71,,60,60,4,11,5,5,0.6,0.7
2024-09-18T1500,3300A,113.2981,23.237,广州市,白云嘉禾,,24,20,21,10,11,76,,56,56,12,20,6,5,0.7,0.8
2024-09-18T1500,3301A,113.4256,23.1716,广州市,黄埔科学城,,25,14,14,7,9,80,,63,63,20,12,7,6,0.4,0.6
2024-09-18T1500,3302A,113.3942,23.0483,广州市,番禺大学城,,30,16,16,11,10,95,,60,60,6,12,8,8,0.4,0.5
2024-09-18T1500,3303A,113.4922,22.8168,广州市,南沙黄阁,,35,32,18,10,11,111,,83,83,11,16,5,5,0.6,0.7
2024-09-18T1500,3304A,113.5342,22.7896,广州市,南沙街,,36,22,15,12,9,114,,78,78,12,13,6,6,0.4,0.5
2024-09-18T1500,3443A,113.2902,23.5544,广州市,花都梯面,,23,15,23,12,16,72,,64,64,3,7,5,6,0.5,0.6
2024-09-18T1500,3445A,113.7858,23.7478,广州市,从化良口,,19,14,19,11,12,59,,47,47,3,4,6,6,0.6,0.7
2024-09-18T1500,3446A,113.8051,23.2614,广州市,增城荔城,,24,18,16,13,11,75,,55,55,6,10,6,6,0.5,0.5
2024-09-18T1500,2506A,109.6047,23.0666,贵港市,江南子站,,36,36,35,21,23,105,,82,82,8,8,8,7,0.6,0.7
2024-09-18T1500,2507A,109.6014,23.0948,贵港市,贵城子站,,31,28,36,16,24,99,,74,74,4,6,8,7,0.5,0.6
2024-09-18T1500,2508A,109.5669,23.1065,贵港市,荷城子站,,29,24,33,14,18,92,,71,71,3,4,10,10,0.5,0.6
2024-09-18T1500,3405A,109.5886,23.1172,贵港市,新世纪学校,,29,27,36,18,22,92,,71,71,1,2,6,7,0.6,0.6
2024-09-18T1500,1439A,106.6899,26.5998,贵阳市,马鞍山,,19,7,14,3,5,58,,49,49,5,7,4,3,0.4,0.5
2024-09-18T1500,1440A,106.6971,26.5694,贵阳市,市环保站,,21,17,17,8,14,67,,64,64,6,7,3,3,0.2,0.3
2024-09-18T1500,1441A,106.6243,26.6266,贵阳市,鉴湖路,,18,9,17,7,9,55,,47,47,3,4,5,5,0.3,0.3
2024-09-18T1500,1442A,106.7487,26.6343,贵阳市,燕子冲,,20,9,8,9,13,61,,46,46,4,6,6,6,0.2,0.4
2024-09-18T1500,1443A,106.6555,26.4365,贵阳市,碧云窝,,22,22,26,3,9,58,,53,53,6,9,4,3,0.2,0.4
2024-09-18T1500,1444A,106.694,26.5161,贵阳市,中院村,,18,17,22,7,12,56,,54,54,6,11,5,5,0.6,0.6
2024-09-18T1500,1445A,106.7109,26.6027,贵阳市,红边门,,22,22,21,14,21,59,,48,48,9,10,6,5,0.9,0.5
2024-09-18T1500,1446A,106.7164,26.5699,贵阳市,新华路,,20,7,10,7,13,64,,59,59,5,7,4,3,0.1,0.4
2024-09-18T1500,1447A,106.674,26.5424,贵阳市,太慈桥,,18,9,11,3,7,57,,53,53,5,7,5,4,0.3,0.4
2024-09-18T1500,1862A,110.4144,25.3167,桂林市,电子科大尧山校区,,28,26,34,19,21,85,,94,94,4,5,3,4,0.6,0.7
2024-09-18T1500,1863A,110.2819,25.2697,桂林市,监测站,,35,32,36,24,24,85,,84,84,6,7,8,7,0.5,0.6
2024-09-18T1500,1864A,110.3089,25.2708,桂林市,龙隐路小学,,32,28,33,22,22,88,,90,90,3,4,7,10,0.6,0.6
2024-09-18T1500,1865A,110.2869,25.2178,桂林市,八中,,38,38,35,21,22,89,,88,88,4,4,7,8,0.4,0.5
2024-09-18T1500,3403A,110.1764,25.2381,桂林市,创业大厦,,32,29,34,22,27,80,,72,72,4,6,7,12,0.4,0.4
2024-09-18T1500,3531A,110.296,25.1253,桂林市,旅游学院,,30,27,27,17,21,94,,93,93,3,5,6,8,0.4,0.4
2024-09-18T1500,2674A,100.2561,34.4714,果洛藏族自治州,玛沁县大武镇,,25,,11,11,11,78,,70,70,2,3,5,6,0.4,0.4
2024-09-18T1500,1129A,126.5422,45.755,哈尔滨市,岭北,,35,9,22,3,14,111,,90,90,6,24,4,7,0.9,0.8
2024-09-18T1500,1130A,126.561,45.8167,哈尔滨市,松北商大,,29,26,27,8,9,90,,65,65,9,27,8,8,0.3,0.5
2024-09-18T1500,1131A,126.979,45.5419,哈尔滨市,阿城会宁,,28,26,30,3,13,88,,70,70,8,18,12,10,0.5,0.6
2024-09-18T1500,1132A,126.599,45.7222,哈尔滨市,南岗学府路,,34,34,56,6,19,94,,72,72,8,30,7,8,0.3,0.6
2024-09-18T1500,1133A,126.689,45.7733,哈尔滨市,太平宏伟公园,,,,72,15,24,88,,63,63,14,32,6,7,0.3,0.6
2024-09-18T1500,1134A,126.635,45.7667,哈尔滨市,道外承德广场,,27,21,48,7,17,85,,61,61,13,42,6,6,0.5,0.7
2024-09-18T1500,1135A,126.685,45.7319,哈尔滨市,香坊红旗大街,,29,29,55,3,23,88,,61,61,10,40,9,10,0.4,0.7
2024-09-18T1500,1136A,126.6411,45.7258,哈尔滨市,动力和平路,,30,27,38,3,15,93,,68,68,10,32,8,9,0.4,0.6
2024-09-18T1500,1137A,126.593,45.7478,哈尔滨市,道里建国路,,39,39,43,3,17,89,,64,64,6,34,9,12,0.4,0.8
2024-09-18T1500,1138A,126.615,45.61,哈尔滨市,平房东轻厂,,28,28,34,6,10,87,,71,71,10,35,5,6,0.3,0.5
2024-09-18T1500,1139A,126.595,45.9855,哈尔滨市,呼兰师专,,28,28,28,10,9,81,,69,69,10,22,9,9,0.5,0.5
2024-09-18T1500,1140A,126.6206,45.6842,哈尔滨市,省农科院,颗粒物(PM10),70,90,56,7,16,71,,60,60,24,39,6,6,0.4,0.5
2024-09-18T1500,2688A,93.5128,42.8172,哈密市,地区监测站,,41,25,64,15,21,131,,90,90,4,26,8,6,0.3,0.3
2024-09-18T1500,2689A,93.4961,42.8328,哈密市,哈密师范学校,,41,32,69,15,27,131,,79,79,5,30,7,6,0.2,0.5
2024-09-18T1500,2671A,100.9048,36.9639,海北藏族自治州,海晏县西海镇,,30,,22,18,22,96,,77,77,13,13,12,17,0.5,0.6
2024-09-18T1500,3867A,102.0738,36.5056,海东市,平安区公安北苑,,37,20,33,10,23,116,,62,62,4,14,7,25,0.4,0.6
2024-09-18T1500,1410A,110.3232,20.0574,海口市,海南大学,,26,24,18,11,10,81,,66,66,4,6,6,6,0.4,0.4
2024-09-18T1500,1411A,110.283,20.0053,海口市,秀英海南医院,,27,27,21,9,8,86,,69,69,6,8,5,4,0.3,0.3
2024-09-18T1500,1412A,110.338,19.9969,海口市,海南师范大学,,29,24,20,10,10,91,,69,69,5,6,7,6,0.4,0.4
2024-09-18T1500,1413A,110.33,20.0356,海口市,龙华路环保局宿舍,,29,29,22,10,10,87,,68,68,4,6,4,4,0.3,0.3
2024-09-18T1500,3539A,110.5111,19.9736,海口市,桂林洋子站,,29,24,19,10,10,92,,62,,5,6,6,6,0.2,0.3
2024-09-18T1500,2673A,100.6188,36.2866,海南藏族自治州,共和县恰卜恰镇,,27,7,20,3,9,85,,70,70,2,7,14,16,0.4,0.6
2024-09-18T1500,2676A,97.3731,37.3753,海西蒙古族藏族自治州,德令哈市,,29,12,22,7,11,90,,83,83,5,6,8,9,0.5,0.5
2024-09-18T1500,1048A,114.5302,36.6116,邯郸市,东污水处理厂,臭氧1小时,57,42,55,27,33,165,,130,130,8,11,2,3,0.8,0.7
2024-09-18T1500,1049A,114.4918,36.5713,邯郸市,矿院,臭氧1小时,65,48,56,36,32,172,,138,138,6,8,3,4,0.8,0.6
2024-09-18T1500,1050A,114.484,36.6133,邯郸市,丛台公园,臭氧1小时,64,36,50,29,29,171,,138,138,2,4,3,4,0.8,0.7
2024-09-18T1500,3458A,114.7895,36.5593,邯郸市,香泉濮院小区,,40,27,50,12,22,127,,121,119,5,9,2,3,0.4,0.5
2024-09-18T1500,3579A,114.50634,36.77178,邯郸市,永年区实验高中,臭氧1小时,87,46,54,33,37,189,,162,162,9,14,3,4,1.0,0.8
2024-09-18T1500,3580A,114.20016,36.44293,邯郸市,峰峰矿区临水派出所,,45,37,43,29,27,143,,149,122,4,6,2,4,0.8,0.8
2024-09-18T1500,2634A,106.9893,33.1842,汉中市,汉川机床厂子校,,30,16,20,11,12,96,,62,62,3,6,4,4,0.5,0.6
2024-09-18T1500,2635A,107.0154,33.0706,汉中市,市监测站,,31,22,34,14,19,99,,66,66,5,8,7,8,0.5,0.6
2024-09-18T1500,2636A,107.0089,33.1138,汉中市,鑫源开发区,,33,17,40,11,26,105,,66,66,4,13,8,9,0.5,0.6
2024-09-18T1500,2637A,107.007,33.0323,汉中市,南郑大河坎水厂,,30,24,32,12,22,94,,64,64,4,8,8,8,0.4,0.5
2024-09-18T1500,1223A,120.2072,30.2111,杭州市,滨江,,26,20,25,9,9,83,,61,61,4,12,4,5,0.4,0.5
2024-09-18T1500,1224A,120.0633,30.2747,杭州市,西溪,,,17,17,14,11,87,,62,62,,13,6,6,0.5,0.6
2024-09-18T1500,1226A,120.3461,30.3153,杭州市,下沙,,27,27,24,11,8,82,,63,63,10,16,7,8,0.4,0.5
2024-09-18T1500,1227A,120.1269,30.2456,杭州市,卧龙桥,,30,24,19,10,11,96,,66,66,7,12,6,6,0.5,0.5
2024-09-18T1500,1228A,120.1903,30.2692,杭州市,浙江农大,,25,21,18,9,9,79,,60,60,13,17,9,8,0.4,0.5
2024-09-18T1500,1230A,120.1197,30.3119,杭州市,和睦小学,,26,18,17,10,8,82,,67,67,5,12,6,6,0.4,0.5
2024-09-18T1500,1231A,120.3019,30.4183,杭州市,临平镇,,23,19,24,7,7,73,,,,3,8,5,5,0.5,0.6
2024-09-18T1500,1232A,120.2697,30.1819,杭州市,城厢镇,,28,22,23,8,13,89,,69,69,7,12,8,7,0.6,0.7
2024-09-18T1500,1233A,120.0883,30.1808,杭州市,云栖,,31,24,17,11,5,99,,66,66,6,10,8,7,0.4,0.6
2024-09-18T1500,3557A,119.9464,30.0494,杭州市,镇二中,细颗粒物(PM2.5),58,50,19,41,13,131,,72,72,10,13,9,8,0.5,0.6
2024-09-18T1500,3558A,119.7183,30.2367,杭州市,市府大楼,,45,43,20,19,12,142,,75,75,8,12,7,6,0.5,0.5
2024-09-18T1500,3656A,120.1556,30.2864,杭州市,消防大队,,26,26,21,10,8,82,,64,64,3,10,8,8,0.6,0.7
2024-09-18T1500,1270A,117.1959,31.7848,合肥市,明珠广场,,31,22,20,14,18,99,,50,50,8,20,5,5,0.4,0.6
2024-09-18T1500,1271A,117.3072,31.8764,合肥市,三里街,,36,31,22,19,10,113,,56,56,8,15,7,6,0.3,0.4
2024-09-18T1500,1272A,117.2588,31.8707,合肥市,琥珀山庄,,39,39,22,22,16,115,,55,55,10,14,7,6,0.4,0.5
2024-09-18T1500,1273A,117.1604,31.9052,合肥市,董铺水库,,39,39,20,19,11,83,,51,51,7,9,3,2,0.3,0.3
2024-09-18T1500,1274A,117.25,31.8571,合肥市,长江中路,,41,41,27,21,18,110,,60,60,13,16,8,8,0.5,0.8
2024-09-18T1500,1275A,117.266,31.9436,合肥市,庐阳区,,46,46,24,14,10,121,,63,63,10,13,5,4,0.6,0.6
2024-09-18T1500,1276A,117.336,31.8586,合肥市,瑶海区,,36,36,28,18,12,111,,60,60,10,16,7,6,0.5,0.6
2024-09-18T1500,1277A,117.3027,31.7964,合肥市,包河区,,33,24,19,7,15,103,,63,63,4,28,4,4,0.4,0.6
2024-09-18T1500,1278A,117.2776,31.7385,合肥市,滨湖新区,,33,22,18,14,11,104,,61,61,4,16,6,6,0.5,0.6
2024-09-18T1500,1279A,117.1318,31.8403,合肥市,高新区,,48,48,28,19,14,80,,45,45,16,15,8,8,0.8,0.8
2024-09-18T1500,3464A,117.3803,31.9147,合肥市,高教基地,,30,27,22,9,11,94,,54,54,5,9,4,3,0.3,0.4
2024-09-18T1500,3614A,79.924,37.0877,和田地区,地区环保局,颗粒物(PM10),134,218,288,62,79,99,,83,83,3,9,6,7,0.5,0.6
2024-09-18T1500,3615A,79.9131,37.113,和田地区,市环保局,颗粒物(PM10),119,188,271,70,74,95,,74,74,4,19,6,7,0.4,0.6
2024-09-18T1500,2516A,108.2011,24.715,河池市,东仁乐园,,42,42,28,11,13,66,,50,50,6,7,5,4,0.7,0.7
2024-09-18T1500,2517A,108.0497,24.6947,河池市,市环保站,,25,25,24,14,13,61,,50,50,5,11,7,7,0.5,0.6
2024-09-18T1500,2518A,108.0983,24.6989,河池市,市疾控中心,,26,26,24,11,15,66,,48,48,8,13,9,9,0.5,0.6
2024-09-18T1500,1696A,114.6778,23.7569,河源市,源西,,21,21,17,9,12,62,,53,53,7,9,5,5,0.4,0.5
2024-09-18T1500,1697A,114.6944,23.7586,河源市,东埔,,20,,13,9,10,61,,51,51,7,10,2,3,0.5,0.6
2024-09-18T1500,1698A,114.6892,23.7233,河源市,老城,,21,21,18,3,8,65,,54,54,4,7,2,3,0.6,0.6
2024-09-18T1500,1718A,115.4208,35.2464,菏泽市,气象局,,20,,39,14,20,54,,45,45,5,8,2,5,0,0.3
2024-09-18T1500,1719A,115.4747,35.2375,菏泽市,市政协,,16,,30,3,19,49,,49,38,6,6,3,5,0.0,0.3
2024-09-18T1500,3374A,115.5564,35.0891,菏泽市,定陶老年大学,,19,6,25,3,11,60,,48,44,3,7,4,5,0.2,0.4
2024-09-18T1500,3647A,115.4702,35.2706,菏泽市,菏泽医专,,16,9,33,3,16,50,,55,39,8,9,5,7,0.2,0.5
2024-09-18T1500,2514A,111.5264,24.4172,贺州市,环保小区,,41,41,32,20,21,98,,85,85,6,8,5,6,0.6,0.6
2024-09-18T1500,2515A,111.5608,24.4078,贺州市,政协大楼,,37,32,32,22,23,117,,96,96,7,9,7,7,0.6,0.6
2024-09-18T1500,3534A,111.4744,24.4553,贺州市,西湾,,39,39,29,14,18,90,,83,83,6,8,6,6,0.6,0.7
2024-09-18T1500,2385A,114.17,35.9019,鹤壁市,市监测站,细颗粒物(PM2.5),65,55,54,47,31,160,,145,145,9,12,4,3,1.1,1
2024-09-18T1500,2386A,114.2956,35.7511,鹤壁市,市交警支队,臭氧1小时,70,47,50,30,28,176,,148,148,13,13,7,4,1.5,0.9
2024-09-18T1500,2387A,114.2878,35.7306,鹤壁市,迎宾馆,臭氧1小时,70,66,54,38,34,176,,150,150,12,12,14,6,1.4,1
2024-09-18T1500,3474A,114.2617,35.6822,鹤壁市,大新区,臭氧1小时,54,41,47,30,26,163,,146,146,10,12,7,6,1.2,1
2024-09-18T1500,3596A,114.1572,35.9603,鹤壁市,南山宾馆,细颗粒物(PM2.5),58,52,48,41,35,159,,140,140,6,7,1,3,1.6,1.4
2024-09-18T1500,2244A,130.2537,47.3416,鹤岗市,哈啤分公司,,33,32,22,23,14,73,,69,69,3,6,14,14,0.4,0.5
2024-09-18T1500,2245A,130.2684,47.3086,鹤岗市,斯达机电,,28,28,28,14,17,78,,67,67,6,12,13,13,0.1,0.2
2024-09-18T1500,2246A,130.3114,47.3388,鹤岗市,东山纸板厂,,33,33,35,21,20,69,,62,62,4,13,17,17,0.7,1.1
2024-09-18T1500,2247A,130.1097,47.3382,鹤岗市,五号水库,,26,18,13,12,7,83,,70,70,3,4,17,16,0.3,0.3
2024-09-18T1500,2263A,127.4833,50.2524,黑河市,交通局,,19,17,26,13,14,48,,48,48,10,13,6,7,0.2,0.3
2024-09-18T1500,2264A,127.5144,50.2341,黑河市,环保局,,17,7,23,7,13,53,,48,48,2,13,3,5,0.3,0.3
2024-09-18T1500,2265A,127.5291,50.2472,黑河市,大黑河岛,,18,,26,12,16,51,,49,49,6,12,3,2,0.1,0.1
2024-09-18T1500,1074A,115.6838,37.7541,衡水市,电机北厂,,29,17,54,3,31,90,,126,90,6,9,4,7,0.2,0.7
2024-09-18T1500,1075A,115.6303,37.7316,衡水市,市监测站,,43,43,60,7,27,96,,133,98,11,13,5,9,0.3,0.7
2024-09-18T1500,3188A,115.6683,37.7217,衡水市,市城管局,,33,33,57,11,35,97,,138,98,7,9,4,8,0.4,0.8
2024-09-18T1500,3459A,115.5989,37.5491,衡水市,地表水厂,,36,36,51,23,28,101,,133,98,6,8,4,6,0.4,0.7
2024-09-18T1500,2456A,112.5003,26.9167,衡阳市,原169医院,,40,29,42,28,27,120,,110,110,3,6,6,10,0.6,0.6
2024-09-18T1500,2457A,112.6194,26.9258,衡阳市,衡阳化工总厂,,,35,50,,,119,,100,100,4,8,8,10,0.6,0.8
2024-09-18T1500,2458A,112.6211,26.8956,衡阳市,珠晖区环保局,,,47,48,,,121,,100,100,6,12,7,7,0.8,0.8
2024-09-18T1500,2459A,112.6197,26.8733,衡阳市,市委党校,,41,39,48,25,28,130,,109,109,4,10,8,9,0.7,0.9
2024-09-18T1500,2460A,112.6006,26.8919,衡阳市,市监测站,,38,30,42,18,32,119,,111,111,3,7,7,9,0.7,0.8
2024-09-18T1500,2461A,112.5664,26.9056,衡阳市,真空机电公司,,38,38,45,24,27,120,,107,107,3,6,6,7,0.8,0.8
2024-09-18T1500,3399A,112.6703,26.882,衡阳市,师范学院,,40,32,48,17,26,127,,112,112,6,10,8,8,0.7,0.8
2024-09-18T1500,2608A,103.3772,23.3993,红河哈尼族彝族自治州,污水处理厂,,22,,16,15,17,66,,42,42,4,8,7,11,0.4,0.4
2024-09-18T1500,2609A,103.3861,23.35,红河哈尼族彝族自治州,监测站,,24,24,24,14,14,71,,57,57,4,9,8,20,0.4,0.5
2024-09-18T1500,3038A,103.3758,23.368,红河哈尼族彝族自治州,州图书馆,,22,17,20,11,10,68,,49,49,5,9,6,17,0.3,0.4
2024-09-18T1500,1090A,111.6507,40.7517,呼和浩特市,呼市一监,,48,36,53,33,49,82,,40,40,12,20,7,7,0.9,1.2
2024-09-18T1500,1091A,111.6572,40.8033,呼和浩特市,小召,细颗粒物(PM2.5),59,,48,42,49,77,,34,34,18,31,7,8,0.9,1.3
2024-09-18T1500,1094A,111.7516,40.8369,呼和浩特市,如意水处理厂,,42,42,55,29,35,78,,33,33,15,32,6,7,0.8,1.3
2024-09-18T1500,1095A,111.7276,40.8062,呼和浩特市,二十九中,,50,,48,35,48,79,,37,37,18,28,4,5,0.9,1.3
2024-09-18T1500,1096A,111.5512,40.7866,呼和浩特市,工大金川校区,细颗粒物(PM2.5),64,,47,46,44,72,,35,35,24,33,2,2,0.9,0.9
2024-09-18T1500,1097A,111.717,40.7612,呼和浩特市,化肥厂生活区,,41,41,59,28,41,97,,48,48,11,18,9,10,0.7,1
2024-09-18T1500,3698A,111.5968,40.8178,呼和浩特市,红旗小学,细颗粒物(PM2.5),68,,77,49,77,82,,30,30,17,37,4,6,0.8,1
2024-09-18T1500,3699A,111.6518,40.8389,呼和浩特市,海东办,细颗粒物(PM2.5),70,,84,51,84,56,,23,23,18,35,6,6,0.8,1.1
2024-09-18T1500,2192A,119.7594,49.2261,呼伦贝尔市,区环保局,,,29,34,8,15,66,,54,54,16,16,,5,0.4,0.1
2024-09-18T1500,3061A,119.7512,49.1577,呼伦贝尔市,国华电力东,,24,24,23,6,13,71,,61,61,12,8,4,4,0.3,0.3
2024-09-18T1500,1250A,120.0751,30.8669,湖州市,城西水厂,,30,25,24,13,10,94,,66,66,7,11,4,4,0.3,0.3
2024-09-18T1500,2873A,120.0875,30.8955,湖州市,仁皇山新区,,30,28,23,20,12,94,,68,68,6,13,6,6,0.3,0.4
2024-09-18T1500,2907A,120.1844,30.8596,湖州市,吴兴区站,,25,22,21,14,10,79,,59,59,4,6,6,5,0.3,0.3
2024-09-18T1500,3562A,120.4148,30.8538,湖州市,南浔区站,,28,20,20,13,11,88,,58,58,4,7,6,6,0.4,0.4
2024-09-18T1500,1607A,120.9092,40.7136,葫芦岛市,龙港区,颗粒物(PM10),52,54,40,16,12,72,,56,56,28,27,25,44,0.5,0.9
2024-09-18T1500,1608A,120.8392,40.7514,葫芦岛市,化工街,,29,24,25,7,10,92,,68,68,14,24,17,40,0.5,0.5
2024-09-18T1500,1609A,120.8341,40.7073,葫芦岛市,新区,,37,37,23,8,9,91,,70,70,19,23,20,31,0.5,0.4
2024-09-18T1500,1610A,120.8695,40.7677,葫芦岛市,东城区,,29,29,26,17,12,85,,60,60,17,20,14,25,0.5,0.6
2024-09-18T1500,2482A,109.5981,27.5721,怀化市,林科所,,31,27,23,16,14,98,,72,72,4,5,6,10,0.8,0.7
2024-09-18T1500,2483A,109.9453,27.5444,怀化市,河西地税局,,38,38,33,22,22,109,,76,76,7,11,7,7,0.7,0.6
2024-09-18T1500,2484A,109.9781,27.5342,怀化市,市四医院,,48,34,32,33,23,108,,74,74,4,10,8,9,0.5,0.6
2024-09-18T1500,2485A,109.9972,27.5578,怀化市,监测楼,,36,36,39,22,20,106,,70,70,4,10,5,6,0.8,0.8
2024-09-18T1500,2486A,110.0394,27.583,怀化市,市委党校,,33,33,37,20,22,105,,70,70,4,11,8,13,0.7,0.7
2024-09-18T1500,1210A,119.036,33.5981,淮安市,钵池山,,20,9,15,8,9,64,,54,54,7,8,7,7,0.5,0.5
2024-09-18T1500,1211A,119.007,33.575,淮安市,北京南路,,18,9,16,6,9,57,,47,47,4,4,6,6,0.4,0.5
2024-09-18T1500,1212A,118.989,33.6067,淮安市,市监测站,,20,14,18,3,9,63,,52,52,8,8,6,6,0.3,0.4
2024-09-18T1500,1213A,119.135,33.5039,淮安市,楚州区监测站,,17,15,24,7,9,53,,45,45,5,6,6,5,0.4,0.5
2024-09-18T1500,1214A,119.0186,33.6297,淮安市,淮阴区监测站,,20,17,22,10,10,62,,50,50,14,10,3,4,0.3,0.3
2024-09-18T1500,3426A,118.8755,33.2894,淮安市,新华书店,,23,18,21,8,10,73,,57,57,8,9,6,6,0.3,0.4
2024-09-18T1500,2282A,116.8004,33.975,淮北市,监测站,,28,28,10,13,6,49,,71,43,9,8,5,5,0.6,0.6
2024-09-18T1500,2283A,116.8091,33.9007,淮北市,烈山区政府,,,22,12,10,7,56,,72,46,,4,6,5,0.4,0.5
2024-09-18T1500,3330A,116.8873,33.9836,淮北市,杜集区检察院,,31,31,16,15,7,68,,78,51,4,4,7,7,0.4,0.6
2024-09-18T1500,4017A,116.7923,33.9535,淮北市,市博物馆,,23,22,11,16,8,56,,73,45,4,6,4,3,0.6,0.7
2024-09-18T1500,2277A,116.8305,32.7727,淮南市,潘集区政府,,34,34,21,21,17,77,,66,66,10,10,5,5,0.5,0.5
2024-09-18T1500,2278A,117.0067,32.6524,淮南市,师范学院,,,53,28,,19,70,,63,63,7,7,6,7,0.3,0.4
2024-09-18T1500,2279A,116.8569,32.5951,淮南市,谢家集区政府,,42,34,19,29,22,71,,70,69,14,10,5,5,0.4,0.3
2024-09-18T1500,2280A,116.8281,32.633,淮南市,八公山区政府,,43,43,32,26,20,71,,68,68,6,6,2,6,0.3,0.3
2024-09-18T1500,2281A,116.6325,32.6201,淮南市,焦岗湖风景区管理处,,,29,29,24,20,50,,49,49,,4,4,3,0.3,0.1
2024-09-18T1500,2894A,117.0566,32.6531,淮南市,经济技术开发区消防队,颗粒物(PM10),53,55,21,20,7,68,,61,61,10,10,4,4,0.4,0.4
2024-09-18T1500,3329A,117.0108,32.5893,淮南市,山南新区,颗粒物(PM10),53,55,22,31,15,70,,65,65,10,9,5,4,0.4,0.4
2024-09-18T1500,2446A,114.9028,30.4742,黄冈市,职工中心,,40,35,42,16,22,126,,113,113,6,11,8,9,0.5,0.6
2024-09-18T1500,2929A,114.8858,30.4519,黄冈市,红卫路,,42,24,35,16,24,132,,118,118,8,14,8,9,0.4,0.5
2024-09-18T1500,3398A,114.9136,30.4445,黄冈市,市林业局,,42,33,43,12,21,133,,125,125,6,9,8,8,0.4,0.5
2024-09-18T1500,2672A,102.0199,35.5102,黄南藏族自治州,同仁县隆务镇,,29,26,21,3,10,91,,62,62,4,4,11,10,0.4,0.5
2024-09-18T1500,2295A,118.2903,29.6963,黄山市,延安路89号,,28,28,31,3,5,61,,56,56,1,5,6,6,0.2,0.4
2024-09-18T1500,2296A,118.327,29.7178,黄山市,黄山东路89号,,19,17,15,3,6,58,,51,51,1,5,4,4,0.2,0.2
2024-09-18T1500,2297A,118.1371,30.2756,黄山市,黄山区政府5号楼,,21,9,14,3,7,67,,54,54,4,5,6,6,0.2,0.2
2024-09-18T1500,2423A,115.0601,30.2313,黄石市,沈家营,,49,43,50,6,18,155,,142,142,10,10,7,8,0.4,0.5
2024-09-18T1500,2424A,115.0817,30.2006,黄石市,陈家湾,臭氧1小时,57,33,46,11,20,165,,142,142,14,9,8,13,0.5,0.6
2024-09-18T1500,2426A,114.8988,30.2019,黄石市,铁山,臭氧1小时,104,35,47,23,25,207,,139,139,5,12,9,12,0.6,1
2024-09-18T1500,2427A,115.0307,30.2092,黄石市,团城山,臭氧1小时,53,29,42,9,18,162,,145,145,8,10,7,8,0.6,0.6
2024-09-18T1500,3149A,115.0235,30.1578,黄石市,笔架山北路,臭氧1小时,78,34,44,10,17,182,,150,150,4,8,8,9,0.5,0.6
2024-09-18T1500,1392A,114.4183,23.0528,惠州市,河南岸金山湖子站,,21,17,13,14,8,66,,55,55,2,2,5,4,0.4,0.4
2024-09-18T1500,1393A,114.4053,23.0822,惠州市,下埔横江三路子站,,22,16,12,6,8,70,,60,60,3,4,3,3,0.5,0.6
2024-09-18T1500,1394A,114.4103,23.1142,惠州市,江北云山西路子站,,20,16,11,8,6,64,,54,54,2,2,4,4,0.3,0.4
2024-09-18T1500,1395A,114.4645,22.7833,惠州市,惠阳区承修路船湖子站,,16,12,14,7,8,51,,50,50,9,12,5,4,0.5,0.5
2024-09-18T1500,1396A,114.5317,22.7422,惠州市,大亚湾管委会子站,,25,14,15,11,7,77,,58,58,7,10,6,6,0.6,0.6
2024-09-18T1500,3314A,114.4338,22.8134,惠州市,惠阳秋长,,,,8,,8,66,,64,64,,9,5,4,0.4,0.5
2024-09-18T1500,3452A,114.6517,22.775,惠州市,大亚湾霞涌,,43,,17,30,12,75,,52,52,4,5,6,4,0.5,0.5
2024-09-18T1500,2240A,130.9762,45.3001,鸡西市,环保局,,25,17,25,3,10,77,,65,65,2,7,5,6,0.1,0.2
2024-09-18T1500,2243A,130.9429,45.3039,鸡西市,第一中学,,24,16,24,3,9,76,,66,66,7,9,4,5,0.0,0.1
2024-09-18T1500,3707A,131.0207,45.3073,鸡西市,欧美日汽修厂,,26,16,27,10,13,81,,66,66,8,15,6,5,0,0.1
2024-09-18T1500,3709A,130.9967,45.3106,鸡西市,市政设施管理处,,26,25,31,14,13,82,,68,68,6,18,6,7,0.0,0.2
2024-09-18T1500,2367A,114.9754,27.0803,吉安市,红声器材厂,,40,40,52,18,32,113,,100,100,10,14,10,14,0.7,0.7
2024-09-18T1500,2368A,114.9658,27.0999,吉安市,市森林工业局,,37,37,47,19,33,111,,98,98,13,17,10,13,0.6,0.6
2024-09-18T1500,2369A,114.99,27.1312,吉安市,市环境监测站,,,34,52,,36,121,,107,107,,11,10,18,0.5,0.7
2024-09-18T1500,2370A,115.0093,27.0968,吉安市,青原区法院,,38,31,49,19,32,119,,108,108,9,14,10,15,0.6,0.7
2024-09-18T1500,1772A,126.54,43.8622,吉林市,哈达湾,,32,15,29,6,15,100,,74,74,7,22,5,5,0.5,0.7
2024-09-18T1500,1773A,126.5844,43.8358,吉林市,东局子,,31,12,28,9,14,98,,72,72,8,18,4,5,0.6,0.7
2024-09-18T1500,1774A,126.5052,43.8245,吉林市,电力学院,,31,,34,11,21,99,,71,71,4,14,3,3,0.5,0.7
2024-09-18T1500,1775A,126.6133,43.8972,吉林市,江北,,32,14,38,9,18,101,,70,70,8,22,8,8,0.5,0.7
2024-09-18T1500,1776A,126.555,43.8306,吉林市,江南公园,,30,14,26,12,14,96,,71,71,8,19,5,6,0.5,0.7
2024-09-18T1500,2868A,126.4739,43.953,吉林市,九站,,34,15,40,6,25,106,,74,74,5,24,8,8,0.5,0.7
2024-09-18T1500,1299A,116.9862,36.6114,济南市,科干所,,29,29,55,12,31,61,,62,60,10,24,7,9,0.6,0.9
2024-09-18T1500,1300A,116.9376,36.665,济南市,农科所,,34,34,54,15,31,94,,84,77,17,24,6,11,0.4,0.8
2024-09-18T1500,1301A,117.1265,36.6734,济南市,开发区,,27,27,49,12,27,84,,75,69,16,23,6,10,0.5,0.8
2024-09-18T1500,1303A,117.0624,36.6868,济南市,省种子仓库,,41,41,57,14,26,101,,84,74,17,21,6,12,0.9,1.2
2024-09-18T1500,1304A,116.9489,36.6447,济南市,机床二厂,,34,34,51,12,23,103,,83,78,14,22,8,12,0.6,0.9
2024-09-18T1500,1305A,117.0495,36.663,济南市,市监测站,,37,37,56,17,30,110,,77,77,18,24,8,11,0.6,0.9
2024-09-18T1500,1306A,116.7675,36.5484,济南市,长清党校,,42,42,57,22,35,125,,99,99,14,20,10,12,0.9,1.1
2024-09-18T1500,1616A,117.6795,36.229,济南市,技术学院,,15,6,15,3,10,48,,35,35,5,7,6,6,0.5,0.6
2024-09-18T1500,1961A,117.532,36.6868,济南市,东山小学,,34,34,58,15,30,84,,84,69,17,23,5,6,0.4,0.7
2024-09-18T1500,3059A,117.7161,36.2049,济南市,泰兴公司,,15,12,18,7,9,47,,36,36,6,7,7,7,0.3,0.4
2024-09-18T1500,3064A,117.6867,36.2171,济南市,莱芜战役纪念馆,,19,19,19,7,9,44,,35,35,7,8,5,5,0.4,0.5
2024-09-18T1500,3494A,117.1673,36.9782,济南市,济阳区政府,,44,44,45,29,21,112,,111,105,12,12,18,12,0.6,0.7
2024-09-18T1500,3495A,117.1171,36.63,济南市,锦屏中学,,32,32,50,7,28,80,,59,59,13,20,6,7,0.5,0.8
2024-09-18T1500,3682A,116.9814,36.6819,济南市,济南四建,,30,24,47,12,26,93,,80,71,13,22,8,14,0.6,1
2024-09-18T1500,1653A,116.6251,35.4302,济宁市,火炬城,,24,24,21,3,7,39,,28,28,11,10,9,9,0.6,0.6
2024-09-18T1500,1655A,116.5491,35.4042,济宁市,电化厂,,15,15,19,9,13,41,,30,30,12,10,6,6,0.6,0.6
2024-09-18T1500,3500A,116.5814,35.3707,济宁市,北湖一中,,17,17,18,3,6,38,,28,28,12,8,5,4,0.4,0.4
2024-09-18T1500,3501A,116.8249,35.5593,济宁市,服务中心,,24,24,21,6,5,35,,25,25,7,7,5,5,0.4,0.3
2024-09-18T1500,3678A,116.5907,35.4054,济宁市,市第七中学,,12,11,17,3,6,38,,25,25,14,11,6,6,0.5,0.5
2024-09-18T1500,2255A,130.2751,46.8028,佳木斯市,佳纺,,29,21,20,9,8,92,,78,78,3,8,5,4,0.4,0.4
2024-09-18T1500,2256A,130.3995,46.8307,佳木斯市,发电厂,,28,14,19,6,8,87,,72,72,3,8,7,6,0.4,0.4
2024-09-18T1500,2257A,130.3258,46.7975,佳木斯市,环保局,,28,16,18,6,7,87,,72,72,5,8,7,7,0.4,0.4
2024-09-18T1500,2258A,130.3648,46.8032,佳木斯市,十一中,,28,19,20,6,9,89,,76,76,8,14,7,7,0.5,0.5
2024-09-18T1500,2259A,130.3794,46.7588,佳木斯市,四丰,,26,21,14,8,7,82,,69,69,12,10,1,1,0.2,0.2
2024-09-18T1500,1252A,120.7436,30.778,嘉兴市,清河小学,,21,16,22,9,9,66,,55,55,7,9,4,4,0.3,0.3
2024-09-18T1500,1253A,120.726,30.7478,嘉兴市,嘉兴学院,,20,17,19,3,7,63,,52,52,4,7,3,3,0.4,0.3
2024-09-18T1500,2872A,120.7846,30.7525,嘉兴市,南湖区残联,,25,18,20,7,8,78,,63,63,6,8,5,5,0.3,0.3
2024-09-18T1500,3407A,120.6916,30.7739,嘉兴市,秀洲住建,,22,13,20,8,8,68,,56,56,4,8,4,4,0.6,0.5
2024-09-18T1500,1945A,98.2908,39.7711,嘉峪关市,气象局,,37,27,33,12,14,118,,78,78,3,12,2,9,0.4,0.6
2024-09-18T1500,2884A,98.2672,39.7978,嘉峪关市,酒钢宾馆,,38,29,40,19,18,119,,72,72,10,16,11,23,0.2,0.7
2024-09-18T1500,3248A,98.2643,39.7724,嘉峪关市,雄关区,,41,41,33,28,18,115,,73,73,7,14,11,12,0.1,0.6
2024-09-18T1500,1383A,113.1064,22.6058,江门市,北街,,45,29,17,16,11,141,,84,84,9,10,6,5,0.6,0.6
2024-09-18T1500,1384A,113.0731,22.5835,江门市,西区,,46,,17,14,9,145,,88,88,13,14,6,5,0.4,0.4
2024-09-18T1500,1385A,113.0219,22.5311,江门市,圭峰西,,44,26,17,14,10,139,,90,90,9,8,3,2,0.5,0.5
2024-09-18T1500,1386A,113.0828,22.5947,江门市,东湖,,44,26,17,15,7,138,,84,84,10,10,4,3,0.4,0.4
2024-09-18T1500,3311A,113.1075,22.5647,江门市,江海富民,,,30,26,18,14,140,,88,88,,12,6,7,0.5,0.6
2024-09-18T1500,3449A,113.05,22.4667,江门市,新会银湖,,45,32,20,15,11,141,,94,94,10,10,6,5,0.5,0.7
2024-09-18T1500,1828A,113.227,35.2125,焦作市,市环保局,,37,19,52,15,30,118,,113,104,7,12,3,6,0.5,0.7
2024-09-18T1500,3169A,113.2725,35.2067,焦作市,太极体育中心,,38,30,52,14,27,121,,127,115,6,10,2,7,0.7,1
2024-09-18T1500,3335A,113.3137,35.2641,焦作市,马村街道办,,38,21,44,7,30,120,,112,109,6,11,3,3,0.6,0.7
2024-09-18T1500,3336A,113.2465,35.2373,焦作市,焦作技师学院,,35,22,48,12,31,112,,106,98,5,12,4,6,0.5,0.7
2024-09-18T1500,3477A,113.1656,35.2539,焦作市,中站许衡医院,,36,,38,20,27,115,,85,85,5,19,4,6,0.4,0.7
2024-09-18T1500,3981A,113.2449,35.1803,焦作市,原李万街道办,,39,24,51,9,25,122,,128,108,3,8,3,4,0.6,0.7
2024-09-18T1500,1708A,116.3701,23.5345,揭阳市,新兴,,30,15,54,13,25,95,,70,70,5,11,7,7,0.5,0.7
2024-09-18T1500,1709A,116.3264,23.5443,揭阳市,西马,,32,26,52,13,28,102,,76,76,2,6,6,5,0.4,0.8
2024-09-18T1500,1710A,116.3611,23.5626,揭阳市,东兴,,35,35,56,9,21,99,,68,68,4,9,7,6,0.4,0.7
2024-09-18T1500,1711A,116.4151,23.5294,揭阳市,渔湖,,28,17,60,3,24,89,,62,62,6,14,6,5,0.4,0.6
2024-09-18T1500,3320A,116.403,23.5699,揭阳市,曲溪,,30,18,39,8,23,95,,68,68,5,11,2,2,0.4,0.6
2024-09-18T1500,1944A,102.1692,38.5167,金昌市,天庆家园,,25,21,33,17,28,55,,61,48,15,13,8,11,0.7,0.6
2024-09-18T1500,3170A,102.1864,38.5253,金昌市,市委党校,,21,21,45,12,28,61,,56,49,7,11,6,7,0.7,0.9
2024-09-18T1500,4022A,102.1647,38.5371,金昌市,金川区人防中心,,19,16,46,13,29,52,,51,40,8,11,14,14,0.7,1.1
2024-09-18T1500,1262A,119.647,29.077,金华市,十五中,,36,22,22,3,7,114,,68,68,4,14,2,2,0.3,0.5
2024-09-18T1500,1263A,119.686,29.1029,金华市,监测站,,35,20,21,9,9,110,,71,71,6,19,2,2,0.3,0.4
2024-09-18T1500,3659A,119.656,29.1131,金华市,气象局,,34,23,20,14,9,108,,67,67,6,18,4,5,0,0.2
2024-09-18T1500,1767A,121.1115,41.0879,锦州市,南山,,23,23,25,15,17,72,,42,42,16,21,13,17,0.5,0.6
2024-09-18T1500,1768A,121.0533,40.8434,锦州市,开发区,,34,34,31,11,17,77,,62,62,15,21,10,27,0.6,0.9
2024-09-18T1500,1769A,121.1836,41.1119,锦州市,百股街道,,25,25,25,12,11,80,,47,47,12,20,14,20,0.6,0.7
2024-09-18T1500,1770A,121.1178,41.1222,锦州市,天安街道,,26,21,29,11,16,81,,47,47,16,24,12,19,0.5,0.6
2024-09-18T1500,1771A,121.1303,41.1386,锦州市,北湖公园,,28,21,24,10,16,88,,53,53,10,17,12,17,0.3,0.5
2024-09-18T1500,2160A,112.85,35.5051,晋城市,自来水公司,颗粒物(PM10),57,64,54,27,30,123,,107,107,12,16,8,11,1.1,1.5
2024-09-18T1500,2161A,112.8318,35.4936,晋城市,白云商贸,,45,45,52,24,27,122,,106,106,15,19,7,11,1.1,1.8
2024-09-18T1500,2162A,112.8508,35.4887,晋城市,市环保局,颗粒物(PM10),51,51,55,27,31,119,,106,106,12,15,6,10,1.0,1.3
2024-09-18T1500,2163A,112.8676,35.4897,晋城市,技术学院,,45,35,41,31,30,120,,105,105,14,18,6,9,1.1,1.2
2024-09-18T1500,3620A,112.8271,35.4828,晋城市,泽州一中,,39,31,46,27,32,112,,102,102,17,23,9,16,1.0,1.6
2024-09-18T1500,2171A,112.7532,37.6945,晋中市,锦纶小区,,34,24,51,19,32,106,,114,105,5,9,7,7,0.4,0.6
2024-09-18T1500,2173A,112.7249,37.7067,晋中市,南都小区,,33,29,49,21,39,105,,113,104,7,11,5,5,0.8,1
2024-09-18T1500,2174A,112.6991,37.6982,晋中市,榆次区政府,,32,24,46,15,27,101,,103,101,6,10,6,6,0.4,0.6
2024-09-18T1500,2865A,112.7195,37.6828,晋中市,榆次三中,,33,24,49,9,29,103,,115,107,6,9,7,7,0.5,0.7
2024-09-18T1500,2439A,112.2014,31.0481,荆门市,竹园小学,颗粒物(PM10),55,60,54,29,28,155,,110,110,10,19,12,12,0.7,0.7
2024-09-18T1500,2440A,112.1969,30.9891,荆门市,掇刀,,49,43,44,28,26,156,,124,124,11,15,12,13,0.6,0.6
2024-09-18T1500,2441A,112.2213,31.0386,荆门市,石化一小,颗粒物(PM10),53,55,58,32,31,159,,117,117,8,14,15,14,0.5,0.6
2024-09-18T1500,3012A,112.1849,31.0362,荆门市,西山林语,颗粒物(PM10),51,52,43,24,24,159,,115,115,9,14,10,10,0.8,0.8
2024-09-18T1500,3547A,112.1632,31.0138,荆门市,龙泉中学南校,,50,47,43,28,27,157,,124,124,9,14,12,10,0.6,0.6
2024-09-18T1500,1844A,112.2494,30.3197,荆州市,市图书馆,,37,22,40,22,31,118,,110,110,8,15,8,10,0.6,0.7
2024-09-18T1500,1845A,112.2008,30.3544,荆州市,市委党校,,38,,45,21,36,119,,113,113,5,13,5,7,0.7,0.8
2024-09-18T1500,3194A,112.2747,30.3122,荆州市,管委会,,38,,40,21,34,120,,108,108,6,14,7,9,0.6,0.7
2024-09-18T1500,3548A,112.1655,30.3364,荆州市,学苑路,,42,42,51,23,36,125,,117,117,7,15,6,8,0.6,0.7
2024-09-18T1500,2343A,117.2117,29.2933,景德镇市,老干部活动中心,,16,11,12,3,9,51,,47,47,3,6,5,8,0.3,0.3
2024-09-18T1500,2344A,117.1894,29.2789,景德镇市,兽医站,,17,9,15,3,9,53,,48,48,2,4,6,9,0.3,0.4
2024-09-18T1500,2345A,117.1547,29.2617,景德镇市,台达陶瓷,,17,8,13,3,11,53,,50,50,3,4,6,7,0.2,0.3
2024-09-18T1500,2346A,117.2461,29.2956,景德镇市,陶研所,,18,9,13,7,7,55,,50,50,4,6,7,7,0.3,0.3
2024-09-18T1500,1803A,115.9872,29.6815,九江市,十里,,45,34,49,21,28,144,,126,126,7,18,10,13,0.7,0.9
2024-09-18T1500,1804A,115.9584,29.7046,九江市,茅山头,,45,29,43,11,29,143,,116,116,9,21,9,11,0.6,0.8
2024-09-18T1500,1805A,115.9877,29.7295,九江市,西园,,43,19,49,6,34,137,,115,115,10,24,10,24,0.6,0.7
2024-09-18T1500,1806A,116.0172,29.6547,九江市,五七二七厂,,43,27,40,18,27,136,,123,123,10,20,9,11,0.6,0.8
2024-09-18T1500,1808A,115.9114,29.6038,九江市,综合工业园,,47,20,47,15,26,149,,128,128,12,27,16,25,0.6,0.9
2024-09-18T1500,1809A,116.0721,29.7535,九江市,石化总厂,,34,23,52,12,34,106,,101,101,8,23,9,13,0.5,0.7
2024-09-18T1500,1810A,115.9773,29.5698,九江市,庐山气象台,,43,37,26,23,18,136,,103,103,5,4,6,10,0.8,0.9
2024-09-18T1500,3190A,116.0254,29.6994,九江市,外国语学校,,40,25,46,13,25,126,,115,115,7,19,7,13,0.3,0.5
2024-09-18T1500,2658A,98.5061,39.7443,酒泉市,仓门街子站,,34,27,26,16,13,107,,78,78,3,9,10,24,0.4,0.4
2024-09-18T1500,2659A,98.4989,39.7256,酒泉市,油田生活基地,,35,27,30,11,10,110,,73,73,5,11,10,21,0.4,0.4
2024-09-18T1500,2698A,76.0072,39.4467,喀什地区,巡警大队,,37,26,116,3,22,116,,78,77,7,14,4,4,0.3,0.4
2024-09-18T1500,2699A,75.9755,39.4694,喀什地区,吾办,,36,21,115,7,40,114,,78,78,8,13,4,5,0.3,0.4
2024-09-18T1500,4027A,75.9483,39.4689,喀什地区,老干局,,34,18,113,3,22,107,,77,77,5,11,4,4,0.3,0.3
2024-09-18T1500,1824A,114.3389,34.7781,开封市,肿瘤医院,,,,47,,25,75,,150,99,8,10,3,5,0.5,0.6
2024-09-18T1500,1826A,114.2885,34.7965,开封市,世纪星幼儿园,,,31,45,,29,83,,156,106,4,5,3,6,0.6,0.7
2024-09-18T1500,3147A,114.3438,34.8106,开封市,龙亭公园,,30,30,45,13,26,70,,138,92,8,10,4,6,0.6,0.8
2024-09-18T1500,3210A,114.3644,34.7964,开封市,汴京公园,,36,36,48,16,33,72,,142,94,8,10,5,7,0.5,0.7
2024-09-18T1500,3473A,114.2485,34.8306,开封市,技师学院,颗粒物(PM10),57,64,44,17,23,87,,153,107,7,8,6,7,0.7,1
2024-09-18T1500,3592A,114.4644,34.7556,开封市,祥符区生态环境局,,15,10,48,10,27,36,,128,71,28,13,17,8,0.5,0.7
2024-09-18T1500,1951A,84.895,45.6094,克拉玛依市,长征新村,,35,35,37,3,5,77,,78,74,2,5,6,6,0.2,0.2
2024-09-18T1500,1952A,84.8988,45.5893,克拉玛依市,南林小区,,38,38,30,3,12,81,,83,76,1,8,10,9,0.2,0.3
2024-09-18T1500,1954A,84.905,44.3396,克拉玛依市,独山子区,,36,36,54,9,14,88,,84,77,6,10,8,10,0.2,0.5
2024-09-18T1500,1955A,85.6979,46.098,克拉玛依市,乌尔禾区商贸楼,,29,15,31,3,6,91,,73,73,2,4,8,8,0.3,0.2
2024-09-18T1500,3612A,85.1045,45.6899,克拉玛依市,白碱滩区新站,,30,16,34,3,6,94,,85,85,2,4,6,7,0.2,0.2
2024-09-18T1500,2697A,76.1454,39.7142,克孜勒苏柯尔克孜自治州,市人民政府,,38,31,114,15,35,121,,107,102,1,4,11,5,0.3,0.3
2024-09-18T1500,3665A,76.1658,39.7157,克孜勒苏柯尔克孜自治州,克州文化中心,,38,33,115,19,37,121,,106,106,1,2,9,11,0.3,0.3
2024-09-18T1500,1450A,102.8204,24.8886,昆明市,呈贡新区,,25,17,23,10,12,77,,64,64,6,8,8,8,0.6,0.7
2024-09-18T1500,1452A,102.7252,25.0902,昆明市,龙泉镇,,27,,15,9,8,84,,69,69,6,9,7,7,0.6,0.6
2024-09-18T1500,1453A,102.7266,25.0375,昆明市,东风东路,,25,13,15,10,10,80,,63,63,8,10,5,6,0.3,0.3
2024-09-18T1500,1454A,102.6742,25.0669,昆明市,金鼎山,,26,17,26,8,8,82,,65,65,12,12,8,9,0.4,0.4
2024-09-18T1500,1455A,102.6644,25.0401,昆明市,碧鸡广场,,26,12,15,3,7,81,,64,64,9,10,6,6,0.5,0.5
2024-09-18T1500,3179A,102.7494,25.0119,昆明市,官渡区博物馆,,,9,16,8,8,85,,66,66,,14,6,7,0.3,0.3
2024-09-18T1500,3375A,102.8017,24.8336,昆明市,青年创业园,,26,15,16,15,12,81,,69,69,5,7,8,6,0.6,0.5
2024-09-18T1500,3550A,102.7997,24.9786,昆明市,昆明学院,,27,17,17,11,13,85,,67,67,6,11,6,7,0.3,0.4
2024-09-18T1500,3551A,102.5967,24.6736,昆明市,晋宁区生态环境分局,,30,,19,19,11,96,,77,77,5,7,3,4,0.4,0.4
2024-09-18T1500,3552A,102.6678,24.9856,昆明市,云天化总部,,27,16,14,11,11,84,,62,62,6,10,5,6,0.5,0.4
2024-09-18T1500,1456A,91.1319,29.6514,拉萨市,八廓街,,27,20,17,8,13,84,,57,57,6,14,7,9,0.0,0.1
2024-09-18T1500,1457A,91.1221,29.6747,拉萨市,市环保局,,27,9,15,6,10,85,,54,54,8,16,7,9,0.2,0.3
2024-09-18T1500,1458A,91.0874,29.6475,拉萨市,区监测站,,,,12,,8,80,,48,48,,17,6,8,0.3,0
2024-09-18T1500,1459A,91.1774,29.6541,拉萨市,西藏大学,,27,,12,9,8,86,,57,57,4,10,6,9,0.4,0.4
2024-09-18T1500,1460A,90.9798,29.6588,拉萨市,区辐射站,,25,8,12,7,8,77,,47,47,6,15,8,9,0.1,0.1
2024-09-18T1500,1461A,91.0834,29.6292,拉萨市,拉萨火车站,,24,9,12,7,8,75,,43,43,5,18,5,6,0.2,0.3
2024-09-18T1500,2520A,109.2203,23.7256,来宾市,来宾技工学校,,36,36,32,23,23,93,,69,69,7,10,6,7,0.7,0.7
2024-09-18T1500,3535A,109.1781,23.7297,来宾市,兴宾区政府,,32,30,27,16,17,100,,72,72,4,5,7,6,0.6,0.6
2024-09-18T1500,4002A,109.2416,23.7461,来宾市,中南小学,,42,42,38,23,23,106,,78,78,6,10,6,7,0.7,0.8
2024-09-18T1500,1476A,103.631,36.1031,兰州市,兰炼宾馆,,49,49,60,31,48,155,,101,101,14,34,7,10,0.6,0.8
2024-09-18T1500,1478A,103.8412,36.0726,兰州市,生物制品所,,49,43,55,34,43,106,,57,57,18,38,9,11,0.6,0.8
2024-09-18T1500,1479A,103.831,36.0464,兰州市,铁路设计院,,43,32,57,30,45,98,,45,45,17,46,6,8,0.5,0.9
2024-09-18T1500,3186A,103.7158,36.1058,兰州市,教育港,细颗粒物(PM2.5),53,51,65,37,46,131,,80,80,16,38,7,9,0.6,0.8
2024-09-18T1500,3241A,103.7439,36.0842,兰州市,百合公园,,39,39,53,23,33,120,,64,64,16,35,10,10,0.8,1
2024-09-18T1500,3242A,103.9611,35.998,兰州市,和平,,30,30,48,19,31,88,,56,56,8,23,9,9,0.6,0.8
2024-09-18T1500,3245A,103.6633,36.533,兰州新区,新区管委会,,46,35,43,32,26,102,,58,58,5,13,7,13,0.5,0.7
2024-09-18T1500,3246A,103.6975,36.4789,兰州新区,舟曲中学,,36,32,41,25,30,105,,68,68,6,17,9,17,0.5,0.7
2024-09-18T1500,1067A,116.6708,39.5111,廊坊市,药材公司,,41,27,63,15,34,130,,96,96,7,14,4,6,0.5,0.9
2024-09-18T1500,1068A,116.7214,39.5589,廊坊市,开发区,,40,20,55,8,31,127,,96,96,9,16,4,4,0.5,0.9
2024-09-18T1500,1070A,116.7244,39.5269,廊坊市,北华航天学院,,41,40,73,9,31,130,,98,98,5,15,4,5,0.5,0.9
2024-09-18T1500,2919A,116.7022,39.5453,廊坊市,河北工业大学,,42,29,61,14,32,133,,98,98,6,15,4,6,0.5,0.8
2024-09-18T1500,2535A,103.7723,29.5462,乐山市,花湖湾,,38,17,29,14,31,119,,78,78,3,12,5,6,0.5,0.9
2024-09-18T1500,2536A,103.7627,29.5844,乐山市,牛耳桥,,38,38,46,20,33,117,,90,90,9,23,4,4,0.5,0.7
2024-09-18T1500,2537A,103.7508,29.6006,乐山市,市第三水厂,,40,26,42,18,31,126,,89,89,5,22,3,3,0.5,0.6
2024-09-18T1500,2538A,103.7571,29.5664,乐山市,市监测站,,39,30,45,25,33,124,,85,85,4,13,3,6,0.5,0.7
2024-09-18T1500,3361A,103.7311,29.5628,乐山市,理工大学,,,,46,,36,138,,105,105,4,15,4,4,,0.9
2024-09-18T1500,2599A,100.2497,26.8802,丽江市,丽江古城,,22,14,17,7,12,69,,54,54,8,10,10,9,0.6,0.7
2024-09-18T1500,2600A,100.2203,26.8906,丽江市,市中心,,23,14,14,6,7,72,,57,57,4,9,6,6,0.5,0.6
2024-09-18T1500,1267A,119.914,28.4514,丽水市,监测站大楼,,26,24,17,10,5,81,,50,50,3,8,4,5,0.2,0.4
2024-09-18T1500,1268A,119.93,28.4586,丽水市,莲都小学,,36,36,16,3,4,87,,51,51,2,6,4,4,0.3,0.3
2024-09-18T1500,1269A,119.879,28.4231,丽水市,余庄前,,25,16,19,8,7,79,,47,47,6,7,4,4,0.2,0.3
2024-09-18T1500,1173A,119.176,34.5885,连云港市,市环境监测站,,23,22,17,7,4,73,,55,55,5,5,5,4,0.2,0.2
2024-09-18T1500,3000A,119.3581,34.6972,连云港市,德源药业,,18,7,14,7,3,55,,50,50,2,2,5,5,0.2,0.2
2024-09-18T1500,3007A,119.178,34.844,连云港市,新城一中,,19,19,22,8,7,58,,48,48,5,5,4,3,0.5,0.5
2024-09-18T1500,3008A,119.3608,34.7519,连云港市,胡沟管理处,,16,6,16,3,3,50,,48,48,3,11,6,7,0.3,0.6
2024-09-18T1500,3009A,119.1478,34.5911,连云港市,矿山设计院,,22,17,17,3,6,70,,51,51,5,7,6,4,0.5,0.5
2024-09-18T1500,3434A,119.2413,34.6539,连云港市,工贸学校,,22,17,19,7,8,70,,60,60,9,7,8,7,0.4,0.5
2024-09-18T1500,3664A,119.4172,34.7341,连云港市,连云街道,,18,18,18,9,7,49,,46,46,7,3,4,4,0.4,0.5
2024-09-18T1500,2571A,102.3431,27.8099,凉山彝族自治州,青龙寺,,25,,9,3,3,78,,59,59,1,4,6,6,0.7,0.8
2024-09-18T1500,2572A,102.2721,27.8415,凉山彝族自治州,邛海宾馆,,33,23,13,11,8,104,,64,64,4,9,9,8,0.5,0.5
2024-09-18T1500,2573A,102.2625,27.898,凉山彝族自治州,西昌市政府,,32,14,11,8,6,101,,66,66,4,6,8,8,0.2,0.3
2024-09-18T1500,2574A,102.2685,27.8851,凉山彝族自治州,凉山州政府,,34,23,15,12,10,107,,74,74,6,7,6,6,0.4,0.7
2024-09-18T1500,2575A,102.237,27.8914,凉山彝族自治州,长安,,38,16,15,10,9,121,,68,68,7,7,8,9,0.4,0.7
2024-09-18T1500,2212A,123.2,41.1953,辽阳市,宏伟区,,29,21,60,20,35,88,,47,47,10,35,13,19,0.5,1.2
2024-09-18T1500,2213A,123.1683,41.2495,辽阳市,新华园,,27,27,62,16,33,81,,48,48,15,38,13,26,0.6,1.1
2024-09-18T1500,2214A,123.2354,41.2639,辽阳市,滨河路,,28,25,58,13,30,89,,58,58,12,32,13,21,0.5,1
2024-09-18T1500,2215A,123.149,41.2991,辽阳市,铁西工业园,,25,19,70,13,29,80,,55,55,12,28,13,17,0.8,1.2
2024-09-18T1500,2227A,125.1358,42.8845,辽源市,环保局,,30,10,29,3,18,96,,71,71,5,14,8,7,0.5,0.8
2024-09-18T1500,3239A,125.0764,42.9078,辽源市,银鹰制药,,28,11,35,9,17,89,,67,67,7,18,6,5,0.5,0.9
2024-09-18T1500,1625A,115.9848,36.4372,聊城市,区政府,,47,47,43,24,24,132,,106,106,13,15,12,14,0.8,0.8
2024-09-18T1500,2878A,116.0072,36.4343,聊城市,聊大东校,颗粒物(PM10),53,56,46,36,32,136,,113,113,14,17,11,14,0.6,0.8
2024-09-18T1500,3200A,115.9819,36.4978,聊城市,监控中心,,46,46,42,22,24,136,,117,117,8,12,10,11,0.6,0.6
2024-09-18T1500,3513A,116.0445,36.4361,聊城市,九州社区,,39,34,53,25,27,123,,104,104,9,12,6,8,0.4,0.5
2024-09-18T1500,4018A,116.0567,36.4608,聊城市,星美广场,,43,35,44,20,24,136,,114,114,9,12,13,11,0.7,0.7
2024-09-18T1500,2632A,94.3681,29.6376,林芝市,林芝监测站,,19,19,9,3,6,60,,40,40,1,2,10,10,0.1,0.2
2024-09-18T1500,2633A,94.3616,29.6616,林芝市,林芝人民医院,,19,6,8,3,6,60,,41,41,3,4,8,8,0.3,0.3
2024-09-18T1500,2603A,100.0781,23.8982,临沧市,市环保局,,19,13,25,7,16,60,,44,44,6,9,4,4,0.3,0.5
2024-09-18T1500,2604A,100.0894,23.8822,临沧市,市气象局,,20,11,19,6,16,64,,47,47,5,8,4,4,0.3,0.5
2024-09-18T1500,1733A,111.5531,36.0783,临汾市,临钢医院,颗粒物(PM10),54,58,66,27,30,126,,103,103,7,17,6,7,0.7,0.8
2024-09-18T1500,1734A,111.5028,36.0714,临汾市,技工学校,,41,41,60,16,33,119,,97,97,7,16,8,9,0.8,0.9
2024-09-18T1500,1736A,111.5018,36.0855,临汾市,市委,,41,36,56,19,26,130,,107,107,4,15,7,8,0.8,0.9
2024-09-18T1500,3018A,111.505,36.1014,临汾市,唐尧大酒店,,38,33,51,17,27,120,,99,99,6,16,5,6,0.8,1
2024-09-18T1500,3668A,111.5036,36.0414,临汾市,城南,,39,32,60,14,30,122,,98,98,7,19,6,7,0.9,0.9
2024-09-18T1500,2667A,103.2069,35.5993,临夏回族自治州,环保局,,31,24,29,18,25,98,,51,51,6,11,8,8,0.4,0.6
2024-09-18T1500,2668A,103.2417,35.6057,临夏回族自治州,建设大厦,,32,16,40,6,18,100,,56,56,3,12,9,9,0.4,0.7
2024-09-18T1500,1618A,118.3429,35.0532,临沂市,沂河小区,,25,19,20,10,10,78,,51,51,5,6,6,7,0.2,0.2
2024-09-18T1500,1619A,118.295,35.0583,临沂市,鲁南制药厂,,27,14,12,9,8,85,,55,55,4,6,5,5,0.3,0.3
2024-09-18T1500,1620A,118.2794,34.9976,临沂市,新光毛纺厂,,27,,7,12,8,84,,64,64,8,9,5,5,0.4,0.4
2024-09-18T1500,1621A,118.3956,35.0888,临沂市,河东保险公司,,25,9,17,3,3,77,,46,46,6,8,6,6,0.3,0.4
2024-09-18T1500,3370A,118.3564,35.0215,临沂市,十里堡居委,,27,6,6,3,2,84,,58,58,8,5,7,7,0.4,0.4
2024-09-18T1500,3496A,118.3604,35.1084,临沂市,南坊新区,,23,22,20,3,5,71,,44,44,6,8,8,9,0.4,0.6
2024-09-18T1500,3860A,118.3920,35.0300,临沂市,皇山花园小区,,25,22,15,3,5,78,,55,55,6,8,6,6,0.4,0.5
2024-09-18T1500,1870A,109.4856,24.3895,柳州市,柳东小学,,24,22,29,13,18,74,,64,64,3,5,7,7,0.6,0.6
2024-09-18T1500,1871A,109.4157,24.3277,柳州市,环保监测站,,34,34,34,21,21,78,,68,68,5,7,8,9,0.7,0.8
2024-09-18T1500,1872A,109.389,24.341,柳州市,河西水厂,,28,28,38,19,25,75,,62,62,2,12,8,18,0.9,1.3
2024-09-18T1500,1873A,109.4311,24.2921,柳州市,市四中,,33,33,31,18,18,82,,73,73,3,5,6,6,0.7,0.8
2024-09-18T1500,1874A,109.4006,24.3631,柳州市,市九中,,48,,36,33,22,80,,67,67,2,7,6,7,0.5,0.7
2024-09-18T1500,1875A,109.4958,24.3134,柳州市,古亭山,,29,29,29,20,19,83,,70,70,5,7,7,7,0.7,0.8
2024-09-18T1500,3402A,109.5422,24.3996,柳州市,市二中,,26,25,29,16,19,82,,63,63,6,8,8,8,0.6,0.6
2024-09-18T1500,2307A,116.5079,31.737,六安市,监测大楼,,,22,18,13,17,90,,65,65,3,8,,5,0.5,0.5
2024-09-18T1500,2308A,116.4738,31.7643,六安市,皖西学院,,35,35,30,15,17,96,,69,69,4,8,4,5,0.3,0.3
2024-09-18T1500,2309A,116.4996,31.7905,六安市,朝阳厂,,29,20,18,14,15,90,,64,64,1,7,1,1,0.3,0.3
2024-09-18T1500,2310A,116.5567,31.7886,六安市,开发区,,32,,28,22,17,86,,62,62,5,9,4,3,0.5,0.5
2024-09-18T1500,2577A,104.83,26.5917,六盘水市,黄土坡,,24,16,22,12,16,76,,51,51,3,13,6,10,0.3,0.5
2024-09-18T1500,2578A,104.89,26.5939,六盘水市,水钢,,24,20,31,3,17,75,,53,53,4,12,9,10,0.2,0.9
2024-09-18T1500,2579A,104.8475,26.5894,六盘水市,民中,,24,15,20,3,13,74,,47,47,5,16,9,9,0.4,0.4
2024-09-18T1500,2580A,104.9544,26.5506,六盘水市,双水,,23,14,28,9,16,73,,45,45,2,13,6,11,0.2,0.3
2024-09-18T1500,2336A,117.0217,25.1033,龙岩市,龙岩市监测站,,25,16,13,3,3,79,,64,64,5,6,6,8,0.3,0.3
2024-09-18T1500,2337A,117.0258,25.0661,龙岩市,闽西职业技术学院,,25,18,15,6,4,80,,67,67,2,3,4,5,0.4,0.5
2024-09-18T1500,2338A,117.0196,25.0306,龙岩市,龙岩学院,,25,20,15,3,3,78,,63,63,3,9,6,3,0.4,0.4
2024-09-18T1500,2885A,104.9339,33.3826,陇南市,滨江中学,,26,18,36,3,15,81,,76,76,4,7,6,7,0.4,0.5
2024-09-18T1500,3247A,104.955,33.371,陇南市,市总工会,,29,29,27,3,7,82,,80,79,3,4,8,9,0.3,0.4
2024-09-18T1500,2487A,111.9589,27.8901,娄底市,电视发射台,,45,45,44,20,21,100,,101,101,5,6,8,8,0.3,0.3
2024-09-18T1500,2488A,111.9975,27.725,娄底市,市监测站,,49,49,49,17,29,113,,104,104,3,12,6,9,0.5,1
2024-09-18T1500,2489A,112.0194,27.7314,娄底市,市委党校,,,36,44,17,29,104,,101,101,5,11,9,10,,0.9
2024-09-18T1500,2490A,111.9561,27.7569,娄底市,涟钢,,39,39,46,23,25,81,,76,76,14,11,11,9,0.5,0.5
2024-09-18T1500,2491A,111.9892,27.7044,娄底市,市政府,,40,31,36,28,29,107,,97,97,4,8,6,6,0.3,0.5
2024-09-18T1500,1893A,105.4324,28.9634,泸州市,九狮山,,35,11,36,9,24,109,,86,86,12,13,1,4,0.3,0.5
2024-09-18T1500,1894A,105.4427,28.9063,泸州市,小市上码头,,37,26,30,10,18,118,,85,85,6,18,4,5,0.4,0.5
2024-09-18T1500,1895A,105.4241,28.8573,泸州市,兰田宪桥,,35,20,30,15,22,109,,85,85,5,14,5,5,0.2,0.4
2024-09-18T1500,1896A,105.4379,28.8833,泸州市,市环监站,,34,18,29,13,22,106,,83,83,5,13,6,7,0.4,0.6
2024-09-18T1500,3490A,105.3617,28.7703,泸州市,纳溪区环保局,,36,,37,17,28,114,,76,76,4,19,5,6,0.3,0.4
2024-09-18T1500,2183A,111.1406,37.5211,吕梁市,环保局,,40,39,63,28,34,111,,77,77,4,16,2,3,0.8,0.7
2024-09-18T1500,2185A,111.1297,37.5136,吕梁市,自来水公司,,39,35,68,27,35,115,,77,77,6,17,4,5,0.8,0.7
2024-09-18T1500,2867A,111.1283,37.51,吕梁市,马茂庄小学,,,,69,,35,121,,84,84,7,22,4,5,0.8,0.7
2024-09-18T1500,1812A,112.3931,34.6516,洛阳市,市委党校,,44,44,49,30,29,108,,118,104,10,11,5,8,1.0,0.8
2024-09-18T1500,1814A,112.4657,34.6871,洛阳市,豫西宾馆,,43,43,58,25,27,109,,112,101,6,11,6,8,0.9,0.8
2024-09-18T1500,1815A,112.494,34.6886,洛阳市,河南林校,,39,33,49,27,28,107,,112,102,10,13,7,9,0.8,0.7
2024-09-18T1500,1816A,112.3844,34.623,洛阳市,开发区管委会,,36,31,45,24,30,114,,115,103,8,11,3,6,0.8,0.6
2024-09-18T1500,1817A,112.4267,34.6258,洛阳市,市委新办公区,细颗粒物(PM2.5),54,,44,38,36,113,,109,102,5,8,2,4,1.0,0.9
2024-09-18T1500,3340A,112.6005,34.6326,洛阳市,伊滨,细颗粒物(PM2.5),52,44,51,36,36,103,,114,95,2,3,6,8,1.0,0.8
2024-09-18T1500,3341A,112.4951,34.6332,洛阳市,中移产业园,,49,35,56,34,38,116,,106,102,8,13,2,5,1.1,1
2024-09-18T1500,3593A,112.5736,34.8993,洛阳市,吉利监测站,细颗粒物(PM2.5),55,53,63,39,34,114,,95,95,6,15,4,4,0.8,0.6
2024-09-18T1500,3635A,112.3677,34.662,洛阳市,河科大西苑校区,,36,36,54,24,27,110,,116,105,9,13,3,6,1.0,0.9
2024-09-18T1500,3636A,112.4388,34.6781,洛阳市,英才小学,,43,33,54,30,29,106,,113,100,11,13,2,5,1.0,0.8
2024-09-18T1500,2399A,114.051,33.5699,漯河市,三五一五工厂,,19,,41,13,25,44,,115,80,6,8,5,5,0.6,0.7
2024-09-18T1500,2400A,114.0055,33.5698,漯河市,漯河大学,,28,25,42,19,28,48,,118,84,6,8,4,4,0.5,0.7
2024-09-18T1500,2401A,114.0138,33.5828,漯河市,市水利局,,17,17,45,9,26,44,,115,80,2,5,4,4,0.5,0.6
2024-09-18T1500,2402A,114.0261,33.5698,漯河市,市广电局,,16,12,37,11,21,46,,117,82,2,5,6,6,0.7,0.8
2024-09-18T1500,3478A,113.9749,33.5664,漯河市,市图书馆,,36,28,47,25,29,51,,123,86,5,8,9,9,0.5,0.7
2024-09-18T1500,3479A,114.0967,33.5906,漯河市,召陵区卫健委,,23,16,49,16,33,39,,108,70,1,5,4,5,0.7,0.8
2024-09-18T1500,1798A,118.5092,31.6837,马鞍山市,湖东路四小,颗粒物(PM10),54,57,30,9,11,101,,68,68,12,16,7,8,0.5,0.6
2024-09-18T1500,1799A,118.5024,31.6449,马鞍山市,开发区,,33,21,26,12,11,105,,67,67,7,14,7,7,0.7,0.8
2024-09-18T1500,1800A,118.5228,31.7231,马鞍山市,慈湖,,31,20,26,12,11,98,,68,68,3,9,7,8,0.6,0.7
2024-09-18T1500,1802A,118.6245,31.7241,马鞍山市,濮塘,,,,16,22,12,90,,61,61,,19,,6,,0.6
2024-09-18T1500,3633A,118.4918,31.6809,马鞍山市,雨山,,,,25,13,13,99,,33,,4,13,8,8,,1
2024-09-18T1500,1686A,111.0286,21.4688,茂名市,电白南海,,25,22,21,9,9,78,,64,64,4,6,10,10,0.6,0.7
2024-09-18T1500,1687A,110.9294,21.6533,茂名市,茂石化七小,,23,19,16,7,7,71,,55,55,5,7,6,8,0.5,0.6
2024-09-18T1500,1688A,110.9107,21.6687,茂名市,健康路,,24,12,10,7,6,75,,57,57,2,4,11,14,0.6,0.7
2024-09-18T1500,1689A,110.8592,21.6828,茂名市,高岭,,22,19,18,9,9,70,,50,50,6,7,8,12,0.5,0.7
2024-09-18T1500,3450A,111.01,21.5165,茂名市,电白水东,,23,19,12,12,9,72,,57,57,6,7,6,7,0.3,0.3
2024-09-18T1500,2539A,104.0308,30.0478,眉山市,黑龙滩水库,,34,33,40,17,22,106,,75,75,2,6,8,7,0.5,0.5
2024-09-18T1500,2540A,103.8416,30.0874,眉山市,气象局,,41,20,39,17,30,131,,92,92,7,24,6,6,0.5,0.6
2024-09-18T1500,3137A,103.8578,30.0744,眉山市,市委党校,,39,24,41,14,24,124,,94,94,7,31,8,8,0.4,0.8
2024-09-18T1500,3148A,103.8291,30.0564,眉山市,区人社局,,42,31,38,12,23,133,,95,95,7,27,10,10,0.5,0.6
2024-09-18T1500,1690A,116.1231,24.3284,梅州市,梅江月梅,,,,18,21,9,65,,50,50,2,6,7,7,0.5,0.3
2024-09-18T1500,1691A,116.0797,24.2719,梅州市,梅县新城,,22,17,17,3,7,70,,54,54,3,7,5,5,0.4,0.4
2024-09-18T1500,1692A,116.1248,24.2654,梅州市,环境监控中心,,22,12,20,3,7,69,,53,53,4,10,6,7,0.5,0.5
2024-09-18T1500,3315A,116.1233,24.2991,梅州市,梅龙,,22,14,12,7,9,69,,54,54,1,5,10,10,0.4,0.6
2024-09-18T1500,1878A,104.7778,31.4741,绵阳市,富乐山,,48,36,40,33,29,131,,103,103,9,16,3,3,0.6,0.7
2024-09-18T1500,1879A,104.7563,31.4535,绵阳市,市人大,,42,42,46,18,29,123,,102,102,6,23,5,7,0.4,0.7
2024-09-18T1500,1880A,104.6697,31.4668,绵阳市,高新区自来水公司,,38,27,43,12,24,119,,95,95,5,18,4,3,0.6,0.8
2024-09-18T1500,1881A,104.7287,31.5075,绵阳市,三水厂,,37,32,46,23,31,117,,92,92,9,28,5,5,0.6,0.8
2024-09-18T1500,3491A,104.69,31.5322,绵阳市,西科大附属小学,,39,27,45,16,24,122,,100,100,5,18,4,5,0.4,0.6
2024-09-18T1500,3492A,104.5648,31.5343,绵阳市,安州区旅游局,,46,,45,27,32,145,,112,112,6,14,6,7,0.5,0.7
2024-09-18T1500,1784A,129.61,44.561,牡丹江市,环保大楼,,26,16,21,12,14,82,,52,52,4,11,7,7,0.3,0.3
2024-09-18T1500,1785A,129.6115,44.5782,牡丹江市,文化广场,,25,17,27,15,17,78,,54,54,7,17,7,8,0.2,0.4
2024-09-18T1500,1786A,129.5904,44.5963,牡丹江市,第一医院,,27,27,28,13,21,86,,56,56,4,15,6,6,0.2,0.4
2024-09-18T1500,1787A,129.6364,44.6075,牡丹江市,机车工厂,,25,20,29,13,16,80,,51,51,5,10,6,27,0.1,0.2
2024-09-18T1500,1788A,129.6386,44.5462,牡丹江市,第一中学,,28,20,24,3,12,88,,59,59,4,8,6,6,0.3,0.3
2024-09-18T1500,2531A,105.0703,29.61,内江市,市监测站,,45,,30,17,35,142,,106,106,9,22,6,5,0.7,1
2024-09-18T1500,2532A,105.0717,29.5947,内江市,东兴区政府,,41,,33,12,28,129,,110,110,10,24,5,5,0.5,0.8
2024-09-18T1500,2533A,105.0653,29.5817,内江市,内江二中,,41,20,40,16,38,129,,101,101,8,21,8,9,0.4,0.7
2024-09-18T1500,2534A,105.0406,29.5822,内江市,内江日报社,,40,28,34,16,35,128,,97,97,13,26,7,8,0.4,0.7
2024-09-18T1500,2628A,92.0657,31.4846,那曲市,那曲监测站,,22,15,28,3,12,70,,48,48,5,7,6,7,0.5,0.7
2024-09-18T1500,3128A,92.0506,31.4797,那曲市,那曲会议中心,,33,33,46,12,17,80,,52,52,2,12,4,4,0.3,0.5
2024-09-18T1500,1290A,115.8931,28.6843,南昌市,省外办,,32,26,35,14,23,101,,105,105,10,11,8,9,0.4,0.4
2024-09-18T1500,1291A,115.8886,28.7003,南昌市,省林业公司,,,27,32,,20,98,,111,111,7,8,7,7,,0.8
2024-09-18T1500,1292A,115.8126,28.7442,南昌市,林科所,,38,24,24,7,12,120,,114,114,10,11,6,7,0.6,0.7
2024-09-18T1500,1294A,115.8518,28.687,南昌市,建工学校,,33,18,32,6,15,103,,115,114,5,7,9,9,0.5,0.7
2024-09-18T1500,1295A,115.8921,28.6424,南昌市,象湖,,31,14,25,10,19,98,,109,109,3,6,4,5,0.3,0.4
2024-09-18T1500,1296A,115.7423,28.7996,南昌市,武术学校,,36,32,23,8,16,115,,100,100,3,4,3,2,0.5,0.5
2024-09-18T1500,1298A,115.9314,28.6842,南昌市,省站,,37,37,29,13,23,90,,98,98,10,11,8,9,0.6,0.7
2024-09-18T1500,3046A,115.9084,28.6062,南昌市,机电学校,,30,20,36,9,18,93,,101,101,4,8,8,8,0.4,0.5
2024-09-18T1500,3690A,115.9721,28.7031,南昌市,外国语学校,,30,25,34,9,16,93,,99,99,5,10,6,8,0.5,0.6
2024-09-18T1500,1905A,106.056,30.8064,南充市,西山风景区,,46,25,28,25,29,147,,91,91,5,6,2,2,0.7,0.7
2024-09-18T1500,1906A,106.0789,30.8023,南充市,南充市委,,47,46,39,28,28,149,,107,107,8,15,2,2,0.4,0.5
2024-09-18T1500,1907A,106.1031,30.8217,南充市,南充炼油厂,,46,28,39,28,30,147,,88,88,6,16,2,3,0.4,0.4
2024-09-18T1500,1908A,106.1064,30.7856,南充市,高坪区监测站,,45,28,39,15,27,141,,90,90,9,21,3,4,0.4,0.5
2024-09-18T1500,1909A,106.0642,30.7636,南充市,嘉陵区环保局,,47,22,42,14,27,148,,98,98,8,21,2,3,0.5,0.5
2024-09-18T1500,1910A,106.1087,30.8388,南充市,市环境监测站,,44,44,42,24,31,140,,94,94,8,16,3,4,0.4,0.4
2024-09-18T1500,1151A,118.8086,32.1065,南京市,迈皋桥,,28,14,16,12,8,89,,61,61,4,8,3,4,0.2,0.2
2024-09-18T1500,1152A,118.7538,32.0551,南京市,草场门,,25,14,17,7,7,77,,57,57,7,9,6,5,0.1,0.2
2024-09-18T1500,1153A,118.7794,32.0745,南京市,山西路,,41,41,21,12,8,85,,60,60,4,8,3,4,0.3,0.3
2024-09-18T1500,1154A,118.7752,32.0023,南京市,中华门,,23,12,16,7,5,73,,54,54,2,3,6,6,0.3,0.3
2024-09-18T1500,1155A,118.8109,32.0309,南京市,瑞金路,,25,14,16,12,7,79,,58,58,8,10,4,4,0.4,0.4
2024-09-18T1500,1156A,118.7997,32.0754,南京市,玄武湖,,27,23,22,6,4,84,,61,61,1,2,6,6,0.0,0.8
2024-09-18T1500,1157A,118.6414,32.0931,南京市,浦口,,24,10,22,3,7,74,,56,56,6,8,4,4,0.4,0.4
2024-09-18T1500,1158A,118.7356,31.9996,南京市,奥体中心,,25,23,20,9,11,77,,62,62,3,8,4,4,0.2,0.3
2024-09-18T1500,1159A,118.9125,32.1028,南京市,仙林大学城,,33,19,22,12,11,105,,64,64,5,8,6,6,0.4,0.4
2024-09-18T1500,3422A,118.8436,31.9198,南京市,江宁彩虹桥,,25,22,21,9,7,80,,60,60,2,3,4,4,0.5,0.6
2024-09-18T1500,3423A,119.0138,31.6494,南京市,溧水永阳,,26,14,16,7,8,82,,67,67,5,8,4,4,0.3,0.3
2024-09-18T1500,3424A,118.879,31.3302,南京市,高淳老职中,,32,20,18,7,10,102,,68,68,5,8,3,4,0.3,0.3
2024-09-18T1500,3427A,118.8554,32.3578,南京市,六合雄州,,39,25,23,9,7,124,,59,59,12,13,8,8,0.4,0.4
2024-09-18T1500,1401A,108.3103,22.7881,南宁市,二十一中,,42,42,28,19,18,80,,65,65,7,12,4,7,0.7,0.8
2024-09-18T1500,1402A,108.3141,22.8528,南宁市,北湖,,31,31,29,20,24,75,,62,62,7,13,2,11,0.8,0.8
2024-09-18T1500,1403A,108.3206,22.8225,南宁市,市监测站,,28,27,27,19,19,74,,62,62,11,14,5,11,0.6,0.7
2024-09-18T1500,1404A,108.3829,22.8037,南宁市,大自然花园,,28,28,26,19,19,78,,64,64,6,11,5,6,0.4,0.4
2024-09-18T1500,1405A,108.4394,22.7904,南宁市,仙葫,,38,38,33,18,24,76,,61,61,7,13,8,6,0.7,0.8
2024-09-18T1500,1406A,108.2397,22.8467,南宁市,区农职院,,30,24,31,16,16,94,,66,66,4,8,5,7,0.8,0.8
2024-09-18T1500,1407A,108.3275,22.735,南宁市,英华嘉园,,40,34,30,28,22,89,,62,62,9,14,5,7,0.5,0.6
2024-09-18T1500,1408A,108.2257,22.7757,南宁市,沙井镇街道办,,29,29,37,18,22,90,,63,63,11,14,3,10,1.0,1.1
2024-09-18T1500,3401A,108.4834,22.7618,南宁市,红星社区,,30,30,28,19,17,82,,65,65,5,9,6,8,0.4,0.5
2024-09-18T1500,2332A,118.1681,26.6369,南平市,南平市监测站,,22,9,13,3,5,68,,52,52,2,8,4,5,0.3,0.4
2024-09-18T1500,2333A,118.1825,26.6489,南平市,南平铝业有限公司,,22,11,15,3,3,68,,52,52,4,10,4,5,0.3,0.4
2024-09-18T1500,2334A,118.1756,26.6272,南平市,南平七中,,22,16,16,3,7,70,,52,52,2,6,3,3,0.4,0.5
2024-09-18T1500,1168A,120.9098,31.9663,南通市,狼山街道,,21,16,12,8,4,65,,57,57,2,2,7,7,0.3,0.5
2024-09-18T1500,1169A,120.86,32.0005,南通市,虹桥,,19,17,14,11,4,59,,51,51,2,2,6,6,0.3,0.4
2024-09-18T1500,1170A,120.87,32.02,南通市,城中,,,22,18,6,3,60,,51,51,3,5,,6,0.4,0.4
2024-09-18T1500,1171A,120.94,31.93,南通市,星湖花园,,17,9,8,8,4,54,,48,48,6,7,5,5,0.4,0.5
2024-09-18T1500,1172A,120.81,32.0417,南通市,紫琅学院,,20,16,10,3,1,61,,52,52,6,7,7,7,0.3,0.3
2024-09-18T1500,3291A,121.067,32.062,南通市,通州监测站,,20,14,16,3,4,62,,51,51,4,4,4,3,0.4,0.4
2024-09-18T1500,3432A,120.9348,31.9883,南通市,环境教育馆,,20,17,19,3,2,62,,52,52,4,6,4,4,0.3,0.4
2024-09-18T1500,2404A,112.5224,33.0122,南阳市,瓦房庄,,35,35,50,20,33,94,,88,85,8,12,3,4,0.7,0.7
2024-09-18T1500,2405A,112.5003,32.9735,南阳市,汉画馆,,35,32,46,24,36,91,,83,83,9,12,6,7,0.6,0.7
2024-09-18T1500,2406A,112.5573,33.027,南阳市,气象站,,32,32,47,19,29,97,,88,84,7,11,5,7,0.9,0.8
2024-09-18T1500,2407A,112.5481,32.9689,南阳市,理工学院,,30,27,42,15,24,94,,90,84,8,12,5,7,0.7,0.6
2024-09-18T1500,4008A,112.5234,32.9922,南阳市,卧龙区政府,,33,30,47,23,33,89,,88,80,11,14,4,6,0.7,0.7
2024-09-18T1500,1234A,121.8358,29.911,宁波市,区环保大楼,,44,44,28,19,11,22,,39,39,28,19,5,4,0.5,0.6
2024-09-18T1500,1235A,121.56,29.82,宁波市,万里学院,,22,22,17,14,10,47,,57,57,11,11,6,6,0.5,0.5
2024-09-18T1500,1236A,121.713,29.9572,宁波市,龙赛医院,,,32,20,12,7,42,,50,50,18,13,10,9,,0.6
2024-09-18T1500,1239A,121.633,29.7733,宁波市,钱湖水厂,,29,29,18,18,8,36,,51,51,17,7,9,8,0.8,0.8
2024-09-18T1500,1240A,121.5856,29.8635,宁波市,太古小学,,25,25,25,12,6,43,,55,55,14,13,8,8,0.6,0.7
2024-09-18T1500,1241A,121.524,29.8674,宁波市,市环境监测中心,,25,25,18,12,7,54,,59,59,11,13,9,8,0.7,0.7
2024-09-18T1500,2871A,121.6147,29.9017,宁波市,万里国际学校,,24,24,17,13,9,45,,56,56,16,11,11,8,0.4,0.4
2024-09-18T1500,3710A,121.5594,29.8975,宁波市,白沙活动中心,,22,22,23,14,6,45,,56,56,16,11,10,8,0.2,0.3
2024-09-18T1500,2341A,119.5388,26.6612,宁德市,宁德市监测站,,31,31,22,10,9,85,,58,58,6,8,7,7,0.4,0.3
2024-09-18T1500,3209A,119.5231,26.6562,宁德市,宁德一中,,34,34,22,3,4,87,,60,60,5,4,6,5,0.2,0.2
2024-09-18T1500,2618A,98.8601,25.8567,怒江傈僳族自治州,州监测站,,27,16,27,12,17,85,,44,44,6,8,4,4,0.3,0.4
2024-09-18T1500,2619A,98.8546,25.8417,怒江傈僳族自治州,泸水一中,,23,23,24,9,16,72,,36,36,12,12,6,6,0.4,0.4
2024-09-18T1500,1888A,101.6891,26.571,攀枝花市,弄弄坪,,39,35,53,26,25,124,,63,63,11,25,19,19,0.6,0.8
2024-09-18T1500,1889A,101.5769,26.5928,攀枝花市,河门口,,37,35,39,21,24,116,,70,70,9,22,12,20,0.8,1.4
2024-09-18T1500,1890A,101.7169,26.585,攀枝花市,炳草岗,,43,33,40,21,20,136,,75,75,10,27,20,25,0.6,0.9
2024-09-18T1500,1891A,101.7369,26.5008,攀枝花市,仁和,,35,24,38,18,25,111,,74,74,7,16,12,14,0.5,0.7
2024-09-18T1500,2835A,101.7227,26.567,攀枝花市,四十中小,,45,44,39,27,20,142,,70,70,6,28,26,29,0.4,0.7
2024-09-18T1500,1604A,122.0303,41.1489,盘锦市,开发区,,29,28,21,3,9,92,,71,71,13,17,3,4,0.2,0.3
2024-09-18T1500,1605A,122.0485,41.0883,盘锦市,兴隆台,,34,25,20,8,9,107,,80,80,20,22,6,10,0.3,0.3
2024-09-18T1500,1606A,121.8297,41.1028,盘锦市,新生街道,,28,14,17,3,8,87,,63,63,13,26,8,9,0.3,0.3
2024-09-18T1500,1832A,113.3257,33.742,平顶山市,新华旅馆,,41,41,51,27,27,74,,125,91,10,9,4,6,1.0,1
2024-09-18T1500,1833A,113.2919,33.737,平顶山市,规划设计院,,28,25,39,19,21,79,,127,95,11,10,6,7,0.9,0.9
2024-09-18T1500,1834A,113.182,33.774,平顶山市,平顶山工学院,,35,30,40,24,20,79,,117,90,11,10,6,8,0.6,0.6
2024-09-18T1500,3204A,113.3025,33.73,平顶山市,规划局,,36,34,43,25,26,79,,123,94,10,11,3,5,0.9,0.8
2024-09-18T1500,3594A,112.8867,33.9116,平顶山市,石龙区,,43,43,66,24,31,74,,81,81,11,15,9,15,0.6,0.7
2024-09-18T1500,2656A,106.6692,35.5461,平凉市,聚贤嘉苑,,43,43,53,15,26,96,,88,88,13,22,8,8,0.6,0.7
2024-09-18T1500,2657A,106.7021,35.5307,平凉市,博物馆,,38,38,59,16,25,100,,86,86,12,24,24,11,0.4,0.6
2024-09-18T1500,2347A,114.0997,27.5002,萍乡市,武功山,,26,23,31,8,7,81,,65,65,4,5,10,9,0.5,0.6
2024-09-18T1500,2348A,113.8385,27.6434,萍乡市,中医院,,30,21,43,19,30,96,,87,87,2,8,6,13,0.7,0.9
2024-09-18T1500,2349A,113.8493,27.6253,萍乡市,市政府车库,,33,27,45,23,32,98,,89,89,1,6,8,10,0.7,0.7
2024-09-18T1500,2350A,113.8676,27.6435,萍乡市,市环保局,,29,28,38,20,28,92,,81,81,2,5,7,10,0.5,0.7
2024-09-18T1500,2351A,113.866,27.6198,萍乡市,安源区政府,,34,31,41,10,24,108,,92,92,7,10,14,14,0.6,0.7
2024-09-18T1500,2319A,119.0141,25.4325,莆田市,荔城区仓后路,,26,26,20,3,3,73,,60,60,4,4,7,7,0.6,0.6
2024-09-18T1500,2320A,119.0015,25.4553,莆田市,莆田市监测站,,26,17,17,3,4,82,,65,65,4,2,7,6,0.5,0.5
2024-09-18T1500,2321A,119.1119,25.4561,莆田市,涵江区六中,,24,16,20,3,4,75,,64,64,4,3,8,7,0.5,0.4
2024-09-18T1500,2322A,119.1013,25.3215,莆田市,秀屿区政府,,29,29,22,9,7,70,,59,59,4,2,6,6,0.4,0.4
2024-09-18T1500,2392A,115.0312,35.7636,濮阳市,环保局,,39,39,39,27,30,115,,116,103,12,14,7,9,0.4,0.5
2024-09-18T1500,2394A,115.0574,35.7609,濮阳市,油田运输公司,,28,,37,18,27,89,,115,97,5,10,4,6,0.3,0.6
2024-09-18T1500,2395A,115.0866,35.7754,濮阳市,油田物探公司,,29,19,46,17,31,91,,115,98,5,10,4,5,0.2,0.5
2024-09-18T1500,3021A,115,35.7668,濮阳市,濮水河管理处,,46,42,44,32,30,117,,110,99,8,11,5,7,0.6,0.7
2024-09-18T1500,2601A,100.98,22.7633,普洱市,市环保局,,20,17,22,12,14,61,,52,52,4,6,9,10,0.4,0.5
2024-09-18T1500,2602A,100.9817,22.8322,普洱市,普洱第二中学,,20,14,26,3,11,62,,54,54,3,6,9,9,0.4,0.5
2024-09-18T1500,2262A,131.0518,45.8751,七台河市,新一中,,33,11,17,6,8,105,,87,87,6,7,9,9,1.0,1
2024-09-18T1500,3345A,131.0577,45.7879,七台河市,中波台,,27,27,23,7,6,77,,65,65,13,18,7,7,0.5,0.5
2024-09-18T1500,3637A,131.0176,45.7761,七台河市,人民广场,,25,25,25,10,13,77,,67,67,11,18,9,9,0.2,0.3
2024-09-18T1500,3684A,130.8781,45.8222,七台河市,新建矿广场,,29,29,71,14,17,72,,63,63,12,21,4,6,0.2,0.5
2024-09-18T1500,1779A,123.9305,47.3636,齐齐哈尔市,安居小区,,30,30,27,3,12,69,,61,61,5,10,10,11,0.3,0.3
2024-09-18T1500,1780A,123.9488,47.3386,齐齐哈尔市,中心广场,,21,17,20,3,5,65,,57,57,7,11,2,4,0.2,0.3
2024-09-18T1500,1781A,123.9483,47.3227,齐齐哈尔市,农牧车辆厂,,31,31,30,3,5,69,,60,60,4,8,8,9,0.2,0.3
2024-09-18T1500,1783A,123.945,47.2988,齐齐哈尔市,市环境监测站,,29,29,28,13,11,70,,60,60,7,10,8,9,0.2,0.3
2024-09-18T1500,3662A,123.6333,47.2075,齐齐哈尔市,富区青少年活动中心,,24,17,29,10,8,76,,62,62,5,11,5,14,0.3,0.8
2024-09-18T1500,2591A,107.9783,26.5747,黔东南苗族侗族自治州,市环境监测站,,23,23,37,16,28,67,,48,48,8,15,3,3,0.4,0.5
2024-09-18T1500,2881A,107.8908,26.5311,黔东南苗族侗族自治州,凯里学院,,24,17,28,15,22,75,,55,55,6,12,2,2,0.5,0.6
2024-09-18T1500,2593A,107.5228,26.2403,黔南布依族苗族自治州,小围寨,,22,12,19,3,13,69,,52,52,6,8,3,4,0.4,0.5
2024-09-18T1500,3538A,107.5175,26.2978,黔南布依族苗族自治州,沙坝,,21,,22,7,15,67,,53,53,4,7,3,4,0.6,0.6
2024-09-18T1500,2589A,104.9022,25.0925,黔西南布依族苗族自治州,场坝街,,26,11,19,3,14,83,,51,51,6,12,10,27,0.2,0.2
2024-09-18T1500,2590A,104.8811,25.0992,黔西南布依族苗族自治州,坪东大道,,25,13,19,3,11,79,,53,53,4,11,10,12,0.1,0.2
2024-09-18T1500,2502A,108.6236,21.9667,钦州市,市环保站,,36,36,32,19,17,91,,67,67,6,8,7,9,0.6,0.7
2024-09-18T1500,2503A,108.6549,21.9481,钦州市,沙埠小学,颗粒物(PM10),51,51,30,29,17,94,,68,68,8,10,5,6,0.8,0.8
2024-09-18T1500,2504A,108.5989,21.7431,钦州市,港区一小,颗粒物(PM10),55,59,45,30,22,87,,58,58,14,12,6,7,0.7,0.7
2024-09-18T1500,3404A,108.5959,21.9633,钦州市,北职校,,38,38,35,26,24,94,,71,71,6,8,6,6,0.8,0.8
2024-09-18T1500,1042A,119.5134,39.8207,秦皇岛市,北戴河环保局,,33,19,25,3,7,104,,84,84,10,12,3,4,0.3,0.4
2024-09-18T1500,1043A,119.7493,40.0116,秦皇岛市,第一关,,36,32,26,18,20,113,,84,84,13,20,4,4,0.3,0.3
2024-09-18T1500,1044A,119.5897,39.9499,秦皇岛市,监测站,,32,31,29,14,21,100,,78,78,16,16,4,4,0.7,0.4
2024-09-18T1500,1046A,119.5251,39.9041,秦皇岛市,建设大厦,,35,34,31,15,11,112,,79,79,7,12,6,6,0.3,0.3
2024-09-18T1500,3132A,119.610547,39.943889,秦皇岛市,文明里,,39,39,37,3,10,115,,87,87,10,14,5,5,0.3,0.4
2024-09-18T1500,1307A,120.6659,36.2403,青岛市,仰口,,23,,15,16,15,67,,59,59,3,2,7,6,0.1,0
2024-09-18T1500,1310A,120.4134,36.0658,青岛市,市南区东部子站,,25,9,13,3,6,78,,63,63,3,3,5,6,0.3,0.3
2024-09-18T1500,1311A,120.3664,36.1032,青岛市,四方区子站,,18,7,10,3,6,55,,50,48,8,5,10,9,0.5,0.5
2024-09-18T1500,1312A,120.2994,36.054,青岛市,市南区西部子站,,,9,14,3,4,79,,67,67,4,2,7,7,,0.6
2024-09-18T1500,1313A,120.4581,36.0858,青岛市,崂山区子站,,25,12,18,3,5,80,,69,69,9,9,8,8,0.4,0.4
2024-09-18T1500,1314A,120.1983,35.9608,青岛市,黄岛区子站,,21,7,13,3,4,66,,57,57,5,6,7,8,0.4,0.4
2024-09-18T1500,1315A,120.3999,36.3083,青岛市,城阳区子站,,19,12,11,3,8,58,,52,52,6,8,7,6,0.5,0.5
2024-09-18T1500,1966A,120.0405,35.8735,青岛市,黄岛区4号,,23,9,12,3,6,72,,54,54,3,4,5,5,0.4,0.4
2024-09-18T1500,3362A,120.5014,36.4034,青岛市,即墨2号,,21,,16,13,11,66,,65,57,6,4,6,6,0.4,0.4
2024-09-18T1500,3642A,120.3503,36.0736,青岛市,市北区南部,,,14,16,3,5,53,,50,48,,8,6,5,0.5,0.7
2024-09-18T1500,3643A,120.3948,36.1805,青岛市,李沧区北部,,13,9,13,3,9,41,,47,47,8,12,8,8,0.4,0.5
2024-09-18T1500,1702A,113.0426,23.691,清远市,环保大楼,,27,,19,16,14,86,,71,71,2,4,8,8,0.7,0.8
2024-09-18T1500,1703A,113.0208,23.7106,清远市,凤城街办,,28,22,20,19,15,88,,71,71,9,5,9,8,0.6,0.6
2024-09-18T1500,3025A,113.0477,23.6344,清远市,技师学院,,24,23,23,13,15,74,,63,63,2,3,6,6,0.5,0.6
2024-09-18T1500,3318A,112.9903,23.7403,清远市,清新太和,,29,23,22,12,14,92,,74,74,5,3,5,3,0.7,0.7
2024-09-18T1500,3455A,113.076,23.7198,清远市,清城东城,,38,38,21,21,15,88,,72,72,2,2,4,3,0.5,0.6
2024-09-18T1500,2661A,107.6325,35.7357,庆阳市,庆阳五中,,35,29,41,13,23,111,,95,93,5,9,6,7,0.4,0.5
2024-09-18T1500,2662A,107.6364,35.7067,庆阳市,市环保局,,35,31,37,10,19,111,,94,93,6,10,6,8,0.5,0.6
2024-09-18T1500,1916A,103.7897,25.5035,曲靖市,环境监测站,,24,12,21,3,12,75,,50,50,5,12,6,8,0.4,0.7
2024-09-18T1500,1917A,103.8,25.5364,曲靖市,烟厂办公区,,24,,22,10,12,75,,52,52,5,12,4,6,0.4,0.8
2024-09-18T1500,3376A,103.7947,25.462,曲靖市,南苑二区,,24,12,20,6,11,76,,55,55,4,10,8,11,0.5,0.7
2024-09-18T1500,3377A,103.7444,25.5261,曲靖市,曲靖师范学院,,25,,18,6,14,79,,59,59,4,10,9,14,0.5,0.9
2024-09-18T1500,1264A,118.8692,28.9398,衢州市,环保大楼,,38,17,19,8,9,121,,71,71,7,15,2,2,0.4,0.5
2024-09-18T1500,1265A,118.8709,28.9666,衢州市,实验学校,,35,17,18,7,9,111,,67,67,4,12,5,5,0.4,0.4
2024-09-18T1500,1266A,118.8621,28.9808,衢州市,衢州学院,,35,23,17,8,7,110,,65,65,5,12,6,5,0.3,0.4
2024-09-18T1500,1611A,118.5819,24.9117,泉州市,涂山街,,28,23,18,10,9,89,,72,72,7,5,2,1,0.4,0.5
2024-09-18T1500,1612A,118.5972,24.8978,泉州市,津头埔,,31,31,21,9,8,81,,68,68,12,7,4,3,0.5,0.5
2024-09-18T1500,1613A,118.6663,24.9424,泉州市,万安,,32,32,21,11,8,87,,72,72,3,2,3,2,0.4,0.4
2024-09-18T1500,3529A,118.6333,24.9264,泉州市,城华南路,,28,22,19,10,8,87,,72,72,3,2,4,3,0.4,0.3
2024-09-18T1500,2626A,88.8876,29.2718,日喀则市,日喀则监测站,,25,,9,3,5,78,,60,60,3,7,5,6,0.3,0.5
2024-09-18T1500,3726A,88.8781,29.2426,日喀则市,林业技术推广中心,,24,,5,3,5,74,,58,58,4,5,4,5,0.3,0.3
2024-09-18T1500,1659A,119.471,35.4209,日照市,监测站,,18,,8,11,10,55,,44,44,5,7,11,10,0.2,0.2
2024-09-18T1500,1660A,119.523,35.4216,日照市,市政府广场,,19,12,14,3,7,60,,50,50,5,4,11,10,0.4,0.4
2024-09-18T1500,1661A,119.5587,35.4044,日照市,港务局,,21,,14,10,11,65,,60,60,4,4,8,8,0.4,0.4
2024-09-18T1500,3507A,119.5328,35.4625,日照市,职业技术学院,,20,9,12,9,8,63,,51,51,5,6,9,8,0.5,0.5
2024-09-18T1500,3604A,119.3266,35.1044,日照市,岚山环保分局,,14,9,15,3,2,42,,36,36,6,9,10,9,0.4,0.4
2024-09-18T1500,1835A,111.1922,34.7752,三门峡市,市政府,细颗粒物(PM2.5),79,,45,58,31,100,,114,114,11,18,9,12,0.6,0.7
2024-09-18T1500,1836A,111.1587,34.7942,三门峡市,开发区,,30,25,49,14,27,96,,106,106,6,11,10,13,0.6,0.7
2024-09-18T1500,3039A,111.1911,34.7829,三门峡市,三门峡市第一小学,,41,41,45,17,22,97,,108,108,7,10,8,13,0.6,0.7
2024-09-18T1500,3598A,111.1,34.7167,三门峡市,富达温泉假日酒店,,32,31,44,15,24,101,,106,106,7,12,8,8,0.4,0.4
2024-09-18T1500,2324A,117.6211,26.2625,三明市,三钢,,24,10,16,8,11,75,,60,60,3,10,6,7,0.2,0.2
2024-09-18T1500,2325A,117.635,26.2714,三明市,三明二中,,24,14,15,3,5,74,,60,60,4,9,2,3,0.4,0.4
2024-09-18T1500,2326A,117.6028,26.2378,三明市,三元区政府,,24,13,21,3,5,74,,60,60,7,15,5,5,0.2,0.3
2024-09-18T1500,1876A,109.5078,18.2489,三亚市,河东子站,,18,9,16,8,9,56,,54,54,1,3,4,4,0.3,0.4
2024-09-18T1500,1877A,109.4964,18.2681,三亚市,河西子站,,17,11,15,3,8,52,,49,49,2,3,3,3,0.3,0.3
2024-09-18T1500,3540A,109.7348,18.3443,三亚市,君悦子站,,23,23,17,7,7,53,,51,51,3,4,3,3,0.4,0.3
2024-09-18T1500,2624A,91.7608,29.2313,山南市,山南监测站,,24,7,10,3,5,76,,55,55,2,4,8,8,0.3,0.3
2024-09-18T1500,2625A,91.7706,29.2436,山南市,山南人民医院,,,86,24,,11,75,,52,52,9,8,8,8,0.3,0.3
2024-09-18T1500,1674A,116.6794,23.3667,汕头市,金平子站,,35,29,23,7,8,109,,73,73,6,7,5,6,0.4,0.3
2024-09-18T1500,1675A,116.7244,23.3633,汕头市,龙湖子站,,44,44,27,19,12,97,,68,68,2,3,6,7,0.4,0.5
2024-09-18T1500,1676A,116.7258,23.2775,汕头市,濠江子站,,32,32,23,19,9,86,,66,66,4,5,6,6,0.5,0.5
2024-09-18T1500,1677A,116.7519,23.4714,汕头市,澄海子站,,36,35,25,6,9,114,,74,74,6,7,6,6,0,0
2024-09-18T1500,1678A,116.6092,23.2539,汕头市,潮阳子站,,34,31,24,3,5,106,,71,71,2,3,6,6,0.6,0.6
2024-09-18T1500,3444A,116.454,23.2684,汕头市,潮南峡山,,33,22,22,12,8,104,,72,72,1,2,6,6,0.6,0.6
2024-09-18T1500,3624A,116.4069,23.2533,汕头市,潮南子站,,,,32,,14,93,,68,68,,8,6,6,,0.5
2024-09-18T1500,1693A,115.3653,22.775,汕尾市,市环保局,,25,22,26,10,17,80,,57,57,3,5,8,7,0.5,0.5
2024-09-18T1500,1694A,115.3706,22.7898,汕尾市,市政府,,26,17,21,3,10,82,,55,55,7,7,9,8,0.4,0.4
2024-09-18T1500,1695A,115.3622,22.7925,汕尾市,新城中学,,30,30,43,10,12,83,,57,57,3,5,7,6,0.6,0.6
2024-09-18T1500,2645A,109.9154,33.8715,商洛市,监测站,,28,14,18,10,11,88,,56,56,5,11,6,5,0.5,0.6
2024-09-18T1500,3045A,109.9643,33.8471,商洛市,商州区中学,,27,18,20,10,9,84,,58,58,6,13,8,6,0.5,0.5
2024-09-18T1500,2408A,115.6702,34.4285,商丘市,环境监测站,,17,,8,3,5,53,,63,41,4,4,4,4,0.4,0.5
2024-09-18T1500,2409A,115.6458,34.4045,商丘市,粮食局,,18,,5,6,3,57,,71,46,3,3,7,7,0.3,0.4
2024-09-18T1500,2410A,115.6293,34.3948,商丘市,睢阳区环保局,,16,,6,3,6,49,,65,40,2,2,6,5,0.4,0.4
2024-09-18T1500,3171A,115.6071,34.4465,商丘市,梁园区档案局,,18,6,7,6,6,55,,67,44,4,3,7,7,0.3,0.4
2024-09-18T1500,1141A,121.4,31.238,上海市,普陀,,22,22,24,12,8,49,,45,45,9,10,10,5,0.5,0.5
2024-09-18T1500,1142A,121.478,31.2036,上海市,十五厂,,23,23,25,11,8,52,,46,46,9,13,13,9,0.3,0.4
2024-09-18T1500,1143A,121.467,31.3008,上海市,虹口,,26,23,24,18,10,44,,43,43,12,13,14,9,0.5,0.5
2024-09-18T1500,1144A,121.412,31.1654,上海市,徐汇上师大,,32,32,26,13,9,51,,44,44,13,14,7,6,0.6,0.6
2024-09-18T1500,1145A,121.536,31.2659,上海市,杨浦四漂,,33,33,26,15,9,47,,43,43,9,19,11,6,0.3,0.4
2024-09-18T1500,1147A,121.425,31.2261,上海市,静安监测站,,21,21,23,12,9,52,,45,45,9,11,10,6,0.4,0.4
2024-09-18T1500,1148A,121.703,31.1907,上海市,浦东川沙,,23,23,23,14,8,50,,,,9,17,9,7,0.5,0.5
2024-09-18T1500,1149A,121.533,31.2284,上海市,浦东新区监测站,,25,21,22,17,11,48,,42,42,8,15,11,7,0.4,0.4
2024-09-18T1500,1150A,121.577,31.2071,上海市,浦东张江,,23,23,24,15,9,39,,34,34,10,15,9,6,0.8,0.8
2024-09-18T1500,3265A,121.4316,31.3322,上海市,宝山庙行,,30,30,25,16,9,48,,45,45,14,13,17,8,0.6,0.5
2024-09-18T1500,3266A,121.8791,31.4662,上海市,崇明上实东滩,,16,15,8,6,5,49,,46,46,4,6,15,10,0.4,0.4
2024-09-18T1500,3268A,121.3162,31.2838,上海市,嘉定南翔,,29,22,21,20,8,53,,46,46,14,14,10,6,0.7,0.7
2024-09-18T1500,3269A,121.3359,30.7456,上海市,金山新城,,22,22,24,15,9,52,,49,49,11,8,10,5,0.3,0.3
2024-09-18T1500,3270A,121.4996,31.0739,上海市,闵行浦江,,25,25,88,16,11,49,,43,43,10,10,12,6,0.5,0.6
2024-09-18T1500,3271A,121.2886,31.1663,上海市,青浦徐泾,,22,22,23,12,9,60,,52,52,13,11,9,6,0.4,0.5
2024-09-18T1500,3273A,121.3902,31.2059,上海市,长宁仙霞,,25,25,25,13,9,53,,48,48,14,11,11,8,0.6,0.7
2024-09-18T1500,3274A,121.7965,31.0507,上海市,浦东惠南,,26,,12,18,9,54,,42,42,8,11,8,8,0.7,0.6
2024-09-18T1500,3544A,121.4891,30.925,上海市,奉贤南桥新城,,21,21,22,14,9,51,,46,46,10,13,14,9,0.4,0.5
2024-09-18T1500,2381A,118.005,28.4572,上饶市,百草园,,31,17,17,3,7,98,,73,73,5,9,2,3,0.1,0.8
2024-09-18T1500,2382A,117.9756,28.4436,上饶市,市监测站,,33,20,19,3,7,103,,80,80,4,9,3,6,0.5,0.6
2024-09-18T1500,2383A,117.9519,28.4628,上饶市,凤凰光学,,32,17,17,3,7,100,,75,75,4,9,4,14,0.8,0.8
2024-09-18T1500,3413A,118.1953,28.4401,上饶市,广丰区教体局,,28,,15,8,8,89,,74,74,3,10,8,13,0.5,0.9
2024-09-18T1500,3685A,117.897,28.4315,上饶市,双创科技城,,,17,24,3,7,96,,73,73,,11,5,12,0.5,0.6
2024-09-18T1500,1669A,113.5824,24.7733,韶关市,市八中,,43,43,31,14,21,72,,62,62,2,3,10,11,0.4,0.6
2024-09-18T1500,1671A,113.5917,24.7972,韶关市,园林处,,24,12,26,12,23,74,,64,64,2,2,9,10,0.4,0.6
2024-09-18T1500,1672A,113.6735,24.7791,韶关市,韶关学院,,23,18,25,10,20,73,,58,58,4,6,11,9,0.3,0.4
2024-09-18T1500,1673A,113.5971,24.6863,韶关市,曲江监测站,,24,18,30,12,21,75,,61,61,5,4,14,11,0.8,0.9
2024-09-18T1500,3622A,113.5556,24.8082,韶关市,碧湖山庄,,24,18,31,11,23,74,,61,61,2,2,8,9,0.4,0.5
2024-09-18T1500,2462A,111.5239,27.3033,邵阳市,市水土所,,43,43,32,29,22,118,,97,97,2,4,10,9,0.8,0.8
2024-09-18T1500,2463A,111.4733,27.2317,邵阳市,市一中,,,,39,,26,121,,109,109,,7,,7,0.6,0.6
2024-09-18T1500,2464A,111.5283,27.2442,邵阳市,市化工厂,,39,34,36,23,23,124,,105,105,5,8,5,7,0.6,0.6
2024-09-18T1500,2465A,111.4503,27.2537,邵阳市,市罐头厂,,48,48,39,27,27,117,,100,100,4,6,6,7,0.6,0.6
2024-09-18T1500,2466A,111.4328,27.2272,邵阳市,市环保局,,46,46,37,25,23,117,,102,102,4,5,4,5,0.6,0.6
2024-09-18T1500,1247A,120.6053,29.9928,绍兴市,城东开发委,,27,25,19,14,9,85,,69,69,6,9,8,7,0.4,0.4
2024-09-18T1500,2921A,120.5483,30.0003,绍兴市,树下王站,,30,27,19,14,10,95,,72,72,3,5,5,4,0.4,0.4
2024-09-18T1500,3408A,120.5683,29.9361,绍兴市,绍兴中专,,37,37,18,14,10,100,,74,74,5,8,4,3,0.5,0.5
2024-09-18T1500,3409A,120.4906,30.0861,绍兴市,柯桥区政府,,29,26,18,11,7,91,,70,70,8,10,6,6,0.5,0.5
2024-09-18T1500,3410A,120.8752,30.0249,绍兴市,重华小学,,28,25,19,15,9,88,,73,73,8,8,10,9,0.5,0.5
2024-09-18T1500,3411A,120.8369,30.0137,绍兴市,上虞中学,,29,23,20,14,9,90,,71,71,4,5,6,5,0.5,0.5
2024-09-18T1500,3560A,120.4722,30.0415,绍兴市,柯桥妇保,,31,29,22,12,7,97,,73,73,7,8,8,7,0.3,0.4
2024-09-18T1500,3658A,120.6153,30.0764,绍兴市,袍江中学,,27,27,21,13,9,81,,73,73,6,10,6,5,0.4,0.5
2024-09-18T1500,1356A,114.1063,22.5545,深圳市,通心岭子站,,32,24,18,12,10,101,,74,74,7,12,3,3,0.6,0.7
2024-09-18T1500,1357A,114.117,22.5625,深圳市,洪湖,,27,19,21,14,10,86,,68,68,9,17,7,7,0.4,0.4
2024-09-18T1500,1358A,113.987,22.5417,深圳市,华侨城,,30,,17,21,10,94,,71,71,6,9,7,7,0.6,0.6
2024-09-18T1500,1359A,113.9181,22.5171,深圳市,南海子站,,35,35,23,12,10,111,,80,80,10,14,7,7,0.4,0.4
2024-09-18T1500,1360A,114.2458,22.5689,深圳市,盐田,,25,18,18,12,8,79,,52,52,12,18,9,9,0.6,0.6
2024-09-18T1500,1361A,114.2283,22.7244,深圳市,龙岗,,24,20,17,7,8,75,,64,64,9,12,6,5,0.5,0.6
2024-09-18T1500,1363A,114.494,22.5422,深圳市,南澳,,26,21,15,12,5,83,,69,69,3,5,7,7,0.3,0.5
2024-09-18T1500,1364A,114.41,22.6342,深圳市,葵涌,,32,32,19,8,7,75,,70,70,8,9,7,7,0.5,0.5
2024-09-18T1500,1365A,114.297,22.5978,深圳市,梅沙,,29,26,18,18,8,92,,76,76,3,3,6,6,0.4,0.3
2024-09-18T1500,1366A,114.0678,22.738,深圳市,观澜,,24,20,17,14,8,76,,62,62,5,10,6,6,0.5,0.6
2024-09-18T1500,3305A,114.0731,22.559,深圳市,莲花,,24,20,19,12,10,76,,60,60,6,9,7,7,0.3,0.3
2024-09-18T1500,3306A,114.0261,22.6198,深圳市,民治,,31,31,17,17,10,81,,60,60,9,14,6,6,0.5,0.5
2024-09-18T1500,3307A,114.1871,22.6451,深圳市,横岗,,27,21,18,11,12,84,,69,69,9,18,5,5,0.6,0.6
2024-09-18T1500,3447A,114.3551,22.7151,深圳市,坪山,,23,23,17,11,20,68,,61,61,8,11,6,6,0.5,0.5
2024-09-18T1500,3623A,113.8953,22.5861,深圳市,西乡,,30,30,20,11,7,61,,50,50,22,14,5,5,0.4,0.5
2024-09-18T1500,1099A,123.505,41.7406,沈阳市,浑南东路,,32,32,49,19,27,102,,46,46,24,45,10,11,0.7,1.2
2024-09-18T1500,1100A,123.4231,41.6989,沈阳市,新秀街,,38,38,48,16,25,100,,38,38,22,45,10,9,0.9,1.3
2024-09-18T1500,1102A,123.5903,41.8411,沈阳市,东陵路,,33,22,34,14,21,103,,34,34,23,27,12,9,0.8,1
2024-09-18T1500,1103A,123.4264,41.8467,沈阳市,陵东街,,25,21,40,11,27,77,,29,29,32,30,9,7,1.4,1.2
2024-09-18T1500,1104A,123.4114,41.7653,沈阳市,文化路,,33,33,56,15,32,79,,31,31,28,47,8,8,0.8,1.2
2024-09-18T1500,1105A,123.4678,41.7867,沈阳市,小河沿,,29,24,45,12,25,90,,33,33,25,36,11,9,0.9,1.4
2024-09-18T1500,1106A,123.4017,41.7972,沈阳市,太原街,,41,41,57,16,36,64,,28,28,39,52,11,9,1.1,1.1
2024-09-18T1500,1108A,123.3783,41.9228,沈阳市,京沈街,,26,26,41,11,23,71,,35,35,25,27,12,14,0.6,0.7
2024-09-18T1500,2897A,123.2444,41.7347,沈阳市,沈辽西路,,43,43,49,17,22,57,,28,28,50,47,10,11,0.9,0.9
2024-09-18T1500,2900A,123.5953,41.9086,沈阳市,裕农路,,32,18,33,13,20,101,,42,42,17,23,8,6,1.1,1
2024-09-18T1500,2428A,111.0419,32.395,十堰市,武当山,,28,15,16,6,9,88,,80,80,8,8,11,11,0.4,0.4
2024-09-18T1500,2429A,110.78,32.6494,十堰市,滨河新村,,43,,16,30,14,85,,64,64,6,12,9,9,0.9,1.1
2024-09-18T1500,2430A,110.7258,32.6389,十堰市,刘家沟,,31,27,16,10,10,97,,70,70,7,7,4,4,0.7,0.7
2024-09-18T1500,2431A,110.8839,32.5714,十堰市,铁二处,,30,,11,9,11,94,,79,79,6,10,6,6,0.4,0.5
2024-09-18T1500,3545A,110.8054,32.8401,十堰市,郧阳区金沙路,,24,18,16,8,9,74,,54,54,5,8,4,8,0.5,0.6
2024-09-18T1500,2709A,86.0497,44.2967,石河子市,艾青诗歌馆,,45,45,40,7,18,74,,61,55,4,15,8,11,0.5,0.6
2024-09-18T1500,3442A,86.047,44.2331,石河子市,南区管委会,颗粒物(PM10),52,54,40,10,17,79,,70,62,7,12,8,9,0.5,0.5
2024-09-18T1500,4051A,86.0791,44.3017,石河子市,世纪广场,颗粒物(PM10),56,61,44,8,15,73,,61,56,4,21,6,10,0.4,0.6
2024-09-18T1500,1029A,114.4422,38.0444,石家庄市,职工医院,臭氧1小时,68,59,74,32,38,174,,150,150,10,13,4,4,0.8,0.8
2024-09-18T1500,1030A,114.6063,38.0266,石家庄市,高新区,颗粒物(PM10),55,59,65,33,39,113,,132,132,10,11,5,4,0.8,0.7
2024-09-18T1500,1031A,114.4898,38.1328,石家庄市,西北水源,臭氧1小时,54,52,67,24,43,163,,141,141,6,10,4,3,0.8,0.7
2024-09-18T1500,1032A,114.4586,38.0058,石家庄市,西南高教,颗粒物(PM10),54,58,66,24,34,146,,154,154,13,12,4,4,0.7,0.7
2024-09-18T1500,1033A,114.5331,38.0178,石家庄市,世纪公园,颗粒物(PM10),51,51,58,23,35,113,,129,129,14,12,4,4,0.8,0.8
2024-09-18T1500,1034A,114.509,38.0457,石家庄市,人民会堂,,50,42,63,24,42,157,,157,157,6,9,2,3,0.6,0.6
2024-09-18T1500,1035A,114.3524,37.8911,石家庄市,封龙山,臭氧1小时,82,77,61,47,43,185,,155,155,18,13,5,4,1.1,0.9
2024-09-18T1500,2862A,114.5481,38.0378,石家庄市,22中南校区,颗粒物(PM10),61,72,75,34,36,125,,140,140,11,10,3,3,0.8,0.7
2024-09-18T1500,3456A,114.289,38.0906,石家庄市,鹿泉一中,臭氧1小时,101,79,63,42,45,201,,159,159,8,9,5,3,0.9,0.7
2024-09-18T1500,3573A,114.8506765,38.0322033,石家庄市,藁城区实验学校,,45,43,80,31,48,102,,114,114,9,13,3,4,0.6,0.7
2024-09-18T1500,3574A,114.0504658,38.0591645,石家庄市,井陉矿区区委大楼,臭氧1小时,83,79,75,35,42,186,,118,118,8,13,5,4,0.6,0.7
2024-09-18T1500,4024A,114.6549,37.9020,石家庄市,栾城区星河路,细颗粒物(PM2.5),54,48,73,38,44,113,,120,120,13,17,3,4,0.6,0.8
2024-09-18T1500,1948A,106.3668,39.0145,石嘴山市,大武口朝阳西街,细颗粒物(PM2.5),79,62,76,58,93,141,,74,74,7,21,12,12,0.9,1.5
2024-09-18T1500,1949A,106.7704,39.2282,石嘴山市,惠农南大街,,45,45,63,29,59,119,,58,58,10,30,13,16,0.5,2.4
2024-09-18T1500,1950A,106.7099,39.1325,石嘴山市,红果子镇惠新街,细颗粒物(PM2.5),58,51,67,41,79,123,,59,59,14,36,11,18,0.8,2.4
2024-09-18T1500,3520A,106.3495,38.9836,石嘴山市,妇女儿童医院,,,65,106,56,94,136,,74,74,,24,,13,1.0,1.6
2024-09-18T1500,3521A,106.7492,39.2069,石嘴山市,石大公路,细颗粒物(PM2.5),54,39,68,38,63,112,,56,56,11,32,9,8,0.7,2.5
2024-09-18T1500,2248A,131.1511,46.6937,双鸭山市,双合村,,28,18,17,12,9,89,,80,80,8,10,5,9,0.4,0.4
2024-09-18T1500,2249A,131.1652,46.6191,双鸭山市,南小市,,36,36,26,3,9,86,,72,72,5,8,7,7,0.3,0.3
2024-09-18T1500,2250A,131.1524,46.6554,双鸭山市,环保局,,28,23,21,17,15,88,,73,73,7,8,9,10,0.4,0.3
2024-09-18T1500,2251A,131.12,46.5656,双鸭山市,苗圃,,30,6,13,3,13,93,,80,80,3,5,2,3,0.2,0.2
2024-09-18T1500,2166A,112.4397,39.3522,朔州市,平朔,,41,32,53,18,39,129,,99,99,7,11,6,9,0.9,0.9
2024-09-18T1500,2167A,112.4575,39.3617,朔州市,朔唯,,38,38,53,18,32,119,,92,92,1,6,9,12,0.7,0.8
2024-09-18T1500,2168A,112.4258,39.3197,朔州市,区政府,,42,33,65,11,44,133,,94,94,5,10,7,11,0.7,0.8
2024-09-18T1500,2169A,112.4072,39.3278,朔州市,市环保局,,40,32,63,27,41,128,,90,90,6,10,9,12,0.7,0.8
2024-09-18T1500,2170A,112.4272,39.3681,朔州市,市二中,,39,33,52,11,37,123,,92,92,8,11,8,9,0.8,0.7
2024-09-18T1500,3571A,112.2931,39.53,朔州市,一水厂,颗粒物(PM10),57,64,80,26,45,116,,79,79,11,17,7,7,0.7,0.9
2024-09-18T1500,2225A,124.4002,43.1713,四平市,一商场,,30,19,35,6,15,95,,68,68,8,22,2,2,0.3,0.4
2024-09-18T1500,2226A,124.388,43.193,四平市,境园,,30,14,32,9,13,94,,64,64,3,17,6,6,0.4,0.4
2024-09-18T1500,3486A,124.4036,43.1411,四平市,植物园,,29,12,17,11,11,92,,72,72,8,19,4,3,0.2,0.3
2024-09-18T1500,3713A,124.3419,43.1666,四平市,世纪城,,28,10,30,3,19,88,,60,60,4,20,4,8,0.2,0.4
2024-09-18T1500,2233A,124.8006,45.1214,松原市,江南,,28,15,32,3,15,87,,69,69,2,14,3,3,0.3,0.3
2024-09-18T1500,2234A,124.7965,45.1722,松原市,江北,,27,15,15,6,12,84,,69,69,4,14,3,2,0.3,0.4
2024-09-18T1500,1160A,120.561,31.2472,苏州市,上方山,,34,31,26,13,6,106,,69,69,6,6,8,7,0.4,0.4
2024-09-18T1500,1162A,120.591,31.3019,苏州市,彩香,,34,28,22,15,13,107,,66,66,4,4,6,7,0.4,0.5
2024-09-18T1500,1163A,120.596,31.3264,苏州市,轧钢厂,,35,33,26,12,11,111,,69,69,12,9,8,8,0.5,0.4
2024-09-18T1500,1164A,120.613,31.2703,苏州市,吴中区,,37,37,27,13,10,105,,71,71,7,3,8,8,0.5,0.5
2024-09-18T1500,1165A,120.543,31.2994,苏州市,苏州新区,,38,38,28,13,10,112,,70,70,9,8,8,7,0.4,0.4
2024-09-18T1500,1166A,120.669,31.3097,苏州市,苏州工业园区,,32,22,24,14,11,102,,63,63,10,10,10,11,0.5,0.5
2024-09-18T1500,1167A,120.641,31.3708,苏州市,相城区,,29,29,23,15,10,82,,55,55,30,12,10,8,0.9,0.7
2024-09-18T1500,3289A,120.743,31.3188,苏州市,方洲路,,32,22,21,17,11,102,,64,64,8,8,8,8,0.6,0.5
2024-09-18T1500,3290A,120.5031,31.2774,苏州市,木渎中学,,36,13,20,9,10,115,,72,72,8,8,9,8,0.5,0.5
2024-09-18T1500,3425A,120.624,31.1733,苏州市,越秀幼儿园,,31,24,23,8,9,99,,64,64,2,5,7,6,0.6,0.6
2024-09-18T1500,3431A,120.6505,31.416,苏州市,高铁新城,,30,30,22,13,9,95,,60,60,8,10,8,6,0.7,0.6
2024-09-18T1500,1220A,118.293,33.9528,宿迁市,宿迁学院,,22,17,21,8,8,70,,49,49,7,7,6,6,0.4,0.4
2024-09-18T1500,1221A,118.2442,33.9592,宿迁市,宿迁中学,,24,20,24,10,9,74,,54,54,4,4,2,2,0.3,0.3
2024-09-18T1500,2996A,118.283,33.965,宿迁市,市供电局,,23,13,18,11,10,73,,54,54,1,2,2,2,0.4,0.4
2024-09-18T1500,3191A,118.3225,33.9447,宿迁市,宿豫区政府,,23,16,19,6,9,71,,53,53,5,5,4,4,0.4,0.4
2024-09-18T1500,3187A,116.9509,33.666,宿州市,远航博物馆,,34,34,18,15,9,74,,67,42,2,4,5,5,0,0.2
2024-09-18T1500,3463A,116.9708,33.591,宿州市,社会福利中心,,33,33,16,12,8,77,,58,41,2,5,6,5,0.1,0.2
2024-09-18T1500,3634A,116.9884,33.6305,宿州市,宿州学院,,50,50,29,16,11,74,,61,41,1,4,6,6,0.2,0.3
2024-09-18T1500,3701A,116.9648,33.6252,宿州市,皖北煤电集团,,35,35,20,16,11,81,,69,48,2,5,4,4,0.2,0.4
2024-09-18T1500,2266A,126.9785,46.6365,绥化市,人和东街,,28,11,27,3,13,87,,76,76,7,16,4,5,0.3,0.4
2024-09-18T1500,2267A,126.964,46.6528,绥化市,党政办公中心,,29,12,24,3,10,90,,77,77,6,11,4,6,0.3,0.4
2024-09-18T1500,2451A,113.3583,31.7275,随州市,市委党校,,34,26,36,22,21,107,,105,105,1,3,5,7,0.9,0.7
2024-09-18T1500,2452A,113.3833,31.6908,随州市,市林业局,,34,23,29,23,22,108,,104,104,2,4,4,6,0.9,0.8
2024-09-18T1500,2453A,113.3983,31.7308,随州市,市立交桥水厂,,33,24,30,19,21,104,,102,102,3,7,7,8,0.9,0.8
2024-09-18T1500,2527A,105.5453,30.5678,遂宁市,石溪浩,臭氧1小时,70,44,58,18,26,176,,98,98,9,17,8,7,0.7,0.8
2024-09-18T1500,2528A,105.5582,30.5232,遂宁市,市监测站,,50,44,56,25,27,158,,114,114,10,22,11,8,0.5,0.6
2024-09-18T1500,2529A,105.5861,30.5366,遂宁市,行政中心,,50,34,44,22,28,158,,103,103,9,20,12,10,0.4,0.5
2024-09-18T1500,2530A,105.5918,30.4728,遂宁市,美宁食品公司,,43,28,50,17,30,137,,98,98,2,19,10,11,0.4,0.5
2024-09-18T1500,2706A,82.9994,46.7432,塔城地区,东门外小游园,,34,34,26,11,9,57,,38,38,4,5,10,9,0.2,0.1
2024-09-18T1500,1255A,121.273,28.6459,台州市,黄岩环保大楼,,,25,22,10,10,43,,44,44,7,5,,7,0.4,0.4
2024-09-18T1500,1256A,121.419,28.6542,台州市,台州环保大楼,,18,13,22,12,9,55,,50,50,4,6,8,9,0.4,0.4
2024-09-18T1500,1257A,121.377,28.5773,台州市,路桥田洋王,,22,18,25,15,10,50,,50,50,8,7,8,8,0.2,0.2
2024-09-18T1500,3564A,121.2568,28.6681,台州市,台州科技职业学院,,18,18,18,9,5,53,,45,45,8,8,8,8,0.4,0.4
2024-09-18T1500,1081A,112.522,37.8873,太原市,尖草坪,,40,27,43,16,31,127,,109,109,14,15,13,6,1.3,0.9
2024-09-18T1500,1084A,112.469,37.7124,太原市,晋源,,39,38,54,20,33,123,,107,107,12,16,6,6,0.5,0.8
2024-09-18T1500,1085A,112.5583,37.7394,太原市,小店,,32,21,54,10,33,102,,103,103,12,16,4,5,0.4,0.8
2024-09-18T1500,1086A,112.5369,37.8692,太原市,桃园,,40,28,48,13,26,128,,102,102,10,17,11,6,1.0,0.9
2024-09-18T1500,1087A,112.57,37.8195,太原市,坞城,,40,25,37,18,30,125,,103,103,12,18,6,8,0.6,0.9
2024-09-18T1500,1088A,112.549,37.9854,太原市,南寨,,33,26,42,14,25,104,,99,99,7,11,10,6,0.5,0.8
2024-09-18T1500,3618A,112.4719,37.7831,太原市,金胜,,44,24,49,14,32,140,,112,112,10,14,5,6,0.5,0.8
2024-09-18T1500,4010A,112.5608,37.8807,太原市,育英中学,,39,21,41,12,32,123,,98,98,10,18,10,7,0.7,0.8
2024-09-18T1500,1656A,117.1437,36.1937,泰安市,监测站,,31,31,28,14,20,60,,41,41,10,9,11,11,0.5,0.5
2024-09-18T1500,1657A,117.0885,36.2017,泰安市,人口学校,,19,19,18,7,13,51,,40,40,3,3,12,11,0.5,0.6
2024-09-18T1500,1658A,117.1089,36.1758,泰安市,电力学校,,39,39,31,15,18,54,,39,39,8,7,12,17,0.5,0.3
2024-09-18T1500,3502A,117.1812,36.2275,泰安市,国网新校,,20,20,24,9,12,61,,42,42,8,8,10,9,0.7,0.7
2024-09-18T1500,3503A,117.0313,36.2018,泰安市,交通技校,,22,22,20,12,20,58,,47,47,2,2,11,11,0.6,0.6
2024-09-18T1500,3504A,117.0829,36.13,泰安市,山东第一医科大学,,16,14,27,6,22,51,,40,40,6,10,8,9,0.3,0.5
2024-09-18T1500,1206A,119.905,32.4878,泰州市,公园路,,22,9,16,9,10,68,,54,54,5,6,7,7,0.6,0.7
2024-09-18T1500,1207A,119.9189,32.4625,泰州市,莲花,,24,15,19,14,10,76,,62,62,4,6,4,5,0.4,0.5
2024-09-18T1500,1209A,119.888,32.4639,泰州市,留学生创业园,,24,20,26,12,12,74,,63,63,8,11,6,5,0.5,0.7
2024-09-18T1500,2997A,119.8767,32.3289,泰州市,王营,,27,22,22,12,9,85,,59,59,4,8,3,4,0.5,0.6
2024-09-18T1500,3295A,120.1259,32.5099,泰州市,姜堰区政府广场,,24,17,22,8,11,75,,59,59,7,9,4,4,0.3,0.3
2024-09-18T1500,3435A,119.9192,32.4322,泰州市,周山河街区,,21,18,26,12,16,66,,53,53,2,4,5,5,0.3,0.4
2024-09-18T1500,1037A,118.131,39.6363,唐山市,雷达站,颗粒物(PM10),69,88,76,16,26,108,,84,84,10,14,6,7,1.0,0.9
2024-09-18T1500,1038A,118.1725,39.6334,唐山市,物资局,颗粒物(PM10),61,72,68,16,26,101,,78,78,9,12,8,6,1.3,0.9
2024-09-18T1500,1040A,118.1705,39.6506,唐山市,十二中,颗粒物(PM10),59,67,64,18,27,100,,80,80,12,14,5,5,1.3,0.9
2024-09-18T1500,1041A,118.1869,39.622,唐山市,小山,颗粒物(PM10),61,72,76,19,25,102,,84,84,7,8,7,6,1.2,0.9
2024-09-18T1500,3457A,118.4359,39.2762,唐山市,冀东油田职工医院,,34,22,30,10,15,106,,76,76,5,9,5,4,0.2,0.3
2024-09-18T1500,3575A,118.09279,39.58089,唐山市,正泰大街热力站,颗粒物(PM10),64,78,67,23,23,104,,72,72,6,16,1,4,0.6,1
2024-09-18T1500,3576A,118.1562,39.8322,唐山市,丰润区政府,,46,46,64,10,29,132,,94,94,7,12,3,5,0.7,1
2024-09-18T1500,3577A,118.43673,39.73809,唐山市,金山小学,颗粒物(PM10),53,56,56,12,22,116,,89,89,1,7,4,5,0.6,0.7
2024-09-18T1500,3578A,118.24498,39.66941,唐山市,政府服务中心,颗粒物(PM10),63,75,70,16,27,106,,79,79,2,11,8,11,0.7,0.8
2024-09-18T1500,3692A,118.2059,39.6585,唐山市,消防缸窑路中队,颗粒物(PM10),77,103,82,12,27,108,,82,82,9,18,8,11,0.9,0.9
2024-09-18T1500,3693A,118.1436,39.6202,唐山市,路南电大,颗粒物(PM10),59,68,66,16,22,101,,76,76,13,19,5,6,0.9,0.9
2024-09-18T1500,1015A,117.1444,39.1661,天津市,勤俭道,,35,26,43,10,20,111,,66,66,10,18,10,11,0.7,1
2024-09-18T1500,1017A,117.237,39.1082,天津市,大直沽八号路,,,29,44,11,21,,,61,50,38,26,11,11,0.1,0.7
2024-09-18T1500,1018A,117.202,39.0927,天津市,前进道,,32,31,42,11,19,100,,71,71,19,23,9,12,0.6,0.9
2024-09-18T1500,1019A,117.1837,39.2133,天津市,淮河道,,36,22,43,8,20,115,,75,75,9,17,10,11,0.6,1
2024-09-18T1500,1021A,117.307,39.0877,天津市,跃进路,,35,35,43,14,21,102,,64,64,16,22,8,9,0.6,0.8
2024-09-18T1500,1023A,117.707,39.0343,天津市,第四大街,,38,38,38,17,16,90,,76,76,16,16,6,7,0.8,0.8
2024-09-18T1500,1024A,117.457,38.8394,天津市,永明路,,36,36,30,20,14,106,,85,85,18,17,8,10,0.6,0.6
2024-09-18T1500,1026A,117.764,39.1587,天津市,汉北路,,33,33,33,14,15,103,,76,76,7,11,11,12,0.7,0.8
2024-09-18T1500,2858A,117.7918,39.2474,天津市,河西一经路,,41,41,37,14,14,106,,74,74,9,12,13,12,0.8,0.9
2024-09-18T1500,2859A,117.3747,38.9846,天津市,津沽路,颗粒物(PM10),51,51,42,22,20,102,,74,74,17,19,8,12,0.7,1
2024-09-18T1500,2860A,117.1589,39.0845,天津市,宾水西道,,30,30,39,12,18,95,,73,61,14,17,8,9,0.7,1.1
2024-09-18T1500,2922A,117.1941,39.1067,天津市,大理道,,32,30,39,11,19,101,,69,67,13,17,8,9,0.5,1
2024-09-18T1500,3020A,117.2101,39.1699,天津市,中山北路,,35,27,43,9,19,110,,70,70,10,20,8,9,0.6,1
2024-09-18T1500,3051A,117.3876,39.1488,天津市,西四道,,35,31,39,13,19,110,,60,,12,17,15,10,1.0,1.1
2024-09-18T1500,3325A,117.0365,39.3828,天津市,雍阳西道,,37,24,46,10,23,118,,88,88,15,18,9,8,0.7,0.9
2024-09-18T1500,3326A,117.0296,39.0605,天津市,辛老路,,41,41,47,14,22,106,,70,65,19,22,6,8,0.7,1
2024-09-18T1500,3327A,116.9638,38.9375,天津市,地纬路,,44,44,42,21,22,109,,75,75,19,19,6,7,0.7,0.9
2024-09-18T1500,3460A,117.4067,40.0583,天津市,北环路,,50,42,47,22,24,159,,110,110,14,13,16,11,1.1,0.9
2024-09-18T1500,3461A,117.3045,39.7169,天津市,建设路,,43,23,59,8,30,135,,108,108,17,23,6,12,0.7,1.1
2024-09-18T1500,3462A,117.8199,39.3521,天津市,滨水东路,,34,33,41,10,18,107,,74,74,7,17,8,8,0.5,0.7
2024-09-18T1500,2650A,105.7205,34.5786,天水市,公园小学,,27,18,43,12,24,84,,86,76,5,11,3,6,0.3,0.5
2024-09-18T1500,2651A,105.8945,34.5538,天水市,麦积国土局,,28,10,32,3,23,89,,82,82,4,9,5,6,0.5,0.7
2024-09-18T1500,2216A,123.8139,42.3022,铁岭市,汇工街西,,31,18,36,8,19,97,,45,45,4,16,6,10,0.4,0.6
2024-09-18T1500,2217A,123.8649,42.2923,铁岭市,水上乐园,,31,31,51,3,30,77,,33,33,14,25,1,2,0.8,1.1
2024-09-18T1500,2218A,123.8486,42.2867,铁岭市,银州路东段,,26,10,56,6,28,82,,35,35,8,24,6,7,0.4,0.7
2024-09-18T1500,2219A,123.7153,42.2217,铁岭市,金沙江路北,,28,10,31,7,20,88,,47,47,7,19,6,4,0.5,0.8
2024-09-18T1500,2229A,125.9358,41.7173,通化市,光明,,29,29,23,9,10,29,,20,20,22,13,11,10,0.8,0.7
2024-09-18T1500,2230A,125.9446,41.7325,通化市,铁路,,38,38,21,10,10,18,,15,13,45,17,11,8,0.9,0.7
2024-09-18T1500,2191A,122.2532,43.6801,通辽市,艺术职业学校,,33,25,34,3,11,103,,72,72,8,19,5,5,0.2,0.3
2024-09-18T1500,3706A,122.2584,43.6333,通辽市,老干部活动中心,,30,,26,21,15,96,,66,66,12,21,6,6,0.2,0.2
2024-09-18T1500,3708A,122.2922,43.6189,通辽市,东方明珠社区,,34,,32,15,23,106,,70,70,7,18,10,8,0.1,0.3
2024-09-18T1500,1923A,109.0697,35.0697,铜川市,王益区政府,,31,22,35,18,21,99,,72,72,2,7,7,6,0.6,0.7
2024-09-18T1500,1924A,108.9344,34.9058,铜川市,新区管委会,,33,27,36,15,21,103,,81,81,6,14,9,9,0.6,0.7
2024-09-18T1500,3651A,108.9543,34.8732,铜川市,旺旺集团,,42,42,46,20,25,108,,93,93,8,20,9,9,0.5,0.6
2024-09-18T1500,2285A,117.8177,30.9412,铜陵市,市第四中学,,32,24,42,14,23,101,,75,75,3,21,4,6,0.3,0.5
2024-09-18T1500,2286A,117.8059,30.9273,铜陵市,市公路局,,40,40,40,23,29,102,,82,82,5,18,3,5,0.5,0.8
2024-09-18T1500,2287A,117.7807,30.9413,铜陵市,市新民污水厂,,33,20,38,16,20,104,,75,75,7,14,6,8,0.5,0.7
2024-09-18T1500,2288A,117.7439,30.8792,铜陵市,市第九中学,,35,35,48,17,24,93,,69,69,29,25,6,8,0.6,0.7
2024-09-18T1500,2289A,117.846,30.9413,铜陵市,车站新区,,30,30,49,8,22,90,,69,69,4,15,4,5,0.3,0.6
2024-09-18T1500,2290A,117.8483,30.97,铜陵市,市职教基地,,30,23,35,13,22,93,,69,69,4,18,6,7,0.5,0.8
2024-09-18T1500,2585A,109.1839,27.7344,铜仁市,铜仁卫校,,34,16,33,9,14,107,,69,69,4,11,2,2,0.2,0.3
2024-09-18T1500,2586A,109.1753,27.6944,铜仁市,铜仁七中,,36,11,21,7,12,113,,65,65,3,7,5,3,0.3,0.3
2024-09-18T1500,2686A,89.1904,42.9418,吐鲁番市,市环保局,颗粒物(PM10),55,60,61,14,19,119,,81,81,11,23,6,6,0.5,0.5
2024-09-18T1500,2687A,89.1673,42.9559,吐鲁番市,地区环保局,颗粒物(PM10),59,68,71,18,20,117,,67,67,17,31,7,6,0.6,0.6
2024-09-18T1500,1662A,122.1214,37.4236,威海市,华夏技校,,29,27,21,13,12,90,,68,68,13,17,9,7,0.5,0.3
2024-09-18T1500,1663A,122.0508,37.5236,威海市,山大分校,,31,20,15,12,9,98,,79,79,8,11,12,11,0.3,0.3
2024-09-18T1500,1664A,122.1067,37.5072,威海市,市监测站,,30,29,20,12,13,94,,71,71,9,11,6,5,0.5,0.5
2024-09-18T1500,1982A,122.0693,37.2174,威海市,文登开发区,,25,25,12,17,10,75,,52,52,8,8,3,3,0.5,0.4
2024-09-18T1500,3505A,122.1379,37.3414,威海市,临港区管委会,,29,17,10,6,4,91,,70,70,7,6,5,5,0.3,0.3
2024-09-18T1500,1650A,119.1437,36.7023,潍坊市,环保局,,15,14,31,3,18,46,,40,35,8,9,5,6,0.2,0.4
2024-09-18T1500,2877A,119.1641,36.6523,潍坊市,坊子邮政,,24,24,37,12,21,50,,43,43,7,7,9,9,0.7,0.5
2024-09-18T1500,3178A,119.0587,36.721,潍坊市,潍坊七中,,19,19,32,3,17,45,,51,34,9,11,10,10,0.2,0.4
2024-09-18T1500,3368A,119.1977,36.6872,潍坊市,高新实验学校,,19,19,36,3,18,46,,37,35,5,12,5,6,0.3,0.3
2024-09-18T1500,3416A,119.1755,36.7149,潍坊市,潍坊学院,,17,17,33,3,17,49,,45,43,6,11,7,8,0.2,0.4
2024-09-18T1500,3861A,119.2041,36.7699,潍坊市,寒亭区实验一小,,16,12,32,7,17,50,,50,44,4,7,9,10,0.2,0.3
2024-09-18T1500,1939A,109.4974,34.4877,渭南市,日报社,颗粒物(PM10),51,51,54,26,31,142,,102,102,10,19,12,11,0.6,0.6
2024-09-18T1500,1940A,109.4636,34.493,渭南市,体育馆,,46,46,50,32,31,140,,108,108,4,22,10,10,0.6,0.7
2024-09-18T1500,1941A,109.4259,34.5023,渭南市,高新一小,颗粒物(PM10),57,63,51,14,21,132,,107,107,6,13,10,9,0.6,0.7
2024-09-18T1500,1242A,120.634,28.0089,温州市,瓯海,,,18,20,10,12,58,,46,46,5,9,,5,0.3,0.3
2024-09-18T1500,1243A,120.6748,27.9939,温州市,南浦,,21,19,18,10,8,66,,53,53,2,3,5,6,0.4,0.4
2024-09-18T1500,1244A,120.76,27.9747,温州市,龙湾,,,21,23,13,8,66,,28,,,7,6,6,0.3,0.3
2024-09-18T1500,1245A,120.6709,28.0167,温州市,市站,,33,33,21,8,9,61,,48,48,8,10,4,4,0.2,0.3
2024-09-18T1500,3561A,120.6985,27.9251,温州市,茶山,,25,25,24,13,11,75,,60,60,10,10,5,5,0.3,0.4
2024-09-18T1500,2610A,104.2533,23.3594,文山壮族苗族自治州,州水务局,,19,14,23,10,13,58,,42,42,4,9,6,6,0.0,0.2
2024-09-18T1500,2611A,104.2319,23.3892,文山壮族苗族自治州,市便民服务中心,,18,15,22,10,11,56,,38,38,5,11,9,9,0.3,0.3
2024-09-18T1500,2187A,106.8174,39.6973,乌海市,市林业局,,48,48,39,27,22,117,,66,66,19,15,23,10,0.7,0.7
2024-09-18T1500,2188A,106.7907,39.6667,乌海市,中海勃湾学校,颗粒物(PM10),59,68,35,38,22,65,,40,40,18,14,24,10,0.7,0.8
2024-09-18T1500,3284A,106.813,39.7274,乌海市,海北新区,颗粒物(PM10),59,67,40,39,19,122,,58,58,19,18,24,14,0.6,0.8
2024-09-18T1500,3621A,106.8288,39.6778,乌海市,聚英学校,颗粒物(PM10),65,79,55,41,30,116,,59,59,22,22,26,15,0.7,0.8
2024-09-18T1500,2197A,113.1306,40.9923,乌兰察布市,集宁新区,细颗粒物(PM2.5),52,40,29,36,22,45,,32,24,21,15,6,6,1.0,0.6
2024-09-18T1500,3034A,113.1076,41.0385,乌兰察布市,光明街小学,,46,36,28,32,24,38,,25,24,22,18,5,6,0.9,0.5
2024-09-18T1500,3285A,113.1376,40.9509,乌兰察布市,北京八中,颗粒物(PM10),52,54,41,30,14,55,,29,25,17,17,9,7,1.3,0.7
2024-09-18T1500,3421A,113.1775,40.9779,乌兰察布市,市委党校,,44,44,25,23,16,58,,36,34,20,13,8,6,1.0,0.5
2024-09-18T1500,1490A,87.5801,43.8303,乌鲁木齐市,监测站,,48,48,37,6,13,73,,43,43,16,34,11,5,0.5,0.6
2024-09-18T1500,1491A,87.6046,43.768,乌鲁木齐市,收费所,,47,47,41,21,17,65,,43,43,14,31,15,10,0.4,0.6
2024-09-18T1500,1492A,87.4754,43.9469,乌鲁木齐市,新疆农科院农场,,36,36,35,10,11,75,,51,51,6,17,8,7,0.2,0.2
2024-09-18T1500,1493A,87.5525,43.8711,乌鲁木齐市,铁路局,,49,49,40,16,14,81,,47,47,10,31,8,3,0.4,0.4
2024-09-18T1500,1494A,87.6432,43.831,乌鲁木齐市,三十一中学,,42,42,37,11,14,66,,39,39,17,32,15,11,0.4,0.4
2024-09-18T1500,1496A,87.7216,44.1747,乌鲁木齐市,米东区环保局,,30,30,33,8,9,73,,60,60,2,8,6,7,0.3,0.3
2024-09-18T1500,3033A,87.4651,43.4569,乌鲁木齐市,培训基地,,46,46,27,7,7,90,,85,85,7,8,6,5,0.5,0.5
2024-09-18T1500,3437A,88.3118,43.3658,乌鲁木齐市,达坂城区环保局,颗粒物(PM10),80,109,45,9,8,78,,67,67,6,12,6,7,0.3,0.4
2024-09-18T1500,3438A,87.6162,43.8801,乌鲁木齐市,红光山片区,,48,48,35,12,12,66,,40,40,15,30,12,7,0.2,0.2
2024-09-18T1500,3439A,87.7024,43.8004,乌鲁木齐市,新师大温泉校区,,46,46,39,14,13,80,,50,50,9,18,11,9,0.2,0.3
2024-09-18T1500,3440A,87.4921,43.8411,乌鲁木齐市,大绿谷,,47,47,37,10,13,76,,42,42,10,27,8,6,0.2,0.3
2024-09-18T1500,1188A,120.269,31.4867,无锡市,雪浪,,38,29,21,12,3,120,,69,69,4,6,5,4,0.6,0.6
2024-09-18T1500,1189A,120.275,31.6219,无锡市,黄巷,,38,38,24,12,6,96,,60,60,14,13,3,4,0.9,0.9
2024-09-18T1500,1190A,120.294,31.56,无锡市,曹张,,36,26,21,17,8,114,,67,67,4,9,6,5,0.7,0.6
2024-09-18T1500,1191A,120.242,31.5031,无锡市,漆塘,,37,27,22,12,8,116,,69,69,13,13,2,2,0.4,0.3
2024-09-18T1500,1192A,120.3489,31.5863,无锡市,东亭,,32,27,24,12,7,100,,57,57,8,13,4,3,0.7,0.7
2024-09-18T1500,1193A,120.354,31.5475,无锡市,旺庄,,35,24,21,17,8,112,,65,65,9,16,9,8,0.8,0.7
2024-09-18T1500,1194A,120.245,31.5631,无锡市,荣巷,,35,31,25,12,8,111,,64,64,11,14,8,7,0.3,0.3
2024-09-18T1500,1195A,120.299,31.6817,无锡市,堰桥,,39,39,32,12,6,109,,66,66,5,12,3,2,0.3,0.4
2024-09-18T1500,3428A,120.3142,31.4753,无锡市,华庄,,42,42,24,20,12,114,,65,65,7,8,8,8,0.6,0.6
2024-09-18T1500,2677A,106.1532,37.9648,吴忠市,教育园区,,37,37,49,14,25,104,,69,69,9,20,10,10,0.5,0.8
2024-09-18T1500,2679A,106.1856,37.9956,吴忠市,新区二泵站,,36,36,50,8,32,103,,69,69,3,15,8,8,0.4,0.8
2024-09-18T1500,3648A,106.2112,37.9768,吴忠市,文卫南街,,48,48,62,17,27,92,,60,60,12,25,9,9,0.4,0.7
2024-09-18T1500,1794A,118.3606,31.3519,芜湖市,监测站,,26,17,23,7,12,81,,64,64,10,18,6,8,0.4,0.5
2024-09-18T1500,1795A,118.3714,31.4134,芜湖市,科创中心,,24,16,22,8,12,75,,60,60,14,17,6,6,0.4,0.6
2024-09-18T1500,1796A,118.3673,31.3131,芜湖市,四水厂,,26,15,25,9,12,83,,62,62,8,16,7,6,0.4,0.6
2024-09-18T1500,3328A,118.4209,31.3707,芜湖市,市气象局,,26,19,23,7,14,82,,65,65,2,7,8,8,0.4,0.6
2024-09-18T1500,3465A,118.4781,31.3225,芜湖市,清苑社区,,25,25,23,9,10,80,,69,69,6,11,7,7,0.4,0.5
2024-09-18T1500,3466A,118.2746,31.2326,芜湖市,扬子职业技术学院,,30,24,24,9,12,94,,72,72,6,10,6,6,0.5,0.6
2024-09-18T1500,2495A,111.3014,23.4832,梧州市,市逸夫小学,,25,19,31,14,24,77,,62,62,2,9,10,12,0.7,0.9
2024-09-18T1500,2496A,111.3239,23.4794,梧州市,市十一中,,25,13,28,8,19,79,,64,64,5,14,7,8,0.8,0.9
2024-09-18T1500,2497A,111.247,23.4189,梧州市,龙圩,,27,27,38,15,25,73,,57,57,7,19,8,8,1.0,1.3
2024-09-18T1500,2498A,111.2711,23.4835,梧州市,龙新,,27,27,33,18,17,66,,54,54,6,14,8,13,1.0,1.2
2024-09-18T1500,2711A,87.5475,44.1756,五家渠市,农水大厦,,41,41,33,7,10,64,,44,44,3,8,21,8,0.8,0.4
2024-09-18T1500,3441A,87.546,44.1912,五家渠市,经开区管委会,,42,42,34,10,9,74,,49,49,2,8,11,8,0.5,0.2
2024-09-18T1500,1325A,114.3677,30.5584,武汉市,东湖梨园,,45,25,29,20,19,143,,132,132,9,11,8,9,0.5,0.6
2024-09-18T1500,1326A,114.2529,30.558,武汉市,汉阳月湖,,40,28,33,17,18,127,,102,102,7,15,9,8,0.4,0.5
2024-09-18T1500,1327A,114.282,30.6189,武汉市,汉口花桥,,42,34,34,17,17,134,,114,114,11,16,7,7,0.5,0.5
2024-09-18T1500,1328A,114.3025,30.5332,武汉市,武昌紫阳,,,29,37,,,144,,118,118,8,16,8,9,0.5,0.7
2024-09-18T1500,1329A,114.3646,30.6217,武汉市,青山钢花,,43,33,36,19,27,135,,119,119,9,14,8,9,0.3,0.3
2024-09-18T1500,1330A,114.1566,30.4825,武汉市,沌口新区,,48,33,37,26,26,153,,125,125,14,18,8,9,0.3,0.4
2024-09-18T1500,1331A,114.3014,30.5944,武汉市,汉口江滩,,42,38,38,23,20,133,,99,99,9,29,8,8,0.6,0.6
2024-09-18T1500,1333A,114.135,30.6319,武汉市,吴家山,,47,40,38,22,19,148,,122,122,8,15,8,9,0.4,0.4
2024-09-18T1500,1334A,113.8454,30.2917,武汉市,沉湖七壕,,39,35,34,24,26,123,,104,104,9,23,4,4,0.5,0.5
2024-09-18T1500,3153A,114.3877,30.4908,武汉市,民族大道182号,,49,38,37,25,22,154,,134,134,10,14,7,8,0.4,0.5
2024-09-18T1500,2652A,102.6201,37.9251,武威市,监测站,,23,23,29,14,16,54,,39,39,8,13,7,6,0.5,0.4
2024-09-18T1500,3201A,102.6486,37.9325,武威市,东关招商场,,26,26,28,12,16,49,,40,40,8,10,5,5,0.5,0.4
2024-09-18T1500,1462A,108.882,34.2749,西安市,高压开关厂,,46,31,48,18,25,145,,107,107,9,16,8,9,0.6,0.6
2024-09-18T1500,1463A,108.993,34.2629,西安市,兴庆小区,,43,38,49,16,24,137,,95,95,6,18,9,8,0.5,0.5
2024-09-18T1500,1464A,109.06,34.2572,西安市,纺织城,,45,41,59,23,30,141,,93,93,6,23,9,8,0.6,0.7
2024-09-18T1500,1465A,108.9356,34.2173,西安市,小寨,,48,48,49,18,23,141,,100,100,10,19,6,6,0.6,0.6
2024-09-18T1500,1466A,108.954,34.2713,西安市,市人民体育场,,44,44,54,22,28,137,,103,103,8,20,8,8,0.5,0.5
2024-09-18T1500,1467A,108.8922,34.2322,西安市,高新西区,,48,40,50,21,27,153,,114,114,8,15,8,8,0.5,0.5
2024-09-18T1500,1468A,108.935,34.3474,西安市,经开区,,47,47,50,20,26,132,,100,100,2,9,10,11,0.5,0.5
2024-09-18T1500,1469A,108.906,34.1546,西安市,长安区,臭氧1小时,60,57,58,25,29,168,,119,119,10,18,8,7,0.5,0.5
2024-09-18T1500,1471A,109.2186,34.3731,西安市,临潼区,,48,48,57,22,30,129,,100,100,7,16,8,8,0.5,0.6
2024-09-18T1500,1472A,108.869,34.378,西安市,草滩,,41,41,44,11,20,123,,100,100,4,9,6,5,0.5,0.8
2024-09-18T1500,1473A,108.985,34.1978,西安市,曲江文化产业集团,,48,44,54,19,22,152,,109,109,9,24,10,8,0.6,0.6
2024-09-18T1500,1474A,109.051,34.3213,西安市,广运潭,,44,44,58,21,30,136,,98,98,8,19,6,6,0.5,0.6
2024-09-18T1500,3524A,108.6116,34.1164,西安市,文体局,臭氧1小时,106,76,66,33,33,212,,124,124,14,16,8,8,0.8,0.8
2024-09-18T1500,3605A,109.09,34.5236,西安市,无线电监控中心,,40,40,51,17,24,113,,101,101,2,18,8,10,0.5,0.6
2024-09-18T1500,3055A,101.7775,36.6428,西宁市,城北区政府,,41,23,26,13,20,129,,65,65,11,17,5,9,1.1,0.7
2024-09-18T1500,3629A,101.8305,36.5786,西宁市,世纪职校,,43,,25,15,22,136,,73,73,13,18,7,16,0.5,0.6
2024-09-18T1500,3630A,101.7413,36.6397,西宁市,师大城西校区,,41,34,34,20,23,130,,68,68,13,18,11,12,1.4,0.6
2024-09-18T1500,2612A,100.7939,22.0019,西双版纳傣族自治州,景洪市江南,,22,11,19,6,9,69,,45,45,5,8,12,12,0.5,0.6
2024-09-18T1500,2613A,100.8017,22.0225,西双版纳傣族自治州,景洪市江北,,26,,13,6,12,81,,50,50,5,7,16,15,0.6,0.7
2024-09-18T1500,3606A,108.7108,34.46,西咸新区,北杜,,42,35,51,17,28,132,,108,108,6,20,8,8,0.4,0.6
2024-09-18T1500,3607A,108.7096,34.2956,西咸新区,同德佳苑,,49,46,49,19,25,155,,127,127,8,14,9,10,0.4,0.4
2024-09-18T1500,3608A,108.8558,34.4978,西咸新区,崇文塔,,40,40,51,18,29,115,,104,104,6,15,6,7,0.4,0.6
2024-09-18T1500,2202A,116.1042,43.9317,锡林郭勒盟,市环保监测站,,31,11,13,3,5,99,,74,74,2,7,8,9,0.2,0.2
2024-09-18T1500,2203A,116.0781,43.9311,锡林郭勒盟,市政府,,33,9,13,3,2,104,,74,74,2,8,8,8,0.2,0.2
2024-09-18T1500,1287A,118.1514,24.4767,厦门市,洪文,,38,38,26,10,9,73,,55,55,6,2,2,2,0.2,0.1
2024-09-18T1500,1288A,118.0661,24.4444,厦门市,鼓浪屿,,24,24,22,9,7,66,,48,48,2,2,2,2,0.4,0.4
2024-09-18T1500,2842A,118.0936,24.5058,厦门市,湖里中学,,23,21,23,9,8,73,,56,56,9,5,1,2,0.3,0.3
2024-09-18T1500,3527A,118.0958,24.5688,厦门市,集美中学,,20,19,20,3,7,61,,51,51,2,2,1,1,0.1,0.1
2024-09-18T1500,3528A,118.1493,24.7245,厦门市,同安二实小,,24,12,11,7,6,74,,61,61,1,2,1,1,0.2,0.1
2024-09-18T1500,2447A,114.3175,29.8142,咸宁市,森林公园,,39,24,39,19,23,124,,116,116,5,5,12,8,0.7,0.7
2024-09-18T1500,2448A,114.3107,29.8454,咸宁市,市发改委,,39,26,44,17,27,124,,103,103,2,8,7,7,0.6,0.6
2024-09-18T1500,2449A,114.2936,29.8566,咸宁市,咸安区政府,,44,26,38,14,24,138,,116,116,7,10,5,5,0.7,0.8
2024-09-18T1500,3655A,114.3375,29.8683,咸宁市,长江产业园,,45,34,55,18,31,142,,113,113,1,11,6,5,0.6,0.7
2024-09-18T1500,1919A,108.673,34.3155,咸阳市,实验中学,颗粒物(PM10),51,51,52,22,25,151,,123,123,7,12,9,10,0.5,0.6
2024-09-18T1500,1920A,108.7233,34.3617,咸阳市,师范学院,,48,48,56,25,28,139,,109,109,6,15,7,8,0.5,0.6
2024-09-18T1500,3165A,108.6594,34.2969,咸阳市,两寺渡,,49,49,54,22,28,156,,121,121,7,12,8,10,0.4,0.5
2024-09-18T1500,3525A,108.6396,34.4078,咸阳市,奥体中心,,44,40,48,16,25,138,,110,110,4,13,9,9,0.5,0.5
2024-09-18T1500,1508A,112.9433,27.8614,湘潭市,板塘,,50,44,58,27,34,159,,133,133,6,9,5,5,0.4,0.5
2024-09-18T1500,1511A,112.9118,27.8403,湘潭市,市监测站,,50,44,51,25,33,160,,136,136,8,10,5,6,0.6,0.7
2024-09-18T1500,1512A,112.8937,27.8728,湘潭市,江麓,,49,49,60,28,36,150,,128,128,5,7,5,5,0.5,0.6
2024-09-18T1500,1513A,112.9227,27.8159,湘潭市,岳塘,颗粒物(PM10),67,84,65,24,34,160,,137,137,9,11,2,2,0.7,0.8
2024-09-18T1500,1514A,112.9074,27.9119,湘潭市,科大,"颗粒物(PM10),臭氧1小时",55,60,66,35,40,164,,137,137,7,9,6,7,0.4,0.4
2024-09-18T1500,1562A,113.0048,27.9153,湘潭市,昭山,,49,41,59,30,35,156,,125,125,2,6,4,5,0.8,0.8
2024-09-18T1500,1564A,112.4876,27.9164,湘潭市,韶山,,43,43,53,21,24,126,,140,136,6,8,5,6,0.6,0.7
2024-09-18T1500,2492A,109.6414,28.2558,湘西土家族苗族自治州,跃进水库,,25,22,13,17,13,54,,40,40,4,2,6,5,0.7,0.7
2024-09-18T1500,2493A,109.7325,28.3169,湘西土家族苗族自治州,州政府,,,24,27,16,18,98,,75,75,1,6,7,7,,0.4
2024-09-18T1500,2494A,109.6958,28.2675,湘西土家族苗族自治州,吉首市计生局,,33,28,21,20,16,104,,72,72,4,8,8,8,0.6,0.6
2024-09-18T1500,2432A,112.155,32.0197,襄阳市,襄城运动路,颗粒物(PM10),54,57,42,24,26,117,,98,98,12,20,8,13,0.4,0.5
2024-09-18T1500,2433A,112.1392,32.0564,襄阳市,樊城新华路,,48,48,45,30,25,116,,95,95,7,15,9,13,0.6,0.6
2024-09-18T1500,2434A,112.1825,32.1142,襄阳市,高新管委会,颗粒物(PM10),55,59,50,24,29,109,,100,100,7,18,7,11,0.8,0.8
2024-09-18T1500,2435A,112.2106,32.0903,襄阳市,襄州航空路,颗粒物(PM10),56,62,53,17,29,105,,99,99,5,13,9,13,0.6,0.6
2024-09-18T1500,3396A,112.0828,32.0067,襄阳市,襄城隆中路,,49,49,35,26,19,139,,88,88,9,12,11,14,0.3,0.3
2024-09-18T1500,3397A,112.1214,32.1008,襄阳市,高新台子湾,颗粒物(PM10),56,62,49,19,19,119,,87,87,6,20,8,12,0.6,0.7
2024-09-18T1500,2443A,113.9153,30.9285,孝感市,文化路,,39,22,31,18,18,124,,114,114,4,6,9,9,0.8,0.7
2024-09-18T1500,2444A,113.942,30.9075,孝感市,东城区,,38,21,30,17,21,121,,110,110,11,10,9,10,0.7,0.7
2024-09-18T1500,2181A,112.7383,38.4519,忻州市,开发区,细颗粒物(PM2.5),57,54,47,40,45,122,,100,100,6,9,10,11,0.9,1
2024-09-18T1500,2182A,112.7003,38.4928,忻州市,会展中心,细颗粒物(PM2.5),52,39,49,36,45,116,,95,95,8,11,7,9,0.7,0.8
2024-09-18T1500,3208A,112.7283,38.4153,忻州市,市政府,,43,43,49,30,38,127,,108,108,8,10,6,7,1.0,1
2024-09-18T1500,2389A,113.836,35.311,新乡市,环保西院,,33,33,43,9,19,104,,135,113,4,8,6,8,0.5,0.7
2024-09-18T1500,2390A,113.884,35.272,新乡市,开发区,,37,23,34,12,20,116,,144,132,7,11,6,7,0.8,1
2024-09-18T1500,2391A,113.883,35.303,新乡市,环保东院,,35,29,47,18,25,111,,140,123,6,10,7,8,0.5,0.8
2024-09-18T1500,3054A,113.9194,35.2847,新乡市,市委党校,,40,30,39,16,20,126,,154,143,5,9,8,9,0.6,0.7
2024-09-18T1500,3475A,113.9188,35.3045,新乡市,市政府,,39,28,50,20,31,123,,151,141,2,6,9,10,0.5,0.7
2024-09-18T1500,3476A,113.9135,35.3327,新乡市,河师大,,37,,48,23,28,117,,148,133,2,5,8,9,0.6,0.8
2024-09-18T1500,3689A,113.9003,35.372,新乡市,行政服务中心,,,19,42,14,19,101,,141,121,,8,10,9,0.3,0.6
2024-09-18T1500,2353A,114.9886,27.8431,新余市,飞宇,,37,34,37,19,18,116,,103,103,5,10,10,17,0.5,0.6
2024-09-18T1500,2354A,114.9231,27.8246,新余市,第二水厂,,34,34,32,19,23,106,,104,104,2,5,8,11,0.5,0.5
2024-09-18T1500,2355A,114.9308,27.8036,新余市,市气象局,,34,34,36,19,22,97,,99,99,4,8,7,9,0.6,0.7
2024-09-18T1500,3206A,114.9149,27.807,新余市,新钢沁园村,,35,35,45,16,22,108,,101,101,2,5,5,9,0.7,0.6
2024-09-18T1500,2054A,114.1099,32.1059,信阳市,平桥分局,,30,26,33,19,20,93,,104,95,10,12,2,2,0.6,0.4
2024-09-18T1500,2064A,113.9956,32.1271,信阳市,南湾水厂,,30,24,30,18,17,93,,104,97,9,8,4,4,0.8,0.6
2024-09-18T1500,2065A,114.0775,32.1195,信阳市,市酿酒公司,,34,34,37,20,19,88,,99,91,10,10,3,3,0.7,0.6
2024-09-18T1500,2066A,114.0609,32.1399,信阳市,审计局,,30,28,36,19,19,94,,105,97,9,10,4,4,0.8,0.6
2024-09-18T1500,2200A,122.0392,46.0656,兴安盟,胜华新制药厂,,27,,25,13,11,84,,64,64,3,14,2,3,0.3,0.3
2024-09-18T1500,2201A,121.9504,46.0741,兴安盟,科右前旗环保局,,28,20,27,7,14,87,,65,65,2,11,2,2,0.3,0.4
2024-09-18T1500,3035A,122.0931,46.0707,兴安盟,北滨河,,29,18,40,3,14,90,,74,74,4,16,2,3,0.3,0.6
2024-09-18T1500,1077A,114.4704,37.0886,邢台市,达活泉,臭氧1小时,58,60,58,39,34,166,,144,144,9,9,2,3,0.9,0.8
2024-09-18T1500,1078A,114.5062,37.0349,邢台市,邢师高专,臭氧1小时,60,48,54,30,29,168,,146,146,8,9,3,4,0.8,0.7
2024-09-18T1500,1079A,114.5237,37.0851,邢台市,路桥公司,,48,47,54,29,35,153,,134,134,8,9,2,4,0.9,0.8
2024-09-18T1500,1080A,114.4725,37.0719,邢台市,市环保局,臭氧1小时,62,53,61,39,32,169,,146,146,7,7,3,4,0.9,0.7
2024-09-18T1500,3584A,115.8844,39.0341,雄安新区,容城县环境保护局,,43,37,70,9,32,137,,128,114,10,16,9,8,0.6,0.8
2024-09-18T1500,3585A,115.8665,39.0645,雄安新区,河北容城中学,,42,39,79,26,43,134,,124,114,9,16,7,7,0.5,0.8
2024-09-18T1500,3586A,115.923,38.9405,雄安新区,安新县民政局,颗粒物(PM10),57,64,80,30,43,156,,135,118,8,11,10,9,0.9,1.1
2024-09-18T1500,3587A,115.9324,38.9338,雄安新区,安新县电力局,颗粒物(PM10),61,72,81,28,41,143,,121,119,11,10,10,8,0.7,0.8
2024-09-18T1500,3588A,116.0901,38.9816,雄安新区,雄县环境保护局,颗粒物(PM10),60,70,81,22,33,146,,125,106,18,19,10,9,0.6,0.7
2024-09-18T1500,3589A,116.1105,39.0046,雄安新区,雄县国土资源局,颗粒物(PM10),55,59,84,19,34,150,,108,104,13,17,12,10,0.8,1
2024-09-18T1500,1177A,117.179,34.2761,徐州市,黄河新村,,34,34,18,11,10,71,,49,49,11,10,4,4,0.2,0.3
2024-09-18T1500,1178A,117.1918,34.2384,徐州市,淮塔,,31,31,20,15,10,68,,44,44,10,9,5,5,0.3,0.3
2024-09-18T1500,1180A,117.256,34.2153,徐州市,新城区,,27,27,15,14,14,68,,46,46,9,8,7,6,0.5,0.5
2024-09-18T1500,1181A,117.244,34.2911,徐州市,桃园路,,27,27,15,3,6,72,,50,50,10,8,6,5,0.4,0.4
2024-09-18T1500,1182A,117.2933,34.2778,徐州市,农科院,,27,27,14,11,8,67,,48,48,12,8,8,8,0.6,0.5
2024-09-18T1500,3005A,117.1814,34.29,徐州市,鼓楼区政府,,,20,11,16,13,57,,34,,,13,5,6,0.3,0.3
2024-09-18T1500,3006A,117.1694,34.1781,徐州市,铜山区招生办,,24,24,13,6,6,71,,46,46,9,8,4,3,0.3,0.3
2024-09-18T1500,3288A,117.4754,34.4422,徐州市,大泉街道,,29,29,22,7,4,71,,52,52,6,6,9,8,0.4,0.4
2024-09-18T1500,2396A,113.8276,34.0159,许昌市,监测站,,28,28,50,17,25,64,,131,91,8,11,5,7,0.6,0.8
2024-09-18T1500,2398A,113.7906,33.9953,许昌市,开发区,,29,29,59,19,23,72,,143,100,9,10,2,3,0.6,0.7
2024-09-18T1500,3134A,113.8172,34.0339,许昌市,市一中,,28,28,48,16,25,71,,139,97,9,12,4,6,0.4,0.6
2024-09-18T1500,3337A,113.8614,34.0442,许昌市,许昌学院,,24,24,45,16,25,66,,140,97,4,6,4,5,0.5,0.7
2024-09-18T1500,3338A,113.843,34.0823,许昌市,芙蓉广场,,32,23,54,22,26,71,,140,95,6,9,2,7,0.5,0.7
2024-09-18T1500,3597A,113.8134,34.1251,许昌市,建安区兴业大厦,,30,30,46,17,22,77,,145,102,9,11,3,4,0.4,0.6
2024-09-18T1500,2316A,118.7581,30.9454,宣城市,鳌峰子站,,,13,19,6,8,70,,57,57,2,5,178,12,,0.4
2024-09-18T1500,2317A,118.7385,30.9743,宣城市,敬亭山子站,,22,13,20,6,8,68,,56,56,3,7,7,7,0.3,0.4
2024-09-18T1500,2318A,118.7173,30.9427,宣城市,开发区子站,,22,15,21,6,9,68,,58,58,2,5,5,5,0.4,0.4
2024-09-18T1500,3470A,118.7724,30.9141,宣城市,夏渡子站,,20,,19,6,8,64,,54,54,2,3,4,4,0.3,0.4
2024-09-18T1500,2554A,103.0475,30.02,雅安市,建安厂,,36,27,36,19,22,114,,69,69,7,17,7,6,0.5,0.6
2024-09-18T1500,2555A,103.0111,29.9833,雅安市,市政府,,40,24,29,19,19,128,,85,85,6,6,9,9,0.4,0.6
2024-09-18T1500,2556A,102.9905,29.9775,雅安市,川农大,,37,29,32,15,21,116,,68,68,3,5,6,6,0.4,0.4
2024-09-18T1500,3700A,103.0456,29.9956,雅安市,康养中心,,,40,35,25,21,122,,98,98,4,4,6,5,,
2024-09-18T1500,1642A,121.2514,37.5639,烟台市,开发区,,,41,22,12,14,76,,71,63,,11,5,6,0.7,0.7
2024-09-18T1500,1643A,121.3719,37.5433,烟台市,轴承厂,,33,24,21,20,19,105,,76,76,4,7,8,7,0.2,0.2
2024-09-18T1500,1644A,121.3181,37.5436,烟台市,西郊化工站,,31,27,21,15,14,99,,70,70,5,8,7,6,0.5,0.4
2024-09-18T1500,1645A,121.4478,37.4822,烟台市,莱山环保局,,35,14,11,12,11,112,,81,81,3,4,8,8,0.4,0.4
2024-09-18T1500,1646A,121.2611,37.4967,烟台市,福山环保局,,41,41,34,14,17,88,,65,65,12,18,4,5,0.4,0.5
2024-09-18T1500,3057A,121.5992,37.4014,烟台市,牟平检察院,,30,29,26,19,18,96,,69,69,6,9,6,6,0.5,0.5
2024-09-18T1500,3366A,121.5206,37.4336,烟台市,中国农业大学,,32,22,18,12,10,102,,73,73,3,6,8,9,0.3,0.3
2024-09-18T1500,1926A,109.4131,36.6275,延安市,枣园,,20,,26,11,15,62,,45,45,4,15,6,6,0.3,0.4
2024-09-18T1500,1927A,109.4761,36.6028,延安市,延大医附院,,21,14,34,11,14,65,,51,51,1,15,5,5,0.3,0.5
2024-09-18T1500,1929A,109.5056,36.6106,延安市,百米大道,,20,20,41,12,20,60,,48,48,5,18,4,6,0.4,0.8
2024-09-18T1500,3652A,109.4809,36.5786,延安市,西北局旧址,,19,10,36,7,16,60,,42,42,3,17,6,6,0.3,0.5
2024-09-18T1500,2237A,129.47,42.8883,延边朝鲜族自治州,妇幼医院,,25,19,21,9,9,80,,55,55,10,13,6,6,0.6,0.5
2024-09-18T1500,2238A,129.5055,42.9108,延边朝鲜族自治州,延边医院,,32,32,25,13,9,82,,49,49,8,14,7,8,0.5,0.6
2024-09-18T1500,2239A,129.3964,42.8881,延边朝鲜族自治州,朝阳川镇医院,,28,15,15,10,6,88,,58,58,5,8,6,6,0.5,0.5
2024-09-18T1500,1215A,120.118,33.4022,盐城市,盐城电厂,,17,17,17,3,2,54,,51,51,5,5,8,7,0.3,0.3
2024-09-18T1500,1216A,120.156,33.3942,盐城市,市监测站,,20,20,17,7,4,54,,51,51,5,7,5,5,0.5,0.5
2024-09-18T1500,1218A,120.2144,33.38,盐城市,开发区管委会,,17,13,15,9,7,53,,50,50,5,6,6,6,0.5,0.4
2024-09-18T1500,3004A,120.1544,33.3663,盐城市,宝龙广场,,17,17,19,7,3,51,,49,49,2,2,8,8,0.6,0.6
2024-09-18T1500,3293A,120.1501,33.3367,盐城市,月亮广场,,17,11,18,3,7,53,,52,52,2,2,4,4,0.3,0.3
2024-09-18T1500,3436A,120.4279,33.205,盐城市,大丰高级中学,,14,7,12,3,3,43,,47,47,8,8,6,5,0.3,0.2
2024-09-18T1500,1186A,119.389,32.3761,扬州市,邗江监测站,,43,29,27,16,13,136,,69,69,9,16,9,7,0.7,0.7
2024-09-18T1500,2869A,119.447,32.4155,扬州市,五台山医院,,45,25,30,17,13,143,,74,74,7,13,6,7,0.7,0.6
2024-09-18T1500,3164A,119.4686,32.3942,扬州市,广陵建设局,,40,36,28,22,16,128,,65,65,7,16,8,8,0.9,0.8
2024-09-18T1500,3195A,119.3633,32.3972,扬州市,市体育局,,42,34,28,17,14,134,,70,70,9,16,7,7,0.6,0.6
2024-09-18T1500,3294A,119.5653,32.4222,扬州市,引江管理处,,36,22,27,17,14,114,,68,68,6,10,6,6,0.7,0.7
2024-09-18T1500,1699A,111.9797,21.8593,阳江市,鸳鸯湖,,41,21,19,3,15,129,,79,79,5,6,8,8,0.6,0.7
2024-09-18T1500,1701A,111.9491,21.8658,阳江市,马南垌,,37,23,27,12,15,117,,74,74,7,8,5,5,0.4,0.4
2024-09-18T1500,3317A,111.9765,21.8947,阳江市,两阳中学,,40,18,23,7,12,125,,70,70,6,9,6,6,0.3,0.3
2024-09-18T1500,3453A,112.0125,21.8749,阳江市,阳东陶然,,41,26,22,13,14,131,,77,77,6,8,6,7,0.4,0.5
2024-09-18T1500,1738A,113.5758,37.8572,阳泉市,市中心,,46,42,61,27,40,145,,129,129,11,15,4,8,0.7,1
2024-09-18T1500,1739A,113.4894,37.8731,阳泉市,赛鱼,颗粒物(PM10),61,72,66,33,44,131,,113,113,14,15,7,7,0.9,1
2024-09-18T1500,1740A,113.5819,37.8486,阳泉市,南庄,颗粒物(PM10),61,71,85,31,41,143,,129,129,11,13,4,5,0.8,0.9
2024-09-18T1500,1742A,113.5614,37.8703,阳泉市,平坦,颗粒物(PM10),52,53,76,30,49,138,,126,126,13,13,9,10,0.7,0.9
2024-09-18T1500,1743A,113.5158,37.8392,阳泉市,大阳泉,,49,49,59,26,42,125,,123,123,9,10,7,7,0.7,0.8
2024-09-18T1500,3619A,113.617,37.8571,阳泉市,龙柱,,39,34,67,27,44,124,,112,112,21,17,7,8,0.8,0.9
2024-09-18T1500,2252A,128.5159,47.4311,伊春市,环保局,,29,29,24,9,10,55,,52,52,6,12,7,8,0.3,0.4
2024-09-18T1500,2253A,128.9102,47.7412,伊春市,电力嘉园,,28,28,35,8,14,60,,52,52,6,15,4,5,0.4,0.5
2024-09-18T1500,2254A,129.5029,48.471,伊春市,汤旺河国家公园,,20,9,10,6,5,63,,55,55,6,5,8,6,0.3,0.3
2024-09-18T1500,3342A,128.4741,47.4346,伊春市,中心小学,,,,38,9,10,67,,66,66,4,9,6,6,0.5,0.6
2024-09-18T1500,3343A,128.6871,47.7369,伊春市,检察院,,27,27,26,8,13,72,,75,75,5,8,8,8,0.6,0.6
2024-09-18T1500,3344A,128.8431,47.8474,伊春市,双子河社区,,24,18,19,11,12,76,,69,69,5,9,8,8,0.1,0.1
2024-09-18T1500,3480A,129.1368,47.6417,伊春市,美溪镇,,21,12,28,8,11,66,,58,58,8,13,2,3,0.7,1
2024-09-18T1500,2703A,81.2815,43.9404,伊犁哈萨克自治州,市环保局,颗粒物(PM10),60,70,110,19,21,90,,52,51,12,13,9,9,0.4,0.4
2024-09-18T1500,2704A,81.2996,43.9174,伊犁哈萨克自治州,新政府片区,颗粒物(PM10),55,59,83,20,20,86,,51,51,8,10,6,5,0.4,0.4
2024-09-18T1500,2705A,81.3364,43.941,伊犁哈萨克自治州,第二水厂,颗粒物(PM10),59,68,109,20,20,88,,51,51,10,14,9,9,0.3,0.4
2024-09-18T1500,1883A,104.6201,28.7728,宜宾市,市委,,43,23,26,14,17,136,,94,94,9,21,10,10,0.3,0.5
2024-09-18T1500,1884A,104.6055,28.793,宜宾市,宜宾四中,,44,24,28,13,18,139,,96,96,7,18,6,6,0.6,0.7
2024-09-18T1500,1885A,104.639,28.7562,宜宾市,市政府,,44,33,28,18,19,138,,112,112,7,23,8,7,0.5,0.7
2024-09-18T1500,1886A,104.5742,28.7199,宜宾市,黄金嘴,臭氧1小时,55,24,22,17,15,164,,94,94,9,14,9,9,0.8,0.7
2024-09-18T1500,3728A,104.68,28.8071,宜宾市,白酒学院,,35,21,27,15,17,112,,90,90,8,19,10,13,0.3,0.6
2024-09-18T1500,1840A,111.2992,30.6981,宜昌市,白龙岗,,36,19,21,9,11,114,,84,84,11,17,4,3,0.6,0.6
2024-09-18T1500,1841A,111.3549,30.6465,宜昌市,伍家岗,,,16,16,9,13,122,,88,88,,18,6,5,0.6,0.7
2024-09-18T1500,1842A,111.2628,30.6961,宜昌市,点军区,,,10,20,3,10,117,,82,82,,14,5,6,0.4,0.5
2024-09-18T1500,1843A,111.3275,30.7819,宜昌市,夷陵区,,40,20,21,3,9,125,,88,88,9,13,4,4,0.4,0.5
2024-09-18T1500,3546A,111.4606,30.552,宜昌市,猇亭区张家湾站,,37,13,25,6,11,117,,94,94,8,17,8,9,0.5,0.6
2024-09-18T1500,3653A,111.3119,30.7273,宜昌市,云深路,,39,,27,14,19,122,,87,87,8,14,6,7,0.6,0.6
2024-09-18T1500,2373A,114.3956,27.7844,宜春市,市石油公司,,39,37,36,21,23,122,,89,89,4,6,8,8,0.6,0.8
2024-09-18T1500,2374A,114.3703,27.7914,宜春市,市气象局,,38,35,41,22,27,120,,87,87,5,8,7,7,0.8,0.9
2024-09-18T1500,2375A,114.4013,27.8074,宜春市,市广电局,,,36,40,17,26,124,,93,93,,8,16,20,1.0,0.8
2024-09-18T1500,3151A,114.375,27.8097,宜春市,宜春学院北校区,,38,32,40,19,28,121,,89,89,4,6,7,10,0.7,0.9
2024-09-18T1500,3415A,114.4519,28.0828,宜春市,万载县环保局,,37,25,35,17,18,116,,88,88,5,9,14,16,0.8,0.9
2024-09-18T1500,2467A,112.4067,28.6428,益阳市,甘溪港,,39,39,53,25,39,106,,80,80,4,10,5,6,0.6,0.7
2024-09-18T1500,2468A,112.3458,28.5808,益阳市,市环保局,,40,25,67,3,33,126,,109,109,6,9,8,8,0.7,0.9
2024-09-18T1500,2469A,112.3437,28.5531,益阳市,市特殊教育学校,,40,18,60,6,37,127,,106,106,6,15,9,10,0.7,0.9
2024-09-18T1500,2470A,112.3347,28.6047,益阳市,资阳区政务中心,,39,25,49,6,32,123,,102,102,7,11,9,9,0.6,0.8
2024-09-18T1500,2471A,112.3744,28.5819,益阳市,赫山环保分局,,37,,56,19,37,116,,98,98,8,12,10,12,0.8,1
2024-09-18T1500,1488A,106.2328,38.4975,银川市,贺兰山东路,细颗粒物(PM2.5),54,49,79,38,52,140,,81,81,11,21,7,7,0.8,1.3
2024-09-18T1500,1489A,106.1358,38.5036,银川市,学院路,细颗粒物(PM2.5),67,52,84,48,60,134,,76,76,10,24,6,6,0.7,1.4
2024-09-18T1500,2924A,106.2266,38.4418,银川市,水乡路,细颗粒物(PM2.5),80,69,66,59,47,126,,72,72,14,21,5,6,0.9,1.2
2024-09-18T1500,2925A,106.2757,38.4842,银川市,上海东路,,48,42,52,33,40,125,,75,75,12,19,3,5,0.8,1.2
2024-09-18T1500,2926A,106.1015,38.497,银川市,文昌北街,细颗粒物(PM2.5),65,69,92,47,55,116,,64,64,9,23,6,6,0.8,1.5
2024-09-18T1500,3523A,106.5105,38.3856,银川市,滨河新区,,35,32,37,19,28,111,,64,64,11,12,10,5,0.7,0.8
2024-09-18T1500,2358A,117.0564,28.2642,鹰潭市,新监测站,,31,22,28,10,14,98,,76,76,1,6,16,17,0.4,0.4
2024-09-18T1500,2359A,117.0311,28.2475,鹰潭市,财苑宾馆,,33,18,36,8,14,103,,82,82,2,4,15,15,0.2,0.3
2024-09-18T1500,2360A,117.0222,28.2264,鹰潭市,体育馆,,34,28,31,10,15,108,,79,79,2,4,18,14,0.2,0.4
2024-09-18T1500,2361A,117.0017,28.2131,鹰潭市,三川水表,,34,30,35,14,21,107,,77,77,2,6,17,14,0.2,0.4
2024-09-18T1500,1597A,122.2703,40.7094,营口市,大庆路,,36,33,54,16,42,114,,69,69,12,24,6,8,0.5,0.7
2024-09-18T1500,1598A,122.2150,40.6511,营口市,镜湖西路,,35,32,45,8,24,110,,66,66,15,27,7,9,0.6,0.9
2024-09-18T1500,1599A,122.1658,40.6789,营口市,西炮台,,33,33,55,12,34,92,,61,61,18,25,4,7,0.3,0.5
2024-09-18T1500,3379A,122.1139,40.2278,营口市,鲅鱼圈市民活动中心,颗粒物(PM10),75,100,113,40,61,131,,64,64,58,48,36,30,2.2,1.9
2024-09-18T1500,3866A,122.2469,40.66302,营口市,三高中,,40,40,63,27,38,115,,71,71,19,38,10,12,0.3,0.9
2024-09-18T1500,4006A,122.3622,40.6762,营口市,老边实验小学,,35,24,59,14,48,112,,63,63,11,25,12,15,0.9,1.3
2024-09-18T1500,2477A,111.6217,26.2081,永州市,零陵南津渡,颗粒物(PM10),57,64,55,28,32,117,,101,101,4,7,8,12,0.7,0.7
2024-09-18T1500,2478A,111.6156,26.4214,永州市,市环境监测站,,43,38,40,30,30,115,,101,101,4,7,5,8,0.6,0.8
2024-09-18T1500,2479A,111.6236,26.2331,永州市,零陵区环保局,,45,41,46,31,31,115,,106,106,5,9,6,8,0.6,0.7
2024-09-18T1500,2480A,111.5992,26.4364,永州市,永州市环保局,,45,34,38,31,30,116,,98,98,4,5,7,8,0.9,0.8
2024-09-18T1500,2481A,111.5989,26.4519,永州市,冷水滩区环保局,,49,44,39,34,29,111,,98,98,4,6,10,10,0.7,0.7
2024-09-18T1500,2638A,109.7414,38.3344,榆林市,红石峡森林公园,,38,38,36,16,15,19,,28,28,8,9,7,7,0.5,0.5
2024-09-18T1500,2639A,109.7456,38.2911,榆林市,世纪广场,,33,25,32,18,18,103,,90,90,7,15,10,11,0.5,0.6
2024-09-18T1500,2640A,109.7289,38.2839,榆林市,实验中学,,34,34,35,13,16,107,,94,94,5,11,9,13,0.5,0.5
2024-09-18T1500,2641A,109.7336,38.2478,榆林市,环保监测大楼,,34,30,30,15,17,106,,93,93,5,11,8,11,0.6,0.6
2024-09-18T1500,2509A,110.1106,22.7019,玉林市,寒山水库,,23,16,23,16,20,72,,59,59,2,3,5,4,0.5,0.7
2024-09-18T1500,2510A,110.1675,22.6411,玉林市,市监测站,,29,26,30,20,22,85,,72,72,7,7,1,2,0.3,0.6
2024-09-18T1500,2511A,110.1433,22.6164,玉林市,南江一中,,38,38,46,16,22,83,,73,73,4,8,1,2,0.5,0.7
2024-09-18T1500,3532A,110.1945,22.6831,玉林市,玉林师范学院东校区,,29,29,24,17,17,90,,74,74,4,5,1,3,0.4,0.5
2024-09-18T1500,3533A,110.0527,22.5893,玉林市,福绵环保局,,25,25,27,10,17,78,,69,69,5,6,2,2,0.4,0.5
2024-09-18T1500,2675A,97,33.0014,玉树藏族自治州,玉树县结古镇,,27,6,12,3,4,85,,57,57,2,10,8,8,0.5,0.5
2024-09-18T1500,1715A,102.575,24.3711,玉溪市,东风水库,,25,,12,13,10,78,,66,66,9,9,8,8,0.5,0.4
2024-09-18T1500,2882A,102.5389,24.3703,玉溪市,玉溪一中,,26,16,14,3,5,81,,68,68,6,7,8,8,0.5,0.6
2024-09-18T1500,2883A,102.5381,24.3389,玉溪市,文体中心,,25,16,14,7,6,79,,63,63,7,9,9,9,0.4,0.5
2024-09-18T1500,1847A,113.1094,29.3578,岳阳市,南湖风景区,,40,28,50,16,35,126,,121,121,7,28,9,11,0.5,0.7
2024-09-18T1500,1848A,113.1493,29.4251,岳阳市,城陵矶,,37,31,66,7,32,118,,108,108,17,35,12,10,0.6,0.9
2024-09-18T1500,1849A,113.1497,29.3575,岳阳市,开发区,,38,38,66,17,29,104,,115,115,5,21,7,8,0.5,0.7
2024-09-18T1500,1850A,113.2621,29.4758,岳阳市,云溪区,,39,27,42,16,32,122,,125,125,9,17,4,8,0.5,0.7
2024-09-18T1500,1851A,112.9943,29.4402,岳阳市,君山区,颗粒物(PM10),54,58,62,25,43,127,,113,113,9,26,7,8,0.5,0.7
2024-09-18T1500,1852A,113.2117,29.355,岳阳市,金凤水库,,42,27,41,15,25,134,,128,128,4,7,10,10,0.6,0.7
2024-09-18T1500,1712A,112.0392,22.9169,云浮市,新市府,,30,25,21,13,12,93,,59,59,4,3,7,7,0.6,0.6
2024-09-18T1500,1714A,112.0539,22.9539,云浮市,牧羊,,33,26,27,14,13,105,,67,67,5,11,6,7,0.5,0.6
2024-09-18T1500,3628A,112.0336,22.9374,云浮市,文笔,,31,22,23,3,9,99,,65,65,4,8,6,7,0.6,0.6
2024-09-18T1500,2175A,110.9956,35.0147,运城市,运城中学,,46,46,41,16,20,100,,114,113,6,7,7,7,0.9,1
2024-09-18T1500,2178A,110.9686,35.0303,运城市,地区技校,,36,36,38,11,19,100,,108,108,6,9,6,6,0.7,0.8
2024-09-18T1500,2179A,111.0414,35.1147,运城市,空港新区,颗粒物(PM10),54,58,64,24,32,119,,111,111,4,15,9,12,0.7,0.9
2024-09-18T1500,3667A,111.0283,35.0547,运城市,水利职院,,35,28,39,14,28,111,,114,114,3,9,4,5,0.8,0.7
2024-09-18T1500,3670A,111.0522,35.0439,运城市,禹都公园,,45,45,40,17,22,110,,114,114,4,8,5,7,0.6,0.8
2024-09-18T1500,1637A,117.558,34.8438,枣庄市,市中区政府,,24,17,14,3,6,75,,52,52,11,11,5,5,0.2,0.3
2024-09-18T1500,1638A,117.2852,34.7837,枣庄市,薛城环保局,,24,22,19,8,6,76,,55,55,9,9,5,5,0.2,0.2
2024-09-18T1500,1639A,117.5852,34.7745,枣庄市,峄城区政府,,22,17,15,3,1,68,,52,52,7,7,4,4,0.3,0.3
2024-09-18T1500,1640A,117.7276,34.5578,枣庄市,台儿庄区环保局,,25,19,13,7,5,77,,58,58,10,9,7,7,0.4,0.5
2024-09-18T1500,1641A,117.4518,35.0992,枣庄市,山亭区环保局,,26,19,13,7,8,82,,56,56,10,11,5,4,0.4,0.4
2024-09-18T1500,3364A,117.3152,34.8103,枣庄市,市环保局,,23,15,15,9,8,72,,50,50,8,10,4,5,0.2,0.3
2024-09-18T1500,1680A,110.3539,21.2706,湛江市,湛江影剧院,,27,20,20,8,10,84,,63,63,4,8,9,22,0.4,0.4
2024-09-18T1500,1681A,110.3928,21.2228,湛江市,市环境监测站,,47,47,18,8,11,86,,62,62,4,6,9,13,0.4,0.5
2024-09-18T1500,1682A,110.4019,21.1997,湛江市,环保局宿舍,,25,,17,16,13,80,,59,59,5,8,8,10,0.5,0.6
2024-09-18T1500,1683A,110.4111,21.2028,湛江市,霞山游泳场,,,13,16,10,12,73,,55,55,,8,,10,0.5,0.5
2024-09-18T1500,1684A,110.3316,21.2679,湛江市,麻章区环保局,,25,20,21,12,14,77,,56,56,6,10,9,15,0.5,0.5
2024-09-18T1500,1685A,110.4558,21.2567,湛江市,坡头区环保局,,32,32,16,8,9,82,,59,59,4,6,6,9,0.4,0.5
2024-09-18T1500,1858A,110.5319,29.1217,张家界市,永定新区,,29,25,24,17,18,90,,83,83,4,8,4,4,0.1,0.1
2024-09-18T1500,1860A,110.5594,29.3547,张家界市,未央路,,30,21,17,12,12,95,,83,83,3,7,4,3,0.3,0.3
2024-09-18T1500,1861A,110.4417,29.315,张家界市,袁家界,,25,23,18,12,12,80,,81,81,7,8,8,8,0.5,0.6
2024-09-18T1500,1057A,114.8883,40.8336,张家口市,人民公园,,44,44,28,24,10,115,,97,97,5,6,2,2,0.7,0.5
2024-09-18T1500,1059A,114.8687,40.8042,张家口市,五金库,,37,37,33,23,15,118,,106,106,13,13,5,5,0.7,0.5
2024-09-18T1500,1060A,114.8902,40.762,张家口市,世纪豪园,,40,29,28,19,14,125,,111,111,7,10,6,5,0.6,0.5
2024-09-18T1500,1061A,114.8916,40.8661,张家口市,北泵房,,35,16,13,9,4,112,,,,7,5,4,6,0.9,0.6
2024-09-18T1500,3131A,114.879,40.7993,张家口市,烟厂,,43,43,36,18,14,124,,108,108,11,13,4,3,0.6,0.6
2024-09-18T1500,3323A,115.2773,40.9724,张家口市,青少年活动中心,,27,,17,16,12,85,,65,65,5,6,2,2,0.5,0.4
2024-09-18T1500,2654A,100.4698,38.9524,张掖市,润泉湖,,36,31,33,25,24,100,,69,69,4,11,11,9,0.6,0.6
2024-09-18T1500,2655A,100.4154,38.9422,张掖市,区工会,,47,47,47,22,22,104,,70,70,7,14,14,9,0.8,0.7
2024-09-18T1500,2920A,117.7116,24.506,漳州市,蓝田镇,,26,21,19,11,7,81,,61,61,6,8,4,5,0.3,0.3
2024-09-18T1500,3216A,114.6622,24.5183,漳州市,漳州党校,,23,12,17,3,5,73,,60,60,10,6,5,6,0.4,0.4
2024-09-18T1500,3530A,117.6296,24.5314,漳州市,西洋坪路,,27,10,13,7,9,86,,61,61,4,7,4,5,0.3,0.4
2024-09-18T1500,2596A,103.7667,27.3736,昭通市,监测站,,30,19,25,14,23,94,,71,71,3,10,8,11,0.3,0.4
2024-09-18T1500,2597A,103.7225,27.3361,昭通市,环保局,,,,23,16,17,90,,70,70,4,10,7,10,0.2,0.5
2024-09-18T1500,1397A,112.4267,23.0706,肇庆市,睦岗子站,,35,,10,22,15,111,,78,78,5,9,6,6,0.2,0.3
2024-09-18T1500,1398A,112.4645,23.0475,肇庆市,城中子站,,35,21,22,17,13,112,,78,78,6,13,7,9,0.4,0.4
2024-09-18T1500,1399A,112.5544,23.1522,肇庆市,坑口子站,,35,26,24,18,17,111,,79,79,5,8,4,4,0.3,0.3
2024-09-18T1500,3313A,112.4575,23.0166,肇庆市,高要湖西,,39,23,25,15,15,124,,84,84,8,10,4,7,0.2,0.3
2024-09-18T1500,3451A,112.5617,23.2083,肇庆市,鼎湖凤凰,,34,21,23,12,15,106,,80,80,5,7,6,7,0.3,0.4
2024-09-18T1500,1203A,119.6707,32.1875,镇江市,新区办事处,,43,36,26,14,14,136,,72,72,10,19,6,7,0.5,0.6
2024-09-18T1500,1204A,119.4974,32.1968,镇江市,职教中心,,43,28,23,15,10,136,,80,80,9,14,7,7,0.5,0.5
2024-09-18T1500,1205A,119.4303,32.1328,镇江市,丹徒区监测站,,34,24,24,11,12,108,,73,73,2,8,4,6,0.3,0.4
2024-09-18T1500,2870A,119.4424,32.1873,镇江市,市疾控中心,,43,26,14,20,15,135,,81,81,12,16,5,5,0.4,0.3
2024-09-18T1500,3287A,119.3842,32.1976,镇江市,富润路1号,,38,24,21,9,12,120,,76,76,6,12,7,7,0.4,0.4
2024-09-18T1500,1316A,113.69031,34.76122,郑州市,烟厂,,34,26,43,20,29,108,,154,132,10,12,3,4,0.7,0.7
2024-09-18T1500,1317A,113.65724,34.77134,郑州市,郑纺机,,,28,44,,19,111,,153,133,8,10,3,5,0.8,0.9
2024-09-18T1500,1318A,113.67526,34.80246,郑州市,银行学校,,38,,43,26,23,105,,143,126,5,7,3,4,0.7,0.8
2024-09-18T1500,1319A,113.56746,34.81334,郑州市,供水公司,,,,46,26,24,109,,141,119,14,17,4,5,0.5,0.7
2024-09-18T1500,1320A,113.7329,34.7178,郑州市,经开区管委,,42,,48,29,30,102,,156,127,6,8,1,3,0.7,0.8
2024-09-18T1500,1321A,113.73961,34.77172,郑州市,四十七中,,,25,44,,27,112,,165,141,7,11,3,4,0.6,0.7
2024-09-18T1500,1322A,113.60532,34.74838,郑州市,市监测站,,,34,46,,,107,,138,124,7,9,3,4,0.8,0.8
2024-09-18T1500,1323A,113.64164,34.7525,郑州市,河医大,,33,32,48,21,23,104,,142,122,13,15,4,5,0.7,0.8
2024-09-18T1500,3471A,113.616563,34.86783,郑州市,惠济区政府,,35,,51,23,24,109,,140,122,4,8,3,5,0.6,0.8
2024-09-18T1500,3590A,113.8374,34.5589,郑州市,北区建设指挥部,,36,,43,25,31,102,,164,121,8,9,3,5,0.7,0.8
2024-09-18T1500,3591A,113.30952,34.803229,郑州市,上街区政府,,,26,46,,23,101,,133,108,8,10,5,6,0.5,0.7
2024-09-18T1500,1379A,113.3769,22.5211,中山市,华柏园,,38,27,15,10,10,121,,83,83,9,10,5,4,0.4,0.4
2024-09-18T1500,1380A,113.3881,22.5497,中山市,张溪,,,24,18,19,12,126,,98,98,10,9,4,3,,0.5
2024-09-18T1500,1381A,113.4075,22.5111,中山市,紫马岭,,39,25,18,22,12,122,,83,83,8,9,4,3,0.4,0.4
2024-09-18T1500,3454A,113.3528,22.478,中山市,中山南区,,41,24,16,12,7,129,,86,86,10,10,4,4,0.4,0.4
2024-09-18T1500,2682A,105.1971,37.5002,中卫市,环保局站,,29,22,49,8,30,91,,60,60,7,19,5,5,0.5,0.8
2024-09-18T1500,3650A,105.1698,37.5162,中卫市,沙坡头区政府站,,48,48,61,24,46,100,,70,70,7,21,7,6,0.5,1
2024-09-18T1500,1414A,106.3787,29.8279,重庆市,缙云山,臭氧1小时,58,19,21,11,11,166,,119,119,8,9,16,16,0.4,0.3
2024-09-18T1500,1416A,106.4213,29.8253,重庆市,天生,,45,26,30,19,22,144,,92,92,9,25,6,7,0.5,0.5
2024-09-18T1500,1417A,106.6263,29.7228,重庆市,两路,臭氧1小时,95,30,35,12,18,196,,116,116,17,25,8,9,0.7,0.8
2024-09-18T1500,1418A,106.2953,29.5983,重庆市,虎溪,,45,,36,24,23,142,,107,107,4,17,5,6,0.3,0.4
2024-09-18T1500,1419A,106.5777,29.5102,重庆市,南坪,臭氧1小时,73,23,25,17,16,178,,112,112,10,12,8,10,0.5,0.5
2024-09-18T1500,1420A,106.6556,29.6277,重庆市,唐家沱,臭氧1小时,105,36,27,14,15,210,,127,127,12,24,7,6,0.6,0.7
2024-09-18T1500,1421A,106.6349,29.4906,重庆市,茶园,臭氧1小时,73,25,29,19,16,178,,115,115,12,19,7,7,0.6,0.7
2024-09-18T1500,1422A,106.3754,29.4572,重庆市,白市驿,,50,27,21,19,15,157,,110,110,8,15,6,11,0.5,0.5
2024-09-18T1500,1425A,106.6205,29.7166,重庆市,空港,臭氧1小时,95,,30,27,24,196,,121,121,10,22,9,10,0.7,0.8
2024-09-18T1500,1426A,106.4782,29.4875,重庆市,新山村,臭氧1小时,69,30,31,14,16,175,,109,109,16,28,8,11,0.6,0.7
2024-09-18T1500,1427A,106.5616,29.6453,重庆市,礼嘉,,,14,23,13,18,181,,121,121,12,22,,10,0.5,0.6
2024-09-18T1500,1428A,106.4522,29.7091,重庆市,蔡家,,47,,24,17,18,150,,111,111,7,17,6,6,0.5,0.7
2024-09-18T1500,1429A,106.5093,29.3917,重庆市,鱼新街,,47,26,30,11,16,148,,92,92,10,25,8,11,0.8,0.9
2024-09-18T1500,3014A,106.4958,29.5346,重庆市,歇台子,臭氧1小时,62,32,34,21,18,169,,102,102,10,20,7,8,0.7,0.7
2024-09-18T1500,3015A,106.4037,29.5728,重庆市,龙井湾,,44,41,33,14,12,138,,92,92,6,10,6,8,0.5,0.5
2024-09-18T1500,3016A,106.5507,29.4153,重庆市,龙洲湾,臭氧1小时,58,22,20,19,14,166,,98,98,11,14,10,10,0.7,0.7
2024-09-18T1500,3133A,106.5468,29.5654,重庆市,上清寺,,,29,29,14,14,198,,118,118,16,28,,12,1.0,1
2024-09-18T1500,3346A,108.3872,31.1628,重庆市,安康,,33,,24,16,13,104,,81,81,4,14,5,6,0.3,0.6
2024-09-18T1500,3347A,105.9017,29.3569,重庆市,北山路,,40,14,29,13,27,126,,91,91,5,14,10,11,0.6,0.8
2024-09-18T1500,3348A,105.839,30.1946,重庆市,春阳街,,42,29,51,21,47,133,,85,85,7,18,9,10,0.6,0.8
2024-09-18T1500,3349A,107.7983,30.6758,重庆市,人民东路,,41,31,45,10,24,129,,101,101,7,14,6,6,0.7,0.8
2024-09-18T1500,3350A,106.6479,29.0244,重庆市,滩子口,,36,11,22,10,18,113,,80,80,3,12,5,6,0.3,0.4
2024-09-18T1500,3351A,105.7167,29.7076,重庆市,棠香,,40,26,34,25,29,127,,79,79,5,14,6,6,0.6,0.7
2024-09-18T1500,3352A,107.0732,29.8617,重庆市,桃源西路,臭氧1小时,58,23,24,17,22,166,,111,111,5,20,12,18,0.6,0.7
2024-09-18T1500,3353A,107.3535,29.7287,重庆市,迎宾大道,,47,17,26,10,21,148,,104,104,7,33,3,4,0.7,0.8
2024-09-18T1500,3354A,108.815,29.5081,重庆市,舟白,,25,9,12,9,19,78,,67,67,3,5,6,6,0.4,0.3
2024-09-18T1500,3355A,108.3679,30.8426,重庆市,周家坝,,39,,17,11,22,124,,74,74,8,27,11,11,0.4,0.6
2024-09-18T1500,3356A,108.4319,30.7555,重庆市,百安坝,,36,14,24,3,12,114,,95,95,4,10,12,12,0.3,0.3
2024-09-18T1500,3482A,107.7541,29.3277,重庆市,芙蓉中路,,27,10,26,3,12,85,,66,66,4,15,4,16,0.6,0.7
2024-09-18T1500,3483A,108.7661,29.5368,重庆市,西山,,26,11,20,8,20,81,,65,65,3,13,7,7,0.4,0.5
2024-09-18T1500,3484A,106.2628,29.32,重庆市,行政中心,,50,30,27,12,12,158,,95,95,10,16,8,8,0.7,0.7
2024-09-18T1500,3485A,107.0944,29.1608,重庆市,高寺路,,25,15,27,12,18,79,,62,62,8,16,4,7,0.4,0.6
2024-09-18T1500,3599A,106.2649,29.9851,重庆市,书院路,,47,23,36,20,34,150,,109,109,7,21,7,9,0.6,0.7
2024-09-18T1500,3600A,106.2339,29.5559,重庆市,虎峰,,45,39,36,23,19,141,,95,95,6,13,7,8,0.7,0.7
2024-09-18T1500,3601A,106.0499,29.8342,重庆市,龙门街,,42,23,28,8,26,132,,96,96,11,16,11,18,0.6,0.7
2024-09-18T1500,3610A,105.5933,29.4105,重庆市,昌元,,46,,33,24,27,146,,106,106,7,19,8,9,0.5,0.7
2024-09-18T1500,1258A,122.122,30.0203,舟山市,定海檀枫,,29,29,21,10,7,52,,50,50,4,5,5,5,0.3,0.3
2024-09-18T1500,1260A,122.19,29.9944,舟山市,临城新区,,26,26,18,11,6,48,,29,,2,6,7,6,0.3,0.4
2024-09-18T1500,4033A,122.3123,29.9619,舟山市,普陀东港中学,,26,26,19,12,6,53,,46,46,3,6,6,6,0.3,0.3
2024-09-18T1500,2067A,114.6613,33.6128,周口市,市环境监测站,,18,11,24,9,17,56,,72,57,5,4,1,1,0.6,0.6
2024-09-18T1500,2068A,114.6758,33.6347,周口市,周口师范,,15,8,23,7,18,48,,63,49,7,7,1,2,0.7,0.7
2024-09-18T1500,2069A,114.6546,33.5979,周口市,市运管处,,17,17,34,3,14,54,,69,52,2,3,4,4,0.8,0.7
2024-09-18T1500,2070A,114.6369,33.6406,周口市,川汇区环保局,,15,,26,10,18,46,,71,54,4,5,4,5,0.6,0.7
2024-09-18T1500,1515A,113.135,27.8244,株洲市,天台山庄,,34,16,48,13,28,106,,103,103,5,12,8,8,0.4,0.6
2024-09-18T1500,1518A,113.095,27.8867,株洲市,株冶医院,,36,19,46,12,31,113,,101,101,4,19,6,7,0.5,0.7
2024-09-18T1500,1519A,113.167,27.8667,株洲市,市四中,,,16,46,11,31,103,,103,103,,11,4,6,0.5,0.7
2024-09-18T1500,1520A,113.143,27.8381,株洲市,火车站,,35,16,50,10,30,110,,100,100,6,15,7,8,0.4,0.6
2024-09-18T1500,1524A,113.13,27.8528,株洲市,市监测站,,35,17,50,13,32,109,,102,102,4,13,5,6,0.6,0.8
2024-09-18T1500,1559A,113.251,27.8336,株洲市,大京风景区,,30,20,39,14,29,96,,90,90,3,8,8,8,0.4,0.6
2024-09-18T1500,2031A,113.1817,27.9958,株洲市,云田中学,,35,19,41,18,25,110,,99,99,6,11,7,8,0.4,0.6
2024-09-18T1500,1367A,113.5814,22.2618,珠海市,吉大,,49,22,22,7,13,154,,96,96,12,13,6,5,0.4,0.4
2024-09-18T1500,1368A,113.4881,22.2335,珠海市,前山,,44,22,16,17,13,138,,79,79,14,10,6,6,0.4,0.4
2024-09-18T1500,1369A,113.628,22.4251,珠海市,唐家,,40,24,19,11,12,127,,87,87,8,9,7,8,0.3,0.4
2024-09-18T1500,1370A,113.299,22.2281,珠海市,斗门,,41,19,18,12,11,130,,83,83,12,10,9,9,0.5,0.5
2024-09-18T1500,3308A,113.3494,22.0569,珠海市,金湾,,36,27,20,15,10,113,,78,78,8,8,10,10,0.4,0.4
2024-09-18T1500,3448A,113.5433,22.1163,珠海市,横琴,,30,18,18,11,12,93,,76,76,8,12,8,8,0.4,0.4
2024-09-18T1500,2420A,114.0189,32.9656,驻马店市,市一纸厂,,28,22,37,19,23,59,,100,83,10,11,3,3,0.5,0.4
2024-09-18T1500,2421A,114.0114,33.015,驻马店市,市彩印厂,,29,21,32,20,25,57,,101,82,10,9,6,7,0.6,0.5
2024-09-18T1500,2422A,113.9976,32.9771,驻马店市,天方二分厂,,38,38,43,20,28,59,,99,83,10,10,2,3,0.5,0.5
2024-09-18T1500,3339A,114.0012,33.0412,驻马店市,小管楼,,,21,35,,24,57,,100,83,8,8,3,5,0.4,0.3
2024-09-18T1500,2561A,104.6617,30.1372,资阳市,莲花山,,41,11,39,9,24,129,,103,103,5,12,5,4,0.3,0.7
2024-09-18T1500,2562A,104.6356,30.1506,资阳市,资阳中学,,40,19,52,14,26,125,,104,104,2,10,7,11,0.9,1
2024-09-18T1500,2563A,104.6295,30.1383,资阳市,四三一厂,,40,14,40,8,23,128,,105,105,7,16,7,7,0.7,0.8
2024-09-18T1500,2564A,104.6463,30.1146,资阳市,师范校,,40,11,42,10,27,128,,100,100,6,20,8,9,0.8,1
2024-09-18T1500,2565A,104.6296,30.1256,资阳市,区法院,,39,,37,19,28,124,,99,99,2,15,7,7,0.8,1
2024-09-18T1500,1631A,118.0414,36.8103,淄博市,人民公园,,32,29,43,22,27,54,,97,50,10,12,6,5,0.2,0.5
2024-09-18T1500,1633A,117.8525,36.4847,淄博市,双山,,50,50,52,29,34,83,,72,56,23,23,12,11,0.5,0.6
2024-09-18T1500,1634A,117.9592,36.6331,淄博市,气象站,,27,27,54,17,39,51,,64,52,7,19,9,13,0.4,0.7
2024-09-18T1500,1635A,118.3092,36.8194,淄博市,莆田园,,22,22,36,14,23,51,,86,43,10,14,6,6,0.2,0.5
2024-09-18T1500,3363A,117.9883,36.8372,淄博市,新区,,31,31,41,12,26,62,,94,60,16,20,10,10,0.5,0.7
2024-09-18T1500,3644A,117.8661,36.805,淄博市,三金集团,,37,37,52,9,29,60,,87,71,6,11,3,4,0.2,0.5
2024-09-18T1500,3645A,118.0253,36.8406,淄博市,东风化工厂,,29,29,45,14,28,59,,97,54,14,17,4,5,0.3,0.6
2024-09-18T1500,3027A,104.72,29.3427,自贡市,青杠林路,,34,22,46,20,38,106,,92,92,5,17,8,8,0.2,0.4
2024-09-18T1500,3028A,104.776,29.3627,自贡市,檀木林体育馆,,36,32,45,24,36,115,,88,88,3,14,8,7,0.4,0.6
2024-09-18T1500,3360A,104.7894,29.3194,自贡市,南湖救助站,,36,14,36,12,33,113,,84,84,5,16,6,7,0.3,0.4
2024-09-18T1500,3638A,104.7636,29.3338,自贡市,轻化工大学,,33,15,35,13,29,105,,92,92,4,12,9,8,0.2,0.4
2024-09-18T1500,1911A,106.9222,27.6869,遵义市,丁字口,,22,15,24,9,17,68,,60,60,6,11,2,3,0.4,0.6
2024-09-18T1500,1912A,106.9242,27.7019,遵义市,凤凰山,,22,18,22,15,18,61,,55,55,4,11,6,6,0.3,0.5
2024-09-18T1500,1913A,106.8906,27.6486,遵义市,忠庄,,25,25,38,7,16,69,,58,58,4,13,2,3,0.2,0.4
2024-09-18T1500,1914A,106.9231,27.6506,遵义市,舟水桥,,22,18,34,6,18,68,,56,56,4,9,1,2,0.2,0.4
2024-09-18T1500,1915A,106.9178,27.72,遵义市,干田坝,,19,,16,11,15,59,,52,52,4,11,4,5,0.5,0.6
2024-09-18T1500,3536A,106.8547,27.5919,遵义市,第十二小学,,20,9,31,3,23,64,,58,58,2,13,2,7,0.2,0.4
2024-09-18T1500,1083A,112.434,38.0108,太原市,上兰,,,,,,,,,,,,,,,,
2024-09-18T1500,1721A,113.3819,40.1097,大同市,果树场,,,,,,,,,,,,,,,,
2024-09-18T1500,2165A,112.8453,35.546,晋城市,白马寺,,,,,,,,,,,,,,,,
2024-09-18T1500,1280A,119.3903,26.0543,福州市,鼓山,,,,,,,,,,,,,,,,
2024-09-18T1500,1283A,119.2984,26.1028,福州市,五四北路,,,,,,,,,,,,,,,,
2024-09-18T1500,1286A,118.1608,24.8169,厦门市,溪东,,,,,,,,,,,,,,,,
2024-09-18T1500,2323A,118.981,25.4792,莆田市,东圳水库,,,,,,,,,,,,,,,,
2024-09-18T1500,2327A,117.7275,26.3108,三明市,洋溪,,,,,,,,,,,,,,,,
2024-09-18T1500,1614A,118.6117,24.9604,泉州市,清源山,,,,,,,,,,,,,,,,
2024-09-18T1500,2075A,117.6336,24.4674,漳州市,九湖,,,,,,,,,,,,,,,,
2024-09-18T1500,2331A,118.0966,26.6761,南平市,茫荡山,,,,,,,,,,,,,,,,
2024-09-18T1500,2335A,117.0189,25.1181,龙岩市,龙岩师专,,,,,,,,,,,,,,,,
2024-09-18T1500,2339A,119.5001,26.6946,宁德市,金涵水库,,,,,,,,,,,,,,,,
2024-09-18T1500,2342A,117.3102,29.3867,景德镇市,王港中学,,,,,,,,,,,,,,,,
2024-09-18T1500,2352A,115.0861,27.9317,新余市,北岗,,,,,,,,,,,,,,,,
2024-09-18T1500,2357A,116.9822,28.1136,鹰潭市,龙虎山,,,,,,,,,,,,,,,,
2024-09-18T1500,1382A,113.4411,22.4853,中山市,长江旅游区,,,,,,,,,,,,,,,,
2024-09-18T1500,1866A,109.2262,21.588,北海市,牛尾岭水库,,,,,,,,,,,,,,,,
2024-09-18T1500,2505A,109.568,23.1478,贵港市,德智高中,,,,,,,,,,,,,,,,
2024-09-18T1500,2362A,114.9017,25.9149,赣州市,通天岩,,,,,,,,,,,,,,,,
2024-09-18T1500,2371A,114.3408,27.8064,宜春市,槟榔水业,,,,,,,,,,,,,,,,
2024-09-18T1500,1744A,118.9233,42.2816,赤峰市,松山一中,,,,,,,,,,,,,,,,
2024-09-18T1500,3058A,119.2658,42.0353,赤峰市,银河街,,,,,,,,,,,,,,,,
2024-09-18T1500,1098A,123.6836,41.9339,沈阳市,森林路,,,,,,,,,,,,,,,,
2024-09-18T1500,1754A,123.1289,41.0228,鞍山市,千山,,,,,,,,,,,,,,,,
2024-09-18T1500,3122A,105.9606,26.2611,安顺市,伍家关,,,,,,,,,,,,,,,,
2024-09-18T1500,1451A,102.6251,24.9608,昆明市,西山森林公园,,,,,,,,,,,,,,,,
2024-09-18T1500,2598A,100.2143,26.8576,丽江市,西南郊,,,,,,,,,,,,,,,,
2024-09-18T1500,1125A,125.7194,43.515,长春市,甩湾子,,,,,,,,,,,,,,,,
2024-09-18T1500,1778A,126.7061,43.7133,吉林市,丰满,,,,,,,,,,,,,,,,
2024-09-18T1500,1324A,113.51488,34.91089,郑州市,岗李水库,,,,,,,,,,,,,,,,
2024-09-18T1500,1818A,114.4839,36.0621,安阳市,棉研所,,,,,,,,,,,,,,,,
2024-09-18T1500,1409A,110.576,19.9507,海口市,东寨港,,,,,,,,,,,,,,,,
2024-09-18T1500,1438A,103.613,31.0283,成都市,灵岩寺,,,,,,,,,,,,,,,,
2024-09-18T1500,1830A,113.1992,35.2590,焦作市,影视城,,,,,,,,,,,,,,,,
2024-09-18T1500,1838A,111.143,34.7955,三门峡市,风景区,,,,,,,,,,,,,,,,
2024-09-18T1500,1027A,117.157,38.9194,天津市,团泊洼,,,,,,,,,,,,,,,,
2024-09-18T1500,3272A,121.2186,31.0378,上海市,松江图书馆,,,,,,,,,,,,,,,,
2024-09-18T1500,1922A,109.0656,35.0994,铜川市,党校,,,,,,,,,,,,,,,,
2024-09-18T1500,1918A,108.7197,34.3956,咸阳市,气象站,,,,,,,,,,,,,,,,
2024-09-18T1500,1938A,109.5293,34.5101,渭南市,农科所,,,,,,,,,,,,,,,,
2024-09-18T1500,1477A,104.1373,35.9454,兰州市,榆中兰大校区,,,,,,,,,,,,,,,,
2024-09-18T1500,2649A,106.0055,34.343,天水市,麦积山,,,,,,,,,,,,,,,,
2024-09-18T1500,2665A,105.0822,33.3261,陇南市,汉王镇固水子,,,,,,,,,,,,,,,,
2024-09-18T1500,1483A,101.524,36.6867,西宁市,第五水厂,,,,,,,,,,,,,,,,
2024-09-18T1500,3429A,119.8598,31.7066,常州市,武进经发区,,,,,,,,,,,,,,,,
2024-09-18T1500,1857A,111.7158,29.1456,常德市,白鹤山,,,,,,,,,,,,,,,,
2024-09-18T1500,1859A,110.4697,29.1242,张家界市,电业局,,,,,,,,,,,,,,,,
2024-09-18T1500,1400A,112.4753,23.1,肇庆市,七星岩子站,,,,,,,,,,,,,,,,
2024-09-18T1500,1882A,104.563,28.793,宜宾市,石马中学,,,,,,,,,,,,,,,,
2024-09-18T1500,2543A,106.6308,30.5278,广安市,小平旧居,,,,,,,,,,,,,,,,
2024-09-18T1500,1552A,106.805,26.3003,贵阳市,桐木岭,,,,,,,,,,,,,,,,
2024-09-18T1500,2576A,104.8,26.5892,六盘水市,窑上,,,,,,,,,,,,,,,,
2024-09-18T1500,1484A,105.9512,38.6016,银川市,贺兰山马莲口,,,,,,,,,,,,,,,,
2024-09-18T1500,1947A,106.3394,38.817,石嘴山市,沙湖旅游区,,,,,,,,,,,,,,,,
2024-09-18T1500,2680A,105.0025,37.4635,中卫市,沙坡头消防站,,,,,,,,,,,,,,,,
