timepoint,stationcode,longitude,latitude,area,positionname,primarypollutant,aqi,pm10,pm10_24h,pm2_5,pm2_5_24h,o3,o3_24h,o3_8h,o3_8h_24h,no2,no2_24h,so2,so2_24h,co,co_24h
2023-04-23T09:00:00,1001A,116.3621,39.8784,北京市,万寿西宫,颗粒物(PM10),54,58,37,37,25,68,20,15,8,44,25,3,3,0.4,0.3
2023-04-23T09:00:00,1002A,116.2202,40.2915,北京市,定陵,,49,49,37,27,22,65,55,30,30,9,12,3,3,0.3,0.3
2023-04-23T09:00:00,1003A,116.4174,39.9289,北京市,东四,颗粒物(PM10),54,58,39,37,25,76,34,29,15,35,27,3,3,0.4,0.4
2023-04-23T09:00:00,1004A,116.4072,39.8863,北京市,天坛,颗粒物(PM10),55,59,36,37,22,75,27,10,10,43,21,1,2,0.5,0.4
2023-04-23T09:00:00,1005A,116.462,39.9365,北京市,农展馆,颗粒物(PM10),57,63,42,39,26,72,26,20,8,37,30,3,3,0.4,0.4
2023-04-23T09:00:00,1006A,116.3392,39.9295,北京市,官园,颗粒物(PM10),54,57,39,37,28,68,28,19,7,35,29,2,1,0.4,0.3
2023-04-23T09:00:00,1007A,116.2878,39.9611,北京市,海淀万柳,颗粒物(PM10),55,60,43,34,27,62,24,22,10,42,33,2,2,0.4,0.4
2023-04-23T09:00:00,1008A,116.6636,40.135,北京市,顺义新城,颗粒物(PM10),59,67,44,33,23,75,44,13,13,20,31,1,3,0.3,0.3
2023-04-23T09:00:00,1009A,116.6275,40.3275,北京市,怀柔镇,,43,43,34,30,23,73,31,36,28,32,21,1,1,0.4,0.3
2023-04-23T09:00:00,1010A,116.2296,40.217,北京市,昌平镇,,49,49,40,33,26,62,46,17,17,15,28,3,3,0.3,0.3
2023-04-23T09:00:00,1011A,116.3966,39.9821,北京市,奥体中心,细颗粒物(PM2.5),53,39,37,37,25,72,29,14,5,35,33,4,2,0.4,0.3
2023-04-23T09:00:00,1012A,116.184,39.9136,北京市,古城,颗粒物(PM10),58,65,43,37,27,77,32,36,27,33,21,1,3,0.4,0.3
2023-04-23T09:00:00,1015A,117.1444,39.1661,天津市,勤俭道,,50,50,40,32,29,95,50,22,22,42,32,12,6,0.6,0.4
2023-04-23T09:00:00,1017A,117.237,39.1082,天津市,大直沽八号路,,50,50,42,32,27,93,47,49,31,42,27,13,7,0.8,0.6
2023-04-23T09:00:00,1018A,117.202,39.0927,天津市,前进道,颗粒物(PM10),51,52,41,32,28,94,49,54,44,44,25,9,4,0.3,0.2
2023-04-23T09:00:00,1019A,117.1837,39.2133,天津市,淮河道,,46,46,41,27,29,93,62,29,15,35,35,11,6,0.4,0.3
2023-04-23T09:00:00,1021A,117.307,39.0877,天津市,跃进路,,49,49,45,30,30,100,48,40,20,40,27,9,5,0.6,0.4
2023-04-23T09:00:00,1023A,117.707,39.0343,天津市,第四大街,,42,42,47,20,28,92,80,25,25,23,31,8,5,0.9,1
2023-04-23T09:00:00,1024A,117.457,38.8394,天津市,永明路,,,43,44,23,28,93,67,27,20,35,32,,6,0.8,0.6
2023-04-23T09:00:00,1026A,117.764,39.1587,天津市,汉北路,,45,45,44,19,28,97,90,30,30,19,35,11,8,0.4,0.2
2023-04-23T09:00:00,1027A,117.157,38.9194,天津市,团泊洼,颗粒物(PM10),52,53,43,34,28,107,44,42,30,44,25,10,5,0.7,0.3
2023-04-23T09:00:00,1029A,114.4422,38.0444,石家庄市,职工医院,细颗粒物(PM2.5),64,46,50,46,37,78,31,36,27,29,23,5,5,0.7,0.5
2023-04-23T09:00:00,1030A,114.6063,38.0266,石家庄市,高新区,细颗粒物(PM2.5),60,62,39,43,32,78,11,28,14,34,18,4,3,0.8,0.6
2023-04-23T09:00:00,1031A,114.4898,38.1328,石家庄市,西北水源,颗粒物(PM10),58,66,54,40,30,73,23,30,19,32,26,2,1,0.6,0.5
2023-04-23T09:00:00,1032A,114.4586,38.0058,石家庄市,西南高教,细颗粒物(PM2.5),74,58,43,54,32,76,13,24,15,37,25,3,3,0.7,0.5
2023-04-23T09:00:00,1033A,114.5331,38.0178,石家庄市,世纪公园,细颗粒物(PM2.5),54,44,38,38,28,69,23,19,14,21,19,3,3,0.8,0.6
2023-04-23T09:00:00,1034A,114.509,38.0457,石家庄市,人民会堂,颗粒物(PM10),55,60,45,34,23,78,40,36,36,25,21,1,2,0.7,0.6
2023-04-23T09:00:00,1035A,114.3524,37.8911,石家庄市,封龙山,,,25,29,26,24,83,,76,76,4,8,5,6,0.3,0.2
2023-04-23T09:00:00,1037A,118.131,39.6363,唐山市,雷达站,颗粒物(PM10),77,103,44,42,23,105,41,28,24,56,32,14,3,1.3,0.4
2023-04-23T09:00:00,1038A,118.1725,39.6334,唐山市,物资局,颗粒物(PM10),79,108,47,47,32,98,46,53,27,47,24,14,3,1.3,0.5
2023-04-23T09:00:00,1040A,118.1705,39.6506,唐山市,十二中,颗粒物(PM10),81,112,38,54,30,104,36,49,23,48,20,14,3,1.4,0.5
2023-04-23T09:00:00,1041A,118.1869,39.622,唐山市,小山,颗粒物(PM10),81,112,51,41,24,107,43,58,26,60,28,15,4,1.3,0.5
2023-04-23T09:00:00,1042A,119.5134,39.8207,秦皇岛市,北戴河环保局,颗粒物(PM10),81,112,48,23,18,93,90,77,77,11,15,1,2,0.5,0.6
2023-04-23T09:00:00,1043A,119.7493,40.0116,秦皇岛市,第一关,颗粒物(PM10),79,108,58,16,27,109,98,88,88,10,26,6,4,0.3,0.4
2023-04-23T09:00:00,1044A,119.5897,39.9499,秦皇岛市,监测站,颗粒物(PM10),76,102,54,25,24,113,103,92,92,7,14,4,3,0.3,0.4
2023-04-23T09:00:00,1046A,119.5251,39.9041,秦皇岛市,建设大厦,颗粒物(PM10),73,95,56,16,19,118,110,73,73,2,18,6,8,0.3,0.4
2023-04-23T09:00:00,1048A,114.5302,36.6116,邯郸市,东污水处理厂,,46,46,42,17,20,77,52,46,46,17,23,4,4,0.3,0.6
2023-04-23T09:00:00,1049A,114.4918,36.5713,邯郸市,矿院,,25,25,34,17,26,77,63,50,50,11,17,1,1,0.3,0.8
2023-04-23T09:00:00,1050A,114.484,36.6133,邯郸市,丛台公园,,33,29,29,23,26,66,61,51,51,12,15,3,3,0.3,0.5
2023-04-23T09:00:00,1051A,115.493,38.8632,保定市,游泳馆,,49,47,39,34,25,76,52,45,39,18,18,2,2,0.2,0.3
2023-04-23T09:00:00,1052A,115.5213,38.8959,保定市,华电二区,细颗粒物(PM2.5),55,53,35,39,24,70,35,50,29,15,13,4,4,0.3,0.3
2023-04-23T09:00:00,1053A,115.4713,38.9108,保定市,接待中心,"颗粒物(PM10),细颗粒物(PM2.5)",54,58,39,38,26,69,36,50,28,14,10,7,6,0.6,0.5
2023-04-23T09:00:00,1054A,115.4612,38.8416,保定市,地表水厂,颗粒物(PM10),57,64,49,35,28,70,49,44,28,19,20,6,6,0.2,0.2
2023-04-23T09:00:00,1056A,115.5086,38.8639,保定市,监测站,细颗粒物(PM2.5),58,57,42,41,30,77,46,49,35,19,18,6,6,0.2,0.2
2023-04-23T09:00:00,1057A,114.8883,40.8336,张家口市,人民公园,,37,37,37,19,12,113,75,58,56,16,12,3,3,0.5,0.4
2023-04-23T09:00:00,1059A,114.8687,40.8042,张家口市,五金库,,43,43,43,26,19,110,74,64,57,20,17,2,2,0.5,0.4
2023-04-23T09:00:00,1060A,114.8902,40.762,张家口市,世纪豪园,,,,,,,,,,,,,,,,
2023-04-23T09:00:00,1061A,114.8916,40.8661,张家口市,北泵房,颗粒物(PM10),54,57,39,30,17,121,79,60,60,15,11,9,14,0.4,0.3
2023-04-23T09:00:00,1062A,117.9531,40.9081,承德市,铁路,颗粒物(PM10),58,65,38,26,22,107,33,44,27,40,25,9,8,0.4,0.4
2023-04-23T09:00:00,1063A,117.9392,40.9763,承德市,中国银行,颗粒物(PM10),59,68,42,14,17,112,39,20,19,30,26,7,8,0.4,0.4
2023-04-23T09:00:00,1064A,117.9503,40.928,承德市,开发区,颗粒物(PM10),55,59,42,23,23,114,43,42,29,42,25,6,5,0.6,0.5
2023-04-23T09:00:00,1065A,117.8051,40.9655,承德市,文化中心,颗粒物(PM10),61,71,54,30,22,109,61,16,14,29,30,9,10,0.4,0.5
2023-04-23T09:00:00,1066A,117.9268,41.0026,承德市,离宫,,46,46,36,17,22,116,63,34,34,19,20,1,3,0.3,0.4
2023-04-23T09:00:00,1067A,116.6708,39.5111,廊坊市,药材公司,,,58,30,30,16,81,,17,17,46,34,,1,0.4,0.4
2023-04-23T09:00:00,1068A,116.7214,39.5589,廊坊市,开发区,颗粒物(PM10),56,61,36,38,22,82,34,29,12,51,33,5,4,0.5,0.5
2023-04-23T09:00:00,1070A,116.7244,39.5269,廊坊市,北华航天学院,颗粒物(PM10),60,70,31,36,19,78,38,45,17,35,22,5,4,0.4,0.4
2023-04-23T09:00:00,1071A,116.8842,38.2991,沧州市,沧县城建局,细颗粒物(PM2.5),67,70,33,48,26,90,30,61,32,46,27,2,3,0.5,0.3
2023-04-23T09:00:00,1072A,116.8584,38.3254,沧州市,电视转播站,细颗粒物(PM2.5),73,65,43,53,24,82,18,42,21,41,29,3,5,0.5,0.4
2023-04-23T09:00:00,1073A,116.8709,38.3228,沧州市,市环保局,细颗粒物(PM2.5),62,72,41,44,25,88,23,55,24,40,30,2,2,0.4,0.3
2023-04-23T09:00:00,1074A,115.6838,37.7541,衡水市,电机北厂,细颗粒物(PM2.5),59,49,27,42,19,77,13,51,31,31,13,1,3,0.5,0.4
2023-04-23T09:00:00,1075A,115.6303,37.7316,衡水市,市监测站,细颗粒物(PM2.5),53,48,29,37,19,75,26,44,32,19,12,5,4,0.7,0.6
2023-04-23T09:00:00,1077A,114.4704,37.0886,邢台市,达活泉,颗粒物(PM10),53,56,38,34,30,78,49,47,44,10,11,3,2,0.6,0.7
2023-04-23T09:00:00,1078A,114.5062,37.0349,邢台市,邢师高专,,41,41,36,25,24,80,49,36,36,16,19,2,3,0.6,0.8
2023-04-23T09:00:00,1079A,114.5237,37.0851,邢台市,路桥公司,,46,40,38,32,26,78,47,39,32,10,11,6,6,0.7,0.7
2023-04-23T09:00:00,1080A,114.4725,37.0719,邢台市,市环保局,细颗粒物(PM2.5),52,30,34,36,34,85,50,58,49,14,13,4,4,0.5,0.7
2023-04-23T09:00:00,1081A,112.522,37.8873,太原市,尖草坪,,21,16,26,14,22,86,66,74,74,21,22,14,5,1.5,0.6
2023-04-23T09:00:00,1083A,112.434,38.0108,太原市,上兰,,28,14,26,9,19,92,88,49,49,4,10,5,5,0.5,0.5
2023-04-23T09:00:00,1084A,112.469,37.7124,太原市,晋源,,23,16,35,14,26,97,72,70,68,15,24,3,2,0.6,0.6
2023-04-23T09:00:00,1085A,112.5583,37.7394,太原市,小店,,23,14,30,12,28,81,71,58,58,15,31,2,3,0.6,0.5
2023-04-23T09:00:00,1086A,112.5369,37.8692,太原市,桃园,,21,18,31,12,28,84,66,66,66,22,26,5,4,0.6,0.5
2023-04-23T09:00:00,1087A,112.57,37.8195,太原市,坞城,,21,15,34,12,27,77,65,62,62,17,24,6,7,0.5,0.5
2023-04-23T09:00:00,1088A,112.549,37.9854,太原市,南寨,,24,24,26,12,21,98,66,31,31,15,22,3,4,0.4,0.4
2023-04-23T09:00:00,1090A,111.6507,40.7517,呼和浩特市,呼市一监,颗粒物(PM10),53,56,61,14,21,99,47,39,32,33,28,12,7,0.5,0.4
2023-04-23T09:00:00,1091A,111.6572,40.8033,呼和浩特市,小召,,46,46,55,12,19,103,49,68,40,39,27,9,9,0.6,0.5
2023-04-23T09:00:00,1094A,111.7516,40.8369,呼和浩特市,如意水处理厂,颗粒物(PM10),52,54,37,14,14,101,48,40,34,36,21,10,8,0.5,0.5
2023-04-23T09:00:00,1095A,111.7276,40.8062,呼和浩特市,二十九中,颗粒物(PM10),56,62,54,13,16,102,58,50,36,28,25,11,8,0.5,0.4
2023-04-23T09:00:00,1096A,111.5512,40.7866,呼和浩特市,工大金川校区,颗粒物(PM10),72,93,67,21,24,106,28,37,27,48,30,8,8,0.7,0.5
2023-04-23T09:00:00,1097A,111.717,40.7612,呼和浩特市,化肥厂生活区,颗粒物(PM10),54,57,48,13,16,101,47,44,40,35,26,14,9,0.6,0.5
2023-04-23T09:00:00,1098A,123.6836,41.9339,沈阳市,森林路,,,,,,,,,,,,,,,,
2023-04-23T09:00:00,1099A,123.505,41.7406,沈阳市,浑南东路,颗粒物(PM10),61,71,75,40,35,140,71,65,57,28,27,12,9,0.6,0.6
2023-04-23T09:00:00,1100A,123.4231,41.6989,沈阳市,新秀街,颗粒物(PM10),57,63,69,27,23,132,66,72,54,25,24,15,11,0.5,0.5
2023-04-23T09:00:00,1102A,123.5903,41.8411,沈阳市,东陵路,颗粒物(PM10),62,74,65,36,31,130,59,61,48,26,23,11,10,0.6,0.6
2023-04-23T09:00:00,1103A,123.4264,41.8467,沈阳市,陵东街,颗粒物(PM10),59,68,85,29,37,136,63,40,26,24,36,13,11,0.6,0.6
2023-04-23T09:00:00,1104A,123.4114,41.7653,沈阳市,文化路,颗粒物(PM10),59,68,78,33,35,140,66,66,57,27,27,12,10,0.6,0.6
2023-04-23T09:00:00,1105A,123.4678,41.7867,沈阳市,小河沿,颗粒物(PM10),58,66,70,28,30,135,62,68,55,27,24,12,11,0.5,0.5
2023-04-23T09:00:00,1106A,123.4017,41.7972,沈阳市,太原街,颗粒物(PM10),60,70,84,35,44,131,58,48,30,31,38,13,11,0.4,0.5
2023-04-23T09:00:00,1108A,123.3783,41.9228,沈阳市,京沈街,颗粒物(PM10),62,74,75,38,41,139,63,70,56,26,24,14,13,0.7,0.7
2023-04-23T09:00:00,1109A,121.612,38.9741,大连市,甘井子,,43,43,43,28,22,112,89,94,82,25,19,7,5,0.6,0.5
2023-04-23T09:00:00,1110A,121.565,38.9511,大连市,周水子,,46,46,44,21,18,116,73,84,75,41,30,7,5,0.7,0.6
2023-04-23T09:00:00,1111A,121.5637,38.8845,大连市,星海三站,,43,43,41,19,17,111,78,103,90,41,23,8,6,0.6,0.5
2023-04-23T09:00:00,1112A,121.6302,38.9117,大连市,青泥洼桥,,46,46,49,20,20,115,81,90,81,32,26,8,6,0.7,0.6
2023-04-23T09:00:00,1113A,121.6251,38.8638,大连市,傅家庄,,36,36,46,16,18,120,98,100,94,17,18,8,7,0.8,0.7
2023-04-23T09:00:00,1114A,121.5213,38.8661,大连市,七贤岭,,37,37,43,22,16,122,87,117,109,32,12,8,6,0.5,0.4
2023-04-23T09:00:00,1115A,121.2529,38.8061,大连市,旅顺,,30,30,38,16,20,121,96,104,95,19,12,7,6,0.6,0.6
2023-04-23T09:00:00,1116A,121.7485,39.1311,大连市,金州,,45,45,39,21,17,114,95,83,83,18,18,12,9,0.7,0.6
2023-04-23T09:00:00,1117A,121.7811,39.0496,大连市,开发区,,32,32,43,18,17,106,88,86,86,21,22,5,7,0.7,0.6
2023-04-23T09:00:00,1118A,121.9762,39.0631,大连市,双D港,颗粒物(PM10),51,51,48,15,21,111,101,97,97,15,20,8,8,0.5,0.5
2023-04-23T09:00:00,1119A,125.3325,43.9166,长春市,食品厂,,41,41,60,21,25,103,82,35,27,16,35,7,8,0.3,0.3
2023-04-23T09:00:00,1120A,125.2863,43.9027,长春市,客车厂,,43,43,48,14,22,105,76,35,35,16,34,5,6,0.3,0.4
2023-04-23T09:00:00,1121A,125.2841,43.8463,长春市,邮电学院,,35,35,44,12,19,104,83,48,42,9,24,6,6,0.3,0.4
2023-04-23T09:00:00,1122A,125.3716,43.8772,长春市,劳动公园,,42,42,50,18,22,109,85,35,32,14,32,6,6,0.3,0.4
2023-04-23T09:00:00,1123A,125.3297,43.8805,长春市,园林处,,30,30,42,14,15,97,78,49,41,16,29,8,7,0.4,0.5
2023-04-23T09:00:00,1124A,125.4605,43.79,长春市,净月潭,,40,40,39,11,14,101,85,52,50,4,10,4,4,0.3,0.3
2023-04-23T09:00:00,1125A,125.7194,43.515,长春市,甩湾子,,45,45,53,15,19,127,96,33,33,9,17,5,5,0.3,0.6
2023-04-23T09:00:00,1126A,125.3863,43.8447,长春市,经开区环卫处,,47,47,65,20,25,107,81,25,25,12,34,6,7,0.4,0.4
2023-04-23T09:00:00,1127A,125.245,43.7783,长春市,高新区管委会,,37,37,52,13,22,106,83,25,25,11,32,3,4,0.4,0.5
2023-04-23T09:00:00,1128A,125.1761,43.8325,长春市,岱山公园,,35,35,50,14,18,104,81,32,31,6,27,5,6,0.2,0.3
2023-04-23T09:00:00,1129A,126.5422,45.755,哈尔滨市,岭北,,24,12,26,12,15,105,76,61,61,5,11,9,10,0.5,0.4
2023-04-23T09:00:00,1130A,126.561,45.8167,哈尔滨市,松北商大,,23,16,24,11,12,105,72,61,60,9,14,5,5,0.6,0.5
2023-04-23T09:00:00,1131A,126.979,45.5419,哈尔滨市,阿城会宁,,37,37,52,13,26,102,71,44,29,14,21,4,6,0.6,0.6
2023-04-23T09:00:00,1132A,126.599,45.7222,哈尔滨市,南岗学府路,,22,22,31,7,9,98,70,60,60,6,9,5,6,0.5,0.5
2023-04-23T09:00:00,1133A,126.689,45.7733,哈尔滨市,太平宏伟公园,,28,28,32,9,12,99,69,64,62,11,13,5,5,0.4,0.4
2023-04-23T09:00:00,1134A,126.635,45.7667,哈尔滨市,道外承德广场,,23,23,26,10,13,96,67,61,61,12,13,7,7,0.3,0.2
2023-04-23T09:00:00,1135A,126.685,45.7319,哈尔滨市,香坊红旗大街,,36,36,29,12,14,104,77,68,68,12,11,8,8,0.4,0.4
2023-04-23T09:00:00,1136A,126.6411,45.7258,哈尔滨市,动力和平路,,22,9,27,3,12,101,70,59,59,12,17,7,8,0.8,0.7
2023-04-23T09:00:00,1137A,126.593,45.7478,哈尔滨市,道里建国路,,32,32,27,9,12,97,67,50,50,13,19,8,9,0.5,0.5
2023-04-23T09:00:00,1138A,126.615,45.61,哈尔滨市,平房东轻厂,,23,16,36,14,16,100,72,44,44,12,22,6,6,0.3,0.4
2023-04-23T09:00:00,1139A,126.595,45.9855,哈尔滨市,呼兰师专,,28,28,31,14,14,95,73,53,53,8,12,5,5,0.5,0.5
2023-04-23T09:00:00,1140A,126.6206,45.6842,哈尔滨市,省农科院,,24,22,28,10,14,104,75,64,64,9,14,10,9,0.4,0.4
2023-04-23T09:00:00,1141A,121.4,31.238,上海市,普陀,颗粒物(PM10),94,138,127,27,24,122,86,96,92,17,17,4,5,0.5,0.5
2023-04-23T09:00:00,1142A,121.478,31.2036,上海市,十五厂,颗粒物(PM10),98,146,146,23,28,112,80,88,84,19,21,7,7,0.6,0.6
2023-04-23T09:00:00,1143A,121.467,31.3008,上海市,虹口,颗粒物(PM10),91,132,129,32,32,113,79,89,86,16,15,7,9,0.6,0.5
2023-04-23T09:00:00,1144A,121.412,31.1654,上海市,徐汇上师大,颗粒物(PM10),90,130,124,33,30,114,92,97,95,19,21,7,7,0.6,0.5
2023-04-23T09:00:00,1145A,121.536,31.2659,上海市,杨浦四漂,颗粒物(PM10),93,136,136,28,26,118,83,85,85,22,22,6,7,0.6,0.5
2023-04-23T09:00:00,1147A,121.425,31.2261,上海市,静安监测站,颗粒物(PM10),92,134,132,33,30,117,80,86,84,19,20,5,7,0.5,0.5
2023-04-23T09:00:00,1148A,121.703,31.1907,上海市,浦东川沙,颗粒物(PM10),96,142,142,32,31,105,84,88,86,7,8,5,6,0.6,0.6
2023-04-23T09:00:00,1149A,121.533,31.2284,上海市,浦东新区监测站,颗粒物(PM10),94,137,136,26,24,114,92,96,93,8,10,6,7,0.4,0.3
2023-04-23T09:00:00,1150A,121.577,31.2071,上海市,浦东张江,颗粒物(PM10),98,145,139,30,31,110,90,97,94,15,15,4,4,0.6,0.6
2023-04-23T09:00:00,1151A,118.8086,32.1065,南京市,迈皋桥,颗粒物(PM10),62,73,75,27,19,108,64,69,63,23,21,4,5,0.2,0.2
2023-04-23T09:00:00,1152A,118.7538,32.0551,南京市,草场门,颗粒物(PM10),57,63,73,29,20,104,69,76,68,16,21,3,5,0.5,0.4
2023-04-23T09:00:00,1153A,118.7794,32.0745,南京市,山西路,颗粒物(PM10),57,63,78,29,20,104,74,78,70,9,15,4,4,0.2,0.2
2023-04-23T09:00:00,1154A,118.7752,32.0023,南京市,中华门,颗粒物(PM10),52,53,69,24,17,102,72,77,68,19,24,4,4,0.5,0.5
2023-04-23T09:00:00,1155A,118.8109,32.0309,南京市,瑞金路,颗粒物(PM10),64,78,78,29,20,105,64,77,65,13,16,4,5,0.4,0.3
2023-04-23T09:00:00,1156A,118.7997,32.0754,南京市,玄武湖,颗粒物(PM10),62,73,71,25,20,93,56,67,58,15,20,5,7,0.2,0.2
2023-04-23T09:00:00,1157A,118.6414,32.0931,南京市,浦口,颗粒物(PM10),64,78,73,36,20,112,64,82,68,26,21,4,6,0.4,0.4
2023-04-23T09:00:00,1158A,118.7356,31.9996,南京市,奥体中心,颗粒物(PM10),63,76,77,34,23,107,72,81,70,17,18,5,7,0.3,0.3
2023-04-23T09:00:00,1159A,118.9125,32.1028,南京市,仙林大学城,颗粒物(PM10),57,63,73,29,19,113,74,73,67,11,17,6,8,0.5,0.5
2023-04-23T09:00:00,1160A,120.561,31.2472,苏州市,上方山,颗粒物(PM10),71,91,120,38,31,102,64,72,67,20,18,7,7,0.4,0.4
2023-04-23T09:00:00,1162A,120.591,31.3019,苏州市,彩香,颗粒物(PM10),87,124,126,34,32,131,82,85,83,16,11,5,6,0.6,0.5
2023-04-23T09:00:00,1163A,120.596,31.3264,苏州市,轧钢厂,颗粒物(PM10),90,130,132,33,31,122,70,80,74,14,7,8,8,0.6,0.5
2023-04-23T09:00:00,1164A,120.613,31.2703,苏州市,吴中区,颗粒物(PM10),90,130,130,31,33,124,83,86,82,17,18,8,8,0.5,0.5
2023-04-23T09:00:00,1165A,120.543,31.2994,苏州市,苏州新区,颗粒物(PM10),87,123,124,32,31,127,75,81,78,16,12,6,6,0.4,0.4
2023-04-23T09:00:00,1166A,120.669,31.3097,苏州市,苏州工业园区,颗粒物(PM10),93,135,130,34,35,118,74,78,75,15,13,8,8,0.6,0.5
2023-04-23T09:00:00,1167A,120.641,31.3708,苏州市,相城区,颗粒物(PM10),94,137,123,32,30,125,81,78,77,5,7,6,7,0.4,0.5
2023-04-23T09:00:00,1168A,120.9098,31.9663,南通市,狼山街道,颗粒物(PM10),90,130,118,34,26,120,96,92,92,9,8,6,6,0.3,0.3
2023-04-23T09:00:00,1169A,120.86,32.0005,南通市,虹桥,颗粒物(PM10),90,130,115,34,27,122,101,97,97,14,13,6,6,0.5,0.4
2023-04-23T09:00:00,1170A,120.87,32.02,南通市,城中,,,124,106,40,28,125,,88,88,12,11,8,8,0.3,0.3
2023-04-23T09:00:00,1171A,120.94,31.93,南通市,星湖花园,颗粒物(PM10),88,126,115,31,26,115,87,86,86,14,11,7,6,0.5,0.3
2023-04-23T09:00:00,1172A,120.81,32.0417,南通市,紫琅学院,颗粒物(PM10),90,130,117,31,25,107,81,79,79,13,13,5,6,0.4,0.4
2023-04-23T09:00:00,1173A,119.176,34.5885,连云港市,市环境监测站,颗粒物(PM10),82,114,69,36,21,99,99,93,86,11,16,5,6,0.4,0.5
2023-04-23T09:00:00,1177A,117.179,34.2761,徐州市,黄河新村,,36,31,64,25,29,77,55,65,59,25,23,5,7,0.7,0.6
2023-04-23T09:00:00,1178A,117.1918,34.2384,徐州市,淮塔,,39,33,65,27,29,80,63,63,63,15,20,7,9,1.0,0.9
2023-04-23T09:00:00,1180A,117.256,34.2153,徐州市,新城区,,42,0,57,29,32,78,64,64,63,14,22,8,10,0.6,0.6
2023-04-23T09:00:00,1181A,117.244,34.2911,徐州市,桃园路,,32,31,62,22,24,75,55,59,58,19,20,6,8,0.7,0.7
2023-04-23T09:00:00,1182A,117.2933,34.2778,徐州市,农科院,,22,22,55,12,21,78,63,66,66,17,23,5,7,0.7,0.7
2023-04-23T09:00:00,1186A,119.389,32.3761,扬州市,邗江监测站,颗粒物(PM10),53,56,76,27,24,119,80,86,75,17,15,4,5,0.3,0.3
2023-04-23T09:00:00,1188A,120.269,31.4867,无锡市,雪浪,颗粒物(PM10),68,85,112,24,26,121,77,72,72,18,20,7,8,0.6,0.6
2023-04-23T09:00:00,1189A,120.275,31.6219,无锡市,黄巷,颗粒物(PM10),89,127,124,31,27,126,78,79,79,20,17,4,5,0.6,0.6
2023-04-23T09:00:00,1190A,120.294,31.56,无锡市,曹张,颗粒物(PM10),69,88,102,29,26,119,79,76,76,14,18,4,6,0.6,0.6
2023-04-23T09:00:00,1191A,120.242,31.5031,无锡市,漆塘,颗粒物(PM10),69,88,110,24,26,153,79,72,72,17,18,5,7,0.3,0.3
2023-04-23T09:00:00,1192A,120.3489,31.5863,无锡市,东亭,颗粒物(PM10),75,100,106,24,28,120,78,76,76,12,12,8,9,0.7,0.7
2023-04-23T09:00:00,1193A,120.354,31.5475,无锡市,旺庄,颗粒物(PM10),70,90,110,24,25,122,68,70,70,24,20,9,10,0.8,0.8
2023-04-23T09:00:00,1194A,120.245,31.5631,无锡市,荣巷,颗粒物(PM10),67,83,103,22,28,120,85,79,79,17,19,10,11,0,0.1
2023-04-23T09:00:00,1195A,120.299,31.6817,无锡市,堰桥,颗粒物(PM10),71,92,112,29,26,128,86,82,82,14,15,6,8,0.5,0.5
2023-04-23T09:00:00,1196A,119.9633,31.762,常州市,市监测站,颗粒物(PM10),71,92,110,26,28,108,86,73,73,14,23,5,7,0.6,0.6
2023-04-23T09:00:00,1200A,119.9468,31.7069,常州市,武进监测站,颗粒物(PM10),73,96,106,26,27,114,81,75,75,18,24,8,10,0.5,0.7
2023-04-23T09:00:00,1201A,119.9255,31.9087,常州市,安家,颗粒物(PM10),72,93,101,31,28,116,87,69,69,16,22,5,6,0.3,0.4
2023-04-23T09:00:00,1203A,119.6707,32.1875,镇江市,新区办事处,颗粒物(PM10),77,104,92,30,25,126,84,86,81,12,9,4,4,0.4,0.3
2023-04-23T09:00:00,1204A,119.4974,32.1968,镇江市,职教中心,颗粒物(PM10),71,91,85,30,25,106,83,91,78,13,15,2,4,0.3,0.4
2023-04-23T09:00:00,1205A,119.4303,32.1328,镇江市,丹徒区监测站,颗粒物(PM10),75,100,92,34,27,120,78,87,76,14,13,1,2,0.3,0.3
2023-04-23T09:00:00,1206A,119.905,32.4878,泰州市,公园路,颗粒物(PM10),54,58,73,29,26,120,95,85,83,8,10,7,8,0.4,0.3
2023-04-23T09:00:00,1207A,119.9189,32.4625,泰州市,莲花,颗粒物(PM10),58,66,75,34,26,124,99,89,87,12,12,7,7,0.3,0.3
2023-04-23T09:00:00,1209A,119.888,32.4639,泰州市,留学生创业园,颗粒物(PM10),66,81,88,26,22,117,94,85,83,4,7,5,6,0.4,0.3
2023-04-23T09:00:00,1210A,119.036,33.5981,淮安市,钵池山,颗粒物(PM10),78,105,65,34,22,95,91,79,72,14,18,7,8,0.5,0.5
2023-04-23T09:00:00,1211A,119.007,33.575,淮安市,北京南路,颗粒物(PM10),81,112,68,38,23,94,88,76,70,15,18,8,9,0.4,0.4
2023-04-23T09:00:00,1212A,118.989,33.6067,淮安市,市监测站,,,117,72,39,17,100,99,85,76,,18,6,7,0.4,0.3
2023-04-23T09:00:00,1213A,119.135,33.5039,淮安市,楚州区监测站,颗粒物(PM10),79,107,69,26,22,98,88,78,72,12,15,7,8,0.4,0.4
2023-04-23T09:00:00,1214A,119.0186,33.6297,淮安市,淮阴区监测站,颗粒物(PM10),82,114,74,40,23,93,92,82,71,12,20,7,8,0.3,0.3
2023-04-23T09:00:00,1215A,120.118,33.4022,盐城市,盐城电厂,颗粒物(PM10),84,117,85,40,23,116,103,94,94,10,10,4,5,0.3,0.3
2023-04-23T09:00:00,1216A,120.156,33.3942,盐城市,市监测站,颗粒物(PM10),85,120,79,33,20,109,92,84,84,11,10,4,5,0.3,0.3
2023-04-23T09:00:00,1218A,120.2144,33.38,盐城市,开发区管委会,颗粒物(PM10),86,122,86,28,20,117,93,90,90,10,11,4,5,0.2,0.2
2023-04-23T09:00:00,1220A,118.293,33.9528,宿迁市,宿迁学院,颗粒物(PM10),53,55,73,35,28,94,51,90,70,26,21,4,5,0.7,0.5
2023-04-23T09:00:00,1221A,118.2442,33.9592,宿迁市,宿迁中学,,45,45,68,30,26,92,49,88,72,22,19,6,7,0.8,0.6
2023-04-23T09:00:00,1223A,120.2072,30.2111,杭州市,滨江,颗粒物(PM10),94,138,133,24,28,155,59,82,64,33,30,8,8,0.5,0.4
2023-04-23T09:00:00,1224A,120.0633,30.2747,杭州市,西溪,颗粒物(PM10),86,122,123,29,23,150,57,86,68,25,26,6,7,0.6,0.5
2023-04-23T09:00:00,1226A,120.3461,30.3153,杭州市,下沙,颗粒物(PM10),78,105,119,33,30,162,77,85,79,17,20,5,6,0.4,0.4
2023-04-23T09:00:00,1227A,120.1269,30.2456,杭州市,卧龙桥,颗粒物(PM10),77,103,109,34,32,162,67,89,72,23,21,3,7,0.4,0.4
2023-04-23T09:00:00,1228A,120.1903,30.2692,杭州市,浙江农大,颗粒物(PM10),68,86,104,30,29,152,66,84,71,22,23,3,4,0.5,0.5
2023-04-23T09:00:00,1230A,120.1197,30.3119,杭州市,和睦小学,颗粒物(PM10),82,114,110,39,28,144,57,82,66,29,26,5,6,0.6,0.6
2023-04-23T09:00:00,1231A,120.3019,30.4183,杭州市,临平镇,颗粒物(PM10),79,107,122,33,31,173,67,93,84,19,14,3,5,0.4,0.4
2023-04-23T09:00:00,1232A,120.2697,30.1819,杭州市,城厢镇,颗粒物(PM10),95,139,121,40,37,149,64,71,64,30,29,7,8,0.5,0.4
2023-04-23T09:00:00,1233A,120.0883,30.1808,杭州市,云栖,颗粒物(PM10),84,118,114,36,27,149,54,82,64,28,26,6,7,0.5,0.5
2023-04-23T09:00:00,1234A,121.8358,29.911,宁波市,区环保大楼,颗粒物(PM10),64,78,88,27,32,136,68,74,71,33,30,4,6,0.4,0.5
2023-04-23T09:00:00,1235A,121.56,29.82,宁波市,万里学院,颗粒物(PM10),74,98,111,29,30,158,82,70,70,20,29,3,4,0.4,0.5
2023-04-23T09:00:00,1236A,121.713,29.9572,宁波市,龙赛医院,颗粒物(PM10),74,97,119,23,25,117,68,64,54,29,28,5,7,0.3,0.3
2023-04-23T09:00:00,1239A,121.633,29.7733,宁波市,钱湖水厂,颗粒物(PM10),80,110,96,37,28,147,61,71,71,27,16,4,5,0.3,0.4
2023-04-23T09:00:00,1240A,121.5856,29.8635,宁波市,太古小学,颗粒物(PM10),73,95,104,31,27,144,66,74,74,33,27,8,8,0.6,0.5
2023-04-23T09:00:00,1241A,121.524,29.8674,宁波市,市环境监测中心,颗粒物(PM10),80,109,113,23,23,156,70,69,69,30,26,7,8,0.5,0.4
2023-04-23T09:00:00,1242A,120.634,28.0089,温州市,瓯海,颗粒物(PM10),62,73,76,41,28,142,32,80,48,44,30,6,7,0.5,0.5
2023-04-23T09:00:00,1243A,120.6748,27.9939,温州市,南浦,颗粒物(PM10),65,80,69,35,28,153,60,96,76,28,21,5,5,0.4,0.3
2023-04-23T09:00:00,1244A,120.76,27.9747,温州市,龙湾,颗粒物(PM10),69,88,69,32,22,149,65,101,77,26,22,6,7,0.4,0.4
2023-04-23T09:00:00,1245A,120.6709,28.0167,温州市,市站,颗粒物(PM10),73,96,75,37,28,127,58,90,79,49,43,5,6,0.5,0.4
2023-04-23T09:00:00,1247A,120.6053,29.9928,绍兴市,城东开发委,颗粒物(PM10),87,123,110,37,32,151,56,70,53,29,23,7,9,0.6,0.5
2023-04-23T09:00:00,1250A,120.0751,30.8669,湖州市,城西水厂,颗粒物(PM10),67,84,109,33,31,123,76,73,73,17,19,5,6,0.3,0.3
2023-04-23T09:00:00,1252A,120.7436,30.778,嘉兴市,清河小学,颗粒物(PM10),69,88,125,20,27,144,73,77,74,20,23,4,5,0.5,0.4
2023-04-23T09:00:00,1253A,120.726,30.7478,嘉兴市,嘉兴学院,颗粒物(PM10),66,82,121,22,27,155,70,85,78,20,19,4,5,0.3,0.3
2023-04-23T09:00:00,1255A,121.273,28.6459,台州市,黄岩环保大楼,颗粒物(PM10),101,151,97,33,21,143,73,93,82,19,17,5,6,0.4,0.3
2023-04-23T09:00:00,1256A,121.419,28.6542,台州市,台州环保大楼,颗粒物(PM10),91,132,99,34,21,145,78,101,92,12,13,6,6,0.4,0.3
2023-04-23T09:00:00,1257A,121.377,28.5773,台州市,路桥田洋王,颗粒物(PM10),104,158,106,42,29,149,71,96,85,20,16,6,6,0.2,0.2
2023-04-23T09:00:00,1258A,122.122,30.0203,舟山市,定海檀枫,颗粒物(PM10),70,90,107,23,26,118,82,86,83,16,12,5,5,0.3,0.3
2023-04-23T09:00:00,1259A,122.3094,29.9558,舟山市,普陀东港,颗粒物(PM10),72,94,118,28,34,114,82,91,87,13,10,6,5,0.3,0.3
2023-04-23T09:00:00,1260A,122.19,29.9944,舟山市,临城新区,颗粒物(PM10),72,94,124,24,29,117,89,94,92,12,12,5,5,0.3,0.3
2023-04-23T09:00:00,1262A,119.647,29.077,金华市,十五中,"颗粒物(PM10),细颗粒物(PM2.5)",58,66,95,41,33,99,55,73,68,40,34,7,8,0.5,0.5
2023-04-23T09:00:00,1263A,119.686,29.1029,金华市,监测站,颗粒物(PM10),54,58,83,33,37,99,55,68,66,38,36,7,9,0.5,0.5
2023-04-23T09:00:00,1264A,118.8692,28.9398,衢州市,环保大楼,颗粒物(PM10),52,54,64,33,24,96,65,67,67,28,25,5,5,0.6,0.5
2023-04-23T09:00:00,1265A,118.8709,28.9666,衢州市,实验学校,颗粒物(PM10),56,61,63,36,25,96,64,70,67,25,22,6,5,0.6,0.6
2023-04-23T09:00:00,1266A,118.8621,28.9808,衢州市,衢州学院,颗粒物(PM10),53,55,59,36,25,96,65,72,69,20,21,4,5,0.5,0.5
2023-04-23T09:00:00,1267A,119.914,28.4514,丽水市,监测站大楼,,39,39,56,18,26,136,91,108,101,15,12,5,5,0.4,0.4
2023-04-23T09:00:00,1268A,119.93,28.4586,丽水市,莲都小学,,50,50,61,16,21,146,92,118,109,18,13,5,5,0.4,0.4
2023-04-23T09:00:00,1269A,119.879,28.4231,丽水市,余庄前,,43,43,54,24,28,133,85,98,93,11,13,6,6,0.4,0.4
2023-04-23T09:00:00,1270A,117.1959,31.7848,合肥市,明珠广场,,18,14,62,12,19,88,50,83,69,21,23,3,5,0.6,0.5
2023-04-23T09:00:00,1271A,117.3072,31.8764,合肥市,三里街,,20,14,56,14,19,85,46,74,62,26,25,4,6,0.6,0.5
2023-04-23T09:00:00,1272A,117.2588,31.8707,合肥市,琥珀山庄,,28,22,57,19,21,91,52,77,69,18,15,4,4,0.7,0.5
2023-04-23T09:00:00,1273A,117.1604,31.9052,合肥市,董铺水库,,25,19,61,17,16,90,55,77,68,12,11,3,4,0.3,0.3
2023-04-23T09:00:00,1274A,117.25,31.8571,合肥市,长江中路,,22,22,66,15,24,92,52,76,68,14,15,7,9,0.4,0.4
2023-04-23T09:00:00,1275A,117.266,31.9436,合肥市,庐阳区,,29,29,63,12,17,89,51,75,66,15,14,1,3,0.4,0.4
2023-04-23T09:00:00,1276A,117.336,31.8586,合肥市,瑶海区,,22,22,63,9,16,90,46,78,65,18,12,5,7,0.4,0.3
2023-04-23T09:00:00,1277A,117.3027,31.7964,合肥市,包河区,,27,27,64,9,20,78,28,74,57,37,26,3,2,0.2,0.2
2023-04-23T09:00:00,1278A,117.2776,31.7385,合肥市,滨湖新区,,45,14,63,31,18,87,46,79,61,26,21,5,6,0.6,0.6
2023-04-23T09:00:00,1279A,117.1318,31.8403,合肥市,高新区,,28,24,62,19,18,84,52,77,68,20,22,5,7,0.6,0.5
2023-04-23T09:00:00,1280A,119.3903,26.0543,福州市,鼓山,,,,,,,,,,,,,,,,
2023-04-23T09:00:00,1282A,119.2681,26.0504,福州市,师大,细颗粒物(PM2.5),60,66,74,43,33,125,45,105,70,34,20,5,6,0.4,0.4
2023-04-23T09:00:00,1283A,119.2984,26.1028,福州市,五四北路,细颗粒物(PM2.5),64,71,71,46,34,119,48,100,68,33,22,3,3,0.4,0.4
2023-04-23T09:00:00,1284A,119.2648,26.0768,福州市,杨桥西路,细颗粒物(PM2.5),58,62,73,41,32,117,56,95,67,26,18,3,4,0.3,0.3
2023-04-23T09:00:00,1285A,119.317,26.0746,福州市,紫阳,细颗粒物(PM2.5),63,71,76,45,33,116,56,90,68,26,20,3,3,0.5,0.4
2023-04-23T09:00:00,1286A,118.1608,24.8169,厦门市,溪东,,,,,,,,,,,,,,,,
2023-04-23T09:00:00,1287A,118.1514,24.4767,厦门市,洪文,颗粒物(PM10),57,64,76,27,30,142,66,76,64,13,10,1,3,0.3,0.3
2023-04-23T09:00:00,1288A,118.0661,24.4444,厦门市,鼓浪屿,颗粒物(PM10),55,60,73,23,29,155,91,98,87,11,13,1,2,0.1,0.1
2023-04-23T09:00:00,1290A,115.8931,28.6843,南昌市,省外办,,41,41,35,18,16,77,64,70,70,15,18,4,4,0.3,0.3
2023-04-23T09:00:00,1291A,115.8886,28.7003,南昌市,省林业公司,,35,19,15,24,15,73,63,68,68,7,14,4,4,0.4,0.4
2023-04-23T09:00:00,1292A,115.8126,28.7442,南昌市,林科所,,20,9,11,9,7,79,62,74,73,16,18,8,8,0.5,0.5
2023-04-23T09:00:00,1294A,115.8518,28.687,南昌市,建工学校,,33,31,33,23,14,80,61,72,71,19,18,7,6,0.4,0.4
2023-04-23T09:00:00,1295A,115.8921,28.6424,南昌市,象湖,,38,38,27,21,14,75,63,69,69,16,18,4,5,0.5,0.5
2023-04-23T09:00:00,1296A,115.7423,28.7996,南昌市,武术学校,,20,18,19,8,11,78,63,73,72,6,9,3,5,0.6,0.6
2023-04-23T09:00:00,1298A,115.9314,28.6842,南昌市,省站,,41,41,35,15,14,78,63,71,71,11,14,6,6,0.6,0.6
2023-04-23T09:00:00,1299A,116.9862,36.6114,济南市,科干所,,46,46,34,24,21,81,55,63,62,31,22,7,7,0.5,0.4
2023-04-23T09:00:00,1300A,116.9376,36.665,济南市,农科所,,39,39,36,22,18,86,52,52,52,27,25,3,2,0.3,0.2
2023-04-23T09:00:00,1301A,117.1265,36.6734,济南市,开发区,,49,49,39,27,21,86,49,65,59,32,23,8,8,0.5,0.4
2023-04-23T09:00:00,1303A,117.0624,36.6868,济南市,省种子仓库,,42,41,41,29,26,89,53,54,54,22,20,8,7,0.5,0.4
2023-04-23T09:00:00,1304A,116.9489,36.6447,济南市,机床二厂,,46,46,34,24,19,82,51,57,55,23,19,4,3,0.4,0.4
2023-04-23T09:00:00,1305A,117.0495,36.663,济南市,市监测站,,49,49,38,20,20,89,52,68,62,36,26,7,7,0.6,0.5
2023-04-23T09:00:00,1306A,116.7675,36.5484,济南市,长清党校,,39,37,34,27,20,88,62,57,57,25,27,8,8,0.6,0.5
2023-04-23T09:00:00,1307A,120.6659,36.2403,青岛市,仰口,,48,48,52,14,19,101,97,81,76,3,8,6,5,0.2,0.2
2023-04-23T09:00:00,1310A,120.4134,36.0658,青岛市,市南区东部子站,,,53,58,14,16,109,101,90,90,19,22,,5,0.4,0.4
2023-04-23T09:00:00,1311A,120.3664,36.1032,青岛市,四方区子站,,48,48,60,14,18,91,71,68,67,42,31,6,7,0.6,0.6
2023-04-23T09:00:00,1312A,120.2994,36.054,青岛市,市南区西部子站,颗粒物(PM10),56,61,64,17,14,106,93,84,84,32,27,4,5,0.5,0.5
2023-04-23T09:00:00,1313A,120.4581,36.0858,青岛市,崂山区子站,,,,66,,18,120,115,96,96,3,12,5,7,0.3,0.4
2023-04-23T09:00:00,1314A,120.1983,35.9608,青岛市,黄岛区子站,颗粒物(PM10),53,56,62,24,22,104,104,70,44,14,44,4,7,0.3,0.4
2023-04-23T09:00:00,1315A,120.3999,36.3083,青岛市,城阳区子站,颗粒物(PM10),52,53,57,15,15,114,93,75,75,29,21,4,5,0.4,0.5
2023-04-23T09:00:00,1316A,113.69031,34.76122,郑州市,烟厂,,22,19,15,15,16,85,66,79,74,18,16,5,4,0.7,0.4
2023-04-23T09:00:00,1317A,113.65724,34.77134,郑州市,郑纺机,,20,17,15,14,14,91,61,82,78,22,13,4,3,0.8,0.5
2023-04-23T09:00:00,1318A,113.67526,34.80246,郑州市,银行学校,,21,14,14,12,15,83,66,76,74,13,13,5,5,0.7,0.5
2023-04-23T09:00:00,1319A,113.56746,34.81334,郑州市,供水公司,,22,12,16,11,14,87,69,79,78,6,5,6,6,0.6,0.4
2023-04-23T09:00:00,1320A,113.7329,34.7178,郑州市,经开区管委,,26,16,15,18,18,90,69,84,80,15,13,1,1,0.8,0.6
2023-04-23T09:00:00,1321A,113.73961,34.77172,郑州市,四十七中,,22,18,18,15,12,87,66,83,76,16,12,4,4,0.7,0.5
2023-04-23T09:00:00,1322A,113.60532,34.74838,郑州市,市监测站,,23,16,16,15,16,97,73,87,83,13,13,5,4,0.5,0.3
2023-04-23T09:00:00,1323A,113.64164,34.7525,郑州市,河医大,,26,21,18,18,15,87,53,80,72,26,18,6,5,0.7,0.5
2023-04-23T09:00:00,1324A,113.51488,34.91089,郑州市,岗李水库,,21,9,20,6,15,78,66,70,70,16,17,6,6,0.7,0.6
2023-04-23T09:00:00,1325A,114.3677,30.5584,武汉市,东湖梨园,,20,14,21,10,14,77,61,57,57,19,19,6,6,0.3,0.3
2023-04-23T09:00:00,1326A,114.2529,30.558,武汉市,汉阳月湖,,18,14,23,12,14,54,53,47,47,18,20,6,6,0.4,0.4
2023-04-23T09:00:00,1327A,114.282,30.6189,武汉市,汉口花桥,,19,14,22,12,13,69,59,56,56,16,16,6,6,0.6,0.5
2023-04-23T09:00:00,1328A,114.3025,30.5332,武汉市,武昌紫阳,,18,16,24,6,8,69,56,52,52,20,18,5,4,0.5,0.5
2023-04-23T09:00:00,1329A,114.3646,30.6217,武汉市,青山钢花,,19,16,24,12,19,75,59,58,58,15,13,5,5,0.5,0.5
2023-04-23T09:00:00,1330A,114.1566,30.4825,武汉市,沌口新区,,18,12,24,12,19,57,47,47,47,17,18,6,7,0.6,0.6
2023-04-23T09:00:00,1331A,114.3014,30.5944,武汉市,汉口江滩,,20,19,22,11,12,71,62,57,57,17,19,6,5,0.5,0.5
2023-04-23T09:00:00,1333A,114.135,30.6319,武汉市,吴家山,,34,34,22,5,11,74,61,59,59,16,15,5,5,0.5,0.4
2023-04-23T09:00:00,1334A,113.8454,30.2917,武汉市,沉湖七壕,,20,12,18,4,8,69,64,54,54,6,10,9,10,0.4,0.4
2023-04-23T09:00:00,1335A,113.0833,28.2325,长沙市,经开区环保局,,12,12,13,2,3,55,30,48,34,17,12,2,2,0.7,0.5
2023-04-23T09:00:00,1336A,112.8872,28.2189,长沙市,高开区环保局,,14,8,7,7,8,63,42,46,45,7,6,5,5,0.5,0.4
2023-04-23T09:00:00,1337A,113.0792,28.2053,长沙市,马坡岭,,10,8,9,1,1,55,29,44,33,20,16,3,3,0.4,0.3
2023-04-23T09:00:00,1338A,112.9394,28.19,长沙市,湖南师范大学,,14,6,8,5,4,64,43,45,45,13,10,5,6,0.4,0.4
2023-04-23T09:00:00,1339A,113.0178,28.1322,长沙市,雨花区环保局,,10,6,11,6,9,54,31,36,34,12,8,4,4,0.3,0.2
2023-04-23T09:00:00,1340A,112.9792,28.2597,长沙市,伍家岭,,12,8,6,2,2,58,37,37,37,11,9,3,3,0.4,0.3
2023-04-23T09:00:00,1341A,113.0014,28.1944,长沙市,火车新站,,16,6,8,11,10,58,36,39,38,8,6,4,4,0.6,0.5
2023-04-23T09:00:00,1342A,112.9844,28.1178,长沙市,天心区环保局,,12,12,13,2,2,57,32,37,36,10,7,1,1,0.5,0.4
2023-04-23T09:00:00,1343A,112.8908,28.1308,长沙市,湖南中医药大学,,13,11,14,9,8,59,39,42,41,14,13,2,2,0.6,0.6
2023-04-23T09:00:00,1344A,112.9581,28.3611,长沙市,沙坪,,13,8,9,7,9,63,40,42,41,12,11,1,1,0.3,0.2
2023-04-23T09:00:00,1345A,113.2347,23.1423,广州市,广雅中学,,45,45,41,25,24,122,39,56,49,34,30,3,4,0.7,0.7
2023-04-23T09:00:00,1346A,113.2612,23.105,广州市,市五中,,45,45,44,25,26,127,41,60,52,33,29,6,7,0.7,0.7
2023-04-23T09:00:00,1348A,113.3478,23.0916,广州市,广东商学院,,45,45,42,24,22,124,29,52,39,35,27,5,5,0.7,0.7
2023-04-23T09:00:00,1349A,113.4332,23.1047,广州市,市八十六中,,43,43,40,24,23,102,31,51,45,36,30,4,6,0.5,0.4
2023-04-23T09:00:00,1350A,113.3505,22.9483,广州市,番禺中学,,39,39,38,20,22,104,50,60,51,31,27,6,7,0.7,0.7
2023-04-23T09:00:00,1351A,113.2146,23.3916,广州市,花都师范,颗粒物(PM10),51,51,47,25,23,105,23,51,42,36,31,5,6,0.8,0.7
2023-04-23T09:00:00,1352A,113.2597,23.1331,广州市,市监测站,,46,46,41,25,23,126,36,59,45,36,28,6,6,1.0,0.9
2023-04-23T09:00:00,1353A,113.5618,23.312,广州市,九龙镇镇龙,颗粒物(PM10),53,56,46,26,24,119,32,56,50,37,24,5,5,0.6,0.6
2023-04-23T09:00:00,1354A,113.2765,23.1544,广州市,麓湖,,46,46,41,26,23,129,41,63,50,30,24,6,7,0.7,0.7
2023-04-23T09:00:00,1355A,113.443,23.3035,广州市,帽峰山森林公园,,42,42,37,23,19,123,52,67,61,16,17,1,1,0.6,0.6
2023-04-23T09:00:00,1356A,114.1063,22.5545,深圳市,通心岭子站,,35,35,41,17,20,104,79,93,83,6,6,4,4,0.5,0.5
2023-04-23T09:00:00,1357A,114.117,22.5625,深圳市,洪湖,,39,39,42,18,21,116,91,106,94,10,10,8,8,0.5,0.5
2023-04-23T09:00:00,1358A,113.987,22.5417,深圳市,华侨城,,37,37,39,18,20,117,84,103,90,11,9,5,5,0.6,0.6
2023-04-23T09:00:00,1359A,113.9181,22.5171,深圳市,南海子站,,45,45,50,15,20,112,86,99,89,13,13,4,4,0.6,0.5
2023-04-23T09:00:00,1360A,114.2458,22.5689,深圳市,盐田,颗粒物(PM10),52,54,45,25,23,102,77,95,82,13,22,5,6,0.6,0.6
2023-04-23T09:00:00,1361A,114.2283,22.7244,深圳市,龙岗,,36,36,38,16,18,98,74,89,78,13,10,2,2,0.6,0.6
2023-04-23T09:00:00,1363A,114.494,22.5422,深圳市,南澳,,33,33,37,15,19,125,85,101,96,9,7,7,7,0.5,0.4
2023-04-23T09:00:00,1364A,114.41,22.6342,深圳市,葵涌,,40,40,38,19,20,112,80,102,90,11,6,6,6,0.7,0.6
2023-04-23T09:00:00,1365A,114.297,22.5978,深圳市,梅沙,颗粒物(PM10),51,51,51,21,22,118,79,105,94,11,8,4,4,0.7,0.7
2023-04-23T09:00:00,1366A,114.0678,22.738,深圳市,观澜,,50,50,46,19,20,88,58,88,70,23,17,9,9,0.6,0.6
2023-04-23T09:00:00,1367A,113.5814,22.2618,珠海市,吉大,颗粒物(PM10),52,54,47,20,20,115,94,114,94,8,14,5,6,0.5,0.5
2023-04-23T09:00:00,1368A,113.4881,22.2335,珠海市,前山,,50,50,64,18,36,119,80,110,86,22,16,3,4,0.4,0.3
2023-04-23T09:00:00,1369A,113.628,22.4251,珠海市,唐家,颗粒物(PM10),51,51,47,18,19,103,85,103,82,17,21,4,4,0.4,0.4
2023-04-23T09:00:00,1370A,113.299,22.2281,珠海市,斗门,颗粒物(PM10),56,62,53,24,24,95,66,95,75,15,13,4,4,0.4,0.4
2023-04-23T09:00:00,1371A,113.1294,23.0067,佛山市,湾梁,,48,48,42,18,17,104,34,86,62,35,20,8,7,0.6,0.6
2023-04-23T09:00:00,1372A,113.1083,23.0478,佛山市,华材职中,,44,44,38,21,20,110,48,84,65,26,19,6,6,0.4,0.4
2023-04-23T09:00:00,1373A,113.144,23.0453,佛山市,南海气象局,,45,45,39,22,22,84,33,55,44,32,26,4,4,0.5,0.5
2023-04-23T09:00:00,1374A,113.2881,22.8094,佛山市,顺德苏岗,,38,38,33,22,21,86,46,68,51,20,20,8,8,0.6,0.6
2023-04-23T09:00:00,1376A,112.8383,22.8678,佛山市,高明孔堂,,36,36,45,15,19,94,31,62,54,30,18,2,3,0.6,0.5
2023-04-23T09:00:00,1377A,112.8836,23.1588,佛山市,三水监测站,颗粒物(PM10),57,63,45,22,23,91,25,58,36,32,24,4,4,0.5,0.6
2023-04-23T09:00:00,1378A,112.867,23.185,佛山市,三水云东海,颗粒物(PM10),55,59,48,20,21,68,31,58,41,38,35,2,3,0.4,0.4
2023-04-23T09:00:00,1379A,113.3769,22.5211,中山市,华柏园,,44,44,41,21,18,93,60,93,72,14,16,4,4,0.5,0.5
2023-04-23T09:00:00,1380A,113.3881,22.5497,中山市,张溪,,43,43,45,16,20,99,65,99,80,22,18,2,2,0.4,0.4
2023-04-23T09:00:00,1381A,113.4075,22.5111,中山市,紫马岭,,36,36,40,18,20,97,67,97,78,15,16,4,4,0.4,0.4
2023-04-23T09:00:00,1382A,113.4411,22.4853,中山市,长江旅游区,,,,40,,20,94,,93,83,,18,,8,,0.5
2023-04-23T09:00:00,1383A,113.1064,22.6058,江门市,北街,,50,50,43,15,17,88,48,74,59,10,15,4,5,0.4,0.4
2023-04-23T09:00:00,1384A,113.0731,22.5835,江门市,西区,颗粒物(PM10),53,55,45,20,22,88,43,71,62,25,19,5,6,0.7,0.5
2023-04-23T09:00:00,1385A,113.0219,22.5311,江门市,圭峰西,,48,48,47,19,19,94,48,84,68,18,16,8,8,0.8,0.5
2023-04-23T09:00:00,1386A,113.0828,22.5947,江门市,东湖,,50,50,46,19,22,85,48,72,59,18,16,6,7,0.7,0.6
2023-04-23T09:00:00,1389A,113.7547,23.0494,东莞市,莞城梨川,,37,37,36,19,20,115,65,86,74,20,16,7,7,0.7,0.6
2023-04-23T09:00:00,1390A,113.7944,23.0128,东莞市,东城石井,,33,33,35,17,20,117,71,92,77,15,13,9,8,0.6,0.6
2023-04-23T09:00:00,1391A,113.7383,22.9658,东莞市,南城西平,,,37,38,20,20,104,63,85,68,20,17,10,9,,0.5
2023-04-23T09:00:00,1392A,114.4183,23.0528,惠州市,河南岸金山湖子站,,48,48,36,17,17,92,71,77,73,11,8,4,4,0.4,0.4
2023-04-23T09:00:00,1393A,114.4053,23.0822,惠州市,下埔横江三路子站,,33,33,34,19,16,105,80,88,82,10,8,4,4,0.5,0.5
2023-04-23T09:00:00,1394A,114.4103,23.1142,惠州市,江北云山西路子站,,40,40,32,18,16,108,74,91,81,9,5,7,6,0.5,0.5
2023-04-23T09:00:00,1395A,114.4645,22.7833,惠州市,惠阳区承修路船湖子站,颗粒物(PM10),53,55,37,20,19,100,79,81,78,11,12,4,4,0.7,0.7
2023-04-23T09:00:00,1396A,114.5317,22.7422,惠州市,大亚湾管委会子站,,41,41,42,22,19,103,77,78,78,18,18,7,7,0.6,0.6
2023-04-23T09:00:00,1397A,112.4267,23.0706,肇庆市,睦岗子站,,22,22,41,12,19,97,40,54,49,24,22,7,8,0.5,0.4
2023-04-23T09:00:00,1398A,112.4645,23.0475,肇庆市,城中子站,,30,30,46,18,24,102,33,46,44,36,27,9,10,0.7,0.7
2023-04-23T09:00:00,1399A,112.5544,23.1522,肇庆市,坑口子站,,39,33,42,27,27,88,31,48,43,38,32,6,6,0.4,0.4
2023-04-23T09:00:00,1400A,112.4753,23.1,肇庆市,七星岩子站,,,,,,,,,,,,,,,,
2023-04-23T09:00:00,1401A,108.3103,22.7881,南宁市,二十一中,,41,41,54,25,30,94,36,82,55,15,11,5,5,0.8,0.8
2023-04-23T09:00:00,1402A,108.3141,22.8528,南宁市,北湖,颗粒物(PM10),53,55,58,27,31,82,26,75,48,16,11,6,7,0.8,0.8
2023-04-23T09:00:00,1403A,108.3206,22.8225,南宁市,市监测站,,39,39,51,27,29,84,34,77,55,22,19,6,6,0.8,0.8
2023-04-23T09:00:00,1404A,108.3829,22.8037,南宁市,大自然花园,,42,42,48,28,30,84,30,69,48,12,9,6,5,0.8,0.9
2023-04-23T09:00:00,1405A,108.4394,22.7904,南宁市,仙葫,,34,34,47,21,29,83,29,67,46,14,12,5,5,0.4,0.5
2023-04-23T09:00:00,1406A,108.2397,22.8467,南宁市,区农职院,,38,34,57,26,30,86,31,75,49,17,17,6,7,0.6,0.7
2023-04-23T09:00:00,1407A,108.3275,22.735,南宁市,英华嘉园,,48,48,55,26,31,84,27,64,44,18,16,6,6,0.7,0.8
2023-04-23T09:00:00,1408A,108.2257,22.7757,南宁市,沙井镇街道办,,48,47,59,33,36,78,24,58,35,26,22,4,5,0.9,0.9
2023-04-23T09:00:00,1409A,110.576,19.9507,海口市,东寨港,,,21,28,14,19,56,15,18,16,,,6,6,0.5,0.5
2023-04-23T09:00:00,1410A,110.3232,20.0574,海口市,海南大学,,32,31,37,22,22,96,40,39,39,5,5,5,5,0.4,0.4
2023-04-23T09:00:00,1411A,110.283,20.0053,海口市,秀英海南医院,,,30,17,17,24,34,34,32,32,8,10,4,4,,0.3
2023-04-23T09:00:00,1412A,110.338,19.9969,海口市,海南师范大学,,31,31,36,20,23,89,32,31,31,6,5,4,4,0,0.3
2023-04-23T09:00:00,1413A,110.33,20.0356,海口市,龙华路环保局宿舍,,31,31,34,19,21,66,24,25,25,7,6,5,5,0.5,0.6
2023-04-23T09:00:00,1414A,106.3787,29.8279,重庆市,缙云山,,10,7,7,5,5,50,32,46,37,6,7,6,6,0.4,0.4
2023-04-23T09:00:00,1416A,106.4213,29.8253,重庆市,天生,,22,7,11,15,13,41,14,32,27,20,11,5,5,0.9,0.8
2023-04-23T09:00:00,1417A,106.6263,29.7228,重庆市,两路,,18,17,17,12,10,41,11,20,15,28,23,5,4,0.8,0.7
2023-04-23T09:00:00,1418A,106.2953,29.5983,重庆市,虎溪,,16,16,17,5,6,49,22,32,28,18,14,9,5,0.6,0.6
2023-04-23T09:00:00,1419A,106.5777,29.5102,重庆市,南坪,,26,26,24,13,12,32,6,14,12,27,22,6,6,0.6,0.5
2023-04-23T09:00:00,1420A,106.6556,29.6277,重庆市,唐家沱,,12,10,22,6,10,22,7,16,14,24,27,5,5,0.8,0.8
2023-04-23T09:00:00,1421A,106.6349,29.4906,重庆市,茶园,,13,11,14,9,8,40,12,24,15,26,21,4,4,0.8,0.8
2023-04-23T09:00:00,1422A,106.3754,29.4572,重庆市,白市驿,,13,2,6,9,9,34,24,30,27,14,15,6,6,0.9,0.8
2023-04-23T09:00:00,1425A,106.6205,29.7166,重庆市,空港,,19,15,17,13,13,38,12,20,14,24,23,5,5,0.7,0.7
2023-04-23T09:00:00,1426A,106.4782,29.4875,重庆市,新山村,,20,19,20,14,11,38,16,29,26,27,22,4,4,0.7,0.6
2023-04-23T09:00:00,1427A,106.5616,29.6453,重庆市,礼嘉,,23,12,13,16,12,38,13,26,19,27,22,5,5,0.7,0.6
2023-04-23T09:00:00,1428A,106.4522,29.7091,重庆市,蔡家,,15,15,18,10,12,40,16,29,21,22,15,5,5,0.6,0.6
2023-04-23T09:00:00,1429A,106.5093,29.3917,重庆市,鱼新街,,27,27,18,4,10,36,17,28,25,30,23,5,4,0.8,0.8
2023-04-23T09:00:00,1431A,103.9728,30.7236,成都市,金泉两河,,16,16,18,1,6,88,33,56,47,21,15,2,2,0.4,0.3
2023-04-23T09:00:00,1432A,104.176,30.6872,成都市,十里店,,16,10,19,2,6,90,49,54,54,10,11,1,1,0.7,0.6
2023-04-23T09:00:00,1433A,104.079,30.5706,成都市,三瓦窑,,20,20,14,1,4,91,45,50,50,11,10,1,1,0.3,0.3
2023-04-23T09:00:00,1434A,104.1114,30.63,成都市,沙河铺,,17,17,14,6,4,88,44,50,50,14,12,2,3,0.4,0.4
2023-04-23T09:00:00,1437A,104.0786,30.6531,成都市,君平街,,18,18,15,9,7,90,43,54,53,23,19,1,2,0.3,0.2
2023-04-23T09:00:00,1438A,103.613,31.0283,成都市,灵岩寺,,12,12,5,4,6,76,29,46,38,10,10,7,8,0.8,0.8
2023-04-23T09:00:00,1439A,106.6899,26.5998,贵阳市,马鞍山,,22,22,57,12,41,146,22,50,28,12,12,5,5,0.2,0.4
2023-04-23T09:00:00,1440A,106.6971,26.5694,贵阳市,市环保站,,36,29,62,25,48,145,21,55,35,21,20,3,4,0.3,0.5
2023-04-23T09:00:00,1441A,106.6243,26.6266,贵阳市,鉴湖路,,39,39,69,12,40,155,14,65,21,16,12,3,4,0.3,0.4
2023-04-23T09:00:00,1442A,106.7487,26.6343,贵阳市,燕子冲,,31,31,59,17,46,154,13,42,22,11,11,5,5,0.4,0.5
2023-04-23T09:00:00,1443A,106.6555,26.4365,贵阳市,碧云窝,,48,48,82,22,50,155,26,118,56,17,16,5,5,0.6,0.7
2023-04-23T09:00:00,1444A,106.694,26.5161,贵阳市,中院村,,41,41,77,17,48,138,20,99,36,18,18,6,7,0.5,0.7
2023-04-23T09:00:00,1445A,106.7109,26.6027,贵阳市,红边门,,24,24,61,12,45,149,20,49,30,12,14,3,4,0.5,0.7
2023-04-23T09:00:00,1446A,106.7164,26.5699,贵阳市,新华路,,29,29,64,12,45,152,22,52,33,13,13,3,4,0.5,0.6
2023-04-23T09:00:00,1447A,106.674,26.5424,贵阳市,太慈桥,,31,31,68,9,37,146,19,52,33,18,13,6,6,0.5,0.6
2023-04-23T09:00:00,1450A,102.8204,24.8886,昆明市,呈贡新区,,49,48,54,34,34,164,118,129,125,11,9,11,7,0.6,0.6
2023-04-23T09:00:00,1451A,102.6251,24.9608,昆明市,西山森林公园,,50,37,46,35,26,200,158,172,155,22,14,19,9,1.1,0.9
2023-04-23T09:00:00,1452A,102.7252,25.0902,昆明市,龙泉镇,颗粒物(PM10),53,56,56,29,32,150,115,124,94,17,18,14,8,0.6,0.6
2023-04-23T09:00:00,1453A,102.7266,25.0375,昆明市,东风东路,,47,47,55,32,35,146,105,119,107,18,14,12,9,0.8,0.8
2023-04-23T09:00:00,1454A,102.6742,25.0669,昆明市,金鼎山,细颗粒物(PM2.5),58,55,52,41,32,155,107,129,118,24,13,12,6,0.7,0.6
2023-04-23T09:00:00,1455A,102.6644,25.0401,昆明市,碧鸡广场,细颗粒物(PM2.5),52,51,60,36,33,159,102,120,106,30,18,12,7,0.8,0.6
2023-04-23T09:00:00,1456A,91.1319,29.6514,拉萨市,八廓街,,25,23,24,9,7,128,80,109,98,24,13,6,6,0.3,0.3
2023-04-23T09:00:00,1457A,91.1221,29.6747,拉萨市,市环保局,,31,24,18,12,16,132,98,110,97,14,12,5,5,0.5,0.4
2023-04-23T09:00:00,1458A,91.0874,29.6475,拉萨市,区监测站,,25,24,25,8,6,130,80,112,103,34,11,7,6,0.6,0.5
2023-04-23T09:00:00,1459A,91.1774,29.6541,拉萨市,西藏大学,,22,22,18,9,9,131,62,103,90,27,10,13,6,0.6,0.4
2023-04-23T09:00:00,1460A,90.9798,29.6588,拉萨市,区辐射站,,27,21,27,8,9,118,85,104,99,20,13,8,7,0.5,0.4
2023-04-23T09:00:00,1461A,91.0834,29.6292,拉萨市,拉萨火车站,,25,21,31,8,5,126,79,112,100,23,8,8,8,0.5,0.3
2023-04-23T09:00:00,1462A,108.882,34.2749,西安市,高压开关厂,,32,20,19,22,20,68,52,65,58,27,21,5,5,0.5,0.5
2023-04-23T09:00:00,1463A,108.993,34.2629,西安市,兴庆小区,,22,14,11,15,16,61,53,59,57,13,14,4,4,0.6,0.7
2023-04-23T09:00:00,1464A,109.06,34.2572,西安市,纺织城,,20,13,16,8,13,61,61,60,57,10,13,4,4,0.6,0.7
2023-04-23T09:00:00,1465A,108.9356,34.2173,西安市,小寨,,20,20,18,14,12,62,58,60,60,15,15,6,6,0.8,0.8
2023-04-23T09:00:00,1466A,108.954,34.2713,西安市,市人民体育场,,29,15,15,20,16,67,50,65,58,21,18,6,6,0.6,0.5
2023-04-23T09:00:00,1467A,108.8922,34.2322,西安市,高新西区,,22,11,14,15,19,70,60,66,60,16,14,6,6,0.6,0.6
2023-04-23T09:00:00,1468A,108.935,34.3474,西安市,经开区,,19,16,15,13,15,64,58,62,57,14,15,3,3,0.4,0.4
2023-04-23T09:00:00,1469A,108.906,34.1546,西安市,长安区,,21,21,20,9,11,63,63,60,60,21,22,5,5,0.4,0.5
2023-04-23T09:00:00,1471A,109.2186,34.3731,西安市,临潼区,,22,20,20,14,19,69,69,63,63,17,19,7,6,0.6,0.7
2023-04-23T09:00:00,1472A,108.869,34.378,西安市,草滩,,42,24,18,24,20,60,46,59,51,14,11,11,9,4.2,1.3
2023-04-23T09:00:00,1473A,108.985,34.1978,西安市,曲江文化产业集团,,23,8,14,16,13,67,62,63,63,13,14,4,4,0.8,0.8
2023-04-23T09:00:00,1474A,109.051,34.3213,西安市,广运潭,,20,8,12,14,17,57,51,54,50,16,16,5,5,0.6,0.6
2023-04-23T09:00:00,1476A,103.631,36.1031,兰州市,兰炼宾馆,,39,29,63,27,45,90,42,49,43,19,17,9,6,0.7,0.5
2023-04-23T09:00:00,1477A,104.1373,35.9454,兰州市,榆中兰大校区,,,,,,,,,,,,,,,,
2023-04-23T09:00:00,1478A,103.8412,36.0726,兰州市,生物制品所,,49,22,54,34,42,95,38,36,36,17,14,5,5,0.8,0.6
2023-04-23T09:00:00,1479A,103.831,36.0464,兰州市,铁路设计院,,42,30,55,29,39,100,29,43,37,28,19,5,4,0.6,0.4
2023-04-23T09:00:00,1483A,101.524,36.6867,西宁市,第五水厂,,,,,,,,,,,,,,,,
2023-04-23T09:00:00,1484A,105.9512,38.6016,银川市,贺兰山马莲口,,30,12,28,20,27,105,93,96,95,7,10,9,10,0.6,0.8
2023-04-23T09:00:00,1488A,106.2328,38.4975,银川市,贺兰山东路,,36,36,25,21,21,94,77,84,84,27,17,4,4,0.4,0.4
2023-04-23T09:00:00,1489A,106.1358,38.5036,银川市,学院路,,32,30,34,22,22,85,79,77,77,20,22,4,4,0.4,0.5
2023-04-23T09:00:00,1490A,87.5801,43.8303,乌鲁木齐市,监测站,,42,42,52,29,17,95,41,75,71,39,25,8,7,0.5,0.5
2023-04-23T09:00:00,1491A,87.6046,43.768,乌鲁木齐市,收费所,颗粒物(PM10),52,54,59,25,19,89,45,75,68,35,24,6,4,0.6,0.4
2023-04-23T09:00:00,1492A,87.4754,43.9469,乌鲁木齐市,新疆农科院农场,颗粒物(PM10),70,90,64,34,32,88,30,53,48,36,27,8,7,0.7,0.7
2023-04-23T09:00:00,1493A,87.5525,43.8711,乌鲁木齐市,铁路局,,43,43,47,23,20,97,34,72,65,39,24,6,6,0.5,0.5
2023-04-23T09:00:00,1494A,87.6432,43.831,乌鲁木齐市,三十一中学,,40,40,51,22,16,103,48,80,78,24,15,10,10,0.6,0.6
2023-04-23T09:00:00,1496A,87.7216,44.1747,乌鲁木齐市,米东区环保局,颗粒物(PM10),61,72,59,28,19,111,37,57,56,28,15,8,9,0.4,0.3
2023-04-23T09:00:00,1508A,112.9433,27.8614,湘潭市,板塘,,9,2,7,6,6,43,26,31,26,3,5,4,4,0.3,0.4
2023-04-23T09:00:00,1511A,112.9118,27.8403,湘潭市,市监测站,,12,10,7,5,8,56,38,44,40,13,12,6,6,0.5,0.4
2023-04-23T09:00:00,1512A,112.8937,27.8728,湘潭市,江麓,,13,8,7,5,5,57,41,44,42,8,16,6,6,0.2,0
2023-04-23T09:00:00,1513A,112.9227,27.8159,湘潭市,岳塘,,10,9,7,4,6,51,32,39,34,11,9,14,14,0.2,0.2
2023-04-23T09:00:00,1514A,112.9074,27.9119,湘潭市,科大,,11,6,7,2,5,53,35,39,36,11,10,3,3,0.5,0.4
2023-04-23T09:00:00,1515A,113.135,27.8244,株洲市,天台山庄,,12,2,11,2,5,53,36,43,37,13,12,5,5,0.7,0.6
2023-04-23T09:00:00,1518A,113.095,27.8867,株洲市,株冶医院,,10,2,9,2,4,50,25,31,26,19,17,3,3,0.4,0.4
2023-04-23T09:00:00,1519A,113.167,27.8667,株洲市,市四中,,10,8,12,5,8,56,32,41,34,11,10,6,6,0.6,0.6
2023-04-23T09:00:00,1520A,113.143,27.8381,株洲市,火车站,,10,7,10,4,5,58,31,40,35,17,15,5,5,0.8,0.7
2023-04-23T09:00:00,1524A,113.13,27.8528,株洲市,市监测站,,12,7,10,8,12,55,34,39,35,15,15,10,8,0.4,0.4
2023-04-23T09:00:00,1552A,106.805,26.3003,贵阳市,桐木岭,细颗粒物(PM2.5),112,100,98,84,77,146,105,104,101,2,8,2,9,0.7,0.8
2023-04-23T09:00:00,1559A,113.251,27.8336,株洲市,大京风景区,,10,7,11,4,5,48,30,44,35,12,13,3,3,0.4,0.3
2023-04-23T09:00:00,1562A,113.0048,27.9153,湘潭市,昭山,,12,7,13,6,9,57,36,42,38,13,13,2,2,0.7,0.5
2023-04-23T09:00:00,1564A,112.4876,27.9164,湘潭市,韶山,,10,7,6,4,6,52,31,38,31,7,7,4,4,0.8,0.8
2023-04-23T09:00:00,1585A,109.8756,40.6532,包头市,市环境监测站,颗粒物(PM10),63,75,56,21,25,121,47,36,32,47,34,42,16,0.8,0.5
2023-04-23T09:00:00,1587A,109.9991,40.5842,包头市,包头八中,颗粒物(PM10),66,82,61,34,24,125,52,61,39,45,31,30,15,0.7,0.5
2023-04-23T09:00:00,1588A,109.8538,40.6821,包头市,青山宾馆,颗粒物(PM10),64,77,59,31,27,118,55,30,22,44,34,50,15,1.0,0.7
2023-04-23T09:00:00,1589A,109.8642,40.6288,包头市,惠龙物流,颗粒物(PM10),61,72,57,26,29,120,44,69,28,52,36,34,12,0.9,0.5
2023-04-23T09:00:00,1590A,110.0377,40.5546,包头市,东河鸿龙湾,颗粒物(PM10),63,76,60,41,26,119,55,49,44,34,23,12,7,0.3,0.4
2023-04-23T09:00:00,1591A,110.0023,39.8129,鄂尔多斯市,综合楼,颗粒物(PM10),58,66,58,24,23,114,60,77,66,39,26,10,14,0.8,0.8
2023-04-23T09:00:00,1592A,109.9486,39.8261,鄂尔多斯市,巴音孟克林场办事处,颗粒物(PM10),62,73,57,19,23,122,63,90,69,38,21,10,19,0.6,0.6
2023-04-23T09:00:00,1593A,109.7736,39.5986,鄂尔多斯市,康泽苑,颗粒物(PM10),64,78,53,34,20,110,46,45,45,37,26,13,9,0.9,0.6
2023-04-23T09:00:00,1594A,109.8119,39.5989,鄂尔多斯市,华泰汽车城,颗粒物(PM10),60,70,58,31,23,107,42,40,40,39,29,13,10,1.2,0.9
2023-04-23T09:00:00,1595A,109.9734,39.7884,鄂尔多斯市,奥林花园,颗粒物(PM10),67,83,58,19,22,122,58,65,64,37,22,7,7,0.8,0.8
2023-04-23T09:00:00,1597A,122.2703,40.7094,营口市,大庆路,颗粒物(PM10),52,53,59,21,28,131,80,66,50,16,23,6,8,0.5,0.7
2023-04-23T09:00:00,1598A,122.2150,40.6511,营口市,镜湖西路,颗粒物(PM10),52,53,61,22,22,131,78,74,61,19,19,7,9,0.5,0.6
2023-04-23T09:00:00,1599A,122.1658,40.6789,营口市,西炮台,颗粒物(PM10),54,58,59,24,21,134,77,66,55,20,21,10,12,0.4,0.5
2023-04-23T09:00:00,1600A,124.3303,40.0625,丹东市,江湾东路,颗粒物(PM10),60,70,63,33,30,110,86,54,54,15,14,18,12,1.0,0.8
2023-04-23T09:00:00,1601A,124.4256,40.1503,丹东市,临江后街,,42,42,53,17,22,107,92,59,59,10,15,12,9,0.6,0.7
2023-04-23T09:00:00,1602A,124.3933,40.1461,丹东市,元宝山,颗粒物(PM10),56,62,53,25,20,97,73,65,65,19,15,11,10,0.6,0.7
2023-04-23T09:00:00,1603A,124.3633,40.1092,丹东市,民主桥,颗粒物(PM10),53,56,56,23,21,98,79,61,61,20,24,8,8,0.5,0.6
2023-04-23T09:00:00,1604A,122.0303,41.1489,盘锦市,开发区,,24,24,52,12,23,119,72,89,72,10,16,5,7,0.5,0.6
2023-04-23T09:00:00,1605A,122.0485,41.0883,盘锦市,兴隆台,颗粒物(PM10),51,52,53,8,15,117,68,79,70,22,22,7,9,0.4,0.5
2023-04-23T09:00:00,1606A,121.8297,41.1028,盘锦市,新生街道,,44,44,53,16,22,118,68,71,61,16,21,7,8,0.6,0.6
2023-04-23T09:00:00,1607A,120.9092,40.7136,葫芦岛市,龙港区,颗粒物(PM10),59,68,63,16,25,116,82,63,63,17,26,29,20,0.9,0.9
2023-04-23T09:00:00,1608A,120.8392,40.7514,葫芦岛市,化工街,颗粒物(PM10),56,61,57,9,21,104,78,88,83,11,17,12,12,0.5,0.5
2023-04-23T09:00:00,1609A,120.8341,40.7073,葫芦岛市,新区,颗粒物(PM10),54,57,49,16,21,109,75,82,82,18,18,16,15,1.1,0.7
2023-04-23T09:00:00,1610A,120.8695,40.7677,葫芦岛市,东城区,颗粒物(PM10),55,60,54,8,17,102,78,80,79,9,20,13,15,0.4,0.6
2023-04-23T09:00:00,1611A,118.5819,24.9117,泉州市,涂山街,颗粒物(PM10),58,66,72,25,29,172,98,110,91,19,17,14,11,0.6,0.6
2023-04-23T09:00:00,1612A,118.5972,24.8978,泉州市,津头埔,颗粒物(PM10),59,67,71,24,31,167,83,105,88,31,22,12,11,0.5,0.5
2023-04-23T09:00:00,1613A,118.6663,24.9424,泉州市,万安,颗粒物(PM10),62,73,73,30,35,170,101,108,95,17,12,14,12,0.7,0.6
2023-04-23T09:00:00,1614A,118.6117,24.9604,泉州市,清源山,,,,,,,,,,,,,,,,
2023-04-23T09:00:00,1616A,117.6795,36.229,济南市,技术学院,,34,34,43,20,28,94,85,87,87,24,24,5,6,0.6,0.5
2023-04-23T09:00:00,1618A,118.3429,35.0532,临沂市,沂河小区,,46,39,58,32,40,82,71,66,66,12,15,5,6,0.3,0.3
2023-04-23T09:00:00,1619A,118.295,35.0583,临沂市,鲁南制药厂,,36,36,54,22,28,88,69,71,71,22,19,8,9,0.3,0.3
2023-04-23T09:00:00,1620A,118.2794,34.9976,临沂市,新光毛纺厂,,38,36,57,26,30,82,66,68,67,19,18,3,5,0.4,0.5
2023-04-23T09:00:00,1621A,118.3956,35.0888,临沂市,河东保险公司,,31,31,52,16,33,87,72,64,64,14,21,6,8,0.5,0.6
2023-04-23T09:00:00,1622A,116.3032,37.4674,德州市,儿童乐园,细颗粒物(PM2.5),52,41,23,36,19,95,21,35,28,29,18,5,3,0.7,0.5
2023-04-23T09:00:00,1624A,116.2991,37.4451,德州市,监理站,细颗粒物(PM2.5),55,57,31,39,14,100,26,50,43,33,17,6,5,0.5,0.3
2023-04-23T09:00:00,1625A,115.9848,36.4372,聊城市,区政府,,39,35,31,27,23,87,69,55,55,21,17,7,5,0.5,0.4
2023-04-23T09:00:00,1628A,118.0062,37.3803,滨州市,市环保局,细颗粒物(PM2.5),65,78,42,47,24,88,37,63,54,34,23,11,9,0.5,0.4
2023-04-23T09:00:00,1629A,118.0018,37.3617,滨州市,第二水厂,细颗粒物(PM2.5),70,78,44,51,24,88,43,66,52,33,24,9,6,0.6,0.5
2023-04-23T09:00:00,1630A,117.9776,37.393,滨州市,北中新校,,,,,,,,,,,,,,,,
2023-04-23T09:00:00,1631A,118.0414,36.8103,淄博市,人民公园,,,,,,,,,,,,,,,,
2023-04-23T09:00:00,1633A,117.8525,36.4847,淄博市,双山,细颗粒物(PM2.5),54,56,41,38,26,81,52,77,64,36,24,10,9,0.6,0.3
2023-04-23T09:00:00,1634A,117.9592,36.6331,淄博市,气象站,颗粒物(PM10),59,67,49,29,24,87,42,68,58,46,23,9,9,0.6,0.3
2023-04-23T09:00:00,1635A,118.3092,36.8194,淄博市,莆田园,,41,41,39,24,23,97,65,51,51,27,26,14,9,0.4,0.3
2023-04-23T09:00:00,1637A,117.558,34.8438,枣庄市,市中区政府,,36,36,44,24,27,90,83,84,84,19,23,4,5,0.4,0.4
2023-04-23T09:00:00,1638A,117.2852,34.7837,枣庄市,薛城环保局,,34,34,61,22,28,87,74,74,72,22,29,7,7,0.3,0.3
2023-04-23T09:00:00,1639A,117.5852,34.7745,枣庄市,峄城区政府,,39,39,51,22,20,86,80,81,81,18,24,7,9,0.5,0.4
2023-04-23T09:00:00,1640A,117.7276,34.5578,枣庄市,台儿庄区环保局,,39,39,58,24,27,73,58,62,62,24,26,8,10,0.5,0.5
2023-04-23T09:00:00,1641A,117.4518,35.0992,枣庄市,山亭区环保局,,34,34,48,22,27,90,82,86,86,12,19,4,6,0.2,0.2
2023-04-23T09:00:00,1642A,121.2514,37.5639,烟台市,开发区,,36,36,38,17,18,96,64,65,61,36,29,10,8,0.5,0.5
2023-04-23T09:00:00,1643A,121.3719,37.5433,烟台市,轴承厂,颗粒物(PM10),53,56,55,25,32,128,71,70,55,30,24,8,8,0.6,0.6
2023-04-23T09:00:00,1644A,121.3181,37.5436,烟台市,西郊化工站,颗粒物(PM10),57,63,54,26,25,109,72,76,61,36,23,7,5,0.4,0.4
2023-04-23T09:00:00,1645A,121.4478,37.4822,烟台市,莱山环保局,,41,41,52,17,21,104,73,61,61,26,25,10,10,0.4,0.4
2023-04-23T09:00:00,1646A,121.2611,37.4967,烟台市,福山环保局,颗粒物(PM10),63,75,66,22,20,107,59,83,59,42,26,10,9,0.8,0.8
2023-04-23T09:00:00,1650A,119.1437,36.7023,潍坊市,环保局,颗粒物(PM10),52,53,36,20,19,97,84,81,77,22,17,6,8,0.5,0.5
2023-04-23T09:00:00,1653A,116.6251,35.4302,济宁市,火炬城,,32,32,36,22,23,76,76,62,62,12,17,7,8,0.6,0.6
2023-04-23T09:00:00,1655A,116.5491,35.4042,济宁市,电化厂,,45,45,50,27,31,77,76,69,69,8,10,7,8,0.7,0.6
2023-04-23T09:00:00,1656A,117.1437,36.1937,泰安市,监测站,,30,27,36,14,30,103,96,103,97,2,3,3,3,0.4,0.4
2023-04-23T09:00:00,1657A,117.0885,36.2017,泰安市,人口学校,,33,31,39,11,19,107,105,105,103,1,5,4,4,0.1,0.3
2023-04-23T09:00:00,1658A,117.1089,36.1758,泰安市,电力学校,,32,29,33,20,29,106,100,105,101,8,8,6,7,0.4,0.4
2023-04-23T09:00:00,1659A,119.471,35.4209,日照市,监测站,颗粒物(PM10),54,58,60,28,24,94,66,65,60,29,22,2,4,0.5,0.5
2023-04-23T09:00:00,1660A,119.523,35.4216,日照市,市政府广场,颗粒物(PM10),52,53,59,26,23,96,77,70,70,18,13,4,5,0.4,0.4
2023-04-23T09:00:00,1661A,119.5587,35.4044,日照市,港务局,,48,48,60,24,24,99,80,72,72,21,17,6,7,0.4,0.5
2023-04-23T09:00:00,1662A,122.1214,37.4236,威海市,华夏技校,,34,34,47,10,17,105,80,68,67,21,21,5,4,0.4,0.3
2023-04-23T09:00:00,1663A,122.0508,37.5236,威海市,山大分校,,34,34,52,15,16,99,60,81,57,37,23,2,2,0.4,0.4
2023-04-23T09:00:00,1664A,122.1067,37.5072,威海市,市监测站,,44,44,51,15,19,99,87,78,62,19,23,6,4,0.5,0.4
2023-04-23T09:00:00,1666A,118.6614,37.4309,东营市,市环保局,,41,41,24,22,14,102,64,94,77,29,16,9,9,0.4,0.3
2023-04-23T09:00:00,1669A,113.5824,24.7733,韶关市,市八中,,37,37,33,20,18,91,10,25,18,27,19,12,15,1.0,0.7
2023-04-23T09:00:00,1671A,113.5917,24.7972,韶关市,园林处,,31,31,33,16,19,90,12,20,14,24,18,15,15,1.2,1
2023-04-23T09:00:00,1672A,113.6735,24.7791,韶关市,韶关学院,,42,42,34,29,22,98,17,22,9,20,20,50,14,0.8,0.6
2023-04-23T09:00:00,1673A,113.5971,24.6863,韶关市,曲江监测站,,40,40,34,17,17,100,15,37,22,20,19,6,8,0.8,0.7
2023-04-23T09:00:00,1674A,116.6794,23.3667,汕头市,金平子站,颗粒物(PM10),57,63,53,20,19,148,95,120,110,21,13,7,6,0.7,0.6
2023-04-23T09:00:00,1675A,116.7244,23.3633,汕头市,龙湖子站,颗粒物(PM10),56,62,55,18,14,160,102,132,120,25,14,5,3,0.6,0.5
2023-04-23T09:00:00,1676A,116.7258,23.2775,汕头市,濠江子站,颗粒物(PM10),65,79,54,25,22,151,88,113,101,23,13,9,8,0.8,0.7
2023-04-23T09:00:00,1677A,116.7519,23.4714,汕头市,澄海子站,颗粒物(PM10),59,67,58,23,20,158,95,130,115,29,18,8,7,0.6,0.4
2023-04-23T09:00:00,1678A,116.6092,23.2539,汕头市,潮阳子站,颗粒物(PM10),63,76,56,20,15,144,89,114,104,23,14,11,10,0.5,0.4
2023-04-23T09:00:00,1680A,110.3539,21.2706,湛江市,湛江影剧院,,35,35,41,19,16,106,32,50,37,7,5,5,5,0.6,0.6
2023-04-23T09:00:00,1681A,110.3928,21.2228,湛江市,市环境监测站,,36,36,40,25,26,105,30,49,36,9,5,6,6,0.5,0.5
2023-04-23T09:00:00,1682A,110.4019,21.1997,湛江市,环保局宿舍,,26,26,37,16,19,110,30,50,37,9,5,4,4,0.5,0.5
2023-04-23T09:00:00,1683A,110.4111,21.2028,湛江市,霞山游泳场,,30,30,42,20,21,112,33,54,40,11,6,6,5,0.5,0.5
2023-04-23T09:00:00,1684A,110.3316,21.2679,湛江市,麻章区环保局,,30,30,41,21,22,114,32,51,37,10,8,5,5,0.6,0.6
2023-04-23T09:00:00,1685A,110.4558,21.2567,湛江市,坡头区环保局,,27,27,35,17,18,112,35,54,38,6,5,6,6,0.6,0.6
2023-04-23T09:00:00,1686A,111.0286,21.4688,茂名市,电白南海,,29,29,43,19,23,111,30,62,39,8,7,6,5,0.5,0.5
2023-04-23T09:00:00,1687A,110.9294,21.6533,茂名市,茂石化七小,,29,26,35,20,22,115,36,59,43,7,7,5,6,0.4,0.4
2023-04-23T09:00:00,1688A,110.9107,21.6687,茂名市,健康路,,24,24,32,13,17,116,35,59,42,7,6,4,5,0.8,0.7
2023-04-23T09:00:00,1689A,110.8592,21.6828,茂名市,高岭,,34,34,40,19,26,116,33,53,40,9,11,8,11,0.5,0.6
2023-04-23T09:00:00,1690A,116.1231,24.3284,梅州市,梅江月梅,,28,21,31,19,18,107,84,96,91,6,9,6,7,0.4,0.4
2023-04-23T09:00:00,1691A,116.0797,24.2719,梅州市,梅县新城,,39,39,39,25,18,109,85,89,71,12,13,5,5,0.5,0.5
2023-04-23T09:00:00,1692A,116.1248,24.2654,梅州市,环境监控中心,,38,38,38,24,21,109,86,88,64,11,16,9,9,0.5,0.5
2023-04-23T09:00:00,1693A,115.3653,22.775,汕尾市,市环保局,,29,27,40,18,20,118,91,94,88,7,7,9,9,0.6,0.6
2023-04-23T09:00:00,1694A,115.3706,22.7898,汕尾市,市政府,,38,33,40,26,25,122,89,87,86,13,12,5,5,0.6,0.6
2023-04-23T09:00:00,1695A,115.3622,22.7925,汕尾市,新城中学,,32,32,40,18,20,117,80,84,84,10,7,7,7,0.7,0.6
2023-04-23T09:00:00,1696A,114.6778,23.7569,河源市,源西,,33,28,21,23,16,93,13,55,44,34,12,4,4,0.9,0.7
2023-04-23T09:00:00,1697A,114.6944,23.7586,河源市,东埔,,29,29,23,16,12,101,35,60,50,13,8,5,5,0.6,0.5
2023-04-23T09:00:00,1698A,114.6892,23.7233,河源市,老城,,38,38,31,13,12,102,38,53,44,15,10,7,5,0.7,0.6
2023-04-23T09:00:00,1699A,111.9797,21.8593,阳江市,鸳鸯湖,,25,22,45,17,17,136,39,47,38,2,3,5,5,0.5,0.5
2023-04-23T09:00:00,1701A,111.9491,21.8658,阳江市,马南垌,,26,26,39,15,21,105,39,50,40,5,6,4,4,0.7,0.6
2023-04-23T09:00:00,1702A,113.0426,23.691,清远市,环保大楼,,26,24,30,18,21,87,33,41,40,16,16,4,4,0.6,0.6
2023-04-23T09:00:00,1703A,113.0208,23.7106,清远市,凤城街办,,26,25,40,18,25,79,32,34,34,14,13,6,6,0.7,0.6
2023-04-23T09:00:00,1705A,116.6367,23.6719,潮州市,西园路,颗粒物(PM10),65,79,57,32,24,129,61,117,80,24,14,6,5,0.4,0.2
2023-04-23T09:00:00,1706A,116.6447,23.6706,潮州市,档案局,颗粒物(PM10),55,60,56,32,23,140,57,120,83,28,11,13,11,0.7,0.4
2023-04-23T09:00:00,1708A,116.3701,23.5345,揭阳市,新兴,颗粒物(PM10),57,63,54,35,25,129,89,96,93,18,15,13,11,0.7,0.6
2023-04-23T09:00:00,1709A,116.3264,23.5443,揭阳市,西马,颗粒物(PM10),56,61,56,29,26,133,88,98,83,18,16,11,9,0.6,0.5
2023-04-23T09:00:00,1710A,116.3611,23.5626,揭阳市,东兴,颗粒物(PM10),52,54,54,35,24,129,93,95,87,16,16,15,9,0.7,0.6
2023-04-23T09:00:00,1711A,116.4151,23.5294,揭阳市,渔湖,颗粒物(PM10),52,53,53,22,24,130,81,95,93,16,8,10,10,0.6,0.6
2023-04-23T09:00:00,1712A,112.0392,22.9169,云浮市,新市府,,28,21,41,19,24,70,50,48,33,19,16,4,4,0.9,0.8
2023-04-23T09:00:00,1714A,112.0539,22.9539,云浮市,牧羊,,25,25,45,17,22,74,30,50,39,21,20,7,7,0.6,0.6
2023-04-23T09:00:00,1715A,102.575,24.3711,玉溪市,东风水库,细颗粒物(PM2.5),52,39,51,36,30,147,47,96,40,19,14,8,6,1.2,0.7
2023-04-23T09:00:00,1718A,115.4208,35.2464,菏泽市,气象局,,33,27,29,23,20,78,74,76,64,11,13,4,5,0.4,0.3
2023-04-23T09:00:00,1719A,115.4747,35.2375,菏泽市,市政协,,39,29,26,27,22,78,69,68,61,14,13,2,3,0.4,0.4
2023-04-23T09:00:00,1721A,113.3819,40.1097,大同市,果树场,,43,43,55,20,32,102,73,28,28,14,16,9,9,0.6,0.8
2023-04-23T09:00:00,1723A,113.2994,40.0758,大同市,云冈宾馆,,33,33,54,12,27,117,85,57,41,24,31,9,10,0.4,0.5
2023-04-23T09:00:00,1724A,113.3444,40.0917,大同市,大同大学,,45,45,54,12,23,122,91,58,58,18,24,10,10,0.3,0.4
2023-04-23T09:00:00,1725A,113.2661,40.1269,大同市,安家小村,颗粒物(PM10),58,66,63,21,27,112,54,45,34,31,24,12,9,0.6,0.4
2023-04-23T09:00:00,1726A,113.2711,40.0844,大同市,教育学院,,49,49,61,10,30,107,75,55,35,24,29,9,10,0.5,0.6
2023-04-23T09:00:00,1727A,113.1147,36.1547,长治市,清华站,,18,6,14,0,9,81,56,52,52,16,18,7,6,1.4,0.8
2023-04-23T09:00:00,1728A,113.1031,36.1989,长治市,监测站,,19,7,14,2,13,79,59,50,50,14,19,4,4,1.3,1
2023-04-23T09:00:00,1730A,113.0886,36.2125,长治市,审计局,,19,3,15,7,20,79,59,50,50,14,18,7,6,1.1,0.8
2023-04-23T09:00:00,1731A,113.0844,36.1856,长治市,长治八中,,19,7,14,7,11,78,59,53,53,9,13,4,4,1.2,0.9
2023-04-23T09:00:00,1733A,111.5531,36.0783,临汾市,临钢医院,细颗粒物(PM2.5),52,18,18,36,32,70,44,67,52,19,21,2,2,1.1,0.8
2023-04-23T09:00:00,1734A,111.5028,36.0714,临汾市,技工学校,,32,21,18,22,23,83,53,69,63,22,20,4,4,1.3,1.1
2023-04-23T09:00:00,1736A,111.5018,36.0855,临汾市,市委,,35,19,18,24,23,88,55,72,64,14,13,5,6,1.0,0.9
2023-04-23T09:00:00,1738A,113.5758,37.8572,阳泉市,市中心,,43,38,42,30,33,78,61,48,48,14,19,8,12,0.5,0.8
2023-04-23T09:00:00,1739A,113.4894,37.8731,阳泉市,赛鱼,,43,43,51,14,32,73,56,48,48,18,22,8,9,0.6,0.8
2023-04-23T09:00:00,1740A,113.5819,37.8486,阳泉市,南庄,细颗粒物(PM2.5),52,25,44,36,40,82,60,50,50,19,23,8,14,0.7,0.9
2023-04-23T09:00:00,1742A,113.5614,37.8703,阳泉市,平坦,颗粒物(PM10),55,60,47,15,34,77,55,50,50,20,23,7,11,0.6,0.8
2023-04-23T09:00:00,1743A,113.5158,37.8392,阳泉市,大阳泉,,20,14,33,11,27,73,63,59,51,15,19,5,6,0.7,0.9
2023-04-23T09:00:00,1744A,118.9233,42.2816,赤峰市,松山一中,,,32,45,7,16,92,,55,55,22,29,9,10,0.4,0.3
2023-04-23T09:00:00,1745A,118.9576,42.2728,赤峰市,哈达街,,26,26,53,10,19,98,73,61,61,23,26,14,17,0.4,0.4
2023-04-23T09:00:00,1746A,118.8788,42.2554,赤峰市,天义路,,26,13,41,8,16,104,82,66,66,21,24,11,12,0.4,0.4
2023-04-23T09:00:00,1748A,123.044,41.1196,鞍山市,深沟寺,颗粒物(PM10),59,67,69,36,31,132,75,60,53,20,19,14,19,0.3,0.5
2023-04-23T09:00:00,1749A,123.011,41.0931,鞍山市,太阳城,颗粒物(PM10),58,66,75,32,32,122,74,72,60,25,23,14,20,0.5,0.7
2023-04-23T09:00:00,1750A,123.0485,41.1442,鞍山市,太平,颗粒物(PM10),58,66,89,30,47,122,70,58,47,26,34,17,26,0.7,1
2023-04-23T09:00:00,1751A,122.9642,41.0971,鞍山市,铁西三道街,,,81,83,43,41,122,52,64,47,,32,26,19,1.5,1
2023-04-23T09:00:00,1752A,122.9341,41.0833,鞍山市,铁西工业园区,颗粒物(PM10),70,90,83,38,36,124,44,47,25,63,43,54,29,3.0,2
2023-04-23T09:00:00,1753A,123.022,41.0821,鞍山市,明达新区,颗粒物(PM10),65,79,72,35,28,125,70,68,57,31,26,16,19,0.6,0.7
2023-04-23T09:00:00,1754A,123.1289,41.0228,鞍山市,千山,,,,,,,,,,,,,,,,
2023-04-23T09:00:00,1755A,123.7977,41.8491,抚顺市,望花区,颗粒物(PM10),56,62,78,26,35,141,94,68,50,17,26,11,9,0.3,0.4
2023-04-23T09:00:00,1756A,123.9161,41.8822,抚顺市,顺城区,,,,70,37,27,139,55,40,32,41,34,13,11,0.8,0.6
2023-04-23T09:00:00,1757A,124.0436,41.8611,抚顺市,东洲区,细颗粒物(PM2.5),85,81,63,63,32,138,72,85,55,20,13,7,6,0.4,0.4
2023-04-23T09:00:00,1758A,123.9247,41.8642,抚顺市,新抚区,细颗粒物(PM2.5),69,84,77,50,38,135,59,47,34,35,29,13,10,1.0,0.8
2023-04-23T09:00:00,1759A,124.0972,41.8961,抚顺市,大伙房水库,颗粒物(PM10),53,55,56,35,29,144,72,72,56,16,12,6,7,0.4,0.3
2023-04-23T09:00:00,1760A,123.7086,41.8391,抚顺市,沈抚新城,,,95,80,25,34,146,92,67,53,,24,10,12,0.3,0.5
2023-04-23T09:00:00,1761A,123.8275,41.3064,本溪市,大峪,颗粒物(PM10),61,71,89,21,28,132,68,53,27,24,30,5,9,0.9,0.9
2023-04-23T09:00:00,1762A,123.7567,41.3325,本溪市,溪湖,颗粒物(PM10),62,74,102,15,30,142,88,29,28,15,36,9,14,0.5,0.7
2023-04-23T09:00:00,1763A,123.7169,41.3094,本溪市,彩屯,颗粒物(PM10),60,69,87,17,33,145,71,30,30,32,36,14,15,0.9,1.2
2023-04-23T09:00:00,1764A,123.7669,41.2864,本溪市,东明,颗粒物(PM10),67,84,92,20,35,132,78,30,29,5,27,8,17,0.9,1.3
2023-04-23T09:00:00,1765A,123.7992,41.2664,本溪市,新立屯,,42,42,67,20,27,137,90,39,39,15,36,6,13,0.6,0.9
2023-04-23T09:00:00,1766A,123.8142,41.3472,本溪市,威宁,颗粒物(PM10),81,112,95,35,35,127,51,22,22,37,39,8,9,0.8,0.7
2023-04-23T09:00:00,1767A,121.1115,41.0879,锦州市,南山,,43,43,57,26,27,120,84,82,77,11,18,7,16,0.5,0.6
2023-04-23T09:00:00,1768A,121.0533,40.8434,锦州市,开发区,颗粒物(PM10),53,55,75,9,28,107,82,102,69,11,30,11,15,0.4,0.5
2023-04-23T09:00:00,1769A,121.1836,41.1119,锦州市,百股街道,,46,46,62,14,27,112,77,65,65,12,25,9,15,0.7,0.8
2023-04-23T09:00:00,1770A,121.1178,41.1222,锦州市,天安街道,,38,38,56,10,22,114,86,81,81,8,20,10,15,0.5,0.7
2023-04-23T09:00:00,1771A,121.1303,41.1386,锦州市,北湖公园,,34,34,53,6,20,116,82,76,76,8,19,10,15,0.5,0.6
2023-04-23T09:00:00,1772A,126.54,43.8622,吉林市,哈达湾,,42,42,50,15,18,116,84,72,57,9,13,6,10,0.5,0.6
2023-04-23T09:00:00,1773A,126.5844,43.8358,吉林市,东局子,细颗粒物(PM2.5),75,46,50,55,19,112,72,45,45,15,15,9,7,0.6,0.5
2023-04-23T09:00:00,1774A,126.5052,43.8245,吉林市,电力学院,,38,38,52,15,22,118,86,41,41,7,13,9,11,0.6,0.7
2023-04-23T09:00:00,1775A,126.6133,43.8972,吉林市,江北,颗粒物(PM10),55,60,57,20,20,112,78,64,49,15,13,13,9,0.6,0.6
2023-04-23T09:00:00,1776A,126.555,43.8306,吉林市,江南公园,,47,47,50,18,22,109,76,39,39,13,20,6,7,0.4,0.5
2023-04-23T09:00:00,1778A,126.7061,43.7133,吉林市,丰满,,41,41,40,28,21,106,70,61,61,11,6,7,6,0.5,0.5
2023-04-23T09:00:00,1779A,123.9305,47.3636,齐齐哈尔市,安居小区,,45,32,33,31,21,83,74,58,58,5,8,1,2,0.1,0.2
2023-04-23T09:00:00,1780A,123.9488,47.3386,齐齐哈尔市,中心广场,,24,22,23,8,10,85,75,66,66,7,8,4,5,0.3,0.4
2023-04-23T09:00:00,1781A,123.9483,47.3227,齐齐哈尔市,农牧车辆厂,,29,29,31,16,10,85,76,63,63,6,7,3,3,0.3,0.3
2023-04-23T09:00:00,1783A,123.945,47.2988,齐齐哈尔市,市环境监测站,,33,33,29,20,26,85,76,69,69,6,6,6,5,0.3,0.3
2023-04-23T09:00:00,1784A,129.61,44.561,牡丹江市,环保大楼,,26,26,28,15,18,102,81,56,56,7,12,3,3,0.3,0.3
2023-04-23T09:00:00,1785A,129.6115,44.5782,牡丹江市,文化广场,,25,23,32,13,20,100,78,57,57,11,15,2,3,0.3,0.3
2023-04-23T09:00:00,1786A,129.5904,44.5963,牡丹江市,第一医院,,38,38,34,11,22,105,83,64,61,5,9,2,2,0.3,0.4
2023-04-23T09:00:00,1787A,129.6364,44.6075,牡丹江市,机车工厂,,47,47,43,11,21,105,82,51,51,3,10,4,5,0.4,0.8
2023-04-23T09:00:00,1788A,129.6386,44.5462,牡丹江市,第一中学,,32,32,38,12,23,103,80,43,43,5,13,1,1,0.3,0.4
2023-04-23T09:00:00,1789A,124.81117,46.03138,大庆市,大同区,,27,27,29,10,9,90,78,64,59,4,5,2,2,0.3,0.3
2023-04-23T09:00:00,1790A,125.129,46.533,大庆市,龙凤区,,30,30,28,6,11,88,74,64,64,7,11,1,2,0.4,0.4
2023-04-23T09:00:00,1791A,124.902,46.408,大庆市,红岗区,,25,21,25,8,14,94,77,63,60,6,8,6,5,0.3,0.3
2023-04-23T09:00:00,1792A,125.153,46.586,大庆市,萨尔图区,,26,18,20,18,11,81,68,64,62,6,8,4,4,0.3,0.3
2023-04-23T09:00:00,1793A,124.9042,46.6215,大庆市,让胡路区,,23,20,22,8,14,87,72,66,66,6,6,4,4,0.2,0.2
2023-04-23T09:00:00,1794A,118.3606,31.3519,芜湖市,监测站,,44,44,70,23,25,106,59,75,60,21,23,5,7,0.6,0.6
2023-04-23T09:00:00,1795A,118.3714,31.4134,芜湖市,科创中心,,49,49,75,24,26,105,73,78,60,16,23,4,6,0.6,0.7
2023-04-23T09:00:00,1796A,118.3673,31.3131,芜湖市,四水厂,,44,44,81,24,25,112,59,77,61,26,25,7,9,0.5,0.6
2023-04-23T09:00:00,1798A,118.5092,31.6837,马鞍山市,湖东路四小,颗粒物(PM10),54,57,65,32,26,122,81,80,66,14,16,6,7,0.6,0.6
2023-04-23T09:00:00,1799A,118.5024,31.6449,马鞍山市,开发区,颗粒物(PM10),59,68,71,31,24,122,80,85,69,9,12,3,4,0.7,0.7
2023-04-23T09:00:00,1800A,118.5228,31.7231,马鞍山市,慈湖,颗粒物(PM10),54,58,73,18,24,125,89,85,68,12,20,5,6,0.6,0.6
2023-04-23T09:00:00,1802A,118.6245,31.7241,马鞍山市,濮塘,颗粒物(PM10),58,66,69,32,25,120,84,76,66,10,15,4,5,1.0,1
2023-04-23T09:00:00,1803A,115.9872,29.6815,九江市,十里,,40,40,36,22,19,84,59,83,72,19,19,7,7,0.5,0.5
2023-04-23T09:00:00,1804A,115.9584,29.7046,九江市,茅山头,,34,34,42,22,20,84,58,84,71,14,14,7,8,0.5,0.5
2023-04-23T09:00:00,1805A,115.9877,29.7295,九江市,西园,,39,37,41,27,21,82,56,80,68,21,20,10,10,0.8,0.7
2023-04-23T09:00:00,1806A,116.0172,29.6547,九江市,五七二七厂,细颗粒物(PM2.5),74,32,36,54,27,78,58,76,58,12,15,6,6,0.5,0.5
2023-04-23T09:00:00,1808A,115.9114,29.6038,九江市,综合工业园,,37,37,36,21,20,75,62,73,66,14,27,9,8,0.7,0.7
2023-04-23T09:00:00,1809A,116.0721,29.7535,九江市,石化总厂,,41,41,44,23,19,80,54,78,67,16,16,5,6,0.4,0.5
2023-04-23T09:00:00,1810A,115.9773,29.5698,九江市,庐山气象台,,19,7,6,8,7,82,60,76,67,9,7,6,6,0.8,0.8
2023-04-23T09:00:00,1812A,112.3931,34.6516,洛阳市,市委党校,,29,22,21,20,17,73,64,70,70,19,17,3,3,0.5,0.4
2023-04-23T09:00:00,1814A,112.4657,34.6871,洛阳市,豫西宾馆,,29,17,19,20,18,76,64,71,71,13,12,3,3,0.5,0.4
2023-04-23T09:00:00,1815A,112.494,34.6886,洛阳市,河南林校,,23,19,17,16,17,73,59,66,66,15,16,4,5,0.4,0.4
2023-04-23T09:00:00,1816A,112.3844,34.623,洛阳市,开发区管委会,,26,19,20,18,18,87,80,83,83,8,7,1,2,0.3,0.3
2023-04-23T09:00:00,1817A,112.4267,34.6258,洛阳市,市委新办公区,,35,21,17,24,20,75,68,72,72,20,18,2,2,0.6,0.6
2023-04-23T09:00:00,1818A,114.4839,36.0621,安阳市,棉研所,,42,42,21,22,35,47,34,46,38,8,8,6,5,0.5,0.7
2023-04-23T09:00:00,1819A,114.3551,36.1017,安阳市,红庙街,,28,18,25,19,20,90,61,84,62,20,18,2,2,0.9,1.2
2023-04-23T09:00:00,1820A,114.361,36.0681,安阳市,银杏小区,,33,11,19,23,23,85,63,82,67,18,16,6,6,0.5,0.7
2023-04-23T09:00:00,1824A,114.3389,34.7781,开封市,肿瘤医院,,25,13,15,17,16,77,57,76,62,9,7,5,5,0.8,0.6
2023-04-23T09:00:00,1826A,114.2885,34.7965,开封市,世纪星幼儿园,,32,8,20,22,23,70,56,70,60,11,8,4,4,0.6,0.4
2023-04-23T09:00:00,1828A,113.227,35.2125,焦作市,市环保局,,25,23,32,17,24,66,53,60,55,17,16,5,6,1.0,0.6
2023-04-23T09:00:00,1830A,113.1992,35.2590,焦作市,影视城,,20,17,26,14,21,61,61,53,51,5,8,8,7,0.8,0.7
2023-04-23T09:00:00,1832A,113.3257,33.742,平顶山市,新华旅馆,,31,31,35,14,13,84,63,83,76,11,13,2,3,0.7,0.5
2023-04-23T09:00:00,1833A,113.2919,33.737,平顶山市,规划设计院,,26,19,23,18,15,90,64,87,79,12,10,4,4,0.5,0.4
2023-04-23T09:00:00,1834A,113.182,33.774,平顶山市,平顶山工学院,,26,26,23,14,11,82,66,82,69,13,14,3,2,0.3,0.3
2023-04-23T09:00:00,1835A,111.1922,34.7752,三门峡市,市政府,,20,7,18,13,17,89,64,82,79,17,14,6,6,0.5,0.5
2023-04-23T09:00:00,1836A,111.1587,34.7942,三门峡市,开发区,,21,20,24,14,20,89,67,80,77,17,14,4,4,0.5,0.5
2023-04-23T09:00:00,1838A,111.143,34.7955,三门峡市,风景区,,23,12,14,16,17,90,65,78,77,21,16,6,6,0.3,0.4
2023-04-23T09:00:00,1840A,111.2992,30.6981,宜昌市,白龙岗,,17,12,13,2,3,70,52,64,57,26,18,4,4,0.4,0.4
2023-04-23T09:00:00,1841A,111.3549,30.6465,宜昌市,伍家岗,,20,17,19,5,7,75,61,68,59,22,20,4,4,0.4,0.4
2023-04-23T09:00:00,1842A,111.2628,30.6961,宜昌市,点军区,,16,15,15,0,2,72,50,63,52,22,15,7,7,0.5,0.4
2023-04-23T09:00:00,1843A,111.3275,30.7819,宜昌市,夷陵区,,18,6,9,2,3,69,56,66,58,18,15,6,5,0.5,0.5
2023-04-23T09:00:00,1844A,112.2494,30.3197,荆州市,市图书馆,,29,19,25,20,23,67,60,65,64,17,17,5,5,0.4,0.4
2023-04-23T09:00:00,1845A,112.2008,30.3544,荆州市,市委党校,,23,20,25,16,21,69,61,67,65,14,15,5,5,0.5,0.5
2023-04-23T09:00:00,1847A,113.1094,29.3578,岳阳市,南湖风景区,,23,16,16,16,12,67,45,48,47,13,10,6,6,0.6,0.5
2023-04-23T09:00:00,1848A,113.1493,29.4251,岳阳市,城陵矶,,15,13,19,10,12,61,39,43,43,29,22,4,5,0.7,0.6
2023-04-23T09:00:00,1849A,113.1497,29.3575,岳阳市,开发区,,14,12,17,8,11,64,42,46,45,15,12,6,7,0.7,0.6
2023-04-23T09:00:00,1850A,113.2621,29.4758,岳阳市,云溪区,,16,12,14,8,8,70,50,51,51,17,16,4,5,0.4,0.3
2023-04-23T09:00:00,1851A,112.9943,29.4402,岳阳市,君山区,,22,13,17,15,19,70,54,51,51,15,14,5,5,0.6,0.5
2023-04-23T09:00:00,1852A,113.2117,29.355,岳阳市,金凤水库,,18,4,12,12,11,62,42,43,43,13,16,2,2,1.1,0.7
2023-04-23T09:00:00,1854A,111.6975,28.9703,常德市,市二中,,20,12,15,4,9,66,61,63,63,10,10,4,4,0.3,0.3
2023-04-23T09:00:00,1857A,111.7158,29.1456,常德市,白鹤山,,20,5,12,1,5,64,62,62,62,3,5,5,5,0.3,0.3
2023-04-23T09:00:00,1858A,110.5319,29.1217,张家界市,永定新区,,20,11,15,14,8,71,46,59,53,17,10,3,3,0.2,0.1
2023-04-23T09:00:00,1859A,110.4697,29.1242,张家界市,电业局,,18,13,17,10,12,67,56,62,57,12,11,9,9,0.2,0.2
2023-04-23T09:00:00,1860A,110.5594,29.3547,张家界市,未央路,,17,8,10,9,9,66,54,63,60,11,5,6,6,0.3,0.2
2023-04-23T09:00:00,1861A,110.4417,29.315,张家界市,袁家界,,,0,1,,0,79,66,72,71,9,7,5,6,0.7,0.6
2023-04-23T09:00:00,1862A,110.4144,25.3167,桂林市,电子科大尧山校区,,,11,14,,13,100,,46,46,,8,,5,,0.6
2023-04-23T09:00:00,1863A,110.2819,25.2697,桂林市,监测站,颗粒物(PM10),55,60,28,3,11,106,38,41,40,11,16,5,10,0.4,0.6
2023-04-23T09:00:00,1864A,110.3089,25.2708,桂林市,龙隐路小学,,12,8,20,3,15,94,38,40,38,8,12,10,15,0.4,0.5
2023-04-23T09:00:00,1865A,110.2869,25.2178,桂林市,八中,,12,12,22,1,11,98,35,38,36,11,18,8,10,0.5,0.6
2023-04-23T09:00:00,1866A,109.2262,21.588,北海市,牛尾岭水库,,30,27,38,21,20,49,17,26,19,11,11,11,9,0.5,0.6
2023-04-23T09:00:00,1867A,109.1436,21.4086,北海市,海滩公园,,30,30,41,17,18,128,32,58,39,5,5,2,2,0.8,0.8
2023-04-23T09:00:00,1868A,109.0981,21.4661,北海市,新市环保局,,35,35,40,19,19,120,29,55,37,8,6,1,2,0.8,0.8
2023-04-23T09:00:00,1869A,109.1778,21.5233,北海市,北海工业园,,47,47,45,22,23,120,31,53,35,7,6,4,4,0.7,0.8
2023-04-23T09:00:00,1870A,109.4856,24.3895,柳州市,柳东小学,,49,47,44,34,31,104,28,46,38,13,12,11,12,0.6,0.7
2023-04-23T09:00:00,1871A,109.4157,24.3277,柳州市,环保监测站,,49,49,49,33,26,98,35,39,34,14,17,4,6,0.5,0.6
2023-04-23T09:00:00,1872A,109.389,24.341,柳州市,河西水厂,细颗粒物(PM2.5),54,46,45,38,27,96,21,31,25,22,17,4,5,1.3,1.2
2023-04-23T09:00:00,1873A,109.4311,24.2921,柳州市,市四中,,45,45,47,29,27,99,39,38,38,12,15,7,8,0.7,0.8
2023-04-23T09:00:00,1874A,109.4006,24.3631,柳州市,市九中,颗粒物(PM10),51,52,53,24,29,99,30,38,30,20,16,7,9,0.9,0.9
2023-04-23T09:00:00,1875A,109.4958,24.3134,柳州市,古亭山,细颗粒物(PM2.5),75,48,49,55,42,96,6,32,20,28,16,3,5,0.8,0.8
2023-04-23T09:00:00,1876A,109.5078,18.2489,三亚市,河东子站,,29,23,36,20,28,60,37,44,40,5,5,2,2,0.5,0.6
2023-04-23T09:00:00,1877A,109.4964,18.2681,三亚市,河西子站,,29,27,37,20,24,62,38,41,40,4,3,2,2,0.6,0.6
2023-04-23T09:00:00,1878A,104.7778,31.4741,绵阳市,富乐山,,16,5,6,2,4,82,49,64,57,11,7,2,3,0.6,0.5
2023-04-23T09:00:00,1879A,104.7563,31.4535,绵阳市,市人大,,12,6,8,4,4,73,34,59,50,23,11,2,4,0.7,0.6
2023-04-23T09:00:00,1880A,104.6697,31.4668,绵阳市,高新区自来水公司,,22,22,8,2,0,84,39,64,56,18,7,4,5,0.5,0.4
2023-04-23T09:00:00,1881A,104.7287,31.5075,绵阳市,三水厂,,11,7,7,3,3,81,34,62,53,19,7,3,3,0.7,0.6
2023-04-23T09:00:00,1882A,104.563,28.793,宜宾市,石马中学,,14,9,19,5,12,58,43,46,46,14,11,2,2,0.5,0.5
2023-04-23T09:00:00,1883A,104.6201,28.7728,宜宾市,市委,,14,8,19,5,14,49,42,40,40,13,12,5,6,0.6,0.6
2023-04-23T09:00:00,1884A,104.6055,28.793,宜宾市,宜宾四中,,13,11,19,7,13,52,35,42,40,26,19,8,6,0.4,0.5
2023-04-23T09:00:00,1885A,104.639,28.7562,宜宾市,市政府,,13,10,18,6,13,54,40,44,44,17,15,5,5,0.6,0.6
2023-04-23T09:00:00,1886A,104.5742,28.7199,宜宾市,黄金嘴,,14,8,18,4,12,56,44,42,42,16,16,8,8,0.4,0.4
2023-04-23T09:00:00,1888A,101.6891,26.571,攀枝花市,弄弄坪,,43,43,52,28,33,136,94,124,107,20,16,17,28,0.8,1.5
2023-04-23T09:00:00,1889A,101.5769,26.5928,攀枝花市,河门口,颗粒物(PM10),52,53,54,35,33,142,95,119,88,25,16,37,16,2.0,0.8
2023-04-23T09:00:00,1890A,101.7169,26.585,攀枝花市,炳草岗,颗粒物(PM10),59,67,51,32,29,140,89,125,94,29,16,27,13,1.3,1.1
2023-04-23T09:00:00,1891A,101.7369,26.5008,攀枝花市,仁和,,46,46,44,30,29,150,94,135,102,16,10,6,6,0.7,0.5
2023-04-23T09:00:00,1893A,105.4324,28.9634,泸州市,九狮山,,25,17,15,17,11,41,26,31,30,14,9,4,5,0.5,0.6
2023-04-23T09:00:00,1894A,105.4427,28.9063,泸州市,小市上码头,,10,9,12,4,5,48,30,36,35,16,10,4,4,0.5,0.5
2023-04-23T09:00:00,1895A,105.4241,28.8573,泸州市,兰田宪桥,,12,8,13,8,7,48,35,36,36,9,8,11,12,0.6,0.6
2023-04-23T09:00:00,1896A,105.4379,28.8833,泸州市,市环监站,,11,7,10,2,2,38,25,29,29,21,17,5,3,0.7,0.5
2023-04-23T09:00:00,1901A,104.4239,31.1208,德阳市,东山公园,,13,13,12,8,7,85,41,64,54,17,8,3,2,0.4,0.4
2023-04-23T09:00:00,1902A,104.3826,31.1317,德阳市,西小区,,20,20,20,7,10,83,46,62,54,12,10,3,2,0.5,0.4
2023-04-23T09:00:00,1904A,104.3553,31.1091,德阳市,耐火材料厂,,15,7,11,7,9,84,48,61,53,6,6,1,2,0.4,0.4
2023-04-23T09:00:00,1905A,106.056,30.8064,南充市,西山风景区,,18,14,9,7,3,61,57,52,52,4,5,2,3,0.5,0.5
2023-04-23T09:00:00,1906A,106.0789,30.8023,南充市,南充市委,,16,5,12,1,4,61,50,48,48,14,11,7,7,0.4,0.4
2023-04-23T09:00:00,1907A,106.1031,30.8217,南充市,南充炼油厂,,16,13,21,6,5,61,50,49,49,11,8,7,8,0.5,0.5
2023-04-23T09:00:00,1908A,106.1064,30.7856,南充市,高坪区监测站,,18,7,9,1,5,64,57,54,54,8,8,8,8,0.4,0.4
2023-04-23T09:00:00,1909A,106.0642,30.7636,南充市,嘉陵区环保局,,15,9,8,0,3,60,48,50,50,18,13,7,8,0.4,0.4
2023-04-23T09:00:00,1910A,106.1087,30.8388,南充市,市环境监测站,,17,4,7,4,5,53,52,49,49,8,7,8,8,0.4,0.4
2023-04-23T09:00:00,1911A,106.9222,27.6869,遵义市,丁字口,,22,20,21,15,12,83,40,51,47,14,11,6,5,0.5,0.6
2023-04-23T09:00:00,1912A,106.9242,27.7019,遵义市,凤凰山,,19,19,23,6,18,84,37,45,41,10,11,4,4,0.3,0.3
2023-04-23T09:00:00,1913A,106.8906,27.6486,遵义市,忠庄,,26,26,30,16,13,63,35,43,41,12,9,2,2,0,0.1
2023-04-23T09:00:00,1914A,106.9231,27.6506,遵义市,舟水桥,,13,13,14,7,13,79,38,46,41,5,7,1,1,0.2,0.4
2023-04-23T09:00:00,1915A,106.9178,27.72,遵义市,干田坝,,,14,23,13,10,69,,38,35,15,13,6,5,0.3,0.4
2023-04-23T09:00:00,1916A,103.7897,25.5035,曲靖市,环境监测站,,38,34,56,16,23,165,120,129,124,10,9,9,8,0.5,0.5
2023-04-23T09:00:00,1917A,103.8,25.5364,曲靖市,烟厂办公区,,39,39,56,19,23,170,124,134,129,9,10,3,4,0.5,0.6
2023-04-23T09:00:00,1918A,108.7197,34.3956,咸阳市,气象站,,23,10,10,16,15,66,52,66,53,19,17,1,1,0.5,0.5
2023-04-23T09:00:00,1919A,108.673,34.3155,咸阳市,实验中学,,33,9,18,23,18,67,60,67,61,13,13,4,4,0.9,0.9
2023-04-23T09:00:00,1920A,108.7233,34.3617,咸阳市,师范学院,,20,8,14,14,13,63,56,62,56,13,13,6,5,0.6,0.6
2023-04-23T09:00:00,1922A,109.0656,35.0994,铜川市,党校,,17,8,10,8,7,81,53,76,60,14,10,9,8,1.1,0.8
2023-04-23T09:00:00,1923A,109.0697,35.0697,铜川市,王益区政府,,17,10,8,10,8,80,53,72,64,14,9,9,6,1.0,0.6
2023-04-23T09:00:00,1924A,108.9344,34.9058,铜川市,新区管委会,,22,11,12,15,14,82,67,71,71,13,18,6,6,0.7,0.6
2023-04-23T09:00:00,1926A,109.4131,36.6275,延安市,枣园,,19,9,12,9,10,81,32,54,49,37,22,7,8,0.7,0.7
2023-04-23T09:00:00,1927A,109.4761,36.6028,延安市,延大医附院,,15,4,12,10,11,81,31,58,52,29,14,4,5,0.7,0.6
2023-04-23T09:00:00,1929A,109.5056,36.6106,延安市,百米大道,,19,8,11,11,12,75,32,62,48,37,20,7,9,0.8,0.6
2023-04-23T09:00:00,1930A,107.185,34.3063,宝鸡市,庙沟村,,26,13,10,18,12,54,51,47,47,10,12,6,6,0.7,0.7
2023-04-23T09:00:00,1931A,107.0708,34.3017,宝鸡市,竹园沟,,21,8,10,9,9,65,65,57,57,11,15,10,7,0.7,0.7
2023-04-23T09:00:00,1932A,107.1906,34.3672,宝鸡市,三陆医院,,30,26,15,21,12,65,59,57,57,15,16,7,6,0.8,0.7
2023-04-23T09:00:00,1933A,107.1431,34.3547,宝鸡市,监测站,,22,7,12,15,12,63,57,55,55,15,14,5,5,0.6,0.5
2023-04-23T09:00:00,1934A,107.1186,34.3739,宝鸡市,技工学校,,26,13,10,18,10,58,58,53,53,15,15,4,4,0.5,0.5
2023-04-23T09:00:00,1935A,107.3906,34.3528,宝鸡市,陈仓区环保局家属楼,,28,23,9,19,14,62,49,53,53,26,20,4,4,0.8,0.8
2023-04-23T09:00:00,1936A,107.2058,34.3497,宝鸡市,文理学院,,29,20,12,20,10,63,58,57,57,16,17,8,8,0.7,0.6
2023-04-23T09:00:00,1937A,107.2386,34.3622,宝鸡市,三迪小学,,20,20,13,14,11,66,58,57,57,17,21,8,8,0.6,0.6
2023-04-23T09:00:00,1938A,109.5293,34.5101,渭南市,农科所,,25,14,17,17,18,66,56,59,57,11,13,6,6,0.5,0.5
2023-04-23T09:00:00,1939A,109.4974,34.4877,渭南市,日报社,,29,27,20,20,19,78,64,70,70,18,13,4,4,0.5,0.5
2023-04-23T09:00:00,1940A,109.4636,34.493,渭南市,体育馆,,,,,,,,,,,,,,,,
2023-04-23T09:00:00,1941A,109.4259,34.5023,渭南市,高新一小,,28,18,19,19,16,67,64,61,60,12,13,2,2,0.6,0.7
2023-04-23T09:00:00,1943A,102.1725,38.5339,金昌市,新川苑,,24,15,33,8,9,103,76,89,84,15,11,9,10,0.7,0.6
2023-04-23T09:00:00,1944A,102.1692,38.5167,金昌市,天庆家园,,24,10,32,10,14,104,75,93,86,14,10,6,11,0.7,0.7
2023-04-23T09:00:00,1945A,98.2908,39.7711,嘉峪关市,气象局,颗粒物(PM10),60,70,68,22,23,90,75,83,67,19,10,3,3,0.6,0.5
2023-04-23T09:00:00,1947A,106.3394,38.817,石嘴山市,沙湖旅游区,,29,24,24,20,19,104,54,104,80,26,19,11,14,0.5,0.6
2023-04-23T09:00:00,1948A,106.3668,39.0145,石嘴山市,大武口朝阳西街,,29,29,28,20,19,97,66,85,68,23,21,9,9,0.3,0.5
2023-04-23T09:00:00,1949A,106.7704,39.2282,石嘴山市,惠农南大街,颗粒物(PM10),53,55,24,33,20,88,50,88,53,28,20,26,24,1.1,0.8
2023-04-23T09:00:00,1950A,106.7099,39.1325,石嘴山市,红果子镇惠新街,,45,45,21,28,18,86,51,76,65,18,15,7,5,0.7,0.5
2023-04-23T09:00:00,1951A,84.895,45.6094,克拉玛依市,长征新村,,30,12,15,4,5,109,95,100,99,3,2,6,6,0.2,0.2
2023-04-23T09:00:00,1952A,84.8988,45.5893,克拉玛依市,南林小区,,29,12,15,2,10,105,90,94,94,4,3,4,3,0.3,0.2
2023-04-23T09:00:00,1954A,84.905,44.3396,克拉玛依市,独山子区,,25,20,38,17,16,105,78,76,71,15,13,6,8,0.4,0.4
2023-04-23T09:00:00,1955A,85.6979,46.098,克拉玛依市,乌尔禾区商贸楼,颗粒物(PM10),51,52,23,16,9,204,44,166,118,29,6,8,8,0.4,0.3
2023-04-23T09:00:00,1956A,86.1472,41.7538,巴音郭楞州,孔雀公园,颗粒物(PM10),59,67,266,17,67,112,106,104,104,3,9,3,3,0.2,0.2
2023-04-23T09:00:00,1957A,86.1972,41.7166,巴音郭楞州,棉纺厂,颗粒物(PM10),51,52,299,34,72,113,105,105,105,7,8,2,3,0.2,0.2
2023-04-23T09:00:00,1958A,86.2357,41.7173,巴音郭楞州,经济开发区,颗粒物(PM10),52,53,246,5,50,113,107,106,106,5,7,5,6,0.2,0.2
2023-04-23T09:00:00,1961A,117.532,36.6868,济南市,东山小学,颗粒物(PM10),53,56,53,29,28,88,53,55,48,35,28,6,6,0.6,0.5
2023-04-23T09:00:00,1966A,120.0405,35.8735,青岛市,黄岛区4号,颗粒物(PM10),58,66,65,19,23,110,110,72,70,11,20,5,6,0.5,0.6
2023-04-23T09:00:00,1982A,122.0693,37.2174,威海市,文登开发区,颗粒物(PM10),59,68,58,24,20,100,44,80,62,43,23,7,6,0.5,0.4
2023-04-23T09:00:00,2031A,113.1817,27.9958,株洲市,云田中学,,10,2,5,4,5,55,32,46,35,14,12,3,3,0.7,0.6
2023-04-23T09:00:00,2054A,114.1099,32.1059,信阳市,平桥分局,,40,25,40,28,33,73,47,70,64,13,13,5,6,0.4,0.3
2023-04-23T09:00:00,2064A,113.9956,32.1271,信阳市,南湾水厂,,33,33,46,17,20,74,49,66,60,8,10,4,5,0.4,0.4
2023-04-23T09:00:00,2065A,114.0775,32.1195,信阳市,市酿酒公司,,32,25,39,22,26,76,48,70,63,17,17,6,6,0.5,0.4
2023-04-23T09:00:00,2066A,114.0609,32.1399,信阳市,审计局,,38,38,47,17,26,76,52,73,67,17,18,6,6,0.3,0.3
2023-04-23T09:00:00,2067A,114.6613,33.6128,周口市,市环境监测站,,32,22,32,22,26,89,47,67,60,13,9,7,8,0.5,0.5
2023-04-23T09:00:00,2068A,114.6758,33.6347,周口市,周口师范,,35,16,31,24,20,83,44,59,54,14,12,6,7,0.5,0.4
2023-04-23T09:00:00,2069A,114.6546,33.5979,周口市,市运管处,,28,17,38,19,20,87,50,66,60,10,8,5,6,0.4,0.2
2023-04-23T09:00:00,2070A,114.6369,33.6406,周口市,川汇区环保局,,32,13,24,22,20,82,48,63,58,13,11,5,6,0.5,0.4
2023-04-23T09:00:00,2075A,117.6336,24.4674,漳州市,九湖,,,,,,,,,,,,,,,,
2023-04-23T09:00:00,2160A,112.85,35.5051,晋城市,自来水公司,,25,20,26,17,17,71,24,42,42,29,19,4,4,1.6,0.8
2023-04-23T09:00:00,2161A,112.8318,35.4936,晋城市,白云商贸,,26,26,27,12,15,68,31,52,49,30,19,3,3,1.9,1
2023-04-23T09:00:00,2162A,112.8508,35.4887,晋城市,市环保局,,15,10,21,7,16,68,48,53,53,20,17,6,6,1.1,0.8
2023-04-23T09:00:00,2163A,112.8676,35.4897,晋城市,技术学院,,18,18,24,12,15,66,41,54,54,26,18,5,5,1.0,0.6
2023-04-23T09:00:00,2165A,112.8453,35.546,晋城市,白马寺,,35,35,34,20,24,59,26,26,22,27,25,4,4,2.2,1.3
2023-04-23T09:00:00,2166A,112.4397,39.3522,朔州市,平朔,颗粒物(PM10),71,92,61,46,38,100,18,9,6,43,29,12,8,0.6,0.6
2023-04-23T09:00:00,2167A,112.4575,39.3617,朔州市,朔唯,颗粒物(PM10),76,102,73,51,39,104,15,16,7,54,38,18,12,0.8,0.6
2023-04-23T09:00:00,2168A,112.4258,39.3197,朔州市,区政府,颗粒物(PM10),76,102,64,36,33,102,21,7,5,43,29,15,7,0.7,0.6
2023-04-23T09:00:00,2169A,112.4072,39.3278,朔州市,市环保局,颗粒物(PM10),76,101,68,46,38,94,23,12,12,56,40,15,7,0.8,0.6
2023-04-23T09:00:00,2170A,112.4272,39.3681,朔州市,市二中,颗粒物(PM10),83,115,72,40,36,102,14,8,3,42,29,9,6,0.6,0.5
2023-04-23T09:00:00,2171A,112.7532,37.6945,晋中市,锦纶小区,,20,17,24,12,22,117,62,60,59,18,23,6,6,0.5,0.4
2023-04-23T09:00:00,2173A,112.7249,37.7067,晋中市,南都小区,,43,16,32,30,25,104,57,57,57,17,22,4,5,0.7,0.5
2023-04-23T09:00:00,2174A,112.6991,37.6982,晋中市,榆次区政府,,36,18,31,25,20,100,55,56,56,18,23,7,8,0.8,0.5
2023-04-23T09:00:00,2175A,110.9956,35.0147,运城市,运城中学,,28,25,16,19,15,93,50,88,69,12,9,5,5,1.0,0.8
2023-04-23T09:00:00,2178A,110.9686,35.0303,运城市,地区技校,,22,17,20,15,16,96,35,91,67,26,12,4,4,1.3,0.9
2023-04-23T09:00:00,2179A,111.0414,35.1147,运城市,空港新区,,29,22,18,20,17,80,40,72,56,16,14,7,6,1.1,1.1
2023-04-23T09:00:00,2181A,112.7383,38.4519,忻州市,开发区,,28,28,27,14,18,88,56,72,50,19,18,6,7,0.6,0.5
2023-04-23T09:00:00,2182A,112.7003,38.4928,忻州市,会展中心,,28,26,28,19,20,81,56,46,31,12,20,4,5,0.6,0.5
2023-04-23T09:00:00,2183A,111.1406,37.5211,吕梁市,环保局,,24,23,37,7,16,62,11,10,10,47,48,9,8,1.4,1.1
2023-04-23T09:00:00,2185A,111.1297,37.5136,吕梁市,自来水公司,,20,18,36,14,16,70,26,16,16,39,39,6,7,1.3,1
2023-04-23T09:00:00,2187A,106.8174,39.6973,乌海市,市林业局,颗粒物(PM10),51,51,53,18,22,116,73,108,86,19,13,10,13,0.7,0.7
2023-04-23T09:00:00,2188A,106.7907,39.6667,乌海市,中海勃湾学校,,50,50,51,26,20,115,87,105,95,11,15,10,12,0.6,0.5
2023-04-23T09:00:00,2191A,122.2532,43.6801,通辽市,艺术职业学校,,45,45,55,21,17,105,76,74,66,11,14,5,5,0.5,0.5
2023-04-23T09:00:00,2192A,119.7594,49.2261,呼伦贝尔市,区环保局,,32,32,38,12,21,90,81,62,62,7,16,5,5,0.4,0.3
2023-04-23T09:00:00,2195A,107.4212,40.761,巴彦淖尔市,附二中,颗粒物(PM10),67,83,68,26,21,115,67,87,80,22,17,8,5,0.6,0.5
2023-04-23T09:00:00,2196A,107.37,40.7372,巴彦淖尔市,市环保大楼,颗粒物(PM10),70,89,70,40,33,117,70,87,83,25,12,9,5,0.7,0.5
2023-04-23T09:00:00,2197A,113.1306,40.9923,乌兰察布市,集宁新区,,39,39,36,20,15,110,69,74,70,28,12,8,12,0.5,0.3
2023-04-23T09:00:00,2200A,122.0392,46.0656,兴安盟,胜华新制药厂,,29,29,31,18,16,92,83,58,58,8,12,3,2,0.3,0.3
2023-04-23T09:00:00,2201A,121.9504,46.0741,兴安盟,科右前旗环保局,,26,23,32,14,17,91,83,64,64,9,14,4,4,0.3,0.3
2023-04-23T09:00:00,2202A,116.1042,43.9317,锡林郭勒盟,市环保监测站,,50,50,31,12,8,99,75,76,72,6,4,11,10,0.2,0.3
2023-04-23T09:00:00,2203A,116.0781,43.9311,锡林郭勒盟,市政府,,,33,30,10,10,100,74,78,72,,7,6,9,0.2,0.2
2023-04-23T09:00:00,2204A,105.6467,38.8363,阿拉善盟,西城区西花园,,40,40,51,28,26,98,66,98,73,13,10,8,8,0.5,0.5
2023-04-23T09:00:00,2205A,105.6985,38.8411,阿拉善盟,蒙二幼,,36,30,29,25,27,102,71,94,79,13,9,9,9,0.3,0.3
2023-04-23T09:00:00,2206A,105.724,38.8516,阿拉善盟,环保局新楼,,35,35,35,24,27,110,75,99,81,13,8,6,6,0.4,0.4
2023-04-23T09:00:00,2207A,121.6094,41.998,阜新市,工业园区,颗粒物(PM10),53,55,83,11,23,127,86,71,71,8,14,8,20,0.3,0.5
2023-04-23T09:00:00,2208A,121.6697,42.0279,阜新市,长青街,,46,46,64,8,28,126,82,72,69,6,13,7,20,0.4,0.5
2023-04-23T09:00:00,2209A,121.6673,42.0705,阜新市,农业园区,,40,40,58,11,33,127,88,86,80,7,12,8,13,0.4,0.7
2023-04-23T09:00:00,2210A,121.6717,42.0224,阜新市,东苑,颗粒物(PM10),51,51,72,15,31,123,83,70,70,6,14,5,23,0.4,0.6
2023-04-23T09:00:00,2211A,121.6506,42.0498,阜新市,玉龙新城,,40,40,68,10,31,121,85,74,74,5,11,5,10,0.4,0.6
2023-04-23T09:00:00,2212A,123.2,41.1953,辽阳市,宏伟区,颗粒物(PM10),71,91,72,36,31,132,57,56,40,38,32,23,34,0.7,0.9
2023-04-23T09:00:00,2213A,123.1683,41.2495,辽阳市,新华园,颗粒物(PM10),63,76,72,36,33,143,65,58,47,29,30,17,32,0.8,0.9
2023-04-23T09:00:00,2214A,123.2354,41.2639,辽阳市,滨河路,颗粒物(PM10),71,92,82,42,40,125,54,44,29,34,37,14,28,0.6,0.8
2023-04-23T09:00:00,2215A,123.149,41.2991,辽阳市,铁西工业园,颗粒物(PM10),54,58,74,27,36,143,61,38,34,22,32,11,14,0.6,0.8
2023-04-23T09:00:00,2216A,123.8139,42.3022,铁岭市,汇工街西,颗粒物(PM10),71,92,68,36,48,133,64,49,22,17,30,3,14,0.5,0.5
2023-04-23T09:00:00,2217A,123.8649,42.2923,铁岭市,水上乐园,颗粒物(PM10),60,70,62,34,32,126,58,54,32,20,33,11,12,0.6,0.6
2023-04-23T09:00:00,2218A,123.8486,42.2867,铁岭市,银州路东段,颗粒物(PM10),66,82,70,31,29,126,60,66,34,22,31,8,8,0.4,0.3
2023-04-23T09:00:00,2219A,123.7153,42.2217,铁岭市,金沙江路北,颗粒物(PM10),58,66,70,35,42,124,60,66,48,20,20,5,6,0.5,0.5
2023-04-23T09:00:00,2220A,120.4318,41.5881,朝阳市,西梁,,37,37,60,5,20,121,92,75,75,8,16,9,12,0.5,0.6
2023-04-23T09:00:00,2221A,120.4521,41.5646,朝阳市,河畔小区,,37,37,65,8,21,124,93,101,83,5,11,9,12,0.6,0.7
2023-04-23T09:00:00,2222A,120.4176,41.5648,朝阳市,八里堡,,35,35,69,8,23,129,92,72,72,9,16,8,11,0.6,0.7
2023-04-23T09:00:00,2223A,120.3806,41.5969,朝阳市,农业园区,,31,29,58,5,16,127,98,82,81,5,12,8,9,0.4,0.5
2023-04-23T09:00:00,2225A,124.4002,43.1713,四平市,一商场,颗粒物(PM10),57,64,53,28,24,113,84,41,41,8,23,7,7,0.2,0.2
2023-04-23T09:00:00,2226A,124.388,43.193,四平市,境园,颗粒物(PM10),55,60,63,24,26,112,80,24,24,7,22,4,5,0.1,0.3
2023-04-23T09:00:00,2227A,125.1358,42.8845,辽源市,环保局,,43,43,34,21,20,109,76,44,32,17,15,11,11,0.4,0.4
2023-04-23T09:00:00,2229A,125.9358,41.7173,通化市,光明,颗粒物(PM10),76,102,56,44,24,107,36,46,31,63,30,120,31,5.1,0.9
2023-04-23T09:00:00,2230A,125.9446,41.7325,通化市,铁路,细颗粒物(PM2.5),89,124,61,66,29,110,28,49,30,86,28,139,32,6.7,1.2
2023-04-23T09:00:00,2231A,126.4219,41.9171,白山市,喜丰,颗粒物(PM10),84,117,84,37,26,100,52,42,30,34,28,17,15,0.6,0.5
2023-04-23T09:00:00,2232A,126.4077,41.9419,白山市,环保局,颗粒物(PM10),65,80,72,24,25,111,61,38,38,34,21,18,12,0.4,0.2
2023-04-23T09:00:00,2233A,124.8006,45.1214,松原市,江南,,35,24,28,24,17,108,84,65,65,6,15,5,5,0.1,0.3
2023-04-23T09:00:00,2234A,124.7965,45.1722,松原市,江北,,29,29,38,13,15,107,86,69,69,5,14,5,4,0.5,0.4
2023-04-23T09:00:00,2235A,122.7911,45.6077,白城市,洮北区环保局,,43,43,30,25,14,102,87,60,60,7,10,7,5,0.3,0.4
2023-04-23T09:00:00,2236A,122.8738,45.5725,白城市,市环保局,,35,35,37,13,15,105,91,74,64,6,11,16,5,0.3,0.4
2023-04-23T09:00:00,2237A,129.47,42.8883,延边朝鲜族自治州,妇幼医院,,29,28,40,6,20,140,91,78,70,9,13,6,7,0.4,0.5
2023-04-23T09:00:00,2238A,129.5055,42.9108,延边朝鲜族自治州,延边医院,,47,47,53,6,18,134,87,85,63,13,13,8,9,0.4,0.4
2023-04-23T09:00:00,2239A,129.3964,42.8881,延边朝鲜族自治州,朝阳川镇医院,,30,29,40,4,18,144,93,75,62,5,8,7,7,0.4,0.4
2023-04-23T09:00:00,2240A,130.9762,45.3001,鸡西市,环保局,,28,28,30,12,16,95,70,69,69,9,10,2,2,0.2,0.3
2023-04-23T09:00:00,2243A,130.9429,45.3039,鸡西市,第一中学,,27,27,30,10,19,89,70,65,64,3,4,3,3,0.3,0.3
2023-04-23T09:00:00,2244A,130.2537,47.3416,鹤岗市,哈啤分公司,,24,11,16,9,10,84,75,72,72,5,5,9,9,0.2,0.2
2023-04-23T09:00:00,2245A,130.2684,47.3086,鹤岗市,斯达机电,,24,11,18,5,12,82,75,72,71,5,5,6,6,0.2,0.2
2023-04-23T09:00:00,2246A,130.3114,47.3388,鹤岗市,东山纸板厂,,,,,,,,,,,,,,,,
2023-04-23T09:00:00,2247A,130.1097,47.3382,鹤岗市,五号水库,,26,6,12,5,12,88,82,76,76,4,4,7,7,0.2,0.1
2023-04-23T09:00:00,2248A,131.1511,46.6937,双鸭山市,双合村,,23,17,22,5,10,86,73,73,73,7,6,5,5,0.5,0.5
2023-04-23T09:00:00,2249A,131.1652,46.6191,双鸭山市,南小市,,31,31,27,7,9,91,78,79,77,8,6,5,5,0.5,0.5
2023-04-23T09:00:00,2250A,131.1524,46.6554,双鸭山市,环保局,,26,19,18,8,16,97,83,83,82,6,4,6,5,0.4,0.4
2023-04-23T09:00:00,2251A,131.12,46.5656,双鸭山市,苗圃,,28,11,21,13,18,102,87,88,87,8,8,4,4,0,0.1
2023-04-23T09:00:00,2252A,128.5159,47.4311,伊春市,环保局,,25,14,14,8,7,89,78,66,66,6,8,7,4,0.3,0.3
2023-04-23T09:00:00,2253A,128.9102,47.7412,伊春市,电力嘉园,,25,13,21,5,12,87,77,68,67,3,4,5,5,0.5,0.5
2023-04-23T09:00:00,2254A,129.5029,48.471,伊春市,汤旺河国家公园,,25,8,14,14,16,86,78,72,72,2,2,5,5,0.3,0.3
2023-04-23T09:00:00,2255A,130.2751,46.8028,佳木斯市,佳纺,,,43,34,15,13,79,72,70,64,9,9,,3,0.3,0.3
2023-04-23T09:00:00,2256A,130.3995,46.8307,佳木斯市,发电厂,,24,12,17,6,11,79,76,72,70,7,9,4,4,0.3,0.3
2023-04-23T09:00:00,2257A,130.3258,46.7975,佳木斯市,环保局,,23,21,20,14,10,79,73,63,63,6,8,3,3,0.4,0.3
2023-04-23T09:00:00,2258A,130.3648,46.8032,佳木斯市,十一中,,30,19,20,21,16,79,74,65,64,8,12,6,7,0.3,0.3
2023-04-23T09:00:00,2259A,130.3794,46.7588,佳木斯市,四丰,,31,16,17,6,10,104,98,86,86,5,7,1,1,0.4,0.4
2023-04-23T09:00:00,2262A,131.0518,45.8751,七台河市,新一中,,27,12,21,8,16,95,84,71,71,3,5,6,6,0.5,0.5
2023-04-23T09:00:00,2263A,127.4833,50.2524,黑河市,交通局,,25,18,12,8,7,80,78,78,77,7,7,4,4,0.4,0.3
2023-04-23T09:00:00,2264A,127.5144,50.2341,黑河市,环保局,,25,15,12,7,9,81,80,80,80,6,5,2,2,0.4,0.3
2023-04-23T09:00:00,2265A,127.5291,50.2472,黑河市,大黑河岛,,25,5,8,6,5,93,77,90,88,7,2,32,6,0.5,0.3
2023-04-23T09:00:00,2266A,126.9785,46.6365,绥化市,人和东街,,31,31,31,14,10,90,68,60,57,8,8,4,4,0.3,0.2
2023-04-23T09:00:00,2267A,126.964,46.6528,绥化市,党政办公中心,,27,27,26,17,13,99,80,65,65,3,5,4,3,0.2,0.2
2023-04-23T09:00:00,2269A,124.1069,50.4097,大兴安岭地区,科技局,,27,14,14,8,11,92,86,82,81,4,4,7,8,0.3,0.3
2023-04-23T09:00:00,2270A,117.396,32.939,蚌埠市,工人疗养院,,36,23,65,25,22,92,68,74,74,12,16,3,5,0.3,0.3
2023-04-23T09:00:00,2271A,117.3605,32.9427,蚌埠市,百货大楼,,24,20,67,10,16,94,74,77,77,8,13,1,2,0.3,0.4
2023-04-23T09:00:00,2273A,117.4185,32.8911,蚌埠市,蚌埠学院,,27,27,67,14,18,92,62,74,73,21,20,4,6,0.4,0.4
2023-04-23T09:00:00,2274A,117.3533,32.9673,蚌埠市,淮上区政府,,24,22,63,9,17,96,75,76,76,8,14,3,4,0.3,0.3
2023-04-23T09:00:00,2275A,117.3145,32.8977,蚌埠市,高新区,,24,17,62,14,21,94,74,77,77,16,16,3,5,0.4,0.3
2023-04-23T09:00:00,2277A,116.8305,32.7727,淮南市,潘集区政府,,35,23,65,24,31,84,76,66,66,7,15,3,5,0.1,0.2
2023-04-23T09:00:00,2278A,117.0067,32.6524,淮南市,师范学院,,35,18,65,24,26,86,68,64,64,9,16,4,6,0.1,0.2
2023-04-23T09:00:00,2279A,116.8569,32.5951,淮南市,谢家集区政府,,28,28,60,15,21,86,76,67,67,8,12,2,4,0.1,0.2
2023-04-23T09:00:00,2280A,116.8281,32.633,淮南市,八公山区政府,,35,35,84,9,18,82,72,62,62,8,14,1,4,0.2,0.3
2023-04-23T09:00:00,2281A,116.6325,32.6201,淮南市,焦岗湖风景区管理处,,32,32,55,18,23,73,66,52,52,3,14,6,7,0.1,0.2
2023-04-23T09:00:00,2282A,116.8004,33.975,淮北市,监测站,,40,33,63,28,33,80,58,62,62,18,22,3,5,0.7,0.6
2023-04-23T09:00:00,2283A,116.8091,33.9007,淮北市,烈山区政府,,40,19,56,28,30,77,62,58,58,16,21,6,6,0.6,0.6
2023-04-23T09:00:00,2284A,116.7856,33.9477,淮北市,职业技术学院,,38,30,62,26,33,81,64,66,66,15,19,5,6,0.7,0.6
2023-04-23T09:00:00,2285A,117.8177,30.9412,铜陵市,市第四中学,,30,30,74,18,22,81,27,48,39,36,35,12,13,0.5,0.4
2023-04-23T09:00:00,2286A,117.8059,30.9273,铜陵市,市公路局,,30,30,69,4,19,86,34,50,41,27,32,4,5,0.8,0.7
2023-04-23T09:00:00,2287A,117.7807,30.9413,铜陵市,市新民污水厂,,25,25,67,11,23,88,37,63,52,24,27,6,6,0.6,0.5
2023-04-23T09:00:00,2288A,117.7439,30.8792,铜陵市,市第九中学,,22,19,77,15,24,73,43,54,48,22,33,24,42,0.7,1
2023-04-23T09:00:00,2289A,117.846,30.9413,铜陵市,车站新区,,20,20,60,7,17,86,38,72,54,26,27,3,3,0.7,0.5
2023-04-23T09:00:00,2290A,117.8483,30.97,铜陵市,市职教基地,,13,13,61,9,17,87,41,63,52,15,17,1,2,0.4,0.3
2023-04-23T09:00:00,2291A,117.0809,30.5177,安庆市,环科院,,20,3,47,5,25,92,62,71,62,10,14,8,9,0.4,0.5
2023-04-23T09:00:00,2292A,117.0331,30.5119,安庆市,马山宾馆,,19,19,48,4,23,90,59,81,61,13,14,7,7,0.4,0.4
2023-04-23T09:00:00,2294A,116.9896,30.6145,安庆市,安庆大学,,20,9,49,3,20,89,62,66,61,11,15,7,8,0.4,0.4
2023-04-23T09:00:00,2295A,118.2903,29.6963,黄山市,延安路89号,,38,38,48,15,22,84,72,83,75,12,11,5,6,0.3,0.3
2023-04-23T09:00:00,2296A,118.327,29.7178,黄山市,黄山东路89号,,27,27,36,16,18,82,67,80,72,12,12,5,6,0.5,0.5
2023-04-23T09:00:00,2297A,118.1371,30.2756,黄山市,黄山区政府5号楼,,26,26,38,14,19,76,68,75,73,15,13,5,5,0.3,0.3
2023-04-23T09:00:00,2298A,118.3093,32.3153,滁州市,老年大学,颗粒物(PM10),55,60,62,29,21,110,78,76,71,13,14,4,6,0.3,0.4
2023-04-23T09:00:00,2299A,118.3244,32.2786,滁州市,人大宾馆,颗粒物(PM10),60,69,67,35,22,109,71,76,68,19,16,5,6,0.3,0.4
2023-04-23T09:00:00,2301A,115.8277,32.8929,阜阳市,市监测站,,28,17,47,19,25,69,68,54,54,19,22,4,6,0.5,0.5
2023-04-23T09:00:00,2303A,115.8554,32.8605,阜阳市,开发区,,33,19,57,23,25,73,65,55,55,18,20,5,7,0.6,0.5
2023-04-23T09:00:00,2307A,116.5079,31.737,六安市,监测大楼,,22,17,54,15,20,77,54,63,61,12,16,2,4,0.3,0.3
2023-04-23T09:00:00,2308A,116.4738,31.7643,六安市,皖西学院,,28,14,57,19,19,87,60,71,67,10,14,2,4,0.2,0.2
2023-04-23T09:00:00,2309A,116.4996,31.7905,六安市,朝阳厂,,21,9,45,5,16,87,65,72,67,12,17,4,4,0.2,0.2
2023-04-23T09:00:00,2310A,116.5567,31.7886,六安市,开发区,,35,30,68,24,25,81,52,67,60,12,16,5,6,0.4,0.4
2023-04-23T09:00:00,2311A,115.8072,33.8399,亳州市,污水处理厂,,35,21,37,24,24,78,69,64,64,3,6,6,7,0.3,0.2
2023-04-23T09:00:00,2312A,115.7789,33.8518,亳州市,三国揽胜宫,,26,26,48,13,19,75,66,62,62,10,12,3,4,0.5,0.4
2023-04-23T09:00:00,2314A,117.47,30.6618,池州市,池州学院,,16,16,64,10,27,78,47,66,50,15,21,3,6,0.5,0.5
2023-04-23T09:00:00,2316A,118.7581,30.9454,宣城市,鳌峰子站,颗粒物(PM10),51,51,79,23,24,92,78,63,63,10,16,7,6,0.4,0.4
2023-04-23T09:00:00,2317A,118.7385,30.9743,宣城市,敬亭山子站,颗粒物(PM10),56,62,81,19,24,88,80,63,63,14,23,6,6,0.3,0.4
2023-04-23T09:00:00,2318A,118.7173,30.9427,宣城市,开发区子站,颗粒物(PM10),53,55,74,25,24,95,81,67,67,18,20,4,6,0.4,0.5
2023-04-23T09:00:00,2319A,119.0141,25.4325,莆田市,荔城区仓后路,颗粒物(PM10),61,72,74,28,26,132,64,76,72,31,18,6,6,0.7,0.7
2023-04-23T09:00:00,2320A,119.0015,25.4553,莆田市,莆田市监测站,颗粒物(PM10),54,58,69,28,30,135,79,63,59,20,15,8,8,0.7,0.7
2023-04-23T09:00:00,2321A,119.1119,25.4561,莆田市,涵江区六中,颗粒物(PM10),61,72,72,31,35,127,86,105,81,14,16,6,7,0.6,0.6
2023-04-23T09:00:00,2322A,119.1013,25.3215,莆田市,秀屿区政府,颗粒物(PM10),58,65,63,30,29,133,85,113,99,18,13,7,8,0.7,0.6
2023-04-23T09:00:00,2323A,118.981,25.4792,莆田市,东圳水库,,,,,,,,,,,,,,,,
2023-04-23T09:00:00,2324A,117.6211,26.2625,三明市,三钢,,45,41,32,31,21,88,43,32,32,17,15,10,9,0.5,0.4
2023-04-23T09:00:00,2325A,117.635,26.2714,三明市,三明二中,,43,43,36,30,20,85,38,34,33,26,19,8,7,0.6,0.5
2023-04-23T09:00:00,2326A,117.6028,26.2378,三明市,三元区政府,细颗粒物(PM2.5),55,55,37,39,29,87,39,27,22,21,16,9,9,0.8,0.7
2023-04-23T09:00:00,2327A,117.7275,26.3108,三明市,洋溪,,,,,,,,,,,,,,,,
2023-04-23T09:00:00,2331A,118.0966,26.6761,南平市,茫荡山,,,,,,,,,,,,,,,,
2023-04-23T09:00:00,2332A,118.1681,26.6369,南平市,南平市监测站,,50,50,40,22,20,100,83,96,93,14,10,4,3,0.9,0.8
2023-04-23T09:00:00,2333A,118.1825,26.6489,南平市,南平铝业有限公司,颗粒物(PM10),63,75,41,29,21,108,86,106,97,14,14,6,6,0.8,0.7
2023-04-23T09:00:00,2334A,118.1756,26.6272,南平市,南平七中,,41,41,40,24,24,106,91,101,99,10,9,4,4,0.6,0.6
2023-04-23T09:00:00,2335A,117.0189,25.1181,龙岩市,龙岩师专,,,,,,,,,,,,,,,,
2023-04-23T09:00:00,2336A,117.0217,25.1033,龙岩市,龙岩市监测站,"颗粒物(PM10),细颗粒物(PM2.5)",57,63,51,40,27,117,78,99,81,26,23,18,13,0.6,0.5
2023-04-23T09:00:00,2337A,117.0258,25.0661,龙岩市,闽西职业技术学院,细颗粒物(PM2.5),60,66,51,43,28,109,58,106,84,41,21,25,19,0.5,0.4
2023-04-23T09:00:00,2338A,117.0196,25.0306,龙岩市,龙岩学院,颗粒物(PM10),52,54,44,35,26,93,80,87,80,15,16,8,8,0.5,0.4
2023-04-23T09:00:00,2339A,119.5001,26.6946,宁德市,金涵水库,,,,,,,,,,,,,,,,
2023-04-23T09:00:00,2341A,119.5388,26.6612,宁德市,宁德市监测站,颗粒物(PM10),62,73,63,26,25,136,70,114,89,25,15,3,3,0.5,0.5
2023-04-23T09:00:00,2342A,117.3102,29.3867,景德镇市,王港中学,,,,,,,,,,,,,,,,
2023-04-23T09:00:00,2343A,117.2117,29.2933,景德镇市,老干部活动中心,,50,50,60,17,21,70,60,67,65,12,9,4,4,0.4,0.4
2023-04-23T09:00:00,2344A,117.1894,29.2789,景德镇市,兽医站,,21,13,29,11,19,74,67,71,70,10,9,5,5,0.4,0.3
2023-04-23T09:00:00,2345A,117.1547,29.2617,景德镇市,台达陶瓷,,20,18,26,14,15,70,64,69,66,12,11,8,9,0.4,0.4
2023-04-23T09:00:00,2346A,117.2461,29.2956,景德镇市,陶研所,,31,31,37,12,15,77,64,70,67,6,4,5,4,0.3,0.3
2023-04-23T09:00:00,2347A,114.0997,27.5002,萍乡市,武功山,,10,1,8,4,8,50,31,37,34,7,11,7,8,1.0,1.1
2023-04-23T09:00:00,2348A,113.8385,27.6434,萍乡市,中医院,,13,9,18,9,13,61,24,37,34,13,12,10,9,0.6,0.6
2023-04-23T09:00:00,2349A,113.8493,27.6253,萍乡市,市政府车库,,13,12,20,9,12,51,21,36,31,10,11,11,12,0.6,0.6
2023-04-23T09:00:00,2350A,113.8676,27.6435,萍乡市,市环保局,,17,17,19,9,12,51,18,30,27,12,12,12,12,0.5,0.4
2023-04-23T09:00:00,2351A,113.866,27.6198,萍乡市,安源区政府,,29,29,29,12,10,45,23,34,30,9,12,4,9,0.4,0.4
2023-04-23T09:00:00,2352A,115.0861,27.9317,新余市,北岗,,15,9,23,7,15,57,48,42,42,9,16,8,9,0.7,0.6
2023-04-23T09:00:00,2353A,114.9886,27.8431,新余市,飞宇,,22,22,41,8,18,64,51,45,45,17,18,13,9,0.4,0.5
2023-04-23T09:00:00,2354A,114.9231,27.8246,新余市,第二水厂,,16,10,37,6,16,74,51,40,33,16,18,8,8,0.3,0.2
2023-04-23T09:00:00,2355A,114.9308,27.8036,新余市,市气象局,,13,13,32,8,18,64,41,38,31,14,15,9,10,0.6,0.5
2023-04-23T09:00:00,2357A,116.9822,28.1136,鹰潭市,龙虎山,,23,14,43,16,27,113,38,46,34,14,11,2,3,1.1,1
2023-04-23T09:00:00,2358A,117.0564,28.2642,鹰潭市,新监测站,,30,30,53,20,27,118,45,45,42,13,12,3,6,0.4,0.5
2023-04-23T09:00:00,2359A,117.0311,28.2475,鹰潭市,财苑宾馆,,34,34,55,17,31,126,46,51,45,16,15,7,15,0.4,0.5
2023-04-23T09:00:00,2360A,117.0222,28.2264,鹰潭市,体育馆,,28,28,55,18,31,125,43,51,38,14,16,6,16,0.1,0.3
2023-04-23T09:00:00,2361A,117.0017,28.2131,鹰潭市,三川水表,,,,61,16,34,119,36,46,36,17,20,3,10,0.6,0.8
2023-04-23T09:00:00,2362A,114.9017,25.9149,赣州市,通天岩,,,,,,,,,,,,,,,,
2023-04-23T09:00:00,2363A,114.9367,25.8664,赣州市,地委,,33,33,30,20,23,86,20,28,23,10,10,8,8,0.9,0.8
2023-04-23T09:00:00,2364A,114.9461,25.8481,赣州市,气象台,,37,37,28,14,16,83,22,47,28,12,10,3,4,0.8,0.7
2023-04-23T09:00:00,2365A,114.9322,25.8333,赣州市,市图书馆,,40,40,36,19,17,93,20,60,28,17,14,13,5,1.1,1
2023-04-23T09:00:00,2366A,114.8905,25.8471,赣州市,华坚鞋城,,36,36,34,24,18,89,13,50,22,11,8,9,8,0.8,0.7
2023-04-23T09:00:00,2367A,114.9754,27.0803,吉安市,红声器材厂,,21,21,48,5,26,90,30,39,38,20,20,7,7,0.6,0.6
2023-04-23T09:00:00,2368A,114.9658,27.0999,吉安市,市森林工业局,,16,16,43,9,27,81,33,42,42,14,16,13,13,0.5,0.8
2023-04-23T09:00:00,2369A,114.99,27.1312,吉安市,市环境监测站,,15,14,44,10,25,59,28,38,37,21,20,7,7,0.5,0.6
2023-04-23T09:00:00,2370A,115.0093,27.0968,吉安市,青原区法院,,13,13,42,8,27,72,24,38,38,23,20,10,9,0.8,0.8
2023-04-23T09:00:00,2371A,114.3408,27.8064,宜春市,槟榔水业,,32,32,29,4,16,38,20,21,21,11,13,7,8,0.7,0.7
2023-04-23T09:00:00,2373A,114.3956,27.7844,宜春市,市石油公司,,13,13,31,9,17,63,26,26,26,15,17,11,7,0.7,0.8
2023-04-23T09:00:00,2374A,114.3703,27.7914,宜春市,市气象局,,14,14,33,7,17,64,28,29,29,17,21,5,6,0.5,0.7
2023-04-23T09:00:00,2375A,114.4013,27.8074,宜春市,市广电局,,17,17,29,6,21,64,27,29,29,16,17,10,9,0.8,0.6
2023-04-23T09:00:00,2376A,116.2127,28.0814,抚州市,桐源党溪,,22,22,32,8,16,72,67,64,64,3,3,3,3,1.1,1.2
2023-04-23T09:00:00,2377A,116.3544,27.9831,抚州市,市站,,20,20,29,11,15,71,60,57,57,9,9,4,4,0.5,0.5
2023-04-23T09:00:00,2378A,116.3565,27.963,抚州市,血防站,,30,30,32,12,15,71,58,56,56,11,9,3,3,0.5,0.6
2023-04-23T09:00:00,2379A,116.3564,28.0007,抚州市,采茶剧团,,21,21,29,14,18,68,59,57,57,12,12,1,2,0.7,0.8
2023-04-23T09:00:00,2380A,116.385,27.9647,抚州市,医学分院,,19,14,27,7,13,71,58,54,54,8,8,3,4,0.6,0.7
2023-04-23T09:00:00,2381A,118.005,28.4572,上饶市,百草园,,42,42,52,2,11,88,0,0,0,2,4,2,4,0.8,0.5
2023-04-23T09:00:00,2382A,117.9756,28.4436,上饶市,市监测站,,48,48,62,24,25,103,60,65,63,18,20,7,17,0.6,0.6
2023-04-23T09:00:00,2383A,117.9519,28.4628,上饶市,凤凰光学,颗粒物(PM10),52,54,62,25,24,103,60,63,63,22,22,18,13,0.6,0.6
2023-04-23T09:00:00,2385A,114.17,35.9019,鹤壁市,市监测站,,25,14,27,4,20,87,77,78,71,13,19,5,6,0.6,0.9
2023-04-23T09:00:00,2386A,114.2956,35.7511,鹤壁市,市交警支队,,20,10,25,12,16,80,64,69,64,22,21,6,5,0.5,0.6
2023-04-23T09:00:00,2387A,114.2878,35.7306,鹤壁市,迎宾馆,,50,9,18,35,20,81,59,70,60,26,23,5,6,0.8,0.8
2023-04-23T09:00:00,2389A,113.836,35.311,新乡市,环保西院,,20,13,23,5,10,82,62,75,71,13,13,1,2,0.9,0.7
2023-04-23T09:00:00,2390A,113.884,35.272,新乡市,开发区,,22,9,22,5,10,85,70,83,78,15,16,6,6,1.0,0.9
2023-04-23T09:00:00,2391A,113.883,35.303,新乡市,环保东院,,22,22,30,11,18,84,68,79,76,16,17,1,1,0.9,0.7
2023-04-23T09:00:00,2392A,115.0312,35.7636,濮阳市,环保局,,40,24,24,28,20,89,52,64,60,25,17,7,7,0.5,0.4
2023-04-23T09:00:00,2394A,115.0574,35.7609,濮阳市,油田运输公司,,49,28,31,34,23,90,51,61,58,15,11,8,8,0.5,0.4
2023-04-23T09:00:00,2395A,115.0866,35.7754,濮阳市,油田物探公司,,49,15,21,34,22,87,47,60,56,16,12,8,5,0.3,0.2
2023-04-23T09:00:00,2396A,113.8276,34.0159,许昌市,监测站,,22,15,19,15,16,80,50,67,61,13,11,4,4,0.5,0.4
2023-04-23T09:00:00,2398A,113.7906,33.9953,许昌市,开发区,,18,8,17,12,14,87,54,73,66,8,8,2,2,0.6,0.5
2023-04-23T09:00:00,2399A,114.051,33.5699,漯河市,三五一五工厂,,25,15,22,17,20,86,57,69,62,5,5,4,5,0.2,0.1
2023-04-23T09:00:00,2400A,114.0055,33.5698,漯河市,漯河大学,,30,21,26,21,22,87,61,74,66,6,4,4,4,0.3,0.3
2023-04-23T09:00:00,2401A,114.0138,33.5828,漯河市,市水利局,,20,14,23,14,15,81,57,70,62,12,11,4,4,0.4,0.3
2023-04-23T09:00:00,2402A,114.0261,33.5698,漯河市,市广电局,,26,15,19,18,18,87,59,72,64,10,10,4,4,0.4,0.3
2023-04-23T09:00:00,2404A,112.5224,33.0122,南阳市,瓦房庄,,20,19,28,14,19,82,61,82,72,12,10,4,4,0.3,0.3
2023-04-23T09:00:00,2405A,112.5003,32.9735,南阳市,汉画馆,,20,17,28,9,17,84,62,84,74,10,6,2,3,0.4,0.4
2023-04-23T09:00:00,2406A,112.5573,33.027,南阳市,气象站,,18,12,20,12,17,76,54,75,66,14,9,6,6,0.3,0.2
2023-04-23T09:00:00,2407A,112.5481,32.9689,南阳市,理工学院,,20,17,25,10,18,86,64,86,76,11,8,5,5,0.4,0.4
2023-04-23T09:00:00,2408A,115.6702,34.4285,商丘市,环境监测站,,33,18,34,23,28,69,66,54,54,11,14,5,6,0.3,0.4
2023-04-23T09:00:00,2409A,115.6458,34.4045,商丘市,粮食局,,35,24,30,24,28,69,64,55,55,12,13,4,5,0.2,0.2
2023-04-23T09:00:00,2410A,115.6293,34.3948,商丘市,睢阳区环保局,,36,23,33,25,25,79,71,60,60,7,9,4,5,0.5,0.4
2023-04-23T09:00:00,2420A,114.0189,32.9656,驻马店市,市一纸厂,,40,31,35,28,28,77,54,77,63,9,8,2,3,0.2,0.2
2023-04-23T09:00:00,2421A,114.0114,33.015,驻马店市,市彩印厂,,36,27,29,25,22,73,53,73,60,8,9,3,3,0.2,0.3
2023-04-23T09:00:00,2422A,113.9976,32.9771,驻马店市,天方二分厂,,,23,24,30,27,76,54,76,62,,5,6,6,0.3,0.3
2023-04-23T09:00:00,2423A,115.0601,30.2313,黄石市,沈家营,,26,26,30,9,12,59,40,54,45,16,17,4,4,0.9,0.6
2023-04-23T09:00:00,2424A,115.0817,30.2006,黄石市,陈家湾,,19,19,24,13,13,71,38,55,46,20,13,4,4,0.6,0.5
2023-04-23T09:00:00,2426A,114.8988,30.2019,黄石市,铁山,,19,19,26,6,13,62,43,61,40,6,13,8,9,0.6,0.7
2023-04-23T09:00:00,2427A,115.0307,30.2092,黄石市,团城山,,24,24,28,4,8,73,44,55,45,12,13,5,5,0.7,0.5
2023-04-23T09:00:00,2428A,111.0419,32.395,十堰市,武当山,,25,2,21,4,8,86,80,83,82,2,5,5,6,0.4,0.4
2023-04-23T09:00:00,2429A,110.78,32.6494,十堰市,滨河新村,,,,,,,,,,,,,,,,
2023-04-23T09:00:00,2430A,110.7258,32.6389,十堰市,刘家沟,,18,16,31,10,14,85,57,85,74,15,8,6,6,0.6,0.6
2023-04-23T09:00:00,2431A,110.8839,32.5714,十堰市,铁二处,,20,17,29,12,14,90,63,89,78,20,9,5,6,0.5,0.5
2023-04-23T09:00:00,2432A,112.155,32.0197,襄阳市,襄城运动路,,21,19,32,13,20,85,67,83,79,14,13,7,7,0.6,0.6
2023-04-23T09:00:00,2433A,112.1392,32.0564,襄阳市,樊城新华路,,23,16,28,16,20,80,59,79,74,22,14,6,6,0.6,0.6
2023-04-23T09:00:00,2434A,112.1825,32.1142,襄阳市,高新管委会,,25,25,33,17,18,75,60,74,71,22,14,8,8,0.5,0.6
2023-04-23T09:00:00,2435A,112.2106,32.0903,襄阳市,襄州航空路,,20,15,27,13,16,80,63,78,75,7,6,5,5,0.5,0.5
2023-04-23T09:00:00,2436A,114.8938,30.3994,鄂州市,市政府,,15,14,20,10,11,62,41,50,40,17,16,8,8,0.3,0.3
2023-04-23T09:00:00,2437A,114.8989,30.3714,鄂州市,赵家坝,,14,13,23,6,10,62,42,56,43,13,12,6,6,0.4,0.3
2023-04-23T09:00:00,2439A,112.2014,31.0481,荆门市,竹园小学,,22,9,28,7,17,77,70,75,73,17,18,7,8,0.5,0.5
2023-04-23T09:00:00,2440A,112.1969,30.9891,荆门市,掇刀,,22,8,27,1,17,76,69,74,72,9,8,6,6,0.4,0.5
2023-04-23T09:00:00,2441A,112.2213,31.0386,荆门市,石化一小,,26,26,30,14,23,77,71,76,74,8,9,5,5,0.4,0.4
2023-04-23T09:00:00,2443A,113.9153,30.9285,孝感市,文化路,,16,12,32,8,19,68,49,57,57,11,10,7,7,0.5,0.4
2023-04-23T09:00:00,2444A,113.942,30.9075,孝感市,东城区,,15,12,36,4,15,65,45,54,53,7,6,15,15,0.6,0.5
2023-04-23T09:00:00,2446A,114.9028,30.4742,黄冈市,职工中心,,19,19,27,13,18,62,42,55,44,6,6,3,3,0.6,0.5
2023-04-23T09:00:00,2447A,114.3175,29.8142,咸宁市,森林公园,,15,11,18,10,12,68,43,49,40,2,4,5,5,0.6,0.6
2023-04-23T09:00:00,2448A,114.3107,29.8454,咸宁市,市发改委,,26,20,27,18,16,71,41,49,38,17,15,8,8,0.6,0.5
2023-04-23T09:00:00,2449A,114.2936,29.8566,咸宁市,咸安区政府,,16,16,23,10,17,67,39,48,39,10,8,5,7,0.6,0.5
2023-04-23T09:00:00,2451A,113.3583,31.7275,随州市,市委党校,,19,19,26,12,17,69,52,64,62,10,9,4,4,0.6,0.6
2023-04-23T09:00:00,2452A,113.3833,31.6908,随州市,市林业局,,17,14,22,11,15,72,54,64,63,6,6,6,5,0.3,0.3
2023-04-23T09:00:00,2453A,113.3983,31.7308,随州市,市立交桥水厂,,23,20,24,16,19,70,52,63,62,8,9,5,5,0.5,0.4
2023-04-23T09:00:00,2454A,109.4978,30.2981,恩施土家族苗族自治州,湖北民院,,25,25,19,17,5,64,60,61,61,1,4,7,7,0.8,0.8
2023-04-23T09:00:00,2455A,109.4707,30.2798,恩施土家族苗族自治州,州电力总公司,,15,1,9,6,10,50,45,48,48,13,11,7,7,0.7,0.7
2023-04-23T09:00:00,2456A,112.5003,26.9167,衡阳市,原169医院,,10,6,10,4,8,51,31,50,37,13,13,2,4,0.8,0.7
2023-04-23T09:00:00,2457A,112.6194,26.9258,衡阳市,衡阳化工总厂,,10,8,10,2,5,50,30,50,41,15,12,7,7,0.5,0.5
2023-04-23T09:00:00,2458A,112.6211,26.8956,衡阳市,珠晖区环保局,,12,12,10,3,8,49,25,47,38,21,15,6,6,0.7,0.6
2023-04-23T09:00:00,2459A,112.6197,26.8733,衡阳市,市委党校,,19,19,11,1,2,56,33,54,43,12,11,8,7,0.6,0.6
2023-04-23T09:00:00,2460A,112.6006,26.8919,衡阳市,市监测站,,12,11,12,8,8,52,34,51,43,12,11,6,6,0.7,0.6
2023-04-23T09:00:00,2461A,112.5664,26.9056,衡阳市,真空机电公司,,9,7,11,6,9,49,28,49,40,14,13,7,6,0.6,0.5
2023-04-23T09:00:00,2462A,111.5239,27.3033,邵阳市,市水土所,,19,19,10,11,16,46,34,45,40,8,9,7,6,0.6,0.6
2023-04-23T09:00:00,2463A,111.4733,27.2317,邵阳市,市一中,,12,12,13,3,7,48,33,47,42,11,11,9,9,0.4,0.4
2023-04-23T09:00:00,2464A,111.5283,27.2442,邵阳市,市化工厂,,10,9,17,5,10,47,31,46,41,14,13,13,9,0.2,0.3
2023-04-23T09:00:00,2465A,111.4503,27.2537,邵阳市,市罐头厂,,12,12,10,8,10,51,36,50,44,9,9,10,10,0.5,0.4
2023-04-23T09:00:00,2466A,111.4328,27.2272,邵阳市,市环保局,,12,9,9,6,6,50,37,49,44,9,10,12,12,0.3,0.3
2023-04-23T09:00:00,2467A,112.4067,28.6428,益阳市,甘溪港,,15,4,8,6,7,64,48,49,49,10,10,4,4,0.5,0.5
2023-04-23T09:00:00,2468A,112.3458,28.5808,益阳市,市环保局,,14,12,13,9,15,57,43,46,46,11,10,4,4,0.5,0.4
2023-04-23T09:00:00,2469A,112.3437,28.5531,益阳市,市特殊教育学校,,30,24,24,21,16,56,41,45,44,9,8,4,4,0.6,0.5
2023-04-23T09:00:00,2470A,112.3347,28.6047,益阳市,资阳区政务中心,,18,18,18,9,8,56,42,46,46,9,8,4,4,0.5,0.5
2023-04-23T09:00:00,2471A,112.3744,28.5819,益阳市,赫山环保分局,,30,30,18,14,9,58,42,47,46,13,10,4,4,0.5,0.5
2023-04-23T09:00:00,2472A,113.0073,25.9061,郴州市,马头岭,,12,11,24,5,13,124,36,39,39,13,15,5,5,0.5,0.5
2023-04-23T09:00:00,2473A,113.0116,25.8226,郴州市,市职中,,14,14,22,4,15,128,30,32,32,11,12,3,4,0.5,0.5
2023-04-23T09:00:00,2474A,113.0161,25.8001,郴州市,兴隆步行街,,10,6,18,1,16,121,31,34,34,14,13,4,5,0.4,0.5
2023-04-23T09:00:00,2475A,113.0383,25.8071,郴州市,市审计局,,15,8,21,10,16,126,30,31,31,14,15,2,3,0.4,0.5
2023-04-23T09:00:00,2476A,113.0348,25.7759,郴州市,市环保局,,9,8,22,5,15,112,26,29,29,15,15,3,3,0.4,0.5
2023-04-23T09:00:00,2477A,111.6217,26.2081,永州市,零陵南津渡,,33,3,16,23,21,117,39,48,46,11,8,5,5,0.5,0.6
2023-04-23T09:00:00,2478A,111.6156,26.4214,永州市,市环境监测站,,12,7,9,5,6,49,37,48,45,12,11,4,5,0.7,0.6
2023-04-23T09:00:00,2479A,111.6236,26.2331,永州市,零陵区环保局,,12,8,12,6,9,94,38,46,44,9,8,6,6,0.7,0.7
2023-04-23T09:00:00,2480A,111.5992,26.4364,永州市,永州市环保局,,,7,9,3,6,51,39,46,43,7,8,2,2,,0.5
2023-04-23T09:00:00,2481A,111.5989,26.4519,永州市,冷水滩区环保局,,12,9,10,5,9,51,38,51,46,11,10,7,6,0.7,0.7
2023-04-23T09:00:00,2482A,109.5981,27.5721,怀化市,林科所,,15,2,8,9,7,52,48,51,49,5,6,8,8,0.5,0.5
2023-04-23T09:00:00,2483A,109.9453,27.5444,怀化市,河西地税局,,13,9,9,5,6,50,41,50,46,8,7,17,12,0.5,0.5
2023-04-23T09:00:00,2484A,109.9781,27.5342,怀化市,市四医院,,12,10,9,4,5,46,38,46,42,5,4,5,5,0.4,0.4
2023-04-23T09:00:00,2485A,109.9972,27.5578,怀化市,监测楼,,13,11,8,4,4,48,41,48,44,6,5,2,2,0.5,0.4
2023-04-23T09:00:00,2486A,110.0394,27.583,怀化市,市委党校,,19,16,22,13,18,45,38,44,42,11,10,5,7,0.5,0.5
2023-04-23T09:00:00,2487A,111.9589,27.8901,娄底市,电视发射台,,18,18,15,0,2,56,48,52,47,5,7,3,3,0.9,0.8
2023-04-23T09:00:00,2488A,111.9975,27.725,娄底市,市监测站,,13,2,5,0,6,52,39,47,42,10,9,2,2,0.4,0.4
2023-04-23T09:00:00,2489A,112.0194,27.7314,娄底市,市委党校,,12,10,9,6,7,49,38,49,40,9,10,4,4,0.4,0.4
2023-04-23T09:00:00,2490A,111.9561,27.7569,娄底市,涟钢,,12,12,25,3,11,48,34,48,34,13,19,4,6,0.7,0.9
2023-04-23T09:00:00,2491A,111.9892,27.7044,娄底市,市政府,,13,2,8,2,5,52,40,50,44,8,7,4,4,0.6,0.5
2023-04-23T09:00:00,2492A,109.6414,28.2558,湘西州,跃进水库,,15,9,10,10,3,58,38,45,41,5,5,8,8,0.7,0.6
2023-04-23T09:00:00,2493A,109.7325,28.3169,湘西州,州政府,,15,11,8,7,6,72,47,56,50,10,7,6,6,0.5,0.5
2023-04-23T09:00:00,2494A,109.6958,28.2675,湘西州,吉首市计生局,,19,10,8,13,8,61,42,56,49,11,9,5,6,0.4,0.3
2023-04-23T09:00:00,2495A,111.3014,23.4832,梧州市,市逸夫小学,,48,48,51,26,30,73,15,48,22,16,15,7,9,0.8,0.8
2023-04-23T09:00:00,2496A,111.3239,23.4794,梧州市,市十一中,颗粒物(PM10),51,51,49,26,27,88,22,68,35,24,19,6,6,0.6,0.6
2023-04-23T09:00:00,2497A,111.247,23.4189,梧州市,龙圩,,38,38,50,24,28,90,28,56,37,17,18,6,6,0.8,0.8
2023-04-23T09:00:00,2498A,111.2711,23.4835,梧州市,龙新,,38,32,46,26,27,76,16,51,33,24,16,5,5,0.9,0.8
2023-04-23T09:00:00,2499A,108.3411,21.6158,防城港市,沙万,颗粒物(PM10),52,54,59,29,26,78,9,48,26,40,30,6,10,0.4,0.5
2023-04-23T09:00:00,2500A,108.3514,21.7731,防城港市,防城档案局,颗粒物(PM10),56,61,56,32,27,81,19,58,23,16,15,7,8,0.7,0.7
2023-04-23T09:00:00,2501A,108.3506,21.6414,防城港市,大海花园,颗粒物(PM10),53,55,52,29,26,101,20,60,36,15,10,7,8,0.6,0.6
2023-04-23T09:00:00,2502A,108.6236,21.9667,钦州市,市环保站,,44,44,49,19,23,97,25,58,38,15,13,8,7,0.7,0.7
2023-04-23T09:00:00,2503A,108.6549,21.9481,钦州市,沙埠小学,颗粒物(PM10),54,57,53,31,29,97,19,59,37,21,14,13,7,0.8,0.8
2023-04-23T09:00:00,2504A,108.5989,21.7431,钦州市,港区一小,颗粒物(PM10),52,53,55,26,28,99,19,54,33,20,15,6,6,1.0,1.2
2023-04-23T09:00:00,2505A,109.568,23.1478,贵港市,德智高中,,49,49,52,33,30,64,19,43,27,27,23,5,5,0.5,0.7
2023-04-23T09:00:00,2506A,109.6047,23.0666,贵港市,江南子站,细颗粒物(PM2.5),53,53,54,37,32,75,14,42,25,28,19,8,8,0.7,0.7
2023-04-23T09:00:00,2507A,109.6014,23.0948,贵港市,贵城子站,细颗粒物(PM2.5),54,47,53,38,35,74,21,36,29,30,22,8,9,0.8,0.8
2023-04-23T09:00:00,2508A,109.5669,23.1065,贵港市,荷城子站,,42,41,46,29,29,68,20,40,33,25,19,11,12,0.9,0.8
2023-04-23T09:00:00,2509A,110.1106,22.7019,玉林市,寒山水库,颗粒物(PM10),52,53,60,24,27,118,29,68,45,7,10,10,11,0.6,0.7
2023-04-23T09:00:00,2510A,110.1675,22.6411,玉林市,市监测站,,43,43,50,28,27,92,23,56,34,13,13,10,10,0.8,0.8
2023-04-23T09:00:00,2511A,110.1433,22.6164,玉林市,南江一中,颗粒物(PM10),54,58,65,32,31,90,20,49,32,19,16,23,21,0.9,0.8
2023-04-23T09:00:00,2512A,106.6103,23.9011,百色市,市监测站,细颗粒物(PM2.5),74,86,90,54,55,146,50,92,73,16,12,16,20,1.0,1.1
2023-04-23T09:00:00,2513A,106.6538,23.8859,百色市,市中心血站,细颗粒物(PM2.5),80,81,94,59,62,139,61,97,80,17,11,19,20,1.2,1.2
2023-04-23T09:00:00,2514A,111.5264,24.4172,贺州市,环保小区,,24,24,38,14,27,77,19,52,35,16,17,8,7,0.7,0.8
2023-04-23T09:00:00,2515A,111.5608,24.4078,贺州市,政协大楼,,35,35,37,11,27,83,21,55,36,12,14,7,8,0.6,0.6
2023-04-23T09:00:00,2516A,108.2011,24.715,河池市,东仁乐园,细颗粒物(PM2.5),57,45,49,40,35,80,41,48,43,12,9,13,8,0.5,0.5
2023-04-23T09:00:00,2517A,108.0497,24.6947,河池市,市环保站,细颗粒物(PM2.5),58,55,55,41,36,109,60,70,63,15,11,9,9,0.9,0.8
2023-04-23T09:00:00,2518A,108.0983,24.6989,河池市,市疾控中心,颗粒物(PM10),62,73,62,38,35,100,58,68,61,19,14,8,8,0.8,0.8
2023-04-23T09:00:00,2520A,109.2203,23.7256,来宾市,来宾技工学校,,50,49,49,35,35,88,33,63,44,12,10,12,9,0.7,0.7
2023-04-23T09:00:00,2521A,107.3476,22.4136,崇左市,市环保局江州分局,细颗粒物(PM2.5),60,66,73,43,50,127,45,56,46,18,10,8,6,0.8,0.8
2023-04-23T09:00:00,2522A,107.3702,22.3707,崇左市,城南新区,细颗粒物(PM2.5),52,50,63,36,45,129,56,63,50,11,11,7,6,0.7,0.7
2023-04-23T09:00:00,2523A,105.8945,32.4535,广元市,黑石坡,,20,19,18,6,7,69,61,60,58,6,7,6,6,0.5,0.4
2023-04-23T09:00:00,2524A,105.821,32.4444,广元市,老城,,16,13,14,6,7,67,50,53,52,14,7,2,3,0.6,0.6
2023-04-23T09:00:00,2526A,105.8628,32.4287,广元市,监测站,,19,15,16,7,9,71,58,57,55,4,2,6,6,0.6,0.5
2023-04-23T09:00:00,2527A,105.5453,30.5678,遂宁市,石溪浩,,10,5,5,4,4,64,31,50,41,11,5,5,5,0.6,0.6
2023-04-23T09:00:00,2528A,105.5582,30.5232,遂宁市,市监测站,,18,4,6,12,6,61,34,54,43,12,11,7,7,0.5,0.5
2023-04-23T09:00:00,2529A,105.5861,30.5366,遂宁市,行政中心,,11,4,5,2,2,60,33,53,40,9,6,4,4,0.5,0.5
2023-04-23T09:00:00,2530A,105.5918,30.4728,遂宁市,美宁食品公司,,13,2,3,5,7,63,39,59,44,9,6,4,4,0.3,0.3
2023-04-23T09:00:00,2531A,105.0703,29.61,内江市,市监测站,,12,12,11,5,4,55,34,47,42,13,7,8,8,0.4,0.3
2023-04-23T09:00:00,2532A,105.0717,29.5947,内江市,东兴区政府,,28,20,11,19,10,57,36,51,46,12,7,1,2,0.4,0.4
2023-04-23T09:00:00,2533A,105.0653,29.5817,内江市,内江二中,,28,21,16,19,10,55,35,50,45,15,11,3,3,0.4,0.4
2023-04-23T09:00:00,2534A,105.0406,29.5822,内江市,内江日报社,,34,34,25,6,5,58,41,48,45,6,7,3,4,0.2,0.2
2023-04-23T09:00:00,2535A,103.7723,29.5462,乐山市,花湖湾,,14,4,13,4,8,76,42,45,43,12,11,4,4,0.8,0.7
2023-04-23T09:00:00,2536A,103.7627,29.5844,乐山市,牛耳桥,,13,6,18,5,11,80,41,49,44,18,15,5,6,0.5,0.5
2023-04-23T09:00:00,2537A,103.7508,29.6006,乐山市,市第三水厂,,,6,17,3,11,82,,54,48,17,16,5,6,0.5,0.5
2023-04-23T09:00:00,2538A,103.7571,29.5664,乐山市,市监测站,,13,9,17,4,8,82,41,49,46,17,13,2,2,0.7,0.7
2023-04-23T09:00:00,2539A,104.0308,30.0478,眉山市,黑龙滩水库,,31,31,22,12,12,100,59,56,56,2,2,3,3,0.4,0.4
2023-04-23T09:00:00,2540A,103.8416,30.0874,眉山市,气象局,,,23,17,,3,100,34,55,44,33,16,11,10,0.5,0.5
2023-04-23T09:00:00,2543A,106.6308,30.5278,广安市,小平旧居,,,,,,,,,,,,,,,,
2023-04-23T09:00:00,2544A,106.6303,30.4576,广安市,市委,,14,4,4,6,7,53,43,46,45,6,6,7,8,0.4,0.4
2023-04-23T09:00:00,2545A,106.6271,30.4663,广安市,友谊中学,,15,8,6,6,7,56,46,48,46,10,10,7,5,0.3,0.4
2023-04-23T09:00:00,2547A,106.6388,30.4551,广安市,广电花园,,14,6,6,5,13,54,44,47,45,10,9,4,4,0.5,0.5
2023-04-23T09:00:00,2548A,107.5277,31.2827,达州市,达州职业技术学院,,14,10,8,5,4,51,43,49,48,20,13,5,6,0.5,0.5
2023-04-23T09:00:00,2549A,107.5086,31.2186,达州市,市环境监测站,,15,8,9,0,0,54,46,50,50,20,13,2,4,0.3,0.3
2023-04-23T09:00:00,2550A,107.4988,31.2132,达州市,凤凰小区,,17,7,4,0,0,58,53,55,55,15,12,5,6,0.3,0.3
2023-04-23T09:00:00,2551A,107.5082,31.1986,达州市,达县机关宾馆,,13,5,4,4,4,46,40,42,42,21,16,6,7,0.4,0.4
2023-04-23T09:00:00,2552A,107.4644,31.2124,达州市,市政中心,,19,19,14,0,0,52,45,50,49,21,14,6,6,0.3,0.3
2023-04-23T09:00:00,2554A,103.0475,30.02,雅安市,建安厂,,12,7,14,4,8,69,37,47,47,20,20,3,4,0.6,0.6
2023-04-23T09:00:00,2555A,103.0111,29.9833,雅安市,市政府,,14,8,13,4,6,78,43,55,54,19,11,2,2,0.6,0.5
2023-04-23T09:00:00,2556A,102.9905,29.9775,雅安市,川农大,,12,6,11,3,6,63,36,46,45,10,9,4,4,0.6,0.5
2023-04-23T09:00:00,2561A,104.6617,30.1372,资阳市,莲花山,,23,23,14,9,8,73,56,63,56,5,5,3,3,0.5,0.6
2023-04-23T09:00:00,2562A,104.6356,30.1506,资阳市,资阳中学,,17,12,13,3,8,70,53,59,53,6,6,6,7,0.5,0.5
2023-04-23T09:00:00,2563A,104.6295,30.1383,资阳市,四三一厂,,16,13,18,7,9,73,51,63,57,11,6,5,7,0.5,0.5
2023-04-23T09:00:00,2564A,104.6463,30.1146,资阳市,师范校,,14,13,18,6,10,65,44,54,48,13,9,6,6,0.5,0.5
2023-04-23T09:00:00,2565A,104.6296,30.1256,资阳市,区法院,,18,12,14,6,8,74,56,64,59,7,7,6,7,0.4,0.4
2023-04-23T09:00:00,2566A,102.1879,31.914,阿坝藏族羌族自治州,州农科所,,,,,,,,,,,,,,,,
2023-04-23T09:00:00,2568A,102.2502,31.8896,阿坝藏族羌族自治州,马师校,,13,11,16,9,13,107,29,43,33,9,10,5,5,0.5,0.5
2023-04-23T09:00:00,2570A,101.9603,30.0475,甘孜藏族自治州,水桥子,,18,10,9,5,6,97,56,58,52,11,10,3,2,0.4,0.3
2023-04-23T09:00:00,2571A,102.3431,27.8099,凉山彝族自治州,青龙寺,,33,23,28,20,21,135,104,112,101,6,4,11,6,1.1,0.8
2023-04-23T09:00:00,2572A,102.2721,27.8415,凉山彝族自治州,邛海宾馆,,39,32,33,18,20,138,123,132,124,8,6,8,7,0.8,0.7
2023-04-23T09:00:00,2573A,102.2625,27.898,凉山彝族自治州,西昌市政府,,32,32,43,21,23,130,88,118,111,10,8,13,10,1.5,1.2
2023-04-23T09:00:00,2574A,102.2685,27.8851,凉山彝族自治州,凉山州政府,,35,35,45,21,22,124,108,115,110,10,7,14,10,1.5,0.9
2023-04-23T09:00:00,2575A,102.237,27.8914,凉山彝族自治州,长安,,38,37,44,20,21,139,120,126,122,10,8,7,9,1.0,1.2
2023-04-23T09:00:00,2576A,104.8,26.5892,六盘水市,窑上,,,,,,,,,,,,,,,,
2023-04-23T09:00:00,2577A,104.83,26.5917,六盘水市,黄土坡,,41,25,45,17,23,164,129,126,126,11,10,8,8,0.6,0.6
2023-04-23T09:00:00,2578A,104.89,26.5939,六盘水市,水钢,,39,28,55,12,28,162,124,120,120,9,8,4,5,0.7,0.9
2023-04-23T09:00:00,2579A,104.8475,26.5894,六盘水市,民中,,39,32,50,17,24,158,124,128,128,10,12,8,6,0.6,0.7
2023-04-23T09:00:00,2580A,104.9544,26.5506,六盘水市,双水,,39,31,49,18,26,164,122,104,104,12,12,7,6,0.6,0.7
2023-04-23T09:00:00,2585A,109.1839,27.7344,铜仁地区,铜仁卫校,,18,11,13,5,7,65,56,55,52,6,6,4,5,0.3,0.2
2023-04-23T09:00:00,2586A,109.1753,27.6944,铜仁地区,铜仁七中,,15,15,12,10,6,66,48,56,50,6,5,3,3,0.2,0.1
2023-04-23T09:00:00,2587A,105.2864,27.3125,毕节市,八中,,14,4,11,2,8,93,43,39,39,6,5,6,5,0.6,0.6
2023-04-23T09:00:00,2588A,105.31,27.2944,毕节市,师专,,15,4,9,2,7,95,46,42,42,8,6,6,5,0.6,0.5
2023-04-23T09:00:00,2589A,104.9022,25.0925,黔西南布依族苗族自治州,场坝街,,44,44,53,18,26,160,116,136,126,12,7,3,2,0.3,0.1
2023-04-23T09:00:00,2590A,104.8811,25.0992,黔西南布依族苗族自治州,坪东大道,,40,30,51,25,28,172,127,148,138,8,9,4,3,0.3,0.2
2023-04-23T09:00:00,2591A,107.9783,26.5747,黔东南苗族侗族自治州,市环境监测站,,12,8,22,8,18,71,26,37,34,15,13,2,2,0.5,0.5
2023-04-23T09:00:00,2593A,107.5228,26.2403,黔南布依族苗族自治州,小围寨,,8,7,42,5,32,175,25,30,25,6,7,5,3,0.7,0.7
2023-04-23T09:00:00,2594A,99.1678,25.1081,保山市,市环境监测站,,48,45,47,33,23,144,41,71,50,21,9,6,6,0.8,0.6
2023-04-23T09:00:00,2595A,99.1711,25.1328,保山市,市环保局,,47,47,42,28,27,140,36,78,54,22,9,4,4,0.5,0.5
2023-04-23T09:00:00,2596A,103.7667,27.3736,昭通市,监测站,,40,34,36,28,26,134,48,43,41,7,8,11,12,0.6,0.5
2023-04-23T09:00:00,2597A,103.7225,27.3361,昭通市,环保局,,26,18,36,18,24,140,48,41,41,12,9,11,10,0.4,0.3
2023-04-23T09:00:00,2598A,100.2143,26.8576,丽江市,西南郊,,36,13,18,6,5,124,115,122,120,7,3,6,6,0.6,0.6
2023-04-23T09:00:00,2599A,100.2497,26.8802,丽江市,丽江古城,,31,29,34,17,20,116,98,107,99,15,11,8,7,0.6,0.6
2023-04-23T09:00:00,2600A,100.2203,26.8906,丽江市,市中心,,28,21,26,12,7,114,87,103,96,21,12,7,7,0.6,0.6
2023-04-23T09:00:00,2601A,100.98,22.7633,普洱市,市环保局,细颗粒物(PM2.5),103,111,74,77,47,155,79,95,91,32,17,8,8,1.1,0.7
2023-04-23T09:00:00,2602A,100.9817,22.8322,普洱市,普洱第二中学,颗粒物(PM10),77,104,72,34,30,158,67,55,55,40,30,8,7,1.1,0.9
2023-04-23T09:00:00,2603A,100.0781,23.8982,临沧市,市环保局,,,,44,,37,144,33,54,33,21,18,5,6,1.1,0.9
2023-04-23T09:00:00,2604A,100.0894,23.8822,临沧市,市气象局,细颗粒物(PM2.5),63,59,54,45,35,148,38,50,37,24,19,9,8,0.8,0.6
2023-04-23T09:00:00,2605A,101.5482,25.0441,楚雄州,州环境监测站,细颗粒物(PM2.5),63,47,44,45,33,162,60,123,78,37,14,39,9,0.8,0.6
2023-04-23T09:00:00,2606A,101.538,25.0492,楚雄州,市经济开发区,细颗粒物(PM2.5),52,37,45,36,32,161,64,125,89,38,14,21,9,0.9,0.7
2023-04-23T09:00:00,2608A,103.3772,23.3993,红河州,污水处理厂,细颗粒物(PM2.5),118,109,85,89,58,150,113,141,118,16,11,17,9,0.9,0.6
2023-04-23T09:00:00,2609A,103.3861,23.35,红河州,监测站,细颗粒物(PM2.5),110,110,84,83,57,149,110,136,121,22,12,8,9,1.0,0.7
2023-04-23T09:00:00,2610A,104.2533,23.3594,文山州,州水务局,细颗粒物(PM2.5),93,83,79,69,60,168,97,110,100,20,12,6,6,0.9,0.7
2023-04-23T09:00:00,2611A,104.2319,23.3892,文山州,市便民服务中心,细颗粒物(PM2.5),130,105,82,99,63,161,105,118,109,19,14,7,7,0.9,0.6
2023-04-23T09:00:00,2612A,100.7939,22.0019,西双版纳州,景洪市江南,细颗粒物(PM2.5),84,93,84,62,58,154,54,88,87,44,28,8,8,1.1,1
2023-04-23T09:00:00,2613A,100.8017,22.0225,西双版纳州,景洪市江北,颗粒物(PM10),83,116,85,38,35,166,70,109,101,27,22,10,11,1.1,1
2023-04-23T09:00:00,2614A,100.1542,25.7054,大理州,大理市环境监测站,,44,44,49,30,33,146,78,87,86,15,13,7,7,0.7,0.7
2023-04-23T09:00:00,2615A,100.2171,25.5811,大理州,大理古城,颗粒物(PM10),51,52,45,33,32,135,85,92,90,17,15,7,6,0.9,0.9
2023-04-23T09:00:00,2616A,98.5842,24.428,德宏州,德宏州监测站,颗粒物(PM10),57,64,64,34,26,165,27,74,46,25,16,10,8,0.6,0.6
2023-04-23T09:00:00,2618A,98.8601,25.8567,怒江州,州监测站,,49,37,34,34,27,86,41,76,56,20,11,11,11,0.8,0.7
2023-04-23T09:00:00,2619A,98.8546,25.8417,怒江州,泸水一中,细颗粒物(PM2.5),60,47,40,43,31,78,15,37,33,29,17,8,8,0.7,0.5
2023-04-23T09:00:00,2621A,99.7056,27.8317,迪庆州,迪庆州站,,37,13,26,12,14,118,118,108,108,10,9,9,9,0.3,0.4
2023-04-23T09:00:00,2622A,97.1806,31.1273,昌都市,昌都监测站,,28,4,11,8,6,126,88,83,83,10,10,6,5,0.5,0.4
2023-04-23T09:00:00,2624A,91.7608,29.2313,山南市,山南监测站,,22,22,23,10,9,118,58,90,74,22,10,9,7,0.3,0.3
2023-04-23T09:00:00,2625A,91.7706,29.2436,山南市,山南人民医院,,24,24,28,11,9,120,62,85,76,19,9,6,6,0.3,0.3
2023-04-23T09:00:00,2626A,88.8876,29.2718,日喀则市,日喀则监测站,,24,15,20,8,8,118,76,95,84,9,7,4,4,0.5,0.4
2023-04-23T09:00:00,2628A,92.0657,31.4846,那曲地区,那曲监测站,,35,18,34,11,17,118,110,111,111,5,9,7,8,0.8,0.7
2023-04-23T09:00:00,2630A,80.1161,32.5,阿里地区,阿里监测站,,34,14,10,5,5,138,107,107,100,5,5,7,8,0.4,0.4
2023-04-23T09:00:00,2632A,94.3681,29.6376,林芝市,林芝监测站,,24,4,8,2,3,113,76,102,88,6,3,8,8,0.4,0.4
2023-04-23T09:00:00,2633A,94.3616,29.6616,林芝市,林芝人民医院,,22,9,9,5,4,108,68,94,79,8,6,10,10,0.6,0.5
2023-04-23T09:00:00,2634A,106.9893,33.1842,汉中市,汉川机床厂子校,,19,0,2,4,7,73,60,64,62,5,5,7,5,0.4,0.4
2023-04-23T09:00:00,2635A,107.0154,33.0706,汉中市,市监测站,,21,5,6,10,8,73,65,68,67,8,7,5,6,0.7,0.6
2023-04-23T09:00:00,2636A,107.0089,33.1138,汉中市,鑫源开发区,,21,12,5,4,1,76,66,69,66,10,6,7,5,0.3,0.4
2023-04-23T09:00:00,2637A,107.007,33.0323,汉中市,南郑大河坎水厂,,18,9,7,10,5,74,56,69,65,12,7,5,4,0.4,0.4
2023-04-23T09:00:00,2638A,109.7414,38.3344,榆林市,红石峡森林公园,,25,8,19,2,15,78,77,50,50,4,17,2,3,0.2,0.4
2023-04-23T09:00:00,2639A,109.7456,38.2911,榆林市,世纪广场,,32,4,18,4,18,102,102,78,78,6,16,7,9,0.5,0.7
2023-04-23T09:00:00,2640A,109.7289,38.2839,榆林市,实验中学,,32,15,19,4,19,100,100,77,77,10,16,6,7,0.6,0.7
2023-04-23T09:00:00,2641A,109.7336,38.2478,榆林市,环保监测大楼,,30,7,16,4,15,96,96,81,81,14,17,7,8,0.4,0.5
2023-04-23T09:00:00,2642A,109.0318,32.6537,安康市,香溪洞,,,,4,2,3,74,62,73,68,5,6,5,6,0.5,0.5
2023-04-23T09:00:00,2643A,109.0281,32.6939,安康市,安康市监测站,,21,6,8,9,7,79,67,78,73,10,9,5,5,0.4,0.4
2023-04-23T09:00:00,2644A,109.0072,32.6975,安康市,汉滨区检察院,,23,8,8,9,9,86,73,86,80,6,7,6,4,0.5,0.4
2023-04-23T09:00:00,2645A,109.9154,33.8715,商洛市,监测站,,17,14,6,8,7,66,54,58,57,10,13,2,4,0.4,0.5
2023-04-23T09:00:00,2647A,104.1724,36.5446,白银市,第三小学,,19,7,36,11,27,97,58,48,48,19,13,6,22,0.7,0.7
2023-04-23T09:00:00,2648A,104.1465,36.5482,白银市,动力公司,,23,1,38,4,26,92,71,51,51,8,12,8,15,0.6,0.7
2023-04-23T09:00:00,2649A,106.0055,34.343,天水市,麦积山,,,,,,,,,,,,,,,,
2023-04-23T09:00:00,2650A,105.7205,34.5786,天水市,公园小学,,32,18,20,22,14,64,50,52,51,16,12,12,12,0.6,0.6
2023-04-23T09:00:00,2651A,105.8945,34.5538,天水市,麦积国土局,,30,20,22,21,15,70,50,64,63,20,12,9,8,0.8,0.6
2023-04-23T09:00:00,2652A,102.6201,37.9251,武威市,监测站,,42,19,36,29,22,98,62,84,78,17,9,6,6,0.5,0.4
2023-04-23T09:00:00,2654A,100.4698,38.9524,张掖市,润泉湖,,40,40,45,26,23,80,40,46,40,15,16,6,5,0.7,0.7
2023-04-23T09:00:00,2655A,100.4154,38.9422,张掖市,区工会,,50,39,54,35,24,78,27,53,47,32,18,9,6,0.9,0.7
2023-04-23T09:00:00,2656A,106.6692,35.5461,平凉市,聚贤嘉苑,,20,17,24,14,16,59,48,49,34,16,23,5,3,0.4,0.4
2023-04-23T09:00:00,2657A,106.7021,35.5307,平凉市,博物馆,,25,25,30,14,14,64,51,62,47,15,19,4,4,0.3,0.3
2023-04-23T09:00:00,2658A,98.5061,39.7443,酒泉市,仓门街子站,颗粒物(PM10),69,88,70,26,24,89,74,89,71,18,11,4,4,0.6,0.4
2023-04-23T09:00:00,2659A,98.4989,39.7256,酒泉市,油田生活基地,颗粒物(PM10),69,88,70,25,25,91,80,91,68,14,11,3,3,0.5,0.5
2023-04-23T09:00:00,2661A,107.6325,35.7357,庆阳市,庆阳五中,,14,11,9,7,9,63,44,60,51,17,7,3,2,0.4,0.4
2023-04-23T09:00:00,2662A,107.6364,35.7067,庆阳市,市环保局,,15,14,10,6,8,63,47,61,52,14,9,5,6,0.5,0.5
2023-04-23T09:00:00,2663A,104.6241,35.5734,定西市,东关小学,,30,30,50,21,24,87,28,51,44,22,8,4,4,0.6,0.3
2023-04-23T09:00:00,2664A,104.6194,35.5934,定西市,供电公司,,29,26,56,20,23,77,20,38,31,24,13,5,5,0.4,0.1
2023-04-23T09:00:00,2665A,105.0822,33.3261,陇南市,汉王镇固水子,,,,,,,,,,,,,,,,
2023-04-23T09:00:00,2667A,103.2069,35.5993,临夏回族自治州,环保局,,39,39,71,25,35,71,25,27,25,9,13,6,7,0.8,0.7
2023-04-23T09:00:00,2668A,103.2417,35.6057,临夏回族自治州,建设大厦,,33,27,70,23,33,67,10,20,14,24,17,5,5,0.9,0.7
2023-04-23T09:00:00,2669A,102.9099,34.9841,甘南州,州政府,,35,20,31,24,21,70,62,68,63,13,16,4,4,0.4,0.4
2023-04-23T09:00:00,2671A,100.9048,36.9639,海北藏族自治州,海晏县西海镇,,25,21,50,17,17,77,58,77,66,13,11,9,9,0.6,0.6
2023-04-23T09:00:00,2672A,102.0199,35.5102,黄南藏族自治州,同仁县隆务镇,,28,19,35,19,24,64,63,62,62,12,15,13,13,0.5,0.5
2023-04-23T09:00:00,2673A,100.6188,36.2866,海南藏族自治州,共和县恰卜恰镇,,22,22,16,10,16,76,46,49,49,16,7,12,11,0.6,0.5
2023-04-23T09:00:00,2674A,100.2561,34.4714,果洛藏族自治州,玛沁县大武镇,,30,24,34,13,16,140,94,83,83,6,8,10,13,0.4,0.4
2023-04-23T09:00:00,2675A,97,33.0014,玉树藏族自治州,玉树县结古镇,,,11,12,6,4,126,,108,95,10,6,10,9,0.3,0.2
2023-04-23T09:00:00,2676A,97.3731,37.3753,海西蒙古族藏族自治州,德令哈市,颗粒物(PM10),78,105,81,50,33,91,76,88,84,14,8,5,5,0.7,0.6
2023-04-23T09:00:00,2677A,106.1532,37.9648,吴忠市,教育园区,,20,8,20,13,21,73,63,69,67,18,16,6,6,0.2,0.3
2023-04-23T09:00:00,2679A,106.1856,37.9956,吴忠市,新区二泵站,,25,25,26,14,21,74,61,68,66,16,13,5,6,0.5,0.5
2023-04-23T09:00:00,2680A,105.0025,37.4635,中卫市,沙坡头消防站,细颗粒物(PM2.5),63,56,38,45,35,81,54,68,65,24,18,12,10,0.8,0.7
2023-04-23T09:00:00,2682A,105.1971,37.5002,中卫市,环保局站,,46,23,33,32,34,73,62,70,64,14,14,8,7,0.5,0.5
2023-04-23T09:00:00,2683A,106.2319,36.1417,固原市,马园,,15,11,9,10,10,72,40,65,47,19,8,4,4,0.6,0.5
2023-04-23T09:00:00,2684A,106.2792,36.0022,固原市,监测站,,15,15,6,6,5,71,35,67,57,27,5,4,4,1.0,0.8
2023-04-23T09:00:00,2685A,106.2375,36.0211,固原市,新区,,14,9,6,7,5,69,37,63,48,27,9,8,8,0.5,0.4
2023-04-23T09:00:00,2686A,89.1904,42.9418,吐鲁番地区,市环保局,颗粒物(PM10),74,98,234,21,41,108,89,92,90,9,12,7,7,0.5,0.5
2023-04-23T09:00:00,2687A,89.1673,42.9559,吐鲁番地区,地区环保局,颗粒物(PM10),61,71,188,16,43,117,96,100,98,12,17,6,6,0.4,0.4
2023-04-23T09:00:00,2688A,93.5128,42.8172,哈密地区,地区监测站,颗粒物(PM10),114,177,77,28,21,119,73,72,72,11,22,3,7,0.2,0.4
2023-04-23T09:00:00,2689A,93.4961,42.8328,哈密地区,哈密师范学校,颗粒物(PM10),103,156,84,24,25,122,73,67,67,11,22,5,6,0.3,0.5
2023-04-23T09:00:00,2690A,88.1236,43.8886,昌吉州,天山天池,,31,14,35,5,13,103,99,85,85,7,10,4,5,0.5,0.6
2023-04-23T09:00:00,2692A,87.2717,44.0297,昌吉州,新区政务中心,,39,39,45,27,21,112,41,85,72,32,16,9,9,0.5,0.5
2023-04-23T09:00:00,2693A,82.0485,44.8556,博尔塔拉蒙古自治州,市党校,,47,47,49,13,11,125,56,97,79,10,6,5,5,0.6,0.5
2023-04-23T09:00:00,2694A,82.0806,44.8969,博尔塔拉蒙古自治州,市环保局,,44,44,47,11,13,111,41,87,62,16,10,4,5,0.5,0.4
2023-04-23T09:00:00,2695A,80.292,41.1694,阿克苏地区,电视台,颗粒物(PM10),78,106,404,31,111,94,23,89,60,38,16,8,9,0.6,0.4
2023-04-23T09:00:00,2696A,80.2613,41.1551,阿克苏地区,艺术中心,颗粒物(PM10),89,127,376,46,114,97,44,96,64,40,20,4,4,0.5,0.3
2023-04-23T09:00:00,2697A,76.1454,39.7142,克孜勒苏柯尔克孜自治州,市人民政府,颗粒物(PM10),275,402,207,115,75,115,53,100,87,24,7,4,4,0.4,0.4
2023-04-23T09:00:00,2698A,76.0072,39.4467,喀什地区,巡警大队,颗粒物(PM10),370,476,181,113,55,114,61,66,56,15,21,3,4,0.3,0.3
2023-04-23T09:00:00,2699A,75.9755,39.4694,喀什地区,吾办,颗粒物(PM10),275,402,155,120,58,114,61,76,48,17,18,4,4,0.4,0.4
2023-04-23T09:00:00,2700A,75.9538,39.4682,喀什地区,市环境监测站,颗粒物(PM10),276,403,155,86,43,110,64,49,45,13,19,6,7,0.4,0.3
2023-04-23T09:00:00,2703A,81.2815,43.9404,伊犁哈萨克州,市环保局,,50,50,35,20,19,112,33,48,43,37,20,6,6,0.6,0.5
2023-04-23T09:00:00,2704A,81.2996,43.9174,伊犁哈萨克州,新政府片区,,38,37,33,26,17,115,44,56,55,30,15,11,8,0.5,0.4
2023-04-23T09:00:00,2705A,81.3364,43.941,伊犁哈萨克州,第二水厂,,44,44,36,24,17,117,44,59,46,26,16,7,6,0.5,0.4
2023-04-23T09:00:00,2706A,82.9994,46.7432,塔城地区,东门外小游园,,32,32,28,19,12,108,47,70,39,6,8,1,1,0.3,0.4
2023-04-23T09:00:00,2708A,88.1264,47.8517,阿勒泰地区,市站,,22,22,17,4,4,111,64,99,87,19,7,3,2,0.4,0.3
2023-04-23T09:00:00,2709A,86.0497,44.2967,石河子市,艾青诗歌馆,,27,27,44,15,22,72,20,52,44,54,23,9,11,0.7,0.5
2023-04-23T09:00:00,2710A,86.0697,44.3075,石河子市,阳光学校,,,,,,,,,,,,,,,,
2023-04-23T09:00:00,2711A,87.5475,44.1756,五家渠市,农水大厦,,50,50,55,25,17,105,41,65,54,11,10,6,6,0.5,0.5
2023-04-23T09:00:00,2835A,101.7227,26.567,攀枝花市,四十中小,,39,39,47,18,25,150,110,145,118,20,12,23,11,1.0,0.7
2023-04-23T09:00:00,2842A,118.0936,24.5058,厦门市,湖里中学,颗粒物(PM10),62,73,79,29,34,165,61,71,59,15,14,3,3,0.3,0.3
2023-04-23T09:00:00,2845A,113.1569,36.1911,长治市,德盛苑,,19,6,12,2,8,76,59,52,52,14,18,7,6,1.3,0.8
2023-04-23T09:00:00,2846A,113.3221,23.1322,广州市,体育西,颗粒物(PM10),51,52,47,26,25,123,34,53,40,35,29,5,5,0.7,0.6
2023-04-23T09:00:00,2858A,117.7918,39.2474,天津市,河西一经路,,50,50,50,23,28,106,98,40,40,18,34,9,7,0.5,0.5
2023-04-23T09:00:00,2859A,117.3747,38.9846,天津市,津沽路,,47,47,42,25,26,94,58,33,33,41,29,9,4,0.9,0.5
2023-04-23T09:00:00,2860A,117.1589,39.0845,天津市,宾水西道,,44,44,38,29,26,94,48,40,40,39,23,7,4,0.4,0.2
2023-04-23T09:00:00,2862A,114.5481,38.0378,石家庄市,22中南校区,细颗粒物(PM2.5),68,44,43,49,32,76,34,30,25,32,26,4,3,0.6,0.5
2023-04-23T09:00:00,2865A,112.7195,37.6828,晋中市,榆次三中,,20,20,34,14,17,108,55,58,56,19,20,4,4,0.8,0.6
2023-04-23T09:00:00,2867A,111.1283,37.51,吕梁市,马茂庄小学,,26,26,38,8,21,67,14,14,14,43,41,8,9,1.6,1
2023-04-23T09:00:00,2868A,126.4739,43.953,吉林市,九站,颗粒物(PM10),56,62,67,16,21,113,86,50,50,8,20,7,10,0.5,0.7
2023-04-23T09:00:00,2869A,119.447,32.4155,扬州市,五台山医院,颗粒物(PM10),55,60,79,14,23,121,87,84,75,10,13,8,9,0.3,0.4
2023-04-23T09:00:00,2870A,119.4424,32.1873,镇江市,市疾控中心,颗粒物(PM10),74,97,84,34,30,118,80,92,76,14,14,3,5,0.2,0.3
2023-04-23T09:00:00,2871A,121.6147,29.9017,宁波市,万里国际学校,颗粒物(PM10),84,117,117,28,29,137,75,68,68,18,24,9,8,0.7,0.6
2023-04-23T09:00:00,2872A,120.7846,30.7525,嘉兴市,南湖区残联,颗粒物(PM10),65,80,122,24,30,147,70,84,76,20,20,4,5,0.3,0.4
2023-04-23T09:00:00,2873A,120.0875,30.8955,湖州市,仁皇山新区,颗粒物(PM10),69,88,112,33,32,112,64,64,64,28,27,4,5,0.3,0.3
2023-04-23T09:00:00,2875A,115.784,32.8892,阜阳市,阜阳职业技术学院,,20,16,56,10,20,76,64,56,56,18,21,4,6,0.4,0.5
2023-04-23T09:00:00,2877A,119.1641,36.6523,潍坊市,坊子邮政,,44,44,36,22,17,96,80,91,77,18,14,8,8,0.4,0.4
2023-04-23T09:00:00,2878A,116.0072,36.4343,聊城市,聊大东校,,50,50,40,31,28,89,70,57,57,18,12,10,9,0.6,0.5
2023-04-23T09:00:00,2880A,104.0239,30.65639,成都市,大石西路,,22,22,15,2,6,90,46,56,54,18,16,3,2,0.3,0.3
2023-04-23T09:00:00,2881A,107.8908,26.5311,黔东南苗族侗族自治州,凯里学院,,12,10,29,8,23,136,29,34,32,5,6,2,2,0.5,0.6
2023-04-23T09:00:00,2882A,102.5389,24.3703,玉溪市,玉溪一中,细颗粒物(PM2.5),82,53,53,60,33,146,52,122,60,38,18,25,10,3.0,1.1
2023-04-23T09:00:00,2883A,102.5381,24.3389,玉溪市,文体中心,细颗粒物(PM2.5),85,53,52,63,38,150,50,118,64,38,17,15,9,1.6,0.9
2023-04-23T09:00:00,2884A,98.2672,39.7978,嘉峪关市,酒钢宾馆,颗粒物(PM10),59,68,73,19,23,84,62,81,70,29,12,14,10,1.0,0.5
2023-04-23T09:00:00,2885A,104.9339,33.3826,陇南市,滨江中学,,35,35,41,8,12,82,54,58,58,17,10,13,12,0.7,0.6
2023-04-23T09:00:00,2894A,117.0566,32.6531,淮南市,经济技术开发区消防队,,26,20,69,18,20,87,70,67,67,17,21,2,3,0.3,0.4
2023-04-23T09:00:00,2897A,123.2444,41.7347,沈阳市,沈辽西路,细颗粒物(PM2.5),90,113,88,67,37,136,64,66,50,38,33,18,11,0.6,0.6
2023-04-23T09:00:00,2900A,123.5953,41.9086,沈阳市,裕农路,颗粒物(PM10),61,72,67,35,29,126,56,82,42,27,23,11,9,0.6,0.5
2023-04-23T09:00:00,2902A,106.6351,30.4865,广安市,北辰小学,,15,6,5,7,8,55,45,46,45,8,7,13,8,0.3,0.3
2023-04-23T09:00:00,2907A,120.1844,30.8596,湖州市,吴兴区站,颗粒物(PM10),97,144,114,27,29,114,70,69,69,22,23,4,5,0.3,0.3
2023-04-23T09:00:00,2914A,106.7677,31.8794,巴中市,苏山坪,,15,6,3,3,2,60,45,56,48,6,5,4,4,0.4,0.4
2023-04-23T09:00:00,2919A,116.7022,39.5453,廊坊市,河北工业大学,颗粒物(PM10),58,66,33,28,15,80,34,40,26,42,22,3,2,0.4,0.3
2023-04-23T09:00:00,2920A,117.7116,24.506,漳州市,蓝田镇,颗粒物(PM10),67,84,74,29,22,182,60,93,68,28,17,7,6,0.5,0.4
2023-04-23T09:00:00,2921A,120.5483,30.0003,绍兴市,树下王站,颗粒物(PM10),85,119,99,42,30,154,56,76,54,26,18,7,8,0.7,0.6
2023-04-23T09:00:00,2922A,117.1941,39.1067,天津市,大理道,,47,47,37,26,24,93,52,58,46,42,22,9,6,0.5,0.3
2023-04-23T09:00:00,2924A,106.2266,38.4418,银川市,水乡路,,25,24,28,17,15,97,76,85,85,23,19,4,4,0.4,0.4
2023-04-23T09:00:00,2925A,106.2757,38.4842,银川市,上海东路,,32,32,28,13,15,91,75,80,80,20,16,3,5,0.4,0.5
2023-04-23T09:00:00,2926A,106.1015,38.497,银川市,文昌北街,,29,29,36,20,21,92,80,84,84,23,20,5,6,0.4,0.5
2023-04-23T09:00:00,2929A,114.8858,30.4519,黄冈市,红卫路,,19,19,36,7,14,64,42,53,42,9,6,6,5,0.7,0.6
2023-04-23T09:00:00,2996A,118.283,33.965,宿迁市,市供电局,,43,43,65,28,25,94,53,89,72,18,17,5,7,0.6,0.4
2023-04-23T09:00:00,2997A,119.8767,32.3289,泰州市,王营,颗粒物(PM10),56,61,73,24,20,118,79,80,79,12,11,6,6,0.4,0.3
2023-04-23T09:00:00,3000A,119.3581,34.6972,连云港市,德源药业,颗粒物(PM10),69,88,64,27,20,98,98,91,85,11,16,6,7,0.4,0.5
2023-04-23T09:00:00,3002A,119.9805,31.8174,常州市,行政中心,颗粒物(PM10),73,95,106,23,27,108,83,71,71,16,21,3,6,0.4,0.5
2023-04-23T09:00:00,3003A,120.0522,31.7748,常州市,经开区,颗粒物(PM10),71,92,112,24,27,112,92,77,77,14,24,5,8,0.3,0.4
2023-04-23T09:00:00,3004A,120.1544,33.3663,盐城市,宝龙广场,颗粒物(PM10),82,114,79,34,20,114,93,88,88,9,7,2,3,0.3,0.2
2023-04-23T09:00:00,3005A,117.1814,34.29,徐州市,鼓楼区政府,,38,31,68,26,36,77,59,66,62,21,24,4,6,0.5,0.5
2023-04-23T09:00:00,3006A,117.1694,34.1781,徐州市,铜山区招生办,,29,24,59,20,23,80,66,65,65,24,29,5,7,0.6,0.6
2023-04-23T09:00:00,3007A,119.178,34.844,连云港市,新城一中,颗粒物(PM10),56,61,80,18,29,100,92,97,78,16,23,5,8,0.6,0.7
2023-04-23T09:00:00,3008A,119.3608,34.7519,连云港市,胡沟管理处,颗粒物(PM10),54,58,63,22,19,107,92,98,88,13,13,7,8,0.4,0.4
2023-04-23T09:00:00,3009A,119.1478,34.5911,连云港市,矿山设计院,颗粒物(PM10),87,124,74,31,21,100,100,94,86,10,15,5,6,0.4,0.4
2023-04-23T09:00:00,3010A,119.9025,31.7964,常州市,钟楼,颗粒物(PM10),67,83,97,25,31,114,86,74,74,11,18,5,7,0.4,0.5
2023-04-23T09:00:00,3012A,112.1849,31.0362,荆门市,西山林语,,23,3,23,10,19,78,72,77,74,7,9,2,2,0.4,0.5
2023-04-23T09:00:00,3014A,106.4958,29.5346,重庆市,歇台子,,15,15,19,6,9,38,19,32,29,22,19,5,5,0.2,0.2
2023-04-23T09:00:00,3015A,106.4037,29.5728,重庆市,龙井湾,,13,13,13,4,6,55,37,46,42,11,10,5,5,0.6,0.7
2023-04-23T09:00:00,3016A,106.5507,29.4153,重庆市,龙洲湾,,16,15,17,11,13,32,17,27,24,20,20,4,4,0.6,0.6
2023-04-23T09:00:00,3018A,111.505,36.1014,临汾市,唐尧大酒店,,40,27,24,28,27,83,53,76,58,16,14,3,4,0.9,0.7
2023-04-23T09:00:00,3020A,117.2101,39.1699,天津市,中山北路,,48,48,39,32,29,87,47,26,19,39,29,12,6,0.7,0.5
2023-04-23T09:00:00,3021A,115,35.7668,濮阳市,濮水河管理处,,39,17,20,27,23,80,52,54,54,13,12,5,6,0.5,0.4
2023-04-23T09:00:00,3025A,113.0477,23.6344,清远市,技师学院,,32,32,34,22,22,81,26,32,32,17,18,5,6,0.6,0.6
2023-04-23T09:00:00,3026A,116.6183,23.6608,潮州市,市政府,颗粒物(PM10),53,56,51,31,23,144,92,118,94,17,13,14,8,0.6,0.4
2023-04-23T09:00:00,3027A,104.72,29.3427,自贡市,青杠林路,,16,16,12,6,7,53,32,46,42,12,8,3,3,0.4,0.4
2023-04-23T09:00:00,3028A,104.776,29.3627,自贡市,檀木林体育馆,,15,15,16,8,7,53,36,47,44,17,13,3,3,0.4,0.4
2023-04-23T09:00:00,3033A,87.4651,43.4569,乌鲁木齐市,培训基地,,29,19,31,2,9,108,91,98,97,9,8,3,3,0.4,0.4
2023-04-23T09:00:00,3034A,113.1076,41.0385,乌兰察布市,光明街小学,,,40,36,,23,109,72,56,56,24,17,,24,0.4,0.4
2023-04-23T09:00:00,3035A,122.0931,46.0707,兴安盟,北滨河,,27,26,34,16,20,95,85,57,51,8,13,3,4,0.5,0.5
2023-04-23T09:00:00,3036A,118.6904,37.4338,东营市,开发区管委会,颗粒物(PM10),52,54,31,24,16,97,69,86,75,17,9,6,4,0.3,0.2
2023-04-23T09:00:00,3038A,103.3758,23.368,红河州,州图书馆,细颗粒物(PM2.5),113,107,82,85,59,145,106,135,117,18,9,6,6,1.1,0.7
2023-04-23T09:00:00,3039A,111.1911,34.7829,三门峡市,三门峡市第一小学,,22,13,17,12,15,90,69,80,78,14,13,6,6,0.4,0.4
2023-04-23T09:00:00,3045A,109.9643,33.8471,商洛市,商州区中学,,13,13,9,5,8,55,38,55,48,20,21,5,5,0.5,0.5
2023-04-23T09:00:00,3046A,115.9084,28.6062,南昌市,机电学校,,35,35,25,17,13,77,64,70,70,18,19,7,7,0.7,0.6
2023-04-23T09:00:00,3048A,119.5799,26.0936,福州市,九龙,颗粒物(PM10),56,61,67,36,25,141,67,81,72,20,13,5,4,0.6,0.4
2023-04-23T09:00:00,3051A,117.3876,39.1488,天津市,西四道,颗粒物(PM10),52,54,44,28,27,102,54,38,23,44,32,12,7,0.9,0.7
2023-04-23T09:00:00,3054A,113.9194,35.2847,新乡市,市委党校,,23,22,26,11,17,83,72,81,76,10,13,3,3,0.9,0.8
2023-04-23T09:00:00,3055A,101.7775,36.6428,西宁市,城北区政府,,35,27,54,24,26,65,40,46,41,9,22,6,6,0.7,0.6
2023-04-23T09:00:00,3057A,121.5992,37.4014,烟台市,牟平检察院,颗粒物(PM10),53,56,60,14,19,104,63,75,51,35,22,7,7,0.2,0.3
2023-04-23T09:00:00,3058A,119.2658,42.0353,赤峰市,银河街,,44,44,70,15,22,102,72,68,54,15,20,9,12,0.3,0.4
2023-04-23T09:00:00,3059A,117.7161,36.2049,济南市,泰兴公司,,,36,47,17,28,84,,77,73,20,25,4,6,0.4,0.4
2023-04-23T09:00:00,3061A,119.7512,49.1577,呼伦贝尔市,国华电力东,,24,18,32,12,19,92,74,38,37,8,10,3,3,0.4,0.3
2023-04-23T09:00:00,3064A,117.6867,36.2171,济南市,莱芜战役纪念馆,,34,34,43,17,26,84,74,73,72,22,23,4,5,0.6,0.6
2023-04-23T09:00:00,3065A,101.9533,29.9972,甘孜藏族自治州,州环保局,,16,13,13,3,5,103,51,60,48,17,15,4,4,0.4,0.3
2023-04-23T09:00:00,3066A,116.2721,37.4379,德州市,九衢泉纯净水厂,,47,47,25,28,20,93,28,50,30,27,19,4,3,0.4,0.3
2023-04-23T09:00:00,3109A,115.0093,25.8613,赣州市,赣县区卫计委,,34,34,27,14,17,92,15,26,20,19,21,9,8,0.7,0.6
2023-04-23T09:00:00,3122A,105.9606,26.2611,安顺市,伍家关,,,,,,,,,,,,,,,,
2023-04-23T09:00:00,3123A,105.9408,26.2431,安顺市,凤凰山,细颗粒物(PM2.5),89,63,72,66,58,171,108,115,102,9,7,5,5,1.2,1
2023-04-23T09:00:00,3124A,105.9439,26.2564,安顺市,金钟山,细颗粒物(PM2.5),94,81,73,70,59,172,105,114,102,9,5,7,7,0.8,0.7
2023-04-23T09:00:00,3125A,105.8983,26.2481,安顺市,娄家坡,,,,,,,,,,,,,,,,
2023-04-23T09:00:00,3128A,92.0506,31.4797,那曲地区,那曲会议中心,,34,20,25,14,11,109,106,105,105,11,7,6,6,0.6,0.5
2023-04-23T09:00:00,3131A,114.879,40.7993,张家口市,烟厂,,40,40,46,15,17,111,80,72,64,19,17,4,4,0.4,0.3
2023-04-23T09:00:00,3132A,119.610547,39.943889,秦皇岛市,文明里,颗粒物(PM10),69,87,46,24,20,106,102,89,89,4,14,9,7,0.4,0.5
2023-04-23T09:00:00,3133A,106.5468,29.5654,重庆市,上清寺,,22,8,13,15,10,30,7,22,17,29,24,7,7,0.8,0.8
2023-04-23T09:00:00,3134A,113.8172,34.0339,许昌市,市一中,,22,20,19,15,20,83,52,65,62,15,13,2,2,0.4,0.4
2023-04-23T09:00:00,3136A,104.2725,30.5589,成都市,龙泉驿区区政府,,16,2,6,2,2,92,51,61,57,19,13,2,1,0.4,0.3
2023-04-23T09:00:00,3137A,103.8578,30.0744,眉山市,市委党校,,15,12,10,0,2,98,45,51,46,15,11,7,8,0.4,0.4
2023-04-23T09:00:00,3138A,111.7153,29.0289,常德市,武陵区永安,,18,7,17,3,6,63,57,60,60,11,11,5,5,0.3,0.3
2023-04-23T09:00:00,3139A,111.6892,28.9881,常德市,鼎城区玉霞,,19,9,14,4,10,64,60,62,62,12,13,1,2,0.5,0.4
2023-04-23T09:00:00,3140A,111.6625,29.0531,常德市,武陵区长庚,,18,8,13,3,7,62,56,58,58,12,13,3,3,0.2,0.3
2023-04-23T09:00:00,3141A,114.3922,36.0878,安阳市,信访局,,38,14,22,26,24,84,57,84,66,22,16,3,4,0.4,0.6
2023-04-23T09:00:00,3147A,114.3438,34.8106,开封市,龙亭公园,,25,11,17,17,18,78,60,78,64,16,14,4,4,1.1,0.9
2023-04-23T09:00:00,3148A,103.8291,30.0564,眉山市,区人社局,,,16,20,,2,97,41,51,48,28,17,6,7,0.5,0.4
2023-04-23T09:00:00,3149A,115.0235,30.1578,黄石市,笔架山北路,颗粒物(PM10),71,92,30,4,6,65,44,57,47,4,5,3,3,0.5,0.5
2023-04-23T09:00:00,3151A,114.375,27.8097,宜春市,宜春学院北校区,,15,15,31,7,16,60,31,32,32,16,18,6,5,0.6,0.7
2023-04-23T09:00:00,3153A,114.3877,30.4908,武汉市,民族大道182号,,28,18,26,19,14,81,47,52,52,28,18,8,7,0.8,0.5
2023-04-23T09:00:00,3164A,119.4686,32.3942,扬州市,广陵建设局,颗粒物(PM10),62,74,76,25,25,116,74,85,71,17,16,6,7,0.5,0.5
2023-04-23T09:00:00,3165A,108.6594,34.2969,咸阳市,两寺渡,,18,12,14,11,11,65,55,64,59,12,12,3,3,1.0,1
2023-04-23T09:00:00,3169A,113.2725,35.2067,焦作市,太极体育中心,,30,30,36,21,25,77,60,70,66,10,11,4,3,1.3,0.8
2023-04-23T09:00:00,3170A,102.1864,38.5253,金昌市,市委党校,,,,,,,108,80,94,88,12,9,7,8,0.6,0.6
2023-04-23T09:00:00,3171A,115.6071,34.4465,商丘市,梁园区档案局,,33,27,31,23,29,70,69,58,58,14,14,5,6,0.3,0.3
2023-04-23T09:00:00,3173A,117.0598,30.5351,安庆市,市人大,,19,7,50,3,23,92,58,75,61,15,17,8,8,0.6,0.6
2023-04-23T09:00:00,3178A,119.0587,36.721,潍坊市,潍坊七中,,41,41,37,20,18,100,79,68,61,17,15,6,8,0.5,0.5
2023-04-23T09:00:00,3179A,102.7494,25.0119,昆明市,官渡区博物馆,,40,40,53,25,28,158,113,129,115,19,15,14,9,1.0,0.8
2023-04-23T09:00:00,3180A,99.7136,27.8094,迪庆州,质量技术监督局,,37,17,25,10,13,118,117,115,115,9,7,7,7,0.4,0.4
2023-04-23T09:00:00,3182A,106.7656,31.8545,巴中市,丽阳花园,,12,11,6,6,3,62,38,52,44,16,9,4,4,0.5,0.4
2023-04-23T09:00:00,3183A,106.7418,31.8654,巴中市,圣泉水务公司,,,6,2,4,1,62,,57,46,19,7,5,5,0.6,0.4
2023-04-23T09:00:00,3186A,103.7158,36.1058,兰州市,教育港,,23,22,61,16,35,98,34,51,43,24,12,10,8,0.7,0.5
2023-04-23T09:00:00,3187A,116.9509,33.666,宿州市,远航博物馆,,43,39,61,30,25,82,56,61,61,11,15,4,5,0.4,0.4
2023-04-23T09:00:00,3188A,115.6683,37.7217,衡水市,市城管局,细颗粒物(PM2.5),54,53,23,38,18,78,26,51,38,23,10,6,5,0.8,0.7
2023-04-23T09:00:00,3190A,116.0254,29.6994,九江市,外国语学校,,32,25,35,22,19,80,53,80,67,20,19,9,8,0.5,0.5
2023-04-23T09:00:00,3191A,118.3225,33.9447,宿迁市,宿豫区政府,颗粒物(PM10),57,64,80,34,26,96,51,88,70,22,19,4,5,0.6,0.4
2023-04-23T09:00:00,3192A,80.0903,32.5028,阿里地区,阿里藏医院,,33,26,15,4,4,131,103,105,100,5,3,7,7,0.4,0.4
2023-04-23T09:00:00,3194A,112.2747,30.3122,荆州市,管委会,,20,11,24,10,19,71,64,69,68,13,13,5,5,0.5,0.5
2023-04-23T09:00:00,3195A,119.3633,32.3972,扬州市,市体育局,颗粒物(PM10),51,51,80,22,23,118,82,82,74,14,14,9,9,0.4,0.4
2023-04-23T09:00:00,3200A,115.9819,36.4978,聊城市,监控中心,,,,,,,,,,,,,,,,
2023-04-23T09:00:00,3201A,102.6486,37.9325,武威市,东关招商场,,43,18,32,30,21,102,60,85,72,12,7,5,4,0.4,0.3
2023-04-23T09:00:00,3204A,113.3025,33.73,平顶山市,规划局,,30,14,13,21,19,91,64,86,77,13,11,4,4,0.5,0.5
2023-04-23T09:00:00,3206A,114.9149,27.807,新余市,新钢沁园村,,22,22,42,8,21,60,37,36,26,14,16,6,7,0.4,0.4
2023-04-23T09:00:00,3207A,118.3118,32.3038,滁州市,市政府原办公楼,颗粒物(PM10),55,59,57,26,21,110,75,76,71,12,12,3,5,0.3,0.3
2023-04-23T09:00:00,3208A,112.7283,38.4153,忻州市,市政府,,30,30,27,20,21,92,43,74,46,25,17,6,6,0.7,0.6
2023-04-23T09:00:00,3209A,119.5231,26.6562,宁德市,宁德一中,颗粒物(PM10),60,69,61,23,20,140,78,118,92,16,11,5,5,0.4,0.3
2023-04-23T09:00:00,3210A,114.3644,34.7964,开封市,汴京公园,,25,13,15,17,18,79,56,76,62,9,8,3,3,0.3,0.1
2023-04-23T09:00:00,3216A,114.6622,24.5183,漳州市,漳州党校,细颗粒物(PM2.5),70,86,74,51,31,181,66,93,72,28,21,14,7,0.4,0.4
2023-04-23T09:00:00,3237A,117.4918,30.6617,池州市,展览馆,,16,15,63,10,23,75,49,65,53,12,18,4,7,0.5,0.5
2023-04-23T09:00:00,3239A,125.0764,42.9078,辽源市,银鹰制药,颗粒物(PM10),60,69,44,34,24,112,80,35,32,12,17,11,30,0.4,0.4
2023-04-23T09:00:00,3241A,103.7439,36.0842,兰州市,百合公园,,26,25,54,18,33,95,34,40,34,23,18,4,8,0.5,0.4
2023-04-23T09:00:00,3242A,103.9611,35.998,兰州市,和平,,31,31,64,16,34,97,31,52,40,19,13,6,6,0.5,0.4
2023-04-23T09:00:00,3245A,103.6633,36.533,兰州新区,新区管委会,,30,22,42,21,33,91,65,45,45,11,9,7,5,0.4,0.3
2023-04-23T09:00:00,3246A,103.6975,36.4789,兰州新区,舟曲中学,,24,7,44,4,25,97,75,51,50,9,11,4,6,0.4,0.3
2023-04-23T09:00:00,3247A,104.955,33.371,陇南市,市总工会,,29,29,32,7,10,80,53,52,52,22,12,8,5,0.5,0.4
2023-04-23T09:00:00,3248A,98.2643,39.7724,嘉峪关市,雄关区,颗粒物(PM10),51,52,58,25,22,86,50,81,61,32,17,7,5,0.5,0.5
2023-04-23T09:00:00,3265A,121.4316,31.3322,上海市,宝山庙行,颗粒物(PM10),95,139,132,29,30,107,75,86,82,23,21,8,9,0.5,0.5
2023-04-23T09:00:00,3266A,121.8791,31.4662,上海市,崇明上实东滩,颗粒物(PM10),95,139,124,33,28,112,90,102,94,8,7,6,6,0.7,0.7
2023-04-23T09:00:00,3268A,121.3162,31.2838,上海市,嘉定南翔,颗粒物(PM10),88,125,129,27,25,103,73,93,81,20,16,6,6,0.6,0.5
2023-04-23T09:00:00,3269A,121.3359,30.7456,上海市,金山新城,颗粒物(PM10),67,84,120,24,28,128,80,98,94,26,16,5,5,0.6,0.5
2023-04-23T09:00:00,3270A,121.4996,31.0739,上海市,闵行浦江,颗粒物(PM10),98,145,143,29,28,114,76,81,80,20,18,5,6,0.5,0.5
2023-04-23T09:00:00,3271A,121.2886,31.1663,上海市,青浦徐泾,颗粒物(PM10),92,133,127,29,30,120,86,93,88,16,19,6,8,0.6,0.6
2023-04-23T09:00:00,3272A,121.2186,31.0378,上海市,松江图书馆,颗粒物(PM10),91,132,146,42,46,118,82,90,80,18,22,8,9,0.8,0.7
2023-04-23T09:00:00,3273A,121.3902,31.2059,上海市,长宁仙霞,颗粒物(PM10),97,144,127,29,31,114,80,93,87,22,21,6,7,0.5,0.5
2023-04-23T09:00:00,3274A,121.7965,31.0507,上海市,浦东惠南,颗粒物(PM10),96,141,137,34,29,114,89,82,82,9,15,4,6,0.5,0.5
2023-04-23T09:00:00,3281A,115.9718,40.4529,北京市,延庆夏都,,34,34,33,22,23,83,72,47,42,14,15,1,2,0.3,0.3
2023-04-23T09:00:00,3282A,113.3397,40.0597,大同市,大同市卫生学校,,43,43,43,11,26,112,83,56,54,18,23,9,10,0.4,0.5
2023-04-23T09:00:00,3283A,109.9154,40.5685,包头市,滨河大厦,颗粒物(PM10),61,72,56,33,25,120,57,40,29,30,27,16,13,0.7,0.6
2023-04-23T09:00:00,3284A,106.813,39.7274,乌海市,海北新区,,,68,54,20,14,114,76,95,88,21,14,17,18,,1.8
2023-04-23T09:00:00,3285A,113.1376,40.9509,乌兰察布市,北京八中,,44,44,33,15,12,110,62,60,60,28,13,17,19,0.4,0.3
2023-04-23T09:00:00,3286A,118.9359,42.3147,赤峰市,桥北物流园区,,41,41,69,6,12,105,88,69,69,10,19,6,6,0.4,0.4
2023-04-23T09:00:00,3287A,119.3842,32.1976,镇江市,富润路1号,颗粒物(PM10),73,96,85,37,31,126,89,92,82,7,7,4,5,0.5,0.3
2023-04-23T09:00:00,3288A,117.4754,34.4422,徐州市,大泉街道,,38,36,63,26,31,79,62,68,67,18,19,7,10,0.6,0.6
2023-04-23T09:00:00,3289A,120.743,31.3188,苏州市,方洲路,颗粒物(PM10),91,131,124,35,33,120,71,82,74,19,15,8,8,0.7,0.5
2023-04-23T09:00:00,3290A,120.5031,31.2774,苏州市,木渎中学,颗粒物(PM10),73,95,98,30,30,121,79,78,78,15,14,7,8,0.4,0.4
2023-04-23T09:00:00,3291A,121.067,32.062,南通市,通州监测站,颗粒物(PM10),103,156,115,36,27,123,106,102,100,8,8,4,4,0.4,0.4
2023-04-23T09:00:00,3293A,120.1501,33.3367,盐城市,月亮广场,颗粒物(PM10),80,110,81,35,23,122,100,96,96,11,11,3,4,0.3,0.3
2023-04-23T09:00:00,3294A,119.5653,32.4222,扬州市,引江管理处,颗粒物(PM10),56,61,70,23,23,122,83,85,73,14,13,7,9,0.5,0.6
2023-04-23T09:00:00,3295A,120.1259,32.5099,泰州市,姜堰区政府广场,颗粒物(PM10),61,71,77,26,24,117,100,84,84,10,11,4,5,0.3,0.3
2023-04-23T09:00:00,3298A,113.5717,23.5491,广州市,从化街口,,32,32,31,20,21,93,58,68,62,10,10,6,6,0.7,0.6
2023-04-23T09:00:00,3299A,113.3472,23.3692,广州市,白云竹料,颗粒物(PM10),54,57,52,30,27,115,42,60,52,28,25,4,5,0.9,0.7
2023-04-23T09:00:00,3300A,113.2981,23.237,广州市,白云嘉禾,,47,47,45,24,24,104,45,58,50,35,36,9,8,0.6,0.5
2023-04-23T09:00:00,3301A,113.4256,23.1716,广州市,黄埔科学城,颗粒物(PM10),53,55,48,31,26,106,25,59,46,42,32,8,8,0.5,0.5
2023-04-23T09:00:00,3302A,113.3942,23.0483,广州市,番禺大学城,,47,47,39,24,22,139,38,69,56,38,28,5,4,0.5,0.5
2023-04-23T09:00:00,3303A,113.4922,22.8168,广州市,南沙黄阁,,37,37,40,15,20,106,68,95,79,20,14,5,4,0.7,0.7
2023-04-23T09:00:00,3304A,113.5342,22.7896,广州市,南沙街,,30,30,38,15,19,102,62,84,74,21,14,6,5,0.7,0.7
2023-04-23T09:00:00,3305A,114.0731,22.559,深圳市,莲花,,33,33,40,18,19,116,82,103,90,12,9,2,2,0.5,0.5
2023-04-23T09:00:00,3306A,114.0261,22.6198,深圳市,民治,,35,35,40,17,21,105,89,98,90,8,10,4,5,0.6,0.6
2023-04-23T09:00:00,3307A,114.1871,22.6451,深圳市,横岗,,37,37,38,19,19,110,84,102,92,13,11,6,6,0.9,0.8
2023-04-23T09:00:00,3308A,113.3494,22.0569,珠海市,金湾,颗粒物(PM10),66,81,68,47,30,110,75,101,83,13,8,6,6,0.5,0.5
2023-04-23T09:00:00,3311A,113.1075,22.5647,江门市,江海富民,颗粒物(PM10),74,98,62,33,30,94,53,78,69,21,18,6,7,0.5,0.5
2023-04-23T09:00:00,3313A,112.4575,23.0166,肇庆市,高要湖西,,33,18,40,23,26,111,44,53,51,20,19,6,7,0.6,0.5
2023-04-23T09:00:00,3314A,114.4338,22.8134,惠州市,惠阳秋长,,36,36,36,24,24,107,88,89,86,9,10,6,7,0.5,0.5
2023-04-23T09:00:00,3315A,116.1233,24.2991,梅州市,梅龙,,36,36,36,23,23,103,85,93,90,9,10,8,9,0.6,0.6
2023-04-23T09:00:00,3317A,111.9765,21.8947,阳江市,两阳中学,,20,20,41,8,17,101,37,47,36,3,5,7,8,0.6,0.5
2023-04-23T09:00:00,3318A,112.9903,23.7403,清远市,清新太和,,21,21,32,14,19,75,36,40,40,17,16,8,8,0.6,0.5
2023-04-23T09:00:00,3319A,113.7338,23.0381,东莞市,万江金泰,,33,33,38,16,19,112,64,82,70,18,15,5,5,0.6,0.6
2023-04-23T09:00:00,3320A,116.403,23.5699,揭阳市,曲溪,颗粒物(PM10),61,72,61,25,26,128,79,95,86,22,13,7,5,0.6,0.5
2023-04-23T09:00:00,3323A,115.2773,40.9724,张家口市,青少年活动中心,,34,32,32,10,11,110,107,85,85,1,5,3,4,0,0.2
2023-04-23T09:00:00,3324A,116.8136,38.3004,沧州市,河北水利电力学院,颗粒物(PM10),66,81,48,44,24,82,16,32,25,40,30,8,7,0.5,0.3
2023-04-23T09:00:00,3325A,117.0365,39.3828,天津市,雍阳西道,,41,41,31,26,23,83,62,33,28,31,25,10,7,0.4,0.3
2023-04-23T09:00:00,3326A,117.0296,39.0605,天津市,辛老路,颗粒物(PM10),51,52,42,31,26,88,46,17,17,39,35,11,8,0.7,0.5
2023-04-23T09:00:00,3327A,116.9638,38.9375,天津市,地纬路,细颗粒物(PM2.5),57,62,45,40,29,88,22,32,12,43,28,9,8,0.5,0.5
2023-04-23T09:00:00,3328A,118.4209,31.3707,芜湖市,市气象局,,49,49,80,22,25,111,69,79,64,20,22,9,11,0.5,0.6
2023-04-23T09:00:00,3329A,117.0108,32.5893,淮南市,山南新区,,24,15,79,12,19,88,75,73,65,7,12,2,4,0.2,0.2
2023-04-23T09:00:00,3330A,116.8873,33.9836,淮北市,杜集区检察院,,40,26,66,28,36,80,55,56,56,16,20,5,6,1.0,0.9
2023-04-23T09:00:00,3331A,118.3267,32.2634,滁州市,图书馆,颗粒物(PM10),52,54,66,16,19,114,76,76,70,14,15,4,4,0.4,0.4
2023-04-23T09:00:00,3332A,115.7633,33.8034,亳州市,亳州学院,,30,22,39,21,23,76,67,64,64,9,11,4,5,0.6,0.5
2023-04-23T09:00:00,3333A,117.5627,30.695,池州市,第八中学,,25,25,68,15,25,73,43,58,52,19,21,4,5,0.7,0.7
2023-04-23T09:00:00,3334A,117.5038,30.6243,池州市,第十二中学,,16,15,61,11,25,74,50,70,54,16,19,3,5,0.6,0.5
2023-04-23T09:00:00,3335A,113.3137,35.2641,焦作市,马村街道办,,28,26,32,19,22,74,58,68,59,8,9,2,5,1.0,0.5
2023-04-23T09:00:00,3336A,113.2465,35.2373,焦作市,焦作技师学院,,18,6,24,9,16,74,55,69,59,9,7,2,3,1.4,0.9
2023-04-23T09:00:00,3337A,113.8614,34.0442,许昌市,许昌学院,,26,11,19,18,18,78,52,66,62,11,10,2,2,0.6,0.5
2023-04-23T09:00:00,3338A,113.843,34.0823,许昌市,芙蓉广场,,26,10,16,18,22,76,50,61,59,14,14,4,4,0.1,0.2
2023-04-23T09:00:00,3339A,114.0012,33.0412,驻马店市,小管楼,,29,26,26,20,17,73,52,72,58,9,10,3,4,0.4,0.3
2023-04-23T09:00:00,3340A,112.6005,34.6326,洛阳市,伊滨,,33,26,21,23,21,82,67,75,75,17,20,3,3,0.5,0.4
2023-04-23T09:00:00,3341A,112.4951,34.6332,洛阳市,中移产业园,,29,20,18,20,20,80,68,71,71,13,16,2,3,0.1,0.1
2023-04-23T09:00:00,3342A,128.4741,47.4346,伊春市,中心小学,,25,10,22,5,13,86,80,66,66,5,8,1,1,0.4,0.4
2023-04-23T09:00:00,3343A,128.6871,47.7369,伊春市,检察院,,26,17,18,15,16,90,82,75,73,2,3,5,5,0.5,0.5
2023-04-23T09:00:00,3344A,128.8431,47.8474,伊春市,双子河社区,,28,28,39,9,9,91,80,59,59,7,12,6,7,0.6,0.6
2023-04-23T09:00:00,3345A,131.0577,45.7879,七台河市,中波台,,42,42,32,11,12,85,77,56,56,7,14,8,14,0.6,0.7
2023-04-23T09:00:00,3346A,108.3872,31.1628,重庆市,安康,,14,11,12,2,3,76,42,58,53,18,15,6,7,0.6,0.6
2023-04-23T09:00:00,3347A,105.9017,29.3569,重庆市,北山路,,18,18,27,4,8,44,28,42,35,12,10,5,5,0.6,0.6
2023-04-23T09:00:00,3348A,105.839,30.1946,重庆市,春阳街,,22,22,15,3,5,52,39,42,41,14,12,8,9,0.5,0.5
2023-04-23T09:00:00,3349A,107.7983,30.6758,重庆市,人民东路,,24,24,24,8,8,87,53,53,53,5,4,3,3,0.7,0.8
2023-04-23T09:00:00,3350A,106.6479,29.0244,重庆市,滩子口,,29,15,21,20,17,29,15,27,16,18,15,17,12,0.9,0.8
2023-04-23T09:00:00,3351A,105.7167,29.7076,重庆市,棠香,,9,7,6,4,4,36,28,32,29,8,9,14,11,0.4,0.4
2023-04-23T09:00:00,3352A,107.0732,29.8617,重庆市,桃源西路,,17,17,16,5,8,32,27,26,26,14,18,14,16,0.7,0.6
2023-04-23T09:00:00,3353A,107.3535,29.7287,重庆市,迎宾大道,,20,20,19,6,11,29,29,20,20,14,20,1,4,0.6,0.7
2023-04-23T09:00:00,3354A,108.815,29.5081,重庆市,舟白,,19,17,10,13,18,84,53,68,63,11,9,7,6,0.6,0.4
2023-04-23T09:00:00,3355A,108.3679,30.8426,重庆市,周家坝,,28,17,16,19,14,76,53,62,57,16,13,5,7,0.4,0.5
2023-04-23T09:00:00,3356A,108.4319,30.7555,重庆市,百安坝,,17,6,13,10,13,70,53,56,53,11,12,6,7,0.5,0.4
2023-04-23T09:00:00,3357A,104.0106,30.6931,成都市,金博路,,12,12,14,5,5,79,33,51,46,17,12,1,2,0.3,0.3
2023-04-23T09:00:00,3359A,104.0578,30.5225,成都市,华阳,,14,9,12,5,9,88,42,50,48,15,12,3,3,0.3,0.3
2023-04-23T09:00:00,3360A,104.7894,29.3194,自贡市,南湖救助站,,15,15,19,5,2,56,40,52,48,11,8,6,6,0.4,0.5
2023-04-23T09:00:00,3361A,103.7311,29.5628,乐山市,理工大学,,12,10,18,6,10,79,37,51,46,16,13,7,7,0.4,0.4
2023-04-23T09:00:00,3362A,120.5014,36.4034,青岛市,即墨2号,颗粒物(PM10),52,53,54,19,23,118,110,87,87,14,15,4,6,0.4,0.5
2023-04-23T09:00:00,3363A,117.9883,36.8372,淄博市,新区,,44,44,38,29,20,85,53,46,44,41,32,10,8,0.5,0.4
2023-04-23T09:00:00,3364A,117.3152,34.8103,枣庄市,市环保局,细颗粒物(PM2.5),52,39,50,36,29,90,68,77,76,26,26,8,9,0.4,0.4
2023-04-23T09:00:00,3365A,118.5719,37.565,东营市,垦利区民丰路,,44,44,25,24,12,106,70,100,80,10,6,10,9,0.5,0.4
2023-04-23T09:00:00,3366A,121.5206,37.4336,烟台市,中国农业大学,,48,48,49,22,20,98,61,82,52,36,24,9,9,0.3,0.3
2023-04-23T09:00:00,3368A,119.1977,36.6872,潍坊市,高新实验学校,,44,44,43,26,20,98,82,90,77,12,14,4,6,0.3,0.4
2023-04-23T09:00:00,3370A,118.3564,35.0215,临沂市,十里堡居委,,35,27,54,24,25,91,70,70,70,18,17,5,8,0.7,0.7
2023-04-23T09:00:00,3371A,116.3728,37.4403,德州市,开发区人民医院,细颗粒物(PM2.5),64,56,26,46,19,97,35,51,46,24,14,4,3,0.6,0.4
2023-04-23T09:00:00,3372A,116.3572,37.4094,德州市,太阳城中学,"颗粒物(PM10),细颗粒物(PM2.5)",54,58,26,38,19,102,34,53,36,30,17,6,5,0.5,0.4
2023-04-23T09:00:00,3374A,115.5564,35.0891,菏泽市,定陶老年大学,,28,24,27,19,18,77,77,63,63,15,17,4,5,0.4,0.3
2023-04-23T09:00:00,3375A,102.8017,24.8336,昆明市,青年创业园,,44,44,58,27,33,135,110,112,112,10,9,12,9,0.7,0.7
2023-04-23T09:00:00,3376A,103.7947,25.462,曲靖市,南苑二区,,38,38,58,23,32,161,119,129,124,6,6,5,4,0.5,0.5
2023-04-23T09:00:00,3377A,103.7444,25.5261,曲靖市,曲靖师范学院,,44,44,67,24,33,160,116,118,113,8,13,15,11,0.6,0.7
2023-04-23T09:00:00,3379A,122.1139,40.2278,营口市,鲅鱼圈市民活动中心,颗粒物(PM10),116,182,79,63,31,120,51,36,25,48,37,45,18,1.8,0.8
2023-04-23T09:00:00,3380A,102.8914,34.9617,甘南州,甘肃民族师范学院,,19,13,12,6,7,70,60,68,61,12,15,7,8,0.5,0.5
2023-04-23T09:00:00,3396A,112.0828,32.0067,襄阳市,襄城隆中路,,22,22,34,10,17,76,66,74,72,12,14,9,9,0.5,0.5
2023-04-23T09:00:00,3397A,112.1214,32.1008,襄阳市,高新台子湾,,30,30,32,17,20,74,50,72,66,16,9,8,8,0.6,0.6
2023-04-23T09:00:00,3398A,114.9136,30.4445,黄冈市,市林业局,,17,17,27,5,11,64,44,55,44,4,3,6,6,0.6,0.5
2023-04-23T09:00:00,3399A,112.6703,26.882,衡阳市,师范学院,,15,15,10,1,6,55,37,54,42,12,12,7,6,0.5,0.4
2023-04-23T09:00:00,3400A,109.1911,21.4415,北海市,龙潭自来水厂,,35,35,40,24,23,120,33,55,39,3,3,3,3,0.6,0.6
2023-04-23T09:00:00,3401A,108.4834,22.7618,南宁市,红星社区,,40,31,49,28,31,86,25,69,36,12,11,5,6,0.8,0.8
2023-04-23T09:00:00,3402A,109.5422,24.3996,柳州市,市二中,,37,37,42,23,27,92,28,43,35,12,11,10,15,0.7,0.8
2023-04-23T09:00:00,3403A,110.1764,25.2381,桂林市,创业大厦,,18,7,22,12,18,106,36,44,41,10,12,4,17,0.3,0.4
2023-04-23T09:00:00,3404A,108.5959,21.9633,钦州市,北职校,,49,49,52,32,31,86,22,55,36,16,14,10,9,0.7,0.7
2023-04-23T09:00:00,3405A,109.5886,23.1172,贵港市,新世纪学校,,50,48,51,35,29,74,22,39,32,28,19,8,8,1.0,0.9
2023-04-23T09:00:00,3406A,106.6085,23.8798,百色市,祈福高中,细颗粒物(PM2.5),83,74,89,61,66,137,43,73,60,21,15,21,20,1.2,1.2
2023-04-23T09:00:00,3407A,120.6916,30.7739,嘉兴市,秀洲住建,颗粒物(PM10),65,80,114,23,28,126,68,74,70,22,23,5,6,0.3,0.3
2023-04-23T09:00:00,3408A,120.5683,29.9361,绍兴市,绍兴中专,颗粒物(PM10),81,112,103,34,29,155,72,93,71,17,18,7,9,0.5,0.5
2023-04-23T09:00:00,3409A,120.4906,30.0861,绍兴市,柯桥区政府,颗粒物(PM10),99,147,134,32,32,140,50,67,53,32,26,5,6,0.6,0.6
2023-04-23T09:00:00,3410A,120.8752,30.0249,绍兴市,重华小学,颗粒物(PM10),90,130,108,37,31,138,64,62,62,26,18,10,9,0.8,0.6
2023-04-23T09:00:00,3411A,120.8369,30.0137,绍兴市,上虞中学,颗粒物(PM10),96,142,114,36,29,143,62,66,62,24,17,7,8,0.7,0.6
2023-04-23T09:00:00,3413A,118.1953,28.4401,上饶市,广丰区教体局,细颗粒物(PM2.5),63,60,66,45,35,100,76,69,69,19,21,18,15,1.0,0.8
2023-04-23T09:00:00,3414A,115.8347,28.932,赣江新区,桑海产业园,,45,45,40,22,14,76,60,72,71,19,20,6,6,0.8,0.8
2023-04-23T09:00:00,3415A,114.4519,28.0828,宜春市,万载县环保局,,,10,18,,12,75,21,24,23,13,15,4,5,0.8,0.8
2023-04-23T09:00:00,3416A,119.1755,36.7149,潍坊市,潍坊学院,颗粒物(PM10),59,68,40,19,15,94,79,85,70,15,13,5,6,0.4,0.4
2023-04-23T09:00:00,3417A,117.0709,40.1465,北京市,平谷新城,颗粒物(PM10),53,56,37,31,20,88,41,23,18,20,16,3,3,0.4,0.3
2023-04-23T09:00:00,3418A,116.8336,40.4095,北京市,密云新城,,40,40,40,24,21,86,55,46,46,15,16,1,3,0.3,0.2
2023-04-23T09:00:00,3419A,109.9447,40.6261,包头市,包头市委党校,颗粒物(PM10),78,106,75,28,26,116,37,24,19,60,42,52,18,1.0,0.7
2023-04-23T09:00:00,3421A,113.1775,40.9779,乌兰察布市,市委党校,颗粒物(PM10),52,53,39,27,16,109,65,70,65,31,13,13,12,0.3,0.3
2023-04-23T09:00:00,3422A,118.8436,31.9198,南京市,江宁彩虹桥,颗粒物(PM10),60,70,87,24,18,114,82,92,74,16,17,4,5,0.5,0.5
2023-04-23T09:00:00,3423A,119.0138,31.6494,南京市,溧水永阳,颗粒物(PM10),65,80,82,30,26,125,77,79,67,16,15,4,4,0.7,0.6
2023-04-23T09:00:00,3424A,118.879,31.3302,南京市,高淳老职中,颗粒物(PM10),63,76,85,35,29,121,57,63,54,20,20,5,8,0.1,0.2
2023-04-23T09:00:00,3425A,120.624,31.1733,苏州市,越秀幼儿园,颗粒物(PM10),79,107,119,25,30,132,83,86,85,17,18,5,6,0.6,0.6
2023-04-23T09:00:00,3426A,118.8755,33.2894,淮安市,新华书店,,30,26,64,13,23,112,93,82,75,11,19,4,6,0.3,0.3
2023-04-23T09:00:00,3427A,118.8554,32.3578,南京市,六合雄州,颗粒物(PM10),61,72,67,22,20,117,83,88,75,10,5,5,7,0.4,0.4
2023-04-23T09:00:00,3428A,120.3142,31.4753,无锡市,华庄,颗粒物(PM10),78,105,116,32,30,130,71,73,73,28,24,3,5,0.2,0.3
2023-04-23T09:00:00,3429A,119.8598,31.7066,常州市,武进经发区,颗粒物(PM10),71,91,110,27,31,111,89,76,76,14,23,7,10,0.2,0.4
2023-04-23T09:00:00,3430A,119.5826,31.7245,常州市,金坛城区,颗粒物(PM10),74,98,95,31,28,124,70,65,65,22,22,5,7,0.7,0.7
2023-04-23T09:00:00,3431A,120.6505,31.416,苏州市,高铁新城,颗粒物(PM10),83,116,121,33,32,124,81,79,79,9,10,6,6,0.5,0.5
2023-04-23T09:00:00,3432A,120.9348,31.9883,南通市,环境教育馆,颗粒物(PM10),100,149,113,31,23,116,95,90,90,7,7,2,2,0.3,0.4
2023-04-23T09:00:00,3434A,119.2413,34.6539,连云港市,工贸学校,颗粒物(PM10),66,81,69,26,25,103,98,96,90,11,14,6,7,0.6,0.6
2023-04-23T09:00:00,3435A,119.9192,32.4322,泰州市,周山河街区,颗粒物(PM10),64,78,74,28,24,121,99,87,86,8,10,7,7,0.3,0.3
2023-04-23T09:00:00,3436A,120.4279,33.205,盐城市,大丰高级中学,颗粒物(PM10),86,122,92,36,22,120,101,95,95,8,7,3,4,0.3,0.4
2023-04-23T09:00:00,3437A,88.3118,43.3658,乌鲁木齐市,达坂城区环保局,,27,26,59,17,16,103,86,95,95,3,8,3,3,0.4,0.3
2023-04-23T09:00:00,3438A,87.6162,43.8801,乌鲁木齐市,红光山片区,,39,39,52,15,16,104,43,79,74,41,28,3,3,0.4,0.4
2023-04-23T09:00:00,3439A,87.7024,43.8004,乌鲁木齐市,新师大温泉校区,,38,38,50,10,12,101,56,82,78,17,11,9,9,0.3,0.4
2023-04-23T09:00:00,3440A,87.4921,43.8411,乌鲁木齐市,大绿谷,,36,36,49,22,16,103,46,80,75,35,23,11,9,0.7,0.6
2023-04-23T09:00:00,3441A,87.546,44.1912,五家渠市,经开区管委会,,46,46,54,26,20,105,37,66,52,14,9,6,7,0.4,0.4
2023-04-23T09:00:00,3442A,86.047,44.2331,石河子市,南区管委会,,28,28,39,16,18,84,62,76,70,9,9,10,10,0.5,0.5
2023-04-23T09:00:00,3443A,113.2902,23.5544,广州市,花都梯面,颗粒物(PM10),52,54,41,27,24,99,49,61,58,18,18,4,5,0.5,0.5
2023-04-23T09:00:00,3444A,116.454,23.2684,汕头市,潮南峡山,颗粒物(PM10),51,51,51,29,24,148,91,116,106,17,12,11,10,0.4,0.2
2023-04-23T09:00:00,3445A,113.7858,23.7478,广州市,从化良口,,23,23,22,15,14,92,38,56,55,13,10,4,4,0.5,0.5
2023-04-23T09:00:00,3446A,113.8051,23.2614,广州市,增城荔城,,43,43,39,21,20,114,64,74,69,12,11,6,6,0.4,0.4
2023-04-23T09:00:00,3447A,114.3551,22.7151,深圳市,坪山,,30,30,35,16,19,98,84,93,80,8,12,5,5,0.6,0.6
2023-04-23T09:00:00,3448A,113.5433,22.1163,珠海市,横琴,颗粒物(PM10),61,71,81,33,42,120,93,109,86,13,13,5,5,0.4,0.4
2023-04-23T09:00:00,3449A,113.05,22.4667,江门市,新会银湖,颗粒物(PM10),52,54,48,18,19,90,50,88,69,17,14,6,5,0.6,0.6
2023-04-23T09:00:00,3450A,111.01,21.5165,茂名市,电白水东,,24,24,34,14,17,104,38,60,42,5,5,7,7,0.5,0.4
2023-04-23T09:00:00,3451A,112.5617,23.2083,肇庆市,鼎湖凤凰,,22,20,40,15,24,78,48,50,48,26,35,8,10,0.6,0.6
2023-04-23T09:00:00,3452A,114.6517,22.775,惠州市,大亚湾霞涌,,41,41,37,18,19,100,79,97,86,8,7,6,5,0.6,0.5
2023-04-23T09:00:00,3453A,112.0125,21.8749,阳江市,阳东陶然,,20,19,16,14,20,75,37,44,36,5,5,5,5,0.7,1.3
2023-04-23T09:00:00,3454A,113.3528,22.478,中山市,中山南区,颗粒物(PM10),60,70,36,14,20,95,74,90,79,9,13,4,4,0.4,0.4
2023-04-23T09:00:00,3455A,113.076,23.7198,清远市,清城东城,,25,25,33,16,19,86,39,39,36,14,13,5,6,0.6,0.6
2023-04-23T09:00:00,3456A,114.289,38.0906,石家庄市,鹿泉一中,细颗粒物(PM2.5),62,58,48,44,34,71,29,11,11,36,35,4,4,0.6,0.5
2023-04-23T09:00:00,3457A,118.4359,39.2762,唐山市,冀东油田职工医院,颗粒物(PM10),75,100,44,25,24,104,95,53,53,19,30,7,5,0.4,0.4
2023-04-23T09:00:00,3458A,114.7895,36.5593,邯郸市,香泉濮院小区,,40,21,19,28,26,80,55,43,43,10,14,3,3,0.6,0.6
2023-04-23T09:00:00,3459A,115.5989,37.5491,衡水市,地表水厂,细颗粒物(PM2.5),52,41,22,36,16,84,42,62,43,8,4,2,2,0.4,0.4
2023-04-23T09:00:00,3460A,117.4067,40.0583,天津市,北环路,,46,46,36,24,21,87,51,60,50,30,16,7,6,0.4,0.4
2023-04-23T09:00:00,3461A,117.3045,39.7169,天津市,建设路,"颗粒物(PM10),细颗粒物(PM2.5)",58,66,41,41,26,99,51,34,26,41,26,14,8,0.9,0.5
2023-04-23T09:00:00,3462A,117.8199,39.3521,天津市,滨水东路,,50,50,41,25,26,96,72,45,39,35,32,16,11,0.6,0.3
2023-04-23T09:00:00,3463A,116.9708,33.591,宿州市,社会福利中心,,33,33,62,23,23,77,60,65,65,11,18,1,3,0.5,0.4
2023-04-23T09:00:00,3464A,117.3803,31.9147,合肥市,高教基地,,19,12,55,13,15,92,47,72,63,15,13,2,3,0.2,0.3
2023-04-23T09:00:00,3465A,118.4781,31.3225,芜湖市,清苑社区,,47,47,75,25,27,112,61,76,60,16,20,6,8,0.5,0.6
2023-04-23T09:00:00,3466A,118.2746,31.2326,芜湖市,扬子职业技术学院,,39,39,77,22,26,115,84,80,67,11,18,6,8,0.4,0.6
2023-04-23T09:00:00,3468A,115.7901,32.8613,阜阳市,市规划展馆,,36,36,62,22,33,74,74,61,61,15,19,4,6,0.4,0.4
2023-04-23T09:00:00,3469A,115.836,32.9183,阜阳市,枣园社区,,25,20,52,17,27,70,60,52,52,20,21,4,6,0.4,0.4
2023-04-23T09:00:00,3470A,118.7724,30.9141,宣城市,夏渡子站,颗粒物(PM10),51,52,78,22,26,101,83,58,58,12,24,4,5,0.2,0.3
2023-04-23T09:00:00,3471A,113.616563,34.86783,郑州市,惠济区政府,,23,8,13,9,14,86,72,79,79,14,12,1,2,0.6,0.5
2023-04-23T09:00:00,3473A,114.2485,34.8306,开封市,技师学院,,32,25,19,22,21,74,59,70,64,15,13,4,4,0.7,0.5
2023-04-23T09:00:00,3474A,114.2617,35.6822,鹤壁市,大新区,,21,10,22,8,18,88,67,78,67,10,12,2,3,0.6,0.7
2023-04-23T09:00:00,3475A,113.9188,35.3045,新乡市,市政府,,23,15,22,6,15,81,72,76,74,8,10,5,6,0.6,0.6
2023-04-23T09:00:00,3476A,113.9135,35.3327,新乡市,河师大,,22,10,20,7,14,82,69,75,73,9,12,3,3,0.7,0.6
2023-04-23T09:00:00,3477A,113.1656,35.2539,焦作市,中站许衡医院,,28,25,30,19,25,78,68,76,63,11,12,2,3,0.9,0.7
2023-04-23T09:00:00,3478A,113.9749,33.5664,漯河市,市图书馆,,22,16,25,15,17,87,62,72,65,7,7,5,4,0.5,0.4
2023-04-23T09:00:00,3479A,114.0967,33.5906,漯河市,召陵区卫健委,,31,31,24,20,15,92,59,67,61,9,8,6,6,0.4,0.4
2023-04-23T09:00:00,3480A,129.1368,47.6417,伊春市,美溪镇,,24,11,19,8,10,84,76,69,69,5,5,3,3,0.6,0.6
2023-04-23T09:00:00,3481A,125.141,46.634,大庆市,萨区政府监测点,细颗粒物(PM2.5),64,25,12,46,13,90,64,66,62,27,7,8,5,0.3,0.3
2023-04-23T09:00:00,3482A,107.7541,29.3277,重庆市,芙蓉中路,,29,21,20,20,14,61,52,56,51,9,16,8,10,0.6,0.7
2023-04-23T09:00:00,3483A,108.7661,29.5368,重庆市,西山,,23,11,13,16,17,80,55,63,60,5,4,8,7,0.4,0.4
2023-04-23T09:00:00,3484A,106.2628,29.32,重庆市,行政中心,,9,9,16,3,3,40,21,27,23,17,13,2,3,0.6,0.6
2023-04-23T09:00:00,3485A,107.0944,29.1608,重庆市,高寺路,,15,15,19,2,6,39,25,32,32,21,15,6,8,0.6,0.6
2023-04-23T09:00:00,3486A,124.4036,43.1411,四平市,植物园,颗粒物(PM10),61,72,55,22,14,119,84,43,43,11,22,4,4,0.2,0.3
2023-04-23T09:00:00,3487A,104.2394,30.5319,成都市,车城东七路,,15,8,7,2,2,93,46,59,54,16,10,2,2,0.5,0.4
2023-04-23T09:00:00,3488A,104.3853,30.7453,成都市,青白江技师分院,,26,26,19,7,6,87,54,57,56,11,11,4,4,0.6,0.6
2023-04-23T09:00:00,3489A,104.0789,30.4072,成都市,科学城,,16,7,9,2,3,98,51,56,56,11,7,3,3,0.3,0.3
2023-04-23T09:00:00,3490A,105.3617,28.7703,泸州市,纳溪区环保局,,18,18,12,2,3,47,36,38,37,11,11,5,10,0.5,0.5
2023-04-23T09:00:00,3491A,104.69,31.5322,绵阳市,西科大附属小学,,12,10,7,3,2,81,38,57,53,14,8,1,2,0.7,0.6
2023-04-23T09:00:00,3492A,104.5648,31.5343,绵阳市,安州区旅游局,,20,20,10,3,4,85,43,54,49,9,7,3,4,0.6,0.5
2023-04-23T09:00:00,3494A,117.1673,36.9782,济南市,济阳区政府,,42,42,34,29,18,95,51,59,54,22,15,5,5,0.5,0.3
2023-04-23T09:00:00,3495A,117.1171,36.63,济南市,锦屏中学,,42,42,34,29,20,94,71,81,76,21,17,3,2,0.4,0.4
2023-04-23T09:00:00,3496A,118.3604,35.1084,临沂市,南坊新区,,35,34,53,24,26,90,70,72,72,22,19,8,9,0.4,0.5
2023-04-23T09:00:00,3498A,118.5055,37.8612,东营市,河口城区,颗粒物(PM10),51,51,26,24,12,106,70,97,74,23,12,6,5,0.5,0.3
2023-04-23T09:00:00,3500A,116.5814,35.3707,济宁市,北湖一中,,36,32,35,25,26,77,77,65,65,17,18,4,5,0.6,0.6
2023-04-23T09:00:00,3501A,116.8249,35.5593,济宁市,服务中心,,41,41,50,25,25,90,74,70,70,11,13,7,8,0.7,0.7
2023-04-23T09:00:00,3502A,117.1812,36.2275,泰安市,国网新校,,32,24,29,17,23,103,101,100,99,7,8,3,3,0.2,0.3
2023-04-23T09:00:00,3503A,117.0313,36.2018,泰安市,交通技校,,39,39,32,12,33,110,110,77,77,3,14,7,7,0.4,0.5
2023-04-23T09:00:00,3504A,117.0829,36.13,泰安市,山东第一医科大学,,46,31,41,32,24,97,81,90,87,20,16,2,2,0.6,0.6
2023-04-23T09:00:00,3505A,122.1379,37.3414,威海市,临港区管委会,,44,44,46,16,19,96,64,71,67,27,20,6,5,0.5,0.4
2023-04-23T09:00:00,3507A,119.5328,35.4625,日照市,职业技术学院,,48,48,60,24,22,90,73,68,68,20,19,5,6,0.4,0.4
2023-04-23T09:00:00,3511A,116.5652,37.3319,德州市,陵城艺术中心,,45,44,22,31,13,97,40,62,56,13,6,4,5,0.5,0.4
2023-04-23T09:00:00,3512A,116.049,36.4674,聊城市,华润纺织,,39,39,31,25,20,86,65,50,50,20,17,6,3,0.5,0.4
2023-04-23T09:00:00,3513A,116.0445,36.4361,聊城市,九州社区,,38,38,31,23,20,87,73,55,55,12,10,6,3,0.5,0.4
2023-04-23T09:00:00,3514A,117.9378,37.3956,滨州市,中海酒店,细颗粒物(PM2.5),63,73,35,45,21,88,36,44,40,27,21,9,11,0.3,0.3
2023-04-23T09:00:00,3515A,117.9378,37.3553,滨州市,开发区一中,细颗粒物(PM2.5),73,74,41,53,22,89,46,64,50,25,18,10,6,0.4,0.3
2023-04-23T09:00:00,3516A,118.0917,37.694,滨州市,金海六路,细颗粒物(PM2.5),62,72,37,44,23,100,17,73,32,46,21,9,5,0.4,0.2
2023-04-23T09:00:00,3520A,106.3495,38.9836,石嘴山市,妇女儿童医院,,38,31,31,26,22,88,61,87,65,18,21,6,8,0.5,0.6
2023-04-23T09:00:00,3521A,106.7492,39.2069,石嘴山市,石大公路,细颗粒物(PM2.5),60,58,32,43,22,89,47,89,57,32,21,13,9,0.9,0.4
2023-04-23T09:00:00,3522A,106.2177,35.9959,固原市,原州区十五小,,,10,8,9,6,72,50,65,56,,9,,8,0.7,0.6
2023-04-23T09:00:00,3523A,106.5105,38.3856,银川市,滨河新区,,22,11,13,12,14,75,69,69,69,14,14,7,7,0.4,0.5
2023-04-23T09:00:00,3524A,108.6116,34.1164,西安市,文体局,,28,14,16,19,16,67,67,62,62,8,12,6,6,0.6,0.6
2023-04-23T09:00:00,3525A,108.6396,34.4078,咸阳市,奥体中心,,26,21,15,18,15,65,59,64,59,18,15,4,4,0.7,0.7
2023-04-23T09:00:00,3526A,119.5189,25.9664,福州市,吴航,颗粒物(PM10),59,68,64,37,28,137,66,111,72,24,14,5,4,1.0,0.6
2023-04-23T09:00:00,3527A,118.0958,24.5688,厦门市,集美中学,颗粒物(PM10),56,61,74,24,30,138,61,77,57,22,23,3,4,0.4,0.4
2023-04-23T09:00:00,3528A,118.1493,24.7245,厦门市,同安二实小,颗粒物(PM10),61,72,74,32,35,172,84,92,73,10,11,2,4,0.4,0.4
2023-04-23T09:00:00,3529A,118.6333,24.9264,泉州市,城华南路,颗粒物(PM10),58,65,69,32,30,152,88,98,85,16,11,12,11,0.6,0.6
2023-04-23T09:00:00,3530A,117.6296,24.5314,漳州市,西洋坪路,颗粒物(PM10),68,86,69,41,31,171,57,90,62,25,17,6,6,0.5,0.4
2023-04-23T09:00:00,3531A,110.296,25.1253,桂林市,旅游学院,,12,2,18,0,11,106,37,40,38,8,12,5,8,0.5,0.6
2023-04-23T09:00:00,3532A,110.1945,22.6831,玉林市,玉林师范学院东校区,,46,37,44,32,27,100,23,57,40,15,17,2,4,0.9,0.9
2023-04-23T09:00:00,3533A,110.0527,22.5893,玉林市,福绵环保局,,40,34,47,28,30,93,11,58,31,23,17,7,5,0.8,0.6
2023-04-23T09:00:00,3534A,111.4744,24.4553,贺州市,西湾,,11,11,31,3,23,78,24,54,34,10,18,4,8,0.6,0.7
2023-04-23T09:00:00,3535A,109.1781,23.7297,来宾市,兴宾区政府,颗粒物(PM10),52,54,59,31,33,99,32,61,45,12,11,3,14,0.7,0.7
2023-04-23T09:00:00,3536A,106.8547,27.5919,遵义市,第十二小学,,11,6,21,3,14,82,33,45,42,14,8,5,6,0.3,0.4
2023-04-23T09:00:00,3537A,105.3631,27.3533,毕节市,长征村,,17,5,11,3,8,75,52,40,40,10,9,6,5,0.5,0.5
2023-04-23T09:00:00,3538A,107.5175,26.2978,黔南布依族苗族自治州,沙坝,,10,7,47,7,35,115,24,24,24,4,5,3,4,0.4,0.6
2023-04-23T09:00:00,3539A,110.5111,19.9736,海口市,桂林洋子站,,27,27,35,13,23,86,28,30,30,6,5,4,4,0.3,0.4
2023-04-23T09:00:00,3540A,109.7348,18.3443,三亚市,君悦子站,,32,32,39,16,19,85,36,38,36,4,5,2,2,0.5,0.5
2023-04-23T09:00:00,3541A,109.5726,19.5167,儋州市,第一中学子站,颗粒物(PM10),56,62,49,30,29,108,43,58,49,12,9,5,4,0.5,0.5
2023-04-23T09:00:00,3542A,109.5567,19.5187,儋州市,东坡学校子站,颗粒物(PM10),52,53,48,34,31,124,46,69,55,12,7,4,4,0.6,0.6
2023-04-23T09:00:00,3543A,112.3466,16.8396,三沙市,永兴岛子站,,,,,,,,,,,,,,,,
2023-04-23T09:00:00,3544A,121.4891,30.925,上海市,奉贤南桥新城,颗粒物(PM10),84,117,137,27,29,123,89,90,87,14,15,7,7,0.5,0.5
2023-04-23T09:00:00,3545A,110.8054,32.8401,十堰市,郧阳区金沙路,,24,24,22,15,15,86,70,83,80,5,8,4,5,0.7,0.7
2023-04-23T09:00:00,3546A,111.4606,30.552,宜昌市,猇亭区张家湾站,,18,17,19,12,13,76,44,60,58,30,21,7,7,0.3,0.3
2023-04-23T09:00:00,3547A,112.1632,31.0138,荆门市,龙泉中学南校,,23,7,25,1,16,74,71,74,72,4,6,7,7,0.8,0.8
2023-04-23T09:00:00,3548A,112.1655,30.3364,荆州市,学苑路,,24,24,30,13,19,70,65,68,66,10,12,6,8,0.4,0.4
2023-04-23T09:00:00,3549A,109.5061,30.3772,恩施土家族苗族自治州,龙凤新区,,13,2,8,3,3,50,40,47,43,10,11,6,6,0.6,0.6
2023-04-23T09:00:00,3550A,102.7997,24.9786,昆明市,昆明学院,,49,48,75,34,39,157,111,123,117,20,12,12,7,0.9,0.7
2023-04-23T09:00:00,3551A,102.5967,24.6736,昆明市,晋宁区生态环境分局,,40,36,51,24,28,154,128,136,130,7,7,5,6,1.0,0.9
2023-04-23T09:00:00,3552A,102.6678,24.9856,昆明市,云天化总部,,49,49,53,34,32,167,117,140,117,23,16,12,6,0.9,0.7
2023-04-23T09:00:00,3557A,119.9464,30.0494,杭州市,镇二中,颗粒物(PM10),72,94,95,38,30,149,54,79,56,30,29,6,7,0.7,0.6
2023-04-23T09:00:00,3558A,119.7183,30.2367,杭州市,市府大楼,颗粒物(PM10),68,85,92,28,29,152,74,80,66,15,20,6,7,0.5,0.5
2023-04-23T09:00:00,3560A,120.4722,30.0415,绍兴市,柯桥妇保,颗粒物(PM10),93,136,119,37,35,155,53,78,55,34,26,6,8,0.7,0.6
2023-04-23T09:00:00,3561A,120.6985,27.9251,温州市,茶山,颗粒物(PM10),66,81,72,32,25,150,49,104,74,36,22,6,8,0.5,0.4
2023-04-23T09:00:00,3562A,120.4148,30.8538,湖州市,南浔区站,颗粒物(PM10),65,80,114,27,30,133,70,76,71,23,23,5,7,0.4,0.4
2023-04-23T09:00:00,3564A,121.2568,28.6681,台州市,台州科技职业学院,颗粒物(PM10),94,138,94,33,25,145,78,97,87,18,20,5,7,0.4,0.4
2023-04-23T09:00:00,3565A,113.1367,40.1122,大同市,云冈站,颗粒物(PM10),77,103,71,38,30,114,45,10,10,35,28,15,13,0.3,0.3
2023-04-23T09:00:00,3566A,113.1186,40.2556,大同市,图书馆,"颗粒物(PM10),细颗粒物(PM2.5)",57,63,51,40,29,119,34,29,21,24,21,12,10,0.7,0.7
2023-04-23T09:00:00,3567A,113.5931,40.0461,大同市,区一中,,29,29,42,12,17,120,73,57,57,19,18,13,14,0.5,0.5
2023-04-23T09:00:00,3568A,113.06,36.0464,长治市,向阳小学,,26,24,40,18,30,66,43,26,26,28,41,11,8,1.5,0.8
2023-04-23T09:00:00,3569A,112.8792,36.3144,长治市,屯留一中,,29,14,40,20,39,79,27,30,30,35,36,10,11,2.0,1.1
2023-04-23T09:00:00,3570A,113.235,36.3489,长治市,潞城四中,,19,14,14,9,12,78,33,41,41,35,29,6,7,1.9,1.3
2023-04-23T09:00:00,3571A,112.2931,39.53,朔州市,一水厂,颗粒物(PM10),110,170,77,54,42,95,36,27,18,49,34,20,10,0.7,0.6
2023-04-23T09:00:00,3572A,114.6419615,37.9001925,石家庄市,栾城区政府,细颗粒物(PM2.5),58,51,33,41,21,79,26,33,25,26,16,1,2,0.9,0.6
2023-04-23T09:00:00,3573A,114.8506765,38.0322033,石家庄市,藁城区实验学校,颗粒物(PM10),91,132,44,34,18,85,29,45,26,26,17,4,2,0.7,0.5
2023-04-23T09:00:00,3574A,114.0504658,38.0591645,石家庄市,井陉矿区区委大楼,颗粒物(PM10),51,52,39,31,25,72,39,26,26,20,20,4,5,0.5,0.5
2023-04-23T09:00:00,3575A,118.09279,39.58089,唐山市,正泰大街热力站,颗粒物(PM10),66,82,38,42,21,103,55,17,17,42,33,14,4,1.3,0.4
2023-04-23T09:00:00,3576A,118.1562,39.8322,唐山市,丰润区政府,颗粒物(PM10),76,101,51,40,30,102,64,32,19,32,26,14,2,0.9,0.4
2023-04-23T09:00:00,3577A,118.43673,39.73809,唐山市,金山小学,颗粒物(PM10),74,97,71,23,22,104,80,38,35,24,31,10,4,1.1,0.6
2023-04-23T09:00:00,3578A,118.24498,39.66941,唐山市,政府服务中心,颗粒物(PM10),85,120,57,41,24,101,61,48,18,31,24,12,4,1.1,0.4
2023-04-23T09:00:00,3579A,114.50634,36.77178,邯郸市,永年区实验高中,细颗粒物(PM2.5),63,38,50,45,41,63,52,48,46,24,24,5,6,0.3,0.8
2023-04-23T09:00:00,3580A,114.20016,36.44293,邯郸市,峰峰矿区临水派出所,,27,27,21,15,19,90,63,64,61,9,8,3,3,0.9,1.1
2023-04-23T09:00:00,3581A,115.31981,38.95208,保定市,满城区生态环境分局,细颗粒物(PM2.5),67,67,54,48,29,75,39,28,21,17,11,8,7,0.6,0.6
2023-04-23T09:00:00,3582A,115.47694,38.76408,保定市,清苑区第二中学,颗粒物(PM10),57,63,39,36,26,86,50,33,30,27,18,6,4,0.3,0.3
2023-04-23T09:00:00,3583A,115.62909,39.02311,保定市,徐水物探局,细颗粒物(PM2.5),58,52,30,41,27,73,26,28,15,17,16,10,8,0.4,0.3
2023-04-23T09:00:00,3584A,115.8844,39.0341,雄安新区,容城县环境保护局,细颗粒物(PM2.5),58,64,44,41,30,87,40,33,18,22,22,8,7,0.4,0.3
2023-04-23T09:00:00,3585A,115.8665,39.0645,雄安新区,河北容城中学,"颗粒物(PM10),细颗粒物(PM2.5)",60,70,40,43,24,88,42,53,25,20,20,4,2,0.4,0.3
2023-04-23T09:00:00,3586A,115.923,38.9405,雄安新区,安新县民政局,颗粒物(PM10),54,57,35,33,25,84,33,46,30,24,12,6,4,0.4,0.3
2023-04-23T09:00:00,3587A,115.9324,38.9338,雄安新区,安新县电力局,,45,45,30,19,18,93,54,56,41,18,10,5,5,0.4,0.4
2023-04-23T09:00:00,3588A,116.0901,38.9816,雄安新区,雄县环境保护局,颗粒物(PM10),53,56,35,25,16,88,53,31,18,21,21,6,4,0.4,0.4
2023-04-23T09:00:00,3589A,116.1105,39.0046,雄安新区,雄县国土资源局,,48,48,33,26,20,87,45,25,16,24,23,6,5,0.4,0.3
2023-04-23T09:00:00,3590A,113.8374,34.5589,郑州市,北区建设指挥部,,23,12,17,13,12,93,73,84,80,13,11,5,5,0.7,0.5
2023-04-23T09:00:00,3591A,113.30952,34.803229,郑州市,上街区政府,,23,6,17,10,17,88,73,87,81,5,7,4,4,0.6,0.5
2023-04-23T09:00:00,3592A,114.4644,34.7556,开封市,祥符区生态环境局,,22,17,28,15,17,68,50,68,54,18,13,6,6,0.6,0.5
2023-04-23T09:00:00,3593A,112.5736,34.8993,洛阳市,吉利监测站,,23,13,12,16,19,78,59,71,69,11,13,3,2,0.7,0.5
2023-04-23T09:00:00,3594A,112.8867,33.9116,平顶山市,石龙区,,32,25,25,22,19,85,63,78,73,8,9,3,3,0.3,0.3
2023-04-23T09:00:00,3596A,114.1572,35.9603,鹤壁市,南山宾馆,,29,26,21,20,21,83,70,76,65,16,17,2,2,0.9,1.2
2023-04-23T09:00:00,3597A,113.8134,34.1251,许昌市,建安区兴业大厦,,,,20,12,11,81,54,63,61,10,12,1,2,0.4,0.3
2023-04-23T09:00:00,3598A,111.1,34.7167,三门峡市,富达温泉假日酒店,,29,19,24,20,20,79,60,69,67,16,13,9,9,0.4,0.4
2023-04-23T09:00:00,3599A,106.2649,29.9851,重庆市,书院路,,19,19,14,13,9,51,29,43,38,17,13,10,8,0.4,0.4
2023-04-23T09:00:00,3600A,106.2339,29.5559,重庆市,虎峰,,23,23,23,15,9,52,27,36,33,16,13,13,12,0.6,0.6
2023-04-23T09:00:00,3601A,106.0499,29.8342,重庆市,龙门街,,14,14,18,3,6,45,30,43,37,18,14,3,4,0.5,0.5
2023-04-23T09:00:00,3604A,119.3266,35.1044,日照市,岚山环保分局,颗粒物(PM10),53,56,74,32,29,90,72,74,57,18,23,5,14,0.5,2
2023-04-23T09:00:00,3605A,109.09,34.5236,西安市,无线电监控中心,,30,15,19,21,18,62,48,57,49,15,15,6,6,0.5,0.5
2023-04-23T09:00:00,3606A,108.7108,34.46,西咸新区,北杜,,18,6,11,12,10,58,56,58,48,16,16,6,6,0.5,0.6
2023-04-23T09:00:00,3607A,108.7096,34.2956,西咸新区,同德佳苑,,29,12,14,20,14,69,57,68,61,22,20,4,4,0.6,0.6
2023-04-23T09:00:00,3608A,108.8558,34.4978,西咸新区,崇文塔,,22,10,19,15,14,68,48,62,57,17,11,6,6,0.7,0.6
2023-04-23T09:00:00,3610A,105.5933,29.4105,重庆市,昌元,,24,24,15,6,7,47,35,42,40,10,10,5,5,0.5,0.4
2023-04-23T09:00:00,3612A,85.1045,45.6899,克拉玛依市,白碱滩区新站,,31,15,21,8,9,105,97,102,98,1,2,8,8,0.3,0.2
2023-04-23T09:00:00,3613A,87.3095,44.0142,昌吉州,亚心广场,颗粒物(PM10),52,53,48,21,15,104,47,77,68,27,18,8,9,0.5,0.5
2023-04-23T09:00:00,3614A,79.924,37.0877,和田地区,地区环保局,细颗粒物(PM2.5),72,82,140,52,58,109,84,93,90,6,5,4,3,0.5,0.5
2023-04-23T09:00:00,3615A,79.9131,37.113,和田地区,市环保局,颗粒物(PM10),92,133,144,21,45,105,54,85,81,35,16,4,4,0.8,0.7
2023-04-23T09:00:00,3616A,106.7616,31.8344,巴中市,市中心医院,,15,6,3,5,2,67,46,54,48,8,6,6,6,0.5,0.5
2023-04-23T09:00:00,3617A,105.8047,32.4166,广元市,经开区,,,33,9,,11,68,47,50,49,18,11,5,5,0.6,0.5
2023-04-23T09:00:00,3618A,112.4719,37.7831,太原市,金胜,,22,15,33,11,24,95,68,76,75,20,23,5,5,0.6,0.5
2023-04-23T09:00:00,3619A,113.617,37.8571,阳泉市,龙柱,,42,26,39,29,32,76,58,36,36,16,26,8,15,0.7,0.9
2023-04-23T09:00:00,3620A,112.8271,35.4828,晋城市,泽州一中,,21,21,14,9,11,64,34,56,53,26,18,5,4,1.2,0.5
2023-04-23T09:00:00,3621A,106.8288,39.6778,乌海市,聚英学校,颗粒物(PM10),65,80,55,23,20,118,70,111,93,28,16,17,21,0.6,0.5
2023-04-23T09:00:00,3622A,113.5556,24.8082,韶关市,碧湖山庄,,45,45,34,22,19,104,17,36,23,17,13,9,10,0.9,0.6
2023-04-23T09:00:00,3623A,113.8953,22.5861,深圳市,西乡,,43,43,46,15,18,106,77,96,82,20,16,7,7,0.6,0.6
2023-04-23T09:00:00,3624A,116.4069,23.2533,汕头市,潮南子站,颗粒物(PM10),59,67,55,29,21,139,93,112,105,20,13,9,9,0.7,0.6
2023-04-23T09:00:00,3625A,113.2544,22.7642,佛山市,容桂街道办,,31,31,38,14,19,91,44,82,58,28,20,6,6,0.7,0.7
2023-04-23T09:00:00,3626A,113.7533,23.0202,东莞市,南城元岭,,32,32,36,16,19,115,67,88,75,20,20,8,8,0.5,0.5
2023-04-23T09:00:00,3627A,113.7875,23.0457,东莞市,东城主山,,36,36,36,19,20,113,62,82,72,15,12,10,10,0.5,0.5
2023-04-23T09:00:00,3628A,112.0336,22.9374,云浮市,文笔,,33,20,42,23,26,76,34,45,36,19,17,2,3,0.5,0.5
2023-04-23T09:00:00,3629A,101.8305,36.5786,西宁市,世纪职校,,33,20,55,23,36,72,32,50,43,26,25,5,5,0.9,0.7
2023-04-23T09:00:00,3630A,101.7413,36.6397,西宁市,师大城西校区,,38,31,60,26,36,60,25,52,43,32,27,3,3,0.7,0.5
2023-04-23T09:00:00,3633A,118.4918,31.6809,马鞍山市,雨山,颗粒物(PM10),55,60,72,26,23,124,82,83,68,12,14,6,7,0.6,0.6
2023-04-23T09:00:00,3634A,116.9884,33.6305,宿州市,宿州学院,,35,35,68,21,24,79,60,64,64,13,19,3,4,0.4,0.4
2023-04-23T09:00:00,3635A,112.3677,34.662,洛阳市,河科大西苑校区,,25,21,19,17,18,78,70,74,74,15,14,4,4,0.5,0.5
2023-04-23T09:00:00,3636A,112.4388,34.6781,洛阳市,英才小学,,32,32,30,20,19,73,63,69,69,15,13,3,3,0.4,0.3
2023-04-23T09:00:00,3637A,131.0176,45.7761,七台河市,人民广场,,44,44,42,15,24,91,80,61,61,14,19,7,10,0.4,0.5
2023-04-23T09:00:00,3638A,104.7636,29.3338,自贡市,轻化工大学,,19,19,20,4,6,52,34,47,44,13,9,3,2,0.5,0.5
2023-04-23T09:00:00,3639A,104.4019,31.1244,德阳市,市教育局,,15,15,18,6,7,84,44,59,52,12,8,1,1,0.3,0.3
2023-04-23T09:00:00,3642A,120.3503,36.0736,青岛市,市北区南部,颗粒物(PM10),51,52,63,14,17,106,88,84,84,32,26,5,6,0.6,0.5
2023-04-23T09:00:00,3643A,120.3948,36.1805,青岛市,李沧区北部,,48,48,62,22,20,110,105,87,87,9,14,4,4,0.3,0.5
2023-04-23T09:00:00,3644A,117.8661,36.805,淄博市,三金集团,,49,49,46,14,22,78,39,40,40,33,23,8,7,0.5,0.4
2023-04-23T09:00:00,3645A,118.0253,36.8406,淄博市,东风化工厂,颗粒物(PM10),54,57,53,35,28,84,61,54,51,32,27,11,10,0.4,0.3
2023-04-23T09:00:00,3646A,118.4978,37.4623,东营市,胜利站,颗粒物(PM10),51,52,32,27,16,99,59,88,69,25,15,13,10,0.5,0.4
2023-04-23T09:00:00,3647A,115.4702,35.2706,菏泽市,菏泽医专,,42,28,29,29,25,73,63,63,54,12,13,4,4,0.4,0.3
2023-04-23T09:00:00,3648A,106.2112,37.9768,吴忠市,文卫南街,,32,24,25,22,21,72,60,67,65,20,16,6,6,0.5,0.5
2023-04-23T09:00:00,3650A,105.1698,37.5162,中卫市,沙坡头区政府站,细颗粒物(PM2.5),59,47,43,42,38,73,65,68,66,15,16,10,9,0.5,0.5
2023-04-23T09:00:00,3651A,108.9543,34.8732,铜川市,旺旺集团,,22,11,18,15,14,70,58,65,63,14,15,4,3,0.4,0.3
2023-04-23T09:00:00,3652A,109.4809,36.5786,延安市,西北局旧址,,20,10,11,11,10,77,26,72,50,39,17,5,6,0.6,0.4
2023-04-23T09:00:00,3653A,111.3119,30.7273,宜昌市,云深路,,20,20,12,9,7,76,60,68,62,21,18,6,6,0.4,0.4
2023-04-23T09:00:00,3654A,114.8094,30.4089,鄂州市,精准医疗中心,,13,11,35,8,13,62,41,46,40,11,11,4,4,0.5,0.4
2023-04-23T09:00:00,3655A,114.3375,29.8683,咸宁市,长江产业园,,20,13,24,14,21,72,43,44,35,11,14,8,9,0.6,0.6
2023-04-23T09:00:00,3656A,120.1556,30.2864,杭州市,消防大队,颗粒物(PM10),83,115,114,31,30,151,66,80,69,26,27,4,6,0.5,0.5
2023-04-23T09:00:00,3658A,120.6153,30.0764,绍兴市,袍江中学,颗粒物(PM10),93,136,115,34,29,145,61,74,56,30,27,6,7,0.6,0.5
2023-04-23T09:00:00,3659A,119.656,29.1131,金华市,气象局,颗粒物(PM10),56,62,90,30,25,98,61,74,64,32,34,6,12,0.4,0.4
2023-04-23T09:00:00,3662A,123.6333,47.2075,齐齐哈尔市,富区青少年活动中心,,36,36,34,12,9,84,78,66,66,7,8,5,5,0.3,0.3
2023-04-23T09:00:00,3663A,124.1164,50.4278,大兴安岭地区,红旗社区,,27,9,7,5,6,90,84,82,80,3,3,5,5,0.4,0.4
2023-04-23T09:00:00,3664A,119.4172,34.7341,连云港市,连云街道,颗粒物(PM10),61,71,76,24,25,98,84,90,77,20,22,6,7,0.5,0.5
2023-04-23T09:00:00,3665A,76.1658,39.7157,克孜勒苏柯尔克孜自治州,克州文化中心,颗粒物(PM10),258,390,198,91,56,118,71,111,95,7,4,6,6,0.4,0.4
2023-04-23T09:00:00,3667A,111.0283,35.0547,运城市,水利职院,,35,35,20,22,17,85,37,82,63,12,9,6,5,0.9,0.7
2023-04-23T09:00:00,3668A,111.5036,36.0414,临汾市,城南,,42,19,22,29,25,71,47,60,54,15,13,4,4,0.9,0.8
2023-04-23T09:00:00,3669A,114.4705,36.0637,安阳市,左辅环卫站,,36,31,25,25,21,86,61,81,66,13,13,4,4,0.6,0.7
2023-04-23T09:00:00,3670A,111.0522,35.0439,运城市,禹都公园,,,,,,,,,,,,,,,,
2023-04-23T09:00:00,3671A,116.088,39.9726,北京市,门头沟三家店,颗粒物(PM10),52,53,43,29,24,65,45,21,21,11,18,3,3,0.3,0.3
2023-04-23T09:00:00,3672A,116.1541,39.8204,北京市,丰台云岗,,,,,,,41,41,41,41,32,32,3,3,0.4,0.4
2023-04-23T09:00:00,3673A,116.6804,39.9081,北京市,通州东关,颗粒物(PM10),64,77,42,38,22,84,22,14,5,41,28,1,3,0.3,0.2
2023-04-23T09:00:00,3674A,115.9577,39.7603,北京市,房山燕山,,,,,,,,,,,,,,,,
2023-04-23T09:00:00,3675A,116.4672,39.7733,北京市,大兴旧宫,细颗粒物(PM2.5),62,68,34,44,25,82,29,6,6,36,26,3,3,0.4,0.3
2023-04-23T09:00:00,3676A,113.2802,40.0995,大同市,第二人民医院,颗粒物(PM10),55,59,67,14,26,112,74,49,27,28,33,10,11,0.5,0.6
2023-04-23T09:00:00,3677A,98.5881,24.4368,德宏州,芒市人民政府综合楼,细颗粒物(PM2.5),62,55,68,44,43,161,41,75,56,25,15,12,8,0.7,0.6
2023-04-23T09:00:00,3678A,116.5907,35.4054,济宁市,市第七中学,,39,13,36,27,28,76,74,66,66,15,15,9,10,0.6,0.5
2023-04-23T09:00:00,3682A,116.9814,36.6819,济南市,济南四建,,46,44,36,32,23,86,46,57,55,35,23,8,7,0.5,0.4
2023-04-23T09:00:00,3683A,109.8331,40.6576,包头市,昆区政府,颗粒物(PM10),63,75,59,28,27,116,48,55,36,51,33,40,16,0.9,0.6
2023-04-23T09:00:00,3684A,130.8781,45.8222,七台河市,新建矿广场,,48,48,28,8,15,88,79,62,62,9,10,3,3,0.5,0.5
2023-04-23T09:00:00,3685A,117.897,28.4315,上饶市,双创科技城,颗粒物(PM10),52,54,63,24,24,107,66,69,69,23,23,13,9,0.5,0.5
2023-04-23T09:00:00,3689A,113.9003,35.372,新乡市,行政服务中心,,24,19,25,12,21,82,76,76,73,13,16,2,4,0.4,0.4
2023-04-23T09:00:00,3690A,115.9721,28.7031,南昌市,外国语学校,,31,31,23,18,16,71,57,66,64,19,19,6,6,0.3,0.4
2023-04-23T09:00:00,3692A,118.2059,39.6585,唐山市,消防缸窑路中队,颗粒物(PM10),87,124,54,48,28,109,51,51,22,37,22,16,4,1.4,0.4
2023-04-23T09:00:00,3693A,118.1436,39.6202,唐山市,路南电大,颗粒物(PM10),78,106,47,40,26,104,41,45,26,52,26,14,4,1.3,0.5
2023-04-23T09:00:00,3694A,115.986,40.4563,北京市,延庆石河营,,32,32,32,22,22,80,73,43,36,10,16,1,3,0.3,0.3
2023-04-23T09:00:00,3695A,116.6151,40.3053,北京市,怀柔新城,,47,47,38,30,23,78,48,44,41,16,14,3,3,0.3,0.3
2023-04-23T09:00:00,3696A,116.2545,39.8768,北京市,丰台小屯,颗粒物(PM10),56,61,42,37,24,69,35,8,8,27,28,1,1,0.4,0.3
2023-04-23T09:00:00,3697A,116.84,40.3844,北京市,密云镇,,,65,42,30,21,83,22,15,15,39,31,,2,0.4,0.3
2023-04-23T09:00:00,3698A,111.5968,40.8178,呼和浩特市,红旗小学,颗粒物(PM10),71,92,72,17,24,106,43,36,30,45,36,4,5,0.6,0.4
2023-04-23T09:00:00,3699A,111.6518,40.8389,呼和浩特市,海东办,颗粒物(PM10),52,53,56,14,20,105,50,49,34,44,30,7,6,0.5,0.4
2023-04-23T09:00:00,3700A,103.0456,29.9956,雅安市,康养中心,,19,19,21,6,10,73,57,58,58,8,10,11,11,0.5,0.5
2023-04-23T09:00:00,3701A,116.9648,33.6252,宿州市,皖北煤电集团,,50,50,70,32,30,80,57,61,61,12,19,2,4,0.5,0.4
2023-04-23T09:00:00,3703A,114.2917,36.0949,安阳市,安钢职工学校,,33,23,27,23,19,84,61,64,64,19,16,5,5,0.7,0.9
2023-04-23T09:00:00,3706A,122.2584,43.6333,通辽市,老干部活动中心,,43,31,47,30,22,115,80,84,74,13,13,5,6,0.2,0.2
2023-04-23T09:00:00,3707A,131.0207,45.3073,鸡西市,欧美日汽修厂,颗粒物(PM10),52,54,39,13,18,91,63,66,63,9,7,2,2,0.4,0.3
2023-04-23T09:00:00,3708A,122.2922,43.6189,通辽市,东方明珠社区,,42,42,60,22,27,108,72,80,68,18,18,7,5,0.6,0.5
2023-04-23T09:00:00,3709A,130.9967,45.3106,鸡西市,市政设施管理处,,44,44,45,12,18,97,71,64,64,6,11,4,4,0.2,0.2
2023-04-23T09:00:00,3710A,121.5594,29.8975,宁波市,白沙活动中心,,,,,,,,,,,,,,,,
2023-04-23T09:00:00,3713A,124.3419,43.1666,四平市,世纪城,,,49,57,23,28,124,,49,32,11,23,5,6,0.2,0.3
2023-04-23T09:00:00,3715A,117.3092,32.9314,蚌埠市,蚌埠田家炳中学,,29,29,70,4,22,97,77,78,78,12,17,3,5,0.3,0.3
2023-04-23T09:00:00,3719A,97.1714,31.1406,昌都市,昌都会议中心,,24,24,12,13,6,113,64,92,82,30,8,7,6,0.6,0.5
2023-04-23T09:00:00,3726A,88.8781,29.2426,日喀则市,林业技术推广中心,,38,38,21,16,6,119,58,105,81,21,6,6,5,0.6,0.5
2023-04-23T09:00:00,3728A,104.68,28.8071,宜宾市,白酒学院,,15,8,20,4,13,53,45,43,43,8,9,8,8,0.5,0.5
2023-04-23T09:00:00,3734A,118.35,37.26,东营市,理想之城,,,,29,27,18,94,63,85,70,29,16,11,6,0.5,0.4
2023-04-23T09:00:00,3860A,118.3920,35.0300,临沂市,皇山花园小区,,34,34,59,22,23,88,65,64,64,18,19,4,6,0.4,0.5
2023-04-23T09:00:00,3861A,119.2041,36.7699,潍坊市,寒亭区实验一小,颗粒物(PM10),52,53,37,22,16,94,78,80,70,18,15,5,6,0.5,0.5
2023-04-23T09:00:00,3866A,122.2469,40.66302,营口市,三高中,,50,50,57,23,25,123,69,73,53,31,30,10,11,0.5,0.6
2023-04-23T09:00:00,3867A,102.0738,36.5056,海东地区,平安区公安北苑,细颗粒物(PM2.5),59,63,73,42,37,76,26,48,39,31,26,6,8,1.6,0.6
2023-04-23T09:00:00,3981A,113.2449,35.1803,焦作市,原李万街道办,,26,26,31,2,11,73,56,70,60,14,11,2,2,1.2,0.7
2023-04-23T09:00:00,3994A,102.2165,31.9024,阿坝藏族羌族自治州,马尔康中学西区,,25,24,19,17,16,106,31,49,37,10,7,3,3,0,0.1
2023-04-23T09:00:00,4002A,109.2416,23.7461,来宾市,中南小学,颗粒物(PM10),51,52,55,33,33,92,35,62,45,13,11,10,13,0.8,0.8
2023-04-23T09:00:00,4004A,115.4202,38.8656,保定市,双鹰农机,颗粒物(PM10),55,60,34,29,15,80,54,49,37,15,17,1,2,0.3,0.3
2023-04-23T09:00:00,4006A,122.3622,40.6762,营口市,老边实验小学,颗粒物(PM10),67,83,71,45,35,118,72,66,42,29,36,9,12,0.6,0.8
2023-04-23T09:00:00,4008A,112.5234,32.9922,南阳市,卧龙区政府,,22,11,26,15,21,86,61,86,74,15,10,4,4,0.2,0.2
2023-04-23T09:00:00,4010A,112.5608,37.8807,太原市,育英中学,,22,21,35,11,27,91,68,69,69,19,21,6,6,0.5,0.5
2023-04-23T09:00:00,4011A,103.8506,30.6947,成都市,光华大道三段,,16,16,21,2,8,87,34,61,49,20,17,3,3,0.4,0.3
2023-04-23T09:00:00,1001A,116.3621,39.8784,北京市,万寿西宫,颗粒物(PM10),54,58,37,37,25,68,20,15,8,44,25,3,3,0.4,0.3
2023-04-23T09:00:00,1002A,116.2202,40.2915,北京市,定陵,,49,49,37,27,22,65,55,30,30,9,12,3,3,0.3,0.3
2023-04-23T09:00:00,1003A,116.4174,39.9289,北京市,东四,颗粒物(PM10),54,58,39,37,25,76,34,29,15,35,27,3,3,0.4,0.4
2023-04-23T09:00:00,1004A,116.4072,39.8863,北京市,天坛,颗粒物(PM10),55,59,36,37,22,75,27,10,10,43,21,1,2,0.5,0.4
2023-04-23T09:00:00,1005A,116.462,39.9365,北京市,农展馆,颗粒物(PM10),57,63,42,39,26,72,26,20,8,37,30,3,3,0.4,0.4
2023-04-23T09:00:00,1006A,116.3392,39.9295,北京市,官园,颗粒物(PM10),54,57,39,37,28,68,28,19,7,35,29,2,1,0.4,0.3
2023-04-23T09:00:00,1007A,116.2878,39.9611,北京市,海淀万柳,颗粒物(PM10),55,60,43,34,27,62,24,22,10,42,33,2,2,0.4,0.4
2023-04-23T09:00:00,1008A,116.6636,40.135,北京市,顺义新城,颗粒物(PM10),59,67,44,33,23,75,44,13,13,20,31,1,3,0.3,0.3
2023-04-23T09:00:00,1009A,116.6275,40.3275,北京市,怀柔镇,,43,43,34,30,23,73,31,36,28,32,21,1,1,0.4,0.3
2023-04-23T09:00:00,1010A,116.2296,40.217,北京市,昌平镇,,49,49,40,33,26,62,46,17,17,15,28,3,3,0.3,0.3
2023-04-23T09:00:00,1011A,116.3966,39.9821,北京市,奥体中心,细颗粒物(PM2.5),53,39,37,37,25,72,29,14,5,35,33,4,2,0.4,0.3
2023-04-23T09:00:00,1012A,116.184,39.9136,北京市,古城,颗粒物(PM10),58,65,43,37,27,77,32,36,27,33,21,1,3,0.4,0.3
2023-04-23T09:00:00,1015A,117.1444,39.1661,天津市,勤俭道,,50,50,40,32,29,95,50,22,22,42,32,12,6,0.6,0.4
2023-04-23T09:00:00,1017A,117.237,39.1082,天津市,大直沽八号路,,50,50,42,32,27,93,47,49,31,42,27,13,7,0.8,0.6
2023-04-23T09:00:00,1018A,117.202,39.0927,天津市,前进道,颗粒物(PM10),51,52,41,32,28,94,49,54,44,44,25,9,4,0.3,0.2
2023-04-23T09:00:00,1019A,117.1837,39.2133,天津市,淮河道,,46,46,41,27,29,93,62,29,15,35,35,11,6,0.4,0.3
2023-04-23T09:00:00,1021A,117.307,39.0877,天津市,跃进路,,49,49,45,30,30,100,48,40,20,40,27,9,5,0.6,0.4
2023-04-23T09:00:00,1023A,117.707,39.0343,天津市,第四大街,,42,42,47,20,28,92,80,25,25,23,31,8,5,0.9,1
2023-04-23T09:00:00,1024A,117.457,38.8394,天津市,永明路,,,43,44,23,28,93,67,27,20,35,32,,6,0.8,0.6
2023-04-23T09:00:00,1026A,117.764,39.1587,天津市,汉北路,,45,45,44,19,28,97,90,30,30,19,35,11,8,0.4,0.2
2023-04-23T09:00:00,1027A,117.157,38.9194,天津市,团泊洼,颗粒物(PM10),52,53,43,34,28,107,44,42,30,44,25,10,5,0.7,0.3
2023-04-23T09:00:00,1029A,114.4422,38.0444,石家庄市,职工医院,细颗粒物(PM2.5),64,46,50,46,37,78,31,36,27,29,23,5,5,0.7,0.5
2023-04-23T09:00:00,1030A,114.6063,38.0266,石家庄市,高新区,细颗粒物(PM2.5),60,62,39,43,32,78,11,28,14,34,18,4,3,0.8,0.6
2023-04-23T09:00:00,1031A,114.4898,38.1328,石家庄市,西北水源,颗粒物(PM10),58,66,54,40,30,73,23,30,19,32,26,2,1,0.6,0.5
2023-04-23T09:00:00,1032A,114.4586,38.0058,石家庄市,西南高教,细颗粒物(PM2.5),74,58,43,54,32,76,13,24,15,37,25,3,3,0.7,0.5
2023-04-23T09:00:00,1033A,114.5331,38.0178,石家庄市,世纪公园,细颗粒物(PM2.5),54,44,38,38,28,69,23,19,14,21,19,3,3,0.8,0.6
2023-04-23T09:00:00,1034A,114.509,38.0457,石家庄市,人民会堂,颗粒物(PM10),55,60,45,34,23,78,40,36,36,25,21,1,2,0.7,0.6
2023-04-23T09:00:00,1035A,114.3524,37.8911,石家庄市,封龙山,,,25,29,26,24,83,,76,76,4,8,5,6,0.3,0.2
2023-04-23T09:00:00,1037A,118.131,39.6363,唐山市,雷达站,颗粒物(PM10),77,103,44,42,23,105,41,28,24,56,32,14,3,1.3,0.4
2023-04-23T09:00:00,1038A,118.1725,39.6334,唐山市,物资局,颗粒物(PM10),79,108,47,47,32,98,46,53,27,47,24,14,3,1.3,0.5
2023-04-23T09:00:00,1040A,118.1705,39.6506,唐山市,十二中,颗粒物(PM10),81,112,38,54,30,104,36,49,23,48,20,14,3,1.4,0.5
2023-04-23T09:00:00,1041A,118.1869,39.622,唐山市,小山,颗粒物(PM10),81,112,51,41,24,107,43,58,26,60,28,15,4,1.3,0.5
2023-04-23T09:00:00,1042A,119.5134,39.8207,秦皇岛市,北戴河环保局,颗粒物(PM10),81,112,48,23,18,93,90,77,77,11,15,1,2,0.5,0.6
2023-04-23T09:00:00,1043A,119.7493,40.0116,秦皇岛市,第一关,颗粒物(PM10),79,108,58,16,27,109,98,88,88,10,26,6,4,0.3,0.4
2023-04-23T09:00:00,1044A,119.5897,39.9499,秦皇岛市,监测站,颗粒物(PM10),76,102,54,25,24,113,103,92,92,7,14,4,3,0.3,0.4
2023-04-23T09:00:00,1046A,119.5251,39.9041,秦皇岛市,建设大厦,颗粒物(PM10),73,95,56,16,19,118,110,73,73,2,18,6,8,0.3,0.4
2023-04-23T09:00:00,1048A,114.5302,36.6116,邯郸市,东污水处理厂,,46,46,42,17,20,77,52,46,46,17,23,4,4,0.3,0.6
2023-04-23T09:00:00,1049A,114.4918,36.5713,邯郸市,矿院,,25,25,34,17,26,77,63,50,50,11,17,1,1,0.3,0.8
2023-04-23T09:00:00,1050A,114.484,36.6133,邯郸市,丛台公园,,33,29,29,23,26,66,61,51,51,12,15,3,3,0.3,0.5
2023-04-23T09:00:00,1051A,115.493,38.8632,保定市,游泳馆,,49,47,39,34,25,76,52,45,39,18,18,2,2,0.2,0.3
2023-04-23T09:00:00,1052A,115.5213,38.8959,保定市,华电二区,细颗粒物(PM2.5),55,53,35,39,24,70,35,50,29,15,13,4,4,0.3,0.3
2023-04-23T09:00:00,1053A,115.4713,38.9108,保定市,接待中心,"颗粒物(PM10),细颗粒物(PM2.5)",54,58,39,38,26,69,36,50,28,14,10,7,6,0.6,0.5
2023-04-23T09:00:00,1054A,115.4612,38.8416,保定市,地表水厂,颗粒物(PM10),57,64,49,35,28,70,49,44,28,19,20,6,6,0.2,0.2
2023-04-23T09:00:00,1056A,115.5086,38.8639,保定市,监测站,细颗粒物(PM2.5),58,57,42,41,30,77,46,49,35,19,18,6,6,0.2,0.2
2023-04-23T09:00:00,1057A,114.8883,40.8336,张家口市,人民公园,,37,37,37,19,12,113,75,58,56,16,12,3,3,0.5,0.4
2023-04-23T09:00:00,1059A,114.8687,40.8042,张家口市,五金库,,43,43,43,26,19,110,74,64,57,20,17,2,2,0.5,0.4
2023-04-23T09:00:00,1060A,114.8902,40.762,张家口市,世纪豪园,,,,,,,,,,,,,,,,
2023-04-23T09:00:00,1061A,114.8916,40.8661,张家口市,北泵房,颗粒物(PM10),54,57,39,30,17,121,79,60,60,15,11,9,14,0.4,0.3
2023-04-23T09:00:00,1062A,117.9531,40.9081,承德市,铁路,颗粒物(PM10),58,65,38,26,22,107,33,44,27,40,25,9,8,0.4,0.4
2023-04-23T09:00:00,1063A,117.9392,40.9763,承德市,中国银行,颗粒物(PM10),59,68,42,14,17,112,39,20,19,30,26,7,8,0.4,0.4
2023-04-23T09:00:00,1064A,117.9503,40.928,承德市,开发区,颗粒物(PM10),55,59,42,23,23,114,43,42,29,42,25,6,5,0.6,0.5
2023-04-23T09:00:00,1065A,117.8051,40.9655,承德市,文化中心,颗粒物(PM10),61,71,54,30,22,109,61,16,14,29,30,9,10,0.4,0.5
2023-04-23T09:00:00,1066A,117.9268,41.0026,承德市,离宫,,46,46,36,17,22,116,63,34,34,19,20,1,3,0.3,0.4
2023-04-23T09:00:00,1067A,116.6708,39.5111,廊坊市,药材公司,,,58,30,30,16,81,,17,17,46,34,,1,0.4,0.4
2023-04-23T09:00:00,1068A,116.7214,39.5589,廊坊市,开发区,颗粒物(PM10),56,61,36,38,22,82,34,29,12,51,33,5,4,0.5,0.5
2023-04-23T09:00:00,1070A,116.7244,39.5269,廊坊市,北华航天学院,颗粒物(PM10),60,70,31,36,19,78,38,45,17,35,22,5,4,0.4,0.4
2023-04-23T09:00:00,1071A,116.8842,38.2991,沧州市,沧县城建局,细颗粒物(PM2.5),67,70,33,48,26,90,30,61,32,46,27,2,3,0.5,0.3
2023-04-23T09:00:00,1072A,116.8584,38.3254,沧州市,电视转播站,细颗粒物(PM2.5),73,65,43,53,24,82,18,42,21,41,29,3,5,0.5,0.4
2023-04-23T09:00:00,1073A,116.8709,38.3228,沧州市,市环保局,细颗粒物(PM2.5),62,72,41,44,25,88,23,55,24,40,30,2,2,0.4,0.3
2023-04-23T09:00:00,1074A,115.6838,37.7541,衡水市,电机北厂,细颗粒物(PM2.5),59,49,27,42,19,77,13,51,31,31,13,1,3,0.5,0.4
2023-04-23T09:00:00,1075A,115.6303,37.7316,衡水市,市监测站,细颗粒物(PM2.5),53,48,29,37,19,75,26,44,32,19,12,5,4,0.7,0.6
2023-04-23T09:00:00,1077A,114.4704,37.0886,邢台市,达活泉,颗粒物(PM10),53,56,38,34,30,78,49,47,44,10,11,3,2,0.6,0.7
2023-04-23T09:00:00,1078A,114.5062,37.0349,邢台市,邢师高专,,41,41,36,25,24,80,49,36,36,16,19,2,3,0.6,0.8
2023-04-23T09:00:00,1079A,114.5237,37.0851,邢台市,路桥公司,,46,40,38,32,26,78,47,39,32,10,11,6,6,0.7,0.7
2023-04-23T09:00:00,1080A,114.4725,37.0719,邢台市,市环保局,细颗粒物(PM2.5),52,30,34,36,34,85,50,58,49,14,13,4,4,0.5,0.7
2023-04-23T09:00:00,1081A,112.522,37.8873,太原市,尖草坪,,21,16,26,14,22,86,66,74,74,21,22,14,5,1.5,0.6
2023-04-23T09:00:00,1083A,112.434,38.0108,太原市,上兰,,28,14,26,9,19,92,88,49,49,4,10,5,5,0.5,0.5
2023-04-23T09:00:00,1084A,112.469,37.7124,太原市,晋源,,23,16,35,14,26,97,72,70,68,15,24,3,2,0.6,0.6
2023-04-23T09:00:00,1085A,112.5583,37.7394,太原市,小店,,23,14,30,12,28,81,71,58,58,15,31,2,3,0.6,0.5
2023-04-23T09:00:00,1086A,112.5369,37.8692,太原市,桃园,,21,18,31,12,28,84,66,66,66,22,26,5,4,0.6,0.5
2023-04-23T09:00:00,1087A,112.57,37.8195,太原市,坞城,,21,15,34,12,27,77,65,62,62,17,24,6,7,0.5,0.5
2023-04-23T09:00:00,1088A,112.549,37.9854,太原市,南寨,,24,24,26,12,21,98,66,31,31,15,22,3,4,0.4,0.4
2023-04-23T09:00:00,1090A,111.6507,40.7517,呼和浩特市,呼市一监,颗粒物(PM10),53,56,61,14,21,99,47,39,32,33,28,12,7,0.5,0.4
2023-04-23T09:00:00,1091A,111.6572,40.8033,呼和浩特市,小召,,46,46,55,12,19,103,49,68,40,39,27,9,9,0.6,0.5
2023-04-23T09:00:00,1094A,111.7516,40.8369,呼和浩特市,如意水处理厂,颗粒物(PM10),52,54,37,14,14,101,48,40,34,36,21,10,8,0.5,0.5
2023-04-23T09:00:00,1095A,111.7276,40.8062,呼和浩特市,二十九中,颗粒物(PM10),56,62,54,13,16,102,58,50,36,28,25,11,8,0.5,0.4
2023-04-23T09:00:00,1096A,111.5512,40.7866,呼和浩特市,工大金川校区,颗粒物(PM10),72,93,67,21,24,106,28,37,27,48,30,8,8,0.7,0.5
2023-04-23T09:00:00,1097A,111.717,40.7612,呼和浩特市,化肥厂生活区,颗粒物(PM10),54,57,48,13,16,101,47,44,40,35,26,14,9,0.6,0.5
2023-04-23T09:00:00,1098A,123.6836,41.9339,沈阳市,森林路,颗粒物(PM10),55,60,65,30,30,109,56,70,54,23,16,6,5,0.8,0.8
2023-04-23T09:00:00,1099A,123.505,41.7406,沈阳市,浑南东路,颗粒物(PM10),61,71,75,40,35,140,71,65,57,28,27,12,9,0.6,0.6
2023-04-23T09:00:00,1100A,123.4231,41.6989,沈阳市,新秀街,颗粒物(PM10),57,63,69,27,23,132,66,72,54,25,24,15,11,0.5,0.5
2023-04-23T09:00:00,1102A,123.5903,41.8411,沈阳市,东陵路,颗粒物(PM10),62,74,65,36,31,130,59,61,48,26,23,11,10,0.6,0.6
2023-04-23T09:00:00,1103A,123.4264,41.8467,沈阳市,陵东街,颗粒物(PM10),59,68,85,29,37,136,63,40,26,24,36,13,11,0.6,0.6
2023-04-23T09:00:00,1104A,123.4114,41.7653,沈阳市,文化路,颗粒物(PM10),59,68,78,33,35,140,66,66,57,27,27,12,10,0.6,0.6
2023-04-23T09:00:00,1105A,123.4678,41.7867,沈阳市,小河沿,颗粒物(PM10),58,66,70,28,30,135,62,68,55,27,24,12,11,0.5,0.5
2023-04-23T09:00:00,1106A,123.4017,41.7972,沈阳市,太原街,颗粒物(PM10),60,70,84,35,44,131,58,48,30,31,38,13,11,0.4,0.5
2023-04-23T09:00:00,1108A,123.3783,41.9228,沈阳市,京沈街,颗粒物(PM10),62,74,75,38,41,139,63,70,56,26,24,14,13,0.7,0.7
2023-04-23T09:00:00,1109A,121.612,38.9741,大连市,甘井子,,43,43,43,28,22,112,89,94,82,25,19,7,5,0.6,0.5
2023-04-23T09:00:00,1110A,121.565,38.9511,大连市,周水子,,46,46,44,21,18,116,73,84,75,41,30,7,5,0.7,0.6
2023-04-23T09:00:00,1111A,121.5637,38.8845,大连市,星海三站,,43,43,41,19,17,111,78,103,90,41,23,8,6,0.6,0.5
2023-04-23T09:00:00,1112A,121.6302,38.9117,大连市,青泥洼桥,,46,46,49,20,20,115,81,90,81,32,26,8,6,0.7,0.6
2023-04-23T09:00:00,1113A,121.6251,38.8638,大连市,傅家庄,,36,36,46,16,18,120,98,100,94,17,18,8,7,0.8,0.7
2023-04-23T09:00:00,1114A,121.5213,38.8661,大连市,七贤岭,,37,37,43,22,16,122,87,117,109,32,12,8,6,0.5,0.4
2023-04-23T09:00:00,1115A,121.2529,38.8061,大连市,旅顺,,30,30,38,16,20,121,96,104,95,19,12,7,6,0.6,0.6
2023-04-23T09:00:00,1116A,121.7485,39.1311,大连市,金州,,45,45,39,21,17,114,95,83,83,18,18,12,9,0.7,0.6
2023-04-23T09:00:00,1117A,121.7811,39.0496,大连市,开发区,,32,32,43,18,17,106,88,86,86,21,22,5,7,0.7,0.6
2023-04-23T09:00:00,1118A,121.9762,39.0631,大连市,双D港,颗粒物(PM10),51,51,48,15,21,111,101,97,97,15,20,8,8,0.5,0.5
2023-04-23T09:00:00,1119A,125.3325,43.9166,长春市,食品厂,,41,41,60,21,25,103,82,35,27,16,35,7,8,0.3,0.3
2023-04-23T09:00:00,1120A,125.2863,43.9027,长春市,客车厂,,43,43,48,14,22,105,76,35,35,16,34,5,6,0.3,0.4
2023-04-23T09:00:00,1121A,125.2841,43.8463,长春市,邮电学院,,35,35,44,12,19,104,83,48,42,9,24,6,6,0.3,0.4
2023-04-23T09:00:00,1122A,125.3716,43.8772,长春市,劳动公园,,42,42,50,18,22,109,85,35,32,14,32,6,6,0.3,0.4
2023-04-23T09:00:00,1123A,125.3297,43.8805,长春市,园林处,,30,30,42,14,15,97,78,49,41,16,29,8,7,0.4,0.5
2023-04-23T09:00:00,1124A,125.4605,43.79,长春市,净月潭,,40,40,39,11,14,101,85,52,50,4,10,4,4,0.3,0.3
2023-04-23T09:00:00,1125A,125.7194,43.515,长春市,甩湾子,,45,45,53,15,19,127,96,33,33,9,17,5,5,0.3,0.6
2023-04-23T09:00:00,1126A,125.3863,43.8447,长春市,经开区环卫处,,47,47,65,20,25,107,81,25,25,12,34,6,7,0.4,0.4
2023-04-23T09:00:00,1127A,125.245,43.7783,长春市,高新区管委会,,37,37,52,13,22,106,83,25,25,11,32,3,4,0.4,0.5
2023-04-23T09:00:00,1128A,125.1761,43.8325,长春市,岱山公园,,35,35,50,14,18,104,81,32,31,6,27,5,6,0.2,0.3
2023-04-23T09:00:00,1129A,126.5422,45.755,哈尔滨市,岭北,,24,12,26,12,15,105,76,61,61,5,11,9,10,0.5,0.4
2023-04-23T09:00:00,1130A,126.561,45.8167,哈尔滨市,松北商大,,23,16,24,11,12,105,72,61,60,9,14,5,5,0.6,0.5
2023-04-23T09:00:00,1131A,126.979,45.5419,哈尔滨市,阿城会宁,,37,37,52,13,26,102,71,44,29,14,21,4,6,0.6,0.6
2023-04-23T09:00:00,1132A,126.599,45.7222,哈尔滨市,南岗学府路,,22,22,31,7,9,98,70,60,60,6,9,5,6,0.5,0.5
2023-04-23T09:00:00,1133A,126.689,45.7733,哈尔滨市,太平宏伟公园,,28,28,32,9,12,99,69,64,62,11,13,5,5,0.4,0.4
2023-04-23T09:00:00,1134A,126.635,45.7667,哈尔滨市,道外承德广场,,23,23,26,10,13,96,67,61,61,12,13,7,7,0.3,0.2
2023-04-23T09:00:00,1135A,126.685,45.7319,哈尔滨市,香坊红旗大街,,36,36,29,12,14,104,77,68,68,12,11,8,8,0.4,0.4
2023-04-23T09:00:00,1136A,126.6411,45.7258,哈尔滨市,动力和平路,,22,9,27,3,12,101,70,59,59,12,17,7,8,0.8,0.7
2023-04-23T09:00:00,1137A,126.593,45.7478,哈尔滨市,道里建国路,,32,32,27,9,12,97,67,50,50,13,19,8,9,0.5,0.5
2023-04-23T09:00:00,1138A,126.615,45.61,哈尔滨市,平房东轻厂,,23,16,36,14,16,100,72,44,44,12,22,6,6,0.3,0.4
2023-04-23T09:00:00,1139A,126.595,45.9855,哈尔滨市,呼兰师专,,28,28,31,14,14,95,73,53,53,8,12,5,5,0.5,0.5
2023-04-23T09:00:00,1140A,126.6206,45.6842,哈尔滨市,省农科院,,24,22,28,10,14,104,75,64,64,9,14,10,9,0.4,0.4
2023-04-23T09:00:00,1141A,121.4,31.238,上海市,普陀,颗粒物(PM10),94,138,127,27,24,122,86,96,92,17,17,4,5,0.5,0.5
2023-04-23T09:00:00,1142A,121.478,31.2036,上海市,十五厂,颗粒物(PM10),98,146,146,23,28,112,80,88,84,19,21,7,7,0.6,0.6
2023-04-23T09:00:00,1143A,121.467,31.3008,上海市,虹口,颗粒物(PM10),91,132,129,32,32,113,79,89,86,16,15,7,9,0.6,0.5
2023-04-23T09:00:00,1144A,121.412,31.1654,上海市,徐汇上师大,颗粒物(PM10),90,130,124,33,30,114,92,97,95,19,21,7,7,0.6,0.5
2023-04-23T09:00:00,1145A,121.536,31.2659,上海市,杨浦四漂,颗粒物(PM10),93,136,136,28,26,118,83,85,85,22,22,6,7,0.6,0.5
2023-04-23T09:00:00,1147A,121.425,31.2261,上海市,静安监测站,颗粒物(PM10),92,134,132,33,30,117,80,86,84,19,20,5,7,0.5,0.5
2023-04-23T09:00:00,1148A,121.703,31.1907,上海市,浦东川沙,颗粒物(PM10),96,142,142,32,31,105,84,88,86,7,8,5,6,0.6,0.6
2023-04-23T09:00:00,1149A,121.533,31.2284,上海市,浦东新区监测站,颗粒物(PM10),94,137,136,26,24,114,92,96,93,8,10,6,7,0.4,0.3
2023-04-23T09:00:00,1150A,121.577,31.2071,上海市,浦东张江,颗粒物(PM10),98,145,139,30,31,110,90,97,94,15,15,4,4,0.6,0.6
2023-04-23T09:00:00,1151A,118.8086,32.1065,南京市,迈皋桥,颗粒物(PM10),62,73,75,27,19,108,64,69,63,23,21,4,5,0.2,0.2
2023-04-23T09:00:00,1152A,118.7538,32.0551,南京市,草场门,颗粒物(PM10),57,63,73,29,20,104,69,76,68,16,21,3,5,0.5,0.4
2023-04-23T09:00:00,1153A,118.7794,32.0745,南京市,山西路,颗粒物(PM10),57,63,78,29,20,104,74,78,70,9,15,4,4,0.2,0.2
2023-04-23T09:00:00,1154A,118.7752,32.0023,南京市,中华门,颗粒物(PM10),52,53,69,24,17,102,72,77,68,19,24,4,4,0.5,0.5
2023-04-23T09:00:00,1155A,118.8109,32.0309,南京市,瑞金路,颗粒物(PM10),64,78,78,29,20,105,64,77,65,13,16,4,5,0.4,0.3
2023-04-23T09:00:00,1156A,118.7997,32.0754,南京市,玄武湖,颗粒物(PM10),62,73,71,25,20,93,56,67,58,15,20,5,7,0.2,0.2
2023-04-23T09:00:00,1157A,118.6414,32.0931,南京市,浦口,颗粒物(PM10),64,78,73,36,20,112,64,82,68,26,21,4,6,0.4,0.4
2023-04-23T09:00:00,1158A,118.7356,31.9996,南京市,奥体中心,颗粒物(PM10),63,76,77,34,23,107,72,81,70,17,18,5,7,0.3,0.3
2023-04-23T09:00:00,1159A,118.9125,32.1028,南京市,仙林大学城,颗粒物(PM10),57,63,73,29,19,113,74,73,67,11,17,6,8,0.5,0.5
2023-04-23T09:00:00,1160A,120.561,31.2472,苏州市,上方山,颗粒物(PM10),71,91,120,38,31,102,64,72,67,20,18,7,7,0.4,0.4
2023-04-23T09:00:00,1162A,120.591,31.3019,苏州市,彩香,颗粒物(PM10),87,124,126,34,32,131,82,85,83,16,11,5,6,0.6,0.5
2023-04-23T09:00:00,1163A,120.596,31.3264,苏州市,轧钢厂,颗粒物(PM10),90,130,132,33,31,122,70,80,74,14,7,8,8,0.6,0.5
2023-04-23T09:00:00,1164A,120.613,31.2703,苏州市,吴中区,颗粒物(PM10),90,130,130,31,33,124,83,86,82,17,18,8,8,0.5,0.5
2023-04-23T09:00:00,1165A,120.543,31.2994,苏州市,苏州新区,颗粒物(PM10),87,123,124,32,31,127,75,81,78,16,12,6,6,0.4,0.4
2023-04-23T09:00:00,1166A,120.669,31.3097,苏州市,苏州工业园区,颗粒物(PM10),93,135,130,34,35,118,74,78,75,15,13,8,8,0.6,0.5
2023-04-23T09:00:00,1167A,120.641,31.3708,苏州市,相城区,颗粒物(PM10),94,137,123,32,30,125,81,78,77,5,7,6,7,0.4,0.5
2023-04-23T09:00:00,1168A,120.9098,31.9663,南通市,狼山街道,颗粒物(PM10),90,130,118,34,26,120,96,92,92,9,8,6,6,0.3,0.3
2023-04-23T09:00:00,1169A,120.86,32.0005,南通市,虹桥,颗粒物(PM10),90,130,115,34,27,122,101,97,97,14,13,6,6,0.5,0.4
2023-04-23T09:00:00,1170A,120.87,32.02,南通市,城中,,,124,106,40,28,125,,88,88,12,11,8,8,0.3,0.3
2023-04-23T09:00:00,1171A,120.94,31.93,南通市,星湖花园,颗粒物(PM10),88,126,115,31,26,115,87,86,86,14,11,7,6,0.5,0.3
2023-04-23T09:00:00,1172A,120.81,32.0417,南通市,紫琅学院,颗粒物(PM10),90,130,117,31,25,107,81,79,79,13,13,5,6,0.4,0.4
2023-04-23T09:00:00,1173A,119.176,34.5885,连云港市,市环境监测站,颗粒物(PM10),82,114,69,36,21,99,99,93,86,11,16,5,6,0.4,0.5
2023-04-23T09:00:00,1177A,117.179,34.2761,徐州市,黄河新村,,36,31,64,25,29,77,55,65,59,25,23,5,7,0.7,0.6
2023-04-23T09:00:00,1178A,117.1918,34.2384,徐州市,淮塔,,39,33,65,27,29,80,63,63,63,15,20,7,9,1.0,0.9
2023-04-23T09:00:00,1180A,117.256,34.2153,徐州市,新城区,,42,0,57,29,32,78,64,64,63,14,22,8,10,0.6,0.6
2023-04-23T09:00:00,1181A,117.244,34.2911,徐州市,桃园路,,32,31,62,22,24,75,55,59,58,19,20,6,8,0.7,0.7
2023-04-23T09:00:00,1182A,117.2933,34.2778,徐州市,农科院,,22,22,55,12,21,78,63,66,66,17,23,5,7,0.7,0.7
2023-04-23T09:00:00,1186A,119.389,32.3761,扬州市,邗江监测站,颗粒物(PM10),53,56,76,27,24,119,80,86,75,17,15,4,5,0.3,0.3
2023-04-23T09:00:00,1188A,120.269,31.4867,无锡市,雪浪,颗粒物(PM10),68,85,112,24,26,121,77,72,72,18,20,7,8,0.6,0.6
2023-04-23T09:00:00,1189A,120.275,31.6219,无锡市,黄巷,颗粒物(PM10),89,127,124,31,27,126,78,79,79,20,17,4,5,0.6,0.6
2023-04-23T09:00:00,1190A,120.294,31.56,无锡市,曹张,颗粒物(PM10),69,88,102,29,26,119,79,76,76,14,18,4,6,0.6,0.6
2023-04-23T09:00:00,1191A,120.242,31.5031,无锡市,漆塘,颗粒物(PM10),69,88,110,24,26,153,79,72,72,17,18,5,7,0.3,0.3
2023-04-23T09:00:00,1192A,120.3489,31.5863,无锡市,东亭,颗粒物(PM10),75,100,106,24,28,120,78,76,76,12,12,8,9,0.7,0.7
2023-04-23T09:00:00,1193A,120.354,31.5475,无锡市,旺庄,颗粒物(PM10),70,90,110,24,25,122,68,70,70,24,20,9,10,0.8,0.8
2023-04-23T09:00:00,1194A,120.245,31.5631,无锡市,荣巷,颗粒物(PM10),67,83,103,22,28,120,85,79,79,17,19,10,11,0,0.1
2023-04-23T09:00:00,1195A,120.299,31.6817,无锡市,堰桥,颗粒物(PM10),71,92,112,29,26,128,86,82,82,14,15,6,8,0.5,0.5
2023-04-23T09:00:00,1196A,119.9633,31.762,常州市,市监测站,颗粒物(PM10),71,92,110,26,28,108,86,73,73,14,23,5,7,0.6,0.6
2023-04-23T09:00:00,1200A,119.9468,31.7069,常州市,武进监测站,颗粒物(PM10),73,96,106,26,27,114,81,75,75,18,24,8,10,0.5,0.7
2023-04-23T09:00:00,1201A,119.9255,31.9087,常州市,安家,颗粒物(PM10),72,93,101,31,28,116,87,69,69,16,22,5,6,0.3,0.4
2023-04-23T09:00:00,1203A,119.6707,32.1875,镇江市,新区办事处,颗粒物(PM10),77,104,92,30,25,126,84,86,81,12,9,4,4,0.4,0.3
2023-04-23T09:00:00,1204A,119.4974,32.1968,镇江市,职教中心,颗粒物(PM10),71,91,85,30,25,106,83,91,78,13,15,2,4,0.3,0.4
2023-04-23T09:00:00,1205A,119.4303,32.1328,镇江市,丹徒区监测站,颗粒物(PM10),75,100,92,34,27,120,78,87,76,14,13,1,2,0.3,0.3
2023-04-23T09:00:00,1206A,119.905,32.4878,泰州市,公园路,颗粒物(PM10),54,58,73,29,26,120,95,85,83,8,10,7,8,0.4,0.3
2023-04-23T09:00:00,1207A,119.9189,32.4625,泰州市,莲花,颗粒物(PM10),58,66,75,34,26,124,99,89,87,12,12,7,7,0.3,0.3
2023-04-23T09:00:00,1209A,119.888,32.4639,泰州市,留学生创业园,颗粒物(PM10),66,81,88,26,22,117,94,85,83,4,7,5,6,0.4,0.3
2023-04-23T09:00:00,1210A,119.036,33.5981,淮安市,钵池山,颗粒物(PM10),78,105,65,34,22,95,91,79,72,14,18,7,8,0.5,0.5
2023-04-23T09:00:00,1211A,119.007,33.575,淮安市,北京南路,颗粒物(PM10),81,112,68,38,23,94,88,76,70,15,18,8,9,0.4,0.4
2023-04-23T09:00:00,1212A,118.989,33.6067,淮安市,市监测站,,,117,72,39,17,100,99,85,76,,18,6,7,0.4,0.3
2023-04-23T09:00:00,1213A,119.135,33.5039,淮安市,楚州区监测站,颗粒物(PM10),79,107,69,26,22,98,88,78,72,12,15,7,8,0.4,0.4
2023-04-23T09:00:00,1214A,119.0186,33.6297,淮安市,淮阴区监测站,颗粒物(PM10),82,114,74,40,23,93,92,82,71,12,20,7,8,0.3,0.3
2023-04-23T09:00:00,1215A,120.118,33.4022,盐城市,盐城电厂,颗粒物(PM10),84,117,85,40,23,116,103,94,94,10,10,4,5,0.3,0.3
2023-04-23T09:00:00,1216A,120.156,33.3942,盐城市,市监测站,颗粒物(PM10),85,120,79,33,20,109,92,84,84,11,10,4,5,0.3,0.3
2023-04-23T09:00:00,1218A,120.2144,33.38,盐城市,开发区管委会,颗粒物(PM10),86,122,86,28,20,117,93,90,90,10,11,4,5,0.2,0.2
2023-04-23T09:00:00,1220A,118.293,33.9528,宿迁市,宿迁学院,颗粒物(PM10),53,55,73,35,28,94,51,90,70,26,21,4,5,0.7,0.5
2023-04-23T09:00:00,1221A,118.2442,33.9592,宿迁市,宿迁中学,,45,45,68,30,26,92,49,88,72,22,19,6,7,0.8,0.6
2023-04-23T09:00:00,1223A,120.2072,30.2111,杭州市,滨江,颗粒物(PM10),94,138,133,24,28,155,59,82,64,33,30,8,8,0.5,0.4
2023-04-23T09:00:00,1224A,120.0633,30.2747,杭州市,西溪,颗粒物(PM10),86,122,123,29,23,150,57,86,68,25,26,6,7,0.6,0.5
2023-04-23T09:00:00,1226A,120.3461,30.3153,杭州市,下沙,颗粒物(PM10),78,105,119,33,30,162,77,85,79,17,20,5,6,0.4,0.4
2023-04-23T09:00:00,1227A,120.1269,30.2456,杭州市,卧龙桥,颗粒物(PM10),77,103,109,34,32,162,67,89,72,23,21,3,7,0.4,0.4
2023-04-23T09:00:00,1228A,120.1903,30.2692,杭州市,浙江农大,颗粒物(PM10),68,86,104,30,29,152,66,84,71,22,23,3,4,0.5,0.5
2023-04-23T09:00:00,1230A,120.1197,30.3119,杭州市,和睦小学,颗粒物(PM10),82,114,110,39,28,144,57,82,66,29,26,5,6,0.6,0.6
2023-04-23T09:00:00,1231A,120.3019,30.4183,杭州市,临平镇,颗粒物(PM10),79,107,122,33,31,173,67,93,84,19,14,3,5,0.4,0.4
2023-04-23T09:00:00,1232A,120.2697,30.1819,杭州市,城厢镇,颗粒物(PM10),95,139,121,40,37,149,64,71,64,30,29,7,8,0.5,0.4
2023-04-23T09:00:00,1233A,120.0883,30.1808,杭州市,云栖,颗粒物(PM10),84,118,114,36,27,149,54,82,64,28,26,6,7,0.5,0.5
2023-04-23T09:00:00,1234A,121.8358,29.911,宁波市,区环保大楼,颗粒物(PM10),64,78,88,27,32,136,68,74,71,33,30,4,6,0.4,0.5
2023-04-23T09:00:00,1235A,121.56,29.82,宁波市,万里学院,颗粒物(PM10),74,98,111,29,30,158,82,70,70,20,29,3,4,0.4,0.5
2023-04-23T09:00:00,1236A,121.713,29.9572,宁波市,龙赛医院,颗粒物(PM10),74,97,119,23,25,117,68,64,54,29,28,5,7,0.3,0.3
2023-04-23T09:00:00,1239A,121.633,29.7733,宁波市,钱湖水厂,颗粒物(PM10),80,110,96,37,28,147,61,71,71,27,16,4,5,0.3,0.4
2023-04-23T09:00:00,1240A,121.5856,29.8635,宁波市,太古小学,颗粒物(PM10),73,95,104,31,27,144,66,74,74,33,27,8,8,0.6,0.5
2023-04-23T09:00:00,1241A,121.524,29.8674,宁波市,市环境监测中心,颗粒物(PM10),80,109,113,23,23,156,70,69,69,30,26,7,8,0.5,0.4
2023-04-23T09:00:00,1242A,120.634,28.0089,温州市,瓯海,颗粒物(PM10),62,73,76,41,28,142,32,80,48,44,30,6,7,0.5,0.5
2023-04-23T09:00:00,1243A,120.6748,27.9939,温州市,南浦,颗粒物(PM10),65,80,69,35,28,153,60,96,76,28,21,5,5,0.4,0.3
2023-04-23T09:00:00,1244A,120.76,27.9747,温州市,龙湾,颗粒物(PM10),69,88,69,32,22,149,65,101,77,26,22,6,7,0.4,0.4
2023-04-23T09:00:00,1245A,120.6709,28.0167,温州市,市站,颗粒物(PM10),73,96,75,37,28,127,58,90,79,49,43,5,6,0.5,0.4
2023-04-23T09:00:00,1247A,120.6053,29.9928,绍兴市,城东开发委,颗粒物(PM10),87,123,110,37,32,151,56,70,53,29,23,7,9,0.6,0.5
2023-04-23T09:00:00,1250A,120.0751,30.8669,湖州市,城西水厂,颗粒物(PM10),67,84,109,33,31,123,76,73,73,17,19,5,6,0.3,0.3
2023-04-23T09:00:00,1252A,120.7436,30.778,嘉兴市,清河小学,颗粒物(PM10),69,88,125,20,27,144,73,77,74,20,23,4,5,0.5,0.4
2023-04-23T09:00:00,1253A,120.726,30.7478,嘉兴市,嘉兴学院,颗粒物(PM10),66,82,121,22,27,155,70,85,78,20,19,4,5,0.3,0.3
2023-04-23T09:00:00,1255A,121.273,28.6459,台州市,黄岩环保大楼,颗粒物(PM10),101,151,97,33,21,143,73,93,82,19,17,5,6,0.4,0.3
2023-04-23T09:00:00,1256A,121.419,28.6542,台州市,台州环保大楼,颗粒物(PM10),91,132,99,34,21,145,78,101,92,12,13,6,6,0.4,0.3
2023-04-23T09:00:00,1257A,121.377,28.5773,台州市,路桥田洋王,颗粒物(PM10),104,158,106,42,29,149,71,96,85,20,16,6,6,0.2,0.2
2023-04-23T09:00:00,1258A,122.122,30.0203,舟山市,定海檀枫,颗粒物(PM10),70,90,107,23,26,118,82,86,83,16,12,5,5,0.3,0.3
2023-04-23T09:00:00,1259A,122.3094,29.9558,舟山市,普陀东港,颗粒物(PM10),72,94,118,28,34,114,82,91,87,13,10,6,5,0.3,0.3
2023-04-23T09:00:00,1260A,122.19,29.9944,舟山市,临城新区,颗粒物(PM10),72,94,124,24,29,117,89,94,92,12,12,5,5,0.3,0.3
2023-04-23T09:00:00,1262A,119.647,29.077,金华市,十五中,"颗粒物(PM10),细颗粒物(PM2.5)",58,66,95,41,33,99,55,73,68,40,34,7,8,0.5,0.5
2023-04-23T09:00:00,1263A,119.686,29.1029,金华市,监测站,颗粒物(PM10),54,58,83,33,37,99,55,68,66,38,36,7,9,0.5,0.5
2023-04-23T09:00:00,1264A,118.8692,28.9398,衢州市,环保大楼,颗粒物(PM10),52,54,64,33,24,96,65,67,67,28,25,5,5,0.6,0.5
2023-04-23T09:00:00,1265A,118.8709,28.9666,衢州市,实验学校,颗粒物(PM10),56,61,63,36,25,96,64,70,67,25,22,6,5,0.6,0.6
2023-04-23T09:00:00,1266A,118.8621,28.9808,衢州市,衢州学院,颗粒物(PM10),53,55,59,36,25,96,65,72,69,20,21,4,5,0.5,0.5
2023-04-23T09:00:00,1267A,119.914,28.4514,丽水市,监测站大楼,,39,39,56,18,26,136,91,108,101,15,12,5,5,0.4,0.4
2023-04-23T09:00:00,1268A,119.93,28.4586,丽水市,莲都小学,,50,50,61,16,21,146,92,118,109,18,13,5,5,0.4,0.4
2023-04-23T09:00:00,1269A,119.879,28.4231,丽水市,余庄前,,43,43,54,24,28,133,85,98,93,11,13,6,6,0.4,0.4
2023-04-23T09:00:00,1270A,117.1959,31.7848,合肥市,明珠广场,,18,14,62,12,19,88,50,83,69,21,23,3,5,0.6,0.5
2023-04-23T09:00:00,1271A,117.3072,31.8764,合肥市,三里街,,20,14,56,14,19,85,46,74,62,26,25,4,6,0.6,0.5
2023-04-23T09:00:00,1272A,117.2588,31.8707,合肥市,琥珀山庄,,28,22,57,19,21,91,52,77,69,18,15,4,4,0.7,0.5
2023-04-23T09:00:00,1273A,117.1604,31.9052,合肥市,董铺水库,,25,19,61,17,16,90,55,77,68,12,11,3,4,0.3,0.3
2023-04-23T09:00:00,1274A,117.25,31.8571,合肥市,长江中路,,22,22,66,15,24,92,52,76,68,14,15,7,9,0.4,0.4
2023-04-23T09:00:00,1275A,117.266,31.9436,合肥市,庐阳区,,29,29,63,12,17,89,51,75,66,15,14,1,3,0.4,0.4
2023-04-23T09:00:00,1276A,117.336,31.8586,合肥市,瑶海区,,22,22,63,9,16,90,46,78,65,18,12,5,7,0.4,0.3
2023-04-23T09:00:00,1277A,117.3027,31.7964,合肥市,包河区,,27,27,64,9,20,78,28,74,57,37,26,3,2,0.2,0.2
2023-04-23T09:00:00,1278A,117.2776,31.7385,合肥市,滨湖新区,,45,14,63,31,18,87,46,79,61,26,21,5,6,0.6,0.6
2023-04-23T09:00:00,1279A,117.1318,31.8403,合肥市,高新区,,28,24,62,19,18,84,52,77,68,20,22,5,7,0.6,0.5
2023-04-23T09:00:00,1280A,119.3903,26.0543,福州市,鼓山,,,33,40,29,21,,,,,15,15,2,3,,
2023-04-23T09:00:00,1282A,119.2681,26.0504,福州市,师大,细颗粒物(PM2.5),60,66,74,43,33,125,45,105,70,34,20,5,6,0.4,0.4
2023-04-23T09:00:00,1283A,119.2984,26.1028,福州市,五四北路,细颗粒物(PM2.5),64,71,71,46,34,119,48,100,68,33,22,3,3,0.4,0.4
2023-04-23T09:00:00,1284A,119.2648,26.0768,福州市,杨桥西路,细颗粒物(PM2.5),58,62,73,41,32,117,56,95,67,26,18,3,4,0.3,0.3
2023-04-23T09:00:00,1285A,119.317,26.0746,福州市,紫阳,细颗粒物(PM2.5),63,71,76,45,33,116,56,90,68,26,20,3,3,0.5,0.4
2023-04-23T09:00:00,1286A,118.1608,24.8169,厦门市,溪东,,,61,60,26,27,,,,,17,10,12,9,,
2023-04-23T09:00:00,1287A,118.1514,24.4767,厦门市,洪文,颗粒物(PM10),57,64,76,27,30,142,66,76,64,13,10,1,3,0.3,0.3
2023-04-23T09:00:00,1288A,118.0661,24.4444,厦门市,鼓浪屿,颗粒物(PM10),55,60,73,23,29,155,91,98,87,11,13,1,2,0.1,0.1
2023-04-23T09:00:00,1290A,115.8931,28.6843,南昌市,省外办,,41,41,35,18,16,77,64,70,70,15,18,4,4,0.3,0.3
2023-04-23T09:00:00,1291A,115.8886,28.7003,南昌市,省林业公司,,35,19,15,24,15,73,63,68,68,7,14,4,4,0.4,0.4
2023-04-23T09:00:00,1292A,115.8126,28.7442,南昌市,林科所,,20,9,11,9,7,79,62,74,73,16,18,8,8,0.5,0.5
2023-04-23T09:00:00,1294A,115.8518,28.687,南昌市,建工学校,,33,31,33,23,14,80,61,72,71,19,18,7,6,0.4,0.4
2023-04-23T09:00:00,1295A,115.8921,28.6424,南昌市,象湖,,38,38,27,21,14,75,63,69,69,16,18,4,5,0.5,0.5
2023-04-23T09:00:00,1296A,115.7423,28.7996,南昌市,武术学校,,20,18,19,8,11,78,63,73,72,6,9,3,5,0.6,0.6
2023-04-23T09:00:00,1298A,115.9314,28.6842,南昌市,省站,,41,41,35,15,14,78,63,71,71,11,14,6,6,0.6,0.6
2023-04-23T09:00:00,1299A,116.9862,36.6114,济南市,科干所,,46,46,34,24,21,81,55,63,62,31,22,7,7,0.5,0.4
2023-04-23T09:00:00,1300A,116.9376,36.665,济南市,农科所,,39,39,36,22,18,86,52,52,52,27,25,3,2,0.3,0.2
2023-04-23T09:00:00,1301A,117.1265,36.6734,济南市,开发区,,49,49,39,27,21,86,49,65,59,32,23,8,8,0.5,0.4
2023-04-23T09:00:00,1303A,117.0624,36.6868,济南市,省种子仓库,,42,41,41,29,26,89,53,54,54,22,20,8,7,0.5,0.4
2023-04-23T09:00:00,1304A,116.9489,36.6447,济南市,机床二厂,,46,46,34,24,19,82,51,57,55,23,19,4,3,0.4,0.4
2023-04-23T09:00:00,1305A,117.0495,36.663,济南市,市监测站,,49,49,38,20,20,89,52,68,62,36,26,7,7,0.6,0.5
2023-04-23T09:00:00,1306A,116.7675,36.5484,济南市,长清党校,,39,37,34,27,20,88,62,57,57,25,27,8,8,0.6,0.5
2023-04-23T09:00:00,1307A,120.6659,36.2403,青岛市,仰口,,48,48,52,14,19,101,97,81,76,3,8,6,5,0.2,0.2
2023-04-23T09:00:00,1310A,120.4134,36.0658,青岛市,市南区东部子站,,,53,58,14,16,109,101,90,90,19,22,,5,0.4,0.4
2023-04-23T09:00:00,1311A,120.3664,36.1032,青岛市,四方区子站,,48,48,60,14,18,91,71,68,67,42,31,6,7,0.6,0.6
2023-04-23T09:00:00,1312A,120.2994,36.054,青岛市,市南区西部子站,颗粒物(PM10),56,61,64,17,14,106,93,84,84,32,27,4,5,0.5,0.5
2023-04-23T09:00:00,1313A,120.4581,36.0858,青岛市,崂山区子站,,,,66,,18,120,115,96,96,3,12,5,7,0.3,0.4
2023-04-23T09:00:00,1314A,120.1983,35.9608,青岛市,黄岛区子站,颗粒物(PM10),53,56,62,24,22,104,104,70,44,14,44,4,7,0.3,0.4
2023-04-23T09:00:00,1315A,120.3999,36.3083,青岛市,城阳区子站,颗粒物(PM10),52,53,57,15,15,114,93,75,75,29,21,4,5,0.4,0.5
2023-04-23T09:00:00,1316A,113.69031,34.76122,郑州市,烟厂,,22,19,15,15,16,85,66,79,74,18,16,5,4,0.7,0.4
2023-04-23T09:00:00,1317A,113.65724,34.77134,郑州市,郑纺机,,20,17,15,14,14,91,61,82,78,22,13,4,3,0.8,0.5
2023-04-23T09:00:00,1318A,113.67526,34.80246,郑州市,银行学校,,21,14,14,12,15,83,66,76,74,13,13,5,5,0.7,0.5
2023-04-23T09:00:00,1319A,113.56746,34.81334,郑州市,供水公司,,22,12,16,11,14,87,69,79,78,6,5,6,6,0.6,0.4
2023-04-23T09:00:00,1320A,113.7329,34.7178,郑州市,经开区管委,,26,16,15,18,18,90,69,84,80,15,13,1,1,0.8,0.6
2023-04-23T09:00:00,1321A,113.73961,34.77172,郑州市,四十七中,,22,18,18,15,12,87,66,83,76,16,12,4,4,0.7,0.5
2023-04-23T09:00:00,1322A,113.60532,34.74838,郑州市,市监测站,,23,16,16,15,16,97,73,87,83,13,13,5,4,0.5,0.3
2023-04-23T09:00:00,1323A,113.64164,34.7525,郑州市,河医大,,26,21,18,18,15,87,53,80,72,26,18,6,5,0.7,0.5
2023-04-23T09:00:00,1324A,113.51488,34.91089,郑州市,岗李水库,,21,9,20,6,15,78,66,70,70,16,17,6,6,0.7,0.6
2023-04-23T09:00:00,1325A,114.3677,30.5584,武汉市,东湖梨园,,20,14,21,10,14,77,61,57,57,19,19,6,6,0.3,0.3
2023-04-23T09:00:00,1326A,114.2529,30.558,武汉市,汉阳月湖,,18,14,23,12,14,54,53,47,47,18,20,6,6,0.4,0.4
2023-04-23T09:00:00,1327A,114.282,30.6189,武汉市,汉口花桥,,19,14,22,12,13,69,59,56,56,16,16,6,6,0.6,0.5
2023-04-23T09:00:00,1328A,114.3025,30.5332,武汉市,武昌紫阳,,18,16,24,6,8,69,56,52,52,20,18,5,4,0.5,0.5
2023-04-23T09:00:00,1329A,114.3646,30.6217,武汉市,青山钢花,,19,16,24,12,19,75,59,58,58,15,13,5,5,0.5,0.5
2023-04-23T09:00:00,1330A,114.1566,30.4825,武汉市,沌口新区,,18,12,24,12,19,57,47,47,47,17,18,6,7,0.6,0.6
2023-04-23T09:00:00,1331A,114.3014,30.5944,武汉市,汉口江滩,,20,19,22,11,12,71,62,57,57,17,19,6,5,0.5,0.5
2023-04-23T09:00:00,1333A,114.135,30.6319,武汉市,吴家山,,34,34,22,5,11,74,61,59,59,16,15,5,5,0.5,0.4
2023-04-23T09:00:00,1334A,113.8454,30.2917,武汉市,沉湖七壕,,20,12,18,4,8,69,64,54,54,6,10,9,10,0.4,0.4
2023-04-23T09:00:00,1335A,113.0833,28.2325,长沙市,经开区环保局,,12,12,13,2,3,55,30,48,34,17,12,2,2,0.7,0.5
2023-04-23T09:00:00,1336A,112.8872,28.2189,长沙市,高开区环保局,,14,8,7,7,8,63,42,46,45,7,6,5,5,0.5,0.4
2023-04-23T09:00:00,1337A,113.0792,28.2053,长沙市,马坡岭,,10,8,9,1,1,55,29,44,33,20,16,3,3,0.4,0.3
2023-04-23T09:00:00,1338A,112.9394,28.19,长沙市,湖南师范大学,,14,6,8,5,4,64,43,45,45,13,10,5,6,0.4,0.4
2023-04-23T09:00:00,1339A,113.0178,28.1322,长沙市,雨花区环保局,,10,6,11,6,9,54,31,36,34,12,8,4,4,0.3,0.2
2023-04-23T09:00:00,1340A,112.9792,28.2597,长沙市,伍家岭,,12,8,6,2,2,58,37,37,37,11,9,3,3,0.4,0.3
2023-04-23T09:00:00,1341A,113.0014,28.1944,长沙市,火车新站,,16,6,8,11,10,58,36,39,38,8,6,4,4,0.6,0.5
2023-04-23T09:00:00,1342A,112.9844,28.1178,长沙市,天心区环保局,,12,12,13,2,2,57,32,37,36,10,7,1,1,0.5,0.4
2023-04-23T09:00:00,1343A,112.8908,28.1308,长沙市,湖南中医药大学,,13,11,14,9,8,59,39,42,41,14,13,2,2,0.6,0.6
2023-04-23T09:00:00,1344A,112.9581,28.3611,长沙市,沙坪,,13,8,9,7,9,63,40,42,41,12,11,1,1,0.3,0.2
2023-04-23T09:00:00,1345A,113.2347,23.1423,广州市,广雅中学,,45,45,41,25,24,122,39,56,49,34,30,3,4,0.7,0.7
2023-04-23T09:00:00,1346A,113.2612,23.105,广州市,市五中,,45,45,44,25,26,127,41,60,52,33,29,6,7,0.7,0.7
2023-04-23T09:00:00,1348A,113.3478,23.0916,广州市,广东商学院,,45,45,42,24,22,124,29,52,39,35,27,5,5,0.7,0.7
2023-04-23T09:00:00,1349A,113.4332,23.1047,广州市,市八十六中,,43,43,40,24,23,102,31,51,45,36,30,4,6,0.5,0.4
2023-04-23T09:00:00,1350A,113.3505,22.9483,广州市,番禺中学,,39,39,38,20,22,104,50,60,51,31,27,6,7,0.7,0.7
2023-04-23T09:00:00,1351A,113.2146,23.3916,广州市,花都师范,颗粒物(PM10),51,51,47,25,23,105,23,51,42,36,31,5,6,0.8,0.7
2023-04-23T09:00:00,1352A,113.2597,23.1331,广州市,市监测站,,46,46,41,25,23,126,36,59,45,36,28,6,6,1.0,0.9
2023-04-23T09:00:00,1353A,113.5618,23.312,广州市,九龙镇镇龙,颗粒物(PM10),53,56,46,26,24,119,32,56,50,37,24,5,5,0.6,0.6
2023-04-23T09:00:00,1354A,113.2765,23.1544,广州市,麓湖,,46,46,41,26,23,129,41,63,50,30,24,6,7,0.7,0.7
2023-04-23T09:00:00,1355A,113.443,23.3035,广州市,帽峰山森林公园,,42,42,37,23,19,123,52,67,61,16,17,1,1,0.6,0.6
2023-04-23T09:00:00,1356A,114.1063,22.5545,深圳市,通心岭子站,,35,35,41,17,20,104,79,93,83,6,6,4,4,0.5,0.5
2023-04-23T09:00:00,1357A,114.117,22.5625,深圳市,洪湖,,39,39,42,18,21,116,91,106,94,10,10,8,8,0.5,0.5
2023-04-23T09:00:00,1358A,113.987,22.5417,深圳市,华侨城,,37,37,39,18,20,117,84,103,90,11,9,5,5,0.6,0.6
2023-04-23T09:00:00,1359A,113.9181,22.5171,深圳市,南海子站,,45,45,50,15,20,112,86,99,89,13,13,4,4,0.6,0.5
2023-04-23T09:00:00,1360A,114.2458,22.5689,深圳市,盐田,颗粒物(PM10),52,54,45,25,23,102,77,95,82,13,22,5,6,0.6,0.6
2023-04-23T09:00:00,1361A,114.2283,22.7244,深圳市,龙岗,,36,36,38,16,18,98,74,89,78,13,10,2,2,0.6,0.6
2023-04-23T09:00:00,1363A,114.494,22.5422,深圳市,南澳,,33,33,37,15,19,125,85,101,96,9,7,7,7,0.5,0.4
2023-04-23T09:00:00,1364A,114.41,22.6342,深圳市,葵涌,,40,40,38,19,20,112,80,102,90,11,6,6,6,0.7,0.6
2023-04-23T09:00:00,1365A,114.297,22.5978,深圳市,梅沙,颗粒物(PM10),51,51,51,21,22,118,79,105,94,11,8,4,4,0.7,0.7
2023-04-23T09:00:00,1366A,114.0678,22.738,深圳市,观澜,,50,50,46,19,20,88,58,88,70,23,17,9,9,0.6,0.6
2023-04-23T09:00:00,1367A,113.5814,22.2618,珠海市,吉大,颗粒物(PM10),52,54,47,20,20,115,94,114,94,8,14,5,6,0.5,0.5
2023-04-23T09:00:00,1368A,113.4881,22.2335,珠海市,前山,,50,50,64,18,36,119,80,110,86,22,16,3,4,0.4,0.3
2023-04-23T09:00:00,1369A,113.628,22.4251,珠海市,唐家,颗粒物(PM10),51,51,47,18,19,103,85,103,82,17,21,4,4,0.4,0.4
2023-04-23T09:00:00,1370A,113.299,22.2281,珠海市,斗门,颗粒物(PM10),56,62,53,24,24,95,66,95,75,15,13,4,4,0.4,0.4
2023-04-23T09:00:00,1371A,113.1294,23.0067,佛山市,湾梁,,48,48,42,18,17,104,34,86,62,35,20,8,7,0.6,0.6
2023-04-23T09:00:00,1372A,113.1083,23.0478,佛山市,华材职中,,44,44,38,21,20,110,48,84,65,26,19,6,6,0.4,0.4
2023-04-23T09:00:00,1373A,113.144,23.0453,佛山市,南海气象局,,45,45,39,22,22,84,33,55,44,32,26,4,4,0.5,0.5
2023-04-23T09:00:00,1374A,113.2881,22.8094,佛山市,顺德苏岗,,38,38,33,22,21,86,46,68,51,20,20,8,8,0.6,0.6
2023-04-23T09:00:00,1376A,112.8383,22.8678,佛山市,高明孔堂,,36,36,45,15,19,94,31,62,54,30,18,2,3,0.6,0.5
2023-04-23T09:00:00,1377A,112.8836,23.1588,佛山市,三水监测站,颗粒物(PM10),57,63,45,22,23,91,25,58,36,32,24,4,4,0.5,0.6
2023-04-23T09:00:00,1378A,112.867,23.185,佛山市,三水云东海,颗粒物(PM10),55,59,48,20,21,68,31,58,41,38,35,2,3,0.4,0.4
2023-04-23T09:00:00,1379A,113.3769,22.5211,中山市,华柏园,,44,44,41,21,18,93,60,93,72,14,16,4,4,0.5,0.5
2023-04-23T09:00:00,1380A,113.3881,22.5497,中山市,张溪,,43,43,45,16,20,99,65,99,80,22,18,2,2,0.4,0.4
2023-04-23T09:00:00,1381A,113.4075,22.5111,中山市,紫马岭,,36,36,40,18,20,97,67,97,78,15,16,4,4,0.4,0.4
2023-04-23T09:00:00,1382A,113.4411,22.4853,中山市,长江旅游区,,,,41,,20,94,,93,81,,17,,7,,0.5
2023-04-23T09:00:00,1383A,113.1064,22.6058,江门市,北街,,50,50,43,15,17,88,48,74,59,10,15,4,5,0.4,0.4
2023-04-23T09:00:00,1384A,113.0731,22.5835,江门市,西区,颗粒物(PM10),53,55,45,20,22,88,43,71,62,25,19,5,6,0.7,0.5
2023-04-23T09:00:00,1385A,113.0219,22.5311,江门市,圭峰西,,48,48,47,19,19,94,48,84,68,18,16,8,8,0.8,0.5
2023-04-23T09:00:00,1386A,113.0828,22.5947,江门市,东湖,,50,50,46,19,22,85,48,72,59,18,16,6,7,0.7,0.6
2023-04-23T09:00:00,1389A,113.7547,23.0494,东莞市,莞城梨川,,37,37,36,19,20,115,65,86,74,20,16,7,7,0.7,0.6
2023-04-23T09:00:00,1390A,113.7944,23.0128,东莞市,东城石井,,33,33,35,17,20,117,71,92,77,15,13,9,8,0.6,0.6
2023-04-23T09:00:00,1391A,113.7383,22.9658,东莞市,南城西平,,,37,38,20,20,104,63,85,68,20,17,10,9,,0.5
2023-04-23T09:00:00,1392A,114.4183,23.0528,惠州市,河南岸金山湖子站,,48,48,36,17,17,92,71,77,73,11,8,4,4,0.4,0.4
2023-04-23T09:00:00,1393A,114.4053,23.0822,惠州市,下埔横江三路子站,,33,33,34,19,16,105,80,88,82,10,8,4,4,0.5,0.5
2023-04-23T09:00:00,1394A,114.4103,23.1142,惠州市,江北云山西路子站,,40,40,32,18,16,108,74,91,81,9,5,7,6,0.5,0.5
2023-04-23T09:00:00,1395A,114.4645,22.7833,惠州市,惠阳区承修路船湖子站,颗粒物(PM10),53,55,37,20,19,100,79,81,78,11,12,4,4,0.7,0.7
2023-04-23T09:00:00,1396A,114.5317,22.7422,惠州市,大亚湾管委会子站,,41,41,42,22,19,103,77,78,78,18,18,7,7,0.6,0.6
2023-04-23T09:00:00,1397A,112.4267,23.0706,肇庆市,睦岗子站,,22,22,41,12,19,97,40,54,49,24,22,7,8,0.5,0.4
2023-04-23T09:00:00,1398A,112.4645,23.0475,肇庆市,城中子站,,30,30,46,18,24,102,33,46,44,36,27,9,10,0.7,0.7
2023-04-23T09:00:00,1399A,112.5544,23.1522,肇庆市,坑口子站,,39,33,42,27,27,88,31,48,43,38,32,6,6,0.4,0.4
2023-04-23T09:00:00,1400A,112.4753,23.1,肇庆市,七星岩子站,,,,,,,,,,,,,,,,
2023-04-23T09:00:00,1401A,108.3103,22.7881,南宁市,二十一中,,41,41,54,25,30,94,36,82,55,15,11,5,5,0.8,0.8
2023-04-23T09:00:00,1402A,108.3141,22.8528,南宁市,北湖,颗粒物(PM10),53,55,58,27,31,82,26,75,48,16,11,6,7,0.8,0.8
2023-04-23T09:00:00,1403A,108.3206,22.8225,南宁市,市监测站,,39,39,51,27,29,84,34,77,55,22,19,6,6,0.8,0.8
2023-04-23T09:00:00,1404A,108.3829,22.8037,南宁市,大自然花园,,42,42,48,28,30,84,30,69,48,12,9,6,5,0.8,0.9
2023-04-23T09:00:00,1405A,108.4394,22.7904,南宁市,仙葫,,34,34,47,21,29,83,29,67,46,14,12,5,5,0.4,0.5
2023-04-23T09:00:00,1406A,108.2397,22.8467,南宁市,区农职院,,38,34,57,26,30,86,31,75,49,17,17,6,7,0.6,0.7
2023-04-23T09:00:00,1407A,108.3275,22.735,南宁市,英华嘉园,,48,48,55,26,31,84,27,64,44,18,16,6,6,0.7,0.8
2023-04-23T09:00:00,1408A,108.2257,22.7757,南宁市,沙井镇街道办,,48,47,59,33,36,78,24,58,35,26,22,4,5,0.9,0.9
2023-04-23T09:00:00,1409A,110.576,19.9507,海口市,东寨港,,,21,28,14,19,56,15,18,16,,,6,6,0.5,0.5
2023-04-23T09:00:00,1410A,110.3232,20.0574,海口市,海南大学,,32,31,37,22,22,96,40,39,39,5,5,5,5,0.4,0.4
2023-04-23T09:00:00,1411A,110.283,20.0053,海口市,秀英海南医院,,,30,17,17,24,34,34,32,32,8,10,4,4,,0.3
2023-04-23T09:00:00,1412A,110.338,19.9969,海口市,海南师范大学,,31,31,36,20,23,89,32,31,31,6,5,4,4,0,0.3
2023-04-23T09:00:00,1413A,110.33,20.0356,海口市,龙华路环保局宿舍,,31,31,34,19,21,66,24,25,25,7,6,5,5,0.5,0.6
2023-04-23T09:00:00,1414A,106.3787,29.8279,重庆市,缙云山,,10,7,7,5,5,50,32,46,37,6,7,6,6,0.4,0.4
2023-04-23T09:00:00,1416A,106.4213,29.8253,重庆市,天生,,22,7,11,15,13,41,14,32,27,20,11,5,5,0.9,0.8
2023-04-23T09:00:00,1417A,106.6263,29.7228,重庆市,两路,,18,17,17,12,10,41,11,20,15,28,23,5,4,0.8,0.7
2023-04-23T09:00:00,1418A,106.2953,29.5983,重庆市,虎溪,,16,16,17,5,6,49,22,32,28,18,14,9,5,0.6,0.6
2023-04-23T09:00:00,1419A,106.5777,29.5102,重庆市,南坪,,26,26,24,13,12,32,6,14,12,27,22,6,6,0.6,0.5
2023-04-23T09:00:00,1420A,106.6556,29.6277,重庆市,唐家沱,,12,10,22,6,10,22,7,16,14,24,27,5,5,0.8,0.8
2023-04-23T09:00:00,1421A,106.6349,29.4906,重庆市,茶园,,13,11,14,9,8,40,12,24,15,26,21,4,4,0.8,0.8
2023-04-23T09:00:00,1422A,106.3754,29.4572,重庆市,白市驿,,13,2,6,9,9,34,24,30,27,14,15,6,6,0.9,0.8
2023-04-23T09:00:00,1425A,106.6205,29.7166,重庆市,空港,,19,15,17,13,13,38,12,20,14,24,23,5,5,0.7,0.7
2023-04-23T09:00:00,1426A,106.4782,29.4875,重庆市,新山村,,20,19,20,14,11,38,16,29,26,27,22,4,4,0.7,0.6
2023-04-23T09:00:00,1427A,106.5616,29.6453,重庆市,礼嘉,,23,12,13,16,12,38,13,26,19,27,22,5,5,0.7,0.6
2023-04-23T09:00:00,1428A,106.4522,29.7091,重庆市,蔡家,,15,15,18,10,12,40,16,29,21,22,15,5,5,0.6,0.6
2023-04-23T09:00:00,1429A,106.5093,29.3917,重庆市,鱼新街,,27,27,18,4,10,36,17,28,25,30,23,5,4,0.8,0.8
2023-04-23T09:00:00,1431A,103.9728,30.7236,成都市,金泉两河,,16,16,18,1,6,88,33,56,47,21,15,2,2,0.4,0.3
2023-04-23T09:00:00,1432A,104.176,30.6872,成都市,十里店,,16,10,19,2,6,90,49,54,54,10,11,1,1,0.7,0.6
2023-04-23T09:00:00,1433A,104.079,30.5706,成都市,三瓦窑,,20,20,14,1,4,91,45,50,50,11,10,1,1,0.3,0.3
2023-04-23T09:00:00,1434A,104.1114,30.63,成都市,沙河铺,,17,17,14,6,4,88,44,50,50,14,12,2,3,0.4,0.4
2023-04-23T09:00:00,1437A,104.0786,30.6531,成都市,君平街,,18,18,15,9,7,90,43,54,53,23,19,1,2,0.3,0.2
2023-04-23T09:00:00,1438A,103.613,31.0283,成都市,灵岩寺,,12,12,5,4,6,76,29,46,38,10,10,7,8,0.8,0.8
2023-04-23T09:00:00,1439A,106.6899,26.5998,贵阳市,马鞍山,,22,22,57,12,41,146,22,50,28,12,12,5,5,0.2,0.4
2023-04-23T09:00:00,1440A,106.6971,26.5694,贵阳市,市环保站,,36,29,62,25,48,145,21,55,35,21,20,3,4,0.3,0.5
2023-04-23T09:00:00,1441A,106.6243,26.6266,贵阳市,鉴湖路,,39,39,69,12,40,155,14,65,21,16,12,3,4,0.3,0.4
2023-04-23T09:00:00,1442A,106.7487,26.6343,贵阳市,燕子冲,,31,31,59,17,46,154,13,42,22,11,11,5,5,0.4,0.5
2023-04-23T09:00:00,1443A,106.6555,26.4365,贵阳市,碧云窝,,48,48,82,22,50,155,26,118,56,17,16,5,5,0.6,0.7
2023-04-23T09:00:00,1444A,106.694,26.5161,贵阳市,中院村,,41,41,77,17,48,138,20,99,36,18,18,6,7,0.5,0.7
2023-04-23T09:00:00,1445A,106.7109,26.6027,贵阳市,红边门,,24,24,61,12,45,149,20,49,30,12,14,3,4,0.5,0.7
2023-04-23T09:00:00,1446A,106.7164,26.5699,贵阳市,新华路,,29,29,64,12,45,152,22,52,33,13,13,3,4,0.5,0.6
2023-04-23T09:00:00,1447A,106.674,26.5424,贵阳市,太慈桥,,31,31,68,9,37,146,19,52,33,18,13,6,6,0.5,0.6
2023-04-23T09:00:00,1450A,102.8204,24.8886,昆明市,呈贡新区,,49,48,54,34,34,164,118,129,125,11,9,11,7,0.6,0.6
2023-04-23T09:00:00,1451A,102.6251,24.9608,昆明市,西山森林公园,,50,37,46,35,26,200,158,172,155,22,14,19,9,1.1,0.9
2023-04-23T09:00:00,1452A,102.7252,25.0902,昆明市,龙泉镇,颗粒物(PM10),53,56,56,29,32,150,115,124,94,17,18,14,8,0.6,0.6
2023-04-23T09:00:00,1453A,102.7266,25.0375,昆明市,东风东路,,47,47,55,32,35,146,105,119,107,18,14,12,9,0.8,0.8
2023-04-23T09:00:00,1454A,102.6742,25.0669,昆明市,金鼎山,细颗粒物(PM2.5),58,55,52,41,32,155,107,129,118,24,13,12,6,0.7,0.6
2023-04-23T09:00:00,1455A,102.6644,25.0401,昆明市,碧鸡广场,细颗粒物(PM2.5),52,51,60,36,33,159,102,120,106,30,18,12,7,0.8,0.6
2023-04-23T09:00:00,1456A,91.1319,29.6514,拉萨市,八廓街,,25,23,24,9,7,128,80,109,98,24,13,6,6,0.3,0.3
2023-04-23T09:00:00,1457A,91.1221,29.6747,拉萨市,市环保局,,31,24,18,12,16,132,98,110,97,14,12,5,5,0.5,0.4
2023-04-23T09:00:00,1458A,91.0874,29.6475,拉萨市,区监测站,,25,24,25,8,6,130,80,112,103,34,11,7,6,0.6,0.5
2023-04-23T09:00:00,1459A,91.1774,29.6541,拉萨市,西藏大学,,22,22,18,9,9,131,62,103,90,27,10,13,6,0.6,0.4
2023-04-23T09:00:00,1460A,90.9798,29.6588,拉萨市,区辐射站,,27,21,27,8,9,118,85,104,99,20,13,8,7,0.5,0.4
2023-04-23T09:00:00,1461A,91.0834,29.6292,拉萨市,拉萨火车站,,25,21,31,8,5,126,79,112,100,23,8,8,8,0.5,0.3
2023-04-23T09:00:00,1462A,108.882,34.2749,西安市,高压开关厂,,32,20,19,22,20,68,52,65,58,27,21,5,5,0.5,0.5
2023-04-23T09:00:00,1463A,108.993,34.2629,西安市,兴庆小区,,22,14,11,15,16,61,53,59,57,13,14,4,4,0.6,0.7
2023-04-23T09:00:00,1464A,109.06,34.2572,西安市,纺织城,,20,13,16,8,13,61,61,60,57,10,13,4,4,0.6,0.7
2023-04-23T09:00:00,1465A,108.9356,34.2173,西安市,小寨,,20,20,18,14,12,62,58,60,60,15,15,6,6,0.8,0.8
2023-04-23T09:00:00,1466A,108.954,34.2713,西安市,市人民体育场,,29,15,15,20,16,67,50,65,58,21,18,6,6,0.6,0.5
2023-04-23T09:00:00,1467A,108.8922,34.2322,西安市,高新西区,,22,11,14,15,19,70,60,66,60,16,14,6,6,0.6,0.6
2023-04-23T09:00:00,1468A,108.935,34.3474,西安市,经开区,,19,16,15,13,15,64,58,62,57,14,15,3,3,0.4,0.4
2023-04-23T09:00:00,1469A,108.906,34.1546,西安市,长安区,,21,21,20,9,11,63,63,60,60,21,22,5,5,0.4,0.5
2023-04-23T09:00:00,1471A,109.2186,34.3731,西安市,临潼区,,22,20,20,14,19,69,69,63,63,17,19,7,6,0.6,0.7
2023-04-23T09:00:00,1472A,108.869,34.378,西安市,草滩,,42,24,18,24,20,60,46,59,51,14,11,11,9,4.2,1.3
2023-04-23T09:00:00,1473A,108.985,34.1978,西安市,曲江文化产业集团,,23,8,14,16,13,67,62,63,63,13,14,4,4,0.8,0.8
2023-04-23T09:00:00,1474A,109.051,34.3213,西安市,广运潭,,20,8,12,14,17,57,51,54,50,16,16,5,5,0.6,0.6
2023-04-23T09:00:00,1476A,103.631,36.1031,兰州市,兰炼宾馆,,39,29,63,27,45,90,42,49,43,19,17,9,6,0.7,0.5
2023-04-23T09:00:00,1477A,104.1373,35.9454,兰州市,榆中兰大校区,,,,,,,,,,,,,,,,
2023-04-23T09:00:00,1478A,103.8412,36.0726,兰州市,生物制品所,,49,22,54,34,42,95,38,36,36,17,14,5,5,0.8,0.6
2023-04-23T09:00:00,1479A,103.831,36.0464,兰州市,铁路设计院,,42,30,55,29,39,100,29,43,37,28,19,5,4,0.6,0.4
2023-04-23T09:00:00,1483A,101.524,36.6867,西宁市,第五水厂,,,,,,,,,,,,,,,,
2023-04-23T09:00:00,1484A,105.9512,38.6016,银川市,贺兰山马莲口,,30,12,28,20,27,105,93,96,95,7,10,9,10,0.6,0.8
2023-04-23T09:00:00,1488A,106.2328,38.4975,银川市,贺兰山东路,,36,36,25,21,21,94,77,84,84,27,17,4,4,0.4,0.4
2023-04-23T09:00:00,1489A,106.1358,38.5036,银川市,学院路,,32,30,34,22,22,85,79,77,77,20,22,4,4,0.4,0.5
2023-04-23T09:00:00,1490A,87.5801,43.8303,乌鲁木齐市,监测站,,42,42,52,29,17,95,41,75,71,39,25,8,7,0.5,0.5
2023-04-23T09:00:00,1491A,87.6046,43.768,乌鲁木齐市,收费所,颗粒物(PM10),52,54,59,25,19,89,45,75,68,35,24,6,4,0.6,0.4
2023-04-23T09:00:00,1492A,87.4754,43.9469,乌鲁木齐市,新疆农科院农场,颗粒物(PM10),70,90,64,34,32,88,30,53,48,36,27,8,7,0.7,0.7
2023-04-23T09:00:00,1493A,87.5525,43.8711,乌鲁木齐市,铁路局,,43,43,47,23,20,97,34,72,65,39,24,6,6,0.5,0.5
2023-04-23T09:00:00,1494A,87.6432,43.831,乌鲁木齐市,三十一中学,,40,40,51,22,16,103,48,80,78,24,15,10,10,0.6,0.6
2023-04-23T09:00:00,1496A,87.7216,44.1747,乌鲁木齐市,米东区环保局,颗粒物(PM10),61,72,59,28,19,111,37,57,56,28,15,8,9,0.4,0.3
2023-04-23T09:00:00,1508A,112.9433,27.8614,湘潭市,板塘,,9,2,7,6,6,43,26,31,26,3,5,4,4,0.3,0.4
2023-04-23T09:00:00,1511A,112.9118,27.8403,湘潭市,市监测站,,12,10,7,5,8,56,38,44,40,13,12,6,6,0.5,0.4
2023-04-23T09:00:00,1512A,112.8937,27.8728,湘潭市,江麓,,13,8,7,5,5,57,41,44,42,8,16,6,6,0.2,0
2023-04-23T09:00:00,1513A,112.9227,27.8159,湘潭市,岳塘,,10,9,7,4,6,51,32,39,34,11,9,14,14,0.2,0.2
2023-04-23T09:00:00,1514A,112.9074,27.9119,湘潭市,科大,,11,6,7,2,5,53,35,39,36,11,10,3,3,0.5,0.4
2023-04-23T09:00:00,1515A,113.135,27.8244,株洲市,天台山庄,,12,2,11,2,5,53,36,43,37,13,12,5,5,0.7,0.6
2023-04-23T09:00:00,1518A,113.095,27.8867,株洲市,株冶医院,,10,2,9,2,4,50,25,31,26,19,17,3,3,0.4,0.4
2023-04-23T09:00:00,1519A,113.167,27.8667,株洲市,市四中,,10,8,12,5,8,56,32,41,34,11,10,6,6,0.6,0.6
2023-04-23T09:00:00,1520A,113.143,27.8381,株洲市,火车站,,10,7,10,4,5,58,31,40,35,17,15,5,5,0.8,0.7
2023-04-23T09:00:00,1524A,113.13,27.8528,株洲市,市监测站,,12,7,10,8,12,55,34,39,35,15,15,10,8,0.4,0.4
2023-04-23T09:00:00,1552A,106.805,26.3003,贵阳市,桐木岭,细颗粒物(PM2.5),112,100,98,84,77,146,105,104,101,2,8,2,9,0.7,0.8
2023-04-23T09:00:00,1559A,113.251,27.8336,株洲市,大京风景区,,10,7,11,4,5,48,30,44,35,12,13,3,3,0.4,0.3
2023-04-23T09:00:00,1562A,113.0048,27.9153,湘潭市,昭山,,12,7,13,6,9,57,36,42,38,13,13,2,2,0.7,0.5
2023-04-23T09:00:00,1564A,112.4876,27.9164,湘潭市,韶山,,10,7,6,4,6,52,31,38,31,7,7,4,4,0.8,0.8
2023-04-23T09:00:00,1585A,109.8756,40.6532,包头市,市环境监测站,颗粒物(PM10),63,75,56,21,25,121,47,36,32,47,34,42,16,0.8,0.5
2023-04-23T09:00:00,1587A,109.9991,40.5842,包头市,包头八中,颗粒物(PM10),66,82,61,34,24,125,52,61,39,45,31,30,15,0.7,0.5
2023-04-23T09:00:00,1588A,109.8538,40.6821,包头市,青山宾馆,颗粒物(PM10),64,77,59,31,27,118,55,30,22,44,34,50,15,1.0,0.7
2023-04-23T09:00:00,1589A,109.8642,40.6288,包头市,惠龙物流,颗粒物(PM10),61,72,57,26,29,120,44,69,28,52,36,34,12,0.9,0.5
2023-04-23T09:00:00,1590A,110.0377,40.5546,包头市,东河鸿龙湾,颗粒物(PM10),63,76,60,41,26,119,55,49,44,34,23,12,7,0.3,0.4
2023-04-23T09:00:00,1591A,110.0023,39.8129,鄂尔多斯市,综合楼,颗粒物(PM10),58,66,58,24,23,114,60,77,66,39,26,10,14,0.8,0.8
2023-04-23T09:00:00,1592A,109.9486,39.8261,鄂尔多斯市,巴音孟克林场办事处,颗粒物(PM10),62,73,57,19,23,122,63,90,69,38,21,10,19,0.6,0.6
2023-04-23T09:00:00,1593A,109.7736,39.5986,鄂尔多斯市,康泽苑,颗粒物(PM10),64,78,53,34,20,110,46,45,45,37,26,13,9,0.9,0.6
2023-04-23T09:00:00,1594A,109.8119,39.5989,鄂尔多斯市,华泰汽车城,颗粒物(PM10),60,70,58,31,23,107,42,40,40,39,29,13,10,1.2,0.9
2023-04-23T09:00:00,1595A,109.9734,39.7884,鄂尔多斯市,奥林花园,颗粒物(PM10),67,83,58,19,22,122,58,65,64,37,22,7,7,0.8,0.8
2023-04-23T09:00:00,1597A,122.2703,40.7094,营口市,大庆路,颗粒物(PM10),52,53,59,21,28,131,80,66,50,16,23,6,8,0.5,0.7
2023-04-23T09:00:00,1598A,122.2150,40.6511,营口市,镜湖西路,颗粒物(PM10),52,53,61,22,22,131,78,74,61,19,19,7,9,0.5,0.6
2023-04-23T09:00:00,1599A,122.1658,40.6789,营口市,西炮台,颗粒物(PM10),54,58,59,24,21,134,77,66,55,20,21,10,12,0.4,0.5
2023-04-23T09:00:00,1600A,124.3303,40.0625,丹东市,江湾东路,颗粒物(PM10),60,70,63,33,30,110,86,54,54,15,14,18,12,1.0,0.8
2023-04-23T09:00:00,1601A,124.4256,40.1503,丹东市,临江后街,,42,42,53,17,22,107,92,59,59,10,15,12,9,0.6,0.7
2023-04-23T09:00:00,1602A,124.3933,40.1461,丹东市,元宝山,颗粒物(PM10),56,62,53,25,20,97,73,65,65,19,15,11,10,0.6,0.7
2023-04-23T09:00:00,1603A,124.3633,40.1092,丹东市,民主桥,颗粒物(PM10),53,56,56,23,21,98,79,61,61,20,24,8,8,0.5,0.6
2023-04-23T09:00:00,1604A,122.0303,41.1489,盘锦市,开发区,,24,24,52,12,23,119,72,89,72,10,16,5,7,0.5,0.6
2023-04-23T09:00:00,1605A,122.0485,41.0883,盘锦市,兴隆台,颗粒物(PM10),51,52,53,8,15,117,68,79,70,22,22,7,9,0.4,0.5
2023-04-23T09:00:00,1606A,121.8297,41.1028,盘锦市,新生街道,,44,44,53,16,22,118,68,71,61,16,21,7,8,0.6,0.6
2023-04-23T09:00:00,1607A,120.9092,40.7136,葫芦岛市,龙港区,颗粒物(PM10),59,68,63,16,25,116,82,63,63,17,26,29,20,0.9,0.9
2023-04-23T09:00:00,1608A,120.8392,40.7514,葫芦岛市,化工街,颗粒物(PM10),56,61,57,9,21,104,78,88,83,11,17,12,12,0.5,0.5
2023-04-23T09:00:00,1609A,120.8341,40.7073,葫芦岛市,新区,颗粒物(PM10),54,57,49,16,21,109,75,82,82,18,18,16,15,1.1,0.7
2023-04-23T09:00:00,1610A,120.8695,40.7677,葫芦岛市,东城区,颗粒物(PM10),55,60,54,8,17,102,78,80,79,9,20,13,15,0.4,0.6
2023-04-23T09:00:00,1611A,118.5819,24.9117,泉州市,涂山街,颗粒物(PM10),58,66,72,25,29,172,98,110,91,19,17,14,11,0.6,0.6
2023-04-23T09:00:00,1612A,118.5972,24.8978,泉州市,津头埔,颗粒物(PM10),59,67,71,24,31,167,83,105,88,31,22,12,11,0.5,0.5
2023-04-23T09:00:00,1613A,118.6663,24.9424,泉州市,万安,颗粒物(PM10),62,73,73,30,35,170,101,108,95,17,12,14,12,0.7,0.6
2023-04-23T09:00:00,1614A,118.6117,24.9604,泉州市,清源山,,,60,67,21,26,,,,,15,12,6,4,,
2023-04-23T09:00:00,1616A,117.6795,36.229,济南市,技术学院,,34,34,43,20,28,94,85,87,87,24,24,5,6,0.6,0.5
2023-04-23T09:00:00,1618A,118.3429,35.0532,临沂市,沂河小区,,46,39,58,32,40,82,71,66,66,12,15,5,6,0.3,0.3
2023-04-23T09:00:00,1619A,118.295,35.0583,临沂市,鲁南制药厂,,36,36,54,22,28,88,69,71,71,22,19,8,9,0.3,0.3
2023-04-23T09:00:00,1620A,118.2794,34.9976,临沂市,新光毛纺厂,,38,36,57,26,30,82,66,68,67,19,18,3,5,0.4,0.5
2023-04-23T09:00:00,1621A,118.3956,35.0888,临沂市,河东保险公司,,31,31,52,16,33,87,72,64,64,14,21,6,8,0.5,0.6
2023-04-23T09:00:00,1622A,116.3032,37.4674,德州市,儿童乐园,细颗粒物(PM2.5),52,41,23,36,19,95,21,35,28,29,18,5,3,0.7,0.5
2023-04-23T09:00:00,1624A,116.2991,37.4451,德州市,监理站,细颗粒物(PM2.5),55,57,31,39,14,100,26,50,43,33,17,6,5,0.5,0.3
2023-04-23T09:00:00,1625A,115.9848,36.4372,聊城市,区政府,,39,35,31,27,23,87,69,55,55,21,17,7,5,0.5,0.4
2023-04-23T09:00:00,1628A,118.0062,37.3803,滨州市,市环保局,细颗粒物(PM2.5),65,78,42,47,24,88,37,63,54,34,23,11,9,0.5,0.4
2023-04-23T09:00:00,1629A,118.0018,37.3617,滨州市,第二水厂,细颗粒物(PM2.5),70,78,44,51,24,88,43,66,52,33,24,9,6,0.6,0.5
2023-04-23T09:00:00,1630A,117.9776,37.393,滨州市,北中新校,,,,34,,14,78,,71,,,12,,4,,0.1
2023-04-23T09:00:00,1631A,118.0414,36.8103,淄博市,人民公园,,,,35,,26,81,,74,,,15,,9,,0.3
2023-04-23T09:00:00,1633A,117.8525,36.4847,淄博市,双山,细颗粒物(PM2.5),54,56,41,38,26,81,52,77,64,36,24,10,9,0.6,0.3
2023-04-23T09:00:00,1634A,117.9592,36.6331,淄博市,气象站,颗粒物(PM10),59,67,49,29,24,87,42,68,58,46,23,9,9,0.6,0.3
2023-04-23T09:00:00,1635A,118.3092,36.8194,淄博市,莆田园,,41,41,39,24,23,97,65,51,51,27,26,14,9,0.4,0.3
2023-04-23T09:00:00,1637A,117.558,34.8438,枣庄市,市中区政府,,36,36,44,24,27,90,83,84,84,19,23,4,5,0.4,0.4
2023-04-23T09:00:00,1638A,117.2852,34.7837,枣庄市,薛城环保局,,34,34,61,22,28,87,74,74,72,22,29,7,7,0.3,0.3
2023-04-23T09:00:00,1639A,117.5852,34.7745,枣庄市,峄城区政府,,39,39,51,22,20,86,80,81,81,18,24,7,9,0.5,0.4
2023-04-23T09:00:00,1640A,117.7276,34.5578,枣庄市,台儿庄区环保局,,39,39,58,24,27,73,58,62,62,24,26,8,10,0.5,0.5
2023-04-23T09:00:00,1641A,117.4518,35.0992,枣庄市,山亭区环保局,,34,34,48,22,27,90,82,86,86,12,19,4,6,0.2,0.2
2023-04-23T09:00:00,1642A,121.2514,37.5639,烟台市,开发区,,36,36,38,17,18,96,64,65,61,36,29,10,8,0.5,0.5
2023-04-23T09:00:00,1643A,121.3719,37.5433,烟台市,轴承厂,颗粒物(PM10),53,56,55,25,32,128,71,70,55,30,24,8,8,0.6,0.6
2023-04-23T09:00:00,1644A,121.3181,37.5436,烟台市,西郊化工站,颗粒物(PM10),57,63,54,26,25,109,72,76,61,36,23,7,5,0.4,0.4
2023-04-23T09:00:00,1645A,121.4478,37.4822,烟台市,莱山环保局,,41,41,52,17,21,104,73,61,61,26,25,10,10,0.4,0.4
2023-04-23T09:00:00,1646A,121.2611,37.4967,烟台市,福山环保局,颗粒物(PM10),63,75,66,22,20,107,59,83,59,42,26,10,9,0.8,0.8
2023-04-23T09:00:00,1650A,119.1437,36.7023,潍坊市,环保局,颗粒物(PM10),52,53,36,20,19,97,84,81,77,22,17,6,8,0.5,0.5
2023-04-23T09:00:00,1653A,116.6251,35.4302,济宁市,火炬城,,32,32,36,22,23,76,76,62,62,12,17,7,8,0.6,0.6
2023-04-23T09:00:00,1655A,116.5491,35.4042,济宁市,电化厂,,45,45,50,27,31,77,76,69,69,8,10,7,8,0.7,0.6
2023-04-23T09:00:00,1656A,117.1437,36.1937,泰安市,监测站,,30,27,36,14,30,103,96,103,97,2,3,3,3,0.4,0.4
2023-04-23T09:00:00,1657A,117.0885,36.2017,泰安市,人口学校,,33,31,39,11,19,107,105,105,103,1,5,4,4,0.1,0.3
2023-04-23T09:00:00,1658A,117.1089,36.1758,泰安市,电力学校,,32,29,33,20,29,106,100,105,101,8,8,6,7,0.4,0.4
2023-04-23T09:00:00,1659A,119.471,35.4209,日照市,监测站,颗粒物(PM10),54,58,60,28,24,94,66,65,60,29,22,2,4,0.5,0.5
2023-04-23T09:00:00,1660A,119.523,35.4216,日照市,市政府广场,颗粒物(PM10),52,53,59,26,23,96,77,70,70,18,13,4,5,0.4,0.4
2023-04-23T09:00:00,1661A,119.5587,35.4044,日照市,港务局,,48,48,60,24,24,99,80,72,72,21,17,6,7,0.4,0.5
2023-04-23T09:00:00,1662A,122.1214,37.4236,威海市,华夏技校,,34,34,47,10,17,105,80,68,67,21,21,5,4,0.4,0.3
2023-04-23T09:00:00,1663A,122.0508,37.5236,威海市,山大分校,,34,34,52,15,16,99,60,81,57,37,23,2,2,0.4,0.4
2023-04-23T09:00:00,1664A,122.1067,37.5072,威海市,市监测站,,44,44,51,15,19,99,87,78,62,19,23,6,4,0.5,0.4
2023-04-23T09:00:00,1666A,118.6614,37.4309,东营市,市环保局,,41,41,24,22,14,102,64,94,77,29,16,9,9,0.4,0.3
2023-04-23T09:00:00,1669A,113.5824,24.7733,韶关市,市八中,,37,37,33,20,18,91,10,25,18,27,19,12,15,1.0,0.7
2023-04-23T09:00:00,1671A,113.5917,24.7972,韶关市,园林处,,31,31,33,16,19,90,12,20,14,24,18,15,15,1.2,1
2023-04-23T09:00:00,1672A,113.6735,24.7791,韶关市,韶关学院,,42,42,34,29,22,98,17,22,9,20,20,50,14,0.8,0.6
2023-04-23T09:00:00,1673A,113.5971,24.6863,韶关市,曲江监测站,,40,40,34,17,17,100,15,37,22,20,19,6,8,0.8,0.7
2023-04-23T09:00:00,1674A,116.6794,23.3667,汕头市,金平子站,颗粒物(PM10),57,63,53,20,19,148,95,120,110,21,13,7,6,0.7,0.6
2023-04-23T09:00:00,1675A,116.7244,23.3633,汕头市,龙湖子站,颗粒物(PM10),56,62,55,18,14,160,102,132,120,25,14,5,3,0.6,0.5
2023-04-23T09:00:00,1676A,116.7258,23.2775,汕头市,濠江子站,颗粒物(PM10),65,79,54,25,22,151,88,113,101,23,13,9,8,0.8,0.7
2023-04-23T09:00:00,1677A,116.7519,23.4714,汕头市,澄海子站,颗粒物(PM10),59,67,58,23,20,158,95,130,115,29,18,8,7,0.6,0.4
2023-04-23T09:00:00,1678A,116.6092,23.2539,汕头市,潮阳子站,颗粒物(PM10),63,76,56,20,15,144,89,114,104,23,14,11,10,0.5,0.4
2023-04-23T09:00:00,1680A,110.3539,21.2706,湛江市,湛江影剧院,,35,35,41,19,16,106,32,50,37,7,5,5,5,0.6,0.6
2023-04-23T09:00:00,1681A,110.3928,21.2228,湛江市,市环境监测站,,36,36,40,25,26,105,30,49,36,9,5,6,6,0.5,0.5
2023-04-23T09:00:00,1682A,110.4019,21.1997,湛江市,环保局宿舍,,26,26,37,16,19,110,30,50,37,9,5,4,4,0.5,0.5
2023-04-23T09:00:00,1683A,110.4111,21.2028,湛江市,霞山游泳场,,30,30,42,20,21,112,33,54,40,11,6,6,5,0.5,0.5
2023-04-23T09:00:00,1684A,110.3316,21.2679,湛江市,麻章区环保局,,30,30,41,21,22,114,32,51,37,10,8,5,5,0.6,0.6
2023-04-23T09:00:00,1685A,110.4558,21.2567,湛江市,坡头区环保局,,27,27,35,17,18,112,35,54,38,6,5,6,6,0.6,0.6
2023-04-23T09:00:00,1686A,111.0286,21.4688,茂名市,电白南海,,29,29,43,19,23,111,30,62,39,8,7,6,5,0.5,0.5
2023-04-23T09:00:00,1687A,110.9294,21.6533,茂名市,茂石化七小,,29,26,35,20,22,115,36,59,43,7,7,5,6,0.4,0.4
2023-04-23T09:00:00,1688A,110.9107,21.6687,茂名市,健康路,,24,24,32,13,17,116,35,59,42,7,6,4,5,0.8,0.7
2023-04-23T09:00:00,1689A,110.8592,21.6828,茂名市,高岭,,34,34,40,19,26,116,33,53,40,9,11,8,11,0.5,0.6
2023-04-23T09:00:00,1690A,116.1231,24.3284,梅州市,梅江月梅,,28,21,31,19,18,107,84,96,91,6,9,6,7,0.4,0.4
2023-04-23T09:00:00,1691A,116.0797,24.2719,梅州市,梅县新城,,39,39,39,25,18,109,85,89,71,12,13,5,5,0.5,0.5
2023-04-23T09:00:00,1692A,116.1248,24.2654,梅州市,环境监控中心,,38,38,38,24,21,109,86,88,64,11,16,9,9,0.5,0.5
2023-04-23T09:00:00,1693A,115.3653,22.775,汕尾市,市环保局,,29,27,40,18,20,118,91,94,88,7,7,9,9,0.6,0.6
2023-04-23T09:00:00,1694A,115.3706,22.7898,汕尾市,市政府,,38,33,40,26,25,122,89,87,86,13,12,5,5,0.6,0.6
2023-04-23T09:00:00,1695A,115.3622,22.7925,汕尾市,新城中学,,32,32,40,18,20,117,80,84,84,10,7,7,7,0.7,0.6
2023-04-23T09:00:00,1696A,114.6778,23.7569,河源市,源西,,33,28,21,23,16,93,13,55,44,34,12,4,4,0.9,0.7
2023-04-23T09:00:00,1697A,114.6944,23.7586,河源市,东埔,,29,29,23,16,12,101,35,60,50,13,8,5,5,0.6,0.5
2023-04-23T09:00:00,1698A,114.6892,23.7233,河源市,老城,,38,38,31,13,12,102,38,53,44,15,10,7,5,0.7,0.6
2023-04-23T09:00:00,1699A,111.9797,21.8593,阳江市,鸳鸯湖,,25,22,45,17,17,136,39,47,38,2,3,5,5,0.5,0.5
2023-04-23T09:00:00,1701A,111.9491,21.8658,阳江市,马南垌,,26,26,39,15,21,105,39,50,40,5,6,4,4,0.7,0.6
2023-04-23T09:00:00,1702A,113.0426,23.691,清远市,环保大楼,,26,24,30,18,21,87,33,41,40,16,16,4,4,0.6,0.6
2023-04-23T09:00:00,1703A,113.0208,23.7106,清远市,凤城街办,,26,25,40,18,25,79,32,34,34,14,13,6,6,0.7,0.6
2023-04-23T09:00:00,1705A,116.6367,23.6719,潮州市,西园路,颗粒物(PM10),65,79,57,32,24,129,61,117,80,24,14,6,5,0.4,0.2
2023-04-23T09:00:00,1706A,116.6447,23.6706,潮州市,档案局,颗粒物(PM10),55,60,56,32,23,140,57,120,83,28,11,13,11,0.7,0.4
2023-04-23T09:00:00,1708A,116.3701,23.5345,揭阳市,新兴,颗粒物(PM10),57,63,54,35,25,129,89,96,93,18,15,13,11,0.7,0.6
2023-04-23T09:00:00,1709A,116.3264,23.5443,揭阳市,西马,颗粒物(PM10),56,61,56,29,26,133,88,98,83,18,16,11,9,0.6,0.5
2023-04-23T09:00:00,1710A,116.3611,23.5626,揭阳市,东兴,颗粒物(PM10),52,54,54,35,24,129,93,95,87,16,16,15,9,0.7,0.6
2023-04-23T09:00:00,1711A,116.4151,23.5294,揭阳市,渔湖,颗粒物(PM10),52,53,53,22,24,130,81,95,93,16,8,10,10,0.6,0.6
2023-04-23T09:00:00,1712A,112.0392,22.9169,云浮市,新市府,,28,21,41,19,24,70,50,48,33,19,16,4,4,0.9,0.8
2023-04-23T09:00:00,1714A,112.0539,22.9539,云浮市,牧羊,,25,25,45,17,22,74,30,50,39,21,20,7,7,0.6,0.6
2023-04-23T09:00:00,1715A,102.575,24.3711,玉溪市,东风水库,细颗粒物(PM2.5),52,39,51,36,30,147,47,96,40,19,14,8,6,1.2,0.7
2023-04-23T09:00:00,1718A,115.4208,35.2464,菏泽市,气象局,,33,27,29,23,20,78,74,76,64,11,13,4,5,0.4,0.3
2023-04-23T09:00:00,1719A,115.4747,35.2375,菏泽市,市政协,,39,29,26,27,22,78,69,68,61,14,13,2,3,0.4,0.4
2023-04-23T09:00:00,1721A,113.3819,40.1097,大同市,果树场,,43,43,55,20,32,102,73,28,28,14,16,9,9,0.6,0.8
2023-04-23T09:00:00,1723A,113.2994,40.0758,大同市,云冈宾馆,,33,33,54,12,27,117,85,57,41,24,31,9,10,0.4,0.5
2023-04-23T09:00:00,1724A,113.3444,40.0917,大同市,大同大学,,45,45,54,12,23,122,91,58,58,18,24,10,10,0.3,0.4
2023-04-23T09:00:00,1725A,113.2661,40.1269,大同市,安家小村,颗粒物(PM10),58,66,63,21,27,112,54,45,34,31,24,12,9,0.6,0.4
2023-04-23T09:00:00,1726A,113.2711,40.0844,大同市,教育学院,,49,49,61,10,30,107,75,55,35,24,29,9,10,0.5,0.6
2023-04-23T09:00:00,1727A,113.1147,36.1547,长治市,清华站,,18,6,14,0,9,81,56,52,52,16,18,7,6,1.4,0.8
2023-04-23T09:00:00,1728A,113.1031,36.1989,长治市,监测站,,19,7,14,2,13,79,59,50,50,14,19,4,4,1.3,1
2023-04-23T09:00:00,1730A,113.0886,36.2125,长治市,审计局,,19,3,15,7,20,79,59,50,50,14,18,7,6,1.1,0.8
2023-04-23T09:00:00,1731A,113.0844,36.1856,长治市,长治八中,,19,7,14,7,11,78,59,53,53,9,13,4,4,1.2,0.9
2023-04-23T09:00:00,1733A,111.5531,36.0783,临汾市,临钢医院,细颗粒物(PM2.5),52,18,18,36,32,70,44,67,52,19,21,2,2,1.1,0.8
2023-04-23T09:00:00,1734A,111.5028,36.0714,临汾市,技工学校,,32,21,18,22,23,83,53,69,63,22,20,4,4,1.3,1.1
2023-04-23T09:00:00,1736A,111.5018,36.0855,临汾市,市委,,35,19,18,24,23,88,55,72,64,14,13,5,6,1.0,0.9
2023-04-23T09:00:00,1738A,113.5758,37.8572,阳泉市,市中心,,43,38,42,30,33,78,61,48,48,14,19,8,12,0.5,0.8
2023-04-23T09:00:00,1739A,113.4894,37.8731,阳泉市,赛鱼,,43,43,51,14,32,73,56,48,48,18,22,8,9,0.6,0.8
2023-04-23T09:00:00,1740A,113.5819,37.8486,阳泉市,南庄,细颗粒物(PM2.5),52,25,44,36,40,82,60,50,50,19,23,8,14,0.7,0.9
2023-04-23T09:00:00,1742A,113.5614,37.8703,阳泉市,平坦,颗粒物(PM10),55,60,47,15,34,77,55,50,50,20,23,7,11,0.6,0.8
2023-04-23T09:00:00,1743A,113.5158,37.8392,阳泉市,大阳泉,,20,14,33,11,27,73,63,59,51,15,19,5,6,0.7,0.9
2023-04-23T09:00:00,1744A,118.9233,42.2816,赤峰市,松山一中,,,32,45,7,16,92,,55,55,22,29,9,10,0.4,0.3
2023-04-23T09:00:00,1745A,118.9576,42.2728,赤峰市,哈达街,,26,26,53,10,19,98,73,61,61,23,26,14,17,0.4,0.4
2023-04-23T09:00:00,1746A,118.8788,42.2554,赤峰市,天义路,,26,13,41,8,16,104,82,66,66,21,24,11,12,0.4,0.4
2023-04-23T09:00:00,1748A,123.044,41.1196,鞍山市,深沟寺,颗粒物(PM10),59,67,69,36,31,132,75,60,53,20,19,14,19,0.3,0.5
2023-04-23T09:00:00,1749A,123.011,41.0931,鞍山市,太阳城,颗粒物(PM10),58,66,75,32,32,122,74,72,60,25,23,14,20,0.5,0.7
2023-04-23T09:00:00,1750A,123.0485,41.1442,鞍山市,太平,颗粒物(PM10),58,66,89,30,47,122,70,58,47,26,34,17,26,0.7,1
2023-04-23T09:00:00,1751A,122.9642,41.0971,鞍山市,铁西三道街,,,81,83,43,41,122,52,64,47,,32,26,19,1.5,1
2023-04-23T09:00:00,1752A,122.9341,41.0833,鞍山市,铁西工业园区,颗粒物(PM10),70,90,83,38,36,124,44,47,25,63,43,54,29,3.0,2
2023-04-23T09:00:00,1753A,123.022,41.0821,鞍山市,明达新区,颗粒物(PM10),65,79,72,35,28,125,70,68,57,31,26,16,19,0.6,0.7
2023-04-23T09:00:00,1754A,123.1289,41.0228,鞍山市,千山,颗粒物(PM10),55,59,48,26,21,120,77,57,46,36,18,39,14,0.9,0.8
2023-04-23T09:00:00,1755A,123.7977,41.8491,抚顺市,望花区,颗粒物(PM10),56,62,78,26,35,141,94,68,50,17,26,11,9,0.3,0.4
2023-04-23T09:00:00,1756A,123.9161,41.8822,抚顺市,顺城区,,,,70,37,27,139,55,40,32,41,34,13,11,0.8,0.6
2023-04-23T09:00:00,1757A,124.0436,41.8611,抚顺市,东洲区,细颗粒物(PM2.5),85,81,63,63,32,138,72,85,55,20,13,7,6,0.4,0.4
2023-04-23T09:00:00,1758A,123.9247,41.8642,抚顺市,新抚区,细颗粒物(PM2.5),69,84,77,50,38,135,59,47,34,35,29,13,10,1.0,0.8
2023-04-23T09:00:00,1759A,124.0972,41.8961,抚顺市,大伙房水库,颗粒物(PM10),53,55,56,35,29,144,72,72,56,16,12,6,7,0.4,0.3
2023-04-23T09:00:00,1760A,123.7086,41.8391,抚顺市,沈抚新城,,,95,80,25,34,146,92,67,53,,24,10,12,0.3,0.5
2023-04-23T09:00:00,1761A,123.8275,41.3064,本溪市,大峪,颗粒物(PM10),61,71,89,21,28,132,68,53,27,24,30,5,9,0.9,0.9
2023-04-23T09:00:00,1762A,123.7567,41.3325,本溪市,溪湖,颗粒物(PM10),62,74,102,15,30,142,88,29,28,15,36,9,14,0.5,0.7
2023-04-23T09:00:00,1763A,123.7169,41.3094,本溪市,彩屯,颗粒物(PM10),60,69,87,17,33,145,71,30,30,32,36,14,15,0.9,1.2
2023-04-23T09:00:00,1764A,123.7669,41.2864,本溪市,东明,颗粒物(PM10),67,84,92,20,35,132,78,30,29,5,27,8,17,0.9,1.3
2023-04-23T09:00:00,1765A,123.7992,41.2664,本溪市,新立屯,,42,42,67,20,27,137,90,39,39,15,36,6,13,0.6,0.9
2023-04-23T09:00:00,1766A,123.8142,41.3472,本溪市,威宁,颗粒物(PM10),81,112,95,35,35,127,51,22,22,37,39,8,9,0.8,0.7
2023-04-23T09:00:00,1767A,121.1115,41.0879,锦州市,南山,,43,43,57,26,27,120,84,82,77,11,18,7,16,0.5,0.6
2023-04-23T09:00:00,1768A,121.0533,40.8434,锦州市,开发区,颗粒物(PM10),53,55,75,9,28,107,82,102,69,11,30,11,15,0.4,0.5
2023-04-23T09:00:00,1769A,121.1836,41.1119,锦州市,百股街道,,46,46,62,14,27,112,77,65,65,12,25,9,15,0.7,0.8
2023-04-23T09:00:00,1770A,121.1178,41.1222,锦州市,天安街道,,38,38,56,10,22,114,86,81,81,8,20,10,15,0.5,0.7
2023-04-23T09:00:00,1771A,121.1303,41.1386,锦州市,北湖公园,,34,34,53,6,20,116,82,76,76,8,19,10,15,0.5,0.6
2023-04-23T09:00:00,1772A,126.54,43.8622,吉林市,哈达湾,,42,42,50,15,18,116,84,72,57,9,13,6,10,0.5,0.6
2023-04-23T09:00:00,1773A,126.5844,43.8358,吉林市,东局子,细颗粒物(PM2.5),75,46,50,55,19,112,72,45,45,15,15,9,7,0.6,0.5
2023-04-23T09:00:00,1774A,126.5052,43.8245,吉林市,电力学院,,38,38,52,15,22,118,86,41,41,7,13,9,11,0.6,0.7
2023-04-23T09:00:00,1775A,126.6133,43.8972,吉林市,江北,颗粒物(PM10),55,60,57,20,20,112,78,64,49,15,13,13,9,0.6,0.6
2023-04-23T09:00:00,1776A,126.555,43.8306,吉林市,江南公园,,47,47,50,18,22,109,76,39,39,13,20,6,7,0.4,0.5
2023-04-23T09:00:00,1778A,126.7061,43.7133,吉林市,丰满,,41,41,40,28,21,106,70,61,61,11,6,7,6,0.5,0.5
2023-04-23T09:00:00,1779A,123.9305,47.3636,齐齐哈尔市,安居小区,,45,32,33,31,21,83,74,58,58,5,8,1,2,0.1,0.2
2023-04-23T09:00:00,1780A,123.9488,47.3386,齐齐哈尔市,中心广场,,24,22,23,8,10,85,75,66,66,7,8,4,5,0.3,0.4
2023-04-23T09:00:00,1781A,123.9483,47.3227,齐齐哈尔市,农牧车辆厂,,29,29,31,16,10,85,76,63,63,6,7,3,3,0.3,0.3
2023-04-23T09:00:00,1783A,123.945,47.2988,齐齐哈尔市,市环境监测站,,33,33,29,20,26,85,76,69,69,6,6,6,5,0.3,0.3
2023-04-23T09:00:00,1784A,129.61,44.561,牡丹江市,环保大楼,,26,26,28,15,18,102,81,56,56,7,12,3,3,0.3,0.3
2023-04-23T09:00:00,1785A,129.6115,44.5782,牡丹江市,文化广场,,25,23,32,13,20,100,78,57,57,11,15,2,3,0.3,0.3
2023-04-23T09:00:00,1786A,129.5904,44.5963,牡丹江市,第一医院,,38,38,34,11,22,105,83,64,61,5,9,2,2,0.3,0.4
2023-04-23T09:00:00,1787A,129.6364,44.6075,牡丹江市,机车工厂,,47,47,43,11,21,105,82,51,51,3,10,4,5,0.4,0.8
2023-04-23T09:00:00,1788A,129.6386,44.5462,牡丹江市,第一中学,,32,32,38,12,23,103,80,43,43,5,13,1,1,0.3,0.4
2023-04-23T09:00:00,1789A,124.81117,46.03138,大庆市,大同区,,27,27,29,10,9,90,78,64,59,4,5,2,2,0.3,0.3
2023-04-23T09:00:00,1790A,125.129,46.533,大庆市,龙凤区,,30,30,28,6,11,88,74,64,64,7,11,1,2,0.4,0.4
2023-04-23T09:00:00,1791A,124.902,46.408,大庆市,红岗区,,25,21,25,8,14,94,77,63,60,6,8,6,5,0.3,0.3
2023-04-23T09:00:00,1792A,125.153,46.586,大庆市,萨尔图区,,26,18,20,18,11,81,68,64,62,6,8,4,4,0.3,0.3
2023-04-23T09:00:00,1793A,124.9042,46.6215,大庆市,让胡路区,,23,20,22,8,14,87,72,66,66,6,6,4,4,0.2,0.2
2023-04-23T09:00:00,1794A,118.3606,31.3519,芜湖市,监测站,,44,44,70,23,25,106,59,75,60,21,23,5,7,0.6,0.6
2023-04-23T09:00:00,1795A,118.3714,31.4134,芜湖市,科创中心,,49,49,75,24,26,105,73,78,60,16,23,4,6,0.6,0.7
2023-04-23T09:00:00,1796A,118.3673,31.3131,芜湖市,四水厂,,44,44,81,24,25,112,59,77,61,26,25,7,9,0.5,0.6
2023-04-23T09:00:00,1798A,118.5092,31.6837,马鞍山市,湖东路四小,颗粒物(PM10),54,57,65,32,26,122,81,80,66,14,16,6,7,0.6,0.6
2023-04-23T09:00:00,1799A,118.5024,31.6449,马鞍山市,开发区,颗粒物(PM10),59,68,71,31,24,122,80,85,69,9,12,3,4,0.7,0.7
2023-04-23T09:00:00,1800A,118.5228,31.7231,马鞍山市,慈湖,颗粒物(PM10),54,58,73,18,24,125,89,85,68,12,20,5,6,0.6,0.6
2023-04-23T09:00:00,1802A,118.6245,31.7241,马鞍山市,濮塘,颗粒物(PM10),58,66,69,32,25,120,84,76,66,10,15,4,5,1.0,1
2023-04-23T09:00:00,1803A,115.9872,29.6815,九江市,十里,,40,40,36,22,19,84,59,83,72,19,19,7,7,0.5,0.5
2023-04-23T09:00:00,1804A,115.9584,29.7046,九江市,茅山头,,34,34,42,22,20,84,58,84,71,14,14,7,8,0.5,0.5
2023-04-23T09:00:00,1805A,115.9877,29.7295,九江市,西园,,39,37,41,27,21,82,56,80,68,21,20,10,10,0.8,0.7
2023-04-23T09:00:00,1806A,116.0172,29.6547,九江市,五七二七厂,细颗粒物(PM2.5),74,32,36,54,27,78,58,76,58,12,15,6,6,0.5,0.5
2023-04-23T09:00:00,1808A,115.9114,29.6038,九江市,综合工业园,,37,37,36,21,20,75,62,73,66,14,27,9,8,0.7,0.7
2023-04-23T09:00:00,1809A,116.0721,29.7535,九江市,石化总厂,,41,41,44,23,19,80,54,78,67,16,16,5,6,0.4,0.5
2023-04-23T09:00:00,1810A,115.9773,29.5698,九江市,庐山气象台,,19,7,6,8,7,82,60,76,67,9,7,6,6,0.8,0.8
2023-04-23T09:00:00,1812A,112.3931,34.6516,洛阳市,市委党校,,29,22,21,20,17,73,64,70,70,19,17,3,3,0.5,0.4
2023-04-23T09:00:00,1814A,112.4657,34.6871,洛阳市,豫西宾馆,,29,17,19,20,18,76,64,71,71,13,12,3,3,0.5,0.4
2023-04-23T09:00:00,1815A,112.494,34.6886,洛阳市,河南林校,,23,19,17,16,17,73,59,66,66,15,16,4,5,0.4,0.4
2023-04-23T09:00:00,1816A,112.3844,34.623,洛阳市,开发区管委会,,26,19,20,18,18,87,80,83,83,8,7,1,2,0.3,0.3
2023-04-23T09:00:00,1817A,112.4267,34.6258,洛阳市,市委新办公区,,35,21,17,24,20,75,68,72,72,20,18,2,2,0.6,0.6
2023-04-23T09:00:00,1818A,114.4839,36.0621,安阳市,棉研所,,42,42,21,22,35,47,34,46,38,8,8,6,5,0.5,0.7
2023-04-23T09:00:00,1819A,114.3551,36.1017,安阳市,红庙街,,28,18,25,19,20,90,61,84,62,20,18,2,2,0.9,1.2
2023-04-23T09:00:00,1820A,114.361,36.0681,安阳市,银杏小区,,33,11,19,23,23,85,63,82,67,18,16,6,6,0.5,0.7
2023-04-23T09:00:00,1824A,114.3389,34.7781,开封市,肿瘤医院,,25,13,15,17,16,77,57,76,62,9,7,5,5,0.8,0.6
2023-04-23T09:00:00,1826A,114.2885,34.7965,开封市,世纪星幼儿园,,32,8,20,22,23,70,56,70,60,11,8,4,4,0.6,0.4
2023-04-23T09:00:00,1828A,113.227,35.2125,焦作市,市环保局,,25,23,32,17,24,66,53,60,55,17,16,5,6,1.0,0.6
2023-04-23T09:00:00,1830A,113.1992,35.2590,焦作市,影视城,,20,17,26,14,21,61,61,53,51,5,8,8,7,0.8,0.7
2023-04-23T09:00:00,1832A,113.3257,33.742,平顶山市,新华旅馆,,31,31,35,14,13,84,63,83,76,11,13,2,3,0.7,0.5
2023-04-23T09:00:00,1833A,113.2919,33.737,平顶山市,规划设计院,,26,19,23,18,15,90,64,87,79,12,10,4,4,0.5,0.4
2023-04-23T09:00:00,1834A,113.182,33.774,平顶山市,平顶山工学院,,26,26,23,14,11,82,66,82,69,13,14,3,2,0.3,0.3
2023-04-23T09:00:00,1835A,111.1922,34.7752,三门峡市,市政府,,20,7,18,13,17,89,64,82,79,17,14,6,6,0.5,0.5
2023-04-23T09:00:00,1836A,111.1587,34.7942,三门峡市,开发区,,21,20,24,14,20,89,67,80,77,17,14,4,4,0.5,0.5
2023-04-23T09:00:00,1838A,111.143,34.7955,三门峡市,风景区,,23,12,14,16,17,90,65,78,77,21,16,6,6,0.3,0.4
2023-04-23T09:00:00,1840A,111.2992,30.6981,宜昌市,白龙岗,,17,12,13,2,3,70,52,64,57,26,18,4,4,0.4,0.4
2023-04-23T09:00:00,1841A,111.3549,30.6465,宜昌市,伍家岗,,20,17,19,5,7,75,61,68,59,22,20,4,4,0.4,0.4
2023-04-23T09:00:00,1842A,111.2628,30.6961,宜昌市,点军区,,16,15,15,0,2,72,50,63,52,22,15,7,7,0.5,0.4
2023-04-23T09:00:00,1843A,111.3275,30.7819,宜昌市,夷陵区,,18,6,9,2,3,69,56,66,58,18,15,6,5,0.5,0.5
2023-04-23T09:00:00,1844A,112.2494,30.3197,荆州市,市图书馆,,29,19,25,20,23,67,60,65,64,17,17,5,5,0.4,0.4
2023-04-23T09:00:00,1845A,112.2008,30.3544,荆州市,市委党校,,23,20,25,16,21,69,61,67,65,14,15,5,5,0.5,0.5
2023-04-23T09:00:00,1847A,113.1094,29.3578,岳阳市,南湖风景区,,23,16,16,16,12,67,45,48,47,13,10,6,6,0.6,0.5
2023-04-23T09:00:00,1848A,113.1493,29.4251,岳阳市,城陵矶,,15,13,19,10,12,61,39,43,43,29,22,4,5,0.7,0.6
2023-04-23T09:00:00,1849A,113.1497,29.3575,岳阳市,开发区,,14,12,17,8,11,64,42,46,45,15,12,6,7,0.7,0.6
2023-04-23T09:00:00,1850A,113.2621,29.4758,岳阳市,云溪区,,16,12,14,8,8,70,50,51,51,17,16,4,5,0.4,0.3
2023-04-23T09:00:00,1851A,112.9943,29.4402,岳阳市,君山区,,22,13,17,15,19,70,54,51,51,15,14,5,5,0.6,0.5
2023-04-23T09:00:00,1852A,113.2117,29.355,岳阳市,金凤水库,,18,4,12,12,11,62,42,43,43,13,16,2,2,1.1,0.7
2023-04-23T09:00:00,1854A,111.6975,28.9703,常德市,市二中,,20,12,15,4,9,66,61,63,63,10,10,4,4,0.3,0.3
2023-04-23T09:00:00,1857A,111.7158,29.1456,常德市,白鹤山,,20,5,12,1,5,64,62,62,62,3,5,5,5,0.3,0.3
2023-04-23T09:00:00,1858A,110.5319,29.1217,张家界市,永定新区,,20,11,15,14,8,71,46,59,53,17,10,3,3,0.2,0.1
2023-04-23T09:00:00,1859A,110.4697,29.1242,张家界市,电业局,,18,13,17,10,12,67,56,62,57,12,11,9,9,0.2,0.2
2023-04-23T09:00:00,1860A,110.5594,29.3547,张家界市,未央路,,17,8,10,9,9,66,54,63,60,11,5,6,6,0.3,0.2
2023-04-23T09:00:00,1861A,110.4417,29.315,张家界市,袁家界,,,0,1,,0,79,66,72,71,9,7,5,6,0.7,0.6
2023-04-23T09:00:00,1862A,110.4144,25.3167,桂林市,电子科大尧山校区,,,11,14,,13,100,,46,46,,8,,5,,0.6
2023-04-23T09:00:00,1863A,110.2819,25.2697,桂林市,监测站,颗粒物(PM10),55,60,28,3,11,106,38,41,40,11,16,5,10,0.4,0.6
2023-04-23T09:00:00,1864A,110.3089,25.2708,桂林市,龙隐路小学,,12,8,20,3,15,94,38,40,38,8,12,10,15,0.4,0.5
2023-04-23T09:00:00,1865A,110.2869,25.2178,桂林市,八中,,12,12,22,1,11,98,35,38,36,11,18,8,10,0.5,0.6
2023-04-23T09:00:00,1866A,109.2262,21.588,北海市,牛尾岭水库,,30,27,38,21,20,49,17,26,19,11,11,11,9,0.5,0.6
2023-04-23T09:00:00,1867A,109.1436,21.4086,北海市,海滩公园,,30,30,41,17,18,128,32,58,39,5,5,2,2,0.8,0.8
2023-04-23T09:00:00,1868A,109.0981,21.4661,北海市,新市环保局,,35,35,40,19,19,120,29,55,37,8,6,1,2,0.8,0.8
2023-04-23T09:00:00,1869A,109.1778,21.5233,北海市,北海工业园,,47,47,45,22,23,120,31,53,35,7,6,4,4,0.7,0.8
2023-04-23T09:00:00,1870A,109.4856,24.3895,柳州市,柳东小学,,49,47,44,34,31,104,28,46,38,13,12,11,12,0.6,0.7
2023-04-23T09:00:00,1871A,109.4157,24.3277,柳州市,环保监测站,,49,49,49,33,26,98,35,39,34,14,17,4,6,0.5,0.6
2023-04-23T09:00:00,1872A,109.389,24.341,柳州市,河西水厂,细颗粒物(PM2.5),54,46,45,38,27,96,21,31,25,22,17,4,5,1.3,1.2
2023-04-23T09:00:00,1873A,109.4311,24.2921,柳州市,市四中,,45,45,47,29,27,99,39,38,38,12,15,7,8,0.7,0.8
2023-04-23T09:00:00,1874A,109.4006,24.3631,柳州市,市九中,颗粒物(PM10),51,52,53,24,29,99,30,38,30,20,16,7,9,0.9,0.9
2023-04-23T09:00:00,1875A,109.4958,24.3134,柳州市,古亭山,细颗粒物(PM2.5),75,48,49,55,42,96,6,32,20,28,16,3,5,0.8,0.8
2023-04-23T09:00:00,1876A,109.5078,18.2489,三亚市,河东子站,,29,23,36,20,28,60,37,44,40,5,5,2,2,0.5,0.6
2023-04-23T09:00:00,1877A,109.4964,18.2681,三亚市,河西子站,,29,27,37,20,24,62,38,41,40,4,3,2,2,0.6,0.6
2023-04-23T09:00:00,1878A,104.7778,31.4741,绵阳市,富乐山,,16,5,6,2,4,82,49,64,57,11,7,2,3,0.6,0.5
2023-04-23T09:00:00,1879A,104.7563,31.4535,绵阳市,市人大,,12,6,8,4,4,73,34,59,50,23,11,2,4,0.7,0.6
2023-04-23T09:00:00,1880A,104.6697,31.4668,绵阳市,高新区自来水公司,,22,22,8,2,0,84,39,64,56,18,7,4,5,0.5,0.4
2023-04-23T09:00:00,1881A,104.7287,31.5075,绵阳市,三水厂,,11,7,7,3,3,81,34,62,53,19,7,3,3,0.7,0.6
2023-04-23T09:00:00,1882A,104.563,28.793,宜宾市,石马中学,,14,9,19,5,12,58,43,46,46,14,11,2,2,0.5,0.5
2023-04-23T09:00:00,1883A,104.6201,28.7728,宜宾市,市委,,14,8,19,5,14,49,42,40,40,13,12,5,6,0.6,0.6
2023-04-23T09:00:00,1884A,104.6055,28.793,宜宾市,宜宾四中,,13,11,19,7,13,52,35,42,40,26,19,8,6,0.4,0.5
2023-04-23T09:00:00,1885A,104.639,28.7562,宜宾市,市政府,,13,10,18,6,13,54,40,44,44,17,15,5,5,0.6,0.6
2023-04-23T09:00:00,1886A,104.5742,28.7199,宜宾市,黄金嘴,,14,8,18,4,12,56,44,42,42,16,16,8,8,0.4,0.4
2023-04-23T09:00:00,1888A,101.6891,26.571,攀枝花市,弄弄坪,,43,43,52,28,33,136,94,124,107,20,16,17,28,0.8,1.5
2023-04-23T09:00:00,1889A,101.5769,26.5928,攀枝花市,河门口,颗粒物(PM10),52,53,54,35,33,142,95,119,88,25,16,37,16,2.0,0.8
2023-04-23T09:00:00,1890A,101.7169,26.585,攀枝花市,炳草岗,颗粒物(PM10),59,67,51,32,29,140,89,125,94,29,16,27,13,1.3,1.1
2023-04-23T09:00:00,1891A,101.7369,26.5008,攀枝花市,仁和,,46,46,44,30,29,150,94,135,102,16,10,6,6,0.7,0.5
2023-04-23T09:00:00,1893A,105.4324,28.9634,泸州市,九狮山,,25,17,15,17,11,41,26,31,30,14,9,4,5,0.5,0.6
2023-04-23T09:00:00,1894A,105.4427,28.9063,泸州市,小市上码头,,10,9,12,4,5,48,30,36,35,16,10,4,4,0.5,0.5
2023-04-23T09:00:00,1895A,105.4241,28.8573,泸州市,兰田宪桥,,12,8,13,8,7,48,35,36,36,9,8,11,12,0.6,0.6
2023-04-23T09:00:00,1896A,105.4379,28.8833,泸州市,市环监站,,11,7,10,2,2,38,25,29,29,21,17,5,3,0.7,0.5
2023-04-23T09:00:00,1901A,104.4239,31.1208,德阳市,东山公园,,13,13,12,8,7,85,41,64,54,17,8,3,2,0.4,0.4
2023-04-23T09:00:00,1902A,104.3826,31.1317,德阳市,西小区,,20,20,20,7,10,83,46,62,54,12,10,3,2,0.5,0.4
2023-04-23T09:00:00,1904A,104.3553,31.1091,德阳市,耐火材料厂,,15,7,11,7,9,84,48,61,53,6,6,1,2,0.4,0.4
2023-04-23T09:00:00,1905A,106.056,30.8064,南充市,西山风景区,,18,14,9,7,3,61,57,52,52,4,5,2,3,0.5,0.5
2023-04-23T09:00:00,1906A,106.0789,30.8023,南充市,南充市委,,16,5,12,1,4,61,50,48,48,14,11,7,7,0.4,0.4
2023-04-23T09:00:00,1907A,106.1031,30.8217,南充市,南充炼油厂,,16,13,21,6,5,61,50,49,49,11,8,7,8,0.5,0.5
2023-04-23T09:00:00,1908A,106.1064,30.7856,南充市,高坪区监测站,,18,7,9,1,5,64,57,54,54,8,8,8,8,0.4,0.4
2023-04-23T09:00:00,1909A,106.0642,30.7636,南充市,嘉陵区环保局,,15,9,8,0,3,60,48,50,50,18,13,7,8,0.4,0.4
2023-04-23T09:00:00,1910A,106.1087,30.8388,南充市,市环境监测站,,17,4,7,4,5,53,52,49,49,8,7,8,8,0.4,0.4
2023-04-23T09:00:00,1911A,106.9222,27.6869,遵义市,丁字口,,22,20,21,15,12,83,40,51,47,14,11,6,5,0.5,0.6
2023-04-23T09:00:00,1912A,106.9242,27.7019,遵义市,凤凰山,,19,19,23,6,18,84,37,45,41,10,11,4,4,0.3,0.3
2023-04-23T09:00:00,1913A,106.8906,27.6486,遵义市,忠庄,,26,26,30,16,13,63,35,43,41,12,9,2,2,0,0.1
2023-04-23T09:00:00,1914A,106.9231,27.6506,遵义市,舟水桥,,13,13,14,7,13,79,38,46,41,5,7,1,1,0.2,0.4
2023-04-23T09:00:00,1915A,106.9178,27.72,遵义市,干田坝,,,14,23,13,10,69,,38,35,15,13,6,5,0.3,0.4
2023-04-23T09:00:00,1916A,103.7897,25.5035,曲靖市,环境监测站,,38,34,56,16,23,165,120,129,124,10,9,9,8,0.5,0.5
2023-04-23T09:00:00,1917A,103.8,25.5364,曲靖市,烟厂办公区,,39,39,56,19,23,170,124,134,129,9,10,3,4,0.5,0.6
2023-04-23T09:00:00,1918A,108.7197,34.3956,咸阳市,气象站,,23,10,10,16,15,66,52,66,53,19,17,1,1,0.5,0.5
2023-04-23T09:00:00,1919A,108.673,34.3155,咸阳市,实验中学,,33,9,18,23,18,67,60,67,61,13,13,4,4,0.9,0.9
2023-04-23T09:00:00,1920A,108.7233,34.3617,咸阳市,师范学院,,20,8,14,14,13,63,56,62,56,13,13,6,5,0.6,0.6
2023-04-23T09:00:00,1922A,109.0656,35.0994,铜川市,党校,,17,8,10,8,7,81,53,76,60,14,10,9,8,1.1,0.8
2023-04-23T09:00:00,1923A,109.0697,35.0697,铜川市,王益区政府,,17,10,8,10,8,80,53,72,64,14,9,9,6,1.0,0.6
2023-04-23T09:00:00,1924A,108.9344,34.9058,铜川市,新区管委会,,22,11,12,15,14,82,67,71,71,13,18,6,6,0.7,0.6
2023-04-23T09:00:00,1926A,109.4131,36.6275,延安市,枣园,,19,9,12,9,10,81,32,54,49,37,22,7,8,0.7,0.7
2023-04-23T09:00:00,1927A,109.4761,36.6028,延安市,延大医附院,,15,4,12,10,11,81,31,58,52,29,14,4,5,0.7,0.6
2023-04-23T09:00:00,1929A,109.5056,36.6106,延安市,百米大道,,19,8,11,11,12,75,32,62,48,37,20,7,9,0.8,0.6
2023-04-23T09:00:00,1930A,107.185,34.3063,宝鸡市,庙沟村,,26,13,10,18,12,54,51,47,47,10,12,6,6,0.7,0.7
2023-04-23T09:00:00,1931A,107.0708,34.3017,宝鸡市,竹园沟,,21,8,10,9,9,65,65,57,57,11,15,10,7,0.7,0.7
2023-04-23T09:00:00,1932A,107.1906,34.3672,宝鸡市,三陆医院,,30,26,15,21,12,65,59,57,57,15,16,7,6,0.8,0.7
2023-04-23T09:00:00,1933A,107.1431,34.3547,宝鸡市,监测站,,22,7,12,15,12,63,57,55,55,15,14,5,5,0.6,0.5
2023-04-23T09:00:00,1934A,107.1186,34.3739,宝鸡市,技工学校,,26,13,10,18,10,58,58,53,53,15,15,4,4,0.5,0.5
2023-04-23T09:00:00,1935A,107.3906,34.3528,宝鸡市,陈仓区环保局家属楼,,28,23,9,19,14,62,49,53,53,26,20,4,4,0.8,0.8
2023-04-23T09:00:00,1936A,107.2058,34.3497,宝鸡市,文理学院,,29,20,12,20,10,63,58,57,57,16,17,8,8,0.7,0.6
2023-04-23T09:00:00,1937A,107.2386,34.3622,宝鸡市,三迪小学,,20,20,13,14,11,66,58,57,57,17,21,8,8,0.6,0.6
2023-04-23T09:00:00,1938A,109.5293,34.5101,渭南市,农科所,,25,14,17,17,18,66,56,59,57,11,13,6,6,0.5,0.5
2023-04-23T09:00:00,1939A,109.4974,34.4877,渭南市,日报社,,29,27,20,20,19,78,64,70,70,18,13,4,4,0.5,0.5
2023-04-23T09:00:00,1940A,109.4636,34.493,渭南市,体育馆,,,,18,,19,61,,59,,,11,,5,,0.5
2023-04-23T09:00:00,1941A,109.4259,34.5023,渭南市,高新一小,,28,18,19,19,16,67,64,61,60,12,13,2,2,0.6,0.7
2023-04-23T09:00:00,1943A,102.1725,38.5339,金昌市,新川苑,,24,15,33,8,9,103,76,89,84,15,11,9,10,0.7,0.6
2023-04-23T09:00:00,1944A,102.1692,38.5167,金昌市,天庆家园,,24,10,32,10,14,104,75,93,86,14,10,6,11,0.7,0.7
2023-04-23T09:00:00,1945A,98.2908,39.7711,嘉峪关市,气象局,颗粒物(PM10),60,70,68,22,23,90,75,83,67,19,10,3,3,0.6,0.5
2023-04-23T09:00:00,1947A,106.3394,38.817,石嘴山市,沙湖旅游区,,29,24,24,20,19,104,54,104,80,26,19,11,14,0.5,0.6
2023-04-23T09:00:00,1948A,106.3668,39.0145,石嘴山市,大武口朝阳西街,,29,29,28,20,19,97,66,85,68,23,21,9,9,0.3,0.5
2023-04-23T09:00:00,1949A,106.7704,39.2282,石嘴山市,惠农南大街,颗粒物(PM10),53,55,24,33,20,88,50,88,53,28,20,26,24,1.1,0.8
2023-04-23T09:00:00,1950A,106.7099,39.1325,石嘴山市,红果子镇惠新街,,45,45,21,28,18,86,51,76,65,18,15,7,5,0.7,0.5
2023-04-23T09:00:00,1951A,84.895,45.6094,克拉玛依市,长征新村,,30,12,15,4,5,109,95,100,99,3,2,6,6,0.2,0.2
2023-04-23T09:00:00,1952A,84.8988,45.5893,克拉玛依市,南林小区,,29,12,15,2,10,105,90,94,94,4,3,4,3,0.3,0.2
2023-04-23T09:00:00,1954A,84.905,44.3396,克拉玛依市,独山子区,,25,20,38,17,16,105,78,76,71,15,13,6,8,0.4,0.4
2023-04-23T09:00:00,1955A,85.6979,46.098,克拉玛依市,乌尔禾区商贸楼,颗粒物(PM10),51,52,23,16,9,204,44,166,118,29,6,8,8,0.4,0.3
2023-04-23T09:00:00,1956A,86.1472,41.7538,巴音郭楞州,孔雀公园,颗粒物(PM10),59,67,266,17,67,112,106,104,104,3,9,3,3,0.2,0.2
2023-04-23T09:00:00,1957A,86.1972,41.7166,巴音郭楞州,棉纺厂,颗粒物(PM10),51,52,299,34,72,113,105,105,105,7,8,2,3,0.2,0.2
2023-04-23T09:00:00,1958A,86.2357,41.7173,巴音郭楞州,经济开发区,颗粒物(PM10),52,53,246,5,50,113,107,106,106,5,7,5,6,0.2,0.2
2023-04-23T09:00:00,1961A,117.532,36.6868,济南市,东山小学,颗粒物(PM10),53,56,53,29,28,88,53,55,48,35,28,6,6,0.6,0.5
2023-04-23T09:00:00,1966A,120.0405,35.8735,青岛市,黄岛区4号,颗粒物(PM10),58,66,65,19,23,110,110,72,70,11,20,5,6,0.5,0.6
2023-04-23T09:00:00,1982A,122.0693,37.2174,威海市,文登开发区,颗粒物(PM10),59,68,58,24,20,100,44,80,62,43,23,7,6,0.5,0.4
2023-04-23T09:00:00,2031A,113.1817,27.9958,株洲市,云田中学,,10,2,5,4,5,55,32,46,35,14,12,3,3,0.7,0.6
2023-04-23T09:00:00,2054A,114.1099,32.1059,信阳市,平桥分局,,40,25,40,28,33,73,47,70,64,13,13,5,6,0.4,0.3
2023-04-23T09:00:00,2064A,113.9956,32.1271,信阳市,南湾水厂,,33,33,46,17,20,74,49,66,60,8,10,4,5,0.4,0.4
2023-04-23T09:00:00,2065A,114.0775,32.1195,信阳市,市酿酒公司,,32,25,39,22,26,76,48,70,63,17,17,6,6,0.5,0.4
2023-04-23T09:00:00,2066A,114.0609,32.1399,信阳市,审计局,,38,38,47,17,26,76,52,73,67,17,18,6,6,0.3,0.3
2023-04-23T09:00:00,2067A,114.6613,33.6128,周口市,市环境监测站,,32,22,32,22,26,89,47,67,60,13,9,7,8,0.5,0.5
2023-04-23T09:00:00,2068A,114.6758,33.6347,周口市,周口师范,,35,16,31,24,20,83,44,59,54,14,12,6,7,0.5,0.4
2023-04-23T09:00:00,2069A,114.6546,33.5979,周口市,市运管处,,28,17,38,19,20,87,50,66,60,10,8,5,6,0.4,0.2
2023-04-23T09:00:00,2070A,114.6369,33.6406,周口市,川汇区环保局,,32,13,24,22,20,82,48,63,58,13,11,5,6,0.5,0.4
2023-04-23T09:00:00,2075A,117.6336,24.4674,漳州市,九湖,,,104,74,46,30,,,,,45,21,4,3,,
2023-04-23T09:00:00,2160A,112.85,35.5051,晋城市,自来水公司,,25,20,26,17,17,71,24,42,42,29,19,4,4,1.6,0.8
2023-04-23T09:00:00,2161A,112.8318,35.4936,晋城市,白云商贸,,26,26,27,12,15,68,31,52,49,30,19,3,3,1.9,1
2023-04-23T09:00:00,2162A,112.8508,35.4887,晋城市,市环保局,,15,10,21,7,16,68,48,53,53,20,17,6,6,1.1,0.8
2023-04-23T09:00:00,2163A,112.8676,35.4897,晋城市,技术学院,,18,18,24,12,15,66,41,54,54,26,18,5,5,1.0,0.6
2023-04-23T09:00:00,2165A,112.8453,35.546,晋城市,白马寺,,35,35,34,20,24,59,26,26,22,27,25,4,4,2.2,1.3
2023-04-23T09:00:00,2166A,112.4397,39.3522,朔州市,平朔,颗粒物(PM10),71,92,61,46,38,100,18,9,6,43,29,12,8,0.6,0.6
2023-04-23T09:00:00,2167A,112.4575,39.3617,朔州市,朔唯,颗粒物(PM10),76,102,73,51,39,104,15,16,7,54,38,18,12,0.8,0.6
2023-04-23T09:00:00,2168A,112.4258,39.3197,朔州市,区政府,颗粒物(PM10),76,102,64,36,33,102,21,7,5,43,29,15,7,0.7,0.6
2023-04-23T09:00:00,2169A,112.4072,39.3278,朔州市,市环保局,颗粒物(PM10),76,101,68,46,38,94,23,12,12,56,40,15,7,0.8,0.6
2023-04-23T09:00:00,2170A,112.4272,39.3681,朔州市,市二中,颗粒物(PM10),83,115,72,40,36,102,14,8,3,42,29,9,6,0.6,0.5
2023-04-23T09:00:00,2171A,112.7532,37.6945,晋中市,锦纶小区,,20,17,24,12,22,117,62,60,59,18,23,6,6,0.5,0.4
2023-04-23T09:00:00,2173A,112.7249,37.7067,晋中市,南都小区,,43,16,32,30,25,104,57,57,57,17,22,4,5,0.7,0.5
2023-04-23T09:00:00,2174A,112.6991,37.6982,晋中市,榆次区政府,,36,18,31,25,20,100,55,56,56,18,23,7,8,0.8,0.5
2023-04-23T09:00:00,2175A,110.9956,35.0147,运城市,运城中学,,28,25,16,19,15,93,50,88,69,12,9,5,5,1.0,0.8
2023-04-23T09:00:00,2178A,110.9686,35.0303,运城市,地区技校,,22,17,20,15,16,96,35,91,67,26,12,4,4,1.3,0.9
2023-04-23T09:00:00,2179A,111.0414,35.1147,运城市,空港新区,,29,22,18,20,17,80,40,72,56,16,14,7,6,1.1,1.1
2023-04-23T09:00:00,2181A,112.7383,38.4519,忻州市,开发区,,28,28,27,14,18,88,56,72,50,19,18,6,7,0.6,0.5
2023-04-23T09:00:00,2182A,112.7003,38.4928,忻州市,会展中心,,28,26,28,19,20,81,56,46,31,12,20,4,5,0.6,0.5
2023-04-23T09:00:00,2183A,111.1406,37.5211,吕梁市,环保局,,24,23,37,7,16,62,11,10,10,47,48,9,8,1.4,1.1
2023-04-23T09:00:00,2185A,111.1297,37.5136,吕梁市,自来水公司,,20,18,36,14,16,70,26,16,16,39,39,6,7,1.3,1
2023-04-23T09:00:00,2187A,106.8174,39.6973,乌海市,市林业局,颗粒物(PM10),51,51,53,18,22,116,73,108,86,19,13,10,13,0.7,0.7
2023-04-23T09:00:00,2188A,106.7907,39.6667,乌海市,中海勃湾学校,,50,50,51,26,20,115,87,105,95,11,15,10,12,0.6,0.5
2023-04-23T09:00:00,2191A,122.2532,43.6801,通辽市,艺术职业学校,,45,45,55,21,17,105,76,74,66,11,14,5,5,0.5,0.5
2023-04-23T09:00:00,2192A,119.7594,49.2261,呼伦贝尔市,区环保局,,32,32,38,12,21,90,81,62,62,7,16,5,5,0.4,0.3
2023-04-23T09:00:00,2195A,107.4212,40.761,巴彦淖尔市,附二中,颗粒物(PM10),67,83,68,26,21,115,67,87,80,22,17,8,5,0.6,0.5
2023-04-23T09:00:00,2196A,107.37,40.7372,巴彦淖尔市,市环保大楼,颗粒物(PM10),70,89,70,40,33,117,70,87,83,25,12,9,5,0.7,0.5
2023-04-23T09:00:00,2197A,113.1306,40.9923,乌兰察布市,集宁新区,,39,39,36,20,15,110,69,74,70,28,12,8,12,0.5,0.3
2023-04-23T09:00:00,2200A,122.0392,46.0656,兴安盟,胜华新制药厂,,29,29,31,18,16,92,83,58,58,8,12,3,2,0.3,0.3
2023-04-23T09:00:00,2201A,121.9504,46.0741,兴安盟,科右前旗环保局,,26,23,32,14,17,91,83,64,64,9,14,4,4,0.3,0.3
2023-04-23T09:00:00,2202A,116.1042,43.9317,锡林郭勒盟,市环保监测站,,50,50,31,12,8,99,75,76,72,6,4,11,10,0.2,0.3
2023-04-23T09:00:00,2203A,116.0781,43.9311,锡林郭勒盟,市政府,,,33,30,10,10,100,74,78,72,,7,6,9,0.2,0.2
2023-04-23T09:00:00,2204A,105.6467,38.8363,阿拉善盟,西城区西花园,,40,40,51,28,26,98,66,98,73,13,10,8,8,0.5,0.5
2023-04-23T09:00:00,2205A,105.6985,38.8411,阿拉善盟,蒙二幼,,36,30,29,25,27,102,71,94,79,13,9,9,9,0.3,0.3
2023-04-23T09:00:00,2206A,105.724,38.8516,阿拉善盟,环保局新楼,,35,35,35,24,27,110,75,99,82,13,8,6,6,0.4,0.4
2023-04-23T09:00:00,2207A,121.6094,41.998,阜新市,工业园区,颗粒物(PM10),53,55,83,11,23,127,86,71,71,8,14,8,20,0.3,0.5
2023-04-23T09:00:00,2208A,121.6697,42.0279,阜新市,长青街,,46,46,64,8,28,126,82,72,69,6,13,7,20,0.4,0.5
2023-04-23T09:00:00,2209A,121.6673,42.0705,阜新市,农业园区,,40,40,58,11,33,127,88,86,80,7,12,8,13,0.4,0.7
2023-04-23T09:00:00,2210A,121.6717,42.0224,阜新市,东苑,颗粒物(PM10),51,51,72,15,31,123,83,70,70,6,14,5,23,0.4,0.6
2023-04-23T09:00:00,2211A,121.6506,42.0498,阜新市,玉龙新城,,40,40,68,10,31,121,85,74,74,5,11,5,10,0.4,0.6
2023-04-23T09:00:00,2212A,123.2,41.1953,辽阳市,宏伟区,颗粒物(PM10),71,91,72,36,31,132,57,56,40,38,32,23,34,0.7,0.9
2023-04-23T09:00:00,2213A,123.1683,41.2495,辽阳市,新华园,颗粒物(PM10),63,76,72,36,33,143,65,58,47,29,30,17,32,0.8,0.9
2023-04-23T09:00:00,2214A,123.2354,41.2639,辽阳市,滨河路,颗粒物(PM10),71,92,82,42,40,125,54,44,29,34,37,14,28,0.6,0.8
2023-04-23T09:00:00,2215A,123.149,41.2991,辽阳市,铁西工业园,颗粒物(PM10),54,58,74,27,36,143,61,38,34,22,32,11,14,0.6,0.8
2023-04-23T09:00:00,2216A,123.8139,42.3022,铁岭市,汇工街西,颗粒物(PM10),71,92,68,36,48,133,64,49,22,17,30,3,14,0.5,0.5
2023-04-23T09:00:00,2217A,123.8649,42.2923,铁岭市,水上乐园,颗粒物(PM10),60,70,62,34,32,126,58,54,32,20,33,11,12,0.6,0.6
2023-04-23T09:00:00,2218A,123.8486,42.2867,铁岭市,银州路东段,颗粒物(PM10),66,82,70,31,29,126,60,66,34,22,31,8,8,0.4,0.3
2023-04-23T09:00:00,2219A,123.7153,42.2217,铁岭市,金沙江路北,颗粒物(PM10),58,66,70,35,42,124,60,66,48,20,20,5,6,0.5,0.5
2023-04-23T09:00:00,2220A,120.4318,41.5881,朝阳市,西梁,,37,37,60,5,20,121,92,75,75,8,16,9,12,0.5,0.6
2023-04-23T09:00:00,2221A,120.4521,41.5646,朝阳市,河畔小区,,37,37,65,8,21,124,93,101,83,5,11,9,12,0.6,0.7
2023-04-23T09:00:00,2222A,120.4176,41.5648,朝阳市,八里堡,,35,35,69,8,23,129,92,72,72,9,16,8,11,0.6,0.7
2023-04-23T09:00:00,2223A,120.3806,41.5969,朝阳市,农业园区,,31,29,58,5,16,127,98,82,81,5,12,8,9,0.4,0.5
2023-04-23T09:00:00,2225A,124.4002,43.1713,四平市,一商场,颗粒物(PM10),57,64,53,28,24,113,84,41,41,8,23,7,7,0.2,0.2
2023-04-23T09:00:00,2226A,124.388,43.193,四平市,境园,颗粒物(PM10),55,60,63,24,26,112,80,24,24,7,22,4,5,0.1,0.3
2023-04-23T09:00:00,2227A,125.1358,42.8845,辽源市,环保局,,43,43,34,21,20,109,76,44,32,17,15,11,11,0.4,0.4
2023-04-23T09:00:00,2229A,125.9358,41.7173,通化市,光明,颗粒物(PM10),76,102,56,44,24,107,36,46,31,63,30,120,31,5.1,0.9
2023-04-23T09:00:00,2230A,125.9446,41.7325,通化市,铁路,细颗粒物(PM2.5),89,124,61,66,29,110,28,49,30,86,28,139,32,6.7,1.2
2023-04-23T09:00:00,2231A,126.4219,41.9171,白山市,喜丰,颗粒物(PM10),84,117,84,37,26,100,52,42,30,34,28,17,15,0.6,0.5
2023-04-23T09:00:00,2232A,126.4077,41.9419,白山市,环保局,颗粒物(PM10),65,80,72,24,25,111,61,38,38,34,21,18,12,0.4,0.2
2023-04-23T09:00:00,2233A,124.8006,45.1214,松原市,江南,,35,24,28,24,17,108,84,65,65,6,15,5,5,0.1,0.3
2023-04-23T09:00:00,2234A,124.7965,45.1722,松原市,江北,,29,29,38,13,15,107,86,69,69,5,14,5,4,0.5,0.4
2023-04-23T09:00:00,2235A,122.7911,45.6077,白城市,洮北区环保局,,43,43,30,25,14,102,87,60,60,7,10,7,5,0.3,0.4
2023-04-23T09:00:00,2236A,122.8738,45.5725,白城市,市环保局,,35,35,37,13,15,105,91,74,64,6,11,16,5,0.3,0.4
2023-04-23T09:00:00,2237A,129.47,42.8883,延边朝鲜族自治州,妇幼医院,,29,28,40,6,20,140,91,78,70,9,13,6,7,0.4,0.5
2023-04-23T09:00:00,2238A,129.5055,42.9108,延边朝鲜族自治州,延边医院,,47,47,53,6,18,134,87,85,63,13,13,8,9,0.4,0.4
2023-04-23T09:00:00,2239A,129.3964,42.8881,延边朝鲜族自治州,朝阳川镇医院,,30,29,40,4,18,144,93,75,62,5,8,7,7,0.4,0.4
2023-04-23T09:00:00,2240A,130.9762,45.3001,鸡西市,环保局,,28,28,30,12,16,95,70,69,69,9,10,2,2,0.2,0.3
2023-04-23T09:00:00,2243A,130.9429,45.3039,鸡西市,第一中学,,27,27,30,10,19,89,70,65,64,3,4,3,3,0.3,0.3
2023-04-23T09:00:00,2244A,130.2537,47.3416,鹤岗市,哈啤分公司,,24,11,16,9,10,84,75,72,72,5,5,9,9,0.2,0.2
2023-04-23T09:00:00,2245A,130.2684,47.3086,鹤岗市,斯达机电,,24,11,18,5,12,82,75,72,71,5,5,6,6,0.2,0.2
2023-04-23T09:00:00,2246A,130.3114,47.3388,鹤岗市,东山纸板厂,,,,22,,12,74,,73,,,5,,6,,0.3
2023-04-23T09:00:00,2247A,130.1097,47.3382,鹤岗市,五号水库,,26,6,12,5,12,88,82,76,76,4,4,7,7,0.2,0.1
2023-04-23T09:00:00,2248A,131.1511,46.6937,双鸭山市,双合村,,23,17,22,5,10,86,73,73,73,7,6,5,5,0.5,0.5
2023-04-23T09:00:00,2249A,131.1652,46.6191,双鸭山市,南小市,,31,31,27,7,9,91,78,79,77,8,6,5,5,0.5,0.5
2023-04-23T09:00:00,2250A,131.1524,46.6554,双鸭山市,环保局,,26,19,18,8,16,97,83,83,82,6,4,6,5,0.4,0.4
2023-04-23T09:00:00,2251A,131.12,46.5656,双鸭山市,苗圃,,28,11,21,13,18,102,87,88,87,8,8,4,4,0,0.1
2023-04-23T09:00:00,2252A,128.5159,47.4311,伊春市,环保局,,25,14,14,8,7,89,78,66,66,6,8,7,4,0.3,0.3
2023-04-23T09:00:00,2253A,128.9102,47.7412,伊春市,电力嘉园,,25,13,21,5,12,87,77,68,67,3,4,5,5,0.5,0.5
2023-04-23T09:00:00,2254A,129.5029,48.471,伊春市,汤旺河国家公园,,25,8,14,14,16,86,78,72,72,2,2,5,5,0.3,0.3
2023-04-23T09:00:00,2255A,130.2751,46.8028,佳木斯市,佳纺,,,43,34,15,13,79,72,70,64,9,9,,3,0.3,0.3
2023-04-23T09:00:00,2256A,130.3995,46.8307,佳木斯市,发电厂,,24,12,17,6,11,79,76,72,70,7,9,4,4,0.3,0.3
2023-04-23T09:00:00,2257A,130.3258,46.7975,佳木斯市,环保局,,23,21,20,14,10,79,73,63,63,6,8,3,3,0.4,0.3
2023-04-23T09:00:00,2258A,130.3648,46.8032,佳木斯市,十一中,,30,19,20,21,16,79,74,65,64,8,12,6,7,0.3,0.3
2023-04-23T09:00:00,2259A,130.3794,46.7588,佳木斯市,四丰,,31,16,17,6,10,104,98,86,86,5,7,1,1,0.4,0.4
2023-04-23T09:00:00,2262A,131.0518,45.8751,七台河市,新一中,,27,12,21,8,16,95,84,71,71,3,5,6,6,0.5,0.5
2023-04-23T09:00:00,2263A,127.4833,50.2524,黑河市,交通局,,25,18,12,8,7,80,78,78,77,7,7,4,4,0.4,0.3
2023-04-23T09:00:00,2264A,127.5144,50.2341,黑河市,环保局,,25,15,12,7,9,81,80,80,80,6,5,2,2,0.4,0.3
2023-04-23T09:00:00,2265A,127.5291,50.2472,黑河市,大黑河岛,,25,5,8,6,5,93,77,90,88,7,2,32,6,0.5,0.3
2023-04-23T09:00:00,2266A,126.9785,46.6365,绥化市,人和东街,,31,31,31,14,10,90,68,60,57,8,8,4,4,0.3,0.2
2023-04-23T09:00:00,2267A,126.964,46.6528,绥化市,党政办公中心,,27,27,26,17,13,99,80,65,65,3,5,4,3,0.2,0.2
2023-04-23T09:00:00,2269A,124.1069,50.4097,大兴安岭地区,科技局,,27,14,14,8,11,92,86,82,81,4,4,7,8,0.3,0.3
2023-04-23T09:00:00,2270A,117.396,32.939,蚌埠市,工人疗养院,,36,23,65,25,22,92,68,74,74,12,16,3,5,0.3,0.3
2023-04-23T09:00:00,2271A,117.3605,32.9427,蚌埠市,百货大楼,,24,20,67,10,16,94,74,77,77,8,13,1,2,0.3,0.4
2023-04-23T09:00:00,2273A,117.4185,32.8911,蚌埠市,蚌埠学院,,27,27,67,14,18,92,62,74,73,21,20,4,6,0.4,0.4
2023-04-23T09:00:00,2274A,117.3533,32.9673,蚌埠市,淮上区政府,,24,22,63,9,17,96,75,76,76,8,14,3,4,0.3,0.3
2023-04-23T09:00:00,2275A,117.3145,32.8977,蚌埠市,高新区,,24,17,62,14,21,94,74,77,77,16,16,3,5,0.4,0.3
2023-04-23T09:00:00,2277A,116.8305,32.7727,淮南市,潘集区政府,,35,23,65,24,31,84,76,66,66,7,15,3,5,0.1,0.2
2023-04-23T09:00:00,2278A,117.0067,32.6524,淮南市,师范学院,,35,18,65,24,26,86,68,64,64,9,16,4,6,0.1,0.2
2023-04-23T09:00:00,2279A,116.8569,32.5951,淮南市,谢家集区政府,,28,28,60,15,21,86,76,67,67,8,12,2,4,0.1,0.2
2023-04-23T09:00:00,2280A,116.8281,32.633,淮南市,八公山区政府,,35,35,84,9,18,82,72,62,62,8,14,1,4,0.2,0.3
2023-04-23T09:00:00,2281A,116.6325,32.6201,淮南市,焦岗湖风景区管理处,,32,32,55,18,23,73,66,52,52,3,14,6,7,0.1,0.2
2023-04-23T09:00:00,2282A,116.8004,33.975,淮北市,监测站,,40,33,63,28,33,80,58,62,62,18,22,3,5,0.7,0.6
2023-04-23T09:00:00,2283A,116.8091,33.9007,淮北市,烈山区政府,,40,19,56,28,30,77,62,58,58,16,21,6,6,0.6,0.6
2023-04-23T09:00:00,2284A,116.7856,33.9477,淮北市,职业技术学院,,38,30,62,26,33,81,64,66,66,15,19,5,6,0.7,0.6
2023-04-23T09:00:00,2285A,117.8177,30.9412,铜陵市,市第四中学,,30,30,74,18,22,81,27,48,39,36,35,12,13,0.5,0.4
2023-04-23T09:00:00,2286A,117.8059,30.9273,铜陵市,市公路局,,30,30,69,4,19,86,34,50,41,27,32,4,5,0.8,0.7
2023-04-23T09:00:00,2287A,117.7807,30.9413,铜陵市,市新民污水厂,,25,25,67,11,23,88,37,63,52,24,27,6,6,0.6,0.5
2023-04-23T09:00:00,2288A,117.7439,30.8792,铜陵市,市第九中学,,22,19,77,15,24,73,43,54,48,22,33,24,42,0.7,1
2023-04-23T09:00:00,2289A,117.846,30.9413,铜陵市,车站新区,,20,20,60,7,17,86,38,72,54,26,27,3,3,0.7,0.5
2023-04-23T09:00:00,2290A,117.8483,30.97,铜陵市,市职教基地,,13,13,61,9,17,87,41,63,52,15,17,1,2,0.4,0.3
2023-04-23T09:00:00,2291A,117.0809,30.5177,安庆市,环科院,,20,3,47,5,25,92,62,71,62,10,14,8,9,0.4,0.5
2023-04-23T09:00:00,2292A,117.0331,30.5119,安庆市,马山宾馆,,19,19,48,4,23,90,59,81,61,13,14,7,7,0.4,0.4
2023-04-23T09:00:00,2294A,116.9896,30.6145,安庆市,安庆大学,,20,9,49,3,20,89,62,66,61,11,15,7,8,0.4,0.4
2023-04-23T09:00:00,2295A,118.2903,29.6963,黄山市,延安路89号,,38,38,48,15,22,84,72,83,75,12,11,5,6,0.3,0.3
2023-04-23T09:00:00,2296A,118.327,29.7178,黄山市,黄山东路89号,,27,27,36,16,18,82,67,80,72,12,12,5,6,0.5,0.5
2023-04-23T09:00:00,2297A,118.1371,30.2756,黄山市,黄山区政府5号楼,,26,26,38,14,19,76,68,75,73,15,13,5,5,0.3,0.3
2023-04-23T09:00:00,2298A,118.3093,32.3153,滁州市,老年大学,颗粒物(PM10),55,60,62,29,21,110,78,76,71,13,14,4,6,0.3,0.4
2023-04-23T09:00:00,2299A,118.3244,32.2786,滁州市,人大宾馆,颗粒物(PM10),60,69,67,35,22,109,71,76,68,19,16,5,6,0.3,0.4
2023-04-23T09:00:00,2301A,115.8277,32.8929,阜阳市,市监测站,,28,17,47,19,25,69,68,54,54,19,22,4,6,0.5,0.5
2023-04-23T09:00:00,2303A,115.8554,32.8605,阜阳市,开发区,,33,19,57,23,25,73,65,55,55,18,20,5,7,0.6,0.5
2023-04-23T09:00:00,2307A,116.5079,31.737,六安市,监测大楼,,22,17,54,15,20,77,54,63,61,12,16,2,4,0.3,0.3
2023-04-23T09:00:00,2308A,116.4738,31.7643,六安市,皖西学院,,28,14,57,19,19,87,60,71,67,10,14,2,4,0.2,0.2
2023-04-23T09:00:00,2309A,116.4996,31.7905,六安市,朝阳厂,,21,9,45,5,16,87,65,72,67,12,17,4,4,0.2,0.2
2023-04-23T09:00:00,2310A,116.5567,31.7886,六安市,开发区,,35,30,68,24,25,81,52,67,60,12,16,5,6,0.4,0.4
2023-04-23T09:00:00,2311A,115.8072,33.8399,亳州市,污水处理厂,,35,21,37,24,24,78,69,64,64,3,6,6,7,0.3,0.2
2023-04-23T09:00:00,2312A,115.7789,33.8518,亳州市,三国揽胜宫,,26,26,48,13,19,75,66,62,62,10,12,3,4,0.5,0.4
2023-04-23T09:00:00,2314A,117.47,30.6618,池州市,池州学院,,16,16,64,10,27,78,47,66,50,15,21,3,6,0.5,0.5
2023-04-23T09:00:00,2316A,118.7581,30.9454,宣城市,鳌峰子站,颗粒物(PM10),51,51,79,23,24,92,78,63,63,10,16,7,6,0.4,0.4
2023-04-23T09:00:00,2317A,118.7385,30.9743,宣城市,敬亭山子站,颗粒物(PM10),56,62,81,19,24,88,80,63,63,14,23,6,6,0.3,0.4
2023-04-23T09:00:00,2318A,118.7173,30.9427,宣城市,开发区子站,颗粒物(PM10),53,55,74,25,24,95,81,67,67,18,20,4,6,0.4,0.5
2023-04-23T09:00:00,2319A,119.0141,25.4325,莆田市,荔城区仓后路,颗粒物(PM10),61,72,74,28,26,132,64,76,72,31,18,6,6,0.7,0.7
2023-04-23T09:00:00,2320A,119.0015,25.4553,莆田市,莆田市监测站,颗粒物(PM10),54,58,69,28,30,135,79,63,59,20,15,8,8,0.7,0.7
2023-04-23T09:00:00,2321A,119.1119,25.4561,莆田市,涵江区六中,颗粒物(PM10),61,72,72,31,35,127,86,105,81,14,16,6,7,0.6,0.6
2023-04-23T09:00:00,2322A,119.1013,25.3215,莆田市,秀屿区政府,颗粒物(PM10),58,65,63,30,29,133,85,113,99,18,13,7,8,0.7,0.6
2023-04-23T09:00:00,2323A,118.981,25.4792,莆田市,东圳水库,,,53,57,18,15,,,,,9,10,6,6,,
2023-04-23T09:00:00,2324A,117.6211,26.2625,三明市,三钢,,45,41,32,31,21,88,43,32,32,17,15,10,9,0.5,0.4
2023-04-23T09:00:00,2325A,117.635,26.2714,三明市,三明二中,,43,43,36,30,20,85,38,34,33,26,19,8,7,0.6,0.5
2023-04-23T09:00:00,2326A,117.6028,26.2378,三明市,三元区政府,细颗粒物(PM2.5),55,55,37,39,29,87,39,27,22,21,16,9,9,0.8,0.7
2023-04-23T09:00:00,2327A,117.7275,26.3108,三明市,洋溪,,,49,37,42,28,,,,,26,24,14,11,,
2023-04-23T09:00:00,2331A,118.0966,26.6761,南平市,茫荡山,,,,,10,12,,,,,2,2,5,5,,
2023-04-23T09:00:00,2332A,118.1681,26.6369,南平市,南平市监测站,,50,50,40,22,20,100,83,96,93,14,10,4,3,0.9,0.8
2023-04-23T09:00:00,2333A,118.1825,26.6489,南平市,南平铝业有限公司,颗粒物(PM10),63,75,41,29,21,108,86,106,97,14,14,6,6,0.8,0.7
2023-04-23T09:00:00,2334A,118.1756,26.6272,南平市,南平七中,,41,41,40,24,24,106,91,101,99,10,9,4,4,0.6,0.6
2023-04-23T09:00:00,2335A,117.0189,25.1181,龙岩市,龙岩师专,,,70,50,43,31,,,,,21,19,11,10,,
2023-04-23T09:00:00,2336A,117.0217,25.1033,龙岩市,龙岩市监测站,"颗粒物(PM10),细颗粒物(PM2.5)",57,63,51,40,27,117,78,99,81,26,23,18,13,0.6,0.5
2023-04-23T09:00:00,2337A,117.0258,25.0661,龙岩市,闽西职业技术学院,细颗粒物(PM2.5),60,66,51,43,28,109,58,106,84,41,21,25,19,0.5,0.4
2023-04-23T09:00:00,2338A,117.0196,25.0306,龙岩市,龙岩学院,颗粒物(PM10),52,54,44,35,26,93,80,87,80,15,16,8,8,0.5,0.4
2023-04-23T09:00:00,2339A,119.5001,26.6946,宁德市,金涵水库,,,60,61,22,22,,,,,14,15,3,3,,
2023-04-23T09:00:00,2341A,119.5388,26.6612,宁德市,宁德市监测站,颗粒物(PM10),62,73,63,26,25,136,70,114,89,25,15,3,3,0.5,0.5
2023-04-23T09:00:00,2342A,117.3102,29.3867,景德镇市,王港中学,,,,,,,,,,,,,,,,
2023-04-23T09:00:00,2343A,117.2117,29.2933,景德镇市,老干部活动中心,,50,50,60,17,21,70,60,67,65,12,9,4,4,0.4,0.4
2023-04-23T09:00:00,2344A,117.1894,29.2789,景德镇市,兽医站,,21,13,29,11,19,74,67,71,70,10,9,5,5,0.4,0.3
2023-04-23T09:00:00,2345A,117.1547,29.2617,景德镇市,台达陶瓷,,20,18,26,14,15,70,64,69,66,12,11,8,9,0.4,0.4
2023-04-23T09:00:00,2346A,117.2461,29.2956,景德镇市,陶研所,,31,31,37,12,15,77,64,70,67,6,4,5,4,0.3,0.3
2023-04-23T09:00:00,2347A,114.0997,27.5002,萍乡市,武功山,,10,1,8,4,8,50,31,37,34,7,11,7,8,1.0,1.1
2023-04-23T09:00:00,2348A,113.8385,27.6434,萍乡市,中医院,,13,9,18,9,13,61,24,37,34,13,12,10,9,0.6,0.6
2023-04-23T09:00:00,2349A,113.8493,27.6253,萍乡市,市政府车库,,13,12,20,9,12,51,21,36,31,10,11,11,12,0.6,0.6
2023-04-23T09:00:00,2350A,113.8676,27.6435,萍乡市,市环保局,,17,17,19,9,12,51,18,30,27,12,12,12,12,0.5,0.4
2023-04-23T09:00:00,2351A,113.866,27.6198,萍乡市,安源区政府,,29,29,29,12,10,45,23,34,30,9,12,4,9,0.4,0.4
2023-04-23T09:00:00,2352A,115.0861,27.9317,新余市,北岗,,15,9,23,7,15,57,48,42,42,9,16,8,9,0.7,0.6
2023-04-23T09:00:00,2353A,114.9886,27.8431,新余市,飞宇,,22,22,41,8,18,64,51,45,45,17,18,13,9,0.4,0.5
2023-04-23T09:00:00,2354A,114.9231,27.8246,新余市,第二水厂,,16,10,37,6,16,74,51,40,33,16,18,8,8,0.3,0.2
2023-04-23T09:00:00,2355A,114.9308,27.8036,新余市,市气象局,,13,13,32,8,18,64,41,38,31,14,15,9,10,0.6,0.5
2023-04-23T09:00:00,2357A,116.9822,28.1136,鹰潭市,龙虎山,,23,14,43,16,27,113,38,46,34,14,11,2,3,1.1,1
2023-04-23T09:00:00,2358A,117.0564,28.2642,鹰潭市,新监测站,,30,30,53,20,27,118,45,45,42,13,12,3,6,0.4,0.5
2023-04-23T09:00:00,2359A,117.0311,28.2475,鹰潭市,财苑宾馆,,34,34,55,17,31,126,46,51,45,16,15,7,15,0.4,0.5
2023-04-23T09:00:00,2360A,117.0222,28.2264,鹰潭市,体育馆,,28,28,55,18,31,125,43,51,38,14,16,6,16,0.1,0.3
2023-04-23T09:00:00,2361A,117.0017,28.2131,鹰潭市,三川水表,,,,61,16,34,119,36,46,36,17,20,3,10,0.6,0.8
2023-04-23T09:00:00,2362A,114.9017,25.9149,赣州市,通天岩,,,,29,,16,84,,82,,,4,,8,,1.2
2023-04-23T09:00:00,2363A,114.9367,25.8664,赣州市,地委,,33,33,30,20,23,86,20,28,23,10,10,8,8,0.9,0.8
2023-04-23T09:00:00,2364A,114.9461,25.8481,赣州市,气象台,,37,37,28,14,16,83,22,47,28,12,10,3,4,0.8,0.7
2023-04-23T09:00:00,2365A,114.9322,25.8333,赣州市,市图书馆,,40,40,36,19,17,93,20,60,28,17,14,13,5,1.1,1
2023-04-23T09:00:00,2366A,114.8905,25.8471,赣州市,华坚鞋城,,36,36,34,24,18,89,13,50,22,11,8,9,8,0.8,0.7
2023-04-23T09:00:00,2367A,114.9754,27.0803,吉安市,红声器材厂,,21,21,48,5,26,90,30,39,38,20,20,7,7,0.6,0.6
2023-04-23T09:00:00,2368A,114.9658,27.0999,吉安市,市森林工业局,,16,16,43,9,27,81,33,42,42,14,16,13,13,0.5,0.8
2023-04-23T09:00:00,2369A,114.99,27.1312,吉安市,市环境监测站,,15,14,44,10,25,59,28,38,37,21,20,7,7,0.5,0.6
2023-04-23T09:00:00,2370A,115.0093,27.0968,吉安市,青原区法院,,13,13,42,8,27,72,24,38,38,23,20,10,9,0.8,0.8
2023-04-23T09:00:00,2371A,114.3408,27.8064,宜春市,槟榔水业,,32,32,29,4,16,38,20,21,21,11,13,7,8,0.7,0.7
2023-04-23T09:00:00,2373A,114.3956,27.7844,宜春市,市石油公司,,13,13,31,9,17,63,26,26,26,15,17,11,7,0.7,0.8
2023-04-23T09:00:00,2374A,114.3703,27.7914,宜春市,市气象局,,14,14,33,7,17,64,28,29,29,17,21,5,6,0.5,0.7
2023-04-23T09:00:00,2375A,114.4013,27.8074,宜春市,市广电局,,17,17,29,6,21,64,27,29,29,16,17,10,9,0.8,0.6
2023-04-23T09:00:00,2376A,116.2127,28.0814,抚州市,桐源党溪,,22,22,32,8,16,72,67,64,64,3,3,3,3,1.1,1.2
2023-04-23T09:00:00,2377A,116.3544,27.9831,抚州市,市站,,20,20,29,11,15,71,60,57,57,9,9,4,4,0.5,0.5
2023-04-23T09:00:00,2378A,116.3565,27.963,抚州市,血防站,,30,30,32,12,15,71,58,56,56,11,9,3,3,0.5,0.6
2023-04-23T09:00:00,2379A,116.3564,28.0007,抚州市,采茶剧团,,21,21,29,14,18,68,59,57,57,12,12,1,2,0.7,0.8
2023-04-23T09:00:00,2380A,116.385,27.9647,抚州市,医学分院,,19,14,27,7,13,71,58,54,54,8,8,3,4,0.6,0.7
2023-04-23T09:00:00,2381A,118.005,28.4572,上饶市,百草园,,42,42,52,2,11,88,0,0,0,2,4,2,4,0.8,0.5
2023-04-23T09:00:00,2382A,117.9756,28.4436,上饶市,市监测站,,48,48,62,24,25,103,60,65,63,18,20,7,17,0.6,0.6
2023-04-23T09:00:00,2383A,117.9519,28.4628,上饶市,凤凰光学,颗粒物(PM10),52,54,62,25,24,103,60,63,63,22,22,18,13,0.6,0.6
2023-04-23T09:00:00,2385A,114.17,35.9019,鹤壁市,市监测站,,25,14,27,4,20,87,77,78,71,13,19,5,6,0.6,0.9
2023-04-23T09:00:00,2386A,114.2956,35.7511,鹤壁市,市交警支队,,20,10,25,12,16,80,64,69,64,22,21,6,5,0.5,0.6
2023-04-23T09:00:00,2387A,114.2878,35.7306,鹤壁市,迎宾馆,,50,9,18,35,20,81,59,70,60,26,23,5,6,0.8,0.8
2023-04-23T09:00:00,2389A,113.836,35.311,新乡市,环保西院,,20,13,23,5,10,82,62,75,71,13,13,1,2,0.9,0.7
2023-04-23T09:00:00,2390A,113.884,35.272,新乡市,开发区,,22,9,22,5,10,85,70,83,78,15,16,6,6,1.0,0.9
2023-04-23T09:00:00,2391A,113.883,35.303,新乡市,环保东院,,22,22,30,11,18,84,68,79,76,16,17,1,1,0.9,0.7
2023-04-23T09:00:00,2392A,115.0312,35.7636,濮阳市,环保局,,40,24,24,28,20,89,52,64,60,25,17,7,7,0.5,0.4
2023-04-23T09:00:00,2394A,115.0574,35.7609,濮阳市,油田运输公司,,49,28,31,34,23,90,51,61,58,15,11,8,8,0.5,0.4
2023-04-23T09:00:00,2395A,115.0866,35.7754,濮阳市,油田物探公司,,49,15,21,34,22,87,47,60,56,16,12,8,5,0.3,0.2
2023-04-23T09:00:00,2396A,113.8276,34.0159,许昌市,监测站,,22,15,19,15,16,80,50,67,61,13,11,4,4,0.5,0.4
2023-04-23T09:00:00,2398A,113.7906,33.9953,许昌市,开发区,,18,8,17,12,14,87,54,73,66,8,8,2,2,0.6,0.5
2023-04-23T09:00:00,2399A,114.051,33.5699,漯河市,三五一五工厂,,25,15,22,17,20,86,57,69,62,5,5,4,5,0.2,0.1
2023-04-23T09:00:00,2400A,114.0055,33.5698,漯河市,漯河大学,,30,21,26,21,22,87,61,74,66,6,4,4,4,0.3,0.3
2023-04-23T09:00:00,2401A,114.0138,33.5828,漯河市,市水利局,,20,14,23,14,15,81,57,70,62,12,11,4,4,0.4,0.3
2023-04-23T09:00:00,2402A,114.0261,33.5698,漯河市,市广电局,,26,15,19,18,18,87,59,72,64,10,10,4,4,0.4,0.3
2023-04-23T09:00:00,2404A,112.5224,33.0122,南阳市,瓦房庄,,20,19,28,14,19,82,61,82,72,12,10,4,4,0.3,0.3
2023-04-23T09:00:00,2405A,112.5003,32.9735,南阳市,汉画馆,,20,17,28,9,17,84,62,84,74,10,6,2,3,0.4,0.4
2023-04-23T09:00:00,2406A,112.5573,33.027,南阳市,气象站,,18,12,20,12,17,76,54,75,66,14,9,6,6,0.3,0.2
2023-04-23T09:00:00,2407A,112.5481,32.9689,南阳市,理工学院,,20,17,25,10,18,86,64,86,76,11,8,5,5,0.4,0.4
2023-04-23T09:00:00,2408A,115.6702,34.4285,商丘市,环境监测站,,33,18,34,23,28,69,66,54,54,11,14,5,6,0.3,0.4
2023-04-23T09:00:00,2409A,115.6458,34.4045,商丘市,粮食局,,35,24,30,24,28,69,64,55,55,12,13,4,5,0.2,0.2
2023-04-23T09:00:00,2410A,115.6293,34.3948,商丘市,睢阳区环保局,,36,23,33,25,25,79,71,60,60,7,9,4,5,0.5,0.4
2023-04-23T09:00:00,2420A,114.0189,32.9656,驻马店市,市一纸厂,,40,31,35,28,28,77,54,77,63,9,8,2,3,0.2,0.2
2023-04-23T09:00:00,2421A,114.0114,33.015,驻马店市,市彩印厂,,36,27,29,25,22,73,53,73,60,8,9,3,3,0.2,0.3
2023-04-23T09:00:00,2422A,113.9976,32.9771,驻马店市,天方二分厂,,,23,24,30,27,76,54,76,62,,5,6,6,0.3,0.3
2023-04-23T09:00:00,2423A,115.0601,30.2313,黄石市,沈家营,,26,26,30,9,12,59,40,54,45,16,17,4,4,0.9,0.6
2023-04-23T09:00:00,2424A,115.0817,30.2006,黄石市,陈家湾,,19,19,24,13,13,71,38,55,46,20,13,4,4,0.6,0.5
2023-04-23T09:00:00,2426A,114.8988,30.2019,黄石市,铁山,,19,19,26,6,13,62,43,61,40,6,13,8,9,0.6,0.7
2023-04-23T09:00:00,2427A,115.0307,30.2092,黄石市,团城山,,24,24,28,4,8,73,44,55,45,12,13,5,5,0.7,0.5
2023-04-23T09:00:00,2428A,111.0419,32.395,十堰市,武当山,,25,2,21,4,8,86,80,83,82,2,5,5,6,0.4,0.4
2023-04-23T09:00:00,2429A,110.78,32.6494,十堰市,滨河新村,,,,37,,18,69,,65,,,8,,4,,1.0
2023-04-23T09:00:00,2430A,110.7258,32.6389,十堰市,刘家沟,,18,16,31,10,14,85,57,85,74,15,8,6,6,0.6,0.6
2023-04-23T09:00:00,2431A,110.8839,32.5714,十堰市,铁二处,,20,17,29,12,14,90,63,89,78,20,9,5,6,0.5,0.5
2023-04-23T09:00:00,2432A,112.155,32.0197,襄阳市,襄城运动路,,21,19,32,13,20,85,67,83,79,14,13,7,7,0.6,0.6
2023-04-23T09:00:00,2433A,112.1392,32.0564,襄阳市,樊城新华路,,23,16,28,16,20,80,59,79,74,22,14,6,6,0.6,0.6
2023-04-23T09:00:00,2434A,112.1825,32.1142,襄阳市,高新管委会,,25,25,33,17,18,75,60,74,71,22,14,8,8,0.5,0.6
2023-04-23T09:00:00,2435A,112.2106,32.0903,襄阳市,襄州航空路,,20,15,27,13,16,80,63,78,75,7,6,5,5,0.5,0.5
2023-04-23T09:00:00,2436A,114.8938,30.3994,鄂州市,市政府,,15,14,20,10,11,62,41,50,40,17,16,8,8,0.3,0.3
2023-04-23T09:00:00,2437A,114.8989,30.3714,鄂州市,赵家坝,,14,13,23,6,10,62,42,56,43,13,12,6,6,0.4,0.3
2023-04-23T09:00:00,2439A,112.2014,31.0481,荆门市,竹园小学,,22,9,28,7,17,77,70,75,73,17,18,7,8,0.5,0.5
2023-04-23T09:00:00,2440A,112.1969,30.9891,荆门市,掇刀,,22,8,27,1,17,76,69,74,72,9,8,6,6,0.4,0.5
2023-04-23T09:00:00,2441A,112.2213,31.0386,荆门市,石化一小,,26,26,30,14,23,77,71,76,74,8,9,5,5,0.4,0.4
2023-04-23T09:00:00,2443A,113.9153,30.9285,孝感市,文化路,,16,12,32,8,19,68,49,57,57,11,10,7,7,0.5,0.4
2023-04-23T09:00:00,2444A,113.942,30.9075,孝感市,东城区,,15,12,36,4,15,65,45,54,53,7,6,15,15,0.6,0.5
2023-04-23T09:00:00,2446A,114.9028,30.4742,黄冈市,职工中心,,19,19,27,13,18,62,42,55,44,6,6,3,3,0.6,0.5
2023-04-23T09:00:00,2447A,114.3175,29.8142,咸宁市,森林公园,,15,11,18,10,12,68,43,49,40,2,4,5,5,0.6,0.6
2023-04-23T09:00:00,2448A,114.3107,29.8454,咸宁市,市发改委,,26,20,27,18,16,71,41,49,38,17,15,8,8,0.6,0.5
2023-04-23T09:00:00,2449A,114.2936,29.8566,咸宁市,咸安区政府,,16,16,23,10,17,67,39,48,39,10,8,5,7,0.6,0.5
2023-04-23T09:00:00,2451A,113.3583,31.7275,随州市,市委党校,,19,19,26,12,17,69,52,64,62,10,9,4,4,0.6,0.6
2023-04-23T09:00:00,2452A,113.3833,31.6908,随州市,市林业局,,17,14,22,11,15,72,54,64,63,6,6,6,5,0.3,0.3
2023-04-23T09:00:00,2453A,113.3983,31.7308,随州市,市立交桥水厂,,23,20,24,16,19,70,52,63,62,8,9,5,5,0.5,0.4
2023-04-23T09:00:00,2454A,109.4978,30.2981,恩施土家族苗族自治州,湖北民院,,25,25,19,17,5,64,60,61,61,1,4,7,7,0.8,0.8
2023-04-23T09:00:00,2455A,109.4707,30.2798,恩施土家族苗族自治州,州电力总公司,,15,1,9,6,10,50,45,48,48,13,11,7,7,0.7,0.7
2023-04-23T09:00:00,2456A,112.5003,26.9167,衡阳市,原169医院,,10,6,10,4,8,51,31,50,37,13,13,2,4,0.8,0.7
2023-04-23T09:00:00,2457A,112.6194,26.9258,衡阳市,衡阳化工总厂,,10,8,10,2,5,50,30,50,41,15,12,7,7,0.5,0.5
2023-04-23T09:00:00,2458A,112.6211,26.8956,衡阳市,珠晖区环保局,,12,12,10,3,8,49,25,47,38,21,15,6,6,0.7,0.6
2023-04-23T09:00:00,2459A,112.6197,26.8733,衡阳市,市委党校,,19,19,11,1,2,56,33,54,43,12,11,8,7,0.6,0.6
2023-04-23T09:00:00,2460A,112.6006,26.8919,衡阳市,市监测站,,12,11,12,8,8,52,34,51,43,12,11,6,6,0.7,0.6
2023-04-23T09:00:00,2461A,112.5664,26.9056,衡阳市,真空机电公司,,9,7,11,6,9,49,28,49,40,14,13,7,6,0.6,0.5
2023-04-23T09:00:00,2462A,111.5239,27.3033,邵阳市,市水土所,,19,19,10,11,16,46,34,45,40,8,9,7,6,0.6,0.6
2023-04-23T09:00:00,2463A,111.4733,27.2317,邵阳市,市一中,,12,12,13,3,7,48,33,47,42,11,11,9,9,0.4,0.4
2023-04-23T09:00:00,2464A,111.5283,27.2442,邵阳市,市化工厂,,10,9,17,5,10,47,31,46,41,14,13,13,9,0.2,0.3
2023-04-23T09:00:00,2465A,111.4503,27.2537,邵阳市,市罐头厂,,12,12,10,8,10,51,36,50,44,9,9,10,10,0.5,0.4
2023-04-23T09:00:00,2466A,111.4328,27.2272,邵阳市,市环保局,,12,9,9,6,6,50,37,49,44,9,10,12,12,0.3,0.3
2023-04-23T09:00:00,2467A,112.4067,28.6428,益阳市,甘溪港,,15,4,8,6,7,64,48,49,49,10,10,4,4,0.5,0.5
2023-04-23T09:00:00,2468A,112.3458,28.5808,益阳市,市环保局,,14,12,13,9,15,57,43,46,46,11,10,4,4,0.5,0.4
2023-04-23T09:00:00,2469A,112.3437,28.5531,益阳市,市特殊教育学校,,30,24,24,21,16,56,41,45,44,9,8,4,4,0.6,0.5
2023-04-23T09:00:00,2470A,112.3347,28.6047,益阳市,资阳区政务中心,,18,18,18,9,8,56,42,46,46,9,8,4,4,0.5,0.5
2023-04-23T09:00:00,2471A,112.3744,28.5819,益阳市,赫山环保分局,,30,30,18,14,9,58,42,47,46,13,10,4,4,0.5,0.5
2023-04-23T09:00:00,2472A,113.0073,25.9061,郴州市,马头岭,,12,11,24,5,13,124,36,39,39,13,15,5,5,0.5,0.5
2023-04-23T09:00:00,2473A,113.0116,25.8226,郴州市,市职中,,14,14,22,4,15,128,30,32,32,11,12,3,4,0.5,0.5
2023-04-23T09:00:00,2474A,113.0161,25.8001,郴州市,兴隆步行街,,10,6,18,1,16,121,31,34,34,14,13,4,5,0.4,0.5
2023-04-23T09:00:00,2475A,113.0383,25.8071,郴州市,市审计局,,15,8,21,10,16,126,30,31,31,14,15,2,3,0.4,0.5
2023-04-23T09:00:00,2476A,113.0348,25.7759,郴州市,市环保局,,9,8,22,5,15,112,26,29,29,15,15,3,3,0.4,0.5
2023-04-23T09:00:00,2477A,111.6217,26.2081,永州市,零陵南津渡,,33,3,16,23,21,117,39,48,46,11,8,5,5,0.5,0.6
2023-04-23T09:00:00,2478A,111.6156,26.4214,永州市,市环境监测站,,12,7,9,5,6,49,37,48,45,12,11,4,5,0.7,0.6
2023-04-23T09:00:00,2479A,111.6236,26.2331,永州市,零陵区环保局,,12,8,12,6,9,94,38,46,44,9,8,6,6,0.7,0.7
2023-04-23T09:00:00,2480A,111.5992,26.4364,永州市,永州市环保局,,,7,9,3,6,51,39,46,43,7,8,2,2,,0.5
2023-04-23T09:00:00,2481A,111.5989,26.4519,永州市,冷水滩区环保局,,12,9,10,5,9,51,38,51,46,11,10,7,6,0.7,0.7
2023-04-23T09:00:00,2482A,109.5981,27.5721,怀化市,林科所,,15,2,8,9,7,52,48,51,49,5,6,8,8,0.5,0.5
2023-04-23T09:00:00,2483A,109.9453,27.5444,怀化市,河西地税局,,13,9,9,5,6,50,41,50,46,8,7,17,12,0.5,0.5
2023-04-23T09:00:00,2484A,109.9781,27.5342,怀化市,市四医院,,12,10,9,4,5,46,38,46,42,5,4,5,5,0.4,0.4
2023-04-23T09:00:00,2485A,109.9972,27.5578,怀化市,监测楼,,13,11,8,4,4,48,41,48,44,6,5,2,2,0.5,0.4
2023-04-23T09:00:00,2486A,110.0394,27.583,怀化市,市委党校,,19,16,22,13,18,45,38,44,42,11,10,5,7,0.5,0.5
2023-04-23T09:00:00,2487A,111.9589,27.8901,娄底市,电视发射台,,18,18,15,0,2,56,48,52,47,5,7,3,3,0.9,0.8
2023-04-23T09:00:00,2488A,111.9975,27.725,娄底市,市监测站,,13,2,5,0,6,52,39,47,42,10,9,2,2,0.4,0.4
2023-04-23T09:00:00,2489A,112.0194,27.7314,娄底市,市委党校,,12,10,9,6,7,49,38,49,40,9,10,4,4,0.4,0.4
2023-04-23T09:00:00,2490A,111.9561,27.7569,娄底市,涟钢,,12,12,25,3,11,48,34,48,34,13,19,4,6,0.7,0.9
2023-04-23T09:00:00,2491A,111.9892,27.7044,娄底市,市政府,,13,2,8,2,5,52,40,50,44,8,7,4,4,0.6,0.5
2023-04-23T09:00:00,2492A,109.6414,28.2558,湘西州,跃进水库,,15,9,10,10,3,58,38,45,41,5,5,8,8,0.7,0.6
2023-04-23T09:00:00,2493A,109.7325,28.3169,湘西州,州政府,,15,11,8,7,6,72,47,56,50,10,7,6,6,0.5,0.5
2023-04-23T09:00:00,2494A,109.6958,28.2675,湘西州,吉首市计生局,,19,10,8,13,8,61,42,56,49,11,9,5,6,0.4,0.3
2023-04-23T09:00:00,2495A,111.3014,23.4832,梧州市,市逸夫小学,,48,48,51,26,30,73,15,48,22,16,15,7,9,0.8,0.8
2023-04-23T09:00:00,2496A,111.3239,23.4794,梧州市,市十一中,颗粒物(PM10),51,51,49,26,27,88,22,68,35,24,19,6,6,0.6,0.6
2023-04-23T09:00:00,2497A,111.247,23.4189,梧州市,龙圩,,38,38,50,24,28,90,28,56,37,17,18,6,6,0.8,0.8
2023-04-23T09:00:00,2498A,111.2711,23.4835,梧州市,龙新,,38,32,46,26,27,76,16,51,33,24,16,5,5,0.9,0.8
2023-04-23T09:00:00,2499A,108.3411,21.6158,防城港市,沙万,颗粒物(PM10),52,54,59,29,26,78,9,48,26,40,30,6,10,0.4,0.5
2023-04-23T09:00:00,2500A,108.3514,21.7731,防城港市,防城档案局,颗粒物(PM10),56,61,56,32,27,81,19,58,23,16,15,7,8,0.7,0.7
2023-04-23T09:00:00,2501A,108.3506,21.6414,防城港市,大海花园,颗粒物(PM10),53,55,52,29,26,101,20,60,36,15,10,7,8,0.6,0.6
2023-04-23T09:00:00,2502A,108.6236,21.9667,钦州市,市环保站,,44,44,49,19,23,97,25,58,38,15,13,8,7,0.7,0.7
2023-04-23T09:00:00,2503A,108.6549,21.9481,钦州市,沙埠小学,颗粒物(PM10),54,57,53,31,29,97,19,59,37,21,14,13,7,0.8,0.8
2023-04-23T09:00:00,2504A,108.5989,21.7431,钦州市,港区一小,颗粒物(PM10),52,53,55,26,28,99,19,54,33,20,15,6,6,1.0,1.2
2023-04-23T09:00:00,2505A,109.568,23.1478,贵港市,德智高中,,49,49,52,33,30,64,19,43,27,27,23,5,5,0.5,0.7
2023-04-23T09:00:00,2506A,109.6047,23.0666,贵港市,江南子站,细颗粒物(PM2.5),53,53,54,37,32,75,14,42,25,28,19,8,8,0.7,0.7
2023-04-23T09:00:00,2507A,109.6014,23.0948,贵港市,贵城子站,细颗粒物(PM2.5),54,47,53,38,35,74,21,36,29,30,22,8,9,0.8,0.8
2023-04-23T09:00:00,2508A,109.5669,23.1065,贵港市,荷城子站,,42,41,46,29,29,68,20,40,33,25,19,11,12,0.9,0.8
2023-04-23T09:00:00,2509A,110.1106,22.7019,玉林市,寒山水库,颗粒物(PM10),52,53,60,24,27,118,29,68,45,7,10,10,11,0.6,0.7
2023-04-23T09:00:00,2510A,110.1675,22.6411,玉林市,市监测站,,43,43,50,28,27,92,23,56,34,13,13,10,10,0.8,0.8
2023-04-23T09:00:00,2511A,110.1433,22.6164,玉林市,南江一中,颗粒物(PM10),54,58,65,32,31,90,20,49,32,19,16,23,21,0.9,0.8
2023-04-23T09:00:00,2512A,106.6103,23.9011,百色市,市监测站,细颗粒物(PM2.5),74,86,90,54,55,146,50,92,73,16,12,16,20,1.0,1.1
2023-04-23T09:00:00,2513A,106.6538,23.8859,百色市,市中心血站,细颗粒物(PM2.5),80,81,94,59,62,139,61,97,80,17,11,19,20,1.2,1.2
2023-04-23T09:00:00,2514A,111.5264,24.4172,贺州市,环保小区,,24,24,38,14,27,77,19,52,35,16,17,8,7,0.7,0.8
2023-04-23T09:00:00,2515A,111.5608,24.4078,贺州市,政协大楼,,35,35,37,11,27,83,21,55,36,12,14,7,8,0.6,0.6
2023-04-23T09:00:00,2516A,108.2011,24.715,河池市,东仁乐园,细颗粒物(PM2.5),57,45,49,40,35,80,41,48,43,12,9,13,8,0.5,0.5
2023-04-23T09:00:00,2517A,108.0497,24.6947,河池市,市环保站,细颗粒物(PM2.5),58,55,55,41,36,109,60,70,63,15,11,9,9,0.9,0.8
2023-04-23T09:00:00,2518A,108.0983,24.6989,河池市,市疾控中心,颗粒物(PM10),62,73,62,38,35,100,58,68,61,19,14,8,8,0.8,0.8
2023-04-23T09:00:00,2520A,109.2203,23.7256,来宾市,来宾技工学校,,50,49,49,35,35,88,33,63,44,12,10,12,9,0.7,0.7
2023-04-23T09:00:00,2521A,107.3476,22.4136,崇左市,市环保局江州分局,细颗粒物(PM2.5),60,66,73,43,50,127,45,56,46,18,10,8,6,0.8,0.8
2023-04-23T09:00:00,2522A,107.3702,22.3707,崇左市,城南新区,细颗粒物(PM2.5),52,50,63,36,45,129,56,63,50,11,11,7,6,0.7,0.7
2023-04-23T09:00:00,2523A,105.8945,32.4535,广元市,黑石坡,,20,19,18,6,7,69,61,60,58,6,7,6,6,0.5,0.4
2023-04-23T09:00:00,2524A,105.821,32.4444,广元市,老城,,16,13,14,6,7,67,50,53,52,14,7,2,3,0.6,0.6
2023-04-23T09:00:00,2526A,105.8628,32.4287,广元市,监测站,,19,15,16,7,9,71,58,57,55,4,2,6,6,0.6,0.5
2023-04-23T09:00:00,2527A,105.5453,30.5678,遂宁市,石溪浩,,10,5,5,4,4,64,31,50,41,11,5,5,5,0.6,0.6
2023-04-23T09:00:00,2528A,105.5582,30.5232,遂宁市,市监测站,,18,4,6,12,6,61,34,54,43,12,11,7,7,0.5,0.5
2023-04-23T09:00:00,2529A,105.5861,30.5366,遂宁市,行政中心,,11,4,5,2,2,60,33,53,40,9,6,4,4,0.5,0.5
2023-04-23T09:00:00,2530A,105.5918,30.4728,遂宁市,美宁食品公司,,13,2,3,5,7,63,39,59,44,9,6,4,4,0.3,0.3
2023-04-23T09:00:00,2531A,105.0703,29.61,内江市,市监测站,,12,12,11,5,4,55,34,47,42,13,7,8,8,0.4,0.3
2023-04-23T09:00:00,2532A,105.0717,29.5947,内江市,东兴区政府,,28,20,11,19,10,57,36,51,46,12,7,1,2,0.4,0.4
2023-04-23T09:00:00,2533A,105.0653,29.5817,内江市,内江二中,,28,21,16,19,10,55,35,50,45,15,11,3,3,0.4,0.4
2023-04-23T09:00:00,2534A,105.0406,29.5822,内江市,内江日报社,,34,34,25,6,5,58,41,48,45,6,7,3,4,0.2,0.2
2023-04-23T09:00:00,2535A,103.7723,29.5462,乐山市,花湖湾,,14,4,13,4,8,76,42,45,43,12,11,4,4,0.8,0.7
2023-04-23T09:00:00,2536A,103.7627,29.5844,乐山市,牛耳桥,,13,6,18,5,11,80,41,49,44,18,15,5,6,0.5,0.5
2023-04-23T09:00:00,2537A,103.7508,29.6006,乐山市,市第三水厂,,,6,17,3,11,82,,54,48,17,16,5,6,0.5,0.5
2023-04-23T09:00:00,2538A,103.7571,29.5664,乐山市,市监测站,,13,9,17,4,8,82,41,49,46,17,13,2,2,0.7,0.7
2023-04-23T09:00:00,2539A,104.0308,30.0478,眉山市,黑龙滩水库,,31,31,22,12,12,100,59,56,56,2,2,3,3,0.4,0.4
2023-04-23T09:00:00,2540A,103.8416,30.0874,眉山市,气象局,,,23,17,,3,100,34,55,44,33,16,11,10,0.5,0.5
2023-04-23T09:00:00,2543A,106.6308,30.5278,广安市,小平旧居,,,,,,,,,,,,,,,,
2023-04-23T09:00:00,2544A,106.6303,30.4576,广安市,市委,,14,4,4,6,7,53,43,46,45,6,6,7,8,0.4,0.4
2023-04-23T09:00:00,2545A,106.6271,30.4663,广安市,友谊中学,,15,8,6,6,7,56,46,48,46,10,10,7,5,0.3,0.4
2023-04-23T09:00:00,2547A,106.6388,30.4551,广安市,广电花园,,14,6,6,5,13,54,44,47,45,10,9,4,4,0.5,0.5
2023-04-23T09:00:00,2548A,107.5277,31.2827,达州市,达州职业技术学院,,14,10,8,5,4,51,43,49,48,20,13,5,6,0.5,0.5
2023-04-23T09:00:00,2549A,107.5086,31.2186,达州市,市环境监测站,,15,8,9,0,0,54,46,50,50,20,13,2,4,0.3,0.3
2023-04-23T09:00:00,2550A,107.4988,31.2132,达州市,凤凰小区,,17,7,4,0,0,58,53,55,55,15,12,5,6,0.3,0.3
2023-04-23T09:00:00,2551A,107.5082,31.1986,达州市,达县机关宾馆,,13,5,4,4,4,46,40,42,42,21,16,6,7,0.4,0.4
2023-04-23T09:00:00,2552A,107.4644,31.2124,达州市,市政中心,,19,19,14,0,0,52,45,50,49,21,14,6,6,0.3,0.3
2023-04-23T09:00:00,2554A,103.0475,30.02,雅安市,建安厂,,12,7,14,4,8,69,37,47,47,20,20,3,4,0.6,0.6
2023-04-23T09:00:00,2555A,103.0111,29.9833,雅安市,市政府,,14,8,13,4,6,78,43,55,54,19,11,2,2,0.6,0.5
2023-04-23T09:00:00,2556A,102.9905,29.9775,雅安市,川农大,,12,6,11,3,6,63,36,46,45,10,9,4,4,0.6,0.5
2023-04-23T09:00:00,2561A,104.6617,30.1372,资阳市,莲花山,,23,23,14,9,8,73,56,63,56,5,5,3,3,0.5,0.6
2023-04-23T09:00:00,2562A,104.6356,30.1506,资阳市,资阳中学,,17,12,13,3,8,70,53,59,53,6,6,6,7,0.5,0.5
2023-04-23T09:00:00,2563A,104.6295,30.1383,资阳市,四三一厂,,16,13,18,7,9,73,51,63,57,11,6,5,7,0.5,0.5
2023-04-23T09:00:00,2564A,104.6463,30.1146,资阳市,师范校,,14,13,18,6,10,65,44,54,48,13,9,6,6,0.5,0.5
2023-04-23T09:00:00,2565A,104.6296,30.1256,资阳市,区法院,,18,12,14,6,8,74,56,64,59,7,7,6,7,0.4,0.4
2023-04-23T09:00:00,2566A,102.1879,31.914,阿坝藏族羌族自治州,州农科所,,17,17,16,6,6,43,29,43,36,13,10,3,3,0.6,0.5
2023-04-23T09:00:00,2568A,102.2502,31.8896,阿坝藏族羌族自治州,马师校,,13,11,16,9,13,107,29,43,33,9,10,5,5,0.5,0.5
2023-04-23T09:00:00,2570A,101.9603,30.0475,甘孜藏族自治州,水桥子,,18,10,9,5,6,97,56,58,52,11,10,3,2,0.4,0.3
2023-04-23T09:00:00,2571A,102.3431,27.8099,凉山彝族自治州,青龙寺,,33,23,28,20,21,135,104,112,101,6,4,11,6,1.1,0.8
2023-04-23T09:00:00,2572A,102.2721,27.8415,凉山彝族自治州,邛海宾馆,,39,32,33,18,20,138,123,132,124,8,6,8,7,0.8,0.7
2023-04-23T09:00:00,2573A,102.2625,27.898,凉山彝族自治州,西昌市政府,,32,32,43,21,23,130,88,118,111,10,8,13,10,1.5,1.2
2023-04-23T09:00:00,2574A,102.2685,27.8851,凉山彝族自治州,凉山州政府,,35,35,45,21,22,124,108,115,110,10,7,14,10,1.5,0.9
2023-04-23T09:00:00,2575A,102.237,27.8914,凉山彝族自治州,长安,,38,37,44,20,21,139,120,126,122,10,8,7,9,1.0,1.2
2023-04-23T09:00:00,2576A,104.8,26.5892,六盘水市,窑上,,,,,,,,,,,,,,,,
2023-04-23T09:00:00,2577A,104.83,26.5917,六盘水市,黄土坡,,41,25,45,17,23,164,129,126,126,11,10,8,8,0.6,0.6
2023-04-23T09:00:00,2578A,104.89,26.5939,六盘水市,水钢,,39,28,55,12,28,162,124,120,120,9,8,4,5,0.7,0.9
2023-04-23T09:00:00,2579A,104.8475,26.5894,六盘水市,民中,,39,32,50,17,24,158,124,128,128,10,12,8,6,0.6,0.7
2023-04-23T09:00:00,2580A,104.9544,26.5506,六盘水市,双水,,39,31,49,18,26,164,122,104,104,12,12,7,6,0.6,0.7
2023-04-23T09:00:00,2585A,109.1839,27.7344,铜仁地区,铜仁卫校,,18,11,13,5,7,65,56,55,52,6,6,4,5,0.3,0.2
2023-04-23T09:00:00,2586A,109.1753,27.6944,铜仁地区,铜仁七中,,15,15,12,10,6,66,48,56,50,6,5,3,3,0.2,0.1
2023-04-23T09:00:00,2587A,105.2864,27.3125,毕节市,八中,,14,4,11,2,8,93,43,39,39,6,5,6,5,0.6,0.6
2023-04-23T09:00:00,2588A,105.31,27.2944,毕节市,师专,,15,4,9,2,7,95,46,42,42,8,6,6,5,0.6,0.5
2023-04-23T09:00:00,2589A,104.9022,25.0925,黔西南布依族苗族自治州,场坝街,,44,44,53,18,26,160,116,136,126,12,7,3,2,0.3,0.1
2023-04-23T09:00:00,2590A,104.8811,25.0992,黔西南布依族苗族自治州,坪东大道,,40,30,51,25,28,172,127,148,138,8,9,4,3,0.3,0.2
2023-04-23T09:00:00,2591A,107.9783,26.5747,黔东南苗族侗族自治州,市环境监测站,,12,8,22,8,18,71,26,37,34,15,13,2,2,0.5,0.5
2023-04-23T09:00:00,2593A,107.5228,26.2403,黔南布依族苗族自治州,小围寨,,8,7,42,5,32,175,25,30,25,6,7,5,3,0.7,0.7
2023-04-23T09:00:00,2594A,99.1678,25.1081,保山市,市环境监测站,,48,45,47,33,23,144,41,71,50,21,9,6,6,0.8,0.6
2023-04-23T09:00:00,2595A,99.1711,25.1328,保山市,市环保局,,47,47,42,28,27,140,36,78,54,22,9,4,4,0.5,0.5
2023-04-23T09:00:00,2596A,103.7667,27.3736,昭通市,监测站,,40,34,36,28,26,134,48,43,41,7,8,11,12,0.6,0.5
2023-04-23T09:00:00,2597A,103.7225,27.3361,昭通市,环保局,,26,18,36,18,24,140,48,41,41,12,9,11,10,0.4,0.3
2023-04-23T09:00:00,2598A,100.2143,26.8576,丽江市,西南郊,,36,13,18,6,5,124,115,122,120,7,3,6,6,0.6,0.6
2023-04-23T09:00:00,2599A,100.2497,26.8802,丽江市,丽江古城,,31,29,34,17,20,116,98,107,99,15,11,8,7,0.6,0.6
2023-04-23T09:00:00,2600A,100.2203,26.8906,丽江市,市中心,,28,21,26,12,7,114,87,103,96,21,12,7,7,0.6,0.6
2023-04-23T09:00:00,2601A,100.98,22.7633,普洱市,市环保局,细颗粒物(PM2.5),103,111,74,77,47,155,79,95,91,32,17,8,8,1.1,0.7
2023-04-23T09:00:00,2602A,100.9817,22.8322,普洱市,普洱第二中学,颗粒物(PM10),77,104,72,34,30,158,67,55,55,40,30,8,7,1.1,0.9
2023-04-23T09:00:00,2603A,100.0781,23.8982,临沧市,市环保局,,,,44,,37,144,33,54,33,21,18,5,6,1.1,0.9
2023-04-23T09:00:00,2604A,100.0894,23.8822,临沧市,市气象局,细颗粒物(PM2.5),63,59,54,45,35,148,38,50,37,24,19,9,8,0.8,0.6
2023-04-23T09:00:00,2605A,101.5482,25.0441,楚雄州,州环境监测站,细颗粒物(PM2.5),63,47,44,45,33,162,60,123,78,37,14,39,9,0.8,0.6
2023-04-23T09:00:00,2606A,101.538,25.0492,楚雄州,市经济开发区,细颗粒物(PM2.5),52,37,45,36,32,161,64,125,89,38,14,21,9,0.9,0.7
2023-04-23T09:00:00,2608A,103.3772,23.3993,红河州,污水处理厂,细颗粒物(PM2.5),118,109,85,89,58,150,113,141,118,16,11,17,9,0.9,0.6
2023-04-23T09:00:00,2609A,103.3861,23.35,红河州,监测站,细颗粒物(PM2.5),110,110,84,83,57,149,110,136,121,22,12,8,9,1.0,0.7
2023-04-23T09:00:00,2610A,104.2533,23.3594,文山州,州水务局,细颗粒物(PM2.5),93,83,79,69,60,168,97,110,100,20,12,6,6,0.9,0.7
2023-04-23T09:00:00,2611A,104.2319,23.3892,文山州,市便民服务中心,细颗粒物(PM2.5),130,105,82,99,63,161,105,118,109,19,14,7,7,0.9,0.6
2023-04-23T09:00:00,2612A,100.7939,22.0019,西双版纳州,景洪市江南,细颗粒物(PM2.5),84,93,84,62,58,154,54,88,87,44,28,8,8,1.1,1
2023-04-23T09:00:00,2613A,100.8017,22.0225,西双版纳州,景洪市江北,颗粒物(PM10),83,116,85,38,35,166,70,109,101,27,22,10,11,1.1,1
2023-04-23T09:00:00,2614A,100.1542,25.7054,大理州,大理市环境监测站,,44,44,49,30,33,146,78,87,86,15,13,7,7,0.7,0.7
2023-04-23T09:00:00,2615A,100.2171,25.5811,大理州,大理古城,颗粒物(PM10),51,52,45,33,32,135,85,92,90,17,15,7,6,0.9,0.9
2023-04-23T09:00:00,2616A,98.5842,24.428,德宏州,德宏州监测站,颗粒物(PM10),57,64,64,34,26,165,27,74,46,25,16,10,8,0.6,0.6
2023-04-23T09:00:00,2618A,98.8601,25.8567,怒江州,州监测站,,49,37,34,34,27,86,41,76,56,20,11,11,11,0.8,0.7
2023-04-23T09:00:00,2619A,98.8546,25.8417,怒江州,泸水一中,细颗粒物(PM2.5),60,47,40,43,31,78,15,37,33,29,17,8,8,0.7,0.5
2023-04-23T09:00:00,2621A,99.7056,27.8317,迪庆州,迪庆州站,,37,13,26,12,14,118,118,108,108,10,9,9,9,0.3,0.4
2023-04-23T09:00:00,2622A,97.1806,31.1273,昌都市,昌都监测站,,28,4,11,8,6,126,88,83,83,10,10,6,5,0.5,0.4
2023-04-23T09:00:00,2624A,91.7608,29.2313,山南市,山南监测站,,22,22,23,10,9,118,58,90,74,22,10,9,7,0.3,0.3
2023-04-23T09:00:00,2625A,91.7706,29.2436,山南市,山南人民医院,,24,24,28,11,9,120,62,85,76,19,9,6,6,0.3,0.3
2023-04-23T09:00:00,2626A,88.8876,29.2718,日喀则市,日喀则监测站,,24,15,20,8,8,118,76,95,84,9,7,4,4,0.5,0.4
2023-04-23T09:00:00,2628A,92.0657,31.4846,那曲地区,那曲监测站,,35,18,34,11,17,118,110,111,111,5,9,7,8,0.8,0.7
2023-04-23T09:00:00,2630A,80.1161,32.5,阿里地区,阿里监测站,,34,14,10,5,5,138,107,107,100,5,5,7,8,0.4,0.4
2023-04-23T09:00:00,2632A,94.3681,29.6376,林芝市,林芝监测站,,24,4,8,2,3,113,76,102,88,6,3,8,8,0.4,0.4
2023-04-23T09:00:00,2633A,94.3616,29.6616,林芝市,林芝人民医院,,22,9,9,5,4,108,68,94,79,8,6,10,10,0.6,0.5
2023-04-23T09:00:00,2634A,106.9893,33.1842,汉中市,汉川机床厂子校,,19,0,2,4,7,73,60,64,62,5,5,7,5,0.4,0.4
2023-04-23T09:00:00,2635A,107.0154,33.0706,汉中市,市监测站,,21,5,6,10,8,73,65,68,67,8,7,5,6,0.7,0.6
2023-04-23T09:00:00,2636A,107.0089,33.1138,汉中市,鑫源开发区,,21,12,5,4,1,76,66,69,66,10,6,7,5,0.3,0.4
2023-04-23T09:00:00,2637A,107.007,33.0323,汉中市,南郑大河坎水厂,,18,9,7,10,5,74,56,69,65,12,7,5,4,0.4,0.4
2023-04-23T09:00:00,2638A,109.7414,38.3344,榆林市,红石峡森林公园,,25,8,19,2,15,78,77,50,50,4,17,2,3,0.2,0.4
2023-04-23T09:00:00,2639A,109.7456,38.2911,榆林市,世纪广场,,32,4,18,4,18,102,102,78,78,6,16,7,9,0.5,0.7
2023-04-23T09:00:00,2640A,109.7289,38.2839,榆林市,实验中学,,32,15,19,4,19,100,100,77,77,10,16,6,7,0.6,0.7
2023-04-23T09:00:00,2641A,109.7336,38.2478,榆林市,环保监测大楼,,30,7,16,4,15,96,96,81,81,14,17,7,8,0.4,0.5
2023-04-23T09:00:00,2642A,109.0318,32.6537,安康市,香溪洞,,,,4,2,3,74,62,73,68,5,6,5,6,0.5,0.5
2023-04-23T09:00:00,2643A,109.0281,32.6939,安康市,安康市监测站,,21,6,8,9,7,79,67,78,73,10,9,5,5,0.4,0.4
2023-04-23T09:00:00,2644A,109.0072,32.6975,安康市,汉滨区检察院,,23,8,8,9,9,86,73,86,80,6,7,6,4,0.5,0.4
2023-04-23T09:00:00,2645A,109.9154,33.8715,商洛市,监测站,,17,14,6,8,7,66,54,58,57,10,13,2,4,0.4,0.5
2023-04-23T09:00:00,2647A,104.1724,36.5446,白银市,第三小学,,19,7,36,11,27,97,58,48,48,19,13,6,22,0.7,0.7
2023-04-23T09:00:00,2648A,104.1465,36.5482,白银市,动力公司,,23,1,38,4,26,92,71,51,51,8,12,8,15,0.6,0.7
2023-04-23T09:00:00,2649A,106.0055,34.343,天水市,麦积山,,,,,,,,,,,,,,,,
2023-04-23T09:00:00,2650A,105.7205,34.5786,天水市,公园小学,,32,18,20,22,14,64,50,52,51,16,12,12,12,0.6,0.6
2023-04-23T09:00:00,2651A,105.8945,34.5538,天水市,麦积国土局,,30,20,22,21,15,70,50,64,63,20,12,9,8,0.8,0.6
2023-04-23T09:00:00,2652A,102.6201,37.9251,武威市,监测站,,42,19,36,29,22,98,62,84,78,17,9,6,6,0.5,0.4
2023-04-23T09:00:00,2654A,100.4698,38.9524,张掖市,润泉湖,,40,40,45,26,23,80,40,46,40,15,16,6,5,0.7,0.7
2023-04-23T09:00:00,2655A,100.4154,38.9422,张掖市,区工会,,50,39,54,35,24,78,27,53,47,32,18,9,6,0.9,0.7
2023-04-23T09:00:00,2656A,106.6692,35.5461,平凉市,聚贤嘉苑,,20,17,24,14,16,59,48,49,34,16,23,5,3,0.4,0.4
2023-04-23T09:00:00,2657A,106.7021,35.5307,平凉市,博物馆,,25,25,30,14,14,64,51,62,47,15,19,4,4,0.3,0.3
2023-04-23T09:00:00,2658A,98.5061,39.7443,酒泉市,仓门街子站,颗粒物(PM10),69,88,70,26,24,89,74,89,71,18,11,4,4,0.6,0.4
2023-04-23T09:00:00,2659A,98.4989,39.7256,酒泉市,油田生活基地,颗粒物(PM10),69,88,70,25,25,91,80,91,68,14,11,3,3,0.5,0.5
2023-04-23T09:00:00,2661A,107.6325,35.7357,庆阳市,庆阳五中,,14,11,9,7,9,63,44,60,51,17,7,3,2,0.4,0.4
2023-04-23T09:00:00,2662A,107.6364,35.7067,庆阳市,市环保局,,15,14,10,6,8,63,47,61,52,14,9,5,6,0.5,0.5
2023-04-23T09:00:00,2663A,104.6241,35.5734,定西市,东关小学,,30,30,50,21,24,87,28,51,44,22,8,4,4,0.6,0.3
2023-04-23T09:00:00,2664A,104.6194,35.5934,定西市,供电公司,,29,26,56,20,23,77,20,38,31,24,13,5,5,0.4,0.1
2023-04-23T09:00:00,2665A,105.0822,33.3261,陇南市,汉王镇固水子,,,,,,,,,,,,,,,,
2023-04-23T09:00:00,2667A,103.2069,35.5993,临夏回族自治州,环保局,,39,39,71,25,35,71,25,27,25,9,13,6,7,0.8,0.7
2023-04-23T09:00:00,2668A,103.2417,35.6057,临夏回族自治州,建设大厦,,33,27,70,23,33,67,10,20,14,24,17,5,5,0.9,0.7
2023-04-23T09:00:00,2669A,102.9099,34.9841,甘南州,州政府,,35,20,31,24,21,70,62,68,63,13,16,4,4,0.4,0.4
2023-04-23T09:00:00,2671A,100.9048,36.9639,海北藏族自治州,海晏县西海镇,,25,21,50,17,17,77,58,77,66,13,11,9,9,0.6,0.6
2023-04-23T09:00:00,2672A,102.0199,35.5102,黄南藏族自治州,同仁县隆务镇,,28,19,35,19,24,64,63,62,62,12,15,13,13,0.5,0.5
2023-04-23T09:00:00,2673A,100.6188,36.2866,海南藏族自治州,共和县恰卜恰镇,,22,22,16,10,16,76,46,49,49,16,7,12,11,0.6,0.5
2023-04-23T09:00:00,2674A,100.2561,34.4714,果洛藏族自治州,玛沁县大武镇,,30,24,34,13,16,140,94,83,83,6,8,10,13,0.4,0.4
2023-04-23T09:00:00,2675A,97,33.0014,玉树藏族自治州,玉树县结古镇,,,11,12,6,4,126,,108,95,10,6,10,9,0.3,0.2
2023-04-23T09:00:00,2676A,97.3731,37.3753,海西蒙古族藏族自治州,德令哈市,颗粒物(PM10),78,105,81,50,33,91,76,88,84,14,8,5,5,0.7,0.6
2023-04-23T09:00:00,2677A,106.1532,37.9648,吴忠市,教育园区,,20,8,20,13,21,73,63,69,67,18,16,6,6,0.2,0.3
2023-04-23T09:00:00,2679A,106.1856,37.9956,吴忠市,新区二泵站,,25,25,26,14,21,74,61,68,66,16,13,5,6,0.5,0.5
2023-04-23T09:00:00,2680A,105.0025,37.4635,中卫市,沙坡头消防站,细颗粒物(PM2.5),63,56,38,45,35,81,54,68,65,24,18,12,10,0.8,0.7
2023-04-23T09:00:00,2682A,105.1971,37.5002,中卫市,环保局站,,46,23,33,32,34,73,62,70,64,14,14,8,7,0.5,0.5
2023-04-23T09:00:00,2683A,106.2319,36.1417,固原市,马园,,15,11,9,10,10,72,40,65,47,19,8,4,4,0.6,0.5
2023-04-23T09:00:00,2684A,106.2792,36.0022,固原市,监测站,,15,15,6,6,5,71,35,67,57,27,5,4,4,1.0,0.8
2023-04-23T09:00:00,2685A,106.2375,36.0211,固原市,新区,,14,9,6,7,5,69,37,63,48,27,9,8,8,0.5,0.4
2023-04-23T09:00:00,2686A,89.1904,42.9418,吐鲁番地区,市环保局,颗粒物(PM10),74,98,234,21,41,108,89,92,90,9,12,7,7,0.5,0.5
2023-04-23T09:00:00,2687A,89.1673,42.9559,吐鲁番地区,地区环保局,颗粒物(PM10),61,71,188,16,43,117,96,100,98,12,17,6,6,0.4,0.4
2023-04-23T09:00:00,2688A,93.5128,42.8172,哈密地区,地区监测站,颗粒物(PM10),114,177,77,28,21,119,73,72,72,11,22,3,7,0.2,0.4
2023-04-23T09:00:00,2689A,93.4961,42.8328,哈密地区,哈密师范学校,颗粒物(PM10),103,156,84,24,25,122,73,67,67,11,22,5,6,0.3,0.5
2023-04-23T09:00:00,2690A,88.1236,43.8886,昌吉州,天山天池,,31,14,35,5,13,103,99,85,85,7,10,4,5,0.5,0.6
2023-04-23T09:00:00,2692A,87.2717,44.0297,昌吉州,新区政务中心,,39,39,45,27,21,112,41,85,72,32,16,9,9,0.5,0.5
2023-04-23T09:00:00,2693A,82.0485,44.8556,博尔塔拉蒙古自治州,市党校,,47,47,49,13,11,125,56,97,79,10,6,5,5,0.6,0.5
2023-04-23T09:00:00,2694A,82.0806,44.8969,博尔塔拉蒙古自治州,市环保局,,44,44,47,11,13,111,41,87,62,16,10,4,5,0.5,0.4
2023-04-23T09:00:00,2695A,80.292,41.1694,阿克苏地区,电视台,颗粒物(PM10),78,106,404,31,111,94,23,89,60,38,16,8,9,0.6,0.4
2023-04-23T09:00:00,2696A,80.2613,41.1551,阿克苏地区,艺术中心,颗粒物(PM10),89,127,376,46,114,97,44,96,64,40,20,4,4,0.5,0.3
2023-04-23T09:00:00,2697A,76.1454,39.7142,克孜勒苏柯尔克孜自治州,市人民政府,颗粒物(PM10),275,402,207,115,75,115,53,100,87,24,7,4,4,0.4,0.4
2023-04-23T09:00:00,2698A,76.0072,39.4467,喀什地区,巡警大队,颗粒物(PM10),370,476,181,113,55,114,61,66,56,15,21,3,4,0.3,0.3
2023-04-23T09:00:00,2699A,75.9755,39.4694,喀什地区,吾办,颗粒物(PM10),275,402,155,120,58,114,61,76,48,17,18,4,4,0.4,0.4
2023-04-23T09:00:00,2700A,75.9538,39.4682,喀什地区,市环境监测站,颗粒物(PM10),276,403,155,86,43,110,64,49,45,13,19,6,7,0.4,0.3
2023-04-23T09:00:00,2703A,81.2815,43.9404,伊犁哈萨克州,市环保局,,50,50,35,20,19,112,33,48,43,37,20,6,6,0.6,0.5
2023-04-23T09:00:00,2704A,81.2996,43.9174,伊犁哈萨克州,新政府片区,,38,37,33,26,17,115,44,56,55,30,15,11,8,0.5,0.4
2023-04-23T09:00:00,2705A,81.3364,43.941,伊犁哈萨克州,第二水厂,,44,44,36,24,17,117,44,59,46,26,16,7,6,0.5,0.4
2023-04-23T09:00:00,2706A,82.9994,46.7432,塔城地区,东门外小游园,,32,32,28,19,12,108,47,70,39,6,8,1,1,0.3,0.4
2023-04-23T09:00:00,2708A,88.1264,47.8517,阿勒泰地区,市站,,22,22,17,4,4,111,64,99,87,19,7,3,2,0.4,0.3
2023-04-23T09:00:00,2709A,86.0497,44.2967,石河子市,艾青诗歌馆,,27,27,44,15,22,72,20,52,44,54,23,9,11,0.7,0.5
2023-04-23T09:00:00,2710A,86.0697,44.3075,石河子市,阳光学校,,,,48,,21,59,,53,,,24,,9,,0.4
2023-04-23T09:00:00,2711A,87.5475,44.1756,五家渠市,农水大厦,,50,50,55,25,17,105,41,65,54,11,10,6,6,0.5,0.5
2023-04-23T09:00:00,2835A,101.7227,26.567,攀枝花市,四十中小,,39,39,47,18,25,150,110,145,118,20,12,23,11,1.0,0.7
2023-04-23T09:00:00,2842A,118.0936,24.5058,厦门市,湖里中学,颗粒物(PM10),62,73,79,29,34,165,61,71,59,15,14,3,3,0.3,0.3
2023-04-23T09:00:00,2845A,113.1569,36.1911,长治市,德盛苑,,19,6,12,2,8,76,59,52,52,14,18,7,6,1.3,0.8
2023-04-23T09:00:00,2846A,113.3221,23.1322,广州市,体育西,颗粒物(PM10),51,52,47,26,25,123,34,53,40,35,29,5,5,0.7,0.6
2023-04-23T09:00:00,2858A,117.7918,39.2474,天津市,河西一经路,,50,50,50,23,28,106,98,40,40,18,34,9,7,0.5,0.5
2023-04-23T09:00:00,2859A,117.3747,38.9846,天津市,津沽路,,47,47,42,25,26,94,58,33,33,41,29,9,4,0.9,0.5
2023-04-23T09:00:00,2860A,117.1589,39.0845,天津市,宾水西道,,44,44,38,29,26,94,48,40,40,39,23,7,4,0.4,0.2
2023-04-23T09:00:00,2862A,114.5481,38.0378,石家庄市,22中南校区,细颗粒物(PM2.5),68,44,43,49,32,76,34,30,25,32,26,4,3,0.6,0.5
2023-04-23T09:00:00,2865A,112.7195,37.6828,晋中市,榆次三中,,20,20,34,14,17,108,55,58,56,19,20,4,4,0.8,0.6
2023-04-23T09:00:00,2867A,111.1283,37.51,吕梁市,马茂庄小学,,26,26,38,8,21,67,14,14,14,43,41,8,9,1.6,1
2023-04-23T09:00:00,2868A,126.4739,43.953,吉林市,九站,颗粒物(PM10),56,62,67,16,21,113,86,50,50,8,20,7,10,0.5,0.7
2023-04-23T09:00:00,2869A,119.447,32.4155,扬州市,五台山医院,颗粒物(PM10),55,60,79,14,23,121,87,84,75,10,13,8,9,0.3,0.4
2023-04-23T09:00:00,2870A,119.4424,32.1873,镇江市,市疾控中心,颗粒物(PM10),74,97,84,34,30,118,80,92,76,14,14,3,5,0.2,0.3
2023-04-23T09:00:00,2871A,121.6147,29.9017,宁波市,万里国际学校,颗粒物(PM10),84,117,117,28,29,137,75,68,68,18,24,9,8,0.7,0.6
2023-04-23T09:00:00,2872A,120.7846,30.7525,嘉兴市,南湖区残联,颗粒物(PM10),65,80,122,24,30,147,70,84,76,20,20,4,5,0.3,0.4
2023-04-23T09:00:00,2873A,120.0875,30.8955,湖州市,仁皇山新区,颗粒物(PM10),69,88,112,33,32,112,64,64,64,28,27,4,5,0.3,0.3
2023-04-23T09:00:00,2875A,115.784,32.8892,阜阳市,阜阳职业技术学院,,20,16,56,10,20,76,64,56,56,18,21,4,6,0.4,0.5
2023-04-23T09:00:00,2877A,119.1641,36.6523,潍坊市,坊子邮政,,44,44,36,22,17,96,80,91,77,18,14,8,8,0.4,0.4
2023-04-23T09:00:00,2878A,116.0072,36.4343,聊城市,聊大东校,,50,50,40,31,28,89,70,57,57,18,12,10,9,0.6,0.5
2023-04-23T09:00:00,2880A,104.0239,30.65639,成都市,大石西路,,22,22,15,2,6,90,46,56,54,18,16,3,2,0.3,0.3
2023-04-23T09:00:00,2881A,107.8908,26.5311,黔东南苗族侗族自治州,凯里学院,,12,10,29,8,23,136,29,34,32,5,6,2,2,0.5,0.6
2023-04-23T09:00:00,2882A,102.5389,24.3703,玉溪市,玉溪一中,细颗粒物(PM2.5),82,53,53,60,33,146,52,122,60,38,18,25,10,3.0,1.1
2023-04-23T09:00:00,2883A,102.5381,24.3389,玉溪市,文体中心,细颗粒物(PM2.5),85,53,52,63,38,150,50,118,64,38,17,15,9,1.6,0.9
2023-04-23T09:00:00,2884A,98.2672,39.7978,嘉峪关市,酒钢宾馆,颗粒物(PM10),59,68,73,19,23,84,62,81,70,29,12,14,10,1.0,0.5
2023-04-23T09:00:00,2885A,104.9339,33.3826,陇南市,滨江中学,,35,35,41,8,12,82,54,58,58,17,10,13,12,0.7,0.6
2023-04-23T09:00:00,2894A,117.0566,32.6531,淮南市,经济技术开发区消防队,,26,20,69,18,20,87,70,67,67,17,21,2,3,0.3,0.4
2023-04-23T09:00:00,2897A,123.2444,41.7347,沈阳市,沈辽西路,细颗粒物(PM2.5),90,113,88,67,37,136,64,66,50,38,33,18,11,0.6,0.6
2023-04-23T09:00:00,2900A,123.5953,41.9086,沈阳市,裕农路,颗粒物(PM10),61,72,67,35,29,126,56,82,42,27,23,11,9,0.6,0.5
2023-04-23T09:00:00,2902A,106.6351,30.4865,广安市,北辰小学,,15,6,5,7,8,55,45,46,45,8,7,13,8,0.3,0.3
2023-04-23T09:00:00,2907A,120.1844,30.8596,湖州市,吴兴区站,颗粒物(PM10),97,144,114,27,29,114,70,69,69,22,23,4,5,0.3,0.3
2023-04-23T09:00:00,2914A,106.7677,31.8794,巴中市,苏山坪,,15,6,3,3,2,60,45,56,48,6,5,4,4,0.4,0.4
2023-04-23T09:00:00,2919A,116.7022,39.5453,廊坊市,河北工业大学,颗粒物(PM10),58,66,33,28,15,80,34,40,26,42,22,3,2,0.4,0.3
2023-04-23T09:00:00,2920A,117.7116,24.506,漳州市,蓝田镇,颗粒物(PM10),67,84,74,29,22,182,60,93,68,28,17,7,6,0.5,0.4
2023-04-23T09:00:00,2921A,120.5483,30.0003,绍兴市,树下王站,颗粒物(PM10),85,119,99,42,30,154,56,76,54,26,18,7,8,0.7,0.6
2023-04-23T09:00:00,2922A,117.1941,39.1067,天津市,大理道,,47,47,37,26,24,93,52,58,46,42,22,9,6,0.5,0.3
2023-04-23T09:00:00,2924A,106.2266,38.4418,银川市,水乡路,,25,24,28,17,15,97,76,85,85,23,19,4,4,0.4,0.4
2023-04-23T09:00:00,2925A,106.2757,38.4842,银川市,上海东路,,32,32,28,13,15,91,75,80,80,20,16,3,5,0.4,0.5
2023-04-23T09:00:00,2926A,106.1015,38.497,银川市,文昌北街,,29,29,36,20,21,92,80,84,84,23,20,5,6,0.4,0.5
2023-04-23T09:00:00,2929A,114.8858,30.4519,黄冈市,红卫路,,19,19,36,7,14,64,42,53,42,9,6,6,5,0.7,0.6
2023-04-23T09:00:00,2996A,118.283,33.965,宿迁市,市供电局,,43,43,65,28,25,94,53,89,72,18,17,5,7,0.6,0.4
2023-04-23T09:00:00,2997A,119.8767,32.3289,泰州市,王营,颗粒物(PM10),56,61,73,24,20,118,79,80,79,12,11,6,6,0.4,0.3
2023-04-23T09:00:00,3000A,119.3581,34.6972,连云港市,德源药业,颗粒物(PM10),69,88,64,27,20,98,98,91,85,11,16,6,7,0.4,0.5
2023-04-23T09:00:00,3002A,119.9805,31.8174,常州市,行政中心,颗粒物(PM10),73,95,106,23,27,108,83,71,71,16,21,3,6,0.4,0.5
2023-04-23T09:00:00,3003A,120.0522,31.7748,常州市,经开区,颗粒物(PM10),71,92,112,24,27,112,92,77,77,14,24,5,8,0.3,0.4
2023-04-23T09:00:00,3004A,120.1544,33.3663,盐城市,宝龙广场,颗粒物(PM10),82,114,79,34,20,114,93,88,88,9,7,2,3,0.3,0.2
2023-04-23T09:00:00,3005A,117.1814,34.29,徐州市,鼓楼区政府,,38,31,68,26,36,77,59,66,62,21,24,4,6,0.5,0.5
2023-04-23T09:00:00,3006A,117.1694,34.1781,徐州市,铜山区招生办,,29,24,59,20,23,80,66,65,65,24,29,5,7,0.6,0.6
2023-04-23T09:00:00,3007A,119.178,34.844,连云港市,新城一中,颗粒物(PM10),56,61,80,18,29,100,92,97,78,16,23,5,8,0.6,0.7
2023-04-23T09:00:00,3008A,119.3608,34.7519,连云港市,胡沟管理处,颗粒物(PM10),54,58,63,22,19,107,92,98,88,13,13,7,8,0.4,0.4
2023-04-23T09:00:00,3009A,119.1478,34.5911,连云港市,矿山设计院,颗粒物(PM10),87,124,74,31,21,100,100,94,86,10,15,5,6,0.4,0.4
2023-04-23T09:00:00,3010A,119.9025,31.7964,常州市,钟楼,颗粒物(PM10),67,83,97,25,31,114,86,74,74,11,18,5,7,0.4,0.5
2023-04-23T09:00:00,3012A,112.1849,31.0362,荆门市,西山林语,,23,3,23,10,19,78,72,77,74,7,9,2,2,0.4,0.5
2023-04-23T09:00:00,3014A,106.4958,29.5346,重庆市,歇台子,,15,15,19,6,9,38,19,32,29,22,19,5,5,0.2,0.2
2023-04-23T09:00:00,3015A,106.4037,29.5728,重庆市,龙井湾,,13,13,13,4,6,55,37,46,42,11,10,5,5,0.6,0.7
2023-04-23T09:00:00,3016A,106.5507,29.4153,重庆市,龙洲湾,,16,15,17,11,13,32,17,27,24,20,20,4,4,0.6,0.6
2023-04-23T09:00:00,3018A,111.505,36.1014,临汾市,唐尧大酒店,,40,27,24,28,27,83,53,76,58,16,14,3,4,0.9,0.7
2023-04-23T09:00:00,3020A,117.2101,39.1699,天津市,中山北路,,48,48,39,32,29,87,47,26,19,39,29,12,6,0.7,0.5
2023-04-23T09:00:00,3021A,115,35.7668,濮阳市,濮水河管理处,,39,17,20,27,23,80,52,54,54,13,12,5,6,0.5,0.4
2023-04-23T09:00:00,3025A,113.0477,23.6344,清远市,技师学院,,32,32,34,22,22,81,26,32,32,17,18,5,6,0.6,0.6
2023-04-23T09:00:00,3026A,116.6183,23.6608,潮州市,市政府,颗粒物(PM10),53,56,51,31,23,144,92,118,94,17,13,14,8,0.6,0.4
2023-04-23T09:00:00,3027A,104.72,29.3427,自贡市,青杠林路,,16,16,12,6,7,53,32,46,42,12,8,3,3,0.4,0.4
2023-04-23T09:00:00,3028A,104.776,29.3627,自贡市,檀木林体育馆,,15,15,16,8,7,53,36,47,44,17,13,3,3,0.4,0.4
2023-04-23T09:00:00,3033A,87.4651,43.4569,乌鲁木齐市,培训基地,,29,19,31,2,9,108,91,98,97,9,8,3,3,0.4,0.4
2023-04-23T09:00:00,3034A,113.1076,41.0385,乌兰察布市,光明街小学,,,40,36,,23,109,72,56,56,24,17,,24,0.4,0.4
2023-04-23T09:00:00,3035A,122.0931,46.0707,兴安盟,北滨河,,27,26,34,16,20,95,85,57,51,8,13,3,4,0.5,0.5
2023-04-23T09:00:00,3036A,118.6904,37.4338,东营市,开发区管委会,颗粒物(PM10),52,54,31,24,16,97,69,86,75,17,9,6,4,0.3,0.2
2023-04-23T09:00:00,3038A,103.3758,23.368,红河州,州图书馆,细颗粒物(PM2.5),113,107,82,85,59,145,106,135,117,18,9,6,6,1.1,0.7
2023-04-23T09:00:00,3039A,111.1911,34.7829,三门峡市,三门峡市第一小学,,22,13,17,12,15,90,69,80,78,14,13,6,6,0.4,0.4
2023-04-23T09:00:00,3045A,109.9643,33.8471,商洛市,商州区中学,,13,13,9,5,8,55,38,55,48,20,21,5,5,0.5,0.5
2023-04-23T09:00:00,3046A,115.9084,28.6062,南昌市,机电学校,,35,35,25,17,13,77,64,70,70,18,19,7,7,0.7,0.6
2023-04-23T09:00:00,3048A,119.5799,26.0936,福州市,九龙,颗粒物(PM10),56,61,67,36,25,141,67,81,72,20,13,5,4,0.6,0.4
2023-04-23T09:00:00,3051A,117.3876,39.1488,天津市,西四道,颗粒物(PM10),52,54,44,28,27,102,54,38,23,44,32,12,7,0.9,0.7
2023-04-23T09:00:00,3054A,113.9194,35.2847,新乡市,市委党校,,23,22,26,11,17,83,72,81,76,10,13,3,3,0.9,0.8
2023-04-23T09:00:00,3055A,101.7775,36.6428,西宁市,城北区政府,,35,27,54,24,26,65,40,46,41,9,22,6,6,0.7,0.6
2023-04-23T09:00:00,3057A,121.5992,37.4014,烟台市,牟平检察院,颗粒物(PM10),53,56,60,14,19,104,63,75,51,35,22,7,7,0.2,0.3
2023-04-23T09:00:00,3058A,119.2658,42.0353,赤峰市,银河街,,44,44,70,15,22,102,72,68,54,15,20,9,12,0.3,0.4
2023-04-23T09:00:00,3059A,117.7161,36.2049,济南市,泰兴公司,,,36,47,17,28,84,,77,73,20,25,4,6,0.4,0.4
2023-04-23T09:00:00,3061A,119.7512,49.1577,呼伦贝尔市,国华电力东,,24,18,32,12,19,92,74,38,37,8,10,3,3,0.4,0.3
2023-04-23T09:00:00,3064A,117.6867,36.2171,济南市,莱芜战役纪念馆,,34,34,43,17,26,84,74,73,72,22,23,4,5,0.6,0.6
2023-04-23T09:00:00,3065A,101.9533,29.9972,甘孜藏族自治州,州环保局,,16,13,13,3,5,103,51,60,48,17,15,4,4,0.4,0.3
2023-04-23T09:00:00,3066A,116.2721,37.4379,德州市,九衢泉纯净水厂,,47,47,25,28,20,93,28,50,30,27,19,4,3,0.4,0.3
2023-04-23T09:00:00,3109A,115.0093,25.8613,赣州市,赣县区卫计委,,34,34,27,14,17,92,15,26,20,19,21,9,8,0.7,0.6
2023-04-23T09:00:00,3122A,105.9606,26.2611,安顺市,伍家关,,,,60,,45,157,,141,,,4,,4,,0.4
2023-04-23T09:00:00,3123A,105.9408,26.2431,安顺市,凤凰山,细颗粒物(PM2.5),89,63,72,66,58,171,108,115,102,9,7,5,5,1.2,1
2023-04-23T09:00:00,3124A,105.9439,26.2564,安顺市,金钟山,细颗粒物(PM2.5),94,81,73,70,59,172,105,114,102,9,5,7,7,0.8,0.7
2023-04-23T09:00:00,3125A,105.8983,26.2481,安顺市,娄家坡,,,,78,,58,132,,131,,,7,,7,,0.8
2023-04-23T09:00:00,3128A,92.0506,31.4797,那曲地区,那曲会议中心,,34,20,25,14,11,109,106,105,105,11,7,6,6,0.6,0.5
2023-04-23T09:00:00,3131A,114.879,40.7993,张家口市,烟厂,,40,40,46,15,17,111,80,72,64,19,17,4,4,0.4,0.3
2023-04-23T09:00:00,3132A,119.610547,39.943889,秦皇岛市,文明里,颗粒物(PM10),69,87,46,24,20,106,102,89,89,4,14,9,7,0.4,0.5
2023-04-23T09:00:00,3133A,106.5468,29.5654,重庆市,上清寺,,22,8,13,15,10,30,7,22,17,29,24,7,7,0.8,0.8
2023-04-23T09:00:00,3134A,113.8172,34.0339,许昌市,市一中,,22,20,19,15,20,83,52,65,62,15,13,2,2,0.4,0.4
2023-04-23T09:00:00,3136A,104.2725,30.5589,成都市,龙泉驿区区政府,,16,2,6,2,2,92,51,61,57,19,13,2,1,0.4,0.3
2023-04-23T09:00:00,3137A,103.8578,30.0744,眉山市,市委党校,,15,12,10,0,2,98,45,51,46,15,11,7,8,0.4,0.4
2023-04-23T09:00:00,3138A,111.7153,29.0289,常德市,武陵区永安,,18,7,17,3,6,63,57,60,60,11,11,5,5,0.3,0.3
2023-04-23T09:00:00,3139A,111.6892,28.9881,常德市,鼎城区玉霞,,19,9,14,4,10,64,60,62,62,12,13,1,2,0.5,0.4
2023-04-23T09:00:00,3140A,111.6625,29.0531,常德市,武陵区长庚,,18,8,13,3,7,62,56,58,58,12,13,3,3,0.2,0.3
2023-04-23T09:00:00,3141A,114.3922,36.0878,安阳市,信访局,,38,14,22,26,24,84,57,84,66,22,16,3,4,0.4,0.6
2023-04-23T09:00:00,3147A,114.3438,34.8106,开封市,龙亭公园,,25,11,17,17,18,78,60,78,64,16,14,4,4,1.1,0.9
2023-04-23T09:00:00,3148A,103.8291,30.0564,眉山市,区人社局,,,16,20,,2,97,41,51,48,28,17,6,7,0.5,0.4
2023-04-23T09:00:00,3149A,115.0235,30.1578,黄石市,笔架山北路,颗粒物(PM10),71,92,30,4,6,65,44,57,47,4,5,3,3,0.5,0.5
2023-04-23T09:00:00,3151A,114.375,27.8097,宜春市,宜春学院北校区,,15,15,31,7,16,60,31,32,32,16,18,6,5,0.6,0.7
2023-04-23T09:00:00,3153A,114.3877,30.4908,武汉市,民族大道182号,,28,18,26,19,14,81,47,52,52,28,18,8,7,0.8,0.5
2023-04-23T09:00:00,3164A,119.4686,32.3942,扬州市,广陵建设局,颗粒物(PM10),62,74,76,25,25,116,74,85,71,17,16,6,7,0.5,0.5
2023-04-23T09:00:00,3165A,108.6594,34.2969,咸阳市,两寺渡,,18,12,14,11,11,65,55,64,59,12,12,3,3,1.0,1
2023-04-23T09:00:00,3169A,113.2725,35.2067,焦作市,太极体育中心,,30,30,36,21,25,77,60,70,66,10,11,4,3,1.3,0.8
2023-04-23T09:00:00,3170A,102.1864,38.5253,金昌市,市委党校,,,,,,,108,80,94,88,12,9,7,8,0.6,0.6
2023-04-23T09:00:00,3171A,115.6071,34.4465,商丘市,梁园区档案局,,33,27,31,23,29,70,69,58,58,14,14,5,6,0.3,0.3
2023-04-23T09:00:00,3173A,117.0598,30.5351,安庆市,市人大,,19,7,50,3,23,92,58,75,61,15,17,8,8,0.6,0.6
2023-04-23T09:00:00,3178A,119.0587,36.721,潍坊市,潍坊七中,,41,41,37,20,18,100,79,68,61,17,15,6,8,0.5,0.5
2023-04-23T09:00:00,3179A,102.7494,25.0119,昆明市,官渡区博物馆,,40,40,53,25,28,158,113,129,115,19,15,14,9,1.0,0.8
2023-04-23T09:00:00,3180A,99.7136,27.8094,迪庆州,质量技术监督局,,37,17,25,10,13,118,117,115,115,9,7,7,7,0.4,0.4
2023-04-23T09:00:00,3182A,106.7656,31.8545,巴中市,丽阳花园,,12,11,6,6,3,62,38,52,44,16,9,4,4,0.5,0.4
2023-04-23T09:00:00,3183A,106.7418,31.8654,巴中市,圣泉水务公司,,,6,2,4,1,62,,57,46,19,7,5,5,0.6,0.4
2023-04-23T09:00:00,3186A,103.7158,36.1058,兰州市,教育港,,23,22,61,16,35,98,34,51,43,24,12,10,8,0.7,0.5
2023-04-23T09:00:00,3187A,116.9509,33.666,宿州市,远航博物馆,,43,39,61,30,25,82,56,61,61,11,15,4,5,0.4,0.4
2023-04-23T09:00:00,3188A,115.6683,37.7217,衡水市,市城管局,细颗粒物(PM2.5),54,53,23,38,18,78,26,51,38,23,10,6,5,0.8,0.7
2023-04-23T09:00:00,3190A,116.0254,29.6994,九江市,外国语学校,,32,25,35,22,19,80,53,80,67,20,19,9,8,0.5,0.5
2023-04-23T09:00:00,3191A,118.3225,33.9447,宿迁市,宿豫区政府,颗粒物(PM10),57,64,80,34,26,96,51,88,70,22,19,4,5,0.6,0.4
2023-04-23T09:00:00,3192A,80.0903,32.5028,阿里地区,阿里藏医院,,33,26,15,4,4,131,103,105,100,5,3,7,7,0.4,0.4
2023-04-23T09:00:00,3194A,112.2747,30.3122,荆州市,管委会,,20,11,24,10,19,71,64,69,68,13,13,5,5,0.5,0.5
2023-04-23T09:00:00,3195A,119.3633,32.3972,扬州市,市体育局,颗粒物(PM10),51,51,80,22,23,118,82,82,74,14,14,9,9,0.4,0.4
2023-04-23T09:00:00,3200A,115.9819,36.4978,聊城市,监控中心,,,,29,,20,59,,64,,,17,,4,,0.3
2023-04-23T09:00:00,3201A,102.6486,37.9325,武威市,东关招商场,,43,18,32,30,21,102,60,85,72,12,7,5,4,0.4,0.3
2023-04-23T09:00:00,3204A,113.3025,33.73,平顶山市,规划局,,30,14,13,21,19,91,64,86,77,13,11,4,4,0.5,0.5
2023-04-23T09:00:00,3206A,114.9149,27.807,新余市,新钢沁园村,,22,22,42,8,21,60,37,36,26,14,16,6,7,0.4,0.4
2023-04-23T09:00:00,3207A,118.3118,32.3038,滁州市,市政府原办公楼,颗粒物(PM10),55,59,57,26,21,110,75,76,71,12,12,3,5,0.3,0.3
2023-04-23T09:00:00,3208A,112.7283,38.4153,忻州市,市政府,,30,30,27,20,21,92,43,74,46,25,17,6,6,0.7,0.6
2023-04-23T09:00:00,3209A,119.5231,26.6562,宁德市,宁德一中,颗粒物(PM10),60,69,61,23,20,140,78,118,92,16,11,5,5,0.4,0.3
2023-04-23T09:00:00,3210A,114.3644,34.7964,开封市,汴京公园,,25,13,15,17,18,79,56,76,62,9,8,3,3,0.3,0.1
2023-04-23T09:00:00,3216A,114.6622,24.5183,漳州市,漳州党校,细颗粒物(PM2.5),70,86,74,51,31,181,66,93,72,28,21,14,7,0.4,0.4
2023-04-23T09:00:00,3237A,117.4918,30.6617,池州市,展览馆,,16,15,63,10,23,75,49,65,53,12,18,4,7,0.5,0.5
2023-04-23T09:00:00,3239A,125.0764,42.9078,辽源市,银鹰制药,颗粒物(PM10),60,69,44,34,24,112,80,35,32,12,17,11,30,0.4,0.4
2023-04-23T09:00:00,3241A,103.7439,36.0842,兰州市,百合公园,,26,25,54,18,33,95,34,40,34,23,18,4,8,0.5,0.4
2023-04-23T09:00:00,3242A,103.9611,35.998,兰州市,和平,,31,31,64,16,34,97,31,52,40,19,13,6,6,0.5,0.4
2023-04-23T09:00:00,3245A,103.6633,36.533,兰州新区,新区管委会,,30,22,42,21,33,91,65,45,45,11,9,7,5,0.4,0.3
2023-04-23T09:00:00,3246A,103.6975,36.4789,兰州新区,舟曲中学,,24,7,44,4,25,97,75,51,50,9,11,4,6,0.4,0.3
2023-04-23T09:00:00,3247A,104.955,33.371,陇南市,市总工会,,29,29,32,7,10,80,53,52,52,22,12,8,5,0.5,0.4
2023-04-23T09:00:00,3248A,98.2643,39.7724,嘉峪关市,雄关区,颗粒物(PM10),51,52,58,25,22,86,50,81,61,32,17,7,5,0.5,0.5
2023-04-23T09:00:00,3265A,121.4316,31.3322,上海市,宝山庙行,颗粒物(PM10),95,139,132,29,30,107,75,86,82,23,21,8,9,0.5,0.5
2023-04-23T09:00:00,3266A,121.8791,31.4662,上海市,崇明上实东滩,颗粒物(PM10),95,139,124,33,28,112,90,102,94,8,7,6,6,0.7,0.7
2023-04-23T09:00:00,3268A,121.3162,31.2838,上海市,嘉定南翔,颗粒物(PM10),88,125,129,27,25,103,73,93,81,20,16,6,6,0.6,0.5
2023-04-23T09:00:00,3269A,121.3359,30.7456,上海市,金山新城,颗粒物(PM10),67,84,120,24,28,128,80,98,94,26,16,5,5,0.6,0.5
2023-04-23T09:00:00,3270A,121.4996,31.0739,上海市,闵行浦江,颗粒物(PM10),98,145,143,29,28,114,76,81,80,20,18,5,6,0.5,0.5
2023-04-23T09:00:00,3271A,121.2886,31.1663,上海市,青浦徐泾,颗粒物(PM10),92,133,127,29,30,120,86,93,88,16,19,6,8,0.6,0.6
2023-04-23T09:00:00,3272A,121.2186,31.0378,上海市,松江图书馆,颗粒物(PM10),91,132,146,42,46,118,82,90,80,18,22,8,9,0.8,0.7
2023-04-23T09:00:00,3273A,121.3902,31.2059,上海市,长宁仙霞,颗粒物(PM10),97,144,127,29,31,114,80,93,87,22,21,6,7,0.5,0.5
2023-04-23T09:00:00,3274A,121.7965,31.0507,上海市,浦东惠南,颗粒物(PM10),96,141,137,34,29,114,89,82,82,9,15,4,6,0.5,0.5
2023-04-23T09:00:00,3281A,115.9718,40.4529,北京市,延庆夏都,,34,34,33,22,23,83,72,47,42,14,15,1,2,0.3,0.3
2023-04-23T09:00:00,3282A,113.3397,40.0597,大同市,大同市卫生学校,,43,43,43,11,26,112,83,56,54,18,23,9,10,0.4,0.5
2023-04-23T09:00:00,3283A,109.9154,40.5685,包头市,滨河大厦,颗粒物(PM10),61,72,56,33,25,120,57,40,29,30,27,16,13,0.7,0.6
2023-04-23T09:00:00,3284A,106.813,39.7274,乌海市,海北新区,,,68,54,20,14,114,76,95,88,21,14,17,18,,1.8
2023-04-23T09:00:00,3285A,113.1376,40.9509,乌兰察布市,北京八中,,44,44,33,15,12,110,62,60,60,28,13,17,19,0.4,0.3
2023-04-23T09:00:00,3286A,118.9359,42.3147,赤峰市,桥北物流园区,,41,41,69,6,12,105,88,69,69,10,19,6,6,0.4,0.4
2023-04-23T09:00:00,3287A,119.3842,32.1976,镇江市,富润路1号,颗粒物(PM10),73,96,85,37,31,126,89,92,82,7,7,4,5,0.5,0.3
2023-04-23T09:00:00,3288A,117.4754,34.4422,徐州市,大泉街道,,38,36,63,26,31,79,62,68,67,18,19,7,10,0.6,0.6
2023-04-23T09:00:00,3289A,120.743,31.3188,苏州市,方洲路,颗粒物(PM10),91,131,124,35,33,120,71,82,74,19,15,8,8,0.7,0.5
2023-04-23T09:00:00,3290A,120.5031,31.2774,苏州市,木渎中学,颗粒物(PM10),73,95,98,30,30,121,79,78,78,15,14,7,8,0.4,0.4
2023-04-23T09:00:00,3291A,121.067,32.062,南通市,通州监测站,颗粒物(PM10),103,156,115,36,27,123,106,102,100,8,8,4,4,0.4,0.4
2023-04-23T09:00:00,3293A,120.1501,33.3367,盐城市,月亮广场,颗粒物(PM10),80,110,81,35,23,122,100,96,96,11,11,3,4,0.3,0.3
2023-04-23T09:00:00,3294A,119.5653,32.4222,扬州市,引江管理处,颗粒物(PM10),56,61,70,23,23,122,83,85,73,14,13,7,9,0.5,0.6
2023-04-23T09:00:00,3295A,120.1259,32.5099,泰州市,姜堰区政府广场,颗粒物(PM10),61,71,77,26,24,117,100,84,84,10,11,4,5,0.3,0.3
2023-04-23T09:00:00,3298A,113.5717,23.5491,广州市,从化街口,,32,32,31,20,21,93,58,68,62,10,10,6,6,0.7,0.6
2023-04-23T09:00:00,3299A,113.3472,23.3692,广州市,白云竹料,颗粒物(PM10),54,57,52,30,27,115,42,60,52,28,25,4,5,0.9,0.7
2023-04-23T09:00:00,3300A,113.2981,23.237,广州市,白云嘉禾,,47,47,45,24,24,104,45,58,50,35,36,9,8,0.6,0.5
2023-04-23T09:00:00,3301A,113.4256,23.1716,广州市,黄埔科学城,颗粒物(PM10),53,55,48,31,26,106,25,59,46,42,32,8,8,0.5,0.5
2023-04-23T09:00:00,3302A,113.3942,23.0483,广州市,番禺大学城,,47,47,39,24,22,139,38,69,56,38,28,5,4,0.5,0.5
2023-04-23T09:00:00,3303A,113.4922,22.8168,广州市,南沙黄阁,,37,37,40,15,20,106,68,95,79,20,14,5,4,0.7,0.7
2023-04-23T09:00:00,3304A,113.5342,22.7896,广州市,南沙街,,30,30,38,15,19,102,62,84,74,21,14,6,5,0.7,0.7
2023-04-23T09:00:00,3305A,114.0731,22.559,深圳市,莲花,,33,33,40,18,19,116,82,103,90,12,9,2,2,0.5,0.5
2023-04-23T09:00:00,3306A,114.0261,22.6198,深圳市,民治,,35,35,40,17,21,105,89,98,90,8,10,4,5,0.6,0.6
2023-04-23T09:00:00,3307A,114.1871,22.6451,深圳市,横岗,,37,37,38,19,19,110,84,102,92,13,11,6,6,0.9,0.8
2023-04-23T09:00:00,3308A,113.3494,22.0569,珠海市,金湾,颗粒物(PM10),66,81,68,47,30,110,75,101,83,13,8,6,6,0.5,0.5
2023-04-23T09:00:00,3311A,113.1075,22.5647,江门市,江海富民,颗粒物(PM10),74,98,62,33,30,94,53,78,69,21,18,6,7,0.5,0.5
2023-04-23T09:00:00,3313A,112.4575,23.0166,肇庆市,高要湖西,,33,18,40,23,26,111,44,53,51,20,19,6,7,0.6,0.5
2023-04-23T09:00:00,3314A,114.4338,22.8134,惠州市,惠阳秋长,,36,36,36,24,24,107,88,89,86,9,10,6,7,0.5,0.5
2023-04-23T09:00:00,3315A,116.1233,24.2991,梅州市,梅龙,,36,36,36,23,23,103,85,93,90,9,10,8,9,0.6,0.6
2023-04-23T09:00:00,3317A,111.9765,21.8947,阳江市,两阳中学,,20,20,41,8,17,101,37,47,36,3,5,7,8,0.6,0.5
2023-04-23T09:00:00,3318A,112.9903,23.7403,清远市,清新太和,,21,21,32,14,19,75,36,40,40,17,16,8,8,0.6,0.5
2023-04-23T09:00:00,3319A,113.7338,23.0381,东莞市,万江金泰,,33,33,38,16,19,112,64,82,70,18,15,5,5,0.6,0.6
2023-04-23T09:00:00,3320A,116.403,23.5699,揭阳市,曲溪,颗粒物(PM10),61,72,61,25,26,128,79,95,86,22,13,7,5,0.6,0.5
2023-04-23T09:00:00,3323A,115.2773,40.9724,张家口市,青少年活动中心,,34,32,32,10,11,110,107,85,85,1,5,3,4,0,0.2
2023-04-23T09:00:00,3324A,116.8136,38.3004,沧州市,河北水利电力学院,颗粒物(PM10),66,81,48,44,24,82,16,32,25,40,30,8,7,0.5,0.3
2023-04-23T09:00:00,3325A,117.0365,39.3828,天津市,雍阳西道,,41,41,31,26,23,83,62,33,28,31,25,10,7,0.4,0.3
2023-04-23T09:00:00,3326A,117.0296,39.0605,天津市,辛老路,颗粒物(PM10),51,52,42,31,26,88,46,17,17,39,35,11,8,0.7,0.5
2023-04-23T09:00:00,3327A,116.9638,38.9375,天津市,地纬路,细颗粒物(PM2.5),57,62,45,40,29,88,22,32,12,43,28,9,8,0.5,0.5
2023-04-23T09:00:00,3328A,118.4209,31.3707,芜湖市,市气象局,,49,49,80,22,25,111,69,79,64,20,22,9,11,0.5,0.6
2023-04-23T09:00:00,3329A,117.0108,32.5893,淮南市,山南新区,,24,15,79,12,19,88,75,73,65,7,12,2,4,0.2,0.2
2023-04-23T09:00:00,3330A,116.8873,33.9836,淮北市,杜集区检察院,,40,26,66,28,36,80,55,56,56,16,20,5,6,1.0,0.9
2023-04-23T09:00:00,3331A,118.3267,32.2634,滁州市,图书馆,颗粒物(PM10),52,54,66,16,19,114,76,76,70,14,15,4,4,0.4,0.4
2023-04-23T09:00:00,3332A,115.7633,33.8034,亳州市,亳州学院,,30,22,39,21,23,76,67,64,64,9,11,4,5,0.6,0.5
2023-04-23T09:00:00,3333A,117.5627,30.695,池州市,第八中学,,25,25,68,15,25,73,43,58,52,19,21,4,5,0.7,0.7
2023-04-23T09:00:00,3334A,117.5038,30.6243,池州市,第十二中学,,16,15,61,11,25,74,50,70,54,16,19,3,5,0.6,0.5
2023-04-23T09:00:00,3335A,113.3137,35.2641,焦作市,马村街道办,,28,26,32,19,22,74,58,68,59,8,9,2,5,1.0,0.5
2023-04-23T09:00:00,3336A,113.2465,35.2373,焦作市,焦作技师学院,,18,6,24,9,16,74,55,69,59,9,7,2,3,1.4,0.9
2023-04-23T09:00:00,3337A,113.8614,34.0442,许昌市,许昌学院,,26,11,19,18,18,78,52,66,62,11,10,2,2,0.6,0.5
2023-04-23T09:00:00,3338A,113.843,34.0823,许昌市,芙蓉广场,,26,10,16,18,22,76,50,61,59,14,14,4,4,0.1,0.2
2023-04-23T09:00:00,3339A,114.0012,33.0412,驻马店市,小管楼,,29,26,26,20,17,73,52,72,58,9,10,3,4,0.4,0.3
2023-04-23T09:00:00,3340A,112.6005,34.6326,洛阳市,伊滨,,33,26,21,23,21,82,67,75,75,17,20,3,3,0.5,0.4
2023-04-23T09:00:00,3341A,112.4951,34.6332,洛阳市,中移产业园,,29,20,18,20,20,80,68,71,71,13,16,2,3,0.1,0.1
2023-04-23T09:00:00,3342A,128.4741,47.4346,伊春市,中心小学,,25,10,22,5,13,86,80,66,66,5,8,1,1,0.4,0.4
2023-04-23T09:00:00,3343A,128.6871,47.7369,伊春市,检察院,,26,17,18,15,16,90,82,75,73,2,3,5,5,0.5,0.5
2023-04-23T09:00:00,3344A,128.8431,47.8474,伊春市,双子河社区,,28,28,39,9,9,91,80,59,59,7,12,6,7,0.6,0.6
2023-04-23T09:00:00,3345A,131.0577,45.7879,七台河市,中波台,,42,42,32,11,12,85,77,56,56,7,14,8,14,0.6,0.7
2023-04-23T09:00:00,3346A,108.3872,31.1628,重庆市,安康,,14,11,12,2,3,76,42,58,53,18,15,6,7,0.6,0.6
2023-04-23T09:00:00,3347A,105.9017,29.3569,重庆市,北山路,,18,18,27,4,8,44,28,42,35,12,10,5,5,0.6,0.6
2023-04-23T09:00:00,3348A,105.839,30.1946,重庆市,春阳街,,22,22,15,3,5,52,39,42,41,14,12,8,9,0.5,0.5
2023-04-23T09:00:00,3349A,107.7983,30.6758,重庆市,人民东路,,24,24,24,8,8,87,53,53,53,5,4,3,3,0.7,0.8
2023-04-23T09:00:00,3350A,106.6479,29.0244,重庆市,滩子口,,29,15,21,20,17,29,15,27,16,18,15,17,12,0.9,0.8
2023-04-23T09:00:00,3351A,105.7167,29.7076,重庆市,棠香,,9,7,6,4,4,36,28,32,29,8,9,14,11,0.4,0.4
2023-04-23T09:00:00,3352A,107.0732,29.8617,重庆市,桃源西路,,17,17,16,5,8,32,27,26,26,14,18,14,16,0.7,0.6
2023-04-23T09:00:00,3353A,107.3535,29.7287,重庆市,迎宾大道,,20,20,19,6,11,29,29,20,20,14,20,1,4,0.6,0.7
2023-04-23T09:00:00,3354A,108.815,29.5081,重庆市,舟白,,19,17,10,13,18,84,53,68,63,11,9,7,6,0.6,0.4
2023-04-23T09:00:00,3355A,108.3679,30.8426,重庆市,周家坝,,28,17,16,19,14,76,53,62,57,16,13,5,7,0.4,0.5
2023-04-23T09:00:00,3356A,108.4319,30.7555,重庆市,百安坝,,17,6,13,10,13,70,53,56,53,11,12,6,7,0.5,0.4
2023-04-23T09:00:00,3357A,104.0106,30.6931,成都市,金博路,,12,12,14,5,5,79,33,51,46,17,12,1,2,0.3,0.3
2023-04-23T09:00:00,3359A,104.0578,30.5225,成都市,华阳,,14,9,12,5,9,88,42,50,48,15,12,3,3,0.3,0.3
2023-04-23T09:00:00,3360A,104.7894,29.3194,自贡市,南湖救助站,,15,15,19,5,2,56,40,52,48,11,8,6,6,0.4,0.5
2023-04-23T09:00:00,3361A,103.7311,29.5628,乐山市,理工大学,,12,10,18,6,10,79,37,51,46,16,13,7,7,0.4,0.4
2023-04-23T09:00:00,3362A,120.5014,36.4034,青岛市,即墨2号,颗粒物(PM10),52,53,54,19,23,118,110,87,87,14,15,4,6,0.4,0.5
2023-04-23T09:00:00,3363A,117.9883,36.8372,淄博市,新区,,44,44,38,29,20,85,53,46,44,41,32,10,8,0.5,0.4
2023-04-23T09:00:00,3364A,117.3152,34.8103,枣庄市,市环保局,细颗粒物(PM2.5),52,39,50,36,29,90,68,77,76,26,26,8,9,0.4,0.4
2023-04-23T09:00:00,3365A,118.5719,37.565,东营市,垦利区民丰路,,44,44,25,24,12,106,70,100,80,10,6,10,9,0.5,0.4
2023-04-23T09:00:00,3366A,121.5206,37.4336,烟台市,中国农业大学,,48,48,49,22,20,98,61,82,52,36,24,9,9,0.3,0.3
2023-04-23T09:00:00,3368A,119.1977,36.6872,潍坊市,高新实验学校,,44,44,43,26,20,98,82,90,77,12,14,4,6,0.3,0.4
2023-04-23T09:00:00,3370A,118.3564,35.0215,临沂市,十里堡居委,,35,27,54,24,25,91,70,70,70,18,17,5,8,0.7,0.7
2023-04-23T09:00:00,3371A,116.3728,37.4403,德州市,开发区人民医院,细颗粒物(PM2.5),64,56,26,46,19,97,35,51,46,24,14,4,3,0.6,0.4
2023-04-23T09:00:00,3372A,116.3572,37.4094,德州市,太阳城中学,"颗粒物(PM10),细颗粒物(PM2.5)",54,58,26,38,19,102,34,53,36,30,17,6,5,0.5,0.4
2023-04-23T09:00:00,3374A,115.5564,35.0891,菏泽市,定陶老年大学,,28,24,27,19,18,77,77,63,63,15,17,4,5,0.4,0.3
2023-04-23T09:00:00,3375A,102.8017,24.8336,昆明市,青年创业园,,44,44,58,27,33,135,110,112,112,10,9,12,9,0.7,0.7
2023-04-23T09:00:00,3376A,103.7947,25.462,曲靖市,南苑二区,,38,38,58,23,32,161,119,129,124,6,6,5,4,0.5,0.5
2023-04-23T09:00:00,3377A,103.7444,25.5261,曲靖市,曲靖师范学院,,44,44,67,24,33,160,116,118,113,8,13,15,11,0.6,0.7
2023-04-23T09:00:00,3379A,122.1139,40.2278,营口市,鲅鱼圈市民活动中心,颗粒物(PM10),116,182,79,63,31,120,51,36,25,48,37,45,18,1.8,0.8
2023-04-23T09:00:00,3380A,102.8914,34.9617,甘南州,甘肃民族师范学院,,19,13,12,6,7,70,60,68,61,12,15,7,8,0.5,0.5
2023-04-23T09:00:00,3396A,112.0828,32.0067,襄阳市,襄城隆中路,,22,22,34,10,17,76,66,74,72,12,14,9,9,0.5,0.5
2023-04-23T09:00:00,3397A,112.1214,32.1008,襄阳市,高新台子湾,,30,30,32,17,20,74,50,72,66,16,9,8,8,0.6,0.6
2023-04-23T09:00:00,3398A,114.9136,30.4445,黄冈市,市林业局,,17,17,27,5,11,64,44,55,44,4,3,6,6,0.6,0.5
2023-04-23T09:00:00,3399A,112.6703,26.882,衡阳市,师范学院,,15,15,10,1,6,55,37,54,42,12,12,7,6,0.5,0.4
2023-04-23T09:00:00,3400A,109.1911,21.4415,北海市,龙潭自来水厂,,35,35,40,24,23,120,33,55,39,3,3,3,3,0.6,0.6
2023-04-23T09:00:00,3401A,108.4834,22.7618,南宁市,红星社区,,40,31,49,28,31,86,25,69,36,12,11,5,6,0.8,0.8
2023-04-23T09:00:00,3402A,109.5422,24.3996,柳州市,市二中,,37,37,42,23,27,92,28,43,35,12,11,10,15,0.7,0.8
2023-04-23T09:00:00,3403A,110.1764,25.2381,桂林市,创业大厦,,18,7,22,12,18,106,36,44,41,10,12,4,17,0.3,0.4
2023-04-23T09:00:00,3404A,108.5959,21.9633,钦州市,北职校,,49,49,52,32,31,86,22,55,36,16,14,10,9,0.7,0.7
2023-04-23T09:00:00,3405A,109.5886,23.1172,贵港市,新世纪学校,,50,48,51,35,29,74,22,39,32,28,19,8,8,1.0,0.9
2023-04-23T09:00:00,3406A,106.6085,23.8798,百色市,祈福高中,细颗粒物(PM2.5),83,74,89,61,66,137,43,73,60,21,15,21,20,1.2,1.2
2023-04-23T09:00:00,3407A,120.6916,30.7739,嘉兴市,秀洲住建,颗粒物(PM10),65,80,114,23,28,126,68,74,70,22,23,5,6,0.3,0.3
2023-04-23T09:00:00,3408A,120.5683,29.9361,绍兴市,绍兴中专,颗粒物(PM10),81,112,103,34,29,155,72,93,71,17,18,7,9,0.5,0.5
2023-04-23T09:00:00,3409A,120.4906,30.0861,绍兴市,柯桥区政府,颗粒物(PM10),99,147,134,32,32,140,50,67,53,32,26,5,6,0.6,0.6
2023-04-23T09:00:00,3410A,120.8752,30.0249,绍兴市,重华小学,颗粒物(PM10),90,130,108,37,31,138,64,62,62,26,18,10,9,0.8,0.6
2023-04-23T09:00:00,3411A,120.8369,30.0137,绍兴市,上虞中学,颗粒物(PM10),96,142,114,36,29,143,62,66,62,24,17,7,8,0.7,0.6
2023-04-23T09:00:00,3413A,118.1953,28.4401,上饶市,广丰区教体局,细颗粒物(PM2.5),63,60,66,45,35,100,76,69,69,19,21,18,15,1.0,0.8
2023-04-23T09:00:00,3414A,115.8347,28.932,赣江新区,桑海产业园,,45,45,40,22,14,76,60,72,71,19,20,6,6,0.8,0.8
2023-04-23T09:00:00,3415A,114.4519,28.0828,宜春市,万载县环保局,,,10,18,,12,75,21,24,23,13,15,4,5,0.8,0.8
2023-04-23T09:00:00,3416A,119.1755,36.7149,潍坊市,潍坊学院,颗粒物(PM10),59,68,40,19,15,94,79,85,70,15,13,5,6,0.4,0.4
2023-04-23T09:00:00,3417A,117.0709,40.1465,北京市,平谷新城,颗粒物(PM10),53,56,37,31,20,88,41,23,18,20,16,3,3,0.4,0.3
2023-04-23T09:00:00,3418A,116.8336,40.4095,北京市,密云新城,,40,40,40,24,21,86,55,46,46,15,16,1,3,0.3,0.2
2023-04-23T09:00:00,3419A,109.9447,40.6261,包头市,包头市委党校,颗粒物(PM10),78,106,75,28,26,116,37,24,19,60,42,52,18,1.0,0.7
2023-04-23T09:00:00,3421A,113.1775,40.9779,乌兰察布市,市委党校,颗粒物(PM10),52,53,39,27,16,109,65,70,65,31,13,13,12,0.3,0.3
2023-04-23T09:00:00,3422A,118.8436,31.9198,南京市,江宁彩虹桥,颗粒物(PM10),60,70,87,24,18,114,82,92,74,16,17,4,5,0.5,0.5
2023-04-23T09:00:00,3423A,119.0138,31.6494,南京市,溧水永阳,颗粒物(PM10),65,80,82,30,26,125,77,79,67,16,15,4,4,0.7,0.6
2023-04-23T09:00:00,3424A,118.879,31.3302,南京市,高淳老职中,颗粒物(PM10),63,76,85,35,29,121,57,63,54,20,20,5,8,0.1,0.2
2023-04-23T09:00:00,3425A,120.624,31.1733,苏州市,越秀幼儿园,颗粒物(PM10),79,107,119,25,30,132,83,86,85,17,18,5,6,0.6,0.6
2023-04-23T09:00:00,3426A,118.8755,33.2894,淮安市,新华书店,,30,26,64,13,23,112,93,82,75,11,19,4,6,0.3,0.3
2023-04-23T09:00:00,3427A,118.8554,32.3578,南京市,六合雄州,颗粒物(PM10),61,72,67,22,20,117,83,88,75,10,5,5,7,0.4,0.4
2023-04-23T09:00:00,3428A,120.3142,31.4753,无锡市,华庄,颗粒物(PM10),78,105,116,32,30,130,71,73,73,28,24,3,5,0.2,0.3
2023-04-23T09:00:00,3429A,119.8598,31.7066,常州市,武进经发区,颗粒物(PM10),71,91,110,27,31,111,89,76,76,14,23,7,10,0.2,0.4
2023-04-23T09:00:00,3430A,119.5826,31.7245,常州市,金坛城区,颗粒物(PM10),74,98,95,31,28,124,70,65,65,22,22,5,7,0.7,0.7
2023-04-23T09:00:00,3431A,120.6505,31.416,苏州市,高铁新城,颗粒物(PM10),83,116,121,33,32,124,81,79,79,9,10,6,6,0.5,0.5
2023-04-23T09:00:00,3432A,120.9348,31.9883,南通市,环境教育馆,颗粒物(PM10),100,149,113,31,23,116,95,90,90,7,7,2,2,0.3,0.4
2023-04-23T09:00:00,3434A,119.2413,34.6539,连云港市,工贸学校,颗粒物(PM10),66,81,69,26,25,103,98,96,90,11,14,6,7,0.6,0.6
2023-04-23T09:00:00,3435A,119.9192,32.4322,泰州市,周山河街区,颗粒物(PM10),64,78,74,28,24,121,99,87,86,8,10,7,7,0.3,0.3
2023-04-23T09:00:00,3436A,120.4279,33.205,盐城市,大丰高级中学,颗粒物(PM10),86,122,92,36,22,120,101,95,95,8,7,3,4,0.3,0.4
2023-04-23T09:00:00,3437A,88.3118,43.3658,乌鲁木齐市,达坂城区环保局,,27,26,59,17,16,103,86,95,95,3,8,3,3,0.4,0.3
2023-04-23T09:00:00,3438A,87.6162,43.8801,乌鲁木齐市,红光山片区,,39,39,52,15,16,104,43,79,74,41,28,3,3,0.4,0.4
2023-04-23T09:00:00,3439A,87.7024,43.8004,乌鲁木齐市,新师大温泉校区,,38,38,50,10,12,101,56,82,78,17,11,9,9,0.3,0.4
2023-04-23T09:00:00,3440A,87.4921,43.8411,乌鲁木齐市,大绿谷,,36,36,49,22,16,103,46,80,75,35,23,11,9,0.7,0.6
2023-04-23T09:00:00,3441A,87.546,44.1912,五家渠市,经开区管委会,,46,46,54,26,20,105,37,66,52,14,9,6,7,0.4,0.4
2023-04-23T09:00:00,3442A,86.047,44.2331,石河子市,南区管委会,,28,28,39,16,18,84,62,76,70,9,9,10,10,0.5,0.5
2023-04-23T09:00:00,3443A,113.2902,23.5544,广州市,花都梯面,颗粒物(PM10),52,54,41,27,24,99,49,61,58,18,18,4,5,0.5,0.5
2023-04-23T09:00:00,3444A,116.454,23.2684,汕头市,潮南峡山,颗粒物(PM10),51,51,51,29,24,148,91,116,106,17,12,11,10,0.4,0.2
2023-04-23T09:00:00,3445A,113.7858,23.7478,广州市,从化良口,,23,23,22,15,14,92,38,56,55,13,10,4,4,0.5,0.5
2023-04-23T09:00:00,3446A,113.8051,23.2614,广州市,增城荔城,,43,43,39,21,20,114,64,74,69,12,11,6,6,0.4,0.4
2023-04-23T09:00:00,3447A,114.3551,22.7151,深圳市,坪山,,30,30,35,16,19,98,84,93,80,8,12,5,5,0.6,0.6
2023-04-23T09:00:00,3448A,113.5433,22.1163,珠海市,横琴,颗粒物(PM10),61,71,81,33,42,120,93,109,86,13,13,5,5,0.4,0.4
2023-04-23T09:00:00,3449A,113.05,22.4667,江门市,新会银湖,颗粒物(PM10),52,54,48,18,19,90,50,88,69,17,14,6,5,0.6,0.6
2023-04-23T09:00:00,3450A,111.01,21.5165,茂名市,电白水东,,24,24,34,14,17,104,38,60,42,5,5,7,7,0.5,0.4
2023-04-23T09:00:00,3451A,112.5617,23.2083,肇庆市,鼎湖凤凰,,22,20,40,15,24,78,48,50,48,26,35,8,10,0.6,0.6
2023-04-23T09:00:00,3452A,114.6517,22.775,惠州市,大亚湾霞涌,,41,41,37,18,19,100,79,97,86,8,7,6,5,0.6,0.5
2023-04-23T09:00:00,3453A,112.0125,21.8749,阳江市,阳东陶然,,20,19,16,14,20,75,37,44,36,5,5,5,5,0.7,1.3
2023-04-23T09:00:00,3454A,113.3528,22.478,中山市,中山南区,颗粒物(PM10),60,70,36,14,20,95,74,90,79,9,13,4,4,0.4,0.4
2023-04-23T09:00:00,3455A,113.076,23.7198,清远市,清城东城,,25,25,33,16,19,86,39,39,36,14,13,5,6,0.6,0.6
2023-04-23T09:00:00,3456A,114.289,38.0906,石家庄市,鹿泉一中,细颗粒物(PM2.5),62,58,48,44,34,71,29,11,11,36,35,4,4,0.6,0.5
2023-04-23T09:00:00,3457A,118.4359,39.2762,唐山市,冀东油田职工医院,颗粒物(PM10),75,100,44,25,24,104,95,53,53,19,30,7,5,0.4,0.4
2023-04-23T09:00:00,3458A,114.7895,36.5593,邯郸市,香泉濮院小区,,40,21,19,28,26,80,55,43,43,10,14,3,3,0.6,0.6
2023-04-23T09:00:00,3459A,115.5989,37.5491,衡水市,地表水厂,细颗粒物(PM2.5),52,41,22,36,16,84,42,62,43,8,4,2,2,0.4,0.4
2023-04-23T09:00:00,3460A,117.4067,40.0583,天津市,北环路,,46,46,36,24,21,87,51,60,50,30,16,7,6,0.4,0.4
2023-04-23T09:00:00,3461A,117.3045,39.7169,天津市,建设路,"颗粒物(PM10),细颗粒物(PM2.5)",58,66,41,41,26,99,51,34,26,41,26,14,8,0.9,0.5
2023-04-23T09:00:00,3462A,117.8199,39.3521,天津市,滨水东路,,50,50,41,25,26,96,72,45,39,35,32,16,11,0.6,0.3
2023-04-23T09:00:00,3463A,116.9708,33.591,宿州市,社会福利中心,,33,33,62,23,23,77,60,65,65,11,18,1,3,0.5,0.4
2023-04-23T09:00:00,3464A,117.3803,31.9147,合肥市,高教基地,,19,12,55,13,15,92,47,72,63,15,13,2,3,0.2,0.3
2023-04-23T09:00:00,3465A,118.4781,31.3225,芜湖市,清苑社区,,47,47,75,25,27,112,61,76,60,16,20,6,8,0.5,0.6
2023-04-23T09:00:00,3466A,118.2746,31.2326,芜湖市,扬子职业技术学院,,39,39,77,22,26,115,84,80,67,11,18,6,8,0.4,0.6
2023-04-23T09:00:00,3468A,115.7901,32.8613,阜阳市,市规划展馆,,36,36,62,22,33,74,74,61,61,15,19,4,6,0.4,0.4
2023-04-23T09:00:00,3469A,115.836,32.9183,阜阳市,枣园社区,,25,20,52,17,27,70,60,52,52,20,21,4,6,0.4,0.4
2023-04-23T09:00:00,3470A,118.7724,30.9141,宣城市,夏渡子站,颗粒物(PM10),51,52,78,22,26,101,83,58,58,12,24,4,5,0.2,0.3
2023-04-23T09:00:00,3471A,113.616563,34.86783,郑州市,惠济区政府,,23,8,13,9,14,86,72,79,79,14,12,1,2,0.6,0.5
2023-04-23T09:00:00,3473A,114.2485,34.8306,开封市,技师学院,,32,25,19,22,21,74,59,70,64,15,13,4,4,0.7,0.5
2023-04-23T09:00:00,3474A,114.2617,35.6822,鹤壁市,大新区,,21,10,22,8,18,88,67,78,67,10,12,2,3,0.6,0.7
2023-04-23T09:00:00,3475A,113.9188,35.3045,新乡市,市政府,,23,15,22,6,15,81,72,76,74,8,10,5,6,0.6,0.6
2023-04-23T09:00:00,3476A,113.9135,35.3327,新乡市,河师大,,22,10,20,7,14,82,69,75,73,9,12,3,3,0.7,0.6
2023-04-23T09:00:00,3477A,113.1656,35.2539,焦作市,中站许衡医院,,28,25,30,19,25,78,68,76,63,11,12,2,3,0.9,0.7
2023-04-23T09:00:00,3478A,113.9749,33.5664,漯河市,市图书馆,,22,16,25,15,17,87,62,72,65,7,7,5,4,0.5,0.4
2023-04-23T09:00:00,3479A,114.0967,33.5906,漯河市,召陵区卫健委,,31,31,24,20,15,92,59,67,61,9,8,6,6,0.4,0.4
2023-04-23T09:00:00,3480A,129.1368,47.6417,伊春市,美溪镇,,24,11,19,8,10,84,76,69,69,5,5,3,3,0.6,0.6
2023-04-23T09:00:00,3481A,125.141,46.634,大庆市,萨区政府监测点,细颗粒物(PM2.5),64,25,12,46,13,90,64,66,62,27,7,8,5,0.3,0.3
2023-04-23T09:00:00,3482A,107.7541,29.3277,重庆市,芙蓉中路,,29,21,20,20,14,61,52,56,51,9,16,8,10,0.6,0.7
2023-04-23T09:00:00,3483A,108.7661,29.5368,重庆市,西山,,23,11,13,16,17,80,55,63,60,5,4,8,7,0.4,0.4
2023-04-23T09:00:00,3484A,106.2628,29.32,重庆市,行政中心,,9,9,16,3,3,40,21,27,23,17,13,2,3,0.6,0.6
2023-04-23T09:00:00,3485A,107.0944,29.1608,重庆市,高寺路,,15,15,19,2,6,39,25,32,32,21,15,6,8,0.6,0.6
2023-04-23T09:00:00,3486A,124.4036,43.1411,四平市,植物园,颗粒物(PM10),61,72,55,22,14,119,84,43,43,11,22,4,4,0.2,0.3
2023-04-23T09:00:00,3487A,104.2394,30.5319,成都市,车城东七路,,15,8,7,2,2,93,46,59,54,16,10,2,2,0.5,0.4
2023-04-23T09:00:00,3488A,104.3853,30.7453,成都市,青白江技师分院,,26,26,19,7,6,87,54,57,56,11,11,4,4,0.6,0.6
2023-04-23T09:00:00,3489A,104.0789,30.4072,成都市,科学城,,16,7,9,2,3,98,51,56,56,11,7,3,3,0.3,0.3
2023-04-23T09:00:00,3490A,105.3617,28.7703,泸州市,纳溪区环保局,,18,18,12,2,3,47,36,38,37,11,11,5,10,0.5,0.5
2023-04-23T09:00:00,3491A,104.69,31.5322,绵阳市,西科大附属小学,,12,10,7,3,2,81,38,57,53,14,8,1,2,0.7,0.6
2023-04-23T09:00:00,3492A,104.5648,31.5343,绵阳市,安州区旅游局,,20,20,10,3,4,85,43,54,49,9,7,3,4,0.6,0.5
2023-04-23T09:00:00,3494A,117.1673,36.9782,济南市,济阳区政府,,42,42,34,29,18,95,51,59,54,22,15,5,5,0.5,0.3
2023-04-23T09:00:00,3495A,117.1171,36.63,济南市,锦屏中学,,42,42,34,29,20,94,71,81,76,21,17,3,2,0.4,0.4
2023-04-23T09:00:00,3496A,118.3604,35.1084,临沂市,南坊新区,,35,34,53,24,26,90,70,72,72,22,19,8,9,0.4,0.5
2023-04-23T09:00:00,3498A,118.5055,37.8612,东营市,河口城区,颗粒物(PM10),51,51,26,24,12,106,70,97,74,23,12,6,5,0.5,0.3
2023-04-23T09:00:00,3500A,116.5814,35.3707,济宁市,北湖一中,,36,32,35,25,26,77,77,65,65,17,18,4,5,0.6,0.6
2023-04-23T09:00:00,3501A,116.8249,35.5593,济宁市,服务中心,,41,41,50,25,25,90,74,70,70,11,13,7,8,0.7,0.7
2023-04-23T09:00:00,3502A,117.1812,36.2275,泰安市,国网新校,,32,24,29,17,23,103,101,100,99,7,8,3,3,0.2,0.3
2023-04-23T09:00:00,3503A,117.0313,36.2018,泰安市,交通技校,,39,39,32,12,33,110,110,77,77,3,14,7,7,0.4,0.5
2023-04-23T09:00:00,3504A,117.0829,36.13,泰安市,山东第一医科大学,,46,31,41,32,24,97,81,90,87,20,16,2,2,0.6,0.6
2023-04-23T09:00:00,3505A,122.1379,37.3414,威海市,临港区管委会,,44,44,46,16,19,96,64,71,67,27,20,6,5,0.5,0.4
2023-04-23T09:00:00,3507A,119.5328,35.4625,日照市,职业技术学院,,48,48,60,24,22,90,73,68,68,20,19,5,6,0.4,0.4
2023-04-23T09:00:00,3511A,116.5652,37.3319,德州市,陵城艺术中心,,45,44,22,31,13,97,40,62,56,13,6,4,5,0.5,0.4
2023-04-23T09:00:00,3512A,116.049,36.4674,聊城市,华润纺织,,39,39,31,25,20,86,65,50,50,20,17,6,3,0.5,0.4
2023-04-23T09:00:00,3513A,116.0445,36.4361,聊城市,九州社区,,38,38,31,23,20,87,73,55,55,12,10,6,3,0.5,0.4
2023-04-23T09:00:00,3514A,117.9378,37.3956,滨州市,中海酒店,细颗粒物(PM2.5),63,73,35,45,21,88,36,44,40,27,21,9,11,0.3,0.3
2023-04-23T09:00:00,3515A,117.9378,37.3553,滨州市,开发区一中,细颗粒物(PM2.5),73,74,41,53,22,89,46,64,50,25,18,10,6,0.4,0.3
2023-04-23T09:00:00,3516A,118.0917,37.694,滨州市,金海六路,细颗粒物(PM2.5),62,72,37,44,23,100,17,73,32,46,21,9,5,0.4,0.2
2023-04-23T09:00:00,3520A,106.3495,38.9836,石嘴山市,妇女儿童医院,,38,31,31,26,22,88,61,87,65,18,21,6,8,0.5,0.6
2023-04-23T09:00:00,3521A,106.7492,39.2069,石嘴山市,石大公路,细颗粒物(PM2.5),60,58,32,43,22,89,47,89,57,32,21,13,9,0.9,0.4
2023-04-23T09:00:00,3522A,106.2177,35.9959,固原市,原州区十五小,,,10,8,9,6,72,50,65,56,,9,,8,0.7,0.6
2023-04-23T09:00:00,3523A,106.5105,38.3856,银川市,滨河新区,,22,11,13,12,14,75,69,69,69,14,14,7,7,0.4,0.5
2023-04-23T09:00:00,3524A,108.6116,34.1164,西安市,文体局,,28,14,16,19,16,67,67,62,62,8,12,6,6,0.6,0.6
2023-04-23T09:00:00,3525A,108.6396,34.4078,咸阳市,奥体中心,,26,21,15,18,15,65,59,64,59,18,15,4,4,0.7,0.7
2023-04-23T09:00:00,3526A,119.5189,25.9664,福州市,吴航,颗粒物(PM10),59,68,64,37,28,137,66,111,72,24,14,5,4,1.0,0.6
2023-04-23T09:00:00,3527A,118.0958,24.5688,厦门市,集美中学,颗粒物(PM10),56,61,74,24,30,138,61,77,57,22,23,3,4,0.4,0.4
2023-04-23T09:00:00,3528A,118.1493,24.7245,厦门市,同安二实小,颗粒物(PM10),61,72,74,32,35,172,84,92,73,10,11,2,4,0.4,0.4
2023-04-23T09:00:00,3529A,118.6333,24.9264,泉州市,城华南路,颗粒物(PM10),58,65,69,32,30,152,88,98,85,16,11,12,11,0.6,0.6
2023-04-23T09:00:00,3530A,117.6296,24.5314,漳州市,西洋坪路,颗粒物(PM10),68,86,69,41,31,171,57,90,62,25,17,6,6,0.5,0.4
2023-04-23T09:00:00,3531A,110.296,25.1253,桂林市,旅游学院,,12,2,18,0,11,106,37,40,38,8,12,5,8,0.5,0.6
2023-04-23T09:00:00,3532A,110.1945,22.6831,玉林市,玉林师范学院东校区,,46,37,44,32,27,100,23,57,40,15,17,2,4,0.9,0.9
2023-04-23T09:00:00,3533A,110.0527,22.5893,玉林市,福绵环保局,,40,34,47,28,30,93,11,58,31,23,17,7,5,0.8,0.6
2023-04-23T09:00:00,3534A,111.4744,24.4553,贺州市,西湾,,11,11,31,3,23,78,24,54,34,10,18,4,8,0.6,0.7
2023-04-23T09:00:00,3535A,109.1781,23.7297,来宾市,兴宾区政府,颗粒物(PM10),52,54,59,31,33,99,32,61,45,12,11,3,14,0.7,0.7
2023-04-23T09:00:00,3536A,106.8547,27.5919,遵义市,第十二小学,,11,6,21,3,14,82,33,45,42,14,8,5,6,0.3,0.4
2023-04-23T09:00:00,3537A,105.3631,27.3533,毕节市,长征村,,17,5,11,3,8,75,52,40,40,10,9,6,5,0.5,0.5
2023-04-23T09:00:00,3538A,107.5175,26.2978,黔南布依族苗族自治州,沙坝,,10,7,47,7,35,115,24,24,24,4,5,3,4,0.4,0.6
2023-04-23T09:00:00,3539A,110.5111,19.9736,海口市,桂林洋子站,,27,27,35,13,23,86,28,30,30,6,5,4,4,0.3,0.4
2023-04-23T09:00:00,3540A,109.7348,18.3443,三亚市,君悦子站,,32,32,39,16,19,85,36,38,36,4,5,2,2,0.5,0.5
2023-04-23T09:00:00,3541A,109.5726,19.5167,儋州市,第一中学子站,颗粒物(PM10),56,62,49,30,29,108,43,58,49,12,9,5,4,0.5,0.5
2023-04-23T09:00:00,3542A,109.5567,19.5187,儋州市,东坡学校子站,颗粒物(PM10),52,53,48,34,31,124,46,69,55,12,7,4,4,0.6,0.6
2023-04-23T09:00:00,3543A,112.3466,16.8396,三沙市,永兴岛子站,,,,,,,,,,,,,,,,
2023-04-23T09:00:00,3544A,121.4891,30.925,上海市,奉贤南桥新城,颗粒物(PM10),84,117,137,27,29,123,89,90,87,14,15,7,7,0.5,0.5
2023-04-23T09:00:00,3545A,110.8054,32.8401,十堰市,郧阳区金沙路,,24,24,22,15,15,86,70,83,80,5,8,4,5,0.7,0.7
2023-04-23T09:00:00,3546A,111.4606,30.552,宜昌市,猇亭区张家湾站,,18,17,19,12,13,76,44,60,58,30,21,7,7,0.3,0.3
2023-04-23T09:00:00,3547A,112.1632,31.0138,荆门市,龙泉中学南校,,23,7,25,1,16,74,71,74,72,4,6,7,7,0.8,0.8
2023-04-23T09:00:00,3548A,112.1655,30.3364,荆州市,学苑路,,24,24,30,13,19,70,65,68,66,10,12,6,8,0.4,0.4
2023-04-23T09:00:00,3549A,109.5061,30.3772,恩施土家族苗族自治州,龙凤新区,,13,2,8,3,3,50,40,47,43,10,11,6,6,0.6,0.6
2023-04-23T09:00:00,3550A,102.7997,24.9786,昆明市,昆明学院,,49,48,75,34,39,157,111,123,117,20,12,12,7,0.9,0.7
2023-04-23T09:00:00,3551A,102.5967,24.6736,昆明市,晋宁区生态环境分局,,40,36,51,24,28,154,128,136,130,7,7,5,6,1.0,0.9
2023-04-23T09:00:00,3552A,102.6678,24.9856,昆明市,云天化总部,,49,49,53,34,32,167,117,140,117,23,16,12,6,0.9,0.7
2023-04-23T09:00:00,3557A,119.9464,30.0494,杭州市,镇二中,颗粒物(PM10),72,94,95,38,30,149,54,79,56,30,29,6,7,0.7,0.6
2023-04-23T09:00:00,3558A,119.7183,30.2367,杭州市,市府大楼,颗粒物(PM10),68,85,92,28,29,152,74,80,66,15,20,6,7,0.5,0.5
2023-04-23T09:00:00,3560A,120.4722,30.0415,绍兴市,柯桥妇保,颗粒物(PM10),93,136,119,37,35,155,53,78,55,34,26,6,8,0.7,0.6
2023-04-23T09:00:00,3561A,120.6985,27.9251,温州市,茶山,颗粒物(PM10),66,81,72,32,25,150,49,104,74,36,22,6,8,0.5,0.4
2023-04-23T09:00:00,3562A,120.4148,30.8538,湖州市,南浔区站,颗粒物(PM10),65,80,114,27,30,133,70,76,71,23,23,5,7,0.4,0.4
2023-04-23T09:00:00,3564A,121.2568,28.6681,台州市,台州科技职业学院,颗粒物(PM10),94,138,94,33,25,145,78,97,87,18,20,5,7,0.4,0.4
2023-04-23T09:00:00,3565A,113.1367,40.1122,大同市,云冈站,颗粒物(PM10),77,103,71,38,30,114,45,10,10,35,28,15,13,0.3,0.3
2023-04-23T09:00:00,3566A,113.1186,40.2556,大同市,图书馆,"颗粒物(PM10),细颗粒物(PM2.5)",57,63,51,40,29,119,34,29,21,24,21,12,10,0.7,0.7
2023-04-23T09:00:00,3567A,113.5931,40.0461,大同市,区一中,,29,29,42,12,17,120,73,57,57,19,18,13,14,0.5,0.5
2023-04-23T09:00:00,3568A,113.06,36.0464,长治市,向阳小学,,26,24,40,18,30,66,43,26,26,28,41,11,8,1.5,0.8
2023-04-23T09:00:00,3569A,112.8792,36.3144,长治市,屯留一中,,29,14,40,20,39,79,27,30,30,35,36,10,11,2.0,1.1
2023-04-23T09:00:00,3570A,113.235,36.3489,长治市,潞城四中,,19,14,14,9,12,78,33,41,41,35,29,6,7,1.9,1.3
2023-04-23T09:00:00,3571A,112.2931,39.53,朔州市,一水厂,颗粒物(PM10),110,170,77,54,42,95,36,27,18,49,34,20,10,0.7,0.6
2023-04-23T09:00:00,3572A,114.6419615,37.9001925,石家庄市,栾城区政府,细颗粒物(PM2.5),58,51,33,41,21,79,26,33,25,26,16,1,2,0.9,0.6
2023-04-23T09:00:00,3573A,114.8506765,38.0322033,石家庄市,藁城区实验学校,颗粒物(PM10),91,132,44,34,18,85,29,45,26,26,17,4,2,0.7,0.5
2023-04-23T09:00:00,3574A,114.0504658,38.0591645,石家庄市,井陉矿区区委大楼,颗粒物(PM10),51,52,39,31,25,72,39,26,26,20,20,4,5,0.5,0.5
2023-04-23T09:00:00,3575A,118.09279,39.58089,唐山市,正泰大街热力站,颗粒物(PM10),66,82,38,42,21,103,55,17,17,42,33,14,4,1.3,0.4
2023-04-23T09:00:00,3576A,118.1562,39.8322,唐山市,丰润区政府,颗粒物(PM10),76,101,51,40,30,102,64,32,19,32,26,14,2,0.9,0.4
2023-04-23T09:00:00,3577A,118.43673,39.73809,唐山市,金山小学,颗粒物(PM10),74,97,71,23,22,104,80,38,35,24,31,10,4,1.1,0.6
2023-04-23T09:00:00,3578A,118.24498,39.66941,唐山市,政府服务中心,颗粒物(PM10),85,120,57,41,24,101,61,48,18,31,24,12,4,1.1,0.4
2023-04-23T09:00:00,3579A,114.50634,36.77178,邯郸市,永年区实验高中,细颗粒物(PM2.5),63,38,50,45,41,63,52,48,46,24,24,5,6,0.3,0.8
2023-04-23T09:00:00,3580A,114.20016,36.44293,邯郸市,峰峰矿区临水派出所,,27,27,21,15,19,90,63,64,61,9,8,3,3,0.9,1.1
2023-04-23T09:00:00,3581A,115.31981,38.95208,保定市,满城区生态环境分局,细颗粒物(PM2.5),67,67,54,48,29,75,39,28,21,17,11,8,7,0.6,0.6
2023-04-23T09:00:00,3582A,115.47694,38.76408,保定市,清苑区第二中学,颗粒物(PM10),57,63,39,36,26,86,50,33,30,27,18,6,4,0.3,0.3
2023-04-23T09:00:00,3583A,115.62909,39.02311,保定市,徐水物探局,细颗粒物(PM2.5),58,52,30,41,27,73,26,28,15,17,16,10,8,0.4,0.3
2023-04-23T09:00:00,3584A,115.8844,39.0341,雄安新区,容城县环境保护局,细颗粒物(PM2.5),58,64,44,41,30,87,40,33,18,22,22,8,7,0.4,0.3
2023-04-23T09:00:00,3585A,115.8665,39.0645,雄安新区,河北容城中学,"颗粒物(PM10),细颗粒物(PM2.5)",60,70,40,43,24,88,42,53,25,20,20,4,2,0.4,0.3
2023-04-23T09:00:00,3586A,115.923,38.9405,雄安新区,安新县民政局,颗粒物(PM10),54,57,35,33,25,84,33,46,30,24,12,6,4,0.4,0.3
2023-04-23T09:00:00,3587A,115.9324,38.9338,雄安新区,安新县电力局,,45,45,30,19,18,93,54,56,41,18,10,5,5,0.4,0.4
2023-04-23T09:00:00,3588A,116.0901,38.9816,雄安新区,雄县环境保护局,颗粒物(PM10),53,56,35,25,16,88,53,31,18,21,21,6,4,0.4,0.4
2023-04-23T09:00:00,3589A,116.1105,39.0046,雄安新区,雄县国土资源局,,48,48,33,26,20,87,45,25,16,24,23,6,5,0.4,0.3
2023-04-23T09:00:00,3590A,113.8374,34.5589,郑州市,北区建设指挥部,,23,12,17,13,12,93,73,84,80,13,11,5,5,0.7,0.5
2023-04-23T09:00:00,3591A,113.30952,34.803229,郑州市,上街区政府,,23,6,17,10,17,88,73,87,81,5,7,4,4,0.6,0.5
2023-04-23T09:00:00,3592A,114.4644,34.7556,开封市,祥符区生态环境局,,22,17,28,15,17,68,50,68,54,18,13,6,6,0.6,0.5
2023-04-23T09:00:00,3593A,112.5736,34.8993,洛阳市,吉利监测站,,23,13,12,16,19,78,59,71,69,11,13,3,2,0.7,0.5
2023-04-23T09:00:00,3594A,112.8867,33.9116,平顶山市,石龙区,,32,25,25,22,19,85,63,78,73,8,9,3,3,0.3,0.3
2023-04-23T09:00:00,3596A,114.1572,35.9603,鹤壁市,南山宾馆,,29,26,21,20,21,83,70,76,65,16,17,2,2,0.9,1.2
2023-04-23T09:00:00,3597A,113.8134,34.1251,许昌市,建安区兴业大厦,,,,20,12,11,81,54,63,61,10,12,1,2,0.4,0.3
2023-04-23T09:00:00,3598A,111.1,34.7167,三门峡市,富达温泉假日酒店,,29,19,24,20,20,79,60,69,67,16,13,9,9,0.4,0.4
2023-04-23T09:00:00,3599A,106.2649,29.9851,重庆市,书院路,,19,19,14,13,9,51,29,43,38,17,13,10,8,0.4,0.4
2023-04-23T09:00:00,3600A,106.2339,29.5559,重庆市,虎峰,,23,23,23,15,9,52,27,36,33,16,13,13,12,0.6,0.6
2023-04-23T09:00:00,3601A,106.0499,29.8342,重庆市,龙门街,,14,14,18,3,6,45,30,43,37,18,14,3,4,0.5,0.5
2023-04-23T09:00:00,3604A,119.3266,35.1044,日照市,岚山环保分局,颗粒物(PM10),53,56,74,32,29,90,72,74,57,18,23,5,14,0.5,2
2023-04-23T09:00:00,3605A,109.09,34.5236,西安市,无线电监控中心,,30,15,19,21,18,62,48,57,49,15,15,6,6,0.5,0.5
2023-04-23T09:00:00,3606A,108.7108,34.46,西咸新区,北杜,,18,6,11,12,10,58,56,58,48,16,16,6,6,0.5,0.6
2023-04-23T09:00:00,3607A,108.7096,34.2956,西咸新区,同德佳苑,,29,12,14,20,14,69,57,68,61,22,20,4,4,0.6,0.6
2023-04-23T09:00:00,3608A,108.8558,34.4978,西咸新区,崇文塔,,22,10,19,15,14,68,48,62,57,17,11,6,6,0.7,0.6
2023-04-23T09:00:00,3610A,105.5933,29.4105,重庆市,昌元,,24,24,15,6,7,47,35,42,40,10,10,5,5,0.5,0.4
2023-04-23T09:00:00,3612A,85.1045,45.6899,克拉玛依市,白碱滩区新站,,31,15,21,8,9,105,97,102,98,1,2,8,8,0.3,0.2
2023-04-23T09:00:00,3613A,87.3095,44.0142,昌吉州,亚心广场,颗粒物(PM10),52,53,48,21,15,104,47,77,68,27,18,8,9,0.5,0.5
2023-04-23T09:00:00,3614A,79.924,37.0877,和田地区,地区环保局,细颗粒物(PM2.5),72,82,140,52,58,109,84,93,90,6,5,4,3,0.5,0.5
2023-04-23T09:00:00,3615A,79.9131,37.113,和田地区,市环保局,颗粒物(PM10),92,133,144,21,45,105,54,85,81,35,16,4,4,0.8,0.7
2023-04-23T09:00:00,3616A,106.7616,31.8344,巴中市,市中心医院,,15,6,3,5,2,67,46,54,48,8,6,6,6,0.5,0.5
2023-04-23T09:00:00,3617A,105.8047,32.4166,广元市,经开区,,,33,9,,11,68,47,50,49,18,11,5,5,0.6,0.5
2023-04-23T09:00:00,3618A,112.4719,37.7831,太原市,金胜,,22,15,33,11,24,95,68,76,75,20,23,5,5,0.6,0.5
2023-04-23T09:00:00,3619A,113.617,37.8571,阳泉市,龙柱,,42,26,39,29,32,76,58,36,36,16,26,8,15,0.7,0.9
2023-04-23T09:00:00,3620A,112.8271,35.4828,晋城市,泽州一中,,21,21,14,9,11,64,34,56,53,26,18,5,4,1.2,0.5
2023-04-23T09:00:00,3621A,106.8288,39.6778,乌海市,聚英学校,颗粒物(PM10),65,80,55,23,20,118,70,111,93,28,16,17,21,0.6,0.5
2023-04-23T09:00:00,3622A,113.5556,24.8082,韶关市,碧湖山庄,,45,45,34,22,19,104,17,36,23,17,13,9,10,0.9,0.6
2023-04-23T09:00:00,3623A,113.8953,22.5861,深圳市,西乡,,43,43,46,15,18,106,77,96,82,20,16,7,7,0.6,0.6
2023-04-23T09:00:00,3624A,116.4069,23.2533,汕头市,潮南子站,颗粒物(PM10),59,67,55,29,21,139,93,112,105,20,13,9,9,0.7,0.6
2023-04-23T09:00:00,3625A,113.2544,22.7642,佛山市,容桂街道办,,31,31,38,14,19,91,44,82,58,28,20,6,6,0.7,0.7
2023-04-23T09:00:00,3626A,113.7533,23.0202,东莞市,南城元岭,,32,32,36,16,19,115,67,88,75,20,20,8,8,0.5,0.5
2023-04-23T09:00:00,3627A,113.7875,23.0457,东莞市,东城主山,,36,36,36,19,20,113,62,82,72,15,12,10,10,0.5,0.5
2023-04-23T09:00:00,3628A,112.0336,22.9374,云浮市,文笔,,33,20,42,23,26,76,34,45,36,19,17,2,3,0.5,0.5
2023-04-23T09:00:00,3629A,101.8305,36.5786,西宁市,世纪职校,,33,20,55,23,36,72,32,50,43,26,25,5,5,0.9,0.7
2023-04-23T09:00:00,3630A,101.7413,36.6397,西宁市,师大城西校区,,38,31,60,26,36,60,25,52,43,32,27,3,3,0.7,0.5
2023-04-23T09:00:00,3633A,118.4918,31.6809,马鞍山市,雨山,颗粒物(PM10),55,60,72,26,23,124,82,83,68,12,14,6,7,0.6,0.6
2023-04-23T09:00:00,3634A,116.9884,33.6305,宿州市,宿州学院,,35,35,68,21,24,79,60,64,64,13,19,3,4,0.4,0.4
2023-04-23T09:00:00,3635A,112.3677,34.662,洛阳市,河科大西苑校区,,25,21,19,17,18,78,70,74,74,15,14,4,4,0.5,0.5
2023-04-23T09:00:00,3636A,112.4388,34.6781,洛阳市,英才小学,,32,32,30,20,19,73,63,69,69,15,13,3,3,0.4,0.3
2023-04-23T09:00:00,3637A,131.0176,45.7761,七台河市,人民广场,,44,44,42,15,24,91,80,61,61,14,19,7,10,0.4,0.5
2023-04-23T09:00:00,3638A,104.7636,29.3338,自贡市,轻化工大学,,19,19,20,4,6,52,34,47,44,13,9,3,2,0.5,0.5
2023-04-23T09:00:00,3639A,104.4019,31.1244,德阳市,市教育局,,15,15,18,6,7,84,44,59,52,12,8,1,1,0.3,0.3
2023-04-23T09:00:00,3642A,120.3503,36.0736,青岛市,市北区南部,颗粒物(PM10),51,52,63,14,17,106,88,84,84,32,26,5,6,0.6,0.5
2023-04-23T09:00:00,3643A,120.3948,36.1805,青岛市,李沧区北部,,48,48,62,22,20,110,105,87,87,9,14,4,4,0.3,0.5
2023-04-23T09:00:00,3644A,117.8661,36.805,淄博市,三金集团,,49,49,46,14,22,78,39,40,40,33,23,8,7,0.5,0.4
2023-04-23T09:00:00,3645A,118.0253,36.8406,淄博市,东风化工厂,颗粒物(PM10),54,57,53,35,28,84,61,54,51,32,27,11,10,0.4,0.3
2023-04-23T09:00:00,3646A,118.4978,37.4623,东营市,胜利站,颗粒物(PM10),51,52,32,27,16,99,59,88,69,25,15,13,10,0.5,0.4
2023-04-23T09:00:00,3647A,115.4702,35.2706,菏泽市,菏泽医专,,42,28,29,29,25,73,63,63,54,12,13,4,4,0.4,0.3
2023-04-23T09:00:00,3648A,106.2112,37.9768,吴忠市,文卫南街,,32,24,25,22,21,72,60,67,65,20,16,6,6,0.5,0.5
2023-04-23T09:00:00,3650A,105.1698,37.5162,中卫市,沙坡头区政府站,细颗粒物(PM2.5),59,47,43,42,38,73,65,68,66,15,16,10,9,0.5,0.5
2023-04-23T09:00:00,3651A,108.9543,34.8732,铜川市,旺旺集团,,22,11,18,15,14,70,58,65,63,14,15,4,3,0.4,0.3
2023-04-23T09:00:00,3652A,109.4809,36.5786,延安市,西北局旧址,,20,10,11,11,10,77,26,72,50,39,17,5,6,0.6,0.4
2023-04-23T09:00:00,3653A,111.3119,30.7273,宜昌市,云深路,,20,20,12,9,7,76,60,68,62,21,18,6,6,0.4,0.4
2023-04-23T09:00:00,3654A,114.8094,30.4089,鄂州市,精准医疗中心,,13,11,35,8,13,62,41,46,40,11,11,4,4,0.5,0.4
2023-04-23T09:00:00,3655A,114.3375,29.8683,咸宁市,长江产业园,,20,13,24,14,21,72,43,44,35,11,14,8,9,0.6,0.6
2023-04-23T09:00:00,3656A,120.1556,30.2864,杭州市,消防大队,颗粒物(PM10),83,115,114,31,30,151,66,80,69,26,27,4,6,0.5,0.5
2023-04-23T09:00:00,3658A,120.6153,30.0764,绍兴市,袍江中学,颗粒物(PM10),93,136,115,34,29,145,61,74,56,30,27,6,7,0.6,0.5
2023-04-23T09:00:00,3659A,119.656,29.1131,金华市,气象局,颗粒物(PM10),56,62,90,30,25,98,61,74,64,32,34,6,12,0.4,0.4
2023-04-23T09:00:00,3662A,123.6333,47.2075,齐齐哈尔市,富区青少年活动中心,,36,36,34,12,9,84,78,66,66,7,8,5,5,0.3,0.3
2023-04-23T09:00:00,3663A,124.1164,50.4278,大兴安岭地区,红旗社区,,27,9,7,5,6,90,84,82,80,3,3,5,5,0.4,0.4
2023-04-23T09:00:00,3664A,119.4172,34.7341,连云港市,连云街道,颗粒物(PM10),61,71,76,24,25,98,84,90,77,20,22,6,7,0.5,0.5
2023-04-23T09:00:00,3665A,76.1658,39.7157,克孜勒苏柯尔克孜自治州,克州文化中心,颗粒物(PM10),258,390,198,91,56,118,71,111,95,7,4,6,6,0.4,0.4
2023-04-23T09:00:00,3667A,111.0283,35.0547,运城市,水利职院,,35,35,20,22,17,85,37,82,63,12,9,6,5,0.9,0.7
2023-04-23T09:00:00,3668A,111.5036,36.0414,临汾市,城南,,42,19,22,29,25,71,47,60,54,15,13,4,4,0.9,0.8
2023-04-23T09:00:00,3669A,114.4705,36.0637,安阳市,左辅环卫站,,36,31,25,25,21,86,61,81,66,13,13,4,4,0.6,0.7
2023-04-23T09:00:00,3670A,111.0522,35.0439,运城市,禹都公园,,,,15,,20,48,,44,,,10,,5,,1.2
2023-04-23T09:00:00,3671A,116.088,39.9726,北京市,门头沟三家店,颗粒物(PM10),52,53,43,29,24,65,45,21,21,11,18,3,3,0.3,0.3
2023-04-23T09:00:00,3672A,116.1541,39.8204,北京市,丰台云岗,,,,,,,41,41,41,41,32,32,3,3,0.4,0.4
2023-04-23T09:00:00,3673A,116.6804,39.9081,北京市,通州东关,颗粒物(PM10),64,77,42,38,22,84,22,14,5,41,28,1,3,0.3,0.2
2023-04-23T09:00:00,3674A,115.9577,39.7603,北京市,房山燕山,,,,23,,17,47,,51,,,11,,3,,0.4
2023-04-23T09:00:00,3675A,116.4672,39.7733,北京市,大兴旧宫,细颗粒物(PM2.5),62,68,34,44,25,82,29,6,6,36,26,3,3,0.4,0.3
2023-04-23T09:00:00,3676A,113.2802,40.0995,大同市,第二人民医院,颗粒物(PM10),55,59,67,14,26,112,74,49,27,28,33,10,11,0.5,0.6
2023-04-23T09:00:00,3677A,98.5881,24.4368,德宏州,芒市人民政府综合楼,细颗粒物(PM2.5),62,55,68,44,43,161,41,75,56,25,15,12,8,0.7,0.6
2023-04-23T09:00:00,3678A,116.5907,35.4054,济宁市,市第七中学,,39,13,36,27,28,76,74,66,66,15,15,9,10,0.6,0.5
2023-04-23T09:00:00,3682A,116.9814,36.6819,济南市,济南四建,,46,44,36,32,23,86,46,57,55,35,23,8,7,0.5,0.4
2023-04-23T09:00:00,3683A,109.8331,40.6576,包头市,昆区政府,颗粒物(PM10),63,75,59,28,27,116,48,55,36,51,33,40,16,0.9,0.6
2023-04-23T09:00:00,3684A,130.8781,45.8222,七台河市,新建矿广场,,48,48,28,8,15,88,79,62,62,9,10,3,3,0.5,0.5
2023-04-23T09:00:00,3685A,117.897,28.4315,上饶市,双创科技城,颗粒物(PM10),52,54,63,24,24,107,66,69,69,23,23,13,9,0.5,0.5
2023-04-23T09:00:00,3689A,113.9003,35.372,新乡市,行政服务中心,,24,19,25,12,21,82,76,76,73,13,16,2,4,0.4,0.4
2023-04-23T09:00:00,3690A,115.9721,28.7031,南昌市,外国语学校,,31,31,23,18,16,71,57,66,64,19,19,6,6,0.3,0.4
2023-04-23T09:00:00,3692A,118.2059,39.6585,唐山市,消防缸窑路中队,颗粒物(PM10),87,124,54,48,28,109,51,51,22,37,22,16,4,1.4,0.4
2023-04-23T09:00:00,3693A,118.1436,39.6202,唐山市,路南电大,颗粒物(PM10),78,106,47,40,26,104,41,45,26,52,26,14,4,1.3,0.5
2023-04-23T09:00:00,3694A,115.986,40.4563,北京市,延庆石河营,,32,32,32,22,22,80,73,43,36,10,16,1,3,0.3,0.3
2023-04-23T09:00:00,3695A,116.6151,40.3053,北京市,怀柔新城,,47,47,38,30,23,78,48,44,41,16,14,3,3,0.3,0.3
2023-04-23T09:00:00,3696A,116.2545,39.8768,北京市,丰台小屯,颗粒物(PM10),56,61,42,37,24,69,35,8,8,27,28,1,1,0.4,0.3
2023-04-23T09:00:00,3697A,116.84,40.3844,北京市,密云镇,,,65,42,30,21,83,22,15,15,39,31,,2,0.4,0.3
2023-04-23T09:00:00,3698A,111.5968,40.8178,呼和浩特市,红旗小学,颗粒物(PM10),71,92,72,17,24,106,43,36,30,45,36,4,5,0.6,0.4
2023-04-23T09:00:00,3699A,111.6518,40.8389,呼和浩特市,海东办,颗粒物(PM10),52,53,56,14,20,105,50,49,34,44,30,7,6,0.5,0.4
2023-04-23T09:00:00,3700A,103.0456,29.9956,雅安市,康养中心,,19,19,21,6,10,73,57,58,58,8,10,11,11,0.5,0.5
2023-04-23T09:00:00,3701A,116.9648,33.6252,宿州市,皖北煤电集团,,50,50,70,32,30,80,57,61,61,12,19,2,4,0.5,0.4
2023-04-23T09:00:00,3703A,114.2917,36.0949,安阳市,安钢职工学校,,33,23,27,23,19,84,61,64,64,19,16,5,5,0.7,0.9
2023-04-23T09:00:00,3706A,122.2584,43.6333,通辽市,老干部活动中心,,43,31,47,30,22,115,80,84,74,13,13,5,6,0.2,0.2
2023-04-23T09:00:00,3707A,131.0207,45.3073,鸡西市,欧美日汽修厂,颗粒物(PM10),52,54,39,13,18,91,63,66,63,9,7,2,2,0.4,0.3
2023-04-23T09:00:00,3708A,122.2922,43.6189,通辽市,东方明珠社区,,42,42,60,22,27,108,72,80,68,18,18,7,5,0.6,0.5
2023-04-23T09:00:00,3709A,130.9967,45.3106,鸡西市,市政设施管理处,,44,44,45,12,18,97,71,64,64,6,11,4,4,0.2,0.2
2023-04-23T09:00:00,3710A,121.5594,29.8975,宁波市,白沙活动中心,,,,111,,18,95,,79,,,15,,7,,0.3
2023-04-23T09:00:00,3713A,124.3419,43.1666,四平市,世纪城,,,49,57,23,28,124,,49,32,11,23,5,6,0.2,0.3
2023-04-23T09:00:00,3715A,117.3092,32.9314,蚌埠市,蚌埠田家炳中学,,29,29,70,4,22,97,77,78,78,12,17,3,5,0.3,0.3
2023-04-23T09:00:00,3719A,97.1714,31.1406,昌都市,昌都会议中心,,24,24,12,13,6,113,64,92,82,30,8,7,6,0.6,0.5
2023-04-23T09:00:00,3726A,88.8781,29.2426,日喀则市,林业技术推广中心,,38,38,21,16,6,119,58,105,81,21,6,6,5,0.6,0.5
2023-04-23T09:00:00,3728A,104.68,28.8071,宜宾市,白酒学院,,15,8,20,4,13,53,45,43,43,8,9,8,8,0.5,0.5
2023-04-23T09:00:00,3734A,118.35,37.26,东营市,理想之城,,,,29,27,18,94,63,85,70,29,16,11,6,0.5,0.4
2023-04-23T09:00:00,3860A,118.3920,35.0300,临沂市,皇山花园小区,,34,34,59,22,23,88,65,64,64,18,19,4,6,0.4,0.5
2023-04-23T09:00:00,3861A,119.2041,36.7699,潍坊市,寒亭区实验一小,颗粒物(PM10),52,53,37,22,16,94,78,80,70,18,15,5,6,0.5,0.5
2023-04-23T09:00:00,3866A,122.2469,40.66302,营口市,三高中,,50,50,57,23,25,123,69,73,53,31,30,10,11,0.5,0.6
2023-04-23T09:00:00,3867A,102.0738,36.5056,海东地区,平安区公安北苑,细颗粒物(PM2.5),59,63,73,42,37,76,26,48,39,31,26,6,8,1.6,0.6
2023-04-23T09:00:00,3981A,113.2449,35.1803,焦作市,原李万街道办,,26,26,31,2,11,73,56,70,60,14,11,2,2,1.2,0.7
2023-04-23T09:00:00,3994A,102.2165,31.9024,阿坝藏族羌族自治州,马尔康中学西区,,25,24,19,17,16,106,31,49,37,10,7,3,3,0,0.1
2023-04-23T09:00:00,4002A,109.2416,23.7461,来宾市,中南小学,颗粒物(PM10),51,52,55,33,33,92,35,62,45,13,11,10,13,0.8,0.8
2023-04-23T09:00:00,4004A,115.4202,38.8656,保定市,双鹰农机,颗粒物(PM10),55,60,34,29,15,80,54,49,37,15,17,1,2,0.3,0.3
2023-04-23T09:00:00,4006A,122.3622,40.6762,营口市,老边实验小学,颗粒物(PM10),67,83,71,45,35,118,72,66,42,29,36,9,12,0.6,0.8
2023-04-23T09:00:00,4008A,112.5234,32.9922,南阳市,卧龙区政府,,22,11,26,15,21,86,61,86,74,15,10,4,4,0.2,0.2
2023-04-23T09:00:00,4010A,112.5608,37.8807,太原市,育英中学,,22,21,35,11,27,91,68,69,69,19,21,6,6,0.5,0.5
2023-04-23T09:00:00,4011A,103.8506,30.6947,成都市,光华大道三段,,16,16,21,2,8,87,34,61,49,20,17,3,3,0.4,0.3
