timepoint,stationcode,longitude,latitude,area,positionname,primarypollutant,aqi,pm10,pm10_24h,pm2_5,pm2_5_24h,o3,o3_24h,o3_8h,o3_8h_24h,no2,no2_24h,so2,so2_24h,co,co_24h
2026-09-29T0700,1001A,116.3611,39.8786,北京市,万寿西宫,颗粒物(PM10),53,53,53,35,32,0,NA,NA,NA,60,30,2,3,0.6,0.6
2026-09-29T0700,1003A,116.4174,39.9289,北京市,东四,颗粒物(PM10),53,53,50,31,27,8,NA,NA,NA,48,29,2,3,0.4,0.5
2026-09-29T0700,1004A,116.4073,39.8858,北京市,天坛,,47,47,47,30,27,0,NA,NA,NA,41,28,2,3,0.7,0.7
2026-09-29T0700,1005A,116.4622,39.9364,北京市,农展馆,,48,48,47,30,29,0,NA,NA,NA,51,27,4,4,0.5,0.6
2026-09-29T0700,1006A,116.3399,39.9293,北京市,官园,颗粒物(PM10),56,58,53,36,30,14,NA,NA,NA,36,28,4,5,0.7,0.7
2026-09-29T0700,1007A,116.2879,39.9613,北京市,海淀万柳,颗粒物(PM10),58,61,59,27,28,3,NA,NA,NA,44,31,3,3,0.6,0.6
2026-09-29T0700,1008A,116.6635,40.1349,北京市,顺义新城,,49,49,35,30,19,18,NA,NA,NA,28,23,4,5,0.6,0.6
2026-09-29T0700,1009A,116.6275,40.327,北京市,怀柔镇,,39,38,30,27,20,21,NA,NA,NA,9,14,2,3,0.6,0.6
2026-09-29T0700,1010A,116.2295,40.217,北京市,昌平镇,NA,NA,49,42,37,28,NA,NA,NA,NA,45,22,4,4,0.4,0.3
2026-09-29T0700,1011A,116.3968,39.982,北京市,奥体中心,,49,49,48,31,28,4,NA,NA,NA,40,28,4,4,0.8,0.8
2026-09-29T0700,1015A,117.1446,39.1659,天津市,勤俭道,细颗粒物(PM2.5),92,91,40,56,21,29,NA,NA,NA,43,20,10,8,0.7,0.6
2026-09-29T0700,1018A,117.2016,39.0928,天津市,前进道,细颗粒物(PM2.5),92,94,39,56,19,27,NA,NA,NA,35,21,8,7,0.3,0.2
2026-09-29T0700,1019A,117.1837,39.2134,天津市,淮河道,颗粒物(PM10),75,84,38,47,19,30,NA,NA,NA,43,21,12,10,0.5,0.4
2026-09-29T0700,1021A,117.308261,39.088386,天津市,跃进路,细颗粒物(PM2.5),88,94,38,54,19,19,NA,NA,NA,46,24,9,7,0.6,0.5
2026-09-29T0700,1023A,117.707,39.0344,天津市,第四大街,细颗粒物(PM2.5),102,103,37,62,17,34,NA,NA,NA,36,25,8,7,1.0,0.8
2026-09-29T0700,1024A,117.4573,38.8395,天津市,永明路,细颗粒物(PM2.5),109,107,36,69,18,8,NA,NA,NA,50,16,8,8,0.7,0.5
2026-09-29T0700,1026A,117.7641,39.1588,天津市,汉北路,NA,NA,NA,13,NA,8,NA,NA,45,NA,NA,14,NA,6,NA,0.7
2026-09-29T0700,1030A,114.5919,38.0328,石家庄市,高新区,细颗粒物(PM2.5),86,85,56,53,29,6,NA,NA,NA,42,31,1,2,0.5,0.2
2026-09-29T0700,1032A,114.4556,38.0136,石家庄市,西南高教,细颗粒物(PM2.5),68,71,58,44,26,10,NA,NA,NA,38,33,3,3,0.4,0.2
2026-09-29T0700,1033A,114.533,38.0177,石家庄市,世纪公园,颗粒物(PM10),68,74,56,43,25,2,NA,NA,NA,33,22,2,2,0.6,0.6
2026-09-29T0700,1034A,114.5105,38.0489,石家庄市,人民会堂,颗粒物(PM10),65,70,59,40,25,5,NA,NA,NA,44,30,3,3,0.7,0.3
2026-09-29T0700,1040A,118.1707,39.6505,唐山市,十二中,,35,35,22,20,12,12,NA,NA,NA,32,14,9,7,0.6,0.5
2026-09-29T0700,1041A,118.1868,39.6219,唐山市,小山,颗粒物(PM10),54,55,32,22,9,17,NA,NA,NA,27,15,8,10,0.5,0.5
2026-09-29T0700,1046A,119.5247,39.9346,秦皇岛市,建设大厦,,43,43,36,11,10,45,NA,NA,NA,34,34,10,7,0.6,0.4
2026-09-29T0700,1049A,114.492,36.5712,邯郸市,矿院,细颗粒物(PM2.5),62,NA,67,41,61,27,NA,NA,NA,8,16,4,5,0.6,0.6
2026-09-29T0700,1050A,114.4839,36.6136,邯郸市,丛台公园,细颗粒物(PM2.5),82,NA,72,51,65,29,NA,NA,NA,6,13,10,11,0.5,0.6
2026-09-29T0700,1051A,115.4803,38.8568,保定市,游泳馆,颗粒物(PM10),61,65,52,36,26,6,NA,NA,NA,54,35,2,2,0.7,0.7
2026-09-29T0700,1052A,115.509,38.8895,保定市,华电二区,细颗粒物(PM2.5),54,54,44,37,24,8,NA,NA,NA,48,28,4,3,0.6,0.7
2026-09-29T0700,1053A,115.4588,38.9037,保定市,接待中心,细颗粒物(PM2.5),58,59,49,39,31,4,NA,NA,NA,46,27,1,2,0.5,0.5
2026-09-29T0700,1054A,115.4484,38.8344,保定市,地表水厂,颗粒物(PM10),55,57,44,28,25,3,NA,NA,NA,43,31,3,3,0.6,0.6
2026-09-29T0700,1057A,114.8884,40.8336,张家口市,人民公园,,19,19,18,8,11,31,NA,NA,NA,10,8,7,8,0.1,0.2
2026-09-29T0700,1059A,114.868581,40.804273,张家口市,五金库,,23,23,23,10,10,40,NA,NA,NA,11,10,/,/,/,/
2026-09-29T0700,1060A,114.8901,40.762,张家口市,世纪豪园,,18,18,14,9,8,42,NA,NA,NA,7,8,5,7,0,0
2026-09-29T0700,1062A,117.9531,40.908,承德市,铁路,,43,43,24,8,9,12,NA,NA,NA,17,16,7,7,0.4,0.4
2026-09-29T0700,1063A,117.9397,40.9763,承德市,中国银行,,33,33,19,18,10,3,NA,NA,NA,12,9,6,7,0.4,0.4
2026-09-29T0700,1067A,116.6712,39.5109,廊坊市,药材公司,细颗粒物(PM2.5),120,95,57,81,37,NA,NA,NA,NA,39,20,6,5,0.6,0.5
2026-09-29T0700,1068A,116.7215,39.5592,廊坊市,开发区,细颗粒物(PM2.5),107,92,50,67,28,21,NA,NA,NA,38,21,2,2,0.6,0.5
2026-09-29T0700,1070A,116.7246,39.5273,廊坊市,北华航天学院,细颗粒物(PM2.5),105,69,40,65,29,24,NA,NA,NA,39,22,5,3,0.6,0.5
2026-09-29T0700,1071A,116.8733,38.2922,沧州市,沧县城建局,细颗粒物(PM2.5),112,NA,55,73,45,44,NA,NA,NA,12,22,4,6,0.3,0.3
2026-09-29T0700,1072A,116.8462,38.3189,沧州市,电视转播站,细颗粒物(PM2.5),72,70,62,46,37,52,NA,NA,NA,12,21,10,8,0.1,0.1
2026-09-29T0700,1073A,116.8588,38.3161,沧州市,市环保局,细颗粒物(PM2.5),124,NA,65,86,47,36,NA,NA,NA,11,20,2,3,0.2,0.2
2026-09-29T0700,1074A,115.6839,37.754,衡水市,电机北厂,细颗粒物(PM2.5),78,NA,58,49,45,43,NA,NA,NA,10,28,3,4,0.3,0.3
2026-09-29T0700,1075A,115.6303,37.7318,衡水市,市监测站,颗粒物(PM10),55,57,66,32,36,25,NA,NA,NA,10,29,3,4,0.5,0.5
2026-09-29T0700,1077A,114.4687,37.0883,邢台市,达活泉,细颗粒物(PM2.5),110,77,73,70,62,16,NA,NA,NA,13,15,3,2,1.1,0.8
2026-09-29T0700,1078A,114.4954,37.0309,邢台市,邢师高专,细颗粒物(PM2.5),94,84,100,57,56,9,NA,NA,NA,20,26,4,3,1.2,0.9
2026-09-29T0700,1079A,114.5281,37.0857,邢台市,路桥公司,细颗粒物(PM2.5),104,67,77,64,66,14,NA,NA,NA,13,25,4,3,1.4,0.7
2026-09-29T0700,1080A,114.4721,37.0713,邢台市,市环保局,颗粒物(PM10),73,81,82,44,58,15,NA,NA,NA,14,17,5,5,0.9,0.7
2026-09-29T0700,1081A,112.5138,37.8916,太原市,尖草坪,颗粒物(PM10),72,80,71,44,35,18,NA,NA,NA,28,37,11,17,0.6,0.7
2026-09-29T0700,1084A,112.4691,37.7125,太原市,晋源,细颗粒物(PM2.5),74,80,65,47,38,3,NA,NA,NA,30,35,8,15,0.9,0.8
2026-09-29T0700,1085A,112.5595,37.7391,太原市,小店,细颗粒物(PM2.5),108,105,77,68,41,16,NA,NA,NA,28,36,22,24,1.2,1.1
2026-09-29T0700,1087A,112.5705,37.8199,太原市,坞城,细颗粒物(PM2.5),126,122,76,88,46,21,NA,NA,NA,27,38,19,24,1.6,1.4
2026-09-29T0700,1088A,112.5495,37.9853,太原市,南寨,细颗粒物(PM2.5),76,69,58,48,29,1,NA,NA,NA,21,32,5,8,1.0,1
2026-09-29T0700,1090A,111.6506,40.7517,呼和浩特市,呼市一监,,29,29,28,14,11,30,NA,NA,NA,20,22,4,5,0.4,0.5
2026-09-29T0700,1094A,111.7516,40.8369,呼和浩特市,如意水处理厂,,26,26,31,16,19,32,NA,NA,NA,24,36,7,9,0.3,0.4
2026-09-29T0700,1095A,111.727798,40.806187,呼和浩特市,二十九中,,36,26,31,25,18,25,NA,NA,NA,24,31,6,8,0.6,0.6
2026-09-29T0700,1097A,111.717,40.7617,呼和浩特市,化肥厂生活区,,32,32,34,13,17,19,NA,NA,NA,26,28,6,8,0.7,0.7
2026-09-29T0700,1099A,123.5058,41.7084,沈阳市,浑南东路,,41,41,38,25,24,12,NA,NA,NA,30,39,12,11,1.1,0.7
2026-09-29T0700,1100A,123.4238,41.6992,沈阳市,新秀街,NA,NA,38,49,28,25,4,NA,NA,NA,42,45,NA,11,1.7,0.7
2026-09-29T0700,1102A,123.5903,41.8412,沈阳市,东陵路,颗粒物(PM10),56,58,39,23,17,7,NA,NA,NA,28,23,14,11,2.0,0.8
2026-09-29T0700,1103A,123.4267,41.8466,沈阳市,陵东街,,49,49,36,26,22,6,NA,NA,NA,27,21,8,6,1.5,0.8
2026-09-29T0700,1104A,123.4116,41.7654,沈阳市,文化路,,49,49,47,28,26,12,NA,NA,NA,42,45,14,11,1.9,1
2026-09-29T0700,1105A,123.4673,41.787,沈阳市,小河沿,,33,33,32,18,23,3,NA,NA,NA,23,33,7,6,1.5,1
2026-09-29T0700,1106A,123.4019,41.7978,沈阳市,太原街,颗粒物(PM10),56,58,53,28,26,13,NA,NA,NA,44,46,8,5,1.7,0.8
2026-09-29T0700,1108A,123.3778,41.9233,沈阳市,京沈街,,45,45,42,29,21,14,NA,NA,NA,44,39,9,6,1.5,0.7
2026-09-29T0700,1109A,121.6119,38.974,大连市,甘井子,,21,NA,51,9,17,44,NA,NA,NA,42,30,8,9,0.5,0.6
2026-09-29T0700,1110A,121.565,38.9509,大连市,周水子,,33,33,26,19,16,22,NA,NA,NA,48,30,4,4,1.0,0.9
2026-09-29T0700,1111A,121.5637,38.8849,大连市,星海三站,,23,23,21,5,12,70,NA,NA,NA,14,24,7,7,0.4,0.4
2026-09-29T0700,1112A,121.6301,38.9117,大连市,青泥洼桥,,21,10,25,4,12,67,NA,NA,NA,16,25,8,8,0.3,0.4
2026-09-29T0700,1113A,121.6248,38.8643,大连市,傅家庄,,25,16,17,1,12,79,NA,NA,NA,12,14,8,7,0.8,0.8
2026-09-29T0700,1114A,121.5117,38.8636,大连市,七贤岭,,23,17,15,2,6,72,NA,NA,NA,16,13,6,6,0.7,0.7
2026-09-29T0700,1116A,121.7507,39.1339,大连市,金州,,23,18,20,6,11,73,NA,NA,NA,18,16,8,10,0.6,0.6
2026-09-29T0700,1117A,121.7811,39.0495,大连市,开发区,颗粒物(PM10),53,53,38,28,23,19,NA,NA,NA,61,34,7,6,1.0,0.9
2026-09-29T0700,1118A,121.9762,39.0631,大连市,双D港,,19,19,19,12,9,30,NA,NA,NA,28,15,7,8,0.6,0.6
2026-09-29T0700,1120A,125.2874,43.9024,长春市,客车厂,,29,25,35,20,21,43,NA,NA,NA,22,34,5,5,0.5,0.5
2026-09-29T0700,1121A,125.2943,43.8508,长春市,邮电学院,,29,NA,24,20,18,25,NA,NA,NA,17,19,6,6,0.3,0.3
2026-09-29T0700,1122A,125.3648,43.8745,长春市,劳动公园,,28,26,30,19,19,32,NA,NA,NA,31,27,6,5,0.1,0.2
2026-09-29T0700,1123A,125.3233,43.8781,长春市,园林处,,28,20,28,19,18,36,NA,NA,NA,20,20,7,8,0.6,0.6
2026-09-29T0700,1124A,125.4604,43.7904,长春市,净月潭,,26,26,17,16,12,36,NA,NA,NA,7,9,8,7,0.3,0.3
2026-09-29T0700,1126A,125.38,43.8422,长春市,经开区环卫处,,29,29,34,19,17,29,NA,NA,NA,25,27,8,9,0.4,0.4
2026-09-29T0700,1127A,125.234,43.7761,长春市,高新区管委会,,31,31,26,20,16,34,NA,NA,NA,21,21,9,9,0.6,0.7
2026-09-29T0700,1128A,125.1695,43.83,长春市,岱山公园,,31,31,26,19,17,37,NA,NA,NA,35,28,5,4,0.5,0.4
2026-09-29T0700,1130A,126.5557,45.8109,哈尔滨市,松北商大,,32,23,22,22,12,13,NA,NA,NA,26,23,6,5,0.5,0.5
2026-09-29T0700,1132A,126.6162,45.719,哈尔滨市,南岗学府路,,43,43,40,21,17,13,NA,NA,NA,32,31,7,6,0.4,0.6
2026-09-29T0700,1133A,126.6894,45.7733,哈尔滨市,太平宏伟公园,,28,26,32,19,12,21,NA,NA,NA,24,24,10,8,0.4,0.4
2026-09-29T0700,1134A,126.6361,45.7672,哈尔滨市,道外承德广场,,38,38,36,17,12,19,NA,NA,NA,32,29,7,5,0.5,0.4
2026-09-29T0700,1136A,126.644,45.7261,哈尔滨市,动力和平路,,42,42,32,17,14,15,NA,NA,NA,27,27,15,9,0.8,0.8
2026-09-29T0700,1137A,126.5933,45.7479,哈尔滨市,道里建国路,,42,42,37,14,12,13,NA,NA,NA,32,31,8,7,1.8,1
2026-09-29T0700,1138A,126.6127,45.6119,哈尔滨市,平房东轻厂,,26,26,26,10,11,24,NA,NA,NA,12,24,11,12,0.4,0.3
2026-09-29T0700,1139A,126.5875,45.9827,哈尔滨市,呼兰师专,,35,35,24,14,10,22,NA,NA,NA,33,26,6,4,0.6,0.6
2026-09-29T0700,1140A,126.6299,45.6799,哈尔滨市,省农科院,,44,44,53,24,20,4,NA,NA,NA,40,32,8,7,0.7,0.6
2026-09-29T0700,1141A,121.401,31.2382,上海市,普陀,,30,20,12,14,9,93,NA,NA,NA,18,17,5,5,0.3,0.3
2026-09-29T0700,1142A,121.4774,31.2043,上海市,十五厂,,29,17,13,14,11,92,NA,NA,NA,6,5,6,6,0.7,0.7
2026-09-29T0700,1143A,121.4673,31.3011,上海市,虹口,,29,20,17,15,12,92,NA,NA,NA,16,16,4,4,0.3,0.3
2026-09-29T0700,1147A,121.4253,31.226,上海市,静安监测站,,35,22,14,16,11,109,NA,NA,NA,11,13,7,7,0.7,0.7
2026-09-29T0700,1148A,121.7029,31.1905,上海市,浦东川沙,,30,21,14,13,10,96,NA,NA,NA,9,9,11,11,0.7,0.7
2026-09-29T0700,1149A,121.5339,31.229,上海市,浦东新区监测站,,29,20,13,13,10,90,NA,NA,NA,14,14,8,8,0.3,0.3
2026-09-29T0700,1150A,121.5776,31.2038,上海市,浦东张江,,33,20,14,14,11,103,NA,NA,NA,10,13,6,6,0.3,0.3
2026-09-29T0700,1151A,118.8033,32.1085,南京市,迈皋桥,,27,19,14,13,6,84,NA,NA,NA,10,13,5,5,0.8,0.8
2026-09-29T0700,1152A,118.7487,32.057,南京市,草场门,,26,14,12,13,5,82,NA,NA,NA,17,19,5,6,0.5,0.6
2026-09-29T0700,1154A,118.770105,32.004342,南京市,中华门,,20,12,9,12,5,62,NA,NA,NA,13,9,7,6,0.1,0.2
2026-09-29T0700,1155A,118.8059,32.0329,南京市,瑞金路,,24,NA,13,10,5,76,NA,NA,NA,8,11,4,4,0.4,0.4
2026-09-29T0700,1156A,118.7946,32.0774,南京市,玄武湖,,22,19,22,12,6,69,NA,NA,NA,9,17,4,4,0.3,0.4
2026-09-29T0700,1157A,118.6415,32.0964,南京市,浦口,,22,17,16,14,5,69,NA,NA,NA,16,15,4,5,0.2,0.6
2026-09-29T0700,1158A,118.730129,32.000956,南京市,奥体中心,,27,15,14,8,4,84,NA,NA,NA,14,16,5,5,0.4,0.5
2026-09-29T0700,1159A,118.9072,32.1047,南京市,仙林大学城,,24,17,16,10,6,76,NA,NA,NA,12,15,4,5,0.3,0.3
2026-09-29T0700,1163A,120.5974,31.3247,苏州市,轧钢厂,,23,18,11,10,7,73,NA,NA,NA,21,21,4,4,0.6,0.7
2026-09-29T0700,1164A,120.6329,31.2741,苏州市,吴中区,,24,24,14,12,8,56,NA,NA,NA,20,19,5,5,0.7,0.8
2026-09-29T0700,1165A,120.5566,31.3049,苏州市,苏州新区,,23,19,12,12,8,72,NA,NA,NA,14,18,6,6,0.5,0.5
2026-09-29T0700,1166A,120.668709,31.312523,苏州市,苏州工业园区,,24,19,13,11,8,74,NA,NA,NA,12,14,6,7,0.6,0.6
2026-09-29T0700,1167A,120.6408,31.3707,苏州市,相城区,,26,15,11,7,4,81,NA,NA,NA,10,12,8,8,0.7,0.7
2026-09-29T0700,1168A,120.9056,31.9669,南通市,狼山街道,,28,15,11,6,7,89,NA,NA,NA,8,8,5,4,0.7,0.8
2026-09-29T0700,1170A,120.8635,32.0231,南通市,城中,,25,17,17,7,8,77,NA,NA,NA,13,11,3,2,0.2,0.3
2026-09-29T0700,1171A,120.9376,31.9301,南通市,星湖花园,,29,10,10,6,7,92,NA,NA,NA,4,7,4,4,0.7,0.8
2026-09-29T0700,1172A,120.8053,32.046,南通市,紫琅学院,,25,8,9,6,8,80,NA,NA,NA,9,12,3,3,0.8,0.8
2026-09-29T0700,1173A,119.1759,34.5885,连云港市,市环境监测站,,39,NA,27,27,35,33,NA,NA,NA,23,18,8,8,0.5,0.7
2026-09-29T0700,1180A,117.257,34.2161,徐州市,新城区,,27,27,40,14,28,51,NA,NA,NA,12,12,4,5,0.7,0.9
2026-09-29T0700,1182A,117.2933,34.2796,徐州市,农科院,,29,24,44,20,44,50,NA,NA,NA,11,20,6,7,0.7,0.9
2026-09-29T0700,1186A,119.3895,32.377,扬州市,邗江监测站,,26,9,15,4,6,83,NA,NA,NA,7,9,3,4,0.6,0.5
2026-09-29T0700,1188A,120.2693,31.4864,无锡市,雪浪,,23,19,16,6,5,71,NA,NA,NA,17,16,6,6,0.9,0.8
2026-09-29T0700,1189A,120.2761,31.621,无锡市,黄巷,,25,20,16,9,7,77,NA,NA,NA,20,22,3,3,0.6,0.7
2026-09-29T0700,1191A,120.2422,31.5037,无锡市,漆塘,,30,30,22,13,13,82,NA,NA,NA,20,18,7,7,0.6,0.6
2026-09-29T0700,1192A,120.3489,31.5865,无锡市,东亭,,16,12,9,9,6,49,NA,NA,NA,31,23,6,6,0.6,0.6
2026-09-29T0700,1193A,120.3538,31.5474,无锡市,旺庄,,23,16,12,7,5,73,NA,NA,NA,18,15,7,6,0.8,0.7
2026-09-29T0700,1194A,120.2447,31.5633,无锡市,荣巷,,23,22,17,10,5,72,NA,NA,NA,20,19,7,7,0.7,0.8
2026-09-29T0700,1195A,120.2986,31.6816,无锡市,堰桥,,22,7,12,5,6,68,NA,NA,NA,16,18,5,5,0.6,0.6
2026-09-29T0700,1196A,119.9524,31.7586,常州市,市监测站,,22,20,6,15,7,60,NA,NA,NA,22,21,9,9,0.4,0.5
2026-09-29T0700,1200A,119.9351,31.703,常州市,武进监测站,,30,26,16,21,10,60,NA,NA,NA,18,20,2,2,0.7,0.7
2026-09-29T0700,1203A,119.6708,32.187,镇江市,新区办事处,,28,10,14,7,9,88,NA,NA,NA,11,14,2,2,0.4,0.5
2026-09-29T0700,1204A,119.497455,32.196732,镇江市,职教中心,,25,10,14,6,9,80,NA,NA,NA,12,14,3,9,0.1,0.5
2026-09-29T0700,1205A,119.43,32.1328,镇江市,丹徒区监测站,,29,11,16,6,9,92,NA,NA,NA,8,13,4,5,0.6,0.7
2026-09-29T0700,1206A,119.9042,32.488,泰州市,公园路,,25,7,15,5,9,77,NA,NA,NA,7,7,7,8,0.5,0.5
2026-09-29T0700,1207A,119.9189,32.4626,泰州市,莲花,,23,5,12,3,4,73,NA,NA,NA,4,5,7,8,0.7,0.7
2026-09-29T0700,1209A,119.8877,32.4636,泰州市,留学生创业园,,26,8,14,7,10,82,NA,NA,NA,2,5,7,8,0.8,0.7
2026-09-29T0700,1210A,119.0566,33.5991,淮安市,钵池山,,17,14,17,10,13,52,NA,NA,NA,12,13,6,6,0.7,0.7
2026-09-29T0700,1211A,119.0083,33.578,淮安市,北京南路,,19,19,15,10,13,60,NA,NA,NA,14,14,6,6,0.6,0.6
2026-09-29T0700,1212A,118.9938,33.6083,淮安市,市监测站,,17,12,8,10,12,53,NA,NA,NA,20,18,9,8,0.3,0.4
2026-09-29T0700,1213A,119.135,33.5038,淮安市,楚州区监测站,,18,12,12,8,11,57,NA,NA,NA,13,10,6,6,0.7,0.7
2026-09-29T0700,1216A,120.1554,33.3941,盐城市,市监测站,,22,NA,16,11,13,68,NA,NA,NA,15,11,6,5,0.7,0.7
2026-09-29T0700,1218A,120.214332,33.37951,盐城市,开发区管委会,,21,15,16,6,10,67,NA,NA,NA,5,5,10,10,0.6,0.6
2026-09-29T0700,1220A,118.2924,33.933,宿迁市,宿迁学院,,29,21,19,20,16,43,NA,NA,NA,21,15,2,2,0.4,0.4
2026-09-29T0700,1221A,118.2321,33.9572,宿迁市,宿迁中学,,33,25,22,23,17,55,NA,NA,NA,14,12,4,3,0.3,0.4
2026-09-29T0700,1223A,120.2073,30.2111,杭州市,滨江,,21,21,26,14,20,59,NA,NA,NA,11,21,5,6,0.5,0.7
2026-09-29T0700,1224A,120.0625,30.2737,杭州市,西溪,,23,NA,20,16,20,45,NA,NA,NA,10,16,4,4,0.4,0.6
2026-09-29T0700,1226A,120.3417,30.315,杭州市,下沙,,22,17,17,15,14,47,NA,NA,NA,20,12,5,6,0.8,0.9
2026-09-29T0700,1227A,120.1252,30.2465,杭州市,卧龙桥,,23,19,24,16,18,47,NA,NA,NA,9,15,6,6,0.5,0.7
2026-09-29T0700,1228A,120.1902,30.2691,杭州市,浙江农大,,18,14,16,12,17,44,NA,NA,NA,14,19,8,8,0.8,1
2026-09-29T0700,1230A,120.1195,30.3121,杭州市,和睦小学,,25,18,22,17,18,53,NA,NA,NA,11,16,6,6,0.6,0.8
2026-09-29T0700,1231A,120.3076,30.4146,杭州市,临平镇,,25,25,24,13,15,58,NA,NA,NA,12,15,9,8,0.7,0.8
2026-09-29T0700,1232A,120.2753,30.1839,杭州市,城厢镇,,20,19,24,14,18,42,NA,NA,NA,14,21,6,7,0.6,0.8
2026-09-29T0700,1233A,120.0883,30.1808,杭州市,云栖,,16,16,25,11,21,37,NA,NA,NA,12,15,6,6,0.7,0.9
2026-09-29T0700,1234A,121.8352,29.9111,宁波市,区环保大楼,,17,16,21,5,9,41,NA,NA,NA,34,25,6,6,0.7,0.6
2026-09-29T0700,1235A,121.5595,29.8208,宁波市,万里学院,,23,23,25,16,13,41,NA,NA,NA,24,17,10,9,0.7,0.7
2026-09-29T0700,1236A,121.713,29.9564,宁波市,龙赛医院,,15,15,21,4,9,47,NA,NA,NA,29,21,9,9,0.8,0.8
2026-09-29T0700,1240A,121.5855,29.8635,宁波市,太古小学,,21,21,24,10,14,44,NA,NA,NA,20,18,5,4,1.6,1
2026-09-29T0700,1241A,121.5239,29.8673,宁波市,市环境监测中心,,19,19,29,8,15,57,NA,NA,NA,15,16,15,14,0.9,0.9
2026-09-29T0700,1242A,120.6342,28.0088,温州市,瓯海,细颗粒物(PM2.5),52,47,43,36,29,38,NA,NA,NA,22,15,5,6,0.7,0.7
2026-09-29T0700,1243A,120.6747,27.9881,温州市,南浦,细颗粒物(PM2.5),54,52,44,37,30,73,NA,NA,NA,8,7,5,5,0.6,0.6
2026-09-29T0700,1244A,120.76,27.9745,温州市,龙湾,颗粒物(PM10),60,63,50,33,29,33,NA,NA,NA,37,13,6,7,0.6,0.5
2026-09-29T0700,1247A,120.6053,29.9927,绍兴市,城东开发委,,27,27,24,16,15,65,NA,NA,NA,12,14,6,6,0.7,0.9
2026-09-29T0700,1250A,120.075,30.867,湖州市,城西水厂,,23,19,16,13,13,71,NA,NA,NA,15,16,6,6,0.4,0.6
2026-09-29T0700,1252A,120.7439,30.778,嘉兴市,清河小学,,28,28,13,18,7,53,NA,NA,NA,15,12,6,6,0.5,0.5
2026-09-29T0700,1253A,120.7261,30.7477,嘉兴市,嘉兴学院,,26,23,13,18,11,60,NA,NA,NA,17,13,5,5,0.5,0.5
2026-09-29T0700,1255A,121.2727,28.6461,台州市,黄岩环保大楼,,49,42,47,34,30,28,NA,NA,NA,19,9,/,/,/,/
2026-09-29T0700,1256A,121.4188,28.6545,台州市,台州环保大楼,,48,39,48,33,32,41,NA,NA,NA,16,9,/,/,1.0,0.9
2026-09-29T0700,1257A,121.3768,28.5772,台州市,路桥田洋王,,42,42,51,28,33,64,NA,NA,NA,11,10,6,6,0.7,0.7
2026-09-29T0700,1258A,122.1223,30.0203,舟山市,定海檀枫,,24,16,17,4,8,76,NA,NA,NA,6,7,6,6,0.7,0.7
2026-09-29T0700,1260A,122.1898,29.9945,舟山市,临城新区,,20,10,16,3,7,63,NA,NA,NA,11,8,5,6,0.6,0.7
2026-09-29T0700,1262A,119.6478,29.0773,金华市,十五中,,26,26,46,16,29,66,NA,NA,NA,14,20,4,5,0.8,1
2026-09-29T0700,1263A,119.6859,29.1032,金华市,监测站,,25,25,46,13,28,64,NA,NA,NA,12,20,2,2,0.8,0.9
2026-09-29T0700,1264A,118.8694,28.94,衢州市,环保大楼,细颗粒物(PM2.5),64,60,51,42,34,30,NA,NA,NA,21,22,/,/,/,/
2026-09-29T0700,1266A,118.8622,28.9809,衢州市,衢州学院,,46,42,43,32,30,29,NA,NA,NA,22,24,7,8,0.5,0.5
2026-09-29T0700,1267A,119.9141,28.4513,丽水市,监测站大楼,,49,40,34,34,25,9,NA,NA,NA,29,19,8,7,0.7,0.6
2026-09-29T0700,1268A,119.93,28.4589,丽水市,莲都小学,,50,48,36,35,24,7,NA,NA,NA,26,16,/,/,/,/
2026-09-29T0700,1269A,119.8794,28.4232,丽水市,余庄前,,46,37,34,32,24,0,NA,NA,NA,14,14,5,5,0.8,0.8
2026-09-29T0700,1270A,117.1957,31.7845,合肥市,明珠广场,,27,27,13,18,4,68,NA,NA,NA,15,11,10,9,0.3,0.3
2026-09-29T0700,1271A,117.307,31.8765,合肥市,三里街,,21,19,8,11,3,66,NA,NA,NA,11,10,5,4,0.6,0.6
2026-09-29T0700,1272A,117.2587,31.8703,合肥市,琥珀山庄,,23,19,11,14,3,72,NA,NA,NA,11,7,6,5,0.4,0.4
2026-09-29T0700,1275A,117.2593,31.9376,合肥市,庐阳区,,23,NA,8,12,6,72,NA,NA,NA,12,10,4,5,0.6,0.6
2026-09-29T0700,1276A,117.345251,31.861615,合肥市,瑶海区,,21,17,7,14,4,66,NA,NA,NA,6,4,4,4,0.5,0.5
2026-09-29T0700,1277A,117.3033,31.7967,合肥市,包河区,,23,19,10,16,4,35,NA,NA,NA,46,29,7,7,0.4,0.4
2026-09-29T0700,1278A,117.278,31.7392,合肥市,滨湖新区,,20,17,9,14,4,62,NA,NA,NA,14,9,8,8,0.4,0.4
2026-09-29T0700,1279A,117.1324,31.8395,合肥市,高新区,,25,24,11,17,4,74,NA,NA,NA,15,12,7,7,0.4,0.4
2026-09-29T0700,1282A,119.2681,26.0506,福州市,师大,,50,48,51,35,33,37,NA,NA,NA,16,12,9,6,0.4,0.4
2026-09-29T0700,1283A,119.2983,26.1028,福州市,五四北路,细颗粒物(PM2.5),52,44,47,36,36,31,NA,NA,NA,16,13,5,6,0.5,0.5
2026-09-29T0700,1284A,119.2648,26.0769,福州市,杨桥西路,,49,48,52,34,36,26,NA,NA,NA,20,13,4,4,/,/
2026-09-29T0700,1287A,118.1519,24.4768,厦门市,洪文,细颗粒物(PM2.5),52,49,37,36,24,50,NA,NA,NA,22,14,4,5,0.5,0.5
2026-09-29T0700,1288A,118.0671,24.4447,厦门市,鼓浪屿,颗粒物(PM10),59,62,42,39,25,48,NA,NA,NA,17,17,2,3,/,/
2026-09-29T0700,1291A,115.8887,28.7006,南昌市,省林业公司,,19,NA,30,13,26,40,NA,NA,NA,6,6,6,7,0.5,0.5
2026-09-29T0700,1292A,115.813,28.7443,南昌市,林科所,,15,NA,30,10,27,33,NA,NA,NA,14,12,7,8,1.0,1.1
2026-09-29T0700,1294A,115.8518,28.687,南昌市,建工学校,,19,19,44,10,26,30,NA,NA,NA,15,12,10,10,0.9,1
2026-09-29T0700,1295A,115.8926,28.6425,南昌市,象湖,,25,17,29,17,29,32,NA,NA,NA,14,11,9,9,1.0,1
2026-09-29T0700,1299A,116.9866,36.6118,济南市,科干所,细颗粒物(PM2.5),60,48,54,40,35,113,NA,NA,NA,13,18,7,8,0.5,0.5
2026-09-29T0700,1300A,116.9379,36.6652,济南市,农科所,细颗粒物(PM2.5),72,56,65,46,45,93,NA,NA,NA,13,20,7,7,0.2,0.2
2026-09-29T0700,1301A,117.1265,36.6736,济南市,开发区,细颗粒物(PM2.5),78,56,66,49,42,125,NA,NA,NA,8,17,7,7,0.5,0.4
2026-09-29T0700,1303A,117.0616,36.6865,济南市,省种子仓库,细颗粒物(PM2.5),64,68,78,42,42,120,NA,NA,NA,13,21,4,6,0.7,0.7
2026-09-29T0700,1304A,116.9495185,36.644937,济南市,机床二厂,细颗粒物(PM2.5),60,54,61,40,42,101,NA,NA,NA,11,19,12,13,0.4,0.4
2026-09-29T0700,1305A,117.0496,36.6629,济南市,市监测站,细颗粒物(PM2.5),60,51,63,40,40,119,NA,NA,NA,9,18,5,6,0.7,0.7
2026-09-29T0700,1306A,116.7674,36.5458,济南市,长清党校,细颗粒物(PM2.5),72,78,78,46,44,85,NA,NA,NA,15,18,5,5,0.5,0.4
2026-09-29T0700,1310A,120.404,36.0625,青岛市,市南区东部子站,,19,14,15,5,3,33,NA,NA,NA,38,15,8,7,0.5,0.4
2026-09-29T0700,1311A,120.362344,36.10282,青岛市,四方区子站,,31,31,25,9,9,9,NA,NA,NA,50,21,4,4,0.6,0.4
2026-09-29T0700,1312A,120.294373,36.054183,青岛市,市南区西部子站,,22,17,19,3,6,36,NA,NA,NA,43,22,6,6,0.5,0.4
2026-09-29T0700,1313A,120.4581,36.0858,青岛市,崂山区子站,,18,12,15,3,4,35,NA,NA,NA,36,12,10,10,0.5,0.5
2026-09-29T0700,1315A,120.3945,36.3083,青岛市,城阳区子站,,19,19,24,4,6,38,NA,NA,NA,31,20,4,4,0.3,0.3
2026-09-29T0700,1316A,113.6843,34.7622,郑州市,烟厂,,45,NA,28,31,28,28,NA,NA,NA,15,15,6,5,0.4,0.3
2026-09-29T0700,1318A,113.669,34.8034,郑州市,银行学校,,39,NA,33,27,30,26,NA,NA,NA,15,18,4,3,0.4,0.4
2026-09-29T0700,1319A,113.5612,34.8143,郑州市,供水公司,,28,19,33,19,24,24,NA,NA,NA,21,22,1,5,0.3,0.4
2026-09-29T0700,1320A,113.7269,34.7187,郑州市,经开区管委,,43,NA,26,30,26,28,NA,NA,NA,15,15,6,6,0.4,0.4
2026-09-29T0700,1321A,113.7332,34.7727,郑州市,四十七中,,40,NA,29,28,26,26,NA,NA,NA,20,20,4,3,0.3,0.4
2026-09-29T0700,1323A,113.6361,34.7537,郑州市,河医大,,36,25,33,25,25,26,NA,NA,NA,13,14,6,6,0.5,0.5
2026-09-29T0700,1325A,114.3676,30.5584,武汉市,东湖梨园,,16,13,17,6,9,51,NA,NA,NA,12,13,7,8,0.6,0.7
2026-09-29T0700,1326A,114.2527,30.5578,武汉市,汉阳月湖,,18,13,18,12,12,52,NA,NA,NA,8,11,5,4,0.4,0.5
2026-09-29T0700,1327A,114.2819,30.6189,武汉市,汉口花桥,,20,13,17,2,10,61,NA,NA,NA,10,12,6,6,0.3,0.4
2026-09-29T0700,1328A,114.3024,30.5332,武汉市,武昌紫阳,,20,16,24,6,10,61,NA,NA,NA,16,16,8,8,0.5,0.6
2026-09-29T0700,1329A,114.3646,30.6217,武汉市,青山钢花,,17,5,15,2,8,54,NA,NA,NA,10,12,6,7,0.5,0.6
2026-09-29T0700,1330A,114.156697,30.482592,武汉市,沌口新区,,19,NA,18,10,12,60,NA,NA,NA,10,14,10,11,0.3,0.4
2026-09-29T0700,1331A,114.3013,30.5944,武汉市,汉口江滩,,19,10,17,9,10,59,NA,NA,NA,12,13,4,4,0.7,0.8
2026-09-29T0700,1333A,114.1285,30.6339,武汉市,吴家山,,19,14,18,4,11,60,NA,NA,NA,10,12,6,6,0.7,0.8
2026-09-29T0700,1335A,113.082,28.2421,长沙市,经开区环保局,,29,27,56,20,37,30,NA,NA,NA,4,9,4,4,0.2,0.7
2026-09-29T0700,1336A,112.8873,28.2202,长沙市,高开区环保局,,26,26,50,14,35,29,NA,NA,NA,7,9,4,4,1.0,1.1
2026-09-29T0700,1337A,113.0785,28.2012,长沙市,马坡岭,,23,23,56,16,37,34,NA,NA,NA,8,11,7,7,0.4,0.6
2026-09-29T0700,1338A,112.9448,28.1894,长沙市,湖南师范大学,,30,27,54,21,35,34,NA,NA,NA,7,10,10,10,0.5,0.7
2026-09-29T0700,1339A,113.0177,28.1322,长沙市,雨花区环保局,,29,NA,50,20,35,34,NA,NA,NA,4,9,6,6,0.6,0.8
2026-09-29T0700,1340A,112.9795,28.2593,长沙市,伍家岭,,25,25,49,16,32,34,NA,NA,NA,5,8,4,4,0.7,0.7
2026-09-29T0700,1341A,113.002,28.1944,长沙市,火车新站,,23,20,54,16,35,32,NA,NA,NA,4,9,5,5,0.8,0.9
2026-09-29T0700,1342A,112.9846,28.1177,长沙市,天心区环保局,,32,NA,52,22,40,41,NA,NA,NA,7,11,4,4,0.4,0.6
2026-09-29T0700,1343A,112.8906,28.1307,长沙市,湖南中医药大学,,15,13,45,10,33,30,NA,NA,NA,3,9,6,7,0.7,0.7
2026-09-29T0700,1345A,113.2346,23.1423,广州市,广雅中学,,26,26,29,16,17,27,NA,NA,NA,15,15,5,5,0.8,0.8
2026-09-29T0700,1346A,113.2611,23.105,广州市,市五中,,28,25,26,19,19,32,NA,NA,NA,14,14,5,5,/,/
2026-09-29T0700,1348A,113.3477,23.0916,广州市,广东商学院,,23,23,28,14,16,30,NA,NA,NA,23,17,5,6,0.4,0.4
2026-09-29T0700,1349A,113.4332,23.105,广州市,市八十六中,,20,16,22,14,17,22,NA,NA,NA,27,25,7,7,/,/
2026-09-29T0700,1350A,113.3506,22.9488,广州市,番禺中学,,18,17,25,12,16,41,NA,NA,NA,8,14,4,4,0.4,0.5
2026-09-29T0700,1351A,113.2147,23.3918,广州市,花都师范,,27,27,31,18,21,29,NA,NA,NA,18,19,3,3,0.8,0.7
2026-09-29T0700,1352A,113.2599,23.1329,广州市,市监测站,NA,NA,24,28,17,17,NA,NA,NA,NA,17,13,1,2,/,/
2026-09-29T0700,1353A,113.5618,23.3119,广州市,九龙镇镇龙,,31,31,29,21,17,6,NA,NA,NA,20,17,8,8,0.8,0.7
2026-09-29T0700,1354A,113.2764,23.1544,广州市,麓湖,,26,25,26,18,17,17,NA,NA,NA,26,18,9,7,0.8,0.6
2026-09-29T0700,1356A,114.0948,22.5506,深圳市,通心岭子站,,18,16,29,12,17,32,NA,NA,NA,8,10,2,2,0.6,0.7
2026-09-29T0700,1357A,114.1153,22.5713,深圳市,洪湖,,16,16,28,10,16,32,NA,NA,NA,13,16,1,1,0.7,0.8
2026-09-29T0700,1358A,113.9823,22.5398,深圳市,华侨城,,17,17,29,10,19,36,NA,NA,NA,14,11,/,/,/,/
2026-09-29T0700,1359A,113.9181,22.517,深圳市,南海子站,,20,15,29,14,26,33,NA,NA,NA,11,10,1,1,0.8,0.9
2026-09-29T0700,1360A,114.2345,22.565,深圳市,盐田,,18,18,27,11,19,34,NA,NA,NA,5,11,8,8,0.7,0.8
2026-09-29T0700,1363A,114.4911,22.5381,深圳市,南澳,,25,20,23,17,21,10,NA,NA,NA,10,10,/,/,/,/
2026-09-29T0700,1364A,114.41,22.6346,深圳市,葵涌,,28,22,30,19,21,5,NA,NA,NA,22,14,7,7,0.9,0.9
2026-09-29T0700,1365A,114.2967,22.5978,深圳市,梅沙,,22,21,29,15,18,6,NA,NA,NA,32,26,/,/,/,/
2026-09-29T0700,1366A,114.0563,22.7353,深圳市,观澜,,22,22,31,12,16,33,NA,NA,NA,18,17,2,3,0.8,0.8
2026-09-29T0700,1367A,113.5811,22.2618,珠海市,吉大,,16,14,24,11,18,38,NA,NA,NA,6,7,10,8,0.6,0.9
2026-09-29T0700,1368A,113.4893,22.2323,珠海市,前山,,17,17,29,10,17,37,NA,NA,NA,10,8,/,/,/,/
2026-09-29T0700,1369A,113.6284,22.4252,珠海市,唐家,,18,17,19,12,16,19,NA,NA,NA,2,3,/,/,/,/
2026-09-29T0700,1370A,113.2986,22.2284,珠海市,斗门,,21,21,21,13,18,43,NA,NA,NA,7,4,9,8,0.7,0.8
2026-09-29T0700,1371A,113.1293,23.0065,佛山市,湾梁,,29,NA,20,20,19,25,NA,NA,NA,18,14,/,/,/,/
2026-09-29T0700,1372A,113.1082,23.0477,佛山市,华材职中,,26,NA,21,18,19,32,NA,NA,NA,8,8,2,2,0.7,0.6
2026-09-29T0700,1373A,113.1439,23.045,佛山市,南海气象局,,28,25,24,19,19,23,NA,NA,NA,16,14,/,/,/,/
2026-09-29T0700,1374A,113.2879,22.8094,佛山市,顺德苏岗,,30,30,20,15,18,31,NA,NA,NA,13,12,/,/,0.4,0.4
2026-09-29T0700,1376A,112.8384,22.8678,佛山市,高明孔堂,,19,19,18,13,15,30,NA,NA,NA,6,5,/,/,/,/
2026-09-29T0700,1377A,112.8835,23.1584,佛山市,三水监测站,,29,NA,17,20,19,10,NA,NA,NA,21,10,4,4,0.4,0.4
2026-09-29T0700,1378A,112.8668,23.185,佛山市,三水云东海,,30,23,24,21,19,14,NA,NA,NA,16,9,/,/,/,/
2026-09-29T0700,1379A,113.377,22.5211,中山市,华柏园,,15,10,23,10,16,37,NA,NA,NA,7,7,/,/,/,/
2026-09-29T0700,1380A,113.3879,22.5499,中山市,张溪,,17,17,25,7,17,42,NA,NA,NA,9,9,/,/,/,/
2026-09-29T0700,1381A,113.4071,22.5111,中山市,紫马岭,,12,8,23,8,16,21,NA,NA,NA,15,7,9,10,0.8,0.7
2026-09-29T0700,1383A,113.1063,22.6058,江门市,北街,,18,15,21,12,16,36,NA,NA,NA,6,8,/,/,/,/
2026-09-29T0700,1384A,113.073,22.5835,江门市,西区,,20,18,22,14,16,35,NA,NA,NA,14,13,/,/,/,/
2026-09-29T0700,1385A,113.0218,22.531,江门市,圭峰西,,23,21,26,16,16,26,NA,NA,NA,10,9,/,/,/,/
2026-09-29T0700,1390A,113.7943,23.0132,东莞市,东城石井,,26,26,29,18,17,4,NA,NA,NA,24,15,7,7,0.8,0.7
2026-09-29T0700,1391A,113.7384,22.9659,东莞市,南城西平,,24,24,28,16,17,26,NA,NA,NA,15,13,6,6,0.9,0.9
2026-09-29T0700,1392A,114.4181,23.0528,惠州市,河南岸金山湖子站,,38,36,31,26,20,11,NA,NA,NA,29,17,9,9,0.8,0.6
2026-09-29T0700,1393A,114.4055,23.0824,惠州市,下埔横江三路子站,,38,36,34,26,22,21,NA,NA,NA,20,15,7,7,0.5,0.4
2026-09-29T0700,1395A,114.4645,22.7832,惠州市,惠阳区承修路船湖子站,颗粒物(PM10),51,51,38,29,22,4,NA,NA,NA,34,20,4,3,1.0,0.8
2026-09-29T0700,1396A,114.5316,22.7423,惠州市,大亚湾管委会子站,,48,44,35,33,22,3,NA,NA,NA,28,17,10,9,0.7,0.7
2026-09-29T0700,1397A,112.426,23.062,肇庆市,睦岗子站,细颗粒物(PM2.5),64,NA,28,42,25,1,NA,NA,NA,19,13,9,9,/,/
2026-09-29T0700,1398A,112.4645,23.0476,肇庆市,城中子站,,28,28,23,17,15,6,NA,NA,NA,29,16,15,13,0.9,0.7
2026-09-29T0700,1399A,112.5545,23.1525,肇庆市,坑口子站,,24,24,26,14,15,13,NA,NA,NA,11,11,6,8,0.3,0.3
2026-09-29T0700,1401A,108.3098,22.788,南宁市,二十一中,,15,11,18,10,9,33,NA,NA,NA,12,9,3,4,0.9,0.9
2026-09-29T0700,1402A,108.3135,22.8529,南宁市,北湖,,19,NA,22,13,13,32,NA,NA,NA,9,6,4,4,0.7,0.6
2026-09-29T0700,1403A,108.3205,22.8222,南宁市,市监测站,,15,15,18,10,8,37,NA,NA,NA,8,6,5,5,0.6,0.6
2026-09-29T0700,1404A,108.3828,22.8038,南宁市,大自然花园,,13,12,16,9,10,37,NA,NA,NA,9,7,4,4,0.5,0.5
2026-09-29T0700,1406A,108.2397,22.8462,南宁市,区农职院,,23,NA,19,16,12,22,NA,NA,NA,18,8,7,6,0.8,0.6
2026-09-29T0700,1407A,108.3285,22.7356,南宁市,英华嘉园,,16,12,21,11,10,25,NA,NA,NA,16,10,5,6,0.4,0.6
2026-09-29T0700,1410A,110.3189,20.0596,海口市,海南大学,,15,15,14,8,10,31,NA,NA,NA,10,11,6,6,0.5,0.4
2026-09-29T0700,1411A,110.2827,20.0051,海口市,秀英海南医院,,19,19,23,12,13,22,NA,NA,NA,9,12,4,4,0.3,0.4
2026-09-29T0700,1412A,110.3391,19.9979,海口市,海南师范大学,,21,21,21,10,12,24,NA,NA,NA,9,10,4,4,0.4,0.5
2026-09-29T0700,1413A,110.3303,20.0359,海口市,龙华路环保局宿舍,,16,16,19,9,11,31,NA,NA,NA,8,8,/,/,0.4,0.4
2026-09-29T0700,1416A,106.4216,29.8256,重庆市,天生,,32,32,26,6,11,17,NA,NA,NA,10,10,9,8,0.9,0.9
2026-09-29T0700,1417A,106.6264,29.7226,重庆市,两路,,33,33,32,7,12,26,NA,NA,NA,10,11,5,5,0.7,0.8
2026-09-29T0700,1419A,106.5778,29.5103,重庆市,南坪,,33,33,40,9,14,14,NA,NA,NA,17,20,10,6,0.7,0.8
2026-09-29T0700,1420A,106.6556,29.6277,重庆市,唐家沱,,16,16,21,6,12,10,NA,NA,NA,24,20,8,8,0.7,0.8
2026-09-29T0700,1431A,103.9727,30.7242,成都市,金泉两河,,10,8,20,6,11,32,NA,NA,NA,14,17,2,2,0.5,0.6
2026-09-29T0700,1432A,104.1423,30.6765,成都市,十里店,,25,24,23,17,13,14,NA,NA,NA,20,15,6,6,0.6,0.6
2026-09-29T0700,1433A,104.0594,30.5765,成都市,三瓦窑,,25,22,20,17,13,6,NA,NA,NA,32,22,7,7,1.0,0.9
2026-09-29T0700,1434A,104.1122,30.6306,成都市,沙河铺,,23,21,28,16,14,12,NA,NA,NA,18,19,6,7,0.9,0.9
2026-09-29T0700,1439A,106.6863,26.6035,贵阳市,马鞍山,,20,NA,20,13,15,63,NA,NA,NA,5,6,6,6,/,/
2026-09-29T0700,1441A,106.6241,26.6266,贵阳市,鉴湖路,,31,31,35,14,17,55,NA,NA,NA,3,5,10,9,0.7,0.7
2026-09-29T0700,1442A,106.7468,26.6344,贵阳市,燕子冲,,27,27,32,16,16,52,NA,NA,NA,7,8,8,7,0.5,0.5
2026-09-29T0700,1443A,106.6556,26.4362,贵阳市,碧云窝,,29,29,36,14,15,55,NA,NA,NA,8,6,11,7,/,/
2026-09-29T0700,1445A,106.6963,26.6063,贵阳市,红边门,,24,24,26,15,15,54,NA,NA,NA,7,8,4,4,/,/
2026-09-29T0700,1446A,106.7162383,26.56964667,贵阳市,新华路,,31,31,33,11,14,54,NA,NA,NA,7,9,7,7,0.6,0.5
2026-09-29T0700,1447A,106.6742,26.542,贵阳市,太慈桥,,24,24,28,14,15,58,NA,NA,NA,7,7,4,5,/,/
2026-09-29T0700,1450A,102.8203,24.889,昆明市,呈贡新区,,14,14,16,2,7,38,NA,NA,NA,5,6,4,3,0.5,0.5
2026-09-29T0700,1452A,102.7253,25.0904,昆明市,龙泉镇,,14,11,21,4,7,42,NA,NA,NA,9,11,2,2,0.5,0.5
2026-09-29T0700,1453A,102.7267,25.0378,昆明市,东风东路,,11,11,16,3,8,34,NA,NA,NA,12,12,6,5,0.5,0.6
2026-09-29T0700,1454A,102.6744,25.0671,昆明市,金鼎山,,12,8,18,8,8,38,NA,NA,NA,8,8,6,5,0.4,0.4
2026-09-29T0700,1455A,102.6643,25.0401,昆明市,碧鸡广场,,21,21,18,9,9,30,NA,NA,NA,9,10,8,7,0.5,0.5
2026-09-29T0700,1456A,91.132,29.6515,拉萨市,八廓街,,14,14,16,7,7,38,NA,NA,NA,22,19,9,9,0.2,0.2
2026-09-29T0700,1457A,91.1221,29.6748,拉萨市,市环保局,,20,20,19,6,10,33,NA,NA,NA,17,20,9,9,0.2,0.3
2026-09-29T0700,1458A,91.0874,29.6476,拉萨市,区监测站,,23,23,19,14,9,31,NA,NA,NA,30,35,8,8,0.4,0.4
2026-09-29T0700,1459A,91.1774,29.6541,拉萨市,西藏大学,,14,12,13,6,6,44,NA,NA,NA,16,17,9,9,0.3,0.2
2026-09-29T0700,1460A,90.9798,29.6586,拉萨市,区辐射站,,31,31,20,10,8,35,NA,NA,NA,23,23,10,10,0.1,0.2
2026-09-29T0700,1461A,91.0831,29.6292,拉萨市,拉萨火车站,,12,10,14,7,6,36,NA,NA,NA,24,18,8,8,0.3,0.3
2026-09-29T0700,1463A,108.9931,34.2629,西安市,兴庆小区,,23,21,27,16,20,18,NA,NA,NA,11,18,4,4,0.4,0.5
2026-09-29T0700,1464A,109.0595,34.2569,西安市,纺织城,,22,22,30,15,20,2,NA,NA,NA,18,18,3,3,0.8,0.8
2026-09-29T0700,1465A,108.9377,34.2178,西安市,小寨,,38,27,26,26,19,37,NA,NA,NA,14,16,2,2,0.7,0.7
2026-09-29T0700,1466A,108.9522,34.2739,西安市,市人民体育场,,35,24,30,24,23,62,NA,NA,NA,13,25,3,3,0.7,0.7
2026-09-29T0700,1467A,108.8923,34.2322,西安市,高新西区,,34,34,26,22,17,33,NA,NA,NA,13,14,5,5,0.7,0.7
2026-09-29T0700,1468A,108.9386,34.3446,西安市,经开区,颗粒物(PM10),53,53,41,34,31,7,NA,NA,NA,25,17,1,1,0.5,0.5
2026-09-29T0700,1469A,108.894,34.1557,西安市,长安区,,26,25,25,18,17,10,NA,NA,NA,18,25,2,2,0.5,0.5
2026-09-29T0700,1471A,109.213,34.3748,西安市,临潼区,,40,40,39,27,29,9,NA,NA,NA,24,15,3,3,0.8,0.8
2026-09-29T0700,1474A,109.0508,34.321,西安市,广运潭,,22,22,33,13,22,8,NA,NA,NA,22,21,5,5,0.6,0.7
2026-09-29T0700,1479A,103.8309,36.0467,兰州市,铁路设计院,颗粒物(PM10),60,63,52,15,18,1,NA,NA,NA,48,47,6,4,1.3,0.6
2026-09-29T0700,1489A,106.1361,38.5039,银川市,学院路,颗粒物(PM10),83,95,70,34,22,30,NA,NA,NA,38,26,10,6,0.4,0.4
2026-09-29T0700,1490A,87.5796,43.8299,乌鲁木齐市,监测站,颗粒物(PM10),52,52,53,16,20,45,NA,NA,NA,20,35,2,3,0.3,0.5
2026-09-29T0700,1491A,87.6044,43.7679,乌鲁木齐市,收费所,颗粒物(PM10),55,57,65,17,20,13,NA,NA,NA,45,42,3,2,0.2,0.4
2026-09-29T0700,1493A,87.5529,43.8704,乌鲁木齐市,铁路局,颗粒物(PM10),70,78,59,20,18,3,NA,NA,NA,62,37,8,8,0.7,0.5
2026-09-29T0700,1494A,87.6408,43.8258,乌鲁木齐市,三十一中学,颗粒物(PM10),55,57,53,21,17,40,NA,NA,NA,26,25,7,8,0.6,0.7
2026-09-29T0700,1496A,87.7218,44.1747,乌鲁木齐市,米东区环保局,,37,37,46,12,15,41,NA,NA,NA,5,6,10,11,0.2,0.3
2026-09-29T0700,1508A,112.9508,27.8626,湘潭市,板塘,,19,19,57,12,40,33,NA,NA,NA,5,9,6,7,0.2,0.5
2026-09-29T0700,1511A,112.9114,27.8404,湘潭市,市监测站,,18,NA,40,12,37,30,NA,NA,NA,9,10,3,5,0.4,0.7
2026-09-29T0700,1512A,112.8935,27.8729,湘潭市,江麓,,16,16,55,11,37,31,NA,NA,NA,7,9,7,8,0.6,0.8
2026-09-29T0700,1513A,112.9227,27.8159,湘潭市,岳塘,,22,22,53,13,38,30,NA,NA,NA,5,8,5,7,0.3,0.6
2026-09-29T0700,1514A,112.9073,27.9118,湘潭市,科大,,20,20,60,11,37,32,NA,NA,NA,4,6,6,5,1.0,1.2
2026-09-29T0700,1515A,113.1265,27.8306,株洲市,天台山庄,,37,37,60,24,42,24,NA,NA,NA,7,11,2,3,0.7,0.8
2026-09-29T0700,1518A,113.0937,27.8919,株洲市,株冶医院,,38,31,54,26,40,27,NA,NA,NA,9,11,5,5,0.5,0.7
2026-09-29T0700,1519A,113.1709,27.8661,株洲市,市四中,,41,41,54,26,38,21,NA,NA,NA,11,15,5,6,0.7,0.8
2026-09-29T0700,1520A,113.1515,27.8265,株洲市,火车站,细颗粒物(PM2.5),66,NA,55,43,53,26,NA,NA,NA,11,14,9,10,0.3,0.6
2026-09-29T0700,1524A,113.1329,27.8491,株洲市,市监测站,,31,31,54,16,39,24,NA,NA,NA,12,17,8,9,0.6,0.7
2026-09-29T0700,1562A,113.0048,27.9153,湘潭市,昭山,,28,27,59,19,41,28,NA,NA,NA,1,4,7,8,0.5,0.7
2026-09-29T0700,1585A,109.8761,40.6533,包头市,市环境监测站,颗粒物(PM10),85,99,57,15,24,45,NA,NA,NA,14,39,6,10,0.4,0.8
2026-09-29T0700,1587A,109.9992,40.5843,包头市,包头八中,颗粒物(PM10),90,106,55,46,20,16,NA,NA,NA,48,36,11,12,0.6,0.5
2026-09-29T0700,1589A,109.8641,40.6288,包头市,惠龙物流,,48,48,38,27,22,48,NA,NA,NA,14,31,8,12,0.5,0.7
2026-09-29T0700,1590A,110.0376,40.5546,包头市,东河鸿龙湾,颗粒物(PM10),77,87,39,35,18,13,NA,NA,NA,51,28,6,6,0.7,0.6
2026-09-29T0700,1591A,110.0024,39.8127,鄂尔多斯市,综合楼,颗粒物(PM10),104,129,53,34,17,56,NA,NA,NA,29,27,13,10,0.4,0.4
2026-09-29T0700,1592A,109.9485,39.8259,鄂尔多斯市,巴音孟克林场办事处,颗粒物(PM10),127,188,63,47,18,76,NA,NA,NA,17,17,12,7,0.4,0.4
2026-09-29T0700,1593A,109.7734,39.5987,鄂尔多斯市,康泽苑,颗粒物(PM10),60,63,35,17,11,31,NA,NA,NA,16,12,4,7,0.3,0.3
2026-09-29T0700,1594A,109.8121,39.5987,鄂尔多斯市,华泰汽车城,,48,48,33,19,13,14,NA,NA,NA,19,12,6,8,0.4,0.4
2026-09-29T0700,1595A,109.9734,39.7884,鄂尔多斯市,奥林花园,颗粒物(PM10),86,100,48,22,16,29,NA,NA,NA,35,24,4,6,0.2,0.3
2026-09-29T0700,1597A,122.2704,40.7093,营口市,大庆路,,40,40,32,23,17,37,NA,NA,NA,26,23,12,10,1.2,1
2026-09-29T0700,1598A,122.215,40.6511,营口市,镜湖西路,,28,28,27,16,14,36,NA,NA,NA,44,28,8,5,0.6,0.4
2026-09-29T0700,1599A,122.1667,40.665,营口市,西炮台,,26,26,27,13,17,38,NA,NA,NA,23,23,5,6,0.6,0.5
2026-09-29T0700,1600A,124.33,40.0625,丹东市,江湾东路,,31,31,21,20,13,19,NA,NA,NA,16,19,9,7,1.1,0.9
2026-09-29T0700,1601A,124.4242,40.1513,丹东市,临江后街,,28,24,19,19,11,7,NA,NA,NA,21,20,16,6,0.9,0.7
2026-09-29T0700,1602A,124.3935,40.1461,丹东市,元宝山,,36,NA,15,25,10,0,NA,NA,NA,16,13,8,8,0.8,0.5
2026-09-29T0700,1603A,124.3634,40.1093,丹东市,民主桥,,35,35,25,23,13,13,NA,NA,NA,21,24,8,8,0.6,0.5
2026-09-29T0700,1604A,122.0303,41.1489,盘锦市,开发区,,25,22,18,17,8,46,NA,NA,NA,19,16,7,7,0.7,0.5
2026-09-29T0700,1605A,122.0486,41.0883,盘锦市,兴隆台,,38,38,22,24,10,33,NA,NA,NA,30,30,8,8,1.0,0.5
2026-09-29T0700,1606A,121.8297,41.1026,盘锦市,新生街道,,22,22,7,10,8,44,NA,NA,NA,14,17,7,8,0.5,0.4
2026-09-29T0700,1607A,120.904878,40.721091,葫芦岛市,龙港区,,24,18,16,10,7,76,NA,NA,NA,10,10,8,10,0.2,0.2
2026-09-29T0700,1608A,120.8382,40.7521,葫芦岛市,化工街,,26,22,18,18,11,50,NA,NA,NA,24,23,7,7,0.3,0.3
2026-09-29T0700,1609A,120.8339,40.7078,葫芦岛市,新区,,19,15,13,12,8,58,NA,NA,NA,22,14,6,6,0.6,0.4
2026-09-29T0700,1610A,120.8697,40.7679,葫芦岛市,东城区,,30,24,26,21,23,51,NA,NA,NA,32,30,7,8,0.6,0.5
2026-09-29T0700,1611A,118.5818,24.9116,泉州市,涂山街,细颗粒物(PM2.5),62,54,49,41,31,37,NA,NA,NA,23,19,7,7,0.7,0.6
2026-09-29T0700,1612A,118.597,24.8976,泉州市,津头埔,颗粒物(PM10),62,66,50,38,28,37,NA,NA,NA,27,19,11,6,0.7,0.6
2026-09-29T0700,1613A,118.6669,24.9422,泉州市,万安,颗粒物(PM10),51,51,42,34,29,23,NA,NA,NA,29,15,7,5,0.8,0.7
2026-09-29T0700,1618A,118.3429,35.0532,临沂市,沂河小区,,48,39,60,33,46,27,NA,NA,NA,28,23,8,8,0.6,0.8
2026-09-29T0700,1619A,118.2962,35.0568,临沂市,鲁南制药厂,细颗粒物(PM2.5),52,39,56,36,48,25,NA,NA,NA,36,23,10,9,0.9,1
2026-09-29T0700,1620A,118.2793,34.9976,临沂市,新光毛纺厂,,40,NA,48,28,52,25,NA,NA,NA,41,35,5,5,0.6,0.7
2026-09-29T0700,1621A,118.3955,35.0889,临沂市,河东保险公司,,33,NA,53,23,50,15,NA,NA,NA,25,23,2,3,0.4,0.6
2026-09-29T0700,1622A,116.3034,37.4675,德州市,儿童乐园,,40,29,60,28,37,67,NA,NA,NA,14,19,7,9,0.5,0.6
2026-09-29T0700,1624A,116.2992,37.4449,德州市,监理站,,39,36,58,27,35,60,NA,NA,NA,15,19,7,9,0.5,0.6
2026-09-29T0700,1625A,115.9789,36.4372,聊城市,区政府,,39,38,68,27,42,58,NA,NA,NA,11,15,7,8,0.5,0.6
2026-09-29T0700,1629A,117.9961,37.3604,滨州市,第二水厂,细颗粒物(PM2.5),125,105,54,87,32,17,NA,NA,NA,50,25,7,9,0.9,0.7
2026-09-29T0700,1630A,117.9789,37.3931,滨州市,北中新校,细颗粒物(PM2.5),126,107,50,88,27,70,NA,NA,NA,19,20,7,8,0.9,0.7
2026-09-29T0700,1631A,118.0413,36.8101,淄博市,人民公园,细颗粒物(PM2.5),116,97,56,77,35,56,NA,NA,NA,24,18,6,8,0.7,0.6
2026-09-29T0700,1633A,117.8524,36.4848,淄博市,双山,细颗粒物(PM2.5),88,79,59,54,36,55,NA,NA,NA,20,22,7,8,0.9,0.7
2026-09-29T0700,1634A,117.9595,36.6332,淄博市,气象站,细颗粒物(PM2.5),94,92,61,57,36,68,NA,NA,NA,23,20,7,9,1.1,0.9
2026-09-29T0700,1637A,117.5628,34.8379,枣庄市,市中区政府,,40,39,64,28,50,46,NA,NA,NA,15,20,7,11,0.2,0.4
2026-09-29T0700,1638A,117.2855,34.7838,枣庄市,薛城环保局,,37,37,60,21,43,35,NA,NA,NA,45,31,3,5,0.5,0.5
2026-09-29T0700,1639A,117.5854,34.7744,枣庄市,峄城区政府,,35,34,66,24,42,44,NA,NA,NA,12,16,5,9,0.2,0.4
2026-09-29T0700,1641A,117.4516,35.0992,枣庄市,山亭区环保局,,39,39,58,22,40,44,NA,NA,NA,13,14,3,3,0.3,0.4
2026-09-29T0700,1642A,121.2517,37.564,烟台市,开发区,,36,36,25,13,6,38,NA,NA,NA,34,18,6,6,0.5,0.4
2026-09-29T0700,1644A,121.3181,37.5436,烟台市,西郊化工站,,22,22,20,9,6,65,NA,NA,NA,20,18,4,5,0.6,0.6
2026-09-29T0700,1645A,121.4419,37.4858,烟台市,莱山环保局,,22,22,15,7,3,70,NA,NA,NA,14,12,3,3,0.3,0.3
2026-09-29T0700,1646A,121.2619,37.4965,烟台市,福山环保局,,39,39,33,9,6,12,NA,NA,NA,39,24,3,2,0.5,0.4
2026-09-29T0700,1650A,119.1436,36.7022,潍坊市,环保局,,27,27,33,14,9,46,NA,NA,NA,23,18,4,5,0.7,0.5
2026-09-29T0700,1653A,116.6229,35.4288,济宁市,火炬城,细颗粒物(PM2.5),68,70,64,44,40,49,NA,NA,NA,19,18,2,2,0.3,0.3
2026-09-29T0700,1656A,117.1436,36.1938,泰安市,监测站,细颗粒物(PM2.5),112,85,83,73,60,71,NA,NA,NA,17,20,11,8,0.7,0.7
2026-09-29T0700,1657A,117.0905,36.2002,泰安市,人口学校,细颗粒物(PM2.5),109,70,79,69,58,64,NA,NA,NA,26,20,9,10,0.8,0.8
2026-09-29T0700,1658A,117.0992,36.1757,泰安市,电力学校,细颗粒物(PM2.5),146,NA,82,110,83,52,NA,NA,NA,22,18,6,7,0.4,0.4
2026-09-29T0700,1659A,119.4711,35.421,日照市,监测站,,23,19,26,16,14,2,NA,NA,NA,35,34,9,9,0.4,0.5
2026-09-29T0700,1660A,119.523,35.4216,日照市,市政府广场,,19,19,25,8,12,32,NA,NA,NA,36,29,7,7,0.6,0.6
2026-09-29T0700,1661A,119.5511,35.4113,日照市,港务局,NA,NA,27,26,10,14,22,NA,NA,NA,45,13,NA,6,0.8,0.7
2026-09-29T0700,1662A,122.121,37.4231,威海市,华夏技校,,27,5,8,0,2,86,NA,NA,NA,4,8,/,/,0.4,0.4
2026-09-29T0700,1663A,122.0508,37.5236,威海市,山大分校,,25,10,11,3,3,78,NA,NA,NA,13,11,/,/,/,/
2026-09-29T0700,1664A,122.1067,37.5067,威海市,市监测站,,19,15,13,4,3,59,NA,NA,NA,15,9,4,4,0.3,0.4
2026-09-29T0700,1666A,118.6612,37.4313,东营市,市环保局,NA,NA,NA,19,NA,0,NA,NA,90,NA,NA,10,NA,1,NA,0.8
2026-09-29T0700,1669A,113.5821,24.7733,韶关市,市八中,,27,27,30,18,17,31,NA,NA,NA,20,14,13,13,0.7,0.6
2026-09-29T0700,1671A,113.5916,24.7973,韶关市,园林处,,42,42,28,28,18,15,NA,NA,NA,32,16,17,15,/,/
2026-09-29T0700,1673A,113.5971,24.6864,韶关市,曲江监测站,,48,40,25,33,18,25,NA,NA,NA,26,18,12,12,0.7,0.7
2026-09-29T0700,1674A,116.6795,23.3666,汕头市,金平子站,,32,26,27,22,18,52,NA,NA,NA,13,10,4,4,0.7,0.7
2026-09-29T0700,1675A,116.7248,23.3632,汕头市,龙湖子站,,40,29,33,28,20,57,NA,NA,NA,4,6,6,6,/,/
2026-09-29T0700,1676A,116.7257,23.2774,汕头市,濠江子站,NA,NA,NA,27,NA,16,NA,NA,99,NA,NA,11,NA,7,NA,NA
2026-09-29T0700,1677A,116.7518,23.4712,汕头市,澄海子站,,43,NA,38,30,22,54,NA,NA,NA,9,9,7,6,0.9,0.9
2026-09-29T0700,1678A,116.6088,23.2539,汕头市,潮阳子站,,46,NA,26,32,19,62,NA,NA,NA,6,5,7,7,0.6,0.5
2026-09-29T0700,1680A,110.3648,21.2697,湛江市,湛江影剧院,细颗粒物(PM2.5),56,43,30,38,20,36,NA,NA,NA,13,10,87,21,0.6,0.6
2026-09-29T0700,1681A,110.3907,21.2279,湛江市,市环境监测站,细颗粒物(PM2.5),70,NA,27,45,19,35,NA,NA,NA,11,9,104,13,0.6,0.6
2026-09-29T0700,1682A,110.3936,21.1943,湛江市,环保局宿舍,,22,17,34,15,20,40,NA,NA,NA,15,13,11,21,/,/
2026-09-29T0700,1683A,110.4138,21.2033,湛江市,霞山游泳场,,17,17,28,11,20,42,NA,NA,NA,10,11,9,14,/,/
2026-09-29T0700,1685A,110.4512,21.239,湛江市,坡头区环保局,,25,NA,22,17,17,22,NA,NA,NA,18,10,8,9,0.6,0.6
2026-09-29T0700,1686A,111.0285,21.469,茂名市,电白南海,,34,34,26,14,12,25,NA,NA,NA,12,3,3,3,0.6,0.6
2026-09-29T0700,1687A,110.9294,21.6533,茂名市,茂石化七小,,42,19,23,17,15,133,NA,NA,NA,10,6,2,3,0.6,0.5
2026-09-29T0700,1688A,110.9108,21.6688,茂名市,健康路,,20,NA,13,14,14,28,NA,NA,NA,12,7,3,4,0.6,0.6
2026-09-29T0700,1689A,110.8592,21.6826,茂名市,高岭,,34,34,27,20,16,13,NA,NA,NA,17,9,18,8,/,/
2026-09-29T0700,1690A,116.1248,24.3307,梅州市,梅江月梅,,33,33,36,20,23,14,NA,NA,NA,15,12,/,/,/,/
2026-09-29T0700,1691A,116.0798,24.2719,梅州市,梅县新城,,40,32,38,28,25,20,NA,NA,NA,20,15,12,11,0.6,0.6
2026-09-29T0700,1693A,115.3653,22.7751,汕尾市,市环保局,,35,25,23,24,19,32,NA,NA,NA,17,12,6,6,0.6,0.5
2026-09-29T0700,1695A,115.362,22.7926,汕尾市,新城中学,,38,NA,24,26,21,38,NA,NA,NA,15,9,7,7,1.1,0.9
2026-09-29T0700,1697A,114.6962,23.7538,河源市,东埔,,32,32,31,21,23,47,NA,NA,NA,14,14,10,7,0.9,0.8
2026-09-29T0700,1698A,114.6895,23.7232,河源市,老城,,39,34,38,27,24,44,NA,NA,NA,15,17,10,7,0.8,0.8
2026-09-29T0700,1701A,111.9491,21.8658,阳江市,马南垌,,23,19,21,16,16,20,NA,NA,NA,16,6,7,8,0.8,0.8
2026-09-29T0700,1703A,113.0218,23.7086,清远市,凤城街办,,45,45,33,26,19,15,NA,NA,NA,25,15,/,/,/,/
2026-09-29T0700,1708A,116.3701,23.5345,揭阳市,新兴,,38,26,38,26,23,51,NA,NA,NA,8,9,8,8,0.8,0.8
2026-09-29T0700,1709A,116.3261,23.5442,揭阳市,西马,,39,30,37,27,23,48,NA,NA,NA,6,6,6,6,0.8,0.8
2026-09-29T0700,1710A,116.361,23.5627,揭阳市,东兴,,39,37,36,27,24,47,NA,NA,NA,10,9,8,6,/,/
2026-09-29T0700,1711A,116.4151,23.5295,揭阳市,渔湖,,40,30,37,28,24,53,NA,NA,NA,6,7,5,6,/,/
2026-09-29T0700,1714A,112.0281,22.9738,云浮市,牧羊,,29,23,29,20,15,10,NA,NA,NA,16,11,59,37,0.8,0.7
2026-09-29T0700,1715A,102.575,24.371,玉溪市,东风水库,,9,7,20,6,6,14,NA,NA,NA,9,9,5,5,0.7,0.5
2026-09-29T0700,1723A,113.2926,40.0759,大同市,云冈宾馆,,43,38,32,30,12,13,NA,NA,NA,35,22,8,10,0.5,0.3
2026-09-29T0700,1724A,113.3437,40.0921,大同市,大同大学,,24,24,16,16,13,8,NA,NA,NA,33,18,6,9,0.7,0.6
2026-09-29T0700,1725A,113.2637,40.129,大同市,安家小村,,30,28,34,21,14,29,NA,NA,NA,20,17,7,10,0.5,0.5
2026-09-29T0700,1727A,113.1146,36.1547,长治市,清华站,,30,28,44,21,36,16,NA,NA,NA,14,9,9,10,0.9,1.1
2026-09-29T0700,1730A,113.0887,36.2126,长治市,审计局,,38,28,45,26,42,19,NA,NA,NA,21,13,12,13,1.5,1.3
2026-09-29T0700,1731A,113.0845,36.1856,长治市,长治八中,,33,33,50,23,35,16,NA,NA,NA,20,12,12,13,1.2,1.2
2026-09-29T0700,1733A,111.5552,36.0791,临汾市,临钢医院,,21,21,37,14,26,6,NA,NA,NA,16,21,5,6,0.7,0.8
2026-09-29T0700,1734A,111.4984,36.0734,临汾市,技工学校,,48,48,54,31,36,7,NA,NA,NA,23,21,6,6,0.8,0.9
2026-09-29T0700,1736A,111.5017,36.0857,临汾市,市委,颗粒物(PM10),57,59,64,22,28,12,NA,NA,NA,18,20,6,6,0.7,0.9
2026-09-29T0700,1739A,113.4894,37.8717,阳泉市,赛鱼,细颗粒物(PM2.5),92,74,88,56,51,52,NA,NA,NA,17,33,8,9,1.0,1
2026-09-29T0700,1740A,113.582,37.8473,阳泉市,南庄,颗粒物(PM10),65,70,77,38,48,15,NA,NA,NA,27,23,11,8,1.4,1.2
2026-09-29T0700,1742A,113.5616,37.8706,阳泉市,平坦,细颗粒物(PM2.5),92,84,86,56,51,40,NA,NA,NA,25,31,12,14,1.1,1.1
2026-09-29T0700,1743A,113.5115,37.8391,阳泉市,大阳泉,细颗粒物(PM2.5),80,54,54,50,41,54,NA,NA,NA,12,18,5,6,1.0,1
2026-09-29T0700,1744A,118.9229,42.2816,赤峰市,松山一中,,27,26,16,16,11,86,NA,NA,NA,13,12,12,13,0.4,0.4
2026-09-29T0700,1745A,118.9588,42.2733,赤峰市,哈达街,,30,23,17,17,10,95,NA,NA,NA,12,13,10,12,0.7,0.7
2026-09-29T0700,1746A,118.8792,42.2551,赤峰市,天义路,,33,NA,13,23,11,83,NA,NA,NA,13,11,8,10,0.3,0.3
2026-09-29T0700,1748A,123.0441,41.1201,鞍山市,深沟寺,,23,23,35,11,17,51,NA,NA,NA,12,19,7,9,0.4,0.9
2026-09-29T0700,1749A,123.011,41.0931,鞍山市,太阳城,,23,23,36,5,17,58,NA,NA,NA,9,18,9,13,0.6,1.1
2026-09-29T0700,1750A,123.0483,41.1445,鞍山市,太平,,23,23,38,11,18,50,NA,NA,NA,17,23,10,11,0.6,0.9
2026-09-29T0700,1751A,122.964,41.0968,鞍山市,铁西三道街,,28,28,47,12,25,28,NA,NA,NA,42,34,7,11,0.9,1.3
2026-09-29T0700,1753A,123.0219,41.0822,鞍山市,明达新区,,20,20,35,7,19,63,NA,NA,NA,9,18,9,13,0.9,1.5
2026-09-29T0700,1755A,123.7974,41.8494,抚顺市,望花区,,32,30,55,22,31,9,NA,NA,NA,23,32,8,9,0.7,1
2026-09-29T0700,1756A,123.9161,41.8827,抚顺市,顺城区,,23,16,36,16,25,14,NA,NA,NA,16,26,10,10,0.6,0.8
2026-09-29T0700,1757A,124.0437,41.8615,抚顺市,东洲区,,18,NA,34,12,23,16,NA,NA,NA,15,18,9,9,0.7,0.7
2026-09-29T0700,1758A,123.9246,41.8638,抚顺市,新抚区,,28,26,43,19,25,5,NA,NA,NA,21,27,9,9,0.5,0.7
2026-09-29T0700,1759A,124.0972,41.8961,抚顺市,大伙房水库,,19,13,32,13,21,19,NA,NA,NA,14,19,8,8,0.6,0.7
2026-09-29T0700,1760A,123.708,41.8386,抚顺市,沈抚新城,颗粒物(PM10),80,92,56,33,26,5,NA,NA,NA,33,33,23,12,2.2,1.2
2026-09-29T0700,1761A,123.8274146,41.31234549,本溪市,大峪,,37,37,31,18,19,6,NA,NA,NA,20,23,7,7,1.0,0.9
2026-09-29T0700,1763A,123.7169,41.3094,本溪市,彩屯,颗粒物(PM10),60,63,43,32,25,4,NA,NA,NA,25,22,8,7,2.9,1.4
2026-09-29T0700,1764A,123.7672166,41.28649327,本溪市,东明,,32,32,42,21,21,8,NA,NA,NA,34,34,5,5,0.9,0.8
2026-09-29T0700,1765A,123.799345,41.266614,本溪市,新立屯,,26,24,36,18,20,10,NA,NA,NA,17,25,8,9,0.8,0.8
2026-09-29T0700,1766A,123.829144,41.336777,本溪市,威宁,,29,25,31,20,23,8,NA,NA,NA,22,22,3,26,0.8,0.8
2026-09-29T0700,1767A,121.1114,41.0879,锦州市,南山,,36,NA,22,25,13,40,NA,NA,NA,28,32,8,12,0.5,0.4
2026-09-29T0700,1768A,121.060361,40.842794,锦州市,开发区,,40,30,37,28,13,57,NA,NA,NA,24,29,30,14,0.5,0.5
2026-09-29T0700,1769A,121.1836,41.1118,锦州市,百股街道,,33,NA,17,23,11,68,NA,NA,NA,16,18,9,11,0.5,0.4
2026-09-29T0700,1770A,121.1176,41.1224,锦州市,天安街道,,38,NA,24,26,16,52,NA,NA,NA,22,31,10,13,0.4,0.4
2026-09-29T0700,1771A,121.1303,41.1385,锦州市,北湖公园,,35,24,22,24,17,58,NA,NA,NA,17,20,4,7,0.3,0.2
2026-09-29T0700,1772A,126.54,43.8622,吉林市,哈达湾,,18,18,20,12,15,34,NA,NA,NA,15,16,4,4,0.2,0.2
2026-09-29T0700,1773A,126.5843,43.8358,吉林市,东局子,,18,15,17,12,11,34,NA,NA,NA,16,21,4,5,0.5,0.5
2026-09-29T0700,1774A,126.5051,43.8243,吉林市,电力学院,,34,34,31,23,18,9,NA,NA,NA,17,17,8,6,0.6,0.5
2026-09-29T0700,1775A,126.6133,43.8971,吉林市,江北,,26,25,21,18,14,15,NA,NA,NA,16,15,8,9,0.4,0.4
2026-09-29T0700,1776A,126.5549,43.8304,吉林市,江南公园,,22,20,23,15,13,21,NA,NA,NA,18,14,5,4,0.3,0.2
2026-09-29T0700,1779A,123.9307,47.3641,齐齐哈尔市,安居小区,,23,23,27,4,6,45,NA,NA,NA,12,12,4,4,0.3,0.3
2026-09-29T0700,1780A,123.9497,47.3389,齐齐哈尔市,中心广场,,15,12,16,2,5,47,NA,NA,NA,10,11,4,4,0.2,0.2
2026-09-29T0700,1781A,123.9483,47.3229,齐齐哈尔市,农牧车辆厂,,19,19,24,3,4,47,NA,NA,NA,9,8,6,6,0.1,0.2
2026-09-29T0700,1783A,123.9442,47.2994,齐齐哈尔市,市环境监测站,,17,17,18,4,4,45,NA,NA,NA,10,8,4,4,0.2,0.2
2026-09-29T0700,1784A,129.61,44.561,牡丹江市,环保大楼,,14,14,23,5,8,5,NA,NA,NA,11,12,5,6,0.3,0.2
2026-09-29T0700,1787A,129.6364,44.6075,牡丹江市,机车工厂,颗粒物(PM10),60,63,40,24,14,3,NA,NA,NA,12,12,9,9,0.4,0.2
2026-09-29T0700,1788A,129.6386,44.5462,牡丹江市,第一中学,,23,23,25,7,5,4,NA,NA,NA,10,9,4,3,0.4,0.4
2026-09-29T0700,1789A,124.8085,46.0381,大庆市,大同区,,37,37,24,9,8,37,NA,NA,NA,13,10,6,5,0.3,0.3
2026-09-29T0700,1790A,125.1166,46.5255,大庆市,龙凤区,,25,25,30,15,14,40,NA,NA,NA,17,13,3,11,0.3,0.3
2026-09-29T0700,1791A,124.8894,46.4007,大庆市,红岗区,,32,32,25,15,9,37,NA,NA,NA,14,12,6,7,0.3,0.3
2026-09-29T0700,1792A,125.1391,46.578,大庆市,萨尔图区,,43,43,34,10,10,46,NA,NA,NA,16,14,10,9,0.4,0.4
2026-09-29T0700,1793A,124.9026,46.6217,大庆市,让胡路区,,29,29,27,16,10,38,NA,NA,NA,11,14,6,4,0.2,0.2
2026-09-29T0700,1794A,118.3603,31.3515,芜湖市,监测站,,35,NA,17,24,20,63,NA,NA,NA,14,13,9,9,0.7,0.7
2026-09-29T0700,1795A,118.3716,31.4135,芜湖市,科创中心,,26,25,20,18,11,70,NA,NA,NA,14,15,6,6,0.5,0.6
2026-09-29T0700,1796A,118.3671,31.3132,芜湖市,四水厂,,29,29,17,18,10,70,NA,NA,NA,11,10,6,6,0.5,0.5
2026-09-29T0700,1798A,118.5084,31.6838,马鞍山市,湖东路四小,,26,26,14,16,8,77,NA,NA,NA,10,10,8,8,0.6,0.7
2026-09-29T0700,1799A,118.5019,31.6449,马鞍山市,开发区,,24,24,15,16,8,76,NA,NA,NA,11,11,7,7,0.5,0.5
2026-09-29T0700,1803A,115.9873,29.6816,九江市,十里,,25,20,38,17,26,68,NA,NA,NA,8,13,3,4,0.6,0.8
2026-09-29T0700,1804A,115.9583,29.7047,九江市,茅山头,,23,20,34,16,27,58,NA,NA,NA,8,15,4,4,0.6,0.8
2026-09-29T0700,1805A,115.9877,29.7295,九江市,西园,,26,NA,33,18,24,63,NA,NA,NA,2,12,5,6,0.6,0.8
2026-09-29T0700,1808A,115.9112,29.6038,九江市,综合工业园,,30,NA,32,21,24,58,NA,NA,NA,10,20,7,8,0.9,1
2026-09-29T0700,1812A,112.3934,34.6517,洛阳市,市委党校,,19,19,27,6,22,28,NA,NA,NA,13,11,9,10,0.5,0.5
2026-09-29T0700,1815A,112.494,34.6883,洛阳市,河南林校,,28,28,31,16,22,28,NA,NA,NA,15,17,8,8,0.4,0.4
2026-09-29T0700,1816A,112.3843,34.623,洛阳市,开发区管委会,,24,24,23,12,18,27,NA,NA,NA,9,8,7,8,0.4,0.5
2026-09-29T0700,1817A,112.4263,34.6249,洛阳市,市委新办公区,,28,25,25,19,19,25,NA,NA,NA,11,11,10,11,0.4,0.4
2026-09-29T0700,1819A,114.3552,36.1017,安阳市,红庙街,,39,32,52,27,44,35,NA,NA,NA,13,17,4,3,0.6,0.7
2026-09-29T0700,1820A,114.361,36.0681,安阳市,银杏小区,,40,40,53,27,40,34,NA,NA,NA,15,19,5,5,0.9,0.9
2026-09-29T0700,1824A,114.3389,34.778,开封市,肿瘤医院,,50,NA,30,35,26,17,NA,NA,NA,26,22,2,1,0.3,0.2
2026-09-29T0700,1826A,114.2884,34.7966,开封市,世纪星幼儿园,细颗粒物(PM2.5),60,NA,24,40,27,23,NA,NA,NA,20,19,3,2,0.8,0.6
2026-09-29T0700,1832A,113.3257,33.7423,平顶山市,新华旅馆,,33,28,26,23,19,29,NA,NA,NA,17,15,8,8,0.5,0.5
2026-09-29T0700,1833A,113.2917,33.737,平顶山市,规划设计院,,32,NA,22,22,18,33,NA,NA,NA,19,17,7,8,0.8,0.7
2026-09-29T0700,1834A,113.182,33.7738,平顶山市,平顶山工学院,,28,24,23,19,22,56,NA,NA,NA,11,11,10,10,0.6,0.6
2026-09-29T0700,1835A,111.1922,34.7752,三门峡市,市政府,,23,23,26,6,14,5,NA,NA,NA,26,22,6,6,0.5,0.6
2026-09-29T0700,1836A,111.1588,34.794,三门峡市,开发区,,22,22,25,11,16,7,NA,NA,NA,22,14,8,7,0.4,0.5
2026-09-29T0700,1840A,111.2991,30.6981,宜昌市,白龙岗,,17,17,20,2,7,46,NA,NA,NA,8,13,7,7,0.5,0.5
2026-09-29T0700,1842A,111.263451,30.696754,宜昌市,点军区,,15,15,19,4,7,30,NA,NA,NA,11,11,6,6,0.3,0.3
2026-09-29T0700,1843A,111.3276,30.782,宜昌市,夷陵区,,16,16,18,3,9,41,NA,NA,NA,12,16,7,6,0.5,0.5
2026-09-29T0700,1844A,112.2493,30.3198,荆州市,市图书馆,,21,18,13,8,9,66,NA,NA,NA,9,12,6,6,0.6,0.7
2026-09-29T0700,1845A,112.2009,30.3543,荆州市,市委党校,,20,16,13,4,9,61,NA,NA,NA,11,11,6,6,0.6,0.7
2026-09-29T0700,1848A,113.1494,29.425,岳阳市,城陵矶,,25,25,52,4,14,61,NA,NA,NA,7,11,3,4,1.0,1.1
2026-09-29T0700,1849A,113.1493,29.3575,岳阳市,开发区,,21,20,43,7,24,65,NA,NA,NA,8,13,7,6,0.4,0.5
2026-09-29T0700,1850A,113.2672,29.4752,岳阳市,云溪区,,20,14,41,2,21,61,NA,NA,NA,8,11,5,5,0.6,0.7
2026-09-29T0700,1851A,112.9944,29.44,岳阳市,君山区,,24,24,37,8,19,74,NA,NA,NA,8,11,4,4,0.7,0.8
2026-09-29T0700,1854A,111.696,28.9725,常德市,市二中,,20,8,11,5,4,63,NA,NA,NA,6,8,8,8,0.8,0.8
2026-09-29T0700,1858A,110.532,29.1219,张家界市,永定新区,,25,25,22,8,12,47,NA,NA,NA,8,9,/,/,/,/
2026-09-29T0700,1859A,110.4696,29.1244,张家界市,电业局,,18,10,11,7,10,56,NA,NA,NA,6,8,2,1,0.6,0.7
2026-09-29T0700,1860A,110.5573,29.3486,张家界市,未央路,,13,NA,4,6,7,39,NA,NA,NA,7,8,8,8,0.4,0.4
2026-09-29T0700,1864A,110.3091,25.2705,桂林市,龙隐路小学,,26,26,22,7,12,30,NA,NA,NA,16,12,6,7,0.6,0.6
2026-09-29T0700,1865A,110.2849361,25.22909545,桂林市,八中,,28,28,36,16,10,18,NA,NA,NA,22,12,5,5,0.6,0.6
2026-09-29T0700,1867A,109.1435,21.4085,北海市,海滩公园,,39,39,32,10,9,37,NA,NA,NA,7,3,3,3,0.6,0.6
2026-09-29T0700,1868A,109.0983,21.466,北海市,新市环保局,,15,11,15,9,8,47,NA,NA,NA,8,5,2,1,0.6,0.6
2026-09-29T0700,1869A,109.1775,21.5232,北海市,北海工业园,,22,NA,17,15,9,38,NA,NA,NA,7,4,2,2,0.6,0.6
2026-09-29T0700,1870A,109.4854,24.3898,柳州市,柳东小学,,32,32,26,11,10,32,NA,NA,NA,11,8,6,6,0.7,0.7
2026-09-29T0700,1871A,109.4109,24.3304,柳州市,环保监测站,,18,18,21,11,12,33,NA,NA,NA,8,9,6,6,0.7,0.7
2026-09-29T0700,1872A,109.3886,24.3408,柳州市,河西水厂,,25,25,26,11,13,28,NA,NA,NA,10,9,7,7,0.7,0.7
2026-09-29T0700,1873A,109.4263,24.2951,柳州市,市四中,,16,14,25,11,12,29,NA,NA,NA,6,5,7,7,0.5,0.5
2026-09-29T0700,1874A,109.396,24.3658,柳州市,市九中,,22,22,24,13,14,28,NA,NA,NA,8,8,7,7,0.6,0.6
2026-09-29T0700,1875A,109.4912,24.3164,柳州市,古亭山,,18,18,24,11,12,32,NA,NA,NA,8,7,5,5,0.6,0.6
2026-09-29T0700,1877A,109.4962,18.2682,三亚市,河西子站,,20,20,16,8,7,22,NA,NA,NA,9,7,4,4,0.5,0.4
2026-09-29T0700,1878A,104.7775,31.4741,绵阳市,富乐山,,23,23,18,10,7,26,NA,NA,NA,10,9,10,11,0.7,0.7
2026-09-29T0700,1880A,104.6698,31.4668,绵阳市,高新区自来水公司,,23,23,25,11,11,26,NA,NA,NA,14,20,9,9,0.9,0.9
2026-09-29T0700,1883A,104.6204,28.7728,宜宾市,市委,,11,11,15,5,11,18,NA,NA,NA,15,13,9,8,0.9,1
2026-09-29T0700,1884A,104.6056,28.7931,宜宾市,宜宾四中,,12,12,18,6,11,32,NA,NA,NA,9,9,9,8,0.8,1
2026-09-29T0700,1886A,104.5743,28.7199,宜宾市,黄金嘴,,10,10,14,4,8,22,NA,NA,NA,10,11,4,4,0.6,0.7
2026-09-29T0700,1888A,101.6891,26.571,攀枝花市,弄弄坪,,40,40,26,8,9,34,NA,NA,NA,11,12,6,7,0.3,0.3
2026-09-29T0700,1889A,101.577,26.5914,攀枝花市,河门口,,16,16,34,7,19,34,NA,NA,NA,8,15,8,17,0.7,0.9
2026-09-29T0700,1891A,101.7365,26.4986,攀枝花市,仁和,,18,14,14,12,11,23,NA,NA,NA,10,7,8,6,0.7,0.7
2026-09-29T0700,1894A,105.4427,28.9063,泸州市,小市上码头,,17,17,17,6,11,24,NA,NA,NA,12,10,8,7,0.7,0.7
2026-09-29T0700,1895A,105.4241,28.8573,泸州市,兰田宪桥,,20,20,20,6,10,19,NA,NA,NA,9,11,7,7,0.6,0.7
2026-09-29T0700,1896A,105.4378,28.8833,泸州市,市环监站,,19,19,18,6,8,21,NA,NA,NA,10,10,6,6,0.9,1
2026-09-29T0700,1901A,104.424,31.1209,德阳市,东山公园,,30,NA,13,21,12,11,NA,NA,NA,24,16,9,8,1.0,1
2026-09-29T0700,1902A,104.3827,31.1318,德阳市,西小区,,36,36,32,19,13,8,NA,NA,NA,36,21,13,12,0.8,0.7
2026-09-29T0700,1904A,104.3553,31.1091,德阳市,耐火材料厂,,38,38,32,23,16,3,NA,NA,NA,35,22,4,3,0.9,0.7
2026-09-29T0700,1906A,106.0791,30.8022,南充市,南充市委,,21,21,14,10,6,5,NA,NA,NA,14,11,8,6,0.4,0.4
2026-09-29T0700,1907A,106.1038,30.8215,南充市,南充炼油厂,,23,23,18,8,6,10,NA,NA,NA,18,13,9,7,0.3,0.4
2026-09-29T0700,1911A,106.9218,27.6872,遵义市,丁字口,,18,18,28,7,26,17,NA,NA,NA,6,9,6,7,1.0,0.9
2026-09-29T0700,1912A,106.9241,27.7044,遵义市,凤凰山,,17,17,30,3,23,25,NA,NA,NA,4,5,6,8,0.9,0.8
2026-09-29T0700,1913A,106.8895,27.648,遵义市,忠庄,,11,11,36,4,26,26,NA,NA,NA,4,9,5,6,0.8,0.8
2026-09-29T0700,1915A,106.9225,27.7253,遵义市,干田坝,,15,15,28,6,25,26,NA,NA,NA,5,7,5,7,0.8,0.7
2026-09-29T0700,1916A,103.7897,25.5036,曲靖市,环境监测站,,12,9,17,6,8,37,NA,NA,NA,10,7,2,3,0.3,0.2
2026-09-29T0700,1917A,103.8013,25.5357,曲靖市,烟厂办公区,,13,13,15,2,8,41,NA,NA,NA,4,4,2,1,0.5,0.4
2026-09-29T0700,1919A,108.6726,34.315,咸阳市,实验中学,,38,37,32,26,21,26,NA,NA,NA,20,22,5,6,0.7,0.8
2026-09-29T0700,1920A,108.7226,34.3622,咸阳市,师范学院,,46,NA,30,32,29,5,NA,NA,NA,29,19,6,6,0.7,0.7
2026-09-29T0700,1923A,109.0696,35.0699,铜川市,王益区政府,,32,28,26,22,15,10,NA,NA,NA,15,13,4,5,0.8,0.7
2026-09-29T0700,1924A,108.9345,34.9059,铜川市,新区管委会,,40,32,28,28,18,14,NA,NA,NA,23,19,6,5,0.4,0.5
2026-09-29T0700,1927A,109.4569,36.6161,延安市,延大医附院,,24,24,29,15,16,23,NA,NA,NA,16,20,4,4,0.7,0.7
2026-09-29T0700,1929A,109.5053,36.6105,延安市,百米大道,,18,14,30,12,17,56,NA,NA,NA,6,16,3,3,0.5,0.5
2026-09-29T0700,1931A,107.0802,34.3129,宝鸡市,竹园沟,,19,19,20,7,11,10,NA,NA,NA,6,11,5,5,0.3,0.4
2026-09-29T0700,1933A,107.1429,34.3549,宝鸡市,监测站,,42,38,31,29,19,19,NA,NA,NA,20,20,4,2,0.6,0.6
2026-09-29T0700,1934A,107.1172,34.3759,宝鸡市,技工学校,,34,34,26,18,17,8,NA,NA,NA,11,15,6,6,0.7,0.7
2026-09-29T0700,1936A,107.2025,34.3518,宝鸡市,文理学院,,36,NA,28,25,18,40,NA,NA,NA,12,20,6,5,0.9,0.7
2026-09-29T0700,1937A,107.2396,34.3626,宝鸡市,三迪小学,,29,28,25,20,18,18,NA,NA,NA,23,24,6,4,0.7,0.6
2026-09-29T0700,1940A,109.4605,34.4927,渭南市,体育馆,,42,31,40,29,30,10,NA,NA,NA,23,24,4,4,0.4,0.4
2026-09-29T0700,1941A,109.4257,34.5067,渭南市,高新一小,细颗粒物(PM2.5),52,46,57,36,37,14,NA,NA,NA,8,15,4,4,0.5,0.6
2026-09-29T0700,1944A,102.1691,38.5166,金昌市,天庆家园,颗粒物(PM10),53,53,54,16,14,72,NA,NA,NA,14,10,7,7,0.5,0.3
2026-09-29T0700,1945A,98.291,39.7705,嘉峪关市,气象局,,46,46,56,18,17,47,NA,NA,NA,23,18,16,14,0.5,0.5
2026-09-29T0700,1948A,106.3668,39.0145,石嘴山市,大武口朝阳西街,颗粒物(PM10),73,82,72,31,22,44,NA,NA,NA,25,16,19,9,0.7,0.5
2026-09-29T0700,1949A,106.7713,39.2278,石嘴山市,惠农南大街,颗粒物(PM10),119,168,92,48,27,18,NA,NA,NA,44,28,25,42,1.3,0.9
2026-09-29T0700,1950A,106.7074,39.1332,石嘴山市,红果子镇惠新街,颗粒物(PM10),142,227,99,63,27,45,NA,NA,NA,28,24,13,12,1.1,0.8
2026-09-29T0700,1951A,84.886,45.6029,克拉玛依市,长征新村,,34,34,34,14,9,56,NA,NA,NA,3,5,3,3,0.4,0.4
2026-09-29T0700,1952A,84.8894,45.5827,克拉玛依市,南林小区,,36,36,29,7,3,54,NA,NA,NA,4,9,6,6,0.4,0.3
2026-09-29T0700,1954A,84.896,44.3328,克拉玛依市,独山子区,颗粒物(PM10),54,55,42,9,12,40,NA,NA,NA,7,14,3,4,0.3,0.4
2026-09-29T0700,1955A,85.6888,46.0909,克拉玛依市,乌尔禾区商贸楼,,35,35,40,10,11,21,NA,NA,NA,13,10,6,7,0.4,0.3
2026-09-29T0700,1956A,86.1476,41.7529,巴音郭楞蒙古自治州,孔雀公园,,36,36,73,12,22,81,NA,NA,NA,9,35,5,4,0.3,0.4
2026-09-29T0700,1957A,86.1971,41.7166,巴音郭楞蒙古自治州,棉纺厂,颗粒物(PM10),53,54,102,16,26,52,NA,NA,NA,31,34,/,/,/,/
2026-09-29T0700,1958A,86.236,41.7172,巴音郭楞蒙古自治州,经济开发区,,28,28,59,14,18,86,NA,NA,NA,5,17,5,4,0.2,0.3
2026-09-29T0700,1961A,117.5323,36.6865,济南市,东山小学,细颗粒物(PM2.5),102,88,76,62,42,102,NA,NA,NA,13,18,6,9,0.6,0.5
2026-09-29T0700,1982A,122.0693,37.2175,威海市,文登开发区,,36,36,21,19,7,14,NA,NA,NA,36,19,/,/,/,/
2026-09-29T0700,2031A,113.1836,27.9959,株洲市,云田中学,,31,31,54,20,40,30,NA,NA,NA,10,13,9,10,0.3,0.4
2026-09-29T0700,2054A,114.1096,32.1059,信阳市,平桥分局,,27,NA,8,5,9,84,NA,NA,NA,5,6,6,7,0.4,0.5
2026-09-29T0700,2064A,113.9956,32.1272,信阳市,南湾水厂,,25,11,20,2,8,77,NA,NA,NA,7,8,6,6,0.4,0.5
2026-09-29T0700,2065A,114.078,32.1194,信阳市,市酿酒公司,,25,9,24,2,8,77,NA,NA,NA,7,6,6,6,0.5,0.6
2026-09-29T0700,2066A,114.0712,32.1393,信阳市,审计局,,27,18,23,3,10,84,NA,NA,NA,7,8,5,5,0.3,0.4
2026-09-29T0700,2068A,114.6755,33.6347,周口市,周口师范,,24,24,18,12,16,61,NA,NA,NA,6,8,2,2,0.5,0.5
2026-09-29T0700,2160A,112.8496,35.5051,晋城市,自来水公司,,43,43,42,18,18,17,NA,NA,NA,32,20,5,6,0.7,0.7
2026-09-29T0700,2162A,112.8509,35.4886,晋城市,市环保局,,49,NA,33,34,24,15,NA,NA,NA,25,13,5,6,0.7,0.7
2026-09-29T0700,2166A,112.4399,39.3521,朔州市,平朔,,49,49,38,18,11,21,NA,NA,NA,19,14,8,7,0.2,0.2
2026-09-29T0700,2167A,112.4574,39.362,朔州市,朔唯,颗粒物(PM10),65,70,46,26,15,12,NA,NA,NA,39,16,9,9,/,/
2026-09-29T0700,2168A,112.426,39.3199,朔州市,区政府,,35,35,31,10,12,74,NA,NA,NA,8,15,4,4,0.3,0.3
2026-09-29T0700,2169A,112.4075,39.3277,朔州市,市环保局,,27,27,32,14,12,77,NA,NA,NA,4,16,3,4,/,/
2026-09-29T0700,2170A,112.4273,39.3682,朔州市,市二中,颗粒物(PM10),64,69,37,27,12,27,NA,NA,NA,36,24,3,5,/,/
2026-09-29T0700,2174A,112.6992,37.6984,晋中市,榆次区政府,细颗粒物(PM2.5),101,68,72,61,46,41,NA,NA,NA,13,28,18,16,0.9,1
2026-09-29T0700,2175A,110.996,35.0148,运城市,运城中学,,22,21,24,15,16,33,NA,NA,NA,13,7,7,6,0.8,0.6
2026-09-29T0700,2178A,110.9685,35.0305,运城市,地区技校,,35,24,23,24,19,48,NA,NA,NA,10,6,9,5,1.4,0.7
2026-09-29T0700,2181A,112.7313,38.457,忻州市,开发区,细颗粒物(PM2.5),60,46,44,40,25,21,NA,NA,NA,27,28,8,14,0.8,0.7
2026-09-29T0700,2182A,112.7023,38.4932,忻州市,会展中心,颗粒物(PM10),60,64,51,39,25,18,NA,NA,NA,30,25,8,12,1.0,0.7
2026-09-29T0700,2183A,111.1447,37.5212,吕梁市,环保局,,33,33,39,12,11,1,NA,NA,NA,33,34,3,4,0.7,0.5
2026-09-29T0700,2185A,111.1285,37.5338,吕梁市,自来水公司,颗粒物(PM10),56,58,41,21,12,0,NA,NA,NA,30,31,4,6,0.7,0.5
2026-09-29T0700,2187A,106.8172,39.6972,乌海市,市林业局,颗粒物(PM10),124,181,75,49,24,39,NA,NA,NA,20,17,17,14,0.7,0.6
2026-09-29T0700,2188A,106.7907,39.6666,乌海市,中海勃湾学校,颗粒物(PM10),108,139,61,49,22,46,NA,NA,NA,33,14,21,14,0.5,0.4
2026-09-29T0700,2191A,122.253,43.6801,通辽市,艺术职业学校,,34,34,28,14,9,70,NA,NA,NA,12,12,12,10,0.5,0.4
2026-09-29T0700,2195A,107.4206,40.7609,巴彦淖尔市,附二中,颗粒物(PM10),54,55,140,11,41,56,NA,NA,NA,5,8,7,8,0.4,0.4
2026-09-29T0700,2196A,107.37,40.7372,巴彦淖尔市,市环保大楼,颗粒物(PM10),53,53,142,11,38,56,NA,NA,NA,5,6,6,4,0.6,0.5
2026-09-29T0700,2197A,113.1306,40.9924,乌兰察布市,集宁新区,,40,36,25,28,14,34,NA,NA,NA,22,12,9,7,0.4,0.3
2026-09-29T0700,2202A,116.1048,43.9318,锡林郭勒盟,市环保监测站,,21,21,18,2,4,38,NA,NA,NA,10,7,3,3,0.2,0.2
2026-09-29T0700,2203A,116.0778,43.9312,锡林郭勒盟,市政府,,14,9,16,2,4,43,NA,NA,NA,5,5,2,2,0.2,0.2
2026-09-29T0700,2205A,105.699,38.8409,阿拉善盟,蒙二幼,,44,44,48,11,13,99,NA,NA,NA,5,4,8,8,0.4,0.4
2026-09-29T0700,2206A,105.7198,38.8508,阿拉善盟,环保局新楼,,43,43,40,6,10,106,NA,NA,NA,3,3,9,9,0.5,0.6
2026-09-29T0700,2207A,121.6095,41.9978,阜新市,工业园区,,36,33,23,25,10,13,NA,NA,NA,36,22,24,14,0.7,0.4
2026-09-29T0700,2208A,121.6567,42.0188,阜新市,长青街,,43,43,18,30,8,29,NA,NA,NA,29,20,22,12,0.7,0.4
2026-09-29T0700,2209A,121.6672,42.07,阜新市,农业园区,,33,23,19,23,8,39,NA,NA,NA,18,12,21,9,0.7,0.4
2026-09-29T0700,2211A,121.6343,42.0455,阜新市,玉龙新城,,34,34,23,19,8,12,NA,NA,NA,36,23,14,9,0.6,0.4
2026-09-29T0700,2212A,123.1978,41.2036,辽阳市,宏伟区,,20,14,20,13,13,64,NA,NA,NA,9,13,9,9,0.6,0.5
2026-09-29T0700,2213A,123.1684,41.2497,辽阳市,新华园,,34,34,46,19,21,38,NA,NA,NA,25,26,10,10,0.9,0.8
2026-09-29T0700,2214A,123.2355,41.2663,辽阳市,滨河路,,29,26,34,20,17,47,NA,NA,NA,15,21,8,8,0.7,0.5
2026-09-29T0700,2217A,123.865,42.292,铁岭市,水上乐园,,25,21,30,17,17,29,NA,NA,NA,16,19,9,9,0.2,0.3
2026-09-29T0700,2219A,123.7158,42.2218,铁岭市,金沙江路北,,26,26,36,16,23,39,NA,NA,NA,22,25,13,10,0.8,0.6
2026-09-29T0700,2220A,120.4318,41.588,朝阳市,西梁,,35,35,20,8,7,46,NA,NA,NA,13,10,8,10,0.6,0.5
2026-09-29T0700,2221A,120.452,41.565,朝阳市,河畔小区,,21,21,17,10,8,52,NA,NA,NA,18,8,9,9,0.9,0.7
2026-09-29T0700,2222A,120.4176,41.5648,朝阳市,八里堡,,27,27,20,17,8,34,NA,NA,NA,21,11,7,9,1.0,0.9
2026-09-29T0700,2226A,124.3744,43.1842,四平市,境园,,35,35,30,21,20,48,NA,NA,NA,22,22,4,4,0.4,0.3
2026-09-29T0700,2227A,125.1359,42.8845,辽源市,环保局,,28,28,31,15,14,12,NA,NA,NA,21,22,9,6,0.7,0.6
2026-09-29T0700,2229A,125.9359,41.7174,通化市,光明,,19,19,31,8,9,9,NA,NA,NA,8,11,3,2,0.7,0.8
2026-09-29T0700,2230A,125.9446,41.7323,通化市,铁路,,14,8,21,7,8,9,NA,NA,NA,27,14,5,3,0.4,0.3
2026-09-29T0700,2231A,126.4219,41.9172,白山市,喜丰,,15,15,26,9,10,6,NA,NA,NA,18,19,8,8,1.0,0.8
2026-09-29T0700,2232A,126.4082,41.9416,白山市,环保局,,22,22,21,10,7,8,NA,NA,NA,9,8,5,5,0.9,0.8
2026-09-29T0700,2233A,124.8007,45.1213,松原市,江南,颗粒物(PM10),53,53,32,24,19,38,NA,NA,NA,17,16,1,1,0.3,0.3
2026-09-29T0700,2234A,124.7967,45.1721,松原市,江北,,39,39,22,11,12,58,NA,NA,NA,12,9,1,2,0.4,0.3
2026-09-29T0700,2235A,122.7909,45.608,白城市,洮北区环保局,,23,23,27,10,9,35,NA,NA,NA,9,7,3,4,0.5,0.4
2026-09-29T0700,2236A,122.8741,45.5725,白城市,市环保局,,10,9,14,5,6,30,NA,NA,NA,12,15,3,4,0.6,0.6
2026-09-29T0700,2237A,129.4704,42.8885,延边朝鲜族自治州,妇幼医院,,18,NA,14,12,7,7,NA,NA,NA,5,7,7,8,0.6,0.6
2026-09-29T0700,2238A,129.5047,42.9117,延边朝鲜族自治州,延边医院,,22,NA,12,15,10,7,NA,NA,NA,12,13,5,5,0.7,0.6
2026-09-29T0700,2239A,129.395,42.8884,延边朝鲜族自治州,朝阳川镇医院,,26,NA,11,18,8,9,NA,NA,NA,6,6,10,10,0.5,0.5
2026-09-29T0700,2240A,130.9618,45.2926,鸡西市,环保局,,18,18,21,9,9,18,NA,NA,NA,16,11,6,6,0.2,0.2
2026-09-29T0700,2243A,130.9294,45.2959,鸡西市,第一中学,,21,21,28,4,7,14,NA,NA,NA,22,9,3,3,0.3,0.1
2026-09-29T0700,2244A,130.2537,47.3416,鹤岗市,哈啤分公司,,21,21,21,8,6,44,NA,NA,NA,10,7,8,8,0.5,0.4
2026-09-29T0700,2245A,130.2683,47.3087,鹤岗市,斯达机电,,29,29,17,6,7,12,NA,NA,NA,30,9,5,5,0.7,0.4
2026-09-29T0700,2246A,130.3114,47.3388,鹤岗市,东山纸板厂,颗粒物(PM10),83,95,61,5,7,8,NA,NA,NA,29,19,10,7,1.5,0.7
2026-09-29T0700,2248A,131.1509,46.6936,双鸭山市,双合村,,40,40,37,19,16,22,NA,NA,NA,16,16,12,12,0.6,0.9
2026-09-29T0700,2249A,131.1651,46.6191,双鸭山市,南小市,,22,22,20,11,11,21,NA,NA,NA,16,10,8,8,0.2,0.2
2026-09-29T0700,2250A,131.1526,46.6554,双鸭山市,环保局,,43,43,37,3,11,29,NA,NA,NA,10,14,7,8,0,0.1
2026-09-29T0700,2252A,128.8663,47.7199,伊春市,环保局,,16,16,19,11,10,7,NA,NA,NA,7,12,3,2,0.4,0.3
2026-09-29T0700,2253A,128.9014,47.732,伊春市,电力嘉园,,16,16,19,6,6,11,NA,NA,NA,5,10,2,3,0.2,0.1
2026-09-29T0700,2255A,130.2749,46.8028,佳木斯市,佳纺,,32,32,38,3,10,6,NA,NA,NA,19,20,2,2,0.3,0.3
2026-09-29T0700,2257A,130.3258,46.7975,佳木斯市,环保局,,25,25,26,6,10,8,NA,NA,NA,27,22,2,2,0.5,0.4
2026-09-29T0700,2263A,127.4832,50.2524,黑河市,交通局,,21,21,24,2,10,14,NA,NA,NA,13,12,6,7,0.1,0.1
2026-09-29T0700,2264A,127.5146,50.2339,黑河市,环保局,,17,17,34,3,13,16,NA,NA,NA,14,23,7,9,0.2,0.3
2026-09-29T0700,2266A,126.9783,46.6365,绥化市,人和东街,,21,21,26,14,15,31,NA,NA,NA,12,17,3,5,0.6,0.6
2026-09-29T0700,2267A,126.964,46.6527,绥化市,党政办公中心,,26,26,27,9,11,40,NA,NA,NA,16,14,15,11,0.7,0.7
2026-09-29T0700,2269A,124.1068,50.4091,大兴安岭地区,科技局,,20,20,23,8,11,40,NA,NA,NA,4,11,2,3,0.4,0.4
2026-09-29T0700,2270A,117.396,32.9389,蚌埠市,工人疗养院,,19,10,17,10,10,58,NA,NA,NA,8,8,6,6,0.5,0.5
2026-09-29T0700,2271A,117.3606,32.9428,蚌埠市,百货大楼,,20,16,22,8,9,64,NA,NA,NA,8,9,9,9,0.5,0.5
2026-09-29T0700,2273A,117.4183,32.8909,蚌埠市,蚌埠学院,,20,NA,16,10,12,63,NA,NA,NA,8,17,6,7,0.4,0.3
2026-09-29T0700,2274A,117.3534,32.9672,蚌埠市,淮上区政府,,18,NA,16,11,12,55,NA,NA,NA,11,10,4,4,0.4,0.4
2026-09-29T0700,2275A,117.3143,32.8977,蚌埠市,高新区,,20,7,16,6,10,61,NA,NA,NA,11,13,4,4,0.4,0.4
2026-09-29T0700,2277A,116.8304,32.7726,淮南市,潘集区政府,,17,NA,19,9,11,52,NA,NA,NA,14,8,6,7,0.3,0.4
2026-09-29T0700,2279A,116.8569,32.5949,淮南市,谢家集区政府,NA,NA,NA,18,NA,11,NA,NA,NA,NA,6,8,5,5,0.2,0.2
2026-09-29T0700,2280A,116.8279,32.6333,淮南市,八公山区政府,,25,NA,20,7,14,79,NA,NA,NA,8,10,3,3,0.3,0.3
2026-09-29T0700,2282A,116.8005,33.9749,淮北市,监测站,,23,16,24,11,19,72,NA,NA,NA,12,10,4,5,0.4,0.5
2026-09-29T0700,2283A,116.8094,33.9008,淮北市,烈山区政府,,29,NA,13,6,17,91,NA,NA,NA,3,7,2,3,0.3,0.4
2026-09-29T0700,2285A,117.8176,30.9412,铜陵市,市第四中学,,28,28,28,13,13,64,NA,NA,NA,5,12,7,8,0.5,0.7
2026-09-29T0700,2287A,117.7806,30.9413,铜陵市,市新民污水厂,,31,31,28,13,15,61,NA,NA,NA,7,17,6,8,0.5,0.7
2026-09-29T0700,2289A,117.846,30.9414,铜陵市,车站新区,,38,38,32,15,14,60,NA,NA,NA,8,12,7,8,0.4,0.7
2026-09-29T0700,2290A,117.8472,30.9699,铜陵市,市职教基地,,43,43,32,17,13,64,NA,NA,NA,7,12,5,5,0.5,0.7
2026-09-29T0700,2291A,117.0806,30.5181,安庆市,环科院,,20,NA,20,14,13,56,NA,NA,NA,4,7,5,6,0.6,0.7
2026-09-29T0700,2292A,117.0331,30.5118,安庆市,马山宾馆,,22,NA,19,15,15,55,NA,NA,NA,8,11,5,5,0.7,0.9
2026-09-29T0700,2294A,116.9897,30.6146,安庆市,安庆大学,,20,11,14,11,10,62,NA,NA,NA,8,10,4,4,0.4,0.6
2026-09-29T0700,2295A,118.2905,29.6965,黄山市,延安路89号,,27,27,30,18,22,29,NA,NA,NA,6,6,4,4,0.7,0.7
2026-09-29T0700,2297A,118.1369,30.2755,黄山市,黄山区政府5号楼,,15,15,20,3,10,29,NA,NA,NA,4,4,4,4,0.8,0.9
2026-09-29T0700,2301A,115.8276,32.8929,阜阳市,市监测站,NA,NA,NA,19,NA,9,74,NA,NA,NA,7,9,6,7,0.3,0.3
2026-09-29T0700,2303A,115.8551,32.8606,阜阳市,开发区,,20,11,20,11,12,61,NA,NA,NA,10,9,5,5,0.4,0.5
2026-09-29T0700,2307A,116.5078,31.7369,六安市,监测大楼,,22,NA,5,11,5,69,NA,NA,NA,6,5,3,3,0.3,0.3
2026-09-29T0700,2308A,116.4738,31.7642,六安市,皖西学院,,25,NA,6,9,5,77,NA,NA,NA,8,7,7,7,0.2,0.2
2026-09-29T0700,2309A,116.4997,31.7904,六安市,朝阳厂,,20,NA,5,6,8,61,NA,NA,NA,6,7,3,4,0.1,0.2
2026-09-29T0700,2310A,116.5566,31.7885,六安市,开发区,,24,NA,7,9,5,74,NA,NA,NA,8,7,5,5,0.2,0.2
2026-09-29T0700,2311A,115.8071,33.8399,亳州市,污水处理厂,,28,22,27,19,17,58,NA,NA,NA,7,9,2,3,0.4,0.4
2026-09-29T0700,2312A,115.7789,33.8519,亳州市,三国揽胜宫,,25,20,24,17,16,59,NA,NA,NA,7,8,4,5,0.5,0.4
2026-09-29T0700,2314A,117.4698,30.6617,池州市,池州学院,,24,24,23,13,13,44,NA,NA,NA,18,16,5,5,0.5,0.7
2026-09-29T0700,2316A,118.7578,30.9457,宣城市,鳌峰子站,,25,25,16,16,12,55,NA,NA,NA,4,6,5,5,0.7,0.9
2026-09-29T0700,2317A,118.7384,30.9745,宣城市,敬亭山子站,,30,23,18,21,16,49,NA,NA,NA,9,8,3,3,0.4,0.5
2026-09-29T0700,2318A,118.7172,30.9428,宣城市,开发区子站,,30,21,16,21,16,57,NA,NA,NA,4,5,4,4,0.5,0.6
2026-09-29T0700,2319A,119.0142,25.4324,莆田市,荔城区仓后路,细颗粒物(PM2.5),72,54,56,46,39,44,NA,NA,NA,16,10,/,/,/,/
2026-09-29T0700,2320A,119.0016,25.4553,莆田市,莆田市监测站,细颗粒物(PM2.5),60,44,49,40,37,47,NA,NA,NA,6,9,5,6,0.9,0.9
2026-09-29T0700,2321A,119.112,25.4561,莆田市,涵江区六中,细颗粒物(PM2.5),56,46,50,38,36,58,NA,NA,NA,15,12,/,/,0.7,0.6
2026-09-29T0700,2322A,119.1014,25.3215,莆田市,秀屿区政府,,40,31,40,28,26,65,NA,NA,NA,8,6,3,3,0.7,0.6
2026-09-29T0700,2324A,117.621,26.2626,三明市,三钢,,39,29,30,27,24,33,NA,NA,NA,13,14,10,10,0.6,0.8
2026-09-29T0700,2325A,117.6352,26.2714,三明市,三明二中,,38,29,32,26,23,31,NA,NA,NA,10,14,6,7,0.4,0.6
2026-09-29T0700,2326A,117.6028,26.2377,三明市,三元区政府,,36,30,31,25,23,25,NA,NA,NA,11,12,8,9,0.5,0.5
2026-09-29T0700,2332A,118.1682,26.6371,南平市,南平市监测站,,36,32,30,25,22,13,NA,NA,NA,17,15,6,5,0.6,0.6
2026-09-29T0700,2334A,118.1757,26.6276,南平市,南平七中,,34,34,30,22,21,8,NA,NA,NA,18,13,4,4,0.6,0.6
2026-09-29T0700,2336A,117.022,25.1031,龙岩市,龙岩市监测站,,45,36,34,31,27,21,NA,NA,NA,22,14,13,9,0.5,0.5
2026-09-29T0700,2337A,117.0257,25.0662,龙岩市,闽西职业技术学院,,42,42,39,25,21,42,NA,NA,NA,9,8,11,9,0.5,0.5
2026-09-29T0700,2338A,117.0195,25.0306,龙岩市,龙岩学院,,42,30,31,29,22,42,NA,NA,NA,10,7,8,7,/,/
2026-09-29T0700,2341A,119.5387,26.6611,宁德市,宁德市监测站,,38,33,47,26,33,35,NA,NA,NA,16,15,10,11,0.9,1.4
2026-09-29T0700,2343A,117.2114,29.2931,景德镇市,老干部活动中心,,29,23,28,20,23,30,NA,NA,NA,19,9,4,4,0.8,0.7
2026-09-29T0700,2344A,117.1893,29.2789,景德镇市,兽医站,,37,37,44,19,21,34,NA,NA,NA,19,9,4,4,0.7,0.8
2026-09-29T0700,2346A,117.246,29.2958,景德镇市,陶研所,,29,24,29,20,23,22,NA,NA,NA,16,7,4,4,0.5,0.6
2026-09-29T0700,2348A,113.8384,27.6436,萍乡市,中医院,细颗粒物(PM2.5),66,52,50,43,35,22,NA,NA,NA,16,21,9,12,1.0,1
2026-09-29T0700,2350A,113.8677,27.6438,萍乡市,市环保局,细颗粒物(PM2.5),74,NA,40,47,34,30,NA,NA,NA,12,14,12,16,0.6,0.6
2026-09-29T0700,2351A,113.8663,27.6202,萍乡市,安源区政府,细颗粒物(PM2.5),80,54,44,50,33,22,NA,NA,NA,11,11,7,9,0.6,0.7
2026-09-29T0700,2353A,114.9887,27.8433,新余市,飞宇,,45,41,46,31,31,41,NA,NA,NA,30,15,25,11,0.6,0.9
2026-09-29T0700,2354A,114.9234,27.8248,新余市,第二水厂,颗粒物(PM10),63,67,54,24,29,63,NA,NA,NA,15,12,15,13,0.2,0.7
2026-09-29T0700,2355A,114.931,27.8037,新余市,市气象局,,42,42,47,28,31,54,NA,NA,NA,17,13,13,10,0.8,0.9
2026-09-29T0700,2358A,117.0561,28.2641,鹰潭市,新监测站,,36,27,40,25,28,66,NA,NA,NA,2,4,4,4,0.6,0.5
2026-09-29T0700,2359A,117.0312,28.2474,鹰潭市,财苑宾馆,,30,30,42,19,27,65,NA,NA,NA,3,7,7,6,/,/
2026-09-29T0700,2360A,117.0221,28.2263,鹰潭市,体育馆,,32,32,43,16,23,62,NA,NA,NA,5,7,5,6,0.7,0.5
2026-09-29T0700,2363A,114.9368,25.8663,赣州市,地委,,28,26,32,19,20,38,NA,NA,NA,4,6,5,5,0.4,0.4
2026-09-29T0700,2364A,114.946,25.8483,赣州市,气象台,,28,28,31,18,20,55,NA,NA,NA,7,5,9,6,0.3,0.3
2026-09-29T0700,2365A,114.932,25.8332,赣州市,市图书馆,,29,23,28,20,22,56,NA,NA,NA,7,7,3,4,0.9,1
2026-09-29T0700,2366A,114.8905,25.8472,赣州市,华坚鞋城,,43,43,43,30,28,40,NA,NA,NA,14,10,3,2,0.6,0.5
2026-09-29T0700,2367A,114.9753,27.0803,吉安市,红声器材厂,细颗粒物(PM2.5),52,46,45,36,30,18,NA,NA,NA,18,12,11,12,0.4,0.4
2026-09-29T0700,2369A,114.9903,27.1313,吉安市,市环境监测站,,50,50,45,29,25,11,NA,NA,NA,17,11,6,7,/,/
2026-09-29T0700,2370A,115.009527,27.096792,吉安市,青原区法院,细颗粒物(PM2.5),56,53,42,38,29,17,NA,NA,NA,23,10,10,9,0.3,0.3
2026-09-29T0700,2373A,114.3954,27.7843,宜春市,市石油公司,细颗粒物(PM2.5),90,75,43,55,27,20,NA,NA,NA,20,10,5,2,1.2,0.6
2026-09-29T0700,2374A,114.37,27.7916,宜春市,市气象局,细颗粒物(PM2.5),90,67,39,55,28,18,NA,NA,NA,18,11,5,2,1.4,0.7
2026-09-29T0700,2375A,114.401,27.8059,宜春市,市广电局,细颗粒物(PM2.5),82,62,36,51,28,28,NA,NA,NA,21,14,7,5,1.3,0.6
2026-09-29T0700,2377A,116.3544,27.9833,抚州市,市站,颗粒物(PM10),53,53,43,27,25,65,NA,NA,NA,3,4,4,5,1.3,1
2026-09-29T0700,2378A,116.3562,27.9631,抚州市,血防站,,48,48,39,26,25,58,NA,NA,NA,8,7,4,5,1.1,1
2026-09-29T0700,2379A,116.3561,28.0007,抚州市,采茶剧团,细颗粒物(PM2.5),58,45,43,39,31,59,NA,NA,NA,4,4,11,11,1.0,0.8
2026-09-29T0700,2380A,116.3854,27.9648,抚州市,医学分院,细颗粒物(PM2.5),52,40,36,36,24,56,NA,NA,NA,4,4,4,5,1.2,1.1
2026-09-29T0700,2382A,117.9758,28.4439,上饶市,市监测站,,50,47,42,35,28,26,NA,NA,NA,8,7,1,5,/,/
2026-09-29T0700,2383A,117.9521,28.4637,上饶市,凤凰光学,颗粒物(PM10),55,57,57,34,29,22,NA,NA,NA,22,14,9,11,0.6,0.6
2026-09-29T0700,2385A,114.17,35.9019,鹤壁市,市监测站,,40,40,58,24,42,3,NA,NA,NA,8,11,4,6,0.8,0.9
2026-09-29T0700,2386A,114.2953,35.7512,鹤壁市,市交警支队,,43,43,57,25,39,28,NA,NA,NA,21,21,6,6,0.7,0.7
2026-09-29T0700,2387A,114.2877,35.7302,鹤壁市,迎宾馆,颗粒物(PM10),51,51,70,31,43,34,NA,NA,NA,13,14,10,10,0.8,0.8
2026-09-29T0700,2389A,113.836,35.3104,新乡市,环保西院,,47,47,58,15,26,44,NA,NA,NA,10,13,9,9,0.5,0.6
2026-09-29T0700,2390A,113.8847,35.2724,新乡市,开发区,,40,40,40,23,26,49,NA,NA,NA,20,20,6,6,0.4,0.5
2026-09-29T0700,2391A,113.8836,35.3028,新乡市,环保东院,,32,32,43,16,27,56,NA,NA,NA,13,15,6,6,0.7,0.6
2026-09-29T0700,2392A,115.0312,35.7636,濮阳市,环保局,,26,19,39,18,30,42,NA,NA,NA,10,13,2,4,0.9,0.8
2026-09-29T0700,2398A,113.7904,33.9949,许昌市,开发区,,29,NA,22,20,20,52,NA,NA,NA,8,13,6,4,0.3,0.3
2026-09-29T0700,2399A,114.051,33.5721,漯河市,三五一五工厂,,32,24,21,22,19,45,NA,NA,NA,18,16,5,5,0.8,0.8
2026-09-29T0700,2400A,114.0055,33.5698,漯河市,漯河大学,,25,24,20,17,20,46,NA,NA,NA,18,16,5,6,0.6,0.5
2026-09-29T0700,2401A,114.0134,33.5826,漯河市,市水利局,,28,24,18,19,18,42,NA,NA,NA,16,12,7,7,0.8,0.8
2026-09-29T0700,2402A,114.0261,33.5697,漯河市,市广电局,NA,NA,NA,15,NA,21,NA,NA,NA,NA,19,16,4,4,0.3,0.3
2026-09-29T0700,2404A,112.5338,33.0086,南阳市,瓦房庄,,23,23,19,4,6,48,NA,NA,NA,16,11,6,6,0.6,0.6
2026-09-29T0700,2405A,112.5002,32.9734,南阳市,汉画馆,,20,20,18,6,6,39,NA,NA,NA,14,8,7,6,0.7,0.7
2026-09-29T0700,2406A,112.5778,33.0144,南阳市,气象站,,28,NA,7,19,9,50,NA,NA,NA,11,9,7,7,0.5,0.5
2026-09-29T0700,2407A,112.548,32.9687,南阳市,理工学院,,16,16,15,5,9,49,NA,NA,NA,14,10,8,8,0.7,0.7
2026-09-29T0700,2408A,115.6701,34.4283,商丘市,环境监测站,NA,NA,NA,55,NA,38,NA,NA,51,NA,NA,22,NA,6,NA,0.9
2026-09-29T0700,2409A,115.6458,34.4047,商丘市,粮食局,,28,NA,26,19,22,72,NA,NA,NA,14,17,6,6,0.5,0.6
2026-09-29T0700,2420A,114.0194,32.9648,驻马店市,市一纸厂,,24,23,16,14,13,76,NA,NA,NA,5,8,4,5,0.3,0.3
2026-09-29T0700,2421A,114.0112,33.0149,驻马店市,市彩印厂,,20,20,19,10,13,63,NA,NA,NA,6,6,2,2,0.3,0.3
2026-09-29T0700,2423A,115.0547,30.2332,黄石市,沈家营,,24,24,47,7,18,36,NA,NA,NA,7,10,10,12,0.7,0.8
2026-09-29T0700,2426A,114.899,30.211,黄石市,铁山,,18,13,36,12,20,43,NA,NA,NA,8,18,6,8,0.3,0.5
2026-09-29T0700,2427A,115.0259,30.2108,黄石市,团城山,,37,37,46,13,19,33,NA,NA,NA,10,11,8,8,0.8,0.9
2026-09-29T0700,2429A,110.78,32.6494,十堰市,滨河新村,,20,13,16,4,5,61,NA,NA,NA,10,10,/,/,0.9,0.9
2026-09-29T0700,2430A,110.7305,32.6408,十堰市,刘家沟,,21,10,9,2,4,66,NA,NA,NA,5,8,/,/,/,/
2026-09-29T0700,2431A,110.8843,32.5712,十堰市,铁二处,,22,9,16,2,10,68,NA,NA,NA,9,16,6,7,0.6,0.7
2026-09-29T0700,2432A,112.1555,32.0197,襄阳市,襄城运动路,,25,11,15,7,10,79,NA,NA,NA,11,11,6,6,0.6,0.6
2026-09-29T0700,2434A,112.1829,32.1146,襄阳市,高新管委会,,22,19,18,7,11,68,NA,NA,NA,15,8,8,7,0.5,0.6
2026-09-29T0700,2435A,112.2105,32.0903,襄阳市,襄州航空路,,22,17,17,9,12,70,NA,NA,NA,12,12,8,7,0.4,0.4
2026-09-29T0700,2436A,114.894,30.3989,鄂州市,市政府,,19,19,27,2,10,48,NA,NA,NA,5,7,4,5,0.4,0.5
2026-09-29T0700,2437A,114.8986,30.3714,鄂州市,赵家坝,,17,15,43,6,10,52,NA,NA,NA,11,16,3,5,0.6,0.8
2026-09-29T0700,2439A,112.2012,31.048,荆门市,竹园小学,,27,18,10,13,9,86,NA,NA,NA,9,9,7,7,0.7,0.7
2026-09-29T0700,2440A,112.1968,30.9892,荆门市,掇刀,,27,NA,9,17,8,85,NA,NA,NA,7,8,6,6,0.6,0.4
2026-09-29T0700,2444A,113.9062,30.9378,孝感市,东城区,,18,11,15,6,3,56,NA,NA,NA,4,5,6,6,0.7,0.7
2026-09-29T0700,2446A,114.9021,30.474,黄冈市,职工中心,,17,12,18,5,8,54,NA,NA,NA,5,9,4,4,0.4,0.5
2026-09-29T0700,2451A,113.3587,31.7275,随州市,市委党校,,24,18,15,2,4,75,NA,NA,NA,6,6,8,8,0.5,0.6
2026-09-29T0700,2452A,113.3745,31.6926,随州市,市林业局,,24,5,9,1,4,74,NA,NA,NA,3,3,6,6,0.5,0.6
2026-09-29T0700,2453A,113.3984,31.7309,随州市,市立交桥水厂,,21,8,13,2,5,67,NA,NA,NA,6,8,6,5,0.4,0.5
2026-09-29T0700,2454A,109.4978,30.2979,恩施土家族苗族自治州,湖北民院,,24,24,35,4,19,39,NA,NA,NA,5,10,4,4,0.1,0.3
2026-09-29T0700,2457A,112.6209,26.9268,衡阳市,衡阳化工总厂,,38,NA,43,26,30,33,NA,NA,NA,7,9,8,9,0.7,0.7
2026-09-29T0700,2458A,112.621,26.8957,衡阳市,珠晖区环保局,,38,38,44,24,26,26,NA,NA,NA,16,14,6,8,0.7,0.7
2026-09-29T0700,2459A,112.628,26.8654,衡阳市,市委党校,,40,NA,43,28,30,33,NA,NA,NA,66,39,8,9,0.9,0.8
2026-09-29T0700,2460A,112.6007,26.8977,衡阳市,市监测站,,26,22,34,18,27,33,NA,NA,NA,6,8,5,7,0.9,0.8
2026-09-29T0700,2461A,112.5658,26.9013,衡阳市,真空机电公司,,42,NA,38,29,29,30,NA,NA,NA,7,8,8,9,1.0,0.9
2026-09-29T0700,2464A,111.5277,27.2442,邵阳市,市化工厂,,46,NA,36,32,34,39,NA,NA,NA,6,6,14,14,0.4,0.4
2026-09-29T0700,2466A,111.4327,27.2276,邵阳市,市环保局,细颗粒物(PM2.5),54,NA,50,37,34,33,NA,NA,NA,9,10,10,9,0.7,0.7
2026-09-29T0700,2468A,112.3458,28.581,益阳市,市环保局,,26,22,51,18,32,47,NA,NA,NA,10,10,6,7,0.9,1
2026-09-29T0700,2473A,113.0116,25.8228,郴州市,市职中,,35,32,27,24,18,18,NA,NA,NA,17,14,10,8,1.0,0.8
2026-09-29T0700,2475A,113.0381,25.8074,郴州市,市审计局,,27,27,28,18,18,15,NA,NA,NA,16,12,8,10,/,/
2026-09-29T0700,2476A,113.0348,25.7757,郴州市,市环保局,,30,30,29,18,18,20,NA,NA,NA,15,12,10,10,0.7,0.6
2026-09-29T0700,2478A,111.6126,26.4266,永州市,市环境监测站,细颗粒物(PM2.5),88,75,25,54,17,18,NA,NA,NA,13,9,7,6,0.8,0.6
2026-09-29T0700,2480A,111.6248,26.3803,永州市,永州市环保局,细颗粒物(PM2.5),76,77,26,48,16,22,NA,NA,NA,10,7,7,6,0.9,0.8
2026-09-29T0700,2481A,111.5989,26.4523,永州市,冷水滩区环保局,颗粒物(PM10),66,72,28,39,15,24,NA,NA,NA,12,7,8,6,1.0,0.8
2026-09-29T0700,2483A,109.9297,27.5383,怀化市,河西地税局,,22,16,21,15,15,36,NA,NA,NA,8,10,5,5,/,/
2026-09-29T0700,2484A,109.9783,27.5342,怀化市,市四医院,,26,18,26,18,19,34,NA,NA,NA,8,10,9,8,0.5,0.5
2026-09-29T0700,2485A,109.9971,27.5579,怀化市,监测楼,,22,17,26,15,19,33,NA,NA,NA,10,11,5,5,0.4,0.4
2026-09-29T0700,2488A,111.9984,27.7346,娄底市,市监测站,,17,17,37,7,27,33,NA,NA,NA,5,7,4,4,0.5,0.6
2026-09-29T0700,2491A,111.9888,27.7035,娄底市,市政府,,14,14,31,8,21,32,NA,NA,NA,6,6,5,5,0.5,0.6
2026-09-29T0700,2493A,109.7298,28.3164,湘西土家族苗族自治州,州政府,,18,NA,18,8,16,57,NA,NA,NA,2,3,3,3,0.6,0.6
2026-09-29T0700,2494A,109.6957,28.2676,湘西土家族苗族自治州,吉首市计生局,,18,7,20,7,15,57,NA,NA,NA,2,3,5,6,0.3,0.4
2026-09-29T0700,2496A,111.3126,23.4772,梧州市,市十一中,,46,46,43,18,18,0,NA,NA,NA,26,28,9,12,0.3,0.4
2026-09-29T0700,2498A,111.26,23.4794,梧州市,龙新,,42,42,42,17,14,0,NA,NA,NA,26,25,12,9,0.5,0.5
2026-09-29T0700,2499A,108.3411,21.6159,防城港市,沙万,,17,10,22,6,10,54,NA,NA,NA,5,7,5,7,0.7,0.7
2026-09-29T0700,2500A,108.3515,21.7733,防城港市,防城档案局,,30,30,18,12,9,30,NA,NA,NA,5,4,9,7,0.8,0.8
2026-09-29T0700,2501A,108.3506,21.6414,防城港市,大海花园,,18,18,19,10,10,47,NA,NA,NA,4,5,4,4,0.6,0.6
2026-09-29T0700,2502A,108.6238,21.9667,钦州市,市环保站,,19,19,15,10,6,41,NA,NA,NA,13,8,3,6,0.8,0.7
2026-09-29T0700,2503A,108.655,21.9481,钦州市,沙埠小学,,28,28,26,12,10,20,NA,NA,NA,25,10,10,12,0.6,0.5
2026-09-29T0700,2504A,108.5989,21.7435,钦州市,港区一小,,19,18,28,11,10,59,NA,NA,NA,6,9,4,4,0.5,0.5
2026-09-29T0700,2506A,109.604387,23.066791,贵港市,江南子站,,36,36,31,13,15,18,NA,NA,NA,24,18,10,5,0.6,0.6
2026-09-29T0700,2508A,109.5669,23.1065,贵港市,荷城子站,,14,9,18,6,9,44,NA,NA,NA,7,10,5,6,0.5,0.5
2026-09-29T0700,2511A,110.1433,22.6162,玉林市,南江一中,,23,23,25,15,14,34,NA,NA,NA,11,9,30,12,0.4,0.4
2026-09-29T0700,2512A,106.6102,23.901,百色市,市监测站,,35,34,31,24,17,11,NA,NA,NA,18,12,13,12,0.4,0.3
2026-09-29T0700,2513A,106.6524,23.8842,百色市,市中心血站,,45,NA,35,31,19,2,NA,NA,NA,26,11,11,15,0.5,0.4
2026-09-29T0700,2514A,111.5264,24.4178,贺州市,环保小区,,23,16,20,16,14,30,NA,NA,NA,13,10,14,14,0.4,0.4
2026-09-29T0700,2515A,111.561,24.4074,贺州市,政协大楼,,25,18,19,17,14,23,NA,NA,NA,17,13,13,12,0.7,0.7
2026-09-29T0700,2517A,108.0496,24.6957,河池市,市环保站,,24,24,25,14,13,16,NA,NA,NA,12,12,8,7,0.7,0.7
2026-09-29T0700,2520A,109.2203,23.7252,来宾市,来宾技工学校,,25,25,23,8,11,26,NA,NA,NA,8,6,8,7,0.3,0.3
2026-09-29T0700,2521A,107.3473,22.4137,崇左市,市环保局江州分局,,20,17,22,14,9,15,NA,NA,NA,13,8,4,6,0.5,0.5
2026-09-29T0700,2524A,105.8211,32.4444,广元市,老城,,19,13,14,0,1,60,NA,NA,NA,10,7,2,2,0.7,0.6
2026-09-29T0700,2526A,105.8629,32.429,广元市,监测站,,24,24,24,0,1,63,NA,NA,NA,8,7,7,7,0.5,0.4
2026-09-29T0700,2528A,105.5581,30.5231,遂宁市,市监测站,,22,22,14,6,4,10,NA,NA,NA,12,10,7,7,0.5,0.6
2026-09-29T0700,2530A,105.5917,30.4727,遂宁市,美宁食品公司,,27,27,14,11,4,6,NA,NA,NA,18,12,10,9,0.8,0.8
2026-09-29T0700,2531A,105.0703,29.61,内江市,市监测站,,13,11,17,9,10,6,NA,NA,NA,20,11,8,7,0.7,0.7
2026-09-29T0700,2533A,105.0657,29.5807,内江市,内江二中,,16,16,20,8,8,11,NA,NA,NA,17,11,7,7,0.4,0.5
2026-09-29T0700,2534A,105.0407,29.5828,内江市,内江日报社,,18,18,16,9,8,13,NA,NA,NA,23,12,6,7,0.3,0.3
2026-09-29T0700,2536A,103.7629,29.5844,乐山市,牛耳桥,,14,14,10,1,3,10,NA,NA,NA,13,11,6,6,1.0,0.9
2026-09-29T0700,2537A,103.7501,29.6002,乐山市,市第三水厂,,17,17,11,0,3,11,NA,NA,NA,18,12,4,4,1.0,1
2026-09-29T0700,2538A,103.7571,29.5664,乐山市,市监测站,,14,14,11,0,2,12,NA,NA,NA,12,10,5,4,1.3,1.1
2026-09-29T0700,2540A,103.8414,30.0871,眉山市,气象局,,25,25,23,1,2,31,NA,NA,NA,19,15,9,9,0.9,1
2026-09-29T0700,2544A,106.6307,30.4577,广安市,市委,,19,19,15,4,3,14,NA,NA,NA,12,6,8,8,0.5,0.5
2026-09-29T0700,2545A,106.6266,30.4662,广安市,友谊中学,,11,11,12,4,6,20,NA,NA,NA,8,5,9,9,0.6,0.7
2026-09-29T0700,2547A,106.6386,30.4551,广安市,广电花园,,14,14,12,6,8,6,NA,NA,NA,15,8,10,11,0.6,0.6
2026-09-29T0700,2549A,107.5087,31.2186,达州市,市环境监测站,,23,23,16,0,0,10,NA,NA,NA,20,16,11,8,0.4,0.4
2026-09-29T0700,2550A,107.4988,31.2132,达州市,凤凰小区,,17,17,11,0,0,15,NA,NA,NA,19,14,10,8,0.4,0.3
2026-09-29T0700,2551A,107.5081,31.1987,达州市,达县机关宾馆,,19,19,12,0,0,4,NA,NA,NA,31,23,12,8,0.4,0.3
2026-09-29T0700,2552A,107.4644,31.2124,达州市,市政中心,,32,32,22,0,0,5,NA,NA,NA,25,20,6,6,0.5,0.5
2026-09-29T0700,2555A,103.011,29.9833,雅安市,市政府,,11,7,7,2,3,35,NA,NA,NA,5,7,6,6,0.6,0.7
2026-09-29T0700,2556A,102.9907,29.9778,雅安市,川农大,,10,10,10,2,3,30,NA,NA,NA,4,5,6,6,0.8,0.9
2026-09-29T0700,2562A,104.6357,30.1508,资阳市,资阳中学,,28,28,18,12,8,5,NA,NA,NA,11,8,2,3,0.3,0.3
2026-09-29T0700,2565A,104.6297,30.1259,资阳市,区法院,,28,NA,14,19,9,9,NA,NA,NA,19,9,3,2,0.7,0.6
2026-09-29T0700,2568A,102.2503,31.8896,阿坝藏族羌族自治州,马师校,NA,NA,18,28,7,9,9,NA,NA,NA,NA,5,4,5,0.5,0.5
2026-09-29T0700,2570A,101.96,30.048,甘孜藏族自治州,水桥子,,12,7,6,2,3,36,NA,NA,NA,15,6,2,2,0.2,0.4
2026-09-29T0700,2573A,102.2629,27.8981,凉山彝族自治州,西昌市政府,,25,20,24,17,18,31,NA,NA,NA,13,9,8,9,0.7,0.7
2026-09-29T0700,2574A,102.2686,27.885,凉山彝族自治州,凉山州政府,,25,20,27,17,19,27,NA,NA,NA,12,9,4,6,0.6,0.6
2026-09-29T0700,2577A,104.8293,26.592,六盘水市,黄土坡,,28,25,25,19,18,30,NA,NA,NA,8,8,3,4,0.4,0.3
2026-09-29T0700,2579A,104.8481,26.5898,六盘水市,民中,,26,19,22,18,17,49,NA,NA,NA,8,8,1,2,0.4,0.4
2026-09-29T0700,2580A,104.9541,26.5506,六盘水市,双水,,29,NA,23,20,18,55,NA,NA,NA,7,7,5,6,0.3,0.2
2026-09-29T0700,2585A,109.1839,27.7344,铜仁市,铜仁卫校,,20,20,28,5,16,38,NA,NA,NA,2,4,1,2,0.3,0.3
2026-09-29T0700,2586A,109.1752,27.6945,铜仁市,铜仁七中,,15,12,22,10,16,37,NA,NA,NA,4,6,4,5,0.4,0.4
2026-09-29T0700,2587A,105.287,27.3133,毕节市,八中,,10,7,19,4,17,30,NA,NA,NA,4,6,6,7,0.6,0.6
2026-09-29T0700,2588A,105.3079,27.2987,毕节市,师专,,9,4,18,4,17,27,NA,NA,NA,6,7,5,7,0.5,0.5
2026-09-29T0700,2589A,104.9022,25.0943,黔西南布依族苗族自治州,场坝街,,26,26,22,16,15,46,NA,NA,NA,2,3,6,6,0.4,0.4
2026-09-29T0700,2590A,104.8812,25.0994,黔西南布依族苗族自治州,坪东大道,,28,NA,23,19,18,33,NA,NA,NA,8,5,4,5,0.4,0.4
2026-09-29T0700,2591A,107.9765,26.5724,黔东南苗族侗族自治州,市环境监测站,,20,16,16,12,13,64,NA,NA,NA,3,3,3,3,0.4,0.4
2026-09-29T0700,2593A,107.5223,26.2371,黔南布依族苗族自治州,小围寨,,20,9,13,6,12,61,NA,NA,NA,5,4,8,6,0.6,0.6
2026-09-29T0700,2594A,99.1589,25.1137,保山市,市环境监测站,,20,20,15,8,8,24,NA,NA,NA,7,6,8,8,0.3,0.3
2026-09-29T0700,2595A,99.1616,25.1381,保山市,市环保局,,15,NA,9,10,9,15,NA,NA,NA,4,4,4,4,0.5,0.5
2026-09-29T0700,2596A,103.7668,27.3736,昭通市,监测站,,25,25,31,5,14,34,NA,NA,NA,9,8,5,6,0.6,0.6
2026-09-29T0700,2599A,100.2497,26.8802,丽江市,丽江古城,,12,12,14,6,6,38,NA,NA,NA,18,10,4,4,0.8,0.7
2026-09-29T0700,2600A,100.2203,26.8906,丽江市,市中心,,13,7,11,6,7,40,NA,NA,NA,15,10,5,5,0.8,0.8
2026-09-29T0700,2601A,100.9801,22.7634,普洱市,市环保局,,17,17,26,5,7,46,NA,NA,NA,4,5,7,7,0.8,0.8
2026-09-29T0700,2602A,100.9763,22.8237,普洱市,普洱第二中学,,14,14,20,4,8,40,NA,NA,NA,4,6,10,10,0.7,0.7
2026-09-29T0700,2603A,100.0779,23.8981,临沧市,市环保局,,26,26,19,5,9,12,NA,NA,NA,8,10,11,10,0.4,0.5
2026-09-29T0700,2604A,100.0894,23.882,临沧市,市气象局,,16,16,17,4,12,14,NA,NA,NA,8,9,8,8,0.4,0.5
2026-09-29T0700,2606A,101.5379,25.0492,楚雄彝族自治州,市经济开发区,,13,6,11,6,8,40,NA,NA,NA,7,6,2,2,0.3,0.4
2026-09-29T0700,2610A,104.2533,23.3595,文山壮族苗族自治州,州水务局,,22,22,18,9,13,31,NA,NA,NA,14,9,8,7,0.4,0.4
2026-09-29T0700,2611A,104.2319,23.3892,文山壮族苗族自治州,市便民服务中心,,23,16,19,16,14,22,NA,NA,NA,15,7,3,3,0.7,0.7
2026-09-29T0700,2612A,100.8018,21.9995,西双版纳傣族自治州,景洪市江南,,12,12,19,5,7,14,NA,NA,NA,6,6,9,9,0.6,0.7
2026-09-29T0700,2613A,100.7995,22.0238,西双版纳傣族自治州,景洪市江北,,22,22,20,2,6,10,NA,NA,NA,5,5,10,11,0.5,0.5
2026-09-29T0700,2614A,100.2168,25.5818,大理白族自治州,大理市环境监测站,,15,13,12,10,9,47,NA,NA,NA,5,6,6,6,0.3,0.3
2026-09-29T0700,2615A,100.1542,25.7055,大理白族自治州,大理古城,,17,17,17,11,9,32,NA,NA,NA,10,11,6,7,0.2,0.2
2026-09-29T0700,2616A,98.5611,24.4273,德宏傣族景颇族自治州,德宏州监测站,,10,5,14,5,11,31,NA,NA,NA,8,8,9,10,0.7,0.7
2026-09-29T0700,2618A,98.859,25.8541,怒江傈僳族自治州,州监测站,,26,26,25,13,14,18,NA,NA,NA,9,9,8,7,0.4,0.5
2026-09-29T0700,2619A,98.8607,25.8168,怒江傈僳族自治州,泸水一中,,26,NA,22,18,14,11,NA,NA,NA,12,15,6,6,0.7,0.7
2026-09-29T0700,2621A,99.7054,27.8319,迪庆藏族自治州,迪庆州站,,17,17,17,8,7,45,NA,NA,NA,7,8,6,6,0.3,0.3
2026-09-29T0700,2622A,97.1813,31.1289,昌都市,昌都监测站,,12,12,20,4,6,32,NA,NA,NA,6,18,5,5,0.2,0.3
2026-09-29T0700,2624A,91.7592,29.234,山南市,山南监测站,,22,6,9,3,2,70,NA,NA,NA,3,7,6,6,0.2,0.2
2026-09-29T0700,2625A,91.7701,29.2436,山南市,山南人民医院,,21,11,11,3,3,65,NA,NA,NA,4,5,6,6,0.2,0.2
2026-09-29T0700,2626A,88.8873,29.2723,日喀则市,日喀则监测站,,22,22,27,8,11,26,NA,NA,NA,15,21,5,5,0.4,0.4
2026-09-29T0700,2628A,92.0653,31.4846,那曲市,那曲监测站,细颗粒物(PM2.5),92,NA,47,56,25,38,NA,NA,NA,27,23,7,7,1.3,0.8
2026-09-29T0700,2630A,80.1171,32.4999,阿里地区,阿里监测站,,30,6,9,1,2,94,NA,NA,NA,5,8,6,5,0.2,0.2
2026-09-29T0700,2632A,94.3683,29.6373,林芝市,林芝监测站,,12,8,9,5,4,37,NA,NA,NA,4,5,6,5,0.3,0.3
2026-09-29T0700,2633A,94.3616,29.6634,林芝市,林芝人民医院,,10,7,13,4,5,31,NA,NA,NA,5,6,5,5,0.4,0.3
2026-09-29T0700,2635A,107.0155,33.0707,汉中市,市监测站,,29,29,15,19,9,11,NA,NA,NA,21,10,8,5,1.1,0.9
2026-09-29T0700,2636A,107.0083,33.114,汉中市,鑫源开发区,,30,30,17,12,9,12,NA,NA,NA,22,15,7,7,1.2,1
2026-09-29T0700,2637A,107.0072,33.0323,汉中市,南郑大河坎水厂,,25,25,16,11,7,3,NA,NA,NA,22,15,5,2,0.5,0.4
2026-09-29T0700,2639A,109.7445,38.2919,榆林市,世纪广场,,45,39,38,31,20,12,NA,NA,NA,36,17,6,9,0.6,0.5
2026-09-29T0700,2640A,109.729,38.2837,榆林市,实验中学,,42,32,33,29,23,22,NA,NA,NA,29,17,4,7,0.6,0.4
2026-09-29T0700,2641A,109.7347,38.2491,榆林市,环保监测大楼,,48,36,32,33,20,13,NA,NA,NA,36,18,6,8,0.6,0.4
2026-09-29T0700,2644A,109.0088,32.6974,安康市,汉滨区检察院,,25,25,19,11,9,12,NA,NA,NA,17,12,4,6,0.7,0.7
2026-09-29T0700,2645A,109.9155,33.8714,商洛市,监测站,,18,18,20,8,10,18,NA,NA,NA,3,7,4,5,0.6,0.7
2026-09-29T0700,2647A,104.1727,36.5448,白银市,第三小学,,44,44,43,21,18,17,NA,NA,NA,35,29,12,15,0.9,0.9
2026-09-29T0700,2648A,104.1467,36.5482,白银市,动力公司,,32,32,36,10,15,25,NA,NA,NA,18,25,4,10,0.7,0.7
2026-09-29T0700,2650A,105.72058,34.57859,天水市,公园小学,,39,39,35,16,17,11,NA,NA,NA,14,12,9,9,0.3,0.3
2026-09-29T0700,2651A,105.89428,34.55353,天水市,麦积国土局,,34,34,31,17,18,15,NA,NA,NA,13,12,6,7,0.5,0.4
2026-09-29T0700,2652A,102.6203,37.925,武威市,监测站,,46,46,54,17,19,39,NA,NA,NA,17,22,11,12,0.3,0.4
2026-09-29T0700,2654A,100.4699,38.9525,张掖市,润泉湖,颗粒物(PM10),55,57,53,18,18,58,NA,NA,NA,16,15,5,4,0.3,0.3
2026-09-29T0700,2655A,100.4155,38.9422,张掖市,区工会,颗粒物(PM10),59,62,56,22,19,74,NA,NA,NA,13,14,3,4,0.3,0.3
2026-09-29T0700,2656A,106.6633,35.5338,平凉市,聚贤嘉苑,,38,38,38,20,20,10,NA,NA,NA,22,21,9,9,0.7,0.6
2026-09-29T0700,2657A,106.7021,35.5307,平凉市,博物馆,,41,41,40,20,19,8,NA,NA,NA,22,20,11,10,0.8,0.6
2026-09-29T0700,2661A,107.6325,35.7357,庆阳市,庆阳五中,,20,20,24,12,15,53,NA,NA,NA,6,9,2,2,0.3,0.3
2026-09-29T0700,2662A,107.6361,35.7067,庆阳市,市环保局,,25,25,28,15,16,55,NA,NA,NA,7,10,2,2,0.3,0.3
2026-09-29T0700,2669A,102.9097,34.9841,甘南藏族自治州,州政府,,25,25,25,14,10,3,NA,NA,NA,15,13,7,7,0.3,0.3
2026-09-29T0700,2671A,100.9016,36.9464,海北藏族自治州,海晏县西海镇,,42,NA,23,29,18,53,NA,NA,NA,7,9,10,8,0.6,0.5
2026-09-29T0700,2672A,102.02,35.5101,黄南藏族自治州,同仁县隆务镇,,19,19,24,9,10,35,NA,NA,NA,2,2,7,9,0.1,0.2
2026-09-29T0700,2673A,100.6158,36.2985,海南藏族自治州,共和县恰卜恰镇,,18,13,19,12,9,42,NA,NA,NA,5,8,10,8,0.3,0.4
2026-09-29T0700,2674A,100.2262,34.4854,果洛藏族自治州,玛沁县大武镇,,28,28,28,11,8,15,NA,NA,NA,3,2,12,18,0.4,0.4
2026-09-29T0700,2675A,97.0386,33.0138,玉树藏族自治州,玉树县结古镇,,14,10,16,4,5,18,NA,NA,NA,28,17,2,2,0.5,0.4
2026-09-29T0700,2676A,97.373,37.376,海西蒙古族藏族自治州,德令哈市,,24,24,30,12,12,74,NA,NA,NA,2,4,8,10,0.6,0.7
2026-09-29T0700,2677A,106.1535,37.9648,吴忠市,教育园区,颗粒物(PM10),53,53,72,22,24,3,NA,NA,NA,28,21,5,6,0.4,0.3
2026-09-29T0700,2679A,106.1851,37.9957,吴忠市,新区二泵站,颗粒物(PM10),71,79,73,22,24,13,NA,NA,NA,27,22,8,8,0.4,0.3
2026-09-29T0700,2682A,105.1965,37.4996,中卫市,环保局站,颗粒物(PM10),78,89,68,34,21,4,NA,NA,NA,39,33,4,4,0.5,0.4
2026-09-29T0700,2684A,106.2753,36.0057,固原市,监测站,,24,24,28,8,12,24,NA,NA,NA,20,23,9,8,0.6,0.6
2026-09-29T0700,2685A,106.2384,36.0189,固原市,新区,,23,23,30,9,13,2,NA,NA,NA,22,24,6,6,0.6,0.5
2026-09-29T0700,2686A,89.1905,42.9419,吐鲁番市,市环保局,颗粒物(PM10),53,53,70,16,17,84,NA,NA,NA,8,13,4,4,0.4,0.4
2026-09-29T0700,2687A,89.1674,42.9558,吐鲁番市,地区环保局,,40,40,57,24,12,76,NA,NA,NA,8,12,3,4,0.2,0.2
2026-09-29T0700,2688A,93.5124,42.8176,哈密市,地区监测站,,33,33,34,9,14,71,NA,NA,NA,5,12,2,5,0.0,0
2026-09-29T0700,2689A,93.5014,42.8312,哈密市,哈密师范学校,,30,30,35,12,11,77,NA,NA,NA,4,13,3,4,0.2,0.2
2026-09-29T0700,2692A,87.2722,44.0298,昌吉回族自治州,新区政务中心,,32,32,35,6,14,32,NA,NA,NA,11,16,8,7,0.6,0.5
2026-09-29T0700,2693A,82.0482,44.8553,博尔塔拉蒙古自治州,市党校,颗粒物(PM10),108,140,100,29,20,40,NA,NA,NA,14,10,4,6,0.2,0.3
2026-09-29T0700,2694A,82.0805,44.8966,博尔塔拉蒙古自治州,市环保局,颗粒物(PM10),75,84,91,20,14,20,NA,NA,NA,17,14,8,8,0.3,0.3
2026-09-29T0700,2695A,80.2899,41.1684,阿克苏地区,电视台,颗粒物(PM10),58,60,49,23,20,35,NA,NA,NA,18,21,2,2,0.5,0.4
2026-09-29T0700,2696A,80.2592,41.1541,阿克苏地区,艺术中心,颗粒物(PM10),53,53,57,31,21,47,NA,NA,NA,20,28,8,6,0.3,0.4
2026-09-29T0700,2697A,76.1457,39.7143,克孜勒苏柯尔克孜自治州,市人民政府,,28,20,45,9,17,87,NA,NA,NA,1,12,3,4,0.3,0.5
2026-09-29T0700,2698A,76.0071,39.466,喀什地区,巡警大队,颗粒物(PM10),55,56,87,16,25,20,NA,NA,NA,34,32,4,5,0.2,0.3
2026-09-29T0700,2699A,75.9756,39.4693,喀什地区,吾办,,29,29,77,6,22,49,NA,NA,NA,8,22,2,3,0.3,0.4
2026-09-29T0700,2704A,81.3002,43.9177,伊犁哈萨克自治州,新政府片区,颗粒物(PM10),56,58,62,28,22,22,NA,NA,NA,22,22,5,6,0.8,0.6
2026-09-29T0700,2705A,81.3364,43.9409,伊犁哈萨克自治州,第二水厂,颗粒物(PM10),80,91,84,33,25,14,NA,NA,NA,29,28,8,7,0.7,0.6
2026-09-29T0700,2706A,82.9993,46.7432,塔城地区,东门外小游园,,9,NA,73,4,11,27,NA,NA,NA,2,7,2,3,0.4,0.3
2026-09-29T0700,2708A,88.1266,47.8515,阿勒泰地区,市站,,16,16,42,2,7,32,NA,NA,NA,6,10,1,1,0.2,0.3
2026-09-29T0700,2709A,86.0391,44.298,石河子市,艾青诗歌馆,颗粒物(PM10),57,59,53,18,14,42,NA,NA,NA,14,22,12,7,0.4,0.4
2026-09-29T0700,2711A,87.5352,44.1606,五家渠市,农水大厦,,43,43,49,14,14,40,NA,NA,NA,3,5,5,5,0.3,0.2
2026-09-29T0700,2809A,113.6668,24.7756,韶关市,大学路288号,,29,28,32,20,20,14,NA,NA,NA,16,11,18,21,/,/
2026-09-29T0700,2835A,101.7222,26.567,攀枝花市,四十中小,,22,22,23,7,10,36,NA,NA,NA,11,11,7,9,0.8,0.9
2026-09-29T0700,2842A,118.0937,24.5054,厦门市,湖里中学,细颗粒物(PM2.5),56,55,42,38,26,32,NA,NA,NA,24,13,4,4,0.7,0.7
2026-09-29T0700,2845A,113.1561,36.1912,长治市,德盛苑,,23,20,39,16,36,56,NA,NA,NA,7,8,12,13,0.9,1.1
2026-09-29T0700,2846A,113.3209,23.1323,广州市,体育西,,22,22,26,14,15,36,NA,NA,NA,15,18,6,6,0.8,0.7
2026-09-29T0700,2858A,117.7917,39.2473,天津市,河西一经路,颗粒物(PM10),85,99,27,52,13,36,NA,NA,NA,44,19,11,7,1.2,0.5
2026-09-29T0700,2859A,117.3747,38.9845,天津市,津沽路,细颗粒物(PM2.5),94,101,36,57,17,25,NA,NA,NA,43,24,7,6,0.9,0.6
2026-09-29T0700,2860A,117.159,39.0844,天津市,宾水西道,细颗粒物(PM2.5),84,91,34,52,17,23,NA,NA,NA,30,17,7,6,0.6,0.4
2026-09-29T0700,2865A,112.7195,37.683,晋中市,榆次三中,细颗粒物(PM2.5),102,73,74,62,54,40,NA,NA,NA,15,29,16,16,1.3,0.8
2026-09-29T0700,2867A,111.1225,37.5093,吕梁市,马茂庄小学,,36,36,41,20,12,1,NA,NA,NA,37,36,2,4,0.7,0.6
2026-09-29T0700,2868A,126.4737,43.953,吉林市,九站,,20,19,23,10,16,61,NA,NA,NA,10,28,5,10,0.4,0.4
2026-09-29T0700,2869A,119.4472,32.4156,扬州市,五台山医院,,24,12,17,6,8,76,NA,NA,NA,11,10,12,12,0.9,0.8
2026-09-29T0700,2870A,119.4369,32.1891,镇江市,市疾控中心,,28,10,14,5,9,88,NA,NA,NA,9,10,2,4,0.6,0.6
2026-09-29T0700,2871A,121.6156,29.9015,宁波市,万里国际学校,,16,16,23,7,16,49,NA,NA,NA,24,19,10,9,0.9,0.9
2026-09-29T0700,2872A,120.7845,30.7524,嘉兴市,南湖区残联,,24,24,13,13,9,55,NA,NA,NA,16,13,6,6,0.4,0.4
2026-09-29T0700,2873A,120.083,30.8929,湖州市,仁皇山新区,,24,19,17,13,13,75,NA,NA,NA,11,15,7,6,0.5,0.6
2026-09-29T0700,2875A,115.783962,32.889217,阜阳市,阜阳职业技术学院,,24,NA,14,9,10,76,NA,NA,NA,5,6,4,4,0.3,0.3
2026-09-29T0700,2877A,119.1638,36.6524,潍坊市,坊子邮政,,39,39,36,13,12,37,NA,NA,NA,21,15,2,2,0.8,0.7
2026-09-29T0700,2880A,104.0219,30.6561,成都市,大石西路,,25,25,26,13,13,22,NA,NA,NA,18,18,5,4,0.4,0.4
2026-09-29T0700,2881A,107.8909,26.531,黔东南苗族侗族自治州,凯里学院,,25,NA,12,17,16,70,NA,NA,NA,1,1,4,4,0.5,0.5
2026-09-29T0700,2882A,102.5388,24.3703,玉溪市,玉溪一中,,13,13,14,3,7,14,NA,NA,NA,12,11,2,4,0.3,0.3
2026-09-29T0700,2883A,102.5382,24.339,玉溪市,文体中心,,14,14,21,6,12,15,NA,NA,NA,10,10,5,6,0.7,0.6
2026-09-29T0700,2884A,98.2672,39.7978,嘉峪关市,酒钢宾馆,,46,46,62,24,19,56,NA,NA,NA,20,19,13,17,0.5,0.4
2026-09-29T0700,2885A,104.9344,33.3827,陇南市,滨江中学,,33,33,38,15,13,6,NA,NA,NA,18,20,10,8,0.8,0.8
2026-09-29T0700,2894A,117.0561,32.6536,淮南市,经济技术开发区消防队,,20,14,19,10,11,64,NA,NA,NA,15,12,11,9,0.3,0.3
2026-09-29T0700,2897A,123.2429,41.7341,沈阳市,沈辽西路,颗粒物(PM10),80,91,55,41,25,12,NA,NA,NA,46,42,20,14,1.8,0.8
2026-09-29T0700,2900A,123.5951,41.9085,沈阳市,裕农路,,39,32,26,27,21,14,NA,NA,NA,25,26,7,6,1.3,0.7
2026-09-29T0700,2902A,106.6347,30.4868,广安市,北辰小学,,20,20,19,6,7,28,NA,NA,NA,11,8,9,9,0.6,0.6
2026-09-29T0700,2907A,120.1846,30.8592,湖州市,吴兴区站,,21,19,16,13,13,66,NA,NA,NA,10,12,7,7,0.7,0.8
2026-09-29T0700,2919A,116.7022,39.5454,廊坊市,河北工业大学,细颗粒物(PM2.5),125,NA,45,87,44,24,NA,NA,NA,50,41,4,3,0.6,0.4
2026-09-29T0700,2920A,117.71,24.5048,漳州市,蓝田镇,细颗粒物(PM2.5),72,69,56,46,35,27,NA,NA,NA,28,14,12,7,0.6,0.5
2026-09-29T0700,2921A,120.5482,30.0003,绍兴市,树下王站,,22,10,16,9,16,69,NA,NA,NA,10,16,4,4,0.7,0.9
2026-09-29T0700,2922A,117.194,39.1069,天津市,大理道,细颗粒物(PM2.5),96,83,32,58,18,28,NA,NA,NA,37,22,9,7,0.5,0.3
2026-09-29T0700,2924A,106.2266,38.4417,银川市,水乡路,颗粒物(PM10),75,85,66,31,24,22,NA,NA,NA,34,27,12,8,0.5,0.4
2026-09-29T0700,2925A,106.2758,38.4841,银川市,上海东路,颗粒物(PM10),77,87,64,33,22,22,NA,NA,NA,43,27,14,8,0.4,0.4
2026-09-29T0700,2926A,106.1016,38.4971,银川市,文昌北街,颗粒物(PM10),86,100,72,34,20,4,NA,NA,NA,59,30,7,6,0.4,0.3
2026-09-29T0700,2929A,114.8858,30.4519,黄冈市,红卫路,,18,12,21,9,10,55,NA,NA,NA,7,10,3,4,0.2,0.3
2026-09-29T0700,2996A,118.2781,33.9658,宿迁市,市供电局,,32,23,18,22,17,45,NA,NA,NA,14,13,4,4,0.7,0.7
2026-09-29T0700,2997A,119.8767,32.3291,泰州市,王营,,25,6,12,5,6,78,NA,NA,NA,8,8,6,6,0.6,0.6
2026-09-29T0700,3000A,119.3577,34.6971,连云港市,德源药业,,39,29,30,27,25,8,NA,NA,NA,46,28,6,5,0.2,0.3
2026-09-29T0700,3002A,119.9701,31.813,常州市,行政中心,,22,14,17,11,7,69,NA,NA,NA,18,20,7,7,0.3,0.5
2026-09-29T0700,3003A,120.0434,31.7726,常州市,经开区,,33,33,20,15,8,52,NA,NA,NA,24,21,8,8,0.7,0.8
2026-09-29T0700,3004A,120.1543,33.3664,盐城市,宝龙广场,,16,9,14,9,12,50,NA,NA,NA,4,6,9,9,0.4,0.5
2026-09-29T0700,3005A,117.1812,34.29,徐州市,鼓楼区政府,,29,27,48,20,40,50,NA,NA,NA,10,15,7,7,0.7,0.9
2026-09-29T0700,3006A,117.1693,34.1781,徐州市,铜山区招生办,,18,17,40,11,28,55,NA,NA,NA,8,14,6,6,0.6,0.7
2026-09-29T0700,3007A,119.178,34.8442,连云港市,新城一中,,29,28,32,20,20,45,NA,NA,NA,15,22,9,9,0.2,0.4
2026-09-29T0700,3008A,119.3607,34.7519,连云港市,胡沟管理处,,28,NA,26,19,23,39,NA,NA,NA,29,19,10,11,0.6,0.6
2026-09-29T0700,3009A,119.1478,34.5913,连云港市,矿山设计院,,28,27,33,19,35,34,NA,NA,NA,19,22,4,4,0.4,0.7
2026-09-29T0700,3010A,119.8919,31.7892,常州市,钟楼,,22,21,11,13,6,69,NA,NA,NA,11,14,8,8,0.2,0.3
2026-09-29T0700,3012A,112.1849,31.0361,荆门市,西山林语,,28,NA,10,17,9,88,NA,NA,NA,5,5,5,5,0.5,0.5
2026-09-29T0700,3014A,106.4958,29.5347,重庆市,歇台子,,23,23,25,6,11,21,NA,NA,NA,12,13,8,7,0.6,0.7
2026-09-29T0700,3015A,106.4067,29.5729,重庆市,龙井湾,,15,15,17,6,12,25,NA,NA,NA,12,14,8,8,0.8,0.9
2026-09-29T0700,3016A,106.5506,29.415,重庆市,龙洲湾,,30,30,34,7,15,13,NA,NA,NA,17,20,12,10,0.7,0.7
2026-09-29T0700,3018A,111.5048,36.1015,临汾市,唐尧大酒店,,37,37,53,18,29,10,NA,NA,NA,17,19,9,7,0.8,1
2026-09-29T0700,3020A,117.2096,39.1698,天津市,中山北路,NA,NA,NA,65,NA,36,NA,NA,24,NA,NA,33,NA,7,NA,1.0
2026-09-29T0700,3021A,115,35.7667,濮阳市,濮水河管理处,,38,38,52,7,26,28,NA,NA,NA,11,14,5,5,0.6,0.7
2026-09-29T0700,3025A,113.0479,23.6343,清远市,技师学院,,42,42,34,23,18,5,NA,NA,NA,35,24,14,9,0.4,0.3
2026-09-29T0700,3026A,116.6179,23.6608,潮州市,市政府,细颗粒物(PM2.5),80,NA,53,50,33,34,NA,NA,NA,18,15,27,11,1.4,1.1
2026-09-29T0700,3028A,104.7765,29.3623,自贡市,檀木林体育馆,,13,13,16,0,6,31,NA,NA,NA,11,9,8,8,1.2,0.8
2026-09-29T0700,3033A,87.4652,43.4569,乌鲁木齐市,培训基地,,30,27,34,15,13,93,NA,NA,NA,3,5,3,4,0.4,0.3
2026-09-29T0700,3034A,113.1076,41.0385,乌兰察布市,光明街小学,,33,29,26,23,15,35,NA,NA,NA,22,15,3,6,0.5,0.4
2026-09-29T0700,3036A,118.6903,37.4337,东营市,开发区管委会,细颗粒物(PM2.5),98,83,38,59,17,23,NA,NA,NA,49,19,11,7,0.8,0.4
2026-09-29T0700,3038A,103.3757,23.3679,红河哈尼族彝族自治州,州图书馆,,16,12,13,11,10,38,NA,NA,NA,3,3,3,2,0.4,0.3
2026-09-29T0700,3039A,111.1911,34.7829,三门峡市,三门峡市第一小学,,23,23,25,8,15,8,NA,NA,NA,27,14,5,5,0.5,0.5
2026-09-29T0700,3045A,109.9647,33.8486,商洛市,商州区中学,,21,21,17,8,10,13,NA,NA,NA,6,8,5,6,0.5,0.5
2026-09-29T0700,3046A,115.9084,28.6062,南昌市,机电学校,,30,22,40,21,29,39,NA,NA,NA,11,7,10,10,0.6,0.6
2026-09-29T0700,3048A,119.5799,26.0937,福州市,九龙,NA,NA,NA,44,42,34,36,NA,NA,NA,15,6,5,5,0.5,0.5
2026-09-29T0700,3051A,117.385,39.1483,天津市,西四道,颗粒物(PM10),76,86,34,47,15,12,NA,NA,NA,58,26,7,6,0.7,0.7
2026-09-29T0700,3054A,113.9194,35.2847,新乡市,市委党校,,25,25,35,16,26,46,NA,NA,NA,13,16,8,7,0.2,0.3
2026-09-29T0700,3055A,101.7775,36.643,西宁市,城北区政府,,45,45,25,26,16,18,NA,NA,NA,16,19,6,7,0.8,0.7
2026-09-29T0700,3057A,121.5989,37.4016,烟台市,牟平检察院,,36,36,15,23,9,53,NA,NA,NA,26,12,20,7,0.4,0.3
2026-09-29T0700,3058A,119.2656,42.0356,赤峰市,银河街,,38,33,26,26,18,28,NA,NA,NA,22,15,12,12,1.0,0.8
2026-09-29T0700,3059A,117.7181,36.205,济南市,泰兴公司,颗粒物(PM10),56,58,55,34,27,3,NA,NA,NA,52,34,4,4,0.5,0.4
2026-09-29T0700,3061A,119.7511,49.1576,呼伦贝尔市,国华电力东,,15,15,20,7,8,30,NA,NA,NA,6,6,5,4,0.3,0.3
2026-09-29T0700,3064A,117.6861,36.2172,济南市,莱芜战役纪念馆,细颗粒物(PM2.5),64,61,51,42,33,4,NA,NA,NA,50,30,5,7,0.6,0.5
2026-09-29T0700,3065A,101.9534,29.9976,甘孜藏族自治州,州环保局,,10,2,12,2,3,32,NA,NA,NA,8,9,2,3,0.3,0.4
2026-09-29T0700,3066A,116.2722,37.438,德州市,九衢泉纯净水厂,,38,36,66,26,37,60,NA,NA,NA,16,30,9,11,0.5,0.6
2026-09-29T0700,3109A,115.0094,25.8614,赣州市,赣县区卫计委,,18,16,28,12,18,27,NA,NA,NA,18,12,10,3,0.6,0.6
2026-09-29T0700,3123A,105.9408,26.2431,安顺市,凤凰山,,18,18,24,11,17,55,NA,NA,NA,3,4,3,4,0.6,0.6
2026-09-29T0700,3124A,105.9443,26.2567,安顺市,金钟山,,19,14,18,11,18,60,NA,NA,NA,3,4,6,6,0.3,0.4
2026-09-29T0700,3125A,105.8983,26.248,安顺市,娄家坡,,23,20,22,16,18,54,NA,NA,NA,2,3,7,7,0.6,0.7
2026-09-29T0700,3131A,114.878,40.7992,张家口市,烟厂,,15,10,19,10,11,41,NA,NA,NA,9,9,/,/,/,/
2026-09-29T0700,3132A,119.5979,39.938,秦皇岛市,文明里,,33,33,34,8,11,11,NA,NA,NA,48,27,6,5,0.6,0.4
2026-09-29T0700,3133A,106.5469,29.5655,重庆市,上清寺,,24,24,27,7,13,18,NA,NA,NA,14,17,3,2,0.5,0.7
2026-09-29T0700,3134A,113.8172,34.0339,许昌市,市一中,,20,20,18,11,17,44,NA,NA,NA,11,9,6,6,0.5,0.5
2026-09-29T0700,3136A,104.2724,30.559,成都市,龙泉驿区区政府,,15,NA,17,10,12,28,NA,NA,NA,15,17,6,4,0.7,0.7
2026-09-29T0700,3138A,111.7152,29.0288,常德市,武陵区永安,,20,11,11,6,4,64,NA,NA,NA,5,6,7,7,0.7,0.7
2026-09-29T0700,3139A,111.6891,28.9881,常德市,鼎城区玉霞,,21,9,11,4,4,65,NA,NA,NA,8,10,9,9,0.7,0.8
2026-09-29T0700,3140A,111.6651,29.0526,常德市,武陵区长庚,,18,10,12,6,6,56,NA,NA,NA,5,6,6,6,0.8,0.9
2026-09-29T0700,3141A,114.3921,36.0879,安阳市,信访局,,42,34,53,29,41,31,NA,NA,NA,14,16,4,3,0.5,0.6
2026-09-29T0700,3147A,114.3434,34.8101,开封市,龙亭公园,细颗粒物(PM2.5),52,NA,30,36,23,28,NA,NA,NA,12,11,5,4,0.6,0.6
2026-09-29T0700,3148A,103.829,30.0563,眉山市,区人社局,,32,32,29,2,2,36,NA,NA,NA,16,16,9,8,0.8,0.8
2026-09-29T0700,3149A,115.0174,30.1591,黄石市,笔架山北路,,31,31,55,9,19,39,NA,NA,NA,5,8,7,9,0.5,0.5
2026-09-29T0700,3151A,114.375,27.8096,宜春市,宜春学院北校区,细颗粒物(PM2.5),96,77,48,58,30,21,NA,NA,NA,18,11,7,3,1.6,0.8
2026-09-29T0700,3153A,114.3876,30.4908,武汉市,民族大道182号,,21,NA,19,10,11,67,NA,NA,NA,9,16,6,8,0.3,0.8
2026-09-29T0700,3164A,119.4682,32.394,扬州市,广陵建设局,,24,17,20,7,8,76,NA,NA,NA,13,12,10,11,0.2,0.2
2026-09-29T0700,3171A,115.6069,34.4465,商丘市,梁园区档案局,,28,28,31,18,23,64,NA,NA,NA,12,14,5,5,0.7,0.7
2026-09-29T0700,3173A,117.0598,30.5351,安庆市,市人大,,22,NA,21,15,12,54,NA,NA,NA,9,11,6,6,0.7,0.8
2026-09-29T0700,3178A,119.0587,36.7209,潍坊市,潍坊七中,,31,31,33,20,14,40,NA,NA,NA,17,15,5,6,0.4,0.4
2026-09-29T0700,3179A,102.7491,25.012,昆明市,官渡区博物馆,,11,8,16,3,7,35,NA,NA,NA,7,8,5,4,0.4,0.4
2026-09-29T0700,3180A,99.7122,27.8129,迪庆藏族自治州,质量技术监督局,,16,12,17,6,7,51,NA,NA,NA,6,9,6,7,0.3,0.3
2026-09-29T0700,3181A,106.776805,31.852614,巴中市,市五中,,20,20,17,4,3,8,NA,NA,NA,9,9,11,10,1.0,0.8
2026-09-29T0700,3183A,106.7419,31.8654,巴中市,圣泉水务公司,,12,12,11,2,2,13,NA,NA,NA,10,12,12,12,0.8,1
2026-09-29T0700,3187A,116.9508,33.666,宿州市,远航博物馆,,24,24,26,13,14,66,NA,NA,NA,6,10,6,6,0.4,0.5
2026-09-29T0700,3188A,115.6684,37.7216,衡水市,市城管局,NA,NA,NA,NA,NA,NA,NA,NA,53,NA,NA,NA,NA,NA,NA,NA
2026-09-29T0700,3190A,116.0254,29.6995,九江市,外国语学校,,26,NA,36,18,27,66,NA,NA,NA,10,14,10,12,0.6,0.9
2026-09-29T0700,3191A,118.3243,33.95,宿迁市,宿豫区政府,,28,22,21,19,16,54,NA,NA,NA,9,9,6,5,0.6,0.6
2026-09-29T0700,3192A,80.0906,32.5029,阿里地区,阿里藏医院,,35,3,6,2,3,109,NA,NA,NA,4,6,7,8,0.2,0.2
2026-09-29T0700,3194A,112.2749,30.3124,荆州市,管委会,,22,NA,13,15,11,63,NA,NA,NA,7,11,6,6,0.5,0.5
2026-09-29T0700,3195A,119.3649,32.3961,扬州市,市体育局,,30,9,14,5,7,93,NA,NA,NA,7,9,8,9,0.4,0.4
2026-09-29T0700,3200A,115.9772,36.4986,聊城市,监控中心,,32,23,53,22,41,61,NA,NA,NA,12,18,7,8,0.2,0.3
2026-09-29T0700,3206A,114.9148,27.8069,新余市,新钢沁园村,,42,35,47,29,31,67,NA,NA,NA,14,14,11,13,0.6,0.6
2026-09-29T0700,3207A,118.31131,32.3033,滁州市,市政府原办公楼,,30,NA,8,12,14,96,NA,NA,NA,10,8,6,6,0.3,0.3
2026-09-29T0700,3208A,112.7279,38.4157,忻州市,市政府,细颗粒物(PM2.5),107,96,52,67,32,22,NA,NA,NA,32,28,9,14,1.5,1.1
2026-09-29T0700,3209A,119.5231,26.6562,宁德市,宁德一中,,46,34,49,32,38,40,NA,NA,NA,7,9,4,5,0.8,1.2
2026-09-29T0700,3210A,114.3645,34.7955,开封市,汴京公园,,46,46,33,31,23,24,NA,NA,NA,15,13,6,6,0.9,0.8
2026-09-29T0700,3216A,117.662,24.5187,漳州市,漳州党校,,50,48,48,35,33,43,NA,NA,NA,13,9,/,/,/,/
2026-09-29T0700,3237A,117.4918,30.6617,池州市,展览馆,,25,25,23,14,13,41,NA,NA,NA,16,12,4,4,0.5,0.7
2026-09-29T0700,3241A,103.7439,36.0841,兰州市,百合公园,颗粒物(PM10),51,51,44,12,16,9,NA,NA,NA,42,36,5,6,0.6,0.6
2026-09-29T0700,3242A,103.9613,35.9985,兰州市,和平,,29,29,27,12,10,31,NA,NA,NA,25,11,11,11,0.4,0.3
2026-09-29T0700,3247A,104.9551,33.3709,陇南市,市总工会,,26,26,33,10,8,21,NA,NA,NA,9,13,8,8,0.6,0.6
2026-09-29T0700,3248A,98.2644,39.7723,嘉峪关市,雄关区,颗粒物(PM10),52,52,54,13,16,35,NA,NA,NA,31,17,10,11,0.3,0.3
2026-09-29T0700,3265A,121.4242,31.3303,上海市,宝山庙行,,26,20,16,14,10,81,NA,NA,NA,24,16,8,8,0.5,0.4
2026-09-29T0700,3266A,121.8789,31.4662,上海市,崇明上实东滩,,30,19,14,11,10,95,NA,NA,NA,5,5,10,10,0.3,0.4
2026-09-29T0700,3268A,121.316,31.2839,上海市,嘉定南翔,,29,16,11,13,10,91,NA,NA,NA,17,18,6,6,0.3,0.3
2026-09-29T0700,3269A,121.3357,30.7455,上海市,金山新城,,23,21,12,16,10,70,NA,NA,NA,16,13,4,4,0.6,0.6
2026-09-29T0700,3270A,121.4996,31.0741,上海市,闵行浦江,,25,21,12,13,9,79,NA,NA,NA,16,9,6,6,0.7,0.6
2026-09-29T0700,3271A,121.2886,31.1663,上海市,青浦徐泾,,30,18,11,14,9,93,NA,NA,NA,8,9,6,6,0.6,0.6
2026-09-29T0700,3272A,121.2193,31.0382,上海市,松江图书馆,,25,20,12,15,10,77,NA,NA,NA,22,15,8,7,0.6,0.5
2026-09-29T0700,3273A,121.3904,31.206,上海市,长宁仙霞,,29,18,12,14,9,90,NA,NA,NA,17,18,2,2,0.3,0.3
2026-09-29T0700,3274A,121.7964,31.0507,上海市,浦东惠南,,29,21,12,12,8,92,NA,NA,NA,11,8,9,10,0.8,0.7
2026-09-29T0700,3282A,113.3399,40.0586,大同市,大同市卫生学校,,26,25,26,18,11,18,NA,NA,NA,20,19,7,11,0.6,0.5
2026-09-29T0700,3283A,109.9154,40.5684,包头市,滨河大厦,颗粒物(PM10),63,67,31,34,20,24,NA,NA,NA,31,26,9,10,0.4,0.3
2026-09-29T0700,3284A,106.8129,39.7274,乌海市,海北新区,颗粒物(PM10),152,253,89,52,20,12,NA,NA,NA,57,28,23,12,0.8,0.5
2026-09-29T0700,3285A,113.1383,40.9513,乌兰察布市,北京八中,,39,39,36,24,13,35,NA,NA,NA,18,15,6,6,0.3,0.2
2026-09-29T0700,3286A,118.9359,42.3146,赤峰市,桥北物流园区,,32,25,18,22,12,82,NA,NA,NA,20,19,4,5,0.6,0.6
2026-09-29T0700,3287A,119.3842,32.198,镇江市,富润路1号,,25,18,13,15,12,80,NA,NA,NA,16,13,8,9,0.3,0.3
2026-09-29T0700,3288A,117.4619,34.4368,徐州市,大泉街道,,30,23,52,21,47,51,NA,NA,NA,14,15,5,6,0.5,0.7
2026-09-29T0700,3289A,120.7431,31.3188,苏州市,方洲路,,19,18,14,12,8,58,NA,NA,NA,17,18,7,8,0.5,0.6
2026-09-29T0700,3290A,120.4979,31.2777,苏州市,木渎中学,,23,16,11,10,7,72,NA,NA,NA,15,17,5,5,0.7,0.7
2026-09-29T0700,3291A,121.0631,32.0644,南通市,通州监测站,,27,9,12,4,7,86,NA,NA,NA,4,5,1,1,0.5,0.6
2026-09-29T0700,3293A,120.1518,33.3369,盐城市,月亮广场,,25,11,15,7,9,78,NA,NA,NA,5,5,10,10,0.2,0.2
2026-09-29T0700,3294A,119.565282,32.422263,扬州市,引江管理处,,23,14,16,9,11,71,NA,NA,NA,7,8,3,5,0.6,0.6
2026-09-29T0700,3295A,120.1226,32.515,泰州市,姜堰区政府广场,,26,7,17,7,10,83,NA,NA,NA,4,6,8,8,0.6,0.6
2026-09-29T0700,3298A,113.5718,23.5493,广州市,从化街口,,36,36,30,22,18,1,NA,NA,NA,26,17,9,9,0.7,0.6
2026-09-29T0700,3299A,113.3463,23.369,广州市,白云竹料,,31,31,31,18,18,19,NA,NA,NA,22,20,4,5,0.8,0.8
2026-09-29T0700,3300A,113.2981,23.2365,广州市,白云嘉禾,,28,24,31,19,20,21,NA,NA,NA,24,21,3,3,/,/
2026-09-29T0700,3301A,113.4256,23.1716,广州市,黄埔科学城,,26,26,30,18,19,7,NA,NA,NA,18,17,5,5,0.9,0.8
2026-09-29T0700,3302A,113.3942,23.0485,广州市,番禺大学城,,26,26,30,13,16,43,NA,NA,NA,11,18,8,8,0.4,0.4
2026-09-29T0700,3303A,113.4923,22.8169,广州市,南沙黄阁,,28,24,28,19,21,17,NA,NA,NA,18,11,8,9,/,/
2026-09-29T0700,3304A,113.534,22.7893,广州市,南沙街,,26,23,24,18,20,8,NA,NA,NA,13,11,10,10,0.8,0.8
2026-09-29T0700,3305A,114.0614,22.556,深圳市,莲花,,15,13,25,10,18,30,NA,NA,NA,6,13,/,/,/,/
2026-09-29T0700,3306A,114.0144,22.6163,深圳市,民治,,19,14,28,13,18,14,NA,NA,NA,31,12,/,/,/,/
2026-09-29T0700,3307A,114.1756,22.6421,深圳市,横岗,,20,19,30,14,18,20,NA,NA,NA,24,19,/,/,/,/
2026-09-29T0700,3308A,113.3493,22.0572,珠海市,金湾,,17,10,23,10,17,52,NA,NA,NA,5,5,/,/,0.4,0.5
2026-09-29T0700,3311A,113.1077,22.5647,江门市,江海富民,颗粒物(PM10),53,54,38,23,18,25,NA,NA,NA,18,14,/,/,0.5,0.5
2026-09-29T0700,3313A,112.4572,23.0163,肇庆市,高要湖西,,26,25,20,18,15,15,NA,NA,NA,13,8,8,7,0.6,0.5
2026-09-29T0700,3314A,114.4334,22.8134,惠州市,惠阳秋长,颗粒物(PM10),58,61,35,30,23,2,NA,NA,NA,33,24,/,/,/,/
2026-09-29T0700,3315A,116.1234,24.2994,梅州市,梅龙,,29,29,32,20,22,47,NA,NA,NA,11,10,11,8,0.8,0.7
2026-09-29T0700,3317A,111.9785,21.8954,阳江市,两阳中学,,21,21,23,12,15,18,NA,NA,NA,17,7,/,/,0.6,0.6
2026-09-29T0700,3318A,112.9898,23.7403,清远市,清新太和,,40,40,29,26,18,13,NA,NA,NA,24,12,10,10,0.8,0.7
2026-09-29T0700,3319A,113.7283,23.041,东莞市,万江金泰,,30,27,31,21,22,25,NA,NA,NA,14,13,6,6,0.9,0.8
2026-09-29T0700,3320A,116.4028,23.5699,揭阳市,曲溪,,42,40,38,29,23,38,NA,NA,NA,12,7,8,8,0.7,0.7
2026-09-29T0700,3323A,115.2772,40.9723,张家口市,青少年活动中心,,12,12,10,8,8,25,NA,NA,NA,6,5,2,2,0.1,0.1
2026-09-29T0700,3324A,116.8011,38.294,沧州市,河北水利电力学院,NA,NA,NA,53,NA,19,NA,NA,29,NA,NA,37,NA,8,NA,0.5
2026-09-29T0700,3325A,117.0362,39.3827,天津市,雍阳西道,NA,NA,NA,55,NA,34,NA,NA,26,NA,NA,20,NA,8,NA,1.0
2026-09-29T0700,3326A,117.0291,39.0612,天津市,辛老路,细颗粒物(PM2.5),105,84,48,65,25,17,NA,NA,NA,41,26,6,6,0.7,0.6
2026-09-29T0700,3327A,116.9638,38.9374,天津市,地纬路,细颗粒物(PM2.5),106,105,51,66,26,10,NA,NA,NA,42,26,9,8,0.8,0.7
2026-09-29T0700,3328A,118.4209,31.3704,芜湖市,市气象局,,28,28,14,15,13,64,NA,NA,NA,7,6,8,8,0.5,0.5
2026-09-29T0700,3329A,117.011,32.5891,淮南市,山南新区,,26,7,11,2,10,82,NA,NA,NA,7,11,3,3,0.1,0.2
2026-09-29T0700,3331A,118.3268,32.2633,滁州市,图书馆,,27,9,9,8,9,86,NA,NA,NA,1,4,7,7,0.4,0.5
2026-09-29T0700,3332A,115.7631,33.803,亳州市,亳州学院,,36,25,31,25,19,67,NA,NA,NA,8,10,2,1,0.5,0.4
2026-09-29T0700,3333A,117.5626,30.695,池州市,第八中学,,30,30,25,15,14,42,NA,NA,NA,17,14,5,6,0.6,0.8
2026-09-29T0700,3334A,117.5037,30.6242,池州市,第十二中学,,20,20,23,10,14,47,NA,NA,NA,14,13,4,4,0.7,1
2026-09-29T0700,3335A,113.3137,35.2643,焦作市,马村街道办,,49,49,65,31,40,13,NA,NA,NA,25,19,4,3,0.7,0.7
2026-09-29T0700,3336A,113.2464,35.2374,焦作市,焦作技师学院,颗粒物(PM10),55,56,71,20,36,19,NA,NA,NA,18,16,9,8,0.7,0.8
2026-09-29T0700,3337A,113.8611,34.0443,许昌市,许昌学院,,25,24,22,17,18,40,NA,NA,NA,12,13,6,6,0.4,0.4
2026-09-29T0700,3338A,113.8428,34.0825,许昌市,芙蓉广场,,26,24,20,18,20,36,NA,NA,NA,7,8,7,6,0.6,0.6
2026-09-29T0700,3339A,114.0002,33.0404,驻马店市,小管楼,,28,21,19,19,12,59,NA,NA,NA,10,10,5,5,0.1,0.1
2026-09-29T0700,3340A,112.6005,34.6323,洛阳市,伊滨,,28,28,28,9,21,25,NA,NA,NA,14,15,9,8,0.3,0.4
2026-09-29T0700,3341A,112.495,34.6338,洛阳市,中移产业园,,25,21,25,17,20,25,NA,NA,NA,10,11,9,10,0.4,0.5
2026-09-29T0700,3342A,128.7948,47.7291,伊春市,中心小学,,21,21,22,6,9,5,NA,NA,NA,8,11,1,2,0.4,0.4
2026-09-29T0700,3343A,128.6736,47.729,伊春市,检察院,,16,16,20,2,9,10,NA,NA,NA,4,5,7,6,0.3,0.3
2026-09-29T0700,3345A,131.0413,45.7795,七台河市,中波台,,20,20,20,8,9,19,NA,NA,NA,23,11,4,3,0.6,0.5
2026-09-29T0700,3346A,108.3871,31.1627,重庆市,安康,,18,18,19,6,7,8,NA,NA,NA,8,9,8,8,0.8,0.8
2026-09-29T0700,3347A,105.8983,29.36,重庆市,北山路,,20,20,22,12,15,12,NA,NA,NA,21,10,10,9,0.5,0.6
2026-09-29T0700,3350A,106.648859,29.023807,重庆市,滩子口,,21,21,34,7,20,19,NA,NA,NA,9,12,11,15,0.4,0.5
2026-09-29T0700,3351A,105.7164,29.7077,重庆市,棠香,,18,18,16,5,11,16,NA,NA,NA,12,7,10,10,0.4,0.5
2026-09-29T0700,3352A,107.0733,29.8618,重庆市,桃源西路,,26,26,24,8,12,19,NA,NA,NA,10,10,4,8,0.8,0.9
2026-09-29T0700,3353A,107.3536,29.7283,重庆市,迎宾大道,,21,21,26,2,13,20,NA,NA,NA,10,16,3,4,0.5,0.7
2026-09-29T0700,3354A,108.8152,29.5079,重庆市,舟白,,23,23,36,4,22,34,NA,NA,NA,6,9,5,6,0.4,0.4
2026-09-29T0700,3355A,108.3679,30.8429,重庆市,周家坝,,22,22,27,6,13,27,NA,NA,NA,15,14,5,9,0.5,0.7
2026-09-29T0700,3356A,108.4323,30.7554,重庆市,百安坝,,15,11,24,2,10,46,NA,NA,NA,5,12,10,12,0.4,0.5
2026-09-29T0700,3357A,104.0028,30.6891,成都市,金博路,,20,20,15,7,10,31,NA,NA,NA,16,18,3,2,0.5,0.7
2026-09-29T0700,3359A,104.056,30.5228,成都市,华阳,颗粒物(PM10),62,66,23,8,12,3,NA,NA,NA,11,15,2,2,1.0,1
2026-09-29T0700,3360A,104.7894,29.3197,自贡市,南湖救助站,,12,10,17,0,8,36,NA,NA,NA,10,9,5,8,1.1,1.1
2026-09-29T0700,3361A,103.7313,29.563,乐山市,理工大学,,17,17,12,0,2,11,NA,NA,NA,9,9,11,8,1.1,0.9
2026-09-29T0700,3363A,117.9883,36.8372,淄博市,新区,细颗粒物(PM2.5),131,NA,49,94,36,44,NA,NA,NA,34,23,7,6,1.1,0.7
2026-09-29T0700,3364A,117.316,34.8106,枣庄市,市环保局,,29,29,59,17,41,53,NA,NA,NA,9,17,3,5,0.7,0.7
2026-09-29T0700,3365A,118.5721,37.5654,东营市,垦利区民丰路,细颗粒物(PM2.5),112,107,34,73,17,16,NA,NA,NA,45,21,7,6,0.6,0.2
2026-09-29T0700,3366A,121.5202,37.4336,烟台市,中国农业大学,,19,17,18,9,6,60,NA,NA,NA,15,11,8,8,0.2,0.2
2026-09-29T0700,3368A,119.1978,36.6871,潍坊市,高新实验学校,,31,31,35,12,8,32,NA,NA,NA,16,15,7,8,0.7,0.6
2026-09-29T0700,3370A,118.3563,35.0215,临沂市,十里堡居委,,49,36,49,34,49,14,NA,NA,NA,38,27,12,11,0.9,0.9
2026-09-29T0700,3371A,116.3693,37.44,德州市,开发区人民医院,细颗粒物(PM2.5),56,48,60,38,38,33,NA,NA,NA,24,21,4,8,0.5,0.6
2026-09-29T0700,3374A,115.5562,35.089,菏泽市,定陶老年大学,,38,34,43,26,30,29,NA,NA,NA,12,13,5,6,0.1,0.2
2026-09-29T0700,3375A,102.8016,24.8336,昆明市,青年创业园,,10,8,12,4,6,31,NA,NA,NA,10,8,3,3,0.5,0.5
2026-09-29T0700,3376A,103.7926,25.4651,曲靖市,南苑二区,,14,14,17,8,10,34,NA,NA,NA,5,5,4,4,0.5,0.4
2026-09-29T0700,3377A,103.7442,25.5259,曲靖市,曲靖师范学院,,16,16,13,8,9,42,NA,NA,NA,4,4,3,3,0.4,0.4
2026-09-29T0700,3379A,122.1122,40.2275,营口市,鲅鱼圈市民活动中心,,20,12,32,7,11,64,NA,NA,NA,11,24,4,6,0.5,0.7
2026-09-29T0700,3380A,102.8915,34.9618,甘南藏族自治州,甘肃民族师范学院,,41,41,32,13,10,11,NA,NA,NA,15,14,7,7,0.4,0.3
2026-09-29T0700,3396A,112.0764,32.0089,襄阳市,襄城隆中路,,24,19,15,5,9,74,NA,NA,NA,10,13,8,8,0.7,0.7
2026-09-29T0700,3397A,112.1154,32.103,襄阳市,高新台子湾,,22,NA,14,13,13,69,NA,NA,NA,6,8,7,7,0.6,0.6
2026-09-29T0700,3398A,114.9134,30.4446,黄冈市,市林业局,,18,6,17,5,7,57,NA,NA,NA,4,7,4,4,0.3,0.4
2026-09-29T0700,3399A,112.6703,26.8817,衡阳市,师范学院,,29,23,42,20,27,31,NA,NA,NA,7,8,6,8,0.9,0.7
2026-09-29T0700,3400A,109.1844,21.4396,北海市,龙潭自来水厂,,16,16,16,7,7,38,NA,NA,NA,6,4,1,2,0.7,0.7
2026-09-29T0700,3401A,108.4829,22.762,南宁市,红星社区,,21,21,17,12,9,24,NA,NA,NA,12,6,6,7,0.8,0.8
2026-09-29T0700,3402A,109.5422,24.3994,柳州市,市二中,,18,17,22,12,12,28,NA,NA,NA,12,10,10,10,0.6,0.6
2026-09-29T0700,3404A,108.5959,21.9634,钦州市,北职校,,18,18,18,2,5,34,NA,NA,NA,9,6,9,9,0.5,0.5
2026-09-29T0700,3405A,109.5886,23.1172,贵港市,新世纪学校,,24,24,22,6,12,26,NA,NA,NA,16,12,/,/,0.5,0.5
2026-09-29T0700,3407A,120.6915,30.7741,嘉兴市,秀洲住建,,23,23,13,16,6,56,NA,NA,NA,26,18,7,6,0.7,0.7
2026-09-29T0700,3408A,120.5685,29.936,绍兴市,绍兴中专,,30,30,28,20,20,74,NA,NA,NA,7,12,6,6,0.5,0.7
2026-09-29T0700,3409A,120.4905,30.086,绍兴市,柯桥区政府,,26,19,22,18,21,63,NA,NA,NA,8,16,6,6,0.6,0.7
2026-09-29T0700,3410A,120.8751,30.0249,绍兴市,重华小学,,21,17,24,11,18,66,NA,NA,NA,10,15,6,6,0.8,1
2026-09-29T0700,3411A,120.837,30.0137,绍兴市,上虞中学,,21,19,26,10,18,66,NA,NA,NA,10,15,4,4,0.7,0.9
2026-09-29T0700,3416A,119.1758,36.7139,潍坊市,潍坊学院,,27,27,32,13,10,57,NA,NA,NA,18,18,7,7,0.7,0.5
2026-09-29T0700,3418A,116.8336,40.4095,北京市,密云新城,,42,42,28,25,14,16,NA,NA,NA,21,12,2,3,0.6,0.5
2026-09-29T0700,3419A,109.9449,40.6259,包头市,包头市委党校,颗粒物(PM10),66,72,43,28,21,1,NA,NA,NA,55,48,5,10,0.6,0.6
2026-09-29T0700,3421A,113.1776,40.9779,乌兰察布市,市委党校,,32,30,32,22,15,24,NA,NA,NA,31,15,3,2,0.5,0.4
2026-09-29T0700,3422A,118.8443,31.919,南京市,江宁彩虹桥,,29,17,15,4,2,91,NA,NA,NA,6,6,3,4,0.2,0.2
2026-09-29T0700,3425A,120.642,31.1733,苏州市,越秀幼儿园,,30,30,20,21,11,33,NA,NA,NA,42,20,4,5,0.7,0.7
2026-09-29T0700,3426A,118.8757,33.2897,淮安市,新华书店,,28,28,21,16,12,52,NA,NA,NA,11,10,10,9,0.6,0.6
2026-09-29T0700,3427A,118.8497,32.3599,南京市,六合雄州,,24,13,12,4,4,76,NA,NA,NA,10,8,4,4,0.5,0.5
2026-09-29T0700,3429A,119.8595,31.706,常州市,武进经发区,,36,36,21,18,10,55,NA,NA,NA,17,18,7,7,0.9,1
2026-09-29T0700,3430A,119.5812,31.7256,常州市,金坛城区,,23,NA,12,11,9,72,NA,NA,NA,14,15,3,3,0.4,0.5
2026-09-29T0700,3431A,120.6502,31.4117,苏州市,高铁新城,,24,16,11,9,7,76,NA,NA,NA,15,17,7,7,0.6,0.6
2026-09-29T0700,3432A,120.9348,31.9874,南通市,环境教育馆,,27,17,16,6,6,84,NA,NA,NA,12,11,5,5,0.4,0.4
2026-09-29T0700,3434A,119.2414,34.6539,连云港市,工贸学校,,19,17,26,13,18,49,NA,NA,NA,9,13,8,8,0.4,0.6
2026-09-29T0700,3435A,119.9186,32.4322,泰州市,周山河街区,,24,8,15,8,10,74,NA,NA,NA,7,8,10,10,0.5,0.5
2026-09-29T0700,3436A,120.4283,33.2048,盐城市,大丰高级中学,,30,7,9,6,7,93,NA,NA,NA,7,6,8,7,0.9,0.3
2026-09-29T0700,3437A,88.3088,43.3637,乌鲁木齐市,达坂城区环保局,,23,23,34,7,8,60,NA,NA,NA,4,7,2,3,0.2,0.2
2026-09-29T0700,3438A,87.6132,43.8791,乌鲁木齐市,红光山片区,颗粒物(PM10),60,63,53,20,17,15,NA,NA,NA,54,38,4,4,0.2,0.2
2026-09-29T0700,3439A,87.7008,43.8003,乌鲁木齐市,新师大温泉校区,颗粒物(PM10),52,52,55,13,14,79,NA,NA,NA,6,11,2,3,0.3,0.3
2026-09-29T0700,3440A,87.4892,43.84,乌鲁木齐市,大绿谷,颗粒物(PM10),64,69,60,27,16,10,NA,NA,NA,57,28,1,2,0.5,0.5
2026-09-29T0700,3441A,87.5461,44.1909,五家渠市,经开区管委会,,44,44,49,23,14,41,NA,NA,NA,7,9,3,4,0.3,0.4
2026-09-29T0700,3442A,86.047,44.2331,石河子市,南区管委会,颗粒物(PM10),63,68,53,17,7,33,NA,NA,NA,10,13,4,5,0.3,0.2
2026-09-29T0700,3443A,113.2905,23.5541,广州市,花都梯面,,35,35,28,23,17,2,NA,NA,NA,33,18,6,7,/,/
2026-09-29T0700,3444A,116.4539,23.2684,汕头市,潮南峡山,,39,39,33,25,21,34,NA,NA,NA,13,11,8,9,0.8,0.7
2026-09-29T0700,3445A,113.786,23.7479,广州市,从化良口,,48,41,22,33,17,14,NA,NA,NA,12,11,6,6,/,/
2026-09-29T0700,3446A,113.805,23.2614,广州市,增城荔城,,35,35,30,22,18,2,NA,NA,NA,30,18,8,9,0.7,0.6
2026-09-29T0700,3447A,114.344,22.7115,深圳市,坪山,,24,24,32,14,16,6,NA,NA,NA,28,22,5,5,0.8,0.7
2026-09-29T0700,3448A,113.5436,22.1163,珠海市,横琴,,16,14,25,11,19,44,NA,NA,NA,3,2,/,/,/,/
2026-09-29T0700,3449A,113.0496,22.4669,江门市,新会银湖,,37,37,28,17,16,1,NA,NA,NA,22,16,3,2,0.7,0.6
2026-09-29T0700,3450A,111.0101,21.5165,茂名市,电白水东,,22,22,11,15,13,9,NA,NA,NA,21,6,4,4,/,/
2026-09-29T0700,3451A,112.5617,23.2082,肇庆市,鼎湖凤凰,,20,18,17,14,13,8,NA,NA,NA,8,9,8,8,/,/
2026-09-29T0700,3452A,114.6521,22.7755,惠州市,大亚湾霞涌,,37,37,35,21,20,8,NA,NA,NA,16,10,/,/,/,/
2026-09-29T0700,3453A,112.0125,21.8749,阳江市,阳东陶然,,15,14,16,10,14,41,NA,NA,NA,8,5,8,6,0.1,0.2
2026-09-29T0700,3454A,113.3527,22.4781,中山市,中山南区,,12,NA,15,8,20,34,NA,NA,NA,7,7,7,8,0.6,0.6
2026-09-29T0700,3455A,113.076,23.72,清远市,清城东城,,37,37,30,23,17,14,NA,NA,NA,26,16,/,/,/,/
2026-09-29T0700,3456A,114.2887,38.0905,石家庄市,鹿泉一中,细颗粒物(PM2.5),76,81,66,48,29,15,NA,NA,NA,16,14,4,2,0.6,0.4
2026-09-29T0700,3457A,118.4357,39.277,唐山市,冀东油田职工医院,,48,48,28,12,6,60,NA,NA,NA,22,11,1,2,0.6,0.3
2026-09-29T0700,3458A,114.7893,36.5592,邯郸市,香泉濮院小区,,46,NA,74,32,71,39,NA,NA,NA,13,24,3,4,0.6,0.6
2026-09-29T0700,3459A,115.599,37.5491,衡水市,地表水厂,颗粒物(PM10),52,52,76,18,32,16,NA,NA,NA,18,30,1,2,0.5,0.5
2026-09-29T0700,3460A,117.4065,40.0583,天津市,北环路,,37,37,28,19,13,45,NA,NA,NA,7,10,6,7,0.2,0.3
2026-09-29T0700,3461A,117.3041,39.7167,天津市,建设路,,46,46,31,21,15,2,NA,NA,NA,38,27,2,7,0.6,0.6
2026-09-29T0700,3462A,117.8201,39.3519,天津市,滨水东路,颗粒物(PM10),83,96,28,42,12,36,NA,NA,NA,46,22,14,11,1.6,0.6
2026-09-29T0700,3463A,116.9708,33.5911,宿州市,社会福利中心,,29,NA,14,20,14,73,NA,NA,NA,7,10,6,6,0.5,0.5
2026-09-29T0700,3464A,117.3802,31.9148,合肥市,高教基地,,22,22,10,11,3,66,NA,NA,NA,8,7,9,7,0.5,0.4
2026-09-29T0700,3465A,118.4783,31.3226,芜湖市,清苑社区,,22,22,17,12,8,58,NA,NA,NA,15,14,6,6,0.5,0.5
2026-09-29T0700,3466A,118.2746,31.2326,芜湖市,扬子职业技术学院,,24,24,18,13,10,70,NA,NA,NA,9,10,5,5,0.6,0.6
2026-09-29T0700,3468A,115.79,32.8614,阜阳市,市规划展馆,,25,8,17,8,10,79,NA,NA,NA,1,3,4,4,0.4,0.5
2026-09-29T0700,3469A,115.835101,32.918568,阜阳市,枣园社区,,21,12,21,11,12,66,NA,NA,NA,11,11,3,3,0.5,0.5
2026-09-29T0700,3471A,113.6104,34.8688,郑州市,惠济区政府,,39,36,37,27,28,6,NA,NA,NA,26,24,4,3,0.7,0.6
2026-09-29T0700,3473A,114.2485,34.8306,开封市,技师学院,NA,NA,NA,46,NA,25,NA,NA,40,NA,NA,13,NA,4,NA,1.0
2026-09-29T0700,3474A,114.2616,35.6824,鹤壁市,大新区,,43,43,54,22,35,20,NA,NA,NA,17,17,4,5,0.5,0.6
2026-09-29T0700,3475A,113.9189,35.3042,新乡市,市政府,,43,43,54,20,27,50,NA,NA,NA,12,15,3,3,0.5,0.4
2026-09-29T0700,3477A,113.1656,35.2536,焦作市,中站许衡医院,,31,31,49,12,34,24,NA,NA,NA,12,15,5,7,0.3,0.6
2026-09-29T0700,3478A,113.9691,33.568,漯河市,市图书馆,,30,26,23,21,16,44,NA,NA,NA,15,10,6,6,0.5,0.5
2026-09-29T0700,3481A,125.127,46.6277,大庆市,萨区政府监测点,,22,17,19,15,9,53,NA,NA,NA,13,10,8,8,0.4,0.4
2026-09-29T0700,3482A,107.754,29.3275,重庆市,芙蓉中路,,9,9,30,3,21,23,NA,NA,NA,9,11,10,10,0.8,0.7
2026-09-29T0700,3484A,106.2629,29.3202,重庆市,行政中心,,36,36,38,7,14,14,NA,NA,NA,12,10,11,11,0.6,0.7
2026-09-29T0700,3486A,124.4029,43.1411,四平市,植物园,,35,35,22,21,16,62,NA,NA,NA,17,20,4,5,0.2,0.2
2026-09-29T0700,3488A,104.387954,30.746684,成都市,青白江技师分院,,30,24,25,21,15,6,NA,NA,NA,30,20,2,1,0.9,0.8
2026-09-29T0700,3489A,104.0788,30.4054,成都市,科学城,,15,15,18,8,8,33,NA,NA,NA,12,14,8,8,0.7,0.7
2026-09-29T0700,3491A,104.6899,31.5324,绵阳市,西科大附属小学,,32,32,24,13,10,17,NA,NA,NA,28,22,9,9,0.5,0.5
2026-09-29T0700,3492A,104.5647,31.5343,绵阳市,安州区旅游局,颗粒物(PM10),55,57,27,16,17,16,NA,NA,NA,24,17,9,7,0.2,0.3
2026-09-29T0700,3494A,117.1673,36.9782,济南市,济阳区政府,细颗粒物(PM2.5),101,73,80,61,49,80,NA,NA,NA,16,22,4,8,0.6,0.6
2026-09-29T0700,3495A,117.1168,36.6299,济南市,锦屏中学,细颗粒物(PM2.5),58,49,51,39,34,118,NA,NA,NA,6,12,5,6,0.4,0.2
2026-09-29T0700,3496A,118.359,35.1067,临沂市,南坊新区,细颗粒物(PM2.5),92,NA,57,56,62,27,NA,NA,NA,22,22,2,1,0.6,0.7
2026-09-29T0700,3498A,118.5063,37.8606,东营市,河口城区,细颗粒物(PM2.5),115,85,28,76,12,30,NA,NA,NA,24,10,2,3,0.8,0.5
2026-09-29T0700,3500A,116.5808,35.3703,济宁市,北湖一中,细颗粒物(PM2.5),103,66,61,63,52,59,NA,NA,NA,13,15,1,3,0.4,0.4
2026-09-29T0700,3501A,116.8251,35.5592,济宁市,服务中心,细颗粒物(PM2.5),102,NA,62,62,57,52,NA,NA,NA,14,22,4,5,0.8,0.7
2026-09-29T0700,3502A,117.1812,36.2273,泰安市,国网新校,细颗粒物(PM2.5),108,NA,71,68,56,60,NA,NA,NA,10,12,4,6,0.6,0.6
2026-09-29T0700,3503A,117.0315,36.2017,泰安市,交通技校,细颗粒物(PM2.5),122,NA,70,84,63,65,NA,NA,NA,20,20,8,8,0.8,0.8
2026-09-29T0700,3504A,117.083,36.13,泰安市,山东第一医科大学,细颗粒物(PM2.5),150,NA,82,114,87,39,NA,NA,NA,34,28,7,9,0.6,0.6
2026-09-29T0700,3505A,122.1379,37.3414,威海市,临港区管委会,NA,NA,14,16,7,5,52,NA,NA,NA,20,15,NA,7,0.2,0.2
2026-09-29T0700,3507A,119.5326,35.4627,日照市,职业技术学院,,25,24,25,6,11,10,NA,NA,NA,50,20,9,10,0.4,0.4
2026-09-29T0700,3511A,116.5687,37.3331,德州市,陵城艺术中心,"颗粒物(PM10),细颗粒物(PM2.5)",56,58,66,38,36,43,NA,NA,NA,15,21,7,9,0.6,0.6
2026-09-29T0700,3513A,116.0443,36.436,聊城市,九州社区,颗粒物(PM10),62,66,85,30,39,52,NA,NA,NA,14,16,6,8,0.5,0.5
2026-09-29T0700,3514A,117.9379,37.3959,滨州市,中海酒店,细颗粒物(PM2.5),118,114,47,79,25,57,NA,NA,NA,24,19,8,9,0.6,0.5
2026-09-29T0700,3515A,117.9381509,37.35547456,滨州市,开发区一中,细颗粒物(PM2.5),136,129,59,99,32,44,NA,NA,NA,24,17,8,10,0.8,0.5
2026-09-29T0700,3516A,118.0914,37.6938,滨州市,金海六路,细颗粒物(PM2.5),140,107,45,104,24,42,NA,NA,NA,29,19,3,6,1.0,0.7
2026-09-29T0700,3520A,106.3495,38.9837,石嘴山市,妇女儿童医院,颗粒物(PM10),68,75,61,26,20,55,NA,NA,NA,16,13,11,8,0.5,0.4
2026-09-29T0700,3521A,106.7495,39.2068,石嘴山市,石大公路,颗粒物(PM10),124,180,89,49,26,15,NA,NA,NA,35,21,10,15,1.3,0.7
2026-09-29T0700,3523A,106.5105,38.3857,银川市,滨河新区,,50,50,52,18,18,52,NA,NA,NA,15,15,8,12,0.3,0.4
2026-09-29T0700,3525A,108.6394,34.408,咸阳市,奥体中心,,36,NA,22,25,22,12,NA,NA,NA,26,15,2,2,0.5,0.6
2026-09-29T0700,3526A,119.5188,25.9666,福州市,吴航,细颗粒物(PM2.5),58,48,45,39,33,62,NA,NA,NA,14,7,8,9,0.6,0.6
2026-09-29T0700,3527A,118.0961,24.5689,厦门市,集美中学,颗粒物(PM10),57,59,45,36,26,56,NA,NA,NA,14,15,3,3,0.5,0.6
2026-09-29T0700,3528A,118.1502,24.7246,厦门市,同安二实小,,43,35,36,30,27,33,NA,NA,NA,6,8,2,3,0.8,0.8
2026-09-29T0700,3530A,117.6288,24.5309,漳州市,西洋坪路,细颗粒物(PM2.5),58,45,47,39,32,28,NA,NA,NA,17,12,6,6,0.5,0.5
2026-09-29T0700,3531A,110.296,25.1254,桂林市,旅游学院,,28,27,24,19,14,17,NA,NA,NA,22,14,3,5,0.6,0.6
2026-09-29T0700,3532A,110.1951,22.6832,玉林市,玉林师范学院东校区,,28,20,23,19,17,30,NA,NA,NA,14,10,4,7,0.4,0.4
2026-09-29T0700,3533A,110.0527,22.5894,玉林市,福绵环保局,,25,25,22,11,14,28,NA,NA,NA,11,9,9,7,0.5,0.6
2026-09-29T0700,3534A,111.4744,24.455,贺州市,西湾,,32,32,31,14,17,12,NA,NA,NA,19,14,8,9,0.4,0.5
2026-09-29T0700,3535A,109.1781,23.7293,来宾市,兴宾区政府,,25,20,20,17,10,32,NA,NA,NA,9,6,11,6,0.5,0.5
2026-09-29T0700,3538A,107.5175,26.2977,黔南布依族苗族自治州,沙坝,,18,NA,15,9,11,56,NA,NA,NA,3,4,5,3,0.6,0.6
2026-09-29T0700,3539A,110.5111,19.9737,海口市,桂林洋子站,,24,24,17,10,10,16,NA,NA,NA,11,8,/,/,/,/
2026-09-29T0700,3540A,109.7348,18.3443,三亚市,君悦子站,,22,22,19,6,8,6,NA,NA,NA,11,8,4,4,0.6,0.5
2026-09-29T0700,3541A,109.5726195,19.51688767,儋州市,第一中学子站,,15,15,16,6,7,12,NA,NA,NA,3,4,2,3,0.5,0.5
2026-09-29T0700,3542A,109.5567,19.5187,儋州市,东坡学校子站,,16,16,15,6,8,10,NA,NA,NA,3,4,6,6,0.4,0.4
2026-09-29T0700,3544A,121.4891,30.925,上海市,奉贤南桥新城,,27,25,14,15,10,85,NA,NA,NA,9,11,5,5,0.3,0.3
2026-09-29T0700,3545A,110.8053,32.8401,十堰市,郧阳区金沙路,,24,10,15,1,6,75,NA,NA,NA,9,8,9,8,0.8,0.6
2026-09-29T0700,3546A,111.4606,30.5519,宜昌市,猇亭区张家湾站,,15,14,19,0,4,46,NA,NA,NA,8,11,8,9,0.3,0.3
2026-09-29T0700,3547A,112.1631,31.0134,荆门市,龙泉中学南校,,29,NA,5,6,3,92,NA,NA,NA,3,4,6,6,0.6,0.5
2026-09-29T0700,3549A,109.5061,30.3771,恩施土家族苗族自治州,龙凤新区,,13,12,27,1,16,40,NA,NA,NA,3,9,5,5,0.5,0.6
2026-09-29T0700,3550A,102.8,24.9787,昆明市,昆明学院,,11,10,14,2,4,35,NA,NA,NA,8,8,6,6,0.3,0.3
2026-09-29T0700,3551A,102.5969,24.6738,昆明市,晋宁区生态环境分局,,13,9,16,4,8,41,NA,NA,NA,2,3,2,2,0.5,0.5
2026-09-29T0700,3552A,102.6673,24.9861,昆明市,云天化总部,,12,10,12,3,5,38,NA,NA,NA,7,7,5,5,0.2,0.2
2026-09-29T0700,3557A,119.9463,30.0496,杭州市,镇二中,,20,19,30,14,24,44,NA,NA,NA,12,17,7,7,0.6,0.8
2026-09-29T0700,3558A,119.7184,30.2367,杭州市,市府大楼,,16,NA,18,7,21,50,NA,NA,NA,5,12,6,6,0.4,0.7
2026-09-29T0700,3560A,120.4715,30.0414,绍兴市,柯桥妇保,,27,27,30,18,20,68,NA,NA,NA,8,13,7,7,0.7,0.9
2026-09-29T0700,3561A,120.6985,27.9252,温州市,茶山,细颗粒物(PM2.5),58,47,44,39,34,45,NA,NA,NA,20,14,/,/,/,/
2026-09-29T0700,3562A,120.4146,30.8538,湖州市,南浔区站,,25,21,15,17,12,56,NA,NA,NA,17,13,9,8,0.6,0.6
2026-09-29T0700,3564A,121.25678,28.66823971,台州市,台州科技职业学院,,42,41,42,29,30,35,NA,NA,NA,22,11,9,9,1.0,1
2026-09-29T0700,3565A,113.1371,40.1122,大同市,云冈站,,21,21,30,10,15,16,NA,NA,NA,9,12,6,10,0.4,0.4
2026-09-29T0700,3566A,113.1186,40.2556,大同市,图书馆,,28,24,27,19,11,12,NA,NA,NA,6,11,7,10,0.5,0.5
2026-09-29T0700,3567A,113.5931,40.0459,大同市,区一中,,14,14,33,8,8,28,NA,NA,NA,5,9,6,9,0.5,0.5
2026-09-29T0700,3568A,113.0603,36.0464,长治市,向阳小学,,31,31,52,18,30,38,NA,NA,NA,3,8,9,10,0.7,0.9
2026-09-29T0700,3569A,112.8788,36.315,长治市,屯留一中,,34,34,55,16,43,39,NA,NA,NA,13,17,14,16,0.7,1
2026-09-29T0700,3571A,112.2938,39.5296,朔州市,一水厂,,35,26,31,24,12,36,NA,NA,NA,35,22,2,3,0.7,0.5
2026-09-29T0700,3575A,118.0927,39.5807,唐山市,正泰大街热力站,颗粒物(PM10),56,58,32,26,14,14,NA,NA,NA,48,15,2,4,0.5,0.4
2026-09-29T0700,3576A,118.1561,39.8322,唐山市,丰润区政府,颗粒物(PM10),52,52,34,19,12,16,NA,NA,NA,28,20,9,10,0.8,0.7
2026-09-29T0700,3577A,118.436906,39.73802,唐山市,金山小学,颗粒物(PM10),54,55,32,18,8,23,NA,NA,NA,30,22,5,7,0.6,0.6
2026-09-29T0700,3578A,118.2449,39.6693,唐山市,政府服务中心,颗粒物(PM10),58,60,40,22,16,10,NA,NA,NA,38,20,7,6,0.6,0.5
2026-09-29T0700,3580A,114.1998,36.4439,邯郸市,峰峰矿区临水派出所,细颗粒物(PM2.5),94,61,64,57,64,31,NA,NA,NA,21,15,11,7,1.4,1
2026-09-29T0700,3581A,115.3136,38.9511,保定市,满城区生态环境分局,NA,NA,NA,NA,NA,NA,NA,NA,48,NA,NA,NA,NA,NA,NA,NA
2026-09-29T0700,3582A,115.4709,38.7628,保定市,清苑区第二中学,细颗粒物(PM2.5),72,66,50,46,27,14,NA,NA,NA,34,22,7,4,0.4,0.4
2026-09-29T0700,3583A,115.6231,39.0223,保定市,徐水物探局,细颗粒物(PM2.5),62,62,54,41,25,10,NA,NA,NA,42,37,2,3,0.6,0.6
2026-09-29T0700,3590A,113.8362,34.566,郑州市,北区建设指挥部,,33,26,27,23,22,10,NA,NA,NA,38,32,8,6,0.5,0.3
2026-09-29T0700,3591A,113.3029,34.8041,郑州市,上街区政府,,46,46,43,27,34,48,NA,NA,NA,9,15,10,5,0.7,0.8
2026-09-29T0700,3592A,114.4518,34.7503,开封市,祥符区生态环境局,,35,33,26,24,25,21,NA,NA,NA,21,16,4,3,0.6,0.5
2026-09-29T0700,3593A,112.5736,34.8993,洛阳市,吉利监测站,,29,29,30,18,20,8,NA,NA,NA,18,12,8,9,0.4,0.3
2026-09-29T0700,3594A,112.8736,33.9068,平顶山市,石龙区,,22,15,15,15,16,15,NA,NA,NA,23,14,9,8,0.7,0.8
2026-09-29T0700,3596A,114.1573,35.9607,鹤壁市,南山宾馆,,29,28,65,20,48,7,NA,NA,NA,10,16,6,8,0.7,1
2026-09-29T0700,3598A,111.1031,34.719,三门峡市,富达温泉假日酒店,颗粒物(PM10),59,62,36,20,18,3,NA,NA,NA,21,17,8,9,0.7,0.7
2026-09-29T0700,3599A,106.2648,29.9853,重庆市,书院路,,18,18,18,11,15,7,NA,NA,NA,10,11,8,7,1.0,1
2026-09-29T0700,3600A,106.2334,29.5583,重庆市,虎峰,,29,29,32,13,15,17,NA,NA,NA,12,11,8,8,0.7,0.8
2026-09-29T0700,3601A,106.0497,29.8345,重庆市,龙门街,,38,38,29,8,11,11,NA,NA,NA,13,10,10,10,0.8,0.9
2026-09-29T0700,3604A,119.3267,35.1043,日照市,岚山环保分局,颗粒物(PM10),60,63,34,32,17,16,NA,NA,NA,44,23,30,13,1.3,0.8
2026-09-29T0700,3605A,109.1019,34.5302,西安市,无线电监控中心,,40,NA,32,28,32,15,NA,NA,NA,16,16,4,4,0.6,0.7
2026-09-29T0700,3610A,105.5931,29.4105,重庆市,昌元,,17,17,21,9,12,12,NA,NA,NA,16,12,8,7,0.6,0.6
2026-09-29T0700,3612A,85.1045,45.6895,克拉玛依市,白碱滩区新站,,40,40,29,9,6,64,NA,NA,NA,2,3,5,6,0.3,0.3
2026-09-29T0700,3613A,87.3069,44.0093,昌吉回族自治州,亚心广场,,46,46,53,10,12,40,NA,NA,NA,11,20,9,10,0.3,0.3
2026-09-29T0700,3614A,79.9241,37.0878,和田地区,地区环保局,颗粒物(PM10),129,193,268,68,67,70,NA,NA,NA,2,9,6,4,0.4,0.4
2026-09-29T0700,3615A,79.9132,37.1137,和田地区,市环保局,颗粒物(PM10),220,364,331,65,77,45,NA,NA,NA,17,12,2,4,0.4,0.6
2026-09-29T0700,3616A,106.7617,31.8343,巴中市,市中心医院,,19,19,15,4,3,9,NA,NA,NA,13,10,10,10,0.8,0.8
2026-09-29T0700,3617A,105.8047,32.4167,广元市,经开区,,21,4,10,3,7,65,NA,NA,NA,9,8,6,5,0.5,0.5
2026-09-29T0700,3618A,112.4702,37.7821,太原市,金胜,颗粒物(PM10),68,75,66,39,31,8,NA,NA,NA,21,33,7,13,0.5,0.5
2026-09-29T0700,3619A,113.6169,37.8565,阳泉市,龙柱,细颗粒物(PM2.5),78,80,92,49,48,4,NA,NA,NA,27,29,22,13,1.3,1.2
2026-09-29T0700,3620A,112.8258,35.4804,晋城市,泽州一中,NA,NA,29,36,NA,24,33,NA,NA,NA,16,11,5,5,0.6,0.5
2026-09-29T0700,3622A,113.5556,24.8082,韶关市,碧湖山庄,,37,37,31,20,19,15,NA,NA,NA,13,13,6,8,1.1,0.9
2026-09-29T0700,3623A,113.8952,22.586,深圳市,西乡,,18,18,30,10,17,37,NA,NA,NA,14,11,2,3,0.6,0.6
2026-09-29T0700,3624A,116.4069,23.2533,汕头市,潮南子站,,36,28,36,25,22,59,NA,NA,NA,6,7,6,7,/,/
2026-09-29T0700,3625A,113.2568,22.7629,佛山市,容桂街道办,,22,NA,18,15,20,31,NA,NA,NA,7,10,/,/,/,/
2026-09-29T0700,3628A,112.0335,22.9376,云浮市,文笔,,33,33,23,23,16,3,NA,NA,NA,24,7,14,6,0.5,0.4
2026-09-29T0700,3629A,101.8304,36.5785,西宁市,世纪职校,,39,35,23,27,17,22,NA,NA,NA,9,19,6,4,0.8,0.7
2026-09-29T0700,3633A,118.4914,31.681,马鞍山市,雨山,,25,20,14,15,9,79,NA,NA,NA,10,11,5,5,0.5,0.5
2026-09-29T0700,3635A,112.3678,34.6623,洛阳市,河科大西苑校区,,16,16,20,11,17,37,NA,NA,NA,14,13,6,7,0.5,0.5
2026-09-29T0700,3636A,112.4387,34.678,洛阳市,英才小学,,30,30,27,13,19,24,NA,NA,NA,24,18,8,7,0.6,0.6
2026-09-29T0700,3637A,131.0136,45.7688,七台河市,人民广场,NA,NA,NA,28,1,9,4,NA,NA,NA,28,14,6,5,0.8,0.4
2026-09-29T0700,3638A,104.7637,29.3373,自贡市,轻化工大学,,15,15,19,2,9,38,NA,NA,NA,9,8,14,14,0.7,0.7
2026-09-29T0700,3642A,120.3454,36.0735,青岛市,市北区南部,,26,18,22,10,6,18,NA,NA,NA,51,14,8,7,0.7,0.5
2026-09-29T0700,3643A,120.3897,36.18,青岛市,李沧区北部,,34,34,26,5,6,23,NA,NA,NA,46,19,5,4,0.8,0.6
2026-09-29T0700,3644A,117.8662,36.8049,淄博市,三金集团,细颗粒物(PM2.5),123,99,68,85,46,53,NA,NA,NA,26,24,6,7,1.0,0.7
2026-09-29T0700,3645A,118.0259,36.8409,淄博市,东风化工厂,细颗粒物(PM2.5),120,92,63,82,36,61,NA,NA,NA,27,21,9,9,0.8,0.6
2026-09-29T0700,3646A,118.4979,37.4623,东营市,胜利站,细颗粒物(PM2.5),124,NA,36,86,20,19,NA,NA,NA,63,24,13,7,0.7,0.3
2026-09-29T0700,3648A,106.2176,37.9832,吴忠市,文卫南街,颗粒物(PM10),54,55,77,15,26,13,NA,NA,NA,27,24,6,6,0.4,0.3
2026-09-29T0700,3650A,105.1696,37.5164,中卫市,沙坡头区政府站,颗粒物(PM10),73,82,63,29,23,3,NA,NA,NA,41,29,3,4,0.5,0.4
2026-09-29T0700,3654A,114.8093,30.4091,鄂州市,精准医疗中心,,18,18,23,4,7,54,NA,NA,NA,8,10,4,5,0.4,0.7
2026-09-29T0700,3655A,114.3379,29.8683,咸宁市,长江产业园,,26,21,48,18,25,45,NA,NA,NA,12,18,5,5,0.6,1
2026-09-29T0700,3656A,120.1554,30.2863,杭州市,消防大队,,23,16,20,16,21,55,NA,NA,NA,13,17,9,9,0.6,0.8
2026-09-29T0700,3658A,120.6156,30.0762,绍兴市,袍江中学,,21,17,19,10,13,67,NA,NA,NA,12,16,9,10,0.6,0.8
2026-09-29T0700,3659A,119.656,29.1132,金华市,气象局,,25,24,51,17,30,55,NA,NA,NA,16,22,5,6,0.9,0.9
2026-09-29T0700,3662A,123.6341,47.2079,齐齐哈尔市,富区青少年活动中心,,33,33,29,3,5,26,NA,NA,NA,20,9,9,5,1.6,0.6
2026-09-29T0700,3663A,124.117,50.4279,大兴安岭地区,红旗社区,,15,NA,14,10,13,39,NA,NA,NA,10,16,4,7,0.3,0.4
2026-09-29T0700,3664A,119.4171,34.734,连云港市,连云街道,,26,26,25,18,18,26,NA,NA,NA,18,16,10,12,0.8,0.8
2026-09-29T0700,3665A,76.1654,39.7157,克孜勒苏柯尔克孜自治州,克州文化中心,,27,27,51,10,22,74,NA,NA,NA,3,11,3,5,0.0,0.2
2026-09-29T0700,3667A,111.0279,35.0543,运城市,水利职院,,29,29,27,8,15,24,NA,NA,NA,18,10,4,4,0.5,0.5
2026-09-29T0700,3669A,114.4706,36.0634,安阳市,左辅环卫站,,39,39,62,22,36,29,NA,NA,NA,8,16,7,6,0.2,0.3
2026-09-29T0700,3670A,111.0522,35.0439,运城市,禹都公园,,18,18,22,9,13,29,NA,NA,NA,15,9,5,5,0.5,0.6
2026-09-29T0700,3671A,116.0879,39.9725,北京市,门头沟三家店,,48,48,48,32,30,18,NA,NA,NA,26,23,2,3,0.6,0.6
2026-09-29T0700,3672A,116.1507,39.8246,北京市,丰台云岗,颗粒物(PM10),55,56,57,34,34,5,NA,NA,NA,25,20,5,5,0.7,0.7
2026-09-29T0700,3674A,115.9578,39.7602,北京市,房山燕山,,50,50,42,32,25,41,NA,NA,NA,14,14,2,3,0.7,0.7
2026-09-29T0700,3675A,116.4669,39.7734,北京市,大兴旧宫,颗粒物(PM10),56,58,48,33,28,5,NA,NA,NA,47,21,4,4,0.5,0.7
2026-09-29T0700,3677A,98.5887,24.4366,德宏傣族景颇族自治州,芒市人民政府综合楼,,23,23,32,6,9,25,NA,NA,NA,7,7,8,8,0.8,0.8
2026-09-29T0700,3678A,116.5907,35.4054,济宁市,市第七中学,细颗粒物(PM2.5),92,70,63,56,45,36,NA,NA,NA,24,17,5,9,0.7,0.6
2026-09-29T0700,3683A,109.8332,40.6577,包头市,昆区政府,颗粒物(PM10),72,80,51,12,26,46,NA,NA,NA,13,45,7,14,0.4,0.7
2026-09-29T0700,3684A,130.8639,45.8144,七台河市,新建矿广场,颗粒物(PM10),60,63,38,8,11,13,NA,NA,NA,26,14,14,5,1.2,0.3
2026-09-29T0700,3685A,117.897,28.4316,上饶市,双创科技城,细颗粒物(PM2.5),66,NA,44,43,28,32,NA,NA,NA,26,20,17,10,0.7,0.6
2026-09-29T0700,3689A,113.9002,35.372,新乡市,行政服务中心,,39,39,54,11,31,23,NA,NA,NA,21,21,7,6,0.4,0.4
2026-09-29T0700,3690A,115.9718,28.7032,南昌市,外国语学校,,40,31,34,28,25,29,NA,NA,NA,11,8,8,8,0.5,0.6
2026-09-29T0700,3692A,118.2043,39.6703,唐山市,消防缸窑路中队,颗粒物(PM10),61,65,38,22,14,12,NA,NA,NA,34,17,11,12,0.6,0.5
2026-09-29T0700,3693A,118.1432,39.6203,唐山市,路南电大,,38,38,33,20,15,27,NA,NA,NA,31,14,3,4,0.6,0.6
2026-09-29T0700,3694A,115.9859,40.4562,北京市,延庆石河营,,46,46,38,32,25,24,NA,NA,NA,10,9,3,3,0.6,0.5
2026-09-29T0700,3695A,116.6151,40.3052,北京市,怀柔新城,NA,NA,NA,8,NA,4,NA,NA,39,NA,NA,13,NA,2,NA,0.2
2026-09-29T0700,3696A,116.2542,39.8764,北京市,丰台小屯,颗粒物(PM10),53,54,55,35,32,8,NA,NA,NA,32,28,2,2,0.6,0.6
2026-09-29T0700,3697A,116.8399,40.3843,北京市,密云镇,,44,44,30,29,20,12,NA,NA,NA,25,15,3,3,0.5,0.5
2026-09-29T0700,3699A,111.6519,40.8389,呼和浩特市,海东办,,24,24,31,9,13,47,NA,NA,NA,13,38,8,10,0.2,0.2
2026-09-29T0700,3701A,116.9647,33.6252,宿州市,皖北煤电集团,,23,20,22,15,12,73,NA,NA,NA,6,8,6,6,0.4,0.4
2026-09-29T0700,3706A,122.2584,43.6333,通辽市,老干部活动中心,,38,38,25,16,8,62,NA,NA,NA,14,9,14,10,0.8,0.5
2026-09-29T0700,3707A,131.0069,45.2988,鸡西市,欧美日汽修厂,,30,30,26,17,12,11,NA,NA,NA,18,14,3,3,0.4,0.4
2026-09-29T0700,3708A,122.2923,43.6189,通辽市,东方明珠社区,,26,26,33,15,8,72,NA,NA,NA,12,12,14,11,0.5,0.4
2026-09-29T0700,3710A,121.5593,29.8976,宁波市,白沙活动中心,,15,14,17,10,15,45,NA,NA,NA,22,18,10,10,0.3,0.3
2026-09-29T0700,3713A,124.3286,43.1726,四平市,世纪城,,35,34,29,24,16,56,NA,NA,NA,18,17,4,5,0.4,0.3
2026-09-29T0700,3715A,117.3091,32.9314,蚌埠市,蚌埠田家炳中学,,20,14,21,7,10,61,NA,NA,NA,8,7,7,7,0.4,0.5
2026-09-29T0700,3719A,97.1707,31.1428,昌都市,昌都会议中心,,12,10,19,3,6,37,NA,NA,NA,4,9,4,4,0.2,0.3
2026-09-29T0700,3726A,88.8775,29.2425,日喀则市,林业技术推广中心,,18,7,14,1,3,57,NA,NA,NA,2,4,4,4,0.2,0.2
2026-09-29T0700,3728A,104.6701,28.8053,宜宾市,白酒学院,,9,9,12,4,8,23,NA,NA,NA,12,8,4,5,0.7,0.7
2026-09-29T0700,3734A,118.5753,37.4405,东营市,理想之城,细颗粒物(PM2.5),130,NA,36,92,23,0,NA,NA,NA,42,29,10,8,1.0,0.6
2026-09-29T0700,3860A,118.3915,35.0297,临沂市,皇山花园小区,,38,31,56,26,47,30,NA,NA,NA,26,30,6,6,0.6,0.9
2026-09-29T0700,3861A,119.2046,36.7696,潍坊市,寒亭区实验一小,,34,34,33,13,9,59,NA,NA,NA,17,16,3,4,0.4,0.3
2026-09-29T0700,3866A,122.2469,40.663,营口市,三高中,,47,47,32,32,16,36,NA,NA,NA,27,21,11,10,0.7,0.5
2026-09-29T0700,3867A,102.074,36.5056,海东市,平安区公安局北苑,,26,23,30,18,14,35,NA,NA,NA,3,11,6,6,0.7,0.7
2026-09-29T0700,3981A,113.2456,35.18,焦作市,原李万街道办,,45,45,54,29,33,20,NA,NA,NA,18,18,4,4,0.4,0.4
2026-09-29T0700,3994A,102.2174,31.9016,阿坝藏族羌族自治州,马尔康中学西区,,9,6,14,6,10,12,NA,NA,NA,2,3,5,5,0.4,0.4
2026-09-29T0700,4002A,109.2312,23.7428,来宾市,中南小学,,21,21,21,10,11,29,NA,NA,NA,10,8,8,8,0.6,0.6
2026-09-29T0700,4004A,115.4199,38.8665,保定市,双鹰农机,细颗粒物(PM2.5),64,58,48,42,30,5,NA,NA,NA,46,30,4,2,0.6,0.6
2026-09-29T0700,4006A,122.3622,40.6762,营口市,老边实验小学,颗粒物(PM10),53,53,44,19,22,28,NA,NA,NA,34,34,12,10,0.8,0.8
2026-09-29T0700,4008A,112.5233,32.9921,南阳市,卧龙区政府,,15,15,13,3,9,47,NA,NA,NA,13,9,5,6,0.7,0.7
2026-09-29T0700,4010A,112.5608,37.8807,太原市,育英中学,细颗粒物(PM2.5),92,89,75,56,44,4,NA,NA,NA,38,34,9,17,0.9,1
2026-09-29T0700,4011A,103.8505,30.6946,成都市,光华大道三段,,18,18,24,6,9,31,NA,NA,NA,12,13,4,3,0.7,0.8
2026-09-29T0700,4017A,116.7926,33.9534,淮北市,市博物馆,,27,18,24,11,19,85,NA,NA,NA,8,10,4,5,0.4,0.5
2026-09-29T0700,4018A,116.0564,36.4609,聊城市,星美广场,颗粒物(PM10),59,62,80,37,49,49,NA,NA,NA,9,13,6,7,0.3,0.4
2026-09-29T0700,4022A,102.1648,38.5369,金昌市,金川区人防中心,颗粒物(PM10),51,51,44,17,15,73,NA,NA,NA,7,6,4,4,0.1,0.1
2026-09-29T0700,4024A,114.6491,37.9014,石家庄市,栾城区星河路,颗粒物(PM10),78,88,65,47,34,3,NA,NA,NA,48,40,5,5,0.5,0.4
2026-09-29T0700,4027A,75.9485,39.4688,喀什地区,老干局,,18,18,68,5,17,41,NA,NA,NA,7,24,4,5,0.2,0.4
2026-09-29T0700,4028A,117.9955,37.3752,滨州市,滨州市西街道办事处,细颗粒物(PM2.5),130,100,52,92,30,55,NA,NA,NA,23,21,6,7,0.8,0.6
2026-09-29T0700,4033A,122.3124,29.9619,舟山市,普陀东港中学,,27,13,14,2,6,84,NA,NA,NA,6,7,8,7,0.7,0.8
2026-09-29T0700,4034A,115.515,38.8589,保定市,植保所站,细颗粒物(PM2.5),76,69,49,48,27,18,NA,NA,NA,36,26,5,2,0.7,0.7
2026-09-29T0700,4036A,116.646,23.676,潮州市,金山,,42,NA,40,29,28,22,NA,NA,NA,9,12,3,5,0.8,0.8
2026-09-29T0700,4051A,86.0791,44.3018,石河子市,世纪广场,颗粒物(PM10),61,65,55,12,16,38,NA,NA,NA,20,23,16,7,0.6,0.5
2026-09-29T0700,4054A,109.0324,32.6913,安康市,市邮政管理局,,23,23,19,14,11,18,NA,NA,NA,17,13,2,10,0.8,1
2026-09-29T0700,4055A,108.8869,34.2662,西安市,行知小学,,43,33,26,30,22,26,NA,NA,NA,23,23,3,3,0.7,0.7
2026-09-29T0700,4056A,108.6601,34.3767,咸阳市,五陵塬路2号,,40,40,30,22,23,8,NA,NA,NA,27,23,4,5,0.6,0.7
2026-09-29T0700,4057A,115.9423,40.4431,北京市,延庆百泉,,49,49,46,34,27,15,NA,NA,NA,19,14,3,3,0.7,0.6
2026-09-29T0700,4058A,116.6598,39.9164,北京市,通州新华,颗粒物(PM10),52,52,43,30,22,7,NA,NA,NA,34,27,2,3,0.6,0.6
2026-09-29T0700,4059A,114.4563,38.0365,石家庄市,裕华西路63号,颗粒物(PM10),55,57,48,32,25,4,NA,NA,NA,33,27,3,3,0.5,0.4
2026-09-29T0700,4060A,114.5586,38.0581,石家庄市,和平路363号,颗粒物(PM10),55,56,47,34,26,2,NA,NA,NA,39,30,3,2,0.4,0.4
2026-09-29T0700,4061A,114.8347,38.0213,石家庄市,廉州西路160号,"颗粒物(PM10),细颗粒物(PM2.5)",90,105,58,55,30,0,NA,NA,NA,55,41,4,2,0.7,0.5
2026-09-29T0700,4062A,114.4498,38.0729,石家庄市,北城路41号,颗粒物(PM10),55,56,54,30,23,1,NA,NA,NA,39,32,4,7,0.6,0.4
2026-09-29T0700,4063A,115.2124,37.9433,辛集市,市政府,细颗粒物(PM2.5),120,97,73,82,41,24,NA,NA,NA,29,38,4,4,0.6,0.5
2026-09-29T0700,4064A,115.2008,37.9338,辛集市,城管大队,细颗粒物(PM2.5),126,NA,62,88,47,26,NA,NA,NA,22,31,3,3,0.7,0.5
2026-09-29T0700,4065A,118.1267,39.6579,唐山市,光明北路515号,,32,32,21,21,11,27,NA,NA,NA,31,16,6,8,0.4,0.3
2026-09-29T0700,4066A,119.7458,39.9952,秦皇岛市,南园路157号,,27,27,22,4,7,76,NA,NA,NA,13,17,8,7,0.3,0.3
2026-09-29T0700,4067A,119.5131,39.8858,秦皇岛市,翠岛大街1号,,24,24,17,4,5,47,NA,NA,NA,28,12,13,10,0.5,0.3
2026-09-29T0700,4068A,114.5209,36.7697,邯郸市,建安街268号,颗粒物(PM10),58,60,76,22,50,23,NA,NA,NA,18,33,2,2,0.7,0.5
2026-09-29T0700,4069A,114.5488,36.6177,邯郸市,丛台东路558号,细颗粒物(PM2.5),60,53,72,40,70,32,NA,NA,NA,17,24,3,4,0.6,0.5
2026-09-29T0700,4070A,114.5558,37.0578,邢台市,襄都区政府南院,细颗粒物(PM2.5),110,73,104,70,90,13,NA,NA,NA,18,24,3,2,1.6,0.6
2026-09-29T0700,4071A,114.9883,38.5232,定州市,交通局,颗粒物(PM10),78,89,55,39,23,2,NA,NA,NA,50,38,9,4,0.7,0.5
2026-09-29T0700,4072A,115.0045,38.5136,定州市,第五中学,颗粒物(PM10),80,92,62,44,25,5,NA,NA,NA,49,41,2,2,0.5,0.4
2026-09-29T0700,4073A,117.9462,40.95,承德市,杏林街1号,,27,27,19,14,15,17,NA,NA,NA,9,8,6,6,0.4,0.4
2026-09-29T0700,4074A,112.449,37.8509,太原市,西矿街336号,,49,49,51,27,22,23,NA,NA,NA,18,32,9,12,1.0,1
2026-09-29T0700,4075A,112.4792,37.9393,太原市,迎宾北路9号,颗粒物(PM10),56,58,53,30,22,8,NA,NA,NA,28,31,9,12,0.5,0.5
2026-09-29T0700,4076A,112.551,37.8575,太原市,迎泽大街248号,细颗粒物(PM2.5),106,96,76,66,39,6,NA,NA,NA,30,33,12,18,0.9,0.9
2026-09-29T0700,4077A,113.588,37.8712,阳泉市,宁波路,细颗粒物(PM2.5),80,68,72,50,47,48,NA,NA,NA,16,30,6,9,0.9,0.9
2026-09-29T0700,4078A,112.8246,35.5152,晋城市,前书院路,,42,42,36,16,16,11,NA,NA,NA,23,14,7,7,1.3,0.8
2026-09-29T0700,4079A,112.8864,35.4773,晋城市,祥云街666号,,33,33,27,10,22,16,NA,NA,NA,20,17,5,6,0.5,0.5
2026-09-29T0700,4080A,112.7375,37.7215,晋中市,广安街188号,细颗粒物(PM2.5),92,72,68,56,45,46,NA,NA,NA,13,25,14,14,0.9,0.7
2026-09-29T0700,4081A,111.0081,35.0748,运城市,学苑北路2555号,,18,18,24,10,16,17,NA,NA,NA,21,8,4,4,0.6,0.7
2026-09-29T0700,4082A,121.2548,38.8188,大连市,旅顺,,19,14,20,8,13,60,NA,NA,NA,19,13,8,8,0.5,0.5
2026-09-29T0700,4083A,123.153,41.2874,辽阳市,铁西路150号,,31,31,39,16,17,49,NA,NA,NA,17,20,8,9,1.0,0.9
2026-09-29T0700,4084A,123.835,42.2853,铁岭市,新华街20号,,32,32,35,15,19,21,NA,NA,NA,29,24,12,10,0.7,0.6
2026-09-29T0700,4085A,125.0998,42.9134,辽源市,安宁大街333号,,29,29,32,15,16,19,NA,NA,NA,17,22,6,4,0.6,0.5
2026-09-29T0700,4086A,118.7641,32.0841,南京市,新模范马路66号,,26,17,12,10,4,81,NA,NA,NA,9,15,5,4,0.2,0.2
2026-09-29T0700,4087A,120.3138,31.4927,无锡市,清舒道1号,,25,17,14,6,4,78,NA,NA,NA,15,15,4,4,0.8,0.8
2026-09-29T0700,4088A,117.1553,34.2567,徐州市,纺织东路16号,,29,NA,34,20,37,60,NA,NA,NA,14,16,5,6,0.6,0.8
2026-09-29T0700,4089A,119.9551,31.863,常州市,崇义南街5-H号,,25,18,15,5,4,77,NA,NA,NA,11,15,8,8,0.3,0.4
2026-09-29T0700,4090A,120.4282,31.3228,苏州市,学森路9号,,25,23,12,8,3,80,NA,NA,NA,15,17,8,8,0.5,0.5
2026-09-29T0700,4091A,120.8692,31.9885,南通市,洪江路,,27,12,9,7,7,84,NA,NA,NA,7,8,4,5,0.4,0.5
2026-09-29T0700,4092A,119.119691,33.550006,淮安市,枚皋中路89号,NA,NA,NA,16,NA,13,46,NA,NA,NA,10,11,6,6,0.7,0.8
2026-09-29T0700,4093A,119.5202,32.3705,扬州市,廖家沟步道,,26,11,17,6,9,82,NA,NA,NA,9,11,7,9,0.5,0.5
2026-09-29T0700,4094A,118.352,33.7886,宿迁市,春华路,,25,22,19,17,15,51,NA,NA,NA,14,10,5,5,0.4,0.4
2026-09-29T0700,4095A,121.8962,29.7529,宁波市,中科路88号,,18,18,22,6,14,31,NA,NA,NA,29,15,8,9,0.7,0.7
2026-09-29T0700,4096A,120.6935,28.0114,温州市,鹿城惠民路,细颗粒物(PM2.5),60,59,54,40,32,34,NA,NA,NA,22,10,/,/,0.7,0.6
2026-09-29T0700,4097A,118.9646,28.9832,衢州市,衢州三中,,30,27,45,21,32,41,NA,NA,NA,16,24,4,5,0.7,0.8
2026-09-29T0700,4098A,117.2518,31.8404,合肥市,中国科学技术大学,,24,22,9,14,3,74,NA,NA,NA,11,9,7,7,0.3,0.3
2026-09-29T0700,4099A,118.5726,31.1371,芜湖市,湾沚区人民法院,,28,28,18,15,14,67,NA,NA,NA,13,11,5,5,0.6,0.8
2026-09-29T0700,4100A,116.8322,33.9884,淮北市,杜集区第一实验学校,,23,20,23,7,20,71,NA,NA,NA,9,8,9,7,0.5,0.6
2026-09-29T0700,4101A,118.3196,32.3335,滁州市,银山路666号,,28,NA,10,7,9,87,NA,NA,NA,6,7,4,4,0.4,0.3
2026-09-29T0700,4102A,118.3426,32.2979,滁州市,黄山路555号,,26,16,17,7,10,82,NA,NA,NA,18,12,7,7,0.4,0.4
2026-09-29T0700,4103A,116.9929,33.6412,宿州市,中兴路,,22,22,24,13,13,67,NA,NA,NA,11,14,11,11,0.4,0.4
2026-09-29T0700,4104A,119.3106,26.0648,福州市,路通桥巷6号,细颗粒物(PM2.5),58,48,49,39,40,39,NA,NA,NA,14,10,/,/,/,/
2026-09-29T0700,4105A,118.6355,24.9148,泉州市,霞新路6号,"颗粒物(PM10),细颗粒物(PM2.5)",52,52,46,36,29,30,NA,NA,NA,25,17,/,/,0.6,0.6
2026-09-29T0700,4106A,115.7923,28.6873,南昌市,工业二路,,27,27,44,10,29,28,NA,NA,NA,11,9,6,7,0.7,0.7
2026-09-29T0700,4107A,113.8686,27.6668,萍乡市,联洪村委会,细颗粒物(PM2.5),74,69,60,47,39,20,NA,NA,NA,15,16,14,14,1.0,0.8
2026-09-29T0700,4108A,117.7107,36.2385,济南市,山财大街5号,细颗粒物(PM2.5),58,48,45,39,32,16,NA,NA,NA,35,24,3,3,1.1,0.8
2026-09-29T0700,4109A,116.9744,36.6889,济南市,无影山路12号,细颗粒物(PM2.5),82,NA,67,51,54,97,NA,NA,NA,13,22,8,8,0.7,0.7
2026-09-29T0700,4110A,120.5222,36.4089,青岛市,盟旺路653号,,19,19,13,6,6,55,NA,NA,NA,15,12,6,6,0.5,0.4
2026-09-29T0700,4111A,116.6075,35.4566,济宁市,任和路,细颗粒物(PM2.5),102,88,77,62,48,48,NA,NA,NA,14,16,4,4,0.7,0.7
2026-09-29T0700,4112A,116.5648,35.3921,济宁市,文体南路1号,细颗粒物(PM2.5),105,72,67,65,53,62,NA,NA,NA,16,17,4,3,0.7,0.6
2026-09-29T0700,4113A,116.0091,36.4495,聊城市,利民路,,48,48,76,25,36,64,NA,NA,NA,13,16,9,11,0.5,0.6
2026-09-29T0700,4114A,115.4239,35.2593,菏泽市,黄河路600号,,40,40,44,28,35,41,NA,NA,NA,15,15,5,5,0.3,0.3
2026-09-29T0700,4115A,115.5025,35.2727,菏泽市,菏泽市人社局,,32,31,45,22,31,63,NA,NA,NA,8,7,4,5,0.1,0.2
2026-09-29T0700,4116A,113.284,33.7139,平顶山市,姚电大道23号,,32,32,23,16,21,24,NA,NA,NA,23,15,10,9,0.7,0.6
2026-09-29T0700,4117A,114.2918,36.0769,安阳市,钢三路198号,,49,34,54,34,44,16,NA,NA,NA,14,12,5,6,0.8,1
2026-09-29T0700,4118A,115.0552,35.7816,濮阳市,中原东路68号,,49,49,65,18,26,48,NA,NA,NA,10,15,3,6,0.5,0.6
2026-09-29T0700,4119A,115.6701,34.3767,商丘市,北海东路185号,,29,29,30,19,23,45,NA,NA,NA,9,9,5,5,0.9,0.8
2026-09-29T0700,4120A,115.6172,34.3704,商丘市,中山大街3号,,40,40,36,17,20,66,NA,NA,NA,9,11,4,4,0.5,0.6
2026-09-29T0700,4121A,114.8466,33.7333,周口市,羲皇大道,,28,27,24,18,20,87,NA,NA,NA,6,7,5,5,0.7,0.7
2026-09-29T0700,4122A,112.6071,35.1015,济源市,市委党校,,47,47,44,28,29,13,NA,NA,NA,12,16,4,5,0.7,0.7
2026-09-29T0700,4123A,112.596,35.0702,济源市,沁园中路1号,,39,39,37,26,26,6,NA,NA,NA,28,19,3,2,0.8,0.8
2026-09-29T0700,4124A,112.2213,31.0654,荆门市,新台西路6号,,26,20,13,15,10,81,NA,NA,NA,4,5,9,9,0.5,0.5
2026-09-29T0700,4125A,113.946,30.8999,孝感市,天仙南路1号,,18,11,16,2,8,55,NA,NA,NA,3,4,5,5,0.3,0.5
2026-09-29T0700,4127A,111.9812,27.7591,娄底市,涟钢职大,,15,13,30,10,23,33,NA,NA,NA,6,7,3,4,0.7,0.9
2026-09-29T0700,4128A,112.0303,27.7457,娄底市,娄底体校,,19,19,41,6,25,32,NA,NA,NA,6,6,2,3,0.3,0.5
2026-09-29T0700,4129A,113.8666,23.1062,东莞市,裕兴路,,26,26,33,18,18,30,NA,NA,NA,20,19,6,6,1.0,0.9
2026-09-29T0700,4130A,114.0076,22.9739,东莞市,教育路1号,,30,30,38,20,19,26,NA,NA,NA,20,16,11,11,0.9,0.8
2026-09-29T0700,4131A,113.7981,22.8124,东莞市,长怡路1号,,22,22,33,13,20,36,NA,NA,NA,10,11,5,5,0.7,0.7
2026-09-29T0700,4132A,108.2927,23.1477,南宁市,起凤路9号,,30,30,23,20,12,24,NA,NA,NA,13,9,7,6,0.6,0.6
2026-09-29T0700,4133A,106.6273,23.8798,百色市,龙景西路,颗粒物(PM10),59,62,47,24,21,5,NA,NA,NA,22,14,12,15,0.3,0.3
2026-09-29T0700,4134A,110.1952,20.0451,海口市,长滨二路9号,,13,13,15,9,11,24,NA,NA,NA,9,9,/,/,/,/
2026-09-29T0700,4135A,109.1714,18.3739,三亚市,城东小学站,,16,16,18,8,8,15,NA,NA,NA,5,6,/,/,/,/
2026-09-29T0700,4136A,108.6971,30.9377,重庆市,云师幼儿园,,15,14,13,2,8,45,NA,NA,NA,5,12,5,5,0.6,0.7
2026-09-29T0700,4137A,107.3276,30.3284,重庆市,公安局,,16,NA,15,11,8,16,NA,NA,NA,7,8,8,8,0.6,0.6
2026-09-29T0700,4138A,108.0575,30.3254,重庆市,忠县中学,,16,16,38,5,20,23,NA,NA,NA,13,16,6,6,0.6,0.7
2026-09-29T0700,4139A,109.4542,31.0182,重庆市,竹枝路2号,,17,17,16,2,7,29,NA,NA,NA,14,13,6,6,0.4,0.4
2026-09-29T0700,4140A,107.7422,29.871,重庆市,龙河路,,10,10,44,6,30,16,NA,NA,NA,15,18,9,9,0.9,1.1
2026-09-29T0700,4141A,108.7636,28.84,重庆市,桃花源中路,,28,28,39,2,21,30,NA,NA,NA,3,4,7,7,0.7,0.6
2026-09-29T0700,4142A,108.9758,28.4416,重庆市,秀山县高级中学,,21,21,21,12,20,32,NA,NA,NA,5,6,8,8,0.7,0.6
2026-09-29T0700,4143A,108.1558,29.2859,重庆市,河堡街,,35,35,30,20,23,10,NA,NA,NA,9,9,7,7,1.0,0.9
2026-09-29T0700,4144A,104.3257,30.6406,成都市,八角井街185号,,37,37,29,16,11,17,NA,NA,NA,14,17,8,7,0.8,0.8
2026-09-29T0700,4145A,104.4144,31.1495,德阳市,市林业局,,43,43,34,22,14,5,NA,NA,NA,36,25,14,14,1.1,1
2026-09-29T0700,4146A,104.7092,31.4972,绵阳市,科技城新区公安局,,30,30,21,13,8,19,NA,NA,NA,29,23,10,10,0.6,0.6
2026-09-29T0700,4147A,105.0433,29.6105,内江市,玉峰路西段888号,,20,20,17,8,9,15,NA,NA,NA,22,11,8,7,0.5,0.5
2026-09-29T0700,4148A,103.8836,30.0695,眉山市,眉职院,,14,14,13,0,2,22,NA,NA,NA,18,16,8,8,0.9,1
2026-09-29T0700,4149A,104.6146,28.7422,宜宾市,宜宾市职业技术学校,,12,9,14,5,11,38,NA,NA,NA,10,9,6,5,0.7,0.8
2026-09-29T0700,4150A,104.6646,30.1116,资阳市,正兴街66号,,27,27,15,14,8,10,NA,NA,NA,17,8,4,2,0.4,0.3
2026-09-29T0700,4151A,104.8899,26.5685,六盘水市,钟山大道中段564号,,29,29,30,12,18,48,NA,NA,NA,6,6,4,4,0.5,0.5
2026-09-29T0700,4152A,107.0425,27.7087,遵义市,乌江大道东段1号,,10,NA,29,6,24,30,NA,NA,NA,7,10,6,9,0.8,0.6
2026-09-29T0700,4153A,101.5536,25.0343,楚雄彝族自治州,团结路562号,,14,7,10,2,5,43,NA,NA,NA,3,3,4,4,0.3,0.3
2026-09-29T0700,4154A,103.401,23.3561,红河哈尼族彝族自治州,蒙自市朝阳路,,15,NA,14,10,10,35,NA,NA,NA,4,2,5,5,0.2,0.2
2026-09-29T0700,4155A,107.1721,34.3558,宝鸡市,滨河北路,,35,34,28,24,18,42,NA,NA,NA,11,18,4,3,1.0,0.9
2026-09-29T0700,4156A,108.6372,34.3031,咸阳市,胭脂路9号,,42,42,34,28,24,27,NA,NA,NA,17,21,2,3,0.6,0.6
2026-09-29T0700,4157A,108.0371,34.3035,咸阳市,杨扶路,,18,17,16,12,17,11,NA,NA,NA,6,13,3,3,0.5,0.5
2026-09-29T0700,4158A,108.0895,34.2623,咸阳市,新桥路,,23,19,22,16,21,16,NA,NA,NA,3,15,5,5,0.4,0.4
2026-09-29T0700,4159A,110.4531,35.4578,渭南市,桢州大街,,19,19,33,11,28,24,NA,NA,NA,9,11,7,11,0.6,0.9
2026-09-29T0700,4160A,110.4368,35.4773,渭南市,太史大街,,19,19,37,11,30,28,NA,NA,NA,10,13,8,14,0.5,0.9
2026-09-29T0700,4161A,109.485,36.6347,延安市,志丹路,,20,20,26,13,16,58,NA,NA,NA,7,10,4,4,0.4,0.5
2026-09-29T0700,4162A,101.6769,36.6535,西宁市,海晏路105号,,29,27,21,20,16,1,NA,NA,NA,23,20,2,3,0.5,0.7
2026-09-29T0700,4163A,102.0984,36.5119,海东市,滨河路,,21,21,20,14,12,4,NA,NA,NA,23,26,6,6,0.4,0.4
2026-09-29T0700,4164A,87.2057,43.9289,昌吉回族自治州,财政所,颗粒物(PM10),58,60,59,17,18,24,NA,NA,NA,13,11,7,8,0.2,0.2
2026-09-29T0700,4165A,82.9716,46.7464,塔城地区,文化广场,,25,25,57,8,10,36,NA,NA,NA,3,6,2,2,0.5,0.5
2026-09-29T0700,4166A,88.1198,47.7931,阿勒泰地区,阿勒泰路33号,,23,23,40,2,5,52,NA,NA,NA,4,10,3,3,0.5,0.5
2026-09-29T0700,4167A,86.0126,44.2349,石河子市,城南景苑小区,颗粒物(PM10),53,54,46,17,15,28,NA,NA,NA,14,15,6,6,0.4,0.3
2026-09-29T0700,4168A,87.055284,43.999117,五家渠市,建设西街760号,颗粒物(PM10),73,81,82,29,20,15,NA,NA,NA,21,12,3,5,0.4,0.3
2026-09-29T0700,4180A,113.8157285,34.126705,许昌市,新元大道996号,,26,18,19,18,17,37,NA,NA,NA,8,11,1,2,0.4,0.4
2026-09-29T0700,4181A,112.3571,28.5588,益阳市,龙洲站,,33,33,62,16,32,51,NA,NA,NA,6,10,8,8,0.5,0.7
2026-09-29T0700,4182A,116.1942,39.9158,北京市,石景山八角,细颗粒物(PM2.5),58,55,61,39,31,5,NA,NA,NA,52,40,6,6,0.7,0.7
2026-09-29T0700,4183A,121.417401,31.16637,上海市,冠生园路458号,,30,18,11,13,9,93,NA,NA,NA,14,13,8,8,0.6,0.5
2026-09-29T0700,4184A,115.479691,35.244011,菏泽市,永昌路1号,,35,30,41,24,32,54,NA,NA,NA,13,13,3,4,0.2,0.2
2026-09-29T0700,4185A,115.078022,30.21118,黄石市,磁湖东路29号,,22,22,44,14,18,37,NA,NA,NA,10,13,6,6,0.8,0.9
2026-09-29T0700,4186A,117.194237,34.229354,徐州市,解放南路202号,,31,31,45,14,35,48,NA,NA,NA,13,17,7,8,0.7,0.9
2026-09-29T0700,4187A,112.3425,28.611,益阳市,幸福渠东路223号,,30,30,55,15,30,41,NA,NA,NA,12,12,7,7,0.7,0.7
2026-09-29T0700,4188A,112.3712,28.5764,益阳市,益鑫泰路85号,,42,42,60,19,34,48,NA,NA,NA,8,10,10,10,1.0,1.1
2026-09-29T0700,4189A,113.113092,36.199482,长治市,英华南巷50号,,30,27,45,21,40,23,NA,NA,NA,18,13,10,11,1.1,1.1
2026-09-29T0700,4190A,113.23666,36.33435,长治市,学府街1号,,36,36,53,22,40,25,NA,NA,NA,16,4,8,10,1.4,1.3
2026-09-29T0700,4191A,118.527362,31.722269,马鞍山市,慈湖高新区,,24,23,14,12,7,74,NA,NA,NA,7,9,6,6,0.4,0.5
2026-09-29T0700,4192A,115.931587,28.686774,南昌市,南京东路235号,,26,NA,30,18,25,34,NA,NA,NA,10,8,4,5,0.8,0.8
2026-09-29T0700,4193A,115.471542,35.280012,菏泽市,长城路999号,,33,25,40,23,28,63,NA,NA,NA,16,17,7,8,0.3,0.3
2026-09-29T0700,4194A,117.078628,40.151726,北京市,平谷新城,,37,37,23,21,16,36,NA,NA,NA,11,10,3,4,0.6,0.6
2026-09-29T0700,4196A,117.24369,39.102911,天津市,光华路,细颗粒物(PM2.5),90,64,28,55,19,26,NA,NA,NA,31,16,11,9,0.6,0.5
2026-09-29T0700,4197A,118.130859,39.636026,唐山市,友谊北路34号,,49,49,32,14,6,24,NA,NA,NA,34,18,6,9,0.5,0.5
2026-09-29T0700,4198A,119.509013,39.825305,秦皇岛市,北戴河轮滑馆,,23,23,16,12,7,35,NA,NA,NA,33,14,10,8,0.5,0.4
2026-09-29T0700,4199A,113.2798248,40.09972476,大同市,魏都大道141号,,37,37,43,18,15,5,NA,NA,NA,38,25,8,11,0.8,0.5
2026-09-29T0700,4200A,112.7478,37.6954,晋中市,迎宾街26号,细颗粒物(PM2.5),88,61,74,54,49,46,NA,NA,NA,14,26,17,16,0.8,0.7
2026-09-29T0700,4201A,122.944647,41.082639,鞍山市,兴盛南路290号,,42,42,48,12,23,33,NA,NA,NA,52,35,13,12,0.4,0.9
2026-09-29T0700,4202A,113.9856,32.9802,驻马店市,交通路1233号,,25,23,21,17,14,74,NA,NA,NA,8,9,4,4,0.2,0.3
2026-09-29T0700,4203A,111.3168,30.7203,宜昌市,西陵二路116号,,15,11,20,0,8,47,NA,NA,NA,8,16,8,7,0.5,0.6
2026-09-29T0700,4204A,111.3526,30.6374,宜昌市,沈家店路6号,,21,21,16,5,6,46,NA,NA,NA,8,12,8,8,0.4,0.5
2026-09-29T0700,4205A,121.541914,31.268301,上海市,宁武路151号,,28,25,19,16,13,88,NA,NA,NA,16,22,8,8,0.3,0.3
2026-09-29T0700,4206A,119.028838,33.631911,淮安市,承德北路606号,,19,19,17,12,12,35,NA,NA,NA,20,15,7,7,0.7,0.5
2026-09-29T0700,4207A,120.12211,33.393982,盐城市,黄海中路88号,,22,14,19,8,11,69,NA,NA,NA,6,5,9,10,0.7,0.7
2026-09-29T0700,4209A,117.003137,32.644456,淮南市,国庆中路369号,,20,17,29,8,12,64,NA,NA,NA,9,11,10,11,0.0,0.1
2026-09-29T0700,4210A,118.335445,29.720283,黄山市,滨江东路7-2号,,31,31,31,21,18,26,NA,NA,NA,6,6,/,/,/,/
2026-09-29T0700,4211A,118.190438,28.444845,上饶市,裕丰大道,细颗粒物(PM2.5),118,NA,41,79,28,26,NA,NA,NA,15,9,17,17,0.8,0.8
2026-09-29T0700,4212A,118.3039243,36.82708161,淄博市,广场路1号,细颗粒物(PM2.5),125,90,44,87,32,56,NA,NA,NA,18,17,6,5,1.3,0.6
2026-09-29T0700,4213A,121.364239,37.529648,烟台市,青年南路118号,,22,14,15,6,3,68,NA,NA,NA,16,13,8,7,0.5,0.5
2026-09-29T0700,4214A,112.460027,34.694929,洛阳市,春都路1号院,,27,27,26,13,21,18,NA,NA,NA,21,18,8,7,0.6,0.5
2026-09-29T0700,4215A,113.916569,35.331547,新乡市,建设东路46号,,33,33,43,19,30,54,NA,NA,NA,11,15,5,4,0.6,0.5
2026-09-29T0700,4216A,115.0923632,35.76857718,濮阳市,任丘路479号,,45,45,66,14,35,37,NA,NA,NA,11,17,5,7,0.6,0.7
2026-09-29T0700,4217A,114.3182,29.8447,咸宁市,双鹤路18号,,28,21,48,19,27,50,NA,NA,NA,12,17,4,19,0.5,0.8
2026-09-29T0700,4218A,111.446,27.2472,邵阳市,北塔二期4-26地块,,39,28,40,27,28,26,NA,NA,NA,8,9,7,7,0.8,0.7
2026-09-29T0700,4219A,111.4739,27.2282,邵阳市,邵水西路287号,,49,40,39,34,35,32,NA,NA,NA,6,7,16,13,0.6,0.5
2026-09-29T0700,4220A,114.214113,22.713717,深圳市,黄阁路,,18,18,29,11,17,27,NA,NA,NA,15,17,6,6,1.0,1
2026-09-29T0700,4221A,108.2177,22.7774,南宁市,乐贤路16号,,41,41,25,13,9,18,NA,NA,NA,22,13,6,7,0.6,0.6
2026-09-29T0700,4222A,110.1835,25.2444,桂林市,环湖路276号,,36,36,30,14,13,2,NA,NA,NA,41,24,4,4,0.6,0.6
2026-09-29T0700,4223A,106.4686218,29.48920871,重庆市,双山路147号,,20,20,26,9,13,19,NA,NA,NA,17,17,7,6,0.7,0.8
2026-09-29T0700,4224A,104.2433276,30.53529463,成都市,鲸龙路1057号,,24,24,19,12,10,13,NA,NA,NA,22,18,9,8,0.9,0.8
2026-09-29T0700,4225A,104.714266,29.338571,自贡市,贡兴路74号,,14,13,16,0,7,42,NA,NA,NA,4,4,7,7,0.5,0.6
2026-09-29T0700,4226A,104.765114,31.453094,绵阳市,绵阳市气象局,,17,17,18,8,7,33,NA,NA,NA,8,13,7,7,0.6,0.6
2026-09-29T0700,4227A,106.108336,30.788436,南充市,梨树横街98号,,26,26,16,9,5,15,NA,NA,NA,15,10,9,8,0.5,0.4
2026-09-29T0700,4229A,102.2342,27.8859,凉山彝族自治州,凯乐南路30号,,25,24,26,17,18,34,NA,NA,NA,17,12,25,11,1.3,0.8
2026-09-29T0700,4230A,106.688212,26.56952,贵阳市,花果园大街66号,,26,26,25,11,14,55,NA,NA,NA,9,8,2,3,/,/
2026-09-29T0700,4231A,106.687268,26.516892,贵阳市,漓江路57号,,27,27,24,16,15,51,NA,NA,NA,6,6,8,5,0.4,0.5
2026-09-29T0700,4233A,108.596239,34.118792,西安市,西苑北路977号,,24,24,23,12,12,20,NA,NA,NA,13,13,5,5,0.8,0.8
2026-09-29T0700,4234A,108.949652,34.870529,铜川市,大唐三路,颗粒物(PM10),53,54,31,30,18,17,NA,NA,NA,29,14,12,6,1.0,0.8
2026-09-29T0700,4235A,109.5051,34.4921,渭南市,渭花路4号,,24,24,36,15,32,8,NA,NA,NA,11,14,4,4,0.4,0.5
2026-09-29T0700,4236A,103.629272,36.093822,兰州市,庄浪东路808号,,50,50,43,20,15,14,NA,NA,NA,36,34,12,12,0.7,0.5
2026-09-29T0700,4237A,103.7251,36.104344,兰州市,安宁西路88号,颗粒物(PM10),52,52,48,19,18,10,NA,NA,NA,36,25,10,11,0.5,0.4
2026-09-29T0700,4238A,103.846982,36.067567,兰州市,北滨河东路1号,颗粒物(PM10),54,55,48,18,17,1,NA,NA,NA,44,42,6,6,1.0,0.6
2026-09-29T0700,4239A,102.193042,38.531887,金昌市,长春路96号,颗粒物(PM10),58,60,53,13,13,81,NA,NA,NA,10,7,5,5,0.1,0.1
2026-09-29T0700,4240A,98.495752,39.733935,酒泉市,玉门东路5号,,44,44,61,20,20,48,NA,NA,NA,16,14,10,10,0.4,0.3
2026-09-29T0700,4241A,98.5099,39.7506,酒泉市,北大街108号,,39,39,64,17,21,50,NA,NA,NA,17,14,9,9,0.4,0.3
2026-09-29T0700,4242A,106.226373,38.491976,银川市,广场西路,颗粒物(PM10),84,97,63,36,22,29,NA,NA,NA,37,24,11,7,0.4,0.4
2026-09-29T0700,4243A,92.0515,31.4787,那曲市,那曲市委宣传部,,30,30,30,13,16,32,NA,NA,NA,21,19,4,4,0.5,0.5
2026-09-29T0700,4244A,111.4879,36.053,临汾市,启星学校,颗粒物(PM10),62,66,43,30,35,2,NA,NA,NA,24,21,5,6,0.8,0.8
2026-09-29T0700,4245A,106.8609,27.5969,遵义市,遵南大道1161号,,10,NA,42,6,27,23,NA,NA,NA,7,9,5,7,1.0,0.9
2026-09-29T0700,4246A,105.833962,30.18863087,重庆市,桃园路24号,NA,NA,22,15,12,10,NA,NA,NA,NA,9,8,5,4,0.5,0.6
2026-09-29T0700,4247A,107.091033,29.153966,重庆市,钟楼街32号,,11,11,47,2,36,22,NA,NA,NA,4,8,6,8,0.9,0.8
2026-09-29T0700,4248A,107.8042979,30.67350233,重庆市,人民南路309号,,38,38,39,2,8,31,NA,NA,NA,5,7,8,8,0.5,0.7
2026-09-29T0700,4249A,118.8707617,31.34017673,南京市,汶溪路181号,,22,22,19,14,7,53,NA,NA,NA,13,13,4,3,0.6,0.6
2026-09-29T0700,4250A,114.089259,33.588274,漯河市,韶山路11号,,27,27,23,18,17,28,NA,NA,NA,20,16,8,8,0.2,0.2
2026-09-29T0700,4251A,112.1433,32.0581,襄阳市,铁院东路4号,,25,13,14,9,9,80,NA,NA,NA,9,9,8,7,0.5,0.5
2026-09-29T0700,4252A,113.0138,25.8011,郴州市,好美居路49号,,19,19,22,7,11,16,NA,NA,NA,15,13,12,10,/,/
2026-09-29T0700,4253A,116.010205,29.659402,九江市,莲花大道8号,,26,21,42,18,27,53,NA,NA,NA,9,12,7,9,0.5,0.8
2026-09-29T0700,4254A,120.2925,31.5685,无锡市,健康路105号,,24,24,18,9,4,69,NA,NA,NA,17,16,6,6,0.7,0.7
2026-09-29T0700,4255A,110.16795,22.640993,玉林市,人民东路196号,,20,16,20,14,15,34,NA,NA,NA,9,10,12,12,0.6,0.6
2026-09-29T0700,4256A,107.375,22.3736,崇左市,石景林东路7号,,25,25,18,14,11,16,NA,NA,NA,15,9,7,6,0.5,0.5
2026-09-29T0700,4257A,104.6092,35.5962,定西市,将台街,颗粒物(PM10),53,54,52,15,12,0,NA,NA,NA,23,22,6,6,0.3,0.3
2026-09-29T0700,4258A,111.2416,23.4155,梧州市,政贤路18号,,43,43,37,22,18,3,NA,NA,NA,25,17,19,21,0.8,0.7
2026-09-29T0700,4259A,113.835877,34.0155267,许昌市,望田路111号,,22,22,17,10,17,49,NA,NA,NA,12,12,6,5,0.6,0.5
2026-09-29T0700,4260A,109.5933,23.095,贵港市,中山路155-3号,,18,18,30,8,13,24,NA,NA,NA,19,13,/,/,0.6,0.6
2026-09-29T0700,4261A,103.7247,27.3415,昭通市,环东路146号,,12,12,18,3,11,37,NA,NA,NA,11,10,8,9,0.5,0.5
2026-09-29T0700,4263A,105.3688,27.3598,毕节市,工业大道,,12,NA,21,4,16,36,NA,NA,NA,4,6,7,9,/,/
2026-09-29T0700,4264A,113.234,35.219,焦作市,新安路1731号,,48,42,52,33,41,18,NA,NA,NA,19,18,4,4,0.3,0.4
2026-09-29T0700,4265A,113.108806,29.353066,岳阳市,求索西路365号,,15,14,40,3,22,48,NA,NA,NA,8,12,4,4,0.7,0.9
2026-09-29T0700,4266A,117.7325,34.5683,枣庄市,文化路178号,,26,24,59,18,49,65,NA,NA,NA,13,18,5,7,0.3,0.5
2026-09-29T0700,4268A,112.1722,30.3366,荆州市,学苑路85号,,22,14,18,10,11,70,NA,NA,NA,5,7,7,6,0.5,0.6
2026-09-29T0700,4269A,114.6701,33.6167,周口市,七一路,,42,NA,23,29,21,75,NA,NA,NA,10,11,2,3,0.6,0.7
2026-09-29T0700,4270A,102.6447,37.9293,武威市,钟楼街149号,,49,49,57,15,17,39,NA,NA,NA,17,19,9,10,0.3,0.3
2026-09-29T0700,4271A,103.2464,35.6123,临夏回族自治州,滨河东路1号,,36,36,38,18,17,21,NA,NA,NA,10,16,8,9,0.4,0.4
2026-09-29T0700,4273A,81.2737,43.9337,伊犁哈萨克自治州,安徽路800号,颗粒物(PM10),98,116,76,37,23,4,NA,NA,NA,45,32,6,7,0.8,0.7
2026-09-29T0700,4274A,117.7994,40.9605,承德市,滨河大街98号,,26,26,27,18,12,6,NA,NA,NA,11,10,8,15,0.6,0.5
2026-09-29T0700,4275A,111.591512,40.827312,呼和浩特市,成吉思汗西街8号,,24,24,32,4,12,43,NA,NA,NA,17,36,4,6,0.3,0.5
2026-09-29T0700,4276A,111.6597,40.8077,呼和浩特市,公园东路75号,,34,34,31,5,11,40,NA,NA,NA,14,25,7,8,0.7,0.9
2026-09-29T0700,4277A,111.5427,40.7846,呼和浩特市,金海路35号,,42,42,34,14,13,28,NA,NA,NA,28,34,5,7,0.4,0.4
2026-09-29T0700,4278A,106.8212,39.6741,乌海市,海拉北路,颗粒物(PM10),138,217,92,53,24,20,NA,NA,NA,25,17,23,18,0.7,0.5
2026-09-29T0700,4279A,119.7569,49.2222,呼伦贝尔市,伊敏大街东7号,,22,22,20,1,9,32,NA,NA,NA,7,9,5,6,0.3,0.4
2026-09-29T0700,4280A,122.0921,46.065,兴安盟,洮儿河南路,,24,24,21,4,6,15,NA,NA,NA,26,10,6,6,0.4,0.2
2026-09-29T0700,4281A,125.334645,43.916281,长春市,北亚泰大街1068号,,34,34,33,21,19,32,NA,NA,NA,32,33,7,7,0.2,0.2
2026-09-29T0700,4282A,126.6769,45.7379,哈尔滨市,华山路1号,,39,39,33,19,16,25,NA,NA,NA,24,29,11,8,0.4,0.4
2026-09-29T0700,4283A,126.9717,45.5356,哈尔滨市,解放大街52号,,30,30,29,3,5,35,NA,NA,NA,14,19,10,8,0.6,0.6
2026-09-29T0700,4284A,128.8325,47.8447,伊春市,永安路4-1号,,16,16,16,7,10,2,NA,NA,NA,3,6,1,1,0.3,0.2
2026-09-29T0700,4285A,130.363,46.806,佳木斯市,顺和街,,26,21,32,18,13,7,NA,NA,NA,36,27,2,2,0.4,0.4
2026-09-29T0700,4286A,130.3952,46.8268,佳木斯市,长安路196号,NA,NA,28,22,8,10,NA,NA,NA,NA,27,19,4,3,0.4,0.4
2026-09-29T0700,4287A,129.5992,44.5964,牡丹江市,东晓云街98号,,34,34,28,16,10,3,NA,NA,NA,8,9,7,7,0.5,0.4
2026-09-29T0700,4288A,117.2438,34.2844,徐州市,龙潭环路5号,,30,29,49,21,46,45,NA,NA,NA,9,12,8,9,0.6,0.8
2026-09-29T0700,4289A,117.154766,29.256967,景德镇市,青少年活动中心,,32,27,33,22,25,35,NA,NA,NA,16,14,9,11,/,/
2026-09-29T0700,4290A,120.196923,35.954556,青岛市,珠江路669号,,18,14,19,6,6,39,NA,NA,NA,36,18,5,5,0.7,0.7
2026-09-29T0700,4291A,120.0424,35.8656,青岛市,黄岛区人民政府广场,,29,29,26,13,9,10,NA,NA,NA,45,28,5,5,0.5,0.4
2026-09-29T0700,4292A,116.352738,37.420875,德州市,新河东路,,41,41,59,26,33,38,NA,NA,NA,20,31,7,9,0.6,0.7
2026-09-29T0700,4293A,113.605125,34.755221,郑州市,计划路2号,,29,25,31,20,24,32,NA,NA,NA,16,17,4,4,0.2,0.2
2026-09-29T0700,4294A,113.6525645,34.77362682,郑州市,同乐路9号,,43,NA,32,30,30,29,NA,NA,NA,21,20,4,4,0.3,0.3
2026-09-29T0700,4295A,113.2722,35.2121,焦作市,人民路3066号,,46,46,50,29,38,19,NA,NA,NA,19,16,6,5,0.5,0.5
2026-09-29T0700,4296A,114.6421,33.6417,周口市,健康路46号,,22,22,22,14,20,68,NA,NA,NA,11,11,2,2,0.3,0.3
2026-09-29T0700,4297A,114.649,33.596,周口市,太昊路,,26,23,23,14,20,81,NA,NA,NA,8,11,4,4,1.0,1
2026-09-29T0700,4298A,114.284,29.8595,咸宁市,碧桂路,,28,28,51,16,25,50,NA,NA,NA,11,19,4,5,0.3,0.6
2026-09-29T0700,4299A,111.6195,26.2253,永州市,徐家井路86号,,27,27,23,14,14,28,NA,NA,NA,12,10,7,7,0.9,0.8
2026-09-29T0700,4300A,114.4089,23.1147,惠州市,文华一路1号,,32,32,31,22,19,21,NA,NA,NA,19,13,/,/,/,/
2026-09-29T0700,4301A,110.2803,25.2773,桂林市,信义路13号,,33,27,25,23,16,27,NA,NA,NA,15,11,6,6,0.7,0.6
2026-09-29T0700,4302A,108.0901,24.6945,河池市,上任中路54号,,27,27,27,9,11,34,NA,NA,NA,11,18,14,9,0.7,0.8
2026-09-29T0700,4303A,105.5911,30.5368,遂宁市,环岛商务中心9号楼,,23,23,15,7,4,5,NA,NA,NA,15,13,7,7,0.7,0.7
2026-09-29T0700,4304A,106.1172,30.843,南充市,清泉寺北路188号,,20,20,13,9,7,7,NA,NA,NA,10,9,7,7,0.0,0.1
2026-09-29T0700,4305A,106.067,30.7616,南充市,同庆路1号,,21,21,16,6,4,18,NA,NA,NA,14,12,10,8,0.4,0.5
2026-09-29T0700,4306A,103.0544,30.0133,雅安市,滨江西路,,12,8,8,2,3,37,NA,NA,NA,2,6,5,4,0.5,0.5
2026-09-29T0700,4307A,108.9817,34.2035,西安市,曲江池东路988号,,26,20,29,18,18,34,NA,NA,NA,11,17,3,3,0.6,0.6
2026-09-29T0700,4308A,107.3898,34.3601,宝鸡市,陈仓区北开路21号,,20,20,21,8,12,4,NA,NA,NA,36,17,6,6,0.4,0.5
2026-09-29T0700,4309A,104.6159,35.5701,定西市,正龙路62号,,41,41,44,13,10,10,NA,NA,NA,6,7,4,4,0.3,0.3
2026-09-29T0700,4310A,103.207136,35.599807,临夏回族自治州,新华街21号,,36,36,39,17,18,17,NA,NA,NA,12,12,8,8,0.4,0.3
2026-09-29T0700,4311A,122.0383,46.0691,兴安盟,科尔沁北路63号,,27,27,21,8,5,30,NA,NA,NA,20,7,7,6,0.3,0.3
2026-09-29T0700,4312A,119.019,31.6512,南京市,中山西路1号,,24,14,14,10,5,76,NA,NA,NA,7,8,4,4,0.7,0.7
2026-09-29T0700,4314A,114.0494,38.059,石家庄市,矿区区委大楼,颗粒物(PM10),73,82,64,44,27,18,NA,NA,NA,32,24,14,9,1.1,0.5
2026-09-29T0700,4325A,105.3665,28.77434,泸州市,纳溪区委政协,,23,23,19,10,13,19,NA,NA,NA,10,12,4,4,0.7,0.8
2026-09-29T0700,4326A,113.0794,22.5999,江门市,五邑大学,,20,20,25,13,17,38,NA,NA,NA,4,6,3,4,0.6,0.5
