timepoint,stationcode,longitude,latitude,area,positionname,primarypollutant,aqi,pm10,pm10_24h,pm2_5,pm2_5_24h,o3,o3_24h,o3_8h,o3_8h_24h,no2,no2_24h,so2,so2_24h,co,co_24h
2023-02-27T07:00:00,1001A,116.3621,39.8784,北京市,万寿西宫,细颗粒物(PM2.5),175,169,152,132,108,107,17,41,19,79,55,2,3,0.8,0.7
2023-02-27T07:00:00,1002A,116.2202,40.2915,北京市,定陵,细颗粒物(PM2.5),204,191,133,154,95,98,36,66,49,23,20,1,2,0.8,0.6
2023-02-27T07:00:00,1003A,116.4174,39.9289,北京市,东四,细颗粒物(PM2.5),165,187,153,125,100,102,2,39,9,102,50,4,4,1.2,0.8
2023-02-27T07:00:00,1004A,116.4072,39.8863,北京市,天坛,细颗粒物(PM2.5),172,166,141,130,104,107,2,25,6,72,49,1,3,0.8,0.7
2023-02-27T07:00:00,1005A,116.462,39.9365,北京市,农展馆,细颗粒物(PM2.5),162,186,149,123,98,105,1,16,3,99,58,3,5,1.0,0.7
2023-02-27T07:00:00,1006A,116.3392,39.9295,北京市,官园,细颗粒物(PM2.5),175,188,156,132,108,119,1,52,19,100,51,6,7,1.0,0.7
2023-02-27T07:00:00,1007A,116.2878,39.9611,北京市,海淀万柳,细颗粒物(PM2.5),168,178,167,127,107,82,0,6,3,93,56,3,3,1.1,0.8
2023-02-27T07:00:00,1008A,116.6636,40.135,北京市,顺义新城,细颗粒物(PM2.5),158,164,133,120,89,113,5,19,13,78,53,1,4,0.8,0.7
2023-02-27T07:00:00,1009A,116.6275,40.3275,北京市,怀柔镇,细颗粒物(PM2.5),162,185,136,123,78,53,24,35,32,29,40,3,3,0.8,0.7
2023-02-27T07:00:00,1010A,116.2296,40.217,北京市,昌平镇,细颗粒物(PM2.5),195,189,139,146,94,105,4,58,27,24,21,3,3,1.3,0.6
2023-02-27T07:00:00,1011A,116.3966,39.9821,北京市,奥体中心,细颗粒物(PM2.5),162,176,144,123,102,97,1,57,15,94,48,1,4,1.3,0.9
2023-02-27T07:00:00,1012A,116.184,39.9136,北京市,古城,细颗粒物(PM2.5),198,209,164,148,107,108,12,22,9,63,51,1,3,1.2,0.9
2023-02-27T07:00:00,1015A,117.1444,39.1661,天津市,勤俭道,细颗粒物(PM2.5),104,112,129,78,89,127,40,45,44,51,45,14,11,0.7,0.7
2023-02-27T07:00:00,1017A,117.237,39.1082,天津市,大直沽八号路,细颗粒物(PM2.5),93,109,126,69,79,119,39,33,33,50,51,14,11,0.8,0.8
2023-02-27T07:00:00,1018A,117.202,39.0927,天津市,前进道,细颗粒物(PM2.5),95,99,117,71,80,122,40,37,37,54,54,12,10,0.8,0.8
2023-02-27T07:00:00,1019A,117.1837,39.2133,天津市,淮河道,细颗粒物(PM2.5),95,128,146,71,81,128,49,55,53,46,48,13,11,0.7,0.7
2023-02-27T07:00:00,1021A,117.307,39.0877,天津市,跃进路,细颗粒物(PM2.5),98,113,123,73,82,122,31,13,13,60,63,15,12,0.7,0.7
2023-02-27T07:00:00,1023A,117.707,39.0343,天津市,第四大街,细颗粒物(PM2.5),109,121,121,82,78,101,41,31,31,45,53,14,11,0.9,0.8
2023-02-27T07:00:00,1024A,117.457,38.8394,天津市,永明路,细颗粒物(PM2.5),108,109,111,81,77,121,29,27,27,58,55,42,16,0.7,0.7
2023-02-27T07:00:00,1026A,117.764,39.1587,天津市,汉北路,细颗粒物(PM2.5),100,110,115,75,76,106,38,32,32,56,55,17,12,0.7,0.9
2023-02-27T07:00:00,1027A,117.157,38.9194,天津市,团泊洼,细颗粒物(PM2.5),99,107,118,74,80,110,30,25,25,51,52,13,10,0.9,0.9
2023-02-27T07:00:00,1029A,114.4422,38.0444,石家庄市,职工医院,细颗粒物(PM2.5),183,210,187,138,126,90,4,22,7,80,67,11,14,1.8,1.3
2023-02-27T07:00:00,1030A,114.6063,38.0266,石家庄市,高新区,细颗粒物(PM2.5),115,140,152,87,98,108,4,29,17,66,50,5,9,0.9,1.1
2023-02-27T07:00:00,1031A,114.4898,38.1328,石家庄市,西北水源,细颗粒物(PM2.5),200,217,197,150,132,87,2,4,2,78,72,5,9,1.7,1.4
2023-02-27T07:00:00,1032A,114.4586,38.0058,石家庄市,西南高教,细颗粒物(PM2.5),168,200,195,127,129,88,2,34,9,80,67,10,10,1.4,1.4
2023-02-27T07:00:00,1033A,114.5331,38.0178,石家庄市,世纪公园,细颗粒物(PM2.5),139,135,146,106,110,97,1,31,13,64,49,5,10,1.0,1.3
2023-02-27T07:00:00,1034A,114.509,38.0457,石家庄市,人民会堂,细颗粒物(PM2.5),188,219,177,141,128,101,4,34,17,74,52,8,12,1.6,1.4
2023-02-27T07:00:00,1035A,114.3524,37.8911,石家庄市,封龙山,细颗粒物(PM2.5),170,187,157,129,108,102,75,84,76,40,47,15,12,1.5,1.4
2023-02-27T07:00:00,1037A,118.131,39.6363,唐山市,雷达站,细颗粒物(PM2.5),113,114,105,85,74,109,33,62,50,59,43,14,11,0.8,0.7
2023-02-27T07:00:00,1038A,118.1725,39.6334,唐山市,物资局,细颗粒物(PM2.5),128,116,104,97,76,102,12,59,36,80,59,11,9,0.9,0.8
2023-02-27T07:00:00,1040A,118.1705,39.6506,唐山市,十二中,细颗粒物(PM2.5),105,113,106,79,77,102,19,60,39,92,60,14,11,0.8,0.7
2023-02-27T07:00:00,1041A,118.1869,39.622,唐山市,小山,细颗粒物(PM2.5),115,124,114,87,79,108,14,54,32,73,56,11,10,0.8,0.7
2023-02-27T07:00:00,1042A,119.5134,39.8207,秦皇岛市,北戴河环保局,细颗粒物(PM2.5),80,88,87,59,58,104,29,64,42,38,32,16,15,1.0,1
2023-02-27T07:00:00,1043A,119.7493,40.0116,秦皇岛市,第一关,细颗粒物(PM2.5),85,106,103,63,65,91,13,40,28,70,52,19,10,1.4,1
2023-02-27T07:00:00,1044A,119.5897,39.9499,秦皇岛市,监测站,细颗粒物(PM2.5),85,87,93,63,63,88,31,61,54,56,45,18,12,1.0,1
2023-02-27T07:00:00,1046A,119.5251,39.9041,秦皇岛市,建设大厦,颗粒物(PM10),65,80,93,41,48,98,37,73,57,54,44,26,15,1.5,1
2023-02-27T07:00:00,1048A,114.5302,36.6116,邯郸市,东污水处理厂,细颗粒物(PM2.5),77,84,119,56,78,109,48,68,54,23,29,22,23,0.5,0.8
2023-02-27T07:00:00,1049A,114.4918,36.5713,邯郸市,矿院,细颗粒物(PM2.5),79,87,107,58,81,109,43,64,49,26,28,12,15,0.6,0.8
2023-02-27T07:00:00,1050A,114.484,36.6133,邯郸市,丛台公园,细颗粒物(PM2.5),80,72,98,59,73,108,45,66,53,25,25,11,12,0.7,0.9
2023-02-27T07:00:00,1051A,115.493,38.8632,保定市,游泳馆,细颗粒物(PM2.5),110,83,158,83,126,113,27,30,30,44,54,15,19,0.5,0.9
2023-02-27T07:00:00,1052A,115.5213,38.8959,保定市,华电二区,细颗粒物(PM2.5),113,122,151,85,125,108,20,20,19,44,52,9,13,0.8,1.1
2023-02-27T07:00:00,1053A,115.4713,38.9108,保定市,接待中心,细颗粒物(PM2.5),109,108,153,82,118,107,30,27,27,36,52,8,12,0.5,0.9
2023-02-27T07:00:00,1054A,115.4612,38.8416,保定市,地表水厂,细颗粒物(PM2.5),98,117,180,73,103,105,24,31,29,54,67,10,13,0.2,0.6
2023-02-27T07:00:00,1056A,115.5086,38.8639,保定市,监测站,细颗粒物(PM2.5),162,127,166,123,131,116,15,16,16,66,71,8,11,1.3,1
2023-02-27T07:00:00,1057A,114.8883,40.8336,张家口市,人民公园,细颗粒物(PM2.5),74,70,60,54,36,88,51,60,55,26,26,9,8,0.7,0.6
2023-02-27T07:00:00,1059A,114.8687,40.8042,张家口市,五金库,,,71,55,58,43,80,42,45,45,,21,4,6,0.8,0.5
2023-02-27T07:00:00,1060A,114.8902,40.762,张家口市,世纪豪园,细颗粒物(PM2.5),88,83,69,65,49,89,50,72,57,25,25,4,6,1.0,0.8
2023-02-27T07:00:00,1061A,114.8916,40.8661,张家口市,北泵房,细颗粒物(PM2.5),97,81,60,72,43,94,47,57,53,29,25,20,16,1.1,1
2023-02-27T07:00:00,1062A,117.9531,40.9081,承德市,铁路,细颗粒物(PM2.5),103,116,78,77,45,75,8,22,15,58,47,8,10,1.0,0.9
2023-02-27T07:00:00,1063A,117.9392,40.9763,承德市,中国银行,细颗粒物(PM2.5),107,119,66,80,42,78,7,12,10,56,43,6,7,1.0,0.8
2023-02-27T07:00:00,1064A,117.9503,40.928,承德市,开发区,细颗粒物(PM2.5),102,93,63,76,47,79,11,19,15,49,39,8,8,1.0,0.8
2023-02-27T07:00:00,1065A,117.8051,40.9655,承德市,文化中心,细颗粒物(PM2.5),119,130,97,90,58,86,24,28,27,42,44,6,18,1.0,1.1
2023-02-27T07:00:00,1066A,117.9268,41.0026,承德市,离宫,细颗粒物(PM2.5),103,106,59,77,38,80,20,41,27,28,19,9,11,0.8,0.6
2023-02-27T07:00:00,1067A,116.6708,39.5111,廊坊市,药材公司,细颗粒物(PM2.5),120,126,150,91,93,129,35,33,33,50,48,9,8,0.9,0.8
2023-02-27T07:00:00,1068A,116.7214,39.5589,廊坊市,开发区,细颗粒物(PM2.5),119,118,137,90,93,128,53,51,47,50,60,15,13,0.7,0.8
2023-02-27T07:00:00,1070A,116.7244,39.5269,廊坊市,北华航天学院,细颗粒物(PM2.5),120,136,153,91,101,122,41,40,39,55,54,12,10,0.7,0.7
2023-02-27T07:00:00,1071A,116.8842,38.2991,沧州市,沧县城建局,细颗粒物(PM2.5),94,105,117,70,73,128,56,70,64,34,36,17,18,0.8,0.8
2023-02-27T07:00:00,1072A,116.8584,38.3254,沧州市,电视转播站,细颗粒物(PM2.5),80,99,106,59,69,124,53,66,61,37,39,17,18,0.9,0.8
2023-02-27T07:00:00,1073A,116.8709,38.3228,沧州市,市环保局,细颗粒物(PM2.5),79,83,105,58,65,119,47,53,50,47,46,14,13,0.5,0.5
2023-02-27T07:00:00,1074A,115.6838,37.7541,衡水市,电机北厂,细颗粒物(PM2.5),73,83,111,53,71,128,66,63,63,18,25,6,8,0.5,0.6
2023-02-27T07:00:00,1075A,115.6303,37.7316,衡水市,市监测站,细颗粒物(PM2.5),77,87,116,56,74,125,59,58,56,22,27,8,10,0.5,0.6
2023-02-27T07:00:00,1077A,114.4704,37.0886,邢台市,达活泉,细颗粒物(PM2.5),112,118,133,84,96,105,25,48,37,40,34,11,8,1.3,1.2
2023-02-27T07:00:00,1078A,114.5062,37.0349,邢台市,邢师高专,细颗粒物(PM2.5),100,111,117,75,92,107,16,45,29,47,33,11,10,1.1,1
2023-02-27T07:00:00,1079A,114.5237,37.0851,邢台市,路桥公司,细颗粒物(PM2.5),80,93,120,59,80,103,10,20,17,50,47,7,7,0.8,0.9
2023-02-27T07:00:00,1080A,114.4725,37.0719,邢台市,市环保局,细颗粒物(PM2.5),113,114,139,85,94,109,22,47,34,45,39,11,11,1.1,1
2023-02-27T07:00:00,1081A,112.522,37.8873,太原市,尖草坪,细颗粒物(PM2.5),172,195,176,130,121,100,4,4,4,83,86,7,9,1.2,1.1
2023-02-27T07:00:00,1083A,112.434,38.0108,太原市,上兰,,,,,,,,,,,,,,,,
2023-02-27T07:00:00,1084A,112.469,37.7124,太原市,晋源,细颗粒物(PM2.5),199,186,166,149,132,102,5,10,7,65,59,16,13,1.2,1.2
2023-02-27T07:00:00,1085A,112.5583,37.7394,太原市,小店,细颗粒物(PM2.5),150,164,176,115,122,100,8,8,7,70,74,6,10,1.3,1.2
2023-02-27T07:00:00,1086A,112.5369,37.8692,太原市,桃园,细颗粒物(PM2.5),162,184,171,123,119,99,2,26,22,69,59,8,9,1.1,1.1
2023-02-27T07:00:00,1087A,112.57,37.8195,太原市,坞城,细颗粒物(PM2.5),142,145,148,108,108,108,39,35,35,44,56,10,11,1.0,1
2023-02-27T07:00:00,1088A,112.549,37.9854,太原市,南寨,细颗粒物(PM2.5),148,175,166,113,114,97,3,4,3,46,55,3,9,1.1,1.1
2023-02-27T07:00:00,1090A,111.6507,40.7517,呼和浩特市,呼市一监,细颗粒物(PM2.5),108,90,121,81,89,93,22,18,18,46,54,11,14,0.8,1.1
2023-02-27T07:00:00,1091A,111.6572,40.8033,呼和浩特市,小召,细颗粒物(PM2.5),102,105,121,76,77,86,19,12,12,59,67,15,18,0.9,1
2023-02-27T07:00:00,1094A,111.7516,40.8369,呼和浩特市,如意水处理厂,细颗粒物(PM2.5),108,120,135,81,79,95,4,4,4,68,66,12,14,0.9,0.8
2023-02-27T07:00:00,1095A,111.7276,40.8062,呼和浩特市,二十九中,细颗粒物(PM2.5),108,108,128,81,84,87,24,10,10,53,63,12,14,0.9,0.9
2023-02-27T07:00:00,1096A,111.5512,40.7866,呼和浩特市,工大金川校区,细颗粒物(PM2.5),123,126,124,93,82,98,3,3,3,68,62,11,13,1.1,1
2023-02-27T07:00:00,1097A,111.717,40.7612,呼和浩特市,化肥厂生活区,细颗粒物(PM2.5),103,118,139,77,83,88,24,10,10,52,57,14,15,0.7,1
2023-02-27T07:00:00,1098A,123.6836,41.9339,沈阳市,森林路,,,,,,,,,,,,,,,,
2023-02-27T07:00:00,1099A,123.505,41.7406,沈阳市,浑南东路,细颗粒物(PM2.5),64,73,78,46,53,81,60,52,41,31,43,18,25,0.8,1.6
2023-02-27T07:00:00,1100A,123.4231,41.6989,沈阳市,新秀街,"颗粒物(PM10),细颗粒物(PM2.5)",62,74,86,44,53,86,64,53,53,22,37,33,30,0.7,1.4
2023-02-27T07:00:00,1102A,123.5903,41.8411,沈阳市,东陵路,细颗粒物(PM2.5),73,70,80,53,53,86,22,53,27,54,42,19,25,1.2,1.4
2023-02-27T07:00:00,1103A,123.4264,41.8467,沈阳市,陵东街,细颗粒物(PM2.5),73,80,74,53,48,93,75,79,78,38,41,20,25,0.9,1.3
2023-02-27T07:00:00,1104A,123.4114,41.7653,沈阳市,文化路,细颗粒物(PM2.5),82,86,89,60,59,93,70,83,73,27,33,19,24,0.8,1.3
2023-02-27T07:00:00,1105A,123.4678,41.7867,沈阳市,小河沿,细颗粒物(PM2.5),80,91,79,59,49,92,57,86,70,47,38,44,26,1.3,1.3
2023-02-27T07:00:00,1106A,123.4017,41.7972,沈阳市,太原街,细颗粒物(PM2.5),92,87,80,68,64,87,71,72,66,36,43,19,29,1.0,1.5
2023-02-27T07:00:00,1108A,123.3783,41.9228,沈阳市,京沈街,细颗粒物(PM2.5),83,70,77,61,56,92,81,86,85,33,35,21,24,1.1,1.3
2023-02-27T07:00:00,1109A,121.612,38.9741,大连市,甘井子,细颗粒物(PM2.5),69,76,83,50,53,95,33,63,51,51,45,8,19,0.6,0.7
2023-02-27T07:00:00,1110A,121.565,38.9511,大连市,周水子,细颗粒物(PM2.5),68,82,93,49,48,103,8,46,27,75,49,40,28,0.7,0.8
2023-02-27T07:00:00,1111A,121.5637,38.8845,大连市,星海三站,细颗粒物(PM2.5),77,66,87,56,64,86,33,51,44,42,40,5,13,0.6,0.8
2023-02-27T07:00:00,1112A,121.6302,38.9117,大连市,青泥洼桥,细颗粒物(PM2.5),52,9,37,36,53,105,49,58,47,33,40,12,20,0.6,0.7
2023-02-27T07:00:00,1113A,121.6251,38.8638,大连市,傅家庄,颗粒物(PM10),57,64,97,36,69,98,50,57,50,26,30,8,13,0.5,0.7
2023-02-27T07:00:00,1114A,121.5213,38.8661,大连市,七贤岭,细颗粒物(PM2.5),69,60,61,50,48,106,9,57,45,54,34,6,10,0.9,0.9
2023-02-27T07:00:00,1115A,121.2529,38.8061,大连市,旅顺,,40,37,59,28,47,102,53,57,54,24,7,10,16,0.6,0.8
2023-02-27T07:00:00,1116A,121.7485,39.1311,大连市,金州,细颗粒物(PM2.5),63,56,73,45,52,107,34,63,52,61,43,24,18,0.9,1
2023-02-27T07:00:00,1117A,121.7811,39.0496,大连市,开发区,细颗粒物(PM2.5),72,68,66,52,58,110,17,47,39,71,53,7,7,0.8,0.9
2023-02-27T07:00:00,1118A,121.9762,39.0631,大连市,双D港,,49,48,48,34,42,104,27,62,41,62,40,6,9,0.8,0.9
2023-02-27T07:00:00,1119A,125.3325,43.9166,长春市,食品厂,颗粒物(PM10),62,74,79,37,40,79,58,76,73,37,32,16,12,0.9,0.7
2023-02-27T07:00:00,1120A,125.2863,43.9027,长春市,客车厂,颗粒物(PM10),74,97,80,46,44,79,60,74,70,41,34,18,14,1.0,0.7
2023-02-27T07:00:00,1121A,125.2841,43.8463,长春市,邮电学院,颗粒物(PM10),73,95,78,50,39,82,49,80,68,49,33,17,17,0.9,0.7
2023-02-27T07:00:00,1122A,125.3716,43.8772,长春市,劳动公园,"颗粒物(PM10),细颗粒物(PM2.5)",60,69,70,43,37,80,53,72,65,35,33,14,17,1.0,0.7
2023-02-27T07:00:00,1123A,125.3297,43.8805,长春市,园林处,颗粒物(PM10),69,87,76,43,36,79,59,77,72,37,33,15,17,1.1,0.8
2023-02-27T07:00:00,1124A,125.4605,43.79,长春市,净月潭,颗粒物(PM10),69,88,67,43,29,84,54,69,65,17,15,13,7,1.2,0.7
2023-02-27T07:00:00,1125A,125.7194,43.515,长春市,甩湾子,,,,,,,,,,,,,,,,
2023-02-27T07:00:00,1126A,125.3863,43.8447,长春市,经开区环卫处,细颗粒物(PM2.5),57,54,67,40,35,80,48,58,57,34,30,15,11,1.1,0.7
2023-02-27T07:00:00,1127A,125.245,43.7783,长春市,高新区管委会,细颗粒物(PM2.5),75,82,68,55,43,83,58,66,65,30,32,14,11,1.1,0.6
2023-02-27T07:00:00,1128A,125.1761,43.8325,长春市,岱山公园,细颗粒物(PM2.5),67,56,77,48,42,82,63,70,69,33,33,14,11,1.0,0.8
2023-02-27T07:00:00,1129A,126.5422,45.755,哈尔滨市,岭北,细颗粒物(PM2.5),117,145,88,88,46,92,72,73,64,22,19,23,24,0.6,0.4
2023-02-27T07:00:00,1130A,126.561,45.8167,哈尔滨市,松北商大,细颗粒物(PM2.5),93,98,69,69,41,94,68,60,59,28,28,9,11,0.8,0.6
2023-02-27T07:00:00,1131A,126.979,45.5419,哈尔滨市,阿城会宁,细颗粒物(PM2.5),55,57,68,39,41,99,57,51,51,22,23,20,16,0.7,0.6
2023-02-27T07:00:00,1132A,126.599,45.7222,哈尔滨市,南岗学府路,颗粒物(PM10),81,111,80,59,44,93,61,67,55,33,28,12,14,0.6,0.6
2023-02-27T07:00:00,1133A,126.689,45.7733,哈尔滨市,太平宏伟公园,细颗粒物(PM2.5),98,115,81,73,44,96,61,73,60,32,28,12,13,0.8,0.7
2023-02-27T07:00:00,1134A,126.635,45.7667,哈尔滨市,道外承德广场,细颗粒物(PM2.5),83,106,83,61,42,90,58,62,55,36,34,14,18,1.0,0.8
2023-02-27T07:00:00,1135A,126.685,45.7319,哈尔滨市,香坊红旗大街,细颗粒物(PM2.5),120,112,85,91,61,83,44,51,41,49,44,28,25,0.9,0.7
2023-02-27T07:00:00,1136A,126.6411,45.7258,哈尔滨市,动力和平路,细颗粒物(PM2.5),93,95,75,69,48,90,52,53,47,37,33,8,9,0.9,0.7
2023-02-27T07:00:00,1137A,126.593,45.7478,哈尔滨市,道里建国路,细颗粒物(PM2.5),93,110,81,69,48,88,57,57,46,36,35,13,16,0.8,0.7
2023-02-27T07:00:00,1138A,126.615,45.61,哈尔滨市,平房东轻厂,细颗粒物(PM2.5),83,92,76,61,44,101,64,52,52,21,23,11,13,1.0,0.9
2023-02-27T07:00:00,1139A,126.595,45.9855,哈尔滨市,呼兰师专,细颗粒物(PM2.5),98,108,73,73,45,82,58,65,56,28,24,12,15,0.7,0.6
2023-02-27T07:00:00,1140A,126.6206,45.6842,哈尔滨市,省农科院,细颗粒物(PM2.5),82,105,81,60,42,97,58,47,47,34,36,18,19,0.6,0.5
2023-02-27T07:00:00,1141A,121.4,31.238,上海市,普陀,,40,40,41,28,27,99,65,90,84,36,29,5,6,0.6,0.6
2023-02-27T07:00:00,1142A,121.478,31.2036,上海市,十五厂,,29,29,30,17,27,89,38,82,62,55,32,6,7,0.6,0.6
2023-02-27T07:00:00,1143A,121.467,31.3008,上海市,虹口,,46,39,42,32,30,97,39,73,64,43,20,6,6,0.7,0.7
2023-02-27T07:00:00,1144A,121.412,31.1654,上海市,徐汇上师大,,46,32,36,32,25,89,31,83,62,65,36,8,9,0.6,0.5
2023-02-27T07:00:00,1145A,121.536,31.2659,上海市,杨浦四漂,,46,46,45,31,27,97,24,44,37,70,39,7,8,0.7,0.5
2023-02-27T07:00:00,1147A,121.425,31.2261,上海市,静安监测站,颗粒物(PM10),52,54,55,27,27,97,59,91,82,43,32,8,9,0.7,0.6
2023-02-27T07:00:00,1148A,121.703,31.1907,上海市,浦东川沙,颗粒物(PM10),51,52,40,21,28,94,18,78,43,67,30,5,5,0.9,0.7
2023-02-27T07:00:00,1149A,121.533,31.2284,上海市,浦东新区监测站,,46,46,46,31,30,84,37,74,62,49,29,6,10,0.7,0.7
2023-02-27T07:00:00,1150A,121.577,31.2071,上海市,浦东张江,细颗粒物(PM2.5),52,35,35,36,23,85,6,59,46,79,27,5,5,0.7,0.6
2023-02-27T07:00:00,1151A,118.8086,32.1065,南京市,迈皋桥,颗粒物(PM10),63,76,66,41,35,101,34,33,27,35,36,4,7,0.4,0.4
2023-02-27T07:00:00,1152A,118.7538,32.0551,南京市,草场门,颗粒物(PM10),65,80,61,46,29,95,22,48,34,51,35,4,6,0.4,0.4
2023-02-27T07:00:00,1153A,118.7794,32.0745,南京市,山西路,细颗粒物(PM2.5),70,75,60,51,34,113,40,65,48,27,20,3,5,0.4,0.5
2023-02-27T07:00:00,1154A,118.7752,32.0023,南京市,中华门,颗粒物(PM10),62,73,62,41,30,105,22,41,23,47,43,7,9,0.7,0.7
2023-02-27T07:00:00,1155A,118.8109,32.0309,南京市,瑞金路,颗粒物(PM10),73,95,62,44,32,101,31,32,26,40,39,7,7,0.5,0.5
2023-02-27T07:00:00,1156A,118.7997,32.0754,南京市,玄武湖,细颗粒物(PM2.5),73,82,59,53,36,103,44,51,35,31,28,3,4,0.4,0.5
2023-02-27T07:00:00,1157A,118.6414,32.0931,南京市,浦口,"颗粒物(PM10),细颗粒物(PM2.5)",73,96,64,53,33,92,12,49,30,63,46,3,5,0.5,0.5
2023-02-27T07:00:00,1158A,118.7356,31.9996,南京市,奥体中心,颗粒物(PM10),79,108,67,46,35,103,20,41,27,60,50,4,6,0.5,0.5
2023-02-27T07:00:00,1159A,118.9125,32.1028,南京市,仙林大学城,细颗粒物(PM2.5),62,70,61,44,37,110,44,41,35,27,33,5,7,0.5,0.5
2023-02-27T07:00:00,1160A,120.561,31.2472,苏州市,上方山,细颗粒物(PM2.5),59,60,45,42,27,84,42,41,31,36,33,6,7,0.5,0.5
2023-02-27T07:00:00,1162A,120.591,31.3019,苏州市,彩香,细颗粒物(PM2.5),59,62,52,42,31,100,56,61,52,41,29,9,6,0.8,0.7
2023-02-27T07:00:00,1163A,120.596,31.3264,苏州市,轧钢厂,颗粒物(PM10),54,58,55,37,31,92,55,45,40,29,27,6,6,0.7,0.6
2023-02-27T07:00:00,1164A,120.613,31.2703,苏州市,吴中区,颗粒物(PM10),56,61,50,39,28,91,31,50,34,62,35,10,6,0.6,0.5
2023-02-27T07:00:00,1165A,120.543,31.2994,苏州市,苏州新区,细颗粒物(PM2.5),54,53,48,38,30,96,59,65,49,40,35,5,6,0.6,0.6
2023-02-27T07:00:00,1166A,120.669,31.3097,苏州市,苏州工业园区,细颗粒物(PM2.5),64,65,52,46,33,93,53,45,45,31,28,7,7,0.5,0.5
2023-02-27T07:00:00,1167A,120.641,31.3708,苏州市,相城区,细颗粒物(PM2.5),69,72,55,50,33,100,26,40,30,53,34,6,6,0.6,0.5
2023-02-27T07:00:00,1168A,120.9098,31.9663,南通市,狼山街道,颗粒物(PM10),54,58,57,34,34,121,38,45,39,39,25,4,6,0.6,0.5
2023-02-27T07:00:00,1169A,120.86,32.0005,南通市,虹桥,,50,50,55,31,33,118,88,91,86,23,22,6,6,0.4,0.4
2023-02-27T07:00:00,1170A,120.87,32.02,南通市,城中,细颗粒物(PM2.5),57,52,54,40,36,110,75,85,76,26,20,6,7,0.4,0.4
2023-02-27T07:00:00,1171A,120.94,31.93,南通市,星湖花园,,43,43,51,29,32,113,70,72,64,24,21,4,5,0.6,0.5
2023-02-27T07:00:00,1172A,120.81,32.0417,南通市,紫琅学院,颗粒物(PM10),54,57,61,31,34,114,73,82,76,27,23,6,7,0.5,0.5
2023-02-27T07:00:00,1173A,119.176,34.5885,连云港市,市环境监测站,细颗粒物(PM2.5),89,90,77,66,51,100,59,76,67,31,30,15,14,0.5,0.5
2023-02-27T07:00:00,1177A,117.179,34.2761,徐州市,黄河新村,细颗粒物(PM2.5),79,83,79,58,52,124,53,70,65,39,33,12,12,1.0,0.8
2023-02-27T07:00:00,1178A,117.1918,34.2384,徐州市,淮塔,细颗粒物(PM2.5),77,94,87,56,52,129,55,62,50,31,36,10,10,0.9,0.8
2023-02-27T07:00:00,1180A,117.256,34.2153,徐州市,新城区,细颗粒物(PM2.5),85,93,82,63,55,124,45,77,61,42,32,12,12,0.9,0.8
2023-02-27T07:00:00,1181A,117.244,34.2911,徐州市,桃园路,细颗粒物(PM2.5),77,88,83,56,49,116,45,66,60,40,31,11,10,0.8,0.8
2023-02-27T07:00:00,1182A,117.2933,34.2778,徐州市,农科院,细颗粒物(PM2.5),70,85,82,51,46,126,51,71,64,33,30,11,11,0.7,0.7
2023-02-27T07:00:00,1186A,119.389,32.3761,扬州市,邗江监测站,细颗粒物(PM2.5),104,83,78,78,53,109,26,50,36,49,43,4,5,0.8,0.6
2023-02-27T07:00:00,1188A,120.269,31.4867,无锡市,雪浪,,46,46,45,31,24,97,57,30,30,25,28,8,9,0.5,0.5
2023-02-27T07:00:00,1189A,120.275,31.6219,无锡市,黄巷,细颗粒物(PM2.5),70,79,63,51,32,103,26,45,36,69,51,8,10,0.9,0.9
2023-02-27T07:00:00,1190A,120.294,31.56,无锡市,曹张,颗粒物(PM10),64,77,55,41,28,94,11,46,35,62,39,6,9,0.9,0.9
2023-02-27T07:00:00,1191A,120.242,31.5031,无锡市,漆塘,,49,41,39,34,23,100,38,37,28,41,31,9,10,0.6,0.7
2023-02-27T07:00:00,1192A,120.3489,31.5863,无锡市,东亭,细颗粒物(PM2.5),64,73,57,46,32,93,10,44,30,75,45,9,11,0.9,0.9
2023-02-27T07:00:00,1193A,120.354,31.5475,无锡市,旺庄,颗粒物(PM10),59,68,55,41,31,97,20,45,33,54,41,5,6,0.7,0.8
2023-02-27T07:00:00,1194A,120.245,31.5631,无锡市,荣巷,颗粒物(PM10),56,61,51,36,28,97,32,43,34,41,30,10,11,0.6,0.7
2023-02-27T07:00:00,1195A,120.299,31.6817,无锡市,堰桥,细颗粒物(PM2.5),67,80,61,48,32,103,24,58,50,60,42,8,11,0.9,0.9
2023-02-27T07:00:00,1196A,119.9633,31.762,常州市,市监测站,细颗粒物(PM2.5),79,105,76,58,42,101,13,40,29,57,43,6,8,0.4,0.6
2023-02-27T07:00:00,1200A,119.9468,31.7069,常州市,武进监测站,细颗粒物(PM2.5),74,94,68,54,39,96,27,42,33,41,37,7,8,0.6,0.7
2023-02-27T07:00:00,1201A,119.9255,31.9087,常州市,安家,细颗粒物(PM2.5),84,106,76,62,47,104,23,42,38,50,50,6,9,0.7,0.7
2023-02-27T07:00:00,1203A,119.6707,32.1875,镇江市,新区办事处,细颗粒物(PM2.5),92,104,85,68,48,114,34,39,33,42,40,3,5,0.9,0.8
2023-02-27T07:00:00,1204A,119.4974,32.1968,镇江市,职教中心,细颗粒物(PM2.5),103,81,72,77,53,112,31,36,36,38,38,4,9,0.6,0.8
2023-02-27T07:00:00,1205A,119.4303,32.1328,镇江市,丹徒区监测站,细颗粒物(PM2.5),104,107,80,78,52,106,25,31,30,42,38,5,7,0.9,0.6
2023-02-27T07:00:00,1206A,119.905,32.4878,泰州市,公园路,细颗粒物(PM2.5),98,92,67,73,48,114,39,76,58,28,21,7,9,1.0,0.8
2023-02-27T07:00:00,1207A,119.9189,32.4625,泰州市,莲花,,,93,72,75,51,113,32,73,54,35,25,,10,1.2,0.9
2023-02-27T07:00:00,1209A,119.888,32.4639,泰州市,留学生创业园,细颗粒物(PM2.5),87,107,84,64,44,109,34,76,54,37,27,8,10,0.9,0.7
2023-02-27T07:00:00,1210A,119.036,33.5981,淮安市,钵池山,细颗粒物(PM2.5),117,75,65,88,55,98,49,66,61,36,32,8,10,1.0,0.8
2023-02-27T07:00:00,1211A,119.007,33.575,淮安市,北京南路,细颗粒物(PM2.5),85,85,72,63,45,91,48,59,55,36,39,14,13,0.9,0.8
2023-02-27T07:00:00,1212A,118.989,33.6067,淮安市,市监测站,细颗粒物(PM2.5),85,88,76,63,49,104,55,68,64,35,38,13,12,1.3,0.8
2023-02-27T07:00:00,1213A,119.135,33.5039,淮安市,楚州区监测站,细颗粒物(PM2.5),107,100,76,80,49,93,25,43,35,45,40,7,10,0.7,0.6
2023-02-27T07:00:00,1214A,119.0186,33.6297,淮安市,淮阴区监测站,细颗粒物(PM2.5),118,96,77,89,55,98,54,64,61,33,35,16,14,1.2,0.7
2023-02-27T07:00:00,1215A,120.118,33.4022,盐城市,盐城电厂,细颗粒物(PM2.5),64,58,62,46,42,114,95,112,98,19,19,8,10,0.6,0.6
2023-02-27T07:00:00,1216A,120.156,33.3942,盐城市,市监测站,细颗粒物(PM2.5),79,78,60,58,42,112,51,80,66,45,27,6,9,0.7,0.6
2023-02-27T07:00:00,1218A,120.2144,33.38,盐城市,开发区管委会,细颗粒物(PM2.5),94,83,74,70,47,113,57,84,73,29,26,5,7,0.7,0.7
2023-02-27T07:00:00,1220A,118.293,33.9528,宿迁市,宿迁学院,细颗粒物(PM2.5),113,122,92,85,63,110,22,56,36,59,44,8,12,0.7,0.6
2023-02-27T07:00:00,1221A,118.2442,33.9592,宿迁市,宿迁中学,,,,83,,57,81,,73,,,29,,8,,0.5
2023-02-27T07:00:00,1223A,120.2072,30.2111,杭州市,滨江,颗粒物(PM10),55,59,52,37,29,99,55,68,60,33,33,7,8,0.4,0.4
2023-02-27T07:00:00,1224A,120.0633,30.2747,杭州市,西溪,,49,49,46,32,24,93,5,39,22,40,31,4,5,0.6,0.6
2023-02-27T07:00:00,1226A,120.3461,30.3153,杭州市,下沙,颗粒物(PM10),60,70,55,37,30,106,33,73,59,54,31,8,8,0.6,0.5
2023-02-27T07:00:00,1227A,120.1269,30.2456,杭州市,卧龙桥,,36,36,40,25,24,94,15,18,17,29,28,6,7,0.9,0.7
2023-02-27T07:00:00,1228A,120.1903,30.2692,杭州市,浙江农大,颗粒物(PM10),54,58,46,36,29,105,57,68,63,30,31,7,7,0.6,0.6
2023-02-27T07:00:00,1230A,120.1197,30.3119,杭州市,和睦小学,颗粒物(PM10),59,67,50,38,28,92,3,66,52,42,24,6,6,0.7,0.6
2023-02-27T07:00:00,1231A,120.3019,30.4183,杭州市,临平镇,颗粒物(PM10),59,68,53,39,25,101,45,68,61,40,27,8,8,0.6,0.5
2023-02-27T07:00:00,1232A,120.2697,30.1819,杭州市,城厢镇,细颗粒物(PM2.5),69,68,53,50,34,97,10,74,45,71,37,6,6,0.7,0.5
2023-02-27T07:00:00,1233A,120.0883,30.1808,杭州市,云栖,,42,42,42,23,24,96,22,24,23,22,24,5,6,0.5,0.5
2023-02-27T07:00:00,1234A,121.8358,29.911,宁波市,区环保大楼,,40,39,31,28,21,92,6,45,29,69,35,5,5,0.6,0.5
2023-02-27T07:00:00,1235A,121.56,29.82,宁波市,万里学院,,49,49,41,28,20,109,19,15,15,54,37,6,6,0.7,0.6
2023-02-27T07:00:00,1236A,121.713,29.9572,宁波市,龙赛医院,颗粒物(PM10),63,76,44,39,18,97,4,18,11,56,32,6,6,0.9,0.7
2023-02-27T07:00:00,1239A,121.633,29.7733,宁波市,钱湖水厂,细颗粒物(PM2.5),59,52,36,42,25,104,23,52,40,32,18,7,6,0.7,0.5
2023-02-27T07:00:00,1240A,121.5856,29.8635,宁波市,太古小学,,50,50,41,28,21,104,10,4,4,61,36,10,6,0.7,0.6
2023-02-27T07:00:00,1241A,121.524,29.8674,宁波市,市环境监测中心,,47,47,35,22,13,99,10,24,15,55,32,17,7,0.5,0.4
2023-02-27T07:00:00,1242A,120.634,28.0089,温州市,瓯海,颗粒物(PM10),59,68,37,40,19,107,20,63,40,51,27,7,7,0.5,0.3
2023-02-27T07:00:00,1243A,120.6748,27.9939,温州市,南浦,,45,45,32,28,18,113,28,65,53,37,21,6,6,0.5,0.4
2023-02-27T07:00:00,1244A,120.76,27.9747,温州市,龙湾,,50,50,32,21,14,104,25,63,44,50,28,8,8,0.5,0.3
2023-02-27T07:00:00,1245A,120.6709,28.0167,温州市,市站,,48,48,45,26,19,106,41,61,40,31,32,6,6,0.4,0.4
2023-02-27T07:00:00,1247A,120.6053,29.9928,绍兴市,城东开发委,,43,43,48,29,26,104,24,40,36,29,26,4,5,0.7,0.6
2023-02-27T07:00:00,1250A,120.0751,30.8669,湖州市,城西水厂,细颗粒物(PM2.5),73,44,39,53,31,92,11,46,34,56,36,7,7,0.5,0.5
2023-02-27T07:00:00,1252A,120.7436,30.778,嘉兴市,清河小学,颗粒物(PM10),60,70,51,40,25,79,34,62,53,46,29,7,7,0.7,0.4
2023-02-27T07:00:00,1253A,120.726,30.7478,嘉兴市,嘉兴学院,细颗粒物(PM2.5),59,57,42,42,27,86,27,75,56,52,29,5,5,0.5,0.4
2023-02-27T07:00:00,1255A,121.273,28.6459,台州市,黄岩环保大楼,,36,36,30,19,14,105,54,60,55,16,15,9,8,0.3,0.2
2023-02-27T07:00:00,1256A,121.419,28.6542,台州市,台州环保大楼,,44,44,32,30,19,96,50,65,55,28,20,6,6,0.3,0.2
2023-02-27T07:00:00,1257A,121.377,28.5773,台州市,路桥田洋王,,45,45,35,24,17,101,47,66,47,27,18,9,9,0.4,0.3
2023-02-27T07:00:00,1258A,122.122,30.0203,舟山市,定海檀枫,,20,19,26,6,11,93,61,65,64,18,14,5,5,0.3,0.3
2023-02-27T07:00:00,1259A,122.3094,29.9558,舟山市,普陀东港,,26,20,23,8,10,93,81,90,86,10,9,5,5,0.5,0.4
2023-02-27T07:00:00,1260A,122.19,29.9944,舟山市,临城新区,,23,23,27,9,10,95,50,74,70,35,16,5,5,0.4,0.4
2023-02-27T07:00:00,1262A,119.647,29.077,金华市,十五中,细颗粒物(PM2.5),57,53,48,40,26,101,19,56,33,54,32,5,5,0.4,0.3
2023-02-27T07:00:00,1263A,119.686,29.1029,金华市,监测站,细颗粒物(PM2.5),59,48,44,42,26,106,14,48,29,57,34,5,5,0.5,0.4
2023-02-27T07:00:00,1264A,118.8692,28.9398,衢州市,环保大楼,细颗粒物(PM2.5),59,61,46,42,27,86,13,50,41,44,24,10,7,0.6,0.5
2023-02-27T07:00:00,1265A,118.8709,28.9666,衢州市,实验学校,颗粒物(PM10),55,59,42,35,24,99,25,57,47,36,23,11,12,0.6,0.4
2023-02-27T07:00:00,1266A,118.8621,28.9808,衢州市,衢州学院,"颗粒物(PM10),细颗粒物(PM2.5)",54,58,40,38,25,90,26,48,42,35,24,4,7,0.7,0.5
2023-02-27T07:00:00,1267A,119.914,28.4514,丽水市,监测站大楼,,36,30,35,25,19,101,18,60,44,32,21,9,8,0.3,0.2
2023-02-27T07:00:00,1268A,119.93,28.4586,丽水市,莲都小学,,36,36,33,16,16,103,43,65,52,23,23,7,8,0.3,0.2
2023-02-27T07:00:00,1269A,119.879,28.4231,丽水市,余庄前,,39,39,28,16,16,102,9,27,15,24,20,8,8,0.4,0.4
2023-02-27T07:00:00,1270A,117.1959,31.7848,合肥市,明珠广场,颗粒物(PM10),58,66,63,36,31,94,28,54,42,50,43,9,10,0.8,0.8
2023-02-27T07:00:00,1271A,117.3072,31.8764,合肥市,三里街,颗粒物(PM10),60,70,70,41,31,77,18,34,23,60,53,6,9,0.8,0.8
2023-02-27T07:00:00,1272A,117.2588,31.8707,合肥市,琥珀山庄,颗粒物(PM10),54,58,63,34,31,89,26,33,31,59,50,5,7,0.7,0.6
2023-02-27T07:00:00,1273A,117.1604,31.9052,合肥市,董铺水库,颗粒物(PM10),64,78,69,44,32,77,18,42,24,56,38,5,6,0.6,0.5
2023-02-27T07:00:00,1274A,117.25,31.8571,合肥市,长江中路,细颗粒物(PM2.5),55,56,69,39,43,83,24,31,29,51,43,12,13,0.9,0.9
2023-02-27T07:00:00,1275A,117.266,31.9436,合肥市,庐阳区,颗粒物(PM10),64,78,70,44,33,81,8,40,25,61,48,6,8,1.0,0.7
2023-02-27T07:00:00,1276A,117.336,31.8586,合肥市,瑶海区,颗粒物(PM10),56,61,70,35,36,82,18,23,23,59,47,8,8,0.9,0.6
2023-02-27T07:00:00,1277A,117.3027,31.7964,合肥市,包河区,,,70,79,39,40,90,3,21,6,72,52,13,13,1.1,0.9
2023-02-27T07:00:00,1278A,117.2776,31.7385,合肥市,滨湖新区,颗粒物(PM10),59,68,59,41,29,89,34,58,47,44,32,8,10,0.8,0.8
2023-02-27T07:00:00,1279A,117.1318,31.8403,合肥市,高新区,颗粒物(PM10),58,66,60,39,32,88,36,54,47,46,39,9,9,0.8,0.8
2023-02-27T07:00:00,1280A,119.3903,26.0543,福州市,鼓山,,,,,,,,,,,,,,,,
2023-02-27T07:00:00,1282A,119.2681,26.0504,福州市,师大,,33,33,35,9,14,114,76,93,88,17,15,5,5,0.4,0.4
2023-02-27T07:00:00,1283A,119.2984,26.1028,福州市,五四北路,,29,29,32,8,16,118,80,94,88,12,13,3,3,0.4,0.4
2023-02-27T07:00:00,1284A,119.2648,26.0768,福州市,杨桥西路,,36,36,34,8,15,118,70,94,87,16,9,3,4,0.4,0.4
2023-02-27T07:00:00,1285A,119.317,26.0746,福州市,紫阳,,32,32,35,7,14,111,79,89,86,12,13,3,3,0.3,0.3
2023-02-27T07:00:00,1286A,118.1608,24.8169,厦门市,溪东,,,,,,,,,,,,,,,,
2023-02-27T07:00:00,1287A,118.1514,24.4767,厦门市,洪文,,26,26,37,10,16,107,68,85,81,28,26,2,3,0.3,0.3
2023-02-27T07:00:00,1288A,118.0661,24.4444,厦门市,鼓浪屿,,25,25,37,8,17,127,80,105,95,29,22,4,4,0.1,0.1
2023-02-27T07:00:00,1290A,115.8931,28.6843,南昌市,省外办,细颗粒物(PM2.5),60,64,62,43,38,111,44,52,49,36,28,14,11,0.8,0.7
2023-02-27T07:00:00,1291A,115.8886,28.7003,南昌市,省林业公司,细颗粒物(PM2.5),67,66,53,48,40,108,27,41,39,55,37,11,8,0.9,0.7
2023-02-27T07:00:00,1292A,115.8126,28.7442,南昌市,林科所,,34,34,50,22,31,110,51,72,63,20,18,9,8,0.7,0.6
2023-02-27T07:00:00,1294A,115.8518,28.687,南昌市,建工学校,颗粒物(PM10),59,68,56,33,36,109,47,69,60,30,18,8,6,0.7,0.5
2023-02-27T07:00:00,1295A,115.8921,28.6424,南昌市,象湖,细颗粒物(PM2.5),59,44,43,42,40,105,32,55,47,38,23,9,7,0.8,0.6
2023-02-27T07:00:00,1296A,115.7423,28.7996,南昌市,武术学校,,35,30,26,24,30,111,15,34,23,11,11,3,4,0.4,0.3
2023-02-27T07:00:00,1298A,115.9314,28.6842,南昌市,省站,细颗粒物(PM2.5),68,74,65,49,39,122,34,60,52,33,20,22,8,0.8,0.6
2023-02-27T07:00:00,1299A,116.9862,36.6114,济南市,科干所,颗粒物(PM10),64,78,83,44,45,115,92,90,90,23,25,10,11,0.7,0.7
2023-02-27T07:00:00,1300A,116.9376,36.665,济南市,农科所,颗粒物(PM10),73,95,90,44,47,111,76,81,80,36,35,8,10,0.6,0.7
2023-02-27T07:00:00,1301A,117.1265,36.6734,济南市,开发区,细颗粒物(PM2.5),67,73,75,48,46,120,86,100,97,19,22,13,12,0.5,0.5
2023-02-27T07:00:00,1303A,117.0624,36.6868,济南市,省种子仓库,细颗粒物(PM2.5),70,78,80,51,49,126,93,97,96,18,26,11,11,0.4,0.5
2023-02-27T07:00:00,1304A,116.9489,36.6447,济南市,机床二厂,颗粒物(PM10),66,81,92,46,53,115,81,86,86,28,31,11,16,0.7,0.8
2023-02-27T07:00:00,1305A,117.0495,36.663,济南市,市监测站,细颗粒物(PM2.5),73,73,78,53,52,119,99,112,106,30,36,9,10,0.6,0.6
2023-02-27T07:00:00,1306A,116.7675,36.5484,济南市,长清党校,细颗粒物(PM2.5),77,93,87,56,50,121,82,99,86,29,28,14,12,0.8,0.8
2023-02-27T07:00:00,1307A,120.6659,36.2403,青岛市,仰口,,32,27,28,22,23,86,68,72,70,13,18,2,5,0.4,0.6
2023-02-27T07:00:00,1310A,120.4134,36.0658,青岛市,市南区东部子站,,35,34,39,24,27,100,100,98,95,20,32,7,11,0.5,0.6
2023-02-27T07:00:00,1311A,120.3664,36.1032,青岛市,四方区子站,,44,44,44,29,28,87,57,82,74,48,38,6,10,0.6,0.6
2023-02-27T07:00:00,1312A,120.2994,36.054,青岛市,市南区西部子站,,30,27,42,17,27,102,94,99,94,25,31,8,11,0.4,0.5
2023-02-27T07:00:00,1313A,120.4581,36.0858,青岛市,崂山区子站,,39,39,33,24,19,99,71,95,81,32,26,7,10,0.3,0.3
2023-02-27T07:00:00,1314A,120.1983,35.9608,青岛市,黄岛区子站,,46,44,41,32,29,110,83,99,93,25,33,5,8,0.3,0.4
2023-02-27T07:00:00,1315A,120.3999,36.3083,青岛市,城阳区子站,,34,31,58,17,29,78,20,63,56,67,41,5,8,0.6,0.7
2023-02-27T07:00:00,1316A,113.69031,34.76122,郑州市,烟厂,"颗粒物(PM10),细颗粒物(PM2.5)",52,53,76,36,54,109,54,81,68,31,26,7,6,0.5,0.6
2023-02-27T07:00:00,1317A,113.65724,34.77134,郑州市,郑纺机,颗粒物(PM10),55,60,71,32,53,107,56,82,70,35,29,6,5,0.4,0.5
2023-02-27T07:00:00,1318A,113.67526,34.80246,郑州市,银行学校,,,44,70,32,55,109,63,83,73,27,26,6,6,,0.4
2023-02-27T07:00:00,1319A,113.56746,34.81334,郑州市,供水公司,,48,48,76,30,59,108,60,85,72,28,25,6,6,0.3,0.4
2023-02-27T07:00:00,1320A,113.7329,34.7178,郑州市,经开区管委,细颗粒物(PM2.5),60,58,75,43,55,110,24,65,50,50,30,10,9,0.4,0.4
2023-02-27T07:00:00,1321A,113.73961,34.77172,郑州市,四十七中,细颗粒物(PM2.5),55,52,76,39,55,103,41,71,58,35,26,7,5,0.4,0.5
2023-02-27T07:00:00,1322A,113.60532,34.74838,郑州市,市监测站,,49,49,80,34,58,110,53,81,69,33,22,9,9,0.5,0.5
2023-02-27T07:00:00,1323A,113.64164,34.7525,郑州市,河医大,颗粒物(PM10),52,53,73,32,55,107,53,80,67,30,21,8,6,0.5,0.5
2023-02-27T07:00:00,1324A,113.51488,34.91089,郑州市,岗李水库,,,,,,,,,,,,,,,,
2023-02-27T07:00:00,1325A,114.3677,30.5584,武汉市,东湖梨园,,48,48,59,32,46,129,7,42,33,78,42,12,10,1.0,0.7
2023-02-27T07:00:00,1326A,114.2529,30.558,武汉市,汉阳月湖,,49,44,62,34,48,113,40,54,46,59,53,9,10,0.7,0.8
2023-02-27T07:00:00,1327A,114.282,30.6189,武汉市,汉口花桥,,39,38,63,27,39,113,41,51,49,48,43,12,10,1.0,0.8
2023-02-27T07:00:00,1328A,114.3025,30.5332,武汉市,武昌紫阳,,40,35,55,28,38,110,28,57,41,68,52,12,13,1.7,1
2023-02-27T07:00:00,1329A,114.3646,30.6217,武汉市,青山钢花,细颗粒物(PM2.5),64,50,72,46,54,118,8,60,43,88,53,22,14,1.2,0.7
2023-02-27T07:00:00,1330A,114.1566,30.4825,武汉市,沌口新区,细颗粒物(PM2.5),73,53,61,53,47,110,29,48,45,65,54,15,18,0.8,0.8
2023-02-27T07:00:00,1331A,114.3014,30.5944,武汉市,汉口江滩,,45,42,62,31,39,116,50,49,49,44,46,14,10,1.0,0.6
2023-02-27T07:00:00,1333A,114.135,30.6319,武汉市,吴家山,,45,45,75,29,51,106,18,32,30,73,63,7,8,0.7,0.8
2023-02-27T07:00:00,1334A,113.8454,30.2917,武汉市,沉湖七壕,颗粒物(PM10),51,52,52,19,23,116,34,49,37,40,30,12,11,1.0,0.8
2023-02-27T07:00:00,1335A,113.0833,28.2325,长沙市,经开区环保局,细颗粒物(PM2.5),67,68,101,48,82,138,42,49,26,31,40,4,2,0.5,0.6
2023-02-27T07:00:00,1336A,112.8872,28.2189,长沙市,高开区环保局,细颗粒物(PM2.5),90,118,114,67,71,138,6,8,7,79,46,6,6,0.8,0.7
2023-02-27T07:00:00,1337A,113.0792,28.2053,长沙市,马坡岭,细颗粒物(PM2.5),98,93,106,73,82,146,1,10,4,51,44,10,7,0.4,0.5
2023-02-27T07:00:00,1338A,112.9394,28.19,长沙市,湖南师范大学,细颗粒物(PM2.5),60,60,80,43,85,126,32,61,42,40,30,4,4,0.3,0.4
2023-02-27T07:00:00,1339A,113.0178,28.1322,长沙市,雨花区环保局,细颗粒物(PM2.5),79,78,96,58,76,139,26,39,35,56,41,6,5,0.5,0.6
2023-02-27T07:00:00,1340A,112.9792,28.2597,长沙市,伍家岭,细颗粒物(PM2.5),84,98,114,62,74,144,4,4,4,53,47,5,5,0.8,0.9
2023-02-27T07:00:00,1341A,113.0014,28.1944,长沙市,火车新站,细颗粒物(PM2.5),84,81,99,62,85,126,28,10,10,51,50,15,7,0.5,0.6
2023-02-27T07:00:00,1342A,112.9844,28.1178,长沙市,天心区环保局,颗粒物(PM10),53,55,99,32,76,139,56,43,43,34,38,5,4,0.4,0.5
2023-02-27T07:00:00,1343A,112.8908,28.1308,长沙市,湖南中医药大学,细颗粒物(PM2.5),75,87,97,55,73,137,0,24,6,58,45,4,4,0.8,0.8
2023-02-27T07:00:00,1344A,112.9581,28.3611,长沙市,沙坪,细颗粒物(PM2.5),68,79,79,49,55,135,50,69,59,15,20,4,5,0.7,0.7
2023-02-27T07:00:00,1345A,113.2347,23.1423,广州市,广雅中学,细颗粒物(PM2.5),82,92,74,60,48,124,8,46,21,94,55,5,6,0.6,0.6
2023-02-27T07:00:00,1346A,113.2612,23.105,广州市,市五中,细颗粒物(PM2.5),83,77,66,61,52,133,35,51,37,52,34,8,8,0.8,0.8
2023-02-27T07:00:00,1348A,113.3478,23.0916,广州市,广东商学院,颗粒物(PM10),71,92,66,51,43,131,3,19,17,91,46,6,6,0.7,0.6
2023-02-27T07:00:00,1349A,113.4332,23.1047,广州市,市八十六中,细颗粒物(PM2.5),84,111,74,62,48,126,3,20,8,85,45,8,6,0.9,0.6
2023-02-27T07:00:00,1350A,113.3505,22.9483,广州市,番禺中学,"颗粒物(PM10),细颗粒物(PM2.5)",57,64,60,40,44,145,32,78,56,66,37,7,6,0.7,0.7
2023-02-27T07:00:00,1351A,113.2146,23.3916,广州市,花都师范,细颗粒物(PM2.5),77,77,62,56,44,122,94,98,97,25,22,8,8,0.8,0.7
2023-02-27T07:00:00,1352A,113.2597,23.1331,广州市,市监测站,细颗粒物(PM2.5),74,81,66,54,43,126,35,60,39,64,44,7,8,0.6,0.6
2023-02-27T07:00:00,1353A,113.5618,23.312,广州市,九龙镇镇龙,细颗粒物(PM2.5),65,77,66,47,44,112,11,25,8,41,31,5,5,0.7,0.7
2023-02-27T07:00:00,1354A,113.2765,23.1544,广州市,麓湖,细颗粒物(PM2.5),67,68,61,48,41,132,4,52,15,76,42,5,5,0.7,0.7
2023-02-27T07:00:00,1355A,113.443,23.3035,广州市,帽峰山森林公园,颗粒物(PM10),55,60,53,37,34,126,96,97,95,13,15,7,7,0.7,0.6
2023-02-27T07:00:00,1356A,114.1063,22.5545,深圳市,通心岭子站,,34,34,42,12,25,123,62,87,76,21,14,5,5,0.5,0.5
2023-02-27T07:00:00,1357A,114.117,22.5625,深圳市,洪湖,颗粒物(PM10),51,52,57,16,31,141,25,101,81,59,19,8,9,0.6,0.6
2023-02-27T07:00:00,1358A,113.987,22.5417,深圳市,华侨城,,34,34,45,14,27,144,69,102,89,18,18,7,7,0.5,0.5
2023-02-27T07:00:00,1359A,113.9181,22.5171,深圳市,南海子站,,33,33,47,12,26,145,87,103,94,13,16,6,5,0.7,0.8
2023-02-27T07:00:00,1360A,114.2458,22.5689,深圳市,盐田,,34,34,42,14,24,149,44,89,76,54,21,8,7,0.5,0.6
2023-02-27T07:00:00,1361A,114.2283,22.7244,深圳市,龙岗,颗粒物(PM10),51,51,48,20,25,131,58,95,80,22,9,7,5,0.6,0.5
2023-02-27T07:00:00,1363A,114.494,22.5422,深圳市,南澳,,33,33,36,12,21,142,78,94,91,15,14,8,8,0.5,0.6
2023-02-27T07:00:00,1364A,114.41,22.6342,深圳市,葵涌,,35,35,42,17,25,136,57,92,75,15,15,5,6,0.5,0.6
2023-02-27T07:00:00,1365A,114.297,22.5978,深圳市,梅沙,,33,33,45,10,22,144,84,104,90,9,11,4,5,0.7,0.7
2023-02-27T07:00:00,1366A,114.0678,22.738,深圳市,观澜,颗粒物(PM10),53,56,58,21,32,139,51,83,66,27,23,8,8,0.5,0.6
2023-02-27T07:00:00,1367A,113.5814,22.2618,珠海市,吉大,,46,46,60,10,25,170,97,116,104,12,22,5,5,0.5,0.5
2023-02-27T07:00:00,1368A,113.4881,22.2335,珠海市,前山,,27,25,47,13,24,162,84,114,97,24,25,6,5,0.4,0.5
2023-02-27T07:00:00,1369A,113.628,22.4251,珠海市,唐家,,39,39,46,13,29,166,87,103,92,16,20,4,5,0.4,0.4
2023-02-27T07:00:00,1370A,113.299,22.2281,珠海市,斗门,,28,28,55,12,37,163,77,91,88,24,29,6,7,0.3,0.5
2023-02-27T07:00:00,1371A,113.1294,23.0067,佛山市,湾梁,颗粒物(PM10),62,73,64,41,34,139,29,45,34,67,41,9,9,0.7,0.7
2023-02-27T07:00:00,1372A,113.1083,23.0478,佛山市,华材职中,细颗粒物(PM2.5),78,75,63,57,44,138,21,50,26,84,52,5,7,0.5,0.5
2023-02-27T07:00:00,1373A,113.144,23.0453,佛山市,南海气象局,细颗粒物(PM2.5),67,51,55,48,41,130,18,34,17,78,48,9,9,0.7,0.7
2023-02-27T07:00:00,1374A,113.2881,22.8094,佛山市,顺德苏岗,颗粒物(PM10),51,51,50,34,34,136,5,83,54,83,36,8,8,0.6,0.6
2023-02-27T07:00:00,1376A,112.8383,22.8678,佛山市,高明孔堂,细颗粒物(PM2.5),83,87,61,61,40,131,17,44,30,61,27,15,9,0.9,0.7
2023-02-27T07:00:00,1377A,112.8836,23.1588,佛山市,三水监测站,细颗粒物(PM2.5),73,78,68,53,44,133,58,54,52,38,34,11,9,0.8,0.7
2023-02-27T07:00:00,1378A,112.867,23.185,佛山市,三水云东海,细颗粒物(PM2.5),83,66,57,61,46,129,41,48,43,28,21,7,8,0.7,0.7
2023-02-27T07:00:00,1379A,113.3769,22.5211,中山市,华柏园,,33,23,54,23,38,158,75,100,87,21,25,8,8,0.5,0.6
2023-02-27T07:00:00,1380A,113.3881,22.5497,中山市,张溪,,44,44,60,20,40,148,74,102,83,22,30,6,7,0.4,0.6
2023-02-27T07:00:00,1381A,113.4075,22.5111,中山市,紫马岭,,43,43,56,15,35,154,78,90,83,17,28,8,8,0.5,0.6
2023-02-27T07:00:00,1382A,113.4411,22.4853,中山市,长江旅游区,,19,18,48,13,36,156,38,54,50,14,23,10,13,0.4,0.6
2023-02-27T07:00:00,1383A,113.1064,22.6058,江门市,北街,,40,40,58,18,40,139,74,71,66,27,33,8,9,0.7,0.9
2023-02-27T07:00:00,1384A,113.0731,22.5835,江门市,西区,颗粒物(PM10),51,52,80,21,47,138,72,77,48,30,44,7,7,0.4,0.6
2023-02-27T07:00:00,1385A,113.0219,22.5311,江门市,圭峰西,,43,43,56,24,45,146,52,64,61,39,35,5,6,0.8,0.9
2023-02-27T07:00:00,1386A,113.0828,22.5947,江门市,东湖,,34,34,68,21,43,143,69,79,57,24,34,5,6,0.4,0.7
2023-02-27T07:00:00,1389A,113.7547,23.0494,东莞市,莞城梨川,颗粒物(PM10),63,75,57,39,35,128,59,92,78,38,28,11,10,0.7,0.7
2023-02-27T07:00:00,1390A,113.7944,23.0128,东莞市,东城石井,颗粒物(PM10),59,67,49,37,32,139,34,66,56,41,25,9,9,0.6,0.7
2023-02-27T07:00:00,1391A,113.7383,22.9658,东莞市,南城西平,颗粒物(PM10),63,75,58,34,37,130,25,59,47,62,36,8,9,0.8,0.9
2023-02-27T07:00:00,1392A,114.4183,23.0528,惠州市,河南岸金山湖子站,颗粒物(PM10),54,58,59,26,34,110,44,89,72,31,19,8,7,0.6,0.6
2023-02-27T07:00:00,1393A,114.4053,23.0822,惠州市,下埔横江三路子站,颗粒物(PM10),51,51,56,28,32,132,56,110,92,35,20,13,7,0.4,0.4
2023-02-27T07:00:00,1394A,114.4103,23.1142,惠州市,江北云山西路子站,颗粒物(PM10),54,57,57,34,36,133,48,107,85,38,19,6,7,0.4,0.4
2023-02-27T07:00:00,1395A,114.4645,22.7833,惠州市,惠阳区承修路船湖子站,颗粒物(PM10),55,60,55,26,31,137,35,94,72,34,17,5,6,0.7,0.7
2023-02-27T07:00:00,1396A,114.5317,22.7422,惠州市,大亚湾管委会子站,颗粒物(PM10),51,52,58,25,28,111,26,66,60,53,22,5,5,0.7,0.6
2023-02-27T07:00:00,1397A,112.4267,23.0706,肇庆市,睦岗子站,颗粒物(PM10),55,60,45,38,28,128,8,14,7,66,47,10,9,0.6,0.5
2023-02-27T07:00:00,1398A,112.4645,23.0475,肇庆市,城中子站,细颗粒物(PM2.5),62,65,47,44,32,124,23,29,28,60,45,10,7,0.6,0.6
2023-02-27T07:00:00,1399A,112.5544,23.1522,肇庆市,坑口子站,细颗粒物(PM2.5),68,61,42,49,32,126,52,83,71,27,19,10,7,0.5,0.5
2023-02-27T07:00:00,1400A,112.4753,23.1,肇庆市,七星岩子站,,,,,,,,,,,,,,,,
2023-02-27T07:00:00,1401A,108.3103,22.7881,南宁市,二十一中,细颗粒物(PM2.5),84,80,49,62,35,122,6,96,72,63,20,8,9,0.9,0.7
2023-02-27T07:00:00,1402A,108.3141,22.8528,南宁市,北湖,细颗粒物(PM2.5),79,66,56,58,39,118,6,11,8,50,29,20,14,0.9,0.7
2023-02-27T07:00:00,1403A,108.3206,22.8225,南宁市,市监测站,细颗粒物(PM2.5),72,56,48,52,36,118,37,93,79,68,32,19,13,0.8,0.7
2023-02-27T07:00:00,1404A,108.3829,22.8037,南宁市,大自然花园,细颗粒物(PM2.5),62,51,46,44,32,115,30,88,68,46,23,9,9,0.6,0.6
2023-02-27T07:00:00,1405A,108.4394,22.7904,南宁市,仙葫,细颗粒物(PM2.5),68,71,54,49,32,122,3,45,13,59,32,11,11,0.5,0.3
2023-02-27T07:00:00,1406A,108.2397,22.8467,南宁市,区农职院,细颗粒物(PM2.5),64,54,48,46,35,129,39,41,41,28,26,21,16,0.6,0.6
2023-02-27T07:00:00,1407A,108.3275,22.735,南宁市,英华嘉园,颗粒物(PM10),107,164,52,61,34,113,5,68,44,83,28,8,8,0.9,0.7
2023-02-27T07:00:00,1408A,108.2257,22.7757,南宁市,沙井镇街道办,细颗粒物(PM2.5),59,60,59,42,34,114,4,15,11,50,40,7,8,0.7,0.7
2023-02-27T07:00:00,1409A,110.576,19.9507,海口市,东寨港,,,52,34,34,23,86,1,70,53,,,6,5,,0.8
2023-02-27T07:00:00,1410A,110.3232,20.0574,海口市,海南大学,细颗粒物(PM2.5),59,59,41,42,30,137,137,130,130,12,11,6,6,0.6,0.6
2023-02-27T07:00:00,1411A,110.283,20.0053,海口市,秀英海南医院,,47,47,40,32,25,129,127,120,120,14,12,4,4,0.5,0.5
2023-02-27T07:00:00,1412A,110.338,19.9969,海口市,海南师范大学,,46,46,41,25,24,131,131,118,118,12,11,4,4,0.7,0.7
2023-02-27T07:00:00,1413A,110.33,20.0356,海口市,龙华路环保局宿舍,,47,47,39,30,24,132,132,122,122,12,11,6,6,0.8,0.8
2023-02-27T07:00:00,1414A,106.3787,29.8279,重庆市,缙云山,,48,47,44,33,26,132,86,94,86,14,18,6,6,0.8,0.7
2023-02-27T07:00:00,1416A,106.4213,29.8253,重庆市,天生,细颗粒物(PM2.5),64,44,61,46,41,140,86,82,82,19,32,8,9,0.5,0.6
2023-02-27T07:00:00,1417A,106.6263,29.7228,重庆市,两路,,46,46,54,32,36,114,40,56,52,45,42,8,9,0.8,0.8
2023-02-27T07:00:00,1418A,106.2953,29.5983,重庆市,虎溪,细颗粒物(PM2.5),64,54,53,46,42,132,62,41,41,32,46,11,6,0.7,0.6
2023-02-27T07:00:00,1419A,106.5777,29.5102,重庆市,南坪,细颗粒物(PM2.5),60,62,53,43,34,126,53,65,62,32,23,17,8,0.9,0.6
2023-02-27T07:00:00,1420A,106.6556,29.6277,重庆市,唐家沱,细颗粒物(PM2.5),67,56,57,48,39,128,62,38,38,33,45,17,8,0.9,0.8
2023-02-27T07:00:00,1421A,106.6349,29.4906,重庆市,茶园,细颗粒物(PM2.5),70,74,80,51,39,134,29,48,35,57,53,16,8,1.2,1
2023-02-27T07:00:00,1422A,106.3754,29.4572,重庆市,白市驿,颗粒物(PM10),51,51,61,33,28,129,76,77,77,27,29,12,9,0.4,0.4
2023-02-27T07:00:00,1425A,106.6205,29.7166,重庆市,空港,细颗粒物(PM2.5),63,47,52,45,38,141,46,75,66,57,43,8,8,0.7,0.7
2023-02-27T07:00:00,1426A,106.4782,29.4875,重庆市,新山村,颗粒物(PM10),55,60,61,33,33,124,65,62,62,38,51,12,8,0.6,0.6
2023-02-27T07:00:00,1427A,106.5616,29.6453,重庆市,礼嘉,颗粒物(PM10),61,72,70,35,32,128,53,53,49,46,48,13,9,0.8,0.7
2023-02-27T07:00:00,1428A,106.4522,29.7091,重庆市,蔡家,细颗粒物(PM2.5),57,49,64,40,36,142,43,47,44,39,42,6,7,0.7,0.7
2023-02-27T07:00:00,1429A,106.5093,29.3917,重庆市,鱼新街,细颗粒物(PM2.5),70,61,60,51,40,122,37,24,24,54,54,12,9,0.9,0.9
2023-02-27T07:00:00,1431A,103.9728,30.7236,成都市,金泉两河,细颗粒物(PM2.5),107,104,97,80,69,107,13,26,22,44,41,20,7,0.7,0.7
2023-02-27T07:00:00,1432A,104.176,30.6872,成都市,十里店,细颗粒物(PM2.5),107,100,83,80,58,111,5,30,21,52,40,4,5,0.9,0.8
2023-02-27T07:00:00,1433A,104.079,30.5706,成都市,三瓦窑,细颗粒物(PM2.5),82,84,75,60,47,114,6,30,21,59,44,4,5,0.6,0.6
2023-02-27T07:00:00,1434A,104.1114,30.63,成都市,沙河铺,细颗粒物(PM2.5),104,99,81,78,58,114,19,35,29,46,40,6,6,0.9,0.8
2023-02-27T07:00:00,1437A,104.0786,30.6531,成都市,君平街,细颗粒物(PM2.5),117,102,84,88,65,114,15,36,27,53,47,8,7,0.8,0.7
2023-02-27T07:00:00,1438A,103.613,31.0283,成都市,灵岩寺,细颗粒物(PM2.5),64,69,69,46,50,104,84,84,83,16,20,14,13,0.7,0.7
2023-02-27T07:00:00,1439A,106.6899,26.5998,贵阳市,马鞍山,细颗粒物(PM2.5),67,68,50,48,37,119,26,55,40,18,20,6,7,0.6,0.6
2023-02-27T07:00:00,1440A,106.6971,26.5694,贵阳市,市环保站,细颗粒物(PM2.5),65,63,59,47,45,115,22,74,48,52,32,13,10,0.5,0.5
2023-02-27T07:00:00,1441A,106.6243,26.6266,贵阳市,鉴湖路,颗粒物(PM10),52,53,59,34,35,116,68,80,68,22,23,10,9,0.4,0.4
2023-02-27T07:00:00,1442A,106.7487,26.6343,贵阳市,燕子冲,细颗粒物(PM2.5),62,46,56,44,48,123,33,56,50,23,17,7,7,0.4,0.4
2023-02-27T07:00:00,1443A,106.6555,26.4365,贵阳市,碧云窝,细颗粒物(PM2.5),70,70,76,51,48,124,43,50,35,27,21,19,12,0.7,0.6
2023-02-27T07:00:00,1444A,106.694,26.5161,贵阳市,中院村,细颗粒物(PM2.5),67,78,66,48,41,110,6,60,38,56,34,30,16,0.8,0.5
2023-02-27T07:00:00,1445A,106.7109,26.6027,贵阳市,红边门,细颗粒物(PM2.5),64,46,59,46,48,119,43,73,59,40,27,20,18,0.6,0.6
2023-02-27T07:00:00,1446A,106.7164,26.5699,贵阳市,新华路,细颗粒物(PM2.5),58,61,61,41,42,110,52,48,44,28,27,10,10,0.4,0.5
2023-02-27T07:00:00,1447A,106.674,26.5424,贵阳市,太慈桥,颗粒物(PM10),54,58,68,36,35,114,18,19,19,30,31,2,6,0.5,0.5
2023-02-27T07:00:00,1450A,102.8204,24.8886,昆明市,呈贡新区,细颗粒物(PM2.5),70,54,56,51,44,105,67,66,66,19,24,6,6,1.0,0.8
2023-02-27T07:00:00,1451A,102.6251,24.9608,昆明市,西山森林公园,,49,49,52,32,40,85,82,75,75,7,16,5,7,1.0,1.1
2023-02-27T07:00:00,1452A,102.7252,25.0902,昆明市,龙泉镇,细颗粒物(PM2.5),62,47,68,44,49,86,62,47,47,20,31,6,7,0.8,0.9
2023-02-27T07:00:00,1453A,102.7266,25.0375,昆明市,东风东路,细颗粒物(PM2.5),77,65,69,56,50,86,63,62,62,20,29,7,8,1.0,1
2023-02-27T07:00:00,1454A,102.6742,25.0669,昆明市,金鼎山,细颗粒物(PM2.5),62,53,70,44,49,87,60,59,59,22,29,7,8,0.7,0.8
2023-02-27T07:00:00,1455A,102.6644,25.0401,昆明市,碧鸡广场,细颗粒物(PM2.5),65,62,70,47,47,86,54,49,49,30,37,7,7,0.6,0.7
2023-02-27T07:00:00,1456A,91.1319,29.6514,拉萨市,八廓街,,26,11,19,4,9,102,81,86,84,12,14,4,4,0.5,0.5
2023-02-27T07:00:00,1457A,91.1221,29.6747,拉萨市,市环保局,,27,9,14,9,12,107,84,90,88,10,12,5,6,0.3,0.3
2023-02-27T07:00:00,1458A,91.0874,29.6475,拉萨市,区监测站,,30,12,15,6,8,116,96,96,96,12,13,6,6,0.5,0.6
2023-02-27T07:00:00,1459A,91.1774,29.6541,拉萨市,西藏大学,,26,12,13,8,6,111,82,88,87,14,12,3,4,0.5,0.4
2023-02-27T07:00:00,1460A,90.9798,29.6588,拉萨市,区辐射站,,24,17,14,9,7,114,74,97,92,13,14,6,6,0.5,0.5
2023-02-27T07:00:00,1461A,91.0834,29.6292,拉萨市,拉萨火车站,,27,10,18,3,5,108,86,91,90,10,14,7,8,0.4,0.4
2023-02-27T07:00:00,1462A,108.882,34.2749,西安市,高压开关厂,细颗粒物(PM2.5),162,158,148,123,111,100,40,28,28,29,45,9,10,0.8,0.8
2023-02-27T07:00:00,1463A,108.993,34.2629,西安市,兴庆小区,细颗粒物(PM2.5),176,121,111,133,113,102,40,26,26,29,40,6,8,0.7,1.1
2023-02-27T07:00:00,1464A,109.06,34.2572,西安市,纺织城,细颗粒物(PM2.5),155,128,120,118,103,98,4,5,4,50,48,5,7,0.9,0.8
2023-02-27T07:00:00,1465A,108.9356,34.2173,西安市,小寨,细颗粒物(PM2.5),159,158,154,121,113,92,33,22,22,34,52,7,9,0.7,0.9
2023-02-27T07:00:00,1466A,108.954,34.2713,西安市,市人民体育场,细颗粒物(PM2.5),172,126,118,130,109,100,19,21,20,43,46,8,10,0.7,0.7
2023-02-27T07:00:00,1467A,108.8922,34.2322,西安市,高新西区,细颗粒物(PM2.5),176,128,137,133,122,99,36,26,26,34,49,10,10,0.5,0.6
2023-02-27T07:00:00,1468A,108.935,34.3474,西安市,经开区,细颗粒物(PM2.5),176,121,114,133,114,108,37,36,36,30,36,9,9,0.8,0.8
2023-02-27T07:00:00,1469A,108.906,34.1546,西安市,长安区,细颗粒物(PM2.5),176,188,184,133,131,80,4,4,4,50,58,8,8,1.1,1
2023-02-27T07:00:00,1471A,109.2186,34.3731,西安市,临潼区,细颗粒物(PM2.5),166,133,120,126,103,99,38,32,32,22,32,7,9,0.7,0.7
2023-02-27T07:00:00,1472A,108.869,34.378,西安市,草滩,细颗粒物(PM2.5),95,121,112,71,62,94,28,36,34,34,29,17,14,0.5,0.7
2023-02-27T07:00:00,1473A,108.985,34.1978,西安市,曲江文化产业集团,细颗粒物(PM2.5),158,144,156,120,111,93,27,13,13,35,55,5,6,0.9,1
2023-02-27T07:00:00,1474A,109.051,34.3213,西安市,广运潭,细颗粒物(PM2.5),176,132,119,133,108,98,7,22,19,50,37,8,9,1.0,0.9
2023-02-27T07:00:00,1476A,103.631,36.1031,兰州市,兰炼宾馆,细颗粒物(PM2.5),62,72,89,44,52,107,24,59,35,42,43,6,10,0.7,0.8
2023-02-27T07:00:00,1477A,104.1373,35.9454,兰州市,榆中兰大校区,,,,,,,,,,,,,,,,
2023-02-27T07:00:00,1478A,103.8412,36.0726,兰州市,生物制品所,细颗粒物(PM2.5),64,65,67,46,46,100,55,57,53,17,29,10,6,0.8,0.9
2023-02-27T07:00:00,1479A,103.831,36.0464,兰州市,铁路设计院,细颗粒物(PM2.5),72,55,66,52,50,98,48,61,52,29,36,5,5,0.8,0.9
2023-02-27T07:00:00,1483A,101.524,36.6867,西宁市,第五水厂,,,,,,,,,,,,,,,,
2023-02-27T07:00:00,1484A,105.9512,38.6016,银川市,贺兰山马莲口,细颗粒物(PM2.5),64,59,58,46,39,121,85,91,87,16,21,12,21,0.3,0.4
2023-02-27T07:00:00,1488A,106.2328,38.4975,银川市,贺兰山东路,细颗粒物(PM2.5),83,78,128,61,76,129,48,61,57,24,40,10,10,0.7,1
2023-02-27T07:00:00,1489A,106.1358,38.5036,银川市,学院路,细颗粒物(PM2.5),93,101,118,69,61,108,38,46,35,32,45,8,11,0.9,1
2023-02-27T07:00:00,1490A,87.5801,43.8303,乌鲁木齐市,监测站,,37,30,75,21,36,96,2,1,1,74,53,3,4,1.1,1
2023-02-27T07:00:00,1491A,87.6046,43.768,乌鲁木齐市,收费所,细颗粒物(PM2.5),57,59,87,40,36,80,7,5,5,50,51,3,2,0.7,0.7
2023-02-27T07:00:00,1492A,87.4754,43.9469,乌鲁木齐市,新疆农科院农场,,,5,25,52,49,104,5,6,5,68,46,10,11,1.2,1
2023-02-27T07:00:00,1493A,87.5525,43.8711,乌鲁木齐市,铁路局,,43,38,78,30,43,104,3,3,3,63,41,4,6,0.8,0.9
2023-02-27T07:00:00,1494A,87.6432,43.831,乌鲁木齐市,三十一中学,,46,45,76,32,34,97,26,72,37,43,23,5,6,0.6,0.6
2023-02-27T07:00:00,1496A,87.7216,44.1747,乌鲁木齐市,米东区环保局,,,,59,,35,89,,96,,,17,,8,,0.5
2023-02-27T07:00:00,1508A,112.9433,27.8614,湘潭市,板塘,细颗粒物(PM2.5),75,73,86,55,77,128,0,13,8,69,43,5,4,0.4,0.5
2023-02-27T07:00:00,1511A,112.9118,27.8403,湘潭市,市监测站,细颗粒物(PM2.5),115,93,80,87,79,136,6,34,14,45,42,6,7,0.8,0.6
2023-02-27T07:00:00,1512A,112.8937,27.8728,湘潭市,江麓,细颗粒物(PM2.5),110,104,97,83,80,154,4,69,26,52,30,7,12,0.8,0.6
2023-02-27T07:00:00,1513A,112.9227,27.8159,湘潭市,岳塘,细颗粒物(PM2.5),125,105,99,95,106,135,5,23,12,54,44,8,6,0.9,0.6
2023-02-27T07:00:00,1514A,112.9074,27.9119,湘潭市,科大,细颗粒物(PM2.5),85,89,101,63,81,145,5,56,26,58,36,6,5,0.7,0.6
2023-02-27T07:00:00,1515A,113.135,27.8244,株洲市,天台山庄,颗粒物(PM10),53,56,90,31,64,142,42,59,51,36,40,7,7,0.6,0.6
2023-02-27T07:00:00,1518A,113.095,27.8867,株洲市,株冶医院,颗粒物(PM10),58,66,89,31,64,138,2,60,34,75,48,12,6,0.7,0.6
2023-02-27T07:00:00,1519A,113.167,27.8667,株洲市,市四中,颗粒物(PM10),55,59,82,36,65,131,17,57,39,40,33,11,11,0.7,0.7
2023-02-27T07:00:00,1520A,113.143,27.8381,株洲市,火车站,颗粒物(PM10),58,66,93,40,98,133,29,50,39,37,42,7,7,0.8,0.9
2023-02-27T07:00:00,1524A,113.13,27.8528,株洲市,市监测站,细颗粒物(PM2.5),53,53,90,37,75,134,43,52,49,32,38,10,10,0.5,0.7
2023-02-27T07:00:00,1552A,106.805,26.3003,贵阳市,桐木岭,,,,,,,,,,,,,,,,
2023-02-27T07:00:00,1559A,113.251,27.8336,株洲市,大京风景区,,27,27,61,17,46,129,33,38,35,8,12,5,6,0.3,0.4
2023-02-27T07:00:00,1562A,113.0048,27.9153,湘潭市,昭山,细颗粒物(PM2.5),63,68,99,45,72,135,5,3,3,62,50,6,3,0.2,0.3
2023-02-27T07:00:00,1564A,112.4876,27.9164,湘潭市,韶山,细颗粒物(PM2.5),55,48,71,39,53,137,47,63,56,12,22,5,5,0.7,0.5
2023-02-27T07:00:00,1585A,109.8756,40.6532,包头市,市环境监测站,细颗粒物(PM2.5),107,106,122,80,84,99,22,25,17,58,58,18,36,1.1,1.3
2023-02-27T07:00:00,1587A,109.9991,40.5842,包头市,包头八中,细颗粒物(PM2.5),140,130,135,107,104,108,13,31,18,68,58,33,34,1.1,1
2023-02-27T07:00:00,1588A,109.8538,40.6821,包头市,青山宾馆,细颗粒物(PM2.5),123,111,128,93,103,100,8,6,6,76,65,18,27,1.3,1.3
2023-02-27T07:00:00,1589A,109.8642,40.6288,包头市,惠龙物流,细颗粒物(PM2.5),115,103,118,87,75,102,19,24,21,64,54,19,21,0.8,0.8
2023-02-27T07:00:00,1590A,110.0377,40.5546,包头市,东河鸿龙湾,细颗粒物(PM2.5),104,137,130,78,83,104,8,10,8,67,52,32,19,1.2,1
2023-02-27T07:00:00,1591A,110.0023,39.8129,鄂尔多斯市,综合楼,细颗粒物(PM2.5),89,90,112,66,76,111,54,61,55,34,36,8,10,0.8,0.8
2023-02-27T07:00:00,1592A,109.9486,39.8261,鄂尔多斯市,巴音孟克林场办事处,细颗粒物(PM2.5),83,83,90,61,63,112,53,67,59,32,30,9,12,1.1,1
2023-02-27T07:00:00,1593A,109.7736,39.5986,鄂尔多斯市,康泽苑,细颗粒物(PM2.5),79,85,94,58,60,110,50,61,53,29,32,5,10,1.1,1
2023-02-27T07:00:00,1594A,109.8119,39.5989,鄂尔多斯市,华泰汽车城,细颗粒物(PM2.5),79,73,94,58,65,113,39,61,56,35,34,8,12,0.8,0.8
2023-02-27T07:00:00,1595A,109.9734,39.7884,鄂尔多斯市,奥林花园,细颗粒物(PM2.5),92,107,112,68,75,113,43,63,53,36,31,6,8,1.1,1.1
2023-02-27T07:00:00,1597A,122.2703,40.7094,营口市,大庆路,颗粒物(PM10),54,58,63,32,50,124,69,91,84,38,32,15,13,1.0,1
2023-02-27T07:00:00,1598A,122.2150,40.6511,营口市,镜湖西路,,50,50,85,29,46,131,73,96,89,32,29,15,14,1.2,1.3
2023-02-27T07:00:00,1599A,122.1658,40.6789,营口市,西炮台,颗粒物(PM10),54,58,72,32,49,142,81,101,94,35,39,12,13,0.7,1
2023-02-27T07:00:00,1600A,124.3303,40.0625,丹东市,江湾东路,细颗粒物(PM2.5),105,104,94,79,66,105,10,33,19,44,29,25,25,2.7,1.5
2023-02-27T07:00:00,1601A,124.4256,40.1503,丹东市,临江后街,细颗粒物(PM2.5),60,63,77,43,49,109,14,36,30,44,22,11,16,1.2,1.2
2023-02-27T07:00:00,1602A,124.3933,40.1461,丹东市,元宝山,细颗粒物(PM2.5),59,63,78,42,50,99,34,39,32,19,29,12,19,1.2,1.4
2023-02-27T07:00:00,1603A,124.3633,40.1092,丹东市,民主桥,细颗粒物(PM2.5),134,131,90,102,57,102,6,26,21,54,33,14,16,2.1,1.2
2023-02-27T07:00:00,1604A,122.0303,41.1489,盘锦市,开发区,,49,37,60,34,48,100,68,94,80,26,29,9,8,0.6,0.8
2023-02-27T07:00:00,1605A,122.0485,41.0883,盘锦市,兴隆台,,49,36,62,34,48,99,65,91,77,26,31,11,11,0.5,0.7
2023-02-27T07:00:00,1606A,121.8297,41.1028,盘锦市,新生街道,细颗粒物(PM2.5),58,37,53,41,50,90,66,83,70,23,33,8,9,0.7,0.9
2023-02-27T07:00:00,1607A,120.9092,40.7136,葫芦岛市,龙港区,细颗粒物(PM2.5),75,73,102,55,71,98,52,84,70,22,35,9,31,1.0,1.3
2023-02-27T07:00:00,1608A,120.8392,40.7514,葫芦岛市,化工街,细颗粒物(PM2.5),79,88,122,58,78,79,42,51,50,46,57,22,51,0.9,1.4
2023-02-27T07:00:00,1609A,120.8341,40.7073,葫芦岛市,新区,细颗粒物(PM2.5),65,72,90,47,67,91,51,68,63,32,45,22,32,1.2,1.2
2023-02-27T07:00:00,1610A,120.8695,40.7677,葫芦岛市,东城区,颗粒物(PM10),62,73,111,39,72,78,42,49,47,38,51,24,38,1.0,1.4
2023-02-27T07:00:00,1611A,118.5819,24.9117,泉州市,涂山街,,27,25,40,11,15,120,85,99,92,10,13,8,9,0.4,0.4
2023-02-27T07:00:00,1612A,118.5972,24.8978,泉州市,津头埔,,27,27,38,10,14,119,82,99,91,14,17,8,8,0.3,0.3
2023-02-27T07:00:00,1613A,118.6663,24.9424,泉州市,万安,,26,26,36,11,14,123,78,98,92,18,13,8,8,0.4,0.3
2023-02-27T07:00:00,1614A,118.6117,24.9604,泉州市,清源山,,,,,,,,,,,,,,,,
2023-02-27T07:00:00,1616A,117.6795,36.229,济南市,技术学院,细颗粒物(PM2.5),112,136,119,84,67,125,41,23,23,62,65,20,17,1.3,1.1
2023-02-27T07:00:00,1618A,118.3429,35.0532,临沂市,沂河小区,细颗粒物(PM2.5),170,119,90,129,71,100,19,50,35,46,37,17,16,1.0,0.8
2023-02-27T07:00:00,1619A,118.295,35.0583,临沂市,鲁南制药厂,细颗粒物(PM2.5),129,114,90,98,57,106,14,56,35,81,48,24,23,0.7,0.5
2023-02-27T07:00:00,1620A,118.2794,34.9976,临沂市,新光毛纺厂,细颗粒物(PM2.5),127,117,96,96,61,105,21,46,31,124,48,27,20,0.6,0.6
2023-02-27T07:00:00,1621A,118.3956,35.0888,临沂市,河东保险公司,细颗粒物(PM2.5),143,129,90,109,64,109,18,61,42,50,43,18,18,1.3,1.1
2023-02-27T07:00:00,1622A,116.3032,37.4674,德州市,儿童乐园,细颗粒物(PM2.5),83,90,101,61,63,130,59,79,68,35,30,13,12,0.6,0.6
2023-02-27T07:00:00,1624A,116.2991,37.4451,德州市,监理站,细颗粒物(PM2.5),92,96,112,68,70,122,54,71,61,36,34,15,12,0.6,0.6
2023-02-27T07:00:00,1625A,115.9848,36.4372,聊城市,区政府,细颗粒物(PM2.5),87,101,104,64,60,126,57,64,61,34,28,16,17,0.7,0.6
2023-02-27T07:00:00,1628A,118.0062,37.3803,滨州市,市环保局,细颗粒物(PM2.5),122,136,110,92,72,123,30,16,16,63,54,24,23,1.1,0.9
2023-02-27T07:00:00,1629A,118.0018,37.3617,滨州市,第二水厂,细颗粒物(PM2.5),125,144,112,95,69,126,13,8,8,86,60,24,18,1.3,1.1
2023-02-27T07:00:00,1630A,117.9776,37.393,滨州市,北中新校,细颗粒物(PM2.5),108,124,110,81,66,126,26,13,13,64,56,20,24,0.9,0.8
2023-02-27T07:00:00,1631A,118.0414,36.8103,淄博市,人民公园,细颗粒物(PM2.5),102,100,106,76,68,110,69,48,48,36,50,18,20,0.8,0.8
2023-02-27T07:00:00,1633A,117.8525,36.4847,淄博市,双山,细颗粒物(PM2.5),95,95,88,71,61,114,58,64,62,44,37,19,17,1.0,0.8
2023-02-27T07:00:00,1634A,117.9592,36.6331,淄博市,气象站,细颗粒物(PM2.5),83,99,97,61,54,116,83,83,83,30,37,21,21,0.9,0.7
2023-02-27T07:00:00,1635A,118.3092,36.8194,淄博市,莆田园,细颗粒物(PM2.5),89,100,100,66,57,120,70,40,40,33,48,19,21,1.8,1.7
2023-02-27T07:00:00,1637A,117.558,34.8438,枣庄市,市中区政府,细颗粒物(PM2.5),125,168,126,95,69,120,13,70,25,78,52,34,22,1.2,1
2023-02-27T07:00:00,1638A,117.2852,34.7837,枣庄市,薛城环保局,细颗粒物(PM2.5),79,88,91,58,57,116,59,62,61,53,53,17,18,0.7,0.7
2023-02-27T07:00:00,1639A,117.5852,34.7745,枣庄市,峄城区政府,细颗粒物(PM2.5),113,122,120,85,68,118,29,60,40,64,57,25,19,0.8,0.6
2023-02-27T07:00:00,1640A,117.7276,34.5578,枣庄市,台儿庄区环保局,细颗粒物(PM2.5),119,136,115,90,69,116,7,48,29,81,63,10,13,1.2,1.1
2023-02-27T07:00:00,1641A,117.4518,35.0992,枣庄市,山亭区环保局,细颗粒物(PM2.5),70,75,84,51,54,114,74,82,80,37,37,16,17,0.7,0.7
2023-02-27T07:00:00,1642A,121.2514,37.5639,烟台市,开发区,,29,29,56,19,36,75,34,49,47,42,49,9,13,0.3,0.5
2023-02-27T07:00:00,1643A,121.3719,37.5433,烟台市,轴承厂,,29,29,42,16,24,89,58,78,74,26,25,5,9,0.5,0.6
2023-02-27T07:00:00,1644A,121.3181,37.5436,烟台市,西郊化工站,,48,48,53,28,23,94,41,77,70,42,30,9,14,1.3,1.2
2023-02-27T07:00:00,1645A,121.4478,37.4822,烟台市,莱山环保局,,25,22,45,17,28,82,68,77,76,15,32,9,13,0.8,0.9
2023-02-27T07:00:00,1646A,121.2611,37.4967,烟台市,福山环保局,,44,44,71,24,40,93,30,31,31,42,45,8,12,0.9,1.1
2023-02-27T07:00:00,1650A,119.1437,36.7023,潍坊市,环保局,细颗粒物(PM2.5),88,107,73,65,44,93,19,38,28,67,42,14,11,1.2,0.9
2023-02-27T07:00:00,1653A,116.6251,35.4302,济宁市,火炬城,细颗粒物(PM2.5),89,78,73,66,59,128,50,65,58,40,31,10,11,0.7,0.6
2023-02-27T07:00:00,1655A,116.5491,35.4042,济宁市,电化厂,细颗粒物(PM2.5),73,74,73,53,56,122,72,83,78,29,27,9,10,0.6,0.6
2023-02-27T07:00:00,1656A,117.1437,36.1937,泰安市,监测站,细颗粒物(PM2.5),139,178,90,106,64,117,17,75,63,63,32,16,11,1.2,0.9
2023-02-27T07:00:00,1657A,117.0885,36.2017,泰安市,人口学校,细颗粒物(PM2.5),74,90,84,54,49,135,86,100,94,24,26,16,15,1.0,1
2023-02-27T07:00:00,1658A,117.1089,36.1758,泰安市,电力学校,细颗粒物(PM2.5),102,102,91,76,60,124,54,70,65,44,39,20,20,1.2,1.1
2023-02-27T07:00:00,1659A,119.471,35.4209,日照市,监测站,细颗粒物(PM2.5),69,85,77,50,42,84,1,2,1,52,60,13,15,1.4,1.1
2023-02-27T07:00:00,1660A,119.523,35.4216,日照市,市政府广场,细颗粒物(PM2.5),67,70,65,48,36,89,4,34,14,56,43,5,8,1.1,0.9
2023-02-27T07:00:00,1661A,119.5587,35.4044,日照市,港务局,细颗粒物(PM2.5),70,80,72,51,39,97,2,52,26,67,51,10,12,1.2,1
2023-02-27T07:00:00,1662A,122.1214,37.4236,威海市,华夏技校,,29,5,28,17,17,102,90,100,92,8,17,1,4,0.3,0.4
2023-02-27T07:00:00,1663A,122.0508,37.5236,威海市,山大分校,,27,15,31,12,15,101,85,101,97,12,16,2,6,0.2,0.3
2023-02-27T07:00:00,1664A,122.1067,37.5072,威海市,市监测站,,22,10,32,2,16,101,69,99,91,21,24,6,10,0.4,0.4
2023-02-27T07:00:00,1666A,118.6614,37.4309,东营市,市环保局,细颗粒物(PM2.5),94,117,80,70,53,125,19,26,21,64,46,24,20,1.2,1
2023-02-27T07:00:00,1669A,113.5824,24.7733,韶关市,市八中,细颗粒物(PM2.5),68,68,57,49,46,119,19,74,51,42,19,28,14,0.6,0.6
2023-02-27T07:00:00,1671A,113.5917,24.7972,韶关市,园林处,细颗粒物(PM2.5),83,65,60,61,53,118,39,88,54,28,18,17,13,0.6,0.6
2023-02-27T07:00:00,1672A,113.6735,24.7791,韶关市,韶关学院,细颗粒物(PM2.5),80,57,67,59,59,130,14,60,39,26,25,8,18,0.6,0.7
2023-02-27T07:00:00,1673A,113.5971,24.6863,韶关市,曲江监测站,细颗粒物(PM2.5),63,58,62,45,48,131,23,33,31,35,26,10,13,0.8,0.8
2023-02-27T07:00:00,1674A,116.6794,23.3667,汕头市,金平子站,,19,8,44,13,24,136,47,92,74,37,19,20,14,0.7,0.6
2023-02-27T07:00:00,1675A,116.7244,23.3633,汕头市,龙湖子站,,35,35,52,12,21,136,66,94,78,25,20,17,6,0.6,0.6
2023-02-27T07:00:00,1676A,116.7258,23.2775,汕头市,濠江子站,,26,18,40,7,18,129,81,94,82,11,13,11,10,0.5,0.5
2023-02-27T07:00:00,1677A,116.7519,23.4714,汕头市,澄海子站,,22,22,49,14,25,137,67,86,78,30,22,41,12,0.5,0.5
2023-02-27T07:00:00,1678A,116.6092,23.2539,汕头市,潮阳子站,,26,26,48,4,16,118,58,84,73,24,15,10,7,0.6,0.6
2023-02-27T07:00:00,1680A,110.3539,21.2706,湛江市,湛江影剧院,细颗粒物(PM2.5),74,67,47,54,37,132,72,117,97,26,16,55,14,0.7,0.6
2023-02-27T07:00:00,1681A,110.3928,21.2228,湛江市,市环境监测站,细颗粒物(PM2.5),80,55,46,59,39,129,77,110,98,20,16,27,12,0.8,0.7
2023-02-27T07:00:00,1682A,110.4019,21.1997,湛江市,环保局宿舍,细颗粒物(PM2.5),72,45,43,52,38,125,74,116,98,24,16,26,10,0.8,0.7
2023-02-27T07:00:00,1683A,110.4111,21.2028,湛江市,霞山游泳场,细颗粒物(PM2.5),80,72,52,59,38,130,73,121,99,24,15,28,12,0.9,0.8
2023-02-27T07:00:00,1684A,110.3316,21.2679,湛江市,麻章区环保局,细颗粒物(PM2.5),89,66,51,66,42,138,52,122,85,40,20,30,15,0.7,0.6
2023-02-27T07:00:00,1685A,110.4558,21.2567,湛江市,坡头区环保局,细颗粒物(PM2.5),87,64,47,64,41,109,62,101,86,24,14,34,11,0.8,0.7
2023-02-27T07:00:00,1686A,111.0286,21.4688,茂名市,电白南海,颗粒物(PM10),60,70,60,41,36,132,42,94,71,32,18,7,9,0.7,0.6
2023-02-27T07:00:00,1687A,110.9294,21.6533,茂名市,茂石化七小,细颗粒物(PM2.5),70,68,54,51,39,121,74,98,85,19,16,14,14,0.6,0.6
2023-02-27T07:00:00,1688A,110.9107,21.6687,茂名市,健康路,细颗粒物(PM2.5),65,66,52,47,34,121,68,105,87,25,16,38,20,0.7,0.7
2023-02-27T07:00:00,1689A,110.8592,21.6828,茂名市,高岭,细颗粒物(PM2.5),85,100,65,63,43,125,38,100,57,31,22,16,18,0.8,0.7
2023-02-27T07:00:00,1690A,116.1231,24.3284,梅州市,梅江月梅,,50,50,46,22,28,117,48,70,58,31,24,8,9,0.5,0.5
2023-02-27T07:00:00,1691A,116.0797,24.2719,梅州市,梅县新城,颗粒物(PM10),51,52,50,25,30,114,54,28,28,31,36,12,9,0.7,0.7
2023-02-27T07:00:00,1692A,116.1248,24.2654,梅州市,环境监控中心,,50,50,53,24,31,114,60,45,45,27,35,16,12,0.5,0.7
2023-02-27T07:00:00,1693A,115.3653,22.775,汕尾市,市环保局,,40,40,41,17,21,148,68,97,83,15,10,11,10,0.6,0.6
2023-02-27T07:00:00,1694A,115.3706,22.7898,汕尾市,市政府,,39,39,39,8,25,154,60,100,80,15,12,10,10,0.5,0.5
2023-02-27T07:00:00,1695A,115.3622,22.7925,汕尾市,新城中学,,40,40,48,25,23,149,57,99,78,17,11,8,8,0.5,0.5
2023-02-27T07:00:00,1696A,114.6778,23.7569,河源市,源西,细颗粒物(PM2.5),74,58,54,54,40,132,41,71,66,46,25,10,8,0.8,0.7
2023-02-27T07:00:00,1697A,114.6944,23.7586,河源市,东埔,细颗粒物(PM2.5),79,66,63,58,47,118,58,96,84,28,19,5,5,0.6,0.6
2023-02-27T07:00:00,1698A,114.6892,23.7233,河源市,老城,细颗粒物(PM2.5),60,61,69,43,45,122,34,80,69,26,18,5,6,0.7,0.7
2023-02-27T07:00:00,1699A,111.9797,21.8593,阳江市,鸳鸯湖,细颗粒物(PM2.5),77,61,55,56,50,121,59,76,69,33,22,12,12,0.8,0.8
2023-02-27T07:00:00,1701A,111.9491,21.8658,阳江市,马南垌,颗粒物(PM10),67,83,66,44,45,121,42,55,47,48,33,9,10,0.7,0.7
2023-02-27T07:00:00,1702A,113.0426,23.691,清远市,环保大楼,细颗粒物(PM2.5),77,66,50,56,43,125,73,94,84,27,17,13,8,0.7,0.6
2023-02-27T07:00:00,1703A,113.0208,23.7106,清远市,凤城街办,细颗粒物(PM2.5),68,69,57,49,40,110,58,84,67,26,17,9,6,0.6,0.5
2023-02-27T07:00:00,1705A,116.6367,23.6719,潮州市,西园路,,35,32,50,24,27,133,49,86,64,14,13,3,3,0.6,0.6
2023-02-27T07:00:00,1706A,116.6447,23.6706,潮州市,档案局,,35,35,52,15,24,140,50,79,59,18,18,7,8,0.3,0.3
2023-02-27T07:00:00,1708A,116.3701,23.5345,揭阳市,新兴,细颗粒物(PM2.5),54,52,53,38,28,141,22,76,52,33,16,10,13,0.6,0.6
2023-02-27T07:00:00,1709A,116.3264,23.5443,揭阳市,西马,,46,46,57,26,26,149,22,79,48,37,18,10,13,0.5,0.5
2023-02-27T07:00:00,1710A,116.3611,23.5626,揭阳市,东兴,颗粒物(PM10),54,58,56,28,25,159,12,77,49,56,23,29,12,0.7,0.6
2023-02-27T07:00:00,1711A,116.4151,23.5294,揭阳市,渔湖,颗粒物(PM10),54,58,52,26,32,140,5,80,46,61,21,15,14,0.6,0.5
2023-02-27T07:00:00,1712A,112.0392,22.9169,云浮市,新市府,,43,37,31,30,26,117,30,63,48,15,12,2,3,0.8,0.7
2023-02-27T07:00:00,1714A,112.0539,22.9539,云浮市,牧羊,颗粒物(PM10),58,66,47,30,26,107,14,48,23,44,27,15,10,0.6,0.6
2023-02-27T07:00:00,1715A,102.575,24.3711,玉溪市,东风水库,细颗粒物(PM2.5),55,43,47,39,33,91,52,49,48,15,16,6,6,0.8,0.7
2023-02-27T07:00:00,1718A,115.4208,35.2464,菏泽市,气象局,细颗粒物(PM2.5),78,88,89,57,54,117,58,75,69,33,28,12,21,0.6,0.5
2023-02-27T07:00:00,1719A,115.4747,35.2375,菏泽市,市政协,细颗粒物(PM2.5),80,92,81,59,47,125,61,94,81,37,28,10,18,0.6,0.5
2023-02-27T07:00:00,1721A,113.3819,40.1097,大同市,果树场,,,,,,,,,,,,,,,,
2023-02-27T07:00:00,1723A,113.2994,40.0758,大同市,云冈宾馆,细颗粒物(PM2.5),170,221,148,129,93,118,3,17,6,68,65,23,19,1.5,1.1
2023-02-27T07:00:00,1724A,113.3444,40.0917,大同市,大同大学,细颗粒物(PM2.5),133,174,119,101,80,124,19,56,45,74,46,15,18,1.3,0.8
2023-02-27T07:00:00,1725A,113.2661,40.1269,大同市,安家小村,颗粒物(PM10),299,419,179,131,93,117,20,42,26,56,42,24,22,1.2,1.1
2023-02-27T07:00:00,1726A,113.2711,40.0844,大同市,教育学院,细颗粒物(PM2.5),134,211,144,102,81,114,8,11,9,73,60,40,21,1.4,1.3
2023-02-27T07:00:00,1727A,113.1147,36.1547,长治市,清华站,细颗粒物(PM2.5),104,76,75,78,74,104,60,78,74,27,19,6,8,0.7,0.7
2023-02-27T07:00:00,1728A,113.1031,36.1989,长治市,监测站,细颗粒物(PM2.5),104,77,76,78,77,96,47,72,68,26,20,4,5,1.1,0.8
2023-02-27T07:00:00,1730A,113.0886,36.2125,长治市,审计局,细颗粒物(PM2.5),117,74,75,88,84,96,59,70,68,29,27,7,7,0.7,0.6
2023-02-27T07:00:00,1731A,113.0844,36.1856,长治市,长治八中,细颗粒物(PM2.5),112,98,88,84,64,97,52,75,71,24,18,4,5,1.1,0.8
2023-02-27T07:00:00,1733A,111.5531,36.0783,临汾市,临钢医院,细颗粒物(PM2.5),134,120,134,102,102,115,12,36,30,42,30,2,3,0.9,0.8
2023-02-27T07:00:00,1734A,111.5028,36.0714,临汾市,技工学校,细颗粒物(PM2.5),148,132,132,113,106,111,44,48,47,29,29,4,6,1.0,1.1
2023-02-27T07:00:00,1736A,111.5018,36.0855,临汾市,市委,细颗粒物(PM2.5),139,144,136,106,106,115,42,53,51,36,30,3,4,0.9,1
2023-02-27T07:00:00,1738A,113.5758,37.8572,阳泉市,市中心,细颗粒物(PM2.5),212,235,192,162,128,85,2,1,1,63,58,15,14,2.1,1.4
2023-02-27T07:00:00,1739A,113.4894,37.8731,阳泉市,赛鱼,细颗粒物(PM2.5),190,185,174,143,131,79,5,5,5,62,60,10,11,1.4,1.2
2023-02-27T07:00:00,1740A,113.5819,37.8486,阳泉市,南庄,细颗粒物(PM2.5),192,208,193,144,126,87,4,16,7,56,53,12,15,1.6,1.5
2023-02-27T07:00:00,1742A,113.5614,37.8703,阳泉市,平坦,细颗粒物(PM2.5),213,231,198,163,134,88,2,6,5,65,66,14,17,2.1,1.5
2023-02-27T07:00:00,1743A,113.5158,37.8392,阳泉市,大阳泉,细颗粒物(PM2.5),114,122,148,86,119,83,47,65,44,40,44,10,14,1.0,1.2
2023-02-27T07:00:00,1744A,118.9233,42.2816,赤峰市,松山一中,细颗粒物(PM2.5),144,144,61,110,38,105,94,101,100,26,27,13,14,1.0,0.8
2023-02-27T07:00:00,1745A,118.9576,42.2728,赤峰市,哈达街,细颗粒物(PM2.5),110,112,51,83,32,105,94,94,94,27,25,13,12,0.9,0.7
2023-02-27T07:00:00,1746A,118.8788,42.2554,赤峰市,天义路,细颗粒物(PM2.5),98,112,46,73,24,103,94,99,98,24,19,13,14,0.9,0.7
2023-02-27T07:00:00,1748A,123.044,41.1196,鞍山市,深沟寺,细颗粒物(PM2.5),82,89,68,60,41,106,104,96,96,17,25,12,17,0.8,1.1
2023-02-27T07:00:00,1749A,123.011,41.0931,鞍山市,太阳城,细颗粒物(PM2.5),80,94,78,59,44,105,105,92,92,18,33,12,20,0.7,1.2
2023-02-27T07:00:00,1750A,123.0485,41.1442,鞍山市,太平,细颗粒物(PM2.5),82,96,77,60,44,99,94,88,88,24,35,14,21,0.7,1.1
2023-02-27T07:00:00,1751A,122.9642,41.0971,鞍山市,铁西三道街,细颗粒物(PM2.5),88,114,87,65,48,87,70,76,74,52,37,27,19,1.9,1.3
2023-02-27T07:00:00,1752A,122.9341,41.0833,鞍山市,铁西工业园区,细颗粒物(PM2.5),79,88,76,58,45,94,94,87,87,20,31,14,20,0.8,1.1
2023-02-27T07:00:00,1753A,123.022,41.0821,鞍山市,明达新区,细颗粒物(PM2.5),80,87,75,59,44,108,107,100,100,21,32,11,16,0.6,1
2023-02-27T07:00:00,1754A,123.1289,41.0228,鞍山市,千山,,,,,,,,,,,,,,,,
2023-02-27T07:00:00,1755A,123.7977,41.8491,抚顺市,望花区,细颗粒物(PM2.5),100,110,93,75,58,84,5,46,17,51,46,8,16,1.4,1.3
2023-02-27T07:00:00,1756A,123.9161,41.8822,抚顺市,顺城区,细颗粒物(PM2.5),84,85,79,62,44,97,5,11,5,50,46,6,14,1.2,1.2
2023-02-27T07:00:00,1757A,124.0436,41.8611,抚顺市,东洲区,细颗粒物(PM2.5),85,76,78,63,48,96,16,34,26,34,28,9,14,1.3,1.4
2023-02-27T07:00:00,1758A,123.9247,41.8642,抚顺市,新抚区,细颗粒物(PM2.5),88,85,85,65,54,83,6,12,8,41,37,4,14,1.3,1.5
2023-02-27T07:00:00,1759A,124.0972,41.8961,抚顺市,大伙房水库,细颗粒物(PM2.5),68,72,68,49,46,107,22,41,26,30,27,4,11,1.0,1.1
2023-02-27T07:00:00,1760A,123.7086,41.8391,抚顺市,沈抚新城,细颗粒物(PM2.5),85,88,91,63,54,95,40,38,32,46,45,27,29,1.8,1.9
2023-02-27T07:00:00,1761A,123.8275,41.3064,本溪市,大峪,颗粒物(PM10),64,78,66,32,29,66,19,11,11,56,45,8,15,1.0,1.3
2023-02-27T07:00:00,1762A,123.7567,41.3325,本溪市,溪湖,颗粒物(PM10),68,85,76,41,40,87,48,16,16,52,50,35,39,1.2,2.1
2023-02-27T07:00:00,1763A,123.7169,41.3094,本溪市,彩屯,细颗粒物(PM2.5),83,99,97,61,57,83,29,40,37,64,47,57,37,3.9,2.5
2023-02-27T07:00:00,1764A,123.7669,41.2864,本溪市,东明,颗粒物(PM10),60,70,84,35,42,70,64,29,29,31,57,20,26,0.7,1.8
2023-02-27T07:00:00,1765A,123.7992,41.2664,本溪市,新立屯,颗粒物(PM10),52,54,50,33,27,90,74,65,65,26,44,10,14,0.6,0.8
2023-02-27T07:00:00,1766A,123.8142,41.3472,本溪市,威宁,颗粒物(PM10),77,104,73,46,36,78,8,8,7,57,47,5,13,1.5,1.1
2023-02-27T07:00:00,1767A,121.1115,41.0879,锦州市,南山,细颗粒物(PM2.5),73,76,105,53,83,75,43,46,46,43,47,45,30,0.8,1
2023-02-27T07:00:00,1768A,121.0533,40.8434,锦州市,开发区,细颗粒物(PM2.5),73,76,125,53,82,87,45,58,55,35,49,18,40,0.7,1.1
2023-02-27T07:00:00,1769A,121.1836,41.1119,锦州市,百股街道,颗粒物(PM10),84,117,116,54,77,77,51,61,58,40,51,35,39,0.8,0.9
2023-02-27T07:00:00,1770A,121.1178,41.1222,锦州市,天安街道,"颗粒物(PM10),细颗粒物(PM2.5)",68,86,110,49,79,74,44,48,48,50,56,28,30,1.2,1.4
2023-02-27T07:00:00,1771A,121.1303,41.1386,锦州市,北湖公园,细颗粒物(PM2.5),69,70,101,50,76,71,47,51,51,51,56,27,30,0.9,1.1
2023-02-27T07:00:00,1772A,126.54,43.8622,吉林市,哈达湾,,40,40,40,23,24,96,67,76,74,26,19,16,11,0.8,0.8
2023-02-27T07:00:00,1773A,126.5844,43.8358,吉林市,东局子,,44,44,43,26,26,92,53,73,68,37,21,13,13,0.8,0.7
2023-02-27T07:00:00,1774A,126.5052,43.8245,吉林市,电力学院,,38,37,43,26,27,98,65,65,65,26,23,12,11,1.0,0.9
2023-02-27T07:00:00,1775A,126.6133,43.8972,吉林市,江北,,35,35,43,22,25,93,72,78,74,26,20,18,20,0.8,0.7
2023-02-27T07:00:00,1776A,126.555,43.8306,吉林市,江南公园,,36,36,41,23,24,96,60,75,71,34,21,18,13,0.8,0.6
2023-02-27T07:00:00,1778A,126.7061,43.7133,吉林市,丰满,,,,,,,,,,,,,,,,
2023-02-27T07:00:00,1779A,123.9305,47.3636,齐齐哈尔市,安居小区,,46,46,63,30,36,92,59,70,63,13,13,6,7,0.5,0.5
2023-02-27T07:00:00,1780A,123.9488,47.3386,齐齐哈尔市,中心广场,,41,41,50,24,26,84,50,63,60,15,16,8,7,0.5,0.6
2023-02-27T07:00:00,1781A,123.9483,47.3227,齐齐哈尔市,农牧车辆厂,颗粒物(PM10),53,56,64,22,30,79,39,58,53,28,21,12,9,0.5,0.5
2023-02-27T07:00:00,1783A,123.945,47.2988,齐齐哈尔市,市环境监测站,颗粒物(PM10),53,56,61,33,32,89,52,67,63,18,17,13,12,0.4,0.5
2023-02-27T07:00:00,1784A,129.61,44.561,牡丹江市,环保大楼,细颗粒物(PM2.5),68,78,39,49,25,88,14,61,34,48,25,10,9,1.0,0.6
2023-02-27T07:00:00,1785A,129.6115,44.5782,牡丹江市,文化广场,细颗粒物(PM2.5),69,61,51,50,32,80,8,58,18,67,36,6,6,1.0,0.6
2023-02-27T07:00:00,1786A,129.5904,44.5963,牡丹江市,第一医院,细颗粒物(PM2.5),58,57,59,41,37,88,19,38,33,42,31,4,5,0.8,0.7
2023-02-27T07:00:00,1787A,129.6364,44.6075,牡丹江市,机车工厂,颗粒物(PM10),67,84,63,43,38,84,6,20,17,52,35,9,3,0.8,0.6
2023-02-27T07:00:00,1788A,129.6386,44.5462,牡丹江市,第一中学,细颗粒物(PM2.5),53,37,36,37,22,89,33,73,42,29,23,5,5,0.5,0.4
2023-02-27T07:00:00,1789A,124.81117,46.03138,大庆市,大同区,细颗粒物(PM2.5),100,120,70,75,31,76,45,63,54,26,13,8,8,1.0,0.6
2023-02-27T07:00:00,1790A,125.129,46.533,大庆市,龙凤区,颗粒物(PM10),63,76,50,37,22,74,39,55,48,19,15,8,9,0.7,0.5
2023-02-27T07:00:00,1791A,124.902,46.408,大庆市,红岗区,颗粒物(PM10),56,62,41,30,20,83,37,61,52,26,14,8,9,0.6,0.3
2023-02-27T07:00:00,1792A,125.153,46.586,大庆市,萨尔图区,细颗粒物(PM2.5),59,66,60,42,34,71,37,53,46,22,23,9,13,0.7,0.5
2023-02-27T07:00:00,1793A,124.9042,46.6215,大庆市,让胡路区,颗粒物(PM10),51,52,42,27,22,83,46,68,60,21,18,7,6,0.6,0.5
2023-02-27T07:00:00,1794A,118.3606,31.3519,芜湖市,监测站,细颗粒物(PM2.5),99,78,57,74,36,100,28,56,41,51,46,8,9,0.7,0.7
2023-02-27T07:00:00,1795A,118.3714,31.4134,芜湖市,科创中心,细颗粒物(PM2.5),78,70,59,57,38,102,18,44,33,54,41,8,8,0.7,0.6
2023-02-27T07:00:00,1796A,118.3673,31.3131,芜湖市,四水厂,细颗粒物(PM2.5),95,89,62,71,36,102,32,62,45,44,36,8,10,0.7,0.6
2023-02-27T07:00:00,1798A,118.5092,31.6837,马鞍山市,湖东路四小,细颗粒物(PM2.5),84,51,43,62,34,102,22,56,43,53,39,10,10,0.7,0.7
2023-02-27T07:00:00,1799A,118.5024,31.6449,马鞍山市,开发区,细颗粒物(PM2.5),82,60,54,60,39,103,13,44,30,64,44,10,10,0.8,0.8
2023-02-27T07:00:00,1800A,118.5228,31.7231,马鞍山市,慈湖,,,115,61,,44,104,13,64,38,60,37,17,14,1.2,0.9
2023-02-27T07:00:00,1802A,118.6245,31.7241,马鞍山市,濮塘,细颗粒物(PM2.5),67,71,49,48,27,108,17,66,43,47,23,4,5,0.8,0.8
2023-02-27T07:00:00,1803A,115.9872,29.6815,九江市,十里,细颗粒物(PM2.5),54,56,44,38,24,103,39,57,51,40,32,10,9,0.7,0.6
2023-02-27T07:00:00,1804A,115.9584,29.7046,九江市,茅山头,细颗粒物(PM2.5),60,64,43,43,27,102,39,57,51,36,27,16,12,0.9,0.7
2023-02-27T07:00:00,1805A,115.9877,29.7295,九江市,西园,细颗粒物(PM2.5),57,49,38,40,30,101,42,56,50,34,30,11,8,0.8,0.6
2023-02-27T07:00:00,1806A,116.0172,29.6547,九江市,五七二七厂,细颗粒物(PM2.5),55,50,37,39,25,98,28,73,56,38,22,10,8,1.4,0.7
2023-02-27T07:00:00,1808A,115.9114,29.6038,九江市,综合工业园,细颗粒物(PM2.5),58,40,38,41,33,97,26,47,38,42,30,8,10,0.8,0.7
2023-02-27T07:00:00,1809A,116.0721,29.7535,九江市,石化总厂,颗粒物(PM10),52,54,41,30,22,103,33,48,42,46,36,11,9,0.7,0.5
2023-02-27T07:00:00,1810A,115.9773,29.5698,九江市,庐山气象台,,29,2,16,4,16,90,90,90,89,9,20,6,7,0.0,0.3
2023-02-27T07:00:00,1812A,112.3931,34.6516,洛阳市,市委党校,细颗粒物(PM2.5),182,185,180,137,126,101,10,13,12,56,57,8,9,1.0,1
2023-02-27T07:00:00,1814A,112.4657,34.6871,洛阳市,豫西宾馆,细颗粒物(PM2.5),175,170,165,132,126,93,4,22,7,62,48,2,5,1.0,0.9
2023-02-27T07:00:00,1815A,112.494,34.6886,洛阳市,河南林校,细颗粒物(PM2.5),149,142,151,114,120,102,2,23,7,52,49,3,6,1.0,0.9
2023-02-27T07:00:00,1816A,112.3844,34.623,洛阳市,开发区管委会,细颗粒物(PM2.5),88,87,151,65,115,106,18,22,22,59,48,6,6,0.5,0.7
2023-02-27T07:00:00,1817A,112.4267,34.6258,洛阳市,市委新办公区,细颗粒物(PM2.5),170,140,161,129,147,103,4,11,5,67,60,3,6,0.8,0.9
2023-02-27T07:00:00,1818A,114.4839,36.0621,安阳市,棉研所,,,,,,,,,,,,,,,,
2023-02-27T07:00:00,1819A,114.3551,36.1017,安阳市,红庙街,细颗粒物(PM2.5),77,77,103,56,81,112,54,64,58,41,40,10,10,0.8,0.8
2023-02-27T07:00:00,1820A,114.361,36.0681,安阳市,银杏小区,细颗粒物(PM2.5),77,58,96,56,85,113,53,59,56,34,32,10,10,0.6,0.7
2023-02-27T07:00:00,1824A,114.3389,34.7781,开封市,肿瘤医院,细颗粒物(PM2.5),92,80,92,68,64,112,26,44,38,44,31,21,11,0.9,0.8
2023-02-27T07:00:00,1826A,114.2885,34.7965,开封市,世纪星幼儿园,细颗粒物(PM2.5),75,87,76,55,55,114,43,67,58,32,23,24,13,0.8,0.7
2023-02-27T07:00:00,1828A,113.227,35.2125,焦作市,市环保局,细颗粒物(PM2.5),83,95,126,61,87,109,41,60,51,39,30,17,11,0.7,0.8
2023-02-27T07:00:00,1830A,113.1992,35.2590,焦作市,影视城,,,,,,,,,,,,,,,,
2023-02-27T07:00:00,1832A,113.3257,33.742,平顶山市,新华旅馆,细颗粒物(PM2.5),79,99,103,58,68,116,26,46,36,64,39,9,8,0.7,0.7
2023-02-27T07:00:00,1833A,113.2919,33.737,平顶山市,规划设计院,细颗粒物(PM2.5),72,76,94,52,69,119,36,64,51,40,33,6,5,0.6,0.7
2023-02-27T07:00:00,1834A,113.182,33.774,平顶山市,平顶山工学院,,,85,102,44,65,119,,,,32,27,6,5,0.5,0.6
2023-02-27T07:00:00,1835A,111.1922,34.7752,三门峡市,市政府,细颗粒物(PM2.5),147,105,125,112,137,87,28,78,49,48,30,10,10,1.0,0.9
2023-02-27T07:00:00,1836A,111.1587,34.7942,三门峡市,开发区,细颗粒物(PM2.5),175,166,187,132,139,86,46,76,62,32,31,20,14,0.9,0.9
2023-02-27T07:00:00,1838A,111.143,34.7955,三门峡市,风景区,,,,,,,,,,,,,,,,
2023-02-27T07:00:00,1840A,111.2992,30.6981,宜昌市,白龙岗,细颗粒物(PM2.5),132,110,124,100,105,138,34,58,54,31,31,3,5,0.7,0.7
2023-02-27T07:00:00,1841A,111.3549,30.6465,宜昌市,伍家岗,细颗粒物(PM2.5),140,136,144,107,110,139,6,7,7,34,34,7,9,0.6,0.6
2023-02-27T07:00:00,1842A,111.2628,30.6961,宜昌市,点军区,细颗粒物(PM2.5),125,100,130,95,105,127,15,36,27,21,26,5,6,0.6,0.7
2023-02-27T07:00:00,1843A,111.3275,30.7819,宜昌市,夷陵区,细颗粒物(PM2.5),128,121,127,97,100,132,16,41,34,39,32,5,7,0.6,0.6
2023-02-27T07:00:00,1844A,112.2494,30.3197,荆州市,市图书馆,细颗粒物(PM2.5),119,72,86,90,88,126,21,9,9,57,51,7,7,0.8,0.7
2023-02-27T07:00:00,1845A,112.2008,30.3544,荆州市,市委党校,细颗粒物(PM2.5),124,89,97,94,91,128,4,4,4,59,51,7,7,1.2,1
2023-02-27T07:00:00,1847A,113.1094,29.3578,岳阳市,南湖风景区,细颗粒物(PM2.5),57,60,68,40,52,133,21,41,38,43,35,5,7,0.5,0.5
2023-02-27T07:00:00,1848A,113.1493,29.4251,岳阳市,城陵矶,"颗粒物(PM10),细颗粒物(PM2.5)",58,66,71,41,49,116,4,19,17,67,54,4,6,0.6,0.5
2023-02-27T07:00:00,1849A,113.1497,29.3575,岳阳市,开发区,细颗粒物(PM2.5),60,47,67,43,63,130,38,34,34,30,39,8,8,0.4,0.6
2023-02-27T07:00:00,1850A,113.2621,29.4758,岳阳市,云溪区,,47,47,59,28,36,127,16,36,26,55,28,6,8,0.3,0.4
2023-02-27T07:00:00,1851A,112.9943,29.4402,岳阳市,君山区,细颗粒物(PM2.5),75,62,64,55,58,138,14,63,32,56,33,7,8,0.5,0.5
2023-02-27T07:00:00,1852A,113.2117,29.355,岳阳市,金凤水库,细颗粒物(PM2.5),53,46,65,37,48,124,34,30,30,23,26,5,6,0.6,0.7
2023-02-27T07:00:00,1854A,111.6975,28.9703,常德市,市二中,细颗粒物(PM2.5),109,112,115,82,98,117,8,29,14,24,27,5,6,0.7,0.7
2023-02-27T07:00:00,1857A,111.7158,29.1456,常德市,白鹤山,颗粒物(PM10),53,56,94,31,59,123,78,99,90,8,11,3,5,0.6,0.7
2023-02-27T07:00:00,1858A,110.5319,29.1217,张家界市,永定新区,细颗粒物(PM2.5),99,81,85,74,67,113,22,58,40,25,22,3,4,0.7,0.7
2023-02-27T07:00:00,1859A,110.4697,29.1242,张家界市,电业局,细颗粒物(PM2.5),95,85,84,71,64,116,14,66,37,24,19,4,5,0.6,0.5
2023-02-27T07:00:00,1860A,110.5594,29.3547,张家界市,未央路,细颗粒物(PM2.5),88,80,84,65,66,118,22,30,27,13,20,5,5,0.8,0.9
2023-02-27T07:00:00,1861A,110.4417,29.315,张家界市,袁家界,细颗粒物(PM2.5),62,71,65,44,52,113,66,79,71,12,17,8,7,0.5,0.5
2023-02-27T07:00:00,1862A,110.4144,25.3167,桂林市,电子科大尧山校区,细颗粒物(PM2.5),59,52,48,42,39,125,78,108,101,13,13,5,6,0.7,0.7
2023-02-27T07:00:00,1863A,110.2819,25.2697,桂林市,监测站,细颗粒物(PM2.5),107,83,66,80,60,117,84,105,97,16,14,7,6,0.7,0.6
2023-02-27T07:00:00,1864A,110.3089,25.2708,桂林市,龙隐路小学,细颗粒物(PM2.5),102,77,59,76,58,120,77,99,92,23,15,15,11,0.6,0.5
2023-02-27T07:00:00,1865A,110.2869,25.2178,桂林市,八中,细颗粒物(PM2.5),103,65,54,77,60,114,78,96,85,26,20,8,7,0.6,0.5
2023-02-27T07:00:00,1866A,109.2262,21.588,北海市,牛尾岭水库,细颗粒物(PM2.5),68,48,39,49,32,104,23,42,33,20,14,8,9,0.8,0.6
2023-02-27T07:00:00,1867A,109.1436,21.4086,北海市,海滩公园,细颗粒物(PM2.5),68,62,47,49,31,140,78,122,103,19,12,11,9,0.9,0.7
2023-02-27T07:00:00,1868A,109.0981,21.4661,北海市,新市环保局,细颗粒物(PM2.5),79,50,41,58,35,133,71,99,94,23,16,17,6,0.9,0.6
2023-02-27T07:00:00,1869A,109.1778,21.5233,北海市,北海工业园,细颗粒物(PM2.5),80,71,50,59,40,116,55,69,63,21,16,12,9,0.8,0.7
2023-02-27T07:00:00,1870A,109.4856,24.3895,柳州市,柳东小学,细颗粒物(PM2.5),92,83,62,68,51,117,96,91,91,10,11,10,9,0.8,0.7
2023-02-27T07:00:00,1871A,109.4157,24.3277,柳州市,环保监测站,细颗粒物(PM2.5),83,89,59,61,45,113,47,93,86,39,14,14,7,0.5,0.4
2023-02-27T07:00:00,1872A,109.389,24.341,柳州市,河西水厂,细颗粒物(PM2.5),110,92,60,83,45,110,29,74,66,38,17,11,7,0.9,0.5
2023-02-27T07:00:00,1873A,109.4311,24.2921,柳州市,市四中,细颗粒物(PM2.5),92,60,56,68,44,115,83,92,89,17,16,12,11,0.7,0.6
2023-02-27T07:00:00,1874A,109.4006,24.3631,柳州市,市九中,细颗粒物(PM2.5),95,81,57,71,47,109,39,76,69,39,18,10,10,0.8,0.7
2023-02-27T07:00:00,1875A,109.4958,24.3134,柳州市,古亭山,细颗粒物(PM2.5),70,51,50,51,40,113,80,99,90,16,12,5,6,0.6,0.5
2023-02-27T07:00:00,1876A,109.5078,18.2489,三亚市,河东子站,,40,40,42,20,25,113,109,109,109,7,8,2,3,0.5,0.5
2023-02-27T07:00:00,1877A,109.4964,18.2681,三亚市,河西子站,,34,29,41,22,26,118,107,107,107,7,8,3,3,0.5,0.5
2023-02-27T07:00:00,1878A,104.7778,31.4741,绵阳市,富乐山,细颗粒物(PM2.5),70,63,66,51,53,120,26,14,14,25,32,3,5,0.5,0.5
2023-02-27T07:00:00,1879A,104.7563,31.4535,绵阳市,市人大,细颗粒物(PM2.5),68,81,78,49,56,107,2,8,3,55,47,6,9,0.8,0.7
2023-02-27T07:00:00,1880A,104.6697,31.4668,绵阳市,高新区自来水公司,细颗粒物(PM2.5),77,83,74,56,56,119,11,37,27,49,36,6,8,0.8,0.7
2023-02-27T07:00:00,1881A,104.7287,31.5075,绵阳市,三水厂,细颗粒物(PM2.5),88,101,89,65,57,114,0,7,4,48,45,4,6,0.9,0.7
2023-02-27T07:00:00,1882A,104.563,28.793,宜宾市,石马中学,细颗粒物(PM2.5),88,89,76,65,51,121,16,12,12,38,43,12,12,0.7,0.6
2023-02-27T07:00:00,1883A,104.6201,28.7728,宜宾市,市委,细颗粒物(PM2.5),93,102,82,69,54,126,2,14,8,56,48,11,15,0.8,0.6
2023-02-27T07:00:00,1884A,104.6055,28.793,宜宾市,宜宾四中,细颗粒物(PM2.5),104,102,94,78,60,125,16,22,21,47,50,16,16,0.8,0.8
2023-02-27T07:00:00,1885A,104.639,28.7562,宜宾市,市政府,细颗粒物(PM2.5),90,110,89,67,54,133,0,0,0,62,56,9,16,0.7,0.8
2023-02-27T07:00:00,1886A,104.5742,28.7199,宜宾市,黄金嘴,细颗粒物(PM2.5),80,89,84,59,53,124,2,2,2,61,55,8,12,0.5,0.6
2023-02-27T07:00:00,1888A,101.6891,26.571,攀枝花市,弄弄坪,细颗粒物(PM2.5),65,61,72,47,51,101,25,53,41,22,21,6,13,1.0,1.1
2023-02-27T07:00:00,1889A,101.5769,26.5928,攀枝花市,河门口,细颗粒物(PM2.5),65,56,72,47,53,110,45,56,49,14,20,8,23,1.1,1.4
2023-02-27T07:00:00,1890A,101.7169,26.585,攀枝花市,炳草岗,细颗粒物(PM2.5),84,102,63,62,49,104,5,58,31,47,28,31,20,1.6,1
2023-02-27T07:00:00,1891A,101.7369,26.5008,攀枝花市,仁和,细颗粒物(PM2.5),64,55,63,46,49,103,26,56,38,20,15,8,10,0.8,0.8
2023-02-27T07:00:00,1893A,105.4324,28.9634,泸州市,九狮山,颗粒物(PM10),58,66,51,29,33,108,63,60,60,22,19,16,12,0.3,0.4
2023-02-27T07:00:00,1894A,105.4427,28.9063,泸州市,小市上码头,细颗粒物(PM2.5),78,65,68,57,41,118,67,71,59,20,26,9,10,0.8,0.7
2023-02-27T07:00:00,1895A,105.4241,28.8573,泸州市,兰田宪桥,细颗粒物(PM2.5),89,94,74,66,46,121,13,22,20,35,42,9,9,0.7,0.7
2023-02-27T07:00:00,1896A,105.4379,28.8833,泸州市,市环监站,颗粒物(PM10),55,60,64,36,35,111,74,64,64,11,23,5,8,0.5,0.6
2023-02-27T07:00:00,1901A,104.4239,31.1208,德阳市,东山公园,细颗粒物(PM2.5),90,89,90,67,66,118,28,48,34,42,38,5,5,0.9,0.8
2023-02-27T07:00:00,1902A,104.3826,31.1317,德阳市,西小区,细颗粒物(PM2.5),99,94,90,74,71,110,8,32,17,52,42,5,6,0.8,0.8
2023-02-27T07:00:00,1904A,104.3553,31.1091,德阳市,耐火材料厂,细颗粒物(PM2.5),109,66,98,82,75,115,12,26,15,43,42,5,6,0.7,0.7
2023-02-27T07:00:00,1905A,106.056,30.8064,南充市,西山风景区,,,,,,,,,,,,,,,,
2023-02-27T07:00:00,1906A,106.0789,30.8023,南充市,南充市委,细颗粒物(PM2.5),68,76,82,49,44,130,22,16,16,37,42,12,13,0.7,0.7
2023-02-27T07:00:00,1907A,106.1031,30.8217,南充市,南充炼油厂,细颗粒物(PM2.5),69,70,70,50,46,122,7,23,20,42,29,15,12,0.7,0.7
2023-02-27T07:00:00,1908A,106.1064,30.7856,南充市,高坪区监测站,细颗粒物(PM2.5),64,71,73,46,50,120,41,29,29,24,40,16,12,0.6,0.7
2023-02-27T07:00:00,1909A,106.0642,30.7636,南充市,嘉陵区环保局,细颗粒物(PM2.5),67,60,74,48,47,127,36,27,27,30,46,18,15,0.6,0.8
2023-02-27T07:00:00,1910A,106.1087,30.8388,南充市,市环境监测站,细颗粒物(PM2.5),74,68,74,54,48,119,45,54,46,25,32,24,14,0.6,0.6
2023-02-27T07:00:00,1911A,106.9222,27.6869,遵义市,丁字口,,45,33,49,31,36,118,89,94,93,16,22,13,18,0.6,0.7
2023-02-27T07:00:00,1912A,106.9242,27.7019,遵义市,凤凰山,,46,38,47,32,34,121,95,101,100,13,16,6,8,0.5,0.6
2023-02-27T07:00:00,1913A,106.8906,27.6486,遵义市,忠庄,细颗粒物(PM2.5),53,51,62,37,40,115,78,87,83,16,19,5,6,0.7,0.7
2023-02-27T07:00:00,1914A,106.9231,27.6506,遵义市,舟水桥,颗粒物(PM10),52,53,59,34,38,120,82,77,77,12,15,14,13,0.6,0.6
2023-02-27T07:00:00,1915A,106.9178,27.72,遵义市,干田坝,,48,39,44,33,31,119,92,99,97,16,18,12,14,0.5,0.6
2023-02-27T07:00:00,1916A,103.7897,25.5035,曲靖市,环境监测站,颗粒物(PM10),51,51,50,33,33,110,72,74,66,11,15,9,8,0.8,0.6
2023-02-27T07:00:00,1917A,103.8,25.5364,曲靖市,烟厂办公区,细颗粒物(PM2.5),54,43,38,38,30,82,77,61,61,10,22,3,8,1.0,1
2023-02-27T07:00:00,1918A,108.7197,34.3956,咸阳市,气象站,细颗粒物(PM2.5),166,109,104,126,114,101,38,41,40,24,30,10,11,0.2,0.2
2023-02-27T07:00:00,1919A,108.673,34.3155,咸阳市,实验中学,细颗粒物(PM2.5),173,150,135,131,115,110,35,41,40,32,30,6,8,1.0,1
2023-02-27T07:00:00,1920A,108.7233,34.3617,咸阳市,师范学院,细颗粒物(PM2.5),173,129,122,131,112,100,22,43,37,46,33,6,8,0.9,0.8
2023-02-27T07:00:00,1922A,109.0656,35.0994,铜川市,党校,颗粒物(PM10),78,106,92,48,45,119,32,75,48,43,30,13,14,0.9,0.9
2023-02-27T07:00:00,1923A,109.0697,35.0697,铜川市,王益区政府,细颗粒物(PM2.5),128,108,98,97,82,113,6,26,16,45,37,12,8,0.9,0.8
2023-02-27T07:00:00,1924A,108.9344,34.9058,铜川市,新区管委会,细颗粒物(PM2.5),133,110,103,101,92,125,32,54,49,29,26,7,10,0.7,0.7
2023-02-27T07:00:00,1926A,109.4131,36.6275,延安市,枣园,细颗粒物(PM2.5),133,94,83,101,88,109,6,58,21,42,33,5,6,1.0,0.9
2023-02-27T07:00:00,1927A,109.4761,36.6028,延安市,延大医附院,细颗粒物(PM2.5),127,88,82,96,78,97,6,59,17,51,37,6,7,1.5,1.1
2023-02-27T07:00:00,1929A,109.5056,36.6106,延安市,百米大道,细颗粒物(PM2.5),127,93,94,96,82,87,5,9,8,53,46,4,6,1.4,1.1
2023-02-27T07:00:00,1930A,107.185,34.3063,宝鸡市,庙沟村,细颗粒物(PM2.5),166,129,126,126,115,89,45,50,47,24,32,4,5,0.9,0.9
2023-02-27T07:00:00,1931A,107.0708,34.3017,宝鸡市,竹园沟,细颗粒物(PM2.5),153,99,123,117,115,84,13,26,20,21,29,5,7,0.7,0.7
2023-02-27T07:00:00,1932A,107.1906,34.3672,宝鸡市,三陆医院,细颗粒物(PM2.5),190,155,138,143,125,91,6,19,11,58,41,14,10,1.2,1
2023-02-27T07:00:00,1933A,107.1431,34.3547,宝鸡市,监测站,细颗粒物(PM2.5),158,127,123,120,112,89,8,23,15,46,40,4,5,1.1,1
2023-02-27T07:00:00,1934A,107.1186,34.3739,宝鸡市,技工学校,细颗粒物(PM2.5),155,121,118,118,116,87,5,41,24,46,33,15,7,1.0,0.9
2023-02-27T07:00:00,1935A,107.3906,34.3528,宝鸡市,陈仓区环保局家属楼,细颗粒物(PM2.5),203,162,146,153,135,90,11,12,10,48,45,7,7,1.4,1.1
2023-02-27T07:00:00,1936A,107.2058,34.3497,宝鸡市,文理学院,细颗粒物(PM2.5),165,143,134,125,114,88,11,24,18,38,36,8,9,0.9,0.9
2023-02-27T07:00:00,1937A,107.2386,34.3622,宝鸡市,三迪小学,细颗粒物(PM2.5),169,145,137,128,117,89,9,23,18,48,41,11,10,1.0,0.9
2023-02-27T07:00:00,1938A,109.5293,34.5101,渭南市,农科所,细颗粒物(PM2.5),140,144,123,107,92,106,15,26,22,41,34,6,7,0.9,0.7
2023-02-27T07:00:00,1939A,109.4974,34.4877,渭南市,日报社,细颗粒物(PM2.5),134,119,126,102,103,104,6,39,23,40,40,14,12,0.6,0.8
2023-02-27T07:00:00,1940A,109.4636,34.493,渭南市,体育馆,细颗粒物(PM2.5),165,134,122,125,105,118,19,54,41,52,36,6,7,0.9,0.8
2023-02-27T07:00:00,1941A,109.4259,34.5023,渭南市,高新一小,细颗粒物(PM2.5),170,141,119,129,106,106,26,31,30,38,32,8,10,0.8,0.7
2023-02-27T07:00:00,1943A,102.1725,38.5339,金昌市,新川苑,颗粒物(PM10),70,89,94,15,26,111,109,94,94,11,19,7,19,0.6,0.7
2023-02-27T07:00:00,1944A,102.1692,38.5167,金昌市,天庆家园,颗粒物(PM10),58,65,76,25,38,112,107,90,90,11,24,7,26,0.5,0.8
2023-02-27T07:00:00,1945A,98.2908,39.7711,嘉峪关市,气象局,颗粒物(PM10),70,90,113,24,33,112,77,96,80,29,29,59,34,1.6,0.7
2023-02-27T07:00:00,1947A,106.3394,38.817,石嘴山市,沙湖旅游区,细颗粒物(PM2.5),100,131,163,75,81,135,13,23,16,35,34,15,20,0.7,1
2023-02-27T07:00:00,1948A,106.3668,39.0145,石嘴山市,大武口朝阳西街,细颗粒物(PM2.5),97,86,98,72,75,122,6,41,21,50,39,12,32,0.8,0.9
2023-02-27T07:00:00,1949A,106.7704,39.2282,石嘴山市,惠农南大街,细颗粒物(PM2.5),94,81,83,70,73,118,19,33,30,37,35,12,16,0.8,0.7
2023-02-27T07:00:00,1950A,106.7099,39.1325,石嘴山市,红果子镇惠新街,细颗粒物(PM2.5),97,71,89,72,74,115,11,48,31,42,31,8,18,0.9,0.9
2023-02-27T07:00:00,1951A,84.895,45.6094,克拉玛依市,长征新村,,19,19,24,6,7,92,48,89,65,23,8,5,5,0.2,0.2
2023-02-27T07:00:00,1952A,84.8988,45.5893,克拉玛依市,南林小区,,16,10,24,8,13,92,37,88,61,32,14,1,2,0.2,0.2
2023-02-27T07:00:00,1954A,84.905,44.3396,克拉玛依市,独山子区,,24,12,34,6,10,90,76,74,74,6,10,5,5,0.4,0.4
2023-02-27T07:00:00,1955A,85.6979,46.098,克拉玛依市,乌尔禾区商贸楼,,32,19,49,22,14,111,69,84,81,6,6,2,2,0.3,0.3
2023-02-27T07:00:00,1956A,86.1472,41.7538,巴音郭楞州,孔雀公园,,,,142,,41,92,,88,88,,21,,4,,0.5
2023-02-27T07:00:00,1957A,86.1972,41.7166,巴音郭楞州,棉纺厂,,26,20,152,12,40,96,82,71,71,6,28,1,3,0.2,0.2
2023-02-27T07:00:00,1958A,86.2357,41.7173,巴音郭楞州,经济开发区,,36,36,138,9,32,99,86,84,84,5,12,3,5,2.1,0.4
2023-02-27T07:00:00,1961A,117.532,36.6868,济南市,东山小学,细颗粒物(PM2.5),89,100,73,66,52,125,78,84,75,31,30,13,10,0.9,0.7
2023-02-27T07:00:00,1966A,120.0405,35.8735,青岛市,黄岛区4号,,39,39,42,27,29,95,71,84,79,32,32,10,13,0.7,0.7
2023-02-27T07:00:00,1982A,122.0693,37.2174,威海市,文登开发区,,32,27,38,22,22,96,61,85,76,27,19,4,5,0.5,0.4
2023-02-27T07:00:00,2031A,113.1817,27.9958,株洲市,云田中学,颗粒物(PM10),51,51,82,29,63,142,61,76,68,24,26,9,7,0.4,0.5
2023-02-27T07:00:00,2054A,114.1099,32.1059,信阳市,平桥分局,细颗粒物(PM2.5),69,72,79,50,55,121,7,41,18,47,33,7,9,0.5,0.5
2023-02-27T07:00:00,2064A,113.9956,32.1271,信阳市,南湾水厂,细颗粒物(PM2.5),64,54,67,46,45,132,51,64,60,13,19,6,7,0.7,0.7
2023-02-27T07:00:00,2065A,114.0775,32.1195,信阳市,市酿酒公司,细颗粒物(PM2.5),77,54,69,56,56,133,11,36,10,48,36,8,9,0.6,0.6
2023-02-27T07:00:00,2066A,114.0609,32.1399,信阳市,审计局,细颗粒物(PM2.5),69,52,79,50,60,123,4,11,6,50,40,7,8,0.7,0.7
2023-02-27T07:00:00,2067A,114.6613,33.6128,周口市,市环境监测站,颗粒物(PM10),61,71,70,42,35,106,58,64,63,30,25,14,11,0.7,0.5
2023-02-27T07:00:00,2068A,114.6758,33.6347,周口市,周口师范,细颗粒物(PM2.5),60,64,56,43,33,116,57,71,66,31,25,18,12,0.8,0.5
2023-02-27T07:00:00,2069A,114.6546,33.5979,周口市,市运管处,细颗粒物(PM2.5),60,63,61,43,40,118,58,59,59,36,28,14,12,0.6,0.4
2023-02-27T07:00:00,2070A,114.6369,33.6406,周口市,川汇区环保局,细颗粒物(PM2.5),62,57,52,44,39,112,64,69,68,25,21,10,7,0.6,0.4
2023-02-27T07:00:00,2075A,117.6336,24.4674,漳州市,九湖,,,,,,,,,,,,,,,,
2023-02-27T07:00:00,2160A,112.85,35.5051,晋城市,自来水公司,细颗粒物(PM2.5),98,75,109,73,78,116,28,94,50,41,29,8,8,0.8,0.7
2023-02-27T07:00:00,2161A,112.8318,35.4936,晋城市,白云商贸,细颗粒物(PM2.5),100,100,119,75,75,108,23,67,48,40,28,5,5,0.9,0.9
2023-02-27T07:00:00,2162A,112.8508,35.4887,晋城市,市环保局,细颗粒物(PM2.5),110,132,120,83,82,115,4,64,25,68,40,9,8,1.1,0.9
2023-02-27T07:00:00,2163A,112.8676,35.4897,晋城市,技术学院,细颗粒物(PM2.5),119,120,110,90,85,114,7,72,34,73,38,6,6,1.1,0.9
2023-02-27T07:00:00,2165A,112.8453,35.546,晋城市,白马寺,,,,,,,,,,,,,,,,
2023-02-27T07:00:00,2166A,112.4397,39.3522,朔州市,平朔,细颗粒物(PM2.5),149,149,144,114,115,116,7,63,45,65,37,11,24,1.0,1
2023-02-27T07:00:00,2167A,112.4575,39.3617,朔州市,朔唯,细颗粒物(PM2.5),150,144,163,115,118,121,22,58,49,50,32,11,23,1.2,1.1
2023-02-27T07:00:00,2168A,112.4258,39.3197,朔州市,区政府,细颗粒物(PM2.5),152,156,149,116,112,126,30,63,51,43,35,16,22,1.4,1.1
2023-02-27T07:00:00,2169A,112.4072,39.3278,朔州市,市环保局,细颗粒物(PM2.5),153,151,153,117,108,110,17,62,37,51,40,18,25,1.0,1
2023-02-27T07:00:00,2170A,112.4272,39.3681,朔州市,市二中,细颗粒物(PM2.5),147,180,173,112,109,116,9,62,40,60,37,10,20,1.5,1.1
2023-02-27T07:00:00,2171A,112.7532,37.6945,晋中市,锦纶小区,细颗粒物(PM2.5),156,136,160,119,116,115,12,21,17,39,44,8,12,0.8,0.9
2023-02-27T07:00:00,2173A,112.7249,37.7067,晋中市,南都小区,细颗粒物(PM2.5),134,149,152,102,103,112,7,48,39,57,42,8,12,0.9,0.9
2023-02-27T07:00:00,2174A,112.6991,37.6982,晋中市,榆次区政府,细颗粒物(PM2.5),142,157,158,108,94,113,6,43,34,53,43,6,11,1.1,0.9
2023-02-27T07:00:00,2175A,110.9956,35.0147,运城市,运城中学,细颗粒物(PM2.5),102,106,123,76,91,94,84,89,85,12,16,6,7,0.6,0.6
2023-02-27T07:00:00,2178A,110.9686,35.0303,运城市,地区技校,细颗粒物(PM2.5),107,116,128,80,87,109,69,99,85,28,19,5,5,0.9,0.8
2023-02-27T07:00:00,2179A,111.0414,35.1147,运城市,空港新区,细颗粒物(PM2.5),135,126,129,103,100,112,63,101,85,27,18,8,10,0.9,0.7
2023-02-27T07:00:00,2181A,112.7383,38.4519,忻州市,开发区,细颗粒物(PM2.5),168,149,138,127,110,80,9,10,9,40,43,6,10,1.1,1.2
2023-02-27T07:00:00,2182A,112.7003,38.4928,忻州市,会展中心,细颗粒物(PM2.5),169,146,131,128,103,74,8,8,8,42,55,5,9,1.0,0.8
2023-02-27T07:00:00,2183A,111.1406,37.5211,吕梁市,环保局,颗粒物(PM10),114,178,125,74,59,94,2,4,3,64,59,10,12,0.9,0.7
2023-02-27T07:00:00,2185A,111.1297,37.5136,吕梁市,自来水公司,颗粒物(PM10),102,154,127,63,57,95,3,28,9,59,50,16,15,0.9,0.8
2023-02-27T07:00:00,2187A,106.8174,39.6973,乌海市,市林业局,细颗粒物(PM2.5),119,129,114,90,65,113,17,46,33,47,40,40,34,1.4,1.3
2023-02-27T07:00:00,2188A,106.7907,39.6667,乌海市,中海勃湾学校,细颗粒物(PM2.5),125,138,105,95,65,124,29,49,40,38,37,36,28,1.3,1
2023-02-27T07:00:00,2191A,122.2532,43.6801,通辽市,艺术职业学校,细颗粒物(PM2.5),124,150,83,94,40,87,52,46,46,39,30,43,26,1.0,0.6
2023-02-27T07:00:00,2192A,119.7594,49.2261,呼伦贝尔市,区环保局,,38,33,32,26,15,87,71,82,78,11,5,5,5,0.7,0.6
2023-02-27T07:00:00,2195A,107.4212,40.761,巴彦淖尔市,附二中,细颗粒物(PM2.5),124,143,157,94,76,116,22,60,46,41,33,5,12,0.9,0.9
2023-02-27T07:00:00,2196A,107.37,40.7372,巴彦淖尔市,市环保大楼,细颗粒物(PM2.5),80,101,133,59,79,126,8,81,54,51,31,7,10,1.0,0.9
2023-02-27T07:00:00,2197A,113.1306,40.9923,乌兰察布市,集宁新区,细颗粒物(PM2.5),114,115,103,86,65,113,47,63,54,39,35,19,18,1.0,0.9
2023-02-27T07:00:00,2200A,122.0392,46.0656,兴安盟,胜华新制药厂,,47,47,31,32,20,88,24,67,43,34,17,5,6,0.9,0.7
2023-02-27T07:00:00,2201A,121.9504,46.0741,兴安盟,科右前旗环保局,,45,45,31,25,19,88,15,67,35,40,20,4,3,0.9,0.5
2023-02-27T07:00:00,2202A,116.1042,43.9317,锡林郭勒盟,市环保监测站,细颗粒物(PM2.5),73,77,40,53,20,97,78,91,84,8,7,10,9,0.5,0.4
2023-02-27T07:00:00,2203A,116.0781,43.9311,锡林郭勒盟,市政府,细颗粒物(PM2.5),69,68,37,50,23,94,77,90,82,12,12,11,10,0.5,0.4
2023-02-27T07:00:00,2204A,105.6467,38.8363,阿拉善盟,西城区西花园,颗粒物(PM10),60,69,65,42,33,106,71,85,79,17,24,11,11,0.7,0.7
2023-02-27T07:00:00,2205A,105.6985,38.8411,阿拉善盟,蒙二幼,细颗粒物(PM2.5),68,55,55,49,39,114,73,92,84,18,17,12,11,0.8,0.6
2023-02-27T07:00:00,2206A,105.724,38.8516,阿拉善盟,环保局新楼,颗粒物(PM10),57,63,46,39,33,110,80,100,93,13,11,9,9,0.7,0.6
2023-02-27T07:00:00,2207A,121.6094,41.998,阜新市,工业园区,细颗粒物(PM2.5),142,177,144,108,80,87,46,34,34,41,40,25,26,1.3,1.1
2023-02-27T07:00:00,2208A,121.6697,42.0279,阜新市,长青街,细颗粒物(PM2.5),218,154,120,168,98,100,56,53,52,41,38,27,33,1.3,1.3
2023-02-27T07:00:00,2209A,121.6673,42.0705,阜新市,农业园区,细颗粒物(PM2.5),152,127,91,116,80,93,57,57,51,42,33,25,26,1.2,1
2023-02-27T07:00:00,2210A,121.6717,42.0224,阜新市,东苑,细颗粒物(PM2.5),129,138,134,98,81,54,54,48,48,40,43,29,30,1.1,1.1
2023-02-27T07:00:00,2211A,121.6506,42.0498,阜新市,玉龙新城,细颗粒物(PM2.5),117,122,103,88,65,101,56,53,50,32,39,24,22,1.4,1.2
2023-02-27T07:00:00,2212A,123.2,41.1953,辽阳市,宏伟区,细颗粒物(PM2.5),62,56,52,44,30,84,75,71,71,20,30,12,17,0.8,0.9
2023-02-27T07:00:00,2213A,123.1683,41.2495,辽阳市,新华园,细颗粒物(PM2.5),78,71,70,57,46,95,86,74,74,25,46,13,27,1.0,1.5
2023-02-27T07:00:00,2214A,123.2354,41.2639,辽阳市,滨河路,细颗粒物(PM2.5),87,42,57,64,48,78,64,58,58,21,33,6,17,0.8,1
2023-02-27T07:00:00,2215A,123.149,41.2991,辽阳市,铁西工业园,细颗粒物(PM2.5),99,86,87,74,58,88,76,73,73,29,42,17,24,0.9,1.7
2023-02-27T07:00:00,2216A,123.8139,42.3022,铁岭市,汇工街西,细颗粒物(PM2.5),84,102,81,62,77,89,89,81,81,26,38,17,22,0.8,1
2023-02-27T07:00:00,2217A,123.8649,42.2923,铁岭市,水上乐园,细颗粒物(PM2.5),78,76,69,57,48,85,76,83,75,42,43,23,21,1.3,1.2
2023-02-27T07:00:00,2218A,123.8486,42.2867,铁岭市,银州路东段,细颗粒物(PM2.5),74,96,80,54,45,89,88,85,85,31,39,18,18,0.9,0.9
2023-02-27T07:00:00,2219A,123.7153,42.2217,铁岭市,金沙江路北,细颗粒物(PM2.5),79,101,84,58,55,84,61,64,58,40,51,23,22,1.2,1.1
2023-02-27T07:00:00,2220A,120.4318,41.5881,朝阳市,西梁,细颗粒物(PM2.5),142,134,91,108,58,88,86,84,84,23,27,16,18,1.6,1.4
2023-02-27T07:00:00,2221A,120.4521,41.5646,朝阳市,河畔小区,细颗粒物(PM2.5),129,125,72,98,46,101,96,94,94,25,23,13,14,1.2,0.9
2023-02-27T07:00:00,2222A,120.4176,41.5648,朝阳市,八里堡,细颗粒物(PM2.5),137,167,94,104,53,96,66,86,66,53,39,44,29,2.5,1.4
2023-02-27T07:00:00,2223A,120.3806,41.5969,朝阳市,农业园区,细颗粒物(PM2.5),129,119,81,98,50,92,81,79,79,21,22,19,17,1.5,1.1
2023-02-27T07:00:00,2225A,124.4002,43.1713,四平市,一商场,颗粒物(PM10),76,101,96,51,50,94,81,89,87,26,30,14,15,0.8,0.7
2023-02-27T07:00:00,2226A,124.388,43.193,四平市,境园,颗粒物(PM10),68,86,87,41,45,97,84,89,87,24,28,15,13,0.8,0.7
2023-02-27T07:00:00,2227A,125.1358,42.8845,辽源市,环保局,细颗粒物(PM2.5),54,49,50,38,38,98,14,56,27,56,39,13,14,1.2,0.9
2023-02-27T07:00:00,2229A,125.9358,41.7173,通化市,光明,,49,49,53,32,31,96,7,27,14,60,43,27,22,0.8,0.6
2023-02-27T07:00:00,2230A,125.9446,41.7325,通化市,铁路,颗粒物(PM10),61,71,65,34,39,95,7,35,14,60,42,33,35,1.6,1
2023-02-27T07:00:00,2231A,126.4219,41.9171,白山市,喜丰,颗粒物(PM10),56,62,63,34,29,87,17,21,20,46,37,17,19,1.1,1
2023-02-27T07:00:00,2232A,126.4077,41.9419,白山市,环保局,颗粒物(PM10),68,86,79,32,36,78,13,17,14,51,43,32,28,1.3,1.3
2023-02-27T07:00:00,2233A,124.8006,45.1214,松原市,江南,细颗粒物(PM2.5),103,103,52,77,30,69,57,60,56,18,13,6,7,0.7,0.4
2023-02-27T07:00:00,2234A,124.7965,45.1722,松原市,江北,细颗粒物(PM2.5),89,112,59,66,27,76,68,60,60,19,14,7,6,1.0,0.6
2023-02-27T07:00:00,2235A,122.7911,45.6077,白城市,洮北区环保局,细颗粒物(PM2.5),58,59,48,41,22,88,45,63,55,21,14,6,11,0.3,0.2
2023-02-27T07:00:00,2236A,122.8738,45.5725,白城市,市环保局,"颗粒物(PM10),细颗粒物(PM2.5)",60,69,49,43,17,88,24,58,44,35,18,8,5,0.6,0.4
2023-02-27T07:00:00,2237A,129.47,42.8883,延边朝鲜族自治州,妇幼医院,,47,47,38,32,20,99,14,51,40,42,20,13,12,0.7,0.6
2023-02-27T07:00:00,2238A,129.5055,42.9108,延边朝鲜族自治州,延边医院,细颗粒物(PM2.5),69,60,36,50,22,99,18,52,35,39,24,12,12,1.0,0.7
2023-02-27T07:00:00,2239A,129.3964,42.8881,延边朝鲜族自治州,朝阳川镇医院,,29,29,38,18,16,102,18,49,34,20,12,6,7,0.7,0.6
2023-02-27T07:00:00,2240A,130.9762,45.3001,鸡西市,环保局,,,,53,,32,86,,76,75,,30,,9,,0.4
2023-02-27T07:00:00,2243A,130.9429,45.3039,鸡西市,第一中学,,43,43,36,27,20,93,77,80,79,9,7,8,6,0.5,0.4
2023-02-27T07:00:00,2244A,130.2537,47.3416,鹤岗市,哈啤分公司,,49,49,51,30,26,82,65,79,74,18,27,12,16,0.4,0.5
2023-02-27T07:00:00,2245A,130.2684,47.3086,鹤岗市,斯达机电,颗粒物(PM10),54,57,63,31,28,89,65,84,60,22,28,12,10,0.3,0.4
2023-02-27T07:00:00,2246A,130.3114,47.3388,鹤岗市,东山纸板厂,颗粒物(PM10),83,116,70,30,30,86,39,65,53,31,22,16,14,0.3,0.4
2023-02-27T07:00:00,2247A,130.1097,47.3382,鹤岗市,五号水库,,35,34,33,24,20,96,52,65,60,8,9,7,7,0.6,0.5
2023-02-27T07:00:00,2248A,131.1511,46.6937,双鸭山市,双合村,颗粒物(PM10),59,68,57,33,35,96,77,86,81,18,18,15,16,0.4,0.5
2023-02-27T07:00:00,2249A,131.1652,46.6191,双鸭山市,南小市,颗粒物(PM10),60,70,60,33,29,108,82,88,83,11,12,7,10,0.5,0.4
2023-02-27T07:00:00,2250A,131.1524,46.6554,双鸭山市,环保局,颗粒物(PM10),63,76,49,33,31,100,79,84,81,18,18,14,16,0.5,0.5
2023-02-27T07:00:00,2251A,131.12,46.5656,双鸭山市,苗圃,细颗粒物(PM2.5),52,45,37,36,34,122,111,98,97,14,10,9,6,0.3,0.2
2023-02-27T07:00:00,2252A,128.5159,47.4311,伊春市,环保局,细颗粒物(PM2.5),60,54,33,43,25,85,62,68,66,20,17,6,9,0.6,0.6
2023-02-27T07:00:00,2253A,128.9102,47.7412,伊春市,电力嘉园,细颗粒物(PM2.5),57,55,37,40,20,98,71,71,71,12,14,11,10,0.7,0.7
2023-02-27T07:00:00,2254A,129.5029,48.471,伊春市,汤旺河国家公园,,48,48,37,22,22,94,62,79,68,7,6,8,7,0.2,0.2
2023-02-27T07:00:00,2255A,130.2751,46.8028,佳木斯市,佳纺,颗粒物(PM10),54,57,52,32,37,106,66,80,72,22,17,10,6,0.6,0.5
2023-02-27T07:00:00,2256A,130.3995,46.8307,佳木斯市,发电厂,,49,48,46,34,34,101,72,82,76,18,20,8,5,0.6,0.6
2023-02-27T07:00:00,2257A,130.3258,46.7975,佳木斯市,环保局,颗粒物(PM10),53,56,46,35,34,103,67,78,72,16,20,8,7,0.5,0.5
2023-02-27T07:00:00,2258A,130.3648,46.8032,佳木斯市,十一中,颗粒物(PM10),55,60,48,33,34,93,69,80,74,20,25,9,7,0.7,0.6
2023-02-27T07:00:00,2259A,130.3794,46.7588,佳木斯市,四丰,,40,40,34,27,24,186,126,137,128,10,8,1,1,0.5,0.4
2023-02-27T07:00:00,2262A,131.0518,45.8751,七台河市,新一中,,49,49,48,31,32,115,57,84,75,31,21,11,8,0.3,0.4
2023-02-27T07:00:00,2263A,127.4833,50.2524,黑河市,交通局,,25,25,24,14,15,93,70,86,78,11,11,7,8,0.6,0.6
2023-02-27T07:00:00,2264A,127.5144,50.2341,黑河市,环保局,,32,32,35,17,19,98,77,93,86,13,13,10,9,0.4,0.4
2023-02-27T07:00:00,2265A,127.5291,50.2472,黑河市,大黑河岛,,22,21,19,11,20,100,70,93,84,5,3,6,8,0.4,0.4
2023-02-27T07:00:00,2266A,126.9785,46.6365,绥化市,人和东街,细颗粒物(PM2.5),89,113,87,66,57,124,53,70,63,21,24,4,6,0.7,0.6
2023-02-27T07:00:00,2267A,126.964,46.6528,绥化市,党政办公中心,细颗粒物(PM2.5),103,101,76,77,61,121,57,70,65,18,20,4,6,0.6,0.4
2023-02-27T07:00:00,2269A,124.1069,50.4097,大兴安岭地区,科技局,,28,19,17,19,12,94,56,71,66,10,5,7,6,0.3,0.2
2023-02-27T07:00:00,2270A,117.396,32.939,蚌埠市,工人疗养院,细颗粒物(PM2.5),83,72,65,61,47,108,38,65,56,40,33,12,13,0.4,0.4
2023-02-27T07:00:00,2271A,117.3605,32.9427,蚌埠市,百货大楼,细颗粒物(PM2.5),69,71,70,50,45,108,50,70,58,29,32,4,7,0.6,0.7
2023-02-27T07:00:00,2273A,117.4185,32.8911,蚌埠市,蚌埠学院,细颗粒物(PM2.5),77,88,72,56,39,108,31,62,47,41,32,8,8,0.6,0.5
2023-02-27T07:00:00,2274A,117.3533,32.9673,蚌埠市,淮上区政府,细颗粒物(PM2.5),70,85,79,51,42,104,37,49,44,41,33,6,9,0.6,0.6
2023-02-27T07:00:00,2275A,117.3145,32.8977,蚌埠市,高新区,细颗粒物(PM2.5),67,73,67,48,40,106,45,66,53,36,31,5,7,0.6,0.5
2023-02-27T07:00:00,2277A,116.8305,32.7727,淮南市,潘集区政府,,,95,78,66,55,102,24,31,30,,30,5,8,0.8,0.6
2023-02-27T07:00:00,2278A,117.0067,32.6524,淮南市,师范学院,细颗粒物(PM2.5),68,71,69,49,44,105,41,57,50,32,27,14,13,0.6,0.5
2023-02-27T07:00:00,2279A,116.8569,32.5951,淮南市,谢家集区政府,细颗粒物(PM2.5),64,65,71,46,48,108,44,53,47,35,30,14,14,0.6,0.5
2023-02-27T07:00:00,2280A,116.8281,32.633,淮南市,八公山区政府,细颗粒物(PM2.5),89,93,68,66,44,103,43,56,51,32,26,20,14,0.6,0.5
2023-02-27T07:00:00,2281A,116.6325,32.6201,淮南市,焦岗湖风景区管理处,细颗粒物(PM2.5),89,89,61,66,40,99,18,14,14,38,36,4,5,1.0,0.6
2023-02-27T07:00:00,2282A,116.8004,33.975,淮北市,监测站,细颗粒物(PM2.5),88,96,78,65,47,112,53,77,68,36,26,16,9,0.9,0.6
2023-02-27T07:00:00,2283A,116.8091,33.9007,淮北市,烈山区政府,细颗粒物(PM2.5),95,122,90,71,51,114,44,59,54,50,40,16,11,0.6,0.4
2023-02-27T07:00:00,2284A,116.7856,33.9477,淮北市,职业技术学院,细颗粒物(PM2.5),102,108,84,76,52,112,47,72,64,44,33,16,10,0.8,0.5
2023-02-27T07:00:00,2285A,117.8177,30.9412,铜陵市,市第四中学,颗粒物(PM10),51,52,47,33,28,97,16,43,32,41,28,7,9,0.4,0.3
2023-02-27T07:00:00,2286A,117.8059,30.9273,铜陵市,市公路局,颗粒物(PM10),52,54,48,31,28,94,9,38,26,39,26,1,3,0.7,0.7
2023-02-27T07:00:00,2287A,117.7807,30.9413,铜陵市,市新民污水厂,细颗粒物(PM2.5),59,50,46,42,28,108,10,36,21,55,34,3,5,0.5,0.5
2023-02-27T07:00:00,2288A,117.7439,30.8792,铜陵市,市第九中学,颗粒物(PM10),86,121,68,42,35,96,4,20,9,55,35,7,11,1.1,0.9
2023-02-27T07:00:00,2289A,117.846,30.9413,铜陵市,车站新区,细颗粒物(PM2.5),57,46,42,40,22,105,16,42,31,39,28,6,8,0.7,0.7
2023-02-27T07:00:00,2290A,117.8483,30.97,铜陵市,市职教基地,颗粒物(PM10),51,51,49,30,24,102,37,56,46,22,20,2,3,0.1,0.1
2023-02-27T07:00:00,2291A,117.0809,30.5177,安庆市,环科院,细颗粒物(PM2.5),67,66,53,48,30,100,24,65,49,45,25,11,10,0.7,0.6
2023-02-27T07:00:00,2292A,117.0331,30.5119,安庆市,马山宾馆,细颗粒物(PM2.5),79,85,56,58,28,100,17,67,46,50,24,12,10,0.8,0.6
2023-02-27T07:00:00,2294A,116.9896,30.6145,安庆市,安庆大学,"颗粒物(PM10),细颗粒物(PM2.5)",62,74,50,44,25,102,6,62,44,58,24,8,9,0.9,0.7
2023-02-27T07:00:00,2295A,118.2903,29.6963,黄山市,延安路89号,,28,22,22,19,19,104,20,29,25,13,13,4,5,0.2,0.2
2023-02-27T07:00:00,2296A,118.327,29.7178,黄山市,黄山东路89号,,23,17,26,16,18,101,23,37,34,17,16,4,5,0.3,0.3
2023-02-27T07:00:00,2297A,118.1371,30.2756,黄山市,黄山区政府5号楼,,29,29,32,19,22,109,17,37,27,16,14,5,6,0.4,0.4
2023-02-27T07:00:00,2298A,118.3093,32.3153,滁州市,老年大学,细颗粒物(PM2.5),93,96,72,69,48,125,6,46,20,82,48,9,9,1.0,0.7
2023-02-27T07:00:00,2299A,118.3244,32.2786,滁州市,人大宾馆,细颗粒物(PM2.5),88,93,72,65,48,127,5,51,30,74,43,7,8,0.8,0.5
2023-02-27T07:00:00,2301A,115.8277,32.8929,阜阳市,市监测站,细颗粒物(PM2.5),77,76,64,56,44,102,18,65,43,50,30,6,7,0.7,0.5
2023-02-27T07:00:00,2303A,115.8554,32.8605,阜阳市,开发区,颗粒物(PM10),88,125,80,58,38,111,20,71,43,51,27,8,9,0.8,0.6
2023-02-27T07:00:00,2307A,116.5079,31.737,六安市,监测大楼,细颗粒物(PM2.5),70,84,54,51,37,100,49,70,60,30,21,7,7,0.5,0.4
2023-02-27T07:00:00,2308A,116.4738,31.7643,六安市,皖西学院,颗粒物(PM10),61,71,58,40,34,101,49,73,63,28,19,7,5,0.5,0.4
2023-02-27T07:00:00,2309A,116.4996,31.7905,六安市,朝阳厂,细颗粒物(PM2.5),69,61,49,50,33,106,44,78,64,40,24,6,7,0.7,0.5
2023-02-27T07:00:00,2310A,116.5567,31.7886,六安市,开发区,颗粒物(PM10),75,100,72,54,37,103,21,42,37,44,26,8,12,0.5,0.4
2023-02-27T07:00:00,2311A,115.8072,33.8399,亳州市,污水处理厂,细颗粒物(PM2.5),87,88,69,64,44,100,37,55,46,23,21,11,9,0.5,0.4
2023-02-27T07:00:00,2312A,115.7789,33.8518,亳州市,三国揽胜宫,细颗粒物(PM2.5),87,93,70,64,42,113,45,66,54,23,16,13,9,0.6,0.3
2023-02-27T07:00:00,2314A,117.47,30.6618,池州市,池州学院,细颗粒物(PM2.5),64,60,47,46,33,104,37,62,47,27,21,7,9,0.9,0.7
2023-02-27T07:00:00,2316A,118.7581,30.9454,宣城市,鳌峰子站,细颗粒物(PM2.5),64,61,52,46,30,99,50,45,45,25,25,5,9,0.6,0.6
2023-02-27T07:00:00,2317A,118.7385,30.9743,宣城市,敬亭山子站,细颗粒物(PM2.5),67,59,55,48,32,103,33,48,43,45,30,5,10,0.4,0.4
2023-02-27T07:00:00,2318A,118.7173,30.9427,宣城市,开发区子站,细颗粒物(PM2.5),65,62,52,47,32,98,44,60,52,31,24,4,9,0.6,0.7
2023-02-27T07:00:00,2319A,119.0141,25.4325,莆田市,荔城区仓后路,,28,23,34,6,12,109,87,95,91,5,7,8,8,0.6,0.5
2023-02-27T07:00:00,2320A,119.0015,25.4553,莆田市,莆田市监测站,,29,18,32,12,16,110,91,96,93,2,7,6,6,0.5,0.4
2023-02-27T07:00:00,2321A,119.1119,25.4561,莆田市,涵江区六中,,29,29,35,8,14,107,84,99,91,4,6,6,6,0.4,0.4
2023-02-27T07:00:00,2322A,119.1013,25.3215,莆田市,秀屿区政府,,32,32,36,14,15,108,80,97,88,10,10,5,5,0.3,0.3
2023-02-27T07:00:00,2323A,118.981,25.4792,莆田市,东圳水库,,,,,,,,,,,,,,,,
2023-02-27T07:00:00,2324A,117.6211,26.2625,三明市,三钢,,42,36,50,29,41,128,67,62,62,20,24,12,8,0.5,0.5
2023-02-27T07:00:00,2325A,117.635,26.2714,三明市,三明二中,,38,29,45,26,38,120,64,64,64,23,27,9,5,0.5,0.5
2023-02-27T07:00:00,2326A,117.6028,26.2378,三明市,三元区政府,,42,35,62,29,44,123,64,36,36,23,32,13,12,0.4,0.6
2023-02-27T07:00:00,2327A,117.7275,26.3108,三明市,洋溪,,,,,,,,,,,,,,,,
2023-02-27T07:00:00,2331A,118.0966,26.6761,南平市,茫荡山,,,,,,,,,,,,,,,,
2023-02-27T07:00:00,2332A,118.1681,26.6369,南平市,南平市监测站,,25,24,41,12,30,116,77,94,87,11,17,4,4,0.5,0.5
2023-02-27T07:00:00,2333A,118.1825,26.6489,南平市,南平铝业有限公司,,29,29,49,14,30,108,48,88,77,22,17,7,6,0.4,0.4
2023-02-27T07:00:00,2334A,118.1756,26.6272,南平市,南平七中,,23,18,44,9,28,118,72,100,90,14,17,5,5,0.4,0.4
2023-02-27T07:00:00,2335A,117.0189,25.1181,龙岩市,龙岩师专,,,,,,,,,,,,,,,,
2023-02-27T07:00:00,2336A,117.0217,25.1033,龙岩市,龙岩市监测站,,39,37,47,27,31,124,72,62,62,20,25,20,11,0.5,0.5
2023-02-27T07:00:00,2337A,117.0258,25.0661,龙岩市,闽西职业技术学院,颗粒物(PM10),51,52,53,24,30,118,24,52,43,38,24,24,13,0.5,0.5
2023-02-27T07:00:00,2338A,117.0196,25.0306,龙岩市,龙岩学院,,40,39,45,28,29,122,37,60,50,19,15,7,6,0.5,0.4
2023-02-27T07:00:00,2339A,119.5001,26.6946,宁德市,金涵水库,,,,,,,,,,,,,,,,
2023-02-27T07:00:00,2341A,119.5388,26.6612,宁德市,宁德市监测站,,22,17,39,15,27,116,70,69,69,13,17,2,5,0.6,0.6
2023-02-27T07:00:00,2342A,117.3102,29.3867,景德镇市,王港中学,,42,20,35,29,25,74,13,9,8,7,10,4,5,0.7,0.6
2023-02-27T07:00:00,2343A,117.2117,29.2933,景德镇市,老干部活动中心,颗粒物(PM10),58,66,68,33,36,98,13,13,13,30,27,6,6,0.6,0.6
2023-02-27T07:00:00,2344A,117.1894,29.2789,景德镇市,兽医站,,40,20,37,28,26,105,36,52,35,20,21,5,6,0.5,0.6
2023-02-27T07:00:00,2345A,117.1547,29.2617,景德镇市,台达陶瓷,,25,21,34,17,28,99,41,48,47,19,25,11,15,0.8,0.9
2023-02-27T07:00:00,2346A,117.2461,29.2956,景德镇市,陶研所,,46,46,53,16,21,99,3,6,4,27,24,4,5,0.7,0.7
2023-02-27T07:00:00,2347A,114.0997,27.5002,萍乡市,武功山,,28,13,43,19,37,115,43,50,47,10,16,10,6,0.3,0.5
2023-02-27T07:00:00,2348A,113.8385,27.6434,萍乡市,中医院,细颗粒物(PM2.5),60,63,73,43,49,113,54,70,58,22,19,35,23,0.5,0.6
2023-02-27T07:00:00,2349A,113.8493,27.6253,萍乡市,市政府车库,细颗粒物(PM2.5),87,85,77,64,57,118,20,69,43,44,20,36,17,2.3,1.6
2023-02-27T07:00:00,2350A,113.8676,27.6435,萍乡市,市环保局,细颗粒物(PM2.5),74,73,76,54,57,116,38,72,51,34,22,37,23,0.6,0.6
2023-02-27T07:00:00,2351A,113.866,27.6198,萍乡市,安源区政府,细颗粒物(PM2.5),72,80,83,52,55,105,4,60,26,51,29,27,19,1.8,1.3
2023-02-27T07:00:00,2352A,115.0861,27.9317,新余市,北岗,,50,48,43,35,35,89,31,36,33,30,25,62,22,0.6,0.6
2023-02-27T07:00:00,2353A,114.9886,27.8431,新余市,飞宇,颗粒物(PM10),57,63,66,31,37,83,10,47,25,51,26,19,16,0.6,0.5
2023-02-27T07:00:00,2354A,114.9231,27.8246,新余市,第二水厂,颗粒物(PM10),53,56,60,32,35,78,27,45,36,36,25,29,16,0.3,0.3
2023-02-27T07:00:00,2355A,114.9308,27.8036,新余市,市气象局,颗粒物(PM10),60,69,76,37,38,80,11,48,28,43,28,14,37,0.7,0.4
2023-02-27T07:00:00,2357A,116.9822,28.1136,鹰潭市,龙虎山,,23,20,34,16,28,115,46,79,62,2,3,6,13,0.3,0.4
2023-02-27T07:00:00,2358A,117.0564,28.2642,鹰潭市,新监测站,细颗粒物(PM2.5),54,46,36,38,27,158,87,95,94,20,18,12,15,0.5,0.4
2023-02-27T07:00:00,2359A,117.0311,28.2475,鹰潭市,财苑宾馆,,46,46,36,29,25,164,52,105,80,30,19,10,17,0.2,0.4
2023-02-27T07:00:00,2360A,117.0222,28.2264,鹰潭市,体育馆,,41,41,40,28,27,117,51,64,58,22,22,25,26,0.2,0.2
2023-02-27T07:00:00,2361A,117.0017,28.2131,鹰潭市,三川水表,,49,47,45,34,33,111,55,58,55,17,30,15,14,0.8,0.5
2023-02-27T07:00:00,2362A,114.9017,25.9149,赣州市,通天岩,,49,47,69,34,48,124,50,89,63,8,7,6,9,0.7,0.8
2023-02-27T07:00:00,2363A,114.9367,25.8664,赣州市,地委,细颗粒物(PM2.5),65,66,82,47,55,126,36,58,54,23,20,11,10,0.8,0.9
2023-02-27T07:00:00,2364A,114.9461,25.8481,赣州市,气象台,颗粒物(PM10),61,71,72,34,55,119,8,64,32,51,29,11,14,0.6,0.6
2023-02-27T07:00:00,2365A,114.9322,25.8333,赣州市,市图书馆,颗粒物(PM10),60,70,77,41,52,122,4,90,46,48,20,11,17,1.0,1.1
2023-02-27T07:00:00,2366A,114.8905,25.8471,赣州市,华坚鞋城,细颗粒物(PM2.5),58,59,77,41,54,120,50,104,75,21,17,5,6,0.8,0.9
2023-02-27T07:00:00,2367A,114.9754,27.0803,吉安市,红声器材厂,颗粒物(PM10),54,57,69,24,43,119,41,75,61,28,22,11,9,0.6,0.6
2023-02-27T07:00:00,2368A,114.9658,27.0999,吉安市,市森林工业局,,37,37,60,25,45,119,42,77,64,26,21,5,6,0.1,0.3
2023-02-27T07:00:00,2369A,114.99,27.1312,吉安市,市环境监测站,,38,37,62,26,44,124,45,78,64,29,22,7,8,0.5,0.6
2023-02-27T07:00:00,2370A,115.0093,27.0968,吉安市,青原区法院,,46,46,64,32,46,122,26,83,44,40,27,13,10,0.5,0.5
2023-02-27T07:00:00,2371A,114.3408,27.8064,宜春市,槟榔水业,,43,43,57,29,38,96,20,28,27,24,19,2,7,0.6,0.6
2023-02-27T07:00:00,2373A,114.3956,27.7844,宜春市,市石油公司,,40,38,64,28,42,123,25,38,34,30,26,2,4,0.7,0.6
2023-02-27T07:00:00,2374A,114.3703,27.7914,宜春市,市气象局,,42,42,63,26,42,120,32,58,49,30,27,6,7,1.0,0.9
2023-02-27T07:00:00,2375A,114.4013,27.8074,宜春市,市广电局,,49,45,62,34,47,130,23,56,42,32,29,7,7,1.1,0.9
2023-02-27T07:00:00,2376A,116.2127,28.0814,抚州市,桐源党溪,,37,37,50,22,35,121,16,30,24,9,8,3,3,0.5,0.4
2023-02-27T07:00:00,2377A,116.3544,27.9831,抚州市,市站,,44,44,55,27,37,118,24,71,52,42,21,10,7,0.7,0.6
2023-02-27T07:00:00,2378A,116.3565,27.963,抚州市,血防站,颗粒物(PM10),53,55,62,26,36,112,14,66,42,30,19,8,10,0.6,0.4
2023-02-27T07:00:00,2379A,116.3564,28.0007,抚州市,采茶剧团,,44,44,53,25,38,110,31,65,51,34,18,16,6,0.7,0.7
2023-02-27T07:00:00,2380A,116.385,27.9647,抚州市,医学分院,,44,44,53,29,32,126,8,66,43,40,24,7,9,0.8,0.5
2023-02-27T07:00:00,2381A,118.005,28.4572,上饶市,百草园,,,46,42,8,23,71,46,46,46,12,11,5,8,,0.7
2023-02-27T07:00:00,2382A,117.9756,28.4436,上饶市,市监测站,颗粒物(PM10),52,53,46,27,21,101,45,54,52,26,22,8,17,0.4,0.4
2023-02-27T07:00:00,2383A,117.9519,28.4628,上饶市,凤凰光学,颗粒物(PM10),51,52,46,27,22,103,55,53,53,15,20,14,18,0.5,0.5
2023-02-27T07:00:00,2385A,114.17,35.9019,鹤壁市,市监测站,细颗粒物(PM2.5),72,82,110,52,82,98,56,87,66,25,24,8,10,0.5,0.6
2023-02-27T07:00:00,2386A,114.2956,35.7511,鹤壁市,市交警支队,细颗粒物(PM2.5),94,97,108,70,76,111,25,48,40,47,38,12,12,0.4,0.4
2023-02-27T07:00:00,2387A,114.2878,35.7306,鹤壁市,迎宾馆,细颗粒物(PM2.5),87,73,90,64,73,115,19,52,37,50,40,14,10,0.5,0.5
2023-02-27T07:00:00,2389A,113.836,35.311,新乡市,环保西院,细颗粒物(PM2.5),64,68,99,46,65,111,51,48,48,27,30,6,5,0.5,0.5
2023-02-27T07:00:00,2390A,113.884,35.272,新乡市,开发区,细颗粒物(PM2.5),64,67,95,46,68,110,46,66,59,40,50,7,8,0.6,0.6
2023-02-27T07:00:00,2391A,113.883,35.303,新乡市,环保东院,细颗粒物(PM2.5),67,58,80,48,61,105,52,70,65,33,30,8,8,0.6,0.6
2023-02-27T07:00:00,2392A,115.0312,35.7636,濮阳市,环保局,细颗粒物(PM2.5),87,59,66,64,62,115,50,65,62,30,22,26,14,0.6,0.6
2023-02-27T07:00:00,2394A,115.0574,35.7609,濮阳市,油田运输公司,细颗粒物(PM2.5),93,98,111,69,70,118,54,70,63,32,34,31,15,0.7,0.6
2023-02-27T07:00:00,2395A,115.0866,35.7754,濮阳市,油田物探公司,细颗粒物(PM2.5),90,61,80,67,72,113,46,58,53,29,28,24,17,0.5,0.5
2023-02-27T07:00:00,2396A,113.8276,34.0159,许昌市,监测站,颗粒物(PM10),61,71,66,9,31,121,32,52,42,38,29,12,6,0.5,0.4
2023-02-27T07:00:00,2398A,113.7906,33.9953,许昌市,开发区,细颗粒物(PM2.5),64,42,67,46,47,114,21,29,24,43,39,8,5,0.3,0.3
2023-02-27T07:00:00,2399A,114.051,33.5699,漯河市,三五一五工厂,细颗粒物(PM2.5),70,78,63,51,44,120,45,62,58,31,23,8,7,0.5,0.4
2023-02-27T07:00:00,2400A,114.0055,33.5698,漯河市,漯河大学,细颗粒物(PM2.5),75,74,63,55,45,124,59,78,69,28,21,7,7,0.5,0.4
2023-02-27T07:00:00,2401A,114.0138,33.5828,漯河市,市水利局,细颗粒物(PM2.5),64,73,65,46,43,123,56,76,68,25,18,9,8,0.4,0.3
2023-02-27T07:00:00,2402A,114.0261,33.5698,漯河市,市广电局,细颗粒物(PM2.5),78,76,61,57,45,120,43,66,57,32,21,8,7,0.5,0.4
2023-02-27T07:00:00,2404A,112.5224,33.0122,南阳市,瓦房庄,细颗粒物(PM2.5),80,73,111,59,94,120,45,71,59,37,38,5,6,0.6,0.7
2023-02-27T07:00:00,2405A,112.5003,32.9735,南阳市,汉画馆,细颗粒物(PM2.5),75,65,115,55,97,120,44,48,47,28,34,3,4,0.6,0.8
2023-02-27T07:00:00,2406A,112.5573,33.027,南阳市,气象站,细颗粒物(PM2.5),70,70,108,51,85,119,53,72,64,24,30,6,6,0.4,0.6
2023-02-27T07:00:00,2407A,112.5481,32.9689,南阳市,理工学院,细颗粒物(PM2.5),74,69,108,54,86,125,51,72,58,24,30,5,5,0.5,0.6
2023-02-27T07:00:00,2408A,115.6702,34.4285,商丘市,环境监测站,细颗粒物(PM2.5),74,86,61,54,42,117,46,80,63,31,22,9,7,0.4,0.2
2023-02-27T07:00:00,2409A,115.6458,34.4045,商丘市,粮食局,细颗粒物(PM2.5),84,79,56,62,47,126,49,86,67,29,19,9,7,0.5,0.3
2023-02-27T07:00:00,2410A,115.6293,34.3948,商丘市,睢阳区环保局,细颗粒物(PM2.5),72,73,62,52,41,117,45,84,65,33,22,10,8,0.4,0.2
2023-02-27T07:00:00,2420A,114.0189,32.9656,驻马店市,市一纸厂,细颗粒物(PM2.5),72,66,63,52,46,121,55,79,61,20,21,4,5,0.4,0.5
2023-02-27T07:00:00,2421A,114.0114,33.015,驻马店市,市彩印厂,细颗粒物(PM2.5),62,60,59,44,39,116,57,79,64,23,21,8,9,0.4,0.5
2023-02-27T07:00:00,2422A,113.9976,32.9771,驻马店市,天方二分厂,细颗粒物(PM2.5),67,64,62,48,42,113,50,74,59,34,29,2,2,0.5,0.4
2023-02-27T07:00:00,2423A,115.0601,30.2313,黄石市,沈家营,细颗粒物(PM2.5),54,54,56,38,31,96,18,63,45,50,30,9,12,0.8,0.7
2023-02-27T07:00:00,2424A,115.0817,30.2006,黄石市,陈家湾,细颗粒物(PM2.5),54,45,45,38,32,106,69,77,76,27,18,38,18,0.7,0.5
2023-02-27T07:00:00,2426A,114.8988,30.2019,黄石市,铁山,细颗粒物(PM2.5),57,55,49,40,35,108,76,81,75,18,18,5,5,0.8,0.8
2023-02-27T07:00:00,2427A,115.0307,30.2092,黄石市,团城山,,47,47,45,29,24,108,65,89,80,24,15,16,11,0.7,0.5
2023-02-27T07:00:00,2428A,111.0419,32.395,十堰市,武当山,细颗粒物(PM2.5),90,100,96,67,80,84,64,73,66,15,16,11,11,0.6,0.7
2023-02-27T07:00:00,2429A,110.78,32.6494,十堰市,滨河新村,细颗粒物(PM2.5),149,130,144,114,113,92,9,38,27,36,27,4,5,1.2,1.1
2023-02-27T07:00:00,2430A,110.7258,32.6389,十堰市,刘家沟,细颗粒物(PM2.5),102,138,174,76,98,98,39,73,60,34,36,5,6,1.0,1.1
2023-02-27T07:00:00,2431A,110.8839,32.5714,十堰市,铁二处,细颗粒物(PM2.5),105,97,127,79,96,104,29,62,45,19,23,6,11,0.9,1
2023-02-27T07:00:00,2432A,112.155,32.0197,襄阳市,襄城运动路,细颗粒物(PM2.5),152,130,140,116,105,143,33,83,72,41,22,9,10,0.8,0.6
2023-02-27T07:00:00,2433A,112.1392,32.0564,襄阳市,樊城新华路,细颗粒物(PM2.5),172,138,136,130,113,127,47,79,70,25,22,11,11,0.9,0.8
2023-02-27T07:00:00,2434A,112.1825,32.1142,襄阳市,高新管委会,细颗粒物(PM2.5),134,134,141,102,109,124,51,92,67,31,24,9,8,0.9,0.9
2023-02-27T07:00:00,2435A,112.2106,32.0903,襄阳市,襄州航空路,细颗粒物(PM2.5),130,124,138,99,107,130,37,85,64,18,19,9,9,0.7,0.7
2023-02-27T07:00:00,2436A,114.8938,30.3994,鄂州市,市政府,颗粒物(PM10),61,72,62,40,39,100,34,52,30,43,33,18,14,0.7,0.6
2023-02-27T07:00:00,2437A,114.8989,30.3714,鄂州市,赵家坝,颗粒物(PM10),55,60,66,38,38,101,32,56,39,41,32,9,11,0.5,0.7
2023-02-27T07:00:00,2439A,112.2014,31.0481,荆门市,竹园小学,细颗粒物(PM2.5),113,100,127,85,96,134,13,70,44,60,32,26,12,1.2,0.9
2023-02-27T07:00:00,2440A,112.1969,30.9891,荆门市,掇刀,细颗粒物(PM2.5),107,112,132,80,96,131,24,45,42,56,34,15,10,0.9,0.8
2023-02-27T07:00:00,2441A,112.2213,31.0386,荆门市,石化一小,细颗粒物(PM2.5),152,130,134,116,102,140,9,70,40,69,43,20,16,1.4,0.7
2023-02-27T07:00:00,2443A,113.9153,30.9285,孝感市,文化路,细颗粒物(PM2.5),70,77,105,51,79,120,30,19,19,41,50,10,8,0.7,1
2023-02-27T07:00:00,2444A,113.942,30.9075,孝感市,东城区,颗粒物(PM10),69,87,109,45,73,125,26,17,17,38,46,11,10,0.8,0.9
2023-02-27T07:00:00,2446A,114.9028,30.4742,黄冈市,职工中心,细颗粒物(PM2.5),58,58,71,41,46,105,49,47,42,18,24,9,10,0.4,0.5
2023-02-27T07:00:00,2447A,114.3175,29.8142,咸宁市,森林公园,,29,23,19,19,22,115,92,98,94,2,2,7,8,0.4,0.4
2023-02-27T07:00:00,2448A,114.3107,29.8454,咸宁市,市发改委,,28,28,21,17,23,108,67,70,69,13,11,9,9,0.4,0.4
2023-02-27T07:00:00,2449A,114.2936,29.8566,咸宁市,咸安区政府,,24,24,20,15,25,101,65,68,67,19,21,7,7,0.3,0.4
2023-02-27T07:00:00,2451A,113.3583,31.7275,随州市,市委党校,细颗粒物(PM2.5),115,99,104,87,96,125,7,16,7,43,31,6,7,1.0,0.9
2023-02-27T07:00:00,2452A,113.3833,31.6908,随州市,市林业局,细颗粒物(PM2.5),108,103,100,81,86,131,19,38,23,36,35,6,9,0.9,0.8
2023-02-27T07:00:00,2453A,113.3983,31.7308,随州市,市立交桥水厂,细颗粒物(PM2.5),99,89,102,74,90,131,22,61,38,29,29,4,7,0.7,0.8
2023-02-27T07:00:00,2454A,109.4978,30.2981,恩施土家族苗族自治州,湖北民院,细颗粒物(PM2.5),63,64,65,45,55,117,29,43,38,11,14,9,10,0.4,0.5
2023-02-27T07:00:00,2455A,109.4707,30.2798,恩施土家族苗族自治州,州电力总公司,细颗粒物(PM2.5),77,65,71,56,50,106,23,35,24,20,25,5,5,0.5,0.5
2023-02-27T07:00:00,2456A,112.5003,26.9167,衡阳市,原169医院,细颗粒物(PM2.5),97,88,76,72,66,112,23,64,53,54,38,12,12,0.8,0.7
2023-02-27T07:00:00,2457A,112.6194,26.9258,衡阳市,衡阳化工总厂,细颗粒物(PM2.5),137,117,92,104,80,136,33,67,52,40,28,19,19,0.9,0.8
2023-02-27T07:00:00,2458A,112.6211,26.8956,衡阳市,珠晖区环保局,细颗粒物(PM2.5),140,100,86,107,81,138,22,66,50,40,35,28,17,1.0,0.9
2023-02-27T07:00:00,2459A,112.6197,26.8733,衡阳市,市委党校,细颗粒物(PM2.5),137,103,96,104,76,146,57,96,76,29,24,40,21,0.9,0.8
2023-02-27T07:00:00,2460A,112.6006,26.8919,衡阳市,市监测站,细颗粒物(PM2.5),139,131,108,106,85,140,46,75,62,32,23,28,21,1.0,0.9
2023-02-27T07:00:00,2461A,112.5664,26.9056,衡阳市,真空机电公司,细颗粒物(PM2.5),127,94,84,96,83,136,25,51,35,46,32,9,12,0.9,0.8
2023-02-27T07:00:00,2462A,111.5239,27.3033,邵阳市,市水土所,细颗粒物(PM2.5),75,49,67,55,61,133,20,51,35,9,14,4,10,0.7,0.7
2023-02-27T07:00:00,2463A,111.4733,27.2317,邵阳市,市一中,细颗粒物(PM2.5),118,94,80,89,78,136,4,73,21,43,27,13,16,0.7,0.6
2023-02-27T07:00:00,2464A,111.5283,27.2442,邵阳市,市化工厂,细颗粒物(PM2.5),108,112,100,81,74,139,10,84,37,40,27,10,18,0.6,0.5
2023-02-27T07:00:00,2465A,111.4503,27.2537,邵阳市,市罐头厂,细颗粒物(PM2.5),113,79,84,85,81,136,40,77,51,21,23,9,15,0.6,0.6
2023-02-27T07:00:00,2466A,111.4328,27.2272,邵阳市,市环保局,细颗粒物(PM2.5),108,65,74,81,75,138,65,110,66,14,21,6,10,0.6,0.6
2023-02-27T07:00:00,2467A,112.4067,28.6428,益阳市,甘溪港,细颗粒物(PM2.5),75,73,75,55,52,130,31,31,31,33,38,4,4,0.4,0.3
2023-02-27T07:00:00,2468A,112.3458,28.5808,益阳市,市环保局,细颗粒物(PM2.5),130,106,103,99,81,133,49,56,55,33,32,6,6,0.7,0.7
2023-02-27T07:00:00,2469A,112.3437,28.5531,益阳市,市特殊教育学校,细颗粒物(PM2.5),144,118,107,110,90,133,48,64,51,25,23,4,4,1.0,0.9
2023-02-27T07:00:00,2470A,112.3347,28.6047,益阳市,资阳区政务中心,细颗粒物(PM2.5),117,102,102,88,91,134,21,35,33,24,24,5,4,1.1,0.9
2023-02-27T07:00:00,2471A,112.3744,28.5819,益阳市,赫山环保分局,细颗粒物(PM2.5),115,106,104,87,84,134,7,12,11,43,36,6,6,1.0,0.9
2023-02-27T07:00:00,2472A,113.0073,25.9061,郴州市,马头岭,颗粒物(PM10),58,65,68,40,45,152,51,80,64,40,37,6,8,0.6,0.6
2023-02-27T07:00:00,2473A,113.0116,25.8226,郴州市,市职中,细颗粒物(PM2.5),99,90,88,74,65,115,5,5,5,46,44,5,9,0.7,0.7
2023-02-27T07:00:00,2474A,113.0161,25.8001,郴州市,兴隆步行街,细颗粒物(PM2.5),83,93,92,61,61,112,4,4,3,45,36,6,8,1.0,0.7
2023-02-27T07:00:00,2475A,113.0383,25.8071,郴州市,市审计局,细颗粒物(PM2.5),90,92,82,67,62,112,2,19,4,55,39,6,7,1.6,0.9
2023-02-27T07:00:00,2476A,113.0348,25.7759,郴州市,市环保局,细颗粒物(PM2.5),84,104,89,62,61,110,6,6,6,46,41,5,7,0.6,0.6
2023-02-27T07:00:00,2477A,111.6217,26.2081,永州市,零陵南津渡,颗粒物(PM10),61,72,84,43,73,135,44,58,52,17,19,10,8,0.6,0.8
2023-02-27T07:00:00,2478A,111.6156,26.4214,永州市,市环境监测站,细颗粒物(PM2.5),100,110,90,75,72,131,17,52,27,61,42,9,9,1.1,1
2023-02-27T07:00:00,2479A,111.6236,26.2331,永州市,零陵区环保局,细颗粒物(PM2.5),98,78,88,73,79,129,29,52,38,33,33,12,11,0.9,0.8
2023-02-27T07:00:00,2480A,111.5992,26.4364,永州市,永州市环保局,细颗粒物(PM2.5),99,93,86,74,68,124,23,58,27,38,29,5,6,0.7,0.8
2023-02-27T07:00:00,2481A,111.5989,26.4519,永州市,冷水滩区环保局,细颗粒物(PM2.5),103,111,94,77,73,125,9,66,36,43,29,6,13,1.0,1
2023-02-27T07:00:00,2482A,109.5981,27.5721,怀化市,林科所,细颗粒物(PM2.5),78,65,46,57,37,115,64,88,77,18,15,5,6,0.7,0.6
2023-02-27T07:00:00,2483A,109.9453,27.5444,怀化市,河西地税局,细颗粒物(PM2.5),75,59,54,55,49,108,22,40,34,12,13,3,4,0.7,0.6
2023-02-27T07:00:00,2484A,109.9781,27.5342,怀化市,市四医院,细颗粒物(PM2.5),82,78,68,60,52,116,49,62,56,18,16,10,13,0.8,0.7
2023-02-27T07:00:00,2485A,109.9972,27.5578,怀化市,监测楼,,,,59,,51,83,,74,,,10,,9,,0.7
2023-02-27T07:00:00,2486A,110.0394,27.583,怀化市,市委党校,细颗粒物(PM2.5),75,90,74,55,58,113,4,31,18,34,25,10,18,0.8,0.7
2023-02-27T07:00:00,2487A,111.9589,27.8901,娄底市,电视发射台,细颗粒物(PM2.5),82,84,90,60,65,127,62,78,68,17,19,3,3,1.0,1
2023-02-27T07:00:00,2488A,111.9975,27.725,娄底市,市监测站,细颗粒物(PM2.5),156,136,96,119,89,125,17,83,37,46,26,15,6,1.1,0.7
2023-02-27T07:00:00,2489A,112.0194,27.7314,娄底市,市委党校,细颗粒物(PM2.5),130,117,102,99,82,120,21,64,45,37,27,7,6,0.7,0.7
2023-02-27T07:00:00,2490A,111.9561,27.7569,娄底市,涟钢,细颗粒物(PM2.5),127,111,108,96,83,122,30,48,39,29,30,3,8,0.6,0.6
2023-02-27T07:00:00,2491A,111.9892,27.7044,娄底市,市政府,细颗粒物(PM2.5),114,98,91,86,80,126,24,56,37,24,22,4,4,0.6,0.6
2023-02-27T07:00:00,2492A,109.6414,28.2558,湘西州,跃进水库,,32,32,35,22,27,96,0,5,1,6,9,8,8,0.2,0.2
2023-02-27T07:00:00,2493A,109.7325,28.3169,湘西州,州政府,细颗粒物(PM2.5),57,55,53,40,41,114,29,37,27,15,14,8,7,0.5,0.4
2023-02-27T07:00:00,2494A,109.6958,28.2675,湘西州,吉首市计生局,细颗粒物(PM2.5),58,48,50,41,40,118,12,39,29,26,17,8,8,0.5,0.5
2023-02-27T07:00:00,2495A,111.3014,23.4832,梧州市,市逸夫小学,细颗粒物(PM2.5),79,98,73,58,39,118,15,18,15,48,32,26,16,0.8,0.8
2023-02-27T07:00:00,2496A,111.3239,23.4794,梧州市,市十一中,颗粒物(PM10),61,71,63,41,31,108,12,17,12,49,34,17,10,0.8,0.7
2023-02-27T07:00:00,2497A,111.247,23.4189,梧州市,龙圩,细颗粒物(PM2.5),72,68,68,52,38,107,4,6,5,33,37,36,12,1.0,0.7
2023-02-27T07:00:00,2498A,111.2711,23.4835,梧州市,龙新,颗粒物(PM10),70,89,66,49,34,109,5,34,22,40,32,9,9,0.7,0.7
2023-02-27T07:00:00,2499A,108.3411,21.6158,防城港市,沙万,细颗粒物(PM2.5),63,53,51,45,37,93,56,74,65,13,11,9,8,0.6,0.8
2023-02-27T07:00:00,2500A,108.3514,21.7731,防城港市,防城档案局,颗粒物(PM10),66,81,73,45,38,92,53,46,46,22,19,7,7,0.4,0.4
2023-02-27T07:00:00,2501A,108.3506,21.6414,防城港市,大海花园,颗粒物(PM10),53,56,50,36,30,120,63,82,76,13,9,8,8,0.6,0.6
2023-02-27T07:00:00,2502A,108.6236,21.9667,钦州市,市环保站,细颗粒物(PM2.5),73,85,84,53,36,117,56,55,55,24,27,12,7,0.9,0.8
2023-02-27T07:00:00,2503A,108.6549,21.9481,钦州市,沙埠小学,细颗粒物(PM2.5),93,75,73,69,44,128,31,82,46,31,23,10,12,0.9,0.8
2023-02-27T07:00:00,2504A,108.5989,21.7431,钦州市,港区一小,细颗粒物(PM2.5),65,67,68,47,40,120,56,61,59,44,32,17,12,0.7,0.7
2023-02-27T07:00:00,2505A,109.568,23.1478,贵港市,德智高中,细颗粒物(PM2.5),63,45,46,45,35,103,76,75,68,17,24,9,6,0.5,0.5
2023-02-27T07:00:00,2506A,109.6047,23.0666,贵港市,江南子站,细颗粒物(PM2.5),97,90,87,72,49,120,40,14,14,37,36,15,8,1.0,0.9
2023-02-27T07:00:00,2507A,109.6014,23.0948,贵港市,贵城子站,细颗粒物(PM2.5),93,93,60,69,41,118,47,50,31,35,31,15,8,0.9,0.7
2023-02-27T07:00:00,2508A,109.5669,23.1065,贵港市,荷城子站,细颗粒物(PM2.5),79,73,57,58,39,116,49,61,42,30,23,17,12,0.9,0.7
2023-02-27T07:00:00,2509A,110.1106,22.7019,玉林市,寒山水库,颗粒物(PM10),56,61,58,34,27,109,27,77,42,18,12,5,5,0.5,0.5
2023-02-27T07:00:00,2510A,110.1675,22.6411,玉林市,市监测站,细颗粒物(PM2.5),77,77,52,56,35,120,8,39,28,66,31,23,6,0.9,0.8
2023-02-27T07:00:00,2511A,110.1433,22.6164,玉林市,南江一中,颗粒物(PM10),72,93,66,46,36,122,4,21,14,53,27,5,7,0.8,0.6
2023-02-27T07:00:00,2512A,106.6103,23.9011,百色市,市监测站,细颗粒物(PM2.5),69,62,59,50,38,123,22,37,28,28,24,9,14,0.9,0.8
2023-02-27T07:00:00,2513A,106.6538,23.8859,百色市,市中心血站,细颗粒物(PM2.5),73,62,66,53,50,116,31,45,36,22,25,12,20,0.8,0.9
2023-02-27T07:00:00,2514A,111.5264,24.4172,贺州市,环保小区,细颗粒物(PM2.5),59,58,64,42,41,127,35,48,41,24,24,7,9,0.6,0.6
2023-02-27T07:00:00,2515A,111.5608,24.4078,贺州市,政协大楼,细颗粒物(PM2.5),60,57,62,43,43,128,12,43,35,40,25,6,6,0.7,0.7
2023-02-27T07:00:00,2516A,108.2011,24.715,河池市,东仁乐园,,,,,,,,,,,,,,,,
2023-02-27T07:00:00,2517A,108.0497,24.6947,河池市,市环保站,细颗粒物(PM2.5),59,58,56,42,32,122,19,21,19,37,28,9,10,1.0,0.7
2023-02-27T07:00:00,2518A,108.0983,24.6989,河池市,市疾控中心,细颗粒物(PM2.5),69,81,74,50,42,125,6,14,9,44,34,6,9,0.6,0.5
2023-02-27T07:00:00,2520A,109.2203,23.7256,来宾市,来宾技工学校,细颗粒物(PM2.5),104,144,83,78,50,118,3,39,13,52,29,41,12,1.0,0.7
2023-02-27T07:00:00,2521A,107.3476,22.4136,崇左市,市环保局江州分局,细颗粒物(PM2.5),88,83,63,65,46,144,28,77,41,28,19,5,6,1.0,0.8
2023-02-27T07:00:00,2522A,107.3702,22.3707,崇左市,城南新区,细颗粒物(PM2.5),72,56,60,52,44,136,28,52,39,24,19,4,6,0.7,0.6
2023-02-27T07:00:00,2523A,105.8945,32.4535,广元市,黑石坡,细颗粒物(PM2.5),68,46,58,49,43,72,37,45,40,26,29,12,14,0.6,0.6
2023-02-27T07:00:00,2524A,105.821,32.4444,广元市,老城,细颗粒物(PM2.5),78,86,93,57,51,79,6,10,8,41,45,7,13,0.8,0.9
2023-02-27T07:00:00,2526A,105.8628,32.4287,广元市,监测站,细颗粒物(PM2.5),59,55,61,42,44,78,18,29,26,28,36,7,12,0.9,1.1
2023-02-27T07:00:00,2527A,105.5453,30.5678,遂宁市,石溪浩,颗粒物(PM10),92,133,109,51,38,133,24,29,26,39,38,11,9,0.8,0.8
2023-02-27T07:00:00,2528A,105.5582,30.5232,遂宁市,市监测站,细颗粒物(PM2.5),65,72,63,47,39,123,14,16,15,57,51,12,10,0.8,0.9
2023-02-27T07:00:00,2529A,105.5861,30.5366,遂宁市,行政中心,细颗粒物(PM2.5),62,70,59,44,35,119,28,52,35,40,33,15,12,0.7,0.7
2023-02-27T07:00:00,2530A,105.5918,30.4728,遂宁市,美宁食品公司,颗粒物(PM10),96,141,104,64,52,129,4,5,4,68,48,12,9,0.8,0.7
2023-02-27T07:00:00,2531A,105.0703,29.61,内江市,市监测站,细颗粒物(PM2.5),64,74,47,46,39,121,44,94,83,42,31,20,16,0.8,0.7
2023-02-27T07:00:00,2532A,105.0717,29.5947,内江市,东兴区政府,细颗粒物(PM2.5),75,83,53,55,40,124,63,91,83,21,26,23,12,0.8,0.8
2023-02-27T07:00:00,2533A,105.0653,29.5817,内江市,内江二中,细颗粒物(PM2.5),70,62,51,51,40,129,67,97,88,22,24,18,12,0.7,0.7
2023-02-27T07:00:00,2534A,105.0406,29.5822,内江市,内江日报社,细颗粒物(PM2.5),72,59,57,52,44,126,49,85,75,37,37,19,11,0.7,0.7
2023-02-27T07:00:00,2535A,103.7723,29.5462,乐山市,花湖湾,细颗粒物(PM2.5),134,132,85,102,63,113,20,20,20,40,33,12,10,0.7,0.6
2023-02-27T07:00:00,2536A,103.7627,29.5844,乐山市,牛耳桥,细颗粒物(PM2.5),130,129,78,99,58,118,11,24,22,53,41,11,10,0.8,0.6
2023-02-27T07:00:00,2537A,103.7508,29.6006,乐山市,市第三水厂,细颗粒物(PM2.5),119,102,79,90,58,120,14,35,31,51,39,15,10,0.7,0.7
2023-02-27T07:00:00,2538A,103.7571,29.5664,乐山市,市监测站,细颗粒物(PM2.5),104,114,80,78,55,117,21,39,35,41,29,11,7,0.6,0.4
2023-02-27T07:00:00,2539A,104.0308,30.0478,眉山市,黑龙滩水库,颗粒物(PM10),51,52,39,35,33,133,54,92,82,17,9,5,6,0.7,0.8
2023-02-27T07:00:00,2540A,103.8416,30.0874,眉山市,气象局,细颗粒物(PM2.5),120,121,83,91,60,120,6,19,11,58,46,10,11,0.9,0.7
2023-02-27T07:00:00,2543A,106.6308,30.5278,广安市,小平旧居,,,,,,,,,,,,,,,,
2023-02-27T07:00:00,2544A,106.6303,30.4576,广安市,市委,细颗粒物(PM2.5),73,68,74,53,52,125,52,54,54,23,29,14,12,0.7,0.9
2023-02-27T07:00:00,2545A,106.6271,30.4663,广安市,友谊中学,,,,57,,36,70,,61,,,29,,15,,0.8
2023-02-27T07:00:00,2547A,106.6388,30.4551,广安市,广电花园,细颗粒物(PM2.5),60,64,73,43,43,119,48,45,42,22,33,13,14,0.6,0.7
2023-02-27T07:00:00,2548A,107.5277,31.2827,达州市,达州职业技术学院,细颗粒物(PM2.5),59,58,63,42,38,112,4,5,4,30,31,12,10,0.6,0.6
2023-02-27T07:00:00,2549A,107.5086,31.2186,达州市,市环境监测站,细颗粒物(PM2.5),62,66,68,44,40,99,5,5,5,46,48,13,10,0.6,0.6
2023-02-27T07:00:00,2550A,107.4988,31.2132,达州市,凤凰小区,细颗粒物(PM2.5),62,66,66,44,42,106,7,6,6,46,48,11,7,0.6,0.7
2023-02-27T07:00:00,2551A,107.5082,31.1986,达州市,达县机关宾馆,细颗粒物(PM2.5),72,63,73,52,46,99,3,4,3,66,55,14,9,0.6,0.5
2023-02-27T07:00:00,2552A,107.4644,31.2124,达州市,市政中心,细颗粒物(PM2.5),62,69,66,44,42,103,5,4,4,46,49,5,5,0.6,0.7
2023-02-27T07:00:00,2554A,103.0475,30.02,雅安市,建安厂,细颗粒物(PM2.5),72,66,70,52,49,96,4,8,6,33,40,6,7,0.7,0.6
2023-02-27T07:00:00,2555A,103.0111,29.9833,雅安市,市政府,细颗粒物(PM2.5),62,57,62,44,43,101,18,31,27,16,18,7,10,0.4,0.5
2023-02-27T07:00:00,2556A,102.9905,29.9775,雅安市,川农大,细颗粒物(PM2.5),68,59,63,49,49,103,12,22,13,27,29,6,8,0.4,0.4
2023-02-27T07:00:00,2561A,104.6617,30.1372,资阳市,莲花山,细颗粒物(PM2.5),52,44,47,36,32,68,40,46,43,26,17,8,5,0.5,0.2
2023-02-27T07:00:00,2562A,104.6356,30.1506,资阳市,资阳中学,颗粒物(PM10),53,56,58,36,31,131,67,68,65,16,19,9,8,0.6,0.6
2023-02-27T07:00:00,2563A,104.6295,30.1383,资阳市,四三一厂,颗粒物(PM10),62,74,63,43,38,134,48,78,48,35,33,6,6,0.6,0.6
2023-02-27T07:00:00,2564A,104.6463,30.1146,资阳市,师范校,细颗粒物(PM2.5),73,81,62,53,43,140,58,58,49,29,29,8,8,0.7,0.6
2023-02-27T07:00:00,2565A,104.6296,30.1256,资阳市,区法院,细颗粒物(PM2.5),64,64,64,46,39,139,59,92,62,28,29,9,9,0.6,0.6
2023-02-27T07:00:00,2566A,102.1879,31.914,阿坝藏族羌族自治州,州农科所,,,,,,,,,,,,,,,,
2023-02-27T07:00:00,2568A,102.2502,31.8896,阿坝藏族羌族自治州,马师校,,15,15,15,10,10,84,20,34,26,18,14,4,4,0.4,0.4
2023-02-27T07:00:00,2570A,101.9603,30.0475,甘孜藏族自治州,水桥子,,30,28,32,21,13,84,24,17,15,20,23,5,8,0.2,0.3
2023-02-27T07:00:00,2571A,102.3431,27.8099,凉山彝族自治州,青龙寺,,,,,,,,,,,,,,,,
2023-02-27T07:00:00,2572A,102.2721,27.8415,凉山彝族自治州,邛海宾馆,细颗粒物(PM2.5),59,46,39,42,35,117,53,58,57,21,19,12,14,1.0,0.9
2023-02-27T07:00:00,2573A,102.2625,27.898,凉山彝族自治州,西昌市政府,细颗粒物(PM2.5),74,66,63,54,44,112,51,52,52,18,20,13,15,1.0,0.9
2023-02-27T07:00:00,2574A,102.2685,27.8851,凉山彝族自治州,凉山州政府,细颗粒物(PM2.5),63,58,56,45,38,103,59,52,52,12,19,8,11,1.0,1
2023-02-27T07:00:00,2575A,102.237,27.8914,凉山彝族自治州,长安,细颗粒物(PM2.5),67,58,52,48,39,105,58,65,59,16,20,13,15,1.3,1.2
2023-02-27T07:00:00,2576A,104.8,26.5892,六盘水市,窑上,,,,,,,,,,,,,,,,
2023-02-27T07:00:00,2577A,104.83,26.5917,六盘水市,黄土坡,,46,40,54,32,39,129,95,92,92,10,19,8,13,0.7,0.8
2023-02-27T07:00:00,2578A,104.89,26.5939,六盘水市,水钢,细颗粒物(PM2.5),54,43,63,38,50,134,98,94,94,9,14,8,12,0.7,0.7
2023-02-27T07:00:00,2579A,104.8475,26.5894,六盘水市,民中,细颗粒物(PM2.5),52,45,57,36,39,129,95,100,97,11,19,6,10,0.6,0.7
2023-02-27T07:00:00,2580A,104.9544,26.5506,六盘水市,双水,,42,39,50,29,37,132,96,106,101,10,14,9,11,0.6,0.6
2023-02-27T07:00:00,2585A,109.1839,27.7344,铜仁地区,铜仁卫校,细颗粒物(PM2.5),57,60,57,40,36,113,18,27,24,17,24,6,6,0.4,0.4
2023-02-27T07:00:00,2586A,109.1753,27.6944,铜仁地区,铜仁七中,,50,47,39,35,37,111,22,46,33,10,13,5,5,0.3,0.3
2023-02-27T07:00:00,2587A,105.2864,27.3125,毕节市,八中,细颗粒物(PM2.5),88,82,73,65,57,137,26,51,37,15,20,7,13,0.6,0.5
2023-02-27T07:00:00,2588A,105.31,27.2944,毕节市,师专,细颗粒物(PM2.5),74,67,73,54,54,138,36,54,44,15,21,8,16,1.0,0.7
2023-02-27T07:00:00,2589A,104.9022,25.0925,黔西南布依族苗族自治州,场坝街,细颗粒物(PM2.5),72,50,51,52,40,106,78,58,58,8,15,3,4,0.3,0.4
2023-02-27T07:00:00,2590A,104.8811,25.0992,黔西南布依族苗族自治州,坪东大道,细颗粒物(PM2.5),58,53,48,41,40,102,60,45,45,18,22,2,4,0.5,0.5
2023-02-27T07:00:00,2591A,107.9783,26.5747,黔东南苗族侗族自治州,市环境监测站,,46,44,48,32,38,98,18,32,28,31,33,3,5,0.5,0.5
2023-02-27T07:00:00,2593A,107.5228,26.2403,黔南布依族苗族自治州,小围寨,细颗粒物(PM2.5),52,44,46,36,39,126,21,66,50,23,15,4,6,0.4,0.4
2023-02-27T07:00:00,2594A,99.1678,25.1081,保山市,市环境监测站,,49,49,60,34,37,134,53,93,73,10,15,5,6,0.6,0.5
2023-02-27T07:00:00,2595A,99.1711,25.1328,保山市,市环保局,,48,48,58,30,39,128,70,94,80,10,13,6,7,0.4,0.5
2023-02-27T07:00:00,2596A,103.7667,27.3736,昭通市,监测站,颗粒物(PM10),71,91,58,49,47,116,25,75,46,30,18,16,9,0.6,0.5
2023-02-27T07:00:00,2597A,103.7225,27.3361,昭通市,环保局,细颗粒物(PM2.5),70,71,57,51,46,112,12,72,56,34,21,11,11,0.9,0.5
2023-02-27T07:00:00,2598A,100.2143,26.8576,丽江市,西南郊,,,,,,,,,,,,,,,,
2023-02-27T07:00:00,2599A,100.2497,26.8802,丽江市,丽江古城,细颗粒物(PM2.5),65,42,65,47,56,119,64,76,74,24,14,8,10,0.7,0.7
2023-02-27T07:00:00,2600A,100.2203,26.8906,丽江市,市中心,,30,23,42,18,22,120,94,94,93,11,19,6,6,0.4,0.6
2023-02-27T07:00:00,2601A,100.98,22.7633,普洱市,市环保局,,35,35,44,23,28,72,33,33,33,14,17,6,5,0.8,0.8
2023-02-27T07:00:00,2602A,100.9817,22.8322,普洱市,普洱第二中学,,25,25,27,17,19,81,0,4,3,22,17,7,7,0.9,0.9
2023-02-27T07:00:00,2603A,100.0781,23.8982,临沧市,市环保局,细颗粒物(PM2.5),60,34,32,43,32,75,61,65,59,10,10,5,5,0.8,0.9
2023-02-27T07:00:00,2604A,100.0894,23.8822,临沧市,市气象局,,42,40,35,29,33,74,53,62,59,11,10,5,5,0.9,0.8
2023-02-27T07:00:00,2605A,101.5482,25.0441,楚雄州,州环境监测站,细颗粒物(PM2.5),52,35,52,36,48,67,65,67,65,9,11,4,4,0.7,0.8
2023-02-27T07:00:00,2606A,101.538,25.0492,楚雄州,市经济开发区,细颗粒物(PM2.5),54,42,57,38,47,63,61,60,60,10,14,6,6,0.7,0.8
2023-02-27T07:00:00,2608A,103.3772,23.3993,红河州,污水处理厂,细颗粒物(PM2.5),59,50,42,42,39,104,88,93,92,8,8,6,6,0.6,0.7
2023-02-27T07:00:00,2609A,103.3861,23.35,红河州,监测站,细颗粒物(PM2.5),58,53,50,41,40,89,78,83,82,10,10,6,6,0.6,0.7
2023-02-27T07:00:00,2610A,104.2533,23.3594,文山州,州水务局,,48,43,44,33,34,123,104,87,87,6,10,6,6,0.4,0.5
2023-02-27T07:00:00,2611A,104.2319,23.3892,文山州,市便民服务中心,细颗粒物(PM2.5),62,42,44,44,36,125,97,86,86,9,12,4,4,0.5,0.5
2023-02-27T07:00:00,2612A,100.7939,22.0019,西双版纳州,景洪市江南,细颗粒物(PM2.5),68,46,40,49,31,70,13,14,12,20,22,5,5,0.8,0.8
2023-02-27T07:00:00,2613A,100.8017,22.0225,西双版纳州,景洪市江北,,19,19,27,12,18,99,24,41,34,18,17,3,3,0.9,0.8
2023-02-27T07:00:00,2614A,100.1542,25.7054,大理州,大理市环境监测站,,50,44,58,35,36,101,68,81,79,10,12,6,7,0.7,0.8
2023-02-27T07:00:00,2615A,100.2171,25.5811,大理州,大理古城,,48,41,43,33,22,111,69,76,72,11,12,8,8,1.0,1
2023-02-27T07:00:00,2616A,98.5842,24.428,德宏州,德宏州监测站,颗粒物(PM10),72,94,94,47,40,148,14,78,29,45,32,35,22,1.0,1
2023-02-27T07:00:00,2618A,98.8601,25.8567,怒江州,州监测站,细颗粒物(PM2.5),53,49,51,37,34,112,47,70,56,7,7,8,8,0.6,0.6
2023-02-27T07:00:00,2619A,98.8546,25.8417,怒江州,泸水一中,细颗粒物(PM2.5),54,46,52,38,39,115,40,45,42,15,17,9,8,0.6,0.7
2023-02-27T07:00:00,2621A,99.7056,27.8317,迪庆州,迪庆州站,,39,26,35,27,26,109,74,86,81,14,11,15,11,0.5,0.5
2023-02-27T07:00:00,2622A,97.1806,31.1273,昌都市,昌都监测站,,,14,13,,,115,58,82,66,7,6,5,5,0.3,0.3
2023-02-27T07:00:00,2624A,91.7608,29.2313,山南市,山南监测站,,26,9,11,8,5,103,81,90,84,3,4,5,5,0.5,0.5
2023-02-27T07:00:00,2625A,91.7706,29.2436,山南市,山南人民医院,,27,11,12,7,6,107,84,93,89,2,3,8,8,0.6,0.6
2023-02-27T07:00:00,2626A,88.8876,29.2718,日喀则市,日喀则监测站,,40,40,46,17,17,118,79,93,86,6,7,3,3,0.5,0.5
2023-02-27T07:00:00,2628A,92.0657,31.4846,那曲地区,那曲监测站,,18,18,32,9,16,98,51,72,64,5,9,8,10,0.8,0.9
2023-02-27T07:00:00,2630A,80.1161,32.5,阿里地区,阿里监测站,,20,7,6,5,5,109,61,87,78,17,8,19,9,0.4,0.4
2023-02-27T07:00:00,2632A,94.3681,29.6376,林芝市,林芝监测站,,35,13,15,9,8,118,112,116,115,2,3,8,8,0.4,0.4
2023-02-27T07:00:00,2633A,94.3616,29.6616,林芝市,林芝人民医院,,34,15,18,10,11,113,108,111,110,5,5,9,10,0.4,0.4
2023-02-27T07:00:00,2634A,106.9893,33.1842,汉中市,汉川机床厂子校,细颗粒物(PM2.5),69,65,65,50,63,73,51,25,25,12,45,19,9,0.7,0.7
2023-02-27T07:00:00,2635A,107.0154,33.0706,汉中市,市监测站,细颗粒物(PM2.5),112,94,97,84,84,76,33,27,27,27,26,7,6,0.8,0.7
2023-02-27T07:00:00,2636A,107.0089,33.1138,汉中市,鑫源开发区,细颗粒物(PM2.5),119,97,96,90,82,81,29,17,15,26,30,8,7,0.8,0.9
2023-02-27T07:00:00,2637A,107.007,33.0323,汉中市,南郑大河坎水厂,细颗粒物(PM2.5),113,89,97,85,85,77,12,31,23,20,25,3,4,1.0,1
2023-02-27T07:00:00,2638A,109.7414,38.3344,榆林市,红石峡森林公园,细颗粒物(PM2.5),112,76,65,84,60,45,36,40,35,25,20,3,3,0.9,0.7
2023-02-27T07:00:00,2639A,109.7456,38.2911,榆林市,世纪广场,细颗粒物(PM2.5),135,83,73,103,78,102,61,71,68,31,26,8,9,1.1,1
2023-02-27T07:00:00,2640A,109.7289,38.2839,榆林市,实验中学,细颗粒物(PM2.5),166,72,70,126,82,99,67,76,74,22,22,10,10,1.1,1
2023-02-27T07:00:00,2641A,109.7336,38.2478,榆林市,环保监测大楼,细颗粒物(PM2.5),133,82,71,101,74,109,72,80,79,26,26,8,8,0.9,0.7
2023-02-27T07:00:00,2642A,109.0318,32.6537,安康市,香溪洞,细颗粒物(PM2.5),142,91,80,108,90,87,80,85,84,12,14,5,5,0.9,0.8
2023-02-27T07:00:00,2643A,109.0281,32.6939,安康市,安康市监测站,细颗粒物(PM2.5),122,108,107,92,92,89,28,71,41,24,21,6,5,0.7,0.6
2023-02-27T07:00:00,2644A,109.0072,32.6975,安康市,汉滨区检察院,细颗粒物(PM2.5),105,94,101,79,86,95,35,64,39,16,17,4,4,0.6,0.6
2023-02-27T07:00:00,2645A,109.9154,33.8715,商洛市,监测站,细颗粒物(PM2.5),145,113,111,111,108,87,80,80,80,24,23,11,9,0.8,0.7
2023-02-27T07:00:00,2647A,104.1724,36.5446,白银市,第三小学,,48,38,54,33,38,101,49,73,60,41,26,20,41,0.8,1
2023-02-27T07:00:00,2648A,104.1465,36.5482,白银市,动力公司,,50,32,52,35,46,112,39,44,43,20,21,11,30,1.1,1
2023-02-27T07:00:00,2649A,106.0055,34.343,天水市,麦积山,,,,,,,,,,,,,,,,
2023-02-27T07:00:00,2650A,105.7205,34.5786,天水市,公园小学,颗粒物(PM10),71,92,72,36,32,89,37,31,31,55,40,19,17,0.8,0.8
2023-02-27T07:00:00,2651A,105.8945,34.5538,天水市,麦积国土局,细颗粒物(PM2.5),90,105,89,67,61,85,58,58,58,30,32,18,19,0.8,0.9
2023-02-27T07:00:00,2652A,102.6201,37.9251,武威市,监测站,颗粒物(PM10),68,85,109,25,52,122,70,42,42,24,40,30,10,0.4,0.7
2023-02-27T07:00:00,2654A,100.4698,38.9524,张掖市,润泉湖,颗粒物(PM10),88,126,102,48,51,115,92,52,52,10,28,5,10,0.8,0.9
2023-02-27T07:00:00,2655A,100.4154,38.9422,张掖市,区工会,颗粒物(PM10),101,152,97,38,37,119,98,81,81,12,26,6,10,0.7,0.6
2023-02-27T07:00:00,2656A,106.6692,35.5461,平凉市,聚贤嘉苑,细颗粒物(PM2.5),95,102,99,71,71,73,23,62,34,43,28,4,7,0.8,0.8
2023-02-27T07:00:00,2657A,106.7021,35.5307,平凉市,博物馆,细颗粒物(PM2.5),107,95,115,80,85,73,28,47,37,48,45,5,6,0.7,0.7
2023-02-27T07:00:00,2658A,98.5061,39.7443,酒泉市,仓门街子站,颗粒物(PM10),80,110,141,28,39,136,92,107,102,10,24,5,10,0.5,0.8
2023-02-27T07:00:00,2659A,98.4989,39.7256,酒泉市,油田生活基地,颗粒物(PM10),80,110,139,31,41,128,94,109,104,11,29,4,9,0.4,0.7
2023-02-27T07:00:00,2661A,107.6325,35.7357,庆阳市,庆阳五中,细颗粒物(PM2.5),105,98,90,79,72,90,48,90,74,23,15,9,7,0.6,0.6
2023-02-27T07:00:00,2662A,107.6364,35.7067,庆阳市,市环保局,细颗粒物(PM2.5),108,77,72,81,74,94,60,94,81,16,11,9,8,0.7,0.6
2023-02-27T07:00:00,2663A,104.6241,35.5734,定西市,东关小学,,46,46,46,25,31,98,77,82,80,12,11,4,6,0.8,0.7
2023-02-27T07:00:00,2664A,104.6194,35.5934,定西市,供电公司,,47,47,50,28,31,97,77,83,79,12,14,3,4,0.5,0.6
2023-02-27T07:00:00,2665A,105.0822,33.3261,陇南市,汉王镇固水子,,,,,,,,,,,,,,,,
2023-02-27T07:00:00,2667A,103.2069,35.5993,临夏回族自治州,环保局,细颗粒物(PM2.5),63,65,61,45,45,99,8,27,19,23,25,12,13,1.3,1.2
2023-02-27T07:00:00,2668A,103.2417,35.6057,临夏回族自治州,建设大厦,,50,50,42,33,30,104,13,53,39,18,17,5,8,0.7,0.7
2023-02-27T07:00:00,2669A,102.9099,34.9841,甘南州,州政府,细颗粒物(PM2.5),59,49,49,42,28,94,0,0,0,41,33,13,13,0.6,0.6
2023-02-27T07:00:00,2671A,100.9048,36.9639,海北藏族自治州,海晏县西海镇,,36,36,19,23,12,96,45,47,46,11,8,8,7,0.6,0.4
2023-02-27T07:00:00,2672A,102.0199,35.5102,黄南藏族自治州,同仁县隆务镇,,37,37,40,20,21,94,54,71,63,10,14,5,9,0.2,0.3
2023-02-27T07:00:00,2673A,100.6188,36.2866,海南藏族自治州,共和县恰卜恰镇,颗粒物(PM10),51,51,47,18,15,95,52,34,34,14,22,8,9,0.8,0.5
2023-02-27T07:00:00,2674A,100.2561,34.4714,果洛藏族自治州,玛沁县大武镇,,23,21,27,16,13,94,38,49,43,13,12,15,12,0.4,0.4
2023-02-27T07:00:00,2675A,97,33.0014,玉树藏族自治州,玉树县结古镇,,15,5,12,2,6,95,45,76,70,29,10,40,16,0.5,0.4
2023-02-27T07:00:00,2676A,97.3731,37.3753,海西蒙古族藏族自治州,德令哈市,,19,14,21,10,15,88,60,62,62,4,9,12,14,0.3,0.4
2023-02-27T07:00:00,2677A,106.1532,37.9648,吴忠市,教育园区,细颗粒物(PM2.5),79,64,102,58,75,106,30,52,42,24,21,8,7,0.7,0.6
2023-02-27T07:00:00,2679A,106.1856,37.9956,吴忠市,新区二泵站,细颗粒物(PM2.5),78,63,96,57,70,110,38,64,53,16,15,16,9,0.6,0.6
2023-02-27T07:00:00,2680A,105.0025,37.4635,中卫市,沙坡头消防站,细颗粒物(PM2.5),70,70,64,51,35,103,39,86,71,35,18,13,8,0.7,0.6
2023-02-27T07:00:00,2682A,105.1971,37.5002,中卫市,环保局站,细颗粒物(PM2.5),92,72,74,68,52,106,15,39,26,30,21,4,4,0.7,0.5
2023-02-27T07:00:00,2683A,106.2319,36.1417,固原市,马园,细颗粒物(PM2.5),70,50,70,51,67,67,37,33,33,22,32,2,3,0.9,1.1
2023-02-27T07:00:00,2684A,106.2792,36.0022,固原市,监测站,细颗粒物(PM2.5),59,43,72,42,69,72,47,50,47,10,13,3,4,0.7,0.7
2023-02-27T07:00:00,2685A,106.2375,36.0211,固原市,新区,细颗粒物(PM2.5),65,45,64,47,65,73,50,51,50,12,19,8,8,0.7,0.8
2023-02-27T07:00:00,2686A,89.1904,42.9418,吐鲁番地区,市环保局,颗粒物(PM10),198,345,350,46,61,108,74,67,64,18,30,6,9,0.5,0.8
2023-02-27T07:00:00,2687A,89.1673,42.9559,吐鲁番地区,地区环保局,颗粒物(PM10),182,314,335,47,70,101,55,58,52,,44,9,12,0.4,0.7
2023-02-27T07:00:00,2688A,93.5128,42.8172,哈密地区,地区监测站,颗粒物(PM10),67,83,133,8,22,115,84,99,91,4,13,3,4,0.3,0.3
2023-02-27T07:00:00,2689A,93.4961,42.8328,哈密地区,哈密师范学校,颗粒物(PM10),66,81,126,15,27,115,85,95,90,2,13,4,5,0.2,0.4
2023-02-27T07:00:00,2690A,88.1236,43.8886,昌吉州,天山天池,,25,8,22,4,14,95,78,71,71,6,9,3,4,0.5,0.6
2023-02-27T07:00:00,2692A,87.2717,44.0297,昌吉州,新区政务中心,,39,34,65,27,39,96,20,20,14,36,33,7,6,1.0,0.7
2023-02-27T07:00:00,2693A,82.0485,44.8556,博尔塔拉蒙古自治州,市党校,颗粒物(PM10),54,57,73,15,17,81,54,59,57,5,9,6,7,0.6,0.4
2023-02-27T07:00:00,2694A,82.0806,44.8969,博尔塔拉蒙古自治州,市环保局,颗粒物(PM10),60,69,61,18,14,80,49,43,43,10,21,3,4,1.2,1.1
2023-02-27T07:00:00,2695A,80.292,41.1694,阿克苏地区,电视台,颗粒物(PM10),91,132,160,67,64,107,26,56,48,38,32,7,9,1.2,1
2023-02-27T07:00:00,2696A,80.2613,41.1551,阿克苏地区,艺术中心,颗粒物(PM10),106,162,158,42,56,103,30,23,23,64,49,4,7,1.2,1.2
2023-02-27T07:00:00,2697A,76.1454,39.7142,克孜勒苏柯尔克孜自治州,市人民政府,颗粒物(PM10),73,96,163,25,56,105,64,62,62,6,19,3,4,0.5,0.7
2023-02-27T07:00:00,2698A,76.0072,39.4467,喀什地区,巡警大队,颗粒物(PM10),125,200,257,52,76,103,82,68,68,16,42,5,9,0.5,1.3
2023-02-27T07:00:00,2699A,75.9755,39.4694,喀什地区,吾办,颗粒物(PM10),113,176,229,48,81,98,76,58,58,19,44,6,9,0.6,1.3
2023-02-27T07:00:00,2700A,75.9538,39.4682,喀什地区,市环境监测站,颗粒物(PM10),135,219,262,46,69,91,78,60,58,16,41,6,8,0.5,1.3
2023-02-27T07:00:00,2703A,81.2815,43.9404,伊犁哈萨克州,市环保局,,29,20,36,20,21,92,51,48,42,25,27,3,4,1.1,1
2023-02-27T07:00:00,2704A,81.2996,43.9174,伊犁哈萨克州,新政府片区,细颗粒物(PM2.5),72,53,37,52,29,88,24,29,20,36,31,4,5,2.0,1.1
2023-02-27T07:00:00,2705A,81.3364,43.941,伊犁哈萨克州,第二水厂,,48,46,35,33,28,94,19,20,20,33,28,4,5,2.0,1
2023-02-27T07:00:00,2706A,82.9994,46.7432,塔城地区,东门外小游园,,26,4,21,11,10,100,81,80,79,2,6,3,4,0.4,0.3
2023-02-27T07:00:00,2708A,88.1264,47.8517,阿勒泰地区,市站,,23,12,14,4,5,84,72,76,73,2,4,1,2,0.4,0.3
2023-02-27T07:00:00,2709A,86.0497,44.2967,石河子市,艾青诗歌馆,,25,20,48,17,18,80,54,38,38,16,28,7,10,0.5,0.5
2023-02-27T07:00:00,2710A,86.0697,44.3075,石河子市,阳光学校,,26,26,48,15,17,87,47,35,35,24,24,4,8,0.3,0.4
2023-02-27T07:00:00,2711A,87.5475,44.1756,五家渠市,农水大厦,,28,25,55,19,30,98,17,63,53,47,22,2,6,0.7,0.5
2023-02-27T07:00:00,2835A,101.7227,26.567,攀枝花市,四十中小,细颗粒物(PM2.5),70,68,59,51,43,118,17,67,47,42,22,46,17,2.0,0.9
2023-02-27T07:00:00,2842A,118.0936,24.5058,厦门市,湖里中学,,30,30,42,10,18,116,72,92,85,22,19,3,4,0.3,0.3
2023-02-27T07:00:00,2845A,113.1569,36.1911,长治市,德盛苑,细颗粒物(PM2.5),94,63,70,70,71,101,82,77,77,19,21,6,8,0.5,0.6
2023-02-27T07:00:00,2846A,113.3221,23.1322,广州市,体育西,细颗粒物(PM2.5),69,78,65,50,45,131,49,52,40,37,31,6,5,0.8,0.8
2023-02-27T07:00:00,2858A,117.7918,39.2474,天津市,河西一经路,细颗粒物(PM2.5),107,110,111,80,77,114,33,29,26,68,49,21,14,0.7,0.8
2023-02-27T07:00:00,2859A,117.3747,38.9846,天津市,津沽路,细颗粒物(PM2.5),99,106,116,74,78,116,32,29,29,62,55,14,10,0.5,0.4
2023-02-27T07:00:00,2860A,117.1589,39.0845,天津市,宾水西道,细颗粒物(PM2.5),99,107,120,74,81,115,33,29,29,51,51,13,11,1.0,0.9
2023-02-27T07:00:00,2862A,114.5481,38.0378,石家庄市,22中南校区,细颗粒物(PM2.5),156,195,199,119,126,95,2,31,17,70,50,6,7,1.1,1.2
2023-02-27T07:00:00,2865A,112.7195,37.6828,晋中市,榆次三中,细颗粒物(PM2.5),144,165,162,110,111,114,2,26,16,49,43,4,7,1.1,1
2023-02-27T07:00:00,2867A,111.1283,37.51,吕梁市,马茂庄小学,颗粒物(PM10),105,159,134,73,60,93,3,2,2,59,54,11,11,0.9,0.9
2023-02-27T07:00:00,2868A,126.4739,43.953,吉林市,九站,,40,40,43,24,22,91,81,78,78,20,19,12,11,0.7,0.7
2023-02-27T07:00:00,2869A,119.447,32.4155,扬州市,五台山医院,细颗粒物(PM2.5),94,104,88,70,50,106,21,46,28,52,45,6,8,0.7,0.5
2023-02-27T07:00:00,2870A,119.4424,32.1873,镇江市,市疾控中心,细颗粒物(PM2.5),114,108,80,86,55,109,25,28,28,42,37,7,7,0.7,0.6
2023-02-27T07:00:00,2871A,121.6147,29.9017,宁波市,万里国际学校,,49,46,37,34,22,99,4,11,5,59,32,8,7,0.6,0.4
2023-02-27T07:00:00,2872A,120.7846,30.7525,嘉兴市,南湖区残联,细颗粒物(PM2.5),59,62,47,42,29,84,13,72,52,70,28,7,5,0.6,0.4
2023-02-27T07:00:00,2873A,120.0875,30.8955,湖州市,仁皇山新区,细颗粒物(PM2.5),73,75,49,53,28,91,37,53,46,47,41,5,6,0.5,0.5
2023-02-27T07:00:00,2875A,115.784,32.8892,阜阳市,阜阳职业技术学院,颗粒物(PM10),65,79,60,42,41,110,40,80,60,38,23,9,9,0.7,0.5
2023-02-27T07:00:00,2877A,119.1641,36.6523,潍坊市,坊子邮政,细颗粒物(PM2.5),85,97,69,63,42,98,26,41,30,60,42,14,10,1.4,1.1
2023-02-27T07:00:00,2878A,116.0072,36.4343,聊城市,聊大东校,细颗粒物(PM2.5),92,105,111,68,65,138,59,71,64,32,29,24,30,0.6,0.6
2023-02-27T07:00:00,2880A,104.0239,30.65639,成都市,大石西路,细颗粒物(PM2.5),102,117,87,76,64,116,15,39,29,45,39,7,7,0.8,0.8
2023-02-27T07:00:00,2881A,107.8908,26.5311,黔东南苗族侗族自治州,凯里学院,,42,40,45,29,34,130,26,50,34,18,20,2,3,0.5,0.5
2023-02-27T07:00:00,2882A,102.5389,24.3703,玉溪市,玉溪一中,细颗粒物(PM2.5),69,70,53,50,37,94,27,40,31,34,24,11,10,1.0,0.8
2023-02-27T07:00:00,2883A,102.5381,24.3389,玉溪市,文体中心,细颗粒物(PM2.5),74,63,53,54,39,94,31,57,38,32,20,12,10,1.1,0.8
2023-02-27T07:00:00,2884A,98.2672,39.7978,嘉峪关市,酒钢宾馆,颗粒物(PM10),92,134,132,34,36,100,75,88,73,24,32,49,48,0.5,1
2023-02-27T07:00:00,2885A,104.9339,33.3826,陇南市,滨江中学,,,57,61,40,31,102,99,100,100,12,16,,11,0.5,0.5
2023-02-27T07:00:00,2894A,117.0566,32.6531,淮南市,经济技术开发区消防队,,,68,71,50,44,108,,,,37,28,4,5,0.5,0.5
2023-02-27T07:00:00,2897A,123.2444,41.7347,沈阳市,沈辽西路,细颗粒物(PM2.5),73,86,97,53,57,96,57,62,58,33,38,12,23,0.8,1.4
2023-02-27T07:00:00,2900A,123.5953,41.9086,沈阳市,裕农路,细颗粒物(PM2.5),63,69,70,45,44,94,43,88,51,40,35,16,20,1.1,1.3
2023-02-27T07:00:00,2902A,106.6351,30.4865,广安市,北辰小学,细颗粒物(PM2.5),72,75,82,52,53,126,55,68,61,18,23,14,16,0.7,0.8
2023-02-27T07:00:00,2907A,120.1844,30.8596,湖州市,吴兴区站,细颗粒物(PM2.5),78,86,53,57,32,84,31,39,35,42,36,7,6,0.5,0.4
2023-02-27T07:00:00,2914A,106.7677,31.8794,巴中市,苏山坪,,,,43,34,32,112,91,103,97,9,12,6,6,0.3,0.3
2023-02-27T07:00:00,2919A,116.7022,39.5453,廊坊市,河北工业大学,细颗粒物(PM2.5),102,126,138,76,90,131,46,49,49,44,44,14,13,0.6,0.7
2023-02-27T07:00:00,2920A,117.7116,24.506,漳州市,蓝田镇,颗粒物(PM10),53,56,64,30,32,120,26,71,48,38,26,10,8,0.5,0.5
2023-02-27T07:00:00,2921A,120.5483,30.0003,绍兴市,树下王站,颗粒物(PM10),51,51,48,31,29,104,16,48,24,29,22,5,6,0.8,0.7
2023-02-27T07:00:00,2922A,117.1941,39.1067,天津市,大理道,细颗粒物(PM2.5),93,92,111,69,81,132,49,46,46,48,51,13,11,0.7,0.7
2023-02-27T07:00:00,2924A,106.2266,38.4418,银川市,水乡路,颗粒物(PM10),62,73,100,43,54,129,45,60,54,26,44,5,9,0.7,0.8
2023-02-27T07:00:00,2925A,106.2757,38.4842,银川市,上海东路,细颗粒物(PM2.5),68,65,108,49,62,152,50,63,57,26,42,12,16,0.6,0.8
2023-02-27T07:00:00,2926A,106.1015,38.497,银川市,文昌北街,细颗粒物(PM2.5),103,147,123,77,68,108,27,46,24,43,44,7,13,1.1,1
2023-02-27T07:00:00,2929A,114.8858,30.4519,黄冈市,红卫路,颗粒物(PM10),59,68,75,36,42,111,49,49,41,23,26,12,10,0.5,0.6
2023-02-27T07:00:00,2996A,118.283,33.965,宿迁市,市供电局,细颗粒物(PM2.5),105,120,90,79,59,109,29,71,50,52,36,8,16,0.6,0.6
2023-02-27T07:00:00,2997A,119.8767,32.3289,泰州市,王营,细颗粒物(PM2.5),83,90,68,61,43,108,8,48,27,49,33,8,10,0.8,0.6
2023-02-27T07:00:00,3000A,119.3581,34.6972,连云港市,德源药业,,,70,67,56,41,100,74,89,80,25,32,10,10,,0.6
2023-02-27T07:00:00,3002A,119.9805,31.8174,常州市,行政中心,细颗粒物(PM2.5),83,109,73,61,41,98,13,48,36,53,39,6,7,0.7,0.6
2023-02-27T07:00:00,3003A,120.0522,31.7748,常州市,经开区,细颗粒物(PM2.5),92,126,80,68,41,100,6,46,28,65,42,5,8,0.7,0.6
2023-02-27T07:00:00,3004A,120.1544,33.3663,盐城市,宝龙广场,细颗粒物(PM2.5),62,68,66,44,41,116,89,111,92,22,24,6,8,0.5,0.6
2023-02-27T07:00:00,3005A,117.1814,34.29,徐州市,鼓楼区政府,细颗粒物(PM2.5),80,64,79,59,54,126,54,75,70,38,33,8,8,0.5,0.6
2023-02-27T07:00:00,3006A,117.1694,34.1781,徐州市,铜山区招生办,细颗粒物(PM2.5),79,90,83,58,52,122,22,66,43,68,42,8,10,0.7,0.7
2023-02-27T07:00:00,3007A,119.178,34.844,连云港市,新城一中,细颗粒物(PM2.5),82,73,67,60,46,93,42,76,50,53,47,8,9,0.7,0.7
2023-02-27T07:00:00,3008A,119.3608,34.7519,连云港市,胡沟管理处,细颗粒物(PM2.5),83,78,70,61,42,95,59,93,79,24,44,9,17,0.5,0.4
2023-02-27T07:00:00,3009A,119.1478,34.5911,连云港市,矿山设计院,细颗粒物(PM2.5),79,85,74,58,50,99,51,73,62,36,33,14,14,0.5,0.4
2023-02-27T07:00:00,3010A,119.9025,31.7964,常州市,钟楼,细颗粒物(PM2.5),84,89,75,62,44,101,24,48,37,42,36,9,12,0.5,0.6
2023-02-27T07:00:00,3012A,112.1849,31.0362,荆门市,西山林语,细颗粒物(PM2.5),95,103,122,71,89,136,62,90,82,27,19,6,8,1.2,0.7
2023-02-27T07:00:00,3014A,106.4958,29.5346,重庆市,歇台子,细颗粒物(PM2.5),60,55,55,43,38,131,60,52,52,35,47,12,7,0.8,0.7
2023-02-27T07:00:00,3015A,106.4037,29.5728,重庆市,龙井湾,颗粒物(PM10),51,51,56,31,27,139,66,61,61,35,36,16,9,0.7,0.6
2023-02-27T07:00:00,3016A,106.5507,29.4153,重庆市,龙洲湾,颗粒物(PM10),62,74,54,34,36,126,63,67,61,28,26,9,7,0.5,0.5
2023-02-27T07:00:00,3018A,111.505,36.1014,临汾市,唐尧大酒店,细颗粒物(PM2.5),153,136,132,117,109,117,29,47,44,35,23,2,4,0.7,0.8
2023-02-27T07:00:00,3020A,117.2101,39.1699,天津市,中山北路,细颗粒物(PM2.5),90,96,110,67,78,126,62,63,63,37,43,12,10,0.7,0.7
2023-02-27T07:00:00,3021A,115,35.7668,濮阳市,濮水河管理处,细颗粒物(PM2.5),89,57,74,66,69,110,62,71,69,19,14,20,13,0.5,0.5
2023-02-27T07:00:00,3025A,113.0477,23.6344,清远市,技师学院,细颗粒物(PM2.5),69,67,55,50,40,130,51,72,67,36,19,12,9,0.5,0.5
2023-02-27T07:00:00,3026A,116.6183,23.6608,潮州市,市政府,,46,46,51,22,23,135,46,81,57,26,19,7,6,0.6,0.6
2023-02-27T07:00:00,3027A,104.72,29.3427,自贡市,青杠林路,细颗粒物(PM2.5),79,78,70,58,48,139,27,60,54,48,37,5,6,0.8,0.7
2023-02-27T07:00:00,3028A,104.776,29.3627,自贡市,檀木林体育馆,细颗粒物(PM2.5),82,83,73,60,43,144,67,100,87,27,21,10,6,0.6,0.4
2023-02-27T07:00:00,3033A,87.4651,43.4569,乌鲁木齐市,培训基地,,30,2,8,0,3,116,94,91,88,4,8,4,4,0.3,0.3
2023-02-27T07:00:00,3034A,113.1076,41.0385,乌兰察布市,光明街小学,细颗粒物(PM2.5),123,122,108,93,67,115,55,69,62,26,33,28,28,1.1,1
2023-02-27T07:00:00,3035A,122.0931,46.0707,兴安盟,北滨河,,49,49,41,31,21,83,14,44,20,33,28,6,11,1.2,1.4
2023-02-27T07:00:00,3036A,118.6904,37.4338,东营市,开发区管委会,细颗粒物(PM2.5),100,117,82,75,50,110,23,25,23,58,46,23,16,1.1,0.9
2023-02-27T07:00:00,3038A,103.3758,23.368,红河州,州图书馆,细颗粒物(PM2.5),65,49,43,47,41,98,85,94,91,10,10,6,7,0.6,0.7
2023-02-27T07:00:00,3039A,111.1911,34.7829,三门峡市,三门峡市第一小学,细颗粒物(PM2.5),137,109,139,104,129,90,64,85,72,24,26,12,11,0.9,0.8
2023-02-27T07:00:00,3045A,109.9643,33.8471,商洛市,商州区中学,细颗粒物(PM2.5),149,108,108,114,109,85,82,79,79,20,21,3,3,0.7,0.6
2023-02-27T07:00:00,3046A,115.9084,28.6062,南昌市,机电学校,细颗粒物(PM2.5),67,82,62,48,38,114,19,52,41,59,32,10,7,1.0,0.7
2023-02-27T07:00:00,3048A,119.5799,26.0936,福州市,九龙,,38,38,37,9,9,112,76,94,85,13,11,4,2,0.5,0.4
2023-02-27T07:00:00,3051A,117.3876,39.1488,天津市,西四道,细颗粒物(PM2.5),92,102,125,68,79,111,30,27,24,57,52,12,10,0.8,1.2
2023-02-27T07:00:00,3054A,113.9194,35.2847,新乡市,市委党校,细颗粒物(PM2.5),77,64,88,56,65,103,28,60,48,50,33,4,4,0.6,0.7
2023-02-27T07:00:00,3055A,101.7775,36.6428,西宁市,城北区政府,细颗粒物(PM2.5),79,91,76,58,40,96,16,67,28,50,47,12,23,1.0,1.4
2023-02-27T07:00:00,3057A,121.5992,37.4014,烟台市,牟平检察院,,46,46,48,29,23,94,57,83,74,24,21,20,16,0.8,0.8
2023-02-27T07:00:00,3058A,119.2658,42.0353,赤峰市,银河街,细颗粒物(PM2.5),120,108,98,91,69,98,64,68,68,41,35,44,38,1.2,1.2
2023-02-27T07:00:00,3059A,117.7161,36.2049,济南市,泰兴公司,细颗粒物(PM2.5),113,139,129,85,77,123,8,10,9,79,71,13,13,1.3,1
2023-02-27T07:00:00,3061A,119.7512,49.1577,呼伦贝尔市,国华电力东,,29,29,24,19,14,90,75,82,79,7,5,3,4,0.4,0.3
2023-02-27T07:00:00,3064A,117.6867,36.2171,济南市,莱芜战役纪念馆,细颗粒物(PM2.5),122,139,114,92,73,121,10,10,10,86,65,12,14,1.2,1
2023-02-27T07:00:00,3065A,101.9533,29.9972,甘孜藏族自治州,州环保局,,33,33,32,14,9,80,44,30,30,16,21,10,10,0.3,0.4
2023-02-27T07:00:00,3066A,116.2721,37.4379,德州市,九衢泉纯净水厂,细颗粒物(PM2.5),85,96,119,63,67,129,51,66,57,38,34,11,10,0.9,0.9
2023-02-27T07:00:00,3109A,115.0093,25.8613,赣州市,赣县区卫计委,细颗粒物(PM2.5),59,44,74,42,63,109,16,20,14,29,29,6,10,0.7,0.7
2023-02-27T07:00:00,3122A,105.9606,26.2611,安顺市,伍家关,,,,,,,,,,,,,,,,
2023-02-27T07:00:00,3123A,105.9408,26.2431,安顺市,凤凰山,,39,31,39,27,31,121,84,93,90,11,14,14,20,0.4,0.5
2023-02-27T07:00:00,3124A,105.9439,26.2564,安顺市,金钟山,,35,31,41,24,29,126,90,100,95,7,11,17,22,0.5,0.6
2023-02-27T07:00:00,3125A,105.8983,26.2481,安顺市,娄家坡,,36,30,40,25,31,118,86,96,91,9,13,12,20,0.5,0.6
2023-02-27T07:00:00,3128A,92.0506,31.4797,那曲地区,那曲会议中心,,20,10,19,5,9,94,63,77,69,5,7,6,7,0.5,0.5
2023-02-27T07:00:00,3131A,114.879,40.7993,张家口市,烟厂,细颗粒物(PM2.5),78,81,66,57,41,86,53,53,53,35,35,4,5,1.1,1
2023-02-27T07:00:00,3132A,119.610547,39.943889,秦皇岛市,文明里,细颗粒物(PM2.5),74,73,92,54,57,84,25,60,43,53,46,18,15,1.1,1.1
2023-02-27T07:00:00,3133A,106.5468,29.5654,重庆市,上清寺,细颗粒物(PM2.5),69,61,61,50,44,132,56,29,29,48,65,18,11,1.1,1
2023-02-27T07:00:00,3134A,113.8172,34.0339,许昌市,市一中,细颗粒物(PM2.5),62,66,61,44,44,112,41,56,48,32,26,9,4,0.5,0.5
2023-02-27T07:00:00,3136A,104.2725,30.5589,成都市,龙泉驿区区政府,细颗粒物(PM2.5),92,90,72,68,49,123,3,22,12,56,36,3,5,0.9,0.8
2023-02-27T07:00:00,3137A,103.8578,30.0744,眉山市,市委党校,细颗粒物(PM2.5),125,119,87,95,59,121,5,9,5,61,45,11,10,0.7,0.6
2023-02-27T07:00:00,3138A,111.7153,29.0289,常德市,武陵区永安,细颗粒物(PM2.5),123,142,128,93,91,125,27,15,15,27,34,11,5,0.7,0.6
2023-02-27T07:00:00,3139A,111.6892,28.9881,常德市,鼎城区玉霞,细颗粒物(PM2.5),97,110,121,72,91,125,1,1,0,31,33,4,6,0.7,0.8
2023-02-27T07:00:00,3140A,111.6625,29.0531,常德市,武陵区长庚,细颗粒物(PM2.5),134,125,119,102,95,130,31,21,21,29,32,9,3,0.9,0.9
2023-02-27T07:00:00,3141A,114.3922,36.0878,安阳市,信访局,颗粒物(PM10),70,90,119,50,79,109,45,54,51,38,36,10,9,0.5,0.6
2023-02-27T07:00:00,3147A,114.3438,34.8106,开封市,龙亭公园,细颗粒物(PM2.5),82,69,84,60,55,119,45,66,54,32,26,20,9,1.3,1
2023-02-27T07:00:00,3148A,103.8291,30.0564,眉山市,区人社局,细颗粒物(PM2.5),132,102,74,100,64,119,5,28,16,63,49,40,11,1.0,0.8
2023-02-27T07:00:00,3149A,115.0235,30.1578,黄石市,笔架山北路,,49,49,44,31,28,102,60,73,67,18,14,10,5,0.7,0.5
2023-02-27T07:00:00,3151A,114.375,27.8097,宜春市,宜春学院北校区,,46,46,67,30,40,118,21,36,34,30,29,5,6,0.8,0.6
2023-02-27T07:00:00,3153A,114.3877,30.4908,武汉市,民族大道182号,颗粒物(PM10),51,51,62,29,36,116,56,66,64,47,39,14,13,0.8,0.7
2023-02-27T07:00:00,3164A,119.4686,32.3942,扬州市,广陵建设局,细颗粒物(PM2.5),109,110,84,82,52,105,11,32,18,56,48,4,5,0.7,0.4
2023-02-27T07:00:00,3165A,108.6594,34.2969,咸阳市,两寺渡,细颗粒物(PM2.5),173,149,144,131,115,108,33,41,40,39,41,5,6,1.0,1
2023-02-27T07:00:00,3169A,113.2725,35.2067,焦作市,太极体育中心,细颗粒物(PM2.5),107,111,131,80,82,116,35,54,41,40,33,28,15,0.6,0.6
2023-02-27T07:00:00,3170A,102.1864,38.5253,金昌市,市委党校,,,,,,,113,109,96,96,9,20,4,20,0.7,0.7
2023-02-27T07:00:00,3171A,115.6071,34.4465,商丘市,梁园区档案局,细颗粒物(PM2.5),64,50,49,46,39,122,56,90,73,29,20,12,10,0.4,0.3
2023-02-27T07:00:00,3173A,117.0598,30.5351,安庆市,市人大,细颗粒物(PM2.5),74,74,54,54,28,99,15,63,46,49,25,11,11,1.0,0.8
2023-02-27T07:00:00,3178A,119.0587,36.721,潍坊市,潍坊七中,细颗粒物(PM2.5),83,92,78,61,42,97,27,33,30,51,38,10,9,1.4,1.1
2023-02-27T07:00:00,3179A,102.7494,25.0119,昆明市,官渡区博物馆,细颗粒物(PM2.5),75,75,68,55,51,92,65,65,65,17,30,7,9,1.0,0.9
2023-02-27T07:00:00,3180A,99.7136,27.8094,迪庆州,质量技术监督局,,33,33,31,22,26,117,79,112,103,14,9,16,9,0.6,0.6
2023-02-27T07:00:00,3182A,106.7656,31.8545,巴中市,丽阳花园,细颗粒物(PM2.5),62,59,56,44,40,112,5,22,19,40,35,3,5,0.7,0.7
2023-02-27T07:00:00,3183A,106.7418,31.8654,巴中市,圣泉水务公司,细颗粒物(PM2.5),55,50,54,39,40,109,10,13,13,43,37,4,5,0.6,0.6
2023-02-27T07:00:00,3186A,103.7158,36.1058,兰州市,教育港,颗粒物(PM10),58,65,79,38,40,111,18,68,38,55,42,10,9,0.9,1.7
2023-02-27T07:00:00,3187A,116.9509,33.666,宿州市,远航博物馆,细颗粒物(PM2.5),95,93,73,71,52,119,23,69,48,53,30,4,6,0.7,0.7
2023-02-27T07:00:00,3188A,115.6683,37.7217,衡水市,市城管局,细颗粒物(PM2.5),75,76,110,55,75,124,60,63,59,20,28,9,11,0.4,0.4
2023-02-27T07:00:00,3190A,116.0254,29.6994,九江市,外国语学校,细颗粒物(PM2.5),57,52,38,40,25,101,36,57,52,20,16,14,12,0.9,0.8
2023-02-27T07:00:00,3191A,118.3225,33.9447,宿迁市,宿豫区政府,细颗粒物(PM2.5),104,102,67,78,53,108,18,57,35,65,39,5,7,1.1,0.8
2023-02-27T07:00:00,3192A,80.0903,32.5028,阿里地区,阿里藏医院,,22,12,11,10,6,103,68,90,82,9,5,8,10,0.5,0.4
2023-02-27T07:00:00,3194A,112.2747,30.3122,荆州市,管委会,细颗粒物(PM2.5),113,87,89,85,87,129,25,10,10,48,44,10,9,0.8,0.8
2023-02-27T07:00:00,3195A,119.3633,32.3972,扬州市,市体育局,细颗粒物(PM2.5),104,95,82,78,52,108,32,47,37,47,44,5,7,0.7,0.6
2023-02-27T07:00:00,3200A,115.9819,36.4978,聊城市,监控中心,细颗粒物(PM2.5),85,100,104,63,62,128,66,76,73,39,31,17,16,0.4,0.4
2023-02-27T07:00:00,3201A,102.6486,37.9325,武威市,东关招商场,颗粒物(PM10),61,72,122,27,55,126,74,47,42,14,28,30,9,0.4,0.8
2023-02-27T07:00:00,3204A,113.3025,33.73,平顶山市,规划局,细颗粒物(PM2.5),73,84,92,53,64,121,32,61,52,46,28,8,6,0.6,0.7
2023-02-27T07:00:00,3206A,114.9149,27.807,新余市,新钢沁园村,颗粒物(PM10),56,61,64,32,34,84,5,49,24,38,25,10,37,0.5,0.4
2023-02-27T07:00:00,3207A,118.3118,32.3038,滁州市,市政府原办公楼,细颗粒物(PM2.5),93,91,64,69,40,123,6,57,29,78,42,6,7,0.9,0.6
2023-02-27T07:00:00,3208A,112.7283,38.4153,忻州市,市政府,细颗粒物(PM2.5),179,164,135,135,104,91,22,17,17,46,55,16,14,1.2,1.1
2023-02-27T07:00:00,3209A,119.5231,26.6562,宁德市,宁德一中,,26,20,42,12,27,122,82,78,78,8,16,2,5,0.5,0.5
2023-02-27T07:00:00,3210A,114.3644,34.7964,开封市,汴京公园,细颗粒物(PM2.5),103,92,79,77,63,112,22,44,39,52,32,14,9,0.4,0.3
2023-02-27T07:00:00,3216A,114.6622,24.5183,漳州市,漳州党校,颗粒物(PM10),51,51,65,23,27,126,35,81,57,30,22,9,7,0.4,0.4
2023-02-27T07:00:00,3237A,117.4918,30.6617,池州市,展览馆,细颗粒物(PM2.5),63,56,44,45,31,100,24,55,39,29,23,5,7,1.0,0.8
2023-02-27T07:00:00,3239A,125.0764,42.9078,辽源市,银鹰制药,颗粒物(PM10),55,59,59,37,39,99,11,55,40,53,33,16,24,1.1,0.9
2023-02-27T07:00:00,3241A,103.7439,36.0842,兰州市,百合公园,细颗粒物(PM2.5),68,72,74,49,49,104,5,67,22,47,36,10,11,1.0,0.9
2023-02-27T07:00:00,3242A,103.9611,35.998,兰州市,和平,细颗粒物(PM2.5),57,59,58,40,39,99,43,45,44,24,22,9,9,0.8,0.7
2023-02-27T07:00:00,3245A,103.6633,36.533,兰州新区,新区管委会,细颗粒物(PM2.5),75,52,87,55,57,131,55,56,53,14,25,23,18,0.4,0.6
2023-02-27T07:00:00,3246A,103.6975,36.4789,兰州新区,舟曲中学,细颗粒物(PM2.5),60,63,80,43,45,137,63,60,55,12,25,12,10,0.4,0.5
2023-02-27T07:00:00,3247A,104.955,33.371,陇南市,市总工会,,50,50,50,32,30,106,102,104,104,13,15,8,9,0.4,0.4
2023-02-27T07:00:00,3248A,98.2643,39.7724,嘉峪关市,雄关区,颗粒物(PM10),68,86,93,29,30,103,54,91,65,44,33,32,33,0.4,0.7
2023-02-27T07:00:00,3265A,121.4316,31.3322,上海市,宝山庙行,,43,40,44,30,27,96,37,52,50,55,35,7,8,0.8,0.8
2023-02-27T07:00:00,3266A,121.8791,31.4662,上海市,崇明上实东滩,,26,22,33,7,19,106,82,86,74,9,9,2,3,0.2,0.3
2023-02-27T07:00:00,3268A,121.3162,31.2838,上海市,嘉定南翔,,48,35,39,33,29,95,12,42,27,80,39,6,8,0.8,0.8
2023-02-27T07:00:00,3269A,121.3359,30.7456,上海市,金山新城,,28,27,38,16,24,109,87,98,97,24,24,7,7,0.6,0.6
2023-02-27T07:00:00,3270A,121.4996,31.0739,上海市,闵行浦江,细颗粒物(PM2.5),55,32,40,39,31,97,28,52,42,56,37,7,7,0.6,0.6
2023-02-27T07:00:00,3271A,121.2886,31.1663,上海市,青浦徐泾,细颗粒物(PM2.5),59,54,49,42,32,94,6,65,39,85,42,8,8,0.8,0.7
2023-02-27T07:00:00,3272A,121.2186,31.0378,上海市,松江图书馆,细颗粒物(PM2.5),68,46,37,49,33,87,15,37,29,81,42,8,8,0.7,0.6
2023-02-27T07:00:00,3273A,121.3902,31.2059,上海市,长宁仙霞,,45,45,46,26,26,94,51,88,76,47,33,7,7,0.6,0.6
2023-02-27T07:00:00,3274A,121.7965,31.0507,上海市,浦东惠南,,42,30,36,29,23,100,28,84,61,53,25,5,5,0.7,0.7
2023-02-27T07:00:00,3281A,115.9718,40.4529,北京市,延庆夏都,细颗粒物(PM2.5),186,176,121,140,84,90,28,54,43,28,27,1,3,1.2,0.7
2023-02-27T07:00:00,3282A,113.3397,40.0597,大同市,大同市卫生学校,细颗粒物(PM2.5),168,134,97,127,85,131,10,38,26,77,57,8,15,1.1,0.8
2023-02-27T07:00:00,3283A,109.9154,40.5685,包头市,滨河大厦,细颗粒物(PM2.5),97,106,127,72,78,106,13,10,9,59,42,14,17,1.6,1.4
2023-02-27T07:00:00,3284A,106.813,39.7274,乌海市,海北新区,细颗粒物(PM2.5),112,147,127,84,58,111,19,51,35,43,39,44,36,1.4,1
2023-02-27T07:00:00,3285A,113.1376,40.9509,乌兰察布市,北京八中,细颗粒物(PM2.5),143,143,112,109,77,115,39,64,45,39,37,27,22,1.4,1
2023-02-27T07:00:00,3286A,118.9359,42.3147,赤峰市,桥北物流园区,细颗粒物(PM2.5),128,131,61,97,36,101,87,96,95,33,30,11,12,0.9,0.7
2023-02-27T07:00:00,3287A,119.3842,32.1976,镇江市,富润路1号,细颗粒物(PM2.5),98,102,74,73,50,110,38,41,41,35,33,7,8,0.8,0.6
2023-02-27T07:00:00,3288A,117.4754,34.4422,徐州市,大泉街道,颗粒物(PM10),70,90,99,49,54,124,73,85,81,27,25,32,19,0.8,0.8
2023-02-27T07:00:00,3289A,120.743,31.3188,苏州市,方洲路,颗粒物(PM10),55,60,51,33,28,99,37,36,36,41,31,5,6,0.6,0.5
2023-02-27T07:00:00,3290A,120.5031,31.2774,苏州市,木渎中学,,50,49,40,35,27,92,43,37,34,25,27,6,6,0.5,0.4
2023-02-27T07:00:00,3291A,121.067,32.062,南通市,通州监测站,细颗粒物(PM2.5),62,56,54,44,37,119,73,78,71,33,21,4,5,0.4,0.4
2023-02-27T07:00:00,3293A,120.1501,33.3367,盐城市,月亮广场,细颗粒物(PM2.5),75,79,66,55,41,110,82,103,91,23,22,9,11,0.9,0.8
2023-02-27T07:00:00,3294A,119.5653,32.4222,扬州市,引江管理处,细颗粒物(PM2.5),109,94,76,82,56,114,21,41,27,58,42,6,6,0.7,0.5
2023-02-27T07:00:00,3295A,120.1259,32.5099,泰州市,姜堰区政府广场,细颗粒物(PM2.5),88,88,75,65,47,111,54,97,78,31,20,7,9,0.9,0.7
2023-02-27T07:00:00,3298A,113.5717,23.5491,广州市,从化街口,细颗粒物(PM2.5),67,64,56,48,43,113,28,33,33,44,30,4,5,0.7,0.7
2023-02-27T07:00:00,3299A,113.3472,23.3692,广州市,白云竹料,细颗粒物(PM2.5),72,71,63,52,44,122,40,68,58,49,26,5,6,0.7,0.7
2023-02-27T07:00:00,3300A,113.2981,23.237,广州市,白云嘉禾,细颗粒物(PM2.5),70,82,69,51,44,127,43,60,46,66,48,6,6,0.8,0.8
2023-02-27T07:00:00,3301A,113.4256,23.1716,广州市,黄埔科学城,细颗粒物(PM2.5),67,66,54,48,40,124,45,55,41,45,27,6,6,0.7,0.7
2023-02-27T07:00:00,3302A,113.3942,23.0483,广州市,番禺大学城,颗粒物(PM10),75,99,65,51,38,136,10,40,16,90,49,9,7,0.8,0.6
2023-02-27T07:00:00,3303A,113.4922,22.8168,广州市,南沙黄阁,颗粒物(PM10),58,66,64,29,38,140,47,98,72,44,39,3,5,0.6,0.7
2023-02-27T07:00:00,3304A,113.5342,22.7896,广州市,南沙街,颗粒物(PM10),57,64,64,24,34,140,54,99,75,35,32,6,8,0.6,0.7
2023-02-27T07:00:00,3305A,114.0731,22.559,深圳市,莲花,,32,32,44,14,25,138,54,95,79,20,16,5,6,0.4,0.5
2023-02-27T07:00:00,3306A,114.0261,22.6198,深圳市,民治,,41,41,52,16,28,138,60,92,74,29,22,6,5,0.5,0.5
2023-02-27T07:00:00,3307A,114.1871,22.6451,深圳市,横岗,,44,44,49,17,27,133,71,100,83,25,19,8,9,0.8,0.9
2023-02-27T07:00:00,3308A,113.3494,22.0569,珠海市,金湾,,35,35,56,19,30,159,87,121,101,13,18,5,6,0.4,0.5
2023-02-27T07:00:00,3311A,113.1075,22.5647,江门市,江海富民,颗粒物(PM10),58,65,74,35,46,140,68,74,64,35,42,8,8,0.3,0.6
2023-02-27T07:00:00,3313A,112.4575,23.0166,肇庆市,高要湖西,细颗粒物(PM2.5),62,55,49,44,34,122,4,6,4,46,36,21,10,0.6,0.5
2023-02-27T07:00:00,3314A,114.4338,22.8134,惠州市,惠阳秋长,,,,59,,37,99,,81,,,12,,7,,0.7
2023-02-27T07:00:00,3315A,116.1233,24.2991,梅州市,梅龙,,44,44,49,24,26,110,48,81,67,21,20,9,12,0.4,0.5
2023-02-27T07:00:00,3317A,111.9765,21.8947,阳江市,两阳中学,细颗粒物(PM2.5),74,86,72,54,46,121,51,69,53,53,38,11,11,0.5,0.5
2023-02-27T07:00:00,3318A,112.9903,23.7403,清远市,清新太和,细颗粒物(PM2.5),57,56,48,40,35,110,61,76,66,21,13,9,9,0.6,0.5
2023-02-27T07:00:00,3319A,113.7338,23.0381,东莞市,万江金泰,颗粒物(PM10),62,73,57,40,37,123,58,90,78,36,29,7,7,0.6,0.7
2023-02-27T07:00:00,3320A,116.403,23.5699,揭阳市,曲溪,,48,48,54,29,30,145,20,58,39,40,21,11,8,0.5,0.4
2023-02-27T07:00:00,3323A,115.2773,40.9724,张家口市,青少年活动中心,细颗粒物(PM2.5),80,76,44,59,30,107,50,66,62,22,12,8,6,0.6,0.4
2023-02-27T07:00:00,3324A,116.8136,38.3004,沧州市,河北水利电力学院,细颗粒物(PM2.5),90,102,114,67,73,118,40,52,50,56,54,12,12,0.6,0.6
2023-02-27T07:00:00,3325A,117.0365,39.3828,天津市,雍阳西道,细颗粒物(PM2.5),89,100,126,66,83,142,53,51,51,43,53,13,11,0.6,0.7
2023-02-27T07:00:00,3326A,117.0296,39.0605,天津市,辛老路,细颗粒物(PM2.5),109,115,142,82,96,123,36,30,30,46,52,14,12,0.8,0.9
2023-02-27T07:00:00,3327A,116.9638,38.9375,天津市,地纬路,细颗粒物(PM2.5),102,103,137,76,95,115,31,29,29,45,46,11,11,0.8,0.8
2023-02-27T07:00:00,3328A,118.4209,31.3707,芜湖市,市气象局,颗粒物(PM10),92,134,58,57,32,106,30,59,48,43,35,8,9,0.7,0.6
2023-02-27T07:00:00,3329A,117.0108,32.5893,淮南市,山南新区,颗粒物(PM10),66,82,63,40,29,107,50,66,58,32,24,5,5,0.5,0.5
2023-02-27T07:00:00,3330A,116.8873,33.9836,淮北市,杜集区检察院,细颗粒物(PM2.5),74,83,69,54,50,117,65,91,76,25,22,11,8,0.7,0.5
2023-02-27T07:00:00,3331A,118.3267,32.2634,滁州市,图书馆,细颗粒物(PM2.5),95,87,69,71,38,122,7,43,30,77,46,10,10,0.9,0.7
2023-02-27T07:00:00,3332A,115.7633,33.8034,亳州市,亳州学院,细颗粒物(PM2.5),75,87,63,55,43,119,51,72,59,22,16,12,9,0.8,0.5
2023-02-27T07:00:00,3333A,117.5627,30.695,池州市,第八中学,细颗粒物(PM2.5),62,66,47,44,29,102,26,53,39,33,22,6,6,0.8,0.5
2023-02-27T07:00:00,3334A,117.5038,30.6243,池州市,第十二中学,细颗粒物(PM2.5),67,62,46,48,30,106,8,47,21,45,28,3,5,0.8,0.6
2023-02-27T07:00:00,3335A,113.3137,35.2641,焦作市,马村街道办,细颗粒物(PM2.5),97,108,138,72,84,110,32,60,48,39,30,5,7,0.8,0.9
2023-02-27T07:00:00,3336A,113.2465,35.2373,焦作市,焦作技师学院,细颗粒物(PM2.5),94,96,124,70,91,110,36,55,50,40,28,14,10,1.3,1
2023-02-27T07:00:00,3337A,113.8614,34.0442,许昌市,许昌学院,细颗粒物(PM2.5),72,60,61,52,44,123,50,69,60,27,25,11,7,0.4,0.4
2023-02-27T07:00:00,3338A,113.843,34.0823,许昌市,芙蓉广场,细颗粒物(PM2.5),57,51,57,40,43,112,47,76,63,24,21,10,6,0.4,0.3
2023-02-27T07:00:00,3339A,114.0012,33.0412,驻马店市,小管楼,细颗粒物(PM2.5),72,72,70,52,39,117,47,82,62,26,19,9,8,0.6,0.5
2023-02-27T07:00:00,3340A,112.6005,34.6326,洛阳市,伊滨,细颗粒物(PM2.5),155,180,194,118,139,100,7,2,2,52,52,6,10,0.7,0.8
2023-02-27T07:00:00,3341A,112.4951,34.6332,洛阳市,中移产业园,细颗粒物(PM2.5),206,162,158,156,149,102,,15,10,65,65,5,6,1.0,0.9
2023-02-27T07:00:00,3342A,128.4741,47.4346,伊春市,中心小学,细颗粒物(PM2.5),78,71,47,57,33,92,64,70,68,17,13,6,5,0.8,0.7
2023-02-27T07:00:00,3343A,128.6871,47.7369,伊春市,检察院,细颗粒物(PM2.5),62,59,42,44,35,98,69,79,73,18,15,11,8,0.6,0.5
2023-02-27T07:00:00,3344A,128.8431,47.8474,伊春市,双子河社区,"颗粒物(PM10),细颗粒物(PM2.5)",59,67,46,42,28,100,74,75,74,17,15,13,10,0.8,0.8
2023-02-27T07:00:00,3345A,131.0577,45.7879,七台河市,中波台,,43,43,75,26,51,95,80,70,70,22,42,12,20,0.7,1
2023-02-27T07:00:00,3346A,108.3872,31.1628,重庆市,安康,细颗粒物(PM2.5),59,53,57,42,45,110,17,36,33,35,27,10,11,0.6,0.6
2023-02-27T07:00:00,3347A,105.9017,29.3569,重庆市,北山路,颗粒物(PM10),51,51,51,29,27,126,70,79,73,31,32,7,7,0.3,0.4
2023-02-27T07:00:00,3348A,105.839,30.1946,重庆市,春阳街,颗粒物(PM10),57,64,67,39,43,130,66,61,61,30,37,19,25,0.7,0.7
2023-02-27T07:00:00,3349A,107.7983,30.6758,重庆市,人民东路,细颗粒物(PM2.5),67,48,57,48,41,111,64,66,66,18,18,6,5,0.4,0.4
2023-02-27T07:00:00,3350A,106.6479,29.0244,重庆市,滩子口,细颗粒物(PM2.5),64,48,50,46,36,112,91,94,88,12,15,10,12,0.3,0.3
2023-02-27T07:00:00,3351A,105.7167,29.7076,重庆市,棠香,细颗粒物(PM2.5),59,61,64,42,41,130,57,73,67,23,23,12,11,0.5,0.6
2023-02-27T07:00:00,3352A,107.0732,29.8617,重庆市,桃源西路,细颗粒物(PM2.5),72,70,62,52,49,136,44,66,52,23,21,15,13,0.6,0.6
2023-02-27T07:00:00,3353A,107.3535,29.7287,重庆市,迎宾大道,细颗粒物(PM2.5),68,61,60,49,50,137,6,15,14,69,51,13,11,0.9,0.8
2023-02-27T07:00:00,3354A,108.815,29.5081,重庆市,舟白,细颗粒物(PM2.5),83,64,68,61,60,119,59,64,61,14,23,5,4,0.6,0.7
2023-02-27T07:00:00,3355A,108.3679,30.8426,重庆市,周家坝,细颗粒物(PM2.5),74,58,61,54,46,108,16,16,16,45,45,5,5,0.9,0.7
2023-02-27T07:00:00,3356A,108.4319,30.7555,重庆市,百安坝,细颗粒物(PM2.5),63,48,52,45,42,96,34,84,65,35,20,7,8,1.0,0.9
2023-02-27T07:00:00,3357A,104.0106,30.6931,成都市,金博路,细颗粒物(PM2.5),129,120,103,98,72,105,0,36,16,48,39,7,6,0.7,0.6
2023-02-27T07:00:00,3359A,104.0578,30.5225,成都市,华阳,细颗粒物(PM2.5),89,85,71,66,53,106,24,21,17,45,42,4,4,0.6,0.6
2023-02-27T07:00:00,3360A,104.7894,29.3194,自贡市,南湖救助站,细颗粒物(PM2.5),73,81,61,53,45,136,44,56,54,34,44,15,12,0.6,0.6
2023-02-27T07:00:00,3361A,103.7311,29.5628,乐山市,理工大学,细颗粒物(PM2.5),94,110,77,70,52,125,15,13,13,40,32,11,10,0.7,0.7
2023-02-27T07:00:00,3362A,120.5014,36.4034,青岛市,即墨2号,,32,32,52,22,34,96,43,46,45,41,42,9,12,0.7,0.7
2023-02-27T07:00:00,3363A,117.9883,36.8372,淄博市,新区,细颗粒物(PM2.5),94,117,102,70,62,110,64,50,50,48,52,27,26,0.9,0.8
2023-02-27T07:00:00,3364A,117.3152,34.8103,枣庄市,市环保局,细颗粒物(PM2.5),92,112,93,68,52,134,48,102,80,67,47,16,15,0.8,0.8
2023-02-27T07:00:00,3365A,118.5719,37.565,东营市,垦利区民丰路,细颗粒物(PM2.5),98,127,87,73,51,118,14,28,13,76,54,20,27,1.1,0.9
2023-02-27T07:00:00,3366A,121.5206,37.4336,烟台市,中国农业大学,,46,46,76,14,21,94,75,82,80,14,26,6,10,0.4,0.5
2023-02-27T07:00:00,3368A,119.1977,36.6872,潍坊市,高新实验学校,细颗粒物(PM2.5),83,92,73,61,42,90,13,35,23,63,37,9,11,1.4,1
2023-02-27T07:00:00,3370A,118.3564,35.0215,临沂市,十里堡居委,细颗粒物(PM2.5),125,129,88,95,57,110,16,56,36,52,44,35,23,1.2,0.7
2023-02-27T07:00:00,3371A,116.3728,37.4403,德州市,开发区人民医院,细颗粒物(PM2.5),94,105,114,70,70,131,47,71,57,34,40,20,16,0.7,0.7
2023-02-27T07:00:00,3372A,116.3572,37.4094,德州市,太阳城中学,细颗粒物(PM2.5),99,105,114,74,72,132,42,67,54,40,38,17,14,0.8,0.7
2023-02-27T07:00:00,3374A,115.5564,35.0891,菏泽市,定陶老年大学,细颗粒物(PM2.5),85,85,72,63,46,117,59,80,70,30,26,12,11,0.6,0.5
2023-02-27T07:00:00,3375A,102.8017,24.8336,昆明市,青年创业园,细颗粒物(PM2.5),68,65,59,49,43,112,60,56,56,24,28,8,9,0.8,0.7
2023-02-27T07:00:00,3376A,103.7947,25.462,曲靖市,南苑二区,细颗粒物(PM2.5),73,56,55,53,42,115,79,78,69,11,13,9,8,0.8,0.7
2023-02-27T07:00:00,3377A,103.7444,25.5261,曲靖市,曲靖师范学院,细颗粒物(PM2.5),72,61,56,52,43,119,67,51,51,22,23,14,11,0.8,0.7
2023-02-27T07:00:00,3379A,122.1139,40.2278,营口市,鲅鱼圈市民活动中心,颗粒物(PM10),59,68,76,36,44,138,74,100,91,34,30,14,13,0.8,0.9
2023-02-27T07:00:00,3380A,102.8914,34.9617,甘南州,甘肃民族师范学院,,43,43,48,19,18,132,4,7,7,41,33,5,9,0.8,0.4
2023-02-27T07:00:00,3396A,112.0828,32.0067,襄阳市,襄城隆中路,细颗粒物(PM2.5),148,146,147,113,110,135,62,106,82,28,22,10,9,0.8,0.9
2023-02-27T07:00:00,3397A,112.1214,32.1008,襄阳市,高新台子湾,细颗粒物(PM2.5),130,155,149,99,95,133,12,86,60,60,28,8,10,1.0,0.9
2023-02-27T07:00:00,3398A,114.9136,30.4445,黄冈市,市林业局,颗粒物(PM10),59,67,70,35,39,112,49,53,40,26,27,10,9,0.5,0.6
2023-02-27T07:00:00,3399A,112.6703,26.882,衡阳市,师范学院,细颗粒物(PM2.5),133,130,94,101,75,142,44,93,70,35,27,31,16,0.9,0.8
2023-02-27T07:00:00,3400A,109.1911,21.4415,北海市,龙潭自来水厂,细颗粒物(PM2.5),73,64,48,53,37,128,26,84,47,28,14,3,4,0.9,0.7
2023-02-27T07:00:00,3401A,108.4834,22.7618,南宁市,红星社区,细颗粒物(PM2.5),79,71,57,58,37,128,1,42,29,59,28,6,8,0.7,0.6
2023-02-27T07:00:00,3402A,109.5422,24.3996,柳州市,市二中,细颗粒物(PM2.5),80,68,50,59,41,112,58,80,77,16,13,8,8,0.6,0.5
2023-02-27T07:00:00,3403A,110.1764,25.2381,桂林市,创业大厦,细颗粒物(PM2.5),100,90,74,75,57,126,51,122,89,33,18,39,14,0.5,0.4
2023-02-27T07:00:00,3404A,108.5959,21.9633,钦州市,北职校,细颗粒物(PM2.5),88,84,63,65,45,116,38,65,46,26,18,20,14,0.9,0.8
2023-02-27T07:00:00,3405A,109.5886,23.1172,贵港市,新世纪学校,细颗粒物(PM2.5),79,75,55,58,38,117,55,74,53,27,22,14,9,0.8,0.6
2023-02-27T07:00:00,3406A,106.6085,23.8798,百色市,祈福高中,细颗粒物(PM2.5),77,76,73,56,51,119,2,10,8,35,32,7,12,0.9,0.8
2023-02-27T07:00:00,3407A,120.6916,30.7739,嘉兴市,秀洲住建,"颗粒物(PM10),细颗粒物(PM2.5)",54,58,44,38,26,87,8,64,44,75,35,6,7,0.6,0.4
2023-02-27T07:00:00,3408A,120.5683,29.9361,绍兴市,绍兴中专,,45,37,38,31,28,102,6,28,17,46,31,7,7,0.6,0.7
2023-02-27T07:00:00,3409A,120.4906,30.0861,绍兴市,柯桥区政府,,49,49,54,33,31,101,27,52,38,36,32,4,5,0.8,0.8
2023-02-27T07:00:00,3410A,120.8752,30.0249,绍兴市,重华小学,,49,48,42,34,22,103,36,49,42,25,21,6,7,0.7,0.7
2023-02-27T07:00:00,3411A,120.8369,30.0137,绍兴市,上虞中学,,46,44,44,32,25,105,18,51,30,33,25,4,5,0.6,0.6
2023-02-27T07:00:00,3413A,118.1953,28.4401,上饶市,广丰区教体局,细颗粒物(PM2.5),64,73,52,46,33,111,37,58,50,40,27,29,19,0.7,0.5
2023-02-27T07:00:00,3414A,115.8347,28.932,赣江新区,桑海产业园,颗粒物(PM10),63,75,70,39,35,95,1,18,10,59,36,7,7,0.6,0.5
2023-02-27T07:00:00,3415A,114.4519,28.0828,宜春市,万载县环保局,细颗粒物(PM2.5),69,85,78,50,50,121,12,23,15,38,37,10,11,0.9,0.7
2023-02-27T07:00:00,3416A,119.1755,36.7149,潍坊市,潍坊学院,细颗粒物(PM2.5),88,100,71,65,40,94,24,41,35,58,36,13,11,1.1,0.8
2023-02-27T07:00:00,3417A,117.0709,40.1465,北京市,平谷新城,细颗粒物(PM2.5),137,138,117,104,80,106,32,66,51,31,31,2,5,0.7,0.7
2023-02-27T07:00:00,3418A,116.8336,40.4095,北京市,密云新城,细颗粒物(PM2.5),149,158,119,114,78,96,30,46,39,35,33,1,3,0.7,0.5
2023-02-27T07:00:00,3419A,109.9447,40.6261,包头市,包头市委党校,细颗粒物(PM2.5),87,111,128,64,86,101,25,23,23,51,54,71,48,1.4,1.2
2023-02-27T07:00:00,3421A,113.1775,40.9779,乌兰察布市,市委党校,细颗粒物(PM2.5),107,124,106,80,57,115,33,52,44,51,45,27,21,1.4,1
2023-02-27T07:00:00,3422A,118.8436,31.9198,南京市,江宁彩虹桥,细颗粒物(PM2.5),94,74,47,70,39,108,10,28,17,52,37,5,6,0.9,0.8
2023-02-27T07:00:00,3423A,119.0138,31.6494,南京市,溧水永阳,细颗粒物(PM2.5),77,70,59,56,39,105,23,38,27,49,41,4,4,0.3,0.3
2023-02-27T07:00:00,3424A,118.879,31.3302,南京市,高淳老职中,细颗粒物(PM2.5),67,77,54,48,35,106,40,67,47,36,29,6,8,0.5,0.5
2023-02-27T07:00:00,3425A,120.624,31.1733,苏州市,越秀幼儿园,颗粒物(PM10),56,61,46,33,27,85,60,47,41,39,40,7,7,0.6,0.6
2023-02-27T07:00:00,3426A,118.8755,33.2894,淮安市,新华书店,细颗粒物(PM2.5),112,96,71,84,52,114,34,53,49,42,30,7,11,1.1,0.8
2023-02-27T07:00:00,3427A,118.8554,32.3578,南京市,六合雄州,细颗粒物(PM2.5),79,92,68,58,40,106,3,3,3,70,54,6,8,0.8,0.5
2023-02-27T07:00:00,3428A,120.3142,31.4753,无锡市,华庄,细颗粒物(PM2.5),58,63,63,41,36,99,58,36,36,35,46,8,9,0.5,0.6
2023-02-27T07:00:00,3429A,119.8598,31.7066,常州市,武进经发区,细颗粒物(PM2.5),94,92,67,70,45,96,26,38,34,48,48,7,9,0.9,0.7
2023-02-27T07:00:00,3430A,119.5826,31.7245,常州市,金坛城区,细颗粒物(PM2.5),82,82,69,60,45,95,43,32,32,28,37,5,7,0.5,0.6
2023-02-27T07:00:00,3431A,120.6505,31.416,苏州市,高铁新城,细颗粒物(PM2.5),64,67,54,46,32,101,21,67,40,62,35,6,6,0.6,0.5
2023-02-27T07:00:00,3432A,120.9348,31.9883,南通市,环境教育馆,细颗粒物(PM2.5),84,70,52,62,36,115,2,33,12,53,32,5,5,0.5,0.4
2023-02-27T07:00:00,3434A,119.2413,34.6539,连云港市,工贸学校,细颗粒物(PM2.5),74,68,70,54,50,112,87,98,87,18,25,10,12,0.5,0.6
2023-02-27T07:00:00,3435A,119.9192,32.4322,泰州市,周山河街区,细颗粒物(PM2.5),94,100,79,70,50,114,35,72,54,29,25,7,10,0.8,0.7
2023-02-27T07:00:00,3436A,120.4279,33.205,盐城市,大丰高级中学,细颗粒物(PM2.5),73,66,63,53,43,118,96,112,103,20,21,5,7,0.6,0.7
2023-02-27T07:00:00,3437A,88.3118,43.3658,乌鲁木齐市,达坂城区环保局,,26,18,54,12,16,104,83,85,82,7,11,2,2,0.3,0.4
2023-02-27T07:00:00,3438A,87.6162,43.8801,乌鲁木齐市,红光山片区,,41,35,83,20,29,107,3,48,29,82,44,4,6,1.6,0.7
2023-02-27T07:00:00,3439A,87.7024,43.8004,乌鲁木齐市,新师大温泉校区,,28,28,66,13,29,119,62,88,78,30,18,6,7,0.3,0.4
2023-02-27T07:00:00,3440A,87.4921,43.8411,乌鲁木齐市,大绿谷,,42,36,67,29,34,91,35,38,31,30,36,4,5,0.8,0.8
2023-02-27T07:00:00,3441A,87.546,44.1912,五家渠市,经开区管委会,,25,25,52,2,30,105,54,65,62,15,16,2,5,0.6,0.6
2023-02-27T07:00:00,3442A,86.047,44.2331,石河子市,南区管委会,,39,39,44,20,18,91,75,73,72,5,6,6,9,0.6,0.5
2023-02-27T07:00:00,3443A,113.2902,23.5544,广州市,花都梯面,细颗粒物(PM2.5),72,66,56,52,42,122,9,77,43,67,27,5,6,0.5,0.5
2023-02-27T07:00:00,3444A,116.454,23.2684,汕头市,潮南峡山,,38,34,51,26,29,150,55,96,76,20,17,10,11,0.6,0.6
2023-02-27T07:00:00,3445A,113.7858,23.7478,广州市,从化良口,细颗粒物(PM2.5),52,47,45,36,35,116,48,69,56,21,16,6,7,0.6,0.6
2023-02-27T07:00:00,3446A,113.8051,23.2614,广州市,增城荔城,细颗粒物(PM2.5),63,59,51,45,38,120,44,48,44,30,20,8,6,0.3,0.7
2023-02-27T07:00:00,3447A,114.3551,22.7151,深圳市,坪山,颗粒物(PM10),54,58,53,20,28,140,6,89,37,63,27,5,6,0.7,0.7
2023-02-27T07:00:00,3448A,113.5433,22.1163,珠海市,横琴,,30,30,46,18,32,180,96,120,107,17,22,6,6,0.3,0.5
2023-02-27T07:00:00,3449A,113.05,22.4667,江门市,新会银湖,细颗粒物(PM2.5),89,83,75,66,54,137,5,26,8,55,44,5,6,0.9,0.9
2023-02-27T07:00:00,3450A,111.01,21.5165,茂名市,电白水东,细颗粒物(PM2.5),58,58,54,41,32,130,79,102,88,21,16,24,14,0.7,0.6
2023-02-27T07:00:00,3451A,112.5617,23.2083,肇庆市,鼎湖凤凰,,49,43,37,34,28,126,30,57,41,8,11,4,5,0.4,0.4
2023-02-27T07:00:00,3452A,114.6517,22.775,惠州市,大亚湾霞涌,,48,48,52,20,25,148,54,90,71,13,11,4,5,0.3,0.4
2023-02-27T07:00:00,3453A,112.0125,21.8749,阳江市,阳东陶然,细颗粒物(PM2.5),82,88,72,60,45,124,41,80,47,36,30,10,11,0.7,0.7
2023-02-27T07:00:00,3454A,113.3528,22.478,中山市,中山南区,,31,31,54,14,33,151,82,96,85,14,25,4,6,0.5,0.7
2023-02-27T07:00:00,3455A,113.076,23.7198,清远市,清城东城,细颗粒物(PM2.5),70,72,58,51,40,120,58,79,70,30,20,13,10,0.5,0.5
2023-02-27T07:00:00,3456A,114.289,38.0906,石家庄市,鹿泉一中,细颗粒物(PM2.5),212,218,183,162,137,82,2,30,14,64,55,7,12,1.4,1.4
2023-02-27T07:00:00,3457A,118.4359,39.2762,唐山市,冀东油田职工医院,细颗粒物(PM2.5),83,83,85,61,60,127,26,60,46,59,45,18,15,0.7,0.6
2023-02-27T07:00:00,3458A,114.7895,36.5593,邯郸市,香泉濮院小区,细颗粒物(PM2.5),74,82,110,54,77,113,59,61,60,20,23,16,15,0.5,0.6
2023-02-27T07:00:00,3459A,115.5989,37.5491,衡水市,地表水厂,细颗粒物(PM2.5),77,70,109,56,76,128,46,37,37,28,34,7,9,0.3,0.5
2023-02-27T07:00:00,3460A,117.4067,40.0583,天津市,北环路,细颗粒物(PM2.5),122,133,120,92,78,112,38,56,49,38,40,6,8,0.9,0.8
2023-02-27T07:00:00,3461A,117.3045,39.7169,天津市,建设路,细颗粒物(PM2.5),139,141,147,106,96,130,6,12,7,81,70,15,11,1.4,1.1
2023-02-27T07:00:00,3462A,117.8199,39.3521,天津市,滨水东路,细颗粒物(PM2.5),102,121,108,76,69,111,44,54,43,67,56,30,16,1.8,0.9
2023-02-27T07:00:00,3463A,116.9708,33.591,宿州市,社会福利中心,细颗粒物(PM2.5),98,106,78,73,50,106,37,67,55,46,30,5,5,0.7,0.5
2023-02-27T07:00:00,3464A,117.3803,31.9147,合肥市,高教基地,细颗粒物(PM2.5),69,73,72,50,37,94,7,50,22,54,43,2,4,0.6,0.5
2023-02-27T07:00:00,3465A,118.4781,31.3225,芜湖市,清苑社区,细颗粒物(PM2.5),94,82,58,70,36,105,17,31,24,44,38,9,10,0.7,0.7
2023-02-27T07:00:00,3466A,118.2746,31.2326,芜湖市,扬子职业技术学院,细颗粒物(PM2.5),83,80,59,61,35,107,21,59,42,39,25,8,9,0.6,0.6
2023-02-27T07:00:00,3468A,115.7901,32.8613,阜阳市,市规划展馆,细颗粒物(PM2.5),77,78,63,56,41,112,40,70,57,48,30,10,8,0.8,0.5
2023-02-27T07:00:00,3469A,115.836,32.9183,阜阳市,枣园社区,,,,70,,40,54,,47,,,34,,6,,0.4
2023-02-27T07:00:00,3470A,118.7724,30.9141,宣城市,夏渡子站,细颗粒物(PM2.5),68,65,51,49,32,99,17,41,28,36,23,3,9,0.4,0.5
2023-02-27T07:00:00,3471A,113.616563,34.86783,郑州市,惠济区政府,,,,,,,,,,,,,,,,
2023-02-27T07:00:00,3473A,114.2485,34.8306,开封市,技师学院,细颗粒物(PM2.5),58,58,66,41,45,121,60,88,73,27,22,15,11,0.5,0.5
2023-02-27T07:00:00,3474A,114.2617,35.6822,鹤壁市,大新区,"颗粒物(PM10),细颗粒物(PM2.5)",78,106,122,57,83,111,18,21,20,55,47,10,10,0.5,0.6
2023-02-27T07:00:00,3475A,113.9188,35.3045,新乡市,市政府,细颗粒物(PM2.5),68,58,86,49,69,109,43,74,63,44,32,5,6,0.5,0.5
2023-02-27T07:00:00,3476A,113.9135,35.3327,新乡市,河师大,颗粒物(PM10),79,108,101,42,63,105,40,75,67,43,29,6,5,0.5,0.5
2023-02-27T07:00:00,3477A,113.1656,35.2539,焦作市,中站许衡医院,细颗粒物(PM2.5),72,73,114,52,81,113,61,85,73,33,28,4,6,0.5,0.6
2023-02-27T07:00:00,3478A,113.9749,33.5664,漯河市,市图书馆,细颗粒物(PM2.5),63,64,67,45,42,123,61,71,67,28,25,7,8,0.4,0.4
2023-02-27T07:00:00,3479A,114.0967,33.5906,漯河市,召陵区卫健委,细颗粒物(PM2.5),87,77,65,64,46,119,47,66,58,29,23,8,6,0.4,0.4
2023-02-27T07:00:00,3480A,129.1368,47.6417,伊春市,美溪镇,,48,45,40,33,36,93,36,59,50,29,24,22,22,1.1,1.2
2023-02-27T07:00:00,3481A,125.141,46.634,大庆市,萨区政府监测点,细颗粒物(PM2.5),62,59,49,44,31,82,41,59,53,22,20,11,14,0.6,0.5
2023-02-27T07:00:00,3482A,107.7541,29.3277,重庆市,芙蓉中路,细颗粒物(PM2.5),67,74,74,48,50,120,12,27,23,46,34,24,11,0.6,0.5
2023-02-27T07:00:00,3483A,108.7661,29.5368,重庆市,西山,细颗粒物(PM2.5),63,44,60,45,56,114,8,32,24,33,22,6,6,0.5,0.6
2023-02-27T07:00:00,3484A,106.2628,29.32,重庆市,行政中心,颗粒物(PM10),55,60,69,35,32,121,33,32,32,39,38,10,17,0.5,0.5
2023-02-27T07:00:00,3485A,107.0944,29.1608,重庆市,高寺路,细颗粒物(PM2.5),58,46,57,41,42,100,43,38,38,25,31,6,7,0.8,0.9
2023-02-27T07:00:00,3486A,124.4036,43.1411,四平市,植物园,颗粒物(PM10),79,107,97,49,50,95,80,89,86,27,34,15,13,0.8,0.7
2023-02-27T07:00:00,3487A,104.2394,30.5319,成都市,车城东七路,细颗粒物(PM2.5),102,106,78,76,53,127,2,28,18,64,39,5,7,0.7,0.5
2023-02-27T07:00:00,3488A,104.3853,30.7453,成都市,青白江技师分院,细颗粒物(PM2.5),92,72,66,68,55,117,1,1,0,62,39,2,4,0.9,0.8
2023-02-27T07:00:00,3489A,104.0789,30.4072,成都市,科学城,细颗粒物(PM2.5),90,95,73,67,50,116,22,23,22,47,38,4,4,0.6,0.5
2023-02-27T07:00:00,3490A,105.3617,28.7703,泸州市,纳溪区环保局,细颗粒物(PM2.5),64,69,71,46,43,108,26,35,33,27,36,5,16,0.5,0.6
2023-02-27T07:00:00,3491A,104.69,31.5322,绵阳市,西科大附属小学,"颗粒物(PM10),细颗粒物(PM2.5)",68,85,80,49,50,107,10,15,13,40,41,4,5,0.8,0.7
2023-02-27T07:00:00,3492A,104.5648,31.5343,绵阳市,安州区旅游局,细颗粒物(PM2.5),72,74,83,52,59,92,26,18,18,29,38,6,8,0.8,0.8
2023-02-27T07:00:00,3494A,117.1673,36.9782,济南市,济阳区政府,细颗粒物(PM2.5),89,115,101,66,51,120,38,73,27,64,52,12,11,0.6,0.5
2023-02-27T07:00:00,3495A,117.1171,36.63,济南市,锦屏中学,细颗粒物(PM2.5),68,63,70,49,50,121,94,110,105,24,25,8,7,0.6,0.6
2023-02-27T07:00:00,3496A,118.3604,35.1084,临沂市,南坊新区,细颗粒物(PM2.5),128,119,88,97,59,107,26,60,43,41,40,22,19,1.1,0.8
2023-02-27T07:00:00,3498A,118.5055,37.8612,东营市,河口城区,细颗粒物(PM2.5),104,144,88,78,50,113,12,57,24,84,38,21,19,1.3,0.8
2023-02-27T07:00:00,3500A,116.5814,35.3707,济宁市,北湖一中,细颗粒物(PM2.5),77,59,66,56,54,124,66,81,72,27,30,10,10,0.5,0.5
2023-02-27T07:00:00,3501A,116.8249,35.5593,济宁市,服务中心,细颗粒物(PM2.5),92,129,99,68,61,123,33,63,50,56,38,14,13,0.7,0.6
2023-02-27T07:00:00,3502A,117.1812,36.2275,泰安市,国网新校,细颗粒物(PM2.5),122,127,89,92,59,122,25,84,65,66,39,20,14,0.9,0.8
2023-02-27T07:00:00,3503A,117.0313,36.2018,泰安市,交通技校,细颗粒物(PM2.5),88,81,75,65,57,123,78,79,78,21,26,17,14,0.6,0.7
2023-02-27T07:00:00,3504A,117.0829,36.13,泰安市,山东第一医科大学,细颗粒物(PM2.5),99,102,94,74,60,118,42,69,64,50,33,19,18,0.8,0.8
2023-02-27T07:00:00,3505A,122.1379,37.3414,威海市,临港区管委会,,25,19,30,15,16,89,79,85,83,13,14,5,6,0.3,0.4
2023-02-27T07:00:00,3507A,119.5328,35.4625,日照市,职业技术学院,颗粒物(PM10),68,85,61,46,32,96,12,53,37,47,39,5,10,0.9,0.7
2023-02-27T07:00:00,3511A,116.5652,37.3319,德州市,陵城艺术中心,细颗粒物(PM2.5),85,110,106,63,60,130,56,71,62,44,43,18,15,0.8,0.6
2023-02-27T07:00:00,3512A,116.049,36.4674,聊城市,华润纺织,细颗粒物(PM2.5),92,103,99,68,60,141,60,79,71,23,19,24,22,0.8,0.7
2023-02-27T07:00:00,3513A,116.0445,36.4361,聊城市,九州社区,细颗粒物(PM2.5),92,105,103,68,59,135,49,64,58,26,23,32,26,0.7,0.6
2023-02-27T07:00:00,3514A,117.9378,37.3956,滨州市,中海酒店,细颗粒物(PM2.5),110,111,94,83,67,125,33,17,17,68,57,19,27,0.8,0.8
2023-02-27T07:00:00,3515A,117.9378,37.3553,滨州市,开发区一中,细颗粒物(PM2.5),107,123,111,80,68,135,21,4,4,60,53,20,22,0.7,0.7
2023-02-27T07:00:00,3516A,118.0917,37.694,滨州市,金海六路,细颗粒物(PM2.5),119,148,108,90,68,124,5,28,9,88,53,27,22,1.3,0.8
2023-02-27T07:00:00,3520A,106.3495,38.9836,石嘴山市,妇女儿童医院,细颗粒物(PM2.5),94,99,97,70,69,124,25,43,29,33,35,12,27,0.9,1.1
2023-02-27T07:00:00,3521A,106.7492,39.2069,石嘴山市,石大公路,细颗粒物(PM2.5),104,91,104,78,84,106,10,46,30,45,39,4,13,0.8,0.8
2023-02-27T07:00:00,3522A,106.2177,35.9959,固原市,原州区十五小,细颗粒物(PM2.5),53,45,83,37,66,64,43,41,41,18,25,4,5,0.6,0.7
2023-02-27T07:00:00,3523A,106.5105,38.3856,银川市,滨河新区,细颗粒物(PM2.5),72,54,89,52,74,153,14,49,32,30,31,12,27,0.8,0.9
2023-02-27T07:00:00,3524A,108.6116,34.1164,西安市,文体局,细颗粒物(PM2.5),173,163,146,131,125,95,6,29,13,56,40,8,9,1.2,0.9
2023-02-27T07:00:00,3525A,108.6396,34.4078,咸阳市,奥体中心,细颗粒物(PM2.5),144,151,148,110,105,106,40,47,45,32,33,6,8,1.0,1
2023-02-27T07:00:00,3526A,119.5189,25.9664,福州市,吴航,,26,26,26,11,12,103,74,85,78,11,9,6,4,0.4,0.3
2023-02-27T07:00:00,3527A,118.0958,24.5688,厦门市,集美中学,,26,22,33,9,17,126,83,101,93,11,12,2,3,0.2,0.2
2023-02-27T07:00:00,3528A,118.1493,24.7245,厦门市,同安二实小,,27,23,37,9,18,127,86,97,95,10,12,4,5,0.2,0.2
2023-02-27T07:00:00,3529A,118.6333,24.9264,泉州市,城华南路,,27,23,33,14,20,116,84,96,91,9,13,8,9,0.4,0.4
2023-02-27T07:00:00,3530A,117.6296,24.5314,漳州市,西洋坪路,颗粒物(PM10),54,58,51,27,29,124,20,78,42,36,23,8,7,0.4,0.4
2023-02-27T07:00:00,3531A,110.296,25.1253,桂林市,旅游学院,细颗粒物(PM2.5),98,83,56,73,50,124,24,102,63,50,22,21,7,0.6,0.5
2023-02-27T07:00:00,3532A,110.1945,22.6831,玉林市,玉林师范学院东校区,细颗粒物(PM2.5),112,72,43,84,38,125,7,60,38,68,24,60,11,0.9,0.7
2023-02-27T07:00:00,3533A,110.0527,22.5893,玉林市,福绵环保局,细颗粒物(PM2.5),59,53,49,42,37,112,28,58,36,23,20,10,6,0.7,0.7
2023-02-27T07:00:00,3534A,111.4744,24.4553,贺州市,西湾,细颗粒物(PM2.5),85,77,68,63,53,123,22,60,48,34,23,8,8,0.8,0.7
2023-02-27T07:00:00,3535A,109.1781,23.7297,来宾市,兴宾区政府,细颗粒物(PM2.5),85,84,69,63,49,124,39,68,49,18,18,4,6,0.8,0.5
2023-02-27T07:00:00,3536A,106.8547,27.5919,遵义市,第十二小学,细颗粒物(PM2.5),52,48,62,36,44,113,81,89,86,12,19,12,17,0.5,0.6
2023-02-27T07:00:00,3537A,105.3631,27.3533,毕节市,长征村,细颗粒物(PM2.5),52,44,54,36,46,150,81,75,74,12,16,12,14,0.6,0.6
2023-02-27T07:00:00,3538A,107.5175,26.2978,黔南布依族苗族自治州,沙坝,细颗粒物(PM2.5),52,44,54,36,38,120,17,33,25,15,20,4,7,0.5,0.6
2023-02-27T07:00:00,3539A,110.5111,19.9736,海口市,桂林洋子站,细颗粒物(PM2.5),59,52,38,42,22,131,131,114,114,12,12,5,5,0.7,0.7
2023-02-27T07:00:00,3540A,109.7348,18.3443,三亚市,君悦子站,,34,34,48,22,27,109,99,108,103,9,9,3,3,0.5,0.5
2023-02-27T07:00:00,3541A,109.5726,19.5167,儋州市,第一中学子站,,34,34,41,23,25,114,103,114,108,8,8,6,6,0.6,0.4
2023-02-27T07:00:00,3542A,109.5567,19.5187,儋州市,东坡学校子站,,37,37,42,12,27,115,101,114,107,11,11,6,5,0.6,0.6
2023-02-27T07:00:00,3543A,112.3466,16.8396,三沙市,永兴岛子站,,,,,,,,,,,,,,,,
2023-02-27T07:00:00,3544A,121.4891,30.925,上海市,奉贤南桥新城,颗粒物(PM10),54,58,52,36,27,104,38,63,57,44,28,9,9,0.6,0.5
2023-02-27T07:00:00,3545A,110.8054,32.8401,十堰市,郧阳区金沙路,细颗粒物(PM2.5),139,131,141,106,119,95,35,54,48,20,20,5,6,1.1,1.1
2023-02-27T07:00:00,3546A,111.4606,30.552,宜昌市,猇亭区张家湾站,细颗粒物(PM2.5),144,135,132,110,107,119,35,73,52,36,30,7,8,0.8,0.8
2023-02-27T07:00:00,3547A,112.1632,31.0138,荆门市,龙泉中学南校,细颗粒物(PM2.5),90,82,131,67,98,134,92,98,97,16,20,8,10,0.7,0.7
2023-02-27T07:00:00,3548A,112.1655,30.3364,荆州市,学苑路,细颗粒物(PM2.5),110,96,101,83,87,138,5,31,15,56,41,6,10,0.8,0.7
2023-02-27T07:00:00,3549A,109.5061,30.3772,恩施土家族苗族自治州,龙凤新区,细颗粒物(PM2.5),53,50,64,37,47,103,21,28,25,10,15,6,6,0.5,0.6
2023-02-27T07:00:00,3550A,102.7997,24.9786,昆明市,昆明学院,细颗粒物(PM2.5),70,70,69,51,44,96,42,65,61,33,30,6,8,0.9,0.7
2023-02-27T07:00:00,3551A,102.5967,24.6736,昆明市,晋宁区生态环境分局,细颗粒物(PM2.5),73,65,63,53,46,102,62,64,64,18,18,12,10,1.2,0.9
2023-02-27T07:00:00,3552A,102.6678,24.9856,昆明市,云天化总部,细颗粒物(PM2.5),70,63,62,51,44,99,70,59,59,16,28,7,7,0.8,0.8
2023-02-27T07:00:00,3557A,119.9464,30.0494,杭州市,镇二中,细颗粒物(PM2.5),64,58,40,46,29,93,4,30,8,51,40,6,5,0.7,0.5
2023-02-27T07:00:00,3558A,119.7183,30.2367,杭州市,市府大楼,细颗粒物(PM2.5),59,56,48,42,31,70,6,18,13,32,31,5,6,0.6,0.6
2023-02-27T07:00:00,3560A,120.4722,30.0415,绍兴市,柯桥妇保,颗粒物(PM10),53,56,52,35,29,104,12,28,23,26,25,5,6,0.5,0.5
2023-02-27T07:00:00,3561A,120.6985,27.9251,温州市,茶山,,39,39,30,19,15,111,41,63,54,22,18,4,4,0.4,0.3
2023-02-27T07:00:00,3562A,120.4148,30.8538,湖州市,南浔区站,细颗粒物(PM2.5),70,72,48,51,31,82,44,58,54,33,30,6,7,0.4,0.4
2023-02-27T07:00:00,3564A,121.2568,28.6681,台州市,台州科技职业学院,,38,38,37,21,18,104,49,66,49,22,25,7,7,0.6,0.5
2023-02-27T07:00:00,3565A,113.1367,40.1122,大同市,云冈站,细颗粒物(PM2.5),155,213,159,118,93,134,5,5,5,48,44,31,36,1.1,0.9
2023-02-27T07:00:00,3566A,113.1186,40.2556,大同市,图书馆,细颗粒物(PM2.5),165,166,143,125,102,123,26,36,27,31,30,12,21,1.0,0.9
2023-02-27T07:00:00,3567A,113.5931,40.0461,大同市,区一中,细颗粒物(PM2.5),124,154,116,94,67,116,65,50,50,18,21,23,27,1.2,1
2023-02-27T07:00:00,3568A,113.06,36.0464,长治市,向阳小学,细颗粒物(PM2.5),109,79,90,82,82,106,74,89,83,17,21,7,6,0.8,0.7
2023-02-27T07:00:00,3569A,112.8792,36.3144,长治市,屯留一中,细颗粒物(PM2.5),100,92,90,75,87,108,73,83,80,20,23,9,9,0.6,0.9
2023-02-27T07:00:00,3570A,113.235,36.3489,长治市,潞城四中,细颗粒物(PM2.5),133,93,94,101,93,104,60,67,66,21,25,9,8,0.9,0.8
2023-02-27T07:00:00,3571A,112.2931,39.53,朔州市,一水厂,细颗粒物(PM2.5),129,205,177,98,85,105,6,15,9,63,56,14,20,0.9,0.7
2023-02-27T07:00:00,3572A,114.6419615,37.9001925,石家庄市,栾城区政府,细颗粒物(PM2.5),119,124,135,90,100,122,17,44,22,50,42,5,11,0.6,0.9
2023-02-27T07:00:00,3573A,114.8506765,38.0322033,石家庄市,藁城区实验学校,细颗粒物(PM2.5),93,90,128,69,90,122,31,44,35,34,38,15,13,0.5,0.7
2023-02-27T07:00:00,3574A,114.0504658,38.0591645,石家庄市,井陉矿区区委大楼,细颗粒物(PM2.5),218,212,158,168,149,70,1,1,1,66,69,17,18,1.7,1.4
2023-02-27T07:00:00,3575A,118.09279,39.58089,唐山市,正泰大街热力站,细颗粒物(PM2.5),117,116,103,88,73,104,20,55,38,86,56,12,11,0.8,0.7
2023-02-27T07:00:00,3576A,118.1562,39.8322,唐山市,丰润区政府,细颗粒物(PM2.5),135,169,139,103,96,103,3,10,6,61,59,8,11,1.9,1.2
2023-02-27T07:00:00,3577A,118.43673,39.73809,唐山市,金山小学,细颗粒物(PM2.5),90,114,113,67,71,92,4,38,18,72,55,8,6,0.8,0.8
2023-02-27T07:00:00,3578A,118.24498,39.66941,唐山市,政府服务中心,细颗粒物(PM2.5),129,134,120,98,84,101,4,48,26,67,46,16,16,0.8,0.9
2023-02-27T07:00:00,3579A,114.50634,36.77178,邯郸市,永年区实验高中,细颗粒物(PM2.5),87,106,128,64,78,110,44,57,51,31,30,8,9,0.5,0.7
2023-02-27T07:00:00,3580A,114.20016,36.44293,邯郸市,峰峰矿区临水派出所,细颗粒物(PM2.5),93,104,110,69,87,109,33,48,42,36,22,13,11,1.1,1
2023-02-27T07:00:00,3581A,115.31981,38.95208,保定市,满城区生态环境分局,细颗粒物(PM2.5),175,164,191,132,139,117,4,15,13,66,52,12,16,0.6,1.1
2023-02-27T07:00:00,3582A,115.47694,38.76408,保定市,清苑区第二中学,细颗粒物(PM2.5),113,127,172,85,122,120,19,26,20,54,61,11,14,0.6,0.8
2023-02-27T07:00:00,3583A,115.62909,39.02311,保定市,徐水物探局,细颗粒物(PM2.5),100,99,149,75,122,113,20,16,16,58,68,12,13,0.6,0.9
2023-02-27T07:00:00,3584A,115.8844,39.0341,雄安新区,容城县环境保护局,细颗粒物(PM2.5),99,113,171,74,106,121,32,35,32,40,52,10,11,0.6,0.8
2023-02-27T07:00:00,3585A,115.8665,39.0645,雄安新区,河北容城中学,细颗粒物(PM2.5),112,114,160,84,120,126,33,48,40,42,57,6,8,0.6,0.9
2023-02-27T07:00:00,3586A,115.923,38.9405,雄安新区,安新县民政局,细颗粒物(PM2.5),110,125,159,83,95,117,41,51,48,34,40,7,7,0.6,0.7
2023-02-27T07:00:00,3587A,115.9324,38.9338,雄安新区,安新县电力局,细颗粒物(PM2.5),73,94,135,53,86,116,40,50,47,25,30,14,14,0.5,0.6
2023-02-27T07:00:00,3588A,116.0901,38.9816,雄安新区,雄县环境保护局,细颗粒物(PM2.5),75,92,135,55,79,121,43,62,55,36,39,16,11,0.5,0.7
2023-02-27T07:00:00,3589A,116.1105,39.0046,雄安新区,雄县国土资源局,颗粒物(PM10),80,109,137,52,87,116,36,64,51,39,37,14,11,0.5,0.7
2023-02-27T07:00:00,3590A,113.8374,34.5589,郑州市,北区建设指挥部,细颗粒物(PM2.5),60,68,73,43,60,117,51,74,66,31,31,6,6,0.6,0.6
2023-02-27T07:00:00,3591A,113.30952,34.803229,郑州市,上街区政府,细颗粒物(PM2.5),109,97,96,82,83,117,6,61,48,70,28,7,6,0.8,0.7
2023-02-27T07:00:00,3592A,114.4644,34.7556,开封市,祥符区生态环境局,细颗粒物(PM2.5),85,96,90,63,62,114,30,44,39,48,41,15,9,0.7,0.4
2023-02-27T07:00:00,3593A,112.5736,34.8993,洛阳市,吉利监测站,细颗粒物(PM2.5),128,112,169,97,131,105,3,2,2,58,63,3,4,0.7,0.8
2023-02-27T07:00:00,3594A,112.8867,33.9116,平顶山市,石龙区,细颗粒物(PM2.5),102,144,135,76,95,120,9,12,8,68,42,5,9,0.5,0.6
2023-02-27T07:00:00,3596A,114.1572,35.9603,鹤壁市,南山宾馆,细颗粒物(PM2.5),79,101,115,58,87,101,40,65,60,40,29,11,8,0.7,0.6
2023-02-27T07:00:00,3597A,113.8134,34.1251,许昌市,建安区兴业大厦,颗粒物(PM10),59,68,75,41,45,114,9,80,53,65,27,8,4,0.4,0.4
2023-02-27T07:00:00,3598A,111.1,34.7167,三门峡市,富达温泉假日酒店,细颗粒物(PM2.5),132,118,138,100,116,97,59,70,64,16,21,7,8,0.8,0.9
2023-02-27T07:00:00,3599A,106.2649,29.9851,重庆市,书院路,颗粒物(PM10),55,59,60,36,42,143,86,59,59,24,31,14,11,0.5,0.6
2023-02-27T07:00:00,3600A,106.2339,29.5559,重庆市,虎峰,细颗粒物(PM2.5),58,53,59,41,35,125,64,70,65,30,28,13,10,0.6,0.5
2023-02-27T07:00:00,3601A,106.0499,29.8342,重庆市,龙门街,细颗粒物(PM2.5),64,56,57,46,48,117,80,68,68,26,40,14,12,0.6,0.6
2023-02-27T07:00:00,3604A,119.3266,35.1044,日照市,岚山环保分局,细颗粒物(PM2.5),89,88,66,66,43,82,38,52,47,51,40,14,11,1.2,1
2023-02-27T07:00:00,3605A,109.09,34.5236,西安市,无线电监控中心,细颗粒物(PM2.5),163,123,127,124,114,119,45,49,49,31,31,11,11,0.9,0.8
2023-02-27T07:00:00,3606A,108.7108,34.46,西咸新区,北杜,细颗粒物(PM2.5),156,135,125,119,111,113,20,44,31,43,35,6,8,1.0,1
2023-02-27T07:00:00,3607A,108.7096,34.2956,西咸新区,同德佳苑,细颗粒物(PM2.5),172,127,123,130,113,106,38,40,39,43,44,7,7,1.0,1
2023-02-27T07:00:00,3608A,108.8558,34.4978,西咸新区,崇文塔,细颗粒物(PM2.5),159,111,121,121,113,121,32,52,49,43,31,6,8,0.8,0.8
2023-02-27T07:00:00,3610A,105.5933,29.4105,重庆市,昌元,颗粒物(PM10),55,59,65,31,35,126,69,63,63,25,31,16,9,0.6,0.7
2023-02-27T07:00:00,3612A,85.1045,45.6899,克拉玛依市,白碱滩区新站,,24,12,31,15,15,90,74,78,68,4,9,5,5,0.2,0.2
2023-02-27T07:00:00,3613A,87.3095,44.0142,昌吉州,亚心广场,,32,31,61,22,26,103,7,19,8,49,30,6,9,1.1,0.7
2023-02-27T07:00:00,3614A,79.924,37.0877,和田地区,地区环保局,颗粒物(PM10),215,360,368,89,70,101,39,49,41,32,26,7,9,1.2,0.9
2023-02-27T07:00:00,3615A,79.9131,37.113,和田地区,市环保局,颗粒物(PM10),225,367,351,87,83,107,43,40,38,22,27,6,8,1.5,1.2
2023-02-27T07:00:00,3616A,106.7616,31.8344,巴中市,市中心医院,细颗粒物(PM2.5),63,57,57,45,41,115,3,4,4,35,34,4,5,0.7,0.7
2023-02-27T07:00:00,3617A,105.8047,32.4166,广元市,经开区,细颗粒物(PM2.5),83,95,96,61,58,75,3,4,3,49,52,7,13,0.8,0.9
2023-02-27T07:00:00,3618A,112.4719,37.7831,太原市,金胜,细颗粒物(PM2.5),185,199,175,139,128,102,4,12,4,60,55,9,9,1.0,0.9
2023-02-27T07:00:00,3619A,113.617,37.8571,阳泉市,龙柱,细颗粒物(PM2.5),216,240,191,166,137,78,18,15,15,53,57,18,19,2.6,1.9
2023-02-27T07:00:00,3620A,112.8271,35.4828,晋城市,泽州一中,细颗粒物(PM2.5),94,90,111,70,83,117,29,80,56,35,30,7,8,0.8,0.9
2023-02-27T07:00:00,3621A,106.8288,39.6778,乌海市,聚英学校,细颗粒物(PM2.5),132,145,128,100,75,112,12,45,30,58,46,67,46,1.5,1.2
2023-02-27T07:00:00,3622A,113.5556,24.8082,韶关市,碧湖山庄,细颗粒物(PM2.5),69,55,61,50,50,130,34,69,52,15,12,10,12,0.8,0.7
2023-02-27T07:00:00,3623A,113.8953,22.5861,深圳市,西乡,,37,37,55,11,25,151,60,107,88,23,21,6,7,0.5,0.6
2023-02-27T07:00:00,3624A,116.4069,23.2533,汕头市,潮南子站,,23,23,52,13,27,147,66,94,81,23,18,11,10,0.6,0.6
2023-02-27T07:00:00,3625A,113.2544,22.7642,佛山市,容桂街道办,颗粒物(PM10),51,51,58,22,34,141,68,94,81,29,31,6,6,0.4,0.6
2023-02-27T07:00:00,3626A,113.7533,23.0202,东莞市,南城元岭,颗粒物(PM10),61,72,56,36,34,132,57,85,75,36,31,9,8,0.5,0.5
2023-02-27T07:00:00,3627A,113.7875,23.0457,东莞市,东城主山,颗粒物(PM10),59,67,57,34,33,131,45,84,67,42,29,11,11,0.5,0.6
2023-02-27T07:00:00,3628A,112.0336,22.9374,云浮市,文笔,颗粒物(PM10),72,94,55,43,31,118,3,35,10,44,25,20,8,0.9,0.6
2023-02-27T07:00:00,3629A,101.8305,36.5786,西宁市,世纪职校,细颗粒物(PM2.5),69,76,68,50,44,94,28,64,52,42,42,5,15,0.8,1
2023-02-27T07:00:00,3630A,101.7413,36.6397,西宁市,师大城西校区,细颗粒物(PM2.5),70,85,76,51,41,99,4,33,15,72,51,11,15,1.0,0.8
2023-02-27T07:00:00,3633A,118.4918,31.6809,马鞍山市,雨山,细颗粒物(PM2.5),77,73,57,56,32,104,29,61,47,43,30,6,7,0.6,0.6
2023-02-27T07:00:00,3634A,116.9884,33.6305,宿州市,宿州学院,细颗粒物(PM2.5),93,110,87,69,55,105,35,65,54,50,36,11,9,0.9,0.8
2023-02-27T07:00:00,3635A,112.3677,34.662,洛阳市,河科大西苑校区,细颗粒物(PM2.5),207,192,188,157,144,102,6,7,6,59,59,13,10,0.8,0.8
2023-02-27T07:00:00,3636A,112.4388,34.6781,洛阳市,英才小学,细颗粒物(PM2.5),178,183,186,134,135,90,0,1,1,58,49,7,8,0.8,0.8
2023-02-27T07:00:00,3637A,131.0176,45.7761,七台河市,人民广场,,45,44,98,31,54,95,79,70,70,25,51,8,17,0.7,1.1
2023-02-27T07:00:00,3638A,104.7636,29.3338,自贡市,轻化工大学,细颗粒物(PM2.5),77,83,73,56,46,135,42,62,52,37,36,8,6,1.0,0.6
2023-02-27T07:00:00,3639A,104.4019,31.1244,德阳市,市教育局,细颗粒物(PM2.5),82,86,86,60,55,114,9,38,24,53,38,5,5,0.9,0.8
2023-02-27T07:00:00,3642A,120.3503,36.0736,青岛市,市北区南部,,35,31,54,24,24,97,90,91,90,20,32,4,9,0.8,0.8
2023-02-27T07:00:00,3643A,120.3948,36.1805,青岛市,李沧区北部,,39,34,48,27,34,79,27,68,59,72,44,8,11,0.6,0.7
2023-02-27T07:00:00,3644A,117.8661,36.805,淄博市,三金集团,细颗粒物(PM2.5),88,114,102,65,54,116,49,50,49,57,50,20,17,1.3,1.1
2023-02-27T07:00:00,3645A,118.0253,36.8406,淄博市,东风化工厂,细颗粒物(PM2.5),92,108,101,68,63,110,64,48,46,43,54,18,23,0.7,0.6
2023-02-27T07:00:00,3646A,118.4978,37.4623,东营市,胜利站,细颗粒物(PM2.5),107,131,92,80,52,102,14,22,12,70,50,22,23,1.1,1.1
2023-02-27T07:00:00,3647A,115.4702,35.2706,菏泽市,菏泽医专,颗粒物(PM10),68,86,83,47,45,121,62,88,79,33,28,10,18,0.6,0.5
2023-02-27T07:00:00,3648A,106.2112,37.9768,吴忠市,文卫南街,细颗粒物(PM2.5),73,71,114,53,66,109,36,55,49,12,18,14,10,0.6,0.6
2023-02-27T07:00:00,3650A,105.1698,37.5162,中卫市,沙坡头区政府站,细颗粒物(PM2.5),104,101,99,78,63,109,15,36,22,38,27,11,9,0.6,0.6
2023-02-27T07:00:00,3651A,108.9543,34.8732,铜川市,旺旺集团,细颗粒物(PM2.5),143,106,105,109,97,128,37,42,38,26,35,10,10,0.8,0.9
2023-02-27T07:00:00,3652A,109.4809,36.5786,延安市,西北局旧址,细颗粒物(PM2.5),127,117,109,96,83,83,5,41,16,56,50,4,15,1.2,0.9
2023-02-27T07:00:00,3653A,111.3119,30.7273,宜昌市,云深路,细颗粒物(PM2.5),137,120,141,104,114,137,40,48,46,24,31,7,6,0.7,0.7
2023-02-27T07:00:00,3654A,114.8094,30.4089,鄂州市,精准医疗中心,颗粒物(PM10),66,82,77,44,39,100,21,56,39,59,38,44,23,1.8,1.3
2023-02-27T07:00:00,3655A,114.3375,29.8683,咸宁市,长江产业园,,40,40,45,25,19,115,70,73,72,19,19,9,9,0.6,0.6
2023-02-27T07:00:00,3656A,120.1556,30.2864,杭州市,消防大队,颗粒物(PM10),52,53,49,33,28,95,61,66,65,30,33,6,8,0.5,0.4
2023-02-27T07:00:00,3658A,120.6153,30.0764,绍兴市,袍江中学,颗粒物(PM10),51,52,53,30,28,94,21,31,22,40,42,4,4,0.4,0.4
2023-02-27T07:00:00,3659A,119.656,29.1131,金华市,气象局,细颗粒物(PM2.5),65,54,42,47,26,99,16,52,36,56,33,21,12,0.5,0.4
2023-02-27T07:00:00,3662A,123.6333,47.2075,齐齐哈尔市,富区青少年活动中心,,47,47,82,26,40,91,38,57,50,9,18,7,21,0.5,1.2
2023-02-27T07:00:00,3663A,124.1164,50.4278,大兴安岭地区,红旗社区,,46,29,23,32,15,89,14,60,33,45,19,33,11,1.0,0.3
2023-02-27T07:00:00,3664A,119.4172,34.7341,连云港市,连云街道,细颗粒物(PM2.5),75,82,76,55,45,107,72,95,73,29,31,13,17,0.7,0.7
2023-02-27T07:00:00,3665A,76.1658,39.7157,克孜勒苏柯尔克孜自治州,克州文化中心,颗粒物(PM10),94,137,212,23,44,114,76,70,70,3,19,3,5,0.3,0.7
2023-02-27T07:00:00,3667A,111.0283,35.0547,运城市,水利职院,细颗粒物(PM2.5),115,118,126,87,95,101,90,95,91,11,16,7,8,0.7,0.7
2023-02-27T07:00:00,3668A,111.5036,36.0414,临汾市,城南,细颗粒物(PM2.5),129,114,129,98,105,117,4,26,17,45,30,4,4,0.8,0.9
2023-02-27T07:00:00,3669A,114.4705,36.0637,安阳市,左辅环卫站,细颗粒物(PM2.5),88,85,112,65,74,110,44,51,46,35,35,20,9,0.6,0.7
2023-02-27T07:00:00,3670A,111.0522,35.0439,运城市,禹都公园,细颗粒物(PM2.5),125,113,120,95,103,101,90,97,92,10,14,7,8,0.7,0.7
2023-02-27T07:00:00,3671A,116.088,39.9726,北京市,门头沟三家店,细颗粒物(PM2.5),176,193,153,133,99,100,10,11,10,53,43,3,3,0.8,0.7
2023-02-27T07:00:00,3672A,116.1541,39.8204,北京市,丰台云岗,细颗粒物(PM2.5),201,208,170,151,113,115,13,33,24,59,44,2,4,1.0,0.8
2023-02-27T07:00:00,3673A,116.6804,39.9081,北京市,通州东关,细颗粒物(PM2.5),153,173,147,117,91,109,0,1,1,84,58,5,6,0.9,0.7
2023-02-27T07:00:00,3674A,115.9577,39.7603,北京市,房山燕山,细颗粒物(PM2.5),220,210,150,170,113,106,31,55,42,36,24,2,4,1.1,0.7
2023-02-27T07:00:00,3675A,116.4672,39.7733,北京市,大兴旧宫,细颗粒物(PM2.5),158,165,159,120,112,116,23,19,18,57,50,3,3,0.8,0.7
2023-02-27T07:00:00,3676A,113.2802,40.0995,大同市,第二人民医院,细颗粒物(PM2.5),185,261,144,139,84,117,8,48,20,71,51,25,22,1.6,1.1
2023-02-27T07:00:00,3677A,98.5881,24.4368,德宏州,芒市人民政府综合楼,细颗粒物(PM2.5),84,82,89,62,59,151,33,74,54,31,25,13,13,1.1,1.1
2023-02-27T07:00:00,3678A,116.5907,35.4054,济宁市,市第七中学,细颗粒物(PM2.5),94,81,80,70,58,124,42,76,61,42,36,14,15,0.5,0.5
2023-02-27T07:00:00,3682A,116.9814,36.6819,济南市,济南四建,细颗粒物(PM2.5),70,73,74,51,51,112,87,87,85,24,28,12,14,0.6,0.6
2023-02-27T07:00:00,3683A,109.8331,40.6576,包头市,昆区政府,细颗粒物(PM2.5),115,114,105,87,103,98,28,43,33,51,50,16,28,1.2,1.2
2023-02-27T07:00:00,3684A,130.8781,45.8222,七台河市,新建矿广场,颗粒物(PM10),57,63,69,30,42,102,62,59,42,28,38,26,29,0.6,0.7
2023-02-27T07:00:00,3685A,117.897,28.4315,上饶市,双创科技城,颗粒物(PM10),56,61,50,30,23,99,57,57,57,22,23,13,16,0.5,0.4
2023-02-27T07:00:00,3689A,113.9003,35.372,新乡市,行政服务中心,颗粒物(PM10),68,86,113,48,70,105,17,41,37,60,41,7,8,0.4,0.5
2023-02-27T07:00:00,3690A,115.9721,28.7031,南昌市,外国语学校,颗粒物(PM10),62,73,56,41,38,107,30,51,44,45,27,16,9,0.8,0.6
2023-02-27T07:00:00,3692A,118.2059,39.6585,唐山市,消防缸窑路中队,细颗粒物(PM2.5),112,132,120,84,82,104,21,66,45,64,39,15,12,0.9,0.8
2023-02-27T07:00:00,3693A,118.1436,39.6202,唐山市,路南电大,细颗粒物(PM2.5),108,120,112,81,79,100,13,38,29,73,50,10,9,1.0,0.8
2023-02-27T07:00:00,3694A,115.986,40.4563,北京市,延庆石河营,细颗粒物(PM2.5),170,158,113,129,81,93,13,33,23,28,26,3,2,1.2,0.7
2023-02-27T07:00:00,3695A,116.6151,40.3053,北京市,怀柔新城,细颗粒物(PM2.5),153,148,107,117,77,86,35,43,38,27,36,3,3,0.8,0.7
2023-02-27T07:00:00,3696A,116.2545,39.8768,北京市,丰台小屯,细颗粒物(PM2.5),203,224,174,153,112,102,1,28,12,87,67,2,4,1.1,0.7
2023-02-27T07:00:00,3697A,116.84,40.3844,北京市,密云镇,细颗粒物(PM2.5),145,160,124,111,78,101,1,11,9,63,52,1,3,0.8,0.6
2023-02-27T07:00:00,3698A,111.5968,40.8178,呼和浩特市,红旗小学,细颗粒物(PM2.5),119,117,127,90,84,102,4,4,4,74,67,17,19,1.0,1
2023-02-27T07:00:00,3699A,111.6518,40.8389,呼和浩特市,海东办,细颗粒物(PM2.5),99,97,118,74,75,89,19,10,10,62,72,16,18,0.9,1
2023-02-27T07:00:00,3700A,103.0456,29.9956,雅安市,康养中心,细颗粒物(PM2.5),97,102,75,72,57,107,80,102,97,13,16,14,16,0.6,0.6
2023-02-27T07:00:00,3701A,116.9648,33.6252,宿州市,皖北煤电集团,细颗粒物(PM2.5),103,104,79,77,54,118,37,68,56,44,28,8,7,0.8,0.7
2023-02-27T07:00:00,3703A,114.2917,36.0949,安阳市,安钢职工学校,颗粒物(PM10),75,99,120,54,88,113,48,68,59,39,33,11,12,0.7,0.6
2023-02-27T07:00:00,3706A,122.2584,43.6333,通辽市,老干部活动中心,细颗粒物(PM2.5),124,128,75,94,44,88,54,51,50,31,24,20,15,0.7,0.4
2023-02-27T07:00:00,3707A,131.0207,45.3073,鸡西市,欧美日汽修厂,,,,87,,50,78,62,52,52,44,40,81,31,3.0,1.1
2023-02-27T07:00:00,3708A,122.2922,43.6189,通辽市,东方明珠社区,细颗粒物(PM2.5),140,138,89,107,58,86,56,49,49,35,32,23,24,0.8,0.6
2023-02-27T07:00:00,3709A,130.9967,45.3106,鸡西市,市政设施管理处,,46,46,77,24,44,83,66,49,49,15,35,11,12,0.5,0.7
2023-02-27T07:00:00,3710A,121.5594,29.8975,宁波市,白沙活动中心,颗粒物(PM10),52,53,43,31,21,103,15,8,8,57,48,17,9,0.6,0.5
2023-02-27T07:00:00,3713A,124.3419,43.1666,四平市,世纪城,颗粒物(PM10),79,107,93,52,45,93,79,76,76,27,28,13,13,0.8,0.7
2023-02-27T07:00:00,3715A,117.3092,32.9314,蚌埠市,蚌埠田家炳中学,细颗粒物(PM2.5),69,73,69,50,48,95,45,63,51,30,30,4,7,0.5,0.4
2023-02-27T07:00:00,3719A,97.1714,31.1406,昌都市,昌都会议中心,,23,11,11,16,8,106,61,78,69,4,4,8,8,0.4,0.4
2023-02-27T07:00:00,3726A,88.8781,29.2426,日喀则市,林业技术推广中心,,24,21,39,11,13,119,74,96,88,12,13,5,5,0.6,0.6
2023-02-27T07:00:00,3728A,104.68,28.8071,宜宾市,白酒学院,颗粒物(PM10),90,129,86,59,47,136,7,4,4,62,52,10,12,0.5,0.5
2023-02-27T07:00:00,3734A,118.35,37.26,东营市,理想之城,细颗粒物(PM2.5),100,117,88,75,52,133,12,23,15,73,55,11,15,1.3,1.2
2023-02-27T07:00:00,3860A,118.3920,35.0300,临沂市,皇山花园小区,细颗粒物(PM2.5),148,151,95,113,60,108,17,54,35,46,36,54,19,1.3,0.8
2023-02-27T07:00:00,3861A,119.2041,36.7699,潍坊市,寒亭区实验一小,细颗粒物(PM2.5),98,114,77,73,44,91,7,29,23,74,43,12,12,1.5,1.2
2023-02-27T07:00:00,3866A,122.2469,40.66302,营口市,三高中,,48,48,75,30,48,148,76,101,95,44,38,17,14,1.0,1.1
2023-02-27T07:00:00,3867A,102.0738,36.5056,海东地区,平安区公安北苑,细颗粒物(PM2.5),74,89,76,54,43,106,15,63,48,54,32,6,16,0.7,0.6
2023-02-27T07:00:00,3981A,113.2449,35.1803,焦作市,原李万街道办,细颗粒物(PM2.5),92,109,137,68,87,114,35,51,43,42,33,21,11,0.6,0.6
2023-02-27T07:00:00,3994A,102.2165,31.9024,阿坝藏族羌族自治州,马尔康中学西区,,25,15,15,17,13,87,28,37,33,11,10,5,5,0.3,0.3
2023-02-27T07:00:00,4002A,109.2416,23.7461,来宾市,中南小学,细颗粒物(PM2.5),92,93,75,68,54,125,5,9,8,55,37,4,5,0.9,0.8
2023-02-27T07:00:00,4004A,115.4202,38.8656,保定市,双鹰农机,细颗粒物(PM2.5),100,93,152,75,120,119,30,24,24,41,58,9,13,0.8,1.1
2023-02-27T07:00:00,4006A,122.3622,40.6762,营口市,老边实验小学,细颗粒物(PM2.5),73,90,91,53,54,124,50,74,60,60,50,17,22,1.5,1.8
2023-02-27T07:00:00,4008A,112.5234,32.9922,南阳市,卧龙区政府,细颗粒物(PM2.5),70,67,110,51,89,117,47,71,56,36,45,6,7,0.6,0.7
2023-02-27T07:00:00,4010A,112.5608,37.8807,太原市,育英中学,细颗粒物(PM2.5),159,169,157,121,112,98,3,34,30,66,56,8,10,1.1,1.1
2023-02-27T07:00:00,4011A,103.8506,30.6947,成都市,光华大道三段,细颗粒物(PM2.5),130,125,105,99,74,108,6,27,21,55,43,10,7,0.6,0.7
