timepoint,stationcode,longitude,latitude,area,positionname,primarypollutant,aqi,pm10,pm10_24h,pm2_5,pm2_5_24h,o3,o3_24h,o3_8h,o3_8h_24h,no2,no2_24h,so2,so2_24h,co,co_24h
2025-03-05T2200,2566A,102.1879,31.914,阿坝藏族羌族自治州,州农科所,,32,17,21,13,9,102,,100,98,4,8,8,9,0,0
2025-03-05T2200,2568A,102.2502,31.8896,阿坝藏族羌族自治州,马师校,,32,29,18,22,14,92,,104,87,6,8,5,5,0.6,0.5
2025-03-05T2200,3994A,102.2165,31.9024,阿坝藏族羌族自治州,马尔康中学西区,,34,20,13,19,9,107,,107,106,8,7,5,5,0.7,0.5
2025-03-05T2200,2695A,80.292,41.1694,阿克苏地区,电视台,颗粒物(PM10),62,74,65,33,37,75,,101,98,24,17,2,4,0.5,0.6
2025-03-05T2200,2696A,80.2613,41.1551,阿克苏地区,艺术中心,颗粒物(PM10),54,58,69,29,40,67,,102,98,26,24,4,4,0.7,0.8
2025-03-05T2200,2204A,105.6467,38.8363,阿拉善盟,西城区西花园,颗粒物(PM10),63,75,71,35,22,87,,103,98,19,12,14,11,0.8,0.8
2025-03-05T2200,2205A,105.6985,38.8411,阿拉善盟,蒙二幼,颗粒物(PM10),55,59,59,36,20,76,,94,89,19,11,12,6,1.0,0.8
2025-03-05T2200,2206A,105.724,38.8516,阿拉善盟,环保局新楼,颗粒物(PM10),56,61,53,32,20,81,,102,96,14,6,10,8,0.9,0.7
2025-03-05T2200,2708A,88.1264,47.8517,阿勒泰地区,市站,,23,14,22,3,11,72,,80,80,11,17,3,4,0.4,0.4
2025-03-05T2200,2630A,80.1161,32.5,阿里地区,阿里监测站,,34,16,10,9,6,107,,113,113,6,5,11,9,0.5,0.5
2025-03-05T2200,3192A,80.0903,32.5028,阿里地区,阿里藏医院,,34,17,12,7,4,106,,110,110,1,2,5,7,0.5,0.5
2025-03-05T2200,2642A,109.0318,32.6537,安康市,香溪洞,,25,13,12,11,9,79,,80,80,2,3,6,7,0.8,0.7
2025-03-05T2200,2644A,109.0072,32.6975,安康市,汉滨区检察院,,32,32,19,17,11,32,,72,64,37,14,7,13,0.6,0.5
2025-03-05T2200,4054A,109.0325,32.6913,安康市,市邮政管理局,,35,31,19,24,16,49,,71,66,24,12,5,9,0.6,0.6
2025-03-05T2200,2291A,117.0809,30.5177,安庆市,环科院,细颗粒物(PM2.5),77,63,59,56,48,51,,55,50,14,15,6,5,0.5,0.5
2025-03-05T2200,2292A,117.0331,30.5119,安庆市,马山宾馆,细颗粒物(PM2.5),75,64,57,55,47,53,,58,53,11,13,2,2,0.4,0.4
2025-03-05T2200,2294A,116.9896,30.6145,安庆市,安庆大学,细颗粒物(PM2.5),72,65,54,52,43,58,,66,60,10,9,6,6,0.4,0.4
2025-03-05T2200,3173A,117.0598,30.5351,安庆市,市人大,细颗粒物(PM2.5),79,60,56,58,49,50,,55,49,11,11,4,4,0.6,0.6
2025-03-05T2200,3122A,105.9606,26.2611,安顺市,伍家关,,,36,31,29,22,57,,78,74,14,12,,5,0.7,0.7
2025-03-05T2200,3123A,105.9408,26.2431,安顺市,凤凰山,,43,35,33,30,25,55,,76,72,14,13,14,11,0.7,0.7
2025-03-05T2200,3124A,105.9439,26.2564,安顺市,金钟山,,42,34,34,29,27,55,,77,73,12,10,12,10,0.6,0.6
2025-03-05T2200,3125A,105.8983,26.2481,安顺市,娄家坡,,43,35,35,30,30,52,,75,70,14,13,14,10,0.7,0.8
2025-03-05T2200,1818A,114.4839,36.0621,安阳市,棉研所,,,,,,,,,,,,,,,,
2025-03-05T2200,1819A,114.3551,36.1017,安阳市,红庙街,细颗粒物(PM2.5),82,79,68,60,48,61,,87,83,26,21,8,14,0.6,0.6
2025-03-05T2200,1820A,114.361,36.0681,安阳市,银杏小区,细颗粒物(PM2.5),90,75,62,67,58,59,,92,88,38,28,5,10,0.9,0.8
2025-03-05T2200,3141A,114.3922,36.0878,安阳市,信访局,细颗粒物(PM2.5),85,78,62,63,55,58,,98,91,46,27,5,7,0.8,0.9
2025-03-05T2200,3669A,114.4705,36.0637,安阳市,左辅环卫站,细颗粒物(PM2.5),84,105,89,62,60,68,,106,102,37,36,6,5,0.7,0.5
2025-03-05T2200,3703A,114.2917,36.0949,安阳市,安钢职工学校,细颗粒物(PM2.5),89,72,70,66,56,62,,89,87,36,30,3,4,0.9,0.8
2025-03-05T2200,1748A,123.044,41.1196,鞍山市,深沟寺,细颗粒物(PM2.5),118,109,77,89,52,62,,87,84,31,29,11,14,1.0,1.3
2025-03-05T2200,1749A,123.011,41.0931,鞍山市,太阳城,细颗粒物(PM2.5),90,86,77,67,49,91,,94,94,18,25,8,11,0.8,1.2
2025-03-05T2200,1750A,123.0485,41.1442,鞍山市,太平,细颗粒物(PM2.5),137,165,98,104,56,12,,86,64,82,42,9,15,1.9,1.3
2025-03-05T2200,1751A,122.9642,41.0971,鞍山市,铁西三道街,细颗粒物(PM2.5),195,193,92,146,58,13,,86,69,96,47,17,16,2.0,1.3
2025-03-05T2200,1753A,123.022,41.0821,鞍山市,明达新区,细颗粒物(PM2.5),125,121,75,95,53,60,,84,81,32,25,9,12,1.0,1.1
2025-03-05T2200,1754A,123.1289,41.0228,鞍山市,千山,,,,61,,34,,,60,,,18,,6,,0.8
2025-03-05T2200,4201A,122.9446,41.0826,鞍山市,兴盛南路290号,细颗粒物(PM2.5),210,223,99,160,62,10,,79,59,106,49,19,14,2.1,1.3
2025-03-05T2200,2195A,107.4212,40.761,巴彦淖尔市,附二中,,36,36,57,14,35,73,,89,85,21,24,7,14,0.3,0.6
2025-03-05T2200,2196A,107.37,40.7372,巴彦淖尔市,市环保大楼,,40,40,53,14,39,72,,94,88,26,27,5,6,0.2,0.3
2025-03-05T2200,1956A,86.1472,41.7538,巴音郭楞蒙古自治州,孔雀公园,颗粒物(PM10),122,194,114,45,24,75,,99,96,26,6,5,4,0.5,0.3
2025-03-05T2200,1957A,86.1972,41.7166,巴音郭楞蒙古自治州,棉纺厂,颗粒物(PM10),147,244,148,44,14,50,,100,93,46,9,3,2,0.4,0.3
2025-03-05T2200,1958A,86.2357,41.7173,巴音郭楞蒙古自治州,经济开发区,颗粒物(PM10),123,195,119,27,12,80,,102,98,15,3,4,4,0.4,0.3
2025-03-05T2200,2914A,106.7677,31.8794,巴中市,苏山坪,,29,29,16,10,9,82,,88,88,5,7,6,4,0.2,0.3
2025-03-05T2200,3181A,106.7768,31.8526,巴中市,市五中,,26,24,20,9,11,82,,86,86,6,13,3,4,0.3,0.5
2025-03-05T2200,3183A,106.7418,31.8654,巴中市,圣泉水务公司,,26,24,18,10,9,82,,88,88,8,17,6,6,0.4,0.5
2025-03-05T2200,3616A,106.7616,31.8344,巴中市,市中心医院,,31,31,19,18,15,86,,90,90,4,13,5,6,0.3,0.4
2025-03-05T2200,2235A,122.7911,45.6077,白城市,洮北区环保局,细颗粒物(PM2.5),99,100,72,74,51,70,,90,78,25,25,8,8,0.7,0.7
2025-03-05T2200,2236A,122.8738,45.5725,白城市,市环保局,细颗粒物(PM2.5),92,90,70,68,51,12,,98,59,78,28,10,9,0.7,0.7
2025-03-05T2200,2231A,126.4219,41.9171,白山市,喜丰,细颗粒物(PM2.5),67,73,42,48,22,67,,89,86,25,16,17,10,0.9,0.7
2025-03-05T2200,2232A,126.4077,41.9419,白山市,环保局,细颗粒物(PM2.5),67,77,49,48,25,51,,90,82,39,16,12,12,1.1,0.7
2025-03-05T2200,2647A,104.1724,36.5446,白银市,第三小学,,32,32,49,14,21,89,,99,98,13,13,9,19,0.6,0.6
2025-03-05T2200,2648A,104.1465,36.5482,白银市,动力公司,,40,40,43,18,23,78,,96,94,22,12,16,7,0.8,0.7
2025-03-05T2200,2512A,106.6103,23.9011,百色市,市监测站,,17,17,22,11,11,36,,41,39,11,10,7,7,0.8,0.8
2025-03-05T2200,2513A,106.6538,23.8859,百色市,市中心血站,,28,25,22,19,10,37,,42,39,12,9,9,9,0.8,0.8
2025-03-05T2200,3406A,106.6085,23.8798,百色市,祈福高中,,20,20,26,14,10,34,,41,39,15,10,6,5,0.7,0.7
2025-03-05T2200,2270A,117.396,32.939,蚌埠市,工人疗养院,细颗粒物(PM2.5),102,97,82,76,64,58,,78,76,28,19,3,3,0.5,0.4
2025-03-05T2200,2271A,117.3605,32.9427,蚌埠市,百货大楼,细颗粒物(PM2.5),104,94,79,78,66,40,,68,64,33,16,4,4,0.5,0.5
2025-03-05T2200,2273A,117.4185,32.8911,蚌埠市,蚌埠学院,细颗粒物(PM2.5),99,83,70,74,63,65,,76,74,17,15,2,2,0.6,0.5
2025-03-05T2200,2274A,117.3533,32.9673,蚌埠市,淮上区政府,细颗粒物(PM2.5),97,85,76,72,67,49,,73,66,29,20,4,4,0.6,0.6
2025-03-05T2200,2275A,117.3145,32.8977,蚌埠市,高新区,细颗粒物(PM2.5),99,88,72,74,67,34,,71,65,47,24,6,6,0.6,0.5
2025-03-05T2200,3715A,117.3092,32.9314,蚌埠市,蚌埠田家炳中学,细颗粒物(PM2.5),102,111,84,76,69,30,,69,60,45,25,4,4,0.6,0.6
2025-03-05T2200,1585A,109.8756,40.6532,包头市,市环境监测站,,30,30,39,10,25,54,,94,83,37,25,9,11,0.6,0.7
2025-03-05T2200,1587A,109.9991,40.5842,包头市,包头八中,,49,49,48,18,30,12,,96,68,73,32,11,12,0.7,0.8
2025-03-05T2200,1588A,109.8538,40.6821,包头市,青山宾馆,,22,22,40,10,27,55,,92,74,33,24,7,9,0.5,0.6
2025-03-05T2200,1589A,109.8642,40.6288,包头市,惠龙物流,,33,33,37,12,24,75,,96,90,22,22,6,9,0.5,0.6
2025-03-05T2200,1590A,110.0377,40.5546,包头市,东河鸿龙湾,,27,27,40,12,22,54,,94,80,32,28,6,7,0.5,0.7
2025-03-05T2200,3283A,109.9154,40.5685,包头市,滨河大厦,,26,26,37,15,28,62,,96,86,27,29,8,9,0.5,0.4
2025-03-05T2200,3419A,109.9447,40.6261,包头市,包头市委党校,,24,24,43,16,31,40,,92,78,44,28,7,8,0.6,0.6
2025-03-05T2200,3683A,109.8331,40.6576,包头市,昆区政府,,23,23,40,12,27,70,,94,83,16,23,9,11,0.5,0.7
2025-03-05T2200,1930A,107.185,34.3063,宝鸡市,庙沟村,,43,34,35,30,40,56,,62,59,11,15,6,6,0.4,0.6
2025-03-05T2200,1931A,107.0708,34.3017,宝鸡市,竹园沟,,48,,33,33,38,31,,72,60,23,14,6,6,0.6,0.7
2025-03-05T2200,1932A,107.1906,34.3672,宝鸡市,三陆医院,细颗粒物(PM2.5),100,,55,75,55,14,,59,50,47,29,5,5,0.9,0.7
2025-03-05T2200,1933A,107.1431,34.3547,宝鸡市,监测站,细颗粒物(PM2.5),55,51,52,39,44,19,,59,52,35,19,7,7,0.8,0.7
2025-03-05T2200,1934A,107.1186,34.3739,宝鸡市,技工学校,细颗粒物(PM2.5),69,57,54,50,45,37,,63,58,24,15,6,5,0.7,0.6
2025-03-05T2200,1935A,107.3906,34.3528,宝鸡市,陈仓区环保局家属楼,细颗粒物(PM2.5),102,98,55,76,50,8,,63,49,66,32,7,7,1.2,0.8
2025-03-05T2200,1936A,107.2058,34.3497,宝鸡市,文理学院,细颗粒物(PM2.5),54,55,50,38,44,15,,61,48,40,22,5,6,0.7,0.6
2025-03-05T2200,1937A,107.2386,34.3622,宝鸡市,三迪小学,细颗粒物(PM2.5),84,76,51,62,50,4,,58,43,59,26,6,6,0.9,0.7
2025-03-05T2200,1051A,115.493,38.8632,保定市,游泳馆,细颗粒物(PM2.5),108,117,88,81,63,48,,92,87,59,43,7,9,0.5,0.4
2025-03-05T2200,1052A,115.5213,38.8959,保定市,华电二区,细颗粒物(PM2.5),113,87,74,85,58,75,,95,94,30,34,10,10,0.5,0.4
2025-03-05T2200,1053A,115.4713,38.9108,保定市,接待中心,细颗粒物(PM2.5),115,114,83,87,62,67,,93,90,39,37,9,9,1.0,0.8
2025-03-05T2200,1054A,115.4612,38.8416,保定市,地表水厂,细颗粒物(PM2.5),122,144,95,92,62,16,,95,80,97,48,8,9,0.7,0.6
2025-03-05T2200,3581A,115.31981,38.95208,保定市,满城区生态环境分局,细颗粒物(PM2.5),89,95,87,66,54,82,,93,92,28,38,13,12,0.8,0.7
2025-03-05T2200,3582A,115.47694,38.76408,保定市,清苑区第二中学,细颗粒物(PM2.5),97,106,93,72,59,71,,94,92,41,40,9,11,0.6,0.6
2025-03-05T2200,3583A,115.62909,39.02311,保定市,徐水物探局,细颗粒物(PM2.5),98,117,89,73,55,46,,94,82,61,49,8,9,0.5,0.4
2025-03-05T2200,4004A,115.4202,38.8656,保定市,双鹰农机,细颗粒物(PM2.5),122,110,85,92,58,47,,90,81,61,43,7,10,0.9,0.7
2025-03-05T2200,4034A,115.5150,38.8590,保定市,植保所站,细颗粒物(PM2.5),92,105,90,68,66,64,,90,88,49,48,8,9,0.9,0.7
2025-03-05T2200,2594A,99.1678,25.1081,保山市,市环境监测站,细颗粒物(PM2.5),68,67,51,49,31,105,,120,118,10,9,3,4,0.4,0.3
2025-03-05T2200,2595A,99.1711,25.1328,保山市,市环保局,细颗粒物(PM2.5),69,67,54,50,31,114,,124,123,6,6,7,6,0.6,0.5
2025-03-05T2200,1866A,109.2262,21.588,北海市,牛尾岭水库,,,,29,,23,,,17,,,,,5,,0.6
2025-03-05T2200,1867A,109.1436,21.4086,北海市,海滩公园,,39,36,42,27,24,26,,30,28,18,16,6,6,0.7,0.9
2025-03-05T2200,1868A,109.0981,21.4661,北海市,新市环保局,,45,35,38,31,30,28,,32,30,19,16,5,5,0.9,0.9
2025-03-05T2200,1869A,109.1778,21.5233,北海市,北海工业园,细颗粒物(PM2.5),55,41,43,39,33,26,,28,27,20,18,10,8,0.7,0.7
2025-03-05T2200,3400A,109.1911,21.4415,北海市,龙潭自来水厂,,46,41,40,32,36,24,,27,26,18,17,6,7,0.9,0.8
2025-03-05T2200,1001A,116.3621,39.8784,北京市,万寿西宫,,27,17,104,9,57,86,,82,82,11,42,2,5,0.4,0.9
2025-03-05T2200,1002A,116.2202,40.2915,北京市,定陵,,,,,,,,,,,,,,,,
2025-03-05T2200,1003A,116.4174,39.9289,北京市,东四,,30,30,88,19,60,75,,81,81,17,38,4,8,0.3,0.6
2025-03-05T2200,1004A,116.4072,39.8863,北京市,天坛,,33,33,96,21,62,74,,72,72,20,41,4,5,0.5,0.9
2025-03-05T2200,1005A,116.462,39.9365,北京市,农展馆,,33,33,90,21,59,78,,85,84,23,43,5,8,0.4,0.8
2025-03-05T2200,1006A,116.3392,39.9295,北京市,官园,,22,17,86,11,59,68,,68,68,10,35,7,6,0.4,0.8
2025-03-05T2200,1007A,116.2878,39.9611,北京市,海淀万柳,,21,18,86,9,55,66,,66,66,12,39,2,5,0.5,0.9
2025-03-05T2200,1008A,116.6636,40.135,北京市,顺义新城,,34,34,86,17,50,82,,94,89,14,36,4,6,0.3,0.6
2025-03-05T2200,1009A,116.6275,40.3275,北京市,怀柔镇,,25,13,70,8,47,80,,89,88,13,31,2,6,0.4,0.8
2025-03-05T2200,1010A,116.2296,40.217,北京市,昌平镇,,24,20,80,8,44,74,,76,76,7,30,3,3,0.4,0.8
2025-03-05T2200,1011A,116.3966,39.9821,北京市,奥体中心,,25,17,91,9,58,77,,74,74,12,40,2,6,0.4,0.9
2025-03-05T2200,3281A,115.9718,40.4529,北京市,延庆夏都,,26,16,46,9,27,82,,91,89,4,20,5,5,0.3,0.5
2025-03-05T2200,3418A,116.8336,40.4095,北京市,密云新城,,26,14,62,7,38,81,,90,90,2,21,2,4,0.3,0.6
2025-03-05T2200,3671A,116.088,39.9726,北京市,门头沟三家店,,22,20,81,11,50,69,,53,51,13,43,4,5,0.2,0.6
2025-03-05T2200,3672A,116.1541,39.8204,北京市,丰台云岗,,27,19,91,10,50,86,,80,80,9,42,6,8,0.3,0.7
2025-03-05T2200,3673A,116.6804,39.9081,北京市,通州东关,细颗粒物(PM2.5),94,108,97,70,62,64,,87,83,45,40,7,7,0.6,0.7
2025-03-05T2200,3674A,115.9577,39.7603,北京市,房山燕山,,25,19,71,14,46,80,,76,76,6,27,3,2,0.2,0.5
2025-03-05T2200,3675A,116.4672,39.7733,北京市,大兴旧宫,"颗粒物(PM10),细颗粒物(PM2.5)",60,69,97,43,60,50,,72,68,37,38,1,2,0.5,0.7
2025-03-05T2200,3694A,115.986,40.4563,北京市,延庆石河营,,26,15,46,8,27,81,,91,89,3,18,4,4,0.4,0.6
2025-03-05T2200,3695A,116.6151,40.3053,北京市,怀柔新城,,26,13,72,7,47,81,,88,87,8,26,4,7,0.4,0.8
2025-03-05T2200,3696A,116.2545,39.8768,北京市,丰台小屯,,24,18,88,9,53,76,,71,71,12,49,1,4,0.2,0.7
2025-03-05T2200,3697A,116.84,40.3844,北京市,密云镇,,26,15,70,7,41,83,,92,91,5,30,3,5,0.2,0.6
2025-03-05T2200,4182A,116.1942,39.9158,北京市,八角北路9号,,28,17,93,9,54,88,,76,76,8,42,1,3,0.2,0.7
2025-03-05T2200,4194A,117.0790,40.1518,北京市,洳河巡河路,细颗粒物(PM2.5),89,84,86,66,62,65,,91,85,24,27,3,7,0.6,0.7
2025-03-05T2200,1761A,123.8275,41.3064,本溪市,大峪,,,,72,,45,86,,94,91,26,31,7,9,2.8,1.1
2025-03-05T2200,1762A,123.7567,41.3325,本溪市,溪湖,细颗粒物(PM2.5),125,140,86,95,52,20,,96,76,70,38,14,12,1.1,1.2
2025-03-05T2200,1763A,123.7169,41.3094,本溪市,彩屯,细颗粒物(PM2.5),80,84,71,59,48,46,,93,76,44,31,8,11,0.8,0.9
2025-03-05T2200,1764A,123.7669,41.2864,本溪市,东明,细颗粒物(PM2.5),103,118,74,77,42,24,,86,70,69,43,10,14,1.0,1
2025-03-05T2200,1765A,123.7992,41.2664,本溪市,新立屯,细颗粒物(PM2.5),79,77,55,58,45,30,,94,71,70,45,7,10,0.7,1.1
2025-03-05T2200,1766A,123.8142,41.3472,本溪市,威宁,细颗粒物(PM2.5),108,125,101,81,58,11,,91,58,73,45,4,6,0.9,1
2025-03-05T2200,2587A,105.2864,27.3125,毕节市,八中,,16,6,13,3,11,51,,66,58,10,10,7,7,0.7,0.7
2025-03-05T2200,2588A,105.31,27.2944,毕节市,师专,,17,6,15,3,13,53,,67,59,11,11,4,5,0.8,0.8
2025-03-05T2200,4263A,105.3688,27.3598,毕节市,工业大道,,14,,15,8,17,42,,67,54,11,13,7,7,0.7,0.6
2025-03-05T2200,1629A,118.0018,37.3617,滨州市,第二水厂,细颗粒物(PM2.5),98,117,65,73,37,67,,119,108,40,24,8,8,0.6,0.5
2025-03-05T2200,1630A,117.9776,37.393,滨州市,北中新校,细颗粒物(PM2.5),89,107,67,66,39,67,,118,107,51,33,10,10,0.7,0.6
2025-03-05T2200,3514A,117.9378,37.3956,滨州市,中海酒店,细颗粒物(PM2.5),113,112,62,85,47,74,,120,113,60,30,13,8,1.2,0.6
2025-03-05T2200,3515A,117.9378,37.3553,滨州市,开发区一中,细颗粒物(PM2.5),98,110,71,73,40,77,,102,97,60,40,12,9,0.5,0.5
2025-03-05T2200,3516A,118.0917,37.694,滨州市,金海六路,细颗粒物(PM2.5),77,93,56,56,34,84,,116,109,30,26,11,7,0.6,0.6
2025-03-05T2200,4028A,117.9956,37.3753,滨州市,滨州市西街道办事处,细颗粒物(PM2.5),107,112,62,80,43,79,,126,117,43,29,8,8,0.9,0.7
2025-03-05T2200,2311A,115.8072,33.8399,亳州市,污水处理厂,"颗粒物(PM10),细颗粒物(PM2.5)",64,78,58,46,40,49,,85,77,33,18,2,2,0.6,0.4
2025-03-05T2200,2312A,115.7789,33.8518,亳州市,三国揽胜宫,颗粒物(PM10),72,94,72,50,39,41,,86,76,41,17,4,4,0.5,0.4
2025-03-05T2200,3332A,115.7633,33.8034,亳州市,亳州学院,细颗粒物(PM2.5),84,83,64,62,45,58,,84,78,28,17,5,4,0.6,0.6
2025-03-05T2200,2693A,82.0485,44.8556,博尔塔拉蒙古自治州,市党校,,37,37,30,20,22,81,,83,83,18,14,4,8,0.6,2.1
2025-03-05T2200,2694A,82.0806,44.8969,博尔塔拉蒙古自治州,市环保局,,42,41,42,19,18,134,,139,139,16,14,4,4,0.4,0.5
2025-03-05T2200,1071A,116.8842,38.2991,沧州市,沧县城建局,细颗粒物(PM2.5),128,132,83,97,58,19,,109,90,84,36,5,8,0.9,0.6
2025-03-05T2200,1072A,116.8584,38.3254,沧州市,电视转播站,细颗粒物(PM2.5),94,102,80,70,56,33,,108,86,58,37,8,9,0.8,0.6
2025-03-05T2200,1073A,116.8709,38.3228,沧州市,市环保局,细颗粒物(PM2.5),80,97,77,59,53,33,,101,84,62,32,9,11,0.6,0.6
2025-03-05T2200,3324A,116.8136,38.3004,沧州市,河北水利电力学院,细颗粒物(PM2.5),94,90,79,70,55,44,,105,90,53,31,8,10,0.7,0.5
2025-03-05T2200,2622A,97.1806,31.1273,昌都市,昌都监测站,,29,11,12,9,7,91,,87,87,4,6,6,6,0.8,0.8
2025-03-05T2200,3719A,97.1714,31.1406,昌都市,昌都会议中心,,36,8,12,6,8,113,,114,113,1,2,9,8,0.2,0.3
2025-03-05T2200,2690A,88.1236,43.8886,昌吉回族自治州,天山天池,,22,10,7,7,7,68,,91,79,4,4,5,5,0.4,0.2
2025-03-05T2200,2692A,87.2717,44.0297,昌吉回族自治州,新区政务中心,,44,44,26,23,13,89,,103,102,17,15,8,7,0.5,0.5
2025-03-05T2200,3613A,87.3095,44.0142,昌吉回族自治州,亚心广场,,45,44,32,31,25,83,,96,95,20,19,7,6,0.5,0.4
2025-03-05T2200,1119A,125.3325,43.9166,长春市,食品厂,细颗粒物(PM2.5),72,55,79,52,61,55,,92,75,32,43,9,12,0.5,0.7
2025-03-05T2200,1120A,125.2863,43.9027,长春市,客车厂,细颗粒物(PM2.5),69,,70,50,66,58,,88,68,32,49,7,10,0.5,0.7
2025-03-05T2200,1121A,125.2841,43.8463,长春市,邮电学院,细颗粒物(PM2.5),62,48,71,44,53,66,,104,84,28,36,9,12,0.5,0.8
2025-03-05T2200,1122A,125.3716,43.8772,长春市,劳动公园,细颗粒物(PM2.5),58,50,67,41,51,70,,98,88,24,38,10,11,0.5,0.7
2025-03-05T2200,1123A,125.3297,43.8805,长春市,园林处,细颗粒物(PM2.5),62,48,65,44,50,62,,98,87,29,34,9,13,0.4,0.6
2025-03-05T2200,1124A,125.4605,43.79,长春市,净月潭,细颗粒物(PM2.5),57,53,61,40,44,72,,95,90,16,19,9,10,0.4,0.5
2025-03-05T2200,1125A,125.7194,43.515,长春市,甩湾子,,,,46,,36,,,54,,,15,,4,,0.7
2025-03-05T2200,1126A,125.3863,43.8447,长春市,经开区环卫处,细颗粒物(PM2.5),55,53,67,39,46,64,,94,86,25,38,8,9,0.4,0.6
2025-03-05T2200,1127A,125.245,43.7783,长春市,高新区管委会,,50,44,70,35,53,67,,95,78,26,39,12,12,0.4,0.6
2025-03-05T2200,1128A,125.1761,43.8325,长春市,岱山公园,细颗粒物(PM2.5),70,75,71,51,58,30,,102,75,59,47,7,9,1.0,0.6
2025-03-05T2200,1335A,113.0833,28.2325,长沙市,经开区环保局,,30,30,41,20,32,58,,31,,22,25,3,3,0.6,0.5
2025-03-05T2200,1336A,112.8872,28.2189,长沙市,高开区环保局,,39,34,46,27,36,69,,59,59,7,10,3,3,0.6,0.7
2025-03-05T2200,1337A,113.0792,28.2053,长沙市,马坡岭,,32,27,45,22,35,56,,43,43,18,19,3,3,0.6,0.6
2025-03-05T2200,1338A,112.9394,28.19,长沙市,湖南师范大学,,35,29,47,24,34,66,,54,54,8,10,4,4,0.5,0.6
2025-03-05T2200,1339A,113.0178,28.1322,长沙市,雨花区环保局,,35,29,44,24,35,59,,45,45,18,20,4,4,0.5,0.5
2025-03-05T2200,1340A,112.9792,28.2597,长沙市,伍家岭,,42,42,53,23,30,61,,50,50,15,17,2,2,0.6,0.7
2025-03-05T2200,1341A,113.0014,28.1944,长沙市,火车新站,,42,36,49,29,40,63,,50,50,18,21,5,5,0.7,0.7
2025-03-05T2200,1342A,112.9844,28.1178,长沙市,天心区环保局,,40,31,44,28,38,59,,46,46,22,24,2,2,0.6,0.7
2025-03-05T2200,1343A,112.8908,28.1308,长沙市,湖南中医药大学,,39,32,45,27,38,62,,53,53,11,12,3,3,0.6,0.6
2025-03-05T2200,1344A,112.9581,28.3611,长沙市,沙坪,,49,,42,34,39,63,,55,55,11,10,5,5,0.6,0.6
2025-03-05T2200,1727A,113.1147,36.1547,长治市,清华站,细颗粒物(PM2.5),64,58,61,46,50,80,,90,90,20,22,8,10,1.0,1.2
2025-03-05T2200,1730A,113.0886,36.2125,长治市,审计局,细颗粒物(PM2.5),83,64,62,61,58,74,,94,92,23,24,7,10,1.0,1.1
2025-03-05T2200,1731A,113.0844,36.1856,长治市,长治八中,细颗粒物(PM2.5),70,68,71,51,57,79,,95,94,22,22,8,10,0.7,1
2025-03-05T2200,2845A,113.1569,36.1911,长治市,德盛苑,细颗粒物(PM2.5),64,62,65,46,54,91,,97,97,17,21,4,8,0.8,1.2
2025-03-05T2200,3568A,113.06,36.0464,长治市,向阳小学,细颗粒物(PM2.5),80,93,78,59,56,85,,88,88,15,17,7,11,0.8,0.9
2025-03-05T2200,3569A,112.8792,36.3144,长治市,屯留一中,细颗粒物(PM2.5),68,51,69,49,56,65,,86,82,32,33,8,9,0.6,0.9
2025-03-05T2200,4189A,113.1131,36.19948,长治市,英华南巷50号,细颗粒物(PM2.5),73,65,64,53,53,82,,100,99,22,24,9,13,1.2,1.4
2025-03-05T2200,4190A,113.2367,36.3344,长治市,学府街1号,细颗粒物(PM2.5),63,64,95,45,61,70,,95,92,21,35,4,6,1.4,1.6
2025-03-05T2200,1854A,111.6975,28.9703,常德市,市二中,细颗粒物(PM2.5),102,,39,76,37,53,,65,62,16,12,3,3,0.5,0.4
2025-03-05T2200,1857A,111.7158,29.1456,常德市,白鹤山,,,,,,,,,,,,,,,,
2025-03-05T2200,3138A,111.7153,29.0289,常德市,武陵区永安,细颗粒物(PM2.5),65,,42,47,39,54,,59,58,17,12,2,2,0.6,0.5
2025-03-05T2200,3139A,111.6892,28.9881,常德市,鼎城区玉霞,细颗粒物(PM2.5),59,,38,42,33,56,,65,61,20,17,3,3,0.5,0.5
2025-03-05T2200,3140A,111.6625,29.0531,常德市,武陵区长庚,细颗粒物(PM2.5),64,46,43,46,38,51,,59,57,13,10,2,2,0.5,0.5
2025-03-05T2200,1196A,119.9633,31.762,常州市,市监测站,,34,34,43,22,31,66,,74,64,18,18,5,5,0.4,0.4
2025-03-05T2200,1200A,119.9468,31.7069,常州市,武进监测站,,34,34,35,22,27,64,,74,65,20,21,4,5,0.6,0.6
2025-03-05T2200,1201A,119.9255,31.9087,常州市,安家,,31,31,37,18,26,62,,70,63,24,25,7,7,0.4,0.5
2025-03-05T2200,3002A,119.9805,31.8174,常州市,行政中心,,26,26,34,18,27,66,,72,62,17,19,3,3,0.3,0.4
2025-03-05T2200,3003A,120.0522,31.7748,常州市,经开区,,44,44,36,20,24,59,,79,,27,23,5,6,0.3,0.4
2025-03-05T2200,3010A,119.9025,31.7964,常州市,钟楼,,33,33,38,20,28,67,,69,64,14,19,6,6,0.5,0.5
2025-03-05T2200,3429A,119.8598,31.7066,常州市,武进经发区,,43,40,38,30,30,53,,71,61,32,28,6,6,0.6,0.5
2025-03-05T2200,3430A,119.5826,31.7245,常州市,金坛城区,细颗粒物(PM2.5),54,56,43,38,32,66,,82,71,18,15,6,6,0.5,0.6
2025-03-05T2200,2220A,120.4318,41.5881,朝阳市,西梁,,40,40,89,26,51,77,,104,91,21,39,8,12,0.5,0.9
2025-03-05T2200,2221A,120.4521,41.5646,朝阳市,河畔小区,,44,44,73,13,47,84,,102,92,14,33,6,12,0.4,0.8
2025-03-05T2200,2222A,120.4176,41.5648,朝阳市,八里堡,,48,48,80,19,49,77,,99,88,13,35,8,12,0.5,0.9
2025-03-05T2200,2223A,120.3806,41.5969,朝阳市,农业园区,,47,47,72,15,52,87,,101,88,11,33,6,11,0.5,0.8
2025-03-05T2200,1705A,116.6367,23.6719,潮州市,西园路,,30,30,16,20,11,49,,46,46,20,16,6,5,0.2,0.4
2025-03-05T2200,3026A,116.6183,23.6608,潮州市,市政府,,32,32,13,22,16,48,,46,46,21,18,4,3,0.6,0.5
2025-03-05T2200,4036A,116.6461,23.6761,潮州市,金山,,33,29,11,23,6,45,,44,44,19,16,8,5,0.7,0.8
2025-03-05T2200,2472A,113.0073,25.9061,郴州市,马头岭,,18,18,19,6,10,29,,32,32,18,16,8,7,0.7,0.7
2025-03-05T2200,2473A,113.0116,25.8226,郴州市,市职中,,13,10,13,9,11,21,,26,19,14,12,4,4,0.7,0.6
2025-03-05T2200,2475A,113.0383,25.8071,郴州市,市审计局,,13,12,12,9,9,21,,29,20,20,18,3,3,0.8,0.7
2025-03-05T2200,2476A,113.0348,25.7759,郴州市,市环保局,,15,13,14,10,11,18,,25,18,18,14,3,3,0.6,0.6
2025-03-05T2200,4252A,113.0138,25.8011,郴州市,好美居路49号,,19,17,14,13,16,22,,30,21,18,13,6,6,0.7,0.7
2025-03-05T2200,1431A,103.9728,30.7236,成都市,金泉两河,,30,30,38,16,19,22,,49,42,34,26,2,2,0.7,0.7
2025-03-05T2200,1432A,104.176,30.6872,成都市,十里店,,21,21,34,14,23,52,,54,52,26,30,2,2,0.6,0.7
2025-03-05T2200,1433A,104.079,30.5706,成都市,三瓦窑,,,,35,15,23,49,,59,59,,33,2,4,0.7,0.9
2025-03-05T2200,1434A,104.1114,30.63,成都市,沙河铺,,34,34,40,16,27,39,,48,47,23,28,5,5,0.7,0.8
2025-03-05T2200,1437A,104.0786,30.6531,成都市,君平街,,30,30,36,11,27,49,,53,52,29,30,5,6,0.6,0.7
2025-03-05T2200,1438A,103.613,31.0283,成都市,灵岩寺,,,,,,,,,,,,,,,,
2025-03-05T2200,2880A,104.0239,30.65639,成都市,大石西路,,32,29,36,22,26,41,,52,49,29,30,5,5,0.7,0.9
2025-03-05T2200,3136A,104.2725,30.5589,成都市,龙泉驿区区政府,,13,,22,9,18,37,,48,48,20,28,3,4,0.6,0.7
2025-03-05T2200,3357A,104.0106,30.6931,成都市,金博路,,23,21,26,16,18,21,,45,37,34,27,5,6,0.8,0.8
2025-03-05T2200,3359A,104.0578,30.5225,成都市,华阳,,25,17,28,17,24,39,,44,44,25,34,4,5,0.7,0.8
2025-03-05T2200,3488A,104.3853,30.7453,成都市,青白江技师分院,,32,32,31,10,21,16,,58,52,44,30,5,5,0.5,0.6
2025-03-05T2200,3489A,104.0789,30.4072,成都市,科学城,,16,15,34,11,24,45,,55,55,25,33,5,5,0.5,0.6
2025-03-05T2200,4011A,103.8506,30.6947,成都市,光华大道三段,,28,25,30,19,20,34,,53,48,32,25,4,4,0.7,0.7
2025-03-05T2200,4224A,104.2433,30.5353,成都市,鲸龙路1057号,,22,20,39,15,26,27,,45,43,38,40,4,5,0.8,0.9
2025-03-05T2200,1062A,117.9531,40.9081,承德市,铁路,,29,28,52,7,29,90,,91,91,6,26,7,7,0.2,0.6
2025-03-05T2200,1063A,117.9392,40.9763,承德市,中国银行,,33,33,59,23,33,86,,92,90,5,24,5,5,0.2,0.6
2025-03-05T2200,1064A,117.9503,40.928,承德市,开发区,,40,40,59,23,32,97,,101,100,7,29,6,6,0.3,0.6
2025-03-05T2200,1065A,117.8051,40.9655,承德市,文化中心,,48,48,65,10,26,88,,95,94,9,30,7,5,0.2,0.5
2025-03-05T2200,1066A,117.9268,41.0026,承德市,离宫,,32,29,56,22,36,80,,90,89,6,19,5,7,0.2,0.4
2025-03-05T2200,2314A,117.47,30.6618,池州市,池州学院,细颗粒物(PM2.5),80,73,59,59,46,45,,43,43,16,17,4,4,0.5,0.5
2025-03-05T2200,3237A,117.4918,30.6617,池州市,展览馆,细颗粒物(PM2.5),82,72,64,60,55,44,,42,42,20,20,6,5,0.6,0.6
2025-03-05T2200,3333A,117.5627,30.695,池州市,第八中学,细颗粒物(PM2.5),80,69,62,59,54,43,,42,40,18,20,5,4,0.6,0.6
2025-03-05T2200,3334A,117.5038,30.6243,池州市,第十二中学,细颗粒物(PM2.5),84,69,56,62,54,40,,46,43,21,18,6,5,0.7,0.7
2025-03-05T2200,1744A,118.9233,42.2816,赤峰市,松山一中,,29,29,45,8,19,80,,90,86,16,21,8,10,0.5,0.6
2025-03-05T2200,1745A,118.9576,42.2728,赤峰市,哈达街,,27,22,42,10,22,85,,92,88,14,20,6,9,0.5,0.6
2025-03-05T2200,1746A,118.8788,42.2554,赤峰市,天义路,,26,26,44,7,19,67,,76,71,17,19,7,11,0.3,0.3
2025-03-05T2200,3058A,119.2658,42.0353,赤峰市,银河街,,40,40,70,13,36,62,,73,69,19,26,20,23,0.5,0.6
2025-03-05T2200,3286A,118.9359,42.3147,赤峰市,桥北物流园区,,29,20,38,20,30,58,,82,76,17,21,5,7,0.6,0.7
2025-03-05T2200,2521A,107.3476,22.4136,崇左市,市环保局江州分局,,43,43,59,23,38,34,,44,43,9,12,4,6,0.7,0.8
2025-03-05T2200,4256A,107.3750,22.3736,崇左市,石景林东路7号,,49,49,58,28,37,37,,48,46,11,15,4,5,0.6,0.7
2025-03-05T2200,2298A,118.3093,32.3153,滁州市,老年大学,细颗粒物(PM2.5),89,70,70,66,63,62,,79,79,21,16,6,6,0.5,0.5
2025-03-05T2200,2299A,118.3244,32.2786,滁州市,人大宾馆,细颗粒物(PM2.5),85,74,69,63,65,62,,78,75,30,20,7,6,0.6,0.6
2025-03-05T2200,3207A,118.3118,32.3038,滁州市,市政府原办公楼,细颗粒物(PM2.5),83,64,62,61,58,69,,76,76,24,19,4,4,0.5,0.5
2025-03-05T2200,3331A,118.3267,32.2634,滁州市,图书馆,细颗粒物(PM2.5),80,73,73,59,60,57,,70,70,30,19,5,5,0.5,0.5
2025-03-05T2200,2605A,101.5482,25.0441,楚雄彝族自治州,州环境监测站,细颗粒物(PM2.5),58,53,42,41,32,86,,123,116,23,10,6,6,0.7,0.5
2025-03-05T2200,2606A,101.538,25.0492,楚雄彝族自治州,市经济开发区,细颗粒物(PM2.5),60,68,48,43,32,76,,121,108,33,13,7,7,1.0,0.5
2025-03-05T2200,2548A,107.5277,31.2827,达州市,达州职业技术学院,,27,27,23,13,9,32,,59,54,25,19,5,6,0.5,0.4
2025-03-05T2200,2549A,107.5086,31.2186,达州市,市环境监测站,,17,17,19,7,4,47,,53,52,24,29,5,5,0.6,0.6
2025-03-05T2200,2550A,107.4988,31.2132,达州市,凤凰小区,,17,17,15,9,5,46,,58,55,24,25,7,7,0.4,0.4
2025-03-05T2200,2551A,107.5082,31.1986,达州市,达县机关宾馆,,32,29,19,22,8,27,,54,50,39,29,7,6,0.7,0.7
2025-03-05T2200,2552A,107.4644,31.2124,达州市,市政中心,,25,25,26,9,6,38,,52,47,24,28,2,3,0.5,0.7
2025-03-05T2200,2614A,100.1542,25.7054,大理白族自治州,大理市环境监测站,,50,48,42,35,31,115,,116,114,6,7,7,7,0.6,0.5
2025-03-05T2200,2615A,100.2171,25.5811,大理白族自治州,大理古城,细颗粒物(PM2.5),55,44,36,39,26,114,,110,110,6,6,8,8,0.6,0.6
2025-03-05T2200,1109A,121.612,38.9741,大连市,甘井子,,49,40,30,34,20,80,,91,87,20,20,6,6,1.1,0.9
2025-03-05T2200,1110A,121.565,38.9511,大连市,周水子,细颗粒物(PM2.5),55,40,30,39,24,73,,87,80,16,19,6,9,1.0,0.9
2025-03-05T2200,1111A,121.5637,38.8845,大连市,星海三站,细颗粒物(PM2.5),54,45,29,38,24,80,,92,88,14,13,9,9,1.1,0.8
2025-03-05T2200,1112A,121.6302,38.9117,大连市,青泥洼桥,细颗粒物(PM2.5),58,60,34,41,23,75,,88,84,19,14,9,8,0.9,0.7
2025-03-05T2200,1113A,121.6251,38.8638,大连市,傅家庄,细颗粒物(PM2.5),53,43,29,37,21,74,,89,84,22,18,8,7,0.7,0.5
2025-03-05T2200,1114A,121.5213,38.8661,大连市,七贤岭,颗粒物(PM10),54,57,32,32,20,81,,89,87,15,14,9,8,0.8,0.6
2025-03-05T2200,1115A,121.2529,38.8061,大连市,旅顺,细颗粒物(PM2.5),52,43,28,36,23,78,,87,83,12,14,6,6,0.7,0.6
2025-03-05T2200,1116A,121.7485,39.1311,大连市,金州,"颗粒物(PM10),细颗粒物(PM2.5)",62,74,41,44,24,72,,91,84,20,15,10,10,0.9,0.6
2025-03-05T2200,1117A,121.7811,39.0496,大连市,开发区,细颗粒物(PM2.5),64,55,34,46,24,70,,80,76,22,19,10,9,1.3,1
2025-03-05T2200,1118A,121.9762,39.0631,大连市,双D港,细颗粒物(PM2.5),83,62,35,61,24,81,,98,93,17,13,8,9,0.8,0.8
2025-03-05T2200,1789A,124.81117,46.03138,大庆市,大同区,细颗粒物(PM2.5),104,119,56,78,41,60,,88,80,33,15,4,5,0.8,0.5
2025-03-05T2200,1790A,125.129,46.533,大庆市,龙凤区,细颗粒物(PM2.5),77,79,62,56,39,82,,92,89,24,20,6,9,0.8,0.7
2025-03-05T2200,1791A,124.902,46.408,大庆市,红岗区,细颗粒物(PM2.5),85,83,58,63,41,73,,100,96,35,20,4,6,0.8,0.5
2025-03-05T2200,1792A,125.153,46.586,大庆市,萨尔图区,细颗粒物(PM2.5),93,96,68,69,46,88,,89,89,20,21,4,7,0.5,0.5
2025-03-05T2200,1793A,124.9042,46.6215,大庆市,让胡路区,细颗粒物(PM2.5),109,83,68,82,55,72,,92,86,24,27,7,9,0.7,0.7
2025-03-05T2200,3481A,125.141,46.634,大庆市,萨区政府监测点,细颗粒物(PM2.5),92,90,68,68,48,88,,97,95,18,18,5,8,0.6,0.6
2025-03-05T2200,1721A,113.3819,40.1097,大同市,果树场,,38,28,50,26,43,55,,89,80,25,17,8,9,0.5,0.6
2025-03-05T2200,1723A,113.2994,40.0758,大同市,云冈宾馆,,37,37,42,19,23,58,,96,87,26,22,10,10,0.7,0.7
2025-03-05T2200,1724A,113.3444,40.0917,大同市,大同大学,,35,35,37,17,23,43,,88,76,36,19,19,11,0.7,0.7
2025-03-05T2200,1725A,113.2661,40.1269,大同市,安家小村,,49,49,52,15,25,63,,91,83,18,17,9,9,0.6,0.7
2025-03-05T2200,1726A,113.2711,40.0844,大同市,教育学院,,45,45,51,24,28,61,,90,81,24,23,8,8,0.6,0.6
2025-03-05T2200,3282A,113.3397,40.0597,大同市,大同市卫生学校,,33,33,43,18,26,60,,92,83,25,22,10,9,0.6,0.7
2025-03-05T2200,3565A,113.1367,40.1122,大同市,云冈站,颗粒物(PM10),54,57,50,22,29,14,,91,65,52,21,23,16,0.6,0.5
2025-03-05T2200,3566A,113.1186,40.2556,大同市,图书馆,,29,29,42,18,27,45,,85,74,20,16,14,11,1.3,0.7
2025-03-05T2200,3567A,113.5931,40.0461,大同市,区一中,,27,27,66,17,33,74,,96,88,12,26,7,10,0.4,0.6
2025-03-05T2200,4199A,113.2798,40.0997,大同市,魏都大道141号,,49,49,56,20,28,55,,89,80,26,23,13,13,0.7,0.8
2025-03-05T2200,2269A,124.1069,50.4097,大兴安岭地区,科技局,,42,39,39,29,27,80,,90,86,9,9,7,6,0.5,0.5
2025-03-05T2200,3663A,124.1164,50.4278,大兴安岭地区,红旗社区,,26,19,34,13,25,81,,94,92,13,22,7,8,0.3,0.6
2025-03-05T2200,1600A,124.3303,40.0625,丹东市,江湾东路,细颗粒物(PM2.5),78,64,46,57,32,84,,93,90,22,22,16,14,0.9,1
2025-03-05T2200,1601A,124.4256,40.1503,丹东市,临江后街,细颗粒物(PM2.5),79,72,44,58,30,82,,91,87,20,24,12,14,1.0,0.9
2025-03-05T2200,1602A,124.3933,40.1461,丹东市,元宝山,细颗粒物(PM2.5),63,63,36,45,25,79,,87,85,18,17,9,8,0.7,0.5
2025-03-05T2200,1603A,124.3633,40.1092,丹东市,民主桥,细颗粒物(PM2.5),74,62,40,54,26,77,,84,81,20,22,10,9,0.9,0.8
2025-03-05T2200,3541A,109.5726,19.5167,儋州市,第一中学子站,颗粒物(PM10),63,76,47,43,30,27,,75,62,17,8,4,4,1.1,0.8
2025-03-05T2200,3542A,109.5567,19.5187,儋州市,东坡学校子站,细颗粒物(PM2.5),59,58,48,42,29,28,,87,71,21,11,5,5,1.1,0.8
2025-03-05T2200,2616A,98.5842,24.428,德宏傣族景颇族自治州,德宏州监测站,颗粒物(PM10),73,96,77,49,51,76,,118,112,24,24,10,9,0.9,0.8
2025-03-05T2200,3677A,98.5881,24.4368,德宏傣族景颇族自治州,芒市人民政府综合楼,颗粒物(PM10),76,101,84,43,45,98,,126,120,12,13,10,8,0.6,0.6
2025-03-05T2200,1901A,104.4239,31.1208,德阳市,东山公园,,38,,23,26,21,16,,52,45,40,21,2,3,0.8,0.8
2025-03-05T2200,1902A,104.3826,31.1317,德阳市,西小区,,43,39,36,30,27,2,,49,37,50,33,3,4,0.9,0.8
2025-03-05T2200,1904A,104.3553,31.1091,德阳市,耐火材料厂,,42,35,33,29,25,1,,46,34,48,32,6,8,0.7,0.6
2025-03-05T2200,3639A,104.4019,31.1244,德阳市,市教育局,,36,,24,25,21,12,,47,39,43,32,4,4,0.9,0.8
2025-03-05T2200,1622A,116.3032,37.4674,德州市,儿童乐园,细颗粒物(PM2.5),89,107,85,66,55,101,,113,110,25,29,9,12,0.9,0.9
2025-03-05T2200,1624A,116.2991,37.4451,德州市,监理站,细颗粒物(PM2.5),117,114,86,88,60,75,,108,101,38,35,16,16,0.9,0.7
2025-03-05T2200,3066A,116.2721,37.4379,德州市,九衢泉纯净水厂,细颗粒物(PM2.5),125,144,96,95,59,40,,107,84,66,43,11,14,0.9,0.7
2025-03-05T2200,3371A,116.3728,37.4403,德州市,开发区人民医院,细颗粒物(PM2.5),83,102,90,61,54,89,,111,108,33,43,14,14,0.7,0.7
2025-03-05T2200,3372A,116.3572,37.4094,德州市,太阳城中学,细颗粒物(PM2.5),119,136,96,90,66,57,,110,97,61,40,10,11,0.5,0.5
2025-03-05T2200,3511A,116.5652,37.3319,德州市,陵城艺术中心,细颗粒物(PM2.5),117,129,102,88,71,62,,112,102,57,40,16,16,0.9,0.8
2025-03-05T2200,2621A,99.7056,27.8317,迪庆藏族自治州,迪庆州站,,45,45,33,20,17,87,,95,90,11,8,7,7,0.4,0.4
2025-03-05T2200,3180A,99.7136,27.8094,迪庆藏族自治州,质量技术监督局,,40,30,29,28,19,83,,90,87,10,9,8,8,0.4,0.4
2025-03-05T2200,4257A,104.6092,35.5962,定西市,将台街,颗粒物(PM10),54,57,59,31,32,61,,95,87,37,21,10,9,0.8,0.2
2025-03-05T2200,4309A,104.6159,35.5701,定西市,正龙路62号,颗粒物(PM10),68,85,65,45,40,74,,92,88,10,8,7,7,0.6,1
2025-03-05T2200,1389A,113.7547,23.0494,东莞市,莞城梨川,,16,13,15,11,10,7,,17,11,22,17,5,5,0.8,0.7
2025-03-05T2200,1390A,113.7944,23.0128,东莞市,东城石井,,16,16,17,11,9,7,,14,8,20,18,5,6,0.8,0.7
2025-03-05T2200,1391A,113.7383,22.9658,东莞市,南城西平,,,14,17,9,9,,,13,9,32,27,4,5,0.4,0.4
2025-03-05T2200,3319A,113.7338,23.0381,东莞市,万江金泰,,14,14,12,8,5,4,,20,13,21,12,4,5,1.0,0.9
2025-03-05T2200,3626A,113.7533,23.0202,东莞市,南城元岭,,11,11,13,7,7,9,,17,11,16,15,4,5,0.9,0.9
2025-03-05T2200,3627A,113.7875,23.0457,东莞市,东城主山,,10,10,14,7,7,11,,18,12,19,18,6,7,0.7,0.7
2025-03-05T2200,1666A,118.6614,37.4309,东营市,市环保局,,36,36,19,12,8,53,,98,89,30,19,3,3,0.9,0.7
2025-03-05T2200,3036A,118.6904,37.4338,东营市,开发区管委会,,34,34,24,14,14,59,,95,88,24,15,1,2,0.4,0.4
2025-03-05T2200,3365A,118.5719,37.565,东营市,垦利区民丰路,颗粒物(PM10),54,58,31,17,12,9,,98,74,72,24,8,6,0.8,0.6
2025-03-05T2200,3498A,118.5055,37.8612,东营市,河口城区,,34,34,31,7,12,68,,107,98,18,21,2,3,0.5,0.6
2025-03-05T2200,3646A,118.4978,37.4623,东营市,胜利站,颗粒物(PM10),55,59,37,27,15,62,,106,94,32,23,7,7,0.6,0.5
2025-03-05T2200,3734A,118.35,37.26,东营市,理想之城,颗粒物(PM10),51,51,31,27,17,17,,102,78,81,28,5,6,0.4,0.4
2025-03-05T2200,1591A,110.0023,39.8129,鄂尔多斯市,综合楼,,42,41,38,29,26,50,,89,79,48,21,8,7,0.6,0.5
2025-03-05T2200,1592A,109.9486,39.8261,鄂尔多斯市,巴音孟克林场办事处,,36,36,37,24,27,70,,92,88,26,16,7,8,0.6,0.5
2025-03-05T2200,1593A,109.7736,39.5986,鄂尔多斯市,康泽苑,,,,40,19,27,66,,99,94,26,14,,8,,0.4
2025-03-05T2200,1594A,109.8119,39.5989,鄂尔多斯市,华泰汽车城,,35,24,41,24,32,51,,89,73,35,17,6,6,0.5,0.6
2025-03-05T2200,1595A,109.9734,39.7884,鄂尔多斯市,奥林花园,,45,44,42,31,23,70,,95,90,27,19,6,7,0.6,0.6
2025-03-05T2200,2436A,114.8938,30.3994,鄂州市,市政府,细颗粒物(PM2.5),59,47,38,42,35,58,,67,66,17,17,5,5,0.2,0.3
2025-03-05T2200,2437A,114.8989,30.3714,鄂州市,赵家坝,,,47,42,41,34,61,,68,68,,12,,3,0.5,0.6
2025-03-05T2200,3654A,114.8094,30.4089,鄂州市,精准医疗中心,,50,49,40,35,31,66,,76,75,7,9,5,4,0.7,0.5
2025-03-05T2200,2454A,109.4978,30.2981,恩施土家族苗族自治州,湖北民院,,28,20,18,19,11,49,,65,65,13,11,4,4,0.4,0.5
2025-03-05T2200,2455A,109.4707,30.2798,恩施土家族苗族自治州,州电力总公司,,22,19,15,15,12,48,,60,60,18,13,5,25,0.3,0.3
2025-03-05T2200,3549A,109.5061,30.3772,恩施土家族苗族自治州,龙凤新区,,14,11,14,6,9,42,,59,56,8,11,6,6,0.7,0.8
2025-03-05T2200,2499A,108.3411,21.6158,防城港市,沙万,,42,42,42,25,28,40,,42,42,11,13,7,8,0.8,0.9
2025-03-05T2200,2500A,108.3514,21.7731,防城港市,防城档案局,,46,46,48,26,41,36,,40,40,14,14,5,6,0.9,0.9
2025-03-05T2200,2501A,108.3506,21.6414,防城港市,大海花园,,45,33,45,31,33,40,,43,43,9,12,5,5,0.8,0.8
2025-03-05T2200,1371A,113.1294,23.0067,佛山市,湾梁,,18,12,23,6,9,8,,14,8,35,32,6,7,0.8,0.9
2025-03-05T2200,1372A,113.1083,23.0478,佛山市,华材职中,,17,9,23,7,12,8,,12,6,34,34,5,8,0.8,0.8
2025-03-05T2200,1373A,113.144,23.0453,佛山市,南海气象局,,16,,18,11,11,10,,12,6,21,22,8,8,0.6,0.6
2025-03-05T2200,1374A,113.2881,22.8094,佛山市,顺德苏岗,,20,20,33,3,7,1,,4,2,35,30,4,4,0.9,0.9
2025-03-05T2200,1376A,112.8383,22.8678,佛山市,高明孔堂,,20,20,24,10,8,13,,17,11,20,21,8,7,0.8,0.7
2025-03-05T2200,1377A,112.8836,23.1588,佛山市,三水监测站,,12,,13,8,5,12,,19,12,23,22,3,3,0.6,0.6
2025-03-05T2200,1378A,112.867,23.185,佛山市,三水云东海,,16,13,13,3,8,5,,20,10,31,21,3,3,0.5,0.5
2025-03-05T2200,3625A,113.2544,22.7642,佛山市,容桂街道办,,19,,16,9,12,2,,4,1,38,34,6,6,0.9,0.9
2025-03-05T2200,1280A,119.3903,26.0543,福州市,鼓山,,,,4,,2,,,53,,,4,,3,,0.4
2025-03-05T2200,1282A,119.2681,26.0504,福州市,师大,,19,17,8,11,4,60,,62,62,18,18,3,3,0.3,0.3
2025-03-05T2200,1283A,119.2984,26.1028,福州市,五四北路,,22,15,8,3,1,70,,63,63,18,18,3,3,0.4,0.5
2025-03-05T2200,1284A,119.2648,26.0768,福州市,杨桥西路,,22,12,8,3,2,68,,62,62,13,15,3,3,0.3,0.4
2025-03-05T2200,1285A,119.317,26.0746,福州市,紫阳,,21,11,8,3,2,65,,60,60,20,21,3,3,0.4,0.5
2025-03-05T2200,3048A,119.5799,26.0936,福州市,九龙,,22,15,12,9,3,68,,78,78,10,9,3,3,0.4,0.4
2025-03-05T2200,3526A,119.5189,25.9664,福州市,吴航,,24,13,9,10,7,74,,81,81,11,11,2,2,0.5,0.5
2025-03-05T2200,1755A,123.7977,41.8491,抚顺市,望花区,细颗粒物(PM2.5),98,93,110,73,73,17,,97,83,68,44,9,15,1.2,1.4
2025-03-05T2200,1756A,123.9161,41.8822,抚顺市,顺城区,细颗粒物(PM2.5),105,115,116,79,72,9,,95,69,77,52,10,14,1.2,1.3
2025-03-05T2200,1757A,124.0436,41.8611,抚顺市,东洲区,细颗粒物(PM2.5),92,103,114,68,72,52,,88,82,31,32,4,8,0.8,1.2
2025-03-05T2200,1758A,123.9247,41.8642,抚顺市,新抚区,细颗粒物(PM2.5),87,82,114,64,78,19,,91,80,70,49,5,10,0.9,1.2
2025-03-05T2200,1759A,124.0972,41.8961,抚顺市,大伙房水库,细颗粒物(PM2.5),148,,106,113,79,62,,88,83,21,29,7,11,1.0,1.3
2025-03-05T2200,1760A,123.7086,41.8391,抚顺市,沈抚新城,细颗粒物(PM2.5),85,64,102,63,77,23,,95,80,73,49,10,11,0.9,1.2
2025-03-05T2200,2376A,116.2127,28.0814,抚州市,桐源党溪,,33,26,40,23,24,38,,38,38,3,3,6,6,0.7,0.6
2025-03-05T2200,2377A,116.3544,27.9831,抚州市,市站,,26,26,30,15,19,38,,36,36,13,13,5,6,1.2,1.1
2025-03-05T2200,2378A,116.3565,27.963,抚州市,血防站,,32,32,38,20,21,52,,51,50,10,11,3,4,0.6,0.5
2025-03-05T2200,2379A,116.3564,28.0007,抚州市,采茶剧团,,36,26,30,25,21,33,,41,37,7,6,4,6,1.0,0.9
2025-03-05T2200,2380A,116.385,27.9647,抚州市,医学分院,,30,30,30,15,19,42,,43,41,7,6,4,5,0.9,0.9
2025-03-05T2200,2207A,121.6094,41.998,阜新市,工业园区,细颗粒物(PM2.5),179,197,143,135,100,30,,94,70,51,37,20,16,1.1,1.1
2025-03-05T2200,2208A,121.6697,42.0279,阜新市,长青街,细颗粒物(PM2.5),99,106,106,74,76,27,,94,73,51,40,11,13,0.9,1
2025-03-05T2200,2209A,121.6673,42.0705,阜新市,农业园区,细颗粒物(PM2.5),83,107,89,61,62,86,,103,95,16,21,14,21,1.5,1.1
2025-03-05T2200,2210A,121.6717,42.0224,阜新市,东苑,细颗粒物(PM2.5),99,84,107,74,76,38,,98,79,49,40,14,21,1.1,1.3
2025-03-05T2200,2211A,121.6506,42.0498,阜新市,玉龙新城,细颗粒物(PM2.5),102,130,115,76,71,13,,106,63,71,45,11,14,0.9,1
2025-03-05T2200,2301A,115.8277,32.8929,阜阳市,市监测站,细颗粒物(PM2.5),73,67,64,53,55,59,,71,70,19,15,5,5,0.5,0.4
2025-03-05T2200,2303A,115.8554,32.8605,阜阳市,开发区,细颗粒物(PM2.5),72,68,74,52,54,54,,70,67,30,21,5,5,0.6,0.5
2025-03-05T2200,2875A,115.784,32.8892,阜阳市,阜阳职业技术学院,细颗粒物(PM2.5),79,73,64,58,50,55,,70,68,20,16,6,6,0.6,0.5
2025-03-05T2200,3468A,115.7901,32.8613,阜阳市,市规划展馆,细颗粒物(PM2.5),69,66,65,50,53,65,,74,73,20,18,6,6,0.5,0.5
2025-03-05T2200,3469A,115.836,32.9183,阜阳市,枣园社区,细颗粒物(PM2.5),75,68,67,55,55,62,,77,74,18,17,5,5,0.4,0.4
2025-03-05T2200,2669A,102.9099,34.9841,甘南藏族自治州,州政府,,35,31,45,24,23,77,,82,82,6,8,10,12,0.3,0.3
2025-03-05T2200,3380A,102.8914,34.9617,甘南藏族自治州,甘肃民族师范学院,,32,32,47,8,12,92,,93,92,1,5,14,15,0.5,0.4
2025-03-05T2200,2570A,101.9603,30.0475,甘孜藏族自治州,水桥子,,27,8,8,3,5,84,,87,83,5,8,3,3,0.6,0.6
2025-03-05T2200,3065A,101.9533,29.9972,甘孜藏族自治州,州环保局,,27,6,8,3,5,84,,87,83,6,8,4,4,0.4,0.4
2025-03-05T2200,3414A,115.8347,28.932,赣江新区,桑海产业园,,40,31,39,28,34,36,,42,40,21,18,6,7,0.4,0.3
2025-03-05T2200,2362A,114.9017,25.9149,赣州市,通天岩,,18,18,16,3,4,36,,34,34,10,6,6,6,0.5,0.5
2025-03-05T2200,2363A,114.9367,25.8664,赣州市,地委,,18,18,23,8,10,35,,33,33,11,9,12,8,0.7,0.7
2025-03-05T2200,2364A,114.9461,25.8481,赣州市,气象台,,20,20,30,3,7,40,,39,38,18,15,7,7,0.7,0.8
2025-03-05T2200,2365A,114.9322,25.8333,赣州市,市图书馆,,16,16,18,11,12,36,,34,34,19,16,4,4,0.7,0.7
2025-03-05T2200,2366A,114.8905,25.8471,赣州市,华坚鞋城,,15,13,19,10,11,36,,34,34,12,10,4,4,0.6,0.6
2025-03-05T2200,3109A,115.0093,25.8613,赣州市,赣县区卫计委,,12,,13,8,11,35,,37,33,15,11,3,3,0.5,0.5
2025-03-05T2200,2683A,106.2319,36.1417,固原市,马园,细颗粒物(PM2.5),82,91,49,60,31,21,,74,67,62,25,7,6,1.0,0.7
2025-03-05T2200,2684A,106.2792,36.0022,固原市,监测站,颗粒物(PM10),55,59,47,38,32,78,,87,87,17,19,8,8,0.6,0.8
2025-03-05T2200,2685A,106.2375,36.0211,固原市,新区,"颗粒物(PM10),细颗粒物(PM2.5)",52,53,44,36,28,75,,85,85,19,20,10,8,0.6,0.7
2025-03-05T2200,3522A,106.2177,35.9959,固原市,原州区十五小,,,63,46,37,31,76,,89,89,21,23,,9,0.5,0.6
2025-03-05T2200,2543A,106.6308,30.5278,广安市,小平旧居,,,,,,,,,,,,,,,,
2025-03-05T2200,2544A,106.6303,30.4576,广安市,市委,,16,,16,11,12,49,,56,56,15,14,3,7,0.5,0.5
2025-03-05T2200,2545A,106.6271,30.4663,广安市,友谊中学,,18,,14,12,10,48,,56,56,16,17,3,2,0.6,0.7
2025-03-05T2200,2547A,106.6388,30.4551,广安市,广电花园,,15,11,14,7,13,48,,50,50,16,18,3,3,0.6,0.7
2025-03-05T2200,2902A,106.6351,30.4865,广安市,北辰小学,,17,8,16,7,11,54,,56,56,13,15,4,5,0.2,0.3
2025-03-05T2200,2523A,105.8945,32.4535,广元市,黑石坡,,39,39,24,24,14,65,,63,63,4,7,8,8,0.4,0.5
2025-03-05T2200,2524A,105.821,32.4444,广元市,老城,,36,36,21,16,9,47,,67,63,25,8,1,2,0.4,0.5
2025-03-05T2200,2526A,105.8628,32.4287,广元市,监测站,,35,35,21,17,16,57,,73,70,20,10,3,3,0.4,0.4
2025-03-05T2200,3617A,105.8047,32.4166,广元市,经开区,,31,31,21,18,14,41,,61,58,27,11,2,2,0.6,0.6
2025-03-05T2200,1345A,113.2347,23.1423,广州市,广雅中学,,15,12,19,9,13,10,,15,10,29,25,4,4,0.6,0.6
2025-03-05T2200,1346A,113.2612,23.105,广州市,市五中,,15,11,15,8,10,7,,16,8,30,23,3,3,0.7,0.7
2025-03-05T2200,1348A,113.3478,23.0916,广州市,广东商学院,,12,9,13,3,7,14,,15,10,23,22,3,3,0.8,0.8
2025-03-05T2200,1349A,113.4332,23.1047,广州市,市八十六中,,12,12,15,8,9,13,,14,12,24,23,2,2,0.6,0.6
2025-03-05T2200,1350A,113.3505,22.9483,广州市,番禺中学,,15,15,19,3,6,9,,9,7,29,27,6,7,0.9,0.9
2025-03-05T2200,1351A,113.2146,23.3916,广州市,花都师范,,10,6,12,3,6,16,,22,15,20,18,2,3,0.8,0.8
2025-03-05T2200,1352A,113.2597,23.1331,广州市,市监测站,,16,11,15,6,9,8,,16,8,32,24,5,5,0.8,0.8
2025-03-05T2200,1353A,113.5618,23.312,广州市,九龙镇镇龙,,10,6,9,3,5,20,,21,18,19,17,4,4,0.7,0.7
2025-03-05T2200,1354A,113.2765,23.1544,广州市,麓湖,,16,11,16,7,10,8,,15,8,31,24,3,3,0.5,0.4
2025-03-05T2200,1355A,113.443,23.3035,广州市,帽峰山森林公园,,9,6,6,3,4,26,,25,24,15,15,3,3,0.8,0.9
2025-03-05T2200,2846A,113.3221,23.1322,广州市,体育西,,12,12,16,3,7,17,,17,12,19,17,4,3,0.7,0.7
2025-03-05T2200,3298A,113.5717,23.5491,广州市,从化街口,,11,6,6,3,4,17,,29,21,22,14,6,6,0.7,0.7
2025-03-05T2200,3299A,113.3472,23.3692,广州市,白云竹料,,11,6,9,3,7,34,,32,27,11,11,6,6,0.7,0.7
2025-03-05T2200,3300A,113.2981,23.237,广州市,白云嘉禾,,12,10,15,6,9,21,,20,14,24,26,6,6,0.6,0.7
2025-03-05T2200,3301A,113.4256,23.1716,广州市,黄埔科学城,,10,8,12,6,8,16,,19,14,19,18,7,6,0.7,0.7
2025-03-05T2200,3302A,113.3942,23.0483,广州市,番禺大学城,,,8,11,3,6,,,9,8,26,27,3,3,0.7,1.2
2025-03-05T2200,3303A,113.4922,22.8168,广州市,南沙黄阁,,16,16,22,10,12,6,,10,6,31,28,5,6,0.7,0.8
2025-03-05T2200,3304A,113.5342,22.7896,广州市,南沙街,,18,18,21,10,11,2,,8,5,32,30,6,7,0.8,0.8
2025-03-05T2200,3443A,113.2902,23.5544,广州市,花都梯面,,9,6,12,3,10,18,,24,22,17,16,5,7,0.7,0.8
2025-03-05T2200,3445A,113.7858,23.7478,广州市,从化良口,,10,6,4,3,2,29,,31,31,11,9,6,6,0.7,0.8
2025-03-05T2200,3446A,113.8051,23.2614,广州市,增城荔城,,7,6,6,3,5,18,,27,24,11,10,6,6,0.7,0.7
2025-03-05T2200,2505A,109.568,23.1478,贵港市,德智高中,,,,,,,,,,,,,,,,
2025-03-05T2200,2506A,109.6047,23.0666,贵港市,江南子站,,31,31,42,17,25,36,,39,38,11,12,6,6,0.5,0.5
2025-03-05T2200,2507A,109.6014,23.0948,贵港市,贵城子站,,30,30,40,16,23,35,,39,38,14,14,5,6,0.9,0.9
2025-03-05T2200,2508A,109.5669,23.1065,贵港市,荷城子站,,36,36,42,14,20,35,,39,38,13,10,7,9,0.6,0.6
2025-03-05T2200,3405A,109.5886,23.1172,贵港市,新世纪学校,,31,31,48,20,27,34,,38,37,13,14,4,4,0.5,0.5
2025-03-05T2200,1439A,106.6899,26.5998,贵阳市,马鞍山,,17,12,11,7,6,52,,60,58,6,7,4,4,0.5,0.5
2025-03-05T2200,1441A,106.6243,26.6266,贵阳市,鉴湖路,,19,19,23,9,9,54,,60,57,7,9,9,9,0.3,0.4
2025-03-05T2200,1442A,106.7487,26.6343,贵阳市,燕子冲,,18,12,13,12,13,56,,65,62,7,8,5,5,0.2,0.3
2025-03-05T2200,1443A,106.6555,26.4365,贵阳市,碧云窝,,19,19,27,9,9,54,,74,58,9,13,6,9,0.4,0.5
2025-03-05T2200,1445A,106.7109,26.6027,贵阳市,红边门,,,17,16,9,12,55,,65,59,,5,3,5,0.5,0.4
2025-03-05T2200,1446A,106.7164,26.5699,贵阳市,新华路,,18,14,17,9,11,56,,70,61,9,9,8,8,0.3,0.4
2025-03-05T2200,1447A,106.674,26.5424,贵阳市,太慈桥,,17,17,16,7,8,53,,72,60,13,12,6,6,0.4,0.4
2025-03-05T2200,1552A,106.805,26.3003,贵阳市,桐木岭,,36,36,36,25,25,53,,63,57,3,5,1,1,0.3,0.4
2025-03-05T2200,4230A,106.6882,26.5695,贵阳市,花果园大街66号,,16,,7,10,12,50,,66,58,9,10,5,5,0.2,0.2
2025-03-05T2200,4231A,106.6873,26.5169,贵阳市,漓江路57号,,17,12,16,3,9,52,,73,62,10,10,9,9,0.5,0.5
2025-03-05T2200,1862A,110.4144,25.3167,桂林市,电子科大尧山校区,,,,,,,,,,,,,,,,
2025-03-05T2200,1864A,110.3089,25.2708,桂林市,龙隐路小学,,17,,11,9,10,54,,56,48,7,8,7,7,0.7,0.7
2025-03-05T2200,1865A,110.2869,25.2178,桂林市,八中,,15,10,11,10,11,48,,51,41,12,13,6,6,0.6,0.6
2025-03-05T2200,3531A,110.296,25.1253,桂林市,旅游学院,,14,,7,7,10,43,,54,39,8,9,6,6,0.9,0.9
2025-03-05T2200,4222A,110.1835,25.2444,桂林市,环湖路276号,,12,,10,7,10,36,,42,35,10,9,6,6,0.8,0.8
2025-03-05T2200,4301A,110.2803,25.2773,桂林市,信义路13号,,15,12,11,9,11,46,,51,41,11,10,5,5,0.9,0.8
2025-03-05T2200,2674A,100.2561,34.4714,果洛藏族自治州,玛沁县大武镇,,34,34,56,21,20,102,,100,100,2,2,10,7,0.6,0.6
2025-03-05T2200,1129A,126.5422,45.755,哈尔滨市,岭北,细颗粒物(PM2.5),62,57,33,44,21,93,,108,106,20,19,11,13,0.8,0.7
2025-03-05T2200,1130A,126.561,45.8167,哈尔滨市,松北商大,细颗粒物(PM2.5),58,56,39,41,24,65,,93,88,38,24,7,16,0.6,0.5
2025-03-05T2200,1131A,126.979,45.5419,哈尔滨市,阿城会宁,细颗粒物(PM2.5),67,52,45,48,29,78,,96,89,20,18,17,18,1.0,0.7
2025-03-05T2200,1132A,126.599,45.7222,哈尔滨市,南岗学府路,颗粒物(PM10),61,71,52,41,23,93,,99,98,20,25,7,11,0.6,0.6
2025-03-05T2200,1133A,126.689,45.7733,哈尔滨市,太平宏伟公园,细颗粒物(PM2.5),72,71,45,52,27,67,,96,89,36,28,6,6,0.7,0.5
2025-03-05T2200,1134A,126.635,45.7667,哈尔滨市,道外承德广场,细颗粒物(PM2.5),70,81,55,51,30,91,,94,94,18,23,7,8,0.4,0.5
2025-03-05T2200,1135A,126.685,45.7319,哈尔滨市,香坊红旗大街,细颗粒物(PM2.5),77,61,45,56,27,84,,95,93,25,28,9,13,0.8,0.7
2025-03-05T2200,1136A,126.6411,45.7258,哈尔滨市,动力和平路,细颗粒物(PM2.5),74,56,43,54,31,99,,100,100,17,21,9,12,0.6,0.5
2025-03-05T2200,1137A,126.593,45.7478,哈尔滨市,道里建国路,细颗粒物(PM2.5),70,53,40,51,29,88,,91,91,19,24,9,11,0.6,0.5
2025-03-05T2200,1138A,126.615,45.61,哈尔滨市,平房东轻厂,细颗粒物(PM2.5),84,87,56,62,38,17,,87,62,79,36,33,14,1.1,0.8
2025-03-05T2200,1139A,126.595,45.9855,哈尔滨市,呼兰师专,细颗粒物(PM2.5),79,,45,58,32,79,,95,90,26,24,9,9,0.9,0.7
2025-03-05T2200,1140A,126.6206,45.6842,哈尔滨市,省农科院,细颗粒物(PM2.5),62,62,49,44,32,92,,96,95,20,26,9,12,0.6,0.5
2025-03-05T2200,2688A,93.5128,42.8172,哈密市,地区监测站,颗粒物(PM10),66,81,173,29,39,70,,80,79,18,18,6,7,0.1,0.4
2025-03-05T2200,2689A,93.4961,42.8328,哈密市,哈密师范学校,颗粒物(PM10),65,79,120,23,40,69,,79,78,19,21,4,7,0.5,0.6
2025-03-05T2200,2671A,100.9048,36.9639,海北藏族自治州,海晏县西海镇,,48,40,53,33,31,88,,96,95,8,6,12,9,0.5,0.5
2025-03-05T2200,3867A,102.0738,36.5056,海东市,平安区公安北苑,,47,47,64,15,22,92,,64,64,3,5,8,10,0.6,0.7
2025-03-05T2200,1409A,110.576,19.9507,海口市,东寨港,,20,,13,14,10,47,,43,41,3,3,4,10,0.6,0.6
2025-03-05T2200,1410A,110.3232,20.0574,海口市,海南大学,,30,30,22,12,11,34,,52,44,10,9,3,2,0.4,0.4
2025-03-05T2200,1411A,110.283,20.0053,海口市,秀英海南医院,,23,23,24,13,11,38,,52,46,8,11,4,4,0.4,0.3
2025-03-05T2200,1412A,110.338,19.9969,海口市,海南师范大学,,27,27,24,12,12,42,,56,50,5,4,3,3,0.4,0.4
2025-03-05T2200,1413A,110.33,20.0356,海口市,龙华路环保局宿舍,,23,23,23,13,11,29,,51,,8,5,3,3,0.3,0.3
2025-03-05T2200,3539A,110.5111,19.9736,海口市,桂林洋子站,,18,18,18,9,10,49,,49,46,4,5,3,3,0.2,0.2
2025-03-05T2200,2673A,100.6188,36.2866,海南藏族自治州,共和县恰卜恰镇,,46,46,51,21,28,89,,97,95,9,10,4,7,0.7,0.6
2025-03-05T2200,2676A,97.3731,37.3753,海西蒙古族藏族自治州,德令哈市,颗粒物(PM10),500,815,207,136,52,91,,105,88,6,5,16,15,0.5,0.5
2025-03-05T2200,1048A,114.5302,36.6116,邯郸市,东污水处理厂,细颗粒物(PM2.5),62,69,65,44,41,42,,83,75,51,40,2,4,0.7,0.8
2025-03-05T2200,1049A,114.4918,36.5713,邯郸市,矿院,细颗粒物(PM2.5),83,109,90,61,46,22,,80,66,75,50,4,4,0.8,0.7
2025-03-05T2200,1050A,114.484,36.6133,邯郸市,丛台公园,细颗粒物(PM2.5),54,52,55,38,38,65,,79,77,29,32,5,7,0.6,0.7
2025-03-05T2200,3458A,114.7895,36.5593,邯郸市,香泉濮院小区,,,71,56,41,30,63,,96,85,36,23,6,4,,0.5
2025-03-05T2200,3579A,114.50634,36.77178,邯郸市,永年区实验高中,颗粒物(PM10),70,89,78,48,38,55,,79,69,38,43,3,5,0.9,1.1
2025-03-05T2200,3580A,114.20016,36.44293,邯郸市,峰峰矿区临水派出所,细颗粒物(PM2.5),103,86,62,77,48,69,,88,83,19,14,5,10,1.1,1.6
2025-03-05T2200,2634A,106.9893,33.1842,汉中市,汉川机床厂子校,,22,16,13,15,12,47,,66,62,5,6,5,6,0.7,0.7
2025-03-05T2200,2635A,107.0154,33.0706,汉中市,市监测站,,28,26,19,19,15,56,,59,55,18,18,6,6,1.1,1
2025-03-05T2200,2636A,107.0089,33.1138,汉中市,鑫源开发区,,24,24,17,16,16,64,,66,66,15,16,4,4,0.8,0.8
2025-03-05T2200,2637A,107.007,33.0323,汉中市,南郑大河坎水厂,细颗粒物(PM2.5),67,59,22,48,20,7,,64,43,51,20,9,7,1.6,1
2025-03-05T2200,1223A,120.2072,30.2111,杭州市,滨江,细颗粒物(PM2.5),67,58,37,48,31,47,,60,60,30,22,6,5,0.5,0.6
2025-03-05T2200,1224A,120.0633,30.2747,杭州市,西溪,颗粒物(PM10),58,66,39,38,24,43,,62,60,30,18,6,6,0.5,0.6
2025-03-05T2200,1226A,120.3461,30.3153,杭州市,下沙,细颗粒物(PM2.5),58,63,43,41,29,40,,56,53,36,28,4,4,0.6,0.6
2025-03-05T2200,1227A,120.1269,30.2456,杭州市,卧龙桥,细颗粒物(PM2.5),54,55,32,38,23,50,,62,62,26,18,5,5,0.6,0.6
2025-03-05T2200,1228A,120.1903,30.2692,杭州市,浙江农大,,50,50,35,30,22,36,,53,52,35,21,7,7,0.5,0.6
2025-03-05T2200,1230A,120.1197,30.3119,杭州市,和睦小学,细颗粒物(PM2.5),62,60,37,44,30,47,,61,61,38,27,6,7,0.6,0.6
2025-03-05T2200,1231A,120.3019,30.4183,杭州市,临平镇,细颗粒物(PM2.5),64,58,41,46,30,52,,71,66,24,22,5,5,0.7,0.6
2025-03-05T2200,1232A,120.2697,30.1819,杭州市,城厢镇,颗粒物(PM10),60,69,39,42,30,44,,60,58,36,26,6,6,0.7,0.7
2025-03-05T2200,1233A,120.0883,30.1808,杭州市,云栖,细颗粒物(PM2.5),62,62,36,44,27,39,,60,55,25,19,7,7,0.7,0.7
2025-03-05T2200,3557A,119.9464,30.0494,杭州市,镇二中,细颗粒物(PM2.5),52,40,25,36,21,52,,56,55,25,19,5,5,0.5,0.5
2025-03-05T2200,3558A,119.7183,30.2367,杭州市,市府大楼,细颗粒物(PM2.5),65,65,36,47,29,54,,57,55,24,20,7,6,0.5,0.5
2025-03-05T2200,3656A,120.1556,30.2864,杭州市,消防大队,细颗粒物(PM2.5),63,61,39,45,30,51,,64,64,36,27,6,6,0.6,0.6
2025-03-05T2200,1270A,117.1959,31.7848,合肥市,明珠广场,细颗粒物(PM2.5),83,73,67,61,56,50,,58,57,29,22,3,3,0.7,0.7
2025-03-05T2200,1271A,117.3072,31.8764,合肥市,三里街,细颗粒物(PM2.5),79,78,70,58,55,48,,56,55,30,21,4,4,0.6,0.5
2025-03-05T2200,1272A,117.2588,31.8707,合肥市,琥珀山庄,细颗粒物(PM2.5),85,68,67,63,61,55,,57,57,26,23,1,1,0.5,0.4
2025-03-05T2200,1273A,117.1604,31.9052,合肥市,董铺水库,细颗粒物(PM2.5),70,85,71,51,47,48,,63,56,22,15,2,2,0.5,0.5
2025-03-05T2200,1274A,117.25,31.8571,合肥市,长江中路,细颗粒物(PM2.5),83,78,70,61,60,63,,64,64,24,22,7,7,0.7,0.6
2025-03-05T2200,1275A,117.266,31.9436,合肥市,庐阳区,细颗粒物(PM2.5),77,70,71,56,55,60,,65,64,23,21,4,4,0.5,0.4
2025-03-05T2200,1276A,117.336,31.8586,合肥市,瑶海区,细颗粒物(PM2.5),80,78,72,59,56,53,,58,57,22,17,4,4,0.6,0.6
2025-03-05T2200,1277A,117.3027,31.7964,合肥市,包河区,细颗粒物(PM2.5),79,73,67,58,55,37,,43,41,44,30,3,3,0.5,0.5
2025-03-05T2200,1278A,117.2776,31.7385,合肥市,滨湖新区,细颗粒物(PM2.5),85,75,69,63,60,60,,58,58,22,21,4,5,0.4,0.4
2025-03-05T2200,1279A,117.1318,31.8403,合肥市,高新区,细颗粒物(PM2.5),84,75,70,62,55,36,,55,50,30,19,1,1,0.5,0.4
2025-03-05T2200,3464A,117.3803,31.9147,合肥市,高教基地,细颗粒物(PM2.5),84,70,68,62,60,54,,63,62,19,13,6,6,0.6,0.5
2025-03-05T2200,3614A,79.924,37.0877,和田地区,地区环保局,颗粒物(PM10),89,128,84,25,24,68,,85,82,9,6,2,2,0.6,0.3
2025-03-05T2200,3615A,79.9131,37.113,和田地区,市环保局,颗粒物(PM10),51,51,73,10,17,73,,96,93,9,7,3,2,0.6,0.8
2025-03-05T2200,2516A,108.2011,24.715,河池市,东仁乐园,,16,11,24,7,8,51,,56,50,5,6,5,6,0.8,0.8
2025-03-05T2200,2517A,108.0497,24.6947,河池市,市环保站,,15,7,14,7,7,48,,56,51,6,5,8,8,0.6,0.6
2025-03-05T2200,2518A,108.0983,24.6989,河池市,市疾控中心,,17,10,18,6,9,53,,57,51,2,3,6,6,0.6,0.6
2025-03-05T2200,1696A,114.6778,23.7569,河源市,源西,,9,,8,6,8,23,,26,24,15,12,4,5,0.4,0.4
2025-03-05T2200,1697A,114.6944,23.7586,河源市,东埔,,10,,9,7,9,26,,27,27,16,13,3,3,0.7,0.7
2025-03-05T2200,1698A,114.6892,23.7233,河源市,老城,,8,,10,3,7,25,,26,26,14,11,3,3,0.8,0.8
2025-03-05T2200,1718A,115.4208,35.2464,菏泽市,气象局,,,,57,,36,29,,112,100,73,34,13,6,0.3,0.5
2025-03-05T2200,3374A,115.5564,35.0891,菏泽市,定陶老年大学,细颗粒物(PM2.5),64,73,54,46,34,57,,106,97,48,41,10,6,0.6,0.3
2025-03-05T2200,4184A,115.4797,35.24401,菏泽市,永昌路1号,细颗粒物(PM2.5),70,78,56,51,37,74,,108,100,40,31,17,10,0.3,0.3
2025-03-05T2200,4193A,115.4715,35.2800,菏泽市,长城路999号,细颗粒物(PM2.5),73,84,55,53,31,62,,98,87,45,31,13,6,0.5,0.5
2025-03-05T2200,2514A,111.5264,24.4172,贺州市,环保小区,,21,21,20,3,13,31,,38,32,9,9,6,6,0.7,0.7
2025-03-05T2200,2515A,111.5608,24.4078,贺州市,政协大楼,,20,20,26,9,11,24,,34,26,14,11,6,5,0.9,0.9
2025-03-05T2200,3534A,111.4744,24.4553,贺州市,西湾,,17,17,17,10,12,32,,35,31,10,10,6,6,0.7,0.7
2025-03-05T2200,2385A,114.17,35.9019,鹤壁市,市监测站,细颗粒物(PM2.5),103,126,72,77,50,35,,79,70,44,27,2,3,1.0,0.8
2025-03-05T2200,2386A,114.2956,35.7511,鹤壁市,市交警支队,细颗粒物(PM2.5),114,110,74,86,43,36,,74,70,53,38,3,4,0.9,0.6
2025-03-05T2200,2387A,114.2878,35.7306,鹤壁市,迎宾馆,细颗粒物(PM2.5),99,109,79,74,38,46,,83,79,59,39,6,4,1.2,0.9
2025-03-05T2200,3474A,114.2617,35.6822,鹤壁市,大新区,细颗粒物(PM2.5),103,88,63,77,60,26,,78,70,55,42,4,6,0.9,0.8
2025-03-05T2200,3596A,114.1572,35.9603,鹤壁市,南山宾馆,细颗粒物(PM2.5),125,101,69,95,59,72,,88,83,22,16,8,8,0.7,0.5
2025-03-05T2200,2244A,130.2537,47.3416,鹤岗市,哈啤分公司,,42,42,41,28,29,92,,72,72,6,16,14,17,0.6,0.7
2025-03-05T2200,2245A,130.2684,47.3086,鹤岗市,斯达机电,,46,45,47,32,28,77,,74,74,14,18,14,21,0.4,0.5
2025-03-05T2200,2246A,130.3114,47.3388,鹤岗市,东山纸板厂,细颗粒物(PM2.5),77,84,90,56,38,27,,64,49,42,28,16,23,2.4,1.2
2025-03-05T2200,2247A,130.1097,47.3382,鹤岗市,五号水库,,,,,,,,,,,,,,,,
2025-03-05T2200,2263A,127.4833,50.2524,黑河市,交通局,颗粒物(PM10),58,65,62,40,35,74,,94,86,31,25,8,8,0.7,0.6
2025-03-05T2200,2264A,127.5144,50.2341,黑河市,环保局,颗粒物(PM10),67,83,65,45,40,59,,96,87,42,27,9,7,0.9,0.7
2025-03-05T2200,2265A,127.5291,50.2472,黑河市,大黑河岛,,,,,,,,,,,,,,,,
2025-03-05T2200,1074A,115.6838,37.7541,衡水市,电机北厂,细颗粒物(PM2.5),77,67,66,56,43,97,,114,110,21,19,7,9,0.5,0.5
2025-03-05T2200,1075A,115.6303,37.7316,衡水市,市监测站,细颗粒物(PM2.5),87,64,58,64,43,100,,113,110,22,31,6,7,0.4,0.4
2025-03-05T2200,3188A,115.6683,37.7217,衡水市,市城管局,细颗粒物(PM2.5),73,75,62,53,44,86,,112,105,28,31,7,9,0.5,0.5
2025-03-05T2200,3459A,115.5989,37.5491,衡水市,地表水厂,细颗粒物(PM2.5),79,92,68,58,48,67,,120,91,47,49,15,11,0.7,0.6
2025-03-05T2200,2456A,112.5003,26.9167,衡阳市,原169医院,,19,,24,13,19,37,,34,32,19,20,7,6,0.6,0.7
2025-03-05T2200,2457A,112.6194,26.9258,衡阳市,衡阳化工总厂,,16,,25,6,27,51,,40,39,14,16,4,3,0.5,0.7
2025-03-05T2200,2458A,112.6211,26.8956,衡阳市,珠晖区环保局,,20,,24,14,27,53,,38,38,16,19,5,5,0.7,0.7
2025-03-05T2200,2459A,112.6197,26.8733,衡阳市,市委党校,,17,8,26,8,26,54,,46,46,16,18,8,8,0.7,0.8
2025-03-05T2200,2460A,112.6006,26.8919,衡阳市,市监测站,,18,11,34,10,30,57,,44,44,15,15,6,6,0.7,0.7
2025-03-05T2200,2461A,112.5664,26.9056,衡阳市,真空机电公司,,22,,35,15,28,53,,43,43,15,14,5,5,0.5,0.5
2025-03-05T2200,3399A,112.6703,26.882,衡阳市,师范学院,,23,,33,16,35,48,,41,41,18,17,7,6,0.7,0.8
2025-03-05T2200,2608A,103.3772,23.3993,红河哈尼族彝族自治州,污水处理厂,细颗粒物(PM2.5),108,89,81,81,68,121,,139,134,10,12,9,9,0.5,0.5
2025-03-05T2200,2609A,103.3861,23.35,红河哈尼族彝族自治州,监测站,细颗粒物(PM2.5),105,91,82,79,57,113,,139,132,12,11,11,11,0.5,0.5
2025-03-05T2200,3038A,103.3758,23.368,红河哈尼族彝族自治州,州图书馆,细颗粒物(PM2.5),87,90,78,64,61,110,,133,127,11,9,8,8,0.5,0.4
2025-03-05T2200,1090A,111.6507,40.7517,呼和浩特市,呼市一监,,24,24,32,10,27,55,,94,85,25,18,8,9,0.5,0.6
2025-03-05T2200,1091A,111.6572,40.8033,呼和浩特市,小召,,29,29,34,9,24,54,,97,87,36,23,3,3,0.5,0.5
2025-03-05T2200,1094A,111.7516,40.8369,呼和浩特市,如意水处理厂,,17,14,27,8,21,53,,85,75,30,20,8,8,0.4,0.5
2025-03-05T2200,1095A,111.7276,40.8062,呼和浩特市,二十九中,,22,22,35,9,24,63,,92,84,28,18,3,3,0.4,0.5
2025-03-05T2200,1096A,111.5512,40.7866,呼和浩特市,工大金川校区,,25,25,32,7,19,46,,89,72,34,25,6,5,0.5,0.5
2025-03-05T2200,1097A,111.717,40.7612,呼和浩特市,化肥厂生活区,,21,21,38,12,30,48,,91,82,14,25,6,6,0.5,0.6
2025-03-05T2200,3698A,111.5968,40.8178,呼和浩特市,红旗小学,,25,14,25,6,20,79,,99,90,15,20,3,3,0.4,0.5
2025-03-05T2200,3699A,111.6518,40.8389,呼和浩特市,海东办,,20,14,26,7,22,62,,94,83,24,23,5,6,0.3,0.5
2025-03-05T2200,2192A,119.7594,49.2261,呼伦贝尔市,区环保局,,39,38,38,27,26,92,,97,95,18,19,6,6,0.4,0.4
2025-03-05T2200,3061A,119.7512,49.1577,呼伦贝尔市,国华电力东,,46,46,42,32,27,70,,107,100,26,11,4,5,0.7,0.5
2025-03-05T2200,1250A,120.0751,30.8669,湖州市,城西水厂,"颗粒物(PM10),细颗粒物(PM2.5)",53,55,42,37,28,60,,75,68,22,30,6,6,0.6,0.4
2025-03-05T2200,2873A,120.0875,30.8955,湖州市,仁皇山新区,细颗粒物(PM2.5),58,53,37,41,29,61,,81,70,17,17,3,3,0.6,0.5
2025-03-05T2200,2907A,120.1844,30.8596,湖州市,吴兴区站,细颗粒物(PM2.5),53,49,39,37,31,46,,72,58,29,21,4,4,0.6,0.4
2025-03-05T2200,3562A,120.4148,30.8538,湖州市,南浔区站,,33,30,33,23,25,64,,80,68,24,22,8,7,0.4,0.5
2025-03-05T2200,1607A,120.9092,40.7136,葫芦岛市,龙港区,细颗粒物(PM2.5),132,,67,100,59,26,,80,68,70,36,22,17,1.1,0.8
2025-03-05T2200,1608A,120.8392,40.7514,葫芦岛市,化工街,细颗粒物(PM2.5),149,166,85,114,59,7,,77,50,89,42,14,11,1.1,0.7
2025-03-05T2200,1609A,120.8341,40.7073,葫芦岛市,新区,细颗粒物(PM2.5),135,108,64,103,59,6,,80,65,111,48,11,10,1.4,0.9
2025-03-05T2200,1610A,120.8695,40.7677,葫芦岛市,东城区,细颗粒物(PM2.5),200,,73,150,71,7,,64,50,94,54,41,14,1.6,1
2025-03-05T2200,2482A,109.5981,27.5721,怀化市,林科所,,23,13,13,6,13,72,,71,71,4,4,6,6,1.0,0.9
2025-03-05T2200,2483A,109.9453,27.5444,怀化市,河西地税局,,22,13,18,11,18,69,,65,65,6,7,6,7,0.5,0.5
2025-03-05T2200,2484A,109.9781,27.5342,怀化市,市四医院,,22,14,20,11,16,68,,62,62,8,9,2,2,0.3,0.4
2025-03-05T2200,2485A,109.9972,27.5578,怀化市,监测楼,,21,11,17,11,14,67,,64,64,11,11,5,6,0.4,0.5
2025-03-05T2200,2486A,110.0394,27.583,怀化市,市委党校,,20,14,19,10,17,64,,64,64,8,8,6,5,0.4,0.5
2025-03-05T2200,1210A,119.036,33.5981,淮安市,钵池山,细颗粒物(PM2.5),77,58,62,56,54,69,,93,87,19,18,6,7,0.7,0.7
2025-03-05T2200,1211A,119.007,33.575,淮安市,北京南路,细颗粒物(PM2.5),72,,63,52,52,70,,90,86,19,20,7,7,0.7,0.7
2025-03-05T2200,1212A,118.989,33.6067,淮安市,市监测站,细颗粒物(PM2.5),64,58,59,46,57,74,,99,93,21,23,6,7,0.6,0.7
2025-03-05T2200,1213A,119.135,33.5039,淮安市,楚州区监测站,细颗粒物(PM2.5),73,54,62,53,53,74,,95,89,18,20,6,6,0.5,0.7
2025-03-05T2200,3426A,118.8755,33.2894,淮安市,新华书店,细颗粒物(PM2.5),69,50,66,50,63,79,,90,87,18,16,8,8,0.6,0.5
2025-03-05T2200,4206A,119.0288,33.6319,淮安市,承德北路606号,细颗粒物(PM2.5),74,68,72,54,53,65,,95,87,28,26,6,6,0.8,0.8
2025-03-05T2200,2282A,116.8004,33.975,淮北市,监测站,细颗粒物(PM2.5),67,82,76,48,55,60,,80,76,41,20,6,4,1.0,0.7
2025-03-05T2200,2283A,116.8091,33.9007,淮北市,烈山区政府,细颗粒物(PM2.5),100,93,76,75,61,46,,87,80,41,26,4,3,0.9,0.8
2025-03-05T2200,3330A,116.8873,33.9836,淮北市,杜集区检察院,细颗粒物(PM2.5),89,87,81,66,58,79,,89,87,23,21,5,4,0.8,0.8
2025-03-05T2200,4017A,116.7923,33.9535,淮北市,市博物馆,细颗粒物(PM2.5),103,98,76,77,61,44,,82,76,39,23,6,6,0.8,0.6
2025-03-05T2200,2277A,116.8305,32.7727,淮南市,潘集区政府,细颗粒物(PM2.5),89,84,79,66,69,51,,68,66,26,20,3,3,0.5,0.5
2025-03-05T2200,2279A,116.8569,32.5951,淮南市,谢家集区政府,细颗粒物(PM2.5),82,70,74,60,63,48,,62,62,24,17,7,5,0.5,0.5
2025-03-05T2200,2280A,116.8281,32.633,淮南市,八公山区政府,细颗粒物(PM2.5),74,72,74,54,59,55,,65,65,16,15,3,4,0.4,0.4
2025-03-05T2200,2281A,116.6325,32.6201,淮南市,焦岗湖风景区管理处,颗粒物(PM10),56,61,60,38,46,26,,46,41,16,9,6,8,0.1,0.1
2025-03-05T2200,2894A,117.0566,32.6531,淮南市,经济技术开发区消防队,细颗粒物(PM2.5),88,87,86,65,68,52,,64,62,12,10,4,4,0.3,0.3
2025-03-05T2200,3329A,117.0108,32.5893,淮南市,山南新区,细颗粒物(PM2.5),80,70,76,59,65,49,,69,67,17,10,5,5,0.5,0.5
2025-03-05T2200,4209A,117.0031,32.6445,淮南市,国庆中路369号,颗粒物(PM10),66,81,74,42,59,48,,68,65,27,19,3,3,0.5,0.5
2025-03-05T2200,2446A,114.9028,30.4742,黄冈市,职工中心,细颗粒物(PM2.5),53,39,35,37,32,62,,72,71,10,14,2,3,0.5,0.5
2025-03-05T2200,2929A,114.8858,30.4519,黄冈市,红卫路,细颗粒物(PM2.5),52,45,38,36,31,63,,77,74,18,16,4,5,0.4,0.4
2025-03-05T2200,3398A,114.9136,30.4445,黄冈市,市林业局,细颗粒物(PM2.5),52,42,35,36,31,59,,71,69,5,8,7,8,0.6,0.6
2025-03-05T2200,2672A,102.0199,35.5102,黄南藏族自治州,同仁县隆务镇,颗粒物(PM10),54,58,58,28,32,80,,85,83,6,7,17,16,0.5,0.5
2025-03-05T2200,2295A,118.2903,29.6963,黄山市,延安路89号,,43,,24,30,17,58,,61,60,8,8,3,4,0.6,0.6
2025-03-05T2200,2297A,118.1371,30.2756,黄山市,黄山区政府5号楼,细颗粒物(PM2.5),54,40,36,38,26,48,,59,58,8,8,7,7,0.5,0.5
2025-03-05T2200,4210A,118.3354,29.7203,黄山市,滨江东路7-2号,,36,34,32,25,18,56,,57,56,9,9,4,4,0.3,0.4
2025-03-05T2200,2423A,115.0601,30.2313,黄石市,沈家营,颗粒物(PM10),57,64,55,38,40,43,,47,34,15,17,6,10,0.8,0.7
2025-03-05T2200,2426A,114.8988,30.2019,黄石市,铁山,细颗粒物(PM2.5),54,49,52,38,49,57,,37,30,15,22,11,13,0.5,0.3
2025-03-05T2200,2427A,115.0307,30.2092,黄石市,团城山,细颗粒物(PM2.5),58,60,56,41,43,39,,45,33,22,22,12,10,0.9,0.8
2025-03-05T2200,3149A,115.0235,30.1578,黄石市,笔架山北路,,43,43,53,26,46,46,,40,34,11,20,5,8,0.7,0.8
2025-03-05T2200,4185A,115.0780,30.21118,黄石市,磁湖东路29号,,45,41,57,31,47,56,,48,43,11,15,6,6,0.7,0.7
2025-03-05T2200,1392A,114.4183,23.0528,惠州市,河南岸金山湖子站,,10,10,9,6,5,25,,26,23,15,13,8,8,0.7,0.7
2025-03-05T2200,1393A,114.4053,23.0822,惠州市,下埔横江三路子站,,12,11,10,8,7,26,,24,23,13,14,7,7,0.7,0.7
2025-03-05T2200,1394A,114.4103,23.1142,惠州市,江北云山西路子站,,12,11,10,8,6,24,,23,22,16,15,8,8,0.8,0.9
2025-03-05T2200,1395A,114.4645,22.7833,惠州市,惠阳区承修路船湖子站,,18,18,18,10,9,12,,16,10,17,15,8,8,0.8,0.8
2025-03-05T2200,1396A,114.5317,22.7422,惠州市,大亚湾管委会子站,,10,10,15,3,6,12,,14,9,20,20,6,6,0.8,0.8
2025-03-05T2200,3314A,114.4338,22.8134,惠州市,惠阳秋长,,9,9,11,6,6,18,,20,14,18,16,8,9,0.8,0.9
2025-03-05T2200,3452A,114.6517,22.775,惠州市,大亚湾霞涌,,8,8,17,3,9,15,,14,10,16,17,7,7,0.8,0.7
2025-03-05T2200,2240A,130.9762,45.3001,鸡西市,环保局,颗粒物(PM10),56,62,57,30,29,48,,73,65,29,17,10,11,0.6,0.5
2025-03-05T2200,2243A,130.9429,45.3039,鸡西市,第一中学,细颗粒物(PM2.5),58,58,50,41,29,66,,77,71,16,16,13,10,0.4,0.3
2025-03-05T2200,3707A,131.0207,45.3073,鸡西市,欧美日汽修厂,细颗粒物(PM2.5),87,91,73,64,40,43,,90,69,30,16,21,10,1.2,0.6
2025-03-05T2200,3709A,130.9967,45.3106,鸡西市,市政设施管理处,颗粒物(PM10),70,89,68,49,34,35,,75,57,35,19,17,10,0.9,0.5
2025-03-05T2200,2367A,114.9754,27.0803,吉安市,红声器材厂,,26,26,33,11,19,39,,41,41,16,17,10,11,0.7,0.7
2025-03-05T2200,2368A,114.9658,27.0999,吉安市,市森林工业局,,16,12,25,11,19,40,,43,43,17,18,9,10,0.6,0.8
2025-03-05T2200,2369A,114.99,27.1312,吉安市,市环境监测站,,17,17,26,11,18,40,,43,43,14,15,12,14,0.5,0.5
2025-03-05T2200,2370A,115.0093,27.0968,吉安市,青原区法院,,22,22,31,14,23,43,,42,42,20,22,10,11,0.3,0.5
2025-03-05T2200,1772A,126.54,43.8622,吉林市,哈达湾,细颗粒物(PM2.5),60,57,36,43,30,68,,94,86,24,17,12,11,0.7,0.7
2025-03-05T2200,1773A,126.5844,43.8358,吉林市,东局子,颗粒物(PM10),55,59,44,34,23,71,,89,85,20,16,9,11,0.5,0.4
2025-03-05T2200,1774A,126.5052,43.8245,吉林市,电力学院,细颗粒物(PM2.5),62,66,51,44,33,64,,94,88,27,23,15,8,0.7,0.7
2025-03-05T2200,1775A,126.6133,43.8972,吉林市,江北,细颗粒物(PM2.5),113,,49,85,39,72,,85,81,17,27,9,11,0.5,0.7
2025-03-05T2200,1776A,126.555,43.8306,吉林市,江南公园,细颗粒物(PM2.5),62,60,43,44,36,69,,89,84,22,17,9,8,0.5,0.6
2025-03-05T2200,1778A,126.7061,43.7133,吉林市,丰满,细颗粒物(PM2.5),52,40,30,36,27,89,,100,99,13,10,8,7,0.8,0.8
2025-03-05T2200,2868A,126.4739,43.953,吉林市,九站,细颗粒物(PM2.5),67,70,49,48,31,26,,90,70,59,30,32,14,0.6,0.5
2025-03-05T2200,1299A,116.9862,36.6114,济南市,科干所,细颗粒物(PM2.5),138,141,69,105,47,52,,103,91,65,34,21,9,1.4,0.7
2025-03-05T2200,1300A,116.9376,36.665,济南市,农科所,细颗粒物(PM2.5),129,151,89,98,52,39,,103,87,75,57,20,11,1.6,1.1
2025-03-05T2200,1301A,117.1265,36.6734,济南市,开发区,细颗粒物(PM2.5),140,139,79,107,64,60,,108,92,58,44,12,10,1.2,0.8
2025-03-05T2200,1303A,117.0624,36.6868,济南市,省种子仓库,细颗粒物(PM2.5),144,151,92,110,59,63,,111,98,60,45,16,9,1.3,0.9
2025-03-05T2200,1304A,116.9489,36.6447,济南市,机床二厂,细颗粒物(PM2.5),138,144,83,105,60,60,,113,99,60,48,27,17,1.4,1.1
2025-03-05T2200,1305A,117.0495,36.663,济南市,市监测站,细颗粒物(PM2.5),129,144,79,98,53,56,,99,86,60,37,20,12,1.1,0.7
2025-03-05T2200,1306A,116.7675,36.5484,济南市,长清党校,细颗粒物(PM2.5),113,125,74,85,52,79,,107,104,48,41,16,9,1.0,0.7
2025-03-05T2200,1616A,117.6795,36.229,济南市,技术学院,,,92,90,66,71,87,,120,115,52,47,17,12,,0.7
2025-03-05T2200,1961A,117.532,36.6868,济南市,东山小学,细颗粒物(PM2.5),102,115,92,76,60,58,,112,89,66,46,9,10,0.9,0.9
2025-03-05T2200,3059A,117.7161,36.2049,济南市,泰兴公司,细颗粒物(PM2.5),117,119,98,88,80,59,,123,114,77,48,12,9,0.9,0.9
2025-03-05T2200,3064A,117.6867,36.2171,济南市,莱芜战役纪念馆,细颗粒物(PM2.5),89,105,108,66,71,98,,123,120,49,50,13,7,1.0,0.9
2025-03-05T2200,3494A,117.1673,36.9782,济南市,济阳区政府,细颗粒物(PM2.5),102,142,98,76,63,64,,109,101,54,25,18,13,0.7,0.7
2025-03-05T2200,3495A,117.1171,36.63,济南市,锦屏中学,细颗粒物(PM2.5),119,117,63,90,48,68,,105,87,39,25,10,10,1.0,0.6
2025-03-05T2200,3682A,116.9814,36.6819,济南市,济南四建,细颗粒物(PM2.5),144,151,87,110,71,53,,107,91,68,54,20,11,1.1,0.9
2025-03-05T2200,1653A,116.6251,35.4302,济宁市,火炬城,细颗粒物(PM2.5),107,,60,80,66,76,,104,100,28,31,13,12,0.9,0.8
2025-03-05T2200,1655A,116.5491,35.4042,济宁市,电化厂,细颗粒物(PM2.5),107,106,91,80,68,,,98,95,35,40,14,12,1.1,1
2025-03-05T2200,3500A,116.5814,35.3707,济宁市,北湖一中,细颗粒物(PM2.5),100,75,65,75,55,83,,102,100,27,35,7,6,0.9,0.8
2025-03-05T2200,3501A,116.8249,35.5593,济宁市,服务中心,细颗粒物(PM2.5),88,107,97,65,58,68,,109,102,38,40,12,10,0.9,0.8
2025-03-05T2200,3678A,116.5907,35.4054,济宁市,市第七中学,细颗粒物(PM2.5),92,84,68,68,55,81,,108,104,40,38,8,6,0.9,0.8
2025-03-05T2200,2255A,130.2751,46.8028,佳木斯市,佳纺,"颗粒物(PM10),细颗粒物(PM2.5)",64,78,46,46,27,27,,75,58,49,25,9,6,1.0,0.6
2025-03-05T2200,2256A,130.3995,46.8307,佳木斯市,发电厂,,48,48,26,33,22,55,,92,75,33,14,4,4,0.7,0.4
2025-03-05T2200,2257A,130.3258,46.7975,佳木斯市,环保局,细颗粒物(PM2.5),64,68,53,46,31,9,,71,55,73,28,11,8,0.9,0.5
2025-03-05T2200,2258A,130.3648,46.8032,佳木斯市,十一中,,,51,35,39,27,,,63,63,53,21,10,6,0.8,0.5
2025-03-05T2200,2259A,130.3794,46.7588,佳木斯市,四丰,,38,30,53,26,26,51,,69,67,28,30,1,1,1.2,0.8
2025-03-05T2200,1252A,120.7436,30.778,嘉兴市,清河小学,,25,20,25,13,18,77,,78,71,14,20,4,4,0.7,0.9
2025-03-05T2200,1253A,120.726,30.7478,嘉兴市,嘉兴学院,,25,24,29,12,20,78,,76,71,17,25,6,6,0.3,0.4
2025-03-05T2200,2872A,120.7846,30.7525,嘉兴市,南湖区残联,,27,27,25,13,21,77,,80,73,10,14,7,7,0.4,0.6
2025-03-05T2200,3407A,120.6916,30.7739,嘉兴市,秀洲住建,,,19,34,15,23,,,77,71,15,19,4,4,0.1,0.3
2025-03-05T2200,1945A,98.2908,39.7711,嘉峪关市,气象局,,46,46,46,19,15,86,,99,96,10,9,5,8,0.2,0.2
2025-03-05T2200,2884A,98.2672,39.7978,嘉峪关市,酒钢宾馆,,48,48,56,14,17,81,,93,92,13,16,9,26,0.8,0.8
2025-03-05T2200,3248A,98.2643,39.7724,嘉峪关市,雄关区,,48,48,44,23,22,90,,100,99,12,14,4,12,0.4,0.5
2025-03-05T2200,1383A,113.1064,22.6058,江门市,北街,,20,10,25,6,15,4,,8,5,39,35,2,2,0.7,0.7
2025-03-05T2200,1384A,113.0731,22.5835,江门市,西区,,19,18,26,3,11,2,,7,3,37,35,5,5,0.7,0.7
2025-03-05T2200,1385A,113.0219,22.5311,江门市,圭峰西,,48,48,19,3,12,5,,9,4,31,31,3,3,0.7,0.8
2025-03-05T2200,1386A,113.0828,22.5947,江门市,东湖,,20,,26,14,18,4,,8,4,34,31,6,6,0.6,0.6
2025-03-05T2200,3311A,113.1075,22.5647,江门市,江海富民,,25,25,31,11,15,4,,8,5,34,31,6,6,0.6,0.7
2025-03-05T2200,3449A,113.05,22.4667,江门市,新会银湖,,17,8,24,8,18,3,,6,3,34,32,8,6,0.7,0.7
2025-03-05T2200,1830A,113.1992,35.2590,焦作市,影视城,,,,,,,,,,,,,,,,
2025-03-05T2200,3169A,113.2725,35.2067,焦作市,太极体育中心,细颗粒物(PM2.5),127,141,101,96,74,11,,63,42,69,44,9,7,1.2,1.2
2025-03-05T2200,3335A,113.3137,35.2641,焦作市,马村街道办,细颗粒物(PM2.5),115,119,101,87,75,35,,63,49,40,31,9,10,1.2,1.1
2025-03-05T2200,3336A,113.2465,35.2373,焦作市,焦作技师学院,细颗粒物(PM2.5),128,204,101,97,71,,,64,58,39,27,9,7,1.6,1.2
2025-03-05T2200,3477A,113.1656,35.2539,焦作市,中站许衡医院,细颗粒物(PM2.5),105,103,92,79,70,32,,60,47,44,33,9,9,1.3,1.1
2025-03-05T2200,3981A,113.2449,35.1803,焦作市,原李万街道办,细颗粒物(PM2.5),98,114,103,73,67,22,,58,49,50,38,8,9,0.8,0.8
2025-03-05T2200,4264A,113.2340,35.2190,焦作市,新安路1731号,细颗粒物(PM2.5),134,151,107,102,78,26,,61,50,50,36,11,8,1.3,1.1
2025-03-05T2200,1708A,116.3701,23.5345,揭阳市,新兴,,36,28,17,25,18,44,,41,41,27,24,5,5,0.8,0.8
2025-03-05T2200,1709A,116.3264,23.5443,揭阳市,西马,,36,31,20,25,20,51,,46,46,18,18,8,8,0.8,0.7
2025-03-05T2200,1710A,116.3611,23.5626,揭阳市,东兴,,38,34,19,26,16,45,,42,42,21,19,5,5,1.0,0.9
2025-03-05T2200,1711A,116.4151,23.5294,揭阳市,渔湖,,26,26,18,12,8,39,,43,43,21,16,5,5,0.8,0.8
2025-03-05T2200,3320A,116.403,23.5699,揭阳市,曲溪,,29,29,20,17,12,46,,42,42,27,24,7,8,0.6,0.6
2025-03-05T2200,1944A,102.1692,38.5167,金昌市,天庆家园,,32,26,28,22,16,82,,95,94,16,11,30,16,0.8,0.8
2025-03-05T2200,4022A,102.1647,38.5371,金昌市,金川区人防中心,,48,48,39,21,16,86,,93,92,8,6,20,8,0.4,0.6
2025-03-05T2200,4239A,102.1930,38.5319,金昌市,长春路96号,,32,32,31,21,8,86,,95,94,10,9,13,13,0.8,0.6
2025-03-05T2200,1262A,119.647,29.077,金华市,十五中,,48,40,30,33,23,47,,45,40,33,30,4,4,0.6,0.5
2025-03-05T2200,1263A,119.686,29.1029,金华市,监测站,,49,45,34,34,27,44,,44,40,32,25,4,4,0.6,0.7
2025-03-05T2200,3659A,119.656,29.1131,金华市,气象局,细颗粒物(PM2.5),52,41,33,36,25,36,,42,35,38,29,4,4,0.4,0.5
2025-03-05T2200,1767A,121.1115,41.0879,锦州市,南山,细颗粒物(PM2.5),205,,81,155,79,14,,88,65,93,54,13,18,1.6,1
2025-03-05T2200,1768A,121.0533,40.8434,锦州市,开发区,细颗粒物(PM2.5),117,140,88,88,61,7,,66,36,92,58,26,18,1.0,0.8
2025-03-05T2200,1769A,121.1836,41.1119,锦州市,百股街道,细颗粒物(PM2.5),107,88,78,80,65,54,,85,58,34,45,12,22,1.2,1.1
2025-03-05T2200,1770A,121.1178,41.1222,锦州市,天安街道,细颗粒物(PM2.5),175,134,81,132,76,11,,90,57,82,51,14,21,1.3,1
2025-03-05T2200,1771A,121.1303,41.1386,锦州市,北湖公园,细颗粒物(PM2.5),149,,77,114,68,31,,88,61,69,48,14,22,1.1,0.9
2025-03-05T2200,2160A,112.85,35.5051,晋城市,自来水公司,细颗粒物(PM2.5),110,128,91,83,64,39,,78,68,39,32,10,8,1.3,1.4
2025-03-05T2200,2161A,112.8318,35.4936,晋城市,白云商贸,细颗粒物(PM2.5),113,123,93,85,54,39,,84,71,42,31,9,6,1.2,1.1
2025-03-05T2200,2162A,112.8508,35.4887,晋城市,市环保局,细颗粒物(PM2.5),110,116,102,83,63,36,,83,76,40,31,6,5,1.3,1.2
2025-03-05T2200,2163A,112.8676,35.4897,晋城市,技术学院,细颗粒物(PM2.5),98,132,93,73,55,33,,74,64,42,35,9,7,1.4,1.4
2025-03-05T2200,2165A,112.8453,35.546,晋城市,白马寺,,,,,,,,,,,,,,,,
2025-03-05T2200,3620A,112.8271,35.4828,晋城市,泽州一中,细颗粒物(PM2.5),122,119,84,92,61,41,,82,69,40,30,12,8,1.2,1.2
2025-03-05T2200,2173A,112.7249,37.7067,晋中市,南都小区,"颗粒物(PM10),细颗粒物(PM2.5)",52,54,102,36,64,66,,82,77,25,32,9,12,0.4,0.8
2025-03-05T2200,2174A,112.6991,37.6982,晋中市,榆次区政府,细颗粒物(PM2.5),60,63,100,43,62,70,,86,80,24,33,7,11,0.4,0.9
2025-03-05T2200,2865A,112.7195,37.6828,晋中市,榆次三中,颗粒物(PM10),57,63,91,31,55,68,,87,81,26,34,5,9,0.4,0.6
2025-03-05T2200,4200A,112.7478,37.6954,晋中市,迎宾街26号,颗粒物(PM10),57,63,99,34,65,60,,89,80,32,35,4,8,0.3,0.7
2025-03-05T2200,2439A,112.2014,31.0481,荆门市,竹园小学,细颗粒物(PM2.5),68,63,54,49,43,66,,82,78,14,13,3,5,0.2,0.2
2025-03-05T2200,2440A,112.1969,30.9891,荆门市,掇刀,细颗粒物(PM2.5),60,66,52,43,41,73,,83,80,13,12,4,8,0.4,0.5
2025-03-05T2200,2441A,112.2213,31.0386,荆门市,石化一小,细颗粒物(PM2.5),77,70,57,56,49,65,,84,80,21,16,8,8,0.2,0.1
2025-03-05T2200,3012A,112.1849,31.0362,荆门市,西山林语,细颗粒物(PM2.5),59,63,51,42,38,64,,84,80,19,12,4,4,0.3,0.2
2025-03-05T2200,3547A,112.1632,31.0138,荆门市,龙泉中学南校,细颗粒物(PM2.5),60,60,51,43,39,66,,81,78,16,12,9,8,0.4,0.4
2025-03-05T2200,1844A,112.2494,30.3197,荆州市,市图书馆,细颗粒物(PM2.5),68,50,37,49,37,63,,79,75,23,19,6,4,0.8,0.7
2025-03-05T2200,1845A,112.2008,30.3544,荆州市,市委党校,细颗粒物(PM2.5),67,54,42,48,40,63,,86,80,24,17,8,6,0.6,0.7
2025-03-05T2200,3194A,112.2747,30.3122,荆州市,管委会,细颗粒物(PM2.5),68,53,43,49,39,72,,83,81,15,13,10,7,0.6,0.5
2025-03-05T2200,4268A,112.1722,30.3366,荆州市,学苑路85号,细颗粒物(PM2.5),65,60,43,47,36,71,,83,80,17,15,9,7,0.7,0.6
2025-03-05T2200,2342A,117.3102,29.3867,景德镇市,王港中学,,,,,,,,,,,,,,,,
2025-03-05T2200,2343A,117.2117,29.2933,景德镇市,老干部活动中心,,17,,15,9,12,52,,50,50,8,8,4,4,0.4,0.4
2025-03-05T2200,2344A,117.1894,29.2789,景德镇市,兽医站,,32,32,26,14,10,57,,60,58,9,7,5,5,0.5,0.4
2025-03-05T2200,2345A,117.1547,29.2617,景德镇市,台达陶瓷,,22,19,20,15,13,46,,44,44,13,17,24,28,0.5,0.5
2025-03-05T2200,2346A,117.2461,29.2956,景德镇市,陶研所,,18,14,14,12,16,50,,47,47,11,12,3,4,0.5,0.6
2025-03-05T2200,1803A,115.9872,29.6815,九江市,十里,细颗粒物(PM2.5),57,53,38,40,30,52,,59,55,13,10,4,4,0.6,0.5
2025-03-05T2200,1804A,115.9584,29.7046,九江市,茅山头,细颗粒物(PM2.5),60,59,38,43,30,51,,60,56,21,16,5,8,0.4,0.3
2025-03-05T2200,1805A,115.9877,29.7295,九江市,西园,细颗粒物(PM2.5),60,48,36,43,30,53,,66,61,22,15,9,9,1.3,1.3
2025-03-05T2200,1808A,115.9114,29.6038,九江市,综合工业园,细颗粒物(PM2.5),70,,36,51,36,59,,62,59,18,18,5,5,0.6,0.6
2025-03-05T2200,1809A,116.0721,29.7535,九江市,石化总厂,细颗粒物(PM2.5),85,,40,63,44,56,,64,60,18,14,4,5,0.6,0.6
2025-03-05T2200,1810A,115.9773,29.5698,九江市,庐山气象台,,18,10,10,8,9,55,,67,58,7,5,9,20,0.9,0.9
2025-03-05T2200,3190A,116.0254,29.6994,九江市,外国语学校,细颗粒物(PM2.5),64,48,35,46,31,58,,65,61,28,24,9,7,1.0,1
2025-03-05T2200,4253A,116.0102,29.6594,九江市,莲花大道8号,,,,44,,39,,,54,,,11,,6,,0.4
2025-03-05T2200,2658A,98.5061,39.7443,酒泉市,仓门街子站,,,,,,,,,,,,,,,,
2025-03-05T2200,4240A,98.4958,39.7339,酒泉市,玉门东路5号,颗粒物(PM10),54,58,53,29,26,83,,96,94,7,6,7,7,0.4,0.3
2025-03-05T2200,2698A,76.0072,39.4467,喀什地区,巡警大队,,40,40,71,24,29,63,,88,87,47,51,3,4,0.7,1.5
2025-03-05T2200,2699A,75.9755,39.4694,喀什地区,吾办,,49,49,69,19,34,53,,90,86,44,49,5,6,0.9,1.5
2025-03-05T2200,4027A,75.9483,39.4689,喀什地区,老干局,颗粒物(PM10),53,56,72,18,34,50,,97,93,49,38,4,3,0.9,1.6
2025-03-05T2200,1824A,114.3389,34.7781,开封市,肿瘤医院,细颗粒物(PM2.5),110,85,76,83,59,28,,71,58,53,42,7,7,0.9,0.9
2025-03-05T2200,1826A,114.2885,34.7965,开封市,世纪星幼儿园,细颗粒物(PM2.5),123,,72,93,67,39,,79,69,47,45,6,6,0.9,1
2025-03-05T2200,3147A,114.3438,34.8106,开封市,龙亭公园,细颗粒物(PM2.5),133,,56,101,81,35,,74,62,53,50,2,3,0.6,0.6
2025-03-05T2200,3210A,114.3644,34.7964,开封市,汴京公园,细颗粒物(PM2.5),100,99,80,75,54,36,,78,60,52,48,4,5,0.9,0.8
2025-03-05T2200,3473A,114.2485,34.8306,开封市,技师学院,细颗粒物(PM2.5),118,92,64,89,54,45,,64,59,36,42,7,8,1.0,0.9
2025-03-05T2200,3592A,114.4644,34.7556,开封市,祥符区生态环境局,细颗粒物(PM2.5),125,132,94,95,70,25,,69,49,55,50,6,7,0.9,0.9
2025-03-05T2200,1951A,84.895,45.6094,克拉玛依市,长征新村,,28,25,32,16,21,88,,91,91,11,14,6,6,0.3,0.3
2025-03-05T2200,1952A,84.8988,45.5893,克拉玛依市,南林小区,,30,22,31,21,22,89,,90,90,5,8,1,1,0.6,0.6
2025-03-05T2200,1954A,84.905,44.3396,克拉玛依市,独山子区,细颗粒物(PM2.5),78,66,35,57,27,82,,93,89,20,12,5,6,0.4,0.3
2025-03-05T2200,1955A,85.6979,46.098,克拉玛依市,乌尔禾区商贸楼,细颗粒物(PM2.5),54,,29,38,23,89,,95,95,10,14,5,2,0.4,0.5
2025-03-05T2200,3612A,85.1045,45.6899,克拉玛依市,白碱滩区新站,,30,30,34,8,18,90,,91,91,2,8,6,6,0.2,0.4
2025-03-05T2200,2697A,76.1454,39.7142,克孜勒苏柯尔克孜自治州,市人民政府,,45,45,20,13,8,78,,103,102,26,5,4,4,0.4,0.2
2025-03-05T2200,3665A,76.1658,39.7157,克孜勒苏柯尔克孜自治州,克州文化中心,,32,32,16,13,6,79,,103,101,26,5,4,3,0.7,0.3
2025-03-05T2200,1450A,102.8204,24.8886,昆明市,呈贡新区,细颗粒物(PM2.5),60,60,53,43,38,99,,116,111,20,14,8,7,0.4,0.5
2025-03-05T2200,1451A,102.6251,24.9608,昆明市,西山森林公园,,,,,,,,,,,,,,,,
2025-03-05T2200,1452A,102.7252,25.0902,昆明市,龙泉镇,颗粒物(PM10),59,68,51,38,31,105,,120,115,18,34,9,8,0.5,0.5
2025-03-05T2200,1453A,102.7266,25.0375,昆明市,东风东路,细颗粒物(PM2.5),64,64,51,46,35,95,,111,106,21,18,10,10,0.5,0.4
2025-03-05T2200,1454A,102.6742,25.0669,昆明市,金鼎山,细颗粒物(PM2.5),73,60,54,53,32,86,,114,104,32,19,4,4,0.6,0.5
2025-03-05T2200,1455A,102.6644,25.0401,昆明市,碧鸡广场,细颗粒物(PM2.5),69,74,51,50,35,67,,117,105,49,24,8,9,0.4,0.4
2025-03-05T2200,3179A,102.7494,25.0119,昆明市,官渡区博物馆,细颗粒物(PM2.5),54,56,51,38,30,101,,117,111,14,13,8,10,0.4,0.4
2025-03-05T2200,3375A,102.8017,24.8336,昆明市,青年创业园,颗粒物(PM10),65,80,55,43,35,92,,118,113,22,8,13,8,0.4,0.5
2025-03-05T2200,3550A,102.7997,24.9786,昆明市,昆明学院,颗粒物(PM10),60,70,57,41,35,112,,118,114,11,12,5,7,0.5,0.5
2025-03-05T2200,3551A,102.5967,24.6736,昆明市,晋宁区生态环境分局,细颗粒物(PM2.5),77,,43,56,38,93,,103,102,10,10,6,5,0.5,0.4
2025-03-05T2200,3552A,102.6678,24.9856,昆明市,云天化总部,,,56,50,43,34,117,,123,120,11,18,9,11,,0.6
2025-03-05T2200,1456A,91.1319,29.6514,拉萨市,八廓街,,40,40,36,14,11,103,,113,111,7,6,7,6,0.5,0.5
2025-03-05T2200,1457A,91.1221,29.6747,拉萨市,市环保局,,37,37,50,15,14,96,,108,106,11,10,9,8,0.5,0.4
2025-03-05T2200,1458A,91.0874,29.6475,拉萨市,区监测站,,33,28,36,14,11,104,,108,108,4,6,6,6,0.5,0.2
2025-03-05T2200,1459A,91.1774,29.6541,拉萨市,西藏大学,颗粒物(PM10),63,75,65,15,13,98,,102,102,6,8,6,6,0.4,0.4
2025-03-05T2200,1460A,90.9798,29.6588,拉萨市,区辐射站,,36,36,59,8,15,108,,111,111,2,8,6,7,0.2,0.3
2025-03-05T2200,1461A,91.0834,29.6292,拉萨市,拉萨火车站,,33,33,33,12,10,103,,109,108,3,4,10,9,0.4,0.3
2025-03-05T2200,2520A,109.2203,23.7256,来宾市,来宾技工学校,,26,26,32,14,14,38,,44,42,11,12,8,8,0.9,0.9
2025-03-05T2200,3535A,109.1781,23.7297,来宾市,兴宾区政府,,32,32,35,21,21,38,,42,41,8,10,6,6,0.8,0.8
2025-03-05T2200,4002A,109.2416,23.7461,来宾市,中南小学,,43,33,36,30,15,38,,45,41,9,10,9,6,0.9,0.9
2025-03-05T2200,1477A,104.1373,35.9454,兰州市,榆中兰大校区,,,,,,,,,,,,,,,,
2025-03-05T2200,1479A,103.831,36.0464,兰州市,铁路设计院,细颗粒物(PM2.5),59,59,60,42,45,47,,77,70,56,29,8,11,0.7,0.6
2025-03-05T2200,3241A,103.7439,36.0842,兰州市,百合公园,,45,42,58,31,33,81,,79,68,12,16,5,9,0.4,0.5
2025-03-05T2200,3242A,103.9611,35.998,兰州市,和平,颗粒物(PM10),56,61,56,34,32,38,,85,70,50,22,12,9,1.1,0.6
2025-03-05T2200,4236A,103.6293,36.0938,兰州市,庄浪东路808号,颗粒物(PM10),51,51,60,35,38,78,,88,75,24,21,4,11,0.4,0.5
2025-03-05T2200,4237A,103.7251,36.1043,兰州市,安宁西路88号,细颗粒物(PM2.5),53,50,67,37,45,104,,91,78,6,16,3,11,0.2,0.4
2025-03-05T2200,4238A,103.8470,36.0676,兰州市,北滨河东路1号,细颗粒物(PM2.5),60,56,53,43,41,56,,78,69,39,21,9,12,0.8,0.7
2025-03-05T2200,3245A,103.6633,36.533,兰州新区,新区管委会,,37,37,52,22,28,91,,106,100,8,8,11,11,0.1,0.3
2025-03-05T2200,3246A,103.6975,36.4789,兰州新区,舟曲中学,,30,30,48,14,20,82,,99,94,12,10,2,4,0.3,0.4
2025-03-05T2200,1067A,116.6708,39.5111,廊坊市,药材公司,细颗粒物(PM2.5),100,118,92,75,65,30,,80,74,60,40,4,6,0.9,0.8
2025-03-05T2200,1068A,116.7214,39.5589,廊坊市,开发区,细颗粒物(PM2.5),108,102,93,81,67,36,,83,76,53,43,4,5,0.7,0.8
2025-03-05T2200,1070A,116.7244,39.5269,廊坊市,北华航天学院,细颗粒物(PM2.5),105,126,91,79,61,26,,83,72,66,46,5,7,0.8,0.8
2025-03-05T2200,2919A,116.7022,39.5453,廊坊市,河北工业大学,细颗粒物(PM2.5),95,106,84,71,64,31,,84,76,56,37,6,8,0.7,0.7
2025-03-05T2200,2535A,103.7723,29.5462,乐山市,花湖湾,,19,16,23,13,21,43,,44,44,24,24,6,6,0.7,0.8
2025-03-05T2200,2536A,103.7627,29.5844,乐山市,牛耳桥,,23,18,36,16,31,38,,37,37,26,28,7,7,0.6,0.7
2025-03-05T2200,2537A,103.7508,29.6006,乐山市,市第三水厂,,20,17,33,14,26,42,,40,40,20,22,4,3,0.6,0.7
2025-03-05T2200,2538A,103.7571,29.5664,乐山市,市监测站,,22,15,25,15,23,39,,41,41,20,22,4,5,0.7,0.8
2025-03-05T2200,3361A,103.7311,29.5628,乐山市,理工大学,,19,18,29,13,24,45,,44,44,21,23,6,6,0.6,0.7
2025-03-05T2200,2598A,100.2143,26.8576,丽江市,西南郊,,32,27,33,9,19,100,,115,100,2,6,5,15,0.7,0.9
2025-03-05T2200,2599A,100.2497,26.8802,丽江市,丽江古城,,,,31,,19,,,87,,,10,,8,,0.4
2025-03-05T2200,2600A,100.2203,26.8906,丽江市,市中心,,,,26,,18,,,86,,,11,,6,,0.5
2025-03-05T2200,1267A,119.914,28.4514,丽水市,监测站大楼,,12,10,20,8,16,29,,44,34,24,16,3,3,0.4,0.4
2025-03-05T2200,1268A,119.93,28.4586,丽水市,莲都小学,,13,10,23,7,18,28,,44,34,25,16,3,3,0.3,0.4
2025-03-05T2200,1269A,119.879,28.4231,丽水市,余庄前,,23,23,27,16,20,13,,34,25,35,22,4,4,0.5,0.5
2025-03-05T2200,1173A,119.176,34.5885,连云港市,市环境监测站,细颗粒物(PM2.5),58,51,60,41,43,62,,96,84,33,31,9,11,0.5,0.8
2025-03-05T2200,3000A,119.3581,34.6972,连云港市,德源药业,,49,44,58,34,42,59,,87,77,28,39,8,8,0.5,0.6
2025-03-05T2200,3007A,119.178,34.844,连云港市,新城一中,,43,43,62,26,54,64,,91,84,34,28,6,10,0.5,0.8
2025-03-05T2200,3008A,119.3608,34.7519,连云港市,胡沟管理处,,32,29,52,22,42,49,,93,77,51,30,10,11,0.5,0.7
2025-03-05T2200,3009A,119.1478,34.5911,连云港市,矿山设计院,细颗粒物(PM2.5),55,51,63,39,43,68,,94,84,23,33,8,11,0.4,0.7
2025-03-05T2200,3434A,119.2413,34.6539,连云港市,工贸学校,细颗粒物(PM2.5),57,50,58,40,47,76,,94,88,19,22,8,10,0.6,0.9
2025-03-05T2200,3664A,119.4172,34.7341,连云港市,连云街道,,48,40,61,33,46,75,,88,85,21,33,11,10,0.6,0.7
2025-03-05T2200,2571A,102.3431,27.8099,凉山彝族自治州,青龙寺,,21,12,28,3,8,67,,98,84,5,6,4,5,0.8,0.7
2025-03-05T2200,2572A,102.2721,27.8415,凉山彝族自治州,邛海宾馆,,23,15,26,3,15,72,,95,81,6,8,14,18,0.7,0.6
2025-03-05T2200,2573A,102.2625,27.898,凉山彝族自治州,西昌市政府,,21,18,29,3,18,67,,86,73,5,7,5,8,0.8,0.9
2025-03-05T2200,2574A,102.2685,27.8851,凉山彝族自治州,凉山州政府,,23,10,29,3,18,73,,102,82,6,10,14,15,0.8,0.7
2025-03-05T2200,2575A,102.237,27.8914,凉山彝族自治州,长安,,,,34,,15,,,76,,,11,,13,,0.4
2025-03-05T2200,2212A,123.2,41.1953,辽阳市,宏伟区,细颗粒物(PM2.5),130,137,75,99,54,70,,100,90,38,30,14,16,1.3,1.2
2025-03-05T2200,2213A,123.1683,41.2495,辽阳市,新华园,细颗粒物(PM2.5),203,192,91,153,70,33,,93,76,85,51,12,14,2.1,1.4
2025-03-05T2200,2214A,123.2354,41.2639,辽阳市,滨河路,细颗粒物(PM2.5),114,90,64,86,50,36,,99,85,63,34,19,19,1.0,1
2025-03-05T2200,2215A,123.149,41.2991,辽阳市,铁西工业园,细颗粒物(PM2.5),221,179,111,171,78,9,,91,61,88,48,12,14,1.5,1.3
2025-03-05T2200,2227A,125.1358,42.8845,辽源市,环保局,细颗粒物(PM2.5),59,61,55,42,36,81,,104,94,25,26,10,7,0.8,0.9
2025-03-05T2200,3239A,125.0764,42.9078,辽源市,银鹰制药,细颗粒物(PM2.5),102,95,55,76,39,18,,106,74,60,27,11,8,1.1,0.9
2025-03-05T2200,1625A,115.9848,36.4372,聊城市,区政府,细颗粒物(PM2.5),80,94,85,59,54,79,,103,96,35,31,14,14,0.8,0.8
2025-03-05T2200,2878A,116.0072,36.4343,聊城市,聊大东校,细颗粒物(PM2.5),85,97,92,63,63,87,,101,96,32,31,10,12,1.1,0.9
2025-03-05T2200,3200A,115.9819,36.4978,聊城市,监控中心,细颗粒物(PM2.5),94,113,101,70,64,43,,104,85,74,53,15,16,1.0,0.9
2025-03-05T2200,3513A,116.0445,36.4361,聊城市,九州社区,细颗粒物(PM2.5),85,87,86,63,59,80,,106,97,37,28,12,19,0.7,0.8
2025-03-05T2200,4018A,116.0567,36.4608,聊城市,星美广场,细颗粒物(PM2.5),84,109,103,62,62,81,,101,90,37,36,17,20,0.9,0.9
2025-03-05T2200,2632A,94.3681,29.6376,林芝市,林芝监测站,,33,14,10,7,5,103,,110,109,4,5,7,6,0.5,0.5
2025-03-05T2200,2633A,94.3616,29.6616,林芝市,林芝人民医院,,32,14,11,7,5,102,,110,109,3,3,6,6,0.2,0.1
2025-03-05T2200,2603A,100.0781,23.8982,临沧市,市环保局,细颗粒物(PM2.5),87,79,67,64,47,82,,131,120,21,13,14,11,0.7,0.5
2025-03-05T2200,2604A,100.0894,23.8822,临沧市,市气象局,细颗粒物(PM2.5),74,69,61,54,46,82,,129,118,19,16,15,14,0.6,0.5
2025-03-05T2200,1733A,111.5531,36.0783,临汾市,临钢医院,细颗粒物(PM2.5),87,99,78,64,45,25,,61,56,39,29,6,7,1.1,1.1
2025-03-05T2200,1734A,111.5028,36.0714,临汾市,技工学校,细颗粒物(PM2.5),94,98,77,70,58,32,,59,56,37,28,8,8,0.9,1
2025-03-05T2200,1736A,111.5018,36.0855,临汾市,市委,细颗粒物(PM2.5),83,111,82,61,51,34,,62,58,35,25,7,7,1.0,1
2025-03-05T2200,3018A,111.505,36.1014,临汾市,唐尧大酒店,细颗粒物(PM2.5),87,102,84,64,54,30,,60,54,38,29,7,7,1.0,1
2025-03-05T2200,4244A,111.4879,36.0530,临汾市,启星学校,细颗粒物(PM2.5),93,87,70,69,58,25,,63,58,38,27,3,4,0.9,0.9
2025-03-05T2200,4271A,103.2464,35.6123,临夏回族自治州,滨河东路1号,,43,43,56,16,19,68,,78,78,15,15,3,2,0.6,0.5
2025-03-05T2200,4310A,103.2093,35.5995,临夏回族自治州,新华街21号,,38,38,43,19,24,75,,76,75,10,8,7,9,0.5,0.5
2025-03-05T2200,1618A,118.3429,35.0532,临沂市,沂河小区,细颗粒物(PM2.5),90,78,77,67,62,60,,104,89,25,19,10,11,0.8,0.7
2025-03-05T2200,1619A,118.295,35.0583,临沂市,鲁南制药厂,细颗粒物(PM2.5),78,68,73,57,56,55,,103,90,45,31,8,8,0.5,0.4
2025-03-05T2200,1620A,118.2794,34.9976,临沂市,新光毛纺厂,细颗粒物(PM2.5),82,73,67,60,53,59,,106,92,38,28,8,7,0.9,0.8
2025-03-05T2200,1621A,118.3956,35.0888,临沂市,河东保险公司,细颗粒物(PM2.5),69,78,75,50,58,60,,110,89,36,30,4,5,0.9,0.8
2025-03-05T2200,3370A,118.3564,35.0215,临沂市,十里堡居委,细颗粒物(PM2.5),73,73,70,53,53,50,,107,89,38,23,7,9,0.7,0.7
2025-03-05T2200,3496A,118.3604,35.1084,临沂市,南坊新区,细颗粒物(PM2.5),70,66,70,51,56,62,,110,92,35,29,6,6,0.7,0.6
2025-03-05T2200,3860A,118.3920,35.0300,临沂市,皇山花园小区,细颗粒物(PM2.5),84,100,75,62,59,50,,108,85,42,31,5,6,0.6,0.6
2025-03-05T2200,1870A,109.4856,24.3895,柳州市,柳东小学,,39,39,24,19,14,34,,41,33,11,13,10,10,0.6,0.6
2025-03-05T2200,1871A,109.4157,24.3277,柳州市,环保监测站,,18,12,20,12,12,39,,42,41,10,11,9,9,1.0,1
2025-03-05T2200,1872A,109.389,24.341,柳州市,河西水厂,,20,20,26,13,15,31,,38,37,17,19,7,9,1.7,1.7
2025-03-05T2200,1873A,109.4311,24.2921,柳州市,市四中,,15,,16,10,8,41,,45,43,9,10,7,7,0.6,0.5
2025-03-05T2200,1874A,109.4006,24.3631,柳州市,市九中,,15,14,21,10,9,36,,42,40,13,12,6,7,0.7,0.7
2025-03-05T2200,1875A,109.4958,24.3134,柳州市,古亭山,,16,,40,11,11,33,,44,36,10,10,6,7,0.5,0.5
2025-03-05T2200,3402A,109.5422,24.3996,柳州市,市二中,,20,20,23,12,15,26,,45,34,14,12,9,9,0.5,0.5
2025-03-05T2200,2307A,116.5079,31.737,六安市,监测大楼,细颗粒物(PM2.5),74,65,53,54,43,60,,70,68,20,18,4,4,0.6,0.6
2025-03-05T2200,2308A,116.4738,31.7643,六安市,皖西学院,细颗粒物(PM2.5),69,67,59,50,41,57,,73,69,19,16,3,3,0.6,0.6
2025-03-05T2200,2309A,116.4996,31.7905,六安市,朝阳厂,细颗粒物(PM2.5),69,55,42,50,41,48,,72,65,22,13,2,2,0.5,0.5
2025-03-05T2200,2310A,116.5567,31.7886,六安市,开发区,细颗粒物(PM2.5),80,89,64,59,50,56,,74,67,20,16,2,3,0.6,0.6
2025-03-05T2200,2576A,104.8,26.5892,六盘水市,窑上,,36,36,52,23,34,75,,68,68,8,10,6,7,1.1,1.2
2025-03-05T2200,2577A,104.83,26.5917,六盘水市,黄土坡,,32,,42,22,33,72,,66,66,10,14,9,9,0.8,0.9
2025-03-05T2200,2578A,104.89,26.5939,六盘水市,水钢,,30,30,45,20,34,50,,60,58,27,16,11,9,0.8,0.7
2025-03-05T2200,2579A,104.8475,26.5894,六盘水市,民中,,27,27,39,9,29,57,,58,51,19,18,9,9,0.8,0.8
2025-03-05T2200,2580A,104.9544,26.5506,六盘水市,双水,,22,12,41,10,43,68,,68,66,10,13,10,9,0.6,0.6
2025-03-05T2200,2335A,117.0189,25.1181,龙岩市,龙岩师专,,,,,,,,,,,,,,,,
2025-03-05T2200,2336A,117.0217,25.1033,龙岩市,龙岩市监测站,,11,11,10,3,7,12,,27,24,19,18,4,6,0.9,0.8
2025-03-05T2200,2337A,117.0258,25.0661,龙岩市,闽西职业技术学院,,15,9,12,8,9,20,,24,22,29,17,7,4,0.7,0.8
2025-03-05T2200,2338A,117.0196,25.0306,龙岩市,龙岩学院,,13,,13,9,10,27,,20,20,17,15,4,6,0.9,0.8
2025-03-05T2200,2665A,105.0822,33.3261,陇南市,汉王镇固水子,,,,,,,,,,,,,,,,
2025-03-05T2200,2885A,104.9339,33.3826,陇南市,滨江中学,颗粒物(PM10),51,52,47,31,23,84,,84,84,5,9,6,8,0.5,0.6
2025-03-05T2200,3247A,104.955,33.371,陇南市,市总工会,颗粒物(PM10),52,54,39,19,15,91,,88,88,1,6,7,8,0.5,0.6
2025-03-05T2200,2487A,111.9589,27.8901,娄底市,电视发射台,,23,8,20,3,21,73,,69,69,8,9,5,5,0.3,0.4
2025-03-05T2200,2488A,111.9975,27.725,娄底市,市监测站,,25,,31,17,30,55,,52,52,18,14,6,6,0.5,0.5
2025-03-05T2200,2489A,112.0194,27.7314,娄底市,市委党校,,22,17,39,15,34,62,,55,55,9,11,4,4,0.4,0.4
2025-03-05T2200,2490A,111.9561,27.7569,娄底市,涟钢,,21,13,37,13,32,65,,56,56,8,12,2,3,0.5,1
2025-03-05T2200,2491A,111.9892,27.7044,娄底市,市政府,,21,16,31,11,29,66,,59,59,14,14,4,5,0.7,0.7
2025-03-05T2200,1893A,105.4324,28.9634,泸州市,九狮山,,,,,,,,,,,,,,,,
2025-03-05T2200,1894A,105.4427,28.9063,泸州市,小市上码头,,16,12,28,11,15,51,,43,43,21,26,7,6,0.3,0.5
2025-03-05T2200,1895A,105.4241,28.8573,泸州市,兰田宪桥,,16,11,24,11,19,48,,43,43,18,24,6,5,0.5,0.6
2025-03-05T2200,1896A,105.4379,28.8833,泸州市,市环监站,,16,16,33,7,18,38,,35,35,22,26,6,6,0.2,0.3
2025-03-05T2200,4272A,105.3689,28.7783,泸州市,纳溪中医医院,,19,19,25,8,11,43,,37,37,19,22,5,6,0.5,0.6
2025-03-05T2200,2183A,111.1406,37.5211,吕梁市,环保局,细颗粒物(PM2.5),87,100,75,64,39,8,,76,66,53,40,6,6,0.6,0.6
2025-03-05T2200,2185A,111.1297,37.5136,吕梁市,自来水公司,细颗粒物(PM2.5),84,81,67,62,40,31,,78,69,36,31,5,7,0.7,0.7
2025-03-05T2200,2867A,111.1283,37.51,吕梁市,马茂庄小学,细颗粒物(PM2.5),94,101,78,70,41,10,,78,67,60,39,7,8,0.6,0.7
2025-03-05T2200,1812A,112.3931,34.6516,洛阳市,市委党校,细颗粒物(PM2.5),92,87,67,68,56,23,,58,54,45,29,3,4,1.1,0.8
2025-03-05T2200,1815A,112.494,34.6886,洛阳市,河南林校,细颗粒物(PM2.5),112,96,66,84,62,6,,52,38,75,40,1,3,1.1,0.8
2025-03-05T2200,1816A,112.3844,34.623,洛阳市,开发区管委会,细颗粒物(PM2.5),93,84,69,69,58,40,,61,57,23,21,6,7,0.8,0.7
2025-03-05T2200,1817A,112.4267,34.6258,洛阳市,市委新办公区,细颗粒物(PM2.5),100,96,73,75,58,30,,63,59,49,32,3,3,0.8,0.7
2025-03-05T2200,3340A,112.6005,34.6326,洛阳市,伊滨,细颗粒物(PM2.5),110,138,85,83,71,24,,52,43,41,31,4,4,1.1,0.8
2025-03-05T2200,3341A,112.4951,34.6332,洛阳市,中移产业园,细颗粒物(PM2.5),123,116,81,93,74,3,,54,45,75,36,3,3,1.3,0.9
2025-03-05T2200,3593A,112.5736,34.8993,洛阳市,吉利监测站,细颗粒物(PM2.5),102,103,58,76,50,11,,70,49,63,29,6,6,1.2,0.7
2025-03-05T2200,3635A,112.3677,34.662,洛阳市,河科大西苑校区,细颗粒物(PM2.5),90,81,71,67,59,34,,61,57,34,27,6,8,0.8,0.9
2025-03-05T2200,3636A,112.4388,34.6781,洛阳市,英才小学,细颗粒物(PM2.5),85,110,85,63,57,9,,54,41,69,45,8,8,0.8,0.7
2025-03-05T2200,4214A,112.4600,34.6949,洛阳市,春都路1号院,细颗粒物(PM2.5),87,99,82,64,54,17,,55,44,57,41,8,7,1.0,0.9
2025-03-05T2200,2399A,114.051,33.5699,漯河市,三五一五工厂,细颗粒物(PM2.5),85,90,64,63,52,39,,78,70,27,27,4,5,0.6,0.5
2025-03-05T2200,2400A,114.0055,33.5698,漯河市,漯河大学,细颗粒物(PM2.5),85,94,70,63,47,33,,78,68,44,34,6,6,0.6,0.5
2025-03-05T2200,2401A,114.0138,33.5828,漯河市,市水利局,细颗粒物(PM2.5),77,78,61,56,48,52,,77,70,23,28,3,4,0.6,0.5
2025-03-05T2200,2402A,114.0261,33.5698,漯河市,市广电局,颗粒物(PM10),78,105,64,55,47,18,,77,66,51,30,5,5,0.8,0.7
2025-03-05T2200,3478A,113.9749,33.5664,漯河市,市图书馆,细颗粒物(PM2.5),78,73,65,57,48,54,,75,67,27,28,5,4,0.6,0.6
2025-03-05T2200,4250A,114.0892,33.5882,漯河市,韶山路11号,细颗粒物(PM2.5),99,104,76,74,55,13,,79,64,74,36,5,4,0.8,0.7
2025-03-05T2200,1798A,118.5092,31.6837,马鞍山市,湖东路四小,细颗粒物(PM2.5),58,54,48,41,37,60,,63,57,27,21,4,4,0.6,0.6
2025-03-05T2200,1799A,118.5024,31.6449,马鞍山市,开发区,细颗粒物(PM2.5),63,58,52,45,40,60,,64,57,28,23,4,4,0.6,0.6
2025-03-05T2200,1802A,118.6245,31.7241,马鞍山市,濮塘,细颗粒物(PM2.5),59,49,46,42,38,58,,69,63,13,15,6,6,0.6,0.6
2025-03-05T2200,3633A,118.4918,31.6809,马鞍山市,雨山,细颗粒物(PM2.5),58,57,52,41,37,64,,61,58,28,27,6,6,0.6,0.6
2025-03-05T2200,4191A,118.5274,31.72227,马鞍山市,慈湖高新区,细颗粒物(PM2.5),67,57,48,48,43,62,,62,61,28,22,8,8,0.7,0.7
2025-03-05T2200,1686A,111.0286,21.4688,茂名市,电白南海,,25,19,30,17,19,8,,44,20,17,13,4,2,0.9,0.6
2025-03-05T2200,1687A,110.9294,21.6533,茂名市,茂石化七小,,31,31,25,17,16,2,,36,11,16,12,11,3,1.0,0.8
2025-03-05T2200,1688A,110.9107,21.6687,茂名市,健康路,,31,31,21,12,11,2,,36,11,19,14,16,4,0.9,0.7
2025-03-05T2200,1689A,110.8592,21.6828,茂名市,高岭,,24,24,36,7,15,0,,34,5,15,15,3,12,0.9,0.8
2025-03-05T2200,3450A,111.01,21.5165,茂名市,电白水东,,13,12,23,9,13,5,,45,22,20,13,3,3,1.0,0.7
2025-03-05T2200,2539A,104.0308,30.0478,眉山市,黑龙滩水库,,28,28,35,16,31,53,,65,64,4,13,3,3,0.6,0.7
2025-03-05T2200,2540A,103.8416,30.0874,眉山市,气象局,,32,24,34,22,23,26,,38,37,29,27,5,5,0.7,0.8
2025-03-05T2200,3137A,103.8578,30.0744,眉山市,市委党校,,32,,26,22,23,30,,37,37,31,30,6,7,0.7,0.8
2025-03-05T2200,3148A,103.8291,30.0564,眉山市,区人社局,,20,20,34,14,20,27,,36,34,34,33,3,4,0.7,0.8
2025-03-05T2200,1690A,116.1231,24.3284,梅州市,梅江月梅,,7,7,9,3,7,15,,20,15,11,12,8,9,0.6,0.6
2025-03-05T2200,1691A,116.0797,24.2719,梅州市,梅县新城,,7,6,8,3,3,20,,25,23,11,12,4,5,0.7,0.7
2025-03-05T2200,1692A,116.1248,24.2654,梅州市,环境监控中心,,13,,12,9,8,13,,21,16,15,16,5,6,0.6,0.6
2025-03-05T2200,3315A,116.1233,24.2991,梅州市,梅龙,,7,7,9,3,6,18,,25,22,12,11,5,5,0.7,0.8
2025-03-05T2200,1878A,104.7778,31.4741,绵阳市,富乐山,,23,23,21,16,16,24,,49,42,15,19,2,2,0.7,0.7
2025-03-05T2200,1880A,104.6697,31.4668,绵阳市,高新区自来水公司,,35,35,32,17,17,7,,39,30,41,32,3,4,0.7,0.8
2025-03-05T2200,1881A,104.7287,31.5075,绵阳市,三水厂,,45,45,35,22,22,8,,44,35,50,32,6,6,0.9,0.8
2025-03-05T2200,3491A,104.69,31.5322,绵阳市,西科大附属小学,,45,45,32,22,16,8,,48,39,57,29,6,6,0.6,0.5
2025-03-05T2200,3492A,104.5648,31.5343,绵阳市,安州区旅游局,,44,44,24,22,17,21,,49,36,34,23,8,7,0.6,0.6
2025-03-05T2200,4226A,104.7651,31.4531,绵阳市,绵阳市气象局,,37,37,27,21,17,17,,49,41,41,30,6,5,0.7,0.7
2025-03-05T2200,1784A,129.61,44.561,牡丹江市,环保大楼,颗粒物(PM10),51,52,40,21,27,64,,81,72,22,18,10,9,0.4,0.3
2025-03-05T2200,1785A,129.6115,44.5782,牡丹江市,文化广场,,47,47,51,32,31,68,,79,70,27,23,13,12,0.5,0.5
2025-03-05T2200,1786A,129.5904,44.5963,牡丹江市,第一医院,,,30,37,19,26,78,,82,81,16,16,11,12,,
2025-03-05T2200,1787A,129.6364,44.6075,牡丹江市,机车工厂,颗粒物(PM10),83,116,57,44,28,20,,81,65,51,20,11,13,0.8,0.5
2025-03-05T2200,1788A,129.6386,44.5462,牡丹江市,第一中学,细颗粒物(PM2.5),67,,37,48,29,27,,86,56,39,22,10,10,0.8,0.4
2025-03-05T2200,2531A,105.0703,29.61,内江市,市监测站,,22,22,30,7,18,45,,40,40,12,15,4,5,0.8,1.1
2025-03-05T2200,2532A,105.0717,29.5947,内江市,东兴区政府,,18,18,16,9,14,56,,49,49,16,18,1,2,0.8,0.9
2025-03-05T2200,2533A,105.0653,29.5817,内江市,内江二中,,29,29,27,7,16,57,,50,50,13,16,3,4,0.8,0.9
2025-03-05T2200,2534A,105.0406,29.5822,内江市,内江日报社,,29,29,29,7,17,55,,48,48,19,23,5,7,0.6,0.8
2025-03-05T2200,2628A,92.0657,31.4846,那曲市,那曲监测站,,34,31,50,12,21,107,,98,98,5,5,5,6,0.6,0.7
2025-03-05T2200,3128A,92.0506,31.4797,那曲市,那曲会议中心,,47,47,83,22,30,113,,103,103,1,3,4,5,0.5,0.5
2025-03-05T2200,1290A,115.8931,28.6843,南昌市,省外办,,42,,43,29,39,42,,50,45,26,27,5,4,0.7,0.7
2025-03-05T2200,1291A,115.8886,28.7003,南昌市,省林业公司,,45,,33,31,35,42,,49,45,14,13,7,7,0.5,0.5
2025-03-05T2200,1292A,115.8126,28.7442,南昌市,林科所,,25,19,31,17,27,44,,52,47,22,18,6,3,0.7,0.6
2025-03-05T2200,1294A,115.8518,28.687,南昌市,建工学校,,,,41,,45,,,36,,,19,,8,,0.8
2025-03-05T2200,1295A,115.8921,28.6424,南昌市,象湖,,39,,33,27,33,48,,56,51,12,11,5,6,0.9,0.8
2025-03-05T2200,1296A,115.7423,28.7996,南昌市,武术学校,,26,,32,18,26,47,,51,51,14,12,1,1,0.5,0.5
2025-03-05T2200,3046A,115.9084,28.6062,南昌市,机电学校,,39,,45,27,39,42,,49,43,16,17,3,7,0.6,0.6
2025-03-05T2200,3690A,115.9721,28.7031,南昌市,外国语学校,,46,33,41,32,32,39,,48,44,15,15,5,4,0.5,0.5
2025-03-05T2200,4192A,115.9316,28.68677,南昌市,南京东路235号,,46,37,43,32,40,48,,54,51,18,17,3,4,0.9,0.8
2025-03-05T2200,1905A,106.056,30.8064,南充市,西山风景区,,19,16,13,3,8,58,,51,51,9,9,2,2,0.4,0.8
2025-03-05T2200,1906A,106.0789,30.8023,南充市,南充市委,,18,8,18,6,13,56,,48,48,15,20,3,3,0.6,0.7
2025-03-05T2200,1907A,106.1031,30.8217,南充市,南充炼油厂,,22,,21,15,14,58,,50,50,10,16,3,3,0.3,0.4
2025-03-05T2200,1909A,106.0642,30.7636,南充市,嘉陵区环保局,,18,10,25,9,14,56,,47,47,17,21,3,3,0.5,0.7
2025-03-05T2200,1910A,106.1087,30.8388,南充市,市环境监测站,,22,,19,15,17,54,,53,53,14,13,6,6,0.6,0.6
2025-03-05T2200,4227A,106.1083,30.7884,南充市,梨树横街98号,,18,,18,12,14,55,,50,50,15,18,4,4,0.3,0.5
2025-03-05T2200,1151A,118.8086,32.1065,南京市,迈皋桥,细颗粒物(PM2.5),62,54,42,44,32,50,,71,64,28,18,4,4,0.7,0.4
2025-03-05T2200,1152A,118.7538,32.0551,南京市,草场门,细颗粒物(PM2.5),70,56,40,51,32,51,,59,58,30,17,4,4,0.9,0.7
2025-03-05T2200,1153A,118.7794,32.0745,南京市,山西路,细颗粒物(PM2.5),70,68,48,51,37,53,,65,58,12,7,4,3,0.8,0.6
2025-03-05T2200,1154A,118.7752,32.0023,南京市,中华门,细颗粒物(PM2.5),64,58,39,46,31,62,,64,64,32,24,4,3,0.6,0.5
2025-03-05T2200,1155A,118.8109,32.0309,南京市,瑞金路,细颗粒物(PM2.5),62,61,42,44,33,62,,69,68,21,14,6,6,0.9,0.7
2025-03-05T2200,1156A,118.7997,32.0754,南京市,玄武湖,细颗粒物(PM2.5),63,67,46,45,32,57,,66,64,22,17,7,7,0.6,0.5
2025-03-05T2200,1157A,118.6414,32.0931,南京市,浦口,细颗粒物(PM2.5),70,75,56,51,39,56,,64,64,22,17,5,5,0.7,0.6
2025-03-05T2200,1158A,118.7356,31.9996,南京市,奥体中心,细颗粒物(PM2.5),67,68,46,48,36,68,,70,69,28,20,5,5,0.6,0.4
2025-03-05T2200,1159A,118.9125,32.1028,南京市,仙林大学城,细颗粒物(PM2.5),73,68,43,53,37,49,,68,65,28,15,6,7,0.8,0.7
2025-03-05T2200,3422A,118.8436,31.9198,南京市,江宁彩虹桥,细颗粒物(PM2.5),64,65,47,46,31,58,,67,65,22,12,3,4,0.8,0.7
2025-03-05T2200,3423A,119.0138,31.6494,南京市,溧水永阳,细颗粒物(PM2.5),60,51,33,43,31,55,,75,66,20,12,4,4,0.7,0.7
2025-03-05T2200,3427A,118.8554,32.3578,南京市,六合雄州,细颗粒物(PM2.5),67,71,50,48,33,22,,64,57,34,11,5,4,0.8,0.8
2025-03-05T2200,4249A,118.8708,31.3402,南京市,汶溪路181号,细颗粒物(PM2.5),57,52,36,40,33,55,,74,63,20,14,1,2,0.3,0.4
2025-03-05T2200,1401A,108.3103,22.7881,南宁市,二十一中,颗粒物(PM10),51,52,39,20,19,35,,34,34,18,20,4,5,0.6,0.8
2025-03-05T2200,1402A,108.3141,22.8528,南宁市,北湖,,42,42,34,22,24,36,,34,34,16,19,5,6,0.6,0.7
2025-03-05T2200,1403A,108.3206,22.8225,南宁市,市监测站,,39,39,36,22,25,35,,33,33,16,18,5,6,0.8,0.9
2025-03-05T2200,1404A,108.3829,22.8037,南宁市,大自然花园,,42,42,35,14,17,38,,40,40,13,15,5,6,0.6,1.1
2025-03-05T2200,1405A,108.4394,22.7904,南宁市,仙葫,,23,23,30,12,20,38,,37,37,13,15,7,7,0.4,0.5
2025-03-05T2200,1406A,108.2397,22.8467,南宁市,区农职院,,42,42,39,23,24,41,,39,39,12,15,8,9,0.6,0.7
2025-03-05T2200,1407A,108.3275,22.735,南宁市,英华嘉园,,34,34,32,21,20,36,,37,37,16,16,6,6,0.6,0.6
2025-03-05T2200,3401A,108.4834,22.7618,南宁市,红星社区,,29,29,30,19,21,40,,42,42,10,10,8,8,0.8,0.9
2025-03-05T2200,4221A,108.2177,22.7774,南宁市,乐贤路16号,,43,43,43,24,24,38,,35,35,13,18,8,8,0.8,0.9
2025-03-05T2200,2331A,118.0966,26.6761,南平市,茫荡山,,,,,,,,,,,,,,,,
2025-03-05T2200,2332A,118.1681,26.6369,南平市,南平市监测站,,9,6,8,6,6,17,,25,22,11,10,3,3,0.9,0.9
2025-03-05T2200,2333A,118.1825,26.6489,南平市,南平铝业有限公司,,10,6,7,3,6,18,,28,24,12,9,4,4,1.0,0.9
2025-03-05T2200,2334A,118.1756,26.6272,南平市,南平七中,,9,8,7,6,5,16,,26,23,12,10,4,4,0.8,0.7
2025-03-05T2200,1168A,120.9098,31.9663,南通市,狼山街道,,26,22,21,7,14,82,,80,80,12,12,5,5,0.4,0.4
2025-03-05T2200,1169A,120.86,32.0005,南通市,虹桥,,25,17,22,12,14,77,,77,76,15,14,4,4,0.2,0.1
2025-03-05T2200,1170A,120.87,32.02,南通市,城中,,25,20,22,7,11,79,,80,80,17,13,6,6,0.4,0.5
2025-03-05T2200,1171A,120.94,31.93,南通市,星湖花园,,25,15,16,10,12,78,,78,78,17,15,5,5,0.3,0.3
2025-03-05T2200,1172A,120.81,32.0417,南通市,紫琅学院,,25,13,16,6,10,78,,82,82,16,12,3,3,0.3,0.4
2025-03-05T2200,3291A,121.067,32.062,南通市,通州监测站,,28,14,20,9,11,89,,90,90,8,9,2,3,0.4,0.4
2025-03-05T2200,3432A,120.9348,31.9883,南通市,环境教育馆,,29,24,20,9,11,90,,89,89,6,6,4,4,0.0,0.1
2025-03-05T2200,2404A,112.5224,33.0122,南阳市,瓦房庄,细颗粒物(PM2.5),77,89,63,56,46,22,,66,55,41,23,4,4,0.7,0.6
2025-03-05T2200,2405A,112.5003,32.9735,南阳市,汉画馆,细颗粒物(PM2.5),77,84,58,56,42,13,,62,50,43,26,3,3,0.7,0.7
2025-03-05T2200,2406A,112.5573,33.027,南阳市,气象站,细颗粒物(PM2.5),73,92,68,53,43,15,,71,57,50,23,3,4,0.7,0.6
2025-03-05T2200,2407A,112.5481,32.9689,南阳市,理工学院,细颗粒物(PM2.5),93,109,63,69,47,2,,69,54,60,23,2,2,0.8,0.6
2025-03-05T2200,4008A,112.5234,32.9922,南阳市,卧龙区政府,细颗粒物(PM2.5),74,76,62,54,47,19,,63,55,43,24,5,5,0.8,0.6
2025-03-05T2200,1234A,121.8358,29.911,宁波市,区环保大楼,,23,12,22,11,15,71,,61,61,25,24,5,6,0.6,0.8
2025-03-05T2200,1235A,121.56,29.82,宁波市,万里学院,,25,20,25,14,25,78,,67,67,15,19,6,6,0.8,1
2025-03-05T2200,1236A,121.713,29.9572,宁波市,龙赛医院,,27,16,26,11,16,84,,73,73,11,20,5,6,0.5,0.6
2025-03-05T2200,1239A,121.633,29.7733,宁波市,钱湖水厂,,25,17,24,6,19,78,,72,72,19,24,6,6,0.5,0.7
2025-03-05T2200,1240A,121.5856,29.8635,宁波市,太古小学,,26,18,28,11,17,83,,74,74,21,26,7,7,0.3,0.5
2025-03-05T2200,1241A,121.524,29.8674,宁波市,市环境监测中心,,25,19,25,9,15,80,,68,68,14,23,6,6,0.3,0.5
2025-03-05T2200,2871A,121.6147,29.9017,宁波市,万里国际学校,,25,15,17,7,12,78,,68,68,15,26,6,6,0.3,0.4
2025-03-05T2200,3710A,121.5594,29.8975,宁波市,白沙活动中心,,27,19,23,9,12,86,,74,74,8,17,5,5,0.4,0.6
2025-03-05T2200,2339A,119.5001,26.6946,宁德市,金涵水库,,,,,,,,,,,,,,,,
2025-03-05T2200,2341A,119.5388,26.6612,宁德市,宁德市监测站,,30,,9,21,12,47,,56,56,15,14,4,4,0.5,0.4
2025-03-05T2200,3209A,119.5231,26.6562,宁德市,宁德一中,,22,15,11,15,8,51,,59,58,20,16,4,4,0.4,0.4
2025-03-05T2200,2618A,98.8601,25.8567,怒江傈僳族自治州,州监测站,颗粒物(PM10),55,59,42,32,27,94,,106,106,12,6,3,3,0.4,0.4
2025-03-05T2200,2619A,98.8546,25.8417,怒江傈僳族自治州,泸水一中,颗粒物(PM10),52,54,39,33,27,39,,77,71,33,15,6,6,0.6,0.4
2025-03-05T2200,1888A,101.6891,26.571,攀枝花市,弄弄坪,,48,48,56,30,32,82,,98,87,18,26,9,26,0.5,1.2
2025-03-05T2200,1889A,101.5769,26.5928,攀枝花市,河门口,,39,39,50,24,27,72,,108,102,18,18,8,11,0.6,0.7
2025-03-05T2200,1890A,101.7169,26.585,攀枝花市,炳草岗,,45,45,46,23,24,69,,110,94,27,30,1,7,0.7,0.9
2025-03-05T2200,1891A,101.7369,26.5008,攀枝花市,仁和,,44,44,36,24,22,83,,111,96,18,15,7,8,0.5,0.5
2025-03-05T2200,2835A,101.7227,26.567,攀枝花市,四十中小,,40,40,44,23,24,104,,105,102,12,23,8,10,0.5,0.7
2025-03-05T2200,1604A,122.0303,41.1489,盘锦市,开发区,细颗粒物(PM2.5),87,69,50,64,44,14,,94,65,63,36,16,14,0.7,0.8
2025-03-05T2200,1605A,122.0485,41.0883,盘锦市,兴隆台,细颗粒物(PM2.5),82,,49,60,41,8,,84,51,74,42,13,6,1.0,0.7
2025-03-05T2200,1606A,121.8297,41.1028,盘锦市,新生街道,细颗粒物(PM2.5),78,60,37,57,36,25,,83,54,54,36,41,13,0.9,0.8
2025-03-05T2200,1832A,113.3257,33.742,平顶山市,新华旅馆,细颗粒物(PM2.5),140,142,90,107,52,8,,52,45,55,28,6,6,0.6,0.6
2025-03-05T2200,1833A,113.2919,33.737,平顶山市,规划设计院,细颗粒物(PM2.5),99,98,81,74,57,41,,56,52,33,28,4,4,0.5,0.5
2025-03-05T2200,1834A,113.182,33.774,平顶山市,平顶山工学院,,,92,69,63,49,43,,61,56,24,22,5,5,,0.6
2025-03-05T2200,3204A,113.3025,33.73,平顶山市,规划局,细颗粒物(PM2.5),118,92,77,89,65,46,,56,54,,32,5,5,0.6,0.5
2025-03-05T2200,3594A,112.8867,33.9116,平顶山市,石龙区,细颗粒物(PM2.5),104,110,83,78,58,26,,56,38,42,34,11,7,0.6,0.4
2025-03-05T2200,2656A,106.6692,35.5461,平凉市,聚贤嘉苑,细颗粒物(PM2.5),53,52,64,37,40,77,,83,83,20,27,7,8,0.5,0.4
2025-03-05T2200,2657A,106.7021,35.5307,平凉市,博物馆,"颗粒物(PM10),细颗粒物(PM2.5)",57,64,66,40,43,88,,87,87,13,26,11,13,0.2,0.4
2025-03-05T2200,2347A,114.0997,27.5002,萍乡市,武功山,,15,,12,10,15,33,,45,42,9,11,7,9,0.3,0.4
2025-03-05T2200,2348A,113.8385,27.6434,萍乡市,中医院,,32,,38,22,30,21,,39,25,18,18,6,7,0.7,0.7
2025-03-05T2200,2349A,113.8493,27.6253,萍乡市,市政府车库,,29,,35,20,29,19,,41,27,19,17,4,6,0.7,0.6
2025-03-05T2200,2350A,113.8676,27.6435,萍乡市,市环保局,,26,21,35,18,29,18,,40,29,26,18,3,5,0.7,0.6
2025-03-05T2200,2351A,113.866,27.6198,萍乡市,安源区政府,,20,20,35,11,27,18,,39,29,13,13,4,9,0.8,0.9
2025-03-05T2200,2319A,119.0141,25.4325,莆田市,荔城区仓后路,,24,11,11,3,3,74,,62,62,13,17,2,2,0.3,0.4
2025-03-05T2200,2320A,119.0015,25.4553,莆田市,莆田市监测站,,25,9,12,3,2,80,,61,61,7,14,2,3,0.5,0.7
2025-03-05T2200,2321A,119.1119,25.4561,莆田市,涵江区六中,,26,12,11,3,2,81,,70,70,15,18,2,2,0.6,0.8
2025-03-05T2200,2322A,119.1013,25.3215,莆田市,秀屿区政府,,24,,13,8,4,76,,70,70,16,15,2,3,0.7,0.9
2025-03-05T2200,2323A,118.981,25.4792,莆田市,东圳水库,,,,,,,,,,,,,,,,
2025-03-05T2200,2392A,115.0312,35.7636,濮阳市,环保局,细颗粒物(PM2.5),72,54,47,52,37,79,,113,106,24,27,4,5,0.7,1.2
2025-03-05T2200,2394A,115.0574,35.7609,濮阳市,油田运输公司,细颗粒物(PM2.5),60,66,62,43,37,90,,126,122,20,30,4,5,1.0,1
2025-03-05T2200,3021A,115,35.7668,濮阳市,濮水河管理处,颗粒物(PM10),56,62,63,38,34,79,,114,111,20,31,5,6,0.7,0.8
2025-03-05T2200,4216A,115.0924,35.7686,濮阳市,任丘路479号,细颗粒物(PM2.5),72,75,69,52,40,83,,120,112,27,36,7,5,0.9,1
2025-03-05T2200,2601A,100.98,22.7633,普洱市,市环保局,细颗粒物(PM2.5),118,106,104,89,49,,,134,133,19,14,6,3,0.8,0.7
2025-03-05T2200,2602A,100.9817,22.8322,普洱市,普洱第二中学,细颗粒物(PM2.5),80,95,90,59,40,82,,122,110,20,26,7,7,0.7,0.7
2025-03-05T2200,2262A,131.0518,45.8751,七台河市,新一中,,22,21,23,11,12,70,,96,86,12,10,12,13,0.5,1
2025-03-05T2200,3345A,131.0577,45.7879,七台河市,中波台,,29,29,26,16,13,69,,80,73,12,15,6,7,0.6,0.6
2025-03-05T2200,3637A,131.0176,45.7761,七台河市,人民广场,颗粒物(PM10),54,58,37,34,22,35,,84,64,45,20,8,9,0.6,0.5
2025-03-05T2200,3684A,130.8781,45.8222,七台河市,新建矿广场,,48,36,52,33,29,60,,80,75,19,22,8,10,0.6,0.5
2025-03-05T2200,1779A,123.9305,47.3636,齐齐哈尔市,安居小区,细颗粒物(PM2.5),117,102,101,88,84,120,,119,118,26,27,7,14,0.5,0.6
2025-03-05T2200,1780A,123.9488,47.3386,齐齐哈尔市,中心广场,细颗粒物(PM2.5),155,158,113,118,78,120,,109,109,29,32,7,7,0.9,0.8
2025-03-05T2200,1781A,123.9483,47.3227,齐齐哈尔市,农牧车辆厂,细颗粒物(PM2.5),119,114,83,90,61,130,,116,116,26,29,9,8,0.6,0.6
2025-03-05T2200,1783A,123.945,47.2988,齐齐哈尔市,市环境监测站,细颗粒物(PM2.5),132,161,100,100,69,124,,108,108,30,32,10,7,0.7,0.7
2025-03-05T2200,3662A,123.6333,47.2075,齐齐哈尔市,富区青少年活动中心,细颗粒物(PM2.5),117,134,99,88,60,96,,105,102,19,17,7,8,0.8,0.6
2025-03-05T2200,2591A,107.9783,26.5747,黔东南苗族侗族自治州,市环境监测站,,24,10,13,8,12,74,,75,72,6,6,3,3,0.4,0.4
2025-03-05T2200,2881A,107.8908,26.5311,黔东南苗族侗族自治州,凯里学院,,24,,7,8,9,74,,76,70,6,7,2,2,0.7,0.7
2025-03-05T2200,2593A,107.5228,26.2403,黔南布依族苗族自治州,小围寨,,19,7,7,3,5,60,,66,59,4,5,5,4,0.5,0.4
2025-03-05T2200,3538A,107.5175,26.2978,黔南布依族苗族自治州,沙坝,,21,9,11,7,6,65,,77,65,7,7,5,4,0.5,0.4
2025-03-05T2200,2589A,104.9022,25.0925,黔西南布依族苗族自治州,场坝街,细颗粒物(PM2.5),78,73,53,57,40,71,,60,60,10,13,3,3,0.4,0.4
2025-03-05T2200,2590A,104.8811,25.0992,黔西南布依族苗族自治州,坪东大道,细颗粒物(PM2.5),74,54,49,54,45,67,,54,54,9,11,3,4,0.4,0.4
2025-03-05T2200,2502A,108.6236,21.9667,钦州市,市环保站,,46,46,52,22,27,32,,39,38,20,18,7,7,1.0,0.9
2025-03-05T2200,2503A,108.6549,21.9481,钦州市,沙埠小学,,46,46,46,13,23,33,,38,37,18,18,5,6,0.9,0.9
2025-03-05T2200,2504A,108.5989,21.7431,钦州市,港区一小,颗粒物(PM10),56,62,57,28,28,28,,32,31,27,25,8,8,0.8,0.8
2025-03-05T2200,3404A,108.5959,21.9633,钦州市,北职校,,38,33,44,26,34,35,,40,39,19,18,5,6,0.8,0.8
2025-03-05T2200,1043A,119.7493,40.0116,秦皇岛市,第一关,细颗粒物(PM2.5),109,110,81,82,54,7,,82,55,101,56,9,6,1.0,0.8
2025-03-05T2200,1044A,119.5897,39.9499,秦皇岛市,监测站,细颗粒物(PM2.5),102,122,82,76,49,4,,75,54,85,50,5,5,1.4,0.9
2025-03-05T2200,1046A,119.5251,39.9041,秦皇岛市,建设大厦,细颗粒物(PM2.5),132,157,87,100,54,5,,78,53,95,50,8,7,1.5,1
2025-03-05T2200,3132A,119.610547,39.943889,秦皇岛市,文明里,细颗粒物(PM2.5),103,117,79,77,42,4,,68,47,89,52,6,6,1.0,0.7
2025-03-05T2200,4198A,119.5090,39.8253,秦皇岛市,北戴河轮滑馆,颗粒物(PM10),55,60,64,35,40,25,,69,52,44,33,4,6,1.0,0.9
2025-03-05T2200,1307A,120.6659,36.2403,青岛市,仰口,细颗粒物(PM2.5),57,45,18,40,18,76,,92,86,17,6,5,3,0.3,0.2
2025-03-05T2200,1310A,120.4134,36.0658,青岛市,市南区东部子站,细颗粒物(PM2.5),55,58,26,39,16,53,,86,80,34,17,8,7,0.6,0.5
2025-03-05T2200,1311A,120.3664,36.1032,青岛市,四方区子站,,48,48,25,31,20,62,,88,74,32,25,4,3,0.7,0.6
2025-03-05T2200,1312A,120.2994,36.054,青岛市,市南区西部子站,,41,41,31,22,17,75,,78,75,20,23,6,6,0.7,0.7
2025-03-05T2200,1313A,120.4581,36.0858,青岛市,崂山区子站,,44,44,16,24,9,56,,93,79,33,13,9,8,0.6,0.4
2025-03-05T2200,1315A,120.3999,36.3083,青岛市,城阳区子站,,44,44,22,22,15,75,,90,82,22,18,8,7,0.8,0.7
2025-03-05T2200,1966A,120.0405,35.8735,青岛市,黄岛区4号,,41,41,40,19,27,65,,89,81,31,23,8,7,0.6,0.6
2025-03-05T2200,3362A,120.5014,36.4034,青岛市,即墨2号,"颗粒物(PM10),细颗粒物(PM2.5)",52,53,23,36,17,62,,90,78,25,13,8,6,0.8,0.6
2025-03-05T2200,3642A,120.3503,36.0736,青岛市,市北区南部,,39,29,31,27,17,51,,69,64,27,24,6,7,0.7,0.7
2025-03-05T2200,3643A,120.3948,36.1805,青岛市,李沧区北部,,49,46,24,34,21,63,,86,70,32,25,11,10,0.6,0.5
2025-03-05T2200,4290A,120.1969,35.9546,青岛市,珠江路669号,颗粒物(PM10),51,51,45,32,33,40,,85,74,54,30,7,6,0.7,0.7
2025-03-05T2200,1702A,113.0426,23.691,清远市,环保大楼,,,,,,,,,,,,,,,,
2025-03-05T2200,1703A,113.0208,23.7106,清远市,凤城街办,,8,6,5,3,4,13,,25,12,15,15,3,4,0.6,0.6
2025-03-05T2200,3025A,113.0477,23.6344,清远市,技师学院,,12,6,8,3,5,13,,29,20,23,19,6,6,0.7,0.9
2025-03-05T2200,3318A,112.9903,23.7403,清远市,清新太和,,8,6,4,3,2,24,,26,21,8,8,8,6,0.7,0.7
2025-03-05T2200,3455A,113.076,23.7198,清远市,清城东城,,9,6,5,3,3,26,,31,24,10,8,5,5,0.9,0.9
2025-03-05T2200,2661A,107.6325,35.7357,庆阳市,庆阳五中,,47,47,49,29,33,90,,79,79,10,15,2,3,0.3,0.6
2025-03-05T2200,2662A,107.6364,35.7067,庆阳市,市环保局,颗粒物(PM10),53,56,53,26,31,85,,73,73,13,19,5,7,0.5,0.7
2025-03-05T2200,1916A,103.7897,25.5035,曲靖市,环境监测站,颗粒物(PM10),79,108,55,42,28,61,,126,113,23,13,9,5,0.8,0.5
2025-03-05T2200,1917A,103.8,25.5364,曲靖市,烟厂办公区,颗粒物(PM10),72,94,55,49,28,67,,124,114,19,9,4,4,0.8,0.5
2025-03-05T2200,3376A,103.7947,25.462,曲靖市,南苑二区,颗粒物(PM10),80,110,56,37,28,68,,129,116,21,9,15,8,0.8,0.4
2025-03-05T2200,3377A,103.7444,25.5261,曲靖市,曲靖师范学院,细颗粒物(PM2.5),109,116,66,82,42,64,,123,114,25,22,13,10,0.8,0.5
2025-03-05T2200,1264A,118.8692,28.9398,衢州市,环保大楼,,40,37,36,28,28,30,,35,28,23,22,2,1,0.6,0.6
2025-03-05T2200,1265A,118.8709,28.9666,衢州市,实验学校,,36,32,32,25,26,34,,37,33,20,18,3,3,0.6,0.6
2025-03-05T2200,1266A,118.8621,28.9808,衢州市,衢州学院,,40,34,33,28,27,31,,36,32,22,18,4,4,0.6,0.6
2025-03-05T2200,1611A,118.5819,24.9117,泉州市,涂山街,,25,8,11,3,7,80,,65,65,9,12,2,2,0.5,0.7
2025-03-05T2200,1612A,118.5972,24.8978,泉州市,津头埔,,24,9,10,7,8,75,,61,61,14,17,2,2,0.6,0.7
2025-03-05T2200,1613A,118.6663,24.9424,泉州市,万安,,25,11,10,6,7,79,,68,68,6,14,3,3,0.4,0.6
2025-03-05T2200,1614A,118.6117,24.9604,泉州市,清源山,,,,,,,,,,,,,,,,
2025-03-05T2200,3529A,118.6333,24.9264,泉州市,城华南路,,24,10,11,6,7,75,,62,62,14,18,2,2,0.5,0.6
2025-03-05T2200,2626A,88.8876,29.2718,日喀则市,日喀则监测站,颗粒物(PM10),81,112,31,27,11,120,,111,111,12,4,2,4,0.4,0.3
2025-03-05T2200,3726A,88.8781,29.2426,日喀则市,林业技术推广中心,颗粒物(PM10),102,154,36,20,5,129,,111,111,2,2,6,6,0.1,0.2
2025-03-05T2200,1659A,119.471,35.4209,日照市,监测站,细颗粒物(PM2.5),64,56,63,46,48,41,,86,69,50,35,6,6,0.8,0.7
2025-03-05T2200,1660A,119.523,35.4216,日照市,市政府广场,,46,46,62,28,43,61,,82,76,26,23,2,3,0.7,0.7
2025-03-05T2200,1661A,119.5587,35.4044,日照市,港务局,,46,41,60,32,48,73,,90,85,21,21,7,8,0.7,0.8
2025-03-05T2200,3507A,119.5328,35.4625,日照市,职业技术学院,,49,46,62,34,44,66,,84,75,24,28,4,4,0.7,0.8
2025-03-05T2200,3604A,119.3266,35.1044,日照市,岚山环保分局,细颗粒物(PM2.5),55,44,68,39,51,54,,89,74,42,32,7,9,0.9,1.2
2025-03-05T2200,1835A,111.1922,34.7752,三门峡市,市政府,细颗粒物(PM2.5),90,,54,67,56,9,,59,52,63,37,5,5,1.0,0.6
2025-03-05T2200,1836A,111.1587,34.7942,三门峡市,开发区,细颗粒物(PM2.5),95,82,72,71,63,34,,56,55,28,27,4,6,0.8,0.7
2025-03-05T2200,1838A,111.143,34.7955,三门峡市,风景区,细颗粒物(PM2.5),94,,54,70,58,37,,54,54,17,20,8,10,0.9,0.8
2025-03-05T2200,3039A,111.1911,34.7829,三门峡市,三门峡市第一小学,细颗粒物(PM2.5),94,70,58,70,58,19,,58,54,58,38,5,6,0.9,0.6
2025-03-05T2200,3598A,111.1,34.7167,三门峡市,富达温泉假日酒店,细颗粒物(PM2.5),87,77,74,64,56,21,,49,43,34,33,7,9,0.5,0.5
2025-03-05T2200,2324A,117.6211,26.2625,三明市,三钢,,9,,8,6,9,17,,26,21,15,10,2,3,0.7,0.8
2025-03-05T2200,2325A,117.635,26.2714,三明市,三明二中,,8,,6,3,6,16,,24,20,14,9,1,2,0.4,0.4
2025-03-05T2200,2326A,117.6028,26.2378,三明市,三元区政府,,13,,7,3,5,20,,25,22,14,11,4,4,1.3,0.9
2025-03-05T2200,2327A,117.7275,26.3108,三明市,洋溪,,,,,,,,,,,,,,,,
2025-03-05T2200,1876A,109.5078,18.2489,三亚市,河东子站,,21,21,19,12,11,38,,44,39,5,5,4,4,0.3,0.4
2025-03-05T2200,1877A,109.4964,18.2681,三亚市,河西子站,,18,18,16,10,8,33,,43,38,7,6,3,2,0.2,0.2
2025-03-05T2200,3540A,109.7348,18.3443,三亚市,君悦子站,,15,13,18,3,8,47,,58,54,5,7,3,3,0.3,0.2
2025-03-05T2200,2624A,91.7608,29.2313,山南市,山南监测站,,36,36,53,9,16,97,,106,103,1,3,4,4,0.3,0.3
2025-03-05T2200,2625A,91.7706,29.2436,山南市,山南人民医院,颗粒物(PM10),54,58,70,20,16,91,,101,98,2,4,4,4,0.4,0.4
2025-03-05T2200,1674A,116.6794,23.3667,汕头市,金平子站,,,23,13,18,10,,,60,60,17,19,4,5,0.6,1
2025-03-05T2200,1675A,116.7244,23.3633,汕头市,龙湖子站,,39,39,11,18,6,63,,63,63,14,6,3,3,0.6,0.8
2025-03-05T2200,1676A,116.7258,23.2775,汕头市,濠江子站,,22,16,12,12,5,69,,70,70,13,14,3,3,0.6,0.7
2025-03-05T2200,1677A,116.7519,23.4714,汕头市,澄海子站,,18,14,12,12,6,56,,57,57,15,15,3,3,0.6,0.7
2025-03-05T2200,1678A,116.6092,23.2539,汕头市,潮阳子站,,22,21,13,7,5,68,,67,67,13,13,6,6,0.5,0.6
2025-03-05T2200,3444A,116.454,23.2684,汕头市,潮南峡山,,23,23,11,3,2,66,,64,64,8,8,7,7,0.6,0.7
2025-03-05T2200,3624A,116.4069,23.2533,汕头市,潮南子站,,35,35,22,13,10,62,,60,60,12,14,7,7,0.6,0.7
2025-03-05T2200,1693A,115.3653,22.775,汕尾市,市环保局,,29,20,14,20,13,59,,68,67,11,11,6,6,0.9,0.9
2025-03-05T2200,1694A,115.3706,22.7898,汕尾市,市政府,,22,22,13,12,8,56,,64,63,13,14,4,4,0.7,0.7
2025-03-05T2200,1695A,115.3622,22.7925,汕尾市,新城中学,,23,20,15,16,12,59,,66,65,12,12,8,8,0.6,0.6
2025-03-05T2200,2645A,109.9154,33.8715,商洛市,监测站,,49,42,35,34,26,36,,66,61,34,21,5,9,0.7,0.7
2025-03-05T2200,3045A,109.9643,33.8471,商洛市,商州区中学,,46,43,34,32,25,32,,65,61,32,27,2,5,0.8,0.7
2025-03-05T2200,2408A,115.6702,34.4285,商丘市,环境监测站,细颗粒物(PM2.5),113,114,63,85,51,22,,105,79,57,28,7,5,1.1,0.7
2025-03-05T2200,2409A,115.6458,34.4045,商丘市,粮食局,,,88,62,63,50,,,101,96,52,37,4,4,0.6,0.6
2025-03-05T2200,2410A,115.6293,34.3948,商丘市,睢阳区环保局,细颗粒物(PM2.5),87,112,69,64,47,16,,92,70,63,37,4,4,0.6,0.4
2025-03-05T2200,3171A,115.6071,34.4465,商丘市,梁园区档案局,细颗粒物(PM2.5),82,83,59,60,48,38,,92,69,53,39,6,5,0.8,0.7
2025-03-05T2200,1141A,121.4,31.238,上海市,普陀,,26,14,17,10,11,83,,86,86,22,20,6,5,0.6,0.6
2025-03-05T2200,1142A,121.478,31.2036,上海市,十五厂,,26,15,19,8,13,82,,84,84,21,19,6,6,0.6,0.7
2025-03-05T2200,1143A,121.467,31.3008,上海市,虹口,,27,14,17,7,11,84,,87,87,26,25,8,8,0.5,0.6
2025-03-05T2200,1147A,121.425,31.2261,上海市,静安监测站,,25,15,19,8,12,78,,79,79,28,26,8,8,0.6,0.7
2025-03-05T2200,1148A,121.703,31.1907,上海市,浦东川沙,,26,16,16,9,11,81,,86,85,18,19,7,7,0.6,0.6
2025-03-05T2200,1149A,121.533,31.2284,上海市,浦东新区监测站,,26,12,15,7,10,82,,84,84,25,24,5,5,0.3,0.4
2025-03-05T2200,1150A,121.577,31.2071,上海市,浦东张江,,26,22,36,12,15,82,,80,77,17,24,5,5,0.7,0.7
2025-03-05T2200,3265A,121.4316,31.3322,上海市,宝山庙行,,26,12,16,7,10,81,,81,81,20,14,7,7,0.7,0.7
2025-03-05T2200,3266A,121.8791,31.4662,上海市,崇明上实东滩,,30,13,10,9,7,96,,94,94,7,10,4,4,0.3,0.4
2025-03-05T2200,3268A,121.3162,31.2838,上海市,嘉定南翔,,23,14,15,12,13,73,,80,79,26,20,7,6,0.6,0.6
2025-03-05T2200,3269A,121.3359,30.7456,上海市,金山新城,,24,17,21,13,21,76,,76,73,21,22,2,2,0.4,0.5
2025-03-05T2200,3270A,121.4996,31.0739,上海市,闵行浦江,,25,16,19,11,12,78,,80,80,28,24,4,4,0.5,0.6
2025-03-05T2200,3271A,121.2886,31.1663,上海市,青浦徐泾,,25,13,14,10,12,79,,81,81,21,20,5,5,0.5,0.4
2025-03-05T2200,3272A,121.2186,31.0378,上海市,松江图书馆,,26,14,20,12,17,81,,77,76,20,21,7,6,0.5,0.5
2025-03-05T2200,3273A,121.3902,31.2059,上海市,长宁仙霞,,26,14,17,9,13,81,,82,82,25,24,6,6,0.2,0.3
2025-03-05T2200,3274A,121.7965,31.0507,上海市,浦东惠南,,22,16,15,7,10,69,,87,86,32,23,6,6,0.6,0.6
2025-03-05T2200,3544A,121.4891,30.925,上海市,奉贤南桥新城,,23,14,19,10,17,73,,74,74,25,26,7,6,0.4,0.5
2025-03-05T2200,4183A,121.4174,31.16637,上海市,冠生园路458号,,26,13,18,8,16,82,,81,81,13,15,8,8,0.5,0.6
2025-03-05T2200,4205A,121.5419,31.2683,上海市,宁武路151号,,25,15,17,7,8,80,,84,84,23,21,6,6,0.4,0.5
2025-03-05T2200,2381A,118.005,28.4572,上饶市,百草园,,21,21,21,3,14,32,,39,35,3,4,6,2,0.7,0.7
2025-03-05T2200,2382A,117.9756,28.4436,上饶市,市监测站,,24,24,22,12,12,35,,44,38,24,18,9,9,0.6,0.6
2025-03-05T2200,2383A,117.9519,28.4628,上饶市,凤凰光学,,23,23,21,13,12,39,,44,36,22,18,5,6,0.7,0.8
2025-03-05T2200,3685A,117.897,28.4315,上饶市,双创科技城,,26,23,23,18,16,40,,44,37,21,19,6,8,0.7,0.7
2025-03-05T2200,4211A,118.1904,28.4448,上饶市,裕丰大道,,17,17,24,11,20,42,,45,41,20,19,1,2,0.5,0.5
2025-03-05T2200,1669A,113.5824,24.7733,韶关市,市八中,,7,6,9,3,4,20,,32,21,8,7,5,5,0.7,0.7
2025-03-05T2200,1671A,113.5917,24.7972,韶关市,园林处,,7,6,10,3,5,21,,32,19,14,12,4,4,0.6,0.6
2025-03-05T2200,1672A,113.6735,24.7791,韶关市,韶关学院,,13,11,12,9,8,16,,36,22,14,12,1,6,0.5,0.5
2025-03-05T2200,1673A,113.5971,24.6863,韶关市,曲江监测站,,9,6,9,3,5,19,,30,20,17,15,6,10,0.6,0.7
2025-03-05T2200,3622A,113.5556,24.8082,韶关市,碧湖山庄,,7,6,11,3,6,17,,23,17,14,11,6,6,0.5,0.5
2025-03-05T2200,2462A,111.5239,27.3033,邵阳市,市水土所,,,,,,,,,,,,,,,,
2025-03-05T2200,2464A,111.5283,27.2442,邵阳市,市化工厂,,20,13,31,8,25,64,,56,56,12,15,9,9,0.8,0.8
2025-03-05T2200,2466A,111.4328,27.2272,邵阳市,市环保局,,20,10,19,6,20,61,,56,56,14,13,5,5,0.9,0.9
2025-03-05T2200,4218A,111.4460,27.2472,邵阳市,北塔二期4-26地块,,22,,22,15,27,60,,56,56,14,14,6,6,0.6,0.6
2025-03-05T2200,4219A,111.4739,27.2282,邵阳市,邵水西路287号,,25,,24,17,27,65,,59,59,14,13,7,6,0.7,0.8
2025-03-05T2200,1247A,120.6053,29.9928,绍兴市,城东开发委,"颗粒物(PM10),细颗粒物(PM2.5)",53,56,35,37,27,41,,45,45,27,25,6,5,0.7,0.8
2025-03-05T2200,2921A,120.5483,30.0003,绍兴市,树下王站,细颗粒物(PM2.5),67,58,43,48,37,51,,57,57,30,25,5,5,0.4,0.8
2025-03-05T2200,3408A,120.5683,29.9361,绍兴市,绍兴中专,细颗粒物(PM2.5),53,48,35,37,27,54,,56,56,23,21,5,6,0.6,0.7
2025-03-05T2200,3409A,120.4906,30.0861,绍兴市,柯桥区政府,细颗粒物(PM2.5),59,63,48,42,32,52,,60,60,35,34,6,6,0.5,0.6
2025-03-05T2200,3410A,120.8752,30.0249,绍兴市,重华小学,,48,44,34,33,25,46,,63,60,25,19,5,4,0.6,0.7
2025-03-05T2200,3411A,120.8369,30.0137,绍兴市,上虞中学,,46,42,34,32,27,44,,59,57,29,24,5,5,0.5,0.6
2025-03-05T2200,3560A,120.4722,30.0415,绍兴市,柯桥妇保,细颗粒物(PM2.5),54,51,39,38,30,50,,54,54,17,18,5,5,0.7,0.8
2025-03-05T2200,3658A,120.6153,30.0764,绍兴市,袍江中学,细颗粒物(PM2.5),60,66,34,43,25,43,,52,51,36,27,6,5,0.6,0.9
2025-03-05T2200,1356A,114.1063,22.5545,深圳市,通心岭子站,,21,21,27,10,12,2,,6,2,29,29,6,6,0.9,0.9
2025-03-05T2200,1357A,114.117,22.5625,深圳市,洪湖,,19,19,28,8,10,1,,7,1,28,28,6,6,0.9,0.8
2025-03-05T2200,1358A,113.987,22.5417,深圳市,华侨城,,22,22,23,9,11,1,,6,2,33,32,5,5,1.0,1
2025-03-05T2200,1359A,113.9181,22.5171,深圳市,南海子站,,38,38,38,14,15,4,,11,8,30,29,5,6,0.9,0.8
2025-03-05T2200,1360A,114.2458,22.5689,深圳市,盐田,,24,11,16,11,10,7,,13,13,47,35,6,7,0.7,0.6
2025-03-05T2200,1361A,114.2283,22.7244,深圳市,龙岗,,18,18,19,10,9,7,,14,7,20,17,5,5,0.8,0.8
2025-03-05T2200,1363A,114.494,22.5422,深圳市,南澳,,17,6,9,3,5,53,,49,49,10,16,6,6,0.7,0.7
2025-03-05T2200,1364A,114.41,22.6342,深圳市,葵涌,,12,12,14,6,6,6,,12,4,20,19,6,6,0.8,0.8
2025-03-05T2200,1365A,114.297,22.5978,深圳市,梅沙,,9,6,11,3,5,17,,25,24,17,19,6,6,0.7,0.7
2025-03-05T2200,1366A,114.0678,22.738,深圳市,观澜,,23,23,25,11,10,1,,9,3,25,21,6,4,0.7,0.6
2025-03-05T2200,3305A,114.0731,22.559,深圳市,莲花,,23,23,27,14,14,2,,9,3,30,29,7,5,0.9,0.8
2025-03-05T2200,3306A,114.0261,22.6198,深圳市,民治,,25,25,29,12,14,2,,8,3,30,28,7,7,1.1,1
2025-03-05T2200,3307A,114.1871,22.6451,深圳市,横岗,,19,19,26,10,14,2,,12,2,23,22,5,6,0.8,0.8
2025-03-05T2200,3447A,114.3551,22.7151,深圳市,坪山,,21,21,23,10,11,8,,15,5,23,22,6,6,0.8,0.9
2025-03-05T2200,3623A,113.8953,22.5861,深圳市,西乡,,28,28,31,11,12,4,,11,5,33,27,6,6,1.0,1
2025-03-05T2200,1098A,123.6836,41.9339,沈阳市,森林路,,,,,,,,,,,,,,,,
2025-03-05T2200,1099A,123.505,41.7406,沈阳市,浑南东路,细颗粒物(PM2.5),69,74,104,50,71,41,,90,83,54,53,11,18,0.7,1.3
2025-03-05T2200,1100A,123.4231,41.6989,沈阳市,新秀街,细颗粒物(PM2.5),63,66,103,45,70,36,,95,83,76,52,9,15,0.8,1.1
2025-03-05T2200,1102A,123.5903,41.8411,沈阳市,东陵路,细颗粒物(PM2.5),57,61,88,40,68,33,,92,77,61,54,12,14,0.7,1.2
2025-03-05T2200,1103A,123.4264,41.8467,沈阳市,陵东街,细颗粒物(PM2.5),73,78,76,53,54,14,,94,75,99,56,10,16,0.9,0.9
2025-03-05T2200,1104A,123.4114,41.7653,沈阳市,文化路,细颗粒物(PM2.5),60,63,100,43,71,63,,88,83,41,48,14,18,0.7,1.1
2025-03-05T2200,1105A,123.4678,41.7867,沈阳市,小河沿,细颗粒物(PM2.5),67,71,84,48,57,46,,91,80,54,45,42,21,0.8,1
2025-03-05T2200,1106A,123.4017,41.7972,沈阳市,太原街,细颗粒物(PM2.5),73,71,90,53,73,41,,85,70,61,50,13,19,0.7,0.9
2025-03-05T2200,1108A,123.3783,41.9228,沈阳市,京沈街,细颗粒物(PM2.5),72,62,72,52,67,61,,94,88,39,47,14,21,0.6,0.8
2025-03-05T2200,2897A,123.2444,41.7347,沈阳市,沈辽西路,细颗粒物(PM2.5),127,136,126,96,87,9,,101,75,101,53,13,14,1.2,1.2
2025-03-05T2200,2900A,123.5953,41.9086,沈阳市,裕农路,细颗粒物(PM2.5),72,75,90,52,60,16,,97,75,92,60,11,17,0.7,1
2025-03-05T2200,2428A,111.0419,32.395,十堰市,武当山,,28,28,16,13,10,85,,71,71,5,6,12,12,0.6,0.5
2025-03-05T2200,2429A,110.78,32.6494,十堰市,滨河新村,细颗粒物(PM2.5),64,70,51,46,40,15,,53,40,48,25,14,13,1.0,0.8
2025-03-05T2200,2430A,110.7258,32.6389,十堰市,刘家沟,,,52,45,40,38,23,,48,40,,16,12,12,0.5,0.7
2025-03-05T2200,2431A,110.8839,32.5714,十堰市,铁二处,细颗粒物(PM2.5),67,,37,48,37,15,,60,46,34,21,10,10,1.0,0.8
2025-03-05T2200,3545A,110.8054,32.8401,十堰市,郧阳区金沙路,,35,33,31,24,30,36,,64,55,16,10,16,12,0.6,0.5
2025-03-05T2200,2709A,86.0497,44.2967,石河子市,艾青诗歌馆,,33,33,25,14,10,88,,96,95,5,10,4,5,0.4,0.4
2025-03-05T2200,3442A,86.047,44.2331,石河子市,南区管委会,,48,,22,33,18,88,,96,96,11,9,6,7,0.5,0.5
2025-03-05T2200,4051A,86.0791,44.3017,石河子市,世纪广场,,35,34,24,24,15,84,,95,94,10,7,6,6,0.4,0.4
2025-03-05T2200,1029A,114.4422,38.0444,石家庄市,职工医院,细颗粒物(PM2.5),88,90,69,65,46,70,,73,73,19,32,12,4,0.9,0.6
2025-03-05T2200,1030A,114.6063,38.0266,石家庄市,高新区,颗粒物(PM10),77,103,82,53,42,74,,91,90,33,41,6,7,0.7,0.7
2025-03-05T2200,1031A,114.4898,38.1328,石家庄市,西北水源,细颗粒物(PM2.5),98,130,89,73,45,19,,78,72,84,42,5,5,0.9,0.6
2025-03-05T2200,1032A,114.4586,38.0058,石家庄市,西南高教,细颗粒物(PM2.5),94,121,92,70,48,74,,87,86,30,42,19,7,0.8,0.5
2025-03-05T2200,1033A,114.5331,38.0178,石家庄市,世纪公园,细颗粒物(PM2.5),87,111,82,64,42,61,,83,81,42,42,8,9,0.8,0.6
2025-03-05T2200,1034A,114.509,38.0457,石家庄市,人民会堂,细颗粒物(PM2.5),78,97,75,57,38,75,,89,88,29,25,6,7,0.9,0.6
2025-03-05T2200,1035A,114.3524,37.8911,石家庄市,封龙山,细颗粒物(PM2.5),74,63,65,54,40,97,,96,96,18,15,14,13,1.1,0.9
2025-03-05T2200,2862A,114.5481,38.0378,石家庄市,22中南校区,细颗粒物(PM2.5),107,87,71,80,49,70,,86,85,38,39,9,10,0.8,0.6
2025-03-05T2200,3456A,114.289,38.0906,石家庄市,鹿泉一中,颗粒物(PM10),71,92,86,50,44,49,,78,76,29,32,5,6,0.6,0.6
2025-03-05T2200,3573A,114.8506765,38.0322033,石家庄市,藁城区实验学校,细颗粒物(PM2.5),88,110,83,65,43,45,,103,94,66,40,10,11,0.7,0.8
2025-03-05T2200,3574A,114.0504658,38.0591645,石家庄市,井陉矿区区委大楼,颗粒物(PM10),76,102,85,45,38,14,,82,62,73,38,11,12,0.5,0.6
2025-03-05T2200,4024A,114.6549,37.9020,石家庄市,栾城区星河路,细颗粒物(PM2.5),90,102,78,67,52,74,,100,97,32,37,7,10,0.8,0.8
2025-03-05T2200,1947A,106.3394,38.817,石嘴山市,沙湖旅游区,,,,,,,,,,,,,,,,
2025-03-05T2200,1948A,106.3668,39.0145,石嘴山市,大武口朝阳西街,,35,35,71,16,49,66,,83,78,26,28,95,28,0.8,0.9
2025-03-05T2200,1949A,106.7704,39.2282,石嘴山市,惠农南大街,,,63,74,20,36,47,,75,72,,38,37,17,0.5,1.2
2025-03-05T2200,1950A,106.7099,39.1325,石嘴山市,红果子镇惠新街,,,28,53,12,33,71,,80,78,,19,5,7,0.5,0.9
2025-03-05T2200,3520A,106.3495,38.9836,石嘴山市,妇女儿童医院,,26,26,59,14,44,68,,80,77,19,24,17,13,0.4,0.7
2025-03-05T2200,3521A,106.7492,39.2069,石嘴山市,石大公路,,40,39,77,28,49,47,,83,80,44,38,24,9,0.7,1.2
2025-03-05T2200,2248A,131.1511,46.6937,双鸭山市,双合村,,35,29,53,24,36,56,,71,66,19,25,8,12,0.5,0.7
2025-03-05T2200,2249A,131.1652,46.6191,双鸭山市,南小市,,46,46,39,31,27,42,,75,66,30,17,8,11,0.5,0.5
2025-03-05T2200,2250A,131.1524,46.6554,双鸭山市,环保局,细颗粒物(PM2.5),63,60,52,45,36,37,,79,69,46,27,10,11,0.4,0.5
2025-03-05T2200,2251A,131.12,46.5656,双鸭山市,苗圃,,,,,,,,,,,,,,,,
2025-03-05T2200,2166A,112.4397,39.3522,朔州市,平朔,颗粒物(PM10),65,80,71,23,42,10,,70,60,64,31,22,14,0.7,0.7
2025-03-05T2200,2167A,112.4575,39.3617,朔州市,朔唯,颗粒物(PM10),63,75,69,20,39,26,,73,66,49,33,17,14,0.5,0.7
2025-03-05T2200,2168A,112.4258,39.3197,朔州市,区政府,颗粒物(PM10),61,72,72,24,38,42,,68,64,42,28,14,12,0.8,0.8
2025-03-05T2200,2169A,112.4072,39.3278,朔州市,市环保局,颗粒物(PM10),54,58,73,23,41,51,,65,61,29,28,12,11,0.6,0.7
2025-03-05T2200,2170A,112.4272,39.3681,朔州市,市二中,颗粒物(PM10),76,101,79,31,41,16,,70,56,61,32,16,12,0.5,0.6
2025-03-05T2200,3571A,112.2931,39.53,朔州市,一水厂,,32,32,51,15,35,72,,88,85,8,14,5,7,0.3,0.4
2025-03-05T2200,2225A,124.4002,43.1713,四平市,一商场,颗粒物(PM10),61,72,87,41,55,62,,92,81,29,38,4,8,0.5,0.7
2025-03-05T2200,2226A,124.388,43.193,四平市,境园,细颗粒物(PM2.5),65,73,86,47,64,58,,94,76,35,43,2,5,0.5,0.6
2025-03-05T2200,3486A,124.4036,43.1411,四平市,植物园,颗粒物(PM10),55,59,78,32,49,72,,98,90,26,41,3,5,0.5,0.7
2025-03-05T2200,3713A,124.3419,43.1666,四平市,世纪城,细颗粒物(PM2.5),77,81,83,56,58,38,,96,69,53,42,6,8,0.5,0.6
2025-03-05T2200,2233A,124.8006,45.1214,松原市,江南,细颗粒物(PM2.5),82,69,55,60,38,36,,83,73,48,26,8,12,0.9,0.5
2025-03-05T2200,2234A,124.7965,45.1722,松原市,江北,细颗粒物(PM2.5),63,67,54,45,42,44,,74,66,30,21,6,8,0.7,0.6
2025-03-05T2200,1160A,120.561,31.2472,苏州市,上方山,,,,,,,,,,,,,,,,
2025-03-05T2200,1162A,120.591,31.3019,苏州市,彩香,,22,22,32,14,24,68,,72,63,22,22,8,8,0.4,0.5
2025-03-05T2200,1163A,120.596,31.3264,苏州市,轧钢厂,,22,21,30,14,21,70,,75,66,18,19,6,6,0.5,0.6
2025-03-05T2200,1164A,120.613,31.2703,苏州市,吴中区,,22,22,27,12,21,68,,73,65,16,17,5,5,0.5,0.6
2025-03-05T2200,1165A,120.543,31.2994,苏州市,苏州新区,,22,20,31,15,24,69,,79,69,28,23,6,6,0.3,0.5
2025-03-05T2200,1166A,120.669,31.3097,苏州市,苏州工业园区,,22,22,31,15,25,63,,72,64,22,18,6,6,0.6,0.8
2025-03-05T2200,1167A,120.641,31.3708,苏州市,相城区,,24,22,29,13,21,75,,77,68,19,20,6,6,0.3,0.5
2025-03-05T2200,3289A,120.743,31.3188,苏州市,方洲路,,23,18,27,12,19,72,,77,71,22,21,5,5,0.4,0.6
2025-03-05T2200,3290A,120.5031,31.2774,苏州市,木渎中学,,23,18,28,16,24,70,,77,66,21,21,5,6,0.6,0.7
2025-03-05T2200,3425A,120.624,31.1733,苏州市,越秀幼儿园,,30,30,30,13,22,62,,75,65,30,23,5,6,0.6,0.8
2025-03-05T2200,3431A,120.6505,31.416,苏州市,高铁新城,,23,20,30,13,22,73,,77,68,17,18,7,7,0.4,0.6
2025-03-05T2200,1220A,118.293,33.9528,宿迁市,宿迁学院,细颗粒物(PM2.5),73,68,88,53,74,62,,98,91,24,20,2,4,0.6,0.6
2025-03-05T2200,1221A,118.2442,33.9592,宿迁市,宿迁中学,细颗粒物(PM2.5),73,67,88,53,74,61,,102,92,26,21,6,7,0.7,0.7
2025-03-05T2200,2996A,118.283,33.965,宿迁市,市供电局,细颗粒物(PM2.5),69,76,88,50,73,60,,99,91,25,20,1,4,0.6,0.6
2025-03-05T2200,3191A,118.3225,33.9447,宿迁市,宿豫区政府,细颗粒物(PM2.5),74,70,87,54,73,58,,97,90,29,24,2,5,0.5,0.5
2025-03-05T2200,3187A,116.9509,33.666,宿州市,远航博物馆,细颗粒物(PM2.5),90,95,80,67,64,54,,82,75,30,20,2,2,0.5,0.5
2025-03-05T2200,3463A,116.9708,33.591,宿州市,社会福利中心,细颗粒物(PM2.5),84,91,77,62,57,56,,79,72,30,20,4,3,0.5,0.5
2025-03-05T2200,3634A,116.9884,33.6305,宿州市,宿州学院,细颗粒物(PM2.5),90,93,77,67,62,58,,79,73,32,22,3,3,0.6,0.5
2025-03-05T2200,3701A,116.9648,33.6252,宿州市,皖北煤电集团,细颗粒物(PM2.5),92,90,80,68,65,54,,82,75,28,22,2,3,0.7,0.7
2025-03-05T2200,2266A,126.9785,46.6365,绥化市,人和东街,细颗粒物(PM2.5),64,73,52,46,30,121,,110,110,16,24,4,7,0.5,0.4
2025-03-05T2200,2267A,126.964,46.6528,绥化市,党政办公中心,细颗粒物(PM2.5),70,69,50,51,32,130,,133,123,15,21,6,6,0.6,0.5
2025-03-05T2200,2451A,113.3583,31.7275,随州市,市委党校,,46,42,39,32,30,65,,88,80,24,18,5,5,0.8,0.7
2025-03-05T2200,2452A,113.3833,31.6908,随州市,市林业局,,46,35,31,32,29,80,,98,90,13,14,7,6,0.5,0.4
2025-03-05T2200,2453A,113.3983,31.7308,随州市,市立交桥水厂,,46,40,35,32,29,61,,92,81,20,14,7,7,0.4,0.4
2025-03-05T2200,2527A,105.5453,30.5678,遂宁市,石溪浩,,15,15,25,7,13,28,,44,43,14,17,3,3,0.6,0.6
2025-03-05T2200,2528A,105.5582,30.5232,遂宁市,市监测站,,16,12,23,7,14,51,,48,48,19,21,6,6,0.4,0.5
2025-03-05T2200,2529A,105.5861,30.5366,遂宁市,行政中心,,14,9,21,3,11,44,,44,44,19,19,6,7,0.4,0.4
2025-03-05T2200,2530A,105.5918,30.4728,遂宁市,美宁食品公司,,19,8,16,8,13,58,,50,50,9,14,6,7,0.4,0.5
2025-03-05T2200,2706A,82.9994,46.7432,塔城地区,东门外小游园,,43,43,14,18,13,80,,103,98,14,4,9,6,0.6,0.2
2025-03-05T2200,1255A,121.273,28.6459,台州市,黄岩环保大楼,,39,34,22,27,17,54,,45,44,16,12,3,4,0.5,0.5
2025-03-05T2200,1256A,121.419,28.6542,台州市,台州环保大楼,,49,39,21,34,19,54,,53,53,21,18,4,4,0.4,0.5
2025-03-05T2200,1257A,121.377,28.5773,台州市,路桥田洋王,,39,39,21,27,16,55,,46,46,18,16,2,2,0.3,0.4
2025-03-05T2200,3564A,121.2568,28.6681,台州市,台州科技职业学院,,41,41,25,23,14,56,,48,46,14,13,2,2,0.6,0.6
2025-03-05T2200,1081A,112.522,37.8873,太原市,尖草坪,,36,36,88,24,64,74,,74,73,19,41,7,12,0.4,0.9
2025-03-05T2200,1083A,112.434,38.0108,太原市,上兰,,43,36,61,30,50,68,,83,79,27,30,5,7,0.4,0.6
2025-03-05T2200,1084A,112.469,37.7124,太原市,晋源,,47,47,122,25,91,77,,79,79,18,40,7,14,0.4,1
2025-03-05T2200,1085A,112.5583,37.7394,太原市,小店,,42,37,112,29,83,65,,84,76,30,47,5,12,0.5,1.1
2025-03-05T2200,1086A,112.5369,37.8692,太原市,桃园,,38,38,97,21,68,62,,75,73,26,37,8,11,0.7,1.1
2025-03-05T2200,1087A,112.57,37.8195,太原市,坞城,,35,35,104,23,86,64,,84,80,33,48,8,14,0.7,1.2
2025-03-05T2200,1088A,112.549,37.9854,太原市,南寨,,43,43,86,24,58,46,,85,74,36,28,8,7,0.6,0.8
2025-03-05T2200,3618A,112.4719,37.7831,太原市,金胜,,30,30,109,21,80,76,,83,80,16,31,7,11,0.5,1
2025-03-05T2200,4010A,112.5608,37.8807,太原市,育英中学,,37,37,95,21,70,62,,82,78,30,39,10,14,0.6,1.2
2025-03-05T2200,1656A,117.1437,36.1937,泰安市,监测站,细颗粒物(PM2.5),99,100,82,74,59,60,,101,88,49,38,14,10,0.9,0.8
2025-03-05T2200,1657A,117.0885,36.2017,泰安市,人口学校,细颗粒物(PM2.5),92,102,79,68,51,54,,96,85,43,25,11,9,0.8,0.7
2025-03-05T2200,1658A,117.1089,36.1758,泰安市,电力学校,细颗粒物(PM2.5),97,92,89,72,66,66,,97,86,37,39,12,9,0.8,0.8
2025-03-05T2200,3502A,117.1812,36.2275,泰安市,国网新校,细颗粒物(PM2.5),94,90,58,70,48,79,,115,104,26,16,9,6,0.9,0.8
2025-03-05T2200,3503A,117.0313,36.2018,泰安市,交通技校,细颗粒物(PM2.5),85,90,63,63,46,67,,98,90,40,47,8,5,0.8,0.6
2025-03-05T2200,3504A,117.0829,36.13,泰安市,山东第一医科大学,细颗粒物(PM2.5),75,90,81,55,60,69,,108,98,48,42,11,9,0.5,0.5
2025-03-05T2200,1206A,119.905,32.4878,泰州市,公园路,,,,32,19,29,79,,76,76,11,13,,12,0.5,0.5
2025-03-05T2200,1207A,119.9189,32.4625,泰州市,莲花,,25,20,32,17,30,80,,77,77,8,13,7,10,0.5,0.5
2025-03-05T2200,1209A,119.888,32.4639,泰州市,留学生创业园,,26,21,38,13,33,82,,76,76,14,17,6,8,0.4,0.5
2025-03-05T2200,2997A,119.8767,32.3289,泰州市,王营,,28,27,36,19,27,72,,68,66,13,18,8,8,0.6,0.7
2025-03-05T2200,3295A,120.1259,32.5099,泰州市,姜堰区政府广场,,26,20,40,17,34,82,,77,77,8,12,6,7,0.3,0.4
2025-03-05T2200,3435A,119.9192,32.4322,泰州市,周山河街区,,25,17,32,15,28,80,,76,74,8,11,8,8,0.6,0.5
2025-03-05T2200,1038A,118.1725,39.6334,唐山市,物资局,细颗粒物(PM2.5),113,129,88,85,54,20,,94,66,76,29,3,4,0.8,0.8
2025-03-05T2200,1040A,118.1705,39.6506,唐山市,十二中,细颗粒物(PM2.5),104,132,88,78,56,12,,88,59,78,33,5,7,0.9,0.8
2025-03-05T2200,1041A,118.1869,39.622,唐山市,小山,细颗粒物(PM2.5),115,115,82,87,59,26,,91,65,62,24,4,5,0.8,0.7
2025-03-05T2200,3457A,118.4359,39.2762,唐山市,冀东油田职工医院,细颗粒物(PM2.5),99,81,66,74,53,53,,79,69,51,39,8,7,0.6,0.6
2025-03-05T2200,3575A,118.09279,39.58089,唐山市,正泰大街热力站,细颗粒物(PM2.5),103,105,80,77,54,1,,81,50,90,43,3,4,0.8,0.7
2025-03-05T2200,3576A,118.1562,39.8322,唐山市,丰润区政府,细颗粒物(PM2.5),137,166,95,104,61,4,,90,70,97,34,10,9,1.3,0.8
2025-03-05T2200,3577A,118.43673,39.73809,唐山市,金山小学,细颗粒物(PM2.5),138,166,99,105,58,0,,81,53,94,36,12,8,1.3,1
2025-03-05T2200,3578A,118.24498,39.66941,唐山市,政府服务中心,细颗粒物(PM2.5),109,114,83,82,54,19,,87,58,68,35,4,6,0.7,0.7
2025-03-05T2200,3692A,118.2059,39.6585,唐山市,消防缸窑路中队,细颗粒物(PM2.5),114,136,90,86,51,19,,98,68,84,42,8,10,0.9,0.8
2025-03-05T2200,3693A,118.1436,39.6202,唐山市,路南电大,细颗粒物(PM2.5),107,128,91,80,58,8,,88,57,83,36,5,6,0.9,0.8
2025-03-05T2200,4197A,118.1309,39.6360,唐山市,友谊北路34号,细颗粒物(PM2.5),124,134,89,94,63,19,,94,68,87,40,6,7,0.9,0.8
2025-03-05T2200,1015A,117.1444,39.1661,天津市,勤俭道,细颗粒物(PM2.5),100,114,85,75,57,31,,92,78,77,41,10,9,1.5,0.9
2025-03-05T2200,1018A,117.202,39.0927,天津市,前进道,细颗粒物(PM2.5),97,111,85,72,58,57,,96,79,54,42,13,9,0.8,0.7
2025-03-05T2200,1019A,117.1837,39.2133,天津市,淮河道,细颗粒物(PM2.5),112,131,98,84,64,15,,94,76,94,51,12,8,1.5,0.9
2025-03-05T2200,1021A,117.307,39.0877,天津市,跃进路,细颗粒物(PM2.5),118,134,105,89,68,40,,96,70,70,50,12,10,0.9,0.9
2025-03-05T2200,1023A,117.707,39.0343,天津市,第四大街,细颗粒物(PM2.5),89,120,95,66,60,46,,53,25,90,78,7,7,0.6,0.7
2025-03-05T2200,1024A,117.457,38.8394,天津市,永明路,细颗粒物(PM2.5),77,76,86,56,61,57,,97,82,60,46,10,9,0.8,0.9
2025-03-05T2200,1026A,117.764,39.1587,天津市,汉北路,细颗粒物(PM2.5),78,89,81,57,54,4,,73,58,117,61,7,6,0.7,0.6
2025-03-05T2200,1027A,117.157,38.9194,天津市,团泊洼,,,,,,,,,,,,,,,,
2025-03-05T2200,2858A,117.7918,39.2474,天津市,河西一经路,细颗粒物(PM2.5),90,94,82,67,58,5,,84,60,120,46,8,6,0.6,0.6
2025-03-05T2200,2859A,117.3747,38.9846,天津市,津沽路,细颗粒物(PM2.5),99,110,94,74,61,54,,93,76,75,55,9,7,0.9,0.9
2025-03-05T2200,2860A,117.1589,39.0845,天津市,宾水西道,细颗粒物(PM2.5),100,104,83,75,58,50,,100,84,57,37,10,6,0.8,0.6
2025-03-05T2200,2922A,117.1941,39.1067,天津市,大理道,细颗粒物(PM2.5),92,103,80,68,54,48,,95,80,61,38,11,8,1.1,0.7
2025-03-05T2200,3020A,117.2101,39.1699,天津市,中山北路,细颗粒物(PM2.5),99,117,88,74,58,20,,81,62,89,51,14,7,2.9,0.9
2025-03-05T2200,3051A,117.3876,39.1488,天津市,西四道,细颗粒物(PM2.5),92,116,98,68,60,35,,83,63,66,48,11,10,1.0,0.8
2025-03-05T2200,3325A,117.0365,39.3828,天津市,雍阳西道,细颗粒物(PM2.5),95,111,94,71,60,27,,90,77,86,51,5,6,0.7,0.8
2025-03-05T2200,3326A,117.0296,39.0605,天津市,辛老路,细颗粒物(PM2.5),103,125,100,77,62,14,,91,65,100,51,7,7,0.8,0.7
2025-03-05T2200,3327A,116.9638,38.9375,天津市,地纬路,细颗粒物(PM2.5),114,123,105,86,69,20,,94,70,83,49,10,12,1.0,1.1
2025-03-05T2200,3460A,117.4067,40.0583,天津市,北环路,细颗粒物(PM2.5),93,103,103,69,66,67,,88,82,32,29,6,8,0.8,1
2025-03-05T2200,3461A,117.3045,39.7169,天津市,建设路,细颗粒物(PM2.5),104,109,104,78,71,56,,98,91,53,47,9,9,0.7,0.6
2025-03-05T2200,3462A,117.8199,39.3521,天津市,滨水东路,细颗粒物(PM2.5),100,144,108,75,55,9,,50,34,111,48,12,8,1.2,0.8
2025-03-05T2200,4196A,117.2437,39.1029,天津市,光华路,细颗粒物(PM2.5),110,125,86,83,61,39,,105,80,63,31,13,10,1.5,1
2025-03-05T2200,2649A,106.0055,34.343,天水市,麦积山,,,,,,,,,,,,,,,,
2025-03-05T2200,2650A,105.7205,34.5786,天水市,公园小学,,48,46,43,33,33,64,,71,70,15,18,13,14,1.1,0.7
2025-03-05T2200,2651A,105.8945,34.5538,天水市,麦积国土局,细颗粒物(PM2.5),55,51,44,39,35,63,,74,72,15,17,7,11,0.9,0.9
2025-03-05T2200,2216A,123.8139,42.3022,铁岭市,汇工街西,细颗粒物(PM2.5),103,78,85,77,73,51,,99,88,27,38,15,10,1.2,0.9
2025-03-05T2200,2217A,123.8649,42.2923,铁岭市,水上乐园,细颗粒物(PM2.5),73,69,74,53,59,46,,97,88,46,43,7,8,0.9,0.9
2025-03-05T2200,2218A,123.8486,42.2867,铁岭市,银州路东段,细颗粒物(PM2.5),87,87,91,64,62,41,,95,85,49,48,8,12,0.7,0.7
2025-03-05T2200,2219A,123.7153,42.2217,铁岭市,金沙江路北,颗粒物(PM10),94,138,88,58,67,8,,95,73,77,49,12,15,0.5,0.7
2025-03-05T2200,2229A,125.9358,41.7173,通化市,光明,颗粒物(PM10),61,71,34,38,22,45,,88,75,36,20,10,12,0.7,0.4
2025-03-05T2200,2230A,125.9446,41.7325,通化市,铁路,细颗粒物(PM2.5),55,53,32,39,22,60,,97,86,25,19,10,10,0.8,0.5
2025-03-05T2200,2191A,122.2532,43.6801,通辽市,艺术职业学校,颗粒物(PM10),81,111,82,56,49,73,,98,91,31,23,13,11,0.5,0.4
2025-03-05T2200,3706A,122.2584,43.6333,通辽市,老干部活动中心,颗粒物(PM10),80,109,74,58,46,58,,88,78,40,24,12,11,1.0,0.7
2025-03-05T2200,3708A,122.2922,43.6189,通辽市,东方明珠社区,细颗粒物(PM2.5),92,98,78,68,56,93,,96,94,16,15,11,10,0.2,0.2
2025-03-05T2200,1922A,109.0656,35.0994,铜川市,党校,,,,,,,,,,,,,,,,
2025-03-05T2200,1923A,109.0697,35.0697,铜川市,王益区政府,细颗粒物(PM2.5),82,67,62,60,51,13,,60,43,42,32,6,6,1.0,0.8
2025-03-05T2200,1924A,108.9344,34.9058,铜川市,新区管委会,细颗粒物(PM2.5),112,100,74,84,67,5,,55,44,56,28,15,10,0.9,0.8
2025-03-05T2200,3651A,108.9543,34.8732,铜川市,旺旺集团,细颗粒物(PM2.5),117,105,69,88,67,5,,60,46,55,26,8,7,0.9,0.8
2025-03-05T2200,2285A,117.8177,30.9412,铜陵市,市第四中学,颗粒物(PM10),68,85,76,48,44,53,,54,54,19,23,6,6,0.5,0.5
2025-03-05T2200,2286A,117.8059,30.9273,铜陵市,市公路局,细颗粒物(PM2.5),70,59,68,51,52,50,,50,50,22,24,5,5,0.5,0.6
2025-03-05T2200,2287A,117.7807,30.9413,铜陵市,市新民污水厂,颗粒物(PM10),62,74,75,41,45,52,,46,46,18,23,6,6,0.7,0.7
2025-03-05T2200,2288A,117.7439,30.8792,铜陵市,市第九中学,细颗粒物(PM2.5),88,92,71,65,48,31,,36,34,60,33,3,3,0.7,0.7
2025-03-05T2200,2289A,117.846,30.9413,铜陵市,车站新区,颗粒物(PM10),68,86,72,42,46,48,,51,50,18,21,4,4,0.5,0.5
2025-03-05T2200,2290A,117.8483,30.97,铜陵市,市职教基地,颗粒物(PM10),57,63,57,37,40,51,,52,52,18,22,5,5,0.5,0.6
2025-03-05T2200,2585A,109.1839,27.7344,铜仁市,铜仁卫校,,23,23,23,14,16,60,,66,64,4,4,1,1,0.2,0.2
2025-03-05T2200,2586A,109.1753,27.6944,铜仁市,铜仁七中,,25,,12,17,17,77,,76,76,9,10,7,7,0.2,0.3
2025-03-05T2200,2686A,89.1904,42.9418,吐鲁番市,市环保局,颗粒物(PM10),111,172,218,50,50,50,,88,82,46,18,5,4,1.0,0.7
2025-03-05T2200,2687A,89.1673,42.9559,吐鲁番市,地区环保局,颗粒物(PM10),102,153,205,45,36,54,,89,85,36,15,9,8,1.0,0.7
2025-03-05T2200,1662A,122.1214,37.4236,威海市,华夏技校,,28,12,16,10,11,88,,90,90,7,8,3,3,0.2,0.2
2025-03-05T2200,1663A,122.0508,37.5236,威海市,山大分校,,29,,16,3,6,91,,96,96,9,8,5,6,0.1,0.1
2025-03-05T2200,1664A,122.1067,37.5072,威海市,市监测站,,25,12,18,10,11,80,,84,83,10,9,2,2,0.4,0.4
2025-03-05T2200,1982A,122.0693,37.2174,威海市,文登开发区,,39,,19,27,14,72,,87,83,18,13,4,4,0.5,0.4
2025-03-05T2200,3505A,122.1379,37.3414,威海市,临港区管委会,,25,19,17,12,8,80,,84,83,8,9,5,4,0.4,0.4
2025-03-05T2200,1650A,119.1437,36.7023,潍坊市,环保局,,41,41,39,22,22,64,,99,89,34,22,8,8,0.4,0.3
2025-03-05T2200,2877A,119.1641,36.6523,潍坊市,坊子邮政,颗粒物(PM10),52,53,45,29,27,32,,98,84,54,26,6,6,0.8,0.6
2025-03-05T2200,3178A,119.0587,36.721,潍坊市,潍坊七中,颗粒物(PM10),73,95,43,41,26,9,,97,76,79,32,8,7,0.8,0.5
2025-03-05T2200,3368A,119.1977,36.6872,潍坊市,高新实验学校,,44,44,41,20,24,59,,104,88,28,14,9,10,0.4,0.3
2025-03-05T2200,3416A,119.1755,36.7149,潍坊市,潍坊学院,颗粒物(PM10),51,51,40,31,25,19,,105,84,82,19,4,4,1.2,0.6
2025-03-05T2200,3861A,119.2041,36.7699,潍坊市,寒亭区实验一小,,48,48,41,27,25,40,,96,81,45,26,11,12,0.6,0.4
2025-03-05T2200,1938A,109.5293,34.5101,渭南市,农科所,,,,,,,,,,,,,,,,
2025-03-05T2200,1940A,109.4636,34.493,渭南市,体育馆,细颗粒物(PM2.5),64,70,67,46,48,24,,54,37,50,40,4,5,0.7,0.7
2025-03-05T2200,1941A,109.4259,34.5023,渭南市,高新一小,细颗粒物(PM2.5),79,79,66,58,58,11,,51,34,60,38,4,4,0.8,0.8
2025-03-05T2200,4235A,109.5051,34.4921,渭南市,渭花路4号,细颗粒物(PM2.5),80,66,59,59,54,17,,56,35,48,34,6,6,0.8,0.7
2025-03-05T2200,1242A,120.634,28.0089,温州市,瓯海,,21,21,18,11,8,29,,40,35,24,22,6,6,0.6,0.6
2025-03-05T2200,1243A,120.6748,27.9939,温州市,南浦,,15,12,14,10,10,41,,49,49,20,21,6,6,0.5,0.5
2025-03-05T2200,1244A,120.76,27.9747,温州市,龙湾,,23,23,19,10,10,29,,40,36,27,30,5,5,0.5,0.5
2025-03-05T2200,1245A,120.6709,28.0167,温州市,市站,,20,,10,14,12,36,,44,44,16,17,6,6,0.5,0.5
2025-03-05T2200,3561A,120.6985,27.9251,温州市,茶山,,20,20,19,13,12,28,,41,36,28,24,6,5,0.5,0.5
2025-03-05T2200,2610A,104.2533,23.3594,文山壮族苗族自治州,州水务局,细颗粒物(PM2.5),120,104,85,91,69,112,,135,131,12,13,8,8,0.5,0.5
2025-03-05T2200,2611A,104.2319,23.3892,文山壮族苗族自治州,市便民服务中心,细颗粒物(PM2.5),119,93,86,90,63,102,,131,125,8,9,7,7,0.5,0.5
2025-03-05T2200,2187A,106.8174,39.6973,乌海市,市林业局,,30,27,54,21,35,88,,91,91,12,19,10,8,0.5,0.8
2025-03-05T2200,2188A,106.7907,39.6667,乌海市,中海勃湾学校,,32,32,51,14,31,83,,87,86,18,17,7,10,0.3,0.4
2025-03-05T2200,3284A,106.813,39.7274,乌海市,海北新区,,31,31,56,15,26,85,,94,92,16,22,12,14,0.4,0.6
2025-03-05T2200,3621A,106.8288,39.6778,乌海市,聚英学校,,31,31,55,8,27,68,,83,79,32,24,12,15,0.2,0.5
2025-03-05T2200,2197A,113.1306,40.9923,乌兰察布市,集宁新区,,27,27,36,13,24,70,,89,85,18,10,6,6,0.1,0.2
2025-03-05T2200,3034A,113.1076,41.0385,乌兰察布市,光明街小学,,29,29,38,20,31,64,,87,80,19,16,10,14,0.3,0.4
2025-03-05T2200,3285A,113.1376,40.9509,乌兰察布市,北京八中,,32,32,38,18,23,72,,95,89,18,11,11,12,0.4,0.5
2025-03-05T2200,3421A,113.1775,40.9779,乌兰察布市,市委党校,,27,22,31,18,23,84,,96,92,8,9,8,8,0.4,0.4
2025-03-05T2200,1490A,87.5801,43.8303,乌鲁木齐市,监测站,"颗粒物(PM10),细颗粒物(PM2.5)",53,56,30,37,18,86,,93,93,20,27,3,4,0.7,0.7
2025-03-05T2200,1491A,87.6046,43.768,乌鲁木齐市,收费所,细颗粒物(PM2.5),72,55,26,52,29,70,,76,76,20,20,3,4,0.8,0.5
2025-03-05T2200,1492A,87.4754,43.9469,乌鲁木齐市,新疆农科院农场,,50,42,32,35,23,92,,97,97,16,24,9,8,0.8,0.6
2025-03-05T2200,1493A,87.5525,43.8711,乌鲁木齐市,铁路局,细颗粒物(PM2.5),57,51,33,40,26,92,,94,94,26,32,2,3,0.8,0.6
2025-03-05T2200,1494A,87.6432,43.831,乌鲁木齐市,三十一中学,细颗粒物(PM2.5),59,55,28,42,20,64,,73,73,16,15,5,5,0.5,0.4
2025-03-05T2200,1496A,87.7216,44.1747,乌鲁木齐市,米东区环保局,,43,35,30,30,22,91,,102,102,14,11,8,8,0.5,0.5
2025-03-05T2200,3033A,87.4651,43.4569,乌鲁木齐市,培训基地,,31,31,13,19,9,66,,95,90,25,13,3,2,0.6,0.8
2025-03-05T2200,3437A,88.3118,43.3658,乌鲁木齐市,达坂城区环保局,颗粒物(PM10),58,66,24,19,16,66,,81,79,28,11,6,13,0.5,0.4
2025-03-05T2200,3438A,87.6162,43.8801,乌鲁木齐市,红光山片区,,46,45,29,32,27,91,,94,94,23,31,3,3,0.4,0.3
2025-03-05T2200,3439A,87.7024,43.8004,乌鲁木齐市,新师大温泉校区,细颗粒物(PM2.5),62,54,25,44,19,82,,93,92,20,12,3,2,0.4,0.3
2025-03-05T2200,3440A,87.4921,43.8411,乌鲁木齐市,大绿谷,细颗粒物(PM2.5),53,48,31,37,23,76,,89,89,33,29,4,5,0.5,0.5
2025-03-05T2200,1188A,120.269,31.4867,无锡市,雪浪,,34,34,29,14,20,60,,74,62,24,19,7,6,0.9,0.7
2025-03-05T2200,1189A,120.275,31.6219,无锡市,黄巷,,30,30,39,17,22,63,,63,53,22,25,5,5,0.8,0.8
2025-03-05T2200,1190A,120.294,31.56,无锡市,曹张,,32,32,33,14,21,64,,69,58,22,24,4,3,0.4,0.4
2025-03-05T2200,1191A,120.242,31.5031,无锡市,漆塘,,32,27,29,22,22,69,,74,61,20,23,6,5,0.7,0.6
2025-03-05T2200,1192A,120.3489,31.5863,无锡市,东亭,,25,24,29,17,21,52,,70,55,31,23,5,4,1.0,0.8
2025-03-05T2200,1193A,120.354,31.5475,无锡市,旺庄,,28,24,25,19,21,60,,70,58,25,21,4,2,1.0,0.8
2025-03-05T2200,1194A,120.245,31.5631,无锡市,荣巷,,22,22,28,12,20,67,,67,58,21,25,3,3,0.6,0.6
2025-03-05T2200,1195A,120.299,31.6817,无锡市,堰桥,,29,29,31,17,20,76,,73,64,10,14,5,5,0.5,0.7
2025-03-05T2200,3428A,120.3142,31.4753,无锡市,华庄,,26,25,29,18,23,59,,72,60,24,21,8,6,0.9,0.6
2025-03-05T2200,2677A,106.1532,37.9648,吴忠市,教育园区,,44,44,52,27,35,56,,83,80,27,23,4,5,0.5,0.6
2025-03-05T2200,2679A,106.1856,37.9956,吴忠市,新区二泵站,,40,39,52,28,33,58,,80,76,25,22,4,6,0.5,0.6
2025-03-05T2200,3648A,106.2112,37.9768,吴忠市,文卫南街,细颗粒物(PM2.5),52,49,62,36,37,64,,83,82,20,20,5,7,0.4,0.5
2025-03-05T2200,1794A,118.3606,31.3519,芜湖市,监测站,细颗粒物(PM2.5),82,76,54,60,42,33,,59,44,34,20,5,5,0.7,0.9
2025-03-05T2200,1795A,118.3714,31.4134,芜湖市,科创中心,细颗粒物(PM2.5),78,74,59,57,46,40,,57,40,33,25,5,5,0.6,0.7
2025-03-05T2200,1796A,118.3673,31.3131,芜湖市,四水厂,颗粒物(PM10),79,108,55,56,40,46,,63,51,20,22,5,6,0.9,0.7
2025-03-05T2200,3328A,118.4209,31.3707,芜湖市,市气象局,细颗粒物(PM2.5),78,69,53,57,45,33,,62,45,30,17,8,8,0.9,1
2025-03-05T2200,3465A,118.4781,31.3225,芜湖市,清苑社区,细颗粒物(PM2.5),64,68,48,46,37,23,,66,41,49,28,7,7,0.7,0.6
2025-03-05T2200,3466A,118.2746,31.2326,芜湖市,扬子职业技术学院,细颗粒物(PM2.5),69,66,53,50,42,47,,62,52,26,19,4,4,0.7,0.6
2025-03-05T2200,2495A,111.3014,23.4832,梧州市,市逸夫小学,,36,35,28,25,17,26,,33,29,12,7,8,8,0.5,0.5
2025-03-05T2200,2496A,111.3239,23.4794,梧州市,市十一中,,,,14,9,9,25,,29,27,5,4,8,8,0.6,0.6
2025-03-05T2200,2498A,111.2711,23.4835,梧州市,龙新,,28,23,17,19,8,16,,33,19,28,13,12,10,0.7,0.7
2025-03-05T2200,4258A,111.2419,23.4154,梧州市,政贤路18号,,18,,13,12,9,30,,38,27,13,11,9,9,1.0,1
2025-03-05T2200,2711A,87.5475,44.1756,五家渠市,农水大厦,细颗粒物(PM2.5),150,,69,115,24,76,,81,,14,6,15,7,0.4,0.3
2025-03-05T2200,3441A,87.546,44.1912,五家渠市,经开区管委会,颗粒物(PM10),52,54,30,35,23,75,,97,96,18,7,9,8,0.9,0.7
2025-03-05T2200,1325A,114.3677,30.5584,武汉市,东湖梨园,细颗粒物(PM2.5),53,45,33,37,30,68,,78,77,12,13,5,6,0.5,0.6
2025-03-05T2200,1326A,114.2529,30.558,武汉市,汉阳月湖,细颗粒物(PM2.5),52,,33,36,29,68,,78,77,16,16,6,6,0.3,0.3
2025-03-05T2200,1327A,114.282,30.6189,武汉市,汉口花桥,,49,48,36,34,28,68,,85,80,19,14,6,6,0.6,0.5
2025-03-05T2200,1328A,114.3025,30.5332,武汉市,武昌紫阳,细颗粒物(PM2.5),64,,36,46,34,67,,76,74,12,15,5,5,0.6,0.6
2025-03-05T2200,1329A,114.3646,30.6217,武汉市,青山钢花,细颗粒物(PM2.5),64,51,38,46,34,63,,72,69,13,15,6,7,0.6,0.6
2025-03-05T2200,1330A,114.1566,30.4825,武汉市,沌口新区,细颗粒物(PM2.5),59,,30,42,34,57,,68,66,14,16,5,5,0.5,0.5
2025-03-05T2200,1331A,114.3014,30.5944,武汉市,汉口江滩,细颗粒物(PM2.5),65,,33,47,37,77,,88,84,16,15,6,6,0.3,0.2
2025-03-05T2200,1333A,114.135,30.6319,武汉市,吴家山,细颗粒物(PM2.5),53,39,32,37,30,74,,86,82,11,11,6,6,0.5,0.5
2025-03-05T2200,1334A,113.8454,30.2917,武汉市,沉湖七壕,,33,33,30,20,21,74,,84,81,13,14,2,3,0.4,0.4
2025-03-05T2200,3153A,114.3877,30.4908,武汉市,民族大道182号,,,,45,49,41,,,79,79,9,22,4,6,0.5,0.9
2025-03-05T2200,2652A,102.6201,37.9251,武威市,监测站,,35,35,39,16,17,77,,85,83,5,6,5,6,0.3,0.3
2025-03-05T2200,4270A,102.6447,37.9293,武威市,钟楼街149号,,40,40,41,28,22,72,,90,87,10,6,5,5,0.6,0.4
2025-03-05T2200,1463A,108.993,34.2629,西安市,兴庆小区,细颗粒物(PM2.5),62,57,50,44,51,14,,53,43,60,38,7,6,0.9,0.9
2025-03-05T2200,1464A,109.06,34.2572,西安市,纺织城,细颗粒物(PM2.5),69,60,66,50,56,5,,40,30,70,49,8,7,0.8,0.6
2025-03-05T2200,1465A,108.9356,34.2173,西安市,小寨,颗粒物(PM10),58,65,70,37,51,5,,56,45,69,32,4,4,1.0,0.8
2025-03-05T2200,1466A,108.954,34.2713,西安市,市人民体育场,细颗粒物(PM2.5),77,71,62,56,60,4,,52,38,71,38,5,5,1.0,0.7
2025-03-05T2200,1467A,108.8922,34.2322,西安市,高新西区,细颗粒物(PM2.5),73,63,61,53,56,18,,56,45,63,31,6,6,1.3,0.8
2025-03-05T2200,1468A,108.935,34.3474,西安市,经开区,细颗粒物(PM2.5),78,58,58,57,62,24,,55,51,57,30,4,5,0.8,0.6
2025-03-05T2200,1469A,108.906,34.1546,西安市,长安区,细颗粒物(PM2.5),73,77,70,53,55,13,,60,48,42,29,6,5,0.9,0.7
2025-03-05T2200,1471A,109.2186,34.3731,西安市,临潼区,细颗粒物(PM2.5),62,62,58,44,53,19,,60,46,58,31,7,6,1.1,0.7
2025-03-05T2200,1472A,108.869,34.378,西安市,草滩,颗粒物(PM10),68,86,67,30,34,0,,44,31,74,39,2,2,0.9,0.6
2025-03-05T2200,1473A,108.985,34.1978,西安市,曲江文化产业集团,颗粒物(PM10),73,95,69,47,53,6,,56,40,63,32,7,7,0.8,0.7
2025-03-05T2200,1474A,109.051,34.3213,西安市,广运潭,细颗粒物(PM2.5),74,71,68,54,58,17,,51,43,50,38,7,7,0.8,0.8
2025-03-05T2200,3605A,109.09,34.5236,西安市,无线电监控中心,细颗粒物(PM2.5),73,61,63,53,63,55,,51,48,21,27,6,7,0.6,0.6
2025-03-05T2200,4055A,108.8869,34.2662,西安市,行知小学,细颗粒物(PM2.5),82,81,71,60,60,8,,54,41,70,34,7,12,1.2,0.8
2025-03-05T2200,4233A,108.5962,34.1188,西安市,西苑北路977号,细颗粒物(PM2.5),112,102,56,84,60,5,,58,46,66,27,5,5,1.4,0.8
2025-03-05T2200,1483A,101.524,36.6867,西宁市,第五水厂,,,,,,,,,,,,,,,,
2025-03-05T2200,3055A,101.7775,36.6428,西宁市,城北区政府,,47,47,66,23,29,82,,81,77,18,20,10,11,0.4,0.5
2025-03-05T2200,3629A,101.8305,36.5786,西宁市,世纪职校,,38,38,54,15,26,86,,85,85,20,20,9,10,0.4,0.4
2025-03-05T2200,3630A,101.7413,36.6397,西宁市,师大城西校区,颗粒物(PM10),54,57,64,30,33,83,,81,81,14,17,12,14,0.5,0.5
2025-03-05T2200,2612A,100.7939,22.0019,西双版纳傣族自治州,景洪市江南,,,132,102,68,66,,,135,131,22,29,7,4,0.7,0.7
2025-03-05T2200,2613A,100.8017,22.0225,西双版纳傣族自治州,景洪市江北,细颗粒物(PM2.5),105,114,81,79,58,73,,153,136,35,14,10,10,1.0,0.7
2025-03-05T2200,3606A,108.7108,34.46,西咸新区,北杜,细颗粒物(PM2.5),69,57,67,50,58,21,,46,40,43,28,8,8,0.7,0.7
2025-03-05T2200,3607A,108.7096,34.2956,西咸新区,同德佳苑,细颗粒物(PM2.5),82,,58,60,57,10,,52,46,52,29,4,4,0.8,0.7
2025-03-05T2200,3608A,108.8558,34.4978,西咸新区,崇文塔,细颗粒物(PM2.5),78,76,57,57,61,22,,53,47,46,27,6,5,0.7,0.7
2025-03-05T2200,2202A,116.1042,43.9317,锡林郭勒盟,市环保监测站,,21,21,26,8,13,65,,89,82,10,14,4,3,0.3,0.3
2025-03-05T2200,2203A,116.0781,43.9311,锡林郭勒盟,市政府,,27,27,26,7,15,68,,91,85,15,21,4,4,0.3,0.3
2025-03-05T2200,1286A,118.1608,24.8169,厦门市,溪东,,,,,,,,,,,,,,,,
2025-03-05T2200,1287A,118.1514,24.4767,厦门市,洪文,,20,18,14,10,9,61,,58,58,19,21,1,1,0.5,0.6
2025-03-05T2200,1288A,118.0661,24.4444,厦门市,鼓浪屿,,20,18,12,11,9,62,,62,62,17,17,1,2,0.6,0.7
2025-03-05T2200,2842A,118.0936,24.5058,厦门市,湖里中学,,23,15,12,9,8,72,,66,66,17,22,3,3,0.5,0.6
2025-03-05T2200,3527A,118.0958,24.5688,厦门市,集美中学,,20,18,14,10,8,63,,61,61,14,14,2,1,0.5,0.6
2025-03-05T2200,3528A,118.1493,24.7245,厦门市,同安二实小,,20,8,5,7,5,61,,55,54,16,21,2,2,0.4,0.7
2025-03-05T2200,2447A,114.3175,29.8142,咸宁市,森林公园,,26,26,31,18,29,33,,41,41,7,7,5,5,0.8,0.7
2025-03-05T2200,2448A,114.3107,29.8454,咸宁市,市发改委,,43,34,51,30,41,43,,49,49,16,13,4,4,0.8,0.7
2025-03-05T2200,2449A,114.2936,29.8566,咸宁市,咸安区政府,,49,40,52,34,43,41,,49,49,25,20,3,2,0.7,0.7
2025-03-05T2200,3655A,114.3375,29.8683,咸宁市,长江产业园,细颗粒物(PM2.5),52,,48,36,53,35,,47,46,23,20,2,3,0.6,0.7
2025-03-05T2200,1918A,108.7197,34.3956,咸阳市,气象站,,,,,,,,,,,,,,,,
2025-03-05T2200,1919A,108.673,34.3155,咸阳市,实验中学,细颗粒物(PM2.5),77,64,66,56,61,38,,54,52,33,29,6,5,0.7,0.7
2025-03-05T2200,1920A,108.7233,34.3617,咸阳市,师范学院,细颗粒物(PM2.5),82,79,66,60,60,22,,54,50,51,30,2,2,0.8,0.7
2025-03-05T2200,3165A,108.6594,34.2969,咸阳市,两寺渡,细颗粒物(PM2.5),72,69,73,52,59,22,,55,51,42,30,5,5,0.7,0.6
2025-03-05T2200,3525A,108.6396,34.4078,咸阳市,奥体中心,细颗粒物(PM2.5),82,96,65,60,58,5,,42,32,57,29,3,3,0.8,0.7
2025-03-05T2200,1508A,112.9433,27.8614,湘潭市,板塘,,42,31,52,29,40,62,,48,48,13,16,5,5,0.6,0.7
2025-03-05T2200,1511A,112.9118,27.8403,湘潭市,市监测站,,39,,41,27,44,64,,50,50,14,19,4,4,0.7,0.7
2025-03-05T2200,1512A,112.8937,27.8728,湘潭市,江麓,,36,,39,25,39,64,,51,51,9,14,2,3,0.7,0.7
2025-03-05T2200,1513A,112.9227,27.8159,湘潭市,岳塘,,32,,41,22,38,56,,42,42,13,17,8,8,0.7,0.6
2025-03-05T2200,1514A,112.9074,27.9119,湘潭市,科大,,43,32,42,30,42,61,,48,48,18,21,3,4,0.6,0.6
2025-03-05T2200,1562A,113.0048,27.9153,湘潭市,昭山,,40,29,44,28,44,60,,43,43,14,20,4,4,1.1,1.1
2025-03-05T2200,1564A,112.4876,27.9164,湘潭市,韶山,,,,43,,28,,,48,,,10,,4,,0.6
2025-03-05T2200,2492A,109.6414,28.2558,湘西土家族苗族自治州,跃进水库,,15,12,16,10,14,35,,51,46,4,5,4,4,0.9,0.8
2025-03-05T2200,2493A,109.7325,28.3169,湘西土家族苗族自治州,州政府,,18,12,21,7,16,57,,61,58,11,12,5,5,0.6,0.6
2025-03-05T2200,2494A,109.6958,28.2675,湘西土家族苗族自治州,吉首市计生局,,20,15,21,14,20,39,,68,60,24,11,7,7,0.7,0.6
2025-03-05T2200,2432A,112.155,32.0197,襄阳市,襄城运动路,颗粒物(PM10),65,79,55,35,44,58,,76,70,28,24,6,9,0.5,0.5
2025-03-05T2200,2434A,112.1825,32.1142,襄阳市,高新管委会,颗粒物(PM10),53,56,59,36,44,61,,72,67,20,31,6,7,0.4,0.6
2025-03-05T2200,2435A,112.2106,32.0903,襄阳市,襄州航空路,细颗粒物(PM2.5),59,58,59,42,47,58,,72,66,18,23,6,6,0.6,0.7
2025-03-05T2200,3396A,112.0828,32.0067,襄阳市,襄城隆中路,"颗粒物(PM10),细颗粒物(PM2.5)",54,58,54,38,35,41,,78,68,36,22,5,10,0.7,0.6
2025-03-05T2200,3397A,112.1214,32.1008,襄阳市,高新台子湾,颗粒物(PM10),59,68,62,40,36,44,,72,61,30,33,4,5,0.8,0.8
2025-03-05T2200,4251A,112.1433,32.0581,襄阳市,铁院东路4号,,,70,57,45,50,51,,73,65,31,29,,8,0.5,0.5
2025-03-05T2200,2443A,113.9153,30.9285,孝感市,文化路,细颗粒物(PM2.5),73,66,53,53,41,69,,80,76,14,11,5,4,0.2,0.1
2025-03-05T2200,2444A,113.942,30.9075,孝感市,东城区,细颗粒物(PM2.5),62,59,53,44,35,85,,93,90,10,10,6,6,0.5,0.5
2025-03-05T2200,2181A,112.7383,38.4519,忻州市,开发区,细颗粒物(PM2.5),58,56,67,41,58,69,,90,87,18,26,8,6,0.5,0.6
2025-03-05T2200,2182A,112.7003,38.4928,忻州市,会展中心,"颗粒物(PM10),细颗粒物(PM2.5)",55,59,63,39,49,57,,79,75,29,29,6,5,0.7,0.8
2025-03-05T2200,3208A,112.7283,38.4153,忻州市,市政府,颗粒物(PM10),53,55,66,30,45,75,,90,89,20,33,7,7,0.5,0.7
2025-03-05T2200,2389A,113.836,35.311,新乡市,环保西院,细颗粒物(PM2.5),112,119,97,84,64,16,,60,52,56,36,6,7,1.0,0.8
2025-03-05T2200,2390A,113.884,35.272,新乡市,开发区,细颗粒物(PM2.5),117,115,98,88,72,27,,65,57,52,33,6,8,1.0,0.9
2025-03-05T2200,2391A,113.883,35.303,新乡市,环保东院,细颗粒物(PM2.5),103,105,80,77,68,19,,72,62,60,31,5,6,1.1,0.9
2025-03-05T2200,3054A,113.9194,35.2847,新乡市,市委党校,细颗粒物(PM2.5),114,119,87,86,72,23,,70,58,62,36,5,6,0.8,0.7
2025-03-05T2200,3475A,113.9188,35.3045,新乡市,市政府,细颗粒物(PM2.5),118,109,83,89,72,37,,76,68,45,35,7,9,0.8,0.6
2025-03-05T2200,3689A,113.9003,35.372,新乡市,行政服务中心,细颗粒物(PM2.5),114,115,95,86,69,15,,67,52,64,47,9,7,1.1,1
2025-03-05T2200,4215A,113.9166,35.3315,新乡市,建设东路46号,细颗粒物(PM2.5),129,155,99,98,67,13,,74,59,57,36,8,9,0.8,0.5
2025-03-05T2200,2352A,115.0861,27.9317,新余市,北岗,,,,,,,,,,,,,,,,
2025-03-05T2200,2353A,114.9886,27.8431,新余市,飞宇,,23,23,31,13,25,55,,52,52,19,21,10,12,0.4,0.3
2025-03-05T2200,2354A,114.9231,27.8246,新余市,第二水厂,,26,21,30,18,24,54,,52,52,15,15,9,11,0.2,0.3
2025-03-05T2200,2355A,114.9308,27.8036,新余市,市气象局,,20,17,26,14,19,57,,51,51,16,19,5,9,0.8,0.7
2025-03-05T2200,3206A,114.9149,27.807,新余市,新钢沁园村,,22,22,30,15,20,56,,53,53,18,18,6,9,0.4,0.4
2025-03-05T2200,2054A,114.1099,32.1059,信阳市,平桥分局,细颗粒物(PM2.5),84,75,55,62,47,74,,92,88,14,22,4,3,0.4,0.5
2025-03-05T2200,2064A,113.9956,32.1271,信阳市,南湾水厂,细颗粒物(PM2.5),79,77,51,58,41,72,,93,88,18,15,3,3,0.5,0.4
2025-03-05T2200,2065A,114.0775,32.1195,信阳市,市酿酒公司,细颗粒物(PM2.5),73,56,55,53,42,70,,91,86,22,21,4,4,0.4,0.5
2025-03-05T2200,2066A,114.0609,32.1399,信阳市,审计局,细颗粒物(PM2.5),73,60,59,53,42,71,,96,90,18,22,5,5,0.5,0.5
2025-03-05T2200,2200A,122.0392,46.0656,兴安盟,胜华新制药厂,细颗粒物(PM2.5),114,97,96,86,82,58,,87,75,20,26,5,6,1.5,1.5
2025-03-05T2200,2201A,121.9504,46.0741,兴安盟,科右前旗环保局,细颗粒物(PM2.5),60,63,109,43,79,82,,104,83,10,25,1,4,0.9,1.2
2025-03-05T2200,3035A,122.0931,46.0707,兴安盟,北滨河,细颗粒物(PM2.5),163,144,117,124,80,45,,88,71,25,20,7,4,1.1,0.7
2025-03-05T2200,1077A,114.4704,37.0886,邢台市,达活泉,细颗粒物(PM2.5),70,82,73,51,42,69,,84,83,28,38,6,10,0.7,0.9
2025-03-05T2200,1078A,114.5062,37.0349,邢台市,邢师高专,细颗粒物(PM2.5),87,92,79,64,46,31,,89,74,60,51,3,5,0.7,0.8
2025-03-05T2200,1079A,114.5237,37.0851,邢台市,路桥公司,细颗粒物(PM2.5),72,76,71,52,46,61,,84,78,39,47,8,10,0.5,0.9
2025-03-05T2200,1080A,114.4725,37.0719,邢台市,市环保局,细颗粒物(PM2.5),72,79,77,52,44,69,,86,85,29,31,6,8,0.5,0.8
2025-03-05T2200,3584A,115.8844,39.0341,雄安新区,容城县环境保护局,细颗粒物(PM2.5),85,101,89,63,48,55,,91,82,58,46,14,13,0.6,0.5
2025-03-05T2200,3585A,115.8665,39.0645,雄安新区,河北容城中学,颗粒物(PM10),78,106,82,47,40,52,,92,84,56,41,12,12,0.7,0.6
2025-03-05T2200,3586A,115.923,38.9405,雄安新区,安新县民政局,细颗粒物(PM2.5),82,104,82,60,47,45,,98,90,71,37,11,12,0.7,0.6
2025-03-05T2200,3587A,115.9324,38.9338,雄安新区,安新县电力局,细颗粒物(PM2.5),87,77,73,64,53,56,,94,90,51,33,12,14,0.5,0.4
2025-03-05T2200,3588A,116.0901,38.9816,雄安新区,雄县环境保护局,细颗粒物(PM2.5),90,102,91,67,51,69,,97,91,38,33,11,12,1.2,0.7
2025-03-05T2200,3589A,116.1105,39.0046,雄安新区,雄县国土资源局,细颗粒物(PM2.5),84,78,78,62,52,75,,95,90,28,33,8,9,1.0,0.9
2025-03-05T2200,1177A,117.179,34.2761,徐州市,黄河新村,细颗粒物(PM2.5),92,105,77,68,63,58,,90,86,46,25,11,8,0.9,0.7
2025-03-05T2200,1180A,117.256,34.2153,徐州市,新城区,细颗粒物(PM2.5),84,83,74,62,58,73,,97,94,40,29,8,6,0.7,0.7
2025-03-05T2200,1181A,117.244,34.2911,徐州市,桃园路,细颗粒物(PM2.5),93,97,86,69,65,50,,99,88,56,29,7,6,0.8,0.8
2025-03-05T2200,1182A,117.2933,34.2778,徐州市,农科院,细颗粒物(PM2.5),77,102,80,56,55,47,,87,77,67,36,12,10,0.6,0.7
2025-03-05T2200,3005A,117.1814,34.29,徐州市,鼓楼区政府,细颗粒物(PM2.5),82,68,62,60,52,61,,89,84,35,24,10,9,0.8,0.7
2025-03-05T2200,3006A,117.1694,34.1781,徐州市,铜山区招生办,细颗粒物(PM2.5),75,95,73,55,50,63,,92,88,36,28,10,9,0.8,0.5
2025-03-05T2200,3288A,117.4754,34.4422,徐州市,大泉街道,细颗粒物(PM2.5),110,116,97,83,67,41,,91,82,54,28,6,7,,0.6
2025-03-05T2200,4186A,117.1942,34.22935,徐州市,解放南路202号,细颗粒物(PM2.5),72,83,78,52,50,77,,96,94,32,24,9,8,0.7,0.7
2025-03-05T2200,2398A,113.7906,33.9953,许昌市,开发区,细颗粒物(PM2.5),138,107,78,105,62,1,,60,40,71,41,4,3,0.6,0.7
2025-03-05T2200,3134A,113.8172,34.0339,许昌市,市一中,细颗粒物(PM2.5),99,88,66,74,53,25,,56,46,42,34,2,3,0.8,0.7
2025-03-05T2200,3337A,113.8614,34.0442,许昌市,许昌学院,细颗粒物(PM2.5),102,92,81,76,56,22,,52,40,53,38,2,3,0.6,0.6
2025-03-05T2200,3338A,113.843,34.0823,许昌市,芙蓉广场,细颗粒物(PM2.5),97,100,78,72,53,5,,59,40,65,43,4,5,0.7,0.5
2025-03-05T2200,4180A,113.8157,34.12670,许昌市,新元大道996号,细颗粒物(PM2.5),102,109,87,76,55,34,,65,51,37,35,3,6,0.7,0.7
2025-03-05T2200,4259A,113.8358,34.01552,许昌市,望田路111号,细颗粒物(PM2.5),82,75,63,60,46,39,,55,47,33,33,3,3,0.5,0.4
2025-03-05T2200,2316A,118.7581,30.9454,宣城市,鳌峰子站,细颗粒物(PM2.5),63,,39,45,36,55,,72,68,20,13,4,4,0.7,0.7
2025-03-05T2200,2317A,118.7385,30.9743,宣城市,敬亭山子站,细颗粒物(PM2.5),67,54,42,48,38,60,,74,68,20,17,5,5,0.6,0.6
2025-03-05T2200,2318A,118.7173,30.9427,宣城市,开发区子站,细颗粒物(PM2.5),59,54,44,42,34,56,,73,69,18,13,4,4,0.9,0.8
2025-03-05T2200,3470A,118.7724,30.9141,宣城市,夏渡子站,细颗粒物(PM2.5),65,54,46,47,39,61,,75,69,17,19,4,4,0.6,0.6
2025-03-05T2200,2554A,103.0475,30.02,雅安市,建安厂,,21,17,31,11,20,30,,52,43,41,33,6,5,0.5,0.5
2025-03-05T2200,2555A,103.0111,29.9833,雅安市,市政府,,18,11,24,9,21,56,,58,58,17,23,6,6,0.6,0.7
2025-03-05T2200,2556A,102.9905,29.9775,雅安市,川农大,,17,9,22,7,19,54,,56,56,10,21,4,4,0.4,0.5
2025-03-05T2200,3700A,103.0456,29.9956,雅安市,康养中心,,,,32,,21,,,,,,,,,,
2025-03-05T2200,1642A,121.2514,37.5639,烟台市,开发区,,25,,9,17,9,68,,92,85,18,10,8,8,0.4,0.3
2025-03-05T2200,1644A,121.3181,37.5436,烟台市,西郊化工站,,34,34,18,23,12,58,,94,84,28,17,2,3,0.3,0.2
2025-03-05T2200,1645A,121.4478,37.4822,烟台市,莱山环保局,,32,,17,22,9,75,,90,86,10,4,3,2,0.3,0.3
2025-03-05T2200,1646A,121.2611,37.4967,烟台市,福山环保局,,42,34,24,29,18,61,,95,83,26,14,5,5,0.4,0.3
2025-03-05T2200,3057A,121.5992,37.4014,烟台市,牟平检察院,,25,19,11,17,10,75,,95,89,17,8,6,6,0.3,0.3
2025-03-05T2200,3366A,121.5206,37.4336,烟台市,中国农业大学,,26,24,15,12,8,82,,99,94,17,10,1,1,0.3,0.3
2025-03-05T2200,4213A,121.3642,37.5296,烟台市,青年南路118号,,35,27,18,24,13,63,,91,84,17,13,8,8,0.3,0.3
2025-03-05T2200,1926A,109.4131,36.6275,延安市,枣园,颗粒物(PM10),53,55,35,34,25,12,,86,78,55,22,7,8,0.4,0.4
2025-03-05T2200,1927A,109.4761,36.6028,延安市,延大医附院,颗粒物(PM10),61,71,40,42,28,6,,76,68,71,29,4,4,0.7,0.6
2025-03-05T2200,1929A,109.5056,36.6106,延安市,百米大道,颗粒物(PM10),54,57,43,36,30,42,,85,82,42,26,3,3,0.7,0.7
2025-03-05T2200,3652A,109.4809,36.5786,延安市,西北局旧址,细颗粒物(PM2.5),63,62,54,45,33,37,,87,83,47,27,4,4,1.0,1.1
2025-03-05T2200,2237A,129.47,42.8883,延边朝鲜族自治州,妇幼医院,,50,50,36,31,22,38,,82,67,31,14,5,7,0.7,0.6
2025-03-05T2200,2238A,129.5055,42.9108,延边朝鲜族自治州,延边医院,细颗粒物(PM2.5),68,60,27,49,20,58,,84,76,26,13,6,7,0.7,0.5
2025-03-05T2200,2239A,129.3964,42.8881,延边朝鲜族自治州,朝阳川镇医院,颗粒物(PM10),53,55,31,28,19,51,,89,72,15,12,6,6,0.7,0.6
2025-03-05T2200,1215A,120.118,33.4022,盐城市,盐城电厂,,27,22,43,14,37,84,,86,86,12,16,8,8,0.5,0.6
2025-03-05T2200,1216A,120.156,33.3942,盐城市,市监测站,,28,26,51,19,41,74,,77,77,16,17,5,3,0.6,0.7
2025-03-05T2200,1218A,120.2144,33.38,盐城市,开发区管委会,,,29,39,14,36,83,,86,86,,17,5,5,0.4,0.5
2025-03-05T2200,3004A,120.1544,33.3663,盐城市,宝龙广场,,26,17,38,14,34,82,,82,82,13,16,5,5,0.6,0.7
2025-03-05T2200,3293A,120.1501,33.3367,盐城市,月亮广场,,26,20,46,12,34,82,,82,82,12,16,5,5,0.3,0.4
2025-03-05T2200,3436A,120.4279,33.205,盐城市,大丰高级中学,,26,24,36,9,27,82,,85,85,7,13,3,3,0.4,0.4
2025-03-05T2200,1186A,119.389,32.3761,扬州市,邗江监测站,,44,44,42,30,30,63,,76,72,22,22,8,7,0.2,0.3
2025-03-05T2200,2869A,119.447,32.4155,扬州市,五台山医院,,38,31,37,26,34,66,,78,73,11,12,10,7,0.4,0.5
2025-03-05T2200,3164A,119.4686,32.3942,扬州市,广陵建设局,,45,45,40,21,32,74,,76,71,15,21,4,4,0.4,0.5
2025-03-05T2200,3195A,119.3633,32.3972,扬州市,市体育局,,41,41,40,28,31,66,,77,74,12,15,4,4,0.4,0.5
2025-03-05T2200,3294A,119.5653,32.4222,扬州市,引江管理处,,36,36,45,17,33,71,,70,70,8,15,4,5,0.3,0.5
2025-03-05T2200,1699A,111.9797,21.8593,阳江市,鸳鸯湖,,,,,,,,,,,,,,,,
2025-03-05T2200,1701A,111.9491,21.8658,阳江市,马南垌,,17,15,30,10,22,4,,15,8,33,26,6,6,0.6,0.5
2025-03-05T2200,3317A,111.9765,21.8947,阳江市,两阳中学,,21,21,29,14,19,2,,14,6,30,21,5,5,0.6,0.6
2025-03-05T2200,3453A,112.0125,21.8749,阳江市,阳东陶然,,15,12,26,9,22,6,,15,7,30,24,6,5,0.8,0.8
2025-03-05T2200,1738A,113.5758,37.8572,阳泉市,市中心,颗粒物(PM10),82,114,99,49,48,2,,86,66,84,45,6,14,0.8,1.2
2025-03-05T2200,1739A,113.4894,37.8731,阳泉市,赛鱼,颗粒物(PM10),73,95,92,46,60,12,,90,63,65,44,6,9,0.7,0.9
2025-03-05T2200,1740A,113.5819,37.8486,阳泉市,南庄,细颗粒物(PM2.5),75,75,88,55,52,60,,89,82,29,33,8,18,0.8,1
2025-03-05T2200,1742A,113.5614,37.8703,阳泉市,平坦,颗粒物(PM10),82,113,99,53,61,20,,91,72,65,48,10,12,0.6,0.9
2025-03-05T2200,1743A,113.5158,37.8392,阳泉市,大阳泉,细颗粒物(PM2.5),63,61,81,45,61,83,,90,88,25,29,9,13,0.7,0.9
2025-03-05T2200,3619A,113.617,37.8571,阳泉市,龙柱,颗粒物(PM10),69,88,95,42,51,10,,88,70,79,43,16,27,0.9,1.1
2025-03-05T2200,2252A,128.5159,47.4311,伊春市,环保局,颗粒物(PM10),90,129,33,37,14,57,,84,74,39,19,3,6,0.7,0.6
2025-03-05T2200,2253A,128.9102,47.7412,伊春市,电力嘉园,,30,28,30,21,14,48,,91,77,40,21,5,6,1.6,1.4
2025-03-05T2200,2254A,129.5029,48.471,伊春市,汤旺河国家公园,,28,15,15,11,11,87,,110,99,7,8,4,5,0.1,0.4
2025-03-05T2200,3342A,128.4741,47.4346,伊春市,中心小学,细颗粒物(PM2.5),65,,31,47,26,57,,93,87,29,13,3,3,0.7,0.7
2025-03-05T2200,3343A,128.6871,47.7369,伊春市,检察院,,46,,21,32,18,103,,103,103,9,11,7,7,0.5,0.5
2025-03-05T2200,3344A,128.8431,47.8474,伊春市,双子河社区,,33,24,21,23,19,94,,97,97,11,12,4,3,0.7,0.8
2025-03-05T2200,3480A,129.1368,47.6417,伊春市,美溪镇,细颗粒物(PM2.5),54,56,42,38,26,87,,93,92,8,16,7,8,0.8,1
2025-03-05T2200,2704A,81.2996,43.9174,伊犁哈萨克自治州,新政府片区,,46,46,28,18,17,59,,85,81,33,17,8,6,0.9,0.7
2025-03-05T2200,2705A,81.3364,43.941,伊犁哈萨克自治州,第二水厂,颗粒物(PM10),54,58,30,29,20,47,,83,77,36,14,11,7,1.1,0.8
2025-03-05T2200,4273A,81.2737,43.9337,伊犁哈萨克自治州,安徽路800号,,50,50,33,22,21,57,,87,82,37,21,11,8,0.8,0.7
2025-03-05T2200,1882A,104.563,28.793,宜宾市,石马中学,,17,10,28,8,20,54,,40,40,16,12,4,5,0.6,0.7
2025-03-05T2200,1883A,104.6201,28.7728,宜宾市,市委,,18,13,27,9,22,55,,37,37,17,22,7,7,0.6,0.7
2025-03-05T2200,1884A,104.6055,28.793,宜宾市,宜宾四中,,20,11,29,9,24,61,,35,34,20,27,8,8,0.6,0.7
2025-03-05T2200,1885A,104.639,28.7562,宜宾市,市政府,,19,12,25,10,21,58,,41,41,19,21,9,9,0.4,0.6
2025-03-05T2200,1886A,104.5742,28.7199,宜宾市,黄金嘴,,18,11,25,8,18,57,,36,36,21,26,9,8,0.5,0.6
2025-03-05T2200,3728A,104.68,28.8071,宜宾市,白酒学院,,18,12,24,11,20,57,,43,43,14,17,6,6,0.7,0.8
2025-03-05T2200,1840A,111.2992,30.6981,宜昌市,白龙岗,细颗粒物(PM2.5),55,51,46,39,34,28,,55,46,32,17,4,5,0.6,0.5
2025-03-05T2200,1842A,111.2628,30.6961,宜昌市,点军区,,49,49,37,34,29,25,,52,48,25,14,6,5,0.8,0.6
2025-03-05T2200,1843A,111.3275,30.7819,宜昌市,夷陵区,"颗粒物(PM10),细颗粒物(PM2.5)",55,59,56,39,39,28,,58,49,32,19,7,8,0.5,0.4
2025-03-05T2200,3546A,111.4606,30.552,宜昌市,猇亭区张家湾站,细颗粒物(PM2.5),60,46,43,43,33,31,,46,28,31,25,5,5,0.5,0.4
2025-03-05T2200,4203A,111.3168,30.7203,宜昌市,西陵二路116号,细颗粒物(PM2.5),64,66,57,46,42,13,,50,41,60,28,6,6,0.5,0.4
2025-03-05T2200,4204A,111.3526,30.6374,宜昌市,沈家店路6号,细颗粒物(PM2.5),55,46,36,39,34,26,,54,45,45,25,5,5,0.4,0.6
2025-03-05T2200,2371A,114.3408,27.8064,宜春市,槟榔水业,,,,,,,,,,,,,,,,
2025-03-05T2200,2373A,114.3956,27.7844,宜春市,市石油公司,,23,23,28,15,18,25,,38,32,14,12,3,4,0.5,0.5
2025-03-05T2200,2374A,114.3703,27.7914,宜春市,市气象局,,30,30,31,15,19,23,,40,35,16,13,2,5,0.7,0.7
2025-03-05T2200,2375A,114.4013,27.8074,宜春市,市广电局,,30,30,37,12,19,27,,38,31,13,13,11,11,0.7,0.6
2025-03-05T2200,3151A,114.375,27.8097,宜春市,宜春学院北校区,,26,18,28,18,19,32,,43,38,18,16,3,7,0.9,0.9
2025-03-05T2200,3415A,114.4519,28.0828,宜春市,万载县环保局,,31,31,37,14,25,22,,35,29,24,21,4,14,0.7,0.6
2025-03-05T2200,2467A,112.4067,28.6428,益阳市,甘溪港,细颗粒物(PM2.5),52,39,48,36,38,68,,65,65,8,8,1,1,0.7,0.7
2025-03-05T2200,2468A,112.3458,28.5808,益阳市,市环保局,,46,,40,32,41,69,,66,66,11,11,2,2,0.2,0.2
2025-03-05T2200,4181A,112.3571,28.55878,益阳市,龙洲,,49,42,51,34,40,66,,63,63,12,14,2,2,0.4,0.4
2025-03-05T2200,4187A,112.3425,28.6110,益阳市,幸福渠东路223号,细颗粒物(PM2.5),58,,43,41,39,65,,63,63,18,14,3,3,0.3,0.4
2025-03-05T2200,4188A,112.3712,28.5764,益阳市,益鑫泰路85号,,42,35,50,29,38,63,,60,60,16,15,3,3,0.3,0.4
2025-03-05T2200,1484A,105.9512,38.6016,银川市,贺兰山马莲口,,,,,,,,,,,,,,,,
2025-03-05T2200,1489A,106.1358,38.5036,银川市,学院路,"颗粒物(PM10),细颗粒物(PM2.5)",59,68,86,42,53,43,,74,62,42,37,7,10,0.5,0.7
2025-03-05T2200,2924A,106.2266,38.4418,银川市,水乡路,颗粒物(PM10),58,66,78,38,38,34,,78,68,63,28,10,9,0.8,0.7
2025-03-05T2200,2925A,106.2757,38.4842,银川市,上海东路,颗粒物(PM10),59,68,55,39,44,53,,74,70,38,28,5,6,0.8,0.8
2025-03-05T2200,2926A,106.1015,38.497,银川市,文昌北街,细颗粒物(PM2.5),59,60,89,42,62,40,,78,69,38,34,6,10,0.3,0.6
2025-03-05T2200,3523A,106.5105,38.3856,银川市,滨河新区,细颗粒物(PM2.5),75,66,52,55,35,34,,89,75,21,24,4,5,0.5,0.4
2025-03-05T2200,4242A,106.2264,38.4920,银川市,广场西路,细颗粒物(PM2.5),65,60,57,47,50,10,,,,80,66,2,2,0.4,0.5
2025-03-05T2200,2357A,116.9822,28.1136,鹰潭市,龙虎山,,,,,,,,,,,,,,,,
2025-03-05T2200,2358A,117.0564,28.2642,鹰潭市,新监测站,,26,18,19,18,16,30,,33,27,16,12,10,10,0.6,0.5
2025-03-05T2200,2359A,117.0311,28.2475,鹰潭市,财苑宾馆,,23,19,20,16,16,35,,37,31,13,9,8,7,0.6,0.5
2025-03-05T2200,2360A,117.0222,28.2264,鹰潭市,体育馆,,23,21,19,16,18,25,,35,28,21,10,10,9,0.7,0.6
2025-03-05T2200,2361A,117.0017,28.2131,鹰潭市,三川水表,,23,20,27,16,24,23,,29,20,23,16,9,9,0.6,0.6
2025-03-05T2200,1597A,122.2703,40.7094,营口市,大庆路,细颗粒物(PM2.5),64,58,60,46,42,41,,84,69,38,32,4,9,0.1,0.4
2025-03-05T2200,1598A,122.2150,40.6511,营口市,镜湖西路,,48,48,58,27,35,37,,74,57,27,26,4,6,0.6,0.7
2025-03-05T2200,1599A,122.1658,40.6789,营口市,西炮台,,48,48,65,30,34,43,,61,55,22,27,4,6,0.5,0.6
2025-03-05T2200,3379A,122.1139,40.2278,营口市,鲅鱼圈市民活动中心,细颗粒物(PM2.5),60,65,62,43,39,51,,72,46,24,43,6,11,1.2,1.1
2025-03-05T2200,3866A,122.2469,40.66302,营口市,三高中,细颗粒物(PM2.5),54,56,64,38,46,59,,84,74,28,30,4,7,0.3,0.5
2025-03-05T2200,4006A,122.3622,40.6762,营口市,老边实验小学,细颗粒物(PM2.5),85,80,94,63,69,22,,78,48,65,54,9,14,1.0,1.2
2025-03-05T2200,2477A,111.6217,26.2081,永州市,零陵南津渡,,36,36,38,10,26,57,,53,51,3,3,7,7,0.6,0.6
2025-03-05T2200,2478A,111.6156,26.4214,永州市,市环境监测站,,18,7,23,7,24,57,,52,48,8,7,5,5,0.5,0.5
2025-03-05T2200,2479A,111.6236,26.2331,永州市,零陵区环保局,,17,12,28,11,25,52,,52,47,11,10,3,4,0.5,0.6
2025-03-05T2200,2480A,111.5992,26.4364,永州市,永州市环保局,,19,7,26,6,24,58,,49,49,10,11,6,7,0.6,0.6
2025-03-05T2200,2481A,111.5989,26.4519,永州市,冷水滩区环保局,,19,9,27,8,23,58,,55,52,11,11,6,6,0.7,0.7
2025-03-05T2200,2638A,109.7414,38.3344,榆林市,红石峡森林公园,,,,,,,,,,,,,,,,
2025-03-05T2200,2639A,109.7456,38.2911,榆林市,世纪广场,,45,45,53,26,37,49,,93,83,58,43,7,5,0.5,0.5
2025-03-05T2200,2640A,109.7289,38.2839,榆林市,实验中学,,45,45,46,22,33,52,,91,81,44,35,10,8,0.7,0.8
2025-03-05T2200,2641A,109.7336,38.2478,榆林市,环保监测大楼,,40,40,50,23,37,64,,94,86,41,43,8,7,0.7,0.8
2025-03-05T2200,2509A,110.1106,22.7019,玉林市,寒山水库,,14,14,13,7,11,22,,23,23,7,7,4,4,0.5,0.5
2025-03-05T2200,2511A,110.1433,22.6164,玉林市,南江一中,,12,12,22,6,12,19,,24,23,10,9,1,1,0.9,0.9
2025-03-05T2200,3532A,110.1945,22.6831,玉林市,玉林师范学院东校区,,10,9,19,7,13,20,,24,24,12,13,3,3,0.8,0.8
2025-03-05T2200,3533A,110.0527,22.5893,玉林市,福绵环保局,,25,,20,17,13,25,,27,27,16,14,3,3,0.8,0.8
2025-03-05T2200,4255A,110.1680,22.6410,玉林市,人民东路196号,,14,14,28,3,9,13,,19,15,6,7,2,2,0.9,0.9
2025-03-05T2200,2675A,97,33.0014,玉树藏族自治州,玉树县结古镇,,31,31,37,7,6,90,,104,101,10,9,8,7,0.5,0.4
2025-03-05T2200,1715A,102.575,24.3711,玉溪市,东风水库,细颗粒物(PM2.5),60,67,56,43,39,116,,123,123,13,16,8,8,0.8,0.8
2025-03-05T2200,2882A,102.5389,24.3703,玉溪市,玉溪一中,细颗粒物(PM2.5),57,61,56,40,38,93,,122,117,26,21,10,11,0.7,0.8
2025-03-05T2200,2883A,102.5381,24.3389,玉溪市,文体中心,细颗粒物(PM2.5),58,54,55,41,37,86,,119,114,30,17,12,11,0.6,0.8
2025-03-05T2200,1848A,113.1493,29.4251,岳阳市,城陵矶,细颗粒物(PM2.5),65,,42,47,42,50,,67,66,26,17,5,4,0.5,0.5
2025-03-05T2200,1849A,113.1497,29.3575,岳阳市,开发区,细颗粒物(PM2.5),63,48,46,45,41,61,,68,68,27,24,5,5,0.3,0.3
2025-03-05T2200,1850A,113.2621,29.4758,岳阳市,云溪区,,40,34,32,28,26,44,,72,70,41,19,7,6,0.5,0.5
2025-03-05T2200,1851A,112.9943,29.4402,岳阳市,君山区,,40,36,33,28,27,51,,74,72,27,13,5,5,0.5,0.5
2025-03-05T2200,1852A,113.2117,29.355,岳阳市,金凤水库,,46,,38,32,30,58,,68,68,15,14,5,5,0.4,0.5
2025-03-05T2200,4265A,113.1088,29.3531,岳阳市,求索西路365号,,43,36,34,30,28,49,,62,61,24,16,4,3,0.4,0.4
2025-03-05T2200,1712A,112.0392,22.9169,云浮市,新市府,,8,,8,3,5,15,,18,13,16,18,1,2,0.7,0.7
2025-03-05T2200,1714A,112.0539,22.9539,云浮市,牧羊,,9,,9,6,7,23,,21,21,12,16,7,7,0.6,0.6
2025-03-05T2200,3628A,112.0336,22.9374,云浮市,文笔,,9,9,16,3,7,20,,20,16,12,15,5,5,0.6,0.6
2025-03-05T2200,2175A,110.9956,35.0147,运城市,运城中学,细颗粒物(PM2.5),78,82,61,57,51,58,,67,65,18,18,6,6,0.9,0.9
2025-03-05T2200,2178A,110.9686,35.0303,运城市,地区技校,细颗粒物(PM2.5),78,88,61,57,51,37,,64,59,26,12,8,8,0.9,0.8
2025-03-05T2200,2179A,111.0414,35.1147,运城市,空港新区,细颗粒物(PM2.5),95,95,74,71,62,34,,63,59,36,23,4,5,0.7,0.7
2025-03-05T2200,3667A,111.0283,35.0547,运城市,水利职院,细颗粒物(PM2.5),105,80,64,79,61,50,,65,64,24,19,6,6,0.9,0.9
2025-03-05T2200,3670A,111.0522,35.0439,运城市,禹都公园,细颗粒物(PM2.5),83,78,62,61,50,56,,69,68,19,16,6,5,0.9,0.8
2025-03-05T2200,1637A,117.558,34.8438,枣庄市,市中区政府,细颗粒物(PM2.5),138,175,99,105,74,14,,98,81,83,28,6,6,1.1,0.8
2025-03-05T2200,1638A,117.2852,34.7837,枣庄市,薛城环保局,细颗粒物(PM2.5),112,112,88,84,66,43,,103,88,43,22,7,7,0.7,0.6
2025-03-05T2200,1639A,117.5852,34.7745,枣庄市,峄城区政府,细颗粒物(PM2.5),119,134,97,90,72,33,,89,80,55,26,6,7,0.7,0.6
2025-03-05T2200,1640A,117.7276,34.5578,枣庄市,台儿庄区环保局,细颗粒物(PM2.5),98,102,86,73,66,56,,95,83,44,30,4,4,1.0,0.9
2025-03-05T2200,1641A,117.4518,35.0992,枣庄市,山亭区环保局,细颗粒物(PM2.5),83,78,70,61,54,78,,107,99,18,17,6,4,0.7,0.7
2025-03-05T2200,3364A,117.3152,34.8103,枣庄市,市环保局,,,98,84,66,56,,,107,104,33,25,7,7,0.5,0.6
2025-03-05T2200,1680A,110.3539,21.2706,湛江市,湛江影剧院,,13,13,22,7,16,4,,45,14,18,14,16,8,0.7,0.5
2025-03-05T2200,1681A,110.3928,21.2228,湛江市,市环境监测站,,12,12,23,8,15,1,,40,16,16,15,10,7,0.8,0.6
2025-03-05T2200,1682A,110.4019,21.1997,湛江市,环保局宿舍,,18,13,26,12,24,0,,40,20,17,13,8,6,0.8,0.6
2025-03-05T2200,1683A,110.4111,21.2028,湛江市,霞山游泳场,,12,10,29,8,17,4,,42,20,16,13,8,7,0.7,0.5
2025-03-05T2200,1684A,110.3316,21.2679,湛江市,麻章区环保局,,11,11,23,6,15,5,,44,13,17,14,9,9,0.7,0.6
2025-03-05T2200,1685A,110.4558,21.2567,湛江市,坡头区环保局,,16,16,29,11,23,8,,45,23,17,18,6,6,0.6,0.5
2025-03-05T2200,1858A,110.5319,29.1217,张家界市,永定新区,,,16,34,,38,64,,62,62,2,6,3,3,0.4,0.4
2025-03-05T2200,1859A,110.4697,29.1242,张家界市,电业局,,30,,33,21,33,55,,71,62,12,11,4,4,0.5,0.4
2025-03-05T2200,1860A,110.5594,29.3547,张家界市,未央路,,23,19,33,16,27,29,,58,38,17,9,3,3,0.8,0.7
2025-03-05T2200,1861A,110.4417,29.315,张家界市,袁家界,,,,,,,,,,,,,,,,
2025-03-05T2200,1057A,114.8883,40.8336,张家口市,人民公园,,30,30,39,18,36,70,,96,86,7,10,11,10,0.4,0.5
2025-03-05T2200,1059A,114.8687,40.8042,张家口市,五金库,,28,28,40,15,26,73,,94,85,10,13,2,2,0.6,0.8
2025-03-05T2200,1060A,114.8902,40.762,张家口市,世纪豪园,,25,24,43,16,31,79,,100,,1,13,3,7,0.7,0.8
2025-03-05T2200,1061A,114.8916,40.8661,张家口市,北泵房,,43,43,45,18,33,52,,100,81,17,11,12,6,0.5,0.6
2025-03-05T2200,3131A,114.879,40.7993,张家口市,烟厂,,34,34,45,10,22,77,,96,88,6,13,3,3,0.6,0.8
2025-03-05T2200,3323A,115.2773,40.9724,张家口市,青少年活动中心,,33,33,33,22,20,75,,103,94,10,9,6,6,0.3,0.3
2025-03-05T2200,2654A,100.4698,38.9524,张掖市,润泉湖,颗粒物(PM10),78,106,61,44,30,65,,93,90,21,17,6,8,0.5,0.5
2025-03-05T2200,2655A,100.4154,38.9422,张掖市,区工会,"颗粒物(PM10),细颗粒物(PM2.5)",94,137,54,70,21,63,,96,90,25,13,8,11,0.7,0.5
2025-03-05T2200,2075A,117.6336,24.4674,漳州市,九湖,,,,,,,,,,,,,,,,
2025-03-05T2200,2920A,117.7116,24.506,漳州市,蓝田镇,,21,21,11,10,2,40,,44,44,24,25,3,3,0.5,0.6
2025-03-05T2200,3216A,114.6622,24.5183,漳州市,漳州党校,,23,23,14,11,8,37,,41,41,25,23,4,4,0.6,0.7
2025-03-05T2200,3530A,117.6296,24.5314,漳州市,西洋坪路,,23,18,12,16,10,41,,43,43,16,18,3,3,0.7,0.8
2025-03-05T2200,2596A,103.7667,27.3736,昭通市,监测站,,30,29,24,21,19,68,,71,71,7,10,5,7,0.6,0.6
2025-03-05T2200,4261A,103.7247,27.3415,昭通市,环东路146号,,30,,20,21,17,64,,71,71,13,12,4,6,0.6,0.6
2025-03-05T2200,1397A,112.4267,23.0706,肇庆市,睦岗子站,,13,8,16,3,10,12,,26,13,25,22,10,10,0.6,0.6
2025-03-05T2200,1398A,112.4645,23.0475,肇庆市,城中子站,,8,7,14,3,8,24,,30,22,14,14,4,5,0.7,0.7
2025-03-05T2200,1399A,112.5544,23.1522,肇庆市,坑口子站,,11,11,15,7,10,10,,21,12,22,18,1,3,0.8,0.7
2025-03-05T2200,1400A,112.4753,23.1,肇庆市,七星岩子站,,11,9,15,7,11,14,,24,15,22,20,4,5,0.7,0.6
2025-03-05T2200,3313A,112.4575,23.0166,肇庆市,高要湖西,,11,7,12,3,8,21,,28,18,22,21,3,3,0.7,0.7
2025-03-05T2200,3451A,112.5617,23.2083,肇庆市,鼎湖凤凰,,11,7,12,7,9,16,,26,18,22,18,6,7,0.6,0.6
2025-03-05T2200,1203A,119.6707,32.1875,镇江市,新区办事处,,32,32,41,21,28,68,,73,68,18,24,4,6,0.4,0.5
2025-03-05T2200,1204A,119.4974,32.1968,镇江市,职教中心,,48,45,39,33,30,54,,68,62,23,20,5,5,0.6,0.6
2025-03-05T2200,1205A,119.4303,32.1328,镇江市,丹徒区监测站,细颗粒物(PM2.5),55,48,39,39,33,64,,72,68,16,14,4,3,0.5,0.5
2025-03-05T2200,2870A,119.4424,32.1873,镇江市,市疾控中心,细颗粒物(PM2.5),52,48,39,36,30,62,,75,73,21,19,4,4,0.4,0.4
2025-03-05T2200,3287A,119.3842,32.1976,镇江市,富润路1号,,,,45,46,33,66,,67,65,14,24,5,4,,0.8
2025-03-05T2200,1316A,113.69031,34.76122,郑州市,烟厂,细颗粒物(PM2.5),123,106,84,93,75,13,,58,40,63,35,6,5,0.8,0.8
2025-03-05T2200,1317A,113.65724,34.77134,郑州市,郑纺机,细颗粒物(PM2.5),120,125,86,91,74,,,57,,68,36,8,9,1.0,1
2025-03-05T2200,1318A,113.67526,34.80246,郑州市,银行学校,细颗粒物(PM2.5),117,94,75,88,68,8,,55,40,79,42,5,5,1.0,0.9
2025-03-05T2200,1319A,113.56746,34.81334,郑州市,供水公司,细颗粒物(PM2.5),115,106,80,87,74,31,,56,48,37,29,3,4,0.8,0.9
2025-03-05T2200,1320A,113.7329,34.7178,郑州市,经开区管委,细颗粒物(PM2.5),107,114,88,80,67,5,,29,27,57,46,8,6,0.9,0.9
2025-03-05T2200,1321A,113.73961,34.77172,郑州市,四十七中,细颗粒物(PM2.5),127,122,84,96,72,10,,52,31,64,45,7,6,0.9,0.9
2025-03-05T2200,1322A,113.60532,34.74838,郑州市,市监测站,,,,,,,,,,,,,,,,
2025-03-05T2200,1323A,113.64164,34.7525,郑州市,河医大,细颗粒物(PM2.5),119,106,82,90,75,19,,57,42,54,32,7,7,0.9,0.9
2025-03-05T2200,1324A,113.51488,34.91089,郑州市,岗李水库,,,,86,,61,,,,,,21,,12,,0.9
2025-03-05T2200,3471A,113.616563,34.86783,郑州市,惠济区政府,细颗粒物(PM2.5),130,108,83,99,82,5,,55,38,78,47,7,7,1.2,1
2025-03-05T2200,3590A,113.8374,34.5589,郑州市,北区建设指挥部,细颗粒物(PM2.5),127,121,87,96,70,4,,50,37,74,43,6,6,1.0,0.9
2025-03-05T2200,3591A,113.30952,34.803229,郑州市,上街区政府,细颗粒物(PM2.5),123,,96,93,84,21,,59,48,52,31,6,8,1.1,1
2025-03-05T2200,1379A,113.3769,22.5211,中山市,华柏园,,18,,20,6,7,4,,8,5,35,35,5,6,1.0,0.9
2025-03-05T2200,1380A,113.3881,22.5497,中山市,张溪,,20,20,29,3,5,1,,4,2,33,33,2,2,0.8,0.8
2025-03-05T2200,1381A,113.4075,22.5111,中山市,紫马岭,,17,8,22,7,11,2,,6,3,34,35,6,6,0.8,0.8
2025-03-05T2200,1382A,113.4411,22.4853,中山市,长江旅游区,,15,12,23,7,12,4,,8,5,29,29,5,5,0.7,0.7
2025-03-05T2200,3454A,113.3528,22.478,中山市,中山南区,,18,,19,9,13,5,,9,6,35,35,6,5,0.6,0.5
2025-03-05T2200,2680A,105.0025,37.4635,中卫市,沙坡头消防站,,,,,,,,,,,,,,,,
2025-03-05T2200,2682A,105.1971,37.5002,中卫市,环保局站,颗粒物(PM10),59,68,68,33,38,61,,82,75,31,29,9,11,0.6,0.7
2025-03-05T2200,3650A,105.1698,37.5162,中卫市,沙坡头区政府站,颗粒物(PM10),62,73,74,39,40,66,,87,81,23,23,10,13,0.6,0.6
2025-03-05T2200,1414A,106.3787,29.8279,重庆市,缙云山,,19,6,9,3,7,58,,60,60,6,11,4,4,0.4,0.6
2025-03-05T2200,1416A,106.4213,29.8253,重庆市,天生,,23,23,27,9,20,46,,56,56,15,20,7,7,0.5,0.6
2025-03-05T2200,1417A,106.6263,29.7228,重庆市,两路,,42,,29,29,22,34,,47,46,30,31,6,6,0.5,0.6
2025-03-05T2200,1418A,106.2953,29.5983,重庆市,虎溪,,26,26,29,3,4,53,,58,58,18,24,5,5,0.5,0.5
2025-03-05T2200,1419A,106.5777,29.5102,重庆市,南坪,,36,36,31,25,23,42,,55,55,23,20,6,6,1.0,1
2025-03-05T2200,1420A,106.6556,29.6277,重庆市,唐家沱,,28,22,23,19,20,50,,58,58,11,19,8,8,0.6,0.7
2025-03-05T2200,1421A,106.6349,29.4906,重庆市,茶园,,45,35,32,31,25,51,,64,62,25,28,6,7,0.5,0.5
2025-03-05T2200,1422A,106.3754,29.4572,重庆市,白市驿,,26,,13,18,21,53,,62,62,18,17,7,7,0.5,0.5
2025-03-05T2200,1425A,106.6205,29.7166,重庆市,空港,,21,21,25,14,19,48,,58,58,20,25,7,7,0.7,0.9
2025-03-05T2200,1427A,106.5616,29.6453,重庆市,礼嘉,,26,26,24,16,19,50,,56,56,20,28,8,8,0.6,0.7
2025-03-05T2200,1428A,106.4522,29.7091,重庆市,蔡家,,32,26,22,22,19,45,,54,54,22,23,2,2,0.5,0.8
2025-03-05T2200,1429A,106.5093,29.3917,重庆市,鱼新街,,40,31,27,28,20,63,,72,72,17,18,4,4,0.7,0.8
2025-03-05T2200,3014A,106.4958,29.5346,重庆市,歇台子,,38,28,29,26,16,46,,56,56,23,22,6,6,0.7,0.7
2025-03-05T2200,3015A,106.4037,29.5728,重庆市,龙井湾,,16,12,19,3,5,50,,59,59,15,20,6,6,0.5,0.5
2025-03-05T2200,3016A,106.5507,29.4153,重庆市,龙洲湾,,21,21,25,8,13,57,,67,66,18,18,4,5,0.4,0.4
2025-03-05T2200,3133A,106.5468,29.5654,重庆市,上清寺,,39,,29,27,25,47,,57,57,17,22,6,7,0.6,0.6
2025-03-05T2200,3346A,108.3872,31.1628,重庆市,安康,,48,48,30,15,9,20,,57,40,20,16,5,5,0.6,0.6
2025-03-05T2200,3347A,105.9017,29.3569,重庆市,北山路,,17,14,28,8,12,43,,58,58,34,25,2,3,0.6,0.7
2025-03-05T2200,3350A,106.6479,29.0244,重庆市,滩子口,,23,19,22,16,16,73,,70,70,11,17,3,2,0.4,0.5
2025-03-05T2200,3351A,105.7167,29.7076,重庆市,棠香,,20,8,17,7,12,64,,55,55,11,15,5,6,0.5,0.6
2025-03-05T2200,3352A,107.0732,29.8617,重庆市,桃源西路,,19,19,22,3,7,34,,53,50,13,14,5,6,0.5,0.5
2025-03-05T2200,3353A,107.3535,29.7287,重庆市,迎宾大道,,28,22,26,3,7,7,,55,43,56,31,5,6,0.4,0.4
2025-03-05T2200,3354A,108.815,29.5081,重庆市,舟白,,38,,18,26,24,35,,66,50,6,6,5,6,0.6,0.5
2025-03-05T2200,3355A,108.3679,30.8426,重庆市,周家坝,,30,,12,21,18,25,,53,34,31,22,11,10,0.5,0.5
2025-03-05T2200,3356A,108.4319,30.7555,重庆市,百安坝,,15,11,20,10,17,31,,56,42,26,12,12,12,0.6,0.5
2025-03-05T2200,3482A,107.7541,29.3277,重庆市,芙蓉中路,,39,,20,27,18,51,,69,67,17,17,4,4,0.5,0.5
2025-03-05T2200,3483A,108.7661,29.5368,重庆市,西山,,17,17,18,3,9,46,,64,51,6,7,4,4,0.5,0.5
2025-03-05T2200,3484A,106.2628,29.32,重庆市,行政中心,,,16,24,15,16,,,59,59,20,24,6,7,0.9,0.9
2025-03-05T2200,3599A,106.2649,29.9851,重庆市,书院路,,19,19,16,3,13,54,,47,47,16,18,7,8,0.6,0.7
2025-03-05T2200,3600A,106.2339,29.5559,重庆市,虎峰,,33,31,22,23,21,53,,56,56,19,22,5,5,0.4,0.4
2025-03-05T2200,3601A,106.0499,29.8342,重庆市,龙门街,,22,22,20,3,14,53,,49,49,17,23,6,6,0.4,0.6
2025-03-05T2200,3610A,105.5933,29.4105,重庆市,昌元,,38,38,35,20,20,36,,47,47,22,23,2,6,0.6,0.7
2025-03-05T2200,4223A,106.4686,29.4893,重庆市,双山路147号,,30,30,31,20,16,48,,57,57,27,27,7,7,0.5,0.5
2025-03-05T2200,4246A,105.8340,30.1886,重庆市,桃园路24号,,30,30,25,3,13,57,,55,55,16,17,10,10,0.6,0.7
2025-03-05T2200,4247A,107.0910,29.1540,重庆市,钟楼街32号,,29,26,18,3,4,90,,80,80,12,16,5,6,0.4,0.5
2025-03-05T2200,4248A,107.8043,30.6735,重庆市,人民南路309号,,26,22,30,18,13,17,,54,50,31,11,6,6,0.2,0.2
2025-03-05T2200,1258A,122.122,30.0203,舟山市,定海檀枫,,26,10,13,3,7,81,,80,80,14,18,5,5,0.6,0.6
2025-03-05T2200,1260A,122.19,29.9944,舟山市,临城新区,,28,15,11,3,4,88,,85,85,7,10,3,3,0.6,0.7
2025-03-05T2200,4033A,122.3123,29.9619,舟山市,普陀东港中学,,30,12,10,3,2,93,,94,94,7,7,6,6,0.7,0.7
2025-03-05T2200,2068A,114.6758,33.6347,周口市,周口师范,细颗粒物(PM2.5),90,74,53,67,49,36,,78,70,43,34,2,3,0.7,0.5
2025-03-05T2200,2069A,114.6546,33.5979,周口市,市运管处,细颗粒物(PM2.5),89,98,60,66,47,19,,76,63,64,36,5,5,0.6,0.6
2025-03-05T2200,2070A,114.6369,33.6406,周口市,川汇区环保局,细颗粒物(PM2.5),78,89,66,57,41,38,,75,68,39,32,9,8,0.7,0.7
2025-03-05T2200,4269A,114.6701,33.6167,周口市,七一路,细颗粒物(PM2.5),88,94,63,65,48,24,,73,63,48,26,3,3,0.7,0.5
2025-03-05T2200,1515A,113.135,27.8244,株洲市,天台山庄,,29,,41,20,36,49,,36,36,23,24,4,4,0.9,0.9
2025-03-05T2200,1518A,113.095,27.8867,株洲市,株冶医院,,,21,40,,37,48,,35,35,21,21,7,7,0.7,0.8
2025-03-05T2200,1519A,113.167,27.8667,株洲市,市四中,,35,,43,24,39,47,,34,34,20,23,1,2,0.7,0.9
2025-03-05T2200,1520A,113.143,27.8381,株洲市,火车站,,28,23,41,19,37,42,,36,36,25,22,4,4,0.6,0.6
2025-03-05T2200,1524A,113.13,27.8528,株洲市,市监测站,,36,29,48,25,43,43,,35,35,21,19,4,4,0.4,0.6
2025-03-05T2200,1559A,113.251,27.8336,株洲市,大京风景区,,25,25,50,17,35,42,,36,36,18,14,6,6,0.5,0.6
2025-03-05T2200,2031A,113.1817,27.9958,株洲市,云田中学,,29,23,43,20,39,47,,36,36,23,24,6,6,0.4,0.5
2025-03-05T2200,1367A,113.5814,22.2618,珠海市,吉大,,19,17,24,3,10,3,,8,4,38,37,5,6,0.7,0.7
2025-03-05T2200,1368A,113.4881,22.2335,珠海市,前山,,19,11,25,10,14,0,,4,1,38,37,6,6,0.6,0.7
2025-03-05T2200,1369A,113.628,22.4251,珠海市,唐家,,17,13,26,7,7,2,,7,3,34,35,6,6,0.7,0.6
2025-03-05T2200,1370A,113.299,22.2281,珠海市,斗门,,29,29,39,13,16,0,,5,1,33,36,5,5,0.8,0.8
2025-03-05T2200,3308A,113.3494,22.0569,珠海市,金湾,,21,21,32,7,13,2,,7,4,34,33,5,4,0.3,0.4
2025-03-05T2200,3448A,113.5433,22.1163,珠海市,横琴,,11,11,26,7,17,4,,7,4,22,30,6,6,0.9,0.5
2025-03-05T2200,2420A,114.0189,32.9656,驻马店市,市一纸厂,细颗粒物(PM2.5),65,64,59,47,44,59,,82,74,24,20,5,5,0.5,0.5
2025-03-05T2200,2421A,114.0114,33.015,驻马店市,市彩印厂,颗粒物(PM10),59,67,58,41,38,56,,79,74,21,15,4,3,0.5,0.4
2025-03-05T2200,3339A,114.0012,33.0412,驻马店市,小管楼,颗粒物(PM10),57,63,54,39,38,59,,78,74,26,24,7,6,0.3,0.3
2025-03-05T2200,4202A,113.9856,32.9802,驻马店市,交通路1233号,颗粒物(PM10),62,74,57,41,49,52,,80,74,29,19,7,5,0.4,0.3
2025-03-05T2200,2561A,104.6617,30.1372,资阳市,莲花山,,32,32,34,11,23,53,,52,52,9,15,5,5,0.3,0.5
2025-03-05T2200,2562A,104.6356,30.1506,资阳市,资阳中学,,22,18,28,15,21,58,,58,58,9,14,1,4,0.8,0.9
2025-03-05T2200,2563A,104.6295,30.1383,资阳市,四三一厂,,27,27,34,14,23,59,,56,56,12,18,5,6,0.7,0.9
2025-03-05T2200,2564A,104.6463,30.1146,资阳市,师范校,,22,18,34,15,30,52,,50,50,14,21,2,3,0.7,0.9
2025-03-05T2200,2565A,104.6296,30.1256,资阳市,区法院,,20,20,33,14,24,53,,53,53,10,15,3,4,0.6,0.7
2025-03-05T2200,1631A,118.0414,36.8103,淄博市,人民公园,细颗粒物(PM2.5),119,122,120,90,94,13,,129,99,109,58,14,13,1.4,1.1
2025-03-05T2200,1633A,117.8525,36.4847,淄博市,双山,细颗粒物(PM2.5),105,110,119,79,72,56,,124,105,44,35,14,11,1.0,0.8
2025-03-05T2200,1634A,117.9592,36.6331,淄博市,气象站,细颗粒物(PM2.5),107,111,110,80,83,44,,130,101,65,48,20,19,0.9,0.9
2025-03-05T2200,3363A,117.9883,36.8372,淄博市,新区,细颗粒物(PM2.5),117,112,111,88,83,43,,118,98,81,67,7,12,0.7,1
2025-03-05T2200,3644A,117.8661,36.805,淄博市,三金集团,细颗粒物(PM2.5),147,166,124,112,94,31,,111,91,99,69,31,24,1.3,1.4
2025-03-05T2200,3645A,118.0253,36.8406,淄博市,东风化工厂,细颗粒物(PM2.5),128,129,122,97,89,59,,127,107,65,59,7,15,0.9,0.7
2025-03-05T2200,4212A,118.3039,36.8271,淄博市,广场路1号,细颗粒物(PM2.5),147,149,103,112,85,37,,115,98,75,57,15,13,2.8,1.3
2025-03-05T2200,3028A,104.776,29.3627,自贡市,檀木林体育馆,,20,20,39,13,24,49,,45,45,10,13,6,6,0.5,0.6
2025-03-05T2200,3360A,104.7894,29.3194,自贡市,南湖救助站,,25,25,36,14,24,31,,35,34,26,21,5,3,0.5,0.6
2025-03-05T2200,3638A,104.7636,29.3338,自贡市,轻化工大学,,26,26,39,14,25,39,,36,36,21,19,3,2,0.7,0.8
2025-03-05T2200,4225A,104.7143,29.3386,自贡市,贡兴路74号,,28,28,38,15,24,39,,38,38,17,18,3,4,0.5,0.6
2025-03-05T2200,1911A,106.9222,27.6869,遵义市,丁字口,,29,,21,20,17,84,,72,72,8,9,9,8,0.4,0.4
2025-03-05T2200,1912A,106.9242,27.7019,遵义市,凤凰山,,39,,24,27,20,82,,72,72,6,7,7,6,0.4,0.4
2025-03-05T2200,1913A,106.8906,27.6486,遵义市,忠庄,,35,,18,24,23,81,,67,67,6,8,3,2,0.2,0.3
2025-03-05T2200,1914A,106.9231,27.6506,遵义市,舟水桥,,33,,20,23,18,90,,76,76,9,9,4,5,0.1,0.1
2025-03-05T2200,1915A,106.9178,27.72,遵义市,干田坝,,45,,18,31,25,76,,72,72,8,6,10,7,0.3,0.3
2025-03-05T2200,4245A,106.8609,27.5969,遵义市,遵南大道1161号,,23,8,12,3,8,71,,64,64,6,9,3,4,0.6,0.7
