timepoint,stationcode,longitude,latitude,area,positionname,primarypollutant,aqi,pm10,pm10_24h,pm2_5,pm2_5_24h,o3,o3_24h,o3_8h,o3_8h_24h,no2,no2_24h,so2,so2_24h,co,co_24h
2024-02-11T1600,2566A,102.1879,31.914,阿坝藏族羌族自治州,州农科所,,9,4,17,4,9,28,,19,19,11,5,10,7,0.7,0.8
2024-02-11T1600,2568A,102.2502,31.8896,阿坝藏族羌族自治州,马师校,,27,5,10,5,9,85,,69,69,1,2,3,3,0.5,0.5
2024-02-11T1600,3994A,102.2165,31.9024,阿坝藏族羌族自治州,马尔康中学西区,,25,6,9,5,9,80,,65,65,1,2,5,5,0.4,0.4
2024-02-11T1600,2695A,80.292,41.1694,阿克苏地区,电视台,颗粒物(PM10),51,52,72,22,38,94,,61,61,11,28,5,9,0.6,1
2024-02-11T1600,2696A,80.2613,41.1551,阿克苏地区,艺术中心,颗粒物(PM10),51,52,103,23,63,87,,53,53,12,35,8,12,0.9,1.6
2024-02-11T1600,2204A,105.6467,38.8363,阿拉善盟,西城区西花园,,30,30,36,11,13,90,,80,80,3,4,9,9,0.4,0.5
2024-02-11T1600,2205A,105.6985,38.8411,阿拉善盟,蒙二幼,,34,34,36,9,14,85,,75,74,5,8,6,7,0.4,0.5
2024-02-11T1600,2206A,105.724,38.8516,阿拉善盟,环保局新楼,,27,24,30,9,10,85,,85,76,6,6,6,6,0.5,0.5
2024-02-11T1600,2708A,88.1264,47.8517,阿勒泰地区,市站,,23,13,9,2,7,73,,74,69,13,10,7,5,0.2,0.2
2024-02-11T1600,2630A,80.1161,32.5,阿里地区,阿里监测站,,27,3,10,0,5,84,,68,68,1,8,6,14,0.4,0.5
2024-02-11T1600,3192A,80.0903,32.5028,阿里地区,阿里藏医院,,28,,10,2,4,89,,68,68,2,6,5,11,0.4,0.5
2024-02-11T1600,2642A,109.0318,32.6537,安康市,香溪洞,细颗粒物(PM2.5),60,66,72,43,60,88,,59,59,5,6,9,9,0.6,0.7
2024-02-11T1600,2643A,109.0281,32.6939,安康市,安康市监测站,细颗粒物(PM2.5),60,58,105,43,89,90,,55,55,8,20,10,16,0.7,1.1
2024-02-11T1600,2644A,109.0072,32.6975,安康市,汉滨区检察院,细颗粒物(PM2.5),65,53,82,47,75,94,,58,58,7,9,9,12,0.5,0.7
2024-02-11T1600,2291A,117.0809,30.5177,安庆市,环科院,颗粒物(PM10),76,102,108,38,90,104,,80,80,6,19,10,12,0.6,0.9
2024-02-11T1600,2292A,117.0331,30.5119,安庆市,马山宾馆,颗粒物(PM10),77,104,113,36,95,113,,80,80,13,26,7,9,0.4,0.7
2024-02-11T1600,2294A,116.9896,30.6145,安庆市,安庆大学,颗粒物(PM10),80,109,99,41,81,114,,83,83,13,14,9,9,0.6,0.8
2024-02-11T1600,3173A,117.0598,30.5351,安庆市,市人大,颗粒物(PM10),81,111,112,35,91,108,,81,81,10,20,7,10,0.3,0.8
2024-02-11T1600,3123A,105.9408,26.2431,安顺市,凤凰山,,30,23,109,12,96,95,,64,64,4,33,11,97,0.2,1.2
2024-02-11T1600,3124A,105.9439,26.2564,安顺市,金钟山,,29,22,58,10,51,92,,73,73,3,14,12,57,0.2,0.6
2024-02-11T1600,3125A,105.8983,26.2481,安顺市,娄家坡,,30,21,51,17,43,93,,78,78,3,9,10,29,0.4,0.6
2024-02-11T1600,1819A,114.3551,36.1017,安阳市,红庙街,颗粒物(PM10),62,73,279,24,213,101,,80,80,4,22,9,9,0.5,1.3
2024-02-11T1600,1820A,114.361,36.0681,安阳市,银杏小区,颗粒物(PM10),57,63,277,19,261,101,,77,77,1,16,8,11,0.6,1.7
2024-02-11T1600,3141A,114.3922,36.0878,安阳市,信访局,颗粒物(PM10),67,83,315,19,283,108,,82,82,4,23,8,14,0.3,1.1
2024-02-11T1600,3669A,114.4705,36.0637,安阳市,左辅环卫站,颗粒物(PM10),60,70,311,25,272,103,,76,76,5,22,10,9,0.6,1.4
2024-02-11T1600,3703A,114.2917,36.0949,安阳市,安钢职工学校,颗粒物(PM10),75,100,299,20,223,98,,77,77,22,25,8,12,0.4,1.3
2024-02-11T1600,1748A,123.044,41.1196,鞍山市,深沟寺,,27,22,76,11,53,85,,77,77,9,20,13,17,0.4,1.1
2024-02-11T1600,1749A,123.011,41.0931,鞍山市,太阳城,,45,45,101,23,65,79,,70,70,21,23,22,21,0.9,1.4
2024-02-11T1600,1750A,123.0485,41.1442,鞍山市,太平,,33,33,108,17,76,86,,75,75,10,28,11,19,0.7,1.5
2024-02-11T1600,1751A,122.9642,41.0971,鞍山市,铁西三道街,,40,40,98,19,62,84,,75,75,12,26,13,17,1.0,1.1
2024-02-11T1600,1752A,122.9341,41.0833,鞍山市,铁西工业园区,,44,44,97,15,64,82,,78,78,20,25,16,13,0.8,1.2
2024-02-11T1600,1753A,123.022,41.0821,鞍山市,明达新区,颗粒物(PM10),56,62,125,28,80,68,,67,63,25,23,26,23,1.4,1.4
2024-02-11T1600,2195A,107.4212,40.761,巴彦淖尔市,附二中,,48,48,49,17,23,86,,64,64,1,13,5,7,0.4,0.5
2024-02-11T1600,2196A,107.37,40.7372,巴彦淖尔市,市环保大楼,,49,49,46,18,20,87,,,,2,6,4,4,0.3,0.4
2024-02-11T1600,1956A,86.1472,41.7538,巴音郭楞蒙古自治州,孔雀公园,颗粒物(PM10),61,72,132,30,39,81,,43,43,3,42,6,5,0.4,0.8
2024-02-11T1600,1957A,86.1972,41.7166,巴音郭楞蒙古自治州,棉纺厂,颗粒物(PM10),70,89,146,35,30,90,,62,62,4,12,4,3,0.4,0.4
2024-02-11T1600,1958A,86.2357,41.7173,巴音郭楞蒙古自治州,经济开发区,颗粒物(PM10),58,66,120,16,24,94,,58,58,6,16,5,5,0.4,0.4
2024-02-11T1600,2914A,106.7677,31.8794,巴中市,苏山坪,,42,39,82,29,67,102,,80,76,6,9,5,4,0.4,0.7
2024-02-11T1600,3182A,106.7656,31.8545,巴中市,丽阳花园,细颗粒物(PM2.5),57,49,100,40,84,95,,47,47,9,23,6,5,0.6,1.1
2024-02-11T1600,3183A,106.7418,31.8654,巴中市,圣泉水务公司,细颗粒物(PM2.5),53,50,91,37,81,97,,60,60,10,17,6,5,0.6,0.9
2024-02-11T1600,3616A,106.7616,31.8344,巴中市,市中心医院,细颗粒物(PM2.5),55,47,101,39,84,98,,52,52,5,18,7,6,0.6,1
2024-02-11T1600,2235A,122.7911,45.6077,白城市,洮北区环保局,,27,19,33,6,20,84,,81,81,6,7,4,5,0.3,0.3
2024-02-11T1600,2236A,122.8738,45.5725,白城市,市环保局,,27,23,32,9,14,84,,80,80,4,6,5,5,0.3,0.4
2024-02-11T1600,2231A,126.4219,41.9171,白山市,喜丰,颗粒物(PM10),52,53,78,31,51,87,,73,73,10,20,18,20,1.1,1.3
2024-02-11T1600,2232A,126.4077,41.9419,白山市,环保局,颗粒物(PM10),55,59,113,32,80,88,,71,71,12,26,14,18,1.0,1.4
2024-02-11T1600,2647A,104.1724,36.5446,白银市,第三小学,,50,50,106,24,34,80,,57,57,13,21,19,28,0.5,0.6
2024-02-11T1600,2648A,104.1465,36.5482,白银市,动力公司,颗粒物(PM10),53,55,91,25,31,83,,62,62,13,16,19,19,0.6,0.7
2024-02-11T1600,2512A,106.6103,23.9011,百色市,市监测站,,48,48,66,25,50,99,,60,60,6,9,19,9,0.7,0.9
2024-02-11T1600,2513A,106.6538,23.8859,百色市,市中心血站,,40,40,62,17,56,101,,64,64,4,12,16,9,0.5,0.8
2024-02-11T1600,3406A,106.6085,23.8798,百色市,祈福高中,,41,41,46,25,46,99,,60,60,5,8,19,8,0.6,0.8
2024-02-11T1600,2270A,117.396,32.939,蚌埠市,工人疗养院,颗粒物(PM10),72,93,180,38,151,109,,78,78,5,21,7,11,0.5,0.9
2024-02-11T1600,2271A,117.3605,32.9427,蚌埠市,百货大楼,颗粒物(PM10),75,100,190,44,162,111,,79,79,9,25,5,6,0.7,1.1
2024-02-11T1600,2273A,117.4185,32.8911,蚌埠市,蚌埠学院,颗粒物(PM10),70,90,165,43,133,109,,82,82,7,14,6,7,0.5,1
2024-02-11T1600,2274A,117.3533,32.9673,蚌埠市,淮上区政府,颗粒物(PM10),78,105,183,46,149,111,,82,82,5,18,7,8,0.5,1
2024-02-11T1600,2275A,117.3145,32.8977,蚌埠市,高新区,颗粒物(PM10),71,92,164,43,133,115,,81,81,5,16,7,6,0.6,1
2024-02-11T1600,3715A,117.3092,32.9314,蚌埠市,蚌埠田家炳中学,颗粒物(PM10),77,104,174,48,141,110,,76,76,12,21,8,15,0.4,0.8
2024-02-11T1600,1585A,109.8756,40.6532,包头市,市环境监测站,细颗粒物(PM2.5),118,109,94,89,71,102,,64,64,16,37,18,22,0.9,1.1
2024-02-11T1600,1587A,109.9991,40.5842,包头市,包头八中,细颗粒物(PM2.5),129,114,152,98,62,104,,63,63,19,40,13,24,0.9,1.4
2024-02-11T1600,1588A,109.8538,40.6821,包头市,青山宾馆,细颗粒物(PM2.5),89,117,74,66,57,97,,63,63,23,38,22,17,1.3,1.2
2024-02-11T1600,1589A,109.8642,40.6288,包头市,惠龙物流,细颗粒物(PM2.5),83,96,125,61,71,107,,68,68,10,35,16,24,0.6,1.1
2024-02-11T1600,1590A,110.0377,40.5546,包头市,东河鸿龙湾,细颗粒物(PM2.5),110,106,175,83,112,106,,71,71,17,41,16,14,0.8,1.4
2024-02-11T1600,3283A,109.9154,40.5685,包头市,滨河大厦,细颗粒物(PM2.5),117,104,147,88,105,112,,77,77,12,29,14,13,0.8,1.1
2024-02-11T1600,3419A,109.9447,40.6261,包头市,包头市委党校,细颗粒物(PM2.5),108,102,106,81,80,100,,62,62,18,33,21,28,0.8,1.3
2024-02-11T1600,3683A,109.8331,40.6576,包头市,昆区政府,细颗粒物(PM2.5),94,105,100,70,74,100,,65,65,19,40,20,26,1.0,1.4
2024-02-11T1600,1930A,107.185,34.3063,宝鸡市,庙沟村,颗粒物(PM10),82,114,99,40,32,99,,70,70,6,5,8,6,0.6,0.5
2024-02-11T1600,1931A,107.0708,34.3017,宝鸡市,竹园沟,颗粒物(PM10),90,129,85,48,34,112,,75,75,17,15,9,6,0.5,0.5
2024-02-11T1600,1932A,107.1906,34.3672,宝鸡市,三陆医院,颗粒物(PM10),93,136,125,43,65,118,,75,75,15,31,9,8,0.5,0.6
2024-02-11T1600,1933A,107.1431,34.3547,宝鸡市,监测站,颗粒物(PM10),91,132,110,43,48,107,,71,71,13,19,8,6,0.5,0.5
2024-02-11T1600,1934A,107.1186,34.3739,宝鸡市,技工学校,颗粒物(PM10),94,137,129,47,60,113,,73,73,18,23,10,9,0.6,0.6
2024-02-11T1600,1935A,107.3906,34.3528,宝鸡市,陈仓区环保局家属楼,颗粒物(PM10),92,133,146,38,66,117,,74,74,17,35,10,19,0.6,0.8
2024-02-11T1600,1936A,107.2058,34.3497,宝鸡市,文理学院,颗粒物(PM10),93,136,140,47,60,117,,75,75,15,28,12,10,0.5,0.6
2024-02-11T1600,1937A,107.2386,34.3622,宝鸡市,三迪小学,颗粒物(PM10),97,143,135,51,58,111,,71,71,19,29,11,10,0.6,0.6
2024-02-11T1600,1051A,115.493,38.8632,保定市,游泳馆,,32,19,120,15,84,101,,72,72,2,14,4,6,0.6,0.8
2024-02-11T1600,1052A,115.5213,38.8959,保定市,华电二区,细颗粒物(PM2.5),58,,89,41,78,98,,67,67,2,8,7,6,0.1,0.4
2024-02-11T1600,1053A,115.4713,38.9108,保定市,接待中心,,35,35,100,9,79,92,,66,66,2,6,5,7,0.4,0.6
2024-02-11T1600,1054A,115.4612,38.8416,保定市,地表水厂,,47,47,113,2,79,97,,69,69,2,12,4,6,0.7,1
2024-02-11T1600,3581A,115.31981,38.95208,保定市,满城区生态环境分局,,34,34,108,15,89,99,,72,72,2,15,5,7,0.4,0.8
2024-02-11T1600,3582A,115.47694,38.76408,保定市,清苑区第二中学,,32,29,112,9,75,102,,77,77,1,9,7,9,0.5,0.7
2024-02-11T1600,3583A,115.62909,39.02311,保定市,徐水物探局,颗粒物(PM10),51,51,104,29,72,101,,71,71,6,18,5,6,0.4,0.5
2024-02-11T1600,4004A,115.4202,38.8656,保定市,双鹰农机,,32,30,89,12,70,101,,72,72,11,13,3,6,0.4,0.6
2024-02-11T1600,4034A,115.5150,38.8590,保定市,植保所站,,36,36,95,21,86,100,,68,68,3,17,5,7,0.1,0.5
2024-02-11T1600,2594A,99.1678,25.1081,保山市,市环境监测站,颗粒物(PM10),52,54,59,27,38,86,,60,60,6,8,6,7,0.6,0.6
2024-02-11T1600,2595A,99.1711,25.1328,保山市,市环保局,颗粒物(PM10),54,58,55,27,30,88,,62,62,5,5,8,8,0.6,0.6
2024-02-11T1600,1867A,109.1436,21.4086,北海市,海滩公园,颗粒物(PM10),67,83,105,42,82,120,,88,88,16,18,11,12,1.1,0.8
2024-02-11T1600,1868A,109.0981,21.4661,北海市,新市环保局,颗粒物(PM10),53,55,78,34,70,113,,90,90,9,13,8,11,0.6,0.8
2024-02-11T1600,1869A,109.1778,21.5233,北海市,北海工业园,颗粒物(PM10),55,60,96,29,80,115,,90,90,7,12,10,10,0.5,0.8
2024-02-11T1600,3400A,109.1911,21.4415,北海市,龙潭自来水厂,,36,33,94,25,80,100,,80,80,7,11,10,10,0.5,0.7
2024-02-11T1600,1001A,116.3621,39.8784,北京市,万寿西宫,细颗粒物(PM2.5),67,58,84,48,64,79,,53,53,18,32,2,3,0.2,0.4
2024-02-11T1600,1002A,116.2202,40.2915,北京市,定陵,,30,30,33,19,22,76,,78,78,10,5,2,2,0.3,0.3
2024-02-11T1600,1003A,116.4174,39.9289,北京市,东四,细颗粒物(PM2.5),67,69,83,48,63,74,,54,54,15,22,5,5,0.5,0.6
2024-02-11T1600,1004A,116.4072,39.8863,北京市,天坛,细颗粒物(PM2.5),65,64,80,47,62,88,,56,56,9,20,2,2,0.3,0.4
2024-02-11T1600,1005A,116.462,39.9365,北京市,农展馆,细颗粒物(PM2.5),67,66,80,48,59,74,,52,52,15,23,3,3,0.4,0.4
2024-02-11T1600,1006A,116.3392,39.9295,北京市,官园,细颗粒物(PM2.5),58,56,80,41,60,88,,67,67,15,24,2,4,0.4,0.5
2024-02-11T1600,1007A,116.2878,39.9611,北京市,海淀万柳,"颗粒物(PM10),细颗粒物(PM2.5)",52,53,81,36,59,83,,59,59,16,28,3,2,0.2,0.4
2024-02-11T1600,1008A,116.6636,40.135,北京市,顺义新城,细颗粒物(PM2.5),55,49,60,39,45,68,,65,65,27,17,3,2,0.5,0.4
2024-02-11T1600,1009A,116.6275,40.3275,北京市,怀柔镇,,40,40,41,26,29,73,,65,65,9,14,5,5,0.4,0.4
2024-02-11T1600,1010A,116.2296,40.217,北京市,昌平镇,,44,44,46,27,29,80,,81,81,15,7,3,3,0.3,0.3
2024-02-11T1600,1011A,116.3966,39.9821,北京市,奥体中心,细颗粒物(PM2.5),60,51,73,43,58,80,,60,60,10,21,4,5,0.3,0.5
2024-02-11T1600,1012A,116.184,39.9136,北京市,古城,细颗粒物(PM2.5),60,65,76,43,53,85,,72,72,6,11,1,2,0.4,0.4
2024-02-11T1600,3281A,115.9718,40.4529,北京市,延庆夏都,,43,43,45,26,28,79,,71,70,6,5,7,3,0.3,0.3
2024-02-11T1600,3417A,117.0709,40.1465,北京市,平谷新城,,46,46,57,31,43,86,,68,68,1,5,1,3,0.3,0.5
2024-02-11T1600,3418A,116.8336,40.4095,北京市,密云新城,,39,37,41,27,28,85,,74,74,6,9,2,2,0.3,0.3
2024-02-11T1600,3672A,116.1541,39.8204,北京市,丰台云岗,细颗粒物(PM2.5),88,84,84,65,62,89,,75,75,12,14,1,3,0.4,0.3
2024-02-11T1600,3673A,116.6804,39.9081,北京市,通州东关,细颗粒物(PM2.5),57,53,78,40,59,76,,59,59,8,15,3,4,0.3,0.5
2024-02-11T1600,3674A,115.9577,39.7603,北京市,房山燕山,细颗粒物(PM2.5),65,63,69,47,59,99,,89,89,15,15,3,2,0.4,0.4
2024-02-11T1600,3675A,116.4672,39.7733,北京市,大兴旧宫,细颗粒物(PM2.5),68,58,78,49,61,87,,59,59,10,14,3,2,0.2,0.3
2024-02-11T1600,3694A,115.986,40.4563,北京市,延庆石河营,,43,43,42,27,28,85,,77,75,6,5,6,3,0.4,0.3
2024-02-11T1600,3695A,116.6151,40.3053,北京市,怀柔新城,,38,36,34,26,26,76,,65,65,11,11,3,2,0.3,0.3
2024-02-11T1600,3696A,116.2545,39.8768,北京市,丰台小屯,细颗粒物(PM2.5),62,64,88,44,62,86,,58,58,10,26,2,3,0.3,0.4
2024-02-11T1600,3697A,116.84,40.3844,北京市,密云镇,,43,41,69,30,53,81,,68,68,6,20,3,4,0.3,0.3
2024-02-11T1600,1761A,123.8275,41.3064,本溪市,大峪,,44,44,120,24,84,86,,62,62,15,41,11,16,0.7,2.1
2024-02-11T1600,1762A,123.7567,41.3325,本溪市,溪湖,,36,36,147,17,98,92,,66,66,7,33,19,23,0.5,1.8
2024-02-11T1600,1763A,123.7169,41.3094,本溪市,彩屯,,33,25,136,23,110,93,,72,72,14,34,10,17,0.7,1.9
2024-02-11T1600,1764A,123.7669,41.2864,本溪市,东明,,49,49,192,25,158,78,,59,59,22,47,23,23,1.0,1.7
2024-02-11T1600,1765A,123.7992,41.2664,本溪市,新立屯,细颗粒物(PM2.5),64,61,108,46,95,72,,63,63,28,32,25,20,1.6,1.6
2024-02-11T1600,1766A,123.8142,41.3472,本溪市,威宁,,40,40,127,21,92,85,,62,62,12,35,12,9,0.4,1.3
2024-02-11T1600,2587A,105.2864,27.3125,毕节市,八中,,32,21,52,12,41,100,,73,73,3,9,9,11,0.2,0.4
2024-02-11T1600,2588A,105.31,27.2944,毕节市,师专,,32,19,72,14,62,102,,73,73,4,15,8,11,0.3,0.6
2024-02-11T1600,3537A,105.3631,27.3533,毕节市,长征村,,34,19,42,13,31,108,,79,79,3,6,9,10,0.5,0.6
2024-02-11T1600,1629A,118.0018,37.3617,滨州市,第二水厂,颗粒物(PM10),75,100,144,45,108,111,,90,90,14,25,9,20,0.8,1.4
2024-02-11T1600,1630A,117.9776,37.393,滨州市,北中新校,颗粒物(PM10),79,107,158,51,118,111,,92,92,12,26,20,33,0.9,1.6
2024-02-11T1600,3514A,117.9378,37.3956,滨州市,中海酒店,细颗粒物(PM2.5),75,94,142,55,119,112,,95,95,17,21,16,28,0.7,1.4
2024-02-11T1600,3515A,117.9378,37.3553,滨州市,开发区一中,颗粒物(PM10),81,111,156,56,122,111,,89,89,11,20,16,30,0.7,1.3
2024-02-11T1600,3516A,118.0917,37.694,滨州市,金海六路,颗粒物(PM10),73,95,157,47,120,114,,92,92,8,22,16,20,0.6,1.4
2024-02-11T1600,4028A,117.9956,37.3753,滨州市,滨州市西街道办事处,颗粒物(PM10),73,96,148,51,112,106,,86,86,12,22,15,25,0.7,1.4
2024-02-11T1600,2311A,115.8072,33.8399,亳州市,污水处理厂,颗粒物(PM10),91,132,181,55,133,112,,88,88,9,15,8,9,0.6,0.8
2024-02-11T1600,2312A,115.7789,33.8518,亳州市,三国揽胜宫,颗粒物(PM10),104,158,223,47,142,113,,90,90,8,16,9,10,0.6,1
2024-02-11T1600,3332A,115.7633,33.8034,亳州市,亳州学院,,,131,184,48,123,112,,89,89,,10,7,9,0.7,1.1
2024-02-11T1600,2693A,82.0485,44.8556,博尔塔拉蒙古自治州,市党校,细颗粒物(PM2.5),108,108,113,81,76,97,,72,69,20,21,15,14,1.3,1.1
2024-02-11T1600,2694A,82.0806,44.8969,博尔塔拉蒙古自治州,市环保局,细颗粒物(PM2.5),99,117,126,74,74,63,,80,54,37,30,39,15,1.5,1.5
2024-02-11T1600,1071A,116.8842,38.2991,沧州市,沧县城建局,颗粒物(PM10),57,63,141,34,125,106,,86,86,41,30,6,13,1.4,1.3
2024-02-11T1600,1072A,116.8584,38.3254,沧州市,电视转播站,细颗粒物(PM2.5),67,80,133,48,113,109,,89,89,4,16,13,14,0.6,1
2024-02-11T1600,1073A,116.8709,38.3228,沧州市,市环保局,,,83,135,55,116,105,,85,85,11,22,8,13,,1
2024-02-11T1600,3324A,116.8136,38.3004,沧州市,河北水利电力学院,细颗粒物(PM2.5),78,75,136,57,109,106,,85,85,6,17,14,19,0.5,0.8
2024-02-11T1600,2622A,97.1806,31.1273,昌都市,昌都监测站,,24,0,18,0,14,75,,56,56,2,7,6,7,0.2,0.4
2024-02-11T1600,3719A,97.1714,31.1406,昌都市,昌都会议中心,,27,4,6,1,7,86,,66,66,2,3,4,4,0.2,0.3
2024-02-11T1600,2690A,88.1236,43.8886,昌吉回族自治州,天山天池,,29,,5,12,5,90,,80,80,5,4,9,8,0.4,0.4
2024-02-11T1600,2692A,87.2717,44.0297,昌吉回族自治州,新区政务中心,细颗粒物(PM2.5),182,168,225,137,172,145,,96,96,16,45,8,6,1.5,2.1
2024-02-11T1600,3613A,87.3095,44.0142,昌吉回族自治州,亚心广场,细颗粒物(PM2.5),211,195,242,161,205,140,,101,101,19,36,10,10,1.5,1.8
2024-02-11T1600,1119A,125.3325,43.9166,长春市,食品厂,细颗粒物(PM2.5),53,53,79,37,66,91,,79,79,12,21,12,20,0.3,0.5
2024-02-11T1600,1120A,125.2863,43.9027,长春市,客车厂,,49,49,77,29,62,84,,77,77,12,18,18,21,0.5,0.7
2024-02-11T1600,1121A,125.2841,43.8463,长春市,邮电学院,细颗粒物(PM2.5),54,54,90,38,74,88,,79,79,12,21,15,21,0.4,0.6
2024-02-11T1600,1122A,125.3716,43.8772,长春市,劳动公园,,49,46,93,34,78,87,,76,76,16,26,7,10,0.4,0.6
2024-02-11T1600,1123A,125.3297,43.8805,长春市,园林处,,50,50,78,27,59,92,,83,83,12,22,12,21,0.6,0.8
2024-02-11T1600,1124A,125.4605,43.79,长春市,净月潭,,42,42,82,23,68,98,,87,87,1,6,7,11,0.4,0.6
2024-02-11T1600,1126A,125.3863,43.8447,长春市,经开区环卫处,颗粒物(PM10),51,51,97,28,80,95,,82,82,8,15,9,11,0.3,0.6
2024-02-11T1600,1127A,125.245,43.7783,长春市,高新区管委会,细颗粒物(PM2.5),53,50,99,37,88,100,,88,88,8,16,9,11,0.5,0.8
2024-02-11T1600,1128A,125.1761,43.8325,长春市,岱山公园,颗粒物(PM10),52,54,78,34,73,93,,86,86,6,13,6,9,0.4,0.7
2024-02-11T1600,1335A,113.0833,28.2325,长沙市,经开区环保局,细颗粒物(PM2.5),63,71,98,45,73,116,,81,81,2,6,6,6,0.5,0.7
2024-02-11T1600,1336A,112.8872,28.2189,长沙市,高开区环保局,细颗粒物(PM2.5),90,73,127,67,110,116,,72,72,2,15,6,9,0.8,1.2
2024-02-11T1600,1337A,113.0792,28.2053,长沙市,马坡岭,细颗粒物(PM2.5),70,80,113,51,103,108,,71,71,2,6,8,8,0.5,0.7
2024-02-11T1600,1338A,112.9394,28.19,长沙市,湖南师范大学,细颗粒物(PM2.5),88,81,116,65,98,115,,73,73,8,15,10,9,0.9,1
2024-02-11T1600,1339A,113.0178,28.1322,长沙市,雨花区环保局,细颗粒物(PM2.5),94,79,99,70,102,107,,70,70,4,7,7,5,0.9,0.9
2024-02-11T1600,1340A,112.9792,28.2597,长沙市,伍家岭,细颗粒物(PM2.5),95,94,157,71,118,105,,60,60,11,21,8,8,0.9,1.1
2024-02-11T1600,1341A,113.0014,28.1944,长沙市,火车新站,细颗粒物(PM2.5),89,83,137,66,110,106,,68,68,6,23,6,5,0.9,0.9
2024-02-11T1600,1342A,112.9844,28.1178,长沙市,天心区环保局,细颗粒物(PM2.5),87,83,102,64,82,119,,77,77,2,7,9,8,0.5,0.4
2024-02-11T1600,1343A,112.8908,28.1308,长沙市,湖南中医药大学,细颗粒物(PM2.5),90,76,141,67,121,119,,70,70,8,22,8,8,0.7,1.2
2024-02-11T1600,1344A,112.9581,28.3611,长沙市,沙坪,细颗粒物(PM2.5),67,60,81,48,70,67,,46,46,2,4,6,6,0.7,0.8
2024-02-11T1600,1727A,113.1147,36.1547,长治市,清华站,,38,38,77,7,27,98,,73,73,10,15,11,12,0.3,0.5
2024-02-11T1600,1728A,113.1031,36.1989,长治市,监测站,,50,50,97,12,31,94,,70,70,15,20,12,13,0.2,0.5
2024-02-11T1600,1730A,113.0886,36.2125,长治市,审计局,,48,48,76,14,30,98,,73,73,8,14,12,15,0.4,0.6
2024-02-11T1600,1731A,113.0844,36.1856,长治市,长治八中,,43,43,87,14,33,97,,74,74,9,14,7,8,0.4,0.7
2024-02-11T1600,2845A,113.1569,36.1911,长治市,德盛苑,,47,47,71,12,26,96,,80,80,11,13,12,14,0.5,0.8
2024-02-11T1600,3568A,113.06,36.0464,长治市,向阳小学,,44,44,86,18,37,110,,94,94,14,16,14,16,0.4,0.5
2024-02-11T1600,3569A,112.8792,36.3144,长治市,屯留一中,,47,47,76,7,31,102,,79,79,3,11,9,11,0.5,0.6
2024-02-11T1600,3570A,113.235,36.3489,长治市,潞城四中,颗粒物(PM10),56,61,101,16,34,102,,84,84,12,14,7,14,0.3,0.5
2024-02-11T1600,1854A,111.6975,28.9703,常德市,市二中,细颗粒物(PM2.5),112,,77,84,76,105,,65,65,17,12,10,7,0.9,0.8
2024-02-11T1600,1857A,111.7158,29.1456,常德市,白鹤山,细颗粒物(PM2.5),104,137,126,78,76,85,,46,46,4,2,4,2,0.8,0.8
2024-02-11T1600,3138A,111.7153,29.0289,常德市,武陵区永安,细颗粒物(PM2.5),105,94,87,79,75,106,,68,68,7,9,10,8,1.1,1
2024-02-11T1600,3139A,111.6892,28.9881,常德市,鼎城区玉霞,细颗粒物(PM2.5),107,88,80,80,75,110,,66,66,12,12,11,9,0.8,0.9
2024-02-11T1600,3140A,111.6625,29.0531,常德市,武陵区长庚,细颗粒物(PM2.5),105,95,95,79,80,107,,66,66,9,9,7,6,0.7,0.9
2024-02-11T1600,1196A,119.9633,31.762,常州市,市监测站,细颗粒物(PM2.5),90,105,136,67,98,124,,98,98,5,26,10,10,1.0,1.2
2024-02-11T1600,1200A,119.9468,31.7069,常州市,武进监测站,细颗粒物(PM2.5),104,104,123,78,93,118,,92,92,8,17,10,11,0.9,1
2024-02-11T1600,1201A,119.9255,31.9087,常州市,安家,细颗粒物(PM2.5),124,131,135,94,105,125,,100,100,9,17,10,10,1.0,1
2024-02-11T1600,3002A,119.9805,31.8174,常州市,行政中心,细颗粒物(PM2.5),109,113,107,82,84,116,,92,92,7,17,10,10,1.2,1.1
2024-02-11T1600,3003A,120.0522,31.7748,常州市,经开区,细颗粒物(PM2.5),90,97,117,67,86,124,,100,100,8,17,10,10,0.8,0.8
2024-02-11T1600,3010A,119.9025,31.7964,常州市,钟楼,细颗粒物(PM2.5),105,114,116,79,89,122,,93,93,9,17,10,10,1.0,1
2024-02-11T1600,3429A,119.8598,31.7066,常州市,武进经发区,细颗粒物(PM2.5),98,101,121,73,101,123,,94,94,6,12,8,9,1.3,1.4
2024-02-11T1600,3430A,119.5826,31.7245,常州市,金坛城区,颗粒物(PM10),58,65,113,27,101,118,,91,91,4,12,9,10,0.6,0.9
2024-02-11T1600,2220A,120.4318,41.5881,朝阳市,西梁,,29,26,75,16,67,92,,86,86,6,14,14,20,0.6,0.9
2024-02-11T1600,2221A,120.4521,41.5646,朝阳市,河畔小区,,30,30,57,13,41,88,,80,80,5,11,7,13,0.5,0.8
2024-02-11T1600,2222A,120.4176,41.5648,朝阳市,八里堡,,37,37,57,18,56,87,,80,80,6,13,13,17,0.6,1
2024-02-11T1600,2223A,120.3806,41.5969,朝阳市,农业园区,,33,33,51,15,44,87,,79,79,7,12,11,15,0.4,0.6
2024-02-11T1600,1705A,116.6367,23.6719,潮州市,西园路,,40,40,66,20,52,107,,70,70,6,8,5,4,0.3,0.4
2024-02-11T1600,3026A,116.6183,23.6608,潮州市,市政府,,46,46,59,26,46,108,,72,72,8,10,6,6,0.3,0.6
2024-02-11T1600,4036A,116.6461,23.6761,潮州市,金山,,42,42,59,26,53,106,,70,70,7,8,7,6,0.5,0.6
2024-02-11T1600,2472A,113.0073,25.9061,郴州市,马头岭,,31,31,51,18,28,93,,66,66,4,8,6,6,0.2,0.4
2024-02-11T1600,2473A,113.0116,25.8226,郴州市,市职中,,40,32,57,28,51,92,,63,63,4,7,7,6,1.1,1.1
2024-02-11T1600,2474A,113.0161,25.8001,郴州市,兴隆步行街,,43,43,91,29,75,95,,62,62,4,16,6,5,0.4,0.7
2024-02-11T1600,2475A,113.0383,25.8071,郴州市,市审计局,,38,38,76,26,65,95,,64,64,4,13,6,5,0.4,0.8
2024-02-11T1600,2476A,113.0348,25.7759,郴州市,市环保局,,42,39,70,29,55,86,,61,61,10,14,6,4,0.5,0.5
2024-02-11T1600,1431A,103.9728,30.7236,成都市,金泉两河,细颗粒物(PM2.5),105,80,92,79,87,108,,61,61,10,28,3,3,0.8,1.1
2024-02-11T1600,1432A,104.176,30.6872,成都市,十里店,细颗粒物(PM2.5),92,76,90,68,86,124,,74,74,7,16,3,2,0.7,0.7
2024-02-11T1600,1433A,104.079,30.5706,成都市,三瓦窑,细颗粒物(PM2.5),73,57,99,53,75,115,,74,74,5,27,2,2,0.5,0.7
2024-02-11T1600,1434A,104.1114,30.63,成都市,沙河铺,细颗粒物(PM2.5),80,74,105,59,95,117,,66,66,12,29,5,3,0.6,0.8
2024-02-11T1600,1437A,104.0786,30.6531,成都市,君平街,细颗粒物(PM2.5),92,72,98,68,94,125,,70,70,14,42,6,6,0.6,0.9
2024-02-11T1600,1438A,103.613,31.0283,成都市,灵岩寺,细颗粒物(PM2.5),83,76,68,61,53,114,,90,90,14,14,2,2,0.9,0.8
2024-02-11T1600,2880A,104.0239,30.65639,成都市,大石西路,细颗粒物(PM2.5),88,85,99,65,89,127,,71,71,17,38,4,3,0.8,1.1
2024-02-11T1600,3136A,104.2725,30.5589,成都市,龙泉驿区区政府,细颗粒物(PM2.5),77,63,68,56,60,112,,82,82,8,10,2,2,0.8,0.8
2024-02-11T1600,3357A,104.0106,30.6931,成都市,金博路,细颗粒物(PM2.5),119,106,127,90,113,111,,60,60,15,38,3,3,0.8,1
2024-02-11T1600,3359A,104.0578,30.5225,成都市,华阳,细颗粒物(PM2.5),79,63,85,58,79,116,,74,74,2,19,4,3,0.7,0.9
2024-02-11T1600,3487A,104.2394,30.5319,成都市,车城东七路,细颗粒物(PM2.5),90,73,81,67,70,116,,81,81,9,16,2,2,0.7,0.7
2024-02-11T1600,3488A,104.3853,30.7453,成都市,青白江技师分院,细颗粒物(PM2.5),85,88,80,63,62,123,,80,80,8,15,8,9,0.9,0.9
2024-02-11T1600,3489A,104.0789,30.4072,成都市,科学城,细颗粒物(PM2.5),92,77,82,68,76,116,,73,73,1,9,5,4,0.8,0.8
2024-02-11T1600,4011A,103.8506,30.6947,成都市,光华大道三段,细颗粒物(PM2.5),90,87,119,67,100,86,,60,60,8,24,3,3,0.9,1.1
2024-02-11T1600,1062A,117.9531,40.9081,承德市,铁路,,25,23,74,9,55,80,,61,61,10,26,36,19,0.7,0.9
2024-02-11T1600,1063A,117.9392,40.9763,承德市,中国银行,,28,28,85,4,57,84,,69,69,9,22,33,12,0.6,0.6
2024-02-11T1600,1064A,117.9503,40.928,承德市,开发区,,34,34,64,22,43,84,,66,66,11,25,29,12,0.6,0.7
2024-02-11T1600,1065A,117.8051,40.9655,承德市,文化中心,,26,20,74,9,40,81,,60,60,9,25,65,25,0.6,0.7
2024-02-11T1600,1066A,117.9268,41.0026,承德市,离宫,,26,12,35,10,27,82,,70,70,4,8,17,6,0.3,0.4
2024-02-11T1600,2314A,117.47,30.6618,池州市,池州学院,颗粒物(PM10),56,62,89,29,73,106,,83,83,14,15,10,9,0.8,0.8
2024-02-11T1600,3237A,117.4918,30.6617,池州市,展览馆,颗粒物(PM10),59,67,91,23,74,108,,83,83,6,10,8,5,0.8,0.8
2024-02-11T1600,3333A,117.5627,30.695,池州市,第八中学,颗粒物(PM10),61,71,79,34,61,113,,88,88,9,11,6,9,0.6,0.7
2024-02-11T1600,3334A,117.5038,30.6243,池州市,第十二中学,颗粒物(PM10),59,68,77,27,64,110,,86,86,6,9,8,6,0.4,0.6
2024-02-11T1600,1744A,118.9233,42.2816,赤峰市,松山一中,,27,10,29,2,10,84,,74,74,6,12,7,9,0.4,0.5
2024-02-11T1600,1745A,118.9576,42.2728,赤峰市,哈达街,,26,14,32,7,21,81,,69,69,8,12,9,11,0.4,0.6
2024-02-11T1600,1746A,118.8788,42.2554,赤峰市,天义路,,26,7,18,6,6,81,,73,73,6,8,5,6,0.2,0.3
2024-02-11T1600,3058A,119.2658,42.0353,赤峰市,银河街,,27,27,46,14,32,85,,72,72,12,15,15,18,0.6,0.7
2024-02-11T1600,3286A,118.9359,42.3147,赤峰市,桥北物流园区,,28,13,23,6,17,87,,77,77,2,7,4,8,0.8,0.8
2024-02-11T1600,2521A,107.3476,22.4136,崇左市,市环保局江州分局,,48,48,62,28,53,115,,83,83,4,9,9,9,0.2,0.5
2024-02-11T1600,2522A,107.3702,22.3707,崇左市,城南新区,,46,46,62,30,59,112,,79,79,6,11,8,8,0.3,0.6
2024-02-11T1600,2298A,118.3093,32.3153,滁州市,老年大学,细颗粒物(PM2.5),70,85,111,51,94,114,,84,84,8,19,6,7,0.7,1
2024-02-11T1600,2299A,118.3244,32.2786,滁州市,人大宾馆,颗粒物(PM10),75,100,120,45,103,118,,86,86,14,21,6,7,0.6,0.9
2024-02-11T1600,3207A,118.3118,32.3038,滁州市,市政府原办公楼,"颗粒物(PM10),细颗粒物(PM2.5)",69,88,108,50,89,114,,86,86,12,25,5,6,0.5,0.8
2024-02-11T1600,3331A,118.3267,32.2634,滁州市,图书馆,颗粒物(PM10),75,100,114,40,93,116,,87,87,9,15,7,8,0.6,0.9
2024-02-11T1600,2605A,101.5482,25.0441,楚雄彝族自治州,州环境监测站,,39,29,45,27,39,78,,61,61,4,9,6,7,0.8,0.9
2024-02-11T1600,2606A,101.538,25.0492,楚雄彝族自治州,市经济开发区,,43,,49,30,42,74,,57,57,5,10,6,8,0.7,0.8
2024-02-11T1600,2548A,107.5277,31.2827,达州市,达州职业技术学院,细颗粒物(PM2.5),63,50,85,45,68,109,,68,68,7,17,9,8,0.5,0.9
2024-02-11T1600,2549A,107.5086,31.2186,达州市,市环境监测站,细颗粒物(PM2.5),58,63,93,41,74,90,,52,52,20,31,7,8,0.8,1.2
2024-02-11T1600,2550A,107.4988,31.2132,达州市,凤凰小区,细颗粒物(PM2.5),67,63,95,48,78,90,,56,56,20,32,7,7,0.7,1.2
2024-02-11T1600,2551A,107.5082,31.1986,达州市,达县机关宾馆,细颗粒物(PM2.5),64,68,92,46,71,89,,51,51,24,35,6,5,0.9,1.2
2024-02-11T1600,2552A,107.4644,31.2124,达州市,市政中心,细颗粒物(PM2.5),67,57,98,48,80,98,,56,56,16,40,7,8,0.8,1.4
2024-02-11T1600,2614A,100.1542,25.7054,大理白族自治州,大理市环境监测站,,39,38,54,27,40,73,,66,66,6,10,7,8,0.8,0.9
2024-02-11T1600,2615A,100.2171,25.5811,大理白族自治州,大理古城,细颗粒物(PM2.5),55,43,62,39,56,81,,65,65,18,16,8,8,1.0,0.9
2024-02-11T1600,1109A,121.612,38.9741,大连市,甘井子,,31,31,93,17,81,88,,77,77,10,20,5,13,0.5,0.8
2024-02-11T1600,1110A,121.565,38.9511,大连市,周水子,,31,31,101,16,87,93,,81,81,7,20,6,12,0.8,1.3
2024-02-11T1600,1111A,121.5637,38.8845,大连市,星海三站,,29,29,111,14,107,89,,83,83,8,20,6,15,0.8,1.1
2024-02-11T1600,1112A,121.6302,38.9117,大连市,青泥洼桥,,27,20,91,15,84,86,,77,77,12,21,12,18,0.5,0.9
2024-02-11T1600,1113A,121.6251,38.8638,大连市,傅家庄,,25,18,82,13,70,80,,84,80,8,12,18,19,0.6,0.9
2024-02-11T1600,1114A,121.5213,38.8661,大连市,七贤岭,,26,19,77,7,58,81,,77,77,5,13,9,11,0.6,0.9
2024-02-11T1600,1115A,121.2529,38.8061,大连市,旅顺,,39,35,77,27,67,75,,71,71,15,23,10,13,1.0,1.2
2024-02-11T1600,1116A,121.7485,39.1311,大连市,金州,,50,38,120,35,114,87,,77,77,15,23,9,13,1.1,1.5
2024-02-11T1600,1117A,121.7811,39.0496,大连市,开发区,,44,44,128,22,102,83,,73,73,14,22,8,11,0.8,1.4
2024-02-11T1600,1118A,121.9762,39.0631,大连市,双D港,,30,25,76,10,61,95,,87,87,7,16,6,12,0.6,1
2024-02-11T1600,1789A,124.81117,46.03138,大庆市,大同区,颗粒物(PM10),56,61,71,31,57,74,,69,69,14,14,11,11,0.7,0.7
2024-02-11T1600,1790A,125.129,46.533,大庆市,龙凤区,细颗粒物(PM2.5),60,57,96,43,76,85,,68,68,14,17,8,6,0.6,0.7
2024-02-11T1600,1791A,124.902,46.408,大庆市,红岗区,,39,39,56,24,43,78,,66,66,9,14,10,13,0.5,0.6
2024-02-11T1600,1792A,125.153,46.586,大庆市,萨尔图区,细颗粒物(PM2.5),77,66,99,56,86,79,,70,70,16,18,13,11,0.6,0.8
2024-02-11T1600,1793A,124.9042,46.6215,大庆市,让胡路区,,39,39,65,24,38,75,,63,63,6,21,7,9,0.4,0.8
2024-02-11T1600,3481A,125.141,46.634,大庆市,萨区政府监测点,细颗粒物(PM2.5),69,64,95,50,77,77,,72,72,21,19,18,14,0.7,0.8
2024-02-11T1600,1723A,113.2994,40.0758,大同市,云冈宾馆,,42,35,74,29,48,94,,76,76,10,19,15,14,0.4,0.9
2024-02-11T1600,1724A,113.3444,40.0917,大同市,大同大学,,38,38,73,16,46,95,,74,74,9,20,14,15,0.6,0.9
2024-02-11T1600,1725A,113.2661,40.1269,大同市,安家小村,,45,45,73,13,44,93,,75,75,8,11,19,19,0.5,1.3
2024-02-11T1600,1726A,113.2711,40.0844,大同市,教育学院,,46,46,82,21,48,90,,68,68,12,24,12,14,0.7,1.4
2024-02-11T1600,3282A,113.3397,40.0597,大同市,大同市卫生学校,,38,38,72,14,54,96,,80,80,4,17,10,12,0.3,0.8
2024-02-11T1600,3565A,113.1367,40.1122,大同市,云冈站,,35,29,50,15,29,110,,84,84,5,8,6,12,0.3,0.5
2024-02-11T1600,3566A,113.1186,40.2556,大同市,图书馆,,31,22,75,11,55,99,,66,66,7,15,11,26,0.1,0.5
2024-02-11T1600,3567A,113.5931,40.0461,大同市,区一中,,32,32,77,12,50,94,,80,80,5,13,17,24,0.4,0.9
2024-02-11T1600,3676A,113.2802,40.0995,大同市,第二人民医院,颗粒物(PM10),53,55,98,12,54,98,,74,74,8,19,12,14,0.4,1.3
2024-02-11T1600,2269A,124.1069,50.4097,大兴安岭地区,科技局,,25,16,28,13,25,79,,73,73,5,7,9,9,0.4,0.4
2024-02-11T1600,3663A,124.1164,50.4278,大兴安岭地区,红旗社区,颗粒物(PM10),53,56,42,10,34,74,,74,74,12,18,14,14,0.1,0.3
2024-02-11T1600,1600A,124.3303,40.0625,丹东市,江湾东路,细颗粒物(PM2.5),75,66,91,55,77,100,,76,76,9,18,18,20,0.8,1.4
2024-02-11T1600,1601A,124.4256,40.1503,丹东市,临江后街,细颗粒物(PM2.5),54,55,98,38,75,101,,77,77,10,23,13,15,0.9,1.5
2024-02-11T1600,1602A,124.3933,40.1461,丹东市,元宝山,细颗粒物(PM2.5),59,51,83,42,69,94,,72,72,10,18,12,16,0.8,1.2
2024-02-11T1600,1603A,124.3633,40.1092,丹东市,民主桥,细颗粒物(PM2.5),75,84,121,55,94,90,,67,67,15,32,25,18,1.3,1.5
2024-02-11T1600,3541A,109.5726,19.5167,儋州市,第一中学子站,,40,38,50,28,40,96,,84,84,4,5,6,6,0.7,0.7
2024-02-11T1600,3542A,109.5567,19.5187,儋州市,东坡学校子站,,42,37,48,29,40,98,,85,85,6,7,5,5,0.7,0.7
2024-02-11T1600,2616A,98.5842,24.428,德宏傣族景颇族自治州,德宏州监测站,,46,46,79,30,65,105,,53,53,11,27,15,20,0.6,0.8
2024-02-11T1600,3677A,98.5881,24.4368,德宏傣族景颇族自治州,芒市人民政府综合楼,"颗粒物(PM10),细颗粒物(PM2.5)",57,63,75,40,55,101,,57,57,13,17,20,13,0.6,0.7
2024-02-11T1600,1901A,104.4239,31.1208,德阳市,东山公园,细颗粒物(PM2.5),89,75,92,66,86,114,,74,74,11,13,2,4,0.8,0.8
2024-02-11T1600,1902A,104.3826,31.1317,德阳市,西小区,细颗粒物(PM2.5),92,73,123,68,118,110,,60,60,13,34,3,5,0.8,1
2024-02-11T1600,1904A,104.3553,31.1091,德阳市,耐火材料厂,细颗粒物(PM2.5),87,,119,64,113,117,,61,61,6,21,4,8,0.6,0.8
2024-02-11T1600,3639A,104.4019,31.1244,德阳市,市教育局,细颗粒物(PM2.5),90,70,102,67,97,114,,64,64,10,33,3,3,0.7,0.9
2024-02-11T1600,1622A,116.3032,37.4674,德州市,儿童乐园,细颗粒物(PM2.5),92,119,179,68,129,126,,95,95,6,13,14,25,0.9,1
2024-02-11T1600,1624A,116.2991,37.4451,德州市,监理站,细颗粒物(PM2.5),85,111,190,63,141,125,,94,94,8,18,15,28,0.8,1
2024-02-11T1600,3066A,116.2721,37.4379,德州市,九衢泉纯净水厂,细颗粒物(PM2.5),87,110,207,64,158,121,,88,88,14,21,13,30,0.8,1
2024-02-11T1600,3371A,116.3728,37.4403,德州市,开发区人民医院,细颗粒物(PM2.5),104,134,172,78,122,124,,93,93,7,14,14,22,0.7,0.8
2024-02-11T1600,3372A,116.3572,37.4094,德州市,太阳城中学,细颗粒物(PM2.5),107,123,203,80,162,124,,90,90,11,14,13,26,0.8,1.1
2024-02-11T1600,3511A,116.5652,37.3319,德州市,陵城艺术中心,细颗粒物(PM2.5),89,122,194,66,139,119,,88,88,12,21,12,25,0.7,1
2024-02-11T1600,2621A,99.7056,27.8317,迪庆藏族自治州,迪庆州站,,29,25,28,13,18,92,,76,76,6,7,8,8,0.3,0.4
2024-02-11T1600,3180A,99.7136,27.8094,迪庆藏族自治州,质量技术监督局,,28,22,26,8,22,88,,72,72,4,7,8,8,0.5,0.5
2024-02-11T1600,2663A,104.6241,35.5734,定西市,东关小学,,27,26,105,11,42,84,,59,59,6,14,10,20,0.5,0.9
2024-02-11T1600,2664A,104.6194,35.5934,定西市,供电公司,,,25,106,10,50,,,52,52,1,12,12,16,0.6,0.8
2024-02-11T1600,1389A,113.7547,23.0494,东莞市,莞城梨川,,34,30,47,21,59,107,,88,88,7,17,8,10,0.5,0.7
2024-02-11T1600,1390A,113.7944,23.0128,东莞市,东城石井,,33,21,51,15,42,103,,83,83,8,12,7,7,0.5,0.7
2024-02-11T1600,1391A,113.7383,22.9658,东莞市,南城西平,,31,21,60,13,45,98,,82,82,4,13,9,10,0.6,0.8
2024-02-11T1600,3319A,113.7338,23.0381,东莞市,万江金泰,,35,31,96,24,85,93,,78,78,1,13,8,10,0.6,0.9
2024-02-11T1600,3626A,113.7533,23.0202,东莞市,南城元岭,,30,25,62,19,50,96,,79,79,2,10,10,11,0.6,0.8
2024-02-11T1600,3627A,113.7875,23.0457,东莞市,东城主山,,34,27,65,20,58,107,,88,88,2,10,10,11,0.6,0.8
2024-02-11T1600,1666A,118.6614,37.4309,东营市,市环保局,细颗粒物(PM2.5),67,80,147,48,122,122,,103,103,12,25,13,31,0.6,1.2
2024-02-11T1600,3036A,118.6904,37.4338,东营市,开发区管委会,细颗粒物(PM2.5),77,89,152,56,128,115,,96,96,17,31,9,26,0.6,1.2
2024-02-11T1600,3365A,118.5719,37.565,东营市,垦利区民丰路,颗粒物(PM10),70,90,151,48,120,117,,101,101,17,25,17,21,0.6,1.4
2024-02-11T1600,3498A,118.5055,37.8612,东营市,河口城区,,,,169,46,125,125,,97,97,11,20,10,10,0.8,1.5
2024-02-11T1600,3646A,118.4978,37.4623,东营市,胜利站,颗粒物(PM10),74,98,162,48,118,110,,92,92,20,28,16,26,0.5,1.3
2024-02-11T1600,3734A,118.35,37.26,东营市,理想之城,细颗粒物(PM2.5),70,88,156,51,123,116,,96,96,21,30,12,17,0.6,1.3
2024-02-11T1600,1591A,110.0023,39.8129,鄂尔多斯市,综合楼,,36,36,57,9,23,95,,88,88,10,14,4,7,0.4,0.5
2024-02-11T1600,1592A,109.9486,39.8261,鄂尔多斯市,巴音孟克林场办事处,,29,29,50,9,22,91,,83,83,7,13,8,13,0.4,0.5
2024-02-11T1600,1593A,109.7736,39.5986,鄂尔多斯市,康泽苑,,31,31,42,9,17,95,,73,73,11,11,6,6,0.4,0.5
2024-02-11T1600,1594A,109.8119,39.5989,鄂尔多斯市,华泰汽车城,,39,39,47,12,23,96,,74,74,13,15,10,6,0.4,0.5
2024-02-11T1600,1595A,109.9734,39.7884,鄂尔多斯市,奥林花园,,31,31,47,12,17,94,,82,82,10,19,7,7,0.5,0.6
2024-02-11T1600,2436A,114.8938,30.3994,鄂州市,市政府,颗粒物(PM10),78,106,142,40,119,107,,69,69,10,37,10,10,0.8,1.2
2024-02-11T1600,2437A,114.8989,30.3714,鄂州市,赵家坝,颗粒物(PM10),74,98,113,37,106,113,,76,76,12,28,9,8,0.5,1
2024-02-11T1600,3654A,114.8094,30.4089,鄂州市,精准医疗中心,颗粒物(PM10),84,118,159,35,109,117,,79,79,2,21,5,12,0.8,1.3
2024-02-11T1600,2454A,109.4978,30.2981,恩施土家族苗族自治州,湖北民院,颗粒物(PM10),55,59,93,34,69,91,,51,51,5,14,7,7,1.0,1.2
2024-02-11T1600,2455A,109.4707,30.2798,恩施土家族苗族自治州,州电力总公司,细颗粒物(PM2.5),70,58,95,51,80,78,,43,43,10,15,6,6,0.9,1.2
2024-02-11T1600,3549A,109.5061,30.3772,恩施土家族苗族自治州,龙凤新区,细颗粒物(PM2.5),74,,66,54,67,80,,40,40,14,14,6,6,1.0,1.1
2024-02-11T1600,2499A,108.3411,21.6158,防城港市,沙万,,43,43,54,27,47,101,,77,77,7,10,8,6,0.3,0.4
2024-02-11T1600,2500A,108.3514,21.7731,防城港市,防城档案局,,43,43,56,30,49,98,,79,79,7,11,7,7,0.4,0.6
2024-02-11T1600,2501A,108.3506,21.6414,防城港市,大海花园,,50,50,51,31,42,97,,76,76,8,7,10,6,0.8,0.6
2024-02-11T1600,1371A,113.1294,23.0067,佛山市,湾梁,细颗粒物(PM2.5),54,,66,38,58,116,,87,87,6,15,9,10,0.6,0.7
2024-02-11T1600,1372A,113.1083,23.0478,佛山市,华材职中,,49,,62,34,49,112,,78,78,9,25,8,8,0.6,0.8
2024-02-11T1600,1373A,113.144,23.0453,佛山市,南海气象局,,,,67,,54,117,,86,86,6,18,6,8,,0.8
2024-02-11T1600,1374A,113.2881,22.8094,佛山市,顺德苏岗,,35,17,81,14,62,109,,82,82,4,14,10,15,0.3,0.6
2024-02-11T1600,1376A,112.8383,22.8678,佛山市,高明孔堂,,39,37,58,27,46,112,,82,82,3,7,6,6,0.3,0.5
2024-02-11T1600,1377A,112.8836,23.1588,佛山市,三水监测站,,39,27,44,27,38,106,,80,80,6,25,6,6,0.5,0.7
2024-02-11T1600,1378A,112.867,23.185,佛山市,三水云东海,,35,28,39,24,35,109,,82,82,7,12,18,14,0.5,0.6
2024-02-11T1600,3625A,113.2544,22.7642,佛山市,容桂街道办,,33,24,83,17,68,105,,80,80,1,13,7,11,0.3,0.7
2024-02-11T1600,1282A,119.2681,26.0504,福州市,师大,,35,26,57,24,55,109,,75,75,4,6,7,7,0.5,0.5
2024-02-11T1600,1283A,119.2984,26.1028,福州市,五四北路,,35,,63,24,65,107,,76,76,4,9,4,4,0.5,0.6
2024-02-11T1600,1284A,119.2648,26.0768,福州市,杨桥西路,,42,34,52,29,49,113,,75,75,7,8,5,4,0.5,0.6
2024-02-11T1600,1285A,119.317,26.0746,福州市,紫阳,,32,23,62,19,58,102,,70,70,3,10,7,7,0.6,0.7
2024-02-11T1600,3048A,119.5799,26.0936,福州市,九龙,,43,43,38,29,34,104,,83,83,9,10,5,3,0.8,0.7
2024-02-11T1600,3526A,119.5189,25.9664,福州市,吴航,,33,28,44,22,37,104,,75,75,5,11,5,5,0.4,0.5
2024-02-11T1600,1755A,123.7977,41.8491,抚顺市,望花区,,31,31,117,18,98,89,,73,73,10,32,12,16,0.5,1.2
2024-02-11T1600,1756A,123.9161,41.8822,抚顺市,顺城区,,38,38,148,19,117,102,,77,77,5,35,6,10,0.4,1.2
2024-02-11T1600,1757A,124.0436,41.8611,抚顺市,东洲区,,48,48,144,20,116,93,,74,74,5,17,10,11,0.4,1.1
2024-02-11T1600,1758A,123.9247,41.8642,抚顺市,新抚区,,38,38,148,17,115,104,,79,79,8,34,7,8,0.4,1.3
2024-02-11T1600,1759A,124.0972,41.8961,抚顺市,大伙房水库,,37,37,133,21,104,98,,81,81,4,15,9,11,0.4,1
2024-02-11T1600,1760A,123.7086,41.8391,抚顺市,沈抚新城,,39,39,111,13,77,101,,80,80,5,26,6,9,0.3,1.1
2024-02-11T1600,2376A,116.2127,28.0814,抚州市,桐源党溪,细颗粒物(PM2.5),69,69,94,50,78,96,,60,60,6,7,23,9,0.1,0.5
2024-02-11T1600,2377A,116.3544,27.9831,抚州市,市站,细颗粒物(PM2.5),58,56,161,41,132,106,,73,73,8,27,11,12,0.3,0.7
2024-02-11T1600,2378A,116.3565,27.963,抚州市,血防站,,49,49,112,33,88,103,,70,70,4,16,2,5,0.7,1.1
2024-02-11T1600,2379A,116.3564,28.0007,抚州市,采茶剧团,"颗粒物(PM10),细颗粒物(PM2.5)",54,58,134,38,114,100,,65,65,6,18,6,6,0.9,1.2
2024-02-11T1600,2380A,116.385,27.9647,抚州市,医学分院,颗粒物(PM10),55,59,95,35,67,104,,70,70,5,11,6,7,0.8,0.9
2024-02-11T1600,2207A,121.6094,41.998,阜新市,工业园区,,27,,89,18,70,85,,80,80,6,15,3,13,0.5,0.9
2024-02-11T1600,2208A,121.6697,42.0279,阜新市,长青街,,28,11,71,5,73,87,,81,81,5,14,4,14,0.5,0.7
2024-02-11T1600,2209A,121.6673,42.0705,阜新市,农业园区,,27,16,70,5,51,86,,82,82,7,14,8,21,0.2,0.6
2024-02-11T1600,2210A,121.6717,42.0224,阜新市,东苑,,30,30,80,2,59,91,,87,87,8,17,2,18,1.1,1.3
2024-02-11T1600,2211A,121.6506,42.0498,阜新市,玉龙新城,,28,18,73,5,66,89,,84,84,3,13,4,11,0.3,0.7
2024-02-11T1600,2301A,115.8277,32.8929,阜阳市,市监测站,颗粒物(PM10),80,109,178,41,152,101,,85,85,8,18,8,9,0.4,0.8
2024-02-11T1600,2303A,115.8554,32.8605,阜阳市,开发区,颗粒物(PM10),94,137,204,37,131,104,,88,88,8,16,6,7,0.5,0.7
2024-02-11T1600,2875A,115.784,32.8892,阜阳市,阜阳职业技术学院,颗粒物(PM10),82,114,187,39,146,108,,91,91,7,16,6,8,0.6,0.9
2024-02-11T1600,3468A,115.7901,32.8613,阜阳市,市规划展馆,颗粒物(PM10),87,124,207,42,152,106,,91,91,8,15,6,11,0.5,0.9
2024-02-11T1600,3469A,115.836,32.9183,阜阳市,枣园社区,颗粒物(PM10),84,118,209,39,153,106,,89,89,8,18,6,9,0.4,0.8
2024-02-11T1600,2669A,102.9099,34.9841,甘南藏族自治州,州政府,,28,7,36,6,21,88,,58,58,1,14,7,16,0.4,0.8
2024-02-11T1600,3380A,102.8914,34.9617,甘南藏族自治州,甘肃民族师范学院,,26,,25,4,14,83,,55,55,2,9,11,23,0.5,0.7
2024-02-11T1600,2570A,101.9603,30.0475,甘孜藏族自治州,水桥子,,26,9,10,6,6,83,,68,68,1,6,10,10,0.2,0.2
2024-02-11T1600,3065A,101.9533,29.9972,甘孜藏族自治州,州环保局,,27,7,10,5,5,85,,75,75,1,2,7,8,0.2,0.2
2024-02-11T1600,3414A,115.8347,28.932,赣江新区,桑海产业园,细颗粒物(PM2.5),77,73,96,56,80,116,,77,77,11,16,6,5,0.9,1
2024-02-11T1600,2363A,114.9367,25.8664,赣州市,地委,细颗粒物(PM2.5),64,,67,46,54,97,,69,69,3,15,11,14,0.9,0.9
2024-02-11T1600,2364A,114.9461,25.8481,赣州市,气象台,,49,39,69,34,58,101,,69,69,3,18,7,11,0.6,0.7
2024-02-11T1600,2365A,114.9322,25.8333,赣州市,市图书馆,,49,45,85,34,60,89,,60,60,4,22,15,21,0.6,0.8
2024-02-11T1600,2366A,114.8905,25.8471,赣州市,华坚鞋城,,,,75,,55,,,52,52,5,18,10,6,,0.7
2024-02-11T1600,3109A,115.0093,25.8613,赣州市,赣县区卫计委,,49,44,70,34,59,97,,63,63,7,12,7,6,0.6,0.9
2024-02-11T1600,2683A,106.2319,36.1417,固原市,马园,,35,35,63,16,26,94,,76,76,6,14,5,7,0.5,0.7
2024-02-11T1600,2684A,106.2792,36.0022,固原市,监测站,,29,20,62,19,33,91,,80,80,11,15,5,8,0.5,0.7
2024-02-11T1600,2685A,106.2375,36.0211,固原市,新区,,27,27,53,15,28,86,,78,78,10,20,6,6,0.3,0.5
2024-02-11T1600,3522A,106.2177,35.9959,固原市,原州区十五小,,28,26,51,13,21,87,,82,82,4,8,6,7,0.2,0.4
2024-02-11T1600,2544A,106.6303,30.4576,广安市,市委,细颗粒物(PM2.5),78,58,124,57,109,107,,66,66,6,26,7,6,0.6,1.1
2024-02-11T1600,2545A,106.6271,30.4663,广安市,友谊中学,细颗粒物(PM2.5),75,60,96,55,97,112,,66,66,8,25,5,5,0.5,0.9
2024-02-11T1600,2547A,106.6388,30.4551,广安市,广电花园,细颗粒物(PM2.5),77,56,107,56,105,111,,64,64,7,26,5,4,0.8,1.2
2024-02-11T1600,2902A,106.6351,30.4865,广安市,北辰小学,细颗粒物(PM2.5),77,57,103,56,94,108,,62,62,12,19,5,5,0.8,1
2024-02-11T1600,2523A,105.8945,32.4535,广元市,黑石坡,细颗粒物(PM2.5),84,62,79,62,71,98,,65,63,11,13,5,7,0.7,0.8
2024-02-11T1600,2524A,105.821,32.4444,广元市,老城,细颗粒物(PM2.5),68,69,96,49,67,96,,48,48,9,17,2,4,1.1,1.2
2024-02-11T1600,2526A,105.8628,32.4287,广元市,监测站,细颗粒物(PM2.5),60,64,87,43,73,92,,47,47,9,15,4,6,1.0,1.1
2024-02-11T1600,3617A,105.8047,32.4166,广元市,经开区,细颗粒物(PM2.5),85,88,106,63,85,93,,47,47,14,22,9,13,1.0,1.2
2024-02-11T1600,1345A,113.2347,23.1423,广州市,广雅中学,,42,35,68,29,53,106,,79,79,10,30,6,6,0.6,0.8
2024-02-11T1600,1346A,113.2612,23.105,广州市,市五中,,42,37,61,29,54,114,,82,82,12,30,6,6,0.5,0.8
2024-02-11T1600,1348A,113.3478,23.0916,广州市,广东商学院,,33,22,52,15,40,104,,82,82,1,17,5,6,0.3,0.7
2024-02-11T1600,1349A,113.4332,23.1047,广州市,市八十六中,,33,22,66,16,54,105,,91,91,2,14,5,8,0.2,0.5
2024-02-11T1600,1350A,113.3505,22.9483,广州市,番禺中学,,36,30,84,25,72,112,,85,85,9,27,4,5,0.5,0.8
2024-02-11T1600,1351A,113.2146,23.3916,广州市,花都师范,,42,35,77,29,62,114,,82,82,8,20,6,11,0.7,0.9
2024-02-11T1600,1352A,113.2597,23.1331,广州市,市监测站,,43,39,64,30,53,119,,84,84,10,30,6,6,0.5,0.8
2024-02-11T1600,1354A,113.2765,23.1544,广州市,麓湖,,36,31,49,25,43,113,,82,82,8,16,6,6,0.4,0.6
2024-02-11T1600,1355A,113.443,23.3035,广州市,帽峰山森林公园,,36,26,34,25,31,107,,91,91,3,4,7,8,0.3,0.4
2024-02-11T1600,2846A,113.3221,23.1322,广州市,体育西,,33,19,48,14,37,103,,82,82,3,18,8,8,0.5,0.8
2024-02-11T1600,3298A,113.5717,23.5491,广州市,从化街口,,46,38,90,32,77,99,,71,71,4,13,6,11,0.3,0.6
2024-02-11T1600,3299A,113.3472,23.3692,广州市,白云竹料,,37,37,99,24,70,101,,83,83,3,12,6,9,0.4,0.7
2024-02-11T1600,3300A,113.2981,23.237,广州市,白云嘉禾,,38,30,52,26,40,102,,83,83,9,20,7,8,0.3,0.6
2024-02-11T1600,3301A,113.4256,23.1716,广州市,黄埔科学城,,32,21,50,18,49,100,,84,84,2,5,5,6,0.5,0.7
2024-02-11T1600,3302A,113.3942,23.0483,广州市,番禺大学城,,,32,54,18,46,107,,89,89,,14,,8,0.4,0.5
2024-02-11T1600,3303A,113.4922,22.8168,广州市,南沙黄阁,,48,44,97,33,80,108,,84,84,5,18,6,8,0.5,0.9
2024-02-11T1600,3304A,113.5342,22.7896,广州市,南沙街,,36,36,70,25,55,110,,87,87,9,18,4,5,0.6,0.8
2024-02-11T1600,3443A,113.2902,23.5544,广州市,花都梯面,,32,23,41,14,34,102,,85,85,5,10,5,7,0.2,0.4
2024-02-11T1600,3445A,113.7858,23.7478,广州市,从化良口,,31,18,29,14,23,98,,74,74,3,4,6,7,0.2,0.4
2024-02-11T1600,3446A,113.8051,23.2614,广州市,增城荔城,,32,31,59,22,49,102,,77,77,2,8,8,8,0.5,0.6
2024-02-11T1600,2505A,109.568,23.1478,贵港市,德智高中,细颗粒物(PM2.5),63,,49,45,46,104,,90,90,6,8,6,12,0.6,0.8
2024-02-11T1600,2506A,109.6047,23.0666,贵港市,江南子站,细颗粒物(PM2.5),78,,139,57,122,111,,73,73,8,18,18,9,0.9,1.2
2024-02-11T1600,2507A,109.6014,23.0948,贵港市,贵城子站,细颗粒物(PM2.5),53,38,112,37,111,101,,68,68,6,22,10,9,0.7,1.2
2024-02-11T1600,2508A,109.5669,23.1065,贵港市,荷城子站,,41,41,72,24,59,97,,69,69,4,15,10,9,0.7,1.1
2024-02-11T1600,3405A,109.5886,23.1172,贵港市,新世纪学校,,48,48,64,29,51,100,,78,78,3,10,5,5,0.8,1
2024-02-11T1600,1439A,106.6899,26.5998,贵阳市,马鞍山,,30,22,35,9,27,96,,63,63,7,16,14,13,0.3,0.5
2024-02-11T1600,1440A,106.6971,26.5694,贵阳市,市环保站,,31,27,116,21,108,97,,54,54,7,37,7,32,0.3,1.1
2024-02-11T1600,1441A,106.6243,26.6266,贵阳市,鉴湖路,,34,34,64,14,43,101,,72,72,4,23,3,13,0.4,0.6
2024-02-11T1600,1442A,106.7487,26.6343,贵阳市,燕子冲,,32,31,40,12,30,100,,64,64,5,12,6,14,0.4,0.5
2024-02-11T1600,1443A,106.6555,26.4365,贵阳市,碧云窝,,31,29,62,12,41,97,,67,67,4,10,6,24,0.3,0.6
2024-02-11T1600,1444A,106.694,26.5161,贵阳市,中院村,,32,29,69,12,56,100,,71,71,5,9,9,26,0,0.7
2024-02-11T1600,1445A,106.7109,26.6027,贵阳市,红边门,,30,29,88,19,73,94,,55,55,5,33,5,52,0.4,1
2024-02-11T1600,1446A,106.7164,26.5699,贵阳市,新华路,,31,19,103,19,81,99,,64,64,6,32,6,28,0.4,0.8
2024-02-11T1600,1447A,106.674,26.5424,贵阳市,太慈桥,,31,29,50,9,33,97,,66,66,3,15,6,13,0.3,0.5
2024-02-11T1600,1862A,110.4144,25.3167,桂林市,电子科大尧山校区,细颗粒物(PM2.5),57,48,47,40,38,104,,73,73,6,4,6,4,0.3,0.3
2024-02-11T1600,1863A,110.2819,25.2697,桂林市,监测站,,,,100,62,113,,,41,,7,28,8,9,0.5,1
2024-02-11T1600,1864A,110.3089,25.2708,桂林市,龙隐路小学,细颗粒物(PM2.5),68,52,67,49,68,107,,73,73,6,15,6,8,0.6,0.8
2024-02-11T1600,1865A,110.2869,25.2178,桂林市,八中,细颗粒物(PM2.5),55,48,81,39,75,97,,66,66,5,12,6,8,0.4,0.6
2024-02-11T1600,3403A,110.1764,25.2381,桂林市,创业大厦,细颗粒物(PM2.5),55,46,87,39,76,104,,64,64,4,11,7,9,0.5,0.7
2024-02-11T1600,3531A,110.296,25.1253,桂林市,旅游学院,,,27,59,24,56,,,61,61,4,9,6,6,0.6,0.7
2024-02-11T1600,2674A,100.2561,34.4714,果洛藏族自治州,玛沁县大武镇,,27,,20,16,14,85,,66,66,9,11,9,13,0.3,0.5
2024-02-11T1600,1129A,126.5422,45.755,哈尔滨市,岭北,细颗粒物(PM2.5),149,151,194,114,181,152,,179,169,,36,,23,1.8,0.5
2024-02-11T1600,1130A,126.561,45.8167,哈尔滨市,松北商大,细颗粒物(PM2.5),122,111,200,92,172,124,,96,96,13,23,13,13,0.8,1.2
2024-02-11T1600,1131A,126.979,45.5419,哈尔滨市,阿城会宁,细颗粒物(PM2.5),129,132,183,98,171,126,,104,104,10,13,12,18,0.7,0.9
2024-02-11T1600,1132A,126.599,45.7222,哈尔滨市,南岗学府路,细颗粒物(PM2.5),139,153,241,106,167,122,,92,92,19,28,15,15,0.9,1.2
2024-02-11T1600,1133A,126.689,45.7733,哈尔滨市,太平宏伟公园,细颗粒物(PM2.5),132,126,201,100,159,126,,97,97,16,26,8,8,0.8,1
2024-02-11T1600,1134A,126.635,45.7667,哈尔滨市,道外承德广场,细颗粒物(PM2.5),148,149,226,113,168,111,,84,84,31,34,19,16,1.0,0.7
2024-02-11T1600,1135A,126.685,45.7319,哈尔滨市,香坊红旗大街,细颗粒物(PM2.5),162,138,216,123,125,108,,83,83,26,34,6,9,1.0,1.3
2024-02-11T1600,1136A,126.6411,45.7258,哈尔滨市,动力和平路,细颗粒物(PM2.5),145,122,201,111,187,127,,94,94,16,30,17,25,0.9,1.2
2024-02-11T1600,1137A,126.593,45.7478,哈尔滨市,道里建国路,细颗粒物(PM2.5),156,137,200,119,198,114,,83,83,22,30,16,22,1.0,1
2024-02-11T1600,1138A,126.615,45.61,哈尔滨市,平房东轻厂,细颗粒物(PM2.5),133,121,198,101,176,127,,106,106,12,17,12,12,0.7,1
2024-02-11T1600,1139A,126.595,45.9855,哈尔滨市,呼兰师专,细颗粒物(PM2.5),109,112,172,82,186,102,,79,79,23,33,28,23,0.9,1.1
2024-02-11T1600,1140A,126.6206,45.6842,哈尔滨市,省农科院,细颗粒物(PM2.5),149,140,223,114,182,136,,105,105,10,26,11,13,0.9,1.2
2024-02-11T1600,2688A,93.5128,42.8172,哈密市,地区监测站,颗粒物(PM10),133,215,128,36,44,74,,60,60,5,24,5,5,0.1,0.5
2024-02-11T1600,2689A,93.4961,42.8328,哈密市,哈密师范学校,颗粒物(PM10),142,233,152,42,58,75,,61,61,5,27,8,11,0.2,0.6
2024-02-11T1600,2671A,100.9048,36.9639,海北藏族自治州,海晏县西海镇,,25,10,16,7,9,79,,64,64,3,3,12,12,0.3,0.3
2024-02-11T1600,3867A,102.0738,36.5056,海东市,平安区公安北苑,,26,10,26,4,18,81,,49,49,1,10,19,20,0.2,0.5
2024-02-11T1600,1410A,110.3232,20.0574,海口市,海南大学,,43,43,45,26,38,121,,96,96,4,6,10,11,0.5,0.6
2024-02-11T1600,1411A,110.283,20.0053,海口市,秀英海南医院,,46,46,47,29,41,119,,97,97,2,7,9,9,0.5,0.6
2024-02-11T1600,1412A,110.338,19.9969,海口市,海南师范大学,,43,43,46,28,38,120,,96,96,4,7,9,9,0.5,0.6
2024-02-11T1600,1413A,110.33,20.0356,海口市,龙华路环保局宿舍,,46,46,48,27,37,115,,91,91,4,8,9,9,0.4,0.6
2024-02-11T1600,3539A,110.5111,19.9736,海口市,桂林洋子站,,37,32,38,25,29,118,,103,103,4,4,7,7,0.4,0.5
2024-02-11T1600,2673A,100.6188,36.2866,海南藏族自治州,共和县恰卜恰镇,,,,28,,12,80,,55,55,10,13,8,10,,0.5
2024-02-11T1600,2676A,97.3731,37.3753,海西蒙古族藏族自治州,德令哈市,颗粒物(PM10),61,72,20,4,7,105,,93,93,4,4,12,13,0.2,0.4
2024-02-11T1600,1048A,114.5302,36.6116,邯郸市,东污水处理厂,颗粒物(PM10),58,65,204,34,161,104,,81,81,1,18,4,11,0.5,1
2024-02-11T1600,1049A,114.4918,36.5713,邯郸市,矿院,颗粒物(PM10),54,58,209,34,149,90,,67,67,7,22,4,7,0.4,1.1
2024-02-11T1600,1050A,114.484,36.6133,邯郸市,丛台公园,颗粒物(PM10),52,53,179,34,138,105,,82,82,2,15,2,8,0.3,1
2024-02-11T1600,3458A,114.7895,36.5593,邯郸市,香泉濮院小区,颗粒物(PM10),60,70,204,31,154,106,,87,87,3,11,7,14,0.3,1
2024-02-11T1600,3579A,114.50634,36.77178,邯郸市,永年区实验高中,,42,42,177,20,131,108,,81,81,2,29,6,22,0.2,0.6
2024-02-11T1600,3580A,114.20016,36.44293,邯郸市,峰峰矿区临水派出所,颗粒物(PM10),57,64,112,35,86,108,,96,96,8,5,10,13,0.3,0.4
2024-02-11T1600,2634A,106.9893,33.1842,汉中市,汉川机床厂子校,细颗粒物(PM2.5),79,71,68,58,58,103,,72,72,7,7,6,7,0.7,0.7
2024-02-11T1600,2635A,107.0154,33.0706,汉中市,市监测站,细颗粒物(PM2.5),78,73,101,57,93,105,,68,68,14,25,9,10,1.0,1.6
2024-02-11T1600,2636A,107.0089,33.1138,汉中市,鑫源开发区,细颗粒物(PM2.5),79,66,95,58,93,94,,63,63,12,20,9,13,0.8,1.3
2024-02-11T1600,2637A,107.007,33.0323,汉中市,南郑大河坎水厂,细颗粒物(PM2.5),69,57,88,50,73,105,,66,66,9,17,10,11,0.8,1.2
2024-02-11T1600,1223A,120.2072,30.2111,杭州市,滨江,"颗粒物(PM10),细颗粒物(PM2.5)",57,63,96,40,77,106,,81,81,7,16,9,9,0.7,0.9
2024-02-11T1600,1224A,120.0633,30.2747,杭州市,西溪,细颗粒物(PM2.5),59,65,75,42,61,108,,89,89,8,10,8,8,0.5,0.7
2024-02-11T1600,1226A,120.3461,30.3153,杭州市,下沙,细颗粒物(PM2.5),64,72,100,46,76,117,,97,97,6,16,8,8,0.6,0.7
2024-02-11T1600,1227A,120.1269,30.2456,杭州市,卧龙桥,细颗粒物(PM2.5),63,65,76,45,63,109,,88,88,8,15,6,5,0.4,0.6
2024-02-11T1600,1228A,120.1903,30.2692,杭州市,浙江农大,细颗粒物(PM2.5),60,61,111,43,94,110,,88,88,6,24,8,8,0.6,0.8
2024-02-11T1600,1230A,120.1197,30.3119,杭州市,和睦小学,细颗粒物(PM2.5),60,62,112,43,92,96,,81,81,7,22,7,8,0.5,0.7
2024-02-11T1600,1231A,120.3019,30.4183,杭州市,临平镇,细颗粒物(PM2.5),59,61,76,42,72,110,,96,96,4,11,7,7,0.5,0.6
2024-02-11T1600,1232A,120.2697,30.1819,杭州市,城厢镇,细颗粒物(PM2.5),69,68,94,50,81,109,,87,87,8,12,8,8,0.6,0.7
2024-02-11T1600,1233A,120.0883,30.1808,杭州市,云栖,,50,50,70,32,56,102,,80,80,8,14,9,8,0.6,0.7
2024-02-11T1600,3557A,119.9464,30.0494,杭州市,镇二中,颗粒物(PM10),57,63,96,37,80,102,,78,78,5,18,8,7,0.5,0.8
2024-02-11T1600,3558A,119.7183,30.2367,杭州市,市府大楼,颗粒物(PM10),51,52,72,30,59,103,,87,87,6,11,6,6,0.4,0.7
2024-02-11T1600,3656A,120.1556,30.2864,杭州市,消防大队,细颗粒物(PM2.5),62,62,105,44,89,106,,89,89,7,21,9,10,0.7,0.9
2024-02-11T1600,1270A,117.1959,31.7848,合肥市,明珠广场,颗粒物(PM10),63,75,114,19,83,104,,84,84,8,16,6,9,0.5,0.8
2024-02-11T1600,1271A,117.3072,31.8764,合肥市,三里街,颗粒物(PM10),57,63,147,17,113,97,,76,76,10,30,6,7,0.3,0.8
2024-02-11T1600,1272A,117.2588,31.8707,合肥市,琥珀山庄,颗粒物(PM10),59,68,146,17,112,102,,83,83,2,23,5,7,0.5,1.1
2024-02-11T1600,1273A,117.1604,31.9052,合肥市,董铺水库,颗粒物(PM10),65,80,118,22,83,92,,78,78,2,5,3,4,0.3,0.6
2024-02-11T1600,1274A,117.25,31.8571,合肥市,长江中路,颗粒物(PM10),59,68,124,19,100,98,,82,82,7,20,6,8,0.5,1
2024-02-11T1600,1275A,117.266,31.9436,合肥市,庐阳区,颗粒物(PM10),58,66,114,12,74,82,,74,74,10,13,5,6,0.5,0.8
2024-02-11T1600,1276A,117.336,31.8586,合肥市,瑶海区,颗粒物(PM10),57,63,142,21,112,90,,70,70,8,25,5,7,0.4,0.8
2024-02-11T1600,1277A,117.3027,31.7964,合肥市,包河区,颗粒物(PM10),57,63,116,19,96,97,,82,82,7,22,5,6,0.3,0.7
2024-02-11T1600,1278A,117.2776,31.7385,合肥市,滨湖新区,颗粒物(PM10),63,75,117,24,83,96,,78,78,4,14,5,6,0.5,0.9
2024-02-11T1600,1279A,117.1318,31.8403,合肥市,高新区,颗粒物(PM10),62,73,101,19,75,93,,83,83,8,13,4,6,0.5,0.8
2024-02-11T1600,3464A,117.3803,31.9147,合肥市,高教基地,颗粒物(PM10),58,66,119,31,95,105,,84,84,3,17,5,5,0.3,0.7
2024-02-11T1600,3614A,79.924,37.0877,和田地区,地区环保局,颗粒物(PM10),91,132,93,37,34,113,,77,77,10,28,7,12,0.5,0.8
2024-02-11T1600,3615A,79.9131,37.113,和田地区,市环保局,颗粒物(PM10),86,122,81,45,35,114,,73,73,6,37,6,10,0.4,1.5
2024-02-11T1600,2516A,108.2011,24.715,河池市,东仁乐园,,39,33,41,27,33,67,,42,42,4,5,4,3,0.5,0.6
2024-02-11T1600,2517A,108.0497,24.6947,河池市,市环保站,,46,46,39,22,32,100,,63,63,7,9,8,8,0.4,0.6
2024-02-11T1600,2518A,108.0983,24.6989,河池市,市疾控中心,,32,26,51,18,45,102,,63,63,7,13,8,8,0.4,0.6
2024-02-11T1600,1696A,114.6778,23.7569,河源市,源西,,37,37,52,20,35,95,,75,75,3,8,5,6,0.6,0.7
2024-02-11T1600,1697A,114.6944,23.7586,河源市,东埔,,32,30,64,22,51,98,,78,78,2,9,8,8,0.5,0.6
2024-02-11T1600,1698A,114.6892,23.7233,河源市,老城,,31,31,82,21,63,95,,74,74,3,10,6,7,0.5,0.7
2024-02-11T1600,1718A,115.4208,35.2464,菏泽市,气象局,颗粒物(PM10),91,131,311,31,245,117,,92,92,5,18,3,6,0.4,1.3
2024-02-11T1600,1719A,115.4747,35.2375,菏泽市,市政协,颗粒物(PM10),89,127,312,28,247,110,,86,86,2,14,4,7,0.3,1.2
2024-02-11T1600,3374A,115.5564,35.0891,菏泽市,定陶老年大学,颗粒物(PM10),89,127,300,27,245,113,,88,88,8,19,6,7,0.2,1.1
2024-02-11T1600,3647A,115.4702,35.2706,菏泽市,菏泽医专,颗粒物(PM10),86,122,285,22,218,111,,90,90,10,21,5,10,0.4,1.2
2024-02-11T1600,2514A,111.5264,24.4172,贺州市,环保小区,细颗粒物(PM2.5),53,41,97,37,92,93,,61,61,5,9,9,10,0.4,0.6
2024-02-11T1600,2515A,111.5608,24.4078,贺州市,政协大楼,,47,47,90,29,76,93,,59,59,7,14,9,10,0.5,0.7
2024-02-11T1600,3534A,111.4744,24.4553,贺州市,西湾,细颗粒物(PM2.5),55,48,83,39,72,97,,62,62,6,8,9,9,0.4,0.7
2024-02-11T1600,2385A,114.17,35.9019,鹤壁市,市监测站,颗粒物(PM10),67,84,186,35,142,102,,80,80,12,17,6,4,0.6,0.9
2024-02-11T1600,2386A,114.2956,35.7511,鹤壁市,市交警支队,颗粒物(PM10),63,76,250,28,202,111,,72,72,5,16,10,10,0.4,1
2024-02-11T1600,2387A,114.2878,35.7306,鹤壁市,迎宾馆,颗粒物(PM10),57,64,218,33,193,112,,73,73,16,20,9,10,0.4,1.1
2024-02-11T1600,3474A,114.2617,35.6822,鹤壁市,大新区,颗粒物(PM10),82,114,235,25,201,109,,74,74,8,20,9,10,0.5,1.1
2024-02-11T1600,3596A,114.1572,35.9603,鹤壁市,南山宾馆,颗粒物(PM10),62,74,171,30,131,101,,90,90,18,16,11,8,0.5,0.9
2024-02-11T1600,2244A,130.2537,47.3416,鹤岗市,哈啤分公司,细颗粒物(PM2.5),74,82,48,54,37,91,,76,71,24,17,19,20,1.0,0.9
2024-02-11T1600,2245A,130.2684,47.3086,鹤岗市,斯达机电,细颗粒物(PM2.5),77,78,62,56,41,88,,82,78,16,17,13,15,0.5,0.6
2024-02-11T1600,2246A,130.3114,47.3388,鹤岗市,东山纸板厂,细颗粒物(PM2.5),93,,49,69,47,100,,86,86,14,19,15,18,0.4,0.6
2024-02-11T1600,2247A,130.1097,47.3382,鹤岗市,五号水库,细颗粒物(PM2.5),80,64,32,59,25,104,,99,99,9,7,12,11,0.7,0.6
2024-02-11T1600,2263A,127.4833,50.2524,黑河市,交通局,,28,25,68,19,48,81,,63,63,6,17,8,11,0.4,0.7
2024-02-11T1600,2264A,127.5144,50.2341,黑河市,环保局,,35,35,86,18,67,81,,62,62,8,22,14,13,0.3,0.7
2024-02-11T1600,2265A,127.5291,50.2472,黑河市,大黑河岛,,,45,77,36,65,80,,87,86,81,138,14,16,,
2024-02-11T1600,1074A,115.6838,37.7541,衡水市,电机北厂,颗粒物(PM10),59,67,128,39,91,117,,90,90,2,7,8,9,0.6,0.7
2024-02-11T1600,1075A,115.6303,37.7316,衡水市,市监测站,颗粒物(PM10),64,78,119,36,90,112,,84,84,8,14,11,11,0.6,0.7
2024-02-11T1600,3188A,115.6683,37.7217,衡水市,市城管局,颗粒物(PM10),62,73,123,40,96,111,,83,83,8,12,11,12,0.6,0.8
2024-02-11T1600,3459A,115.5989,37.5491,衡水市,地表水厂,颗粒物(PM10),62,74,131,34,104,119,,88,88,2,15,5,11,0.5,0.8
2024-02-11T1600,2456A,112.5003,26.9167,衡阳市,原169医院,细颗粒物(PM2.5),79,67,102,58,93,114,,71,71,6,11,20,22,0.9,1.2
2024-02-11T1600,2457A,112.6194,26.9258,衡阳市,衡阳化工总厂,细颗粒物(PM2.5),72,72,179,52,155,109,,67,67,6,17,17,14,0.6,0.9
2024-02-11T1600,2458A,112.6211,26.8956,衡阳市,珠晖区环保局,细颗粒物(PM2.5),90,78,214,67,185,113,,74,74,6,24,10,11,0.7,1.1
2024-02-11T1600,2459A,112.6197,26.8733,衡阳市,市委党校,细颗粒物(PM2.5),64,62,114,46,94,110,,70,70,2,8,11,12,0.8,1
2024-02-11T1600,2460A,112.6006,26.8919,衡阳市,市监测站,细颗粒物(PM2.5),82,72,244,60,223,111,,65,65,4,25,10,12,0.8,1.4
2024-02-11T1600,2461A,112.5664,26.9056,衡阳市,真空机电公司,细颗粒物(PM2.5),79,71,173,58,154,108,,61,61,4,24,9,12,0.8,1.4
2024-02-11T1600,3399A,112.6703,26.882,衡阳市,师范学院,细颗粒物(PM2.5),74,59,91,54,85,100,,66,66,2,5,11,10,0.7,0.9
2024-02-11T1600,2608A,103.3772,23.3993,红河哈尼族彝族自治州,污水处理厂,,42,35,62,29,59,66,,56,56,5,11,8,11,0.7,0.9
2024-02-11T1600,2609A,103.3861,23.35,红河哈尼族彝族自治州,监测站,细颗粒物(PM2.5),62,,58,44,52,59,,57,57,7,11,8,13,0.7,0.9
2024-02-11T1600,3038A,103.3758,23.368,红河哈尼族彝族自治州,州图书馆,,45,36,56,31,48,57,,52,52,4,10,6,12,0.8,0.9
2024-02-11T1600,1090A,111.6507,40.7517,呼和浩特市,呼市一监,颗粒物(PM10),51,51,227,34,310,110,,83,83,10,37,17,14,0.5,1.3
2024-02-11T1600,1091A,111.6572,40.8033,呼和浩特市,小召,颗粒物(PM10),57,63,273,30,234,97,,77,77,18,44,18,15,0.5,1.2
2024-02-11T1600,1094A,111.7516,40.8369,呼和浩特市,如意水处理厂,细颗粒物(PM2.5),54,,173,38,213,94,,74,74,18,44,21,24,0.7,1.2
2024-02-11T1600,1095A,111.7276,40.8062,呼和浩特市,二十九中,颗粒物(PM10),51,51,276,30,226,98,,75,75,11,39,20,18,0.5,1.2
2024-02-11T1600,1096A,111.5512,40.7866,呼和浩特市,工大金川校区,细颗粒物(PM2.5),60,52,229,43,182,91,,74,74,13,32,20,16,0.5,1
2024-02-11T1600,1097A,111.717,40.7612,呼和浩特市,化肥厂生活区,,48,48,338,30,282,102,,77,77,11,40,20,27,0.5,1.5
2024-02-11T1600,3698A,111.5968,40.8178,呼和浩特市,红旗小学,,46,46,229,24,202,97,,75,75,17,39,18,20,0.5,1.1
2024-02-11T1600,3699A,111.6518,40.8389,呼和浩特市,海东办,颗粒物(PM10),51,51,276,23,234,95,,74,74,16,48,18,20,0.4,1.1
2024-02-11T1600,2192A,119.7594,49.2261,呼伦贝尔市,区环保局,,28,18,20,14,16,87,,86,82,8,8,8,7,0.3,0.2
2024-02-11T1600,3061A,119.7512,49.1577,呼伦贝尔市,国华电力东,,29,17,18,7,14,91,,86,86,4,4,6,6,0.2,0.2
2024-02-11T1600,1250A,120.0751,30.8669,湖州市,城西水厂,细颗粒物(PM2.5),83,82,100,61,83,112,,96,96,10,20,6,6,0.7,0.7
2024-02-11T1600,2873A,120.0875,30.8955,湖州市,仁皇山新区,细颗粒物(PM2.5),80,81,91,59,76,110,,95,95,11,18,8,8,0.7,0.8
2024-02-11T1600,2907A,120.1844,30.8596,湖州市,吴兴区站,细颗粒物(PM2.5),83,83,86,61,70,108,,94,94,9,11,7,7,0.6,0.7
2024-02-11T1600,3562A,120.4148,30.8538,湖州市,南浔区站,细颗粒物(PM2.5),62,68,94,44,77,125,,107,107,12,12,8,8,0.2,0.6
2024-02-11T1600,1607A,120.9092,40.7136,葫芦岛市,龙港区,颗粒物(PM10),57,63,92,22,72,92,,88,88,9,16,10,49,0.4,0.8
2024-02-11T1600,1608A,120.8392,40.7514,葫芦岛市,化工街,,44,44,104,19,76,89,,73,73,5,19,15,14,1.0,1.4
2024-02-11T1600,1609A,120.8341,40.7073,葫芦岛市,新区,颗粒物(PM10),51,51,95,31,78,84,,81,81,14,22,16,34,0.5,0.7
2024-02-11T1600,1610A,120.8695,40.7677,葫芦岛市,东城区,颗粒物(PM10),57,64,105,28,96,93,,77,77,15,27,33,26,1.2,1.6
2024-02-11T1600,2482A,109.5981,27.5721,怀化市,林科所,细颗粒物(PM2.5),63,54,65,45,53,93,,46,46,4,4,4,5,0.3,0.5
2024-02-11T1600,2483A,109.9453,27.5444,怀化市,河西地税局,细颗粒物(PM2.5),79,62,75,58,65,89,,42,42,6,6,4,4,0.7,0.8
2024-02-11T1600,2484A,109.9781,27.5342,怀化市,市四医院,细颗粒物(PM2.5),60,49,109,43,91,88,,46,46,5,8,6,5,0.6,0.9
2024-02-11T1600,2485A,109.9972,27.5578,怀化市,监测楼,细颗粒物(PM2.5),64,,157,46,134,90,,49,49,2,10,6,6,0.6,1
2024-02-11T1600,2486A,110.0394,27.583,怀化市,市委党校,细颗粒物(PM2.5),60,46,106,43,95,85,,46,46,2,7,7,6,0.5,0.9
2024-02-11T1600,1210A,119.036,33.5981,淮安市,钵池山,细颗粒物(PM2.5),139,156,237,106,227,97,,80,80,13,23,14,11,0.9,1.2
2024-02-11T1600,1211A,119.007,33.575,淮安市,北京南路,细颗粒物(PM2.5),183,180,241,138,214,98,,80,80,19,23,16,10,1.7,1.3
2024-02-11T1600,1212A,118.989,33.6067,淮安市,市监测站,细颗粒物(PM2.5),175,178,256,132,219,108,,88,88,10,17,11,10,1.4,1.5
2024-02-11T1600,1213A,119.135,33.5039,淮安市,楚州区监测站,细颗粒物(PM2.5),170,161,222,129,200,113,,85,85,11,22,13,10,0.6,0.9
2024-02-11T1600,1214A,119.0186,33.6297,淮安市,淮阴区监测站,细颗粒物(PM2.5),201,195,295,151,261,104,,85,85,17,26,10,8,0.7,1
2024-02-11T1600,3426A,118.8755,33.2894,淮安市,新华书店,细颗粒物(PM2.5),214,194,196,164,175,104,,78,78,18,22,11,8,0.8,0.9
2024-02-11T1600,2282A,116.8004,33.975,淮北市,监测站,颗粒物(PM10),96,141,320,35,236,107,,78,78,6,28,8,10,0.5,1.2
2024-02-11T1600,2283A,116.8091,33.9007,淮北市,烈山区政府,颗粒物(PM10),67,84,275,33,226,107,,75,75,9,28,6,8,0.3,1
2024-02-11T1600,3330A,116.8873,33.9836,淮北市,杜集区检察院,,,99,295,43,240,116,,78,78,8,18,,11,,1.2
2024-02-11T1600,4017A,116.7923,33.9535,淮北市,市博物馆,颗粒物(PM10),75,99,345,32,275,107,,76,76,11,34,8,11,0.7,1.4
2024-02-11T1600,2277A,116.8305,32.7727,淮南市,潘集区政府,颗粒物(PM10),78,105,188,48,146,110,,82,82,8,15,5,5,0.4,0.7
2024-02-11T1600,2278A,117.0067,32.6524,淮南市,师范学院,颗粒物(PM10),72,93,177,26,128,104,,80,80,5,21,7,9,0.3,0.7
2024-02-11T1600,2279A,116.8569,32.5951,淮南市,谢家集区政府,颗粒物(PM10),64,77,148,29,123,112,,88,88,4,10,5,7,0.4,0.8
2024-02-11T1600,2280A,116.8281,32.633,淮南市,八公山区政府,颗粒物(PM10),72,94,147,31,106,111,,93,93,9,11,3,4,0.4,0.7
2024-02-11T1600,2281A,116.6325,32.6201,淮南市,焦岗湖风景区管理处,颗粒物(PM10),67,84,158,32,109,88,,62,62,5,12,4,3,0.0,0.5
2024-02-11T1600,2894A,117.0566,32.6531,淮南市,经济技术开发区消防队,颗粒物(PM10),67,83,155,29,114,107,,77,77,2,13,5,7,0.3,0.7
2024-02-11T1600,3329A,117.0108,32.5893,淮南市,山南新区,颗粒物(PM10),114,178,191,52,178,108,,84,84,6,15,4,6,0.3,0.7
2024-02-11T1600,2446A,114.9028,30.4742,黄冈市,职工中心,颗粒物(PM10),75,100,133,34,106,118,,83,83,2,11,11,12,0.5,0.9
2024-02-11T1600,2929A,114.8858,30.4519,黄冈市,红卫路,颗粒物(PM10),74,98,127,38,106,111,,78,78,2,15,9,9,0.5,1
2024-02-11T1600,3398A,114.9136,30.4445,黄冈市,市林业局,颗粒物(PM10),71,92,122,33,104,119,,82,82,2,13,6,7,0.4,0.9
2024-02-11T1600,2672A,102.0199,35.5102,黄南藏族自治州,同仁县隆务镇,,25,21,28,8,14,77,,67,67,5,6,20,20,0.8,0.9
2024-02-11T1600,2295A,118.2903,29.6963,黄山市,延安路89号,颗粒物(PM10),55,60,71,30,43,105,,70,70,2,5,6,6,0.1,0.4
2024-02-11T1600,2296A,118.327,29.7178,黄山市,黄山东路89号,,45,45,68,22,47,102,,67,67,2,9,5,6,0.4,0.7
2024-02-11T1600,2297A,118.1371,30.2756,黄山市,黄山区政府5号楼,颗粒物(PM10),59,68,62,33,39,102,,74,74,5,7,4,5,0.5,0.6
2024-02-11T1600,2423A,115.0601,30.2313,黄石市,沈家营,颗粒物(PM10),78,105,116,38,94,118,,89,89,14,27,29,19,0.9,1.4
2024-02-11T1600,2424A,115.0817,30.2006,黄石市,陈家湾,,,89,118,45,99,107,,62,62,,29,,14,1.0,1.2
2024-02-11T1600,2426A,114.8988,30.2019,黄石市,铁山,颗粒物(PM10),61,72,117,32,91,118,,87,87,11,22,4,12,0.6,1.1
2024-02-11T1600,2427A,115.0307,30.2092,黄石市,团城山,颗粒物(PM10),83,116,128,26,90,119,,76,76,8,25,13,18,0.9,1.4
2024-02-11T1600,1392A,114.4183,23.0528,惠州市,河南岸金山湖子站,,36,29,70,25,62,86,,70,70,1,9,6,6,0.4,0.7
2024-02-11T1600,1393A,114.4053,23.0822,惠州市,下埔横江三路子站,,35,33,73,24,59,92,,79,79,5,18,6,6,0.5,0.8
2024-02-11T1600,1394A,114.4103,23.1142,惠州市,江北云山西路子站,,33,32,66,23,59,99,,84,84,2,8,8,9,0.5,0.6
2024-02-11T1600,1395A,114.4645,22.7833,惠州市,惠阳区承修路船湖子站,,36,33,77,25,65,94,,74,74,6,13,9,9,0.5,0.7
2024-02-11T1600,1396A,114.5317,22.7422,惠州市,大亚湾管委会子站,,40,34,68,28,59,103,,86,86,11,14,8,8,0.3,0.5
2024-02-11T1600,3314A,114.4338,22.8134,惠州市,惠阳秋长,,40,34,74,28,64,104,,84,84,2,7,8,10,0.3,0.6
2024-02-11T1600,3452A,114.6517,22.775,惠州市,大亚湾霞涌,,50,42,55,35,46,90,,77,77,14,9,9,9,0.6,0.7
2024-02-11T1600,2240A,130.9762,45.3001,鸡西市,环保局,细颗粒物(PM2.5),55,49,87,39,71,81,,86,82,8,14,8,10,0.2,0.4
2024-02-11T1600,2243A,130.9429,45.3039,鸡西市,第一中学,,48,33,70,33,59,90,,94,93,7,10,8,12,0.2,0.4
2024-02-11T1600,3707A,131.0207,45.3073,鸡西市,欧美日汽修厂,细颗粒物(PM2.5),53,37,92,37,78,79,,76,76,15,22,61,24,1.2,2
2024-02-11T1600,3709A,130.9967,45.3106,鸡西市,市政设施管理处,颗粒物(PM10),52,53,92,28,77,93,,88,88,12,27,4,5,0.6,0.8
2024-02-11T1600,2367A,114.9754,27.0803,吉安市,红声器材厂,细颗粒物(PM2.5),62,69,97,44,70,88,,53,53,10,17,13,13,0.7,0.9
2024-02-11T1600,2368A,114.9658,27.0999,吉安市,市森林工业局,细颗粒物(PM2.5),67,58,107,48,90,91,,54,54,7,18,8,9,0.6,0.8
2024-02-11T1600,2369A,114.99,27.1312,吉安市,市环境监测站,细颗粒物(PM2.5),62,58,108,44,87,93,,59,59,8,17,7,7,0.5,0.8
2024-02-11T1600,2370A,115.0093,27.0968,吉安市,青原区法院,细颗粒物(PM2.5),68,61,89,49,71,97,,61,61,9,14,10,13,0.7,0.7
2024-02-11T1600,1772A,126.54,43.8622,吉林市,哈达湾,细颗粒物(PM2.5),79,72,92,58,75,109,,99,99,11,17,7,10,0.7,0.8
2024-02-11T1600,1773A,126.5844,43.8358,吉林市,东局子,细颗粒物(PM2.5),87,80,93,64,77,103,,95,95,14,18,11,13,1.0,1
2024-02-11T1600,1774A,126.5052,43.8245,吉林市,电力学院,细颗粒物(PM2.5),73,65,114,53,103,109,,95,95,10,26,10,15,0.8,1.4
2024-02-11T1600,1775A,126.6133,43.8972,吉林市,江北,细颗粒物(PM2.5),77,76,109,56,87,99,,92,92,16,22,14,17,0.8,1
2024-02-11T1600,1776A,126.555,43.8306,吉林市,江南公园,细颗粒物(PM2.5),95,79,124,71,110,102,,97,97,15,20,9,13,0.9,0.8
2024-02-11T1600,2868A,126.4739,43.953,吉林市,九站,细颗粒物(PM2.5),85,79,86,63,73,117,,104,104,14,25,11,14,0.9,1
2024-02-11T1600,1299A,116.9862,36.6114,济南市,科干所,细颗粒物(PM2.5),108,134,122,81,85,123,,107,107,8,11,12,16,1.0,1
2024-02-11T1600,1300A,116.9376,36.665,济南市,农科所,细颗粒物(PM2.5),92,117,109,68,75,116,,99,99,12,21,9,18,0.8,0.9
2024-02-11T1600,1301A,117.1265,36.6734,济南市,开发区,细颗粒物(PM2.5),89,107,97,66,68,105,,91,91,7,14,10,12,0.8,0.9
2024-02-11T1600,1303A,117.0624,36.6868,济南市,省种子仓库,细颗粒物(PM2.5),98,134,120,73,75,124,,105,105,4,18,10,13,0.9,1
2024-02-11T1600,1304A,116.9489,36.6447,济南市,机床二厂,细颗粒物(PM2.5),104,132,118,78,81,128,,106,106,8,23,12,26,1.0,1.2
2024-02-11T1600,1305A,117.0495,36.663,济南市,市监测站,细颗粒物(PM2.5),102,127,106,76,73,126,,107,107,10,21,17,19,0.7,0.8
2024-02-11T1600,1306A,116.7675,36.5484,济南市,长清党校,细颗粒物(PM2.5),119,151,117,90,82,133,,110,110,11,18,11,15,1.0,1
2024-02-11T1600,1616A,117.6795,36.229,济南市,技术学院,细颗粒物(PM2.5),156,166,100,119,74,126,,94,94,19,29,16,14,1.1,1.1
2024-02-11T1600,1961A,117.532,36.6868,济南市,东山小学,细颗粒物(PM2.5),83,98,80,61,46,122,,106,106,11,11,12,11,0.5,0.4
2024-02-11T1600,3059A,117.7161,36.2049,济南市,泰兴公司,细颗粒物(PM2.5),128,156,113,97,84,123,,90,90,11,26,17,13,1.0,1.1
2024-02-11T1600,3064A,117.6867,36.2171,济南市,莱芜战役纪念馆,细颗粒物(PM2.5),147,161,110,112,75,116,,86,86,14,25,15,13,1.0,0.9
2024-02-11T1600,3494A,117.1673,36.9782,济南市,济阳区政府,颗粒物(PM10),78,105,127,51,85,117,,102,102,9,17,11,21,0.6,0.8
2024-02-11T1600,3495A,117.1171,36.63,济南市,锦屏中学,细颗粒物(PM2.5),95,120,90,71,60,122,,107,107,8,10,12,12,0.7,0.7
2024-02-11T1600,3682A,116.9814,36.6819,济南市,济南四建,细颗粒物(PM2.5),102,119,111,76,96,116,,98,98,15,25,15,22,0.9,1
2024-02-11T1600,1653A,116.6251,35.4302,济宁市,火炬城,细颗粒物(PM2.5),149,166,211,114,174,110,,83,83,12,20,7,9,1.0,1.4
2024-02-11T1600,1655A,116.5491,35.4042,济宁市,电化厂,细颗粒物(PM2.5),117,146,258,88,208,114,,89,89,10,18,7,15,0.7,1.3
2024-02-11T1600,3500A,116.5814,35.3707,济宁市,北湖一中,细颗粒物(PM2.5),140,178,260,107,216,109,,84,84,39,28,10,11,0.9,1.3
2024-02-11T1600,3501A,116.8249,35.5593,济宁市,服务中心,细颗粒物(PM2.5),114,170,215,86,148,121,,90,90,11,22,6,11,1.0,1.4
2024-02-11T1600,3678A,116.5907,35.4054,济宁市,市第七中学,细颗粒物(PM2.5),119,183,248,90,198,112,,83,83,11,23,5,10,0.9,1.4
2024-02-11T1600,2255A,130.2751,46.8028,佳木斯市,佳纺,细颗粒物(PM2.5),104,83,120,78,114,102,,100,100,13,16,3,7,0.8,1
2024-02-11T1600,2256A,130.3995,46.8307,佳木斯市,发电厂,细颗粒物(PM2.5),74,67,112,54,95,100,,92,92,19,22,19,17,0.7,0.9
2024-02-11T1600,2257A,130.3258,46.7975,佳木斯市,环保局,细颗粒物(PM2.5),99,79,131,74,123,98,,90,90,10,20,7,11,0.6,1
2024-02-11T1600,2258A,130.3648,46.8032,佳木斯市,十一中,细颗粒物(PM2.5),94,75,115,70,113,92,,86,86,16,20,8,9,0.7,0.9
2024-02-11T1600,2259A,130.3794,46.7588,佳木斯市,四丰,细颗粒物(PM2.5),98,108,147,73,96,120,,116,116,10,12,1,1,0.5,0.8
2024-02-11T1600,1252A,120.7436,30.778,嘉兴市,清河小学,颗粒物(PM10),56,62,91,29,68,102,,91,91,5,21,7,7,0.3,0.5
2024-02-11T1600,1253A,120.726,30.7478,嘉兴市,嘉兴学院,颗粒物(PM10),57,63,87,35,65,111,,101,101,6,19,7,7,0.6,0.9
2024-02-11T1600,2872A,120.7846,30.7525,嘉兴市,南湖区残联,颗粒物(PM10),59,67,99,35,70,120,,107,107,4,18,8,8,0.5,0.8
2024-02-11T1600,3407A,120.6916,30.7739,嘉兴市,秀洲住建,颗粒物(PM10),57,64,84,36,69,102,,90,90,8,19,8,10,0.4,0.7
2024-02-11T1600,1945A,98.2908,39.7711,嘉峪关市,气象局,颗粒物(PM10),58,66,73,22,24,82,,61,61,11,13,24,7,0.8,0.3
2024-02-11T1600,2884A,98.2672,39.7978,嘉峪关市,酒钢宾馆,颗粒物(PM10),68,85,76,34,20,71,,62,61,30,12,55,14,2.3,0.7
2024-02-11T1600,3248A,98.2643,39.7724,嘉峪关市,雄关区,,42,42,57,22,18,74,,56,54,18,16,22,7,1.3,0.6
2024-02-11T1600,1383A,113.1064,22.6058,江门市,北街,,38,38,65,24,55,115,,91,91,7,17,13,9,0.5,0.8
2024-02-11T1600,1384A,113.0731,22.5835,江门市,西区,,43,34,57,30,44,112,,89,89,8,17,12,10,0.1,0.4
2024-02-11T1600,1385A,113.0219,22.5311,江门市,圭峰西,,40,40,51,18,40,108,,86,86,8,16,9,7,0.3,0.6
2024-02-11T1600,1386A,113.0828,22.5947,江门市,东湖,,35,34,66,22,52,110,,88,88,6,17,10,8,0.4,0.6
2024-02-11T1600,3311A,113.1075,22.5647,江门市,江海富民,颗粒物(PM10),51,51,55,26,39,116,,91,91,7,17,8,9,0.2,0.5
2024-02-11T1600,3449A,113.05,22.4667,江门市,新会银湖,,38,32,51,16,39,120,,91,91,7,14,8,7,0.4,0.7
2024-02-11T1600,1828A,113.227,35.2125,焦作市,市环保局,颗粒物(PM10),60,70,95,22,31,104,,87,87,6,7,3,5,0.5,0.6
2024-02-11T1600,3169A,113.2725,35.2067,焦作市,太极体育中心,颗粒物(PM10),62,73,103,25,34,107,,92,92,11,11,4,7,0.3,0.5
2024-02-11T1600,3335A,113.3137,35.2641,焦作市,马村街道办,颗粒物(PM10),67,83,97,26,41,112,,93,93,9,9,7,9,0.1,0.3
2024-02-11T1600,3336A,113.2465,35.2373,焦作市,焦作技师学院,颗粒物(PM10),55,60,96,24,35,107,,88,88,9,11,10,12,0.5,0.7
2024-02-11T1600,3477A,113.1656,35.2539,焦作市,中站许衡医院,颗粒物(PM10),57,63,87,31,30,105,,91,91,10,6,10,8,0.5,0.3
2024-02-11T1600,3981A,113.2449,35.1803,焦作市,原李万街道办,颗粒物(PM10),64,78,97,14,26,103,,88,88,13,14,6,9,0.4,0.5
2024-02-11T1600,1708A,116.3701,23.5345,揭阳市,新兴,,35,35,96,18,86,105,,75,75,4,12,9,9,0.7,1
2024-02-11T1600,1709A,116.3264,23.5443,揭阳市,西马,,34,32,89,18,82,107,,78,78,4,10,9,9,0.5,0.7
2024-02-11T1600,1710A,116.3611,23.5626,揭阳市,东兴,,40,40,87,18,72,108,,77,77,2,11,8,8,0.6,0.8
2024-02-11T1600,1711A,116.4151,23.5294,揭阳市,渔湖,,44,44,83,28,59,106,,76,76,4,11,10,9,0.6,0.8
2024-02-11T1600,3320A,116.403,23.5699,揭阳市,曲溪,,40,40,86,28,68,113,,81,81,4,10,4,5,0.6,0.8
2024-02-11T1600,1944A,102.1692,38.5167,金昌市,天庆家园,,,47,71,12,30,92,,69,69,,24,24,43,0.1,0.7
2024-02-11T1600,3170A,102.1864,38.5253,金昌市,市委党校,,35,35,98,12,46,88,,63,63,2,20,9,56,0.4,0.8
2024-02-11T1600,4022A,102.1647,38.5371,金昌市,金川区人防中心,,45,45,88,7,43,88,,70,70,6,18,16,66,0.6,0.8
2024-02-11T1600,1262A,119.647,29.077,金华市,十五中,,42,42,72,25,56,103,,85,85,4,12,4,5,0.5,0.8
2024-02-11T1600,1263A,119.686,29.1029,金华市,监测站,,37,37,70,17,48,106,,87,87,3,9,4,5,0.3,0.6
2024-02-11T1600,3659A,119.656,29.1131,金华市,气象局,,35,35,88,17,65,104,,86,86,2,14,3,5,0.5,0.9
2024-02-11T1600,1767A,121.1115,41.0879,锦州市,南山,细颗粒物(PM2.5),67,68,102,48,95,108,,83,83,12,19,16,17,0.5,0.9
2024-02-11T1600,1768A,121.0533,40.8434,锦州市,开发区,,,52,129,18,103,98,,72,72,,30,17,30,0.6,1
2024-02-11T1600,1769A,121.1836,41.1119,锦州市,百股街道,颗粒物(PM10),128,206,114,48,78,109,,78,78,,18,16,17,0.6,1
2024-02-11T1600,1770A,121.1178,41.1222,锦州市,天安街道,,42,36,105,29,87,100,,75,75,9,18,14,15,0.6,0.9
2024-02-11T1600,1771A,121.1303,41.1386,锦州市,北湖公园,,45,,86,31,83,100,,79,79,11,18,14,16,0.6,1
2024-02-11T1600,2160A,112.85,35.5051,晋城市,自来水公司,颗粒物(PM10),53,56,101,17,31,95,,74,74,9,11,6,9,0.8,1.2
2024-02-11T1600,2161A,112.8318,35.4936,晋城市,白云商贸,,47,47,103,7,25,96,,76,76,11,14,5,9,0.4,0.9
2024-02-11T1600,2162A,112.8508,35.4887,晋城市,市环保局,颗粒物(PM10),55,59,103,14,28,94,,75,75,13,15,6,8,1.1,0.8
2024-02-11T1600,2163A,112.8676,35.4897,晋城市,技术学院,颗粒物(PM10),63,75,99,14,26,93,,73,73,14,16,7,9,0.7,0.8
2024-02-11T1600,3620A,112.8271,35.4828,晋城市,泽州一中,颗粒物(PM10),51,52,97,9,23,93,,75,75,11,15,4,9,0.6,1
2024-02-11T1600,2171A,112.7532,37.6945,晋中市,锦纶小区,颗粒物(PM10),53,56,140,24,54,118,,88,88,10,17,13,19,0.4,0.7
2024-02-11T1600,2173A,112.7249,37.7067,晋中市,南都小区,颗粒物(PM10),54,57,139,21,56,118,,84,84,10,20,13,20,0.3,0.7
2024-02-11T1600,2174A,112.6991,37.6982,晋中市,榆次区政府,,44,44,118,24,48,119,,82,82,7,19,14,21,0.5,0.8
2024-02-11T1600,2865A,112.7195,37.6828,晋中市,榆次三中,颗粒物(PM10),54,58,137,24,51,119,,84,84,7,18,14,21,0.5,0.9
2024-02-11T1600,2439A,112.2014,31.0481,荆门市,竹园小学,细颗粒物(PM2.5),94,98,158,70,129,108,,81,81,10,22,11,10,0.8,1
2024-02-11T1600,2440A,112.1969,30.9891,荆门市,掇刀,细颗粒物(PM2.5),110,98,160,83,134,112,,78,78,7,24,12,11,0.7,0.9
2024-02-11T1600,2441A,112.2213,31.0386,荆门市,石化一小,细颗粒物(PM2.5),119,96,168,90,140,113,,83,83,9,26,16,16,0.7,1
2024-02-11T1600,3012A,112.1849,31.0362,荆门市,西山林语,细颗粒物(PM2.5),82,92,142,60,114,108,,82,82,10,18,16,15,0.5,0.7
2024-02-11T1600,3547A,112.1632,31.0138,荆门市,龙泉中学南校,细颗粒物(PM2.5),99,94,152,74,131,108,,77,77,15,24,11,12,0.6,0.9
2024-02-11T1600,1844A,112.2494,30.3197,荆州市,市图书馆,细颗粒物(PM2.5),105,,144,79,134,111,,76,76,11,20,9,9,1.0,1.2
2024-02-11T1600,1845A,112.2008,30.3544,荆州市,市委党校,细颗粒物(PM2.5),107,85,132,80,129,113,,74,74,15,23,8,8,0.7,0.9
2024-02-11T1600,3194A,112.2747,30.3122,荆州市,管委会,细颗粒物(PM2.5),110,,136,83,137,114,,77,77,11,18,11,10,0.9,1.1
2024-02-11T1600,3548A,112.1655,30.3364,荆州市,学苑路,细颗粒物(PM2.5),103,82,121,77,122,106,,74,74,13,19,10,8,1.1,1.2
2024-02-11T1600,2342A,117.3102,29.3867,景德镇市,王港中学,颗粒物(PM10),64,78,90,32,73,112,,73,73,4,5,5,5,0.0,0.3
2024-02-11T1600,2343A,117.2117,29.2933,景德镇市,老干部活动中心,颗粒物(PM10),60,70,92,33,76,101,,64,64,6,9,7,6,0.3,0.6
2024-02-11T1600,2344A,117.1894,29.2789,景德镇市,兽医站,颗粒物(PM10),68,86,102,39,80,110,,74,74,6,11,7,7,0.4,0.7
2024-02-11T1600,2345A,117.1547,29.2617,景德镇市,台达陶瓷,颗粒物(PM10),63,76,105,28,91,103,,72,72,4,13,4,6,0.6,0.8
2024-02-11T1600,2346A,117.2461,29.2956,景德镇市,陶研所,颗粒物(PM10),57,64,75,35,60,102,,64,64,9,10,9,5,0.5,0.7
2024-02-11T1600,1803A,115.9872,29.6815,九江市,十里,细颗粒物(PM2.5),73,92,86,53,69,122,,89,89,14,23,11,10,0.6,0.9
2024-02-11T1600,1804A,115.9584,29.7046,九江市,茅山头,细颗粒物(PM2.5),82,76,96,60,80,102,,75,75,27,32,14,12,0.8,1
2024-02-11T1600,1805A,115.9877,29.7295,九江市,西园,细颗粒物(PM2.5),80,77,98,59,84,103,,69,69,24,32,9,9,0.8,0.9
2024-02-11T1600,1806A,116.0172,29.6547,九江市,五七二七厂,"颗粒物(PM10),细颗粒物(PM2.5)",59,68,59,42,48,98,,80,80,10,12,10,9,0.7,0.8
2024-02-11T1600,1808A,115.9114,29.6038,九江市,综合工业园,"颗粒物(PM10),细颗粒物(PM2.5)",60,69,64,43,54,113,,92,92,11,14,12,11,0.5,0.7
2024-02-11T1600,1809A,116.0721,29.7535,九江市,石化总厂,颗粒物(PM10),64,78,118,39,93,115,,92,92,9,22,11,13,0.6,1
2024-02-11T1600,1810A,115.9773,29.5698,九江市,庐山气象台,细颗粒物(PM2.5),60,68,46,43,30,101,,96,95,4,3,7,10,1.8,1.2
2024-02-11T1600,3190A,116.0254,29.6994,九江市,外国语学校,细颗粒物(PM2.5),60,65,90,43,78,92,,73,73,23,26,10,10,0.7,0.9
2024-02-11T1600,2658A,98.5061,39.7443,酒泉市,仓门街子站,颗粒物(PM10),67,83,77,16,24,88,,66,66,5,11,7,9,0.3,0.4
2024-02-11T1600,2659A,98.4989,39.7256,酒泉市,油田生活基地,颗粒物(PM10),63,75,78,25,29,92,,67,67,4,9,8,8,0.4,0.4
2024-02-11T1600,2698A,76.0072,39.4467,喀什地区,巡警大队,颗粒物(PM10),71,92,125,35,62,108,,57,57,20,47,10,9,0.9,2.1
2024-02-11T1600,2699A,75.9755,39.4694,喀什地区,吾办,细颗粒物(PM2.5),69,76,123,50,81,99,,44,44,21,57,7,6,0.9,2
2024-02-11T1600,4027A,75.9483,39.4689,喀什地区,老干局,颗粒物(PM10),60,70,145,33,76,102,,52,52,14,45,6,5,0.9,2.6
2024-02-11T1600,1824A,114.3389,34.7781,开封市,肿瘤医院,颗粒物(PM10),93,136,172,50,90,102,,79,79,7,17,3,5,0.4,0.6
2024-02-11T1600,1826A,114.2885,34.7965,开封市,世纪星幼儿园,颗粒物(PM10),89,127,163,55,115,111,,87,87,2,10,4,8,0.3,0.5
2024-02-11T1600,3147A,114.3438,34.8106,开封市,龙亭公园,颗粒物(PM10),101,152,167,50,94,102,,79,79,9,17,4,7,0.3,0.3
2024-02-11T1600,3210A,114.3644,34.7964,开封市,汴京公园,颗粒物(PM10),95,140,195,56,109,105,,80,80,7,21,3,6,0.3,0.6
2024-02-11T1600,3473A,114.2485,34.8306,开封市,技师学院,颗粒物(PM10),79,107,140,54,88,108,,84,84,2,8,1,4,0.6,0.7
2024-02-11T1600,3592A,114.4644,34.7556,开封市,祥符区生态环境局,颗粒物(PM10),95,139,168,51,99,105,,83,83,7,15,3,8,0.3,0.5
2024-02-11T1600,1951A,84.895,45.6094,克拉玛依市,长征新村,细颗粒物(PM2.5),109,127,106,82,77,116,,95,95,35,34,12,11,1.1,1
2024-02-11T1600,1952A,84.8988,45.5893,克拉玛依市,南林小区,细颗粒物(PM2.5),119,132,112,90,82,113,,92,86,34,34,5,4,1.2,1.2
2024-02-11T1600,1954A,84.905,44.3396,克拉玛依市,独山子区,细颗粒物(PM2.5),159,148,129,121,102,174,,108,108,43,48,6,6,1.5,1
2024-02-11T1600,1955A,85.6979,46.098,克拉玛依市,乌尔禾区商贸楼,细颗粒物(PM2.5),102,91,95,76,78,101,,84,84,38,39,12,9,1.0,1.2
2024-02-11T1600,3612A,85.1045,45.6899,克拉玛依市,白碱滩区新站,细颗粒物(PM2.5),114,125,112,86,75,106,,92,89,40,32,14,11,1.1,1
2024-02-11T1600,2697A,76.1454,39.7142,克孜勒苏柯尔克孜自治州,市人民政府,细颗粒物(PM2.5),59,60,67,42,42,109,,77,77,7,11,6,5,0.8,0.9
2024-02-11T1600,3665A,76.1658,39.7157,克孜勒苏柯尔克孜自治州,克州文化中心,细颗粒物(PM2.5),63,67,65,45,41,111,,83,83,10,15,7,6,0.7,0.8
2024-02-11T1600,1450A,102.8204,24.8886,昆明市,呈贡新区,,41,41,46,25,40,91,,86,86,7,10,7,8,0.7,0.7
2024-02-11T1600,1451A,102.6251,24.9608,昆明市,西山森林公园,,50,,34,35,30,90,,86,86,6,7,7,11,1.0,1.1
2024-02-11T1600,1452A,102.7252,25.0902,昆明市,龙泉镇,,46,32,53,32,42,94,,84,84,7,16,12,13,0.6,0.6
2024-02-11T1600,1453A,102.7266,25.0375,昆明市,东风东路,细颗粒物(PM2.5),53,39,48,37,39,89,,79,79,9,17,11,14,0.7,0.7
2024-02-11T1600,1454A,102.6742,25.0669,昆明市,金鼎山,,48,42,65,33,51,96,,87,87,8,15,7,10,0.7,0.7
2024-02-11T1600,1455A,102.6644,25.0401,昆明市,碧鸡广场,细颗粒物(PM2.5),55,39,53,39,48,90,,82,82,7,15,9,11,0.7,0.7
2024-02-11T1600,3179A,102.7494,25.0119,昆明市,官渡区博物馆,,40,39,45,28,33,92,,79,79,5,22,8,11,0.7,0.7
2024-02-11T1600,3375A,102.8017,24.8336,昆明市,青年创业园,,42,31,52,29,46,93,,84,84,5,10,9,12,0.6,0.7
2024-02-11T1600,3550A,102.7997,24.9786,昆明市,昆明学院,,38,37,40,26,29,92,,79,79,3,9,8,11,0.7,0.7
2024-02-11T1600,3551A,102.5967,24.6736,昆明市,晋宁区生态环境分局,,32,30,90,22,65,100,,80,80,8,15,6,9,0.8,0.9
2024-02-11T1600,3552A,102.6678,24.9856,昆明市,云天化总部,,46,39,56,32,47,89,,84,84,8,12,6,9,0.9,0.9
2024-02-11T1600,1456A,91.1319,29.6514,拉萨市,八廓街,,30,15,17,7,12,94,,76,76,9,15,6,6,0.3,0.4
2024-02-11T1600,1457A,91.1221,29.6747,拉萨市,市环保局,,30,13,31,5,23,96,,75,75,6,19,6,8,0.5,0.8
2024-02-11T1600,1458A,91.0874,29.6475,拉萨市,区监测站,,30,10,14,5,10,96,,76,76,2,13,4,4,0.4,0.6
2024-02-11T1600,1459A,91.1774,29.6541,拉萨市,西藏大学,,30,11,13,6,9,96,,79,79,4,6,3,4,0.3,0.3
2024-02-11T1600,1460A,90.9798,29.6588,拉萨市,区辐射站,,29,11,18,6,14,92,,73,73,4,11,5,6,0.4,0.6
2024-02-11T1600,1461A,91.0834,29.6292,拉萨市,拉萨火车站,,30,9,18,5,11,95,,65,65,2,16,3,4,0.3,0.7
2024-02-11T1600,2520A,109.2203,23.7256,来宾市,来宾技工学校,细颗粒物(PM2.5),62,47,106,44,101,118,,79,79,6,15,8,9,0.6,1.1
2024-02-11T1600,3535A,109.1781,23.7297,来宾市,兴宾区政府,细颗粒物(PM2.5),58,52,73,41,61,134,,88,88,7,11,12,10,0.7,0.9
2024-02-11T1600,4002A,109.2416,23.7461,来宾市,中南小学,,49,49,135,32,123,117,,80,80,7,21,6,7,0.7,1.3
2024-02-11T1600,1476A,103.631,36.1031,兰州市,兰炼宾馆,细颗粒物(PM2.5),65,78,127,47,68,147,,92,92,39,44,27,23,1.2,1
2024-02-11T1600,1478A,103.8412,36.0726,兰州市,生物制品所,颗粒物(PM10),65,79,109,43,54,76,,40,40,38,39,24,16,1.0,1
2024-02-11T1600,1479A,103.831,36.0464,兰州市,铁路设计院,颗粒物(PM10),69,88,105,46,55,64,,33,33,53,61,27,24,1.2,1.5
2024-02-11T1600,3186A,103.7158,36.1058,兰州市,教育港,颗粒物(PM10),62,74,105,41,54,109,,66,66,30,42,26,19,0.9,1
2024-02-11T1600,3241A,103.7439,36.0842,兰州市,百合公园,颗粒物(PM10),63,75,107,31,53,92,,56,56,40,43,18,16,1.2,1.2
2024-02-11T1600,3242A,103.9611,35.998,兰州市,和平,颗粒物(PM10),70,90,73,44,36,90,,58,58,24,22,27,17,1.3,0.9
2024-02-11T1600,3245A,103.6633,36.533,兰州新区,新区管委会,,28,28,80,16,32,79,,53,53,9,14,18,17,0.5,0.7
2024-02-11T1600,3246A,103.6975,36.4789,兰州新区,舟曲中学,,28,28,112,13,35,82,,56,56,7,17,13,18,0.5,0.7
2024-02-11T1600,1067A,116.6708,39.5111,廊坊市,药材公司,细颗粒物(PM2.5),134,137,95,102,67,112,,81,81,7,12,7,6,0.6,0.5
2024-02-11T1600,1068A,116.7214,39.5589,廊坊市,开发区,细颗粒物(PM2.5),112,101,73,84,57,100,,75,75,11,13,8,5,0.5,0.5
2024-02-11T1600,1070A,116.7244,39.5269,廊坊市,北华航天学院,细颗粒物(PM2.5),107,119,86,80,54,110,,81,81,12,16,8,7,0.5,0.5
2024-02-11T1600,2919A,116.7022,39.5453,廊坊市,河北工业大学,细颗粒物(PM2.5),118,110,84,89,62,106,,77,77,12,15,9,5,0.5,0.5
2024-02-11T1600,2535A,103.7723,29.5462,乐山市,花湖湾,细颗粒物(PM2.5),159,161,125,121,100,93,,53,53,18,18,15,11,0.6,0.6
2024-02-11T1600,2536A,103.7627,29.5844,乐山市,牛耳桥,细颗粒物(PM2.5),98,84,105,73,93,108,,59,59,16,32,10,8,0.9,0.9
2024-02-11T1600,2537A,103.7508,29.6006,乐山市,市第三水厂,细颗粒物(PM2.5),98,82,119,73,99,106,,50,50,15,35,9,7,0.9,1.1
2024-02-11T1600,2538A,103.7571,29.5664,乐山市,市监测站,细颗粒物(PM2.5),125,102,105,95,93,104,,55,55,15,28,13,10,0.6,0.7
2024-02-11T1600,3361A,103.7311,29.5628,乐山市,理工大学,细颗粒物(PM2.5),119,99,104,90,93,112,,61,61,12,24,12,8,0.8,0.8
2024-02-11T1600,2599A,100.2497,26.8802,丽江市,丽江古城,,46,44,43,32,33,87,,75,75,16,16,8,7,0.7,0.7
2024-02-11T1600,2600A,100.2203,26.8906,丽江市,市中心,,36,36,38,24,26,86,,68,68,8,15,13,10,0.8,0.8
2024-02-11T1600,1267A,119.914,28.4514,丽水市,监测站大楼,颗粒物(PM10),57,63,60,28,49,96,,61,61,3,10,7,6,0.3,0.5
2024-02-11T1600,1268A,119.93,28.4586,丽水市,莲都小学,,48,48,51,5,38,97,,60,60,3,8,4,4,0.4,0.5
2024-02-11T1600,1269A,119.879,28.4231,丽水市,余庄前,,40,40,43,23,38,101,,62,62,2,5,5,4,0.3,0.5
2024-02-11T1600,1173A,119.176,34.5885,连云港市,市环境监测站,细颗粒物(PM2.5),203,207,252,153,228,112,,85,85,16,33,10,13,1.0,1.6
2024-02-11T1600,3000A,119.3581,34.6972,连云港市,德源药业,细颗粒物(PM2.5),235,232,219,185,190,121,,97,97,24,28,9,11,,1.3
2024-02-11T1600,3007A,119.178,34.844,连云港市,新城一中,细颗粒物(PM2.5),199,163,262,149,249,134,,110,110,17,31,17,17,1.0,1.8
2024-02-11T1600,3008A,119.3608,34.7519,连云港市,胡沟管理处,细颗粒物(PM2.5),223,232,222,173,181,120,,112,112,16,37,11,17,1.1,1.3
2024-02-11T1600,3009A,119.1478,34.5911,连云港市,矿山设计院,细颗粒物(PM2.5),203,224,279,153,220,112,,81,81,11,27,10,13,0.8,1.4
2024-02-11T1600,3434A,119.2413,34.6539,连云港市,工贸学校,细颗粒物(PM2.5),230,240,249,180,202,128,,102,102,25,27,15,18,1.1,1.4
2024-02-11T1600,3664A,119.4172,34.7341,连云港市,连云街道,细颗粒物(PM2.5),214,248,207,164,161,129,,114,114,15,31,16,25,1.4,1.6
2024-02-11T1600,2571A,102.3431,27.8099,凉山彝族自治州,青龙寺,,41,41,23,7,5,97,,77,77,4,5,5,6,0.8,0.9
2024-02-11T1600,2572A,102.2721,27.8415,凉山彝族自治州,邛海宾馆,,35,35,18,21,14,95,,74,74,5,8,8,9,0.7,0.8
2024-02-11T1600,2573A,102.2625,27.898,凉山彝族自治州,西昌市政府,,43,38,20,30,15,100,,75,75,5,7,10,9,0.8,0.7
2024-02-11T1600,2574A,102.2685,27.8851,凉山彝族自治州,凉山州政府,,33,33,19,23,14,91,,69,69,4,8,8,8,0.7,0.7
2024-02-11T1600,2575A,102.237,27.8914,凉山彝族自治州,长安,,42,42,25,26,17,98,,68,68,6,10,16,13,1.1,0.8
2024-02-11T1600,2212A,123.2,41.1953,辽阳市,宏伟区,,38,,66,26,64,81,,70,70,4,15,10,18,0.6,1.1
2024-02-11T1600,2213A,123.1683,41.2495,辽阳市,新华园,,36,,89,25,85,81,,70,70,5,28,13,24,0.6,1.4
2024-02-11T1600,2214A,123.2354,41.2639,辽阳市,滨河路,,29,24,59,20,63,81,,70,70,3,15,8,17,0.6,1.1
2024-02-11T1600,2215A,123.149,41.2991,辽阳市,铁西工业园,,29,18,72,13,62,90,,78,78,6,25,11,22,0.5,1.4
2024-02-11T1600,2227A,125.1358,42.8845,辽源市,环保局,,48,42,91,33,80,104,,92,92,6,22,9,13,0.6,1.1
2024-02-11T1600,3239A,125.0764,42.9078,辽源市,银鹰制药,,43,38,91,30,79,105,,96,96,3,14,6,12,0.5,0.9
2024-02-11T1600,1625A,115.9848,36.4372,聊城市,区政府,颗粒物(PM10),78,105,161,53,117,113,,95,95,3,20,6,9,0.6,1.1
2024-02-11T1600,2878A,116.0072,36.4343,聊城市,聊大东校,细颗粒物(PM2.5),79,95,146,58,119,124,,100,100,10,18,9,13,0.8,1
2024-02-11T1600,3200A,115.9819,36.4978,聊城市,监控中心,颗粒物(PM10),79,108,162,48,126,125,,101,101,14,22,8,13,0.9,1.2
2024-02-11T1600,3513A,116.0445,36.4361,聊城市,九州社区,颗粒物(PM10),85,120,159,53,115,121,,97,97,7,16,5,13,0.7,0.8
2024-02-11T1600,4018A,116.0567,36.4608,聊城市,星美广场,颗粒物(PM10),93,135,168,62,118,119,,96,96,8,16,1,7,0.7,0.9
2024-02-11T1600,2632A,94.3681,29.6376,林芝市,林芝监测站,,30,,5,6,8,94,,78,78,1,2,4,4,0.4,0.4
2024-02-11T1600,2633A,94.3616,29.6616,林芝市,林芝人民医院,,29,4,9,1,5,90,,75,75,2,4,10,9,0.4,0.5
2024-02-11T1600,2603A,100.0781,23.8982,临沧市,市环保局,,34,34,42,23,39,74,,65,65,6,7,7,7,0.5,0.6
2024-02-11T1600,2604A,100.0894,23.8822,临沧市,市气象局,,46,34,43,32,37,68,,62,62,6,7,6,6,0.6,0.7
2024-02-11T1600,1733A,111.5531,36.0783,临汾市,临钢医院,颗粒物(PM10),70,89,122,27,36,107,,77,77,6,9,8,7,0.5,0.5
2024-02-11T1600,1734A,111.5028,36.0714,临汾市,技工学校,颗粒物(PM10),72,93,128,29,47,111,,80,80,6,14,8,9,0.4,0.5
2024-02-11T1600,1736A,111.5018,36.0855,临汾市,市委,颗粒物(PM10),77,103,133,19,43,112,,82,82,2,8,6,7,0.4,0.5
2024-02-11T1600,3018A,111.505,36.1014,临汾市,唐尧大酒店,颗粒物(PM10),67,83,118,19,38,110,,78,78,12,15,8,9,0.4,0.6
2024-02-11T1600,3668A,111.5036,36.0414,临汾市,城南,颗粒物(PM10),68,86,119,26,43,113,,82,82,4,11,8,8,0.5,0.6
2024-02-11T1600,2667A,103.2069,35.5993,临夏回族自治州,环保局,,28,,46,19,22,80,,51,51,5,23,12,17,0.3,1.4
2024-02-11T1600,2668A,103.2417,35.6057,临夏回族自治州,建设大厦,,26,6,32,6,23,83,,64,64,12,13,11,14,0.4,0.8
2024-02-11T1600,1618A,118.3429,35.0532,临沂市,沂河小区,细颗粒物(PM2.5),206,200,187,156,162,103,,84,84,13,23,12,19,1.0,1.3
2024-02-11T1600,1619A,118.295,35.0583,临沂市,鲁南制药厂,细颗粒物(PM2.5),212,210,202,162,176,115,,98,98,12,24,13,25,1.3,1.7
2024-02-11T1600,1620A,118.2794,34.9976,临沂市,新光毛纺厂,细颗粒物(PM2.5),198,207,196,148,166,115,,93,93,14,22,12,18,1.2,1.4
2024-02-11T1600,1621A,118.3956,35.0888,临沂市,河东保险公司,细颗粒物(PM2.5),199,195,173,149,145,121,,98,98,15,22,15,17,1.3,1.4
2024-02-11T1600,3370A,118.3564,35.0215,临沂市,十里堡居委,细颗粒物(PM2.5),192,195,192,144,158,117,,94,94,23,31,12,20,1.3,1.6
2024-02-11T1600,3496A,118.3604,35.1084,临沂市,南坊新区,细颗粒物(PM2.5),213,217,177,163,145,121,,100,100,25,25,15,17,1.2,1.3
2024-02-11T1600,3860A,118.3920,35.0300,临沂市,皇山花园小区,细颗粒物(PM2.5),162,193,183,123,135,119,,94,94,10,20,14,21,1.1,1.3
2024-02-11T1600,1870A,109.4856,24.3895,柳州市,柳东小学,细颗粒物(PM2.5),54,39,54,38,50,103,,70,70,8,12,8,9,0.4,0.5
2024-02-11T1600,1871A,109.4157,24.3277,柳州市,环保监测站,细颗粒物(PM2.5),58,56,113,41,96,97,,58,58,17,26,17,12,0.9,0.9
2024-02-11T1600,1872A,109.389,24.341,柳州市,河西水厂,颗粒物(PM10),58,65,92,30,59,91,,54,54,22,19,18,10,1.1,0.8
2024-02-11T1600,1873A,109.4311,24.2921,柳州市,市四中,,,47,149,31,103,,,48,48,12,30,11,14,0.5,1.3
2024-02-11T1600,1874A,109.4006,24.3631,柳州市,市九中,细颗粒物(PM2.5),59,52,108,42,83,82,,50,50,25,26,21,10,1.5,1
2024-02-11T1600,1875A,109.4958,24.3134,柳州市,古亭山,颗粒物(PM10),53,56,43,31,36,104,,65,65,11,11,11,8,0.7,0.7
2024-02-11T1600,3402A,109.5422,24.3996,柳州市,市二中,,42,42,50,27,46,100,,63,63,6,11,8,7,0.6,0.7
2024-02-11T1600,2307A,116.5079,31.737,六安市,监测大楼,颗粒物(PM10),69,88,78,30,51,103,,85,85,7,12,5,5,0.5,0.7
2024-02-11T1600,2308A,116.4738,31.7643,六安市,皖西学院,颗粒物(PM10),68,86,86,27,52,104,,86,86,10,12,4,5,0.4,0.6
2024-02-11T1600,2309A,116.4996,31.7905,六安市,朝阳厂,颗粒物(PM10),67,83,79,29,56,102,,89,89,4,6,5,6,0.3,0.6
2024-02-11T1600,2310A,116.5567,31.7886,六安市,开发区,颗粒物(PM10),78,106,96,30,49,101,,91,91,8,11,5,5,0.3,0.6
2024-02-11T1600,2577A,104.83,26.5917,六盘水市,黄土坡,,35,22,35,11,26,109,,83,83,4,10,8,12,0.3,0.5
2024-02-11T1600,2578A,104.89,26.5939,六盘水市,水钢,,36,21,54,17,40,113,,85,85,2,19,7,32,0.3,1
2024-02-11T1600,2579A,104.8475,26.5894,六盘水市,民中,,34,25,43,17,32,108,,78,78,5,24,8,21,0.3,0.6
2024-02-11T1600,2580A,104.9544,26.5506,六盘水市,双水,,35,34,39,10,28,110,,86,86,3,8,9,10,0.3,0.4
2024-02-11T1600,2336A,117.0217,25.1033,龙岩市,龙岩市监测站,,30,26,34,5,24,93,,74,74,1,6,5,4,0.2,0.3
2024-02-11T1600,2337A,117.0258,25.0661,龙岩市,闽西职业技术学院,,30,27,28,8,20,94,,70,70,1,3,3,3,0.3,0.4
2024-02-11T1600,2338A,117.0196,25.0306,龙岩市,龙岩学院,,31,31,28,10,19,87,,65,65,2,6,6,5,0.4,0.5
2024-02-11T1600,2885A,104.9339,33.3826,陇南市,滨江中学,,40,40,70,17,49,82,,56,56,7,25,4,18,0.4,1
2024-02-11T1600,3247A,104.955,33.371,陇南市,市总工会,,33,33,46,23,27,91,,65,65,6,11,4,9,0.5,0.6
2024-02-11T1600,2487A,111.9589,27.8901,娄底市,电视发射台,细颗粒物(PM2.5),70,76,124,51,98,106,,73,73,13,12,10,8,1.1,1.3
2024-02-11T1600,2488A,111.9975,27.725,娄底市,市监测站,细颗粒物(PM2.5),127,120,211,96,179,128,,64,64,12,29,29,25,1.4,1.7
2024-02-11T1600,2489A,112.0194,27.7314,娄底市,市委党校,细颗粒物(PM2.5),120,109,187,91,161,106,,52,52,12,22,19,15,1.0,1.2
2024-02-11T1600,2490A,111.9561,27.7569,娄底市,涟钢,细颗粒物(PM2.5),119,112,199,90,167,96,,48,48,24,24,30,18,1.8,1.9
2024-02-11T1600,2491A,111.9892,27.7044,娄底市,市政府,细颗粒物(PM2.5),113,108,194,85,166,106,,61,61,4,14,13,11,0.8,1.1
2024-02-11T1600,1893A,105.4324,28.9634,泸州市,九狮山,细颗粒物(PM2.5),95,97,104,71,71,123,,70,70,7,10,13,8,0.6,0.5
2024-02-11T1600,1894A,105.4427,28.9063,泸州市,小市上码头,细颗粒物(PM2.5),104,92,83,78,75,104,,61,61,11,19,9,6,0.8,0.8
2024-02-11T1600,1895A,105.4241,28.8573,泸州市,兰田宪桥,细颗粒物(PM2.5),107,94,99,80,78,111,,58,58,12,18,9,6,0.6,0.6
2024-02-11T1600,1896A,105.4379,28.8833,泸州市,市环监站,细颗粒物(PM2.5),102,91,96,76,83,101,,56,56,10,16,7,5,0.7,0.7
2024-02-11T1600,3490A,105.3617,28.7703,泸州市,纳溪区环保局,细颗粒物(PM2.5),107,101,104,80,81,114,,66,66,9,17,9,6,1.0,0.9
2024-02-11T1600,2185A,111.1297,37.5136,吕梁市,自来水公司,颗粒物(PM10),52,53,135,16,70,98,,72,72,12,18,5,10,0.4,0.5
2024-02-11T1600,2867A,111.1283,37.51,吕梁市,马茂庄小学,,34,34,139,18,62,96,,73,73,8,18,2,5,0.3,0.3
2024-02-11T1600,1812A,112.3931,34.6516,洛阳市,市委党校,颗粒物(PM10),66,82,178,22,80,90,,68,68,7,22,14,13,0.2,0.5
2024-02-11T1600,1814A,112.4657,34.6871,洛阳市,豫西宾馆,颗粒物(PM10),69,88,190,25,73,100,,68,68,3,25,14,12,0,0.3
2024-02-11T1600,1815A,112.494,34.6886,洛阳市,河南林校,颗粒物(PM10),63,75,162,27,67,100,,70,70,6,19,14,9,0.5,0.8
2024-02-11T1600,1816A,112.3844,34.623,洛阳市,开发区管委会,颗粒物(PM10),60,69,137,22,47,97,,73,73,2,7,6,6,0.4,0.5
2024-02-11T1600,1817A,112.4267,34.6258,洛阳市,市委新办公区,颗粒物(PM10),61,71,167,28,77,101,,73,73,5,14,8,7,0.4,0.5
2024-02-11T1600,3340A,112.6005,34.6326,洛阳市,伊滨,颗粒物(PM10),68,86,164,20,53,97,,72,72,6,11,19,7,0.4,0.5
2024-02-11T1600,3341A,112.4951,34.6332,洛阳市,中移产业园,颗粒物(PM10),58,65,160,32,65,102,,77,77,4,13,10,8,0.3,0.6
2024-02-11T1600,3593A,112.5736,34.8993,洛阳市,吉利监测站,颗粒物(PM10),76,102,113,31,42,101,,77,77,9,13,7,6,0.3,0.5
2024-02-11T1600,3635A,112.3677,34.662,洛阳市,河科大西苑校区,颗粒物(PM10),67,83,185,22,74,100,,70,70,4,25,4,8,0,0.2
2024-02-11T1600,3636A,112.4388,34.6781,洛阳市,英才小学,颗粒物(PM10),65,80,186,23,74,100,,69,69,6,18,8,10,0.3,0.6
2024-02-11T1600,2399A,114.051,33.5699,漯河市,三五一五工厂,颗粒物(PM10),91,132,195,60,94,105,,83,83,9,24,7,10,0.5,0.6
2024-02-11T1600,2400A,114.0055,33.5698,漯河市,漯河大学,颗粒物(PM10),87,124,166,51,78,108,,88,88,2,6,6,8,0.6,0.7
2024-02-11T1600,2401A,114.0138,33.5828,漯河市,市水利局,颗粒物(PM10),93,136,192,58,86,108,,90,90,5,13,9,11,0.4,0.6
2024-02-11T1600,2402A,114.0261,33.5698,漯河市,市广电局,颗粒物(PM10),97,144,200,54,82,108,,89,89,5,18,3,6,0.7,0.8
2024-02-11T1600,3478A,113.9749,33.5664,漯河市,市图书馆,颗粒物(PM10),95,140,179,56,76,105,,87,87,11,14,11,13,0.3,0.4
2024-02-11T1600,3479A,114.0967,33.5906,漯河市,召陵区卫健委,颗粒物(PM10),99,148,194,54,87,104,,86,86,6,12,6,10,0.4,0.5
2024-02-11T1600,1798A,118.5092,31.6837,马鞍山市,湖东路四小,颗粒物(PM10),95,139,147,51,102,117,,87,87,9,29,12,17,0.7,1.1
2024-02-11T1600,1799A,118.5024,31.6449,马鞍山市,开发区,颗粒物(PM10),78,105,126,50,106,119,,86,86,13,30,8,9,0.5,0.7
2024-02-11T1600,1800A,118.5228,31.7231,马鞍山市,慈湖,颗粒物(PM10),81,112,128,56,106,111,,78,78,15,33,11,15,0.5,1.2
2024-02-11T1600,1802A,118.6245,31.7241,马鞍山市,濮塘,颗粒物(PM10),85,120,120,55,80,106,,82,82,9,17,10,12,0.5,1
2024-02-11T1600,3633A,118.4918,31.6809,马鞍山市,雨山,颗粒物(PM10),84,117,128,50,97,120,,90,90,11,27,12,15,0.4,0.9
2024-02-11T1600,1686A,111.0286,21.4688,茂名市,电白南海,,44,44,118,22,89,106,,83,83,10,20,11,17,0.5,1
2024-02-11T1600,1687A,110.9294,21.6533,茂名市,茂石化七小,,39,36,100,27,88,109,,83,83,9,19,11,15,0.6,1.1
2024-02-11T1600,1688A,110.9107,21.6687,茂名市,健康路,,35,31,99,24,80,106,,81,81,7,19,7,11,0.6,1
2024-02-11T1600,1689A,110.8592,21.6828,茂名市,高岭,,34,34,113,17,98,104,,77,77,7,16,9,15,0.3,0.9
2024-02-11T1600,3450A,111.01,21.5165,茂名市,电白水东,,34,31,101,22,84,107,,87,87,7,14,8,12,0.6,0.9
2024-02-11T1600,2539A,104.0308,30.0478,眉山市,黑龙滩水库,细颗粒物(PM2.5),63,68,64,45,51,127,,57,,4,4,3,2,0.7,0.7
2024-02-11T1600,2540A,103.8416,30.0874,眉山市,气象局,细颗粒物(PM2.5),77,65,87,56,74,112,,65,65,14,19,10,9,0.8,0.9
2024-02-11T1600,3137A,103.8578,30.0744,眉山市,市委党校,细颗粒物(PM2.5),83,75,92,61,76,108,,68,68,13,26,9,7,0.6,0.8
2024-02-11T1600,3148A,103.8291,30.0564,眉山市,区人社局,细颗粒物(PM2.5),79,66,79,58,78,111,,59,59,19,37,10,9,0.5,0.8
2024-02-11T1600,1690A,116.1231,24.3284,梅州市,梅江月梅,,30,23,51,15,47,94,,61,61,2,6,8,9,0.5,0.6
2024-02-11T1600,1691A,116.0797,24.2719,梅州市,梅县新城,,33,33,71,15,62,102,,69,69,4,10,6,6,0.3,0.5
2024-02-11T1600,1692A,116.1248,24.2654,梅州市,环境监控中心,,31,24,44,15,38,97,,65,65,4,13,6,5,0.4,0.5
2024-02-11T1600,3315A,116.1233,24.2991,梅州市,梅龙,,31,24,51,14,47,97,,60,60,6,11,6,7,0.4,0.6
2024-02-11T1600,1878A,104.7778,31.4741,绵阳市,富乐山,细颗粒物(PM2.5),102,89,105,76,92,117,,68,68,9,15,7,7,0.8,1
2024-02-11T1600,1879A,104.7563,31.4535,绵阳市,市人大,细颗粒物(PM2.5),75,97,133,55,101,114,,59,59,11,38,5,5,0.7,1
2024-02-11T1600,1880A,104.6697,31.4668,绵阳市,高新区自来水公司,细颗粒物(PM2.5),110,85,124,83,110,115,,62,62,14,25,8,7,0.9,0.9
2024-02-11T1600,1881A,104.7287,31.5075,绵阳市,三水厂,细颗粒物(PM2.5),108,90,126,81,114,118,,54,54,7,22,6,6,0.9,1.1
2024-02-11T1600,3491A,104.69,31.5322,绵阳市,西科大附属小学,细颗粒物(PM2.5),100,84,114,75,100,118,,65,65,12,18,9,8,0.6,0.8
2024-02-11T1600,3492A,104.5648,31.5343,绵阳市,安州区旅游局,细颗粒物(PM2.5),107,86,121,80,107,108,,62,62,14,27,8,7,0.9,1.1
2024-02-11T1600,1784A,129.61,44.561,牡丹江市,环保大楼,细颗粒物(PM2.5),73,,97,53,77,91,,90,90,17,27,17,17,0.5,0.9
2024-02-11T1600,1785A,129.6115,44.5782,牡丹江市,文化广场,细颗粒物(PM2.5),65,57,112,47,86,86,,84,84,15,31,19,20,0.6,0.9
2024-02-11T1600,1786A,129.5904,44.5963,牡丹江市,第一医院,细颗粒物(PM2.5),77,59,113,56,100,90,,83,83,15,35,17,19,0.5,1
2024-02-11T1600,1787A,129.6364,44.6075,牡丹江市,机车工厂,细颗粒物(PM2.5),65,60,85,47,66,90,,78,78,13,33,14,13,0.4,0.8
2024-02-11T1600,1788A,129.6386,44.5462,牡丹江市,第一中学,颗粒物(PM10),54,57,66,35,54,95,,90,90,9,16,16,16,0.5,0.8
2024-02-11T1600,2531A,105.0703,29.61,内江市,市监测站,细颗粒物(PM2.5),83,,96,61,99,117,,76,76,13,20,12,10,0.8,0.9
2024-02-11T1600,2532A,105.0717,29.5947,内江市,东兴区政府,细颗粒物(PM2.5),79,62,89,58,85,120,,73,73,6,21,12,10,0.7,0.8
2024-02-11T1600,2533A,105.0653,29.5817,内江市,内江二中,细颗粒物(PM2.5),102,,88,76,98,120,,71,71,4,21,11,7,0.9,1
2024-02-11T1600,2534A,105.0406,29.5822,内江市,内江日报社,细颗粒物(PM2.5),90,,96,67,99,122,,73,73,8,25,11,8,0.8,0.9
2024-02-11T1600,2628A,92.0657,31.4846,那曲市,那曲监测站,,26,12,35,4,25,83,,64,64,5,9,5,8,0.4,1
2024-02-11T1600,3128A,92.0506,31.4797,那曲市,那曲会议中心,,30,4,30,0,16,93,,67,67,1,11,5,8,0.3,0.7
2024-02-11T1600,1290A,115.8931,28.6843,南昌市,省外办,细颗粒物(PM2.5),85,81,148,63,123,117,,78,78,7,24,7,7,0.8,1.2
2024-02-11T1600,1291A,115.8886,28.7003,南昌市,省林业公司,细颗粒物(PM2.5),85,85,159,63,139,118,,77,77,18,23,6,9,1.0,1.1
2024-02-11T1600,1292A,115.8126,28.7442,南昌市,林科所,细颗粒物(PM2.5),77,75,69,56,61,125,,89,89,8,9,9,8,0.8,0.8
2024-02-11T1600,1294A,115.8518,28.687,南昌市,建工学校,细颗粒物(PM2.5),102,95,116,76,92,120,,83,83,8,21,7,7,0.8,1
2024-02-11T1600,1295A,115.8921,28.6424,南昌市,象湖,细颗粒物(PM2.5),88,79,137,65,106,129,,85,85,10,30,7,7,0.8,1.1
2024-02-11T1600,1296A,115.7423,28.7996,南昌市,武术学校,细颗粒物(PM2.5),75,,42,55,43,119,,81,81,9,5,13,10,0.9,0.9
2024-02-11T1600,1298A,115.9314,28.6842,南昌市,省站,细颗粒物(PM2.5),83,94,128,61,99,113,,80,80,8,20,9,9,0.8,1
2024-02-11T1600,3046A,115.9084,28.6062,南昌市,机电学校,细颗粒物(PM2.5),92,86,111,68,91,125,,85,85,7,23,8,8,1.2,1.2
2024-02-11T1600,3690A,115.9721,28.7031,南昌市,外国语学校,细颗粒物(PM2.5),94,74,107,70,102,105,,71,71,10,17,6,6,0.6,0.7
2024-02-11T1600,1905A,106.056,30.8064,南充市,西山风景区,细颗粒物(PM2.5),85,,70,63,79,103,,77,72,8,8,4,4,0.8,0.8
2024-02-11T1600,1906A,106.0789,30.8023,南充市,南充市委,细颗粒物(PM2.5),64,73,96,46,76,96,,56,56,8,24,6,5,0.5,0.7
2024-02-11T1600,1907A,106.1031,30.8217,南充市,南充炼油厂,细颗粒物(PM2.5),64,63,102,46,87,101,,57,57,4,21,5,5,0.4,0.6
2024-02-11T1600,1908A,106.1064,30.7856,南充市,高坪区监测站,细颗粒物(PM2.5),69,62,107,50,82,104,,59,59,5,26,7,6,0.5,0.8
2024-02-11T1600,1909A,106.0642,30.7636,南充市,嘉陵区环保局,细颗粒物(PM2.5),77,65,107,56,95,98,,55,55,8,35,4,3,0.7,1
2024-02-11T1600,1910A,106.1087,30.8388,南充市,市环境监测站,细颗粒物(PM2.5),62,57,96,44,77,105,,67,67,8,12,7,7,0.5,0.6
2024-02-11T1600,1151A,118.8086,32.1065,南京市,迈皋桥,细颗粒物(PM2.5),79,104,106,58,81,95,,67,67,9,24,4,4,0.6,0.8
2024-02-11T1600,1152A,118.7538,32.0551,南京市,草场门,颗粒物(PM10),81,112,113,58,85,114,,83,83,14,34,4,6,0.6,0.9
2024-02-11T1600,1153A,118.7794,32.0745,南京市,山西路,细颗粒物(PM2.5),83,105,106,61,86,89,,65,65,17,34,6,7,0.7,0.9
2024-02-11T1600,1154A,118.7752,32.0023,南京市,中华门,细颗粒物(PM2.5),77,102,103,56,86,113,,84,84,6,23,10,10,0.8,0.8
2024-02-11T1600,1155A,118.8109,32.0309,南京市,瑞金路,颗粒物(PM10),82,114,136,58,99,104,,73,73,18,49,5,4,0.7,1
2024-02-11T1600,1156A,118.7997,32.0754,南京市,玄武湖,颗粒物(PM10),80,110,113,58,76,111,,78,78,2,27,10,10,0.2,0.5
2024-02-11T1600,1157A,118.6414,32.0931,南京市,浦口,颗粒物(PM10),75,99,116,30,65,103,,77,77,12,16,7,7,0.6,0.8
2024-02-11T1600,1158A,118.7356,31.9996,南京市,奥体中心,颗粒物(PM10),83,116,114,56,86,115,,88,88,6,23,9,9,0.7,0.9
2024-02-11T1600,1159A,118.9125,32.1028,南京市,仙林大学城,颗粒物(PM10),79,107,104,53,76,109,,83,83,8,25,7,7,0.7,1
2024-02-11T1600,3422A,118.8436,31.9198,南京市,江宁彩虹桥,细颗粒物(PM2.5),85,107,124,63,87,120,,91,91,5,18,6,6,0.6,0.8
2024-02-11T1600,3423A,119.0138,31.6494,南京市,溧水永阳,细颗粒物(PM2.5),88,107,100,65,92,114,,84,84,12,18,4,4,0.4,0.8
2024-02-11T1600,3424A,118.879,31.3302,南京市,高淳老职中,细颗粒物(PM2.5),79,98,95,58,83,124,,91,91,5,12,11,9,0.6,0.8
2024-02-11T1600,3427A,118.8554,32.3578,南京市,六合雄州,颗粒物(PM10),113,175,119,67,80,118,,90,90,9,13,4,4,0.8,0.9
2024-02-11T1600,1401A,108.3103,22.7881,南宁市,二十一中,,39,37,74,27,74,120,,82,82,6,22,8,9,0.6,0.8
2024-02-11T1600,1402A,108.3141,22.8528,南宁市,北湖,,38,38,77,24,75,115,,79,79,4,19,5,6,0.6,0.9
2024-02-11T1600,1403A,108.3206,22.8225,南宁市,市监测站,,49,49,87,33,77,116,,78,78,8,30,7,8,0.7,1.1
2024-02-11T1600,1404A,108.3829,22.8037,南宁市,大自然花园,,38,34,80,26,78,110,,73,73,8,23,7,7,0.4,0.8
2024-02-11T1600,1405A,108.4394,22.7904,南宁市,仙葫,,46,33,87,32,86,98,,64,64,8,19,8,8,0.5,0.8
2024-02-11T1600,1406A,108.2397,22.8467,南宁市,区农职院,,42,36,49,29,39,129,,80,80,11,12,9,9,0.6,0.5
2024-02-11T1600,1407A,108.3275,22.735,南宁市,英华嘉园,颗粒物(PM10),52,54,74,34,70,109,,74,74,9,16,7,7,0.4,0.7
2024-02-11T1600,1408A,108.2257,22.7757,南宁市,沙井镇街道办,,48,39,56,33,51,121,,79,79,6,14,7,3,0.6,0.7
2024-02-11T1600,3401A,108.4834,22.7618,南宁市,红星社区,,42,32,56,29,58,112,,73,73,6,14,10,10,0.5,0.8
2024-02-11T1600,2332A,118.1681,26.6369,南平市,南平市监测站,,30,26,52,21,45,90,,56,56,4,8,5,7,0.7,0.8
2024-02-11T1600,2333A,118.1825,26.6489,南平市,南平铝业有限公司,,43,43,68,16,54,80,,53,53,3,8,6,9,0.4,0.6
2024-02-11T1600,2334A,118.1756,26.6272,南平市,南平七中,,47,47,46,18,34,93,,59,59,5,7,5,6,0.3,0.5
2024-02-11T1600,1168A,120.9098,31.9663,南通市,狼山街道,细颗粒物(PM2.5),95,123,168,71,150,120,,91,91,21,44,20,11,1.0,1.4
2024-02-11T1600,1169A,120.86,32.0005,南通市,虹桥,"颗粒物(PM10),细颗粒物(PM2.5)",83,116,155,61,131,121,,82,82,13,52,7,9,0.5,1
2024-02-11T1600,1170A,120.87,32.02,南通市,城中,颗粒物(PM10),90,129,170,61,132,123,,94,94,15,42,9,9,0.5,1.3
2024-02-11T1600,1171A,120.94,31.93,南通市,星湖花园,细颗粒物(PM2.5),99,133,178,74,138,108,,89,89,38,56,17,12,0.9,1
2024-02-11T1600,1172A,120.81,32.0417,南通市,紫琅学院,颗粒物(PM10),82,113,163,57,134,125,,107,107,13,25,10,9,0.6,1.1
2024-02-11T1600,3291A,121.067,32.062,南通市,通州监测站,细颗粒物(PM2.5),92,122,180,68,151,126,,103,103,13,25,11,12,0.4,1
2024-02-11T1600,3432A,120.9348,31.9883,南通市,环境教育馆,细颗粒物(PM2.5),97,129,153,72,128,124,,97,97,28,38,16,10,0.8,0.9
2024-02-11T1600,2404A,112.5224,33.0122,南阳市,瓦房庄,细颗粒物(PM2.5),125,119,225,95,223,97,,64,64,8,28,9,11,0.5,0.9
2024-02-11T1600,2405A,112.5003,32.9735,南阳市,汉画馆,细颗粒物(PM2.5),125,129,218,95,195,98,,65,65,11,26,10,9,0.6,0.9
2024-02-11T1600,2406A,112.5573,33.027,南阳市,气象站,细颗粒物(PM2.5),119,118,219,90,224,98,,64,64,13,28,11,12,0.5,0.9
2024-02-11T1600,2407A,112.5481,32.9689,南阳市,理工学院,细颗粒物(PM2.5),109,117,247,82,244,99,,67,67,4,25,8,10,0.6,1
2024-02-11T1600,4008A,112.5234,32.9922,南阳市,卧龙区政府,细颗粒物(PM2.5),113,117,224,85,204,97,,62,62,10,37,9,10,0.5,1
2024-02-11T1600,1234A,121.8358,29.911,宁波市,区环保大楼,颗粒物(PM10),52,54,94,27,74,113,,98,98,4,17,8,8,0.4,0.7
2024-02-11T1600,1235A,121.56,29.82,宁波市,万里学院,细颗粒物(PM2.5),82,75,72,60,57,114,,92,92,17,17,8,7,0.5,0.6
2024-02-11T1600,1236A,121.713,29.9572,宁波市,龙赛医院,细颗粒物(PM2.5),69,69,87,50,70,127,,103,103,10,19,6,6,0.7,0.8
2024-02-11T1600,1239A,121.633,29.7733,宁波市,钱湖水厂,细颗粒物(PM2.5),87,87,65,64,53,123,,92,92,10,6,7,5,0.8,0.8
2024-02-11T1600,1240A,121.5856,29.8635,宁波市,太古小学,细颗粒物(PM2.5),93,70,67,69,62,125,,92,92,21,19,11,7,0.6,0.7
2024-02-11T1600,1241A,121.524,29.8674,宁波市,市环境监测中心,"颗粒物(PM10),细颗粒物(PM2.5)",52,54,74,36,59,113,,93,93,11,21,7,7,0.5,0.8
2024-02-11T1600,2871A,121.6147,29.9017,宁波市,万里国际学校,细颗粒物(PM2.5),85,69,70,63,62,126,,101,101,20,17,13,9,0.8,0.8
2024-02-11T1600,3710A,121.5594,29.8975,宁波市,白沙活动中心,细颗粒物(PM2.5),79,78,78,58,60,122,,94,94,12,18,9,8,0.7,0.9
2024-02-11T1600,2341A,119.5388,26.6612,宁德市,宁德市监测站,颗粒物(PM10),58,65,48,29,43,96,,71,71,7,6,6,7,0.4,0.7
2024-02-11T1600,2618A,98.8601,25.8567,怒江傈僳族自治州,州监测站,,43,36,39,30,28,73,,56,56,5,6,10,10,0.5,0.5
2024-02-11T1600,2619A,98.8546,25.8417,怒江傈僳族自治州,泸水一中,,30,30,44,18,38,62,,48,48,10,11,9,9,0.6,0.6
2024-02-11T1600,1888A,101.6891,26.571,攀枝花市,弄弄坪,细颗粒物(PM2.5),67,,55,48,39,122,,61,61,13,30,22,28,1.3,1.4
2024-02-11T1600,1889A,101.5769,26.5928,攀枝花市,河门口,细颗粒物(PM2.5),64,56,43,46,32,125,,74,74,21,14,35,15,2.3,1.1
2024-02-11T1600,1890A,101.7169,26.585,攀枝花市,炳草岗,,48,,47,33,33,121,,75,75,9,21,26,36,1.1,1.2
2024-02-11T1600,1891A,101.7369,26.5008,攀枝花市,仁和,细颗粒物(PM2.5),54,50,50,38,36,112,,69,69,8,17,18,17,1.0,1.3
2024-02-11T1600,2835A,101.7227,26.567,攀枝花市,四十中小,细颗粒物(PM2.5),57,58,62,40,38,126,,78,78,8,23,20,35,0.9,1
2024-02-11T1600,1604A,122.0303,41.1489,盘锦市,开发区,,,47,83,13,79,100,,79,79,,19,9,15,0.4,0.8
2024-02-11T1600,1605A,122.0485,41.0883,盘锦市,兴隆台,,40,40,94,26,87,100,,80,80,12,18,12,15,0.5,1
2024-02-11T1600,1606A,121.8297,41.1028,盘锦市,新生街道,,41,41,74,18,64,89,,76,76,13,18,11,13,0.4,0.7
2024-02-11T1600,1832A,113.3257,33.742,平顶山市,新华旅馆,细颗粒物(PM2.5),103,141,222,77,83,99,,76,76,5,16,8,11,0.5,0.4
2024-02-11T1600,1833A,113.2919,33.737,平顶山市,规划设计院,细颗粒物(PM2.5),105,153,196,79,78,118,,87,87,6,13,11,13,0.6,0.6
2024-02-11T1600,1834A,113.182,33.774,平顶山市,平顶山工学院,颗粒物(PM10),92,134,173,61,55,112,,87,87,10,11,5,6,0.6,0.6
2024-02-11T1600,3204A,113.3025,33.73,平顶山市,规划局,细颗粒物(PM2.5),113,156,228,85,90,90,,66,66,10,17,8,11,0.7,0.6
2024-02-11T1600,3594A,112.8867,33.9116,平顶山市,石龙区,细颗粒物(PM2.5),98,142,175,73,51,107,,90,90,12,9,8,7,0.6,0.5
2024-02-11T1600,2656A,106.6692,35.5461,平凉市,聚贤嘉苑,颗粒物(PM10),63,75,81,26,28,103,,81,81,16,16,12,10,0.4,0.5
2024-02-11T1600,2657A,106.7021,35.5307,平凉市,博物馆,颗粒物(PM10),60,70,88,30,38,103,,78,78,14,17,15,17,0.2,0.6
2024-02-11T1600,2347A,114.0997,27.5002,萍乡市,武功山,,36,35,61,25,51,91,,69,69,5,6,7,9,0.4,0.6
2024-02-11T1600,2348A,113.8385,27.6434,萍乡市,中医院,细颗粒物(PM2.5),57,48,145,40,120,96,,62,62,17,25,8,9,1.2,1.7
2024-02-11T1600,2349A,113.8493,27.6253,萍乡市,市政府车库,细颗粒物(PM2.5),94,,144,70,124,101,,68,68,15,20,18,16,1.3,1.5
2024-02-11T1600,2350A,113.8676,27.6435,萍乡市,市环保局,细颗粒物(PM2.5),94,87,147,70,128,93,,62,62,10,21,9,12,0.8,1.7
2024-02-11T1600,2351A,113.866,27.6198,萍乡市,安源区政府,颗粒物(PM10),68,85,138,45,100,102,,65,65,21,24,5,12,0.8,1.7
2024-02-11T1600,2319A,119.0141,25.4325,莆田市,荔城区仓后路,,39,39,47,26,42,110,,84,84,6,9,8,7,0.9,1
2024-02-11T1600,2320A,119.0015,25.4553,莆田市,莆田市监测站,,40,40,41,26,35,109,,83,83,8,8,11,9,0.5,0.6
2024-02-11T1600,2321A,119.1119,25.4561,莆田市,涵江区六中,,36,36,51,22,45,110,,86,86,2,8,9,8,0.9,1
2024-02-11T1600,2322A,119.1013,25.3215,莆田市,秀屿区政府,,47,47,50,27,47,109,,86,86,4,7,6,6,0.7,0.9
2024-02-11T1600,2392A,115.0312,35.7636,濮阳市,环保局,颗粒物(PM10),70,89,319,28,234,98,,78,78,5,22,6,10,0.1,1
2024-02-11T1600,2394A,115.0574,35.7609,濮阳市,油田运输公司,颗粒物(PM10),66,82,319,28,263,100,,80,80,6,21,9,14,0.5,1.3
2024-02-11T1600,2395A,115.0866,35.7754,濮阳市,油田物探公司,颗粒物(PM10),72,94,343,27,283,100,,77,77,7,25,7,11,0.4,1.2
2024-02-11T1600,3021A,115,35.7668,濮阳市,濮水河管理处,颗粒物(PM10),70,90,314,29,237,99,,76,76,2,18,8,8,0.4,1.2
2024-02-11T1600,2601A,100.98,22.7633,普洱市,市环保局,细颗粒物(PM2.5),63,59,48,45,40,53,,53,53,6,6,4,4,0.7,0.7
2024-02-11T1600,2602A,100.9817,22.8322,普洱市,普洱第二中学,,50,50,39,27,20,60,,49,49,6,11,5,4,0.8,0.8
2024-02-11T1600,2262A,131.0518,45.8751,七台河市,新一中,,48,38,102,33,95,108,,102,102,8,17,10,12,0.8,1.1
2024-02-11T1600,3345A,131.0577,45.7879,七台河市,中波台,细颗粒物(PM2.5),65,52,114,47,103,84,,82,82,30,35,17,16,0.9,1.3
2024-02-11T1600,3637A,131.0176,45.7761,七台河市,人民广场,细颗粒物(PM2.5),79,78,135,58,106,88,,78,78,29,42,20,18,1.0,1.3
2024-02-11T1600,3684A,130.8781,45.8222,七台河市,新建矿广场,细颗粒物(PM2.5),78,66,70,57,61,109,,99,99,17,22,13,13,0.7,0.8
2024-02-11T1600,1779A,123.9305,47.3636,齐齐哈尔市,安居小区,,28,28,57,14,30,74,,68,68,13,14,12,10,0.5,0.5
2024-02-11T1600,1780A,123.9488,47.3386,齐齐哈尔市,中心广场,,34,34,64,20,52,73,,63,63,11,15,13,10,0.5,0.6
2024-02-11T1600,1781A,123.9483,47.3227,齐齐哈尔市,农牧车辆厂,,27,27,52,17,37,78,,67,67,7,13,14,12,0.5,0.5
2024-02-11T1600,1783A,123.945,47.2988,齐齐哈尔市,市环境监测站,,30,30,59,21,43,82,,68,68,6,11,8,8,0.4,0.5
2024-02-11T1600,3662A,123.6333,47.2075,齐齐哈尔市,富区青少年活动中心,,33,33,56,16,36,73,,66,66,8,10,14,11,0.4,0.5
2024-02-11T1600,2591A,107.9783,26.5747,黔东南苗族侗族自治州,市环境监测站,,42,32,83,29,79,88,,55,55,12,18,6,13,0.2,0.6
2024-02-11T1600,2881A,107.8908,26.5311,黔东南苗族侗族自治州,凯里学院,,35,30,53,24,47,103,,64,64,1,5,4,8,0.4,0.5
2024-02-11T1600,2593A,107.5228,26.2403,黔南布依族苗族自治州,小围寨,,30,19,29,5,25,93,,62,62,4,7,6,8,0.1,0.2
2024-02-11T1600,3538A,107.5175,26.2978,黔南布依族苗族自治州,沙坝,,30,14,26,12,22,96,,64,64,1,4,5,6,0.4,0.5
2024-02-11T1600,2589A,104.9022,25.0925,黔西南布依族苗族自治州,场坝街,,29,19,60,10,50,91,,74,74,4,11,2,3,0.4,0.6
2024-02-11T1600,2590A,104.8811,25.0992,黔西南布依族苗族自治州,坪东大道,,29,19,58,6,51,90,,72,72,6,10,1,4,0.3,0.3
2024-02-11T1600,2502A,108.6236,21.9667,钦州市,市环保站,颗粒物(PM10),53,56,84,31,62,102,,79,79,8,13,9,10,0.8,1.1
2024-02-11T1600,2503A,108.6549,21.9481,钦州市,沙埠小学,,49,49,70,34,69,99,,81,81,6,10,9,9,0.7,0.9
2024-02-11T1600,2504A,108.5989,21.7431,钦州市,港区一小,细颗粒物(PM2.5),55,58,71,39,49,104,,81,81,6,11,8,9,0.6,0.8
2024-02-11T1600,3404A,108.5959,21.9633,钦州市,北职校,细颗粒物(PM2.5),57,47,62,40,58,107,,81,81,6,8,9,10,0.7,0.9
2024-02-11T1600,1042A,119.5134,39.8207,秦皇岛市,北戴河环保局,,46,46,82,14,54,92,,82,82,16,28,10,16,0.4,0.8
2024-02-11T1600,1043A,119.7493,40.0116,秦皇岛市,第一关,,44,44,93,24,62,91,,89,89,14,19,11,15,0.6,0.8
2024-02-11T1600,1044A,119.5897,39.9499,秦皇岛市,监测站,,28,28,81,13,62,89,,88,88,20,19,9,15,0.5,0.9
2024-02-11T1600,1046A,119.5251,39.9041,秦皇岛市,建设大厦,,29,24,84,16,58,91,,86,86,5,14,7,13,0.2,0.8
2024-02-11T1600,3132A,119.610547,39.943889,秦皇岛市,文明里,,44,44,97,16,64,87,,81,81,20,25,6,14,0.5,0.9
2024-02-11T1600,1307A,120.6659,36.2403,青岛市,仰口,细颗粒物(PM2.5),110,124,87,83,66,124,,118,118,33,17,9,6,1.5,1
2024-02-11T1600,1310A,120.4134,36.0658,青岛市,市南区东部子站,细颗粒物(PM2.5),160,166,174,122,125,117,,83,83,44,26,20,15,2.4,1.5
2024-02-11T1600,1311A,120.3664,36.1032,青岛市,四方区子站,细颗粒物(PM2.5),92,100,151,68,129,97,,80,80,53,34,28,12,1.2,1.6
2024-02-11T1600,1312A,120.2994,36.054,青岛市,市南区西部子站,细颗粒物(PM2.5),132,146,156,100,126,99,,71,69,44,29,16,11,2.0,1.7
2024-02-11T1600,1313A,120.4581,36.0858,青岛市,崂山区子站,细颗粒物(PM2.5),128,146,151,97,118,118,,90,90,28,18,17,12,1.8,1.5
2024-02-11T1600,1314A,120.1983,35.9608,青岛市,黄岛区子站,细颗粒物(PM2.5),211,212,140,161,112,132,,93,93,35,38,19,14,2.6,1.6
2024-02-11T1600,1315A,120.3999,36.3083,青岛市,城阳区子站,颗粒物(PM10),74,97,159,51,94,123,,100,100,16,25,10,10,0.9,1.4
2024-02-11T1600,1966A,120.0405,35.8735,青岛市,黄岛区4号,细颗粒物(PM2.5),192,180,164,144,139,123,,94,94,34,21,14,13,2.3,1.7
2024-02-11T1600,3362A,120.5014,36.4034,青岛市,即墨2号,细颗粒物(PM2.5),104,126,166,78,133,123,,99,99,20,25,13,12,1.0,1.5
2024-02-11T1600,3642A,120.3503,36.0736,青岛市,市北区南部,细颗粒物(PM2.5),144,137,164,110,124,115,,79,79,39,37,16,12,1.9,1.5
2024-02-11T1600,3643A,120.3948,36.1805,青岛市,李沧区北部,细颗粒物(PM2.5),92,110,153,68,128,126,,105,105,22,28,14,13,1.0,1.5
2024-02-11T1600,1702A,113.0426,23.691,清远市,环保大楼,,31,24,51,20,51,99,,72,72,1,11,3,4,0.6,0.6
2024-02-11T1600,1703A,113.0208,23.7106,清远市,凤城街办,,33,27,75,22,62,103,,73,73,8,27,6,7,0.4,0.8
2024-02-11T1600,3025A,113.0477,23.6344,清远市,技师学院,,34,28,66,18,48,107,,81,81,2,8,6,7,0.3,0.6
2024-02-11T1600,3318A,112.9903,23.7403,清远市,清新太和,,33,29,45,18,32,104,,78,78,6,12,8,9,0.4,0.5
2024-02-11T1600,3455A,113.076,23.7198,清远市,清城东城,,34,34,45,22,35,94,,69,69,5,8,9,9,0.4,0.6
2024-02-11T1600,2661A,107.6325,35.7357,庆阳市,庆阳五中,颗粒物(PM10),56,61,73,32,35,90,,78,78,5,11,11,15,0.4,0.5
2024-02-11T1600,2662A,107.6364,35.7067,庆阳市,市环保局,颗粒物(PM10),60,70,76,34,39,82,,85,85,10,6,26,8,0.4,0.4
2024-02-11T1600,1916A,103.7897,25.5035,曲靖市,环境监测站,,33,14,49,11,31,104,,88,88,4,8,1,9,0.5,0.7
2024-02-11T1600,1917A,103.8,25.5364,曲靖市,烟厂办公区,,33,26,47,13,30,104,,87,87,4,9,4,4,0.5,0.7
2024-02-11T1600,3376A,103.7947,25.462,曲靖市,南苑二区,,31,28,59,10,40,97,,83,83,6,10,4,14,0.5,0.6
2024-02-11T1600,3377A,103.7444,25.5261,曲靖市,曲靖师范学院,,31,24,40,20,33,99,,82,82,4,9,5,8,0.4,0.5
2024-02-11T1600,1264A,118.8692,28.9398,衢州市,环保大楼,,49,49,70,28,55,94,,79,79,8,12,6,6,0.5,0.7
2024-02-11T1600,1265A,118.8709,28.9666,衢州市,实验学校,,50,50,70,33,52,94,,80,80,5,8,4,5,0.2,0.4
2024-02-11T1600,1266A,118.8621,28.9808,衢州市,衢州学院,,47,47,68,29,53,96,,80,80,6,9,7,8,0.2,0.4
2024-02-11T1600,1611A,118.5819,24.9117,泉州市,涂山街,,36,30,63,24,56,114,,90,90,5,10,3,4,0.6,0.8
2024-02-11T1600,1612A,118.5972,24.8978,泉州市,津头埔,,33,25,63,23,56,103,,82,82,7,12,4,5,0.5,0.7
2024-02-11T1600,1613A,118.6663,24.9424,泉州市,万安,,36,35,60,25,49,115,,95,95,5,8,3,3,0.4,0.5
2024-02-11T1600,3529A,118.6333,24.9264,泉州市,城华南路,,35,28,53,23,46,109,,90,90,1,4,4,5,0.6,0.6
2024-02-11T1600,2626A,88.8876,29.2718,日喀则市,日喀则监测站,,31,,28,8,28,99,,71,71,4,22,5,5,0.4,0.8
2024-02-11T1600,3726A,88.8781,29.2426,日喀则市,林业技术推广中心,,30,11,17,1,10,93,,70,70,3,8,7,7,0.4,0.5
2024-02-11T1600,1659A,119.471,35.4209,日照市,监测站,细颗粒物(PM2.5),98,119,189,73,153,129,,98,98,18,44,13,18,0.8,1.6
2024-02-11T1600,1660A,119.523,35.4216,日照市,市政府广场,细颗粒物(PM2.5),88,114,169,65,134,123,,106,106,15,34,12,15,0.9,1.4
2024-02-11T1600,1661A,119.5587,35.4044,日照市,港务局,颗粒物(PM10),89,127,193,64,145,129,,100,100,17,45,12,11,0.7,1.3
2024-02-11T1600,3507A,119.5328,35.4625,日照市,职业技术学院,细颗粒物(PM2.5),83,112,169,61,130,122,,105,105,20,29,12,14,0.9,1.4
2024-02-11T1600,3604A,119.3266,35.1044,日照市,岚山环保分局,细颗粒物(PM2.5),119,149,219,90,180,127,,113,113,17,37,18,26,1.1,2.3
2024-02-11T1600,1835A,111.1922,34.7752,三门峡市,市政府,颗粒物(PM10),67,83,152,30,46,98,,75,75,7,17,8,10,0.4,0.6
2024-02-11T1600,1836A,111.1587,34.7942,三门峡市,开发区,颗粒物(PM10),75,99,178,32,54,98,,71,71,11,18,6,7,0.5,0.7
2024-02-11T1600,3039A,111.1911,34.7829,三门峡市,三门峡市第一小学,颗粒物(PM10),87,123,163,31,45,99,,76,76,12,19,4,5,0.4,0.6
2024-02-11T1600,3598A,111.1,34.7167,三门峡市,富达温泉假日酒店,颗粒物(PM10),68,86,174,27,56,98,,70,70,18,21,6,11,0.7,1
2024-02-11T1600,2324A,117.6211,26.2625,三明市,三钢,,29,27,43,17,35,92,,53,53,2,11,5,10,0.1,1
2024-02-11T1600,2325A,117.635,26.2714,三明市,三明二中,,40,40,50,18,40,95,,54,54,7,16,6,11,0.4,1.4
2024-02-11T1600,2326A,117.6028,26.2378,三明市,三元区政府,,31,28,44,17,32,97,,53,53,4,12,6,10,0.5,1.4
2024-02-11T1600,1876A,109.5078,18.2489,三亚市,河东子站,,32,25,17,22,13,81,,68,68,6,6,5,4,0.6,0.7
2024-02-11T1600,1877A,109.4964,18.2681,三亚市,河西子站,,32,25,18,22,15,80,,62,62,4,5,4,4,0.7,0.8
2024-02-11T1600,3540A,109.7348,18.3443,三亚市,君悦子站,,40,40,25,20,16,83,,76,76,6,5,4,4,0.6,0.6
2024-02-11T1600,2624A,91.7608,29.2313,山南市,山南监测站,,30,9,14,4,6,94,,80,80,2,4,5,5,0.3,0.3
2024-02-11T1600,2625A,91.7706,29.2436,山南市,山南人民医院,,29,6,16,1,7,91,,79,79,3,5,4,4,0.2,0.2
2024-02-11T1600,1674A,116.6794,23.3667,汕头市,金平子站,,44,44,77,23,69,113,,87,87,2,7,7,8,0.7,0.9
2024-02-11T1600,1675A,116.7244,23.3633,汕头市,龙湖子站,,35,34,62,24,50,104,,81,81,8,12,8,9,0.7,0.9
2024-02-11T1600,1676A,116.7258,23.2775,汕头市,濠江子站,,39,39,72,21,72,106,,86,86,6,11,9,10,0.6,0.9
2024-02-11T1600,1677A,116.7519,23.4714,汕头市,澄海子站,,44,44,62,20,62,112,,84,84,9,12,8,8,0.4,0.7
2024-02-11T1600,1678A,116.6092,23.2539,汕头市,潮阳子站,,37,37,73,21,80,96,,73,73,4,13,10,10,1.0,1.2
2024-02-11T1600,3444A,116.454,23.2684,汕头市,潮南峡山,,39,31,91,27,70,111,,82,82,6,11,10,10,0.5,0.8
2024-02-11T1600,3624A,116.4069,23.2533,汕头市,潮南子站,,44,44,135,30,107,104,,74,74,2,7,9,10,0.7,0.9
2024-02-11T1600,1693A,115.3653,22.775,汕尾市,市环保局,,46,46,41,30,52,112,,83,83,4,7,9,9,0.6,0.7
2024-02-11T1600,1694A,115.3706,22.7898,汕尾市,市政府,细颗粒物(PM2.5),53,46,51,37,46,114,,82,82,3,5,6,5,0.6,0.6
2024-02-11T1600,1695A,115.3622,22.7925,汕尾市,新城中学,,46,46,56,29,47,109,,81,81,5,7,7,6,0.5,0.6
2024-02-11T1600,2645A,109.9154,33.8715,商洛市,监测站,颗粒物(PM10),69,88,116,36,38,89,,71,71,11,8,9,7,0.5,0.4
2024-02-11T1600,3045A,109.9643,33.8471,商洛市,商州区中学,颗粒物(PM10),77,104,119,32,33,96,,74,74,8,10,8,6,0.4,0.4
2024-02-11T1600,2408A,115.6702,34.4285,商丘市,环境监测站,颗粒物(PM10),103,155,464,56,414,,,79,79,5,30,10,16,0.4,1.4
2024-02-11T1600,2409A,115.6458,34.4045,商丘市,粮食局,颗粒物(PM10),104,157,404,56,342,109,,84,84,2,28,12,18,0.4,1.2
2024-02-11T1600,2410A,115.6293,34.3948,商丘市,睢阳区环保局,,,,371,,309,,,70,70,,32,,15,,1.2
2024-02-11T1600,3171A,115.6071,34.4465,商丘市,梁园区档案局,颗粒物(PM10),120,189,348,63,275,110,,86,86,10,28,10,13,0.2,0.9
2024-02-11T1600,1141A,121.4,31.238,上海市,普陀,颗粒物(PM10),74,97,99,42,71,115,,92,92,12,33,7,8,0.6,0.9
2024-02-11T1600,1142A,121.478,31.2036,上海市,十五厂,颗粒物(PM10),71,92,98,44,79,112,,92,92,10,40,8,9,0.6,1
2024-02-11T1600,1143A,121.467,31.3008,上海市,虹口,颗粒物(PM10),71,92,102,51,80,113,,95,95,14,48,6,8,0.6,1
2024-02-11T1600,1144A,121.412,31.1654,上海市,徐汇上师大,颗粒物(PM10),70,90,96,46,75,121,,98,98,16,30,10,9,0.4,0.7
2024-02-11T1600,1145A,121.536,31.2659,上海市,杨浦四漂,,,97,99,32,64,124,,107,107,10,39,,8,0.7,1.2
2024-02-11T1600,1147A,121.425,31.2261,上海市,静安监测站,颗粒物(PM10),68,85,94,45,72,116,,94,94,19,37,9,9,0.5,0.8
2024-02-11T1600,1148A,121.703,31.1907,上海市,浦东川沙,细颗粒物(PM2.5),77,102,135,56,110,119,,99,99,19,40,9,9,0.7,0.9
2024-02-11T1600,1149A,121.533,31.2284,上海市,浦东新区监测站,颗粒物(PM10),68,86,95,47,68,113,,95,95,20,32,8,10,0.6,1
2024-02-11T1600,1150A,121.577,31.2071,上海市,浦东张江,细颗粒物(PM2.5),74,88,104,54,77,104,,92,92,7,26,7,7,0.8,1.1
2024-02-11T1600,3265A,121.4316,31.3322,上海市,宝山庙行,颗粒物(PM10),75,100,100,49,79,113,,94,94,11,29,7,8,0.7,1
2024-02-11T1600,3266A,121.8791,31.4662,上海市,崇明上实东滩,细颗粒物(PM2.5),115,131,132,87,113,129,,104,104,11,31,10,8,1.0,1
2024-02-11T1600,3268A,121.3162,31.2838,上海市,嘉定南翔,颗粒物(PM10),71,92,146,42,96,114,,94,94,7,43,10,13,0.6,0.9
2024-02-11T1600,3269A,121.3359,30.7456,上海市,金山新城,颗粒物(PM10),61,72,90,42,72,112,,100,100,9,17,9,9,0.6,0.8
2024-02-11T1600,3270A,121.4996,31.0739,上海市,闵行浦江,颗粒物(PM10),70,90,125,50,97,122,,99,99,11,27,10,10,0.6,0.9
2024-02-11T1600,3271A,121.2886,31.1663,上海市,青浦徐泾,细颗粒物(PM2.5),74,95,105,54,80,123,,99,99,9,28,8,7,0.7,0.9
2024-02-11T1600,3272A,121.2186,31.0378,上海市,松江图书馆,细颗粒物(PM2.5),67,79,120,48,90,116,,95,95,12,24,8,8,0.5,0.8
2024-02-11T1600,3273A,121.3902,31.2059,上海市,长宁仙霞,颗粒物(PM10),72,94,104,41,73,117,,92,92,12,41,8,8,0.7,1
2024-02-11T1600,3274A,121.7965,31.0507,上海市,浦东惠南,细颗粒物(PM2.5),75,94,120,55,95,123,,100,100,13,36,8,8,0.8,1.1
2024-02-11T1600,3544A,121.4891,30.925,上海市,奉贤南桥新城,颗粒物(PM10),66,82,103,43,79,116,,100,100,12,21,9,9,0.7,0.9
2024-02-11T1600,2381A,118.005,28.4572,上饶市,百草园,,,66,79,32,61,103,,74,74,3,6,4,8,,
2024-02-11T1600,2382A,117.9756,28.4436,上饶市,市监测站,颗粒物(PM10),56,61,92,33,67,104,,71,71,4,8,6,10,0.6,0.8
2024-02-11T1600,2383A,117.9519,28.4628,上饶市,凤凰光学,颗粒物(PM10),62,74,89,34,66,102,,74,74,2,11,4,6,0.5,0.9
2024-02-11T1600,3413A,118.1953,28.4401,上饶市,广丰区教体局,颗粒物(PM10),60,69,100,30,70,99,,75,75,2,6,2,8,0.2,0.6
2024-02-11T1600,3685A,117.897,28.4315,上饶市,双创科技城,颗粒物(PM10),62,73,86,33,64,100,,72,72,4,10,4,8,0.5,0.8
2024-02-11T1600,1669A,113.5824,24.7733,韶关市,市八中,,37,37,71,25,52,86,,52,52,2,10,8,8,0.4,0.6
2024-02-11T1600,1671A,113.5917,24.7972,韶关市,园林处,,35,24,62,24,60,88,,51,51,1,13,8,8,0.5,0.7
2024-02-11T1600,1672A,113.6735,24.7791,韶关市,韶关学院,,39,30,45,27,42,94,,57,57,2,4,7,6,0.4,0.6
2024-02-11T1600,1673A,113.5971,24.6863,韶关市,曲江监测站,,,35,63,30,50,94,,76,76,,9,13,13,0.8,0.6
2024-02-11T1600,3622A,113.5556,24.8082,韶关市,碧湖山庄,,40,32,56,28,48,88,,52,52,2,4,9,9,0.3,0.4
2024-02-11T1600,2462A,111.5239,27.3033,邵阳市,市水土所,细颗粒物(PM2.5),87,84,85,64,82,96,,60,60,2,3,12,8,0.7,0.6
2024-02-11T1600,2463A,111.4733,27.2317,邵阳市,市一中,细颗粒物(PM2.5),87,74,190,64,158,115,,71,71,4,18,10,8,0.7,0.9
2024-02-11T1600,2464A,111.5283,27.2442,邵阳市,市化工厂,细颗粒物(PM2.5),82,70,128,60,109,111,,70,70,4,13,10,9,0.7,0.8
2024-02-11T1600,2465A,111.4503,27.2537,邵阳市,市罐头厂,细颗粒物(PM2.5),82,91,140,60,135,108,,68,68,6,13,11,10,0.6,0.8
2024-02-11T1600,2466A,111.4328,27.2272,邵阳市,市环保局,细颗粒物(PM2.5),85,78,109,63,105,109,,69,69,5,10,10,10,0.8,0.8
2024-02-11T1600,1247A,120.6053,29.9928,绍兴市,城东开发委,细颗粒物(PM2.5),58,63,80,41,65,120,,94,94,15,22,8,8,0.2,0.4
2024-02-11T1600,2921A,120.5483,30.0003,绍兴市,树下王站,细颗粒物(PM2.5),59,56,93,42,79,112,,92,92,2,14,8,8,0.5,0.7
2024-02-11T1600,3408A,120.5683,29.9361,绍兴市,绍兴中专,颗粒物(PM10),63,76,63,35,39,112,,90,90,6,7,5,4,0.6,0.7
2024-02-11T1600,3409A,120.4906,30.0861,绍兴市,柯桥区政府,颗粒物(PM10),52,53,99,30,74,111,,90,90,4,13,6,7,0.6,0.8
2024-02-11T1600,3410A,120.8752,30.0249,绍兴市,重华小学,细颗粒物(PM2.5),67,60,68,48,65,111,,86,86,4,6,8,8,0.2,0.4
2024-02-11T1600,3411A,120.8369,30.0137,绍兴市,上虞中学,细颗粒物(PM2.5),63,59,69,45,66,116,,88,88,9,12,7,6,0.6,0.7
2024-02-11T1600,3560A,120.4722,30.0415,绍兴市,柯桥妇保,颗粒物(PM10),54,57,75,37,70,109,,88,88,6,16,7,7,0.4,0.6
2024-02-11T1600,3658A,120.6153,30.0764,绍兴市,袍江中学,颗粒物(PM10),55,60,99,35,80,119,,98,98,5,14,8,8,0.6,0.9
2024-02-11T1600,1356A,114.1063,22.5545,深圳市,通心岭子站,,35,28,73,21,65,109,,88,88,2,13,4,4,0.2,0.5
2024-02-11T1600,1357A,114.117,22.5625,深圳市,洪湖,,38,30,73,26,58,104,,84,84,3,19,7,7,0.4,0.7
2024-02-11T1600,1358A,113.987,22.5417,深圳市,华侨城,,32,21,52,19,50,101,,79,79,2,10,4,5,0.4,0.7
2024-02-11T1600,1359A,113.9181,22.5171,深圳市,南海子站,,35,26,101,19,89,110,,86,86,4,25,5,6,0.5,0.9
2024-02-11T1600,1360A,114.2458,22.5689,深圳市,盐田,,33,26,32,20,29,103,,74,74,12,17,3,2,0.4,0.6
2024-02-11T1600,1361A,114.2283,22.7244,深圳市,龙岗,,32,32,83,22,69,100,,82,82,2,8,4,4,0.6,0.8
2024-02-11T1600,1363A,114.494,22.5422,深圳市,南澳,,35,30,34,24,26,103,,88,88,2,2,5,5,0.4,0.6
2024-02-11T1600,1364A,114.41,22.6342,深圳市,葵涌,,,,55,24,53,104,,88,88,8,10,2,3,,0.6
2024-02-11T1600,1365A,114.297,22.5978,深圳市,梅沙,,37,37,35,22,26,102,,89,89,8,5,4,4,0.5,0.6
2024-02-11T1600,1366A,114.0678,22.738,深圳市,观澜,,32,28,84,21,71,101,,79,79,2,7,4,5,0.4,0.6
2024-02-11T1600,3305A,114.0731,22.559,深圳市,莲花,,32,23,64,17,57,102,,86,86,4,16,7,6,0.3,0.6
2024-02-11T1600,3306A,114.0261,22.6198,深圳市,民治,,30,26,69,21,57,95,,78,78,4,15,2,2,0.4,0.7
2024-02-11T1600,3307A,114.1871,22.6451,深圳市,横岗,,33,27,69,23,60,102,,84,84,4,14,2,2,0.1,0.4
2024-02-11T1600,3447A,114.3551,22.7151,深圳市,坪山,,38,35,68,26,57,101,,83,83,3,9,5,4,0.5,0.7
2024-02-11T1600,3623A,113.8953,22.5861,深圳市,西乡,,31,22,67,14,49,99,,78,78,2,10,8,9,0.3,0.6
2024-02-11T1600,1099A,123.505,41.7406,沈阳市,浑南东路,,26,13,72,3,47,81,,68,68,20,35,18,18,0.4,0.9
2024-02-11T1600,1100A,123.4231,41.6989,沈阳市,新秀街,,32,29,70,22,57,80,,71,71,15,26,12,15,0.6,1
2024-02-11T1600,1102A,123.5903,41.8411,沈阳市,东陵路,,36,35,78,25,72,86,,70,70,12,24,12,14,0.4,1
2024-02-11T1600,1103A,123.4264,41.8467,沈阳市,陵东街,,30,29,64,21,52,83,,73,73,12,38,10,21,0.4,0.9
2024-02-11T1600,1104A,123.4114,41.7653,沈阳市,文化路,,33,33,67,23,54,80,,71,71,20,23,10,12,0.4,0.8
2024-02-11T1600,1105A,123.4678,41.7867,沈阳市,小河沿,,34,34,78,20,58,81,,69,69,14,28,10,15,0.6,1.1
2024-02-11T1600,1106A,123.4017,41.7972,沈阳市,太原街,,43,43,80,23,60,74,,69,69,21,30,21,22,0.7,1.2
2024-02-11T1600,1108A,123.3783,41.9228,沈阳市,京沈街,,34,34,75,23,66,93,,81,81,6,27,6,20,0.5,0.9
2024-02-11T1600,2897A,123.2444,41.7347,沈阳市,沈辽西路,,37,37,98,18,69,89,,76,76,6,20,7,14,0.6,1.2
2024-02-11T1600,2900A,123.5953,41.9086,沈阳市,裕农路,,38,34,71,26,59,90,,77,77,9,23,9,15,0.4,0.9
2024-02-11T1600,2428A,111.0419,32.395,十堰市,武当山,颗粒物(PM10),56,62,62,25,24,84,,81,79,9,6,12,14,0.9,0.7
2024-02-11T1600,2429A,110.78,32.6494,十堰市,滨河新村,颗粒物(PM10),64,78,98,45,55,85,,56,56,15,27,8,9,0.4,0.7
2024-02-11T1600,2430A,110.7258,32.6389,十堰市,刘家沟,颗粒物(PM10),70,90,77,32,38,92,,63,63,6,9,8,8,0.7,0.8
2024-02-11T1600,2431A,110.8839,32.5714,十堰市,铁二处,颗粒物(PM10),57,64,79,32,48,88,,61,61,5,14,8,7,0.5,0.6
2024-02-11T1600,3545A,110.8054,32.8401,十堰市,郧阳区金沙路,"颗粒物(PM10),细颗粒物(PM2.5)",63,76,69,45,44,90,,66,66,7,11,4,5,0.6,0.7
2024-02-11T1600,2709A,86.0497,44.2967,石河子市,艾青诗歌馆,细颗粒物(PM2.5),297,312,285,247,200,88,,73,73,47,42,13,8,2.0,2.2
2024-02-11T1600,2710A,86.0697,44.3075,石河子市,阳光学校,细颗粒物(PM2.5),292,321,273,242,204,81,,64,64,55,55,15,9,2.0,2.2
2024-02-11T1600,3442A,86.047,44.2331,石河子市,南区管委会,细颗粒物(PM2.5),206,204,192,156,145,114,,108,108,34,24,6,4,1.5,1.3
2024-02-11T1600,1029A,114.4422,38.0444,石家庄市,职工医院,,43,43,135,22,113,104,,88,88,6,22,5,10,0.4,0.8
2024-02-11T1600,1030A,114.6063,38.0266,石家庄市,高新区,,38,38,148,20,114,103,,79,79,6,20,4,8,0.4,0.9
2024-02-11T1600,1031A,114.4898,38.1328,石家庄市,西北水源,,32,29,144,20,118,102,,72,72,15,22,5,8,0.4,0.9
2024-02-11T1600,1032A,114.4586,38.0058,石家庄市,西南高教,,42,42,162,22,117,101,,80,80,7,25,7,13,0.3,0.8
2024-02-11T1600,1033A,114.5331,38.0178,石家庄市,世纪公园,颗粒物(PM10),51,51,166,18,136,104,,79,79,7,19,4,8,0.4,1
2024-02-11T1600,1034A,114.509,38.0457,石家庄市,人民会堂,,33,30,141,20,118,105,,85,85,6,17,5,10,0.5,0.8
2024-02-11T1600,1035A,114.3524,37.8911,石家庄市,封龙山,,45,45,78,13,36,97,,88,88,5,5,5,6,0.6,0.5
2024-02-11T1600,2862A,114.5481,38.0378,石家庄市,22中南校区,,42,42,159,13,122,103,,80,80,10,23,6,12,0.5,0.9
2024-02-11T1600,3456A,114.289,38.0906,石家庄市,鹿泉一中,,39,39,103,16,65,105,,91,91,19,18,5,8,0.4,0.6
2024-02-11T1600,3573A,114.8506765,38.0322033,石家庄市,藁城区实验学校,颗粒物(PM10),52,53,151,23,120,113,,87,87,3,21,5,11,0.4,0.9
2024-02-11T1600,3574A,114.0504658,38.0591645,石家庄市,井陉矿区区委大楼,,34,34,90,7,46,106,,86,86,9,20,8,14,0.3,0.5
2024-02-11T1600,4024A,114.6549,37.9020,石家庄市,栾城区星河路,颗粒物(PM10),58,65,177,18,140,109,,86,86,2,22,5,14,1.2,1.2
2024-02-11T1600,1947A,106.3394,38.817,石嘴山市,沙湖旅游区,细颗粒物(PM2.5),57,61,71,40,33,102,,64,64,12,18,14,17,0.5,0.9
2024-02-11T1600,1948A,106.3668,39.0145,石嘴山市,大武口朝阳西街,细颗粒物(PM2.5),89,92,99,66,52,86,,57,57,20,26,106,34,1.6,1
2024-02-11T1600,1949A,106.7704,39.2282,石嘴山市,惠农南大街,颗粒物(PM10),58,65,58,30,27,85,,62,62,15,21,23,21,0.8,0.7
2024-02-11T1600,1950A,106.7099,39.1325,石嘴山市,红果子镇惠新街,颗粒物(PM10),66,82,58,38,29,91,,65,65,22,17,25,21,0.7,0.5
2024-02-11T1600,3520A,106.3495,38.9836,石嘴山市,妇女儿童医院,细颗粒物(PM2.5),68,80,64,49,35,87,,60,60,17,21,30,21,1.2,0.8
2024-02-11T1600,3521A,106.7492,39.2069,石嘴山市,石大公路,颗粒物(PM10),61,72,68,38,42,84,,58,58,15,32,15,16,0.7,0.8
2024-02-11T1600,2248A,131.1511,46.6937,双鸭山市,双合村,细颗粒物(PM2.5),105,132,160,79,106,104,,101,101,18,19,22,21,0.9,1
2024-02-11T1600,2249A,131.1652,46.6191,双鸭山市,南小市,细颗粒物(PM2.5),92,70,137,68,128,92,,96,91,10,19,10,13,0.6,0.9
2024-02-11T1600,2250A,131.1524,46.6554,双鸭山市,环保局,细颗粒物(PM2.5),92,95,148,68,125,93,,106,99,18,20,12,15,0.7,0.9
2024-02-11T1600,2251A,131.12,46.5656,双鸭山市,苗圃,颗粒物(PM10),54,58,122,20,115,127,,145,130,11,15,6,9,0.4,0.7
2024-02-11T1600,2166A,112.4397,39.3522,朔州市,平朔,,33,18,60,11,34,104,,78,78,4,16,8,16,0.3,0.5
2024-02-11T1600,2167A,112.4575,39.3617,朔州市,朔唯,,33,26,58,12,23,103,,78,78,3,12,6,16,0.4,0.6
2024-02-11T1600,2168A,112.4258,39.3197,朔州市,区政府,,34,23,72,9,40,106,,81,81,1,14,7,17,0.5,0.7
2024-02-11T1600,2169A,112.4072,39.3278,朔州市,市环保局,,36,23,73,6,38,113,,85,85,4,17,8,20,0.8,0.8
2024-02-11T1600,2170A,112.4272,39.3681,朔州市,市二中,,35,27,57,9,24,109,,82,82,5,14,7,15,0.4,0.5
2024-02-11T1600,3571A,112.2931,39.53,朔州市,一水厂,,37,31,50,13,23,116,,101,101,4,6,11,11,0.4,0.4
2024-02-11T1600,2225A,124.4002,43.1713,四平市,一商场,,50,50,100,21,68,100,,96,96,8,15,7,11,0.1,0.5
2024-02-11T1600,2226A,124.388,43.193,四平市,境园,,40,38,83,28,74,95,,90,90,3,13,7,12,0.3,0.6
2024-02-11T1600,3486A,124.4036,43.1411,四平市,植物园,颗粒物(PM10),61,71,98,35,77,85,,86,86,19,23,7,10,0.2,0.7
2024-02-11T1600,3713A,124.3419,43.1666,四平市,世纪城,,30,30,94,15,74,96,,90,90,2,10,5,10,0.2,0.6
2024-02-11T1600,2233A,124.8006,45.1214,松原市,江南,,38,38,64,19,53,83,,74,74,2,3,8,9,0.3,0.4
2024-02-11T1600,2234A,124.7965,45.1722,松原市,江北,,28,22,51,17,50,87,,77,77,7,10,5,7,0.3,0.5
2024-02-11T1600,1160A,120.561,31.2472,苏州市,上方山,细颗粒物(PM2.5),85,86,81,63,73,120,,98,98,5,8,8,7,0.8,0.9
2024-02-11T1600,1162A,120.591,31.3019,苏州市,彩香,细颗粒物(PM2.5),82,87,130,60,116,107,,90,90,6,26,8,9,0.8,1
2024-02-11T1600,1163A,120.596,31.3264,苏州市,轧钢厂,细颗粒物(PM2.5),74,94,149,54,115,114,,95,95,2,28,10,10,0.8,1.2
2024-02-11T1600,1164A,120.613,31.2703,苏州市,吴中区,"颗粒物(PM10),细颗粒物(PM2.5)",65,80,114,47,91,114,,97,97,7,25,9,10,0.6,0.9
2024-02-11T1600,1165A,120.543,31.2994,苏州市,苏州新区,细颗粒物(PM2.5),82,91,120,60,99,118,,99,99,3,21,6,7,0.8,0.9
2024-02-11T1600,1166A,120.669,31.3097,苏州市,苏州工业园区,颗粒物(PM10),74,98,124,51,96,113,,95,95,1,19,10,11,0.6,0.8
2024-02-11T1600,1167A,120.641,31.3708,苏州市,相城区,颗粒物(PM10),67,83,111,43,88,115,,100,100,2,15,9,10,0.5,0.8
2024-02-11T1600,3289A,120.743,31.3188,苏州市,方洲路,颗粒物(PM10),61,71,110,40,90,112,,98,98,1,16,8,8,0.6,0.9
2024-02-11T1600,3290A,120.5031,31.2774,苏州市,木渎中学,细颗粒物(PM2.5),83,79,83,61,74,121,,102,102,10,12,10,10,0.8,0.9
2024-02-11T1600,3425A,120.624,31.1733,苏州市,越秀幼儿园,颗粒物(PM10),70,90,104,46,92,117,,96,96,1,14,7,7,0.7,0.9
2024-02-11T1600,3431A,120.6505,31.416,苏州市,高铁新城,"颗粒物(PM10),细颗粒物(PM2.5)",69,87,103,50,83,117,,98,98,6,15,8,8,0.5,0.7
2024-02-11T1600,1220A,118.293,33.9528,宿迁市,宿迁学院,颗粒物(PM10),71,91,359,48,291,109,,85,85,20,31,3,5,0.1,0.9
2024-02-11T1600,1221A,118.2442,33.9592,宿迁市,宿迁中学,细颗粒物(PM2.5),74,87,368,54,322,100,,80,80,11,27,7,8,0.6,1.1
2024-02-11T1600,2996A,118.283,33.965,宿迁市,市供电局,颗粒物(PM10),69,88,346,49,299,105,,87,87,10,25,7,7,0.6,1.2
2024-02-11T1600,3191A,118.3225,33.9447,宿迁市,宿豫区政府,颗粒物(PM10),77,104,346,52,293,106,,87,87,13,34,7,7,0.7,1.2
2024-02-11T1600,3187A,116.9509,33.666,宿州市,远航博物馆,颗粒物(PM10),78,106,232,53,185,116,,77,77,9,18,7,9,0.5,0.9
2024-02-11T1600,3463A,116.9708,33.591,宿州市,社会福利中心,颗粒物(PM10),76,101,208,51,158,115,,76,76,9,15,5,6,0.5,1
2024-02-11T1600,3634A,116.9884,33.6305,宿州市,宿州学院,颗粒物(PM10),81,112,274,58,193,111,,75,75,8,21,9,10,0.7,1.1
2024-02-11T1600,3701A,116.9648,33.6252,宿州市,皖北煤电集团,颗粒物(PM10),79,108,234,53,195,113,,74,74,5,20,7,9,0.5,1.1
2024-02-11T1600,2266A,126.9785,46.6365,绥化市,人和东街,细颗粒物(PM2.5),148,139,268,113,232,114,,96,96,21,27,13,13,1.0,1.5
2024-02-11T1600,2267A,126.964,46.6528,绥化市,党政办公中心,细颗粒物(PM2.5),160,128,246,122,231,123,,103,103,19,25,14,17,0.9,1.3
2024-02-11T1600,2451A,113.3583,31.7275,随州市,市委党校,颗粒物(PM10),71,91,168,50,142,102,,59,59,2,14,7,8,0.5,1
2024-02-11T1600,2452A,113.3833,31.6908,随州市,市林业局,颗粒物(PM10),72,94,156,51,134,102,,61,61,2,10,8,9,0.6,1
2024-02-11T1600,2453A,113.3983,31.7308,随州市,市立交桥水厂,颗粒物(PM10),71,92,154,50,134,101,,60,60,8,15,10,10,0.7,1
2024-02-11T1600,2527A,105.5453,30.5678,遂宁市,石溪浩,细颗粒物(PM2.5),73,68,96,53,75,111,,65,65,5,11,7,6,0.7,0.8
2024-02-11T1600,2528A,105.5582,30.5232,遂宁市,市监测站,细颗粒物(PM2.5),63,67,94,45,74,104,,60,60,7,29,10,10,0.6,0.7
2024-02-11T1600,2529A,105.5861,30.5366,遂宁市,行政中心,细颗粒物(PM2.5),64,74,83,46,68,106,,65,65,3,13,8,8,0.7,0.8
2024-02-11T1600,2530A,105.5918,30.4728,遂宁市,美宁食品公司,细颗粒物(PM2.5),60,60,88,43,62,105,,62,62,5,21,9,9,0.7,0.8
2024-02-11T1600,2706A,82.9994,46.7432,塔城地区,东门外小游园,,25,25,30,15,15,62,,54,54,4,6,4,4,0.0,0.4
2024-02-11T1600,1255A,121.273,28.6459,台州市,黄岩环保大楼,细颗粒物(PM2.5),57,58,77,40,63,102,,83,83,6,10,6,6,0.5,0.6
2024-02-11T1600,1256A,121.419,28.6542,台州市,台州环保大楼,细颗粒物(PM2.5),79,67,88,58,71,108,,88,88,3,7,6,5,0.4,0.5
2024-02-11T1600,1257A,121.377,28.5773,台州市,路桥田洋王,细颗粒物(PM2.5),74,57,71,54,68,103,,86,86,8,14,5,6,0.5,0.6
2024-02-11T1600,3564A,121.2568,28.6681,台州市,台州科技职业学院,细颗粒物(PM2.5),63,61,67,45,55,102,,82,82,8,10,6,5,0.4,0.4
2024-02-11T1600,1081A,112.522,37.8873,太原市,尖草坪,颗粒物(PM10),53,55,96,27,47,107,,74,74,11,19,11,11,0.2,0.5
2024-02-11T1600,1084A,112.469,37.7124,太原市,晋源,颗粒物(PM10),54,57,130,28,62,115,,72,72,9,26,14,15,0.5,0.8
2024-02-11T1600,1085A,112.5583,37.7394,太原市,小店,颗粒物(PM10),56,62,134,31,60,127,,82,82,9,22,13,18,0.5,0.9
2024-02-11T1600,1086A,112.5369,37.8692,太原市,桃园,颗粒物(PM10),53,56,121,24,60,111,,77,77,9,18,10,12,0.4,0.6
2024-02-11T1600,1087A,112.57,37.8195,太原市,坞城,颗粒物(PM10),52,54,119,25,64,114,,83,83,14,22,12,19,0.3,0.7
2024-02-11T1600,1088A,112.549,37.9854,太原市,南寨,颗粒物(PM10),56,62,91,24,35,107,,73,73,14,16,16,13,1.2,1
2024-02-11T1600,3618A,112.4719,37.7831,太原市,金胜,,49,49,91,19,41,113,,78,78,9,12,12,11,0.4,0.5
2024-02-11T1600,4010A,112.5608,37.8807,太原市,育英中学,,42,42,105,20,54,110,,81,81,12,21,10,14,0.5,0.8
2024-02-11T1600,1656A,117.1437,36.1937,泰安市,监测站,细颗粒物(PM2.5),149,180,149,114,109,118,,86,86,15,32,14,18,1.1,1.2
2024-02-11T1600,1657A,117.0885,36.2017,泰安市,人口学校,细颗粒物(PM2.5),169,161,128,128,100,113,,79,79,14,27,16,17,1.2,1.1
2024-02-11T1600,1658A,117.1089,36.1758,泰安市,电力学校,细颗粒物(PM2.5),192,168,161,144,130,120,,85,85,21,47,17,21,0.7,0.9
2024-02-11T1600,3502A,117.1812,36.2275,泰安市,国网新校,细颗粒物(PM2.5),147,164,108,112,81,135,,99,99,12,13,15,14,1.2,1.1
2024-02-11T1600,3503A,117.0313,36.2018,泰安市,交通技校,细颗粒物(PM2.5),176,171,106,133,87,128,,91,91,9,16,13,12,1.0,0.9
2024-02-11T1600,3504A,117.0829,36.13,泰安市,山东第一医科大学,细颗粒物(PM2.5),190,183,123,143,99,128,,94,94,10,17,15,18,0.7,0.8
2024-02-11T1600,1206A,119.905,32.4878,泰州市,公园路,细颗粒物(PM2.5),117,144,164,88,123,132,,97,97,19,20,10,10,0.7,1
2024-02-11T1600,1207A,119.9189,32.4625,泰州市,莲花,,,125,145,70,112,127,,99,99,,20,8,9,0.5,0.8
2024-02-11T1600,1209A,119.888,32.4639,泰州市,留学生创业园,细颗粒物(PM2.5),99,117,160,74,115,128,,100,100,9,14,8,9,0.7,1
2024-02-11T1600,2997A,119.8767,32.3289,泰州市,王营,细颗粒物(PM2.5),132,138,156,100,129,130,,99,99,21,37,14,11,1.0,0.9
2024-02-11T1600,3295A,120.1259,32.5099,泰州市,姜堰区政府广场,细颗粒物(PM2.5),105,129,163,79,134,132,,105,105,12,17,12,14,0.7,1
2024-02-11T1600,3435A,119.9192,32.4322,泰州市,周山河街区,细颗粒物(PM2.5),113,122,143,85,116,130,,102,102,18,20,10,10,0.8,0.9
2024-02-11T1600,1037A,118.131,39.6363,唐山市,雷达站,颗粒物(PM10),56,61,107,28,83,94,,84,84,8,18,1,6,0.4,0.7
2024-02-11T1600,1038A,118.1725,39.6334,唐山市,物资局,颗粒物(PM10),53,56,98,34,76,91,,81,81,5,16,1,6,0.4,0.8
2024-02-11T1600,1040A,118.1705,39.6506,唐山市,十二中,颗粒物(PM10),56,61,99,35,69,96,,87,87,2,7,3,6,0.4,0.7
2024-02-11T1600,1041A,118.1869,39.622,唐山市,小山,,47,47,93,18,68,90,,80,80,7,14,1,6,0.4,0.7
2024-02-11T1600,3457A,118.4359,39.2762,唐山市,冀东油田职工医院,细颗粒物(PM2.5),98,102,94,73,76,94,,83,83,14,15,22,13,1.1,0.8
2024-02-11T1600,3575A,118.09279,39.58089,唐山市,正泰大街热力站,,50,50,108,35,85,94,,82,82,3,11,2,6,0.5,0.8
2024-02-11T1600,3576A,118.1562,39.8322,唐山市,丰润区政府,颗粒物(PM10),55,59,115,28,92,92,,71,71,5,16,2,6,0.4,0.9
2024-02-11T1600,3577A,118.43673,39.73809,唐山市,金山小学,颗粒物(PM10),57,63,115,24,82,88,,76,76,2,20,3,5,0.4,0.9
2024-02-11T1600,3578A,118.24498,39.66941,唐山市,政府服务中心,细颗粒物(PM2.5),58,58,85,41,71,93,,79,79,2,10,3,8,0.4,0.7
2024-02-11T1600,3692A,118.2059,39.6585,唐山市,消防缸窑路中队,颗粒物(PM10),55,59,89,35,61,93,,82,82,4,10,3,6,0.2,0.6
2024-02-11T1600,3693A,118.1436,39.6202,唐山市,路南电大,,50,50,102,34,81,91,,80,80,13,17,3,6,0.4,0.7
2024-02-11T1600,1015A,117.1444,39.1661,天津市,勤俭道,细颗粒物(PM2.5),84,81,111,62,85,104,,81,81,7,15,7,12,0.6,0.7
2024-02-11T1600,1017A,117.237,39.1082,天津市,大直沽八号路,细颗粒物(PM2.5),57,55,116,40,86,95,,76,76,10,18,5,10,0.3,0.6
2024-02-11T1600,1018A,117.202,39.0927,天津市,前进道,细颗粒物(PM2.5),70,63,101,51,78,95,,77,77,10,19,6,11,0.3,0.5
2024-02-11T1600,1019A,117.1837,39.2133,天津市,淮河道,细颗粒物(PM2.5),64,63,112,46,85,103,,86,86,10,18,6,11,0.5,0.6
2024-02-11T1600,1021A,117.307,39.0877,天津市,跃进路,细颗粒物(PM2.5),62,65,130,44,99,106,,86,86,7,17,8,13,0.5,0.8
2024-02-11T1600,1023A,117.707,39.0343,天津市,第四大街,细颗粒物(PM2.5),133,145,139,101,102,99,,69,69,21,24,12,13,1.2,1.2
2024-02-11T1600,1024A,117.457,38.8394,天津市,永明路,细颗粒物(PM2.5),97,93,151,72,126,100,,84,84,13,22,11,12,0.5,1
2024-02-11T1600,1026A,117.764,39.1587,天津市,汉北路,细颗粒物(PM2.5),150,169,128,115,87,58,,67,66,48,24,14,13,1.1,1.1
2024-02-11T1600,1027A,117.157,38.9194,天津市,团泊洼,细颗粒物(PM2.5),79,67,106,58,88,115,,103,103,11,15,8,10,0.8,1
2024-02-11T1600,2858A,117.7918,39.2474,天津市,河西一经路,,46,44,113,32,90,98,,82,82,5,16,7,13,0.5,1
2024-02-11T1600,2859A,117.3747,38.9846,天津市,津沽路,细颗粒物(PM2.5),52,51,130,36,100,95,,78,78,6,17,4,13,0.4,0.8
2024-02-11T1600,2860A,117.1589,39.0845,天津市,宾水西道,细颗粒物(PM2.5),87,82,108,64,80,103,,80,80,9,19,6,8,0.5,0.7
2024-02-11T1600,2922A,117.1941,39.1067,天津市,大理道,,,64,100,47,76,104,,81,81,,18,6,10,0.3,0.6
2024-02-11T1600,3020A,117.2101,39.1699,天津市,中山北路,细颗粒物(PM2.5),67,60,96,48,76,94,,80,80,16,21,5,9,0.4,0.5
2024-02-11T1600,3051A,117.3876,39.1488,天津市,西四道,细颗粒物(PM2.5),65,68,100,47,73,98,,79,79,6,15,5,8,0.6,0.7
2024-02-11T1600,3325A,117.0365,39.3828,天津市,雍阳西道,细颗粒物(PM2.5),87,96,94,64,66,103,,83,83,14,15,6,6,0.3,0.4
2024-02-11T1600,3326A,117.0296,39.0605,天津市,辛老路,细颗粒物(PM2.5),72,69,104,52,71,103,,83,83,12,18,4,10,0.5,0.6
2024-02-11T1600,3327A,116.9638,38.9375,天津市,地纬路,细颗粒物(PM2.5),64,65,127,46,98,105,,85,85,3,13,5,11,0.5,0.6
2024-02-11T1600,3460A,117.4067,40.0583,天津市,北环路,,27,27,64,17,44,83,,68,68,8,13,4,5,0.2,0.4
2024-02-11T1600,3461A,117.3045,39.7169,天津市,建设路,细颗粒物(PM2.5),65,68,96,47,69,89,,76,76,11,15,6,8,0.3,0.3
2024-02-11T1600,3462A,117.8199,39.3521,天津市,滨水东路,,45,44,107,31,78,108,,90,90,9,18,3,8,0.2,0.7
2024-02-11T1600,2650A,105.7205,34.5786,天水市,公园小学,颗粒物(PM10),52,54,103,35,50,98,,60,60,4,15,13,17,0.5,0.8
2024-02-11T1600,2651A,105.8945,34.5538,天水市,麦积国土局,,34,34,71,21,29,99,,,,13,13,33,24,0.2,0.5
2024-02-11T1600,2216A,123.8139,42.3022,铁岭市,汇工街西,,30,29,86,16,67,93,,83,83,6,24,9,18,0.3,0.9
2024-02-11T1600,2217A,123.8649,42.2923,铁岭市,水上乐园,,45,45,88,22,69,96,,84,84,7,19,5,11,0.3,0.8
2024-02-11T1600,2218A,123.8486,42.2867,铁岭市,银州路东段,,43,36,92,30,79,95,,84,84,8,20,6,12,0.4,0.9
2024-02-11T1600,2219A,123.7153,42.2217,铁岭市,金沙江路北,,39,39,82,25,71,96,,82,82,11,24,12,17,0.2,0.7
2024-02-11T1600,2229A,125.9358,41.7173,通化市,光明,,40,40,89,17,64,92,,67,67,7,32,11,18,0.7,1.1
2024-02-11T1600,2230A,125.9446,41.7325,通化市,铁路,,35,35,74,18,52,102,,71,71,4,29,9,14,0.6,1
2024-02-11T1600,2191A,122.2532,43.6801,通辽市,艺术职业学校,,45,,46,31,22,88,,82,82,9,17,5,17,0.5,0.5
2024-02-11T1600,3706A,122.2584,43.6333,通辽市,老干部活动中心,,30,30,56,10,26,82,,77,77,11,16,7,11,0,0
2024-02-11T1600,3708A,122.2922,43.6189,通辽市,东方明珠社区,,32,25,66,22,41,84,,77,77,14,21,10,11,0.3,0.4
2024-02-11T1600,1922A,109.0656,35.0994,铜川市,党校,颗粒物(PM10),72,94,59,29,23,104,,80,80,10,6,10,8,0.5,0.5
2024-02-11T1600,1923A,109.0697,35.0697,铜川市,王益区政府,颗粒物(PM10),76,101,88,35,29,110,,73,73,10,20,9,7,0.6,0.6
2024-02-11T1600,1924A,108.9344,34.9058,铜川市,新区管委会,颗粒物(PM10),75,99,72,32,25,105,,79,79,8,10,10,8,0.5,0.4
2024-02-11T1600,3651A,108.9543,34.8732,铜川市,旺旺集团,颗粒物(PM10),81,111,76,32,25,110,,86,86,7,8,8,12,0.2,0.1
2024-02-11T1600,2285A,117.8177,30.9412,铜陵市,市第四中学,颗粒物(PM10),78,106,107,46,81,105,,82,82,7,16,18,17,0.6,0.9
2024-02-11T1600,2286A,117.8059,30.9273,铜陵市,市公路局,颗粒物(PM10),73,95,107,42,80,98,,77,77,9,18,9,10,0.6,0.9
2024-02-11T1600,2287A,117.7807,30.9413,铜陵市,市新民污水厂,颗粒物(PM10),72,94,113,31,68,110,,78,78,13,25,10,25,0.5,0.8
2024-02-11T1600,2288A,117.7439,30.8792,铜陵市,市第九中学,颗粒物(PM10),72,93,103,33,73,107,,76,76,17,26,5,9,0.5,0.9
2024-02-11T1600,2289A,117.846,30.9413,铜陵市,车站新区,颗粒物(PM10),76,101,112,35,72,109,,84,84,10,17,4,5,0.4,0.7
2024-02-11T1600,2290A,117.8483,30.97,铜陵市,市职教基地,颗粒物(PM10),74,98,113,37,75,91,,68,68,10,17,10,7,0.4,0.7
2024-02-11T1600,2585A,109.1839,27.7344,铜仁市,铜仁卫校,,46,43,91,32,71,77,,42,42,7,14,6,6,0.5,0.8
2024-02-11T1600,2586A,109.1753,27.6944,铜仁市,铜仁七中,,45,,77,31,79,82,,48,48,2,7,7,6,0.5,0.6
2024-02-11T1600,2686A,89.1904,42.9418,吐鲁番市,市环保局,颗粒物(PM10),98,146,164,58,72,114,,80,80,21,44,4,4,1.0,1.5
2024-02-11T1600,2687A,89.1673,42.9559,吐鲁番市,地区环保局,颗粒物(PM10),103,156,167,64,76,116,,71,71,24,36,8,8,1.1,1.4
2024-02-11T1600,1662A,122.1214,37.4236,威海市,华夏技校,细颗粒物(PM2.5),54,51,91,38,75,106,,102,102,11,18,5,5,0.5,0.6
2024-02-11T1600,1663A,122.0508,37.5236,威海市,山大分校,细颗粒物(PM2.5),119,115,108,90,85,130,,111,111,13,15,10,8,0.7,0.7
2024-02-11T1600,1664A,122.1067,37.5072,威海市,市监测站,细颗粒物(PM2.5),104,100,106,78,85,116,,103,103,13,16,10,8,0.7,0.7
2024-02-11T1600,1982A,122.0693,37.2174,威海市,文登开发区,,45,42,105,31,84,101,,90,90,2,17,7,8,0.2,1.1
2024-02-11T1600,3505A,122.1379,37.3414,威海市,临港区管委会,,,,92,53,74,103,,91,91,,18,,5,0.4,0.7
2024-02-11T1600,1650A,119.1437,36.7023,潍坊市,环保局,细颗粒物(PM2.5),79,90,153,58,123,120,,98,98,24,26,20,14,0.9,1.5
2024-02-11T1600,2877A,119.1641,36.6523,潍坊市,坊子邮政,细颗粒物(PM2.5),80,95,152,59,130,122,,101,101,14,23,17,13,0.7,1.2
2024-02-11T1600,3178A,119.0587,36.721,潍坊市,潍坊七中,细颗粒物(PM2.5),77,88,159,56,130,109,,86,86,18,25,17,12,0.9,1.5
2024-02-11T1600,3368A,119.1977,36.6872,潍坊市,高新实验学校,,,,,56,120,115,,96,96,13,21,16,11,0.6,1.1
2024-02-11T1600,3416A,119.1755,36.7149,潍坊市,潍坊学院,颗粒物(PM10),75,100,154,53,122,113,,95,95,13,21,17,12,0.8,1.5
2024-02-11T1600,3861A,119.2041,36.7699,潍坊市,寒亭区实验一小,细颗粒物(PM2.5),73,92,157,53,128,123,,104,104,27,28,19,15,0.7,1.4
2024-02-11T1600,1939A,109.4974,34.4877,渭南市,日报社,颗粒物(PM10),84,117,119,46,39,110,,75,75,14,25,15,10,0.7,0.5
2024-02-11T1600,1940A,109.4636,34.493,渭南市,体育馆,颗粒物(PM10),91,132,133,39,36,112,,78,78,13,20,11,8,0.8,0.6
2024-02-11T1600,1941A,109.4259,34.5023,渭南市,高新一小,颗粒物(PM10),89,127,160,44,59,115,,78,78,8,19,13,11,0.7,0.7
2024-02-11T1600,1242A,120.634,28.0089,温州市,瓯海,,45,43,52,31,44,98,,73,73,8,12,7,8,0.4,0.5
2024-02-11T1600,1243A,120.6748,27.9939,温州市,南浦,,40,40,54,27,45,105,,77,77,4,11,6,6,0.5,0.6
2024-02-11T1600,1244A,120.76,27.9747,温州市,龙湾,,43,42,55,30,41,106,,78,78,4,11,6,6,0.4,0.5
2024-02-11T1600,1245A,120.6709,28.0167,温州市,市站,,42,41,55,29,46,98,,73,73,11,16,8,8,0.6,0.7
2024-02-11T1600,3561A,120.6985,27.9251,温州市,茶山,,42,38,45,29,41,106,,82,82,1,5,5,5,0.4,0.5
2024-02-11T1600,2610A,104.2533,23.3594,文山壮族苗族自治州,州水务局,,30,22,76,12,63,96,,69,69,4,10,4,8,0.5,0.8
2024-02-11T1600,2611A,104.2319,23.3892,文山壮族苗族自治州,市便民服务中心,,30,18,59,17,55,93,,64,64,6,11,5,8,0.4,0.7
2024-02-11T1600,2187A,106.8174,39.6973,乌海市,市林业局,颗粒物(PM10),62,74,93,30,52,96,,58,58,15,24,33,40,1.1,1.4
2024-02-11T1600,2188A,106.7907,39.6667,乌海市,中海勃湾学校,颗粒物(PM10),52,53,80,23,44,106,,64,64,17,29,47,37,1.2,1.5
2024-02-11T1600,3284A,106.813,39.7274,乌海市,海北新区,颗粒物(PM10),61,71,68,12,24,94,,61,61,13,25,35,35,0.9,1.1
2024-02-11T1600,3621A,106.8288,39.6778,乌海市,聚英学校,颗粒物(PM10),63,75,100,29,55,96,,53,53,14,30,39,62,1.0,1.2
2024-02-11T1600,2197A,113.1306,40.9923,乌兰察布市,集宁新区,,40,40,55,17,38,112,,89,89,7,10,11,10,0.4,0.5
2024-02-11T1600,3034A,113.1076,41.0385,乌兰察布市,光明街小学,,42,42,57,26,47,110,,92,92,9,17,14,10,0.5,0.6
2024-02-11T1600,3285A,113.1376,40.9509,乌兰察布市,北京八中,,41,41,65,18,50,107,,89,89,4,8,22,11,0.4,0.7
2024-02-11T1600,3421A,113.1775,40.9779,乌兰察布市,市委党校,,37,32,57,17,39,117,,94,94,6,9,12,12,0.7,0.6
2024-02-11T1600,1490A,87.5801,43.8303,乌鲁木齐市,监测站,细颗粒物(PM2.5),112,126,123,84,83,74,,57,57,81,64,4,3,1.3,1.2
2024-02-11T1600,1491A,87.6046,43.768,乌鲁木齐市,收费所,,36,36,104,21,72,84,,80,80,17,47,4,5,0.4,1.1
2024-02-11T1600,1492A,87.4754,43.9469,乌鲁木齐市,新疆农科院农场,细颗粒物(PM2.5),224,,192,174,196,132,,81,81,20,59,10,5,1.7,1.8
2024-02-11T1600,1493A,87.5525,43.8711,乌鲁木齐市,铁路局,细颗粒物(PM2.5),211,,196,161,160,93,,40,40,68,93,5,5,1.6,1.6
2024-02-11T1600,1494A,87.6432,43.831,乌鲁木齐市,三十一中学,细颗粒物(PM2.5),102,112,118,76,82,95,,69,69,57,38,11,11,1.5,1.3
2024-02-11T1600,1496A,87.7216,44.1747,乌鲁木齐市,米东区环保局,细颗粒物(PM2.5),374,343,294,324,271,121,,68,68,30,42,36,9,2.3,1.9
2024-02-11T1600,3033A,87.4651,43.4569,乌鲁木齐市,培训基地,,46,46,24,16,11,94,,78,78,6,10,4,5,0.5,0.6
2024-02-11T1600,3437A,88.3118,43.3658,乌鲁木齐市,达坂城区环保局,颗粒物(PM10),63,75,78,24,29,98,,80,80,8,13,7,8,0.3,0.4
2024-02-11T1600,3438A,87.6162,43.8801,乌鲁木齐市,红光山片区,细颗粒物(PM2.5),215,,164,165,145,107,,66,66,51,67,1,5,1.6,1.5
2024-02-11T1600,3439A,87.7024,43.8004,乌鲁木齐市,新师大温泉校区,细颗粒物(PM2.5),69,69,106,50,70,126,,90,90,32,27,7,6,0.8,0.9
2024-02-11T1600,3440A,87.4921,43.8411,乌鲁木齐市,大绿谷,细颗粒物(PM2.5),144,129,138,110,96,118,,94,94,47,46,6,7,1.6,1.3
2024-02-11T1600,1188A,120.269,31.4867,无锡市,雪浪,细颗粒物(PM2.5),89,100,95,66,76,118,,99,99,8,12,8,8,0.9,0.9
2024-02-11T1600,1189A,120.275,31.6219,无锡市,黄巷,"颗粒物(PM10),细颗粒物(PM2.5)",77,104,108,56,81,120,,97,97,10,19,8,9,0.7,0.9
2024-02-11T1600,1190A,120.294,31.56,无锡市,曹张,细颗粒物(PM2.5),89,97,126,66,97,117,,94,94,9,28,13,13,0.9,1.1
2024-02-11T1600,1191A,120.242,31.5031,无锡市,漆塘,细颗粒物(PM2.5),85,95,96,63,76,113,,92,92,6,11,12,12,0.7,0.9
2024-02-11T1600,1192A,120.3489,31.5863,无锡市,东亭,"颗粒物(PM10),细颗粒物(PM2.5)",70,90,115,51,92,114,,93,93,8,25,7,8,0.8,1.1
2024-02-11T1600,1193A,120.354,31.5475,无锡市,旺庄,细颗粒物(PM2.5),77,83,121,56,98,116,,95,95,9,26,5,6,0.7,0.9
2024-02-11T1600,1194A,120.245,31.5631,无锡市,荣巷,细颗粒物(PM2.5),85,88,92,63,84,116,,96,96,16,22,11,11,0.7,0.8
2024-02-11T1600,1195A,120.299,31.6817,无锡市,堰桥,颗粒物(PM10),74,97,120,46,91,116,,92,92,9,22,5,5,0.6,1
2024-02-11T1600,3428A,120.3142,31.4753,无锡市,华庄,细颗粒物(PM2.5),110,108,112,83,94,122,,97,97,12,16,12,11,0.7,0.7
2024-02-11T1600,2677A,106.1532,37.9648,吴忠市,教育园区,,48,48,79,13,32,84,,59,59,7,18,10,12,0.2,0.6
2024-02-11T1600,2679A,106.1856,37.9956,吴忠市,新区二泵站,,39,39,77,11,36,84,,60,60,2,14,6,9,0.3,0.5
2024-02-11T1600,3648A,106.2112,37.9768,吴忠市,文卫南街,,50,50,72,22,24,75,,56,56,7,15,11,11,0.3,0.5
2024-02-11T1600,1794A,118.3606,31.3519,芜湖市,监测站,颗粒物(PM10),78,106,125,41,94,114,,88,88,12,25,10,11,0.4,0.7
2024-02-11T1600,1795A,118.3714,31.4134,芜湖市,科创中心,颗粒物(PM10),69,88,107,42,89,114,,43,,19,40,9,10,0.7,0.9
2024-02-11T1600,1796A,118.3673,31.3131,芜湖市,四水厂,颗粒物(PM10),77,103,118,42,94,115,,83,83,19,48,9,10,0.6,0.8
2024-02-11T1600,3328A,118.4209,31.3707,芜湖市,市气象局,,,108,113,44,97,,,80,80,18,26,12,14,0.3,0.6
2024-02-11T1600,3465A,118.4781,31.3225,芜湖市,清苑社区,颗粒物(PM10),76,101,155,42,124,116,,86,86,13,26,12,14,0.5,0.9
2024-02-11T1600,3466A,118.2746,31.2326,芜湖市,扬子职业技术学院,颗粒物(PM10),75,99,114,36,79,113,,93,93,18,25,12,16,0.5,1
2024-02-11T1600,2495A,111.3014,23.4832,梧州市,市逸夫小学,,39,39,82,27,57,98,,64,64,2,10,7,9,0.5,0.8
2024-02-11T1600,2496A,111.3239,23.4794,梧州市,市十一中,,43,37,56,30,45,95,,59,59,6,15,8,8,0.6,0.7
2024-02-11T1600,2497A,111.247,23.4189,梧州市,龙圩,细颗粒物(PM2.5),59,64,104,42,80,89,,61,61,3,11,6,8,0.7,1.1
2024-02-11T1600,2498A,111.2711,23.4835,梧州市,龙新,,46,37,54,32,42,95,,61,61,2,11,6,6,0.7,0.8
2024-02-11T1600,2711A,87.5475,44.1756,五家渠市,农水大厦,细颗粒物(PM2.5),277,276,288,227,244,116,,73,73,20,32,20,9,2.1,2.1
2024-02-11T1600,3441A,87.546,44.1912,五家渠市,经开区管委会,细颗粒物(PM2.5),291,286,280,241,252,107,,67,67,25,30,27,14,2.5,2.3
2024-02-11T1600,1325A,114.3677,30.5584,武汉市,东湖梨园,细颗粒物(PM2.5),62,60,98,44,90,116,,81,81,15,27,8,8,0.1,0.7
2024-02-11T1600,1326A,114.2529,30.558,武汉市,汉阳月湖,颗粒物(PM10),68,86,117,41,96,108,,76,76,16,36,7,7,0.5,1
2024-02-11T1600,1327A,114.282,30.6189,武汉市,汉口花桥,,,89,118,46,106,,,74,74,16,42,7,7,0.6,1.3
2024-02-11T1600,1328A,114.3025,30.5332,武汉市,武昌紫阳,颗粒物(PM10),62,73,101,28,93,120,,91,91,9,44,9,10,0.4,1
2024-02-11T1600,1329A,114.3646,30.6217,武汉市,青山钢花,颗粒物(PM10),73,96,124,48,112,119,,84,84,9,35,7,8,0.6,1.1
2024-02-11T1600,1330A,114.1566,30.4825,武汉市,沌口新区,颗粒物(PM10),67,83,112,47,102,113,,77,77,11,24,8,9,0.6,1
2024-02-11T1600,1331A,114.3014,30.5944,武汉市,汉口江滩,颗粒物(PM10),67,84,114,38,105,98,,74,74,38,40,9,9,0.5,1.1
2024-02-11T1600,1333A,114.135,30.6319,武汉市,吴家山,颗粒物(PM10),65,80,121,46,105,123,,81,81,14,28,10,9,0.6,0.9
2024-02-11T1600,1334A,113.8454,30.2917,武汉市,沉湖七壕,细颗粒物(PM2.5),74,86,79,54,71,116,,81,81,10,12,8,7,0.8,1
2024-02-11T1600,3153A,114.3877,30.4908,武汉市,民族大道182号,颗粒物(PM10),60,69,97,35,93,110,,82,82,30,36,2,8,0.5,1
2024-02-11T1600,2652A,102.6201,37.9251,武威市,监测站,,32,32,59,6,33,88,,62,62,4,19,6,6,0.3,0.7
2024-02-11T1600,3201A,102.6486,37.9325,武威市,东关招商场,,28,18,63,8,44,88,,63,63,3,16,5,6,0.3,0.7
2024-02-11T1600,1462A,108.882,34.2749,西安市,高压开关厂,颗粒物(PM10),79,108,184,47,76,105,,68,68,11,36,13,13,0.5,0.6
2024-02-11T1600,1463A,108.993,34.2629,西安市,兴庆小区,颗粒物(PM10),77,103,144,43,64,104,,65,65,9,21,9,8,0.7,0.8
2024-02-11T1600,1464A,109.06,34.2572,西安市,纺织城,颗粒物(PM10),81,112,124,46,53,104,,64,64,13,24,15,7,0.5,0.5
2024-02-11T1600,1465A,108.9356,34.2173,西安市,小寨,颗粒物(PM10),84,117,150,41,60,99,,61,61,12,32,11,10,0.6,0.8
2024-02-11T1600,1466A,108.954,34.2713,西安市,市人民体育场,颗粒物(PM10),82,113,163,41,68,105,,67,67,8,38,9,9,0.5,0.8
2024-02-11T1600,1467A,108.8922,34.2322,西安市,高新西区,颗粒物(PM10),86,122,174,55,82,99,,64,64,8,30,8,9,0.7,1.1
2024-02-11T1600,1468A,108.935,34.3474,西安市,经开区,颗粒物(PM10),82,114,143,39,58,100,,70,70,3,13,9,9,0.5,0.5
2024-02-11T1600,1469A,108.906,34.1546,西安市,长安区,细颗粒物(PM2.5),107,160,166,80,68,100,,67,67,21,17,8,8,0.6,0.6
2024-02-11T1600,1471A,109.2186,34.3731,西安市,临潼区,颗粒物(PM10),87,124,139,53,71,99,,60,60,14,36,17,9,0.8,0.9
2024-02-11T1600,1472A,108.869,34.378,西安市,草滩,颗粒物(PM10),73,96,106,28,34,104,,72,72,9,14,8,6,0.1,0.1
2024-02-11T1600,1473A,108.985,34.1978,西安市,曲江文化产业集团,颗粒物(PM10),80,109,148,46,60,99,,61,61,15,23,6,6,0.5,0.5
2024-02-11T1600,1474A,109.051,34.3213,西安市,广运潭,颗粒物(PM10),80,109,124,48,64,105,,67,67,8,16,9,7,0.6,0.6
2024-02-11T1600,3524A,108.6116,34.1164,西安市,文体局,颗粒物(PM10),91,132,175,52,83,105,,70,70,17,29,10,9,0.5,0.7
2024-02-11T1600,3605A,109.09,34.5236,西安市,无线电监控中心,颗粒物(PM10),95,140,139,41,59,115,,81,81,6,16,7,8,0.6,0.7
2024-02-11T1600,3055A,101.7775,36.6428,西宁市,城北区政府,,25,16,40,6,27,80,,56,56,9,21,11,27,0.5,1.3
2024-02-11T1600,3629A,101.8305,36.5786,西宁市,世纪职校,,24,13,24,6,19,76,,48,48,17,24,14,16,0.8,1
2024-02-11T1600,3630A,101.7413,36.6397,西宁市,师大城西校区,,32,32,51,10,29,75,,49,49,16,35,14,19,0.6,0.9
2024-02-11T1600,2612A,100.7939,22.0019,西双版纳傣族自治州,景洪市江南,,46,33,26,32,23,55,,33,33,8,10,5,6,0.7,0.7
2024-02-11T1600,2613A,100.8017,22.0225,西双版纳傣族自治州,景洪市江北,,30,30,26,14,18,58,,37,37,6,9,5,5,0.6,0.6
2024-02-11T1600,3606A,108.7108,34.46,西咸新区,北杜,颗粒物(PM10),84,117,98,30,28,111,,86,86,18,17,8,6,0.4,0.4
2024-02-11T1600,3607A,108.7096,34.2956,西咸新区,同德佳苑,颗粒物(PM10),76,102,150,34,62,103,,76,76,12,16,8,8,0.5,0.5
2024-02-11T1600,3608A,108.8558,34.4978,西咸新区,崇文塔,颗粒物(PM10),77,104,102,32,33,105,,78,78,9,14,7,7,0.4,0.4
2024-02-11T1600,2202A,116.1042,43.9317,锡林郭勒盟,市环保监测站,,29,12,18,8,11,92,,83,83,2,2,6,6,0.3,0.2
2024-02-11T1600,2203A,116.0781,43.9311,锡林郭勒盟,市政府,,31,12,22,4,9,97,,88,88,4,3,10,10,0.2,0.2
2024-02-11T1600,1287A,118.1514,24.4767,厦门市,洪文,,34,28,63,19,48,106,,84,84,2,7,2,3,0.3,0.5
2024-02-11T1600,1288A,118.0661,24.4444,厦门市,鼓浪屿,,33,32,59,20,47,105,,71,71,6,13,4,4,0.3,0.1
2024-02-11T1600,2842A,118.0936,24.5058,厦门市,湖里中学,,36,28,59,18,48,113,,78,78,4,17,1,2,0.7,0.8
2024-02-11T1600,3527A,118.0958,24.5688,厦门市,集美中学,,36,30,52,21,42,115,,87,87,6,6,2,2,0,0.5
2024-02-11T1600,3528A,118.1493,24.7245,厦门市,同安二实小,,37,,44,23,46,117,,85,85,2,4,3,2,0.6,0.8
2024-02-11T1600,2447A,114.3175,29.8142,咸宁市,森林公园,颗粒物(PM10),62,73,72,25,54,103,,93,86,3,3,8,9,0.2,0.6
2024-02-11T1600,2448A,114.3107,29.8454,咸宁市,市发改委,颗粒物(PM10),62,74,93,28,74,99,,79,79,5,11,5,6,0.5,0.8
2024-02-11T1600,2449A,114.2936,29.8566,咸宁市,咸安区政府,颗粒物(PM10),59,68,92,31,75,105,,77,77,10,16,10,10,0.5,0.9
2024-02-11T1600,3655A,114.3375,29.8683,咸宁市,长江产业园,颗粒物(PM10),61,71,82,28,64,107,,89,89,10,14,7,8,0.3,0.6
2024-02-11T1600,1919A,108.673,34.3155,咸阳市,实验中学,颗粒物(PM10),81,111,147,40,50,84,,61,61,13,25,12,10,0.9,0.8
2024-02-11T1600,1920A,108.7233,34.3617,咸阳市,师范学院,颗粒物(PM10),81,112,124,29,30,103,,75,75,6,12,15,11,0.8,0.7
2024-02-11T1600,3165A,108.6594,34.2969,咸阳市,两寺渡,颗粒物(PM10),86,122,162,40,54,94,,67,67,9,17,10,8,0.6,0.6
2024-02-11T1600,3525A,108.6396,34.4078,咸阳市,奥体中心,颗粒物(PM10),82,114,121,34,42,105,,77,77,12,13,11,8,0.7,0.6
2024-02-11T1600,1508A,112.9433,27.8614,湘潭市,板塘,细颗粒物(PM2.5),67,68,91,48,82,98,,59,59,12,21,10,11,0.9,1.1
2024-02-11T1600,1511A,112.9118,27.8403,湘潭市,市监测站,细颗粒物(PM2.5),74,73,110,54,91,105,,56,56,8,20,8,12,0.9,1.2
2024-02-11T1600,1512A,112.8937,27.8728,湘潭市,江麓,细颗粒物(PM2.5),80,80,118,59,100,117,,69,69,5,15,14,17,0.9,1.1
2024-02-11T1600,1513A,112.9227,27.8159,湘潭市,岳塘,细颗粒物(PM2.5),69,71,104,50,88,114,,73,73,3,15,6,7,0.8,1
2024-02-11T1600,1514A,112.9074,27.9119,湘潭市,科大,细颗粒物(PM2.5),85,96,107,63,91,120,,81,81,10,14,10,8,1.1,1
2024-02-11T1600,1562A,113.0048,27.9153,湘潭市,昭山,,,70,94,53,84,,,58,58,6,10,7,8,0.3,0.7
2024-02-11T1600,1564A,112.4876,27.9164,湘潭市,韶山,细颗粒物(PM2.5),68,81,123,49,70,108,,73,73,6,10,8,7,0.5,0.7
2024-02-11T1600,2492A,109.6414,28.2558,湘西土家族苗族自治州,跃进水库,细颗粒物(PM2.5),59,45,52,42,51,57,,28,28,2,3,8,7,0.6,0.8
2024-02-11T1600,2493A,109.7325,28.3169,湘西土家族苗族自治州,州政府,细颗粒物(PM2.5),64,48,88,46,77,81,,34,34,6,10,8,8,0.3,0.6
2024-02-11T1600,2494A,109.6958,28.2675,湘西土家族苗族自治州,吉首市计生局,细颗粒物(PM2.5),59,60,83,42,72,86,,41,41,3,11,6,5,0.5,0.8
2024-02-11T1600,2432A,112.155,32.0197,襄阳市,襄城运动路,细颗粒物(PM2.5),97,125,194,72,155,105,,70,70,10,21,13,12,1.0,1.3
2024-02-11T1600,2433A,112.1392,32.0564,襄阳市,樊城新华路,细颗粒物(PM2.5),105,94,172,79,160,97,,62,62,13,24,11,10,0.6,1
2024-02-11T1600,2434A,112.1825,32.1142,襄阳市,高新管委会,细颗粒物(PM2.5),109,105,199,82,163,98,,61,61,8,19,11,10,0.8,1.1
2024-02-11T1600,2435A,112.2106,32.0903,襄阳市,襄州航空路,细颗粒物(PM2.5),90,101,165,67,147,106,,65,65,9,15,11,9,0.9,1.3
2024-02-11T1600,3396A,112.0828,32.0067,襄阳市,襄城隆中路,细颗粒物(PM2.5),114,116,179,86,150,99,,59,59,7,12,13,11,1.1,1.4
2024-02-11T1600,3397A,112.1214,32.1008,襄阳市,高新台子湾,细颗粒物(PM2.5),142,129,193,108,157,98,,53,53,10,20,15,12,0.6,1
2024-02-11T1600,2443A,113.9153,30.9285,孝感市,文化路,细颗粒物(PM2.5),119,109,190,90,152,106,,70,70,7,25,10,9,1.1,1.5
2024-02-11T1600,2444A,113.942,30.9075,孝感市,东城区,细颗粒物(PM2.5),105,114,186,79,139,108,,70,70,16,25,9,9,1.0,1.2
2024-02-11T1600,2181A,112.7383,38.4519,忻州市,开发区,,48,48,90,28,56,98,,82,82,14,13,20,13,0.6,0.6
2024-02-11T1600,2182A,112.7003,38.4928,忻州市,会展中心,颗粒物(PM10),53,55,98,25,62,95,,76,76,10,12,19,14,0.4,0.6
2024-02-11T1600,3208A,112.7283,38.4153,忻州市,市政府,颗粒物(PM10),56,62,86,29,45,104,,86,86,11,13,28,18,0.8,0.8
2024-02-11T1600,2389A,113.836,35.311,新乡市,环保西院,颗粒物(PM10),51,52,182,14,135,97,,78,78,3,19,4,11,0.5,1.1
2024-02-11T1600,2390A,113.884,35.272,新乡市,开发区,颗粒物(PM10),69,87,166,19,135,100,,85,85,2,15,8,14,0.5,1
2024-02-11T1600,2391A,113.883,35.303,新乡市,环保东院,颗粒物(PM10),59,67,197,23,152,99,,82,82,10,26,6,13,0.5,1
2024-02-11T1600,3054A,113.9194,35.2847,新乡市,市委党校,颗粒物(PM10),53,55,184,14,134,100,,85,85,2,14,4,10,0.4,0.9
2024-02-11T1600,3475A,113.9188,35.3045,新乡市,市政府,颗粒物(PM10),57,64,200,10,141,104,,88,88,2,19,6,12,0.3,0.9
2024-02-11T1600,3476A,113.9135,35.3327,新乡市,河师大,颗粒物(PM10),61,72,221,19,142,103,,84,84,11,21,6,13,0.6,1.2
2024-02-11T1600,3689A,113.9003,35.372,新乡市,行政服务中心,颗粒物(PM10),55,60,193,16,153,98,,77,77,9,17,5,12,0.3,1.1
2024-02-11T1600,2352A,115.0861,27.9317,新余市,北岗,细颗粒物(PM2.5),68,53,66,49,61,100,,69,69,2,5,5,6,0.3,0.7
2024-02-11T1600,2353A,114.9886,27.8431,新余市,飞宇,细颗粒物(PM2.5),57,61,90,40,64,100,,66,66,7,14,10,12,0.5,0.7
2024-02-11T1600,2354A,114.9231,27.8246,新余市,第二水厂,颗粒物(PM10),69,87,79,44,58,102,,69,69,5,17,10,14,0.3,1
2024-02-11T1600,2355A,114.9308,27.8036,新余市,市气象局,细颗粒物(PM2.5),59,61,82,42,59,106,,73,73,9,22,13,17,0.3,0.5
2024-02-11T1600,3206A,114.9149,27.807,新余市,新钢沁园村,细颗粒物(PM2.5),77,64,81,56,55,107,,74,74,5,17,10,16,0.4,1
2024-02-11T1600,2054A,114.1099,32.1059,信阳市,平桥分局,颗粒物(PM10),71,92,141,45,105,110,,80,80,7,13,5,5,0.5,0.8
2024-02-11T1600,2064A,113.9956,32.1271,信阳市,南湾水厂,颗粒物(PM10),74,97,133,53,99,113,,84,84,5,8,3,3,0.7,0.9
2024-02-11T1600,2065A,114.0775,32.1195,信阳市,市酿酒公司,细颗粒物(PM2.5),70,84,135,51,121,107,,79,79,8,20,5,4,0.6,1
2024-02-11T1600,2066A,114.0609,32.1399,信阳市,审计局,颗粒物(PM10),74,97,147,50,127,112,,81,81,8,26,5,5,0.6,1.1
2024-02-11T1600,2200A,122.0392,46.0656,兴安盟,胜华新制药厂,,26,15,26,11,15,82,,79,78,2,4,4,4,0.2,0.3
2024-02-11T1600,2201A,121.9504,46.0741,兴安盟,科右前旗环保局,,27,18,23,11,15,84,,84,83,3,3,3,4,0.2,0.3
2024-02-11T1600,3035A,122.0931,46.0707,兴安盟,北滨河,,27,22,32,9,18,86,,86,85,5,7,4,3,0.7,0.5
2024-02-11T1600,1077A,114.4704,37.0886,邢台市,达活泉,颗粒物(PM10),59,67,185,22,127,122,,87,87,10,19,9,11,0.8,1.1
2024-02-11T1600,1078A,114.5062,37.0349,邢台市,邢师高专,颗粒物(PM10),54,58,194,19,149,122,,87,87,2,21,7,14,0.4,0.9
2024-02-11T1600,1079A,114.5237,37.0851,邢台市,路桥公司,颗粒物(PM10),55,60,177,24,138,115,,80,80,7,26,11,17,0.6,1.2
2024-02-11T1600,1080A,114.4725,37.0719,邢台市,市环保局,颗粒物(PM10),54,57,186,18,119,111,,80,80,7,17,9,13,0.4,0.8
2024-02-11T1600,3584A,115.8844,39.0341,雄安新区,容城县环境保护局,,41,41,105,22,68,109,,86,86,16,18,7,10,0.4,0.6
2024-02-11T1600,3585A,115.8665,39.0645,雄安新区,河北容城中学,细颗粒物(PM2.5),60,48,103,43,85,106,,81,81,8,22,6,9,0.5,0.6
2024-02-11T1600,3586A,115.923,38.9405,雄安新区,安新县民政局,细颗粒物(PM2.5),57,40,117,40,85,102,,82,82,3,9,7,10,0.4,0.6
2024-02-11T1600,3587A,115.9324,38.9338,雄安新区,安新县电力局,,35,35,104,19,82,103,,83,83,6,13,9,12,0.3,0.6
2024-02-11T1600,3588A,116.0901,38.9816,雄安新区,雄县环境保护局,,48,48,107,16,72,103,,87,87,15,16,8,9,0.2,0.5
2024-02-11T1600,3589A,116.1105,39.0046,雄安新区,雄县国土资源局,,47,47,106,22,74,107,,88,88,6,14,9,12,0.0,0.3
2024-02-11T1600,1177A,117.179,34.2761,徐州市,黄河新村,细颗粒物(PM2.5),124,136,395,94,373,113,,79,79,12,35,9,9,0.6,1.2
2024-02-11T1600,1178A,117.1918,34.2384,徐州市,淮塔,细颗粒物(PM2.5),118,143,313,89,278,112,,78,78,8,20,11,10,0.8,1.2
2024-02-11T1600,1180A,117.256,34.2153,徐州市,新城区,细颗粒物(PM2.5),109,139,310,82,267,114,,79,79,15,24,11,10,0.5,1.1
2024-02-11T1600,1181A,117.244,34.2911,徐州市,桃园路,细颗粒物(PM2.5),112,146,365,84,294,119,,86,86,11,33,11,10,0.8,1.3
2024-02-11T1600,1182A,117.2933,34.2778,徐州市,农科院,细颗粒物(PM2.5),117,136,321,88,290,118,,82,82,8,23,11,10,0.6,1.1
2024-02-11T1600,3005A,117.1814,34.29,徐州市,鼓楼区政府,细颗粒物(PM2.5),103,120,342,77,308,97,,73,73,11,30,3,9,0.4,0.9
2024-02-11T1600,3006A,117.1694,34.1781,徐州市,铜山区招生办,细颗粒物(PM2.5),104,139,315,78,240,119,,87,87,13,26,16,15,0.9,1.3
2024-02-11T1600,2396A,113.8276,34.0159,许昌市,监测站,细颗粒物(PM2.5),112,151,180,84,77,105,,83,83,5,15,8,10,0.6,0.5
2024-02-11T1600,2398A,113.7906,33.9953,许昌市,开发区,细颗粒物(PM2.5),112,139,158,84,61,98,,79,79,8,11,6,7,0.5,0.5
2024-02-11T1600,3134A,113.8172,34.0339,许昌市,市一中,细颗粒物(PM2.5),113,142,168,85,72,103,,84,84,11,17,9,10,0.5,0.5
2024-02-11T1600,3337A,113.8614,34.0442,许昌市,许昌学院,细颗粒物(PM2.5),105,149,155,79,57,107,,88,88,8,11,8,10,0.5,0.5
2024-02-11T1600,3338A,113.843,34.0823,许昌市,芙蓉广场,细颗粒物(PM2.5),110,147,146,83,58,102,,82,82,9,13,8,9,0.6,0.5
2024-02-11T1600,3597A,113.8134,34.1251,许昌市,建安区兴业大厦,颗粒物(PM10),111,171,163,76,55,104,,85,85,10,9,5,6,0.6,0.5
2024-02-11T1600,2316A,118.7581,30.9454,宣城市,鳌峰子站,颗粒物(PM10),59,67,84,27,63,108,,92,92,2,8,3,5,0.4,0.7
2024-02-11T1600,2317A,118.7385,30.9743,宣城市,敬亭山子站,,,88,94,26,59,104,,92,92,,9,,6,0.5,0.7
2024-02-11T1600,2318A,118.7173,30.9427,宣城市,开发区子站,颗粒物(PM10),62,73,76,33,59,109,,92,92,8,8,5,6,0.5,0.8
2024-02-11T1600,3470A,118.7724,30.9141,宣城市,夏渡子站,颗粒物(PM10),65,79,80,29,61,102,,89,89,13,14,4,5,0.5,0.6
2024-02-11T1600,2554A,103.0475,30.02,雅安市,建安厂,细颗粒物(PM2.5),87,71,83,64,75,86,,44,44,7,16,7,6,0.6,0.7
2024-02-11T1600,2555A,103.0111,29.9833,雅安市,市政府,细颗粒物(PM2.5),95,71,77,71,69,88,,51,51,13,14,8,8,0.5,0.6
2024-02-11T1600,2556A,102.9905,29.9775,雅安市,川农大,细颗粒物(PM2.5),82,84,70,60,59,86,,56,56,10,11,8,7,0.6,0.6
2024-02-11T1600,1642A,121.2514,37.5639,烟台市,开发区,细颗粒物(PM2.5),62,58,113,44,98,104,,97,97,14,15,11,9,0.8,1.1
2024-02-11T1600,1643A,121.3719,37.5433,烟台市,轴承厂,"颗粒物(PM10),细颗粒物(PM2.5)",52,53,112,36,94,92,,96,96,10,20,9,10,0.8,1.1
2024-02-11T1600,1644A,121.3181,37.5436,烟台市,西郊化工站,细颗粒物(PM2.5),58,56,119,41,101,103,,98,98,13,19,13,11,0.8,1.1
2024-02-11T1600,1645A,121.4478,37.4822,烟台市,莱山环保局,,42,36,115,29,95,100,,95,95,12,15,14,11,0.4,0.8
2024-02-11T1600,1646A,121.2611,37.4967,烟台市,福山环保局,,44,44,135,29,108,100,,91,91,12,24,6,7,0.6,1.2
2024-02-11T1600,3057A,121.5992,37.4014,烟台市,牟平检察院,颗粒物(PM10),52,53,125,24,93,103,,97,97,7,14,9,10,0.8,1.2
2024-02-11T1600,3366A,121.5206,37.4336,烟台市,中国农业大学,颗粒物(PM10),51,51,122,29,103,101,,94,94,16,19,9,9,0.6,1
2024-02-11T1600,1926A,109.4131,36.6275,延安市,枣园,颗粒物(PM10),51,52,55,10,18,90,,59,59,2,7,2,2,0.5,0.6
2024-02-11T1600,1927A,109.4761,36.6028,延安市,延大医附院,颗粒物(PM10),65,79,79,20,35,87,,57,57,6,18,9,5,0.4,0.6
2024-02-11T1600,1929A,109.5056,36.6106,延安市,百米大道,颗粒物(PM10),64,78,78,24,30,87,,54,54,11,28,7,5,0.3,0.7
2024-02-11T1600,3652A,109.4809,36.5786,延安市,西北局旧址,颗粒物(PM10),62,74,79,20,28,86,,49,49,7,23,9,7,0.5,0.9
2024-02-11T1600,2237A,129.47,42.8883,延边朝鲜族自治州,妇幼医院,,36,36,50,16,41,86,,74,74,14,20,20,22,0.4,0.7
2024-02-11T1600,2238A,129.5055,42.9108,延边朝鲜族自治州,延边医院,,29,26,64,19,69,90,,71,71,6,19,9,17,0.5,0.7
2024-02-11T1600,2239A,129.3964,42.8881,延边朝鲜族自治州,朝阳川镇医院,,30,28,44,13,35,95,,84,84,6,10,10,10,0.5,0.7
2024-02-11T1600,1215A,120.118,33.4022,盐城市,盐城电厂,细颗粒物(PM2.5),138,161,216,105,174,141,,109,109,16,20,10,9,0.8,1.2
2024-02-11T1600,1216A,120.156,33.3942,盐城市,市监测站,细颗粒物(PM2.5),142,167,247,108,220,113,,89,89,11,19,8,6,0.7,1.4
2024-02-11T1600,1218A,120.2144,33.38,盐城市,开发区管委会,细颗粒物(PM2.5),127,140,210,96,188,133,,106,106,15,20,8,7,0.8,1.4
2024-02-11T1600,3004A,120.1544,33.3663,盐城市,宝龙广场,细颗粒物(PM2.5),138,168,226,105,185,128,,101,101,17,22,10,8,0.6,1
2024-02-11T1600,3293A,120.1501,33.3367,盐城市,月亮广场,细颗粒物(PM2.5),140,150,221,107,184,124,,98,98,16,20,8,6,0.8,1.2
2024-02-11T1600,3436A,120.4279,33.205,盐城市,大丰高级中学,细颗粒物(PM2.5),125,149,201,95,171,123,,94,94,14,15,12,8,0.7,0.9
2024-02-11T1600,1186A,119.389,32.3761,扬州市,邗江监测站,颗粒物(PM10),92,134,129,66,99,120,,99,99,20,22,8,8,0.9,1
2024-02-11T1600,2869A,119.447,32.4155,扬州市,五台山医院,细颗粒物(PM2.5),95,95,124,71,108,115,,90,90,14,22,9,8,1.0,1.1
2024-02-11T1600,3164A,119.4686,32.3942,扬州市,广陵建设局,颗粒物(PM10),94,138,136,66,105,122,,97,97,14,21,7,6,1.0,1.1
2024-02-11T1600,3195A,119.3633,32.3972,扬州市,市体育局,颗粒物(PM10),92,134,125,58,94,118,,96,96,13,16,10,9,0.9,0.9
2024-02-11T1600,3294A,119.5653,32.4222,扬州市,引江管理处,细颗粒物(PM2.5),107,131,140,80,114,131,,101,101,15,23,8,8,0.9,1
2024-02-11T1600,1699A,111.9797,21.8593,阳江市,鸳鸯湖,,34,25,46,15,35,108,,85,85,2,12,13,12,0.5,0.7
2024-02-11T1600,1701A,111.9491,21.8658,阳江市,马南垌,,33,26,54,17,39,104,,77,77,6,18,6,6,0.3,0.7
2024-02-11T1600,3317A,111.9765,21.8947,阳江市,两阳中学,,34,30,35,13,25,107,,82,82,4,19,8,8,0.3,0.5
2024-02-11T1600,3453A,112.0125,21.8749,阳江市,阳东陶然,,32,28,46,20,34,102,,82,82,9,14,7,8,0,0.2
2024-02-11T1600,1738A,113.5758,37.8572,阳泉市,市中心,,36,36,98,5,33,108,,92,92,10,19,10,16,0.5,0.7
2024-02-11T1600,1739A,113.4894,37.8731,阳泉市,赛鱼,,34,32,96,14,41,107,,91,91,13,18,10,17,0.3,0.5
2024-02-11T1600,1740A,113.5819,37.8486,阳泉市,南庄,,34,24,107,5,34,108,,91,91,15,17,11,16,0.4,0.7
2024-02-11T1600,1742A,113.5614,37.8703,阳泉市,平坦,,43,43,102,14,43,106,,91,91,10,19,10,17,0.5,0.7
2024-02-11T1600,1743A,113.5158,37.8392,阳泉市,大阳泉,,35,25,66,15,32,111,,100,100,10,15,9,11,0.4,0.5
2024-02-11T1600,3619A,113.617,37.8571,阳泉市,龙柱,,35,35,87,18,38,107,,88,88,15,21,10,16,0.4,0.6
2024-02-11T1600,2252A,128.5159,47.4311,伊春市,环保局,细颗粒物(PM2.5),92,,84,68,84,90,,84,84,8,14,9,7,0.6,0.8
2024-02-11T1600,2253A,128.9102,47.7412,伊春市,电力嘉园,细颗粒物(PM2.5),53,49,83,37,62,88,,81,81,4,12,8,10,0.7,0.9
2024-02-11T1600,2254A,129.5029,48.471,伊春市,汤旺河国家公园,细颗粒物(PM2.5),62,49,23,44,18,94,,87,87,9,8,7,5,0.8,0.7
2024-02-11T1600,3342A,128.4741,47.4346,伊春市,中心小学,细颗粒物(PM2.5),79,59,123,58,119,85,,77,77,4,12,12,8,0.6,1
2024-02-11T1600,3343A,128.6871,47.7369,伊春市,检察院,细颗粒物(PM2.5),78,58,111,57,109,87,,80,80,10,15,14,12,0.5,0.8
2024-02-11T1600,3344A,128.8431,47.8474,伊春市,双子河社区,细颗粒物(PM2.5),110,125,72,83,69,102,,100,100,13,12,10,9,0.9,0.8
2024-02-11T1600,3480A,129.1368,47.6417,伊春市,美溪镇,细颗粒物(PM2.5),93,,70,69,69,77,,66,66,10,14,8,15,0.7,0.8
2024-02-11T1600,2703A,81.2815,43.9404,伊犁哈萨克自治州,市环保局,,42,42,62,24,46,79,,54,54,14,35,5,9,0.8,1.9
2024-02-11T1600,2704A,81.2996,43.9174,伊犁哈萨克自治州,新政府片区,,30,30,68,15,53,75,,51,51,15,46,7,9,0.6,2.1
2024-02-11T1600,2705A,81.3364,43.941,伊犁哈萨克自治州,第二水厂,,,,70,,54,,,50,50,,41,,10,,2
2024-02-11T1600,1883A,104.6201,28.7728,宜宾市,市委,细颗粒物(PM2.5),80,70,93,59,79,114,,64,64,15,26,9,8,0.7,0.8
2024-02-11T1600,1884A,104.6055,28.793,宜宾市,宜宾四中,细颗粒物(PM2.5),87,73,92,64,80,110,,66,66,8,19,11,9,0.8,0.9
2024-02-11T1600,1885A,104.639,28.7562,宜宾市,市政府,细颗粒物(PM2.5),83,75,94,61,85,121,,67,67,12,31,11,9,0.6,0.9
2024-02-11T1600,1886A,104.5742,28.7199,宜宾市,黄金嘴,细颗粒物(PM2.5),79,67,90,58,76,115,,68,68,9,17,11,10,0.7,0.8
2024-02-11T1600,3728A,104.68,28.8071,宜宾市,白酒学院,细颗粒物(PM2.5),87,76,90,64,74,126,,73,73,9,14,11,9,0.7,0.8
2024-02-11T1600,1840A,111.2992,30.6981,宜昌市,白龙岗,细颗粒物(PM2.5),104,90,76,78,64,104,,58,58,10,14,13,8,0.8,0.8
2024-02-11T1600,1841A,111.3549,30.6465,宜昌市,伍家岗,细颗粒物(PM2.5),104,79,87,78,75,107,,63,63,9,16,11,7,0.7,0.7
2024-02-11T1600,1842A,111.2628,30.6961,宜昌市,点军区,细颗粒物(PM2.5),104,,72,78,68,98,,51,51,21,15,9,5,0.8,0.8
2024-02-11T1600,1843A,111.3275,30.7819,宜昌市,夷陵区,细颗粒物(PM2.5),77,80,78,56,60,113,,70,70,11,13,6,5,0.5,0.5
2024-02-11T1600,3546A,111.4606,30.552,宜昌市,猇亭区张家湾站,细颗粒物(PM2.5),84,87,92,62,76,98,,65,65,9,16,6,6,0.9,0.9
2024-02-11T1600,3653A,111.3119,30.7273,宜昌市,云深路,细颗粒物(PM2.5),92,82,78,68,69,110,,66,66,10,11,6,7,0.8,0.7
2024-02-11T1600,2373A,114.3956,27.7844,宜春市,市石油公司,,48,48,67,31,54,102,,72,72,6,8,3,5,0.7,1.3
2024-02-11T1600,2374A,114.3703,27.7914,宜春市,市气象局,细颗粒物(PM2.5),53,49,70,37,57,95,,64,64,9,12,7,7,0.7,1.2
2024-02-11T1600,2375A,114.4013,27.8074,宜春市,市广电局,细颗粒物(PM2.5),54,54,79,38,66,90,,58,58,13,21,10,9,0.3,0.9
2024-02-11T1600,3151A,114.375,27.8097,宜春市,宜春学院北校区,,46,46,118,28,94,96,,64,64,8,17,7,10,0.4,1.1
2024-02-11T1600,3415A,114.4519,28.0828,宜春市,万载县环保局,颗粒物(PM10),70,89,100,41,78,91,,65,65,8,10,8,13,0.8,1
2024-02-11T1600,2467A,112.4067,28.6428,益阳市,甘溪港,,,124,138,,123,111,,74,74,14,15,13,10,0.6,0.7
2024-02-11T1600,2468A,112.3458,28.5808,益阳市,市环保局,细颗粒物(PM2.5),93,93,146,69,122,108,,81,81,2,4,7,9,0.7,1
2024-02-11T1600,2469A,112.3437,28.5531,益阳市,市特殊教育学校,细颗粒物(PM2.5),93,78,141,69,126,107,,80,80,2,10,6,7,0.7,1
2024-02-11T1600,2470A,112.3347,28.6047,益阳市,资阳区政务中心,细颗粒物(PM2.5),107,94,143,80,135,110,,77,77,4,10,7,6,0.8,1
2024-02-11T1600,2471A,112.3744,28.5819,益阳市,赫山环保分局,细颗粒物(PM2.5),92,94,150,68,128,110,,79,79,2,11,5,7,0.9,1.3
2024-02-11T1600,1484A,105.9512,38.6016,银川市,贺兰山马莲口,颗粒物(PM10),63,75,46,27,13,82,,70,64,23,18,25,16,1.0,0.5
2024-02-11T1600,1488A,106.2328,38.4975,银川市,贺兰山东路,颗粒物(PM10),66,82,70,31,32,81,,56,56,25,28,24,8,0.7,0.7
2024-02-11T1600,1489A,106.1358,38.5036,银川市,学院路,颗粒物(PM10),58,66,78,23,34,86,,60,60,22,28,16,11,0.9,0.9
2024-02-11T1600,2924A,106.2266,38.4418,银川市,水乡路,颗粒物(PM10),65,79,82,32,30,84,,61,61,18,23,21,14,0.5,0.5
2024-02-11T1600,2925A,106.2757,38.4842,银川市,上海东路,颗粒物(PM10),55,60,71,34,32,79,,54,54,24,27,26,15,0.5,0.6
2024-02-11T1600,2926A,106.1015,38.497,银川市,文昌北街,细颗粒物(PM2.5),65,75,78,47,42,68,,59,59,40,30,16,10,0.8,0.8
2024-02-11T1600,3523A,106.5105,38.3856,银川市,滨河新区,颗粒物(PM10),62,74,51,31,17,72,,57,57,17,18,18,19,0.6,0.5
2024-02-11T1600,2358A,117.0564,28.2642,鹰潭市,新监测站,细颗粒物(PM2.5),53,52,69,37,50,110,,74,74,3,12,10,10,0.3,0.5
2024-02-11T1600,2359A,117.0311,28.2475,鹰潭市,财苑宾馆,细颗粒物(PM2.5),58,58,78,41,67,115,,76,76,4,16,12,10,0.5,0.7
2024-02-11T1600,2360A,117.0222,28.2264,鹰潭市,体育馆,颗粒物(PM10),53,55,62,36,56,114,,77,77,2,6,6,8,0.3,0.6
2024-02-11T1600,2361A,117.0017,28.2131,鹰潭市,三川水表,颗粒物(PM10),54,58,58,37,50,114,,75,75,2,2,6,5,0.1,0.5
2024-02-11T1600,1597A,122.2703,40.7094,营口市,大庆路,颗粒物(PM10),55,59,120,26,75,95,,86,86,16,19,15,12,0.5,0.7
2024-02-11T1600,1598A,122.2150,40.6511,营口市,镜湖西路,,49,49,104,30,84,95,,84,84,12,19,14,12,0.7,0.9
2024-02-11T1600,1599A,122.1658,40.6789,营口市,西炮台,细颗粒物(PM2.5),85,76,115,63,97,69,,64,64,24,22,12,10,0.9,0.8
2024-02-11T1600,3379A,122.1139,40.2278,营口市,鲅鱼圈市民活动中心,颗粒物(PM10),63,76,110,21,78,76,,74,67,20,22,15,16,0.4,0.9
2024-02-11T1600,3866A,122.2469,40.66302,营口市,三高中,,49,49,107,32,86,98,,85,85,16,21,16,15,0.5,0.8
2024-02-11T1600,4006A,122.3622,40.6762,营口市,老边实验小学,颗粒物(PM10),58,66,114,21,85,113,,90,90,18,30,20,18,0.7,1.1
2024-02-11T1600,2477A,111.6217,26.2081,永州市,零陵南津渡,细颗粒物(PM2.5),60,,47,43,42,102,,69,69,7,6,8,7,0.5,0.6
2024-02-11T1600,2478A,111.6156,26.4214,永州市,市环境监测站,细颗粒物(PM2.5),70,52,96,51,91,102,,67,67,10,18,8,7,0.7,1
2024-02-11T1600,2479A,111.6236,26.2331,永州市,零陵区环保局,细颗粒物(PM2.5),64,50,67,46,62,99,,69,69,6,12,9,8,0.6,0.8
2024-02-11T1600,2480A,111.5992,26.4364,永州市,永州市环保局,细颗粒物(PM2.5),62,46,75,44,65,96,,64,64,7,12,7,7,0.7,0.8
2024-02-11T1600,2481A,111.5989,26.4519,永州市,冷水滩区环保局,细颗粒物(PM2.5),68,49,99,49,96,97,,65,65,7,16,8,8,0.8,1
2024-02-11T1600,2638A,109.7414,38.3344,榆林市,红石峡森林公园,颗粒物(PM10),58,65,63,21,28,98,,67,67,9,19,15,7,0.7,0.7
2024-02-11T1600,2639A,109.7456,38.2911,榆林市,世纪广场,颗粒物(PM10),61,71,76,20,41,89,,60,60,10,34,14,9,0.4,0.8
2024-02-11T1600,2640A,109.7289,38.2839,榆林市,实验中学,颗粒物(PM10),58,66,71,20,38,89,,62,62,10,30,16,11,0.6,0.8
2024-02-11T1600,2641A,109.7336,38.2478,榆林市,环保监测大楼,颗粒物(PM10),58,65,85,17,47,91,,64,64,10,30,10,8,0.4,0.7
2024-02-11T1600,2509A,110.1106,22.7019,玉林市,寒山水库,,48,48,60,12,46,53,,38,38,3,4,1,1,0.6,0.8
2024-02-11T1600,2510A,110.1675,22.6411,玉林市,市监测站,,39,39,108,24,93,111,,72,72,4,12,1,5,0.3,0.6
2024-02-11T1600,2511A,110.1433,22.6164,玉林市,南江一中,,49,48,141,34,123,114,,70,70,5,18,3,6,0.4,0.7
2024-02-11T1600,3532A,110.1945,22.6831,玉林市,玉林师范学院东校区,,35,35,87,20,79,97,,70,70,6,13,4,12,0.1,0.4
2024-02-11T1600,3533A,110.0527,22.5893,玉林市,福绵环保局,,38,36,103,26,92,115,,78,78,5,9,4,12,0.4,0.6
2024-02-11T1600,2675A,97,33.0014,玉树藏族自治州,玉树县结古镇,,29,4,11,2,8,91,,68,68,1,8,6,14,0.4,0.5
2024-02-11T1600,1715A,102.575,24.3711,玉溪市,东风水库,,35,35,45,20,42,78,,66,66,7,9,9,10,0.8,0.9
2024-02-11T1600,2882A,102.5389,24.3703,玉溪市,玉溪一中,,28,27,54,19,41,88,,70,70,3,9,9,12,0.8,1.1
2024-02-11T1600,2883A,102.5381,24.3389,玉溪市,文体中心,,36,36,49,23,40,86,,66,66,8,13,9,11,0.9,1.1
2024-02-11T1600,1847A,113.1094,29.3578,岳阳市,南湖风景区,细颗粒物(PM2.5),97,77,84,72,82,110,,78,78,8,15,7,5,1.1,1.1
2024-02-11T1600,1848A,113.1493,29.4251,岳阳市,城陵矶,细颗粒物(PM2.5),82,78,84,60,66,104,,73,73,8,23,8,7,0.7,0.8
2024-02-11T1600,1849A,113.1497,29.3575,岳阳市,开发区,细颗粒物(PM2.5),102,91,90,76,80,108,,79,79,13,19,9,7,0.9,0.8
2024-02-11T1600,1850A,113.2621,29.4758,岳阳市,云溪区,细颗粒物(PM2.5),95,92,89,71,71,110,,77,77,12,19,11,10,0.8,0.9
2024-02-11T1600,1851A,112.9943,29.4402,岳阳市,君山区,细颗粒物(PM2.5),93,86,102,69,86,106,,75,75,9,20,9,8,0.7,0.8
2024-02-11T1600,1852A,113.2117,29.355,岳阳市,金凤水库,细颗粒物(PM2.5),88,87,64,65,58,113,,88,88,12,10,5,4,0.7,0.6
2024-02-11T1600,1712A,112.0392,22.9169,云浮市,新市府,,30,26,31,20,28,94,,62,62,2,4,3,4,0.4,0.6
2024-02-11T1600,1714A,112.0539,22.9539,云浮市,牧羊,,40,40,44,21,35,107,,64,64,4,7,7,10,0.4,0.6
2024-02-11T1600,3628A,112.0336,22.9374,云浮市,文笔,,31,25,67,17,60,98,,63,63,2,9,6,8,0.1,0.4
2024-02-11T1600,2175A,110.9956,35.0147,运城市,运城中学,颗粒物(PM10),85,119,149,41,56,108,,75,75,19,18,24,13,1.1,0.7
2024-02-11T1600,2178A,110.9686,35.0303,运城市,地区技校,颗粒物(PM10),81,112,162,37,53,103,,73,73,16,24,27,18,1.1,0.9
2024-02-11T1600,2179A,111.0414,35.1147,运城市,空港新区,颗粒物(PM10),74,98,143,22,55,107,,76,76,9,19,8,12,0.6,1.3
2024-02-11T1600,3667A,111.0283,35.0547,运城市,水利职院,,,131,175,42,61,,,74,74,,19,26,25,1.2,1
2024-02-11T1600,3670A,111.0522,35.0439,运城市,禹都公园,颗粒物(PM10),87,123,160,48,58,112,,82,82,25,20,26,14,1.1,0.8
2024-02-11T1600,1637A,117.558,34.8438,枣庄市,市中区政府,细颗粒物(PM2.5),110,127,336,83,285,115,,84,84,20,42,11,18,0.9,1.6
2024-02-11T1600,1638A,117.2852,34.7837,枣庄市,薛城环保局,细颗粒物(PM2.5),213,222,385,163,330,117,,82,82,18,31,6,11,1.2,1.8
2024-02-11T1600,1639A,117.5852,34.7745,枣庄市,峄城区政府,细颗粒物(PM2.5),119,151,321,90,264,119,,76,76,15,30,17,21,0.6,1.2
2024-02-11T1600,1640A,117.7276,34.5578,枣庄市,台儿庄区环保局,细颗粒物(PM2.5),188,190,347,141,291,117,,72,72,26,31,13,9,1.2,1.7
2024-02-11T1600,1641A,117.4518,35.0992,枣庄市,山亭区环保局,细颗粒物(PM2.5),165,173,316,125,270,119,,94,94,22,33,14,17,1.0,1.6
2024-02-11T1600,3364A,117.3152,34.8103,枣庄市,市环保局,细颗粒物(PM2.5),175,186,325,132,273,113,,86,86,21,32,9,11,0.9,1.4
2024-02-11T1600,1680A,110.3539,21.2706,湛江市,湛江影剧院,,33,33,107,15,92,98,,74,74,5,16,5,14,0.5,0.9
2024-02-11T1600,1681A,110.3928,21.2228,湛江市,市环境监测站,,42,42,99,24,100,96,,72,72,5,16,5,14,0.4,0.8
2024-02-11T1600,1682A,110.4019,21.1997,湛江市,环保局宿舍,,35,35,94,11,94,96,,71,71,6,15,6,14,0.5,0.9
2024-02-11T1600,1683A,110.4111,21.2028,湛江市,霞山游泳场,,32,28,104,22,90,92,,70,70,7,22,5,12,0.5,1
2024-02-11T1600,1684A,110.3316,21.2679,湛江市,麻章区环保局,,39,38,109,27,102,98,,73,73,4,12,4,15,0.4,0.8
2024-02-11T1600,1685A,110.4558,21.2567,湛江市,坡头区环保局,,38,38,95,18,98,104,,74,74,5,19,3,9,0.4,0.8
2024-02-11T1600,1858A,110.5319,29.1217,张家界市,永定新区,颗粒物(PM10),55,59,66,34,49,94,,58,58,4,10,2,2,0.5,0.6
2024-02-11T1600,1859A,110.4697,29.1242,张家界市,电业局,颗粒物(PM10),57,63,85,39,60,98,,55,55,6,15,5,5,0.6,0.8
2024-02-11T1600,1860A,110.5594,29.3547,张家界市,未央路,颗粒物(PM10),54,57,61,33,44,88,,57,57,1,8,3,3,0.3,0.5
2024-02-11T1600,1861A,110.4417,29.315,张家界市,袁家界,,45,45,46,25,36,76,,73,73,14,12,7,6,0.6,0.8
2024-02-11T1600,1057A,114.8883,40.8336,张家口市,人民公园,,37,37,42,3,17,100,,82,82,12,12,5,5,0.4,0.4
2024-02-11T1600,1059A,114.8687,40.8042,张家口市,五金库,,35,35,51,13,29,99,,80,80,3,6,7,7,0.2,0.3
2024-02-11T1600,1060A,114.8902,40.762,张家口市,世纪豪园,,33,27,42,9,26,103,,85,85,7,10,5,6,0.4,0.5
2024-02-11T1600,1061A,114.8916,40.8661,张家口市,北泵房,,41,41,41,21,21,105,,88,88,8,9,9,8,0.7,0.6
2024-02-11T1600,3131A,114.879,40.7993,张家口市,烟厂,,31,25,44,1,25,98,,79,79,8,10,8,8,0.5,0.5
2024-02-11T1600,3323A,115.2773,40.9724,张家口市,青少年活动中心,,32,23,61,6,43,102,,85,85,2,12,4,7,0.2,0.4
2024-02-11T1600,2654A,100.4698,38.9524,张掖市,润泉湖,颗粒物(PM10),69,87,70,23,21,84,,62,62,3,9,4,5,0.2,0.3
2024-02-11T1600,2655A,100.4154,38.9422,张掖市,区工会,颗粒物(PM10),72,93,91,25,30,86,,62,62,4,10,3,6,0.4,0.5
2024-02-11T1600,2920A,117.7116,24.506,漳州市,蓝田镇,,42,35,57,29,49,104,,70,70,5,6,5,4,0.4,0.6
2024-02-11T1600,3216A,114.6622,24.5183,漳州市,漳州党校,,38,33,58,26,48,109,,71,71,8,9,5,5,0.5,0.7
2024-02-11T1600,3530A,117.6296,24.5314,漳州市,西洋坪路,,34,28,50,23,42,106,,70,70,5,7,4,4,0.4,0.6
2024-02-11T1600,2596A,103.7667,27.3736,昭通市,监测站,,30,29,40,15,30,94,,81,81,4,8,6,13,0.5,0.6
2024-02-11T1600,2597A,103.7225,27.3361,昭通市,环保局,,36,36,64,22,46,94,,74,74,4,14,7,20,0.4,0.9
2024-02-11T1600,1397A,112.4267,23.0706,肇庆市,睦岗子站,,31,25,41,18,33,98,,66,66,12,18,5,7,0.4,0.6
2024-02-11T1600,1398A,112.4645,23.0475,肇庆市,城中子站,,37,26,46,24,37,117,,84,84,8,14,6,6,0.4,0.5
2024-02-11T1600,1399A,112.5544,23.1522,肇庆市,坑口子站,,33,24,29,19,26,105,,75,75,10,18,5,5,0.5,0.6
2024-02-11T1600,3313A,112.4575,23.0166,肇庆市,高要湖西,,36,35,65,23,54,113,,75,75,6,14,7,9,0.5,0.7
2024-02-11T1600,3451A,112.5617,23.2083,肇庆市,鼎湖凤凰,,35,33,29,24,24,112,,81,81,8,8,7,6,0.4,0.5
2024-02-11T1600,1203A,119.6707,32.1875,镇江市,新区办事处,细颗粒物(PM2.5),105,125,154,79,105,111,,83,83,30,60,5,8,0.8,0.8
2024-02-11T1600,1204A,119.4974,32.1968,镇江市,职教中心,细颗粒物(PM2.5),89,109,127,66,98,118,,98,98,17,27,10,10,0.6,0.8
2024-02-11T1600,1205A,119.4303,32.1328,镇江市,丹徒区监测站,细颗粒物(PM2.5),83,95,120,61,96,116,,93,93,9,18,4,7,0.6,0.8
2024-02-11T1600,2870A,119.4424,32.1873,镇江市,市疾控中心,细颗粒物(PM2.5),97,108,126,72,98,117,,93,93,17,27,7,6,0.7,0.9
2024-02-11T1600,3287A,119.3842,32.1976,镇江市,富润路1号,细颗粒物(PM2.5),99,107,140,74,115,106,,84,84,17,31,8,12,0.5,0.7
2024-02-11T1600,1316A,113.69031,34.76122,郑州市,烟厂,颗粒物(PM10),83,116,112,28,31,107,,86,86,5,9,7,9,0.5,0.7
2024-02-11T1600,1317A,113.65724,34.77134,郑州市,郑纺机,颗粒物(PM10),73,96,112,24,37,101,,80,80,7,13,5,8,0.4,0.5
2024-02-11T1600,1318A,113.67526,34.80246,郑州市,银行学校,颗粒物(PM10),58,66,99,25,38,98,,78,78,6,9,4,8,0.1,0.3
2024-02-11T1600,1319A,113.56746,34.81334,郑州市,供水公司,颗粒物(PM10),69,88,111,26,42,98,,77,77,5,8,7,10,0.4,0.5
2024-02-11T1600,1320A,113.7329,34.7178,郑州市,经开区管委,颗粒物(PM10),73,95,101,43,36,105,,82,82,6,10,9,11,0.5,0.5
2024-02-11T1600,1321A,113.73961,34.77172,郑州市,四十七中,颗粒物(PM10),71,92,101,31,41,99,,79,79,6,11,10,12,0.6,0.6
2024-02-11T1600,1322A,113.60532,34.74838,郑州市,市监测站,颗粒物(PM10),68,85,103,23,35,105,,82,82,2,8,3,2,0.4,0.5
2024-02-11T1600,1323A,113.64164,34.7525,郑州市,河医大,颗粒物(PM10),74,98,111,32,48,99,,82,82,6,10,7,11,0.3,0.3
2024-02-11T1600,3471A,113.616563,34.86783,郑州市,惠济区政府,颗粒物(PM10),67,83,106,18,31,100,,81,81,4,6,5,6,0.2,0.3
2024-02-11T1600,3590A,113.8374,34.5589,郑州市,北区建设指挥部,颗粒物(PM10),87,124,108,52,38,115,,95,95,13,13,6,7,0.5,0.4
2024-02-11T1600,3591A,113.30952,34.803229,郑州市,上街区政府,颗粒物(PM10),60,69,119,22,35,96,,81,81,10,12,8,8,0.4,0.4
2024-02-11T1600,1379A,113.3769,22.5211,中山市,华柏园,,49,49,76,30,60,109,,77,77,8,22,5,5,0.4,0.7
2024-02-11T1600,1380A,113.3881,22.5497,中山市,张溪,,40,36,100,28,82,118,,84,84,5,23,5,6,0.3,0.6
2024-02-11T1600,1381A,113.4075,22.5111,中山市,紫马岭,,36,33,69,25,58,111,,84,84,3,11,6,7,0.4,0.6
2024-02-11T1600,3454A,113.3528,22.478,中山市,中山南区,,35,29,58,22,54,110,,84,84,8,13,4,5,0.5,0.8
2024-02-11T1600,2682A,105.1971,37.5002,中卫市,环保局站,颗粒物(PM10),65,80,108,30,67,87,,28,,16,25,8,10,0.5,0.6
2024-02-11T1600,3650A,105.1698,37.5162,中卫市,沙坡头区政府站,颗粒物(PM10),75,100,117,31,59,91,,62,62,12,23,9,11,0.3,0.4
2024-02-11T1600,1414A,106.3787,29.8279,重庆市,缙云山,细颗粒物(PM2.5),73,71,71,53,55,107,,94,88,13,11,13,12,0.1,0.1
2024-02-11T1600,1416A,106.4213,29.8253,重庆市,天生,细颗粒物(PM2.5),83,80,90,61,80,111,,66,66,13,18,10,8,1.0,1
2024-02-11T1600,1417A,106.6263,29.7228,重庆市,两路,细颗粒物(PM2.5),69,57,94,50,80,109,,75,75,14,32,9,10,0.8,1.1
2024-02-11T1600,1418A,106.2953,29.5983,重庆市,虎溪,细颗粒物(PM2.5),83,76,90,61,77,120,,77,77,7,16,8,6,0.7,0.8
2024-02-11T1600,1419A,106.5777,29.5102,重庆市,南坪,细颗粒物(PM2.5),92,70,109,68,88,110,,75,75,21,23,12,14,1.0,1.2
2024-02-11T1600,1420A,106.6556,29.6277,重庆市,唐家沱,细颗粒物(PM2.5),85,69,91,63,79,118,,72,72,10,14,10,9,0.8,0.9
2024-02-11T1600,1421A,106.6349,29.4906,重庆市,茶园,细颗粒物(PM2.5),100,77,105,75,90,127,,69,69,9,21,10,9,1.0,1.2
2024-02-11T1600,1422A,106.3754,29.4572,重庆市,白市驿,细颗粒物(PM2.5),78,84,106,57,78,123,,79,79,16,20,8,9,0.7,0.9
2024-02-11T1600,1425A,106.6205,29.7166,重庆市,空港,细颗粒物(PM2.5),63,60,94,45,78,112,,82,82,8,26,9,10,0.7,1
2024-02-11T1600,1426A,106.4782,29.4875,重庆市,新山村,细颗粒物(PM2.5),82,77,104,60,82,117,,65,65,20,41,10,9,0.6,0.9
2024-02-11T1600,1427A,106.5616,29.6453,重庆市,礼嘉,颗粒物(PM10),64,77,99,44,78,120,,71,71,10,26,10,11,0.8,1
2024-02-11T1600,1428A,106.4522,29.7091,重庆市,蔡家,细颗粒物(PM2.5),72,,86,52,73,112,,66,66,6,13,8,6,0.5,0.7
2024-02-11T1600,1429A,106.5093,29.3917,重庆市,鱼新街,细颗粒物(PM2.5),70,69,103,51,85,118,,72,72,18,29,11,10,1.1,1.4
2024-02-11T1600,3014A,106.4958,29.5346,重庆市,歇台子,细颗粒物(PM2.5),75,80,96,55,74,112,,70,70,22,36,10,11,0.7,0.9
2024-02-11T1600,3015A,106.4037,29.5728,重庆市,龙井湾,细颗粒物(PM2.5),78,61,89,57,82,113,,84,84,8,13,9,11,0.6,0.8
2024-02-11T1600,3016A,106.5507,29.4153,重庆市,龙洲湾,细颗粒物(PM2.5),92,74,113,68,88,102,,64,64,22,21,8,9,1.0,1.1
2024-02-11T1600,3133A,106.5468,29.5654,重庆市,上清寺,细颗粒物(PM2.5),94,75,96,70,87,100,,62,62,28,47,8,8,0.8,1
2024-02-11T1600,3346A,108.3872,31.1628,重庆市,安康,细颗粒物(PM2.5),59,47,75,42,73,83,,49,49,10,16,11,11,0.7,0.9
2024-02-11T1600,3347A,105.9017,29.3569,重庆市,北山路,细颗粒物(PM2.5),124,,84,94,87,124,,79,79,5,13,16,11,0.8,0.7
2024-02-11T1600,3348A,105.839,30.1946,重庆市,春阳街,细颗粒物(PM2.5),87,,110,64,110,104,,57,57,8,25,12,9,0.8,1.2
2024-02-11T1600,3349A,107.7983,30.6758,重庆市,人民东路,细颗粒物(PM2.5),67,70,99,48,80,96,,70,70,7,15,9,10,0.7,0.9
2024-02-11T1600,3350A,106.6479,29.0244,重庆市,滩子口,细颗粒物(PM2.5),135,140,113,103,96,111,,54,54,15,22,41,16,1.1,0.9
2024-02-11T1600,3351A,105.7167,29.7076,重庆市,棠香,细颗粒物(PM2.5),102,89,108,76,92,114,,72,72,9,19,11,7,0.8,1
2024-02-11T1600,3352A,107.0732,29.8617,重庆市,桃源西路,细颗粒物(PM2.5),104,,134,78,126,107,,58,58,9,15,11,4,0.5,0.7
2024-02-11T1600,3353A,107.3535,29.7287,重庆市,迎宾大道,细颗粒物(PM2.5),94,,117,70,131,99,,49,49,10,23,12,10,0.6,0.8
2024-02-11T1600,3354A,108.815,29.5081,重庆市,舟白,细颗粒物(PM2.5),55,41,76,39,76,90,,49,49,6,12,10,9,0.5,0.7
2024-02-11T1600,3355A,108.3679,30.8426,重庆市,周家坝,细颗粒物(PM2.5),59,,88,42,84,84,,46,46,14,29,9,10,0.4,0.8
2024-02-11T1600,3356A,108.4319,30.7555,重庆市,百安坝,细颗粒物(PM2.5),63,,66,45,65,93,,60,60,10,12,9,9,0.5,0.6
2024-02-11T1600,3482A,107.7541,29.3277,重庆市,芙蓉中路,细颗粒物(PM2.5),65,51,60,47,55,88,,60,60,7,9,7,9,0.7,0.7
2024-02-11T1600,3483A,108.7661,29.5368,重庆市,西山,细颗粒物(PM2.5),52,36,76,36,79,99,,54,54,5,11,11,9,0.4,0.7
2024-02-11T1600,3484A,106.2628,29.32,重庆市,行政中心,细颗粒物(PM2.5),104,85,108,78,103,119,,72,72,18,22,13,14,0.9,1.1
2024-02-11T1600,3485A,107.0944,29.1608,重庆市,高寺路,细颗粒物(PM2.5),64,,104,46,104,91,,57,57,8,14,11,11,0.4,0.8
2024-02-11T1600,3599A,106.2649,29.9851,重庆市,书院路,细颗粒物(PM2.5),107,,114,80,114,103,,50,50,7,14,11,8,0.7,1
2024-02-11T1600,3600A,106.2339,29.5559,重庆市,虎峰,细颗粒物(PM2.5),72,79,98,52,79,121,,79,79,14,17,12,11,0.9,0.9
2024-02-11T1600,3601A,106.0499,29.8342,重庆市,龙门街,细颗粒物(PM2.5),78,84,112,57,93,111,,63,63,14,29,13,11,0.9,1.2
2024-02-11T1600,3610A,105.5933,29.4105,重庆市,昌元,细颗粒物(PM2.5),84,83,115,62,96,126,,71,71,9,25,10,8,0.6,1
2024-02-11T1600,1258A,122.122,30.0203,舟山市,定海檀枫,细颗粒物(PM2.5),55,54,85,39,74,102,,94,94,12,27,8,7,0.4,0.7
2024-02-11T1600,1259A,122.3094,29.9558,舟山市,普陀东港,细颗粒物(PM2.5),67,81,82,48,62,130,,111,111,16,30,8,8,0.7,0.8
2024-02-11T1600,1260A,122.19,29.9944,舟山市,临城新区,颗粒物(PM10),56,61,77,37,67,107,,102,102,10,21,9,8,0.3,0.6
2024-02-11T1600,2067A,114.6613,33.6128,周口市,市环境监测站,颗粒物(PM10),110,169,210,55,139,100,,76,76,9,23,4,7,0.7,0.9
2024-02-11T1600,2068A,114.6758,33.6347,周口市,周口师范,颗粒物(PM10),103,155,187,46,104,104,,83,83,14,24,4,7,0.3,0.5
2024-02-11T1600,2069A,114.6546,33.5979,周口市,市运管处,颗粒物(PM10),107,164,195,57,122,104,,83,83,7,17,4,7,0.5,0.7
2024-02-11T1600,2070A,114.6369,33.6406,周口市,川汇区环保局,颗粒物(PM10),104,157,190,58,121,102,,82,82,11,18,5,7,0.7,0.8
2024-02-11T1600,1515A,113.135,27.8244,株洲市,天台山庄,细颗粒物(PM2.5),65,64,117,47,89,106,,69,69,6,20,8,9,0.8,1
2024-02-11T1600,1518A,113.095,27.8867,株洲市,株冶医院,细颗粒物(PM2.5),77,67,111,56,104,109,,76,76,5,19,10,10,0.6,0.7
2024-02-11T1600,1519A,113.167,27.8667,株洲市,市四中,细颗粒物(PM2.5),69,63,100,50,85,105,,67,67,8,13,5,5,0.8,0.9
2024-02-11T1600,1520A,113.143,27.8381,株洲市,火车站,细颗粒物(PM2.5),69,61,96,50,80,106,,69,69,3,8,10,10,0.9,1
2024-02-11T1600,1524A,113.13,27.8528,株洲市,市监测站,细颗粒物(PM2.5),85,69,125,63,112,111,,73,73,5,17,7,7,1.0,1.2
2024-02-11T1600,1559A,113.251,27.8336,株洲市,大京风景区,细颗粒物(PM2.5),55,54,70,39,66,99,,72,72,4,5,8,7,0.6,0.8
2024-02-11T1600,2031A,113.1817,27.9958,株洲市,云田中学,细颗粒物(PM2.5),83,70,97,61,82,114,,77,77,7,6,8,8,0.7,0.7
2024-02-11T1600,1367A,113.5814,22.2618,珠海市,吉大,,49,49,60,32,47,108,,78,78,11,16,4,5,0.4,0.6
2024-02-11T1600,1368A,113.4881,22.2335,珠海市,前山,细颗粒物(PM2.5),55,,85,39,78,102,,75,75,2,16,10,10,0.3,0.8
2024-02-11T1600,1369A,113.628,22.4251,珠海市,唐家,,47,47,66,25,56,105,,77,77,7,12,6,6,0.5,0.8
2024-02-11T1600,1370A,113.299,22.2281,珠海市,斗门,,36,33,70,25,60,104,,83,83,4,13,4,6,0.3,0.6
2024-02-11T1600,3308A,113.3494,22.0569,珠海市,金湾,,39,39,74,21,49,104,,82,82,12,13,5,6,0,0.2
2024-02-11T1600,3448A,113.5433,22.1163,珠海市,横琴,,42,37,50,29,42,105,,78,78,16,12,8,8,0.4,0.5
2024-02-11T1600,2420A,114.0189,32.9656,驻马店市,市一纸厂,颗粒物(PM10),84,118,197,37,83,104,,83,83,7,18,5,7,0.4,0.5
2024-02-11T1600,2421A,114.0114,33.015,驻马店市,市彩印厂,颗粒物(PM10),89,127,181,34,59,107,,86,86,2,7,6,9,0.3,0.3
2024-02-11T1600,2422A,113.9976,32.9771,驻马店市,天方二分厂,颗粒物(PM10),85,120,187,42,86,101,,78,78,6,22,6,8,0.4,0.5
2024-02-11T1600,3339A,114.0012,33.0412,驻马店市,小管楼,颗粒物(PM10),94,137,172,46,59,105,,88,88,1,6,9,10,0.2,0.2
2024-02-11T1600,2561A,104.6617,30.1372,资阳市,莲花山,细颗粒物(PM2.5),59,51,84,42,74,110,,76,76,13,15,6,6,0.5,0.5
2024-02-11T1600,2562A,104.6356,30.1506,资阳市,资阳中学,细颗粒物(PM2.5),88,,88,65,79,124,,77,77,6,13,8,7,1.0,1
2024-02-11T1600,2563A,104.6295,30.1383,资阳市,四三一厂,细颗粒物(PM2.5),70,62,127,51,96,122,,76,76,9,19,9,8,1.0,1.1
2024-02-11T1600,2564A,104.6463,30.1146,资阳市,师范校,细颗粒物(PM2.5),78,61,167,57,132,114,,69,69,8,22,6,6,1.0,1.1
2024-02-11T1600,2565A,104.6296,30.1256,资阳市,区法院,细颗粒物(PM2.5),83,,109,61,92,123,,75,75,4,23,5,5,1.0,1.1
2024-02-11T1600,1631A,118.0414,36.8103,淄博市,人民公园,颗粒物(PM10),58,66,97,34,72,108,,89,89,10,26,8,15,0.4,0.8
2024-02-11T1600,1633A,117.8525,36.4847,淄博市,双山,细颗粒物(PM2.5),82,112,92,60,63,112,,101,101,13,20,13,16,0.6,0.8
2024-02-11T1600,1634A,117.9592,36.6331,淄博市,气象站,细颗粒物(PM2.5),79,89,85,58,63,119,,98,98,12,23,12,17,0.9,0.9
2024-02-11T1600,1635A,118.3092,36.8194,淄博市,莆田园,颗粒物(PM10),59,68,106,41,76,115,,103,103,7,17,10,19,0.5,1
2024-02-11T1600,3363A,117.9883,36.8372,淄博市,新区,颗粒物(PM10),65,80,103,36,74,110,,96,96,5,16,10,17,0.6,0.9
2024-02-11T1600,3644A,117.8661,36.805,淄博市,三金集团,颗粒物(PM10),60,69,98,34,69,114,,92,92,9,25,12,29,0.5,1
2024-02-11T1600,3645A,118.0253,36.8406,淄博市,东风化工厂,颗粒物(PM10),65,80,111,34,80,114,,97,97,11,26,10,16,0.5,1
2024-02-11T1600,3027A,104.72,29.3427,自贡市,青杠林路,细颗粒物(PM2.5),100,76,103,75,90,130,,70,70,10,30,4,4,0.5,0.7
2024-02-11T1600,3028A,104.776,29.3627,自贡市,檀木林体育馆,细颗粒物(PM2.5),95,82,97,71,84,125,,74,74,7,18,8,8,0.5,0.5
2024-02-11T1600,3360A,104.7894,29.3194,自贡市,南湖救助站,,,61,94,56,80,132,,72,72,9,30,,6,0.4,0.6
2024-02-11T1600,3638A,104.7636,29.3338,自贡市,轻化工大学,细颗粒物(PM2.5),88,76,101,65,81,119,,72,72,11,31,5,5,0.5,0.7
2024-02-11T1600,1911A,106.9222,27.6869,遵义市,丁字口,,40,40,73,27,56,92,,61,61,16,32,17,47,0.5,1
2024-02-11T1600,1912A,106.9242,27.7019,遵义市,凤凰山,,49,42,67,34,58,109,,77,77,6,7,16,20,0.6,0.8
2024-02-11T1600,1913A,106.8906,27.6486,遵义市,忠庄,,48,39,82,33,65,106,,65,65,10,22,13,26,0.4,0.8
2024-02-11T1600,1914A,106.9231,27.6506,遵义市,舟水桥,,43,43,77,29,52,74,,52,52,7,15,13,16,0.4,0.7
2024-02-11T1600,1915A,106.9178,27.72,遵义市,干田坝,,38,38,60,21,47,107,,75,75,10,21,16,21,0.6,0.8
2024-02-11T1600,3536A,106.8547,27.5919,遵义市,第十二小学,,43,39,124,30,112,105,,69,69,5,23,19,51,0.2,0.9
2024-02-11T1600,1083A,112.434,38.0108,太原市,上兰,,,,,,,,,,,,,,,,
2024-02-11T1600,1721A,113.3819,40.1097,大同市,果树场,,,,,,,,,,,,,,,,
2024-02-11T1600,2165A,112.8453,35.546,晋城市,白马寺,,,,,,,,,,,,,,,,
2024-02-11T1600,1280A,119.3903,26.0543,福州市,鼓山,,,,,,,,,,,,,,,,
2024-02-11T1600,1286A,118.1608,24.8169,厦门市,溪东,,,,,,,,,,,,,,,,
2024-02-11T1600,2323A,118.981,25.4792,莆田市,东圳水库,,,,,,,,,,,,,,,,
2024-02-11T1600,2327A,117.7275,26.3108,三明市,洋溪,,,,,,,,,,,,,,,,
2024-02-11T1600,1614A,118.6117,24.9604,泉州市,清源山,,,,,,,,,,,,,,,,
2024-02-11T1600,2075A,117.6336,24.4674,漳州市,九湖,,,,,,,,,,,,,,,,
2024-02-11T1600,2331A,118.0966,26.6761,南平市,茫荡山,,,,,,,,,,,,,,,,
2024-02-11T1600,2335A,117.0189,25.1181,龙岩市,龙岩师专,,,,,,,,,,,,,,,,
2024-02-11T1600,2339A,119.5001,26.6946,宁德市,金涵水库,,,,,,,,,,,,,,,,
2024-02-11T1600,3209A,119.5231,26.6562,宁德市,宁德一中,,,,,,,,,,,,,,,,
2024-02-11T1600,2357A,116.9822,28.1136,鹰潭市,龙虎山,,,,,,,,,,,,,,,,
2024-02-11T1600,1382A,113.4411,22.4853,中山市,长江旅游区,,,,,,,,,,,,,,,,
2024-02-11T1600,1866A,109.2262,21.588,北海市,牛尾岭水库,,,,,,,,,,,,,,,,
2024-02-11T1600,2362A,114.9017,25.9149,赣州市,通天岩,,,,,,,,,,,,,,,,
2024-02-11T1600,2371A,114.3408,27.8064,宜春市,槟榔水业,,,,,,,,,,,,,,,,
2024-02-11T1600,2183A,111.1406,37.5211,吕梁市,环保局,,,,,,,,,,,,,,,,
2024-02-11T1600,1098A,123.6836,41.9339,沈阳市,森林路,,,,,,,,,,,,,,,,
2024-02-11T1600,1754A,123.1289,41.0228,鞍山市,千山,,,,,,,,,,,,,,,,
2024-02-11T1600,3122A,105.9606,26.2611,安顺市,伍家关,,,,,,,,,,,,,,,,
2024-02-11T1600,2598A,100.2143,26.8576,丽江市,西南郊,,,,,,,,,,,,,,,,
2024-02-11T1600,1125A,125.7194,43.515,长春市,甩湾子,,,,,,,,,,,,,,,,
2024-02-11T1600,1778A,126.7061,43.7133,吉林市,丰满,,,,,,,,,,,,,,,,
2024-02-11T1600,1324A,113.51488,34.91089,郑州市,岗李水库,,,,,,,,,,,,,,,,
2024-02-11T1600,1818A,114.4839,36.0621,安阳市,棉研所,,,,,,,,,,,,,,,,
2024-02-11T1600,1409A,110.576,19.9507,海口市,东寨港,,,,,,,,,,,,,,,,
2024-02-11T1600,1830A,113.1992,35.2590,焦作市,影视城,,,,,,,,,,,,,,,,
2024-02-11T1600,1838A,111.143,34.7955,三门峡市,风景区,,,,,,,,,,,,,,,,
2024-02-11T1600,3149A,115.0235,30.1578,黄石市,笔架山北路,,,,,,,,,,,,,,,,
2024-02-11T1600,3671A,116.088,39.9726,北京市,门头沟三家店,,,,,,,,,,,,,,,,
2024-02-11T1600,3288A,117.4754,34.4422,徐州市,大泉街道,,,,,,,,,,,,,,,,
2024-02-11T1600,1918A,108.7197,34.3956,咸阳市,气象站,,,,,,,,,,,,,,,,
2024-02-11T1600,1938A,109.5293,34.5101,渭南市,农科所,,,,,,,,,,,,,,,,
2024-02-11T1600,1477A,104.1373,35.9454,兰州市,榆中兰大校区,,,,,,,,,,,,,,,,
2024-02-11T1600,2649A,106.0055,34.343,天水市,麦积山,,,,,,,,,,,,,,,,
2024-02-11T1600,2665A,105.0822,33.3261,陇南市,汉王镇固水子,,,,,,,,,,,,,,,,
2024-02-11T1600,1483A,101.524,36.6867,西宁市,第五水厂,,,,,,,,,,,,,,,,
2024-02-11T1600,1353A,113.5618,23.312,广州市,九龙镇镇龙,,,,,,,,,,,,,,,,
2024-02-11T1600,1400A,112.4753,23.1,肇庆市,七星岩子站,,,,,,,,,,,,,,,,
2024-02-11T1600,1882A,104.563,28.793,宜宾市,石马中学,,,,,,,,,,,,,,,,
2024-02-11T1600,2543A,106.6308,30.5278,广安市,小平旧居,,,,,,,,,,,,,,,,
2024-02-11T1600,3700A,103.0456,29.9956,雅安市,康养中心,,,,,,,,,,,,,,,,
2024-02-11T1600,1552A,106.805,26.3003,贵阳市,桐木岭,,,,,,,,,,,,,,,,
2024-02-11T1600,2576A,104.8,26.5892,六盘水市,窑上,,,,,,,,,,,,,,,,
2024-02-11T1600,2680A,105.0025,37.4635,中卫市,沙坡头消防站,,,,,,,,,,,,,,,,
2024-02-11T1600,2566A,102.1879,31.914,阿坝藏族羌族自治州,州农科所,,9,4,17,4,9,28,,19,19,11,5,10,7,0.7,0.8
2024-02-11T1600,2568A,102.2502,31.8896,阿坝藏族羌族自治州,马师校,,27,5,10,5,9,85,,69,69,1,2,3,3,0.5,0.5
2024-02-11T1600,3994A,102.2165,31.9024,阿坝藏族羌族自治州,马尔康中学西区,,25,6,9,5,9,80,,65,65,1,2,5,5,0.4,0.4
2024-02-11T1600,2695A,80.292,41.1694,阿克苏地区,电视台,颗粒物(PM10),51,52,72,22,38,94,,61,61,11,28,5,9,0.6,1
2024-02-11T1600,2696A,80.2613,41.1551,阿克苏地区,艺术中心,颗粒物(PM10),51,52,103,23,63,87,,53,53,12,35,8,12,0.9,1.6
2024-02-11T1600,2204A,105.6467,38.8363,阿拉善盟,西城区西花园,,30,30,36,11,13,90,,80,80,3,4,9,9,0.4,0.5
2024-02-11T1600,2205A,105.6985,38.8411,阿拉善盟,蒙二幼,,34,34,36,9,14,85,,75,74,5,8,6,7,0.4,0.5
2024-02-11T1600,2206A,105.724,38.8516,阿拉善盟,环保局新楼,,27,24,30,9,10,85,,85,76,6,6,6,6,0.5,0.5
2024-02-11T1600,2708A,88.1264,47.8517,阿勒泰地区,市站,,23,13,9,2,7,73,,74,69,13,10,7,5,0.2,0.2
2024-02-11T1600,2630A,80.1161,32.5,阿里地区,阿里监测站,,27,3,10,0,5,84,,68,68,1,8,6,14,0.4,0.5
2024-02-11T1600,3192A,80.0903,32.5028,阿里地区,阿里藏医院,,28,,10,2,4,89,,68,68,2,6,5,11,0.4,0.5
2024-02-11T1600,2642A,109.0318,32.6537,安康市,香溪洞,细颗粒物(PM2.5),60,66,72,43,60,88,,59,59,5,6,9,9,0.6,0.7
2024-02-11T1600,2643A,109.0281,32.6939,安康市,安康市监测站,细颗粒物(PM2.5),60,58,105,43,89,90,,55,55,8,20,10,16,0.7,1.1
2024-02-11T1600,2644A,109.0072,32.6975,安康市,汉滨区检察院,细颗粒物(PM2.5),65,53,82,47,75,94,,58,58,7,9,9,12,0.5,0.7
2024-02-11T1600,2291A,117.0809,30.5177,安庆市,环科院,颗粒物(PM10),76,102,108,38,90,104,,80,80,6,19,10,12,0.6,0.9
2024-02-11T1600,2292A,117.0331,30.5119,安庆市,马山宾馆,颗粒物(PM10),77,104,113,36,95,113,,80,80,13,26,7,9,0.4,0.7
2024-02-11T1600,2294A,116.9896,30.6145,安庆市,安庆大学,颗粒物(PM10),80,109,99,41,81,114,,83,83,13,14,9,9,0.6,0.8
2024-02-11T1600,3173A,117.0598,30.5351,安庆市,市人大,颗粒物(PM10),81,111,112,35,91,108,,81,81,10,20,7,10,0.3,0.8
2024-02-11T1600,3122A,105.9606,26.2611,安顺市,伍家关,,,,,,,,,,,,,,,,
2024-02-11T1600,3123A,105.9408,26.2431,安顺市,凤凰山,,30,23,109,12,96,95,,64,64,4,33,11,97,0.2,1.2
2024-02-11T1600,3124A,105.9439,26.2564,安顺市,金钟山,,29,22,58,10,51,92,,73,73,3,14,12,57,0.2,0.6
2024-02-11T1600,3125A,105.8983,26.2481,安顺市,娄家坡,,30,21,51,17,43,93,,78,78,3,9,10,29,0.4,0.6
2024-02-11T1600,1818A,114.4839,36.0621,安阳市,棉研所,,,,,,,,,,,,,,,,
2024-02-11T1600,1819A,114.3551,36.1017,安阳市,红庙街,颗粒物(PM10),62,73,279,24,213,101,,80,80,4,22,9,9,0.5,1.3
2024-02-11T1600,1820A,114.361,36.0681,安阳市,银杏小区,颗粒物(PM10),57,63,277,19,261,101,,77,77,1,16,8,11,0.6,1.7
2024-02-11T1600,3141A,114.3922,36.0878,安阳市,信访局,颗粒物(PM10),67,83,315,19,283,108,,82,82,4,23,8,14,0.3,1.1
2024-02-11T1600,3669A,114.4705,36.0637,安阳市,左辅环卫站,颗粒物(PM10),60,70,311,25,272,103,,76,76,5,22,10,9,0.6,1.4
2024-02-11T1600,3703A,114.2917,36.0949,安阳市,安钢职工学校,颗粒物(PM10),75,100,299,20,223,98,,77,77,22,25,8,12,0.4,1.3
2024-02-11T1600,1748A,123.044,41.1196,鞍山市,深沟寺,,27,22,76,11,53,85,,77,77,9,20,13,17,0.4,1.1
2024-02-11T1600,1749A,123.011,41.0931,鞍山市,太阳城,,45,45,101,23,65,79,,70,70,21,23,22,21,0.9,1.4
2024-02-11T1600,1750A,123.0485,41.1442,鞍山市,太平,,33,33,108,17,76,86,,75,75,10,28,11,19,0.7,1.5
2024-02-11T1600,1751A,122.9642,41.0971,鞍山市,铁西三道街,,40,40,98,19,62,84,,75,75,12,26,13,17,1.0,1.1
2024-02-11T1600,1752A,122.9341,41.0833,鞍山市,铁西工业园区,,44,44,97,15,64,82,,78,78,20,25,16,13,0.8,1.2
2024-02-11T1600,1753A,123.022,41.0821,鞍山市,明达新区,颗粒物(PM10),56,62,125,28,80,68,,67,63,25,23,26,23,1.4,1.4
2024-02-11T1600,1754A,123.1289,41.0228,鞍山市,千山,,,,,,,,,,,,,,,,
2024-02-11T1600,2195A,107.4212,40.761,巴彦淖尔市,附二中,,48,48,49,17,23,86,,64,64,1,13,5,7,0.4,0.5
2024-02-11T1600,2196A,107.37,40.7372,巴彦淖尔市,市环保大楼,,49,49,46,18,20,87,,,,2,6,4,4,0.3,0.4
2024-02-11T1600,1956A,86.1472,41.7538,巴音郭楞蒙古自治州,孔雀公园,颗粒物(PM10),61,72,132,30,39,81,,43,43,3,42,6,5,0.4,0.8
2024-02-11T1600,1957A,86.1972,41.7166,巴音郭楞蒙古自治州,棉纺厂,颗粒物(PM10),70,89,146,35,30,90,,62,62,4,12,4,3,0.4,0.4
2024-02-11T1600,1958A,86.2357,41.7173,巴音郭楞蒙古自治州,经济开发区,颗粒物(PM10),58,66,120,16,24,94,,58,58,6,16,5,5,0.4,0.4
2024-02-11T1600,2914A,106.7677,31.8794,巴中市,苏山坪,,42,39,82,29,67,102,,80,76,6,9,5,4,0.4,0.7
2024-02-11T1600,3182A,106.7656,31.8545,巴中市,丽阳花园,细颗粒物(PM2.5),57,49,100,40,84,95,,47,47,9,23,6,5,0.6,1.1
2024-02-11T1600,3183A,106.7418,31.8654,巴中市,圣泉水务公司,细颗粒物(PM2.5),53,50,91,37,81,97,,60,60,10,17,6,5,0.6,0.9
2024-02-11T1600,3616A,106.7616,31.8344,巴中市,市中心医院,细颗粒物(PM2.5),55,47,101,39,84,98,,52,52,5,18,7,6,0.6,1
2024-02-11T1600,2235A,122.7911,45.6077,白城市,洮北区环保局,,27,19,33,6,20,84,,81,81,6,7,4,5,0.3,0.3
2024-02-11T1600,2236A,122.8738,45.5725,白城市,市环保局,,27,23,32,9,14,84,,80,80,4,6,5,5,0.3,0.4
2024-02-11T1600,2231A,126.4219,41.9171,白山市,喜丰,颗粒物(PM10),52,53,78,31,51,87,,73,73,10,20,18,20,1.1,1.3
2024-02-11T1600,2232A,126.4077,41.9419,白山市,环保局,颗粒物(PM10),55,59,113,32,80,88,,71,71,12,26,14,18,1.0,1.4
2024-02-11T1600,2647A,104.1724,36.5446,白银市,第三小学,,50,50,106,24,34,80,,57,57,13,21,19,28,0.5,0.6
2024-02-11T1600,2648A,104.1465,36.5482,白银市,动力公司,颗粒物(PM10),53,55,91,25,31,83,,62,62,13,16,19,19,0.6,0.7
2024-02-11T1600,2512A,106.6103,23.9011,百色市,市监测站,,48,48,66,25,50,99,,60,60,6,9,19,9,0.7,0.9
2024-02-11T1600,2513A,106.6538,23.8859,百色市,市中心血站,,40,40,62,17,56,101,,64,64,4,12,16,9,0.5,0.8
2024-02-11T1600,3406A,106.6085,23.8798,百色市,祈福高中,,41,41,46,25,46,99,,60,60,5,8,19,8,0.6,0.8
2024-02-11T1600,2270A,117.396,32.939,蚌埠市,工人疗养院,颗粒物(PM10),72,93,180,38,151,109,,78,78,5,21,7,11,0.5,0.9
2024-02-11T1600,2271A,117.3605,32.9427,蚌埠市,百货大楼,颗粒物(PM10),75,100,190,44,162,111,,79,79,9,25,5,6,0.7,1.1
2024-02-11T1600,2273A,117.4185,32.8911,蚌埠市,蚌埠学院,颗粒物(PM10),70,90,165,43,133,109,,82,82,7,14,6,7,0.5,1
2024-02-11T1600,2274A,117.3533,32.9673,蚌埠市,淮上区政府,颗粒物(PM10),78,105,183,46,149,111,,82,82,5,18,7,8,0.5,1
2024-02-11T1600,2275A,117.3145,32.8977,蚌埠市,高新区,颗粒物(PM10),71,92,164,43,133,115,,81,81,5,16,7,6,0.6,1
2024-02-11T1600,3715A,117.3092,32.9314,蚌埠市,蚌埠田家炳中学,颗粒物(PM10),77,104,174,48,141,110,,76,76,12,21,8,15,0.4,0.8
2024-02-11T1600,1585A,109.8756,40.6532,包头市,市环境监测站,细颗粒物(PM2.5),118,109,94,89,71,102,,64,64,16,37,18,22,0.9,1.1
2024-02-11T1600,1587A,109.9991,40.5842,包头市,包头八中,细颗粒物(PM2.5),129,114,152,98,62,104,,63,63,19,40,13,24,0.9,1.4
2024-02-11T1600,1588A,109.8538,40.6821,包头市,青山宾馆,细颗粒物(PM2.5),89,117,74,66,57,97,,63,63,23,38,22,17,1.3,1.2
2024-02-11T1600,1589A,109.8642,40.6288,包头市,惠龙物流,细颗粒物(PM2.5),83,96,125,61,71,107,,68,68,10,35,16,24,0.6,1.1
2024-02-11T1600,1590A,110.0377,40.5546,包头市,东河鸿龙湾,细颗粒物(PM2.5),110,106,175,83,112,106,,71,71,17,41,16,14,0.8,1.4
2024-02-11T1600,3283A,109.9154,40.5685,包头市,滨河大厦,细颗粒物(PM2.5),117,104,147,88,105,112,,77,77,12,29,14,13,0.8,1.1
2024-02-11T1600,3419A,109.9447,40.6261,包头市,包头市委党校,细颗粒物(PM2.5),108,102,106,81,80,100,,62,62,18,33,21,28,0.8,1.3
2024-02-11T1600,3683A,109.8331,40.6576,包头市,昆区政府,细颗粒物(PM2.5),94,105,100,70,74,100,,65,65,19,40,20,26,1.0,1.4
2024-02-11T1600,1930A,107.185,34.3063,宝鸡市,庙沟村,颗粒物(PM10),82,114,99,40,32,99,,70,70,6,5,8,6,0.6,0.5
2024-02-11T1600,1931A,107.0708,34.3017,宝鸡市,竹园沟,颗粒物(PM10),90,129,85,48,34,112,,75,75,17,15,9,6,0.5,0.5
2024-02-11T1600,1932A,107.1906,34.3672,宝鸡市,三陆医院,颗粒物(PM10),93,136,125,43,65,118,,75,75,15,31,9,8,0.5,0.6
2024-02-11T1600,1933A,107.1431,34.3547,宝鸡市,监测站,颗粒物(PM10),91,132,110,43,48,107,,71,71,13,19,8,6,0.5,0.5
2024-02-11T1600,1934A,107.1186,34.3739,宝鸡市,技工学校,颗粒物(PM10),94,137,129,47,60,113,,73,73,18,23,10,9,0.6,0.6
2024-02-11T1600,1935A,107.3906,34.3528,宝鸡市,陈仓区环保局家属楼,颗粒物(PM10),92,133,146,38,66,117,,74,74,17,35,10,19,0.6,0.8
2024-02-11T1600,1936A,107.2058,34.3497,宝鸡市,文理学院,颗粒物(PM10),93,136,140,47,60,117,,75,75,15,28,12,10,0.5,0.6
2024-02-11T1600,1937A,107.2386,34.3622,宝鸡市,三迪小学,颗粒物(PM10),97,143,135,51,58,111,,71,71,19,29,11,10,0.6,0.6
2024-02-11T1600,1051A,115.493,38.8632,保定市,游泳馆,,32,19,120,15,84,101,,72,72,2,14,4,6,0.6,0.8
2024-02-11T1600,1052A,115.5213,38.8959,保定市,华电二区,细颗粒物(PM2.5),58,,89,41,78,98,,67,67,2,8,7,6,0.1,0.4
2024-02-11T1600,1053A,115.4713,38.9108,保定市,接待中心,,35,35,100,9,79,92,,66,66,2,6,5,7,0.4,0.6
2024-02-11T1600,1054A,115.4612,38.8416,保定市,地表水厂,,47,47,113,2,79,97,,69,69,2,12,4,6,0.7,1
2024-02-11T1600,3581A,115.31981,38.95208,保定市,满城区生态环境分局,,34,34,108,15,89,99,,72,72,2,15,5,7,0.4,0.8
2024-02-11T1600,3582A,115.47694,38.76408,保定市,清苑区第二中学,,32,29,112,9,75,102,,77,77,1,9,7,9,0.5,0.7
2024-02-11T1600,3583A,115.62909,39.02311,保定市,徐水物探局,颗粒物(PM10),51,51,104,29,72,101,,71,71,6,18,5,6,0.4,0.5
2024-02-11T1600,4004A,115.4202,38.8656,保定市,双鹰农机,,32,30,89,12,70,101,,72,72,11,13,3,6,0.4,0.6
2024-02-11T1600,4034A,115.5150,38.8590,保定市,植保所站,,36,36,95,21,86,100,,68,68,3,17,5,7,0.1,0.5
2024-02-11T1600,2594A,99.1678,25.1081,保山市,市环境监测站,颗粒物(PM10),52,54,59,27,38,86,,60,60,6,8,6,7,0.6,0.6
2024-02-11T1600,2595A,99.1711,25.1328,保山市,市环保局,颗粒物(PM10),54,58,55,27,30,88,,62,62,5,5,8,8,0.6,0.6
2024-02-11T1600,1866A,109.2262,21.588,北海市,牛尾岭水库,,,,,,,,,,,,,,,,
2024-02-11T1600,1867A,109.1436,21.4086,北海市,海滩公园,颗粒物(PM10),67,83,105,42,82,120,,88,88,16,18,11,12,1.1,0.8
2024-02-11T1600,1868A,109.0981,21.4661,北海市,新市环保局,颗粒物(PM10),53,55,78,34,70,113,,90,90,9,13,8,11,0.6,0.8
2024-02-11T1600,1869A,109.1778,21.5233,北海市,北海工业园,颗粒物(PM10),55,60,96,29,80,115,,90,90,7,12,10,10,0.5,0.8
2024-02-11T1600,3400A,109.1911,21.4415,北海市,龙潭自来水厂,,36,33,94,25,80,100,,80,80,7,11,10,10,0.5,0.7
2024-02-11T1600,1001A,116.3621,39.8784,北京市,万寿西宫,细颗粒物(PM2.5),67,58,84,48,64,79,,53,53,18,32,2,3,0.2,0.4
2024-02-11T1600,1002A,116.2202,40.2915,北京市,定陵,,30,30,33,19,22,76,,78,78,10,5,2,2,0.3,0.3
2024-02-11T1600,1003A,116.4174,39.9289,北京市,东四,细颗粒物(PM2.5),67,69,83,48,63,74,,54,54,15,22,5,5,0.5,0.6
2024-02-11T1600,1004A,116.4072,39.8863,北京市,天坛,细颗粒物(PM2.5),65,64,80,47,62,88,,56,56,9,20,2,2,0.3,0.4
2024-02-11T1600,1005A,116.462,39.9365,北京市,农展馆,细颗粒物(PM2.5),67,66,80,48,59,74,,52,52,15,23,3,3,0.4,0.4
2024-02-11T1600,1006A,116.3392,39.9295,北京市,官园,细颗粒物(PM2.5),58,56,80,41,60,88,,67,67,15,24,2,4,0.4,0.5
2024-02-11T1600,1007A,116.2878,39.9611,北京市,海淀万柳,"颗粒物(PM10),细颗粒物(PM2.5)",52,53,81,36,59,83,,59,59,16,28,3,2,0.2,0.4
2024-02-11T1600,1008A,116.6636,40.135,北京市,顺义新城,细颗粒物(PM2.5),55,49,60,39,45,68,,65,65,27,17,3,2,0.5,0.4
2024-02-11T1600,1009A,116.6275,40.3275,北京市,怀柔镇,,40,40,41,26,29,73,,65,65,9,14,5,5,0.4,0.4
2024-02-11T1600,1010A,116.2296,40.217,北京市,昌平镇,,44,44,46,27,29,80,,81,81,15,7,3,3,0.3,0.3
2024-02-11T1600,1011A,116.3966,39.9821,北京市,奥体中心,细颗粒物(PM2.5),60,51,73,43,58,80,,60,60,10,21,4,5,0.3,0.5
2024-02-11T1600,1012A,116.184,39.9136,北京市,古城,细颗粒物(PM2.5),60,65,76,43,53,85,,72,72,6,11,1,2,0.4,0.4
2024-02-11T1600,3281A,115.9718,40.4529,北京市,延庆夏都,,43,43,45,26,28,79,,71,70,6,5,7,3,0.3,0.3
2024-02-11T1600,3417A,117.0709,40.1465,北京市,平谷新城,,46,46,57,31,43,86,,68,68,1,5,1,3,0.3,0.5
2024-02-11T1600,3418A,116.8336,40.4095,北京市,密云新城,,39,37,41,27,28,85,,74,74,6,9,2,2,0.3,0.3
2024-02-11T1600,3671A,116.088,39.9726,北京市,门头沟三家店,,,,,,,,,,,,,,,,
2024-02-11T1600,3672A,116.1541,39.8204,北京市,丰台云岗,细颗粒物(PM2.5),88,84,84,65,62,89,,75,75,12,14,1,3,0.4,0.3
2024-02-11T1600,3673A,116.6804,39.9081,北京市,通州东关,细颗粒物(PM2.5),57,53,78,40,59,76,,59,59,8,15,3,4,0.3,0.5
2024-02-11T1600,3674A,115.9577,39.7603,北京市,房山燕山,细颗粒物(PM2.5),65,63,69,47,59,99,,89,89,15,15,3,2,0.4,0.4
2024-02-11T1600,3675A,116.4672,39.7733,北京市,大兴旧宫,细颗粒物(PM2.5),68,58,78,49,61,87,,59,59,10,14,3,2,0.2,0.3
2024-02-11T1600,3694A,115.986,40.4563,北京市,延庆石河营,,43,43,42,27,28,85,,77,75,6,5,6,3,0.4,0.3
2024-02-11T1600,3695A,116.6151,40.3053,北京市,怀柔新城,,38,36,34,26,26,76,,65,65,11,11,3,2,0.3,0.3
2024-02-11T1600,3696A,116.2545,39.8768,北京市,丰台小屯,细颗粒物(PM2.5),62,64,88,44,62,86,,58,58,10,26,2,3,0.3,0.4
2024-02-11T1600,3697A,116.84,40.3844,北京市,密云镇,,43,41,69,30,53,81,,68,68,6,20,3,4,0.3,0.3
2024-02-11T1600,1761A,123.8275,41.3064,本溪市,大峪,,44,44,120,24,84,86,,62,62,15,41,11,16,0.7,2.1
2024-02-11T1600,1762A,123.7567,41.3325,本溪市,溪湖,,36,36,147,17,98,92,,66,66,7,33,19,23,0.5,1.8
2024-02-11T1600,1763A,123.7169,41.3094,本溪市,彩屯,,33,25,136,23,110,93,,72,72,14,34,10,17,0.7,1.9
2024-02-11T1600,1764A,123.7669,41.2864,本溪市,东明,,49,49,192,25,158,78,,59,59,22,47,23,23,1.0,1.7
2024-02-11T1600,1765A,123.7992,41.2664,本溪市,新立屯,细颗粒物(PM2.5),64,61,108,46,95,72,,63,63,28,32,25,20,1.6,1.6
2024-02-11T1600,1766A,123.8142,41.3472,本溪市,威宁,,40,40,127,21,92,85,,62,62,12,35,12,9,0.4,1.3
2024-02-11T1600,2587A,105.2864,27.3125,毕节市,八中,,32,21,52,12,41,100,,73,73,3,9,9,11,0.2,0.4
2024-02-11T1600,2588A,105.31,27.2944,毕节市,师专,,32,19,72,14,62,102,,73,73,4,15,8,11,0.3,0.6
2024-02-11T1600,3537A,105.3631,27.3533,毕节市,长征村,,34,19,42,13,31,108,,79,79,3,6,9,10,0.5,0.6
2024-02-11T1600,1629A,118.0018,37.3617,滨州市,第二水厂,颗粒物(PM10),75,100,144,45,108,111,,90,90,14,25,9,20,0.8,1.4
2024-02-11T1600,1630A,117.9776,37.393,滨州市,北中新校,颗粒物(PM10),79,107,158,51,118,111,,92,92,12,26,20,33,0.9,1.6
2024-02-11T1600,3514A,117.9378,37.3956,滨州市,中海酒店,细颗粒物(PM2.5),75,94,142,55,119,112,,95,95,17,21,16,28,0.7,1.4
2024-02-11T1600,3515A,117.9378,37.3553,滨州市,开发区一中,颗粒物(PM10),81,111,156,56,122,111,,89,89,11,20,16,30,0.7,1.3
2024-02-11T1600,3516A,118.0917,37.694,滨州市,金海六路,颗粒物(PM10),73,95,157,47,120,114,,92,92,8,22,16,20,0.6,1.4
2024-02-11T1600,4028A,117.9956,37.3753,滨州市,滨州市西街道办事处,颗粒物(PM10),73,96,148,51,112,106,,86,86,12,22,15,25,0.7,1.4
2024-02-11T1600,2311A,115.8072,33.8399,亳州市,污水处理厂,颗粒物(PM10),91,132,181,55,133,112,,88,88,9,15,8,9,0.6,0.8
2024-02-11T1600,2312A,115.7789,33.8518,亳州市,三国揽胜宫,颗粒物(PM10),104,158,223,47,142,113,,90,90,8,16,9,10,0.6,1
2024-02-11T1600,3332A,115.7633,33.8034,亳州市,亳州学院,,,131,184,48,123,112,,89,89,,10,7,9,0.7,1.1
2024-02-11T1600,2693A,82.0485,44.8556,博尔塔拉蒙古自治州,市党校,细颗粒物(PM2.5),108,108,113,81,76,97,,72,69,20,21,15,14,1.3,1.1
2024-02-11T1600,2694A,82.0806,44.8969,博尔塔拉蒙古自治州,市环保局,细颗粒物(PM2.5),99,117,126,74,74,63,,80,54,37,30,39,15,1.5,1.5
2024-02-11T1600,1071A,116.8842,38.2991,沧州市,沧县城建局,颗粒物(PM10),57,63,141,34,125,106,,86,86,41,30,6,13,1.4,1.3
2024-02-11T1600,1072A,116.8584,38.3254,沧州市,电视转播站,细颗粒物(PM2.5),67,80,133,48,113,109,,89,89,4,16,13,14,0.6,1
2024-02-11T1600,1073A,116.8709,38.3228,沧州市,市环保局,,,83,135,55,116,105,,85,85,11,22,8,13,,1
2024-02-11T1600,3324A,116.8136,38.3004,沧州市,河北水利电力学院,细颗粒物(PM2.5),78,75,136,57,109,106,,85,85,6,17,14,19,0.5,0.8
2024-02-11T1600,2622A,97.1806,31.1273,昌都市,昌都监测站,,24,0,18,0,14,75,,56,56,2,7,6,7,0.2,0.4
2024-02-11T1600,3719A,97.1714,31.1406,昌都市,昌都会议中心,,27,4,6,1,7,86,,66,66,2,3,4,4,0.2,0.3
2024-02-11T1600,2690A,88.1236,43.8886,昌吉回族自治州,天山天池,,29,,5,12,5,90,,80,80,5,4,9,8,0.4,0.4
2024-02-11T1600,2692A,87.2717,44.0297,昌吉回族自治州,新区政务中心,细颗粒物(PM2.5),182,168,225,137,172,145,,96,96,16,45,8,6,1.5,2.1
2024-02-11T1600,3613A,87.3095,44.0142,昌吉回族自治州,亚心广场,细颗粒物(PM2.5),211,195,242,161,205,140,,101,101,19,36,10,10,1.5,1.8
2024-02-11T1600,1119A,125.3325,43.9166,长春市,食品厂,细颗粒物(PM2.5),53,53,79,37,66,91,,79,79,12,21,12,20,0.3,0.5
2024-02-11T1600,1120A,125.2863,43.9027,长春市,客车厂,,49,49,77,29,62,84,,77,77,12,18,18,21,0.5,0.7
2024-02-11T1600,1121A,125.2841,43.8463,长春市,邮电学院,细颗粒物(PM2.5),54,54,90,38,74,88,,79,79,12,21,15,21,0.4,0.6
2024-02-11T1600,1122A,125.3716,43.8772,长春市,劳动公园,,49,46,93,34,78,87,,76,76,16,26,7,10,0.4,0.6
2024-02-11T1600,1123A,125.3297,43.8805,长春市,园林处,,50,50,78,27,59,92,,83,83,12,22,12,21,0.6,0.8
2024-02-11T1600,1124A,125.4605,43.79,长春市,净月潭,,42,42,82,23,68,98,,87,87,1,6,7,11,0.4,0.6
2024-02-11T1600,1125A,125.7194,43.515,长春市,甩湾子,,,,,,,,,,,,,,,,
2024-02-11T1600,1126A,125.3863,43.8447,长春市,经开区环卫处,颗粒物(PM10),51,51,97,28,80,95,,82,82,8,15,9,11,0.3,0.6
2024-02-11T1600,1127A,125.245,43.7783,长春市,高新区管委会,细颗粒物(PM2.5),53,50,99,37,88,100,,88,88,8,16,9,11,0.5,0.8
2024-02-11T1600,1128A,125.1761,43.8325,长春市,岱山公园,颗粒物(PM10),52,54,78,34,73,93,,86,86,6,13,6,9,0.4,0.7
2024-02-11T1600,1335A,113.0833,28.2325,长沙市,经开区环保局,细颗粒物(PM2.5),63,71,98,45,73,116,,81,81,2,6,6,6,0.5,0.7
2024-02-11T1600,1336A,112.8872,28.2189,长沙市,高开区环保局,细颗粒物(PM2.5),90,73,127,67,110,116,,72,72,2,15,6,9,0.8,1.2
2024-02-11T1600,1337A,113.0792,28.2053,长沙市,马坡岭,细颗粒物(PM2.5),70,80,113,51,103,108,,71,71,2,6,8,8,0.5,0.7
2024-02-11T1600,1338A,112.9394,28.19,长沙市,湖南师范大学,细颗粒物(PM2.5),88,81,116,65,98,115,,73,73,8,15,10,9,0.9,1
2024-02-11T1600,1339A,113.0178,28.1322,长沙市,雨花区环保局,细颗粒物(PM2.5),94,79,99,70,102,107,,70,70,4,7,7,5,0.9,0.9
2024-02-11T1600,1340A,112.9792,28.2597,长沙市,伍家岭,细颗粒物(PM2.5),95,94,157,71,118,105,,60,60,11,21,8,8,0.9,1.1
2024-02-11T1600,1341A,113.0014,28.1944,长沙市,火车新站,细颗粒物(PM2.5),89,83,137,66,110,106,,68,68,6,23,6,5,0.9,0.9
2024-02-11T1600,1342A,112.9844,28.1178,长沙市,天心区环保局,细颗粒物(PM2.5),87,83,102,64,82,119,,77,77,2,7,9,8,0.5,0.4
2024-02-11T1600,1343A,112.8908,28.1308,长沙市,湖南中医药大学,细颗粒物(PM2.5),90,76,141,67,121,119,,70,70,8,22,8,8,0.7,1.2
2024-02-11T1600,1344A,112.9581,28.3611,长沙市,沙坪,细颗粒物(PM2.5),67,60,81,48,70,67,,46,46,2,4,6,6,0.7,0.8
2024-02-11T1600,1727A,113.1147,36.1547,长治市,清华站,,38,38,77,7,27,98,,73,73,10,15,11,12,0.3,0.5
2024-02-11T1600,1728A,113.1031,36.1989,长治市,监测站,,50,50,97,12,31,94,,70,70,15,20,12,13,0.2,0.5
2024-02-11T1600,1730A,113.0886,36.2125,长治市,审计局,,48,48,76,14,30,98,,73,73,8,14,12,15,0.4,0.6
2024-02-11T1600,1731A,113.0844,36.1856,长治市,长治八中,,43,43,87,14,33,97,,74,74,9,14,7,8,0.4,0.7
2024-02-11T1600,2845A,113.1569,36.1911,长治市,德盛苑,,47,47,71,12,26,96,,80,80,11,13,12,14,0.5,0.8
2024-02-11T1600,3568A,113.06,36.0464,长治市,向阳小学,,44,44,86,18,37,110,,94,94,14,16,14,16,0.4,0.5
2024-02-11T1600,3569A,112.8792,36.3144,长治市,屯留一中,,47,47,76,7,31,102,,79,79,3,11,9,11,0.5,0.6
2024-02-11T1600,3570A,113.235,36.3489,长治市,潞城四中,颗粒物(PM10),56,61,101,16,34,102,,84,84,12,14,7,14,0.3,0.5
2024-02-11T1600,1854A,111.6975,28.9703,常德市,市二中,细颗粒物(PM2.5),112,,77,84,76,105,,65,65,17,12,10,7,0.9,0.8
2024-02-11T1600,1857A,111.7158,29.1456,常德市,白鹤山,细颗粒物(PM2.5),104,137,126,78,76,85,,46,46,4,2,4,2,0.8,0.8
2024-02-11T1600,3138A,111.7153,29.0289,常德市,武陵区永安,细颗粒物(PM2.5),105,94,87,79,75,106,,68,68,7,9,10,8,1.1,1
2024-02-11T1600,3139A,111.6892,28.9881,常德市,鼎城区玉霞,细颗粒物(PM2.5),107,88,80,80,75,110,,66,66,12,12,11,9,0.8,0.9
2024-02-11T1600,3140A,111.6625,29.0531,常德市,武陵区长庚,细颗粒物(PM2.5),105,95,95,79,80,107,,66,66,9,9,7,6,0.7,0.9
2024-02-11T1600,1196A,119.9633,31.762,常州市,市监测站,细颗粒物(PM2.5),90,105,136,67,98,124,,98,98,5,26,10,10,1.0,1.2
2024-02-11T1600,1200A,119.9468,31.7069,常州市,武进监测站,细颗粒物(PM2.5),104,104,123,78,93,118,,92,92,8,17,10,11,0.9,1
2024-02-11T1600,1201A,119.9255,31.9087,常州市,安家,细颗粒物(PM2.5),124,131,135,94,105,125,,100,100,9,17,10,10,1.0,1
2024-02-11T1600,3002A,119.9805,31.8174,常州市,行政中心,细颗粒物(PM2.5),109,113,107,82,84,116,,92,92,7,17,10,10,1.2,1.1
2024-02-11T1600,3003A,120.0522,31.7748,常州市,经开区,细颗粒物(PM2.5),90,97,117,67,86,124,,100,100,8,17,10,10,0.8,0.8
2024-02-11T1600,3010A,119.9025,31.7964,常州市,钟楼,细颗粒物(PM2.5),105,114,116,79,89,122,,93,93,9,17,10,10,1.0,1
2024-02-11T1600,3429A,119.8598,31.7066,常州市,武进经发区,细颗粒物(PM2.5),98,101,121,73,101,123,,94,94,6,12,8,9,1.3,1.4
2024-02-11T1600,3430A,119.5826,31.7245,常州市,金坛城区,颗粒物(PM10),58,65,113,27,101,118,,91,91,4,12,9,10,0.6,0.9
2024-02-11T1600,2220A,120.4318,41.5881,朝阳市,西梁,,29,26,75,16,67,92,,86,86,6,14,14,20,0.6,0.9
2024-02-11T1600,2221A,120.4521,41.5646,朝阳市,河畔小区,,30,30,57,13,41,88,,80,80,5,11,7,13,0.5,0.8
2024-02-11T1600,2222A,120.4176,41.5648,朝阳市,八里堡,,37,37,57,18,56,87,,80,80,6,13,13,17,0.6,1
2024-02-11T1600,2223A,120.3806,41.5969,朝阳市,农业园区,,33,33,51,15,44,87,,79,79,7,12,11,15,0.4,0.6
2024-02-11T1600,1705A,116.6367,23.6719,潮州市,西园路,,40,40,66,20,52,107,,70,70,6,8,5,4,0.3,0.4
2024-02-11T1600,3026A,116.6183,23.6608,潮州市,市政府,,46,46,59,26,46,108,,72,72,8,10,6,6,0.3,0.6
2024-02-11T1600,4036A,116.6461,23.6761,潮州市,金山,,42,42,59,26,53,106,,70,70,7,8,7,6,0.5,0.6
2024-02-11T1600,2472A,113.0073,25.9061,郴州市,马头岭,,31,31,51,18,28,93,,66,66,4,8,6,6,0.2,0.4
2024-02-11T1600,2473A,113.0116,25.8226,郴州市,市职中,,40,32,57,28,51,92,,63,63,4,7,7,6,1.1,1.1
2024-02-11T1600,2474A,113.0161,25.8001,郴州市,兴隆步行街,,43,43,91,29,75,95,,62,62,4,16,6,5,0.4,0.7
2024-02-11T1600,2475A,113.0383,25.8071,郴州市,市审计局,,38,38,76,26,65,95,,64,64,4,13,6,5,0.4,0.8
2024-02-11T1600,2476A,113.0348,25.7759,郴州市,市环保局,,42,39,70,29,55,86,,61,61,10,14,6,4,0.5,0.5
2024-02-11T1600,1431A,103.9728,30.7236,成都市,金泉两河,细颗粒物(PM2.5),105,80,92,79,87,108,,61,61,10,28,3,3,0.8,1.1
2024-02-11T1600,1432A,104.176,30.6872,成都市,十里店,细颗粒物(PM2.5),92,76,90,68,86,124,,74,74,7,16,3,2,0.7,0.7
2024-02-11T1600,1433A,104.079,30.5706,成都市,三瓦窑,细颗粒物(PM2.5),73,57,99,53,75,115,,74,74,5,27,2,2,0.5,0.7
2024-02-11T1600,1434A,104.1114,30.63,成都市,沙河铺,细颗粒物(PM2.5),80,74,105,59,95,117,,66,66,12,29,5,3,0.6,0.8
2024-02-11T1600,1437A,104.0786,30.6531,成都市,君平街,细颗粒物(PM2.5),92,72,98,68,94,125,,70,70,14,42,6,6,0.6,0.9
2024-02-11T1600,1438A,103.613,31.0283,成都市,灵岩寺,细颗粒物(PM2.5),83,76,68,61,53,114,,90,90,14,14,2,2,0.9,0.8
2024-02-11T1600,2880A,104.0239,30.65639,成都市,大石西路,细颗粒物(PM2.5),88,85,99,65,89,127,,71,71,17,38,4,3,0.8,1.1
2024-02-11T1600,3136A,104.2725,30.5589,成都市,龙泉驿区区政府,细颗粒物(PM2.5),77,63,68,56,60,112,,82,82,8,10,2,2,0.8,0.8
2024-02-11T1600,3357A,104.0106,30.6931,成都市,金博路,细颗粒物(PM2.5),119,106,127,90,113,111,,60,60,15,38,3,3,0.8,1
2024-02-11T1600,3359A,104.0578,30.5225,成都市,华阳,细颗粒物(PM2.5),79,63,85,58,79,116,,74,74,2,19,4,3,0.7,0.9
2024-02-11T1600,3487A,104.2394,30.5319,成都市,车城东七路,细颗粒物(PM2.5),90,73,81,67,70,116,,81,81,9,16,2,2,0.7,0.7
2024-02-11T1600,3488A,104.3853,30.7453,成都市,青白江技师分院,细颗粒物(PM2.5),85,88,80,63,62,123,,80,80,8,15,8,9,0.9,0.9
2024-02-11T1600,3489A,104.0789,30.4072,成都市,科学城,细颗粒物(PM2.5),92,77,82,68,76,116,,73,73,1,9,5,4,0.8,0.8
2024-02-11T1600,4011A,103.8506,30.6947,成都市,光华大道三段,细颗粒物(PM2.5),90,87,119,67,100,86,,60,60,8,24,3,3,0.9,1.1
2024-02-11T1600,1062A,117.9531,40.9081,承德市,铁路,,25,23,74,9,55,80,,61,61,10,26,36,19,0.7,0.9
2024-02-11T1600,1063A,117.9392,40.9763,承德市,中国银行,,28,28,85,4,57,84,,69,69,9,22,33,12,0.6,0.6
2024-02-11T1600,1064A,117.9503,40.928,承德市,开发区,,34,34,64,22,43,84,,66,66,11,25,29,12,0.6,0.7
2024-02-11T1600,1065A,117.8051,40.9655,承德市,文化中心,,26,20,74,9,40,81,,60,60,9,25,65,25,0.6,0.7
2024-02-11T1600,1066A,117.9268,41.0026,承德市,离宫,,26,12,35,10,27,82,,70,70,4,8,17,6,0.3,0.4
2024-02-11T1600,2314A,117.47,30.6618,池州市,池州学院,颗粒物(PM10),56,62,89,29,73,106,,83,83,14,15,10,9,0.8,0.8
2024-02-11T1600,3237A,117.4918,30.6617,池州市,展览馆,颗粒物(PM10),59,67,91,23,74,108,,83,83,6,10,8,5,0.8,0.8
2024-02-11T1600,3333A,117.5627,30.695,池州市,第八中学,颗粒物(PM10),61,71,79,34,61,113,,88,88,9,11,6,9,0.6,0.7
2024-02-11T1600,3334A,117.5038,30.6243,池州市,第十二中学,颗粒物(PM10),59,68,77,27,64,110,,86,86,6,9,8,6,0.4,0.6
2024-02-11T1600,1744A,118.9233,42.2816,赤峰市,松山一中,,27,10,29,2,10,84,,74,74,6,12,7,9,0.4,0.5
2024-02-11T1600,1745A,118.9576,42.2728,赤峰市,哈达街,,26,14,32,7,21,81,,69,69,8,12,9,11,0.4,0.6
2024-02-11T1600,1746A,118.8788,42.2554,赤峰市,天义路,,26,7,18,6,6,81,,73,73,6,8,5,6,0.2,0.3
2024-02-11T1600,3058A,119.2658,42.0353,赤峰市,银河街,,27,27,46,14,32,85,,72,72,12,15,15,18,0.6,0.7
2024-02-11T1600,3286A,118.9359,42.3147,赤峰市,桥北物流园区,,28,13,23,6,17,87,,77,77,2,7,4,8,0.8,0.8
2024-02-11T1600,2521A,107.3476,22.4136,崇左市,市环保局江州分局,,48,48,62,28,53,115,,83,83,4,9,9,9,0.2,0.5
2024-02-11T1600,2522A,107.3702,22.3707,崇左市,城南新区,,46,46,62,30,59,112,,79,79,6,11,8,8,0.3,0.6
2024-02-11T1600,2298A,118.3093,32.3153,滁州市,老年大学,细颗粒物(PM2.5),70,85,111,51,94,114,,84,84,8,19,6,7,0.7,1
2024-02-11T1600,2299A,118.3244,32.2786,滁州市,人大宾馆,颗粒物(PM10),75,100,120,45,103,118,,86,86,14,21,6,7,0.6,0.9
2024-02-11T1600,3207A,118.3118,32.3038,滁州市,市政府原办公楼,"颗粒物(PM10),细颗粒物(PM2.5)",69,88,108,50,89,114,,86,86,12,25,5,6,0.5,0.8
2024-02-11T1600,3331A,118.3267,32.2634,滁州市,图书馆,颗粒物(PM10),75,100,114,40,93,116,,87,87,9,15,7,8,0.6,0.9
2024-02-11T1600,2605A,101.5482,25.0441,楚雄彝族自治州,州环境监测站,,39,29,45,27,39,78,,61,61,4,9,6,7,0.8,0.9
2024-02-11T1600,2606A,101.538,25.0492,楚雄彝族自治州,市经济开发区,,43,,49,30,42,74,,57,57,5,10,6,8,0.7,0.8
2024-02-11T1600,2548A,107.5277,31.2827,达州市,达州职业技术学院,细颗粒物(PM2.5),63,50,85,45,68,109,,68,68,7,17,9,8,0.5,0.9
2024-02-11T1600,2549A,107.5086,31.2186,达州市,市环境监测站,细颗粒物(PM2.5),58,63,93,41,74,90,,52,52,20,31,7,8,0.8,1.2
2024-02-11T1600,2550A,107.4988,31.2132,达州市,凤凰小区,细颗粒物(PM2.5),67,63,95,48,78,90,,56,56,20,32,7,7,0.7,1.2
2024-02-11T1600,2551A,107.5082,31.1986,达州市,达县机关宾馆,细颗粒物(PM2.5),64,68,92,46,71,89,,51,51,24,35,6,5,0.9,1.2
2024-02-11T1600,2552A,107.4644,31.2124,达州市,市政中心,细颗粒物(PM2.5),67,57,98,48,80,98,,56,56,16,40,7,8,0.8,1.4
2024-02-11T1600,2614A,100.1542,25.7054,大理白族自治州,大理市环境监测站,,39,38,54,27,40,73,,66,66,6,10,7,8,0.8,0.9
2024-02-11T1600,2615A,100.2171,25.5811,大理白族自治州,大理古城,细颗粒物(PM2.5),55,43,62,39,56,81,,65,65,18,16,8,8,1.0,0.9
2024-02-11T1600,1109A,121.612,38.9741,大连市,甘井子,,31,31,93,17,81,88,,77,77,10,20,5,13,0.5,0.8
2024-02-11T1600,1110A,121.565,38.9511,大连市,周水子,,31,31,101,16,87,93,,81,81,7,20,6,12,0.8,1.3
2024-02-11T1600,1111A,121.5637,38.8845,大连市,星海三站,,29,29,111,14,107,89,,83,83,8,20,6,15,0.8,1.1
2024-02-11T1600,1112A,121.6302,38.9117,大连市,青泥洼桥,,27,20,91,15,84,86,,77,77,12,21,12,18,0.5,0.9
2024-02-11T1600,1113A,121.6251,38.8638,大连市,傅家庄,,25,18,82,13,70,80,,84,80,8,12,18,19,0.6,0.9
2024-02-11T1600,1114A,121.5213,38.8661,大连市,七贤岭,,26,19,77,7,58,81,,77,77,5,13,9,11,0.6,0.9
2024-02-11T1600,1115A,121.2529,38.8061,大连市,旅顺,,39,35,77,27,67,75,,71,71,15,23,10,13,1.0,1.2
2024-02-11T1600,1116A,121.7485,39.1311,大连市,金州,,50,38,120,35,114,87,,77,77,15,23,9,13,1.1,1.5
2024-02-11T1600,1117A,121.7811,39.0496,大连市,开发区,,44,44,128,22,102,83,,73,73,14,22,8,11,0.8,1.4
2024-02-11T1600,1118A,121.9762,39.0631,大连市,双D港,,30,25,76,10,61,95,,87,87,7,16,6,12,0.6,1
2024-02-11T1600,1789A,124.81117,46.03138,大庆市,大同区,颗粒物(PM10),56,61,71,31,57,74,,69,69,14,14,11,11,0.7,0.7
2024-02-11T1600,1790A,125.129,46.533,大庆市,龙凤区,细颗粒物(PM2.5),60,57,96,43,76,85,,68,68,14,17,8,6,0.6,0.7
2024-02-11T1600,1791A,124.902,46.408,大庆市,红岗区,,39,39,56,24,43,78,,66,66,9,14,10,13,0.5,0.6
2024-02-11T1600,1792A,125.153,46.586,大庆市,萨尔图区,细颗粒物(PM2.5),77,66,99,56,86,79,,70,70,16,18,13,11,0.6,0.8
2024-02-11T1600,1793A,124.9042,46.6215,大庆市,让胡路区,,39,39,65,24,38,75,,63,63,6,21,7,9,0.4,0.8
2024-02-11T1600,3481A,125.141,46.634,大庆市,萨区政府监测点,细颗粒物(PM2.5),69,64,95,50,77,77,,72,72,21,19,18,14,0.7,0.8
2024-02-11T1600,1721A,113.3819,40.1097,大同市,果树场,,,,,,,,,,,,,,,,
2024-02-11T1600,1723A,113.2994,40.0758,大同市,云冈宾馆,,42,35,74,29,48,94,,76,76,10,19,15,14,0.4,0.9
2024-02-11T1600,1724A,113.3444,40.0917,大同市,大同大学,,38,38,73,16,46,95,,74,74,9,20,14,15,0.6,0.9
2024-02-11T1600,1725A,113.2661,40.1269,大同市,安家小村,,45,45,73,13,44,93,,75,75,8,11,19,19,0.5,1.3
2024-02-11T1600,1726A,113.2711,40.0844,大同市,教育学院,,46,46,82,21,48,90,,68,68,12,24,12,14,0.7,1.4
2024-02-11T1600,3282A,113.3397,40.0597,大同市,大同市卫生学校,,38,38,72,14,54,96,,80,80,4,17,10,12,0.3,0.8
2024-02-11T1600,3565A,113.1367,40.1122,大同市,云冈站,,35,29,50,15,29,110,,84,84,5,8,6,12,0.3,0.5
2024-02-11T1600,3566A,113.1186,40.2556,大同市,图书馆,,31,22,75,11,55,99,,66,66,7,15,11,26,0.1,0.5
2024-02-11T1600,3567A,113.5931,40.0461,大同市,区一中,,32,32,77,12,50,94,,80,80,5,13,17,24,0.4,0.9
2024-02-11T1600,3676A,113.2802,40.0995,大同市,第二人民医院,颗粒物(PM10),53,55,98,12,54,98,,74,74,8,19,12,14,0.4,1.3
2024-02-11T1600,2269A,124.1069,50.4097,大兴安岭地区,科技局,,25,16,28,13,25,79,,73,73,5,7,9,9,0.4,0.4
2024-02-11T1600,3663A,124.1164,50.4278,大兴安岭地区,红旗社区,颗粒物(PM10),53,56,42,10,34,74,,74,74,12,18,14,14,0.1,0.3
2024-02-11T1600,1600A,124.3303,40.0625,丹东市,江湾东路,细颗粒物(PM2.5),75,66,91,55,77,100,,76,76,9,18,18,20,0.8,1.4
2024-02-11T1600,1601A,124.4256,40.1503,丹东市,临江后街,细颗粒物(PM2.5),54,55,98,38,75,101,,77,77,10,23,13,15,0.9,1.5
2024-02-11T1600,1602A,124.3933,40.1461,丹东市,元宝山,细颗粒物(PM2.5),59,51,83,42,69,94,,72,72,10,18,12,16,0.8,1.2
2024-02-11T1600,1603A,124.3633,40.1092,丹东市,民主桥,细颗粒物(PM2.5),75,84,121,55,94,90,,67,67,15,32,25,18,1.3,1.5
2024-02-11T1600,3541A,109.5726,19.5167,儋州市,第一中学子站,,40,38,50,28,40,96,,84,84,4,5,6,6,0.7,0.7
2024-02-11T1600,3542A,109.5567,19.5187,儋州市,东坡学校子站,,42,37,48,29,40,98,,85,85,6,7,5,5,0.7,0.7
2024-02-11T1600,2616A,98.5842,24.428,德宏傣族景颇族自治州,德宏州监测站,,46,46,79,30,65,105,,53,53,11,27,15,20,0.6,0.8
2024-02-11T1600,3677A,98.5881,24.4368,德宏傣族景颇族自治州,芒市人民政府综合楼,"颗粒物(PM10),细颗粒物(PM2.5)",57,63,75,40,55,101,,57,57,13,17,20,13,0.6,0.7
2024-02-11T1600,1901A,104.4239,31.1208,德阳市,东山公园,细颗粒物(PM2.5),89,75,92,66,86,114,,74,74,11,13,2,4,0.8,0.8
2024-02-11T1600,1902A,104.3826,31.1317,德阳市,西小区,细颗粒物(PM2.5),92,73,123,68,118,110,,60,60,13,34,3,5,0.8,1
2024-02-11T1600,1904A,104.3553,31.1091,德阳市,耐火材料厂,细颗粒物(PM2.5),87,,119,64,113,117,,61,61,6,21,4,8,0.6,0.8
2024-02-11T1600,3639A,104.4019,31.1244,德阳市,市教育局,细颗粒物(PM2.5),90,70,102,67,97,114,,64,64,10,33,3,3,0.7,0.9
2024-02-11T1600,1622A,116.3032,37.4674,德州市,儿童乐园,细颗粒物(PM2.5),92,119,179,68,129,126,,95,95,6,13,14,25,0.9,1
2024-02-11T1600,1624A,116.2991,37.4451,德州市,监理站,细颗粒物(PM2.5),85,111,190,63,141,125,,94,94,8,18,15,28,0.8,1
2024-02-11T1600,3066A,116.2721,37.4379,德州市,九衢泉纯净水厂,细颗粒物(PM2.5),87,110,207,64,158,121,,88,88,14,21,13,30,0.8,1
2024-02-11T1600,3371A,116.3728,37.4403,德州市,开发区人民医院,细颗粒物(PM2.5),104,134,172,78,122,124,,93,93,7,14,14,22,0.7,0.8
2024-02-11T1600,3372A,116.3572,37.4094,德州市,太阳城中学,细颗粒物(PM2.5),107,123,203,80,162,124,,90,90,11,14,13,26,0.8,1.1
2024-02-11T1600,3511A,116.5652,37.3319,德州市,陵城艺术中心,细颗粒物(PM2.5),89,122,194,66,139,119,,88,88,12,21,12,25,0.7,1
2024-02-11T1600,2621A,99.7056,27.8317,迪庆藏族自治州,迪庆州站,,29,25,28,13,18,92,,76,76,6,7,8,8,0.3,0.4
2024-02-11T1600,3180A,99.7136,27.8094,迪庆藏族自治州,质量技术监督局,,28,22,26,8,22,88,,72,72,4,7,8,8,0.5,0.5
2024-02-11T1600,2663A,104.6241,35.5734,定西市,东关小学,,27,26,105,11,42,84,,59,59,6,14,10,20,0.5,0.9
2024-02-11T1600,2664A,104.6194,35.5934,定西市,供电公司,,,25,106,10,50,,,52,52,1,12,12,16,0.6,0.8
2024-02-11T1600,1389A,113.7547,23.0494,东莞市,莞城梨川,,34,30,47,21,59,107,,88,88,7,17,8,10,0.5,0.7
2024-02-11T1600,1390A,113.7944,23.0128,东莞市,东城石井,,33,21,51,15,42,103,,83,83,8,12,7,7,0.5,0.7
2024-02-11T1600,1391A,113.7383,22.9658,东莞市,南城西平,,31,21,60,13,45,98,,82,82,4,13,9,10,0.6,0.8
2024-02-11T1600,3319A,113.7338,23.0381,东莞市,万江金泰,,35,31,96,24,85,93,,78,78,1,13,8,10,0.6,0.9
2024-02-11T1600,3626A,113.7533,23.0202,东莞市,南城元岭,,30,25,62,19,50,96,,79,79,2,10,10,11,0.6,0.8
2024-02-11T1600,3627A,113.7875,23.0457,东莞市,东城主山,,34,27,65,20,58,107,,88,88,2,10,10,11,0.6,0.8
2024-02-11T1600,1666A,118.6614,37.4309,东营市,市环保局,细颗粒物(PM2.5),67,80,147,48,122,122,,103,103,12,25,13,31,0.6,1.2
2024-02-11T1600,3036A,118.6904,37.4338,东营市,开发区管委会,细颗粒物(PM2.5),77,89,152,56,128,115,,96,96,17,31,9,26,0.6,1.2
2024-02-11T1600,3365A,118.5719,37.565,东营市,垦利区民丰路,颗粒物(PM10),70,90,151,48,120,117,,101,101,17,25,17,21,0.6,1.4
2024-02-11T1600,3498A,118.5055,37.8612,东营市,河口城区,,,,169,46,125,125,,97,97,11,20,10,10,0.8,1.5
2024-02-11T1600,3646A,118.4978,37.4623,东营市,胜利站,颗粒物(PM10),74,98,162,48,118,110,,92,92,20,28,16,26,0.5,1.3
2024-02-11T1600,3734A,118.35,37.26,东营市,理想之城,细颗粒物(PM2.5),70,88,156,51,123,116,,96,96,21,30,12,17,0.6,1.3
2024-02-11T1600,1591A,110.0023,39.8129,鄂尔多斯市,综合楼,,36,36,57,9,23,95,,88,88,10,14,4,7,0.4,0.5
2024-02-11T1600,1592A,109.9486,39.8261,鄂尔多斯市,巴音孟克林场办事处,,29,29,50,9,22,91,,83,83,7,13,8,13,0.4,0.5
2024-02-11T1600,1593A,109.7736,39.5986,鄂尔多斯市,康泽苑,,31,31,42,9,17,95,,73,73,11,11,6,6,0.4,0.5
2024-02-11T1600,1594A,109.8119,39.5989,鄂尔多斯市,华泰汽车城,,39,39,47,12,23,96,,74,74,13,15,10,6,0.4,0.5
2024-02-11T1600,1595A,109.9734,39.7884,鄂尔多斯市,奥林花园,,31,31,47,12,17,94,,82,82,10,19,7,7,0.5,0.6
2024-02-11T1600,2436A,114.8938,30.3994,鄂州市,市政府,颗粒物(PM10),78,106,142,40,119,107,,69,69,10,37,10,10,0.8,1.2
2024-02-11T1600,2437A,114.8989,30.3714,鄂州市,赵家坝,颗粒物(PM10),74,98,113,37,106,113,,76,76,12,28,9,8,0.5,1
2024-02-11T1600,3654A,114.8094,30.4089,鄂州市,精准医疗中心,颗粒物(PM10),84,118,159,35,109,117,,79,79,2,21,5,12,0.8,1.3
2024-02-11T1600,2454A,109.4978,30.2981,恩施土家族苗族自治州,湖北民院,颗粒物(PM10),55,59,93,34,69,91,,51,51,5,14,7,7,1.0,1.2
2024-02-11T1600,2455A,109.4707,30.2798,恩施土家族苗族自治州,州电力总公司,细颗粒物(PM2.5),70,58,95,51,80,78,,43,43,10,15,6,6,0.9,1.2
2024-02-11T1600,3549A,109.5061,30.3772,恩施土家族苗族自治州,龙凤新区,细颗粒物(PM2.5),74,,66,54,67,80,,40,40,14,14,6,6,1.0,1.1
2024-02-11T1600,2499A,108.3411,21.6158,防城港市,沙万,,43,43,54,27,47,101,,77,77,7,10,8,6,0.3,0.4
2024-02-11T1600,2500A,108.3514,21.7731,防城港市,防城档案局,,43,43,56,30,49,98,,79,79,7,11,7,7,0.4,0.6
2024-02-11T1600,2501A,108.3506,21.6414,防城港市,大海花园,,50,50,51,31,42,97,,76,76,8,7,10,6,0.8,0.6
2024-02-11T1600,1371A,113.1294,23.0067,佛山市,湾梁,细颗粒物(PM2.5),54,,66,38,58,116,,87,87,6,15,9,10,0.6,0.7
2024-02-11T1600,1372A,113.1083,23.0478,佛山市,华材职中,,49,,62,34,49,112,,78,78,9,25,8,8,0.6,0.8
2024-02-11T1600,1373A,113.144,23.0453,佛山市,南海气象局,,,,67,,54,117,,86,86,6,18,6,8,,0.8
2024-02-11T1600,1374A,113.2881,22.8094,佛山市,顺德苏岗,,35,17,81,14,62,109,,82,82,4,14,10,15,0.3,0.6
2024-02-11T1600,1376A,112.8383,22.8678,佛山市,高明孔堂,,39,37,58,27,46,112,,82,82,3,7,6,6,0.3,0.5
2024-02-11T1600,1377A,112.8836,23.1588,佛山市,三水监测站,,39,27,44,27,38,106,,80,80,6,25,6,6,0.5,0.7
2024-02-11T1600,1378A,112.867,23.185,佛山市,三水云东海,,35,28,39,24,35,109,,82,82,7,12,18,14,0.5,0.6
2024-02-11T1600,3625A,113.2544,22.7642,佛山市,容桂街道办,,33,24,83,17,68,105,,80,80,1,13,7,11,0.3,0.7
2024-02-11T1600,1280A,119.3903,26.0543,福州市,鼓山,,,,,,,,,,,,,,,,
2024-02-11T1600,1282A,119.2681,26.0504,福州市,师大,,35,26,57,24,55,109,,75,75,4,6,7,7,0.5,0.5
2024-02-11T1600,1283A,119.2984,26.1028,福州市,五四北路,,35,,63,24,65,107,,76,76,4,9,4,4,0.5,0.6
2024-02-11T1600,1284A,119.2648,26.0768,福州市,杨桥西路,,42,34,52,29,49,113,,75,75,7,8,5,4,0.5,0.6
2024-02-11T1600,1285A,119.317,26.0746,福州市,紫阳,,32,23,62,19,58,102,,70,70,3,10,7,7,0.6,0.7
2024-02-11T1600,3048A,119.5799,26.0936,福州市,九龙,,43,43,38,29,34,104,,83,83,9,10,5,3,0.8,0.7
2024-02-11T1600,3526A,119.5189,25.9664,福州市,吴航,,33,28,44,22,37,104,,75,75,5,11,5,5,0.4,0.5
2024-02-11T1600,1755A,123.7977,41.8491,抚顺市,望花区,,31,31,117,18,98,89,,73,73,10,32,12,16,0.5,1.2
2024-02-11T1600,1756A,123.9161,41.8822,抚顺市,顺城区,,38,38,148,19,117,102,,77,77,5,35,6,10,0.4,1.2
2024-02-11T1600,1757A,124.0436,41.8611,抚顺市,东洲区,,48,48,144,20,116,93,,74,74,5,17,10,11,0.4,1.1
2024-02-11T1600,1758A,123.9247,41.8642,抚顺市,新抚区,,38,38,148,17,115,104,,79,79,8,34,7,8,0.4,1.3
2024-02-11T1600,1759A,124.0972,41.8961,抚顺市,大伙房水库,,37,37,133,21,104,98,,81,81,4,15,9,11,0.4,1
2024-02-11T1600,1760A,123.7086,41.8391,抚顺市,沈抚新城,,39,39,111,13,77,101,,80,80,5,26,6,9,0.3,1.1
2024-02-11T1600,2376A,116.2127,28.0814,抚州市,桐源党溪,细颗粒物(PM2.5),69,69,94,50,78,96,,60,60,6,7,23,9,0.1,0.5
2024-02-11T1600,2377A,116.3544,27.9831,抚州市,市站,细颗粒物(PM2.5),58,56,161,41,132,106,,73,73,8,27,11,12,0.3,0.7
2024-02-11T1600,2378A,116.3565,27.963,抚州市,血防站,,49,49,112,33,88,103,,70,70,4,16,2,5,0.7,1.1
2024-02-11T1600,2379A,116.3564,28.0007,抚州市,采茶剧团,"颗粒物(PM10),细颗粒物(PM2.5)",54,58,134,38,114,100,,65,65,6,18,6,6,0.9,1.2
2024-02-11T1600,2380A,116.385,27.9647,抚州市,医学分院,颗粒物(PM10),55,59,95,35,67,104,,70,70,5,11,6,7,0.8,0.9
2024-02-11T1600,2207A,121.6094,41.998,阜新市,工业园区,,27,,89,18,70,85,,80,80,6,15,3,13,0.5,0.9
2024-02-11T1600,2208A,121.6697,42.0279,阜新市,长青街,,28,11,71,5,73,87,,81,81,5,14,4,14,0.5,0.7
2024-02-11T1600,2209A,121.6673,42.0705,阜新市,农业园区,,27,16,70,5,51,86,,82,82,7,14,8,21,0.2,0.6
2024-02-11T1600,2210A,121.6717,42.0224,阜新市,东苑,,30,30,80,2,59,91,,87,87,8,17,2,18,1.1,1.3
2024-02-11T1600,2211A,121.6506,42.0498,阜新市,玉龙新城,,28,18,73,5,66,89,,84,84,3,13,4,11,0.3,0.7
2024-02-11T1600,2301A,115.8277,32.8929,阜阳市,市监测站,颗粒物(PM10),80,109,178,41,152,101,,85,85,8,18,8,9,0.4,0.8
2024-02-11T1600,2303A,115.8554,32.8605,阜阳市,开发区,颗粒物(PM10),94,137,204,37,131,104,,88,88,8,16,6,7,0.5,0.7
2024-02-11T1600,2875A,115.784,32.8892,阜阳市,阜阳职业技术学院,颗粒物(PM10),82,114,187,39,146,108,,91,91,7,16,6,8,0.6,0.9
2024-02-11T1600,3468A,115.7901,32.8613,阜阳市,市规划展馆,颗粒物(PM10),87,124,207,42,152,106,,91,91,8,15,6,11,0.5,0.9
2024-02-11T1600,3469A,115.836,32.9183,阜阳市,枣园社区,颗粒物(PM10),84,118,209,39,153,106,,89,89,8,18,6,9,0.4,0.8
2024-02-11T1600,2669A,102.9099,34.9841,甘南藏族自治州,州政府,,28,7,36,6,21,88,,58,58,1,14,7,16,0.4,0.8
2024-02-11T1600,3380A,102.8914,34.9617,甘南藏族自治州,甘肃民族师范学院,,26,,25,4,14,83,,55,55,2,9,11,23,0.5,0.7
2024-02-11T1600,2570A,101.9603,30.0475,甘孜藏族自治州,水桥子,,26,9,10,6,6,83,,68,68,1,6,10,10,0.2,0.2
2024-02-11T1600,3065A,101.9533,29.9972,甘孜藏族自治州,州环保局,,27,7,10,5,5,85,,75,75,1,2,7,8,0.2,0.2
2024-02-11T1600,3414A,115.8347,28.932,赣江新区,桑海产业园,细颗粒物(PM2.5),77,73,96,56,80,116,,77,77,11,16,6,5,0.9,1
2024-02-11T1600,2362A,114.9017,25.9149,赣州市,通天岩,,,,,,,,,,,,,,,,
2024-02-11T1600,2363A,114.9367,25.8664,赣州市,地委,细颗粒物(PM2.5),64,,67,46,54,97,,69,69,3,15,11,14,0.9,0.9
2024-02-11T1600,2364A,114.9461,25.8481,赣州市,气象台,,49,39,69,34,58,101,,69,69,3,18,7,11,0.6,0.7
2024-02-11T1600,2365A,114.9322,25.8333,赣州市,市图书馆,,49,45,85,34,60,89,,60,60,4,22,15,21,0.6,0.8
2024-02-11T1600,2366A,114.8905,25.8471,赣州市,华坚鞋城,,,,75,,55,,,52,52,5,18,10,6,,0.7
2024-02-11T1600,3109A,115.0093,25.8613,赣州市,赣县区卫计委,,49,44,70,34,59,97,,63,63,7,12,7,6,0.6,0.9
2024-02-11T1600,2683A,106.2319,36.1417,固原市,马园,,35,35,63,16,26,94,,76,76,6,14,5,7,0.5,0.7
2024-02-11T1600,2684A,106.2792,36.0022,固原市,监测站,,29,20,62,19,33,91,,80,80,11,15,5,8,0.5,0.7
2024-02-11T1600,2685A,106.2375,36.0211,固原市,新区,,27,27,53,15,28,86,,78,78,10,20,6,6,0.3,0.5
2024-02-11T1600,3522A,106.2177,35.9959,固原市,原州区十五小,,28,26,51,13,21,87,,82,82,4,8,6,7,0.2,0.4
2024-02-11T1600,2543A,106.6308,30.5278,广安市,小平旧居,,,,,,,,,,,,,,,,
2024-02-11T1600,2544A,106.6303,30.4576,广安市,市委,细颗粒物(PM2.5),78,58,124,57,109,107,,66,66,6,26,7,6,0.6,1.1
2024-02-11T1600,2545A,106.6271,30.4663,广安市,友谊中学,细颗粒物(PM2.5),75,60,96,55,97,112,,66,66,8,25,5,5,0.5,0.9
2024-02-11T1600,2547A,106.6388,30.4551,广安市,广电花园,细颗粒物(PM2.5),77,56,107,56,105,111,,64,64,7,26,5,4,0.8,1.2
2024-02-11T1600,2902A,106.6351,30.4865,广安市,北辰小学,细颗粒物(PM2.5),77,57,103,56,94,108,,62,62,12,19,5,5,0.8,1
2024-02-11T1600,2523A,105.8945,32.4535,广元市,黑石坡,细颗粒物(PM2.5),84,62,79,62,71,98,,65,63,11,13,5,7,0.7,0.8
2024-02-11T1600,2524A,105.821,32.4444,广元市,老城,细颗粒物(PM2.5),68,69,96,49,67,96,,48,48,9,17,2,4,1.1,1.2
2024-02-11T1600,2526A,105.8628,32.4287,广元市,监测站,细颗粒物(PM2.5),60,64,87,43,73,92,,47,47,9,15,4,6,1.0,1.1
2024-02-11T1600,3617A,105.8047,32.4166,广元市,经开区,细颗粒物(PM2.5),85,88,106,63,85,93,,47,47,14,22,9,13,1.0,1.2
2024-02-11T1600,1345A,113.2347,23.1423,广州市,广雅中学,,42,35,68,29,53,106,,79,79,10,30,6,6,0.6,0.8
2024-02-11T1600,1346A,113.2612,23.105,广州市,市五中,,42,37,61,29,54,114,,82,82,12,30,6,6,0.5,0.8
2024-02-11T1600,1348A,113.3478,23.0916,广州市,广东商学院,,33,22,52,15,40,104,,82,82,1,17,5,6,0.3,0.7
2024-02-11T1600,1349A,113.4332,23.1047,广州市,市八十六中,,33,22,66,16,54,105,,91,91,2,14,5,8,0.2,0.5
2024-02-11T1600,1350A,113.3505,22.9483,广州市,番禺中学,,36,30,84,25,72,112,,85,85,9,27,4,5,0.5,0.8
2024-02-11T1600,1351A,113.2146,23.3916,广州市,花都师范,,42,35,77,29,62,114,,82,82,8,20,6,11,0.7,0.9
2024-02-11T1600,1352A,113.2597,23.1331,广州市,市监测站,,43,39,64,30,53,119,,84,84,10,30,6,6,0.5,0.8
2024-02-11T1600,1353A,113.5618,23.312,广州市,九龙镇镇龙,,29,22,54,16,45,90,,73,73,4,9,6,7,0.5,0.7
2024-02-11T1600,1354A,113.2765,23.1544,广州市,麓湖,,36,31,49,25,43,113,,82,82,8,16,6,6,0.4,0.6
2024-02-11T1600,1355A,113.443,23.3035,广州市,帽峰山森林公园,,36,26,34,25,31,107,,91,91,3,4,7,8,0.3,0.4
2024-02-11T1600,2846A,113.3221,23.1322,广州市,体育西,,33,19,48,14,37,103,,82,82,3,18,8,8,0.5,0.8
2024-02-11T1600,3298A,113.5717,23.5491,广州市,从化街口,,46,38,90,32,77,99,,71,71,4,13,6,11,0.3,0.6
2024-02-11T1600,3299A,113.3472,23.3692,广州市,白云竹料,,37,37,99,24,70,101,,83,83,3,12,6,9,0.4,0.7
2024-02-11T1600,3300A,113.2981,23.237,广州市,白云嘉禾,,38,30,52,26,40,102,,83,83,9,20,7,8,0.3,0.6
2024-02-11T1600,3301A,113.4256,23.1716,广州市,黄埔科学城,,32,21,50,18,49,100,,84,84,2,5,5,6,0.5,0.7
2024-02-11T1600,3302A,113.3942,23.0483,广州市,番禺大学城,,,32,54,18,46,107,,89,89,,14,,8,0.4,0.5
2024-02-11T1600,3303A,113.4922,22.8168,广州市,南沙黄阁,,48,44,97,33,80,108,,84,84,5,18,6,8,0.5,0.9
2024-02-11T1600,3304A,113.5342,22.7896,广州市,南沙街,,36,36,70,25,55,110,,87,87,9,18,4,5,0.6,0.8
2024-02-11T1600,3443A,113.2902,23.5544,广州市,花都梯面,,32,23,41,14,34,102,,85,85,5,10,5,7,0.2,0.4
2024-02-11T1600,3445A,113.7858,23.7478,广州市,从化良口,,31,18,29,14,23,98,,74,74,3,4,6,7,0.2,0.4
2024-02-11T1600,3446A,113.8051,23.2614,广州市,增城荔城,,32,31,59,22,49,102,,77,77,2,8,8,8,0.5,0.6
2024-02-11T1600,2505A,109.568,23.1478,贵港市,德智高中,细颗粒物(PM2.5),63,,49,45,46,104,,90,90,6,8,6,12,0.6,0.8
2024-02-11T1600,2506A,109.6047,23.0666,贵港市,江南子站,细颗粒物(PM2.5),78,,139,57,122,111,,73,73,8,18,18,9,0.9,1.2
2024-02-11T1600,2507A,109.6014,23.0948,贵港市,贵城子站,细颗粒物(PM2.5),53,38,112,37,111,101,,68,68,6,22,10,9,0.7,1.2
2024-02-11T1600,2508A,109.5669,23.1065,贵港市,荷城子站,,41,41,72,24,59,97,,69,69,4,15,10,9,0.7,1.1
2024-02-11T1600,3405A,109.5886,23.1172,贵港市,新世纪学校,,48,48,64,29,51,100,,78,78,3,10,5,5,0.8,1
2024-02-11T1600,1439A,106.6899,26.5998,贵阳市,马鞍山,,30,22,35,9,27,96,,63,63,7,16,14,13,0.3,0.5
2024-02-11T1600,1440A,106.6971,26.5694,贵阳市,市环保站,,31,27,116,21,108,97,,54,54,7,37,7,32,0.3,1.1
2024-02-11T1600,1441A,106.6243,26.6266,贵阳市,鉴湖路,,34,34,64,14,43,101,,72,72,4,23,3,13,0.4,0.6
2024-02-11T1600,1442A,106.7487,26.6343,贵阳市,燕子冲,,32,31,40,12,30,100,,64,64,5,12,6,14,0.4,0.5
2024-02-11T1600,1443A,106.6555,26.4365,贵阳市,碧云窝,,31,29,62,12,41,97,,67,67,4,10,6,24,0.3,0.6
2024-02-11T1600,1444A,106.694,26.5161,贵阳市,中院村,,32,29,69,12,56,100,,71,71,5,9,9,26,0,0.7
2024-02-11T1600,1445A,106.7109,26.6027,贵阳市,红边门,,30,29,88,19,73,94,,55,55,5,33,5,52,0.4,1
2024-02-11T1600,1446A,106.7164,26.5699,贵阳市,新华路,,31,19,103,19,81,99,,64,64,6,32,6,28,0.4,0.8
2024-02-11T1600,1447A,106.674,26.5424,贵阳市,太慈桥,,31,29,50,9,33,97,,66,66,3,15,6,13,0.3,0.5
2024-02-11T1600,1552A,106.805,26.3003,贵阳市,桐木岭,,,,,,,,,,,,,,,,
2024-02-11T1600,1862A,110.4144,25.3167,桂林市,电子科大尧山校区,细颗粒物(PM2.5),57,48,47,40,38,104,,73,73,6,4,6,4,0.3,0.3
2024-02-11T1600,1863A,110.2819,25.2697,桂林市,监测站,,,,100,62,113,,,41,,7,28,8,9,0.5,1
2024-02-11T1600,1864A,110.3089,25.2708,桂林市,龙隐路小学,细颗粒物(PM2.5),68,52,67,49,68,107,,73,73,6,15,6,8,0.6,0.8
2024-02-11T1600,1865A,110.2869,25.2178,桂林市,八中,细颗粒物(PM2.5),55,48,81,39,75,97,,66,66,5,12,6,8,0.4,0.6
2024-02-11T1600,3403A,110.1764,25.2381,桂林市,创业大厦,细颗粒物(PM2.5),55,46,87,39,76,104,,64,64,4,11,7,9,0.5,0.7
2024-02-11T1600,3531A,110.296,25.1253,桂林市,旅游学院,,,27,59,24,56,,,61,61,4,9,6,6,0.6,0.7
2024-02-11T1600,2674A,100.2561,34.4714,果洛藏族自治州,玛沁县大武镇,,27,,20,16,14,85,,66,66,9,11,9,13,0.3,0.5
2024-02-11T1600,1129A,126.5422,45.755,哈尔滨市,岭北,细颗粒物(PM2.5),149,151,194,114,181,152,,179,169,,36,,23,1.8,0.5
2024-02-11T1600,1130A,126.561,45.8167,哈尔滨市,松北商大,细颗粒物(PM2.5),122,111,200,92,172,124,,96,96,13,23,13,13,0.8,1.2
2024-02-11T1600,1131A,126.979,45.5419,哈尔滨市,阿城会宁,细颗粒物(PM2.5),129,132,183,98,171,126,,104,104,10,13,12,18,0.7,0.9
2024-02-11T1600,1132A,126.599,45.7222,哈尔滨市,南岗学府路,细颗粒物(PM2.5),139,153,241,106,167,122,,92,92,19,28,15,15,0.9,1.2
2024-02-11T1600,1133A,126.689,45.7733,哈尔滨市,太平宏伟公园,细颗粒物(PM2.5),132,126,201,100,159,126,,97,97,16,26,8,8,0.8,1
2024-02-11T1600,1134A,126.635,45.7667,哈尔滨市,道外承德广场,细颗粒物(PM2.5),148,149,226,113,168,111,,84,84,31,34,19,16,1.0,0.7
2024-02-11T1600,1135A,126.685,45.7319,哈尔滨市,香坊红旗大街,细颗粒物(PM2.5),162,138,216,123,125,108,,83,83,26,34,6,9,1.0,1.3
2024-02-11T1600,1136A,126.6411,45.7258,哈尔滨市,动力和平路,细颗粒物(PM2.5),145,122,201,111,187,127,,94,94,16,30,17,25,0.9,1.2
2024-02-11T1600,1137A,126.593,45.7478,哈尔滨市,道里建国路,细颗粒物(PM2.5),156,137,200,119,198,114,,83,83,22,30,16,22,1.0,1
2024-02-11T1600,1138A,126.615,45.61,哈尔滨市,平房东轻厂,细颗粒物(PM2.5),133,121,198,101,176,127,,106,106,12,17,12,12,0.7,1
2024-02-11T1600,1139A,126.595,45.9855,哈尔滨市,呼兰师专,细颗粒物(PM2.5),109,112,172,82,186,102,,79,79,23,33,28,23,0.9,1.1
2024-02-11T1600,1140A,126.6206,45.6842,哈尔滨市,省农科院,细颗粒物(PM2.5),149,140,223,114,182,136,,105,105,10,26,11,13,0.9,1.2
2024-02-11T1600,2688A,93.5128,42.8172,哈密市,地区监测站,颗粒物(PM10),133,215,128,36,44,74,,60,60,5,24,5,5,0.1,0.5
2024-02-11T1600,2689A,93.4961,42.8328,哈密市,哈密师范学校,颗粒物(PM10),142,233,152,42,58,75,,61,61,5,27,8,11,0.2,0.6
2024-02-11T1600,2671A,100.9048,36.9639,海北藏族自治州,海晏县西海镇,,25,10,16,7,9,79,,64,64,3,3,12,12,0.3,0.3
2024-02-11T1600,3867A,102.0738,36.5056,海东市,平安区公安北苑,,26,10,26,4,18,81,,49,49,1,10,19,20,0.2,0.5
2024-02-11T1600,1409A,110.576,19.9507,海口市,东寨港,,,,,,,,,,,,,,,,
2024-02-11T1600,1410A,110.3232,20.0574,海口市,海南大学,,43,43,45,26,38,121,,96,96,4,6,10,11,0.5,0.6
2024-02-11T1600,1411A,110.283,20.0053,海口市,秀英海南医院,,46,46,47,29,41,119,,97,97,2,7,9,9,0.5,0.6
2024-02-11T1600,1412A,110.338,19.9969,海口市,海南师范大学,,43,43,46,28,38,120,,96,96,4,7,9,9,0.5,0.6
2024-02-11T1600,1413A,110.33,20.0356,海口市,龙华路环保局宿舍,,46,46,48,27,37,115,,91,91,4,8,9,9,0.4,0.6
2024-02-11T1600,3539A,110.5111,19.9736,海口市,桂林洋子站,,37,32,38,25,29,118,,103,103,4,4,7,7,0.4,0.5
2024-02-11T1600,2673A,100.6188,36.2866,海南藏族自治州,共和县恰卜恰镇,,,,28,,12,80,,55,55,10,13,8,10,,0.5
2024-02-11T1600,2676A,97.3731,37.3753,海西蒙古族藏族自治州,德令哈市,颗粒物(PM10),61,72,20,4,7,105,,93,93,4,4,12,13,0.2,0.4
2024-02-11T1600,1048A,114.5302,36.6116,邯郸市,东污水处理厂,颗粒物(PM10),58,65,204,34,161,104,,81,81,1,18,4,11,0.5,1
2024-02-11T1600,1049A,114.4918,36.5713,邯郸市,矿院,颗粒物(PM10),54,58,209,34,149,90,,67,67,7,22,4,7,0.4,1.1
2024-02-11T1600,1050A,114.484,36.6133,邯郸市,丛台公园,颗粒物(PM10),52,53,179,34,138,105,,82,82,2,15,2,8,0.3,1
2024-02-11T1600,3458A,114.7895,36.5593,邯郸市,香泉濮院小区,颗粒物(PM10),60,70,204,31,154,106,,87,87,3,11,7,14,0.3,1
2024-02-11T1600,3579A,114.50634,36.77178,邯郸市,永年区实验高中,,42,42,177,20,131,108,,81,81,2,29,6,22,0.2,0.6
2024-02-11T1600,3580A,114.20016,36.44293,邯郸市,峰峰矿区临水派出所,颗粒物(PM10),57,64,112,35,86,108,,96,96,8,5,10,13,0.3,0.4
2024-02-11T1600,2634A,106.9893,33.1842,汉中市,汉川机床厂子校,细颗粒物(PM2.5),79,71,68,58,58,103,,72,72,7,7,6,7,0.7,0.7
2024-02-11T1600,2635A,107.0154,33.0706,汉中市,市监测站,细颗粒物(PM2.5),78,73,101,57,93,105,,68,68,14,25,9,10,1.0,1.6
2024-02-11T1600,2636A,107.0089,33.1138,汉中市,鑫源开发区,细颗粒物(PM2.5),79,66,95,58,93,94,,63,63,12,20,9,13,0.8,1.3
2024-02-11T1600,2637A,107.007,33.0323,汉中市,南郑大河坎水厂,细颗粒物(PM2.5),69,57,88,50,73,105,,66,66,9,17,10,11,0.8,1.2
2024-02-11T1600,1223A,120.2072,30.2111,杭州市,滨江,"颗粒物(PM10),细颗粒物(PM2.5)",57,63,96,40,77,106,,81,81,7,16,9,9,0.7,0.9
2024-02-11T1600,1224A,120.0633,30.2747,杭州市,西溪,细颗粒物(PM2.5),59,65,75,42,61,108,,89,89,8,10,8,8,0.5,0.7
2024-02-11T1600,1226A,120.3461,30.3153,杭州市,下沙,细颗粒物(PM2.5),64,72,100,46,76,117,,97,97,6,16,8,8,0.6,0.7
2024-02-11T1600,1227A,120.1269,30.2456,杭州市,卧龙桥,细颗粒物(PM2.5),63,65,76,45,63,109,,88,88,8,15,6,5,0.4,0.6
2024-02-11T1600,1228A,120.1903,30.2692,杭州市,浙江农大,细颗粒物(PM2.5),60,61,111,43,94,110,,88,88,6,24,8,8,0.6,0.8
2024-02-11T1600,1230A,120.1197,30.3119,杭州市,和睦小学,细颗粒物(PM2.5),60,62,112,43,92,96,,81,81,7,22,7,8,0.5,0.7
2024-02-11T1600,1231A,120.3019,30.4183,杭州市,临平镇,细颗粒物(PM2.5),59,61,76,42,72,110,,96,96,4,11,7,7,0.5,0.6
2024-02-11T1600,1232A,120.2697,30.1819,杭州市,城厢镇,细颗粒物(PM2.5),69,68,94,50,81,109,,87,87,8,12,8,8,0.6,0.7
2024-02-11T1600,1233A,120.0883,30.1808,杭州市,云栖,,50,50,70,32,56,102,,80,80,8,14,9,8,0.6,0.7
2024-02-11T1600,3557A,119.9464,30.0494,杭州市,镇二中,颗粒物(PM10),57,63,96,37,80,102,,78,78,5,18,8,7,0.5,0.8
2024-02-11T1600,3558A,119.7183,30.2367,杭州市,市府大楼,颗粒物(PM10),51,52,72,30,59,103,,87,87,6,11,6,6,0.4,0.7
2024-02-11T1600,3656A,120.1556,30.2864,杭州市,消防大队,细颗粒物(PM2.5),62,62,105,44,89,106,,89,89,7,21,9,10,0.7,0.9
2024-02-11T1600,1270A,117.1959,31.7848,合肥市,明珠广场,颗粒物(PM10),63,75,114,19,83,104,,84,84,8,16,6,9,0.5,0.8
2024-02-11T1600,1271A,117.3072,31.8764,合肥市,三里街,颗粒物(PM10),57,63,147,17,113,97,,76,76,10,30,6,7,0.3,0.8
2024-02-11T1600,1272A,117.2588,31.8707,合肥市,琥珀山庄,颗粒物(PM10),59,68,146,17,112,102,,83,83,2,23,5,7,0.5,1.1
2024-02-11T1600,1273A,117.1604,31.9052,合肥市,董铺水库,颗粒物(PM10),65,80,118,22,83,92,,78,78,2,5,3,4,0.3,0.6
2024-02-11T1600,1274A,117.25,31.8571,合肥市,长江中路,颗粒物(PM10),59,68,124,19,100,98,,82,82,7,20,6,8,0.5,1
2024-02-11T1600,1275A,117.266,31.9436,合肥市,庐阳区,颗粒物(PM10),58,66,114,12,74,82,,74,74,10,13,5,6,0.5,0.8
2024-02-11T1600,1276A,117.336,31.8586,合肥市,瑶海区,颗粒物(PM10),57,63,142,21,112,90,,70,70,8,25,5,7,0.4,0.8
2024-02-11T1600,1277A,117.3027,31.7964,合肥市,包河区,颗粒物(PM10),57,63,116,19,96,97,,82,82,7,22,5,6,0.3,0.7
2024-02-11T1600,1278A,117.2776,31.7385,合肥市,滨湖新区,颗粒物(PM10),63,75,117,24,83,96,,78,78,4,14,5,6,0.5,0.9
2024-02-11T1600,1279A,117.1318,31.8403,合肥市,高新区,颗粒物(PM10),62,73,101,19,75,93,,83,83,8,13,4,6,0.5,0.8
2024-02-11T1600,3464A,117.3803,31.9147,合肥市,高教基地,颗粒物(PM10),58,66,119,31,95,105,,84,84,3,17,5,5,0.3,0.7
2024-02-11T1600,3614A,79.924,37.0877,和田地区,地区环保局,颗粒物(PM10),91,132,93,37,34,113,,77,77,10,28,7,12,0.5,0.8
2024-02-11T1600,3615A,79.9131,37.113,和田地区,市环保局,颗粒物(PM10),86,122,81,45,35,114,,73,73,6,37,6,10,0.4,1.5
2024-02-11T1600,2516A,108.2011,24.715,河池市,东仁乐园,,39,33,41,27,33,67,,42,42,4,5,4,3,0.5,0.6
2024-02-11T1600,2517A,108.0497,24.6947,河池市,市环保站,,46,46,39,22,32,100,,63,63,7,9,8,8,0.4,0.6
2024-02-11T1600,2518A,108.0983,24.6989,河池市,市疾控中心,,32,26,51,18,45,102,,63,63,7,13,8,8,0.4,0.6
2024-02-11T1600,1696A,114.6778,23.7569,河源市,源西,,37,37,52,20,35,95,,75,75,3,8,5,6,0.6,0.7
2024-02-11T1600,1697A,114.6944,23.7586,河源市,东埔,,32,30,64,22,51,98,,78,78,2,9,8,8,0.5,0.6
2024-02-11T1600,1698A,114.6892,23.7233,河源市,老城,,31,31,82,21,63,95,,74,74,3,10,6,7,0.5,0.7
2024-02-11T1600,1718A,115.4208,35.2464,菏泽市,气象局,颗粒物(PM10),91,131,311,31,245,117,,92,92,5,18,3,6,0.4,1.3
2024-02-11T1600,1719A,115.4747,35.2375,菏泽市,市政协,颗粒物(PM10),89,127,312,28,247,110,,86,86,2,14,4,7,0.3,1.2
2024-02-11T1600,3374A,115.5564,35.0891,菏泽市,定陶老年大学,颗粒物(PM10),89,127,300,27,245,113,,88,88,8,19,6,7,0.2,1.1
2024-02-11T1600,3647A,115.4702,35.2706,菏泽市,菏泽医专,颗粒物(PM10),86,122,285,22,218,111,,90,90,10,21,5,10,0.4,1.2
2024-02-11T1600,2514A,111.5264,24.4172,贺州市,环保小区,细颗粒物(PM2.5),53,41,97,37,92,93,,61,61,5,9,9,10,0.4,0.6
2024-02-11T1600,2515A,111.5608,24.4078,贺州市,政协大楼,,47,47,90,29,76,93,,59,59,7,14,9,10,0.5,0.7
2024-02-11T1600,3534A,111.4744,24.4553,贺州市,西湾,细颗粒物(PM2.5),55,48,83,39,72,97,,62,62,6,8,9,9,0.4,0.7
2024-02-11T1600,2385A,114.17,35.9019,鹤壁市,市监测站,颗粒物(PM10),67,84,186,35,142,102,,80,80,12,17,6,4,0.6,0.9
2024-02-11T1600,2386A,114.2956,35.7511,鹤壁市,市交警支队,颗粒物(PM10),63,76,250,28,202,111,,72,72,5,16,10,10,0.4,1
2024-02-11T1600,2387A,114.2878,35.7306,鹤壁市,迎宾馆,颗粒物(PM10),57,64,218,33,193,112,,73,73,16,20,9,10,0.4,1.1
2024-02-11T1600,3474A,114.2617,35.6822,鹤壁市,大新区,颗粒物(PM10),82,114,235,25,201,109,,74,74,8,20,9,10,0.5,1.1
2024-02-11T1600,3596A,114.1572,35.9603,鹤壁市,南山宾馆,颗粒物(PM10),62,74,171,30,131,101,,90,90,18,16,11,8,0.5,0.9
2024-02-11T1600,2244A,130.2537,47.3416,鹤岗市,哈啤分公司,细颗粒物(PM2.5),74,82,48,54,37,91,,76,71,24,17,19,20,1.0,0.9
2024-02-11T1600,2245A,130.2684,47.3086,鹤岗市,斯达机电,细颗粒物(PM2.5),77,78,62,56,41,88,,82,78,16,17,13,15,0.5,0.6
2024-02-11T1600,2246A,130.3114,47.3388,鹤岗市,东山纸板厂,细颗粒物(PM2.5),93,,49,69,47,100,,86,86,14,19,15,18,0.4,0.6
2024-02-11T1600,2247A,130.1097,47.3382,鹤岗市,五号水库,细颗粒物(PM2.5),80,64,32,59,25,104,,99,99,9,7,12,11,0.7,0.6
2024-02-11T1600,2263A,127.4833,50.2524,黑河市,交通局,,28,25,68,19,48,81,,63,63,6,17,8,11,0.4,0.7
2024-02-11T1600,2264A,127.5144,50.2341,黑河市,环保局,,35,35,86,18,67,81,,62,62,8,22,14,13,0.3,0.7
2024-02-11T1600,2265A,127.5291,50.2472,黑河市,大黑河岛,,,45,77,36,65,80,,87,86,81,138,14,16,,
2024-02-11T1600,1074A,115.6838,37.7541,衡水市,电机北厂,颗粒物(PM10),59,67,128,39,91,117,,90,90,2,7,8,9,0.6,0.7
2024-02-11T1600,1075A,115.6303,37.7316,衡水市,市监测站,颗粒物(PM10),64,78,119,36,90,112,,84,84,8,14,11,11,0.6,0.7
2024-02-11T1600,3188A,115.6683,37.7217,衡水市,市城管局,颗粒物(PM10),62,73,123,40,96,111,,83,83,8,12,11,12,0.6,0.8
2024-02-11T1600,3459A,115.5989,37.5491,衡水市,地表水厂,颗粒物(PM10),62,74,131,34,104,119,,88,88,2,15,5,11,0.5,0.8
2024-02-11T1600,2456A,112.5003,26.9167,衡阳市,原169医院,细颗粒物(PM2.5),79,67,102,58,93,114,,71,71,6,11,20,22,0.9,1.2
2024-02-11T1600,2457A,112.6194,26.9258,衡阳市,衡阳化工总厂,细颗粒物(PM2.5),72,72,179,52,155,109,,67,67,6,17,17,14,0.6,0.9
2024-02-11T1600,2458A,112.6211,26.8956,衡阳市,珠晖区环保局,细颗粒物(PM2.5),90,78,214,67,185,113,,74,74,6,24,10,11,0.7,1.1
2024-02-11T1600,2459A,112.6197,26.8733,衡阳市,市委党校,细颗粒物(PM2.5),64,62,114,46,94,110,,70,70,2,8,11,12,0.8,1
2024-02-11T1600,2460A,112.6006,26.8919,衡阳市,市监测站,细颗粒物(PM2.5),82,72,244,60,223,111,,65,65,4,25,10,12,0.8,1.4
2024-02-11T1600,2461A,112.5664,26.9056,衡阳市,真空机电公司,细颗粒物(PM2.5),79,71,173,58,154,108,,61,61,4,24,9,12,0.8,1.4
2024-02-11T1600,3399A,112.6703,26.882,衡阳市,师范学院,细颗粒物(PM2.5),74,59,91,54,85,100,,66,66,2,5,11,10,0.7,0.9
2024-02-11T1600,2608A,103.3772,23.3993,红河哈尼族彝族自治州,污水处理厂,,42,35,62,29,59,66,,56,56,5,11,8,11,0.7,0.9
2024-02-11T1600,2609A,103.3861,23.35,红河哈尼族彝族自治州,监测站,细颗粒物(PM2.5),62,,58,44,52,59,,57,57,7,11,8,13,0.7,0.9
2024-02-11T1600,3038A,103.3758,23.368,红河哈尼族彝族自治州,州图书馆,,45,36,56,31,48,57,,52,52,4,10,6,12,0.8,0.9
2024-02-11T1600,1090A,111.6507,40.7517,呼和浩特市,呼市一监,颗粒物(PM10),51,51,227,34,310,110,,83,83,10,37,17,14,0.5,1.3
2024-02-11T1600,1091A,111.6572,40.8033,呼和浩特市,小召,颗粒物(PM10),57,63,273,30,234,97,,77,77,18,44,18,15,0.5,1.2
2024-02-11T1600,1094A,111.7516,40.8369,呼和浩特市,如意水处理厂,细颗粒物(PM2.5),54,,173,38,213,94,,74,74,18,44,21,24,0.7,1.2
2024-02-11T1600,1095A,111.7276,40.8062,呼和浩特市,二十九中,颗粒物(PM10),51,51,276,30,226,98,,75,75,11,39,20,18,0.5,1.2
2024-02-11T1600,1096A,111.5512,40.7866,呼和浩特市,工大金川校区,细颗粒物(PM2.5),60,52,229,43,182,91,,74,74,13,32,20,16,0.5,1
2024-02-11T1600,1097A,111.717,40.7612,呼和浩特市,化肥厂生活区,,48,48,338,30,282,102,,77,77,11,40,20,27,0.5,1.5
2024-02-11T1600,3698A,111.5968,40.8178,呼和浩特市,红旗小学,,46,46,229,24,202,97,,75,75,17,39,18,20,0.5,1.1
2024-02-11T1600,3699A,111.6518,40.8389,呼和浩特市,海东办,颗粒物(PM10),51,51,276,23,234,95,,74,74,16,48,18,20,0.4,1.1
2024-02-11T1600,2192A,119.7594,49.2261,呼伦贝尔市,区环保局,,28,18,20,14,16,87,,86,82,8,8,8,7,0.3,0.2
2024-02-11T1600,3061A,119.7512,49.1577,呼伦贝尔市,国华电力东,,29,17,18,7,14,91,,86,86,4,4,6,6,0.2,0.2
2024-02-11T1600,1250A,120.0751,30.8669,湖州市,城西水厂,细颗粒物(PM2.5),83,82,100,61,83,112,,96,96,10,20,6,6,0.7,0.7
2024-02-11T1600,2873A,120.0875,30.8955,湖州市,仁皇山新区,细颗粒物(PM2.5),80,81,91,59,76,110,,95,95,11,18,8,8,0.7,0.8
2024-02-11T1600,2907A,120.1844,30.8596,湖州市,吴兴区站,细颗粒物(PM2.5),83,83,86,61,70,108,,94,94,9,11,7,7,0.6,0.7
2024-02-11T1600,3562A,120.4148,30.8538,湖州市,南浔区站,细颗粒物(PM2.5),62,68,94,44,77,125,,107,107,12,12,8,8,0.2,0.6
2024-02-11T1600,1607A,120.9092,40.7136,葫芦岛市,龙港区,颗粒物(PM10),57,63,92,22,72,92,,88,88,9,16,10,49,0.4,0.8
2024-02-11T1600,1608A,120.8392,40.7514,葫芦岛市,化工街,,44,44,104,19,76,89,,73,73,5,19,15,14,1.0,1.4
2024-02-11T1600,1609A,120.8341,40.7073,葫芦岛市,新区,颗粒物(PM10),51,51,95,31,78,84,,81,81,14,22,16,34,0.5,0.7
2024-02-11T1600,1610A,120.8695,40.7677,葫芦岛市,东城区,颗粒物(PM10),57,64,105,28,96,93,,77,77,15,27,33,26,1.2,1.6
2024-02-11T1600,2482A,109.5981,27.5721,怀化市,林科所,细颗粒物(PM2.5),63,54,65,45,53,93,,46,46,4,4,4,5,0.3,0.5
2024-02-11T1600,2483A,109.9453,27.5444,怀化市,河西地税局,细颗粒物(PM2.5),79,62,75,58,65,89,,42,42,6,6,4,4,0.7,0.8
2024-02-11T1600,2484A,109.9781,27.5342,怀化市,市四医院,细颗粒物(PM2.5),60,49,109,43,91,88,,46,46,5,8,6,5,0.6,0.9
2024-02-11T1600,2485A,109.9972,27.5578,怀化市,监测楼,细颗粒物(PM2.5),64,,157,46,134,90,,49,49,2,10,6,6,0.6,1
2024-02-11T1600,2486A,110.0394,27.583,怀化市,市委党校,细颗粒物(PM2.5),60,46,106,43,95,85,,46,46,2,7,7,6,0.5,0.9
2024-02-11T1600,1210A,119.036,33.5981,淮安市,钵池山,细颗粒物(PM2.5),139,156,237,106,227,97,,80,80,13,23,14,11,0.9,1.2
2024-02-11T1600,1211A,119.007,33.575,淮安市,北京南路,细颗粒物(PM2.5),183,180,241,138,214,98,,80,80,19,23,16,10,1.7,1.3
2024-02-11T1600,1212A,118.989,33.6067,淮安市,市监测站,细颗粒物(PM2.5),175,178,256,132,219,108,,88,88,10,17,11,10,1.4,1.5
2024-02-11T1600,1213A,119.135,33.5039,淮安市,楚州区监测站,细颗粒物(PM2.5),170,161,222,129,200,113,,85,85,11,22,13,10,0.6,0.9
2024-02-11T1600,1214A,119.0186,33.6297,淮安市,淮阴区监测站,细颗粒物(PM2.5),201,195,295,151,261,104,,85,85,17,26,10,8,0.7,1
2024-02-11T1600,3426A,118.8755,33.2894,淮安市,新华书店,细颗粒物(PM2.5),214,194,196,164,175,104,,78,78,18,22,11,8,0.8,0.9
2024-02-11T1600,2282A,116.8004,33.975,淮北市,监测站,颗粒物(PM10),96,141,320,35,236,107,,78,78,6,28,8,10,0.5,1.2
2024-02-11T1600,2283A,116.8091,33.9007,淮北市,烈山区政府,颗粒物(PM10),67,84,275,33,226,107,,75,75,9,28,6,8,0.3,1
2024-02-11T1600,3330A,116.8873,33.9836,淮北市,杜集区检察院,,,99,295,43,240,116,,78,78,8,18,,11,,1.2
2024-02-11T1600,4017A,116.7923,33.9535,淮北市,市博物馆,颗粒物(PM10),75,99,345,32,275,107,,76,76,11,34,8,11,0.7,1.4
2024-02-11T1600,2277A,116.8305,32.7727,淮南市,潘集区政府,颗粒物(PM10),78,105,188,48,146,110,,82,82,8,15,5,5,0.4,0.7
2024-02-11T1600,2278A,117.0067,32.6524,淮南市,师范学院,颗粒物(PM10),72,93,177,26,128,104,,80,80,5,21,7,9,0.3,0.7
2024-02-11T1600,2279A,116.8569,32.5951,淮南市,谢家集区政府,颗粒物(PM10),64,77,148,29,123,112,,88,88,4,10,5,7,0.4,0.8
2024-02-11T1600,2280A,116.8281,32.633,淮南市,八公山区政府,颗粒物(PM10),72,94,147,31,106,111,,93,93,9,11,3,4,0.4,0.7
2024-02-11T1600,2281A,116.6325,32.6201,淮南市,焦岗湖风景区管理处,颗粒物(PM10),67,84,158,32,109,88,,62,62,5,12,4,3,0.0,0.5
2024-02-11T1600,2894A,117.0566,32.6531,淮南市,经济技术开发区消防队,颗粒物(PM10),67,83,155,29,114,107,,77,77,2,13,5,7,0.3,0.7
2024-02-11T1600,3329A,117.0108,32.5893,淮南市,山南新区,颗粒物(PM10),114,178,191,52,178,108,,84,84,6,15,4,6,0.3,0.7
2024-02-11T1600,2446A,114.9028,30.4742,黄冈市,职工中心,颗粒物(PM10),75,100,133,34,106,118,,83,83,2,11,11,12,0.5,0.9
2024-02-11T1600,2929A,114.8858,30.4519,黄冈市,红卫路,颗粒物(PM10),74,98,127,38,106,111,,78,78,2,15,9,9,0.5,1
2024-02-11T1600,3398A,114.9136,30.4445,黄冈市,市林业局,颗粒物(PM10),71,92,122,33,104,119,,82,82,2,13,6,7,0.4,0.9
2024-02-11T1600,2672A,102.0199,35.5102,黄南藏族自治州,同仁县隆务镇,,25,21,28,8,14,77,,67,67,5,6,20,20,0.8,0.9
2024-02-11T1600,2295A,118.2903,29.6963,黄山市,延安路89号,颗粒物(PM10),55,60,71,30,43,105,,70,70,2,5,6,6,0.1,0.4
2024-02-11T1600,2296A,118.327,29.7178,黄山市,黄山东路89号,,45,45,68,22,47,102,,67,67,2,9,5,6,0.4,0.7
2024-02-11T1600,2297A,118.1371,30.2756,黄山市,黄山区政府5号楼,颗粒物(PM10),59,68,62,33,39,102,,74,74,5,7,4,5,0.5,0.6
2024-02-11T1600,2423A,115.0601,30.2313,黄石市,沈家营,颗粒物(PM10),78,105,116,38,94,118,,89,89,14,27,29,19,0.9,1.4
2024-02-11T1600,2424A,115.0817,30.2006,黄石市,陈家湾,,,89,118,45,99,107,,62,62,,29,,14,1.0,1.2
2024-02-11T1600,2426A,114.8988,30.2019,黄石市,铁山,颗粒物(PM10),61,72,117,32,91,118,,87,87,11,22,4,12,0.6,1.1
2024-02-11T1600,2427A,115.0307,30.2092,黄石市,团城山,颗粒物(PM10),83,116,128,26,90,119,,76,76,8,25,13,18,0.9,1.4
2024-02-11T1600,3149A,115.0235,30.1578,黄石市,笔架山北路,,,,100,,92,,,88,,,15,,11,,1.6
2024-02-11T1600,1392A,114.4183,23.0528,惠州市,河南岸金山湖子站,,36,29,70,25,62,86,,70,70,1,9,6,6,0.4,0.7
2024-02-11T1600,1393A,114.4053,23.0822,惠州市,下埔横江三路子站,,35,33,73,24,59,92,,79,79,5,18,6,6,0.5,0.8
2024-02-11T1600,1394A,114.4103,23.1142,惠州市,江北云山西路子站,,33,32,66,23,59,99,,84,84,2,8,8,9,0.5,0.6
2024-02-11T1600,1395A,114.4645,22.7833,惠州市,惠阳区承修路船湖子站,,36,33,77,25,65,94,,74,74,6,13,9,9,0.5,0.7
2024-02-11T1600,1396A,114.5317,22.7422,惠州市,大亚湾管委会子站,,40,34,68,28,59,103,,86,86,11,14,8,8,0.3,0.5
2024-02-11T1600,3314A,114.4338,22.8134,惠州市,惠阳秋长,,40,34,74,28,64,104,,84,84,2,7,8,10,0.3,0.6
2024-02-11T1600,3452A,114.6517,22.775,惠州市,大亚湾霞涌,,50,42,55,35,46,90,,77,77,14,9,9,9,0.6,0.7
2024-02-11T1600,2240A,130.9762,45.3001,鸡西市,环保局,细颗粒物(PM2.5),55,49,87,39,71,81,,86,82,8,14,8,10,0.2,0.4
2024-02-11T1600,2243A,130.9429,45.3039,鸡西市,第一中学,,48,33,70,33,59,90,,94,93,7,10,8,12,0.2,0.4
2024-02-11T1600,3707A,131.0207,45.3073,鸡西市,欧美日汽修厂,细颗粒物(PM2.5),53,37,92,37,78,79,,76,76,15,22,61,24,1.2,2
2024-02-11T1600,3709A,130.9967,45.3106,鸡西市,市政设施管理处,颗粒物(PM10),52,53,92,28,77,93,,88,88,12,27,4,5,0.6,0.8
2024-02-11T1600,2367A,114.9754,27.0803,吉安市,红声器材厂,细颗粒物(PM2.5),62,69,97,44,70,88,,53,53,10,17,13,13,0.7,0.9
2024-02-11T1600,2368A,114.9658,27.0999,吉安市,市森林工业局,细颗粒物(PM2.5),67,58,107,48,90,91,,54,54,7,18,8,9,0.6,0.8
2024-02-11T1600,2369A,114.99,27.1312,吉安市,市环境监测站,细颗粒物(PM2.5),62,58,108,44,87,93,,59,59,8,17,7,7,0.5,0.8
2024-02-11T1600,2370A,115.0093,27.0968,吉安市,青原区法院,细颗粒物(PM2.5),68,61,89,49,71,97,,61,61,9,14,10,13,0.7,0.7
2024-02-11T1600,1772A,126.54,43.8622,吉林市,哈达湾,细颗粒物(PM2.5),79,72,92,58,75,109,,99,99,11,17,7,10,0.7,0.8
2024-02-11T1600,1773A,126.5844,43.8358,吉林市,东局子,细颗粒物(PM2.5),87,80,93,64,77,103,,95,95,14,18,11,13,1.0,1
2024-02-11T1600,1774A,126.5052,43.8245,吉林市,电力学院,细颗粒物(PM2.5),73,65,114,53,103,109,,95,95,10,26,10,15,0.8,1.4
2024-02-11T1600,1775A,126.6133,43.8972,吉林市,江北,细颗粒物(PM2.5),77,76,109,56,87,99,,92,92,16,22,14,17,0.8,1
2024-02-11T1600,1776A,126.555,43.8306,吉林市,江南公园,细颗粒物(PM2.5),95,79,124,71,110,102,,97,97,15,20,9,13,0.9,0.8
2024-02-11T1600,1778A,126.7061,43.7133,吉林市,丰满,,,,,,,,,,,,,,,,
2024-02-11T1600,2868A,126.4739,43.953,吉林市,九站,细颗粒物(PM2.5),85,79,86,63,73,117,,104,104,14,25,11,14,0.9,1
2024-02-11T1600,1299A,116.9862,36.6114,济南市,科干所,细颗粒物(PM2.5),108,134,122,81,85,123,,107,107,8,11,12,16,1.0,1
2024-02-11T1600,1300A,116.9376,36.665,济南市,农科所,细颗粒物(PM2.5),92,117,109,68,75,116,,99,99,12,21,9,18,0.8,0.9
2024-02-11T1600,1301A,117.1265,36.6734,济南市,开发区,细颗粒物(PM2.5),89,107,97,66,68,105,,91,91,7,14,10,12,0.8,0.9
2024-02-11T1600,1303A,117.0624,36.6868,济南市,省种子仓库,细颗粒物(PM2.5),98,134,120,73,75,124,,105,105,4,18,10,13,0.9,1
2024-02-11T1600,1304A,116.9489,36.6447,济南市,机床二厂,细颗粒物(PM2.5),104,132,118,78,81,128,,106,106,8,23,12,26,1.0,1.2
2024-02-11T1600,1305A,117.0495,36.663,济南市,市监测站,细颗粒物(PM2.5),102,127,106,76,73,126,,107,107,10,21,17,19,0.7,0.8
2024-02-11T1600,1306A,116.7675,36.5484,济南市,长清党校,细颗粒物(PM2.5),119,151,117,90,82,133,,110,110,11,18,11,15,1.0,1
2024-02-11T1600,1616A,117.6795,36.229,济南市,技术学院,细颗粒物(PM2.5),156,166,100,119,74,126,,94,94,19,29,16,14,1.1,1.1
2024-02-11T1600,1961A,117.532,36.6868,济南市,东山小学,细颗粒物(PM2.5),83,98,80,61,46,122,,106,106,11,11,12,11,0.5,0.4
2024-02-11T1600,3059A,117.7161,36.2049,济南市,泰兴公司,细颗粒物(PM2.5),128,156,113,97,84,123,,90,90,11,26,17,13,1.0,1.1
2024-02-11T1600,3064A,117.6867,36.2171,济南市,莱芜战役纪念馆,细颗粒物(PM2.5),147,161,110,112,75,116,,86,86,14,25,15,13,1.0,0.9
2024-02-11T1600,3494A,117.1673,36.9782,济南市,济阳区政府,颗粒物(PM10),78,105,127,51,85,117,,102,102,9,17,11,21,0.6,0.8
2024-02-11T1600,3495A,117.1171,36.63,济南市,锦屏中学,细颗粒物(PM2.5),95,120,90,71,60,122,,107,107,8,10,12,12,0.7,0.7
2024-02-11T1600,3682A,116.9814,36.6819,济南市,济南四建,细颗粒物(PM2.5),102,119,111,76,96,116,,98,98,15,25,15,22,0.9,1
2024-02-11T1600,1653A,116.6251,35.4302,济宁市,火炬城,细颗粒物(PM2.5),149,166,211,114,174,110,,83,83,12,20,7,9,1.0,1.4
2024-02-11T1600,1655A,116.5491,35.4042,济宁市,电化厂,细颗粒物(PM2.5),117,146,258,88,208,114,,89,89,10,18,7,15,0.7,1.3
2024-02-11T1600,3500A,116.5814,35.3707,济宁市,北湖一中,细颗粒物(PM2.5),140,178,260,107,216,109,,84,84,39,28,10,11,0.9,1.3
2024-02-11T1600,3501A,116.8249,35.5593,济宁市,服务中心,细颗粒物(PM2.5),114,170,215,86,148,121,,90,90,11,22,6,11,1.0,1.4
2024-02-11T1600,3678A,116.5907,35.4054,济宁市,市第七中学,细颗粒物(PM2.5),119,183,248,90,198,112,,83,83,11,23,5,10,0.9,1.4
2024-02-11T1600,2255A,130.2751,46.8028,佳木斯市,佳纺,细颗粒物(PM2.5),104,83,120,78,114,102,,100,100,13,16,3,7,0.8,1
2024-02-11T1600,2256A,130.3995,46.8307,佳木斯市,发电厂,细颗粒物(PM2.5),74,67,112,54,95,100,,92,92,19,22,19,17,0.7,0.9
2024-02-11T1600,2257A,130.3258,46.7975,佳木斯市,环保局,细颗粒物(PM2.5),99,79,131,74,123,98,,90,90,10,20,7,11,0.6,1
2024-02-11T1600,2258A,130.3648,46.8032,佳木斯市,十一中,细颗粒物(PM2.5),94,75,115,70,113,92,,86,86,16,20,8,9,0.7,0.9
2024-02-11T1600,2259A,130.3794,46.7588,佳木斯市,四丰,细颗粒物(PM2.5),98,108,147,73,96,120,,116,116,10,12,1,1,0.5,0.8
2024-02-11T1600,1252A,120.7436,30.778,嘉兴市,清河小学,颗粒物(PM10),56,62,91,29,68,102,,91,91,5,21,7,7,0.3,0.5
2024-02-11T1600,1253A,120.726,30.7478,嘉兴市,嘉兴学院,颗粒物(PM10),57,63,87,35,65,111,,101,101,6,19,7,7,0.6,0.9
2024-02-11T1600,2872A,120.7846,30.7525,嘉兴市,南湖区残联,颗粒物(PM10),59,67,99,35,70,120,,107,107,4,18,8,8,0.5,0.8
2024-02-11T1600,3407A,120.6916,30.7739,嘉兴市,秀洲住建,颗粒物(PM10),57,64,84,36,69,102,,90,90,8,19,8,10,0.4,0.7
2024-02-11T1600,1945A,98.2908,39.7711,嘉峪关市,气象局,颗粒物(PM10),58,66,73,22,24,82,,61,61,11,13,24,7,0.8,0.3
2024-02-11T1600,2884A,98.2672,39.7978,嘉峪关市,酒钢宾馆,颗粒物(PM10),68,85,76,34,20,71,,62,61,30,12,55,14,2.3,0.7
2024-02-11T1600,3248A,98.2643,39.7724,嘉峪关市,雄关区,,42,42,57,22,18,74,,56,54,18,16,22,7,1.3,0.6
2024-02-11T1600,1383A,113.1064,22.6058,江门市,北街,,38,38,65,24,55,115,,91,91,7,17,13,9,0.5,0.8
2024-02-11T1600,1384A,113.0731,22.5835,江门市,西区,,43,34,57,30,44,112,,89,89,8,17,12,10,0.1,0.4
2024-02-11T1600,1385A,113.0219,22.5311,江门市,圭峰西,,40,40,51,18,40,108,,86,86,8,16,9,7,0.3,0.6
2024-02-11T1600,1386A,113.0828,22.5947,江门市,东湖,,35,34,66,22,52,110,,88,88,6,17,10,8,0.4,0.6
2024-02-11T1600,3311A,113.1075,22.5647,江门市,江海富民,颗粒物(PM10),51,51,55,26,39,116,,91,91,7,17,8,9,0.2,0.5
2024-02-11T1600,3449A,113.05,22.4667,江门市,新会银湖,,38,32,51,16,39,120,,91,91,7,14,8,7,0.4,0.7
2024-02-11T1600,1828A,113.227,35.2125,焦作市,市环保局,颗粒物(PM10),60,70,95,22,31,104,,87,87,6,7,3,5,0.5,0.6
2024-02-11T1600,1830A,113.1992,35.2590,焦作市,影视城,,,,,,,,,,,,,,,,
2024-02-11T1600,3169A,113.2725,35.2067,焦作市,太极体育中心,颗粒物(PM10),62,73,103,25,34,107,,92,92,11,11,4,7,0.3,0.5
2024-02-11T1600,3335A,113.3137,35.2641,焦作市,马村街道办,颗粒物(PM10),67,83,97,26,41,112,,93,93,9,9,7,9,0.1,0.3
2024-02-11T1600,3336A,113.2465,35.2373,焦作市,焦作技师学院,颗粒物(PM10),55,60,96,24,35,107,,88,88,9,11,10,12,0.5,0.7
2024-02-11T1600,3477A,113.1656,35.2539,焦作市,中站许衡医院,颗粒物(PM10),57,63,87,31,30,105,,91,91,10,6,10,8,0.5,0.3
2024-02-11T1600,3981A,113.2449,35.1803,焦作市,原李万街道办,颗粒物(PM10),64,78,97,14,26,103,,88,88,13,14,6,9,0.4,0.5
2024-02-11T1600,1708A,116.3701,23.5345,揭阳市,新兴,,35,35,96,18,86,105,,75,75,4,12,9,9,0.7,1
2024-02-11T1600,1709A,116.3264,23.5443,揭阳市,西马,,34,32,89,18,82,107,,78,78,4,10,9,9,0.5,0.7
2024-02-11T1600,1710A,116.3611,23.5626,揭阳市,东兴,,40,40,87,18,72,108,,77,77,2,11,8,8,0.6,0.8
2024-02-11T1600,1711A,116.4151,23.5294,揭阳市,渔湖,,44,44,83,28,59,106,,76,76,4,11,10,9,0.6,0.8
2024-02-11T1600,3320A,116.403,23.5699,揭阳市,曲溪,,40,40,86,28,68,113,,81,81,4,10,4,5,0.6,0.8
2024-02-11T1600,1944A,102.1692,38.5167,金昌市,天庆家园,,,47,71,12,30,92,,69,69,,24,24,43,0.1,0.7
2024-02-11T1600,3170A,102.1864,38.5253,金昌市,市委党校,,35,35,98,12,46,88,,63,63,2,20,9,56,0.4,0.8
2024-02-11T1600,4022A,102.1647,38.5371,金昌市,金川区人防中心,,45,45,88,7,43,88,,70,70,6,18,16,66,0.6,0.8
2024-02-11T1600,1262A,119.647,29.077,金华市,十五中,,42,42,72,25,56,103,,85,85,4,12,4,5,0.5,0.8
2024-02-11T1600,1263A,119.686,29.1029,金华市,监测站,,37,37,70,17,48,106,,87,87,3,9,4,5,0.3,0.6
2024-02-11T1600,3659A,119.656,29.1131,金华市,气象局,,35,35,88,17,65,104,,86,86,2,14,3,5,0.5,0.9
2024-02-11T1600,1767A,121.1115,41.0879,锦州市,南山,细颗粒物(PM2.5),67,68,102,48,95,108,,83,83,12,19,16,17,0.5,0.9
2024-02-11T1600,1768A,121.0533,40.8434,锦州市,开发区,,,52,129,18,103,98,,72,72,,30,17,30,0.6,1
2024-02-11T1600,1769A,121.1836,41.1119,锦州市,百股街道,颗粒物(PM10),128,206,114,48,78,109,,78,78,,18,16,17,0.6,1
2024-02-11T1600,1770A,121.1178,41.1222,锦州市,天安街道,,42,36,105,29,87,100,,75,75,9,18,14,15,0.6,0.9
2024-02-11T1600,1771A,121.1303,41.1386,锦州市,北湖公园,,45,,86,31,83,100,,79,79,11,18,14,16,0.6,1
2024-02-11T1600,2160A,112.85,35.5051,晋城市,自来水公司,颗粒物(PM10),53,56,101,17,31,95,,74,74,9,11,6,9,0.8,1.2
2024-02-11T1600,2161A,112.8318,35.4936,晋城市,白云商贸,,47,47,103,7,25,96,,76,76,11,14,5,9,0.4,0.9
2024-02-11T1600,2162A,112.8508,35.4887,晋城市,市环保局,颗粒物(PM10),55,59,103,14,28,94,,75,75,13,15,6,8,1.1,0.8
2024-02-11T1600,2163A,112.8676,35.4897,晋城市,技术学院,颗粒物(PM10),63,75,99,14,26,93,,73,73,14,16,7,9,0.7,0.8
2024-02-11T1600,2165A,112.8453,35.546,晋城市,白马寺,,,,,,,,,,,,,,,,
2024-02-11T1600,3620A,112.8271,35.4828,晋城市,泽州一中,颗粒物(PM10),51,52,97,9,23,93,,75,75,11,15,4,9,0.6,1
2024-02-11T1600,2171A,112.7532,37.6945,晋中市,锦纶小区,颗粒物(PM10),53,56,140,24,54,118,,88,88,10,17,13,19,0.4,0.7
2024-02-11T1600,2173A,112.7249,37.7067,晋中市,南都小区,颗粒物(PM10),54,57,139,21,56,118,,84,84,10,20,13,20,0.3,0.7
2024-02-11T1600,2174A,112.6991,37.6982,晋中市,榆次区政府,,44,44,118,24,48,119,,82,82,7,19,14,21,0.5,0.8
2024-02-11T1600,2865A,112.7195,37.6828,晋中市,榆次三中,颗粒物(PM10),54,58,137,24,51,119,,84,84,7,18,14,21,0.5,0.9
2024-02-11T1600,2439A,112.2014,31.0481,荆门市,竹园小学,细颗粒物(PM2.5),94,98,158,70,129,108,,81,81,10,22,11,10,0.8,1
2024-02-11T1600,2440A,112.1969,30.9891,荆门市,掇刀,细颗粒物(PM2.5),110,98,160,83,134,112,,78,78,7,24,12,11,0.7,0.9
2024-02-11T1600,2441A,112.2213,31.0386,荆门市,石化一小,细颗粒物(PM2.5),119,96,168,90,140,113,,83,83,9,26,16,16,0.7,1
2024-02-11T1600,3012A,112.1849,31.0362,荆门市,西山林语,细颗粒物(PM2.5),82,92,142,60,114,108,,82,82,10,18,16,15,0.5,0.7
2024-02-11T1600,3547A,112.1632,31.0138,荆门市,龙泉中学南校,细颗粒物(PM2.5),99,94,152,74,131,108,,77,77,15,24,11,12,0.6,0.9
2024-02-11T1600,1844A,112.2494,30.3197,荆州市,市图书馆,细颗粒物(PM2.5),105,,144,79,134,111,,76,76,11,20,9,9,1.0,1.2
2024-02-11T1600,1845A,112.2008,30.3544,荆州市,市委党校,细颗粒物(PM2.5),107,85,132,80,129,113,,74,74,15,23,8,8,0.7,0.9
2024-02-11T1600,3194A,112.2747,30.3122,荆州市,管委会,细颗粒物(PM2.5),110,,136,83,137,114,,77,77,11,18,11,10,0.9,1.1
2024-02-11T1600,3548A,112.1655,30.3364,荆州市,学苑路,细颗粒物(PM2.5),103,82,121,77,122,106,,74,74,13,19,10,8,1.1,1.2
2024-02-11T1600,2342A,117.3102,29.3867,景德镇市,王港中学,颗粒物(PM10),64,78,90,32,73,112,,73,73,4,5,5,5,0.0,0.3
2024-02-11T1600,2343A,117.2117,29.2933,景德镇市,老干部活动中心,颗粒物(PM10),60,70,92,33,76,101,,64,64,6,9,7,6,0.3,0.6
2024-02-11T1600,2344A,117.1894,29.2789,景德镇市,兽医站,颗粒物(PM10),68,86,102,39,80,110,,74,74,6,11,7,7,0.4,0.7
2024-02-11T1600,2345A,117.1547,29.2617,景德镇市,台达陶瓷,颗粒物(PM10),63,76,105,28,91,103,,72,72,4,13,4,6,0.6,0.8
2024-02-11T1600,2346A,117.2461,29.2956,景德镇市,陶研所,颗粒物(PM10),57,64,75,35,60,102,,64,64,9,10,9,5,0.5,0.7
2024-02-11T1600,1803A,115.9872,29.6815,九江市,十里,细颗粒物(PM2.5),73,92,86,53,69,122,,89,89,14,23,11,10,0.6,0.9
2024-02-11T1600,1804A,115.9584,29.7046,九江市,茅山头,细颗粒物(PM2.5),82,76,96,60,80,102,,75,75,27,32,14,12,0.8,1
2024-02-11T1600,1805A,115.9877,29.7295,九江市,西园,细颗粒物(PM2.5),80,77,98,59,84,103,,69,69,24,32,9,9,0.8,0.9
2024-02-11T1600,1806A,116.0172,29.6547,九江市,五七二七厂,"颗粒物(PM10),细颗粒物(PM2.5)",59,68,59,42,48,98,,80,80,10,12,10,9,0.7,0.8
2024-02-11T1600,1808A,115.9114,29.6038,九江市,综合工业园,"颗粒物(PM10),细颗粒物(PM2.5)",60,69,64,43,54,113,,92,92,11,14,12,11,0.5,0.7
2024-02-11T1600,1809A,116.0721,29.7535,九江市,石化总厂,颗粒物(PM10),64,78,118,39,93,115,,92,92,9,22,11,13,0.6,1
2024-02-11T1600,1810A,115.9773,29.5698,九江市,庐山气象台,细颗粒物(PM2.5),60,68,46,43,30,101,,96,95,4,3,7,10,1.8,1.2
2024-02-11T1600,3190A,116.0254,29.6994,九江市,外国语学校,细颗粒物(PM2.5),60,65,90,43,78,92,,73,73,23,26,10,10,0.7,0.9
2024-02-11T1600,2658A,98.5061,39.7443,酒泉市,仓门街子站,颗粒物(PM10),67,83,77,16,24,88,,66,66,5,11,7,9,0.3,0.4
2024-02-11T1600,2659A,98.4989,39.7256,酒泉市,油田生活基地,颗粒物(PM10),63,75,78,25,29,92,,67,67,4,9,8,8,0.4,0.4
2024-02-11T1600,2698A,76.0072,39.4467,喀什地区,巡警大队,颗粒物(PM10),71,92,125,35,62,108,,57,57,20,47,10,9,0.9,2.1
2024-02-11T1600,2699A,75.9755,39.4694,喀什地区,吾办,细颗粒物(PM2.5),69,76,123,50,81,99,,44,44,21,57,7,6,0.9,2
2024-02-11T1600,4027A,75.9483,39.4689,喀什地区,老干局,颗粒物(PM10),60,70,145,33,76,102,,52,52,14,45,6,5,0.9,2.6
2024-02-11T1600,1824A,114.3389,34.7781,开封市,肿瘤医院,颗粒物(PM10),93,136,172,50,90,102,,79,79,7,17,3,5,0.4,0.6
2024-02-11T1600,1826A,114.2885,34.7965,开封市,世纪星幼儿园,颗粒物(PM10),89,127,163,55,115,111,,87,87,2,10,4,8,0.3,0.5
2024-02-11T1600,3147A,114.3438,34.8106,开封市,龙亭公园,颗粒物(PM10),101,152,167,50,94,102,,79,79,9,17,4,7,0.3,0.3
2024-02-11T1600,3210A,114.3644,34.7964,开封市,汴京公园,颗粒物(PM10),95,140,195,56,109,105,,80,80,7,21,3,6,0.3,0.6
2024-02-11T1600,3473A,114.2485,34.8306,开封市,技师学院,颗粒物(PM10),79,107,140,54,88,108,,84,84,2,8,1,4,0.6,0.7
2024-02-11T1600,3592A,114.4644,34.7556,开封市,祥符区生态环境局,颗粒物(PM10),95,139,168,51,99,105,,83,83,7,15,3,8,0.3,0.5
2024-02-11T1600,1951A,84.895,45.6094,克拉玛依市,长征新村,细颗粒物(PM2.5),109,127,106,82,77,116,,95,95,35,34,12,11,1.1,1
2024-02-11T1600,1952A,84.8988,45.5893,克拉玛依市,南林小区,细颗粒物(PM2.5),119,132,112,90,82,113,,92,86,34,34,5,4,1.2,1.2
2024-02-11T1600,1954A,84.905,44.3396,克拉玛依市,独山子区,细颗粒物(PM2.5),159,148,129,121,102,174,,108,108,43,48,6,6,1.5,1
2024-02-11T1600,1955A,85.6979,46.098,克拉玛依市,乌尔禾区商贸楼,细颗粒物(PM2.5),102,91,95,76,78,101,,84,84,38,39,12,9,1.0,1.2
2024-02-11T1600,3612A,85.1045,45.6899,克拉玛依市,白碱滩区新站,细颗粒物(PM2.5),114,125,112,86,75,106,,92,89,40,32,14,11,1.1,1
2024-02-11T1600,2697A,76.1454,39.7142,克孜勒苏柯尔克孜自治州,市人民政府,细颗粒物(PM2.5),59,60,67,42,42,109,,77,77,7,11,6,5,0.8,0.9
2024-02-11T1600,3665A,76.1658,39.7157,克孜勒苏柯尔克孜自治州,克州文化中心,细颗粒物(PM2.5),63,67,65,45,41,111,,83,83,10,15,7,6,0.7,0.8
2024-02-11T1600,1450A,102.8204,24.8886,昆明市,呈贡新区,,41,41,46,25,40,91,,86,86,7,10,7,8,0.7,0.7
2024-02-11T1600,1451A,102.6251,24.9608,昆明市,西山森林公园,,50,,34,35,30,90,,86,86,6,7,7,11,1.0,1.1
2024-02-11T1600,1452A,102.7252,25.0902,昆明市,龙泉镇,,46,32,53,32,42,94,,84,84,7,16,12,13,0.6,0.6
2024-02-11T1600,1453A,102.7266,25.0375,昆明市,东风东路,细颗粒物(PM2.5),53,39,48,37,39,89,,79,79,9,17,11,14,0.7,0.7
2024-02-11T1600,1454A,102.6742,25.0669,昆明市,金鼎山,,48,42,65,33,51,96,,87,87,8,15,7,10,0.7,0.7
2024-02-11T1600,1455A,102.6644,25.0401,昆明市,碧鸡广场,细颗粒物(PM2.5),55,39,53,39,48,90,,82,82,7,15,9,11,0.7,0.7
2024-02-11T1600,3179A,102.7494,25.0119,昆明市,官渡区博物馆,,40,39,45,28,33,92,,79,79,5,22,8,11,0.7,0.7
2024-02-11T1600,3375A,102.8017,24.8336,昆明市,青年创业园,,42,31,52,29,46,93,,84,84,5,10,9,12,0.6,0.7
2024-02-11T1600,3550A,102.7997,24.9786,昆明市,昆明学院,,38,37,40,26,29,92,,79,79,3,9,8,11,0.7,0.7
2024-02-11T1600,3551A,102.5967,24.6736,昆明市,晋宁区生态环境分局,,32,30,90,22,65,100,,80,80,8,15,6,9,0.8,0.9
2024-02-11T1600,3552A,102.6678,24.9856,昆明市,云天化总部,,46,39,56,32,47,89,,84,84,8,12,6,9,0.9,0.9
2024-02-11T1600,1456A,91.1319,29.6514,拉萨市,八廓街,,30,15,17,7,12,94,,76,76,9,15,6,6,0.3,0.4
2024-02-11T1600,1457A,91.1221,29.6747,拉萨市,市环保局,,30,13,31,5,23,96,,75,75,6,19,6,8,0.5,0.8
2024-02-11T1600,1458A,91.0874,29.6475,拉萨市,区监测站,,30,10,14,5,10,96,,76,76,2,13,4,4,0.4,0.6
2024-02-11T1600,1459A,91.1774,29.6541,拉萨市,西藏大学,,30,11,13,6,9,96,,79,79,4,6,3,4,0.3,0.3
2024-02-11T1600,1460A,90.9798,29.6588,拉萨市,区辐射站,,29,11,18,6,14,92,,73,73,4,11,5,6,0.4,0.6
2024-02-11T1600,1461A,91.0834,29.6292,拉萨市,拉萨火车站,,30,9,18,5,11,95,,65,65,2,16,3,4,0.3,0.7
2024-02-11T1600,2520A,109.2203,23.7256,来宾市,来宾技工学校,细颗粒物(PM2.5),62,47,106,44,101,118,,79,79,6,15,8,9,0.6,1.1
2024-02-11T1600,3535A,109.1781,23.7297,来宾市,兴宾区政府,细颗粒物(PM2.5),58,52,73,41,61,134,,88,88,7,11,12,10,0.7,0.9
2024-02-11T1600,4002A,109.2416,23.7461,来宾市,中南小学,,49,49,135,32,123,117,,80,80,7,21,6,7,0.7,1.3
2024-02-11T1600,1476A,103.631,36.1031,兰州市,兰炼宾馆,细颗粒物(PM2.5),65,78,127,47,68,147,,92,92,39,44,27,23,1.2,1
2024-02-11T1600,1477A,104.1373,35.9454,兰州市,榆中兰大校区,,,,,,,,,,,,,,,,
2024-02-11T1600,1478A,103.8412,36.0726,兰州市,生物制品所,颗粒物(PM10),65,79,109,43,54,76,,40,40,38,39,24,16,1.0,1
2024-02-11T1600,1479A,103.831,36.0464,兰州市,铁路设计院,颗粒物(PM10),69,88,105,46,55,64,,33,33,53,61,27,24,1.2,1.5
2024-02-11T1600,3186A,103.7158,36.1058,兰州市,教育港,颗粒物(PM10),62,74,105,41,54,109,,66,66,30,42,26,19,0.9,1
2024-02-11T1600,3241A,103.7439,36.0842,兰州市,百合公园,颗粒物(PM10),63,75,107,31,53,92,,56,56,40,43,18,16,1.2,1.2
2024-02-11T1600,3242A,103.9611,35.998,兰州市,和平,颗粒物(PM10),70,90,73,44,36,90,,58,58,24,22,27,17,1.3,0.9
2024-02-11T1600,3245A,103.6633,36.533,兰州新区,新区管委会,,28,28,80,16,32,79,,53,53,9,14,18,17,0.5,0.7
2024-02-11T1600,3246A,103.6975,36.4789,兰州新区,舟曲中学,,28,28,112,13,35,82,,56,56,7,17,13,18,0.5,0.7
2024-02-11T1600,1067A,116.6708,39.5111,廊坊市,药材公司,细颗粒物(PM2.5),134,137,95,102,67,112,,81,81,7,12,7,6,0.6,0.5
2024-02-11T1600,1068A,116.7214,39.5589,廊坊市,开发区,细颗粒物(PM2.5),112,101,73,84,57,100,,75,75,11,13,8,5,0.5,0.5
2024-02-11T1600,1070A,116.7244,39.5269,廊坊市,北华航天学院,细颗粒物(PM2.5),107,119,86,80,54,110,,81,81,12,16,8,7,0.5,0.5
2024-02-11T1600,2919A,116.7022,39.5453,廊坊市,河北工业大学,细颗粒物(PM2.5),118,110,84,89,62,106,,77,77,12,15,9,5,0.5,0.5
2024-02-11T1600,2535A,103.7723,29.5462,乐山市,花湖湾,细颗粒物(PM2.5),159,161,125,121,100,93,,53,53,18,18,15,11,0.6,0.6
2024-02-11T1600,2536A,103.7627,29.5844,乐山市,牛耳桥,细颗粒物(PM2.5),98,84,105,73,93,108,,59,59,16,32,10,8,0.9,0.9
2024-02-11T1600,2537A,103.7508,29.6006,乐山市,市第三水厂,细颗粒物(PM2.5),98,82,119,73,99,106,,50,50,15,35,9,7,0.9,1.1
2024-02-11T1600,2538A,103.7571,29.5664,乐山市,市监测站,细颗粒物(PM2.5),125,102,105,95,93,104,,55,55,15,28,13,10,0.6,0.7
2024-02-11T1600,3361A,103.7311,29.5628,乐山市,理工大学,细颗粒物(PM2.5),119,99,104,90,93,112,,61,61,12,24,12,8,0.8,0.8
2024-02-11T1600,2598A,100.2143,26.8576,丽江市,西南郊,,,,,,,,,,,,,,,,
2024-02-11T1600,2599A,100.2497,26.8802,丽江市,丽江古城,,46,44,43,32,33,87,,75,75,16,16,8,7,0.7,0.7
2024-02-11T1600,2600A,100.2203,26.8906,丽江市,市中心,,36,36,38,24,26,86,,68,68,8,15,13,10,0.8,0.8
2024-02-11T1600,1267A,119.914,28.4514,丽水市,监测站大楼,颗粒物(PM10),57,63,60,28,49,96,,61,61,3,10,7,6,0.3,0.5
2024-02-11T1600,1268A,119.93,28.4586,丽水市,莲都小学,,48,48,51,5,38,97,,60,60,3,8,4,4,0.4,0.5
2024-02-11T1600,1269A,119.879,28.4231,丽水市,余庄前,,40,40,43,23,38,101,,62,62,2,5,5,4,0.3,0.5
2024-02-11T1600,1173A,119.176,34.5885,连云港市,市环境监测站,细颗粒物(PM2.5),203,207,252,153,228,112,,85,85,16,33,10,13,1.0,1.6
2024-02-11T1600,3000A,119.3581,34.6972,连云港市,德源药业,细颗粒物(PM2.5),235,232,219,185,190,121,,97,97,24,28,9,11,,1.3
2024-02-11T1600,3007A,119.178,34.844,连云港市,新城一中,细颗粒物(PM2.5),199,163,262,149,249,134,,110,110,17,31,17,17,1.0,1.8
2024-02-11T1600,3008A,119.3608,34.7519,连云港市,胡沟管理处,细颗粒物(PM2.5),223,232,222,173,181,120,,112,112,16,37,11,17,1.1,1.3
2024-02-11T1600,3009A,119.1478,34.5911,连云港市,矿山设计院,细颗粒物(PM2.5),203,224,279,153,220,112,,81,81,11,27,10,13,0.8,1.4
2024-02-11T1600,3434A,119.2413,34.6539,连云港市,工贸学校,细颗粒物(PM2.5),230,240,249,180,202,128,,102,102,25,27,15,18,1.1,1.4
2024-02-11T1600,3664A,119.4172,34.7341,连云港市,连云街道,细颗粒物(PM2.5),214,248,207,164,161,129,,114,114,15,31,16,25,1.4,1.6
2024-02-11T1600,2571A,102.3431,27.8099,凉山彝族自治州,青龙寺,,41,41,23,7,5,97,,77,77,4,5,5,6,0.8,0.9
2024-02-11T1600,2572A,102.2721,27.8415,凉山彝族自治州,邛海宾馆,,35,35,18,21,14,95,,74,74,5,8,8,9,0.7,0.8
2024-02-11T1600,2573A,102.2625,27.898,凉山彝族自治州,西昌市政府,,43,38,20,30,15,100,,75,75,5,7,10,9,0.8,0.7
2024-02-11T1600,2574A,102.2685,27.8851,凉山彝族自治州,凉山州政府,,33,33,19,23,14,91,,69,69,4,8,8,8,0.7,0.7
2024-02-11T1600,2575A,102.237,27.8914,凉山彝族自治州,长安,,42,42,25,26,17,98,,68,68,6,10,16,13,1.1,0.8
2024-02-11T1600,2212A,123.2,41.1953,辽阳市,宏伟区,,38,,66,26,64,81,,70,70,4,15,10,18,0.6,1.1
2024-02-11T1600,2213A,123.1683,41.2495,辽阳市,新华园,,36,,89,25,85,81,,70,70,5,28,13,24,0.6,1.4
2024-02-11T1600,2214A,123.2354,41.2639,辽阳市,滨河路,,29,24,59,20,63,81,,70,70,3,15,8,17,0.6,1.1
2024-02-11T1600,2215A,123.149,41.2991,辽阳市,铁西工业园,,29,18,72,13,62,90,,78,78,6,25,11,22,0.5,1.4
2024-02-11T1600,2227A,125.1358,42.8845,辽源市,环保局,,48,42,91,33,80,104,,92,92,6,22,9,13,0.6,1.1
2024-02-11T1600,3239A,125.0764,42.9078,辽源市,银鹰制药,,43,38,91,30,79,105,,96,96,3,14,6,12,0.5,0.9
2024-02-11T1600,1625A,115.9848,36.4372,聊城市,区政府,颗粒物(PM10),78,105,161,53,117,113,,95,95,3,20,6,9,0.6,1.1
2024-02-11T1600,2878A,116.0072,36.4343,聊城市,聊大东校,细颗粒物(PM2.5),79,95,146,58,119,124,,100,100,10,18,9,13,0.8,1
2024-02-11T1600,3200A,115.9819,36.4978,聊城市,监控中心,颗粒物(PM10),79,108,162,48,126,125,,101,101,14,22,8,13,0.9,1.2
2024-02-11T1600,3513A,116.0445,36.4361,聊城市,九州社区,颗粒物(PM10),85,120,159,53,115,121,,97,97,7,16,5,13,0.7,0.8
2024-02-11T1600,4018A,116.0567,36.4608,聊城市,星美广场,颗粒物(PM10),93,135,168,62,118,119,,96,96,8,16,1,7,0.7,0.9
2024-02-11T1600,2632A,94.3681,29.6376,林芝市,林芝监测站,,30,,5,6,8,94,,78,78,1,2,4,4,0.4,0.4
2024-02-11T1600,2633A,94.3616,29.6616,林芝市,林芝人民医院,,29,4,9,1,5,90,,75,75,2,4,10,9,0.4,0.5
2024-02-11T1600,2603A,100.0781,23.8982,临沧市,市环保局,,34,34,42,23,39,74,,65,65,6,7,7,7,0.5,0.6
2024-02-11T1600,2604A,100.0894,23.8822,临沧市,市气象局,,46,34,43,32,37,68,,62,62,6,7,6,6,0.6,0.7
2024-02-11T1600,1733A,111.5531,36.0783,临汾市,临钢医院,颗粒物(PM10),70,89,122,27,36,107,,77,77,6,9,8,7,0.5,0.5
2024-02-11T1600,1734A,111.5028,36.0714,临汾市,技工学校,颗粒物(PM10),72,93,128,29,47,111,,80,80,6,14,8,9,0.4,0.5
2024-02-11T1600,1736A,111.5018,36.0855,临汾市,市委,颗粒物(PM10),77,103,133,19,43,112,,82,82,2,8,6,7,0.4,0.5
2024-02-11T1600,3018A,111.505,36.1014,临汾市,唐尧大酒店,颗粒物(PM10),67,83,118,19,38,110,,78,78,12,15,8,9,0.4,0.6
2024-02-11T1600,3668A,111.5036,36.0414,临汾市,城南,颗粒物(PM10),68,86,119,26,43,113,,82,82,4,11,8,8,0.5,0.6
2024-02-11T1600,2667A,103.2069,35.5993,临夏回族自治州,环保局,,28,,46,19,22,80,,51,51,5,23,12,17,0.3,1.4
2024-02-11T1600,2668A,103.2417,35.6057,临夏回族自治州,建设大厦,,26,6,32,6,23,83,,64,64,12,13,11,14,0.4,0.8
2024-02-11T1600,1618A,118.3429,35.0532,临沂市,沂河小区,细颗粒物(PM2.5),206,200,187,156,162,103,,84,84,13,23,12,19,1.0,1.3
2024-02-11T1600,1619A,118.295,35.0583,临沂市,鲁南制药厂,细颗粒物(PM2.5),212,210,202,162,176,115,,98,98,12,24,13,25,1.3,1.7
2024-02-11T1600,1620A,118.2794,34.9976,临沂市,新光毛纺厂,细颗粒物(PM2.5),198,207,196,148,166,115,,93,93,14,22,12,18,1.2,1.4
2024-02-11T1600,1621A,118.3956,35.0888,临沂市,河东保险公司,细颗粒物(PM2.5),199,195,173,149,145,121,,98,98,15,22,15,17,1.3,1.4
2024-02-11T1600,3370A,118.3564,35.0215,临沂市,十里堡居委,细颗粒物(PM2.5),192,195,192,144,158,117,,94,94,23,31,12,20,1.3,1.6
2024-02-11T1600,3496A,118.3604,35.1084,临沂市,南坊新区,细颗粒物(PM2.5),213,217,177,163,145,121,,100,100,25,25,15,17,1.2,1.3
2024-02-11T1600,3860A,118.3920,35.0300,临沂市,皇山花园小区,细颗粒物(PM2.5),162,193,183,123,135,119,,94,94,10,20,14,21,1.1,1.3
2024-02-11T1600,1870A,109.4856,24.3895,柳州市,柳东小学,细颗粒物(PM2.5),54,39,54,38,50,103,,70,70,8,12,8,9,0.4,0.5
2024-02-11T1600,1871A,109.4157,24.3277,柳州市,环保监测站,细颗粒物(PM2.5),58,56,113,41,96,97,,58,58,17,26,17,12,0.9,0.9
2024-02-11T1600,1872A,109.389,24.341,柳州市,河西水厂,颗粒物(PM10),58,65,92,30,59,91,,54,54,22,19,18,10,1.1,0.8
2024-02-11T1600,1873A,109.4311,24.2921,柳州市,市四中,,,47,149,31,103,,,48,48,12,30,11,14,0.5,1.3
2024-02-11T1600,1874A,109.4006,24.3631,柳州市,市九中,细颗粒物(PM2.5),59,52,108,42,83,82,,50,50,25,26,21,10,1.5,1
2024-02-11T1600,1875A,109.4958,24.3134,柳州市,古亭山,颗粒物(PM10),53,56,43,31,36,104,,65,65,11,11,11,8,0.7,0.7
2024-02-11T1600,3402A,109.5422,24.3996,柳州市,市二中,,42,42,50,27,46,100,,63,63,6,11,8,7,0.6,0.7
2024-02-11T1600,2307A,116.5079,31.737,六安市,监测大楼,颗粒物(PM10),69,88,78,30,51,103,,85,85,7,12,5,5,0.5,0.7
2024-02-11T1600,2308A,116.4738,31.7643,六安市,皖西学院,颗粒物(PM10),68,86,86,27,52,104,,86,86,10,12,4,5,0.4,0.6
2024-02-11T1600,2309A,116.4996,31.7905,六安市,朝阳厂,颗粒物(PM10),67,83,79,29,56,102,,89,89,4,6,5,6,0.3,0.6
2024-02-11T1600,2310A,116.5567,31.7886,六安市,开发区,颗粒物(PM10),78,106,96,30,49,101,,91,91,8,11,5,5,0.3,0.6
2024-02-11T1600,2576A,104.8,26.5892,六盘水市,窑上,,,,,,,,,,,,,,,,
2024-02-11T1600,2577A,104.83,26.5917,六盘水市,黄土坡,,35,22,35,11,26,109,,83,83,4,10,8,12,0.3,0.5
2024-02-11T1600,2578A,104.89,26.5939,六盘水市,水钢,,36,21,54,17,40,113,,85,85,2,19,7,32,0.3,1
2024-02-11T1600,2579A,104.8475,26.5894,六盘水市,民中,,34,25,43,17,32,108,,78,78,5,24,8,21,0.3,0.6
2024-02-11T1600,2580A,104.9544,26.5506,六盘水市,双水,,35,34,39,10,28,110,,86,86,3,8,9,10,0.3,0.4
2024-02-11T1600,2335A,117.0189,25.1181,龙岩市,龙岩师专,,,,,,,,,,,,,,,,
2024-02-11T1600,2336A,117.0217,25.1033,龙岩市,龙岩市监测站,,30,26,34,5,24,93,,74,74,1,6,5,4,0.2,0.3
2024-02-11T1600,2337A,117.0258,25.0661,龙岩市,闽西职业技术学院,,30,27,28,8,20,94,,70,70,1,3,3,3,0.3,0.4
2024-02-11T1600,2338A,117.0196,25.0306,龙岩市,龙岩学院,,31,31,28,10,19,87,,65,65,2,6,6,5,0.4,0.5
2024-02-11T1600,2665A,105.0822,33.3261,陇南市,汉王镇固水子,,,,,,,,,,,,,,,,
2024-02-11T1600,2885A,104.9339,33.3826,陇南市,滨江中学,,40,40,70,17,49,82,,56,56,7,25,4,18,0.4,1
2024-02-11T1600,3247A,104.955,33.371,陇南市,市总工会,,33,33,46,23,27,91,,65,65,6,11,4,9,0.5,0.6
2024-02-11T1600,2487A,111.9589,27.8901,娄底市,电视发射台,细颗粒物(PM2.5),70,76,124,51,98,106,,73,73,13,12,10,8,1.1,1.3
2024-02-11T1600,2488A,111.9975,27.725,娄底市,市监测站,细颗粒物(PM2.5),127,120,211,96,179,128,,64,64,12,29,29,25,1.4,1.7
2024-02-11T1600,2489A,112.0194,27.7314,娄底市,市委党校,细颗粒物(PM2.5),120,109,187,91,161,106,,52,52,12,22,19,15,1.0,1.2
2024-02-11T1600,2490A,111.9561,27.7569,娄底市,涟钢,细颗粒物(PM2.5),119,112,199,90,167,96,,48,48,24,24,30,18,1.8,1.9
2024-02-11T1600,2491A,111.9892,27.7044,娄底市,市政府,细颗粒物(PM2.5),113,108,194,85,166,106,,61,61,4,14,13,11,0.8,1.1
2024-02-11T1600,1893A,105.4324,28.9634,泸州市,九狮山,细颗粒物(PM2.5),95,97,104,71,71,123,,70,70,7,10,13,8,0.6,0.5
2024-02-11T1600,1894A,105.4427,28.9063,泸州市,小市上码头,细颗粒物(PM2.5),104,92,83,78,75,104,,61,61,11,19,9,6,0.8,0.8
2024-02-11T1600,1895A,105.4241,28.8573,泸州市,兰田宪桥,细颗粒物(PM2.5),107,94,99,80,78,111,,58,58,12,18,9,6,0.6,0.6
2024-02-11T1600,1896A,105.4379,28.8833,泸州市,市环监站,细颗粒物(PM2.5),102,91,96,76,83,101,,56,56,10,16,7,5,0.7,0.7
2024-02-11T1600,3490A,105.3617,28.7703,泸州市,纳溪区环保局,细颗粒物(PM2.5),107,101,104,80,81,114,,66,66,9,17,9,6,1.0,0.9
2024-02-11T1600,2183A,111.1406,37.5211,吕梁市,环保局,,,,144,,63,,,57,,,17,,4,,0.4
2024-02-11T1600,2185A,111.1297,37.5136,吕梁市,自来水公司,颗粒物(PM10),52,53,135,16,70,98,,72,72,12,18,5,10,0.4,0.5
2024-02-11T1600,2867A,111.1283,37.51,吕梁市,马茂庄小学,,34,34,139,18,62,96,,73,73,8,18,2,5,0.3,0.3
2024-02-11T1600,1812A,112.3931,34.6516,洛阳市,市委党校,颗粒物(PM10),66,82,178,22,80,90,,68,68,7,22,14,13,0.2,0.5
2024-02-11T1600,1814A,112.4657,34.6871,洛阳市,豫西宾馆,颗粒物(PM10),69,88,190,25,73,100,,68,68,3,25,14,12,0,0.3
2024-02-11T1600,1815A,112.494,34.6886,洛阳市,河南林校,颗粒物(PM10),63,75,162,27,67,100,,70,70,6,19,14,9,0.5,0.8
2024-02-11T1600,1816A,112.3844,34.623,洛阳市,开发区管委会,颗粒物(PM10),60,69,137,22,47,97,,73,73,2,7,6,6,0.4,0.5
2024-02-11T1600,1817A,112.4267,34.6258,洛阳市,市委新办公区,颗粒物(PM10),61,71,167,28,77,101,,73,73,5,14,8,7,0.4,0.5
2024-02-11T1600,3340A,112.6005,34.6326,洛阳市,伊滨,颗粒物(PM10),68,86,164,20,53,97,,72,72,6,11,19,7,0.4,0.5
2024-02-11T1600,3341A,112.4951,34.6332,洛阳市,中移产业园,颗粒物(PM10),58,65,160,32,65,102,,77,77,4,13,10,8,0.3,0.6
2024-02-11T1600,3593A,112.5736,34.8993,洛阳市,吉利监测站,颗粒物(PM10),76,102,113,31,42,101,,77,77,9,13,7,6,0.3,0.5
2024-02-11T1600,3635A,112.3677,34.662,洛阳市,河科大西苑校区,颗粒物(PM10),67,83,185,22,74,100,,70,70,4,25,4,8,0,0.2
2024-02-11T1600,3636A,112.4388,34.6781,洛阳市,英才小学,颗粒物(PM10),65,80,186,23,74,100,,69,69,6,18,8,10,0.3,0.6
2024-02-11T1600,2399A,114.051,33.5699,漯河市,三五一五工厂,颗粒物(PM10),91,132,195,60,94,105,,83,83,9,24,7,10,0.5,0.6
2024-02-11T1600,2400A,114.0055,33.5698,漯河市,漯河大学,颗粒物(PM10),87,124,166,51,78,108,,88,88,2,6,6,8,0.6,0.7
2024-02-11T1600,2401A,114.0138,33.5828,漯河市,市水利局,颗粒物(PM10),93,136,192,58,86,108,,90,90,5,13,9,11,0.4,0.6
2024-02-11T1600,2402A,114.0261,33.5698,漯河市,市广电局,颗粒物(PM10),97,144,200,54,82,108,,89,89,5,18,3,6,0.7,0.8
2024-02-11T1600,3478A,113.9749,33.5664,漯河市,市图书馆,颗粒物(PM10),95,140,179,56,76,105,,87,87,11,14,11,13,0.3,0.4
2024-02-11T1600,3479A,114.0967,33.5906,漯河市,召陵区卫健委,颗粒物(PM10),99,148,194,54,87,104,,86,86,6,12,6,10,0.4,0.5
2024-02-11T1600,1798A,118.5092,31.6837,马鞍山市,湖东路四小,颗粒物(PM10),95,139,147,51,102,117,,87,87,9,29,12,17,0.7,1.1
2024-02-11T1600,1799A,118.5024,31.6449,马鞍山市,开发区,颗粒物(PM10),78,105,126,50,106,119,,86,86,13,30,8,9,0.5,0.7
2024-02-11T1600,1800A,118.5228,31.7231,马鞍山市,慈湖,颗粒物(PM10),81,112,128,56,106,111,,78,78,15,33,11,15,0.5,1.2
2024-02-11T1600,1802A,118.6245,31.7241,马鞍山市,濮塘,颗粒物(PM10),85,120,120,55,80,106,,82,82,9,17,10,12,0.5,1
2024-02-11T1600,3633A,118.4918,31.6809,马鞍山市,雨山,颗粒物(PM10),84,117,128,50,97,120,,90,90,11,27,12,15,0.4,0.9
2024-02-11T1600,1686A,111.0286,21.4688,茂名市,电白南海,,44,44,118,22,89,106,,83,83,10,20,11,17,0.5,1
2024-02-11T1600,1687A,110.9294,21.6533,茂名市,茂石化七小,,39,36,100,27,88,109,,83,83,9,19,11,15,0.6,1.1
2024-02-11T1600,1688A,110.9107,21.6687,茂名市,健康路,,35,31,99,24,80,106,,81,81,7,19,7,11,0.6,1
2024-02-11T1600,1689A,110.8592,21.6828,茂名市,高岭,,34,34,113,17,98,104,,77,77,7,16,9,15,0.3,0.9
2024-02-11T1600,3450A,111.01,21.5165,茂名市,电白水东,,34,31,101,22,84,107,,87,87,7,14,8,12,0.6,0.9
2024-02-11T1600,2539A,104.0308,30.0478,眉山市,黑龙滩水库,细颗粒物(PM2.5),63,68,64,45,51,127,,57,,4,4,3,2,0.7,0.7
2024-02-11T1600,2540A,103.8416,30.0874,眉山市,气象局,细颗粒物(PM2.5),77,65,87,56,74,112,,65,65,14,19,10,9,0.8,0.9
2024-02-11T1600,3137A,103.8578,30.0744,眉山市,市委党校,细颗粒物(PM2.5),83,75,92,61,76,108,,68,68,13,26,9,7,0.6,0.8
2024-02-11T1600,3148A,103.8291,30.0564,眉山市,区人社局,细颗粒物(PM2.5),79,66,79,58,78,111,,59,59,19,37,10,9,0.5,0.8
2024-02-11T1600,1690A,116.1231,24.3284,梅州市,梅江月梅,,30,23,51,15,47,94,,61,61,2,6,8,9,0.5,0.6
2024-02-11T1600,1691A,116.0797,24.2719,梅州市,梅县新城,,33,33,71,15,62,102,,69,69,4,10,6,6,0.3,0.5
2024-02-11T1600,1692A,116.1248,24.2654,梅州市,环境监控中心,,31,24,44,15,38,97,,65,65,4,13,6,5,0.4,0.5
2024-02-11T1600,3315A,116.1233,24.2991,梅州市,梅龙,,31,24,51,14,47,97,,60,60,6,11,6,7,0.4,0.6
2024-02-11T1600,1878A,104.7778,31.4741,绵阳市,富乐山,细颗粒物(PM2.5),102,89,105,76,92,117,,68,68,9,15,7,7,0.8,1
2024-02-11T1600,1879A,104.7563,31.4535,绵阳市,市人大,细颗粒物(PM2.5),75,97,133,55,101,114,,59,59,11,38,5,5,0.7,1
2024-02-11T1600,1880A,104.6697,31.4668,绵阳市,高新区自来水公司,细颗粒物(PM2.5),110,85,124,83,110,115,,62,62,14,25,8,7,0.9,0.9
2024-02-11T1600,1881A,104.7287,31.5075,绵阳市,三水厂,细颗粒物(PM2.5),108,90,126,81,114,118,,54,54,7,22,6,6,0.9,1.1
2024-02-11T1600,3491A,104.69,31.5322,绵阳市,西科大附属小学,细颗粒物(PM2.5),100,84,114,75,100,118,,65,65,12,18,9,8,0.6,0.8
2024-02-11T1600,3492A,104.5648,31.5343,绵阳市,安州区旅游局,细颗粒物(PM2.5),107,86,121,80,107,108,,62,62,14,27,8,7,0.9,1.1
2024-02-11T1600,1784A,129.61,44.561,牡丹江市,环保大楼,细颗粒物(PM2.5),73,,97,53,77,91,,90,90,17,27,17,17,0.5,0.9
2024-02-11T1600,1785A,129.6115,44.5782,牡丹江市,文化广场,细颗粒物(PM2.5),65,57,112,47,86,86,,84,84,15,31,19,20,0.6,0.9
2024-02-11T1600,1786A,129.5904,44.5963,牡丹江市,第一医院,细颗粒物(PM2.5),77,59,113,56,100,90,,83,83,15,35,17,19,0.5,1
2024-02-11T1600,1787A,129.6364,44.6075,牡丹江市,机车工厂,细颗粒物(PM2.5),65,60,85,47,66,90,,78,78,13,33,14,13,0.4,0.8
2024-02-11T1600,1788A,129.6386,44.5462,牡丹江市,第一中学,颗粒物(PM10),54,57,66,35,54,95,,90,90,9,16,16,16,0.5,0.8
2024-02-11T1600,2531A,105.0703,29.61,内江市,市监测站,细颗粒物(PM2.5),83,,96,61,99,117,,76,76,13,20,12,10,0.8,0.9
2024-02-11T1600,2532A,105.0717,29.5947,内江市,东兴区政府,细颗粒物(PM2.5),79,62,89,58,85,120,,73,73,6,21,12,10,0.7,0.8
2024-02-11T1600,2533A,105.0653,29.5817,内江市,内江二中,细颗粒物(PM2.5),102,,88,76,98,120,,71,71,4,21,11,7,0.9,1
2024-02-11T1600,2534A,105.0406,29.5822,内江市,内江日报社,细颗粒物(PM2.5),90,,96,67,99,122,,73,73,8,25,11,8,0.8,0.9
2024-02-11T1600,2628A,92.0657,31.4846,那曲市,那曲监测站,,26,12,35,4,25,83,,64,64,5,9,5,8,0.4,1
2024-02-11T1600,3128A,92.0506,31.4797,那曲市,那曲会议中心,,30,4,30,0,16,93,,67,67,1,11,5,8,0.3,0.7
2024-02-11T1600,1290A,115.8931,28.6843,南昌市,省外办,细颗粒物(PM2.5),85,81,148,63,123,117,,78,78,7,24,7,7,0.8,1.2
2024-02-11T1600,1291A,115.8886,28.7003,南昌市,省林业公司,细颗粒物(PM2.5),85,85,159,63,139,118,,77,77,18,23,6,9,1.0,1.1
2024-02-11T1600,1292A,115.8126,28.7442,南昌市,林科所,细颗粒物(PM2.5),77,75,69,56,61,125,,89,89,8,9,9,8,0.8,0.8
2024-02-11T1600,1294A,115.8518,28.687,南昌市,建工学校,细颗粒物(PM2.5),102,95,116,76,92,120,,83,83,8,21,7,7,0.8,1
2024-02-11T1600,1295A,115.8921,28.6424,南昌市,象湖,细颗粒物(PM2.5),88,79,137,65,106,129,,85,85,10,30,7,7,0.8,1.1
2024-02-11T1600,1296A,115.7423,28.7996,南昌市,武术学校,细颗粒物(PM2.5),75,,42,55,43,119,,81,81,9,5,13,10,0.9,0.9
2024-02-11T1600,1298A,115.9314,28.6842,南昌市,省站,细颗粒物(PM2.5),83,94,128,61,99,113,,80,80,8,20,9,9,0.8,1
2024-02-11T1600,3046A,115.9084,28.6062,南昌市,机电学校,细颗粒物(PM2.5),92,86,111,68,91,125,,85,85,7,23,8,8,1.2,1.2
2024-02-11T1600,3690A,115.9721,28.7031,南昌市,外国语学校,细颗粒物(PM2.5),94,74,107,70,102,105,,71,71,10,17,6,6,0.6,0.7
2024-02-11T1600,1905A,106.056,30.8064,南充市,西山风景区,细颗粒物(PM2.5),85,,70,63,79,103,,77,72,8,8,4,4,0.8,0.8
2024-02-11T1600,1906A,106.0789,30.8023,南充市,南充市委,细颗粒物(PM2.5),64,73,96,46,76,96,,56,56,8,24,6,5,0.5,0.7
2024-02-11T1600,1907A,106.1031,30.8217,南充市,南充炼油厂,细颗粒物(PM2.5),64,63,102,46,87,101,,57,57,4,21,5,5,0.4,0.6
2024-02-11T1600,1908A,106.1064,30.7856,南充市,高坪区监测站,细颗粒物(PM2.5),69,62,107,50,82,104,,59,59,5,26,7,6,0.5,0.8
2024-02-11T1600,1909A,106.0642,30.7636,南充市,嘉陵区环保局,细颗粒物(PM2.5),77,65,107,56,95,98,,55,55,8,35,4,3,0.7,1
2024-02-11T1600,1910A,106.1087,30.8388,南充市,市环境监测站,细颗粒物(PM2.5),62,57,96,44,77,105,,67,67,8,12,7,7,0.5,0.6
2024-02-11T1600,1151A,118.8086,32.1065,南京市,迈皋桥,细颗粒物(PM2.5),79,104,106,58,81,95,,67,67,9,24,4,4,0.6,0.8
2024-02-11T1600,1152A,118.7538,32.0551,南京市,草场门,颗粒物(PM10),81,112,113,58,85,114,,83,83,14,34,4,6,0.6,0.9
2024-02-11T1600,1153A,118.7794,32.0745,南京市,山西路,细颗粒物(PM2.5),83,105,106,61,86,89,,65,65,17,34,6,7,0.7,0.9
2024-02-11T1600,1154A,118.7752,32.0023,南京市,中华门,细颗粒物(PM2.5),77,102,103,56,86,113,,84,84,6,23,10,10,0.8,0.8
2024-02-11T1600,1155A,118.8109,32.0309,南京市,瑞金路,颗粒物(PM10),82,114,136,58,99,104,,73,73,18,49,5,4,0.7,1
2024-02-11T1600,1156A,118.7997,32.0754,南京市,玄武湖,颗粒物(PM10),80,110,113,58,76,111,,78,78,2,27,10,10,0.2,0.5
2024-02-11T1600,1157A,118.6414,32.0931,南京市,浦口,颗粒物(PM10),75,99,116,30,65,103,,77,77,12,16,7,7,0.6,0.8
2024-02-11T1600,1158A,118.7356,31.9996,南京市,奥体中心,颗粒物(PM10),83,116,114,56,86,115,,88,88,6,23,9,9,0.7,0.9
2024-02-11T1600,1159A,118.9125,32.1028,南京市,仙林大学城,颗粒物(PM10),79,107,104,53,76,109,,83,83,8,25,7,7,0.7,1
2024-02-11T1600,3422A,118.8436,31.9198,南京市,江宁彩虹桥,细颗粒物(PM2.5),85,107,124,63,87,120,,91,91,5,18,6,6,0.6,0.8
2024-02-11T1600,3423A,119.0138,31.6494,南京市,溧水永阳,细颗粒物(PM2.5),88,107,100,65,92,114,,84,84,12,18,4,4,0.4,0.8
2024-02-11T1600,3424A,118.879,31.3302,南京市,高淳老职中,细颗粒物(PM2.5),79,98,95,58,83,124,,91,91,5,12,11,9,0.6,0.8
2024-02-11T1600,3427A,118.8554,32.3578,南京市,六合雄州,颗粒物(PM10),113,175,119,67,80,118,,90,90,9,13,4,4,0.8,0.9
2024-02-11T1600,1401A,108.3103,22.7881,南宁市,二十一中,,39,37,74,27,74,120,,82,82,6,22,8,9,0.6,0.8
2024-02-11T1600,1402A,108.3141,22.8528,南宁市,北湖,,38,38,77,24,75,115,,79,79,4,19,5,6,0.6,0.9
2024-02-11T1600,1403A,108.3206,22.8225,南宁市,市监测站,,49,49,87,33,77,116,,78,78,8,30,7,8,0.7,1.1
2024-02-11T1600,1404A,108.3829,22.8037,南宁市,大自然花园,,38,34,80,26,78,110,,73,73,8,23,7,7,0.4,0.8
2024-02-11T1600,1405A,108.4394,22.7904,南宁市,仙葫,,46,33,87,32,86,98,,64,64,8,19,8,8,0.5,0.8
2024-02-11T1600,1406A,108.2397,22.8467,南宁市,区农职院,,42,36,49,29,39,129,,80,80,11,12,9,9,0.6,0.5
2024-02-11T1600,1407A,108.3275,22.735,南宁市,英华嘉园,颗粒物(PM10),52,54,74,34,70,109,,74,74,9,16,7,7,0.4,0.7
2024-02-11T1600,1408A,108.2257,22.7757,南宁市,沙井镇街道办,,48,39,56,33,51,121,,79,79,6,14,7,3,0.6,0.7
2024-02-11T1600,3401A,108.4834,22.7618,南宁市,红星社区,,42,32,56,29,58,112,,73,73,6,14,10,10,0.5,0.8
2024-02-11T1600,2331A,118.0966,26.6761,南平市,茫荡山,,,,,,,,,,,,,,,,
2024-02-11T1600,2332A,118.1681,26.6369,南平市,南平市监测站,,30,26,52,21,45,90,,56,56,4,8,5,7,0.7,0.8
2024-02-11T1600,2333A,118.1825,26.6489,南平市,南平铝业有限公司,,43,43,68,16,54,80,,53,53,3,8,6,9,0.4,0.6
2024-02-11T1600,2334A,118.1756,26.6272,南平市,南平七中,,47,47,46,18,34,93,,59,59,5,7,5,6,0.3,0.5
2024-02-11T1600,1168A,120.9098,31.9663,南通市,狼山街道,细颗粒物(PM2.5),95,123,168,71,150,120,,91,91,21,44,20,11,1.0,1.4
2024-02-11T1600,1169A,120.86,32.0005,南通市,虹桥,"颗粒物(PM10),细颗粒物(PM2.5)",83,116,155,61,131,121,,82,82,13,52,7,9,0.5,1
2024-02-11T1600,1170A,120.87,32.02,南通市,城中,颗粒物(PM10),90,129,170,61,132,123,,94,94,15,42,9,9,0.5,1.3
2024-02-11T1600,1171A,120.94,31.93,南通市,星湖花园,细颗粒物(PM2.5),99,133,178,74,138,108,,89,89,38,56,17,12,0.9,1
2024-02-11T1600,1172A,120.81,32.0417,南通市,紫琅学院,颗粒物(PM10),82,113,163,57,134,125,,107,107,13,25,10,9,0.6,1.1
2024-02-11T1600,3291A,121.067,32.062,南通市,通州监测站,细颗粒物(PM2.5),92,122,180,68,151,126,,103,103,13,25,11,12,0.4,1
2024-02-11T1600,3432A,120.9348,31.9883,南通市,环境教育馆,细颗粒物(PM2.5),97,129,153,72,128,124,,97,97,28,38,16,10,0.8,0.9
2024-02-11T1600,2404A,112.5224,33.0122,南阳市,瓦房庄,细颗粒物(PM2.5),125,119,225,95,223,97,,64,64,8,28,9,11,0.5,0.9
2024-02-11T1600,2405A,112.5003,32.9735,南阳市,汉画馆,细颗粒物(PM2.5),125,129,218,95,195,98,,65,65,11,26,10,9,0.6,0.9
2024-02-11T1600,2406A,112.5573,33.027,南阳市,气象站,细颗粒物(PM2.5),119,118,219,90,224,98,,64,64,13,28,11,12,0.5,0.9
2024-02-11T1600,2407A,112.5481,32.9689,南阳市,理工学院,细颗粒物(PM2.5),109,117,247,82,244,99,,67,67,4,25,8,10,0.6,1
2024-02-11T1600,4008A,112.5234,32.9922,南阳市,卧龙区政府,细颗粒物(PM2.5),113,117,224,85,204,97,,62,62,10,37,9,10,0.5,1
2024-02-11T1600,1234A,121.8358,29.911,宁波市,区环保大楼,颗粒物(PM10),52,54,94,27,74,113,,98,98,4,17,8,8,0.4,0.7
2024-02-11T1600,1235A,121.56,29.82,宁波市,万里学院,细颗粒物(PM2.5),82,75,72,60,57,114,,92,92,17,17,8,7,0.5,0.6
2024-02-11T1600,1236A,121.713,29.9572,宁波市,龙赛医院,细颗粒物(PM2.5),69,69,87,50,70,127,,103,103,10,19,6,6,0.7,0.8
2024-02-11T1600,1239A,121.633,29.7733,宁波市,钱湖水厂,细颗粒物(PM2.5),87,87,65,64,53,123,,92,92,10,6,7,5,0.8,0.8
2024-02-11T1600,1240A,121.5856,29.8635,宁波市,太古小学,细颗粒物(PM2.5),93,70,67,69,62,125,,92,92,21,19,11,7,0.6,0.7
2024-02-11T1600,1241A,121.524,29.8674,宁波市,市环境监测中心,"颗粒物(PM10),细颗粒物(PM2.5)",52,54,74,36,59,113,,93,93,11,21,7,7,0.5,0.8
2024-02-11T1600,2871A,121.6147,29.9017,宁波市,万里国际学校,细颗粒物(PM2.5),85,69,70,63,62,126,,101,101,20,17,13,9,0.8,0.8
2024-02-11T1600,3710A,121.5594,29.8975,宁波市,白沙活动中心,细颗粒物(PM2.5),79,78,78,58,60,122,,94,94,12,18,9,8,0.7,0.9
2024-02-11T1600,2339A,119.5001,26.6946,宁德市,金涵水库,,,,,,,,,,,,,,,,
2024-02-11T1600,2341A,119.5388,26.6612,宁德市,宁德市监测站,颗粒物(PM10),58,65,48,29,43,96,,71,71,7,6,6,7,0.4,0.7
2024-02-11T1600,3209A,119.5231,26.6562,宁德市,宁德一中,,,,51,,44,,,61,,,9,,7,,0.7
2024-02-11T1600,2618A,98.8601,25.8567,怒江傈僳族自治州,州监测站,,43,36,39,30,28,73,,56,56,5,6,10,10,0.5,0.5
2024-02-11T1600,2619A,98.8546,25.8417,怒江傈僳族自治州,泸水一中,,30,30,44,18,38,62,,48,48,10,11,9,9,0.6,0.6
2024-02-11T1600,1888A,101.6891,26.571,攀枝花市,弄弄坪,细颗粒物(PM2.5),67,,55,48,39,122,,61,61,13,30,22,28,1.3,1.4
2024-02-11T1600,1889A,101.5769,26.5928,攀枝花市,河门口,细颗粒物(PM2.5),64,56,43,46,32,125,,74,74,21,14,35,15,2.3,1.1
2024-02-11T1600,1890A,101.7169,26.585,攀枝花市,炳草岗,,48,,47,33,33,121,,75,75,9,21,26,36,1.1,1.2
2024-02-11T1600,1891A,101.7369,26.5008,攀枝花市,仁和,细颗粒物(PM2.5),54,50,50,38,36,112,,69,69,8,17,18,17,1.0,1.3
2024-02-11T1600,2835A,101.7227,26.567,攀枝花市,四十中小,细颗粒物(PM2.5),57,58,62,40,38,126,,78,78,8,23,20,35,0.9,1
2024-02-11T1600,1604A,122.0303,41.1489,盘锦市,开发区,,,47,83,13,79,100,,79,79,,19,9,15,0.4,0.8
2024-02-11T1600,1605A,122.0485,41.0883,盘锦市,兴隆台,,40,40,94,26,87,100,,80,80,12,18,12,15,0.5,1
2024-02-11T1600,1606A,121.8297,41.1028,盘锦市,新生街道,,41,41,74,18,64,89,,76,76,13,18,11,13,0.4,0.7
2024-02-11T1600,1832A,113.3257,33.742,平顶山市,新华旅馆,细颗粒物(PM2.5),103,141,222,77,83,99,,76,76,5,16,8,11,0.5,0.4
2024-02-11T1600,1833A,113.2919,33.737,平顶山市,规划设计院,细颗粒物(PM2.5),105,153,196,79,78,118,,87,87,6,13,11,13,0.6,0.6
2024-02-11T1600,1834A,113.182,33.774,平顶山市,平顶山工学院,颗粒物(PM10),92,134,173,61,55,112,,87,87,10,11,5,6,0.6,0.6
2024-02-11T1600,3204A,113.3025,33.73,平顶山市,规划局,细颗粒物(PM2.5),113,156,228,85,90,90,,66,66,10,17,8,11,0.7,0.6
2024-02-11T1600,3594A,112.8867,33.9116,平顶山市,石龙区,细颗粒物(PM2.5),98,142,175,73,51,107,,90,90,12,9,8,7,0.6,0.5
2024-02-11T1600,2656A,106.6692,35.5461,平凉市,聚贤嘉苑,颗粒物(PM10),63,75,81,26,28,103,,81,81,16,16,12,10,0.4,0.5
2024-02-11T1600,2657A,106.7021,35.5307,平凉市,博物馆,颗粒物(PM10),60,70,88,30,38,103,,78,78,14,17,15,17,0.2,0.6
2024-02-11T1600,2347A,114.0997,27.5002,萍乡市,武功山,,36,35,61,25,51,91,,69,69,5,6,7,9,0.4,0.6
2024-02-11T1600,2348A,113.8385,27.6434,萍乡市,中医院,细颗粒物(PM2.5),57,48,145,40,120,96,,62,62,17,25,8,9,1.2,1.7
2024-02-11T1600,2349A,113.8493,27.6253,萍乡市,市政府车库,细颗粒物(PM2.5),94,,144,70,124,101,,68,68,15,20,18,16,1.3,1.5
2024-02-11T1600,2350A,113.8676,27.6435,萍乡市,市环保局,细颗粒物(PM2.5),94,87,147,70,128,93,,62,62,10,21,9,12,0.8,1.7
2024-02-11T1600,2351A,113.866,27.6198,萍乡市,安源区政府,颗粒物(PM10),68,85,138,45,100,102,,65,65,21,24,5,12,0.8,1.7
2024-02-11T1600,2319A,119.0141,25.4325,莆田市,荔城区仓后路,,39,39,47,26,42,110,,84,84,6,9,8,7,0.9,1
2024-02-11T1600,2320A,119.0015,25.4553,莆田市,莆田市监测站,,40,40,41,26,35,109,,83,83,8,8,11,9,0.5,0.6
2024-02-11T1600,2321A,119.1119,25.4561,莆田市,涵江区六中,,36,36,51,22,45,110,,86,86,2,8,9,8,0.9,1
2024-02-11T1600,2322A,119.1013,25.3215,莆田市,秀屿区政府,,47,47,50,27,47,109,,86,86,4,7,6,6,0.7,0.9
2024-02-11T1600,2323A,118.981,25.4792,莆田市,东圳水库,,,,,,,,,,,,,,,,
2024-02-11T1600,2392A,115.0312,35.7636,濮阳市,环保局,颗粒物(PM10),70,89,319,28,234,98,,78,78,5,22,6,10,0.1,1
2024-02-11T1600,2394A,115.0574,35.7609,濮阳市,油田运输公司,颗粒物(PM10),66,82,319,28,263,100,,80,80,6,21,9,14,0.5,1.3
2024-02-11T1600,2395A,115.0866,35.7754,濮阳市,油田物探公司,颗粒物(PM10),72,94,343,27,283,100,,77,77,7,25,7,11,0.4,1.2
2024-02-11T1600,3021A,115,35.7668,濮阳市,濮水河管理处,颗粒物(PM10),70,90,314,29,237,99,,76,76,2,18,8,8,0.4,1.2
2024-02-11T1600,2601A,100.98,22.7633,普洱市,市环保局,细颗粒物(PM2.5),63,59,48,45,40,53,,53,53,6,6,4,4,0.7,0.7
2024-02-11T1600,2602A,100.9817,22.8322,普洱市,普洱第二中学,,50,50,39,27,20,60,,49,49,6,11,5,4,0.8,0.8
2024-02-11T1600,2262A,131.0518,45.8751,七台河市,新一中,,48,38,102,33,95,108,,102,102,8,17,10,12,0.8,1.1
2024-02-11T1600,3345A,131.0577,45.7879,七台河市,中波台,细颗粒物(PM2.5),65,52,114,47,103,84,,82,82,30,35,17,16,0.9,1.3
2024-02-11T1600,3637A,131.0176,45.7761,七台河市,人民广场,细颗粒物(PM2.5),79,78,135,58,106,88,,78,78,29,42,20,18,1.0,1.3
2024-02-11T1600,3684A,130.8781,45.8222,七台河市,新建矿广场,细颗粒物(PM2.5),78,66,70,57,61,109,,99,99,17,22,13,13,0.7,0.8
2024-02-11T1600,1779A,123.9305,47.3636,齐齐哈尔市,安居小区,,28,28,57,14,30,74,,68,68,13,14,12,10,0.5,0.5
2024-02-11T1600,1780A,123.9488,47.3386,齐齐哈尔市,中心广场,,34,34,64,20,52,73,,63,63,11,15,13,10,0.5,0.6
2024-02-11T1600,1781A,123.9483,47.3227,齐齐哈尔市,农牧车辆厂,,27,27,52,17,37,78,,67,67,7,13,14,12,0.5,0.5
2024-02-11T1600,1783A,123.945,47.2988,齐齐哈尔市,市环境监测站,,30,30,59,21,43,82,,68,68,6,11,8,8,0.4,0.5
2024-02-11T1600,3662A,123.6333,47.2075,齐齐哈尔市,富区青少年活动中心,,33,33,56,16,36,73,,66,66,8,10,14,11,0.4,0.5
2024-02-11T1600,2591A,107.9783,26.5747,黔东南苗族侗族自治州,市环境监测站,,42,32,83,29,79,88,,55,55,12,18,6,13,0.2,0.6
2024-02-11T1600,2881A,107.8908,26.5311,黔东南苗族侗族自治州,凯里学院,,35,30,53,24,47,103,,64,64,1,5,4,8,0.4,0.5
2024-02-11T1600,2593A,107.5228,26.2403,黔南布依族苗族自治州,小围寨,,30,19,29,5,25,93,,62,62,4,7,6,8,0.1,0.2
2024-02-11T1600,3538A,107.5175,26.2978,黔南布依族苗族自治州,沙坝,,30,14,26,12,22,96,,64,64,1,4,5,6,0.4,0.5
2024-02-11T1600,2589A,104.9022,25.0925,黔西南布依族苗族自治州,场坝街,,29,19,60,10,50,91,,74,74,4,11,2,3,0.4,0.6
2024-02-11T1600,2590A,104.8811,25.0992,黔西南布依族苗族自治州,坪东大道,,29,19,58,6,51,90,,72,72,6,10,1,4,0.3,0.3
2024-02-11T1600,2502A,108.6236,21.9667,钦州市,市环保站,颗粒物(PM10),53,56,84,31,62,102,,79,79,8,13,9,10,0.8,1.1
2024-02-11T1600,2503A,108.6549,21.9481,钦州市,沙埠小学,,49,49,70,34,69,99,,81,81,6,10,9,9,0.7,0.9
2024-02-11T1600,2504A,108.5989,21.7431,钦州市,港区一小,细颗粒物(PM2.5),55,58,71,39,49,104,,81,81,6,11,8,9,0.6,0.8
2024-02-11T1600,3404A,108.5959,21.9633,钦州市,北职校,细颗粒物(PM2.5),57,47,62,40,58,107,,81,81,6,8,9,10,0.7,0.9
2024-02-11T1600,1042A,119.5134,39.8207,秦皇岛市,北戴河环保局,,46,46,82,14,54,92,,82,82,16,28,10,16,0.4,0.8
2024-02-11T1600,1043A,119.7493,40.0116,秦皇岛市,第一关,,44,44,93,24,62,91,,89,89,14,19,11,15,0.6,0.8
2024-02-11T1600,1044A,119.5897,39.9499,秦皇岛市,监测站,,28,28,81,13,62,89,,88,88,20,19,9,15,0.5,0.9
2024-02-11T1600,1046A,119.5251,39.9041,秦皇岛市,建设大厦,,29,24,84,16,58,91,,86,86,5,14,7,13,0.2,0.8
2024-02-11T1600,3132A,119.610547,39.943889,秦皇岛市,文明里,,44,44,97,16,64,87,,81,81,20,25,6,14,0.5,0.9
2024-02-11T1600,1307A,120.6659,36.2403,青岛市,仰口,细颗粒物(PM2.5),110,124,87,83,66,124,,118,118,33,17,9,6,1.5,1
2024-02-11T1600,1310A,120.4134,36.0658,青岛市,市南区东部子站,细颗粒物(PM2.5),160,166,174,122,125,117,,83,83,44,26,20,15,2.4,1.5
2024-02-11T1600,1311A,120.3664,36.1032,青岛市,四方区子站,细颗粒物(PM2.5),92,100,151,68,129,97,,80,80,53,34,28,12,1.2,1.6
2024-02-11T1600,1312A,120.2994,36.054,青岛市,市南区西部子站,细颗粒物(PM2.5),132,146,156,100,126,99,,71,69,44,29,16,11,2.0,1.7
2024-02-11T1600,1313A,120.4581,36.0858,青岛市,崂山区子站,细颗粒物(PM2.5),128,146,151,97,118,118,,90,90,28,18,17,12,1.8,1.5
2024-02-11T1600,1314A,120.1983,35.9608,青岛市,黄岛区子站,细颗粒物(PM2.5),211,212,140,161,112,132,,93,93,35,38,19,14,2.6,1.6
2024-02-11T1600,1315A,120.3999,36.3083,青岛市,城阳区子站,颗粒物(PM10),74,97,159,51,94,123,,100,100,16,25,10,10,0.9,1.4
2024-02-11T1600,1966A,120.0405,35.8735,青岛市,黄岛区4号,细颗粒物(PM2.5),192,180,164,144,139,123,,94,94,34,21,14,13,2.3,1.7
2024-02-11T1600,3362A,120.5014,36.4034,青岛市,即墨2号,细颗粒物(PM2.5),104,126,166,78,133,123,,99,99,20,25,13,12,1.0,1.5
2024-02-11T1600,3642A,120.3503,36.0736,青岛市,市北区南部,细颗粒物(PM2.5),144,137,164,110,124,115,,79,79,39,37,16,12,1.9,1.5
2024-02-11T1600,3643A,120.3948,36.1805,青岛市,李沧区北部,细颗粒物(PM2.5),92,110,153,68,128,126,,105,105,22,28,14,13,1.0,1.5
2024-02-11T1600,1702A,113.0426,23.691,清远市,环保大楼,,31,24,51,20,51,99,,72,72,1,11,3,4,0.6,0.6
2024-02-11T1600,1703A,113.0208,23.7106,清远市,凤城街办,,33,27,75,22,62,103,,73,73,8,27,6,7,0.4,0.8
2024-02-11T1600,3025A,113.0477,23.6344,清远市,技师学院,,34,28,66,18,48,107,,81,81,2,8,6,7,0.3,0.6
2024-02-11T1600,3318A,112.9903,23.7403,清远市,清新太和,,33,29,45,18,32,104,,78,78,6,12,8,9,0.4,0.5
2024-02-11T1600,3455A,113.076,23.7198,清远市,清城东城,,34,34,45,22,35,94,,69,69,5,8,9,9,0.4,0.6
2024-02-11T1600,2661A,107.6325,35.7357,庆阳市,庆阳五中,颗粒物(PM10),56,61,73,32,35,90,,78,78,5,11,11,15,0.4,0.5
2024-02-11T1600,2662A,107.6364,35.7067,庆阳市,市环保局,颗粒物(PM10),60,70,76,34,39,82,,85,85,10,6,26,8,0.4,0.4
2024-02-11T1600,1916A,103.7897,25.5035,曲靖市,环境监测站,,33,14,49,11,31,104,,88,88,4,8,1,9,0.5,0.7
2024-02-11T1600,1917A,103.8,25.5364,曲靖市,烟厂办公区,,33,26,47,13,30,104,,87,87,4,9,4,4,0.5,0.7
2024-02-11T1600,3376A,103.7947,25.462,曲靖市,南苑二区,,31,28,59,10,40,97,,83,83,6,10,4,14,0.5,0.6
2024-02-11T1600,3377A,103.7444,25.5261,曲靖市,曲靖师范学院,,31,24,40,20,33,99,,82,82,4,9,5,8,0.4,0.5
2024-02-11T1600,1264A,118.8692,28.9398,衢州市,环保大楼,,49,49,70,28,55,94,,79,79,8,12,6,6,0.5,0.7
2024-02-11T1600,1265A,118.8709,28.9666,衢州市,实验学校,,50,50,70,33,52,94,,80,80,5,8,4,5,0.2,0.4
2024-02-11T1600,1266A,118.8621,28.9808,衢州市,衢州学院,,47,47,68,29,53,96,,80,80,6,9,7,8,0.2,0.4
2024-02-11T1600,1611A,118.5819,24.9117,泉州市,涂山街,,36,30,63,24,56,114,,90,90,5,10,3,4,0.6,0.8
2024-02-11T1600,1612A,118.5972,24.8978,泉州市,津头埔,,33,25,63,23,56,103,,82,82,7,12,4,5,0.5,0.7
2024-02-11T1600,1613A,118.6663,24.9424,泉州市,万安,,36,35,60,25,49,115,,95,95,5,8,3,3,0.4,0.5
2024-02-11T1600,1614A,118.6117,24.9604,泉州市,清源山,,,,,,,,,,,,,,,,
2024-02-11T1600,3529A,118.6333,24.9264,泉州市,城华南路,,35,28,53,23,46,109,,90,90,1,4,4,5,0.6,0.6
2024-02-11T1600,2626A,88.8876,29.2718,日喀则市,日喀则监测站,,31,,28,8,28,99,,71,71,4,22,5,5,0.4,0.8
2024-02-11T1600,3726A,88.8781,29.2426,日喀则市,林业技术推广中心,,30,11,17,1,10,93,,70,70,3,8,7,7,0.4,0.5
2024-02-11T1600,1659A,119.471,35.4209,日照市,监测站,细颗粒物(PM2.5),98,119,189,73,153,129,,98,98,18,44,13,18,0.8,1.6
2024-02-11T1600,1660A,119.523,35.4216,日照市,市政府广场,细颗粒物(PM2.5),88,114,169,65,134,123,,106,106,15,34,12,15,0.9,1.4
2024-02-11T1600,1661A,119.5587,35.4044,日照市,港务局,颗粒物(PM10),89,127,193,64,145,129,,100,100,17,45,12,11,0.7,1.3
2024-02-11T1600,3507A,119.5328,35.4625,日照市,职业技术学院,细颗粒物(PM2.5),83,112,169,61,130,122,,105,105,20,29,12,14,0.9,1.4
2024-02-11T1600,3604A,119.3266,35.1044,日照市,岚山环保分局,细颗粒物(PM2.5),119,149,219,90,180,127,,113,113,17,37,18,26,1.1,2.3
2024-02-11T1600,1835A,111.1922,34.7752,三门峡市,市政府,颗粒物(PM10),67,83,152,30,46,98,,75,75,7,17,8,10,0.4,0.6
2024-02-11T1600,1836A,111.1587,34.7942,三门峡市,开发区,颗粒物(PM10),75,99,178,32,54,98,,71,71,11,18,6,7,0.5,0.7
2024-02-11T1600,1838A,111.143,34.7955,三门峡市,风景区,,,,,,,,,,,,,,,,
2024-02-11T1600,3039A,111.1911,34.7829,三门峡市,三门峡市第一小学,颗粒物(PM10),87,123,163,31,45,99,,76,76,12,19,4,5,0.4,0.6
2024-02-11T1600,3598A,111.1,34.7167,三门峡市,富达温泉假日酒店,颗粒物(PM10),68,86,174,27,56,98,,70,70,18,21,6,11,0.7,1
2024-02-11T1600,2324A,117.6211,26.2625,三明市,三钢,,29,27,43,17,35,92,,53,53,2,11,5,10,0.1,1
2024-02-11T1600,2325A,117.635,26.2714,三明市,三明二中,,40,40,50,18,40,95,,54,54,7,16,6,11,0.4,1.4
2024-02-11T1600,2326A,117.6028,26.2378,三明市,三元区政府,,31,28,44,17,32,97,,53,53,4,12,6,10,0.5,1.4
2024-02-11T1600,2327A,117.7275,26.3108,三明市,洋溪,,,,,,,,,,,,,,,,
2024-02-11T1600,1876A,109.5078,18.2489,三亚市,河东子站,,32,25,17,22,13,81,,68,68,6,6,5,4,0.6,0.7
2024-02-11T1600,1877A,109.4964,18.2681,三亚市,河西子站,,32,25,18,22,15,80,,62,62,4,5,4,4,0.7,0.8
2024-02-11T1600,3540A,109.7348,18.3443,三亚市,君悦子站,,40,40,25,20,16,83,,76,76,6,5,4,4,0.6,0.6
2024-02-11T1600,2624A,91.7608,29.2313,山南市,山南监测站,,30,9,14,4,6,94,,80,80,2,4,5,5,0.3,0.3
2024-02-11T1600,2625A,91.7706,29.2436,山南市,山南人民医院,,29,6,16,1,7,91,,79,79,3,5,4,4,0.2,0.2
2024-02-11T1600,1674A,116.6794,23.3667,汕头市,金平子站,,44,44,77,23,69,113,,87,87,2,7,7,8,0.7,0.9
2024-02-11T1600,1675A,116.7244,23.3633,汕头市,龙湖子站,,35,34,62,24,50,104,,81,81,8,12,8,9,0.7,0.9
2024-02-11T1600,1676A,116.7258,23.2775,汕头市,濠江子站,,39,39,72,21,72,106,,86,86,6,11,9,10,0.6,0.9
2024-02-11T1600,1677A,116.7519,23.4714,汕头市,澄海子站,,44,44,62,20,62,112,,84,84,9,12,8,8,0.4,0.7
2024-02-11T1600,1678A,116.6092,23.2539,汕头市,潮阳子站,,37,37,73,21,80,96,,73,73,4,13,10,10,1.0,1.2
2024-02-11T1600,3444A,116.454,23.2684,汕头市,潮南峡山,,39,31,91,27,70,111,,82,82,6,11,10,10,0.5,0.8
2024-02-11T1600,3624A,116.4069,23.2533,汕头市,潮南子站,,44,44,135,30,107,104,,74,74,2,7,9,10,0.7,0.9
2024-02-11T1600,1693A,115.3653,22.775,汕尾市,市环保局,,46,46,41,30,52,112,,83,83,4,7,9,9,0.6,0.7
2024-02-11T1600,1694A,115.3706,22.7898,汕尾市,市政府,细颗粒物(PM2.5),53,46,51,37,46,114,,82,82,3,5,6,5,0.6,0.6
2024-02-11T1600,1695A,115.3622,22.7925,汕尾市,新城中学,,46,46,56,29,47,109,,81,81,5,7,7,6,0.5,0.6
2024-02-11T1600,2645A,109.9154,33.8715,商洛市,监测站,颗粒物(PM10),69,88,116,36,38,89,,71,71,11,8,9,7,0.5,0.4
2024-02-11T1600,3045A,109.9643,33.8471,商洛市,商州区中学,颗粒物(PM10),77,104,119,32,33,96,,74,74,8,10,8,6,0.4,0.4
2024-02-11T1600,2408A,115.6702,34.4285,商丘市,环境监测站,颗粒物(PM10),103,155,464,56,414,,,79,79,5,30,10,16,0.4,1.4
2024-02-11T1600,2409A,115.6458,34.4045,商丘市,粮食局,颗粒物(PM10),104,157,404,56,342,109,,84,84,2,28,12,18,0.4,1.2
2024-02-11T1600,2410A,115.6293,34.3948,商丘市,睢阳区环保局,,,,371,,309,,,70,70,,32,,15,,1.2
2024-02-11T1600,3171A,115.6071,34.4465,商丘市,梁园区档案局,颗粒物(PM10),120,189,348,63,275,110,,86,86,10,28,10,13,0.2,0.9
2024-02-11T1600,1141A,121.4,31.238,上海市,普陀,颗粒物(PM10),74,97,99,42,71,115,,92,92,12,33,7,8,0.6,0.9
2024-02-11T1600,1142A,121.478,31.2036,上海市,十五厂,颗粒物(PM10),71,92,98,44,79,112,,92,92,10,40,8,9,0.6,1
2024-02-11T1600,1143A,121.467,31.3008,上海市,虹口,颗粒物(PM10),71,92,102,51,80,113,,95,95,14,48,6,8,0.6,1
2024-02-11T1600,1144A,121.412,31.1654,上海市,徐汇上师大,颗粒物(PM10),70,90,96,46,75,121,,98,98,16,30,10,9,0.4,0.7
2024-02-11T1600,1145A,121.536,31.2659,上海市,杨浦四漂,,,97,99,32,64,124,,107,107,10,39,,8,0.7,1.2
2024-02-11T1600,1147A,121.425,31.2261,上海市,静安监测站,颗粒物(PM10),68,85,94,45,72,116,,94,94,19,37,9,9,0.5,0.8
2024-02-11T1600,1148A,121.703,31.1907,上海市,浦东川沙,细颗粒物(PM2.5),77,102,135,56,110,119,,99,99,19,40,9,9,0.7,0.9
2024-02-11T1600,1149A,121.533,31.2284,上海市,浦东新区监测站,颗粒物(PM10),68,86,95,47,68,113,,95,95,20,32,8,10,0.6,1
2024-02-11T1600,1150A,121.577,31.2071,上海市,浦东张江,细颗粒物(PM2.5),74,88,104,54,77,104,,92,92,7,26,7,7,0.8,1.1
2024-02-11T1600,3265A,121.4316,31.3322,上海市,宝山庙行,颗粒物(PM10),75,100,100,49,79,113,,94,94,11,29,7,8,0.7,1
2024-02-11T1600,3266A,121.8791,31.4662,上海市,崇明上实东滩,细颗粒物(PM2.5),115,131,132,87,113,129,,104,104,11,31,10,8,1.0,1
2024-02-11T1600,3268A,121.3162,31.2838,上海市,嘉定南翔,颗粒物(PM10),71,92,146,42,96,114,,94,94,7,43,10,13,0.6,0.9
2024-02-11T1600,3269A,121.3359,30.7456,上海市,金山新城,颗粒物(PM10),61,72,90,42,72,112,,100,100,9,17,9,9,0.6,0.8
2024-02-11T1600,3270A,121.4996,31.0739,上海市,闵行浦江,颗粒物(PM10),70,90,125,50,97,122,,99,99,11,27,10,10,0.6,0.9
2024-02-11T1600,3271A,121.2886,31.1663,上海市,青浦徐泾,细颗粒物(PM2.5),74,95,105,54,80,123,,99,99,9,28,8,7,0.7,0.9
2024-02-11T1600,3272A,121.2186,31.0378,上海市,松江图书馆,细颗粒物(PM2.5),67,79,120,48,90,116,,95,95,12,24,8,8,0.5,0.8
2024-02-11T1600,3273A,121.3902,31.2059,上海市,长宁仙霞,颗粒物(PM10),72,94,104,41,73,117,,92,92,12,41,8,8,0.7,1
2024-02-11T1600,3274A,121.7965,31.0507,上海市,浦东惠南,细颗粒物(PM2.5),75,94,120,55,95,123,,100,100,13,36,8,8,0.8,1.1
2024-02-11T1600,3544A,121.4891,30.925,上海市,奉贤南桥新城,颗粒物(PM10),66,82,103,43,79,116,,100,100,12,21,9,9,0.7,0.9
2024-02-11T1600,2381A,118.005,28.4572,上饶市,百草园,,,66,79,32,61,103,,74,74,3,6,4,8,,
2024-02-11T1600,2382A,117.9756,28.4436,上饶市,市监测站,颗粒物(PM10),56,61,92,33,67,104,,71,71,4,8,6,10,0.6,0.8
2024-02-11T1600,2383A,117.9519,28.4628,上饶市,凤凰光学,颗粒物(PM10),62,74,89,34,66,102,,74,74,2,11,4,6,0.5,0.9
2024-02-11T1600,3413A,118.1953,28.4401,上饶市,广丰区教体局,颗粒物(PM10),60,69,100,30,70,99,,75,75,2,6,2,8,0.2,0.6
2024-02-11T1600,3685A,117.897,28.4315,上饶市,双创科技城,颗粒物(PM10),62,73,86,33,64,100,,72,72,4,10,4,8,0.5,0.8
2024-02-11T1600,1669A,113.5824,24.7733,韶关市,市八中,,37,37,71,25,52,86,,52,52,2,10,8,8,0.4,0.6
2024-02-11T1600,1671A,113.5917,24.7972,韶关市,园林处,,35,24,62,24,60,88,,51,51,1,13,8,8,0.5,0.7
2024-02-11T1600,1672A,113.6735,24.7791,韶关市,韶关学院,,39,30,45,27,42,94,,57,57,2,4,7,6,0.4,0.6
2024-02-11T1600,1673A,113.5971,24.6863,韶关市,曲江监测站,,,35,63,30,50,94,,76,76,,9,13,13,0.8,0.6
2024-02-11T1600,3622A,113.5556,24.8082,韶关市,碧湖山庄,,40,32,56,28,48,88,,52,52,2,4,9,9,0.3,0.4
2024-02-11T1600,2462A,111.5239,27.3033,邵阳市,市水土所,细颗粒物(PM2.5),87,84,85,64,82,96,,60,60,2,3,12,8,0.7,0.6
2024-02-11T1600,2463A,111.4733,27.2317,邵阳市,市一中,细颗粒物(PM2.5),87,74,190,64,158,115,,71,71,4,18,10,8,0.7,0.9
2024-02-11T1600,2464A,111.5283,27.2442,邵阳市,市化工厂,细颗粒物(PM2.5),82,70,128,60,109,111,,70,70,4,13,10,9,0.7,0.8
2024-02-11T1600,2465A,111.4503,27.2537,邵阳市,市罐头厂,细颗粒物(PM2.5),82,91,140,60,135,108,,68,68,6,13,11,10,0.6,0.8
2024-02-11T1600,2466A,111.4328,27.2272,邵阳市,市环保局,细颗粒物(PM2.5),85,78,109,63,105,109,,69,69,5,10,10,10,0.8,0.8
2024-02-11T1600,1247A,120.6053,29.9928,绍兴市,城东开发委,细颗粒物(PM2.5),58,63,80,41,65,120,,94,94,15,22,8,8,0.2,0.4
2024-02-11T1600,2921A,120.5483,30.0003,绍兴市,树下王站,细颗粒物(PM2.5),59,56,93,42,79,112,,92,92,2,14,8,8,0.5,0.7
2024-02-11T1600,3408A,120.5683,29.9361,绍兴市,绍兴中专,颗粒物(PM10),63,76,63,35,39,112,,90,90,6,7,5,4,0.6,0.7
2024-02-11T1600,3409A,120.4906,30.0861,绍兴市,柯桥区政府,颗粒物(PM10),52,53,99,30,74,111,,90,90,4,13,6,7,0.6,0.8
2024-02-11T1600,3410A,120.8752,30.0249,绍兴市,重华小学,细颗粒物(PM2.5),67,60,68,48,65,111,,86,86,4,6,8,8,0.2,0.4
2024-02-11T1600,3411A,120.8369,30.0137,绍兴市,上虞中学,细颗粒物(PM2.5),63,59,69,45,66,116,,88,88,9,12,7,6,0.6,0.7
2024-02-11T1600,3560A,120.4722,30.0415,绍兴市,柯桥妇保,颗粒物(PM10),54,57,75,37,70,109,,88,88,6,16,7,7,0.4,0.6
2024-02-11T1600,3658A,120.6153,30.0764,绍兴市,袍江中学,颗粒物(PM10),55,60,99,35,80,119,,98,98,5,14,8,8,0.6,0.9
2024-02-11T1600,1356A,114.1063,22.5545,深圳市,通心岭子站,,35,28,73,21,65,109,,88,88,2,13,4,4,0.2,0.5
2024-02-11T1600,1357A,114.117,22.5625,深圳市,洪湖,,38,30,73,26,58,104,,84,84,3,19,7,7,0.4,0.7
2024-02-11T1600,1358A,113.987,22.5417,深圳市,华侨城,,32,21,52,19,50,101,,79,79,2,10,4,5,0.4,0.7
2024-02-11T1600,1359A,113.9181,22.5171,深圳市,南海子站,,35,26,101,19,89,110,,86,86,4,25,5,6,0.5,0.9
2024-02-11T1600,1360A,114.2458,22.5689,深圳市,盐田,,33,26,32,20,29,103,,74,74,12,17,3,2,0.4,0.6
2024-02-11T1600,1361A,114.2283,22.7244,深圳市,龙岗,,32,32,83,22,69,100,,82,82,2,8,4,4,0.6,0.8
2024-02-11T1600,1363A,114.494,22.5422,深圳市,南澳,,35,30,34,24,26,103,,88,88,2,2,5,5,0.4,0.6
2024-02-11T1600,1364A,114.41,22.6342,深圳市,葵涌,,,,55,24,53,104,,88,88,8,10,2,3,,0.6
2024-02-11T1600,1365A,114.297,22.5978,深圳市,梅沙,,37,37,35,22,26,102,,89,89,8,5,4,4,0.5,0.6
2024-02-11T1600,1366A,114.0678,22.738,深圳市,观澜,,32,28,84,21,71,101,,79,79,2,7,4,5,0.4,0.6
2024-02-11T1600,3305A,114.0731,22.559,深圳市,莲花,,32,23,64,17,57,102,,86,86,4,16,7,6,0.3,0.6
2024-02-11T1600,3306A,114.0261,22.6198,深圳市,民治,,30,26,69,21,57,95,,78,78,4,15,2,2,0.4,0.7
2024-02-11T1600,3307A,114.1871,22.6451,深圳市,横岗,,33,27,69,23,60,102,,84,84,4,14,2,2,0.1,0.4
2024-02-11T1600,3447A,114.3551,22.7151,深圳市,坪山,,38,35,68,26,57,101,,83,83,3,9,5,4,0.5,0.7
2024-02-11T1600,3623A,113.8953,22.5861,深圳市,西乡,,31,22,67,14,49,99,,78,78,2,10,8,9,0.3,0.6
2024-02-11T1600,1098A,123.6836,41.9339,沈阳市,森林路,,,,,,,,,,,,,,,,
2024-02-11T1600,1099A,123.505,41.7406,沈阳市,浑南东路,,26,13,72,3,47,81,,68,68,20,35,18,18,0.4,0.9
2024-02-11T1600,1100A,123.4231,41.6989,沈阳市,新秀街,,32,29,70,22,57,80,,71,71,15,26,12,15,0.6,1
2024-02-11T1600,1102A,123.5903,41.8411,沈阳市,东陵路,,36,35,78,25,72,86,,70,70,12,24,12,14,0.4,1
2024-02-11T1600,1103A,123.4264,41.8467,沈阳市,陵东街,,30,29,64,21,52,83,,73,73,12,38,10,21,0.4,0.9
2024-02-11T1600,1104A,123.4114,41.7653,沈阳市,文化路,,33,33,67,23,54,80,,71,71,20,23,10,12,0.4,0.8
2024-02-11T1600,1105A,123.4678,41.7867,沈阳市,小河沿,,34,34,78,20,58,81,,69,69,14,28,10,15,0.6,1.1
2024-02-11T1600,1106A,123.4017,41.7972,沈阳市,太原街,,43,43,80,23,60,74,,69,69,21,30,21,22,0.7,1.2
2024-02-11T1600,1108A,123.3783,41.9228,沈阳市,京沈街,,34,34,75,23,66,93,,81,81,6,27,6,20,0.5,0.9
2024-02-11T1600,2897A,123.2444,41.7347,沈阳市,沈辽西路,,37,37,98,18,69,89,,76,76,6,20,7,14,0.6,1.2
2024-02-11T1600,2900A,123.5953,41.9086,沈阳市,裕农路,,38,34,71,26,59,90,,77,77,9,23,9,15,0.4,0.9
2024-02-11T1600,2428A,111.0419,32.395,十堰市,武当山,颗粒物(PM10),56,62,62,25,24,84,,81,79,9,6,12,14,0.9,0.7
2024-02-11T1600,2429A,110.78,32.6494,十堰市,滨河新村,颗粒物(PM10),64,78,98,45,55,85,,56,56,15,27,8,9,0.4,0.7
2024-02-11T1600,2430A,110.7258,32.6389,十堰市,刘家沟,颗粒物(PM10),70,90,77,32,38,92,,63,63,6,9,8,8,0.7,0.8
2024-02-11T1600,2431A,110.8839,32.5714,十堰市,铁二处,颗粒物(PM10),57,64,79,32,48,88,,61,61,5,14,8,7,0.5,0.6
2024-02-11T1600,3545A,110.8054,32.8401,十堰市,郧阳区金沙路,"颗粒物(PM10),细颗粒物(PM2.5)",63,76,69,45,44,90,,66,66,7,11,4,5,0.6,0.7
2024-02-11T1600,2709A,86.0497,44.2967,石河子市,艾青诗歌馆,细颗粒物(PM2.5),297,312,285,247,200,88,,73,73,47,42,13,8,2.0,2.2
2024-02-11T1600,2710A,86.0697,44.3075,石河子市,阳光学校,细颗粒物(PM2.5),292,321,273,242,204,81,,64,64,55,55,15,9,2.0,2.2
2024-02-11T1600,3442A,86.047,44.2331,石河子市,南区管委会,细颗粒物(PM2.5),206,204,192,156,145,114,,108,108,34,24,6,4,1.5,1.3
2024-02-11T1600,1029A,114.4422,38.0444,石家庄市,职工医院,,43,43,135,22,113,104,,88,88,6,22,5,10,0.4,0.8
2024-02-11T1600,1030A,114.6063,38.0266,石家庄市,高新区,,38,38,148,20,114,103,,79,79,6,20,4,8,0.4,0.9
2024-02-11T1600,1031A,114.4898,38.1328,石家庄市,西北水源,,32,29,144,20,118,102,,72,72,15,22,5,8,0.4,0.9
2024-02-11T1600,1032A,114.4586,38.0058,石家庄市,西南高教,,42,42,162,22,117,101,,80,80,7,25,7,13,0.3,0.8
2024-02-11T1600,1033A,114.5331,38.0178,石家庄市,世纪公园,颗粒物(PM10),51,51,166,18,136,104,,79,79,7,19,4,8,0.4,1
2024-02-11T1600,1034A,114.509,38.0457,石家庄市,人民会堂,,33,30,141,20,118,105,,85,85,6,17,5,10,0.5,0.8
2024-02-11T1600,1035A,114.3524,37.8911,石家庄市,封龙山,,45,45,78,13,36,97,,88,88,5,5,5,6,0.6,0.5
2024-02-11T1600,2862A,114.5481,38.0378,石家庄市,22中南校区,,42,42,159,13,122,103,,80,80,10,23,6,12,0.5,0.9
2024-02-11T1600,3456A,114.289,38.0906,石家庄市,鹿泉一中,,39,39,103,16,65,105,,91,91,19,18,5,8,0.4,0.6
2024-02-11T1600,3573A,114.8506765,38.0322033,石家庄市,藁城区实验学校,颗粒物(PM10),52,53,151,23,120,113,,87,87,3,21,5,11,0.4,0.9
2024-02-11T1600,3574A,114.0504658,38.0591645,石家庄市,井陉矿区区委大楼,,34,34,90,7,46,106,,86,86,9,20,8,14,0.3,0.5
2024-02-11T1600,4024A,114.6549,37.9020,石家庄市,栾城区星河路,颗粒物(PM10),58,65,177,18,140,109,,86,86,2,22,5,14,1.2,1.2
2024-02-11T1600,1947A,106.3394,38.817,石嘴山市,沙湖旅游区,细颗粒物(PM2.5),57,61,71,40,33,102,,64,64,12,18,14,17,0.5,0.9
2024-02-11T1600,1948A,106.3668,39.0145,石嘴山市,大武口朝阳西街,细颗粒物(PM2.5),89,92,99,66,52,86,,57,57,20,26,106,34,1.6,1
2024-02-11T1600,1949A,106.7704,39.2282,石嘴山市,惠农南大街,颗粒物(PM10),58,65,58,30,27,85,,62,62,15,21,23,21,0.8,0.7
2024-02-11T1600,1950A,106.7099,39.1325,石嘴山市,红果子镇惠新街,颗粒物(PM10),66,82,58,38,29,91,,65,65,22,17,25,21,0.7,0.5
2024-02-11T1600,3520A,106.3495,38.9836,石嘴山市,妇女儿童医院,细颗粒物(PM2.5),68,80,64,49,35,87,,60,60,17,21,30,21,1.2,0.8
2024-02-11T1600,3521A,106.7492,39.2069,石嘴山市,石大公路,颗粒物(PM10),61,72,68,38,42,84,,58,58,15,32,15,16,0.7,0.8
2024-02-11T1600,2248A,131.1511,46.6937,双鸭山市,双合村,细颗粒物(PM2.5),105,132,160,79,106,104,,101,101,18,19,22,21,0.9,1
2024-02-11T1600,2249A,131.1652,46.6191,双鸭山市,南小市,细颗粒物(PM2.5),92,70,137,68,128,92,,96,91,10,19,10,13,0.6,0.9
2024-02-11T1600,2250A,131.1524,46.6554,双鸭山市,环保局,细颗粒物(PM2.5),92,95,148,68,125,93,,106,99,18,20,12,15,0.7,0.9
2024-02-11T1600,2251A,131.12,46.5656,双鸭山市,苗圃,颗粒物(PM10),54,58,122,20,115,127,,145,130,11,15,6,9,0.4,0.7
2024-02-11T1600,2166A,112.4397,39.3522,朔州市,平朔,,33,18,60,11,34,104,,78,78,4,16,8,16,0.3,0.5
2024-02-11T1600,2167A,112.4575,39.3617,朔州市,朔唯,,33,26,58,12,23,103,,78,78,3,12,6,16,0.4,0.6
2024-02-11T1600,2168A,112.4258,39.3197,朔州市,区政府,,34,23,72,9,40,106,,81,81,1,14,7,17,0.5,0.7
2024-02-11T1600,2169A,112.4072,39.3278,朔州市,市环保局,,36,23,73,6,38,113,,85,85,4,17,8,20,0.8,0.8
2024-02-11T1600,2170A,112.4272,39.3681,朔州市,市二中,,35,27,57,9,24,109,,82,82,5,14,7,15,0.4,0.5
2024-02-11T1600,3571A,112.2931,39.53,朔州市,一水厂,,37,31,50,13,23,116,,101,101,4,6,11,11,0.4,0.4
2024-02-11T1600,2225A,124.4002,43.1713,四平市,一商场,,50,50,100,21,68,100,,96,96,8,15,7,11,0.1,0.5
2024-02-11T1600,2226A,124.388,43.193,四平市,境园,,40,38,83,28,74,95,,90,90,3,13,7,12,0.3,0.6
2024-02-11T1600,3486A,124.4036,43.1411,四平市,植物园,颗粒物(PM10),61,71,98,35,77,85,,86,86,19,23,7,10,0.2,0.7
2024-02-11T1600,3713A,124.3419,43.1666,四平市,世纪城,,30,30,94,15,74,96,,90,90,2,10,5,10,0.2,0.6
2024-02-11T1600,2233A,124.8006,45.1214,松原市,江南,,38,38,64,19,53,83,,74,74,2,3,8,9,0.3,0.4
2024-02-11T1600,2234A,124.7965,45.1722,松原市,江北,,28,22,51,17,50,87,,77,77,7,10,5,7,0.3,0.5
2024-02-11T1600,1160A,120.561,31.2472,苏州市,上方山,细颗粒物(PM2.5),85,86,81,63,73,120,,98,98,5,8,8,7,0.8,0.9
2024-02-11T1600,1162A,120.591,31.3019,苏州市,彩香,细颗粒物(PM2.5),82,87,130,60,116,107,,90,90,6,26,8,9,0.8,1
2024-02-11T1600,1163A,120.596,31.3264,苏州市,轧钢厂,细颗粒物(PM2.5),74,94,149,54,115,114,,95,95,2,28,10,10,0.8,1.2
2024-02-11T1600,1164A,120.613,31.2703,苏州市,吴中区,"颗粒物(PM10),细颗粒物(PM2.5)",65,80,114,47,91,114,,97,97,7,25,9,10,0.6,0.9
2024-02-11T1600,1165A,120.543,31.2994,苏州市,苏州新区,细颗粒物(PM2.5),82,91,120,60,99,118,,99,99,3,21,6,7,0.8,0.9
2024-02-11T1600,1166A,120.669,31.3097,苏州市,苏州工业园区,颗粒物(PM10),74,98,124,51,96,113,,95,95,1,19,10,11,0.6,0.8
2024-02-11T1600,1167A,120.641,31.3708,苏州市,相城区,颗粒物(PM10),67,83,111,43,88,115,,100,100,2,15,9,10,0.5,0.8
2024-02-11T1600,3289A,120.743,31.3188,苏州市,方洲路,颗粒物(PM10),61,71,110,40,90,112,,98,98,1,16,8,8,0.6,0.9
2024-02-11T1600,3290A,120.5031,31.2774,苏州市,木渎中学,细颗粒物(PM2.5),83,79,83,61,74,121,,102,102,10,12,10,10,0.8,0.9
2024-02-11T1600,3425A,120.624,31.1733,苏州市,越秀幼儿园,颗粒物(PM10),70,90,104,46,92,117,,96,96,1,14,7,7,0.7,0.9
2024-02-11T1600,3431A,120.6505,31.416,苏州市,高铁新城,"颗粒物(PM10),细颗粒物(PM2.5)",69,87,103,50,83,117,,98,98,6,15,8,8,0.5,0.7
2024-02-11T1600,1220A,118.293,33.9528,宿迁市,宿迁学院,颗粒物(PM10),71,91,359,48,291,109,,85,85,20,31,3,5,0.1,0.9
2024-02-11T1600,1221A,118.2442,33.9592,宿迁市,宿迁中学,细颗粒物(PM2.5),74,87,368,54,322,100,,80,80,11,27,7,8,0.6,1.1
2024-02-11T1600,2996A,118.283,33.965,宿迁市,市供电局,颗粒物(PM10),69,88,346,49,299,105,,87,87,10,25,7,7,0.6,1.2
2024-02-11T1600,3191A,118.3225,33.9447,宿迁市,宿豫区政府,颗粒物(PM10),77,104,346,52,293,106,,87,87,13,34,7,7,0.7,1.2
2024-02-11T1600,3187A,116.9509,33.666,宿州市,远航博物馆,颗粒物(PM10),78,106,232,53,185,116,,77,77,9,18,7,9,0.5,0.9
2024-02-11T1600,3463A,116.9708,33.591,宿州市,社会福利中心,颗粒物(PM10),76,101,208,51,158,115,,76,76,9,15,5,6,0.5,1
2024-02-11T1600,3634A,116.9884,33.6305,宿州市,宿州学院,颗粒物(PM10),81,112,274,58,193,111,,75,75,8,21,9,10,0.7,1.1
2024-02-11T1600,3701A,116.9648,33.6252,宿州市,皖北煤电集团,颗粒物(PM10),79,108,234,53,195,113,,74,74,5,20,7,9,0.5,1.1
2024-02-11T1600,2266A,126.9785,46.6365,绥化市,人和东街,细颗粒物(PM2.5),148,139,268,113,232,114,,96,96,21,27,13,13,1.0,1.5
2024-02-11T1600,2267A,126.964,46.6528,绥化市,党政办公中心,细颗粒物(PM2.5),160,128,246,122,231,123,,103,103,19,25,14,17,0.9,1.3
2024-02-11T1600,2451A,113.3583,31.7275,随州市,市委党校,颗粒物(PM10),71,91,168,50,142,102,,59,59,2,14,7,8,0.5,1
2024-02-11T1600,2452A,113.3833,31.6908,随州市,市林业局,颗粒物(PM10),72,94,156,51,134,102,,61,61,2,10,8,9,0.6,1
2024-02-11T1600,2453A,113.3983,31.7308,随州市,市立交桥水厂,颗粒物(PM10),71,92,154,50,134,101,,60,60,8,15,10,10,0.7,1
2024-02-11T1600,2527A,105.5453,30.5678,遂宁市,石溪浩,细颗粒物(PM2.5),73,68,96,53,75,111,,65,65,5,11,7,6,0.7,0.8
2024-02-11T1600,2528A,105.5582,30.5232,遂宁市,市监测站,细颗粒物(PM2.5),63,67,94,45,74,104,,60,60,7,29,10,10,0.6,0.7
2024-02-11T1600,2529A,105.5861,30.5366,遂宁市,行政中心,细颗粒物(PM2.5),64,74,83,46,68,106,,65,65,3,13,8,8,0.7,0.8
2024-02-11T1600,2530A,105.5918,30.4728,遂宁市,美宁食品公司,细颗粒物(PM2.5),60,60,88,43,62,105,,62,62,5,21,9,9,0.7,0.8
2024-02-11T1600,2706A,82.9994,46.7432,塔城地区,东门外小游园,,25,25,30,15,15,62,,54,54,4,6,4,4,0.0,0.4
2024-02-11T1600,1255A,121.273,28.6459,台州市,黄岩环保大楼,细颗粒物(PM2.5),57,58,77,40,63,102,,83,83,6,10,6,6,0.5,0.6
2024-02-11T1600,1256A,121.419,28.6542,台州市,台州环保大楼,细颗粒物(PM2.5),79,67,88,58,71,108,,88,88,3,7,6,5,0.4,0.5
2024-02-11T1600,1257A,121.377,28.5773,台州市,路桥田洋王,细颗粒物(PM2.5),74,57,71,54,68,103,,86,86,8,14,5,6,0.5,0.6
2024-02-11T1600,3564A,121.2568,28.6681,台州市,台州科技职业学院,细颗粒物(PM2.5),63,61,67,45,55,102,,82,82,8,10,6,5,0.4,0.4
2024-02-11T1600,1081A,112.522,37.8873,太原市,尖草坪,颗粒物(PM10),53,55,96,27,47,107,,74,74,11,19,11,11,0.2,0.5
2024-02-11T1600,1083A,112.434,38.0108,太原市,上兰,,,,,,,,,,,,,,,,
2024-02-11T1600,1084A,112.469,37.7124,太原市,晋源,颗粒物(PM10),54,57,130,28,62,115,,72,72,9,26,14,15,0.5,0.8
2024-02-11T1600,1085A,112.5583,37.7394,太原市,小店,颗粒物(PM10),56,62,134,31,60,127,,82,82,9,22,13,18,0.5,0.9
2024-02-11T1600,1086A,112.5369,37.8692,太原市,桃园,颗粒物(PM10),53,56,121,24,60,111,,77,77,9,18,10,12,0.4,0.6
2024-02-11T1600,1087A,112.57,37.8195,太原市,坞城,颗粒物(PM10),52,54,119,25,64,114,,83,83,14,22,12,19,0.3,0.7
2024-02-11T1600,1088A,112.549,37.9854,太原市,南寨,颗粒物(PM10),56,62,91,24,35,107,,73,73,14,16,16,13,1.2,1
2024-02-11T1600,3618A,112.4719,37.7831,太原市,金胜,,49,49,91,19,41,113,,78,78,9,12,12,11,0.4,0.5
2024-02-11T1600,4010A,112.5608,37.8807,太原市,育英中学,,42,42,105,20,54,110,,81,81,12,21,10,14,0.5,0.8
2024-02-11T1600,1656A,117.1437,36.1937,泰安市,监测站,细颗粒物(PM2.5),149,180,149,114,109,118,,86,86,15,32,14,18,1.1,1.2
2024-02-11T1600,1657A,117.0885,36.2017,泰安市,人口学校,细颗粒物(PM2.5),169,161,128,128,100,113,,79,79,14,27,16,17,1.2,1.1
2024-02-11T1600,1658A,117.1089,36.1758,泰安市,电力学校,细颗粒物(PM2.5),192,168,161,144,130,120,,85,85,21,47,17,21,0.7,0.9
2024-02-11T1600,3502A,117.1812,36.2275,泰安市,国网新校,细颗粒物(PM2.5),147,164,108,112,81,135,,99,99,12,13,15,14,1.2,1.1
2024-02-11T1600,3503A,117.0313,36.2018,泰安市,交通技校,细颗粒物(PM2.5),176,171,106,133,87,128,,91,91,9,16,13,12,1.0,0.9
2024-02-11T1600,3504A,117.0829,36.13,泰安市,山东第一医科大学,细颗粒物(PM2.5),190,183,123,143,99,128,,94,94,10,17,15,18,0.7,0.8
2024-02-11T1600,1206A,119.905,32.4878,泰州市,公园路,细颗粒物(PM2.5),117,144,164,88,123,132,,97,97,19,20,10,10,0.7,1
2024-02-11T1600,1207A,119.9189,32.4625,泰州市,莲花,,,125,145,70,112,127,,99,99,,20,8,9,0.5,0.8
2024-02-11T1600,1209A,119.888,32.4639,泰州市,留学生创业园,细颗粒物(PM2.5),99,117,160,74,115,128,,100,100,9,14,8,9,0.7,1
2024-02-11T1600,2997A,119.8767,32.3289,泰州市,王营,细颗粒物(PM2.5),132,138,156,100,129,130,,99,99,21,37,14,11,1.0,0.9
2024-02-11T1600,3295A,120.1259,32.5099,泰州市,姜堰区政府广场,细颗粒物(PM2.5),105,129,163,79,134,132,,105,105,12,17,12,14,0.7,1
2024-02-11T1600,3435A,119.9192,32.4322,泰州市,周山河街区,细颗粒物(PM2.5),113,122,143,85,116,130,,102,102,18,20,10,10,0.8,0.9
2024-02-11T1600,1037A,118.131,39.6363,唐山市,雷达站,颗粒物(PM10),56,61,107,28,83,94,,84,84,8,18,1,6,0.4,0.7
2024-02-11T1600,1038A,118.1725,39.6334,唐山市,物资局,颗粒物(PM10),53,56,98,34,76,91,,81,81,5,16,1,6,0.4,0.8
2024-02-11T1600,1040A,118.1705,39.6506,唐山市,十二中,颗粒物(PM10),56,61,99,35,69,96,,87,87,2,7,3,6,0.4,0.7
2024-02-11T1600,1041A,118.1869,39.622,唐山市,小山,,47,47,93,18,68,90,,80,80,7,14,1,6,0.4,0.7
2024-02-11T1600,3457A,118.4359,39.2762,唐山市,冀东油田职工医院,细颗粒物(PM2.5),98,102,94,73,76,94,,83,83,14,15,22,13,1.1,0.8
2024-02-11T1600,3575A,118.09279,39.58089,唐山市,正泰大街热力站,,50,50,108,35,85,94,,82,82,3,11,2,6,0.5,0.8
2024-02-11T1600,3576A,118.1562,39.8322,唐山市,丰润区政府,颗粒物(PM10),55,59,115,28,92,92,,71,71,5,16,2,6,0.4,0.9
2024-02-11T1600,3577A,118.43673,39.73809,唐山市,金山小学,颗粒物(PM10),57,63,115,24,82,88,,76,76,2,20,3,5,0.4,0.9
2024-02-11T1600,3578A,118.24498,39.66941,唐山市,政府服务中心,细颗粒物(PM2.5),58,58,85,41,71,93,,79,79,2,10,3,8,0.4,0.7
2024-02-11T1600,3692A,118.2059,39.6585,唐山市,消防缸窑路中队,颗粒物(PM10),55,59,89,35,61,93,,82,82,4,10,3,6,0.2,0.6
2024-02-11T1600,3693A,118.1436,39.6202,唐山市,路南电大,,50,50,102,34,81,91,,80,80,13,17,3,6,0.4,0.7
2024-02-11T1600,1015A,117.1444,39.1661,天津市,勤俭道,细颗粒物(PM2.5),84,81,111,62,85,104,,81,81,7,15,7,12,0.6,0.7
2024-02-11T1600,1017A,117.237,39.1082,天津市,大直沽八号路,细颗粒物(PM2.5),57,55,116,40,86,95,,76,76,10,18,5,10,0.3,0.6
2024-02-11T1600,1018A,117.202,39.0927,天津市,前进道,细颗粒物(PM2.5),70,63,101,51,78,95,,77,77,10,19,6,11,0.3,0.5
2024-02-11T1600,1019A,117.1837,39.2133,天津市,淮河道,细颗粒物(PM2.5),64,63,112,46,85,103,,86,86,10,18,6,11,0.5,0.6
2024-02-11T1600,1021A,117.307,39.0877,天津市,跃进路,细颗粒物(PM2.5),62,65,130,44,99,106,,86,86,7,17,8,13,0.5,0.8
2024-02-11T1600,1023A,117.707,39.0343,天津市,第四大街,细颗粒物(PM2.5),133,145,139,101,102,99,,69,69,21,24,12,13,1.2,1.2
2024-02-11T1600,1024A,117.457,38.8394,天津市,永明路,细颗粒物(PM2.5),97,93,151,72,126,100,,84,84,13,22,11,12,0.5,1
2024-02-11T1600,1026A,117.764,39.1587,天津市,汉北路,细颗粒物(PM2.5),150,169,128,115,87,58,,67,66,48,24,14,13,1.1,1.1
2024-02-11T1600,1027A,117.157,38.9194,天津市,团泊洼,细颗粒物(PM2.5),79,67,106,58,88,115,,103,103,11,15,8,10,0.8,1
2024-02-11T1600,2858A,117.7918,39.2474,天津市,河西一经路,,46,44,113,32,90,98,,82,82,5,16,7,13,0.5,1
2024-02-11T1600,2859A,117.3747,38.9846,天津市,津沽路,细颗粒物(PM2.5),52,51,130,36,100,95,,78,78,6,17,4,13,0.4,0.8
2024-02-11T1600,2860A,117.1589,39.0845,天津市,宾水西道,细颗粒物(PM2.5),87,82,108,64,80,103,,80,80,9,19,6,8,0.5,0.7
2024-02-11T1600,2922A,117.1941,39.1067,天津市,大理道,,,64,100,47,76,104,,81,81,,18,6,10,0.3,0.6
2024-02-11T1600,3020A,117.2101,39.1699,天津市,中山北路,细颗粒物(PM2.5),67,60,96,48,76,94,,80,80,16,21,5,9,0.4,0.5
2024-02-11T1600,3051A,117.3876,39.1488,天津市,西四道,细颗粒物(PM2.5),65,68,100,47,73,98,,79,79,6,15,5,8,0.6,0.7
2024-02-11T1600,3325A,117.0365,39.3828,天津市,雍阳西道,细颗粒物(PM2.5),87,96,94,64,66,103,,83,83,14,15,6,6,0.3,0.4
2024-02-11T1600,3326A,117.0296,39.0605,天津市,辛老路,细颗粒物(PM2.5),72,69,104,52,71,103,,83,83,12,18,4,10,0.5,0.6
2024-02-11T1600,3327A,116.9638,38.9375,天津市,地纬路,细颗粒物(PM2.5),64,65,127,46,98,105,,85,85,3,13,5,11,0.5,0.6
2024-02-11T1600,3460A,117.4067,40.0583,天津市,北环路,,27,27,64,17,44,83,,68,68,8,13,4,5,0.2,0.4
2024-02-11T1600,3461A,117.3045,39.7169,天津市,建设路,细颗粒物(PM2.5),65,68,96,47,69,89,,76,76,11,15,6,8,0.3,0.3
2024-02-11T1600,3462A,117.8199,39.3521,天津市,滨水东路,,45,44,107,31,78,108,,90,90,9,18,3,8,0.2,0.7
2024-02-11T1600,2649A,106.0055,34.343,天水市,麦积山,,,,,,,,,,,,,,,,
2024-02-11T1600,2650A,105.7205,34.5786,天水市,公园小学,颗粒物(PM10),52,54,103,35,50,98,,60,60,4,15,13,17,0.5,0.8
2024-02-11T1600,2651A,105.8945,34.5538,天水市,麦积国土局,,34,34,71,21,29,99,,,,13,13,33,24,0.2,0.5
2024-02-11T1600,2216A,123.8139,42.3022,铁岭市,汇工街西,,30,29,86,16,67,93,,83,83,6,24,9,18,0.3,0.9
2024-02-11T1600,2217A,123.8649,42.2923,铁岭市,水上乐园,,45,45,88,22,69,96,,84,84,7,19,5,11,0.3,0.8
2024-02-11T1600,2218A,123.8486,42.2867,铁岭市,银州路东段,,43,36,92,30,79,95,,84,84,8,20,6,12,0.4,0.9
2024-02-11T1600,2219A,123.7153,42.2217,铁岭市,金沙江路北,,39,39,82,25,71,96,,82,82,11,24,12,17,0.2,0.7
2024-02-11T1600,2229A,125.9358,41.7173,通化市,光明,,40,40,89,17,64,92,,67,67,7,32,11,18,0.7,1.1
2024-02-11T1600,2230A,125.9446,41.7325,通化市,铁路,,35,35,74,18,52,102,,71,71,4,29,9,14,0.6,1
2024-02-11T1600,2191A,122.2532,43.6801,通辽市,艺术职业学校,,45,,46,31,22,88,,82,82,9,17,5,17,0.5,0.5
2024-02-11T1600,3706A,122.2584,43.6333,通辽市,老干部活动中心,,30,30,56,10,26,82,,77,77,11,16,7,11,0,0
2024-02-11T1600,3708A,122.2922,43.6189,通辽市,东方明珠社区,,32,25,66,22,41,84,,77,77,14,21,10,11,0.3,0.4
2024-02-11T1600,1922A,109.0656,35.0994,铜川市,党校,颗粒物(PM10),72,94,59,29,23,104,,80,80,10,6,10,8,0.5,0.5
2024-02-11T1600,1923A,109.0697,35.0697,铜川市,王益区政府,颗粒物(PM10),76,101,88,35,29,110,,73,73,10,20,9,7,0.6,0.6
2024-02-11T1600,1924A,108.9344,34.9058,铜川市,新区管委会,颗粒物(PM10),75,99,72,32,25,105,,79,79,8,10,10,8,0.5,0.4
2024-02-11T1600,3651A,108.9543,34.8732,铜川市,旺旺集团,颗粒物(PM10),81,111,76,32,25,110,,86,86,7,8,8,12,0.2,0.1
2024-02-11T1600,2285A,117.8177,30.9412,铜陵市,市第四中学,颗粒物(PM10),78,106,107,46,81,105,,82,82,7,16,18,17,0.6,0.9
2024-02-11T1600,2286A,117.8059,30.9273,铜陵市,市公路局,颗粒物(PM10),73,95,107,42,80,98,,77,77,9,18,9,10,0.6,0.9
2024-02-11T1600,2287A,117.7807,30.9413,铜陵市,市新民污水厂,颗粒物(PM10),72,94,113,31,68,110,,78,78,13,25,10,25,0.5,0.8
2024-02-11T1600,2288A,117.7439,30.8792,铜陵市,市第九中学,颗粒物(PM10),72,93,103,33,73,107,,76,76,17,26,5,9,0.5,0.9
2024-02-11T1600,2289A,117.846,30.9413,铜陵市,车站新区,颗粒物(PM10),76,101,112,35,72,109,,84,84,10,17,4,5,0.4,0.7
2024-02-11T1600,2290A,117.8483,30.97,铜陵市,市职教基地,颗粒物(PM10),74,98,113,37,75,91,,68,68,10,17,10,7,0.4,0.7
2024-02-11T1600,2585A,109.1839,27.7344,铜仁市,铜仁卫校,,46,43,91,32,71,77,,42,42,7,14,6,6,0.5,0.8
2024-02-11T1600,2586A,109.1753,27.6944,铜仁市,铜仁七中,,45,,77,31,79,82,,48,48,2,7,7,6,0.5,0.6
2024-02-11T1600,2686A,89.1904,42.9418,吐鲁番市,市环保局,颗粒物(PM10),98,146,164,58,72,114,,80,80,21,44,4,4,1.0,1.5
2024-02-11T1600,2687A,89.1673,42.9559,吐鲁番市,地区环保局,颗粒物(PM10),103,156,167,64,76,116,,71,71,24,36,8,8,1.1,1.4
2024-02-11T1600,1662A,122.1214,37.4236,威海市,华夏技校,细颗粒物(PM2.5),54,51,91,38,75,106,,102,102,11,18,5,5,0.5,0.6
2024-02-11T1600,1663A,122.0508,37.5236,威海市,山大分校,细颗粒物(PM2.5),119,115,108,90,85,130,,111,111,13,15,10,8,0.7,0.7
2024-02-11T1600,1664A,122.1067,37.5072,威海市,市监测站,细颗粒物(PM2.5),104,100,106,78,85,116,,103,103,13,16,10,8,0.7,0.7
2024-02-11T1600,1982A,122.0693,37.2174,威海市,文登开发区,,45,42,105,31,84,101,,90,90,2,17,7,8,0.2,1.1
2024-02-11T1600,3505A,122.1379,37.3414,威海市,临港区管委会,,,,92,53,74,103,,91,91,,18,,5,0.4,0.7
2024-02-11T1600,1650A,119.1437,36.7023,潍坊市,环保局,细颗粒物(PM2.5),79,90,153,58,123,120,,98,98,24,26,20,14,0.9,1.5
2024-02-11T1600,2877A,119.1641,36.6523,潍坊市,坊子邮政,细颗粒物(PM2.5),80,95,152,59,130,122,,101,101,14,23,17,13,0.7,1.2
2024-02-11T1600,3178A,119.0587,36.721,潍坊市,潍坊七中,细颗粒物(PM2.5),77,88,159,56,130,109,,86,86,18,25,17,12,0.9,1.5
2024-02-11T1600,3368A,119.1977,36.6872,潍坊市,高新实验学校,,,,,56,120,115,,96,96,13,21,16,11,0.6,1.1
2024-02-11T1600,3416A,119.1755,36.7149,潍坊市,潍坊学院,颗粒物(PM10),75,100,154,53,122,113,,95,95,13,21,17,12,0.8,1.5
2024-02-11T1600,3861A,119.2041,36.7699,潍坊市,寒亭区实验一小,细颗粒物(PM2.5),73,92,157,53,128,123,,104,104,27,28,19,15,0.7,1.4
2024-02-11T1600,1938A,109.5293,34.5101,渭南市,农科所,,,,,,,,,,,,,,,,
2024-02-11T1600,1939A,109.4974,34.4877,渭南市,日报社,颗粒物(PM10),84,117,119,46,39,110,,75,75,14,25,15,10,0.7,0.5
2024-02-11T1600,1940A,109.4636,34.493,渭南市,体育馆,颗粒物(PM10),91,132,133,39,36,112,,78,78,13,20,11,8,0.8,0.6
2024-02-11T1600,1941A,109.4259,34.5023,渭南市,高新一小,颗粒物(PM10),89,127,160,44,59,115,,78,78,8,19,13,11,0.7,0.7
2024-02-11T1600,1242A,120.634,28.0089,温州市,瓯海,,45,43,52,31,44,98,,73,73,8,12,7,8,0.4,0.5
2024-02-11T1600,1243A,120.6748,27.9939,温州市,南浦,,40,40,54,27,45,105,,77,77,4,11,6,6,0.5,0.6
2024-02-11T1600,1244A,120.76,27.9747,温州市,龙湾,,43,42,55,30,41,106,,78,78,4,11,6,6,0.4,0.5
2024-02-11T1600,1245A,120.6709,28.0167,温州市,市站,,42,41,55,29,46,98,,73,73,11,16,8,8,0.6,0.7
2024-02-11T1600,3561A,120.6985,27.9251,温州市,茶山,,42,38,45,29,41,106,,82,82,1,5,5,5,0.4,0.5
2024-02-11T1600,2610A,104.2533,23.3594,文山壮族苗族自治州,州水务局,,30,22,76,12,63,96,,69,69,4,10,4,8,0.5,0.8
2024-02-11T1600,2611A,104.2319,23.3892,文山壮族苗族自治州,市便民服务中心,,30,18,59,17,55,93,,64,64,6,11,5,8,0.4,0.7
2024-02-11T1600,2187A,106.8174,39.6973,乌海市,市林业局,颗粒物(PM10),62,74,93,30,52,96,,58,58,15,24,33,40,1.1,1.4
2024-02-11T1600,2188A,106.7907,39.6667,乌海市,中海勃湾学校,颗粒物(PM10),52,53,80,23,44,106,,64,64,17,29,47,37,1.2,1.5
2024-02-11T1600,3284A,106.813,39.7274,乌海市,海北新区,颗粒物(PM10),61,71,68,12,24,94,,61,61,13,25,35,35,0.9,1.1
2024-02-11T1600,3621A,106.8288,39.6778,乌海市,聚英学校,颗粒物(PM10),63,75,100,29,55,96,,53,53,14,30,39,62,1.0,1.2
2024-02-11T1600,2197A,113.1306,40.9923,乌兰察布市,集宁新区,,40,40,55,17,38,112,,89,89,7,10,11,10,0.4,0.5
2024-02-11T1600,3034A,113.1076,41.0385,乌兰察布市,光明街小学,,42,42,57,26,47,110,,92,92,9,17,14,10,0.5,0.6
2024-02-11T1600,3285A,113.1376,40.9509,乌兰察布市,北京八中,,41,41,65,18,50,107,,89,89,4,8,22,11,0.4,0.7
2024-02-11T1600,3421A,113.1775,40.9779,乌兰察布市,市委党校,,37,32,57,17,39,117,,94,94,6,9,12,12,0.7,0.6
2024-02-11T1600,1490A,87.5801,43.8303,乌鲁木齐市,监测站,细颗粒物(PM2.5),112,126,123,84,83,74,,57,57,81,64,4,3,1.3,1.2
2024-02-11T1600,1491A,87.6046,43.768,乌鲁木齐市,收费所,,36,36,104,21,72,84,,80,80,17,47,4,5,0.4,1.1
2024-02-11T1600,1492A,87.4754,43.9469,乌鲁木齐市,新疆农科院农场,细颗粒物(PM2.5),224,,192,174,196,132,,81,81,20,59,10,5,1.7,1.8
2024-02-11T1600,1493A,87.5525,43.8711,乌鲁木齐市,铁路局,细颗粒物(PM2.5),211,,196,161,160,93,,40,40,68,93,5,5,1.6,1.6
2024-02-11T1600,1494A,87.6432,43.831,乌鲁木齐市,三十一中学,细颗粒物(PM2.5),102,112,118,76,82,95,,69,69,57,38,11,11,1.5,1.3
2024-02-11T1600,1496A,87.7216,44.1747,乌鲁木齐市,米东区环保局,细颗粒物(PM2.5),374,343,294,324,271,121,,68,68,30,42,36,9,2.3,1.9
2024-02-11T1600,3033A,87.4651,43.4569,乌鲁木齐市,培训基地,,46,46,24,16,11,94,,78,78,6,10,4,5,0.5,0.6
2024-02-11T1600,3437A,88.3118,43.3658,乌鲁木齐市,达坂城区环保局,颗粒物(PM10),63,75,78,24,29,98,,80,80,8,13,7,8,0.3,0.4
2024-02-11T1600,3438A,87.6162,43.8801,乌鲁木齐市,红光山片区,细颗粒物(PM2.5),215,,164,165,145,107,,66,66,51,67,1,5,1.6,1.5
2024-02-11T1600,3439A,87.7024,43.8004,乌鲁木齐市,新师大温泉校区,细颗粒物(PM2.5),69,69,106,50,70,126,,90,90,32,27,7,6,0.8,0.9
2024-02-11T1600,3440A,87.4921,43.8411,乌鲁木齐市,大绿谷,细颗粒物(PM2.5),144,129,138,110,96,118,,94,94,47,46,6,7,1.6,1.3
2024-02-11T1600,1188A,120.269,31.4867,无锡市,雪浪,细颗粒物(PM2.5),89,100,95,66,76,118,,99,99,8,12,8,8,0.9,0.9
2024-02-11T1600,1189A,120.275,31.6219,无锡市,黄巷,"颗粒物(PM10),细颗粒物(PM2.5)",77,104,108,56,81,120,,97,97,10,19,8,9,0.7,0.9
2024-02-11T1600,1190A,120.294,31.56,无锡市,曹张,细颗粒物(PM2.5),89,97,126,66,97,117,,94,94,9,28,13,13,0.9,1.1
2024-02-11T1600,1191A,120.242,31.5031,无锡市,漆塘,细颗粒物(PM2.5),85,95,96,63,76,113,,92,92,6,11,12,12,0.7,0.9
2024-02-11T1600,1192A,120.3489,31.5863,无锡市,东亭,"颗粒物(PM10),细颗粒物(PM2.5)",70,90,115,51,92,114,,93,93,8,25,7,8,0.8,1.1
2024-02-11T1600,1193A,120.354,31.5475,无锡市,旺庄,细颗粒物(PM2.5),77,83,121,56,98,116,,95,95,9,26,5,6,0.7,0.9
2024-02-11T1600,1194A,120.245,31.5631,无锡市,荣巷,细颗粒物(PM2.5),85,88,92,63,84,116,,96,96,16,22,11,11,0.7,0.8
2024-02-11T1600,1195A,120.299,31.6817,无锡市,堰桥,颗粒物(PM10),74,97,120,46,91,116,,92,92,9,22,5,5,0.6,1
2024-02-11T1600,3428A,120.3142,31.4753,无锡市,华庄,细颗粒物(PM2.5),110,108,112,83,94,122,,97,97,12,16,12,11,0.7,0.7
2024-02-11T1600,2677A,106.1532,37.9648,吴忠市,教育园区,,48,48,79,13,32,84,,59,59,7,18,10,12,0.2,0.6
2024-02-11T1600,2679A,106.1856,37.9956,吴忠市,新区二泵站,,39,39,77,11,36,84,,60,60,2,14,6,9,0.3,0.5
2024-02-11T1600,3648A,106.2112,37.9768,吴忠市,文卫南街,,50,50,72,22,24,75,,56,56,7,15,11,11,0.3,0.5
2024-02-11T1600,1794A,118.3606,31.3519,芜湖市,监测站,颗粒物(PM10),78,106,125,41,94,114,,88,88,12,25,10,11,0.4,0.7
2024-02-11T1600,1795A,118.3714,31.4134,芜湖市,科创中心,颗粒物(PM10),69,88,107,42,89,114,,43,,19,40,9,10,0.7,0.9
2024-02-11T1600,1796A,118.3673,31.3131,芜湖市,四水厂,颗粒物(PM10),77,103,118,42,94,115,,83,83,19,48,9,10,0.6,0.8
2024-02-11T1600,3328A,118.4209,31.3707,芜湖市,市气象局,,,108,113,44,97,,,80,80,18,26,12,14,0.3,0.6
2024-02-11T1600,3465A,118.4781,31.3225,芜湖市,清苑社区,颗粒物(PM10),76,101,155,42,124,116,,86,86,13,26,12,14,0.5,0.9
2024-02-11T1600,3466A,118.2746,31.2326,芜湖市,扬子职业技术学院,颗粒物(PM10),75,99,114,36,79,113,,93,93,18,25,12,16,0.5,1
2024-02-11T1600,2495A,111.3014,23.4832,梧州市,市逸夫小学,,39,39,82,27,57,98,,64,64,2,10,7,9,0.5,0.8
2024-02-11T1600,2496A,111.3239,23.4794,梧州市,市十一中,,43,37,56,30,45,95,,59,59,6,15,8,8,0.6,0.7
2024-02-11T1600,2497A,111.247,23.4189,梧州市,龙圩,细颗粒物(PM2.5),59,64,104,42,80,89,,61,61,3,11,6,8,0.7,1.1
2024-02-11T1600,2498A,111.2711,23.4835,梧州市,龙新,,46,37,54,32,42,95,,61,61,2,11,6,6,0.7,0.8
2024-02-11T1600,2711A,87.5475,44.1756,五家渠市,农水大厦,细颗粒物(PM2.5),277,276,288,227,244,116,,73,73,20,32,20,9,2.1,2.1
2024-02-11T1600,3441A,87.546,44.1912,五家渠市,经开区管委会,细颗粒物(PM2.5),291,286,280,241,252,107,,67,67,25,30,27,14,2.5,2.3
2024-02-11T1600,1325A,114.3677,30.5584,武汉市,东湖梨园,细颗粒物(PM2.5),62,60,98,44,90,116,,81,81,15,27,8,8,0.1,0.7
2024-02-11T1600,1326A,114.2529,30.558,武汉市,汉阳月湖,颗粒物(PM10),68,86,117,41,96,108,,76,76,16,36,7,7,0.5,1
2024-02-11T1600,1327A,114.282,30.6189,武汉市,汉口花桥,,,89,118,46,106,,,74,74,16,42,7,7,0.6,1.3
2024-02-11T1600,1328A,114.3025,30.5332,武汉市,武昌紫阳,颗粒物(PM10),62,73,101,28,93,120,,91,91,9,44,9,10,0.4,1
2024-02-11T1600,1329A,114.3646,30.6217,武汉市,青山钢花,颗粒物(PM10),73,96,124,48,112,119,,84,84,9,35,7,8,0.6,1.1
2024-02-11T1600,1330A,114.1566,30.4825,武汉市,沌口新区,颗粒物(PM10),67,83,112,47,102,113,,77,77,11,24,8,9,0.6,1
2024-02-11T1600,1331A,114.3014,30.5944,武汉市,汉口江滩,颗粒物(PM10),67,84,114,38,105,98,,74,74,38,40,9,9,0.5,1.1
2024-02-11T1600,1333A,114.135,30.6319,武汉市,吴家山,颗粒物(PM10),65,80,121,46,105,123,,81,81,14,28,10,9,0.6,0.9
2024-02-11T1600,1334A,113.8454,30.2917,武汉市,沉湖七壕,细颗粒物(PM2.5),74,86,79,54,71,116,,81,81,10,12,8,7,0.8,1
2024-02-11T1600,3153A,114.3877,30.4908,武汉市,民族大道182号,颗粒物(PM10),60,69,97,35,93,110,,82,82,30,36,2,8,0.5,1
2024-02-11T1600,2652A,102.6201,37.9251,武威市,监测站,,32,32,59,6,33,88,,62,62,4,19,6,6,0.3,0.7
2024-02-11T1600,3201A,102.6486,37.9325,武威市,东关招商场,,28,18,63,8,44,88,,63,63,3,16,5,6,0.3,0.7
2024-02-11T1600,1462A,108.882,34.2749,西安市,高压开关厂,颗粒物(PM10),79,108,184,47,76,105,,68,68,11,36,13,13,0.5,0.6
2024-02-11T1600,1463A,108.993,34.2629,西安市,兴庆小区,颗粒物(PM10),77,103,144,43,64,104,,65,65,9,21,9,8,0.7,0.8
2024-02-11T1600,1464A,109.06,34.2572,西安市,纺织城,颗粒物(PM10),81,112,124,46,53,104,,64,64,13,24,15,7,0.5,0.5
2024-02-11T1600,1465A,108.9356,34.2173,西安市,小寨,颗粒物(PM10),84,117,150,41,60,99,,61,61,12,32,11,10,0.6,0.8
2024-02-11T1600,1466A,108.954,34.2713,西安市,市人民体育场,颗粒物(PM10),82,113,163,41,68,105,,67,67,8,38,9,9,0.5,0.8
2024-02-11T1600,1467A,108.8922,34.2322,西安市,高新西区,颗粒物(PM10),86,122,174,55,82,99,,64,64,8,30,8,9,0.7,1.1
2024-02-11T1600,1468A,108.935,34.3474,西安市,经开区,颗粒物(PM10),82,114,143,39,58,100,,70,70,3,13,9,9,0.5,0.5
2024-02-11T1600,1469A,108.906,34.1546,西安市,长安区,细颗粒物(PM2.5),107,160,166,80,68,100,,67,67,21,17,8,8,0.6,0.6
2024-02-11T1600,1471A,109.2186,34.3731,西安市,临潼区,颗粒物(PM10),87,124,139,53,71,99,,60,60,14,36,17,9,0.8,0.9
2024-02-11T1600,1472A,108.869,34.378,西安市,草滩,颗粒物(PM10),73,96,106,28,34,104,,72,72,9,14,8,6,0.1,0.1
2024-02-11T1600,1473A,108.985,34.1978,西安市,曲江文化产业集团,颗粒物(PM10),80,109,148,46,60,99,,61,61,15,23,6,6,0.5,0.5
2024-02-11T1600,1474A,109.051,34.3213,西安市,广运潭,颗粒物(PM10),80,109,124,48,64,105,,67,67,8,16,9,7,0.6,0.6
2024-02-11T1600,3524A,108.6116,34.1164,西安市,文体局,颗粒物(PM10),91,132,175,52,83,105,,70,70,17,29,10,9,0.5,0.7
2024-02-11T1600,3605A,109.09,34.5236,西安市,无线电监控中心,颗粒物(PM10),95,140,139,41,59,115,,81,81,6,16,7,8,0.6,0.7
2024-02-11T1600,1483A,101.524,36.6867,西宁市,第五水厂,,,,,,,,,,,,,,,,
2024-02-11T1600,3055A,101.7775,36.6428,西宁市,城北区政府,,25,16,40,6,27,80,,56,56,9,21,11,27,0.5,1.3
2024-02-11T1600,3629A,101.8305,36.5786,西宁市,世纪职校,,24,13,24,6,19,76,,48,48,17,24,14,16,0.8,1
2024-02-11T1600,3630A,101.7413,36.6397,西宁市,师大城西校区,,32,32,51,10,29,75,,49,49,16,35,14,19,0.6,0.9
2024-02-11T1600,2612A,100.7939,22.0019,西双版纳傣族自治州,景洪市江南,,46,33,26,32,23,55,,33,33,8,10,5,6,0.7,0.7
2024-02-11T1600,2613A,100.8017,22.0225,西双版纳傣族自治州,景洪市江北,,30,30,26,14,18,58,,37,37,6,9,5,5,0.6,0.6
2024-02-11T1600,3606A,108.7108,34.46,西咸新区,北杜,颗粒物(PM10),84,117,98,30,28,111,,86,86,18,17,8,6,0.4,0.4
2024-02-11T1600,3607A,108.7096,34.2956,西咸新区,同德佳苑,颗粒物(PM10),76,102,150,34,62,103,,76,76,12,16,8,8,0.5,0.5
2024-02-11T1600,3608A,108.8558,34.4978,西咸新区,崇文塔,颗粒物(PM10),77,104,102,32,33,105,,78,78,9,14,7,7,0.4,0.4
2024-02-11T1600,2202A,116.1042,43.9317,锡林郭勒盟,市环保监测站,,29,12,18,8,11,92,,83,83,2,2,6,6,0.3,0.2
2024-02-11T1600,2203A,116.0781,43.9311,锡林郭勒盟,市政府,,31,12,22,4,9,97,,88,88,4,3,10,10,0.2,0.2
2024-02-11T1600,1286A,118.1608,24.8169,厦门市,溪东,,,,,,,,,,,,,,,,
2024-02-11T1600,1287A,118.1514,24.4767,厦门市,洪文,,34,28,63,19,48,106,,84,84,2,7,2,3,0.3,0.5
2024-02-11T1600,1288A,118.0661,24.4444,厦门市,鼓浪屿,,33,32,59,20,47,105,,71,71,6,13,4,4,0.3,0.1
2024-02-11T1600,2842A,118.0936,24.5058,厦门市,湖里中学,,36,28,59,18,48,113,,78,78,4,17,1,2,0.7,0.8
2024-02-11T1600,3527A,118.0958,24.5688,厦门市,集美中学,,36,30,52,21,42,115,,87,87,6,6,2,2,0,0.5
2024-02-11T1600,3528A,118.1493,24.7245,厦门市,同安二实小,,37,,44,23,46,117,,85,85,2,4,3,2,0.6,0.8
2024-02-11T1600,2447A,114.3175,29.8142,咸宁市,森林公园,颗粒物(PM10),62,73,72,25,54,103,,93,86,3,3,8,9,0.2,0.6
2024-02-11T1600,2448A,114.3107,29.8454,咸宁市,市发改委,颗粒物(PM10),62,74,93,28,74,99,,79,79,5,11,5,6,0.5,0.8
2024-02-11T1600,2449A,114.2936,29.8566,咸宁市,咸安区政府,颗粒物(PM10),59,68,92,31,75,105,,77,77,10,16,10,10,0.5,0.9
2024-02-11T1600,3655A,114.3375,29.8683,咸宁市,长江产业园,颗粒物(PM10),61,71,82,28,64,107,,89,89,10,14,7,8,0.3,0.6
2024-02-11T1600,1918A,108.7197,34.3956,咸阳市,气象站,,,,,,,,,,,,,,,,
2024-02-11T1600,1919A,108.673,34.3155,咸阳市,实验中学,颗粒物(PM10),81,111,147,40,50,84,,61,61,13,25,12,10,0.9,0.8
2024-02-11T1600,1920A,108.7233,34.3617,咸阳市,师范学院,颗粒物(PM10),81,112,124,29,30,103,,75,75,6,12,15,11,0.8,0.7
2024-02-11T1600,3165A,108.6594,34.2969,咸阳市,两寺渡,颗粒物(PM10),86,122,162,40,54,94,,67,67,9,17,10,8,0.6,0.6
2024-02-11T1600,3525A,108.6396,34.4078,咸阳市,奥体中心,颗粒物(PM10),82,114,121,34,42,105,,77,77,12,13,11,8,0.7,0.6
2024-02-11T1600,1508A,112.9433,27.8614,湘潭市,板塘,细颗粒物(PM2.5),67,68,91,48,82,98,,59,59,12,21,10,11,0.9,1.1
2024-02-11T1600,1511A,112.9118,27.8403,湘潭市,市监测站,细颗粒物(PM2.5),74,73,110,54,91,105,,56,56,8,20,8,12,0.9,1.2
2024-02-11T1600,1512A,112.8937,27.8728,湘潭市,江麓,细颗粒物(PM2.5),80,80,118,59,100,117,,69,69,5,15,14,17,0.9,1.1
2024-02-11T1600,1513A,112.9227,27.8159,湘潭市,岳塘,细颗粒物(PM2.5),69,71,104,50,88,114,,73,73,3,15,6,7,0.8,1
2024-02-11T1600,1514A,112.9074,27.9119,湘潭市,科大,细颗粒物(PM2.5),85,96,107,63,91,120,,81,81,10,14,10,8,1.1,1
2024-02-11T1600,1562A,113.0048,27.9153,湘潭市,昭山,,,70,94,53,84,,,58,58,6,10,7,8,0.3,0.7
2024-02-11T1600,1564A,112.4876,27.9164,湘潭市,韶山,细颗粒物(PM2.5),68,81,123,49,70,108,,73,73,6,10,8,7,0.5,0.7
2024-02-11T1600,2492A,109.6414,28.2558,湘西土家族苗族自治州,跃进水库,细颗粒物(PM2.5),59,45,52,42,51,57,,28,28,2,3,8,7,0.6,0.8
2024-02-11T1600,2493A,109.7325,28.3169,湘西土家族苗族自治州,州政府,细颗粒物(PM2.5),64,48,88,46,77,81,,34,34,6,10,8,8,0.3,0.6
2024-02-11T1600,2494A,109.6958,28.2675,湘西土家族苗族自治州,吉首市计生局,细颗粒物(PM2.5),59,60,83,42,72,86,,41,41,3,11,6,5,0.5,0.8
2024-02-11T1600,2432A,112.155,32.0197,襄阳市,襄城运动路,细颗粒物(PM2.5),97,125,194,72,155,105,,70,70,10,21,13,12,1.0,1.3
2024-02-11T1600,2433A,112.1392,32.0564,襄阳市,樊城新华路,细颗粒物(PM2.5),105,94,172,79,160,97,,62,62,13,24,11,10,0.6,1
2024-02-11T1600,2434A,112.1825,32.1142,襄阳市,高新管委会,细颗粒物(PM2.5),109,105,199,82,163,98,,61,61,8,19,11,10,0.8,1.1
2024-02-11T1600,2435A,112.2106,32.0903,襄阳市,襄州航空路,细颗粒物(PM2.5),90,101,165,67,147,106,,65,65,9,15,11,9,0.9,1.3
2024-02-11T1600,3396A,112.0828,32.0067,襄阳市,襄城隆中路,细颗粒物(PM2.5),114,116,179,86,150,99,,59,59,7,12,13,11,1.1,1.4
2024-02-11T1600,3397A,112.1214,32.1008,襄阳市,高新台子湾,细颗粒物(PM2.5),142,129,193,108,157,98,,53,53,10,20,15,12,0.6,1
2024-02-11T1600,2443A,113.9153,30.9285,孝感市,文化路,细颗粒物(PM2.5),119,109,190,90,152,106,,70,70,7,25,10,9,1.1,1.5
2024-02-11T1600,2444A,113.942,30.9075,孝感市,东城区,细颗粒物(PM2.5),105,114,186,79,139,108,,70,70,16,25,9,9,1.0,1.2
2024-02-11T1600,2181A,112.7383,38.4519,忻州市,开发区,,48,48,90,28,56,98,,82,82,14,13,20,13,0.6,0.6
2024-02-11T1600,2182A,112.7003,38.4928,忻州市,会展中心,颗粒物(PM10),53,55,98,25,62,95,,76,76,10,12,19,14,0.4,0.6
2024-02-11T1600,3208A,112.7283,38.4153,忻州市,市政府,颗粒物(PM10),56,62,86,29,45,104,,86,86,11,13,28,18,0.8,0.8
2024-02-11T1600,2389A,113.836,35.311,新乡市,环保西院,颗粒物(PM10),51,52,182,14,135,97,,78,78,3,19,4,11,0.5,1.1
2024-02-11T1600,2390A,113.884,35.272,新乡市,开发区,颗粒物(PM10),69,87,166,19,135,100,,85,85,2,15,8,14,0.5,1
2024-02-11T1600,2391A,113.883,35.303,新乡市,环保东院,颗粒物(PM10),59,67,197,23,152,99,,82,82,10,26,6,13,0.5,1
2024-02-11T1600,3054A,113.9194,35.2847,新乡市,市委党校,颗粒物(PM10),53,55,184,14,134,100,,85,85,2,14,4,10,0.4,0.9
2024-02-11T1600,3475A,113.9188,35.3045,新乡市,市政府,颗粒物(PM10),57,64,200,10,141,104,,88,88,2,19,6,12,0.3,0.9
2024-02-11T1600,3476A,113.9135,35.3327,新乡市,河师大,颗粒物(PM10),61,72,221,19,142,103,,84,84,11,21,6,13,0.6,1.2
2024-02-11T1600,3689A,113.9003,35.372,新乡市,行政服务中心,颗粒物(PM10),55,60,193,16,153,98,,77,77,9,17,5,12,0.3,1.1
2024-02-11T1600,2352A,115.0861,27.9317,新余市,北岗,细颗粒物(PM2.5),68,53,66,49,61,100,,69,69,2,5,5,6,0.3,0.7
2024-02-11T1600,2353A,114.9886,27.8431,新余市,飞宇,细颗粒物(PM2.5),57,61,90,40,64,100,,66,66,7,14,10,12,0.5,0.7
2024-02-11T1600,2354A,114.9231,27.8246,新余市,第二水厂,颗粒物(PM10),69,87,79,44,58,102,,69,69,5,17,10,14,0.3,1
2024-02-11T1600,2355A,114.9308,27.8036,新余市,市气象局,细颗粒物(PM2.5),59,61,82,42,59,106,,73,73,9,22,13,17,0.3,0.5
2024-02-11T1600,3206A,114.9149,27.807,新余市,新钢沁园村,细颗粒物(PM2.5),77,64,81,56,55,107,,74,74,5,17,10,16,0.4,1
2024-02-11T1600,2054A,114.1099,32.1059,信阳市,平桥分局,颗粒物(PM10),71,92,141,45,105,110,,80,80,7,13,5,5,0.5,0.8
2024-02-11T1600,2064A,113.9956,32.1271,信阳市,南湾水厂,颗粒物(PM10),74,97,133,53,99,113,,84,84,5,8,3,3,0.7,0.9
2024-02-11T1600,2065A,114.0775,32.1195,信阳市,市酿酒公司,细颗粒物(PM2.5),70,84,135,51,121,107,,79,79,8,20,5,4,0.6,1
2024-02-11T1600,2066A,114.0609,32.1399,信阳市,审计局,颗粒物(PM10),74,97,147,50,127,112,,81,81,8,26,5,5,0.6,1.1
2024-02-11T1600,2200A,122.0392,46.0656,兴安盟,胜华新制药厂,,26,15,26,11,15,82,,79,78,2,4,4,4,0.2,0.3
2024-02-11T1600,2201A,121.9504,46.0741,兴安盟,科右前旗环保局,,27,18,23,11,15,84,,84,83,3,3,3,4,0.2,0.3
2024-02-11T1600,3035A,122.0931,46.0707,兴安盟,北滨河,,27,22,32,9,18,86,,86,85,5,7,4,3,0.7,0.5
2024-02-11T1600,1077A,114.4704,37.0886,邢台市,达活泉,颗粒物(PM10),59,67,185,22,127,122,,87,87,10,19,9,11,0.8,1.1
2024-02-11T1600,1078A,114.5062,37.0349,邢台市,邢师高专,颗粒物(PM10),54,58,194,19,149,122,,87,87,2,21,7,14,0.4,0.9
2024-02-11T1600,1079A,114.5237,37.0851,邢台市,路桥公司,颗粒物(PM10),55,60,177,24,138,115,,80,80,7,26,11,17,0.6,1.2
2024-02-11T1600,1080A,114.4725,37.0719,邢台市,市环保局,颗粒物(PM10),54,57,186,18,119,111,,80,80,7,17,9,13,0.4,0.8
2024-02-11T1600,3584A,115.8844,39.0341,雄安新区,容城县环境保护局,,41,41,105,22,68,109,,86,86,16,18,7,10,0.4,0.6
2024-02-11T1600,3585A,115.8665,39.0645,雄安新区,河北容城中学,细颗粒物(PM2.5),60,48,103,43,85,106,,81,81,8,22,6,9,0.5,0.6
2024-02-11T1600,3586A,115.923,38.9405,雄安新区,安新县民政局,细颗粒物(PM2.5),57,40,117,40,85,102,,82,82,3,9,7,10,0.4,0.6
2024-02-11T1600,3587A,115.9324,38.9338,雄安新区,安新县电力局,,35,35,104,19,82,103,,83,83,6,13,9,12,0.3,0.6
2024-02-11T1600,3588A,116.0901,38.9816,雄安新区,雄县环境保护局,,48,48,107,16,72,103,,87,87,15,16,8,9,0.2,0.5
2024-02-11T1600,3589A,116.1105,39.0046,雄安新区,雄县国土资源局,,47,47,106,22,74,107,,88,88,6,14,9,12,0.0,0.3
2024-02-11T1600,1177A,117.179,34.2761,徐州市,黄河新村,细颗粒物(PM2.5),124,136,395,94,373,113,,79,79,12,35,9,9,0.6,1.2
2024-02-11T1600,1178A,117.1918,34.2384,徐州市,淮塔,细颗粒物(PM2.5),118,143,313,89,278,112,,78,78,8,20,11,10,0.8,1.2
2024-02-11T1600,1180A,117.256,34.2153,徐州市,新城区,细颗粒物(PM2.5),109,139,310,82,267,114,,79,79,15,24,11,10,0.5,1.1
2024-02-11T1600,1181A,117.244,34.2911,徐州市,桃园路,细颗粒物(PM2.5),112,146,365,84,294,119,,86,86,11,33,11,10,0.8,1.3
2024-02-11T1600,1182A,117.2933,34.2778,徐州市,农科院,细颗粒物(PM2.5),117,136,321,88,290,118,,82,82,8,23,11,10,0.6,1.1
2024-02-11T1600,3005A,117.1814,34.29,徐州市,鼓楼区政府,细颗粒物(PM2.5),103,120,342,77,308,97,,73,73,11,30,3,9,0.4,0.9
2024-02-11T1600,3006A,117.1694,34.1781,徐州市,铜山区招生办,细颗粒物(PM2.5),104,139,315,78,240,119,,87,87,13,26,16,15,0.9,1.3
2024-02-11T1600,3288A,117.4754,34.4422,徐州市,大泉街道,,,,422,,315,,,52,,,18,,12,,1.6
2024-02-11T1600,2396A,113.8276,34.0159,许昌市,监测站,细颗粒物(PM2.5),112,151,180,84,77,105,,83,83,5,15,8,10,0.6,0.5
2024-02-11T1600,2398A,113.7906,33.9953,许昌市,开发区,细颗粒物(PM2.5),112,139,158,84,61,98,,79,79,8,11,6,7,0.5,0.5
2024-02-11T1600,3134A,113.8172,34.0339,许昌市,市一中,细颗粒物(PM2.5),113,142,168,85,72,103,,84,84,11,17,9,10,0.5,0.5
2024-02-11T1600,3337A,113.8614,34.0442,许昌市,许昌学院,细颗粒物(PM2.5),105,149,155,79,57,107,,88,88,8,11,8,10,0.5,0.5
2024-02-11T1600,3338A,113.843,34.0823,许昌市,芙蓉广场,细颗粒物(PM2.5),110,147,146,83,58,102,,82,82,9,13,8,9,0.6,0.5
2024-02-11T1600,3597A,113.8134,34.1251,许昌市,建安区兴业大厦,颗粒物(PM10),111,171,163,76,55,104,,85,85,10,9,5,6,0.6,0.5
2024-02-11T1600,2316A,118.7581,30.9454,宣城市,鳌峰子站,颗粒物(PM10),59,67,84,27,63,108,,92,92,2,8,3,5,0.4,0.7
2024-02-11T1600,2317A,118.7385,30.9743,宣城市,敬亭山子站,,,88,94,26,59,104,,92,92,,9,,6,0.5,0.7
2024-02-11T1600,2318A,118.7173,30.9427,宣城市,开发区子站,颗粒物(PM10),62,73,76,33,59,109,,92,92,8,8,5,6,0.5,0.8
2024-02-11T1600,3470A,118.7724,30.9141,宣城市,夏渡子站,颗粒物(PM10),65,79,80,29,61,102,,89,89,13,14,4,5,0.5,0.6
2024-02-11T1600,2554A,103.0475,30.02,雅安市,建安厂,细颗粒物(PM2.5),87,71,83,64,75,86,,44,44,7,16,7,6,0.6,0.7
2024-02-11T1600,2555A,103.0111,29.9833,雅安市,市政府,细颗粒物(PM2.5),95,71,77,71,69,88,,51,51,13,14,8,8,0.5,0.6
2024-02-11T1600,2556A,102.9905,29.9775,雅安市,川农大,细颗粒物(PM2.5),82,84,70,60,59,86,,56,56,10,11,8,7,0.6,0.6
2024-02-11T1600,3700A,103.0456,29.9956,雅安市,康养中心,,,,,,,,,,,,,,,,
2024-02-11T1600,1642A,121.2514,37.5639,烟台市,开发区,细颗粒物(PM2.5),62,58,113,44,98,104,,97,97,14,15,11,9,0.8,1.1
2024-02-11T1600,1643A,121.3719,37.5433,烟台市,轴承厂,"颗粒物(PM10),细颗粒物(PM2.5)",52,53,112,36,94,92,,96,96,10,20,9,10,0.8,1.1
2024-02-11T1600,1644A,121.3181,37.5436,烟台市,西郊化工站,细颗粒物(PM2.5),58,56,119,41,101,103,,98,98,13,19,13,11,0.8,1.1
2024-02-11T1600,1645A,121.4478,37.4822,烟台市,莱山环保局,,42,36,115,29,95,100,,95,95,12,15,14,11,0.4,0.8
2024-02-11T1600,1646A,121.2611,37.4967,烟台市,福山环保局,,44,44,135,29,108,100,,91,91,12,24,6,7,0.6,1.2
2024-02-11T1600,3057A,121.5992,37.4014,烟台市,牟平检察院,颗粒物(PM10),52,53,125,24,93,103,,97,97,7,14,9,10,0.8,1.2
2024-02-11T1600,3366A,121.5206,37.4336,烟台市,中国农业大学,颗粒物(PM10),51,51,122,29,103,101,,94,94,16,19,9,9,0.6,1
2024-02-11T1600,1926A,109.4131,36.6275,延安市,枣园,颗粒物(PM10),51,52,55,10,18,90,,59,59,2,7,2,2,0.5,0.6
2024-02-11T1600,1927A,109.4761,36.6028,延安市,延大医附院,颗粒物(PM10),65,79,79,20,35,87,,57,57,6,18,9,5,0.4,0.6
2024-02-11T1600,1929A,109.5056,36.6106,延安市,百米大道,颗粒物(PM10),64,78,78,24,30,87,,54,54,11,28,7,5,0.3,0.7
2024-02-11T1600,3652A,109.4809,36.5786,延安市,西北局旧址,颗粒物(PM10),62,74,79,20,28,86,,49,49,7,23,9,7,0.5,0.9
2024-02-11T1600,2237A,129.47,42.8883,延边朝鲜族自治州,妇幼医院,,36,36,50,16,41,86,,74,74,14,20,20,22,0.4,0.7
2024-02-11T1600,2238A,129.5055,42.9108,延边朝鲜族自治州,延边医院,,29,26,64,19,69,90,,71,71,6,19,9,17,0.5,0.7
2024-02-11T1600,2239A,129.3964,42.8881,延边朝鲜族自治州,朝阳川镇医院,,30,28,44,13,35,95,,84,84,6,10,10,10,0.5,0.7
2024-02-11T1600,1215A,120.118,33.4022,盐城市,盐城电厂,细颗粒物(PM2.5),138,161,216,105,174,141,,109,109,16,20,10,9,0.8,1.2
2024-02-11T1600,1216A,120.156,33.3942,盐城市,市监测站,细颗粒物(PM2.5),142,167,247,108,220,113,,89,89,11,19,8,6,0.7,1.4
2024-02-11T1600,1218A,120.2144,33.38,盐城市,开发区管委会,细颗粒物(PM2.5),127,140,210,96,188,133,,106,106,15,20,8,7,0.8,1.4
2024-02-11T1600,3004A,120.1544,33.3663,盐城市,宝龙广场,细颗粒物(PM2.5),138,168,226,105,185,128,,101,101,17,22,10,8,0.6,1
2024-02-11T1600,3293A,120.1501,33.3367,盐城市,月亮广场,细颗粒物(PM2.5),140,150,221,107,184,124,,98,98,16,20,8,6,0.8,1.2
2024-02-11T1600,3436A,120.4279,33.205,盐城市,大丰高级中学,细颗粒物(PM2.5),125,149,201,95,171,123,,94,94,14,15,12,8,0.7,0.9
2024-02-11T1600,1186A,119.389,32.3761,扬州市,邗江监测站,颗粒物(PM10),92,134,129,66,99,120,,99,99,20,22,8,8,0.9,1
2024-02-11T1600,2869A,119.447,32.4155,扬州市,五台山医院,细颗粒物(PM2.5),95,95,124,71,108,115,,90,90,14,22,9,8,1.0,1.1
2024-02-11T1600,3164A,119.4686,32.3942,扬州市,广陵建设局,颗粒物(PM10),94,138,136,66,105,122,,97,97,14,21,7,6,1.0,1.1
2024-02-11T1600,3195A,119.3633,32.3972,扬州市,市体育局,颗粒物(PM10),92,134,125,58,94,118,,96,96,13,16,10,9,0.9,0.9
2024-02-11T1600,3294A,119.5653,32.4222,扬州市,引江管理处,细颗粒物(PM2.5),107,131,140,80,114,131,,101,101,15,23,8,8,0.9,1
2024-02-11T1600,1699A,111.9797,21.8593,阳江市,鸳鸯湖,,34,25,46,15,35,108,,85,85,2,12,13,12,0.5,0.7
2024-02-11T1600,1701A,111.9491,21.8658,阳江市,马南垌,,33,26,54,17,39,104,,77,77,6,18,6,6,0.3,0.7
2024-02-11T1600,3317A,111.9765,21.8947,阳江市,两阳中学,,34,30,35,13,25,107,,82,82,4,19,8,8,0.3,0.5
2024-02-11T1600,3453A,112.0125,21.8749,阳江市,阳东陶然,,32,28,46,20,34,102,,82,82,9,14,7,8,0,0.2
2024-02-11T1600,1738A,113.5758,37.8572,阳泉市,市中心,,36,36,98,5,33,108,,92,92,10,19,10,16,0.5,0.7
2024-02-11T1600,1739A,113.4894,37.8731,阳泉市,赛鱼,,34,32,96,14,41,107,,91,91,13,18,10,17,0.3,0.5
2024-02-11T1600,1740A,113.5819,37.8486,阳泉市,南庄,,34,24,107,5,34,108,,91,91,15,17,11,16,0.4,0.7
2024-02-11T1600,1742A,113.5614,37.8703,阳泉市,平坦,,43,43,102,14,43,106,,91,91,10,19,10,17,0.5,0.7
2024-02-11T1600,1743A,113.5158,37.8392,阳泉市,大阳泉,,35,25,66,15,32,111,,100,100,10,15,9,11,0.4,0.5
2024-02-11T1600,3619A,113.617,37.8571,阳泉市,龙柱,,35,35,87,18,38,107,,88,88,15,21,10,16,0.4,0.6
2024-02-11T1600,2252A,128.5159,47.4311,伊春市,环保局,细颗粒物(PM2.5),92,,84,68,84,90,,84,84,8,14,9,7,0.6,0.8
2024-02-11T1600,2253A,128.9102,47.7412,伊春市,电力嘉园,细颗粒物(PM2.5),53,49,83,37,62,88,,81,81,4,12,8,10,0.7,0.9
2024-02-11T1600,2254A,129.5029,48.471,伊春市,汤旺河国家公园,细颗粒物(PM2.5),62,49,23,44,18,94,,87,87,9,8,7,5,0.8,0.7
2024-02-11T1600,3342A,128.4741,47.4346,伊春市,中心小学,细颗粒物(PM2.5),79,59,123,58,119,85,,77,77,4,12,12,8,0.6,1
2024-02-11T1600,3343A,128.6871,47.7369,伊春市,检察院,细颗粒物(PM2.5),78,58,111,57,109,87,,80,80,10,15,14,12,0.5,0.8
2024-02-11T1600,3344A,128.8431,47.8474,伊春市,双子河社区,细颗粒物(PM2.5),110,125,72,83,69,102,,100,100,13,12,10,9,0.9,0.8
2024-02-11T1600,3480A,129.1368,47.6417,伊春市,美溪镇,细颗粒物(PM2.5),93,,70,69,69,77,,66,66,10,14,8,15,0.7,0.8
2024-02-11T1600,2703A,81.2815,43.9404,伊犁哈萨克自治州,市环保局,,42,42,62,24,46,79,,54,54,14,35,5,9,0.8,1.9
2024-02-11T1600,2704A,81.2996,43.9174,伊犁哈萨克自治州,新政府片区,,30,30,68,15,53,75,,51,51,15,46,7,9,0.6,2.1
2024-02-11T1600,2705A,81.3364,43.941,伊犁哈萨克自治州,第二水厂,,,,70,,54,,,50,50,,41,,10,,2
2024-02-11T1600,1882A,104.563,28.793,宜宾市,石马中学,,,,,,,,,,,,,,,,
2024-02-11T1600,1883A,104.6201,28.7728,宜宾市,市委,细颗粒物(PM2.5),80,70,93,59,79,114,,64,64,15,26,9,8,0.7,0.8
2024-02-11T1600,1884A,104.6055,28.793,宜宾市,宜宾四中,细颗粒物(PM2.5),87,73,92,64,80,110,,66,66,8,19,11,9,0.8,0.9
2024-02-11T1600,1885A,104.639,28.7562,宜宾市,市政府,细颗粒物(PM2.5),83,75,94,61,85,121,,67,67,12,31,11,9,0.6,0.9
2024-02-11T1600,1886A,104.5742,28.7199,宜宾市,黄金嘴,细颗粒物(PM2.5),79,67,90,58,76,115,,68,68,9,17,11,10,0.7,0.8
2024-02-11T1600,3728A,104.68,28.8071,宜宾市,白酒学院,细颗粒物(PM2.5),87,76,90,64,74,126,,73,73,9,14,11,9,0.7,0.8
2024-02-11T1600,1840A,111.2992,30.6981,宜昌市,白龙岗,细颗粒物(PM2.5),104,90,76,78,64,104,,58,58,10,14,13,8,0.8,0.8
2024-02-11T1600,1841A,111.3549,30.6465,宜昌市,伍家岗,细颗粒物(PM2.5),104,79,87,78,75,107,,63,63,9,16,11,7,0.7,0.7
2024-02-11T1600,1842A,111.2628,30.6961,宜昌市,点军区,细颗粒物(PM2.5),104,,72,78,68,98,,51,51,21,15,9,5,0.8,0.8
2024-02-11T1600,1843A,111.3275,30.7819,宜昌市,夷陵区,细颗粒物(PM2.5),77,80,78,56,60,113,,70,70,11,13,6,5,0.5,0.5
2024-02-11T1600,3546A,111.4606,30.552,宜昌市,猇亭区张家湾站,细颗粒物(PM2.5),84,87,92,62,76,98,,65,65,9,16,6,6,0.9,0.9
2024-02-11T1600,3653A,111.3119,30.7273,宜昌市,云深路,细颗粒物(PM2.5),92,82,78,68,69,110,,66,66,10,11,6,7,0.8,0.7
2024-02-11T1600,2371A,114.3408,27.8064,宜春市,槟榔水业,,,,,,,,,,,,,,,,
2024-02-11T1600,2373A,114.3956,27.7844,宜春市,市石油公司,,48,48,67,31,54,102,,72,72,6,8,3,5,0.7,1.3
2024-02-11T1600,2374A,114.3703,27.7914,宜春市,市气象局,细颗粒物(PM2.5),53,49,70,37,57,95,,64,64,9,12,7,7,0.7,1.2
2024-02-11T1600,2375A,114.4013,27.8074,宜春市,市广电局,细颗粒物(PM2.5),54,54,79,38,66,90,,58,58,13,21,10,9,0.3,0.9
2024-02-11T1600,3151A,114.375,27.8097,宜春市,宜春学院北校区,,46,46,118,28,94,96,,64,64,8,17,7,10,0.4,1.1
2024-02-11T1600,3415A,114.4519,28.0828,宜春市,万载县环保局,颗粒物(PM10),70,89,100,41,78,91,,65,65,8,10,8,13,0.8,1
2024-02-11T1600,2467A,112.4067,28.6428,益阳市,甘溪港,,,124,138,,123,111,,74,74,14,15,13,10,0.6,0.7
2024-02-11T1600,2468A,112.3458,28.5808,益阳市,市环保局,细颗粒物(PM2.5),93,93,146,69,122,108,,81,81,2,4,7,9,0.7,1
2024-02-11T1600,2469A,112.3437,28.5531,益阳市,市特殊教育学校,细颗粒物(PM2.5),93,78,141,69,126,107,,80,80,2,10,6,7,0.7,1
2024-02-11T1600,2470A,112.3347,28.6047,益阳市,资阳区政务中心,细颗粒物(PM2.5),107,94,143,80,135,110,,77,77,4,10,7,6,0.8,1
2024-02-11T1600,2471A,112.3744,28.5819,益阳市,赫山环保分局,细颗粒物(PM2.5),92,94,150,68,128,110,,79,79,2,11,5,7,0.9,1.3
2024-02-11T1600,1484A,105.9512,38.6016,银川市,贺兰山马莲口,颗粒物(PM10),63,75,46,27,13,82,,70,64,23,18,25,16,1.0,0.5
2024-02-11T1600,1488A,106.2328,38.4975,银川市,贺兰山东路,颗粒物(PM10),66,82,70,31,32,81,,56,56,25,28,24,8,0.7,0.7
2024-02-11T1600,1489A,106.1358,38.5036,银川市,学院路,颗粒物(PM10),58,66,78,23,34,86,,60,60,22,28,16,11,0.9,0.9
2024-02-11T1600,2924A,106.2266,38.4418,银川市,水乡路,颗粒物(PM10),65,79,82,32,30,84,,61,61,18,23,21,14,0.5,0.5
2024-02-11T1600,2925A,106.2757,38.4842,银川市,上海东路,颗粒物(PM10),55,60,71,34,32,79,,54,54,24,27,26,15,0.5,0.6
2024-02-11T1600,2926A,106.1015,38.497,银川市,文昌北街,细颗粒物(PM2.5),65,75,78,47,42,68,,59,59,40,30,16,10,0.8,0.8
2024-02-11T1600,3523A,106.5105,38.3856,银川市,滨河新区,颗粒物(PM10),62,74,51,31,17,72,,57,57,17,18,18,19,0.6,0.5
2024-02-11T1600,2357A,116.9822,28.1136,鹰潭市,龙虎山,,,,,,,,,,,,,,,,
2024-02-11T1600,2358A,117.0564,28.2642,鹰潭市,新监测站,细颗粒物(PM2.5),53,52,69,37,50,110,,74,74,3,12,10,10,0.3,0.5
2024-02-11T1600,2359A,117.0311,28.2475,鹰潭市,财苑宾馆,细颗粒物(PM2.5),58,58,78,41,67,115,,76,76,4,16,12,10,0.5,0.7
2024-02-11T1600,2360A,117.0222,28.2264,鹰潭市,体育馆,颗粒物(PM10),53,55,62,36,56,114,,77,77,2,6,6,8,0.3,0.6
2024-02-11T1600,2361A,117.0017,28.2131,鹰潭市,三川水表,颗粒物(PM10),54,58,58,37,50,114,,75,75,2,2,6,5,0.1,0.5
2024-02-11T1600,1597A,122.2703,40.7094,营口市,大庆路,颗粒物(PM10),55,59,120,26,75,95,,86,86,16,19,15,12,0.5,0.7
2024-02-11T1600,1598A,122.2150,40.6511,营口市,镜湖西路,,49,49,104,30,84,95,,84,84,12,19,14,12,0.7,0.9
2024-02-11T1600,1599A,122.1658,40.6789,营口市,西炮台,细颗粒物(PM2.5),85,76,115,63,97,69,,64,64,24,22,12,10,0.9,0.8
2024-02-11T1600,3379A,122.1139,40.2278,营口市,鲅鱼圈市民活动中心,颗粒物(PM10),63,76,110,21,78,76,,74,67,20,22,15,16,0.4,0.9
2024-02-11T1600,3866A,122.2469,40.66302,营口市,三高中,,49,49,107,32,86,98,,85,85,16,21,16,15,0.5,0.8
2024-02-11T1600,4006A,122.3622,40.6762,营口市,老边实验小学,颗粒物(PM10),58,66,114,21,85,113,,90,90,18,30,20,18,0.7,1.1
2024-02-11T1600,2477A,111.6217,26.2081,永州市,零陵南津渡,细颗粒物(PM2.5),60,,47,43,42,102,,69,69,7,6,8,7,0.5,0.6
2024-02-11T1600,2478A,111.6156,26.4214,永州市,市环境监测站,细颗粒物(PM2.5),70,52,96,51,91,102,,67,67,10,18,8,7,0.7,1
2024-02-11T1600,2479A,111.6236,26.2331,永州市,零陵区环保局,细颗粒物(PM2.5),64,50,67,46,62,99,,69,69,6,12,9,8,0.6,0.8
2024-02-11T1600,2480A,111.5992,26.4364,永州市,永州市环保局,细颗粒物(PM2.5),62,46,75,44,65,96,,64,64,7,12,7,7,0.7,0.8
2024-02-11T1600,2481A,111.5989,26.4519,永州市,冷水滩区环保局,细颗粒物(PM2.5),68,49,99,49,96,97,,65,65,7,16,8,8,0.8,1
2024-02-11T1600,2638A,109.7414,38.3344,榆林市,红石峡森林公园,颗粒物(PM10),58,65,63,21,28,98,,67,67,9,19,15,7,0.7,0.7
2024-02-11T1600,2639A,109.7456,38.2911,榆林市,世纪广场,颗粒物(PM10),61,71,76,20,41,89,,60,60,10,34,14,9,0.4,0.8
2024-02-11T1600,2640A,109.7289,38.2839,榆林市,实验中学,颗粒物(PM10),58,66,71,20,38,89,,62,62,10,30,16,11,0.6,0.8
2024-02-11T1600,2641A,109.7336,38.2478,榆林市,环保监测大楼,颗粒物(PM10),58,65,85,17,47,91,,64,64,10,30,10,8,0.4,0.7
2024-02-11T1600,2509A,110.1106,22.7019,玉林市,寒山水库,,48,48,60,12,46,53,,38,38,3,4,1,1,0.6,0.8
2024-02-11T1600,2510A,110.1675,22.6411,玉林市,市监测站,,39,39,108,24,93,111,,72,72,4,12,1,5,0.3,0.6
2024-02-11T1600,2511A,110.1433,22.6164,玉林市,南江一中,,49,48,141,34,123,114,,70,70,5,18,3,6,0.4,0.7
2024-02-11T1600,3532A,110.1945,22.6831,玉林市,玉林师范学院东校区,,35,35,87,20,79,97,,70,70,6,13,4,12,0.1,0.4
2024-02-11T1600,3533A,110.0527,22.5893,玉林市,福绵环保局,,38,36,103,26,92,115,,78,78,5,9,4,12,0.4,0.6
2024-02-11T1600,2675A,97,33.0014,玉树藏族自治州,玉树县结古镇,,29,4,11,2,8,91,,68,68,1,8,6,14,0.4,0.5
2024-02-11T1600,1715A,102.575,24.3711,玉溪市,东风水库,,35,35,45,20,42,78,,66,66,7,9,9,10,0.8,0.9
2024-02-11T1600,2882A,102.5389,24.3703,玉溪市,玉溪一中,,28,27,54,19,41,88,,70,70,3,9,9,12,0.8,1.1
2024-02-11T1600,2883A,102.5381,24.3389,玉溪市,文体中心,,36,36,49,23,40,86,,66,66,8,13,9,11,0.9,1.1
2024-02-11T1600,1847A,113.1094,29.3578,岳阳市,南湖风景区,细颗粒物(PM2.5),97,77,84,72,82,110,,78,78,8,15,7,5,1.1,1.1
2024-02-11T1600,1848A,113.1493,29.4251,岳阳市,城陵矶,细颗粒物(PM2.5),82,78,84,60,66,104,,73,73,8,23,8,7,0.7,0.8
2024-02-11T1600,1849A,113.1497,29.3575,岳阳市,开发区,细颗粒物(PM2.5),102,91,90,76,80,108,,79,79,13,19,9,7,0.9,0.8
2024-02-11T1600,1850A,113.2621,29.4758,岳阳市,云溪区,细颗粒物(PM2.5),95,92,89,71,71,110,,77,77,12,19,11,10,0.8,0.9
2024-02-11T1600,1851A,112.9943,29.4402,岳阳市,君山区,细颗粒物(PM2.5),93,86,102,69,86,106,,75,75,9,20,9,8,0.7,0.8
2024-02-11T1600,1852A,113.2117,29.355,岳阳市,金凤水库,细颗粒物(PM2.5),88,87,64,65,58,113,,88,88,12,10,5,4,0.7,0.6
2024-02-11T1600,1712A,112.0392,22.9169,云浮市,新市府,,30,26,31,20,28,94,,62,62,2,4,3,4,0.4,0.6
2024-02-11T1600,1714A,112.0539,22.9539,云浮市,牧羊,,40,40,44,21,35,107,,64,64,4,7,7,10,0.4,0.6
2024-02-11T1600,3628A,112.0336,22.9374,云浮市,文笔,,31,25,67,17,60,98,,63,63,2,9,6,8,0.1,0.4
2024-02-11T1600,2175A,110.9956,35.0147,运城市,运城中学,颗粒物(PM10),85,119,149,41,56,108,,75,75,19,18,24,13,1.1,0.7
2024-02-11T1600,2178A,110.9686,35.0303,运城市,地区技校,颗粒物(PM10),81,112,162,37,53,103,,73,73,16,24,27,18,1.1,0.9
2024-02-11T1600,2179A,111.0414,35.1147,运城市,空港新区,颗粒物(PM10),74,98,143,22,55,107,,76,76,9,19,8,12,0.6,1.3
2024-02-11T1600,3667A,111.0283,35.0547,运城市,水利职院,,,131,175,42,61,,,74,74,,19,26,25,1.2,1
2024-02-11T1600,3670A,111.0522,35.0439,运城市,禹都公园,颗粒物(PM10),87,123,160,48,58,112,,82,82,25,20,26,14,1.1,0.8
2024-02-11T1600,1637A,117.558,34.8438,枣庄市,市中区政府,细颗粒物(PM2.5),110,127,336,83,285,115,,84,84,20,42,11,18,0.9,1.6
2024-02-11T1600,1638A,117.2852,34.7837,枣庄市,薛城环保局,细颗粒物(PM2.5),213,222,385,163,330,117,,82,82,18,31,6,11,1.2,1.8
2024-02-11T1600,1639A,117.5852,34.7745,枣庄市,峄城区政府,细颗粒物(PM2.5),119,151,321,90,264,119,,76,76,15,30,17,21,0.6,1.2
2024-02-11T1600,1640A,117.7276,34.5578,枣庄市,台儿庄区环保局,细颗粒物(PM2.5),188,190,347,141,291,117,,72,72,26,31,13,9,1.2,1.7
2024-02-11T1600,1641A,117.4518,35.0992,枣庄市,山亭区环保局,细颗粒物(PM2.5),165,173,316,125,270,119,,94,94,22,33,14,17,1.0,1.6
2024-02-11T1600,3364A,117.3152,34.8103,枣庄市,市环保局,细颗粒物(PM2.5),175,186,325,132,273,113,,86,86,21,32,9,11,0.9,1.4
2024-02-11T1600,1680A,110.3539,21.2706,湛江市,湛江影剧院,,33,33,107,15,92,98,,74,74,5,16,5,14,0.5,0.9
2024-02-11T1600,1681A,110.3928,21.2228,湛江市,市环境监测站,,42,42,99,24,100,96,,72,72,5,16,5,14,0.4,0.8
2024-02-11T1600,1682A,110.4019,21.1997,湛江市,环保局宿舍,,35,35,94,11,94,96,,71,71,6,15,6,14,0.5,0.9
2024-02-11T1600,1683A,110.4111,21.2028,湛江市,霞山游泳场,,32,28,104,22,90,92,,70,70,7,22,5,12,0.5,1
2024-02-11T1600,1684A,110.3316,21.2679,湛江市,麻章区环保局,,39,38,109,27,102,98,,73,73,4,12,4,15,0.4,0.8
2024-02-11T1600,1685A,110.4558,21.2567,湛江市,坡头区环保局,,38,38,95,18,98,104,,74,74,5,19,3,9,0.4,0.8
2024-02-11T1600,1858A,110.5319,29.1217,张家界市,永定新区,颗粒物(PM10),55,59,66,34,49,94,,58,58,4,10,2,2,0.5,0.6
2024-02-11T1600,1859A,110.4697,29.1242,张家界市,电业局,颗粒物(PM10),57,63,85,39,60,98,,55,55,6,15,5,5,0.6,0.8
2024-02-11T1600,1860A,110.5594,29.3547,张家界市,未央路,颗粒物(PM10),54,57,61,33,44,88,,57,57,1,8,3,3,0.3,0.5
2024-02-11T1600,1861A,110.4417,29.315,张家界市,袁家界,,45,45,46,25,36,76,,73,73,14,12,7,6,0.6,0.8
2024-02-11T1600,1057A,114.8883,40.8336,张家口市,人民公园,,37,37,42,3,17,100,,82,82,12,12,5,5,0.4,0.4
2024-02-11T1600,1059A,114.8687,40.8042,张家口市,五金库,,35,35,51,13,29,99,,80,80,3,6,7,7,0.2,0.3
2024-02-11T1600,1060A,114.8902,40.762,张家口市,世纪豪园,,33,27,42,9,26,103,,85,85,7,10,5,6,0.4,0.5
2024-02-11T1600,1061A,114.8916,40.8661,张家口市,北泵房,,41,41,41,21,21,105,,88,88,8,9,9,8,0.7,0.6
2024-02-11T1600,3131A,114.879,40.7993,张家口市,烟厂,,31,25,44,1,25,98,,79,79,8,10,8,8,0.5,0.5
2024-02-11T1600,3323A,115.2773,40.9724,张家口市,青少年活动中心,,32,23,61,6,43,102,,85,85,2,12,4,7,0.2,0.4
2024-02-11T1600,2654A,100.4698,38.9524,张掖市,润泉湖,颗粒物(PM10),69,87,70,23,21,84,,62,62,3,9,4,5,0.2,0.3
2024-02-11T1600,2655A,100.4154,38.9422,张掖市,区工会,颗粒物(PM10),72,93,91,25,30,86,,62,62,4,10,3,6,0.4,0.5
2024-02-11T1600,2075A,117.6336,24.4674,漳州市,九湖,,,,,,,,,,,,,,,,
2024-02-11T1600,2920A,117.7116,24.506,漳州市,蓝田镇,,42,35,57,29,49,104,,70,70,5,6,5,4,0.4,0.6
2024-02-11T1600,3216A,114.6622,24.5183,漳州市,漳州党校,,38,33,58,26,48,109,,71,71,8,9,5,5,0.5,0.7
2024-02-11T1600,3530A,117.6296,24.5314,漳州市,西洋坪路,,34,28,50,23,42,106,,70,70,5,7,4,4,0.4,0.6
2024-02-11T1600,2596A,103.7667,27.3736,昭通市,监测站,,30,29,40,15,30,94,,81,81,4,8,6,13,0.5,0.6
2024-02-11T1600,2597A,103.7225,27.3361,昭通市,环保局,,36,36,64,22,46,94,,74,74,4,14,7,20,0.4,0.9
2024-02-11T1600,1397A,112.4267,23.0706,肇庆市,睦岗子站,,31,25,41,18,33,98,,66,66,12,18,5,7,0.4,0.6
2024-02-11T1600,1398A,112.4645,23.0475,肇庆市,城中子站,,37,26,46,24,37,117,,84,84,8,14,6,6,0.4,0.5
2024-02-11T1600,1399A,112.5544,23.1522,肇庆市,坑口子站,,33,24,29,19,26,105,,75,75,10,18,5,5,0.5,0.6
2024-02-11T1600,1400A,112.4753,23.1,肇庆市,七星岩子站,,,,,,,,,,,,,,,,
2024-02-11T1600,3313A,112.4575,23.0166,肇庆市,高要湖西,,36,35,65,23,54,113,,75,75,6,14,7,9,0.5,0.7
2024-02-11T1600,3451A,112.5617,23.2083,肇庆市,鼎湖凤凰,,35,33,29,24,24,112,,81,81,8,8,7,6,0.4,0.5
2024-02-11T1600,1203A,119.6707,32.1875,镇江市,新区办事处,细颗粒物(PM2.5),105,125,154,79,105,111,,83,83,30,60,5,8,0.8,0.8
2024-02-11T1600,1204A,119.4974,32.1968,镇江市,职教中心,细颗粒物(PM2.5),89,109,127,66,98,118,,98,98,17,27,10,10,0.6,0.8
2024-02-11T1600,1205A,119.4303,32.1328,镇江市,丹徒区监测站,细颗粒物(PM2.5),83,95,120,61,96,116,,93,93,9,18,4,7,0.6,0.8
2024-02-11T1600,2870A,119.4424,32.1873,镇江市,市疾控中心,细颗粒物(PM2.5),97,108,126,72,98,117,,93,93,17,27,7,6,0.7,0.9
2024-02-11T1600,3287A,119.3842,32.1976,镇江市,富润路1号,细颗粒物(PM2.5),99,107,140,74,115,106,,84,84,17,31,8,12,0.5,0.7
2024-02-11T1600,1316A,113.69031,34.76122,郑州市,烟厂,颗粒物(PM10),83,116,112,28,31,107,,86,86,5,9,7,9,0.5,0.7
2024-02-11T1600,1317A,113.65724,34.77134,郑州市,郑纺机,颗粒物(PM10),73,96,112,24,37,101,,80,80,7,13,5,8,0.4,0.5
2024-02-11T1600,1318A,113.67526,34.80246,郑州市,银行学校,颗粒物(PM10),58,66,99,25,38,98,,78,78,6,9,4,8,0.1,0.3
2024-02-11T1600,1319A,113.56746,34.81334,郑州市,供水公司,颗粒物(PM10),69,88,111,26,42,98,,77,77,5,8,7,10,0.4,0.5
2024-02-11T1600,1320A,113.7329,34.7178,郑州市,经开区管委,颗粒物(PM10),73,95,101,43,36,105,,82,82,6,10,9,11,0.5,0.5
2024-02-11T1600,1321A,113.73961,34.77172,郑州市,四十七中,颗粒物(PM10),71,92,101,31,41,99,,79,79,6,11,10,12,0.6,0.6
2024-02-11T1600,1322A,113.60532,34.74838,郑州市,市监测站,颗粒物(PM10),68,85,103,23,35,105,,82,82,2,8,3,2,0.4,0.5
2024-02-11T1600,1323A,113.64164,34.7525,郑州市,河医大,颗粒物(PM10),74,98,111,32,48,99,,82,82,6,10,7,11,0.3,0.3
2024-02-11T1600,1324A,113.51488,34.91089,郑州市,岗李水库,,,,,,,,,,,,,,,,
2024-02-11T1600,3471A,113.616563,34.86783,郑州市,惠济区政府,颗粒物(PM10),67,83,106,18,31,100,,81,81,4,6,5,6,0.2,0.3
2024-02-11T1600,3590A,113.8374,34.5589,郑州市,北区建设指挥部,颗粒物(PM10),87,124,108,52,38,115,,95,95,13,13,6,7,0.5,0.4
2024-02-11T1600,3591A,113.30952,34.803229,郑州市,上街区政府,颗粒物(PM10),60,69,119,22,35,96,,81,81,10,12,8,8,0.4,0.4
2024-02-11T1600,1379A,113.3769,22.5211,中山市,华柏园,,49,49,76,30,60,109,,77,77,8,22,5,5,0.4,0.7
2024-02-11T1600,1380A,113.3881,22.5497,中山市,张溪,,40,36,100,28,82,118,,84,84,5,23,5,6,0.3,0.6
2024-02-11T1600,1381A,113.4075,22.5111,中山市,紫马岭,,36,33,69,25,58,111,,84,84,3,11,6,7,0.4,0.6
2024-02-11T1600,1382A,113.4411,22.4853,中山市,长江旅游区,,,,,,,,,,,,,,,,
2024-02-11T1600,3454A,113.3528,22.478,中山市,中山南区,,35,29,58,22,54,110,,84,84,8,13,4,5,0.5,0.8
2024-02-11T1600,2680A,105.0025,37.4635,中卫市,沙坡头消防站,,,,,,,,,,,,,,,,
2024-02-11T1600,2682A,105.1971,37.5002,中卫市,环保局站,颗粒物(PM10),65,80,108,30,67,87,,28,,16,25,8,10,0.5,0.6
2024-02-11T1600,3650A,105.1698,37.5162,中卫市,沙坡头区政府站,颗粒物(PM10),75,100,117,31,59,91,,62,62,12,23,9,11,0.3,0.4
2024-02-11T1600,1414A,106.3787,29.8279,重庆市,缙云山,细颗粒物(PM2.5),73,71,71,53,55,107,,94,88,13,11,13,12,0.1,0.1
2024-02-11T1600,1416A,106.4213,29.8253,重庆市,天生,细颗粒物(PM2.5),83,80,90,61,80,111,,66,66,13,18,10,8,1.0,1
2024-02-11T1600,1417A,106.6263,29.7228,重庆市,两路,细颗粒物(PM2.5),69,57,94,50,80,109,,75,75,14,32,9,10,0.8,1.1
2024-02-11T1600,1418A,106.2953,29.5983,重庆市,虎溪,细颗粒物(PM2.5),83,76,90,61,77,120,,77,77,7,16,8,6,0.7,0.8
2024-02-11T1600,1419A,106.5777,29.5102,重庆市,南坪,细颗粒物(PM2.5),92,70,109,68,88,110,,75,75,21,23,12,14,1.0,1.2
2024-02-11T1600,1420A,106.6556,29.6277,重庆市,唐家沱,细颗粒物(PM2.5),85,69,91,63,79,118,,72,72,10,14,10,9,0.8,0.9
2024-02-11T1600,1421A,106.6349,29.4906,重庆市,茶园,细颗粒物(PM2.5),100,77,105,75,90,127,,69,69,9,21,10,9,1.0,1.2
2024-02-11T1600,1422A,106.3754,29.4572,重庆市,白市驿,细颗粒物(PM2.5),78,84,106,57,78,123,,79,79,16,20,8,9,0.7,0.9
2024-02-11T1600,1425A,106.6205,29.7166,重庆市,空港,细颗粒物(PM2.5),63,60,94,45,78,112,,82,82,8,26,9,10,0.7,1
2024-02-11T1600,1426A,106.4782,29.4875,重庆市,新山村,细颗粒物(PM2.5),82,77,104,60,82,117,,65,65,20,41,10,9,0.6,0.9
2024-02-11T1600,1427A,106.5616,29.6453,重庆市,礼嘉,颗粒物(PM10),64,77,99,44,78,120,,71,71,10,26,10,11,0.8,1
2024-02-11T1600,1428A,106.4522,29.7091,重庆市,蔡家,细颗粒物(PM2.5),72,,86,52,73,112,,66,66,6,13,8,6,0.5,0.7
2024-02-11T1600,1429A,106.5093,29.3917,重庆市,鱼新街,细颗粒物(PM2.5),70,69,103,51,85,118,,72,72,18,29,11,10,1.1,1.4
2024-02-11T1600,3014A,106.4958,29.5346,重庆市,歇台子,细颗粒物(PM2.5),75,80,96,55,74,112,,70,70,22,36,10,11,0.7,0.9
2024-02-11T1600,3015A,106.4037,29.5728,重庆市,龙井湾,细颗粒物(PM2.5),78,61,89,57,82,113,,84,84,8,13,9,11,0.6,0.8
2024-02-11T1600,3016A,106.5507,29.4153,重庆市,龙洲湾,细颗粒物(PM2.5),92,74,113,68,88,102,,64,64,22,21,8,9,1.0,1.1
2024-02-11T1600,3133A,106.5468,29.5654,重庆市,上清寺,细颗粒物(PM2.5),94,75,96,70,87,100,,62,62,28,47,8,8,0.8,1
2024-02-11T1600,3346A,108.3872,31.1628,重庆市,安康,细颗粒物(PM2.5),59,47,75,42,73,83,,49,49,10,16,11,11,0.7,0.9
2024-02-11T1600,3347A,105.9017,29.3569,重庆市,北山路,细颗粒物(PM2.5),124,,84,94,87,124,,79,79,5,13,16,11,0.8,0.7
2024-02-11T1600,3348A,105.839,30.1946,重庆市,春阳街,细颗粒物(PM2.5),87,,110,64,110,104,,57,57,8,25,12,9,0.8,1.2
2024-02-11T1600,3349A,107.7983,30.6758,重庆市,人民东路,细颗粒物(PM2.5),67,70,99,48,80,96,,70,70,7,15,9,10,0.7,0.9
2024-02-11T1600,3350A,106.6479,29.0244,重庆市,滩子口,细颗粒物(PM2.5),135,140,113,103,96,111,,54,54,15,22,41,16,1.1,0.9
2024-02-11T1600,3351A,105.7167,29.7076,重庆市,棠香,细颗粒物(PM2.5),102,89,108,76,92,114,,72,72,9,19,11,7,0.8,1
2024-02-11T1600,3352A,107.0732,29.8617,重庆市,桃源西路,细颗粒物(PM2.5),104,,134,78,126,107,,58,58,9,15,11,4,0.5,0.7
2024-02-11T1600,3353A,107.3535,29.7287,重庆市,迎宾大道,细颗粒物(PM2.5),94,,117,70,131,99,,49,49,10,23,12,10,0.6,0.8
2024-02-11T1600,3354A,108.815,29.5081,重庆市,舟白,细颗粒物(PM2.5),55,41,76,39,76,90,,49,49,6,12,10,9,0.5,0.7
2024-02-11T1600,3355A,108.3679,30.8426,重庆市,周家坝,细颗粒物(PM2.5),59,,88,42,84,84,,46,46,14,29,9,10,0.4,0.8
2024-02-11T1600,3356A,108.4319,30.7555,重庆市,百安坝,细颗粒物(PM2.5),63,,66,45,65,93,,60,60,10,12,9,9,0.5,0.6
2024-02-11T1600,3482A,107.7541,29.3277,重庆市,芙蓉中路,细颗粒物(PM2.5),65,51,60,47,55,88,,60,60,7,9,7,9,0.7,0.7
2024-02-11T1600,3483A,108.7661,29.5368,重庆市,西山,细颗粒物(PM2.5),52,36,76,36,79,99,,54,54,5,11,11,9,0.4,0.7
2024-02-11T1600,3484A,106.2628,29.32,重庆市,行政中心,细颗粒物(PM2.5),104,85,108,78,103,119,,72,72,18,22,13,14,0.9,1.1
2024-02-11T1600,3485A,107.0944,29.1608,重庆市,高寺路,细颗粒物(PM2.5),64,,104,46,104,91,,57,57,8,14,11,11,0.4,0.8
2024-02-11T1600,3599A,106.2649,29.9851,重庆市,书院路,细颗粒物(PM2.5),107,,114,80,114,103,,50,50,7,14,11,8,0.7,1
2024-02-11T1600,3600A,106.2339,29.5559,重庆市,虎峰,细颗粒物(PM2.5),72,79,98,52,79,121,,79,79,14,17,12,11,0.9,0.9
2024-02-11T1600,3601A,106.0499,29.8342,重庆市,龙门街,细颗粒物(PM2.5),78,84,112,57,93,111,,63,63,14,29,13,11,0.9,1.2
2024-02-11T1600,3610A,105.5933,29.4105,重庆市,昌元,细颗粒物(PM2.5),84,83,115,62,96,126,,71,71,9,25,10,8,0.6,1
2024-02-11T1600,1258A,122.122,30.0203,舟山市,定海檀枫,细颗粒物(PM2.5),55,54,85,39,74,102,,94,94,12,27,8,7,0.4,0.7
2024-02-11T1600,1259A,122.3094,29.9558,舟山市,普陀东港,细颗粒物(PM2.5),67,81,82,48,62,130,,111,111,16,30,8,8,0.7,0.8
2024-02-11T1600,1260A,122.19,29.9944,舟山市,临城新区,颗粒物(PM10),56,61,77,37,67,107,,102,102,10,21,9,8,0.3,0.6
2024-02-11T1600,2067A,114.6613,33.6128,周口市,市环境监测站,颗粒物(PM10),110,169,210,55,139,100,,76,76,9,23,4,7,0.7,0.9
2024-02-11T1600,2068A,114.6758,33.6347,周口市,周口师范,颗粒物(PM10),103,155,187,46,104,104,,83,83,14,24,4,7,0.3,0.5
2024-02-11T1600,2069A,114.6546,33.5979,周口市,市运管处,颗粒物(PM10),107,164,195,57,122,104,,83,83,7,17,4,7,0.5,0.7
2024-02-11T1600,2070A,114.6369,33.6406,周口市,川汇区环保局,颗粒物(PM10),104,157,190,58,121,102,,82,82,11,18,5,7,0.7,0.8
2024-02-11T1600,1515A,113.135,27.8244,株洲市,天台山庄,细颗粒物(PM2.5),65,64,117,47,89,106,,69,69,6,20,8,9,0.8,1
2024-02-11T1600,1518A,113.095,27.8867,株洲市,株冶医院,细颗粒物(PM2.5),77,67,111,56,104,109,,76,76,5,19,10,10,0.6,0.7
2024-02-11T1600,1519A,113.167,27.8667,株洲市,市四中,细颗粒物(PM2.5),69,63,100,50,85,105,,67,67,8,13,5,5,0.8,0.9
2024-02-11T1600,1520A,113.143,27.8381,株洲市,火车站,细颗粒物(PM2.5),69,61,96,50,80,106,,69,69,3,8,10,10,0.9,1
2024-02-11T1600,1524A,113.13,27.8528,株洲市,市监测站,细颗粒物(PM2.5),85,69,125,63,112,111,,73,73,5,17,7,7,1.0,1.2
2024-02-11T1600,1559A,113.251,27.8336,株洲市,大京风景区,细颗粒物(PM2.5),55,54,70,39,66,99,,72,72,4,5,8,7,0.6,0.8
2024-02-11T1600,2031A,113.1817,27.9958,株洲市,云田中学,细颗粒物(PM2.5),83,70,97,61,82,114,,77,77,7,6,8,8,0.7,0.7
2024-02-11T1600,1367A,113.5814,22.2618,珠海市,吉大,,49,49,60,32,47,108,,78,78,11,16,4,5,0.4,0.6
2024-02-11T1600,1368A,113.4881,22.2335,珠海市,前山,细颗粒物(PM2.5),55,,85,39,78,102,,75,75,2,16,10,10,0.3,0.8
2024-02-11T1600,1369A,113.628,22.4251,珠海市,唐家,,47,47,66,25,56,105,,77,77,7,12,6,6,0.5,0.8
2024-02-11T1600,1370A,113.299,22.2281,珠海市,斗门,,36,33,70,25,60,104,,83,83,4,13,4,6,0.3,0.6
2024-02-11T1600,3308A,113.3494,22.0569,珠海市,金湾,,39,39,74,21,49,104,,82,82,12,13,5,6,0,0.2
2024-02-11T1600,3448A,113.5433,22.1163,珠海市,横琴,,42,37,50,29,42,105,,78,78,16,12,8,8,0.4,0.5
2024-02-11T1600,2420A,114.0189,32.9656,驻马店市,市一纸厂,颗粒物(PM10),84,118,197,37,83,104,,83,83,7,18,5,7,0.4,0.5
2024-02-11T1600,2421A,114.0114,33.015,驻马店市,市彩印厂,颗粒物(PM10),89,127,181,34,59,107,,86,86,2,7,6,9,0.3,0.3
2024-02-11T1600,2422A,113.9976,32.9771,驻马店市,天方二分厂,颗粒物(PM10),85,120,187,42,86,101,,78,78,6,22,6,8,0.4,0.5
2024-02-11T1600,3339A,114.0012,33.0412,驻马店市,小管楼,颗粒物(PM10),94,137,172,46,59,105,,88,88,1,6,9,10,0.2,0.2
2024-02-11T1600,2561A,104.6617,30.1372,资阳市,莲花山,细颗粒物(PM2.5),59,51,84,42,74,110,,76,76,13,15,6,6,0.5,0.5
2024-02-11T1600,2562A,104.6356,30.1506,资阳市,资阳中学,细颗粒物(PM2.5),88,,88,65,79,124,,77,77,6,13,8,7,1.0,1
2024-02-11T1600,2563A,104.6295,30.1383,资阳市,四三一厂,细颗粒物(PM2.5),70,62,127,51,96,122,,76,76,9,19,9,8,1.0,1.1
2024-02-11T1600,2564A,104.6463,30.1146,资阳市,师范校,细颗粒物(PM2.5),78,61,167,57,132,114,,69,69,8,22,6,6,1.0,1.1
2024-02-11T1600,2565A,104.6296,30.1256,资阳市,区法院,细颗粒物(PM2.5),83,,109,61,92,123,,75,75,4,23,5,5,1.0,1.1
2024-02-11T1600,1631A,118.0414,36.8103,淄博市,人民公园,颗粒物(PM10),58,66,97,34,72,108,,89,89,10,26,8,15,0.4,0.8
2024-02-11T1600,1633A,117.8525,36.4847,淄博市,双山,细颗粒物(PM2.5),82,112,92,60,63,112,,101,101,13,20,13,16,0.6,0.8
2024-02-11T1600,1634A,117.9592,36.6331,淄博市,气象站,细颗粒物(PM2.5),79,89,85,58,63,119,,98,98,12,23,12,17,0.9,0.9
2024-02-11T1600,1635A,118.3092,36.8194,淄博市,莆田园,颗粒物(PM10),59,68,106,41,76,115,,103,103,7,17,10,19,0.5,1
2024-02-11T1600,3363A,117.9883,36.8372,淄博市,新区,颗粒物(PM10),65,80,103,36,74,110,,96,96,5,16,10,17,0.6,0.9
2024-02-11T1600,3644A,117.8661,36.805,淄博市,三金集团,颗粒物(PM10),60,69,98,34,69,114,,92,92,9,25,12,29,0.5,1
2024-02-11T1600,3645A,118.0253,36.8406,淄博市,东风化工厂,颗粒物(PM10),65,80,111,34,80,114,,97,97,11,26,10,16,0.5,1
2024-02-11T1600,3027A,104.72,29.3427,自贡市,青杠林路,细颗粒物(PM2.5),100,76,103,75,90,130,,70,70,10,30,4,4,0.5,0.7
2024-02-11T1600,3028A,104.776,29.3627,自贡市,檀木林体育馆,细颗粒物(PM2.5),95,82,97,71,84,125,,74,74,7,18,8,8,0.5,0.5
2024-02-11T1600,3360A,104.7894,29.3194,自贡市,南湖救助站,,,61,94,56,80,132,,72,72,9,30,,6,0.4,0.6
2024-02-11T1600,3638A,104.7636,29.3338,自贡市,轻化工大学,细颗粒物(PM2.5),88,76,101,65,81,119,,72,72,11,31,5,5,0.5,0.7
2024-02-11T1600,1911A,106.9222,27.6869,遵义市,丁字口,,40,40,73,27,56,92,,61,61,16,32,17,47,0.5,1
2024-02-11T1600,1912A,106.9242,27.7019,遵义市,凤凰山,,49,42,67,34,58,109,,77,77,6,7,16,20,0.6,0.8
2024-02-11T1600,1913A,106.8906,27.6486,遵义市,忠庄,,48,39,82,33,65,106,,65,65,10,22,13,26,0.4,0.8
2024-02-11T1600,1914A,106.9231,27.6506,遵义市,舟水桥,,43,43,77,29,52,74,,52,52,7,15,13,16,0.4,0.7
2024-02-11T1600,1915A,106.9178,27.72,遵义市,干田坝,,38,38,60,21,47,107,,75,75,10,21,16,21,0.6,0.8
2024-02-11T1600,3536A,106.8547,27.5919,遵义市,第十二小学,,43,39,124,30,112,105,,69,69,5,23,19,51,0.2,0.9
