timepoint,stationcode,longitude,latitude,area,positionname,primarypollutant,aqi,pm10,pm10_24h,pm2_5,pm2_5_24h,o3,o3_24h,o3_8h,o3_8h_24h,no2,no2_24h,so2,so2_24h,co,co_24h
2022-11-10T17:00:00,1001A,116.3621,39.8784,北京市,万寿西宫,细颗粒物(PM2.5),115,104,113,87,88,95,91,76,76,30,49,1,2,0.9,0.8
2022-11-10T17:00:00,1002A,116.2202,40.2915,北京市,定陵(对照点),细颗粒物(PM2.5),72,72,97,52,65,101,94,72,72,12,20,3,2,0.6,0.6
2022-11-10T17:00:00,1003A,116.4174,39.9289,北京市,东四,细颗粒物(PM2.5),123,108,118,93,95,97,94,81,81,26,35,2,3,0.7,0.7
2022-11-10T17:00:00,1004A,116.4072,39.8863,北京市,天坛,细颗粒物(PM2.5),117,104,108,88,84,100,100,82,82,23,37,2,2,0.9,0.8
2022-11-10T17:00:00,1005A,116.462,39.9365,北京市,农展馆,细颗粒物(PM2.5),102,84,105,76,80,106,95,83,83,29,49,3,3,0.9,0.8
2022-11-10T17:00:00,1006A,116.3392,39.9295,北京市,官园,细颗粒物(PM2.5),108,98,112,81,82,105,96,77,77,26,49,3,3,0.8,0.8
2022-11-10T17:00:00,1007A,116.2878,39.9611,北京市,海淀万柳,细颗粒物(PM2.5),105,98,110,79,76,99,89,66,66,31,58,2,2,0.7,0.7
2022-11-10T17:00:00,1008A,116.6636,40.135,北京市,顺义新城,细颗粒物(PM2.5),113,98,111,85,82,108,98,82,82,21,28,1,3,0.9,0.7
2022-11-10T17:00:00,1009A,116.6275,40.3275,北京市,怀柔镇,细颗粒物(PM2.5),85,78,89,63,66,89,87,66,66,38,27,1,2,0.7,0.6
2022-11-10T17:00:00,1010A,116.2296,40.217,北京市,昌平镇,细颗粒物(PM2.5),68,62,103,49,75,94,93,62,62,18,35,2,2,0.5,0.7
2022-11-10T17:00:00,1011A,116.3966,39.9821,北京市,奥体中心,细颗粒物(PM2.5),107,99,111,80,80,96,80,73,73,36,50,2,2,0.9,0.7
2022-11-10T17:00:00,1012A,116.184,39.9136,北京市,古城,细颗粒物(PM2.5),109,109,117,82,77,96,90,66,66,29,56,1,2,0.9,0.8
2022-11-10T17:00:00,1015A,117.1444,39.1661,天津市,勤俭道,细颗粒物(PM2.5),222,207,247,172,200,84,47,60,60,41,58,6,8,1.5,1.5
2022-11-10T17:00:00,1017A,117.237,39.1082,天津市,大直沽八号路,细颗粒物(PM2.5),220,190,233,170,191,59,42,42,42,47,68,6,6,1.9,1.5
2022-11-10T17:00:00,1018A,117.202,39.0927,天津市,前进道,细颗粒物(PM2.5),204,188,228,154,189,66,50,49,49,48,65,8,8,1.6,1.3
2022-11-10T17:00:00,1019A,117.1837,39.2133,天津市,淮河道,细颗粒物(PM2.5),226,223,263,176,197,89,48,66,66,48,65,8,9,1.6,1.5
2022-11-10T17:00:00,1021A,117.307,39.0877,天津市,跃进路,细颗粒物(PM2.5),229,223,257,179,188,66,22,40,40,64,65,9,8,2.4,1.5
2022-11-10T17:00:00,1023A,117.707,39.0343,天津市,第四大街,细颗粒物(PM2.5),238,226,223,188,180,40,1,20,20,72,76,6,6,2.1,1.7
2022-11-10T17:00:00,1024A,117.457,38.8394,天津市,永明路,细颗粒物(PM2.5),223,218,214,173,179,54,9,54,22,75,71,11,8,2.4,1.5
2022-11-10T17:00:00,1026A,117.764,39.1587,天津市,汉北路,细颗粒物(PM2.5),226,212,205,176,171,55,15,26,17,51,60,9,8,1.8,1.7
2022-11-10T17:00:00,1027A,117.157,38.9194,天津市,团泊洼(对照点),细颗粒物(PM2.5),152,206,238,116,117,57,33,35,35,47,59,8,7,2.3,1.9
2022-11-10T17:00:00,1029A,114.4422,38.0444,石家庄市,职工医院,细颗粒物(PM2.5),160,163,147,122,116,123,112,97,97,28,57,8,8,0.9,0.8
2022-11-10T17:00:00,1030A,114.6063,38.0266,石家庄市,高新区,细颗粒物(PM2.5),182,178,167,137,123,126,112,94,94,,56,6,6,,1.2
2022-11-10T17:00:00,1031A,114.4898,38.1328,石家庄市,西北水源,细颗粒物(PM2.5),156,150,165,119,117,118,113,96,96,19,60,9,8,1.2,1
2022-11-10T17:00:00,1032A,114.4586,38.0058,石家庄市,西南高教,细颗粒物(PM2.5),182,158,150,137,124,122,114,95,95,27,61,7,7,1.0,0.9
2022-11-10T17:00:00,1033A,114.5331,38.0178,石家庄市,世纪公园,细颗粒物(PM2.5),170,156,159,129,118,110,98,86,86,26,59,7,7,1.3,1.3
2022-11-10T17:00:00,1034A,114.509,38.0457,石家庄市,人民会堂,细颗粒物(PM2.5),175,146,97,132,83,127,117,114,114,23,34,6,23,1.1,0.9
2022-11-10T17:00:00,1035A,114.3524,37.8911,石家庄市,封龙山(对照点),细颗粒物(PM2.5),142,133,147,108,111,115,114,99,99,35,39,,,1.1,1.3
2022-11-10T17:00:00,1037A,118.131,39.6363,唐山市,雷达站,细颗粒物(PM2.5),213,198,204,163,182,46,9,24,23,62,70,3,5,2.6,2.1
2022-11-10T17:00:00,1038A,118.1725,39.6334,唐山市,物资局,细颗粒物(PM2.5),182,175,197,137,169,40,6,22,22,63,81,6,10,2.3,2.2
2022-11-10T17:00:00,1040A,118.1705,39.6506,唐山市,十二中,细颗粒物(PM2.5),198,183,187,148,157,30,5,16,16,64,78,4,6,2.2,2.1
2022-11-10T17:00:00,1041A,118.1869,39.622,唐山市,小山,细颗粒物(PM2.5),186,179,198,140,175,35,5,16,16,64,73,5,8,2.3,2.2
2022-11-10T17:00:00,1042A,119.5134,39.8207,秦皇岛市,北戴河环保局,细颗粒物(PM2.5),125,100,106,95,99,91,61,80,78,26,28,5,5,0.6,0.7
2022-11-10T17:00:00,1043A,119.7493,40.0116,秦皇岛市,第一关,细颗粒物(PM2.5),150,127,124,115,101,99,14,81,49,67,55,6,7,1.1,1.1
2022-11-10T17:00:00,1044A,119.5897,39.9499,秦皇岛市,监测站,细颗粒物(PM2.5),147,129,119,112,105,78,33,72,42,47,44,6,8,0.9,1.1
2022-11-10T17:00:00,1046A,119.5251,39.9041,秦皇岛市,建设大厦,细颗粒物(PM2.5),107,93,124,80,94,102,56,79,49,42,48,5,7,0.9,1.2
2022-11-10T17:00:00,1047A,114.5129,36.61763,邯郸市,环保局,,,,,,,,,,,,,,,,
2022-11-10T17:00:00,1048A,114.5302,36.6116,邯郸市,东污水处理厂,细颗粒物(PM2.5),251,226,199,201,176,48,28,32,32,76,58,6,8,1.1,1.4
2022-11-10T17:00:00,1049A,114.4918,36.5713,邯郸市,矿院,细颗粒物(PM2.5),252,218,207,202,193,56,44,44,44,68,63,9,10,1.3,1.7
2022-11-10T17:00:00,1050A,114.484,36.6133,邯郸市,丛台公园,细颗粒物(PM2.5),241,226,203,191,173,62,42,45,45,59,48,8,10,0.9,1.2
2022-11-10T17:00:00,1051A,115.493,38.8632,保定市,游泳馆,细颗粒物(PM2.5),109,98,129,82,110,104,100,83,83,32,65,8,9,0.1,0.3
2022-11-10T17:00:00,1052A,115.5213,38.8959,保定市,华电二区,细颗粒物(PM2.5),108,75,124,81,106,101,96,79,79,44,78,6,8,0.9,1.1
2022-11-10T17:00:00,1053A,115.4713,38.9108,保定市,接待中心,细颗粒物(PM2.5),80,92,137,59,93,96,93,77,77,26,62,5,7,0.7,0.8
2022-11-10T17:00:00,1054A,115.4612,38.8416,保定市,地表水厂,颗粒物(PM10),89,128,145,63,89,91,85,77,77,36,69,7,9,0.6,0.8
2022-11-10T17:00:00,1055A,115.4323,38.8697,保定市,胶片厂,,,,,,,,,,,,,,,,
2022-11-10T17:00:00,1056A,115.5086,38.8639,保定市,监测站,细颗粒物(PM2.5),112,98,137,84,109,106,94,81,81,47,68,7,7,0.6,0.8
2022-11-10T17:00:00,1057A,114.8883,40.8336,张家口市,人民公园,细颗粒物(PM2.5),58,39,47,41,39,98,98,76,76,22,26,10,7,0.5,0.6
2022-11-10T17:00:00,1059A,114.8687,40.8042,张家口市,五金库,细颗粒物(PM2.5),62,49,43,44,43,88,71,66,66,31,27,11,10,0.6,0.7
2022-11-10T17:00:00,1060A,114.8902,40.762,张家口市,世纪豪园,细颗粒物(PM2.5),63,62,64,45,53,93,75,69,69,31,30,6,4,0.9,1
2022-11-10T17:00:00,1061A,114.8916,40.8661,张家口市,北泵房(对照点),细颗粒物(PM2.5),53,53,51,37,44,100,100,78,78,26,30,10,11,0.9,1.1
2022-11-10T17:00:00,1062A,117.9531,40.9081,承德市,铁路,细颗粒物(PM2.5),100,119,111,75,73,38,19,25,25,64,62,9,10,0.8,1
2022-11-10T17:00:00,1063A,117.9392,40.9763,承德市,中国银行,细颗粒物(PM2.5),108,103,97,81,76,42,36,34,34,50,55,7,5,0.8,1
2022-11-10T17:00:00,1064A,117.9503,40.928,承德市,开发区,,,97,94,,70,41,34,32,32,54,60,9,8,1.0,1.1
2022-11-10T17:00:00,1065A,117.8051,40.9655,承德市,文化中心,细颗粒物(PM2.5),104,96,114,78,94,72,72,44,44,29,46,7,6,0.8,1.1
2022-11-10T17:00:00,1066A,117.9268,41.0026,承德市,离宫(对照点),细颗粒物(PM2.5),102,102,89,76,73,49,7,28,27,33,42,7,8,0.8,1
2022-11-10T17:00:00,1067A,116.6708,39.5111,廊坊市,药材公司,细颗粒物(PM2.5),186,170,168,140,122,120,103,88,88,33,62,8,10,1.3,1
2022-11-10T17:00:00,1068A,116.7214,39.5589,廊坊市,开发区,细颗粒物(PM2.5),199,165,150,149,122,120,100,87,87,42,74,8,9,1.4,1
2022-11-10T17:00:00,1070A,116.7244,39.5269,廊坊市,北华航天学院,细颗粒物(PM2.5),214,176,171,164,134,115,99,86,86,41,73,6,7,1.3,1
2022-11-10T17:00:00,1071A,116.8842,38.2991,沧州市,沧县城建局,细颗粒物(PM2.5),281,219,215,231,208,45,43,26,26,52,74,6,7,1.9,1.5
2022-11-10T17:00:00,1072A,116.8584,38.3254,沧州市,电视转播站,细颗粒物(PM2.5),251,238,226,201,189,62,54,30,30,41,56,6,7,1.8,1.4
2022-11-10T17:00:00,1073A,116.8709,38.3228,沧州市,市环保局,细颗粒物(PM2.5),258,224,228,208,193,64,56,34,34,43,60,7,10,1.8,1.5
2022-11-10T17:00:00,1074A,115.6838,37.7541,衡水市,电机北厂,细颗粒物(PM2.5),266,257,250,216,194,34,24,17,17,58,57,12,13,1.1,1.1
2022-11-10T17:00:00,1075A,115.6303,37.7316,衡水市,市监测站,细颗粒物(PM2.5),268,,260,218,202,25,10,16,16,70,57,5,6,,1.4
2022-11-10T17:00:00,1077A,114.4704,37.0886,邢台市,达活泉,细颗粒物(PM2.5),258,225,179,208,159,94,85,74,74,36,57,7,8,1.4,1.3
2022-11-10T17:00:00,1078A,114.5062,37.0349,邢台市,邢师高专,细颗粒物(PM2.5),255,188,160,205,164,87,83,71,71,30,46,,7,1.4,1.2
2022-11-10T17:00:00,1079A,114.5237,37.0851,邢台市,路桥公司,细颗粒物(PM2.5),245,231,196,195,158,97,89,78,78,30,48,7,7,1.4,1.3
2022-11-10T17:00:00,1080A,114.4725,37.0719,邢台市,市环保局,细颗粒物(PM2.5),250,222,184,200,155,91,80,73,73,34,55,7,9,1.3,1.2
2022-11-10T17:00:00,1081A,112.5139,37.8873,太原市,尖草坪,细颗粒物(PM2.5),132,135,163,100,126,74,60,52,52,55,61,16,14,1.6,1.5
2022-11-10T17:00:00,1083A,112.434,38.0108,太原市,上兰(对照点),,,,,,,,,,,,,,,,
2022-11-10T17:00:00,1084A,112.469,37.7124,太原市,晋源,细颗粒物(PM2.5),102,104,160,76,114,87,67,62,62,44,58,10,15,1.1,1.3
2022-11-10T17:00:00,1085A,112.5583,37.7394,太原市,小店,细颗粒物(PM2.5),128,131,176,97,132,77,40,55,55,69,57,9,13,1.2,1.7
2022-11-10T17:00:00,1086A,112.5369,37.8692,太原市,桃园,细颗粒物(PM2.5),134,129,159,102,123,67,56,50,50,53,58,13,13,1.6,1.5
2022-11-10T17:00:00,1087A,112.57,37.8195,太原市,坞城,细颗粒物(PM2.5),122,115,152,92,122,80,60,62,62,48,53,10,13,1.2,1.3
2022-11-10T17:00:00,1088A,112.549,37.9854,太原市,南寨,细颗粒物(PM2.5),112,106,162,84,105,94,68,71,71,42,52,5,8,1.0,1.3
2022-11-10T17:00:00,1089A,112.4701,37.782,太原市,金胜,,,,,,,,,,,,,,,,
2022-11-10T17:00:00,1090A,111.6507,40.7517,呼和浩特市,呼市一监,,,34,36,40,40,16,12,10,10,,,7,6,1.1,1.3
2022-11-10T17:00:00,1091A,111.6572,40.8033,呼和浩特市,小召,细颗粒物(PM2.5),54,39,35,38,43,86,86,54,54,22,46,17,12,0.7,1
2022-11-10T17:00:00,1094A,111.7516,40.8369,呼和浩特市,如意水处理厂,,39,32,44,27,36,56,56,30,30,23,48,3,4,1.1,1.6
2022-11-10T17:00:00,1095A,111.7276,40.8062,呼和浩特市,二十九中,,43,26,37,30,38,84,82,55,55,16,45,6,8,1.1,1.5
2022-11-10T17:00:00,1096A,111.5512,40.7866,呼和浩特市,工大金川校区,,,,,,,,,,,,,,,,
2022-11-10T17:00:00,1097A,111.717,40.7612,呼和浩特市,化肥厂生活区,,,32,44,31,43,80,78,58,58,,,8,10,0.9,1.3
2022-11-10T17:00:00,1098A,123.6836,41.9339,沈阳市,森林路(对照点),,,,,,,,,,,,,,,,
2022-11-10T17:00:00,1099A,123.505,41.7406,沈阳市,浑南东路,细颗粒物(PM2.5),89,97,116,66,82,104,58,77,77,47,45,9,17,1.3,1.1
2022-11-10T17:00:00,1100A,123.4231,41.6989,沈阳市,新秀街,细颗粒物(PM2.5),102,94,114,76,86,98,33,75,69,65,39,10,26,1.3,1.2
2022-11-10T17:00:00,1102A,123.5903,41.8411,沈阳市,东陵路,细颗粒物(PM2.5),130,124,98,99,89,99,11,67,64,76,43,12,14,1.2,1.2
2022-11-10T17:00:00,1103A,123.4264,41.8467,沈阳市,陵东街,细颗粒物(PM2.5),163,186,142,124,98,92,9,74,50,85,46,12,17,1.3,1.1
2022-11-10T17:00:00,1104A,123.4114,41.7653,沈阳市,文化路,细颗粒物(PM2.5),128,104,114,97,96,95,38,77,65,64,36,13,24,1.4,1.2
2022-11-10T17:00:00,1105A,123.4678,41.7867,沈阳市,小河沿,细颗粒物(PM2.5),133,137,134,101,91,91,29,75,71,74,50,10,12,1.1,1.1
2022-11-10T17:00:00,1106A,123.4017,41.7972,沈阳市,太原街,细颗粒物(PM2.5),155,202,151,118,100,89,8,77,46,86,44,14,19,1.4,1.2
2022-11-10T17:00:00,1108A,123.3783,41.9228,沈阳市,京沈街,细颗粒物(PM2.5),213,194,149,163,126,87,36,71,51,45,36,14,21,1.3,1.1
2022-11-10T17:00:00,1109A,121.612,38.9741,大连市,甘井子,细颗粒物(PM2.5),64,52,96,46,78,89,66,74,74,45,52,5,7,0.5,0.6
2022-11-10T17:00:00,1110A,121.565,38.9511,大连市,周水子,颗粒物(PM10),53,56,112,35,71,78,68,62,62,36,50,4,9,0.6,0.8
2022-11-10T17:00:00,1111A,121.5637,38.8845,大连市,星海三站,细颗粒物(PM2.5),69,46,78,50,75,70,61,62,62,39,37,6,9,0.7,0.8
2022-11-10T17:00:00,1112A,121.6302,38.9117,大连市,青泥洼桥,颗粒物(PM10),55,60,94,38,62,87,69,69,69,48,50,10,10,0.7,1
2022-11-10T17:00:00,1113A,121.6251,38.8638,大连市,傅家庄,,,52,72,29,48,84,73,75,75,36,28,6,7,,1.1
2022-11-10T17:00:00,1114A,121.5213,38.8661,大连市,七贤岭,"颗粒物(PM10),细颗粒物(PM2.5)",53,55,83,37,60,103,74,79,79,37,34,7,9,0.5,0.7
2022-11-10T17:00:00,1115A,121.2529,38.8061,大连市,旅顺,,30,30,50,17,33,83,83,64,64,26,29,3,4,0.4,0.5
2022-11-10T17:00:00,1116A,121.7485,39.1311,大连市,金州,,46,43,86,32,66,94,73,76,76,35,31,8,10,0.6,0.8
2022-11-10T17:00:00,1117A,121.7811,39.0496,大连市,开发区,颗粒物(PM10),60,70,97,40,64,81,41,52,52,86,57,5,7,0.6,0.8
2022-11-10T17:00:00,1118A,121.9762,39.0631,大连市,双D港,,42,39,86,29,53,78,73,69,69,13,18,8,8,0.8,0.8
2022-11-10T17:00:00,1119A,125.3325,43.9166,长春市,食品厂,细颗粒物(PM2.5),148,122,144,113,114,97,59,70,70,40,60,7,11,0.6,1
2022-11-10T17:00:00,1120A,125.2863,43.9027,长春市,客车厂,细颗粒物(PM2.5),79,86,128,58,97,87,43,64,64,61,65,9,14,0.6,1.2
2022-11-10T17:00:00,1121A,125.2841,43.8463,长春市,邮电学院,细颗粒物(PM2.5),82,94,140,60,95,100,70,74,74,28,70,8,13,0.6,1.2
2022-11-10T17:00:00,1122A,125.3716,43.8772,长春市,劳动公园,细颗粒物(PM2.5),89,92,140,66,90,89,57,62,62,43,64,11,17,0.5,1
2022-11-10T17:00:00,1123A,125.3297,43.8805,长春市,园林处,细颗粒物(PM2.5),82,79,125,60,97,94,56,64,64,41,64,6,18,0.6,1.1
2022-11-10T17:00:00,1124A,125.4605,43.79,长春市,净月潭,颗粒物(PM10),56,61,90,34,66,96,75,83,83,16,31,6,6,0.4,0.7
2022-11-10T17:00:00,1125A,125.7194,43.515,长春市,甩湾子(对照点),,,,,,,,,,,,,,,,
2022-11-10T17:00:00,1126A,125.3863,43.8447,长春市,经开区环卫处,细颗粒物(PM2.5),89,90,160,66,93,93,43,62,62,54,63,11,12,0.6,1.1
2022-11-10T17:00:00,1127A,125.245,43.7783,长春市,高新区管委会,细颗粒物(PM2.5),95,104,132,71,108,81,20,60,55,80,64,6,9,0.7,1.1
2022-11-10T17:00:00,1128A,125.1761,43.8325,长春市,岱山公园,细颗粒物(PM2.5),74,90,132,54,93,84,49,57,57,57,72,16,17,0.6,1.1
2022-11-10T17:00:00,1129A,126.5422,45.755,哈尔滨市,岭北(对照点),,34,34,180,18,153,53,40,40,40,14,55,3,18,0.4,0.7
2022-11-10T17:00:00,1130A,126.561,45.8167,哈尔滨市,松北商大,,35,35,156,13,138,80,17,80,36,41,54,4,19,0.5,0.9
2022-11-10T17:00:00,1131A,126.979,45.5419,哈尔滨市,阿城会宁,细颗粒物(PM2.5),114,102,175,86,112,78,55,56,56,36,45,23,24,0.6,1
2022-11-10T17:00:00,1132A,126.599,45.7222,哈尔滨市,南岗学府路,,,36,49,38,117,58,31,45,45,39,61,7,23,,0.9
2022-11-10T17:00:00,1133A,126.689,45.7733,哈尔滨市,太平宏伟公园,细颗粒物(PM2.5),117,118,212,88,166,84,32,46,46,51,63,15,13,0.3,0.8
2022-11-10T17:00:00,1134A,126.635,45.7667,哈尔滨市,道外承德广场,细颗粒物(PM2.5),74,94,214,54,152,51,8,31,31,64,57,32,20,0.7,0.9
2022-11-10T17:00:00,1135A,126.685,45.7319,哈尔滨市,香坊红旗大街,,,93,178,51,152,58,28,46,46,,60,16,23,0.6,1.1
2022-11-10T17:00:00,1136A,126.6411,45.7258,哈尔滨市,动力和平路,细颗粒物(PM2.5),58,58,140,41,134,69,34,42,42,38,52,9,14,0.6,0.8
2022-11-10T17:00:00,1137A,126.593,45.7478,哈尔滨市,道里建国路,细颗粒物(PM2.5),69,50,145,50,130,54,26,39,39,46,56,15,18,0.6,1
2022-11-10T17:00:00,1138A,126.615,45.61,哈尔滨市,平房东轻厂,细颗粒物(PM2.5),80,94,178,59,147,44,11,34,33,62,59,14,21,0.7,0.8
2022-11-10T17:00:00,1139A,126.595,45.9855,哈尔滨市,呼兰师专,细颗粒物(PM2.5),62,44,219,44,203,61,28,43,43,33,52,10,18,0.6,1.3
2022-11-10T17:00:00,1140A,126.6206,45.6842,哈尔滨市,省农科院,细颗粒物(PM2.5),92,83,172,68,135,56,13,40,39,58,56,17,17,0.4,1.3
2022-11-10T17:00:00,1141A,121.4,31.238,上海市,普陀,细颗粒物(PM2.5),54,50,56,38,34,114,52,80,80,53,34,5,6,0.7,0.8
2022-11-10T17:00:00,1142A,121.478,31.2036,上海市,十五厂,,,66,47,34,38,114,63,82,82,42,40,8,10,,0.6
2022-11-10T17:00:00,1143A,121.467,31.3008,上海市,虹口,细颗粒物(PM2.5),54,53,54,38,33,76,50,54,54,49,42,8,8,0.6,0.7
2022-11-10T17:00:00,1144A,121.412,31.1654,上海市,徐汇上师大,,45,44,39,31,34,87,50,68,68,59,50,7,8,0.7,0.8
2022-11-10T17:00:00,1145A,121.536,31.2659,上海市,杨浦四漂,颗粒物(PM10),54,58,54,32,37,88,66,69,69,41,47,7,9,0.7,0.8
2022-11-10T17:00:00,1146A,120.978,31.0935,上海市,青浦淀山湖(对照点),,,,,,,,,,,,,,,,
2022-11-10T17:00:00,1147A,121.425,31.2261,上海市,静安监测站,颗粒物(PM10),55,60,67,34,37,114,54,82,82,50,34,6,7,0.7,0.6
2022-11-10T17:00:00,1148A,121.703,31.1907,上海市,浦东川沙,,42,41,42,29,31,100,96,78,78,19,28,6,6,0.5,0.6
2022-11-10T17:00:00,1149A,121.533,31.2284,上海市,浦东新区监测站,,49,49,61,33,38,87,66,65,65,23,25,6,6,0.7,0.7
2022-11-10T17:00:00,1150A,121.577,31.2071,上海市,浦东张江,,45,35,43,31,35,79,66,65,65,30,30,4,4,0.8,0.8
2022-11-10T17:00:00,1151A,118.8086,32.1065,南京市,迈皋桥,颗粒物(PM10),86,121,80,58,42,159,115,104,104,83,58,8,5,1.0,0.7
2022-11-10T17:00:00,1152A,118.7538,32.0551,南京市,草场门,细颗粒物(PM2.5),77,85,65,56,42,158,129,109,109,63,62,6,4,0.9,0.8
2022-11-10T17:00:00,1153A,118.7794,32.0745,南京市,山西路,细颗粒物(PM2.5),77,100,68,56,40,180,144,125,125,59,44,5,5,0.7,0.4
2022-11-10T17:00:00,1154A,118.7752,32.0023,南京市,中华门,,,88,82,48,40,167,145,112,112,52,64,5,6,,0.5
2022-11-10T17:00:00,1155A,118.8109,32.0309,南京市,瑞金路,细颗粒物(PM2.5),83,73,59,61,42,179,149,122,122,46,46,5,5,0.7,0.5
2022-11-10T17:00:00,1156A,118.7997,32.0754,南京市,玄武湖,细颗粒物(PM2.5),95,84,62,71,43,172,136,117,117,59,41,5,4,0.7,0.6
2022-11-10T17:00:00,1157A,118.6414,32.0931,南京市,浦口,细颗粒物(PM2.5),67,60,52,48,39,181,152,132,132,43,40,5,5,0.7,0.6
2022-11-10T17:00:00,1158A,118.7356,31.9996,南京市,奥体中心,细颗粒物(PM2.5),77,64,60,56,52,163,146,109,109,53,59,4,4,0.6,0.6
2022-11-10T17:00:00,1159A,118.9125,32.1028,南京市,仙林大学城,细颗粒物(PM2.5),73,88,65,53,37,159,136,116,116,52,44,7,4,1.1,0.7
2022-11-10T17:00:00,1160A,120.561,31.2472,苏州市,上方山(对照点),颗粒物(PM10),71,92,54,51,34,112,68,73,73,58,46,5,6,0.7,0.6
2022-11-10T17:00:00,1161A,120.628,31.2864,苏州市,南门,,,,,,,,,,,,,,,,
2022-11-10T17:00:00,1162A,120.591,31.3019,苏州市,彩香,细颗粒物(PM2.5),68,61,66,49,44,115,94,77,77,42,46,6,6,0.7,0.7
2022-11-10T17:00:00,1163A,120.596,31.3264,苏州市,轧钢厂,细颗粒物(PM2.5),60,64,67,43,39,115,86,75,75,54,50,6,6,0.8,0.8
2022-11-10T17:00:00,1164A,120.613,31.2703,苏州市,吴中区,细颗粒物(PM2.5),73,68,66,53,41,124,77,83,83,66,51,7,7,0.6,0.6
2022-11-10T17:00:00,1165A,120.543,31.2994,苏州市,苏州新区,细颗粒物(PM2.5),68,65,64,49,45,108,93,77,77,40,42,6,6,0.6,0.6
2022-11-10T17:00:00,1166A,120.669,31.3097,苏州市,苏州工业园区,,,60,65,46,40,82,82,82,82,50,45,6,5,,0.8
2022-11-10T17:00:00,1167A,120.641,31.3708,苏州市,相城区,颗粒物(PM10),52,53,58,34,32,104,83,71,71,40,47,6,6,0.7,0.7
2022-11-10T17:00:00,1168A,120.9098,31.9663,南通市,狼山街道,颗粒物(PM10),55,59,43,31,24,110,96,78,78,17,28,6,7,0.6,0.5
2022-11-10T17:00:00,1169A,120.86,32.0005,南通市,虹桥,颗粒物(PM10),56,62,46,38,43,98,85,69,69,25,33,5,6,0.7,0.6
2022-11-10T17:00:00,1170A,120.87,32.02,南通市,城中,细颗粒物(PM2.5),89,50,41,66,52,103,91,74,74,19,28,5,4,0.5,0.5
2022-11-10T17:00:00,1171A,120.94,31.93,南通市,星湖花园,颗粒物(PM10),55,60,38,36,28,114,98,80,80,17,29,7,7,0.6,0.5
2022-11-10T17:00:00,1172A,120.81,32.0417,南通市,紫琅学院,细颗粒物(PM2.5),58,53,48,41,29,99,92,71,71,20,30,6,6,0.6,0.5
2022-11-10T17:00:00,1173A,119.176,34.5885,连云港市,市环境监测站,颗粒物(PM10),52,53,52,19,24,122,100,106,106,20,21,5,6,0.3,0.4
2022-11-10T17:00:00,1177A,117.179,34.2761,徐州市,黄河新村,细颗粒物(PM2.5),104,112,85,78,56,61,61,38,38,30,43,7,9,1.0,0.8
2022-11-10T17:00:00,1178A,117.1918,34.2384,徐州市,淮塔,细颗粒物(PM2.5),119,129,99,90,61,67,67,46,46,33,44,6,6,0.8,0.7
2022-11-10T17:00:00,1180A,117.256,34.2153,徐州市,新城区,细颗粒物(PM2.5),132,129,93,100,69,64,62,43,43,38,44,7,9,1.0,1
2022-11-10T17:00:00,1181A,117.244,34.2911,徐州市,桃园路,细颗粒物(PM2.5),132,146,105,100,63,76,69,51,51,33,40,2,4,1.0,0.9
2022-11-10T17:00:00,1182A,117.2933,34.2778,徐州市,农科院,细颗粒物(PM2.5),119,124,88,90,56,91,42,45,45,56,49,5,6,0.9,0.9
2022-11-10T17:00:00,1186A,119.389,32.3761,扬州市,邗江监测站,细颗粒物(PM2.5),99,107,89,74,44,104,71,66,66,38,63,7,9,1.1,1.2
2022-11-10T17:00:00,1188A,120.269,31.4867,无锡市,雪浪,颗粒物(PM10),68,85,66,48,35,127,70,68,68,62,59,7,10,0.9,0.9
2022-11-10T17:00:00,1189A,120.275,31.6219,无锡市,黄巷,,,92,83,44,40,137,95,86,86,,62,10,11,1.2,1
2022-11-10T17:00:00,1190A,120.294,31.56,无锡市,曹张,细颗粒物(PM2.5),62,67,54,44,36,145,89,87,87,50,50,9,10,0.9,0.8
2022-11-10T17:00:00,1191A,120.242,31.5031,无锡市,漆塘,细颗粒物(PM2.5),67,80,65,48,38,160,95,87,87,52,51,10,11,0.7,0.6
2022-11-10T17:00:00,1192A,120.3489,31.5863,无锡市,东亭,细颗粒物(PM2.5),70,68,65,51,43,133,90,85,85,39,50,8,7,1.0,0.9
2022-11-10T17:00:00,1193A,120.354,31.5475,无锡市,旺庄,细颗粒物(PM2.5),70,70,64,51,41,126,93,82,82,46,60,9,10,1.2,1.2
2022-11-10T17:00:00,1194A,120.245,31.5631,无锡市,荣巷,细颗粒物(PM2.5),77,75,65,56,37,157,106,89,89,46,60,8,9,1.0,0.8
2022-11-10T17:00:00,1195A,120.299,31.6817,无锡市,堰桥,颗粒物(PM10),68,85,66,39,41,144,107,101,101,38,55,10,8,1.8,1
2022-11-10T17:00:00,1196A,119.9633,31.762,常州市,市监测站,细颗粒物(PM2.5),138,193,131,105,63,141,100,90,90,77,75,14,7,2.2,1.1
2022-11-10T17:00:00,1200A,119.9468,31.7069,常州市,武进监测站,细颗粒物(PM2.5),130,182,113,99,45,151,110,104,104,76,67,20,11,2.3,1
2022-11-10T17:00:00,1201A,119.9255,31.9087,常州市,安家,,,,108,,56,172,93,117,117,42,69,5,6,1.1,0.9
2022-11-10T17:00:00,1203A,119.6707,32.1875,镇江市,新区办事处,细颗粒物(PM2.5),79,77,79,58,47,112,79,74,74,46,70,2,5,1.0,1
2022-11-10T17:00:00,1204A,119.4974,32.1968,镇江市,职教中心,,,82,67,,75,112,79,78,78,,71,1,7,1.3,1
2022-11-10T17:00:00,1205A,119.4303,32.1328,镇江市,丹徒区监测站,细颗粒物(PM2.5),100,93,79,75,58,134,91,94,94,45,66,4,8,0.8,0.8
2022-11-10T17:00:00,1206A,119.905,32.4878,泰州市,公园路,细颗粒物(PM2.5),79,78,68,58,47,62,62,44,44,28,39,8,8,1.0,1.1
2022-11-10T17:00:00,1207A,119.9189,32.4625,泰州市,莲花,细颗粒物(PM2.5),83,71,71,61,51,73,71,54,54,36,44,9,9,0.8,0.9
2022-11-10T17:00:00,1209A,119.888,32.4639,泰州市,留学生创业园,细颗粒物(PM2.5),75,51,63,55,47,66,60,51,51,32,39,6,7,0.9,1
2022-11-10T17:00:00,1210A,119.036,33.5981,淮安市,钵池山,颗粒物(PM10),70,90,57,37,32,90,84,54,54,23,26,6,6,0.9,0.8
2022-11-10T17:00:00,1211A,119.007,33.575,淮安市,北京南路,细颗粒物(PM2.5),87,80,61,64,50,84,80,52,52,24,26,6,5,0.9,0.8
2022-11-10T17:00:00,1212A,118.989,33.6067,淮安市,市监测站,细颗粒物(PM2.5),89,92,61,66,53,95,85,55,55,31,31,4,3,0.9,0.8
2022-11-10T17:00:00,1213A,119.135,33.5039,淮安市,楚州区监测站,细颗粒物(PM2.5),73,85,58,53,39,83,83,57,57,21,27,6,6,0.8,0.8
2022-11-10T17:00:00,1214A,119.0186,33.6297,淮安市,淮阴区监测站,细颗粒物(PM2.5),75,87,58,55,43,90,85,55,55,25,29,5,5,0.7,0.6
2022-11-10T17:00:00,1215A,120.118,33.4022,盐城市,盐城电厂,,48,48,36,23,22,107,106,84,78,15,21,6,6,0.4,0.5
2022-11-10T17:00:00,1216A,120.156,33.3942,盐城市,市监测站,颗粒物(PM10),52,53,47,23,21,92,90,64,64,17,24,8,8,0.4,0.4
2022-11-10T17:00:00,1218A,120.2144,33.38,盐城市,开发区管委会,,43,43,33,29,25,102,98,73,73,19,23,8,7,0.2,0.4
2022-11-10T17:00:00,1220A,118.293,33.9528,宿迁市,宿迁学院,,,47,46,41,25,90,74,61,61,34,29,,5,0.7,0.7
2022-11-10T17:00:00,1221A,118.2442,33.9592,宿迁市,宿迁中学,细颗粒物(PM2.5),63,61,52,45,27,89,80,64,64,31,27,4,4,0.6,0.6
2022-11-10T17:00:00,1223A,120.2072,30.2111,杭州市,滨江,细颗粒物(PM2.5),97,132,79,72,41,132,132,93,93,55,65,7,6,0.7,0.9
2022-11-10T17:00:00,1224A,120.0633,30.2747,杭州市,西溪,颗粒物(PM10),51,51,51,30,28,114,91,89,89,30,30,9,9,0.5,0.6
2022-11-10T17:00:00,1225A,119.026,29.635,杭州市,千岛湖(对照点),,,,,,,,,,,,,,,,
2022-11-10T17:00:00,1226A,120.3461,30.3153,杭州市,下沙,颗粒物(PM10),54,58,77,37,40,128,120,100,100,38,65,10,9,0.5,0.9
2022-11-10T17:00:00,1227A,120.1269,30.2456,杭州市,卧龙桥,颗粒物(PM10),60,69,48,41,34,115,110,92,92,35,29,7,6,0.6,0.7
2022-11-10T17:00:00,1228A,120.1903,30.2692,杭州市,浙江农大,颗粒物(PM10),60,69,63,37,36,122,115,95,95,50,55,8,7,0.6,0.8
2022-11-10T17:00:00,1229A,120.157,30.2897,杭州市,朝晖五区,,,,,,,,,,,,,,,,
2022-11-10T17:00:00,1230A,120.1197,30.3119,杭州市,和睦小学,颗粒物(PM10),59,67,79,33,40,109,90,87,87,52,63,2,2,0.6,0.8
2022-11-10T17:00:00,1231A,120.3019,30.4183,杭州市,临平镇,颗粒物(PM10),66,81,90,37,38,138,138,93,93,35,59,8,8,0.8,1
2022-11-10T17:00:00,1232A,120.2697,30.1819,杭州市,城厢镇,细颗粒物(PM2.5),133,133,80,101,45,148,148,97,97,64,64,8,7,0.8,0.9
2022-11-10T17:00:00,1233A,120.0883,30.1808,杭州市,云栖,颗粒物(PM10),73,95,58,22,27,111,107,92,92,28,35,6,6,0.5,0.6
2022-11-10T17:00:00,1234A,121.8358,29.911,宁波市,区环保大楼,,41,41,41,21,24,78,32,42,42,36,44,5,7,0.6,0.6
2022-11-10T17:00:00,1235A,121.56,29.82,宁波市,万里学院,,16,12,52,5,27,96,50,72,72,18,32,6,8,0.4,0.5
2022-11-10T17:00:00,1236A,121.713,29.9572,宁波市,龙赛医院,颗粒物(PM10),98,146,67,50,35,101,10,53,52,119,56,12,11,0.7,0.6
2022-11-10T17:00:00,1239A,121.633,29.7733,宁波市,钱湖水厂,,22,8,30,10,21,90,69,67,67,4,10,5,6,0.3,0.4
2022-11-10T17:00:00,1240A,121.5856,29.8635,宁波市,太古小学,,28,19,35,19,30,85,44,61,61,40,37,9,11,0.6,0.6
2022-11-10T17:00:00,1241A,121.524,29.8674,宁波市,市环境监测中心,,40,40,50,18,23,84,34,56,56,48,38,6,10,0.6,0.4
2022-11-10T17:00:00,1242A,120.634,28.0089,温州市,瓯海,颗粒物(PM10),56,62,116,26,47,95,54,70,68,46,60,7,8,0.6,0.8
2022-11-10T17:00:00,1243A,120.6748,27.9939,温州市,南浦,颗粒物(PM10),53,56,91,21,41,91,56,63,63,40,58,6,7,0.3,0.6
2022-11-10T17:00:00,1244A,120.76,27.9747,温州市,龙湾,,44,44,85,14,34,73,71,52,52,22,63,5,7,0.4,0.6
2022-11-10T17:00:00,1245A,120.6709,28.0167,温州市,市站,颗粒物(PM10),56,61,85,20,41,102,63,76,76,40,53,6,6,0.5,0.7
2022-11-10T17:00:00,1246A,120.598,30.0911,绍兴市,袍江站,,,,,,,,,,,,,,,,
2022-11-10T17:00:00,1247A,120.6053,29.9928,绍兴市,城东开发委,颗粒物(PM10),63,75,56,39,38,117,114,91,91,29,39,10,9,0.6,0.8
2022-11-10T17:00:00,1250A,120.0751,30.8669,湖州市,城西水厂,颗粒物(PM10),51,51,82,28,41,194,156,111,111,29,62,5,8,0.5,0.7
2022-11-10T17:00:00,1252A,120.7436,30.778,嘉兴市,清河小学,,42,42,57,26,29,160,130,120,120,38,41,10,8,0.4,0.6
2022-11-10T17:00:00,1253A,120.726,30.7478,嘉兴市,嘉兴学院,,42,42,52,21,33,157,116,108,108,32,42,10,8,0.4,0.4
2022-11-10T17:00:00,1255A,121.273,28.6459,台州市,黄岩环保大楼,,44,44,54,22,31,106,63,88,88,20,24,6,6,0.4,0.5
2022-11-10T17:00:00,1256A,121.419,28.6542,台州市,台州环保大楼,颗粒物(PM10),52,54,61,32,32,139,69,84,84,14,31,6,8,0.5,0.5
2022-11-10T17:00:00,1257A,121.377,28.5773,台州市,路桥田洋王,颗粒物(PM10),65,79,70,35,39,124,56,88,88,23,34,6,7,0.4,0.7
2022-11-10T17:00:00,1258A,122.122,30.0203,舟山市,定海檀枫,,27,27,35,15,20,112,54,78,78,20,26,5,5,0.3,0.4
2022-11-10T17:00:00,1259A,122.3094,29.9558,舟山市,普陀东港,,26,26,36,17,23,91,42,61,61,34,23,5,6,0.3,0.4
2022-11-10T17:00:00,1260A,122.19,29.9944,舟山市,临城新区,,23,19,42,16,20,99,40,71,70,34,25,5,5,0.3,0.3
2022-11-10T17:00:00,1261A,119.649,29.1131,金华市,四中(停运161031),,,,,,,,,,,,,,,,
2022-11-10T17:00:00,1262A,119.647,29.077,金华市,十五中,,48,48,75,14,44,148,89,101,101,28,55,5,7,0.5,0.6
2022-11-10T17:00:00,1263A,119.686,29.1029,金华市,监测站,,,,81,,47,38,,28,,,47,,6,,0.6
2022-11-10T17:00:00,1264A,118.8692,28.9398,衢州市,环保大楼,,39,39,76,11,53,140,74,99,99,25,40,6,10,0.4,0.6
2022-11-10T17:00:00,1265A,118.8709,28.9666,衢州市,实验学校,,,,72,8,48,101,70,77,77,14,43,5,9,0.5,0.7
2022-11-10T17:00:00,1266A,118.8621,28.9808,衢州市,衢州学院,,26,19,67,10,43,130,82,109,109,12,38,6,8,0.4,0.6
2022-11-10T17:00:00,1267A,119.914,28.4514,丽水市,监测站大楼,,29,26,49,20,30,65,57,44,44,8,37,6,8,0.5,0.7
2022-11-10T17:00:00,1268A,119.93,28.4586,丽水市,莲都小学,,21,21,55,10,33,64,60,45,45,8,37,6,7,0.4,0.6
2022-11-10T17:00:00,1269A,119.879,28.4231,丽水市,余庄前,,21,8,45,10,26,76,66,56,56,5,21,5,6,0.3,0.5
2022-11-10T17:00:00,1270A,117.1959,31.7848,合肥市,明珠广场,颗粒物(PM10),59,68,100,36,49,153,119,110,110,52,69,14,14,0.7,0.9
2022-11-10T17:00:00,1271A,117.3072,31.8764,合肥市,三里街,颗粒物(PM10),60,70,111,27,50,151,127,102,102,33,73,12,12,0.7,1
2022-11-10T17:00:00,1272A,117.2588,31.8707,合肥市,琥珀山庄,颗粒物(PM10),65,80,103,41,50,154,124,106,106,23,49,11,11,0.7,0.9
2022-11-10T17:00:00,1273A,117.1604,31.9052,合肥市,董铺水库(对照点),颗粒物(PM10),65,80,107,41,50,158,150,107,107,20,53,13,12,0.8,1
2022-11-10T17:00:00,1274A,117.25,31.8571,合肥市,长江中路,颗粒物(PM10),63,75,109,44,63,155,135,104,104,26,50,13,14,0.7,0.8
2022-11-10T17:00:00,1275A,117.266,31.9436,合肥市,庐阳区,颗粒物(PM10),60,70,116,36,52,153,128,105,105,39,68,8,8,0.5,0.7
2022-11-10T17:00:00,1276A,117.336,31.8586,合肥市,瑶海区,,,66,115,31,61,152,133,121,121,,73,16,16,0.6,1.3
2022-11-10T17:00:00,1277A,117.3027,31.7964,合肥市,包河区,颗粒物(PM10),56,61,115,36,64,150,137,106,106,34,70,13,13,0.7,1
2022-11-10T17:00:00,1278A,117.2776,31.7385,合肥市,滨湖新区,颗粒物(PM10),69,88,98,41,54,164,153,126,126,21,36,16,16,0.7,0.8
2022-11-10T17:00:00,1279A,117.1318,31.8403,合肥市,高新区,颗粒物(PM10),57,63,95,39,50,154,146,116,116,24,52,11,10,0.4,0.6
2022-11-10T17:00:00,1280A,119.3903,26.0543,福州市,鼓山(对照点),,,,,,,,,,,,,,,,
2022-11-10T17:00:00,1282A,119.2681,26.0504,福州市,师大,,23,13,36,16,25,95,68,69,69,6,18,4,6,0.5,0.6
2022-11-10T17:00:00,1283A,119.2984,26.1028,福州市,五四北路,,26,24,28,18,19,77,64,64,64,7,11,3,3,0.7,0.7
2022-11-10T17:00:00,1284A,119.2648,26.0768,福州市,杨桥西路,,25,25,36,13,18,95,67,68,68,9,17,3,5,0.5,0.5
2022-11-10T17:00:00,1285A,119.317,26.0746,福州市,紫阳,,22,20,31,11,19,85,69,68,68,6,12,4,5,0.3,0.4
2022-11-10T17:00:00,1286A,118.1608,24.8169,厦门市,溪东(对照点),,,,,,,,,,,,,,,,
2022-11-10T17:00:00,1287A,118.1514,24.4767,厦门市,洪文,,45,45,34,28,19,108,88,87,87,18,21,4,2,0.4,0.4
2022-11-10T17:00:00,1288A,118.0661,24.4444,厦门市,鼓浪屿,,48,48,35,26,15,98,76,77,77,28,28,4,4,0.5,0.4
2022-11-10T17:00:00,1290A,115.8931,28.6843,南昌市,省外办,,50,50,91,22,44,147,102,110,110,26,56,8,10,0.8,1
2022-11-10T17:00:00,1291A,115.8886,28.7003,南昌市,省林业公司,,41,41,90,17,43,149,116,110,110,22,65,9,11,0.9,1
2022-11-10T17:00:00,1292A,115.8126,28.7442,南昌市,林科所,颗粒物(PM10),52,53,53,19,30,152,138,116,116,39,23,11,11,0.8,0.7
2022-11-10T17:00:00,1294A,115.8518,28.687,南昌市,建工学校,颗粒物(PM10),54,58,81,27,41,162,126,120,120,20,49,10,12,0.8,0.8
2022-11-10T17:00:00,1295A,115.8921,28.6424,南昌市,象湖,,48,48,78,19,44,147,112,108,108,13,53,6,10,0.5,0.9
2022-11-10T17:00:00,1296A,115.7423,28.7996,南昌市,武术学校(对照点),,36,33,40,25,33,130,102,104,104,8,10,19,17,0.7,0.8
2022-11-10T17:00:00,1298A,115.9314,28.6842,南昌市,省站,颗粒物(PM10),59,68,110,27,51,135,100,102,102,16,56,8,13,0.7,1
2022-11-10T17:00:00,1299A,116.9862,36.6114,济南市,科干所,颗粒物(PM10),76,102,84,46,53,117,44,59,50,66,43,8,6,0.9,0.8
2022-11-10T17:00:00,1300A,116.9376,36.665,济南市,农科所,颗粒物(PM10),74,98,117,34,59,94,45,39,39,56,75,6,7,0.3,0.8
2022-11-10T17:00:00,1301A,117.1265,36.6734,济南市,开发区,细颗粒物(PM2.5),124,166,108,94,56,101,53,65,65,76,63,29,9,1.5,0.8
2022-11-10T17:00:00,1303A,117.0624,36.6868,济南市,省种子仓库,细颗粒物(PM2.5),98,144,125,73,60,91,64,40,40,58,83,18,5,0.9,0.8
2022-11-10T17:00:00,1304A,116.9489,36.6447,济南市,机床二厂,颗粒物(PM10),85,120,125,54,66,95,54,44,44,58,76,8,7,0.8,1.1
2022-11-10T17:00:00,1305A,117.0495,36.663,济南市,市监测站,颗粒物(PM10),91,132,112,56,55,71,63,52,52,56,76,12,7,1.0,1
2022-11-10T17:00:00,1306A,116.7675,36.5484,济南市,长清党校,颗粒物(PM10),73,95,79,46,47,118,55,64,61,53,52,3,8,0.7,0.9
2022-11-10T17:00:00,1307A,120.6659,36.2403,青岛市,仰口(对照点),,38,34,28,24,22,128,120,113,113,10,10,5,6,0.4,0.1
2022-11-10T17:00:00,1308A,120.3905,36.1851,青岛市,李沧区子站,,,,,,,,,,,,,,,,
2022-11-10T17:00:00,1309A,120.3471,36.0699,青岛市,市北区子站,,,,,,,,,,,,,,,,
2022-11-10T17:00:00,1310A,120.4134,36.0658,青岛市,市南区东部子站,,36,36,30,19,16,118,108,112,107,11,10,6,7,0.5,0.5
2022-11-10T17:00:00,1311A,120.3664,36.1032,青岛市,四方区子站,,36,36,38,17,21,100,96,96,92,18,25,5,5,0.5,0.6
2022-11-10T17:00:00,1312A,120.2994,36.054,青岛市,市南区西部子站,,39,36,31,12,13,127,122,121,112,10,21,6,6,0.7,0.7
2022-11-10T17:00:00,1313A,120.4581,36.0858,青岛市,崂山区子站,,37,34,31,17,12,129,118,117,116,18,17,5,5,0.3,0.3
2022-11-10T17:00:00,1314A,120.1983,35.9608,青岛市,黄岛区子站,,36,36,32,17,17,123,112,122,118,24,30,5,6,0.4,0.4
2022-11-10T17:00:00,1315A,120.3999,36.3083,青岛市,城阳区子站,颗粒物(PM10),53,55,62,23,27,98,86,88,88,22,51,5,5,0.5,0.7
2022-11-10T17:00:00,1316A,113.69031,34.76122,郑州市,烟厂,细颗粒物(PM2.5),158,139,138,120,116,55,27,31,31,37,53,3,4,1.2,1
2022-11-10T17:00:00,1317A,113.65724,34.77134,郑州市,郑纺机,细颗粒物(PM2.5),173,159,150,131,131,54,31,36,36,36,54,8,9,1.4,1.3
2022-11-10T17:00:00,1318A,113.67526,34.80246,郑州市,银行学校,细颗粒物(PM2.5),160,164,144,122,117,56,30,34,34,43,56,7,8,1.7,1.4
2022-11-10T17:00:00,1319A,113.56746,34.81334,郑州市,供水公司,"颗粒物(PM10),细颗粒物(PM2.5)",114,178,152,86,78,64,30,28,28,33,49,5,6,1.3,1.1
2022-11-10T17:00:00,1320A,113.7329,34.7178,郑州市,经开区管委,细颗粒物(PM2.5),124,179,157,94,84,55,23,34,34,30,42,5,6,1.3,1.2
2022-11-10T17:00:00,1321A,113.73961,34.77172,郑州市,四十七中,颗粒物(PM10),126,202,175,94,85,56,23,26,26,41,52,8,8,1.5,1.2
2022-11-10T17:00:00,1322A,113.60532,34.74838,郑州市,市监测站,细颗粒物(PM2.5),145,170,177,111,141,47,33,33,33,34,55,6,8,1.1,1
2022-11-10T17:00:00,1323A,113.64164,34.7525,郑州市,河医大,细颗粒物(PM2.5),142,152,158,108,113,40,26,26,26,42,59,8,8,1.4,1.3
2022-11-10T17:00:00,1324A,113.51488,34.91089,郑州市,岗李水库(对照点),,,,,,,,,,,,,,,,
2022-11-10T17:00:00,1325A,114.3677,30.5584,武汉市,东湖梨园,臭氧1小时,65,51,87,27,50,186,172,168,168,20,47,11,11,1.0,1.2
2022-11-10T17:00:00,1326A,114.2529,30.558,武汉市,汉阳月湖,颗粒物(PM10),52,53,82,29,49,170,156,122,122,35,87,11,10,0.8,1.2
2022-11-10T17:00:00,1327A,114.282,30.6189,武汉市,汉口花桥,颗粒物(PM10),52,54,90,27,48,160,145,127,127,27,64,9,10,0.6,1
2022-11-10T17:00:00,1328A,114.3025,30.5332,武汉市,武昌紫阳,臭氧1小时,58,46,80,32,52,168,166,130,130,29,75,13,14,1.0,1.4
2022-11-10T17:00:00,1329A,114.3646,30.6217,武汉市,青山钢花,,,59,109,46,64,166,146,135,135,,80,13,16,1.1,1.4
2022-11-10T17:00:00,1330A,114.1566,30.4825,武汉市,沌口新区,颗粒物(PM10),57,64,105,30,53,165,138,136,136,38,100,12,21,0.8,1.2
2022-11-10T17:00:00,1331A,114.3014,30.5944,武汉市,汉口江滩,,48,48,76,31,43,181,143,144,144,51,84,13,12,0.9,0.9
2022-11-10T17:00:00,1333A,114.135,30.6319,武汉市,吴家山,颗粒物(PM10),54,57,96,29,58,162,151,123,123,43,92,11,12,0.8,1.3
2022-11-10T17:00:00,1334A,113.8454,30.2917,武汉市,沉湖七壕(对照点),,44,35,64,26,36,153,138,124,124,11,41,11,11,0.7,0.9
2022-11-10T17:00:00,1335A,113.0833,28.2325,长沙市,经开区环保局,,39,24,47,19,32,139,124,115,115,11,41,9,9,0.7,0.7
2022-11-10T17:00:00,1336A,112.8872,28.2189,长沙市,高开区环保局,,46,28,57,32,43,146,140,118,118,8,48,15,11,0.6,0.7
2022-11-10T17:00:00,1337A,113.0792,28.2053,长沙市,马坡岭,,37,32,65,19,40,144,118,117,117,11,47,10,10,0.6,0.7
2022-11-10T17:00:00,1338A,112.9394,28.19,长沙市,湖南师范大学,,,,46,37,34,133,120,105,105,11,24,10,8,0.9,1
2022-11-10T17:00:00,1339A,113.0178,28.1322,长沙市,雨花区环保局,,37,26,60,14,33,126,116,100,100,14,50,13,10,0.6,0.5
2022-11-10T17:00:00,1340A,112.9792,28.2597,长沙市,伍家岭,,50,50,76,20,43,157,118,120,120,28,57,9,8,0.7,0.8
2022-11-10T17:00:00,1341A,113.0014,28.1944,长沙市,火车新站,,37,28,58,17,34,126,118,112,112,14,51,12,9,0.7,0.8
2022-11-10T17:00:00,1342A,112.9844,28.1178,长沙市,天心区环保局,,40,27,55,24,35,143,125,116,116,18,43,12,10,0.6,0.6
2022-11-10T17:00:00,1343A,112.8908,28.1308,长沙市,湖南中医药大学,,42,42,81,27,44,134,103,102,102,23,56,6,10,0.6,0.7
2022-11-10T17:00:00,1344A,112.9581,28.3611,长沙市,沙坪(对照点),,37,34,40,19,28,141,117,113,113,17,20,5,4,0.6,0.6
2022-11-10T17:00:00,1345A,113.2347,23.1423,广州市,广雅中学,颗粒物(PM10),64,78,76,45,41,116,113,73,73,63,70,5,5,0.9,1
2022-11-10T17:00:00,1346A,113.2612,23.105,广州市,市五中,细颗粒物(PM2.5),72,72,67,52,46,134,131,82,82,60,71,7,6,0.9,1.2
2022-11-10T17:00:00,1348A,113.3478,23.0916,广州市,广东商学院,颗粒物(PM10),53,56,66,34,42,141,141,96,96,42,61,5,6,0.8,1
2022-11-10T17:00:00,1349A,113.4332,23.1047,广州市,市八十六中,颗粒物(PM10),61,71,97,41,39,138,138,84,84,54,69,8,9,0.9,1.1
2022-11-10T17:00:00,1350A,113.3505,22.9483,广州市,番禺中学,颗粒物(PM10),62,74,64,43,33,160,156,115,115,48,56,6,6,0.9,1.1
2022-11-10T17:00:00,1351A,113.2146,23.3916,广州市,花都师范,臭氧1小时,79,74,60,44,34,196,183,126,126,31,47,9,7,0.7,0.8
2022-11-10T17:00:00,1352A,113.2597,23.1331,广州市,市监测站,细颗粒物(PM2.5),64,73,78,46,43,142,142,83,83,54,72,6,6,0.7,1
2022-11-10T17:00:00,1353A,113.5618,23.312,广州市,九龙镇镇龙,颗粒物(PM10),59,67,53,37,28,152,152,99,99,32,33,5,5,0.7,0.7
2022-11-10T17:00:00,1354A,113.2765,23.1544,广州市,麓湖,颗粒物(PM10),54,57,65,34,36,128,97,74,74,39,54,3,4,0.8,0.8
2022-11-10T17:00:00,1355A,113.443,23.3035,广州市,帽峰山森林公园(对照点),"颗粒物(PM10),细颗粒物(PM2.5)",75,100,55,55,31,129,129,93,93,26,21,5,5,0.6,0.5
2022-11-10T17:00:00,1356A,114.1063,22.5545,深圳市,通心岭子站,细颗粒物(PM2.5),62,72,31,44,18,98,93,73,73,56,25,3,3,0.6,0.5
2022-11-10T17:00:00,1357A,114.117,22.5625,深圳市,洪湖,颗粒物(PM10),63,75,47,44,23,122,102,88,88,53,38,7,6,0.8,0.7
2022-11-10T17:00:00,1358A,113.987,22.5417,深圳市,华侨城,细颗粒物(PM2.5),69,86,45,50,27,171,171,81,81,55,40,7,7,0.9,0.8
2022-11-10T17:00:00,1359A,113.9181,22.5171,深圳市,南海子站,臭氧1小时,102,88,55,45,28,203,203,107,107,54,49,4,4,0.6,0.6
2022-11-10T17:00:00,1360A,114.2458,22.5689,深圳市,盐田,,29,29,23,15,14,92,66,77,77,56,38,7,8,0.7,0.7
2022-11-10T17:00:00,1361A,114.2283,22.7244,深圳市,龙岗,颗粒物(PM10),65,79,54,41,29,170,166,130,130,28,41,4,5,0.6,0.7
2022-11-10T17:00:00,1362A,113.8953,22.5861,深圳市,西乡,,,,,,,,,,,,,,,,
2022-11-10T17:00:00,1363A,114.494,22.5422,深圳市,南澳,,41,39,26,24,13,130,130,102,102,11,11,6,6,0.4,0.4
2022-11-10T17:00:00,1364A,114.41,22.6342,深圳市,葵涌,,34,23,20,13,12,107,107,88,88,11,11,8,8,0.5,0.5
2022-11-10T17:00:00,1365A,114.297,22.5978,深圳市,梅沙,,33,30,27,16,13,113,103,98,98,11,10,9,9,0.4,0.4
2022-11-10T17:00:00,1366A,114.0678,22.738,深圳市,观澜,颗粒物(PM10),64,78,72,43,36,165,154,126,126,37,49,8,8,0.6,0.7
2022-11-10T17:00:00,1367A,113.5814,22.2618,珠海市,吉大,,,32,28,15,28,134,115,95,95,,26,6,6,0.4,0.4
2022-11-10T17:00:00,1368A,113.4881,22.2335,珠海市,前山,,36,29,42,19,20,133,114,83,83,26,49,5,6,0.4,0.6
2022-11-10T17:00:00,1369A,113.628,22.4251,珠海市,唐家,,49,39,40,24,29,155,155,108,108,14,28,6,7,0.3,0.3
2022-11-10T17:00:00,1370A,113.299,22.2281,珠海市,斗门,臭氧1小时,65,48,41,24,24,172,172,101,101,21,32,8,9,0.7,0.6
2022-11-10T17:00:00,1371A,113.1294,23.0067,佛山市,湾梁,颗粒物(PM10),63,75,71,35,32,115,111,72,72,44,55,13,12,0.7,1
2022-11-10T17:00:00,1372A,113.1083,23.0478,佛山市,华材职中,"颗粒物(PM10),细颗粒物(PM2.5)",64,78,74,46,42,112,112,66,66,38,54,11,10,0.4,0.8
2022-11-10T17:00:00,1373A,113.144,23.0453,佛山市,南海气象局,细颗粒物(PM2.5),69,69,69,50,41,117,112,71,71,44,65,9,9,0.6,0.9
2022-11-10T17:00:00,1374A,113.2881,22.8094,佛山市,顺德苏岗,臭氧1小时,78,47,54,41,43,182,182,97,97,46,60,6,7,1.0,1.3
2022-11-10T17:00:00,1375A,113.2544,22.7642,佛山市,容桂街道办,,,,,,,,,,,,,,,,
2022-11-10T17:00:00,1376A,112.8383,22.8678,佛山市,高明孔堂,,49,44,52,34,27,119,111,71,71,21,24,8,11,0.6,0.7
2022-11-10T17:00:00,1377A,112.8836,23.1588,佛山市,三水监测站,细颗粒物(PM2.5),55,58,62,39,37,108,102,78,78,35,48,4,7,0.6,0.7
2022-11-10T17:00:00,1378A,112.867,23.185,佛山市,三水云东海,颗粒物(PM10),57,63,52,35,30,139,127,106,106,24,34,5,6,0.5,0.5
2022-11-10T17:00:00,1379A,113.3769,22.5211,中山市,华柏园,,45,45,52,30,35,154,142,92,92,24,47,5,6,0.6,1
2022-11-10T17:00:00,1380A,113.3881,22.5497,中山市,张溪,,44,43,64,29,40,157,139,95,95,20,23,5,6,0.5,0.9
2022-11-10T17:00:00,1381A,113.4075,22.5111,中山市,紫马岭,颗粒物(PM10),52,54,48,32,25,143,142,88,88,21,31,8,7,0.5,0.6
2022-11-10T17:00:00,1382A,113.4411,22.4853,中山市,长江旅游区(对照点),,,,33,,22,34,,42,,,18,,7,,0.5
2022-11-10T17:00:00,1383A,113.1064,22.6058,江门市,北街,,42,33,56,19,31,171,133,106,106,19,44,6,7,0.5,1.2
2022-11-10T17:00:00,1384A,113.0731,22.5835,江门市,西区,,39,31,58,26,36,148,124,103,103,24,52,6,8,0.7,1.1
2022-11-10T17:00:00,1385A,113.0219,22.5311,江门市,圭峰西,,45,45,48,23,30,134,130,102,102,22,30,6,6,0.7,0.9
2022-11-10T17:00:00,1386A,113.0828,22.5947,江门市,东湖,,37,31,66,23,37,142,116,104,104,17,41,7,8,0.6,1.2
2022-11-10T17:00:00,1387A,113.7875,23.0457,东莞市,东城主山,,,,,,,,,,,,,,,,
2022-11-10T17:00:00,1388A,113.7533,23.0202,东莞市,南城元岭,,,,,,,,,,,,,,,,
2022-11-10T17:00:00,1389A,113.7547,23.0494,东莞市,莞城梨川,细颗粒物(PM2.5),85,89,74,63,49,220,181,145,145,57,55,16,10,0.9,1.1
2022-11-10T17:00:00,1390A,113.7944,23.0128,东莞市,东城石井,臭氧1小时,73,50,54,34,36,218,178,155,155,16,32,11,11,0.7,0.8
2022-11-10T17:00:00,1391A,113.7383,22.9658,东莞市,南城西平,颗粒物(PM10),70,89,82,48,37,193,170,132,132,45,49,13,9,0.8,1
2022-11-10T17:00:00,1392A,114.4183,23.0528,惠州市,河南岸金山湖子站,,50,50,59,17,25,128,128,102,102,21,29,5,6,0.7,0.8
2022-11-10T17:00:00,1393A,114.4053,23.0822,惠州市,下埔横江三路子站,,49,40,52,20,26,161,156,153,153,18,36,6,6,0.5,0.6
2022-11-10T17:00:00,1394A,114.4103,23.1142,惠州市,江北云山西路子站,颗粒物(PM10),55,60,52,30,28,161,161,126,126,16,28,4,6,0.3,0.5
2022-11-10T17:00:00,1395A,114.4645,22.7833,惠州市,惠阳区承修路船湖子站,颗粒物(PM10),51,52,50,22,23,153,137,120,120,19,23,3,4,0.5,0.5
2022-11-10T17:00:00,1396A,114.5317,22.7422,惠州市,大亚湾管委会子站,颗粒物(PM10),53,55,46,19,18,134,106,108,108,34,29,4,4,0.4,0.4
2022-11-10T17:00:00,1397A,112.4267,23.0706,肇庆市,睦岗子站,,44,44,37,27,21,120,110,64,64,23,35,48,12,0.9,0.6
2022-11-10T17:00:00,1398A,112.4645,23.0475,肇庆市,城中子站,,37,37,39,25,26,113,107,65,65,18,34,10,15,0.6,0.8
2022-11-10T17:00:00,1399A,112.5544,23.1522,肇庆市,坑口子站,细颗粒物(PM2.5),78,80,42,57,28,131,123,84,84,24,26,22,9,0.6,0.5
2022-11-10T17:00:00,1400A,112.4753,23.1,肇庆市,七星岩子站(对照点),,45,45,34,27,20,117,111,70,70,15,28,16,6,0.6,0.7
2022-11-10T17:00:00,1401A,108.3103,22.7881,南宁市,二十一中,,31,31,53,15,33,90,81,81,81,10,16,5,7,0.6,0.7
2022-11-10T17:00:00,1402A,108.3141,22.8528,南宁市,北湖,,32,32,67,11,34,96,74,84,84,10,14,6,8,0.4,0.6
2022-11-10T17:00:00,1403A,108.3206,22.8225,南宁市,市监测站,,23,23,52,16,37,93,73,79,79,20,23,8,11,0.6,0.7
2022-11-10T17:00:00,1404A,108.3829,22.8037,南宁市,大自然花园,,28,28,52,16,38,90,81,82,82,10,13,6,7,0.5,0.7
2022-11-10T17:00:00,1405A,108.4394,22.7904,南宁市,仙葫(对照点),,28,28,59,18,38,81,80,74,74,9,13,7,7,0.6,0.8
2022-11-10T17:00:00,1406A,108.2397,22.8467,南宁市,区农职院,,29,26,48,14,33,92,90,83,83,19,24,6,7,0.5,0.6
2022-11-10T17:00:00,1407A,108.3275,22.735,南宁市,英华嘉园,,26,26,59,12,36,78,71,70,70,18,27,6,9,0.6,0.8
2022-11-10T17:00:00,1408A,108.2257,22.7757,南宁市,沙井镇街道办,,36,36,68,23,38,86,86,74,74,15,33,9,8,0.5,0.6
2022-11-10T17:00:00,1409A,110.576,19.9507,海口市,东寨港(对照点),,,15,21,12,12,70,64,61,61,,,7,6,0.2,0.3
2022-11-10T17:00:00,1410A,110.3232,20.0574,海口市,海南大学,,34,26,28,16,13,123,106,105,105,7,8,4,3,0.5,0.5
2022-11-10T17:00:00,1411A,110.283,20.0053,海口市,秀英海南医院,,,21,35,4,14,110,,99,98,7,8,4,4,,0.5
2022-11-10T17:00:00,1412A,110.338,19.9969,海口市,海南师范大学,,,33,39,11,12,113,102,103,103,6,8,2,2,,0.3
2022-11-10T17:00:00,1413A,110.33,20.0356,海口市,龙华路环保局宿舍,,30,28,30,13,12,107,96,95,95,6,7,4,4,0.5,0.5
2022-11-10T17:00:00,1414A,106.3787,29.8279,重庆市,缙云山(对照点),颗粒物(PM10),63,75,55,35,28,94,68,84,51,20,16,6,5,0.6,0.5
2022-11-10T17:00:00,1416A,106.4213,29.8253,重庆市,天生,颗粒物(PM10),86,122,88,56,63,77,60,34,34,21,31,12,13,0.8,0.8
2022-11-10T17:00:00,1417A,106.6263,29.7228,重庆市,两路,细颗粒物(PM2.5),68,72,75,49,47,91,55,41,41,42,60,11,10,1.0,1.1
2022-11-10T17:00:00,1418A,106.2953,29.5983,重庆市,虎溪,细颗粒物(PM2.5),84,84,83,62,71,88,57,64,39,37,34,12,16,1.2,1.1
2022-11-10T17:00:00,1419A,106.5777,29.5102,重庆市,南坪,细颗粒物(PM2.5),88,106,98,65,68,59,44,38,38,83,71,9,10,1.1,1.1
2022-11-10T17:00:00,1420A,106.6556,29.6277,重庆市,唐家沱,颗粒物(PM10),75,99,78,49,40,54,17,16,16,92,67,11,9,0.8,0.7
2022-11-10T17:00:00,1421A,106.6349,29.4906,重庆市,茶园,细颗粒物(PM2.5),90,104,100,67,56,81,27,33,33,103,75,12,11,0.8,0.7
2022-11-10T17:00:00,1422A,106.3754,29.4572,重庆市,白市驿,细颗粒物(PM2.5),74,89,88,54,63,111,93,69,64,24,30,12,15,0.9,0.8
2022-11-10T17:00:00,1425A,106.6205,29.7166,重庆市,空港,颗粒物(PM10),73,96,87,52,56,121,33,27,27,48,56,9,10,0.8,0.9
2022-11-10T17:00:00,1426A,106.4782,29.4875,重庆市,新山村,细颗粒物(PM2.5),90,90,104,67,63,87,69,46,46,40,66,6,7,0.6,0.8
2022-11-10T17:00:00,1427A,106.5616,29.6453,重庆市,礼嘉,细颗粒物(PM2.5),70,81,88,51,48,87,57,35,35,46,58,14,14,0.7,0.8
2022-11-10T17:00:00,1428A,106.4522,29.7091,重庆市,蔡家,细颗粒物(PM2.5),67,79,85,48,55,58,43,49,47,42,50,10,7,0.8,0.9
2022-11-10T17:00:00,1429A,106.5093,29.3917,重庆市,鱼新街,颗粒物(PM10),74,98,108,51,69,84,62,45,45,56,61,13,20,1.2,1.4
2022-11-10T17:00:00,1431A,103.9728,30.7236,成都市,金泉两河,,,,88,,58,69,65,33,33,,36,,4,0.6,0.8
2022-11-10T17:00:00,1432A,104.1419,30.6764,成都市,十里店,细颗粒物(PM2.5),102,99,85,76,63,60,60,34,34,34,40,4,4,0.6,0.7
2022-11-10T17:00:00,1433A,104.0594,30.5767,成都市,三瓦窑,细颗粒物(PM2.5),94,90,96,70,68,58,58,29,29,36,43,2,3,0.6,0.7
2022-11-10T17:00:00,1434A,104.1122,30.6306,成都市,沙河铺,细颗粒物(PM2.5),84,83,94,62,66,57,54,23,23,33,42,3,2,0.6,0.8
2022-11-10T17:00:00,1437A,104.0431,30.6556,成都市,君平街,,,,84,,65,81,68,50,50,34,39,6,5,0.5,0.5
2022-11-10T17:00:00,1438A,103.6202,31.0201,成都市,灵岩寺(对照点),细颗粒物(PM2.5),53,43,38,37,31,67,33,48,37,18,13,1,2,0.8,0.7
2022-11-10T17:00:00,1439A,106.6899,26.5998,贵阳市,马鞍山,,34,34,39,19,31,95,91,89,89,11,20,6,5,0.6,0.7
2022-11-10T17:00:00,1440A,106.6971,26.5694,贵阳市,市环保站,颗粒物(PM10),59,68,59,25,31,85,77,78,78,20,41,5,5,0.4,0.5
2022-11-10T17:00:00,1441A,106.6243,26.6266,贵阳市,鉴湖路,颗粒物(PM10),51,51,43,22,24,94,94,90,90,7,13,4,5,0.3,0.3
2022-11-10T17:00:00,1442A,106.7487,26.6343,贵阳市,燕子冲,,48,48,49,31,36,103,96,95,95,11,25,5,5,0.4,0.5
2022-11-10T17:00:00,1443A,106.6555,26.4365,贵阳市,碧云窝,,46,46,50,24,27,101,101,95,95,6,14,5,8,0.4,0.5
2022-11-10T17:00:00,1444A,106.694,26.5161,贵阳市,中院村,颗粒物(PM10),51,51,64,22,36,85,82,81,81,19,41,7,10,0.4,0.6
2022-11-10T17:00:00,1445A,106.7109,26.6027,贵阳市,红边门,,41,41,56,24,38,97,87,89,89,19,41,2,6,0.5,0.7
2022-11-10T17:00:00,1446A,106.7164,26.5699,贵阳市,新华路,,,39,56,29,32,98,90,90,90,10,31,5,6,,0.5
2022-11-10T17:00:00,1447A,106.674,26.5424,贵阳市,太慈桥,颗粒物(PM10),51,51,53,22,25,94,94,90,90,9,23,6,6,0.3,0.4
2022-11-10T17:00:00,1450A,102.8204,24.8886,昆明市,呈贡新区,,32,32,32,14,19,104,95,86,86,13,20,6,10,0.4,0.6
2022-11-10T17:00:00,1451A,102.6251,24.9608,昆明市,西山森林公园(对照点),,32,19,23,20,16,105,100,86,86,7,10,9,8,0.5,0.6
2022-11-10T17:00:00,1452A,102.7252,25.0902,昆明市,龙泉镇,,30,24,45,13,22,93,93,72,72,19,35,9,6,0.6,0.9
2022-11-10T17:00:00,1453A,102.7266,25.0375,昆明市,东风东路,,29,21,36,9,24,95,92,75,75,21,32,10,10,0.4,0.7
2022-11-10T17:00:00,1454A,102.6742,25.0669,昆明市,金鼎山,,36,36,44,18,24,99,98,75,75,16,29,9,8,0.5,0.7
2022-11-10T17:00:00,1455A,102.6644,25.0401,昆明市,碧鸡广场,,30,18,44,7,27,97,93,75,75,16,39,13,14,0.4,0.7
2022-11-10T17:00:00,1456A,91.1319,29.6514,拉萨市,八廓街,,,4,9,,,111,100,100,97,7,8,7,8,0,0
2022-11-10T17:00:00,1457A,91.1221,29.6747,拉萨市,市环保局,,31,10,12,3,6,110,99,100,94,5,8,2,2,0.3,0.3
2022-11-10T17:00:00,1458A,91.0874,29.6475,拉萨市,区监测站,,35,4,10,2,2,122,110,109,103,2,5,9,8,0.3,0.4
2022-11-10T17:00:00,1459A,91.1774,29.6541,拉萨市,西藏大学,,32,8,15,3,4,114,102,100,97,6,8,10,10,0,0.1
2022-11-10T17:00:00,1460A,90.9798,29.6588,拉萨市,区辐射站,,,,10,6,6,109,100,97,91,4,8,8,8,0.4,0.4
2022-11-10T17:00:00,1461A,91.0834,29.6292,拉萨市,拉萨火车站,,32,9,11,2,3,115,101,106,97,5,5,10,10,0,0
2022-11-10T17:00:00,1462A,108.882,34.2749,西安市,高压开关厂,颗粒物(PM10),120,189,166,68,92,22,6,12,7,55,52,6,6,1.0,1
2022-11-10T17:00:00,1463A,108.993,34.2629,西安市,兴庆小区,颗粒物(PM10),80,109,122,47,63,13,4,8,6,52,49,5,5,1.7,1.4
2022-11-10T17:00:00,1464A,109.06,34.2572,西安市,纺织城,颗粒物(PM10),94,137,147,48,56,9,5,6,6,57,51,7,7,1.3,1.2
2022-11-10T17:00:00,1465A,108.9356,34.2173,西安市,小寨,颗粒物(PM10),72,94,119,38,53,18,5,13,12,55,49,7,7,1.1,1
2022-11-10T17:00:00,1466A,108.954,34.2713,西安市,市人民体育场,颗粒物(PM10),105,159,136,73,90,14,5,10,7,53,48,5,6,1.0,0.9
2022-11-10T17:00:00,1467A,108.8922,34.2322,西安市,高新西区,,,128,138,,62,28,8,18,15,48,45,7,6,1.1,1
2022-11-10T17:00:00,1468A,108.935,34.3474,西安市,经开区,细颗粒物(PM2.5),107,135,112,80,70,61,28,18,18,49,54,5,5,1.1,1
2022-11-10T17:00:00,1469A,108.906,34.1546,西安市,长安区,颗粒物(PM10),57,64,103,38,60,31,12,23,20,49,40,5,5,1.0,1.1
2022-11-10T17:00:00,1470A,109.2,34.6575,西安市,阎良区,,,,,,,,,,,,,,,,
2022-11-10T17:00:00,1471A,109.2186,34.3731,西安市,临潼区,颗粒物(PM10),121,191,179,85,78,69,65,48,48,28,52,6,6,1.0,1
2022-11-10T17:00:00,1472A,108.869,34.378,西安市,草滩(对照点),细颗粒物(PM2.5),99,133,124,74,66,62,25,22,22,58,56,8,8,1.1,1
2022-11-10T17:00:00,1473A,108.985,34.1978,西安市,曲江文化产业集团,细颗粒物(PM2.5),95,137,154,71,91,12,4,9,7,56,52,4,4,1.2,1.3
2022-11-10T17:00:00,1474A,109.051,34.3213,西安市,广运潭,细颗粒物(PM2.5),107,146,139,80,68,64,48,31,31,32,44,6,6,0.9,1
2022-11-10T17:00:00,1476A,103.631,36.1031,兰州市,兰炼宾馆,颗粒物(PM10),71,91,118,51,76,160,108,106,106,20,67,21,36,0.6,1.1
2022-11-10T17:00:00,1477A,104.1373,35.9454,兰州市,榆中兰大校区(对照点),,,,,,,,,,,,,,,,
2022-11-10T17:00:00,1478A,103.8412,36.0726,兰州市,生物制品所,细颗粒物(PM2.5),62,61,101,44,59,107,98,72,72,18,67,18,15,1.1,1.4
2022-11-10T17:00:00,1479A,103.831,36.0464,兰州市,铁路设计院,细颗粒物(PM2.5),70,56,95,51,58,114,104,83,83,23,69,18,21,0.6,1.3
2022-11-10T17:00:00,1480A,101.748,36.6428,西宁市,市环境监测站,,,,,,,,,,,,,,,,
2022-11-10T17:00:00,1482A,101.834,36.5819,西宁市,四陆医院,,,,,,,,,,,,,,,,
2022-11-10T17:00:00,1483A,101.524,36.6867,西宁市,第五水厂(对照点),,,,,,,,,,,,,,,,
2022-11-10T17:00:00,1484A,105.9512,38.6016,银川市,贺兰山马莲口(对照点),细颗粒物(PM2.5),98,81,89,73,70,117,117,79,79,27,27,19,17,1.1,1.1
2022-11-10T17:00:00,1488A,106.2328,38.4975,银川市,贺兰山东路,细颗粒物(PM2.5),122,94,157,92,119,119,119,61,61,27,61,18,13,0.9,1.2
2022-11-10T17:00:00,1489A,106.1358,38.5036,银川市,学院路,细颗粒物(PM2.5),89,104,170,66,98,103,101,59,59,26,48,17,17,1.0,1.6
2022-11-10T17:00:00,1490A,87.5801,43.8303,乌鲁木齐市,监测站,,20,19,7,14,3,65,63,50,50,21,22,5,5,1.0,0.9
2022-11-10T17:00:00,1491A,87.6046,43.768,乌鲁木齐市,收费所,,26,26,8,13,5,74,74,63,62,21,19,7,6,0.3,0.2
2022-11-10T17:00:00,1492A,87.4754,43.9469,乌鲁木齐市,新疆农科院农场(对照点),,16,8,6,8,7,50,50,36,31,10,18,8,8,0.9,0.9
2022-11-10T17:00:00,1493A,87.5525,43.8711,乌鲁木齐市,铁路局,,,19,7,12,5,60,60,47,47,,9,5,5,0.8,0.8
2022-11-10T17:00:00,1494A,87.6432,43.831,乌鲁木齐市,三十一中学,,,33,14,,,78,72,62,62,15,16,10,8,0.3,0.2
2022-11-10T17:00:00,1496A,87.7216,44.1747,乌鲁木齐市,米东区环保局,,21,21,16,9,10,61,60,52,49,9,12,13,7,0.4,0.4
2022-11-10T17:00:00,1508A,112.9433,27.8614,湘潭市,板塘,,36,29,59,18,36,136,113,118,118,10,50,4,5,0.4,0.5
2022-11-10T17:00:00,1511A,112.9118,27.8403,湘潭市,市监测站,,41,41,71,20,37,122,94,103,103,22,40,9,13,0.6,0.8
2022-11-10T17:00:00,1512A,112.8937,27.8728,湘潭市,江麓,,34,30,73,9,42,126,107,112,112,17,60,9,15,0.3,0.8
2022-11-10T17:00:00,1513A,112.9227,27.8159,湘潭市,岳塘,,,28,71,20,40,134,114,115,115,16,52,,10,0.3,0.5
2022-11-10T17:00:00,1514A,112.9074,27.9119,湘潭市,科大,,36,30,60,16,36,144,114,111,111,17,55,8,15,0.2,0.5
2022-11-10T17:00:00,1515A,113.135,27.8244,株洲市,天台山庄,,36,17,38,14,33,128,114,116,116,3,18,3,8,0.2,0.4
2022-11-10T17:00:00,1518A,113.095,27.8867,株洲市,株冶医院,,36,17,42,13,32,131,114,114,114,11,34,7,14,0.3,0.4
2022-11-10T17:00:00,1519A,113.167,27.8667,株洲市,市四中,,38,14,38,18,36,140,120,121,121,12,22,5,8,0.3,0.4
2022-11-10T17:00:00,1520A,113.143,27.8381,株洲市,火车站,,35,14,48,18,40,126,110,112,112,11,18,8,11,0.6,0.8
2022-11-10T17:00:00,1524A,113.13,27.8528,株洲市,市监测站,,36,14,43,13,36,132,115,117,117,7,21,7,13,0.4,0.6
2022-11-10T17:00:00,1552A,106.805,26.3003,贵阳市,桐木岭(对照点),,,,,,,,,,,,,,,,
2022-11-10T17:00:00,1559A,113.251,27.8336,株洲市,大京风景区(对照点),,37,31,32,15,25,117,116,105,105,2,5,9,8,0.6,0.6
2022-11-10T17:00:00,1562A,113.0048,27.9153,湘潭市,昭山,,33,33,67,22,32,132,105,110,110,13,50,5,8,0.3,0.5
2022-11-10T17:00:00,1564A,112.4876,27.9164,湘潭市,韶山(对照点),,37,34,39,10,22,132,116,114,114,14,19,7,8,0.5,0.7
2022-11-10T17:00:00,1585A,109.8756,40.6532,包头市,市环境监测站,细颗粒物(PM2.5),75,61,83,55,70,72,64,38,38,34,47,11,25,0.9,1.2
2022-11-10T17:00:00,1587A,109.9991,40.5842,包头市,包头八中,细颗粒物(PM2.5),98,68,102,73,88,74,68,44,44,29,43,10,35,0.9,1.2
2022-11-10T17:00:00,1588A,109.8538,40.6821,包头市,青山宾馆,细颗粒物(PM2.5),97,81,104,72,101,74,66,40,40,32,49,15,35,1.0,1.4
2022-11-10T17:00:00,1589A,109.8642,40.6288,包头市,惠龙物流,细颗粒物(PM2.5),77,76,96,56,65,72,58,38,38,42,45,8,18,1.1,1.3
2022-11-10T17:00:00,1590A,110.0377,40.5546,包头市,东河鸿龙湾,细颗粒物(PM2.5),78,65,90,57,61,77,65,47,47,25,33,10,14,0.9,1.1
2022-11-10T17:00:00,1591A,110.0023,39.8129,鄂尔多斯市,综合楼,细颗粒物(PM2.5),65,71,80,47,64,72,70,54,54,36,41,7,7,1.0,1.1
2022-11-10T17:00:00,1592A,109.9486,39.8261,鄂尔多斯市,巴音孟克林场办事处,细颗粒物(PM2.5),79,85,93,58,66,84,75,64,64,39,44,9,8,1.2,1.3
2022-11-10T17:00:00,1593A,109.7736,39.5986,鄂尔多斯市,康泽苑,细颗粒物(PM2.5),58,63,82,41,63,84,81,67,67,21,23,5,5,0.7,0.8
2022-11-10T17:00:00,1594A,109.8119,39.5989,鄂尔多斯市,华泰汽车城,细颗粒物(PM2.5),67,63,85,48,71,82,77,66,66,25,29,5,5,0.5,0.7
2022-11-10T17:00:00,1595A,109.9734,39.7884,鄂尔多斯市,奥林花园,细颗粒物(PM2.5),73,90,105,53,72,80,72,61,61,36,44,7,6,1.1,1.3
2022-11-10T17:00:00,1596A,122.2414,40.6592,营口市,学府南路,,,,,,,,,,,,,,,,
2022-11-10T17:00:00,1597A,122.2703,40.7094,营口市,大庆路,细颗粒物(PM2.5),104,97,125,78,94,114,21,99,46,77,43,8,7,1.7,1.2
2022-11-10T17:00:00,1598A,122.215,40.6511,营口市,镜湖西路,细颗粒物(PM2.5),77,77,118,56,86,108,45,95,60,43,31,2,4,1.2,1.3
2022-11-10T17:00:00,1599A,122.167,40.6655,营口市,西炮台,细颗粒物(PM2.5),85,77,123,63,97,126,67,102,75,40,31,9,9,0.8,1
2022-11-10T17:00:00,1600A,124.3303,40.0625,丹东市,江湾东路,细颗粒物(PM2.5),74,62,70,54,54,84,28,81,54,46,17,10,10,1.5,1.4
2022-11-10T17:00:00,1601A,124.4256,40.1503,丹东市,临江后街,,46,46,81,32,48,76,41,71,48,26,22,8,9,1.0,1.2
2022-11-10T17:00:00,1602A,124.3933,40.1461,丹东市,元宝山,细颗粒物(PM2.5),108,97,110,81,82,68,33,68,31,34,30,13,15,1.0,1
2022-11-10T17:00:00,1603A,124.3633,40.1092,丹东市,民主桥,"颗粒物(PM10),细颗粒物(PM2.5)",57,64,97,40,58,75,48,66,50,25,26,14,13,1.2,1.4
2022-11-10T17:00:00,1604A,122.0303,41.1489,盘锦市,开发区,细颗粒物(PM2.5),221,162,104,171,130,104,31,96,38,42,25,8,8,1.3,1
2022-11-10T17:00:00,1605A,122.0485,41.0883,盘锦市,兴隆台,细颗粒物(PM2.5),242,226,104,192,120,98,9,90,30,55,22,12,10,1.5,1.1
2022-11-10T17:00:00,1606A,121.8297,41.1028,盘锦市,新生街道,细颗粒物(PM2.5),237,177,85,187,139,105,24,89,26,37,20,10,9,,1.1
2022-11-10T17:00:00,1607A,120.9092,40.7136,葫芦岛市,龙港区,细颗粒物(PM2.5),230,184,125,180,134,118,15,80,25,62,34,44,34,1.8,1.3
2022-11-10T17:00:00,1608A,120.8392,40.7514,葫芦岛市,化工街,细颗粒物(PM2.5),117,125,161,88,135,102,18,50,34,66,45,21,18,1.1,1.2
2022-11-10T17:00:00,1609A,120.8341,40.7073,葫芦岛市,新区,细颗粒物(PM2.5),137,114,122,104,130,101,13,62,26,65,41,20,17,1.3,1.1
2022-11-10T17:00:00,1610A,120.8695,40.7677,葫芦岛市,东城区,细颗粒物(PM2.5),148,123,139,113,132,75,12,54,27,75,51,32,25,1.7,1.8
2022-11-10T17:00:00,1611A,118.5819,24.9117,泉州市,涂山街,,43,43,32,18,14,104,94,86,86,14,13,7,7,0.6,0.5
2022-11-10T17:00:00,1612A,118.5972,24.8978,泉州市,津头埔,,47,47,35,27,19,99,90,84,84,18,17,7,6,0.6,0.5
2022-11-10T17:00:00,1613A,118.6663,24.9424,泉州市,万安,,40,40,32,23,23,106,98,93,93,12,11,8,7,0.5,0.5
2022-11-10T17:00:00,1614A,118.6117,24.9604,泉州市,清源山(对照点),,,,,,,,,,,,,,,,
2022-11-10T17:00:00,1616A,117.6795,36.229,济南市,技术学院,颗粒物(PM10),93,136,103,44,68,88,54,75,75,67,48,10,7,2.0,1.4
2022-11-10T17:00:00,1618A,118.3429,35.0532,临沂市,沂河小区,细颗粒物(PM2.5),75,95,68,55,39,99,88,81,81,32,37,6,6,0.7,0.5
2022-11-10T17:00:00,1619A,118.295,35.0583,临沂市,鲁南制药厂,颗粒物(PM10),73,95,63,46,27,107,98,90,90,31,30,6,7,1.0,0.7
2022-11-10T17:00:00,1620A,118.2794,34.9976,临沂市,新光毛纺厂,颗粒物(PM10),70,90,60,47,30,103,94,88,88,30,31,4,3,1.1,0.7
2022-11-10T17:00:00,1621A,118.3956,35.0888,临沂市,河东保险公司,颗粒物(PM10),79,107,65,46,35,99,84,86,86,36,37,5,5,1.0,0.6
2022-11-10T17:00:00,1622A,116.3032,37.4674,德州市,儿童乐园,细颗粒物(PM2.5),250,288,228,200,142,71,61,52,52,45,61,13,12,1.3,1.2
2022-11-10T17:00:00,1624A,116.2991,37.4451,德州市,监理站,细颗粒物(PM2.5),180,260,207,136,101,78,67,53,53,38,47,17,14,1.1,1.1
2022-11-10T17:00:00,1625A,115.9848,36.4372,聊城市,区政府,细颗粒物(PM2.5),168,180,133,127,86,87,28,47,46,53,37,15,26,1.0,0.9
2022-11-10T17:00:00,1628A,118.0062,37.3803,滨州市,市环保局,细颗粒物(PM2.5),163,195,169,124,103,116,86,58,58,37,59,22,18,1.2,1.2
2022-11-10T17:00:00,1629A,118.0018,37.3617,滨州市,第二水厂,细颗粒物(PM2.5),140,176,162,107,98,128,80,56,56,58,83,24,16,1.2,1.2
2022-11-10T17:00:00,1630A,117.9776,37.393,滨州市,北中新校,细颗粒物(PM2.5),142,116,114,108,102,103,75,56,56,60,80,19,15,1.1,1.2
2022-11-10T17:00:00,1631A,118.0414,36.8103,淄博市,人民公园,细颗粒物(PM2.5),123,136,133,93,95,107,88,82,82,43,62,8,8,0.7,1
2022-11-10T17:00:00,1632A,118.0253,36.8406,淄博市,东风化工厂,,,,,,,,,,,,,,,,
2022-11-10T17:00:00,1633A,117.8525,36.4847,淄博市,双山,细颗粒物(PM2.5),92,116,87,68,58,113,102,100,100,31,22,12,7,0.9,0.7
2022-11-10T17:00:00,1634A,117.9592,36.6331,淄博市,气象站,细颗粒物(PM2.5),104,133,104,78,61,127,97,98,98,43,49,12,12,1.0,0.8
2022-11-10T17:00:00,1635A,118.3092,36.8194,淄博市,莆田园,颗粒物(PM10),78,105,124,56,75,117,95,92,92,42,53,8,13,0.7,2.5
2022-11-10T17:00:00,1636A,117.8661,36.805,淄博市,三金集团,,,,,,,,,,,,,,,,
2022-11-10T17:00:00,1637A,117.558,34.8438,枣庄市,市中区政府,细颗粒物(PM2.5),85,95,86,63,49,101,89,87,87,42,35,16,8,0.9,0.7
2022-11-10T17:00:00,1638A,117.2852,34.7837,枣庄市,薛城环保局,细颗粒物(PM2.5),92,93,82,68,57,89,85,70,70,42,33,7,8,0.9,0.8
2022-11-10T17:00:00,1639A,117.5852,34.7745,枣庄市,峄城区政府,细颗粒物(PM2.5),92,90,78,68,51,105,100,85,85,30,24,8,13,0.5,0.8
2022-11-10T17:00:00,1640A,117.7276,34.5578,枣庄市,台儿庄区环保局,细颗粒物(PM2.5),83,83,67,61,44,116,110,90,90,19,23,11,10,0.9,0.9
2022-11-10T17:00:00,1641A,117.4518,35.0992,枣庄市,山亭区环保局,细颗粒物(PM2.5),68,80,54,49,37,112,112,97,97,39,28,7,8,1.0,1
2022-11-10T17:00:00,1642A,121.2514,37.5639,烟台市,开发区,,39,39,37,24,29,76,68,56,56,35,39,8,10,0.8,0.8
2022-11-10T17:00:00,1643A,121.3719,37.5433,烟台市,轴承厂,,49,46,38,34,31,100,86,82,72,24,23,8,8,0.4,0.4
2022-11-10T17:00:00,1644A,121.3181,37.5436,烟台市,西郊化工站,颗粒物(PM10),56,61,51,30,30,99,86,83,60,23,35,8,10,0.9,1
2022-11-10T17:00:00,1645A,121.4478,37.4822,烟台市,莱山环保局,,39,39,37,24,25,93,91,72,72,16,22,7,8,0.6,0.6
2022-11-10T17:00:00,1646A,121.2611,37.4967,烟台市,福山环保局,,,,,,,,,,,,,,,,
2022-11-10T17:00:00,1648A,119.12,36.7019,潍坊市,仲裁委,,,,,,,,,,,,,,,,
2022-11-10T17:00:00,1650A,119.1437,36.7023,潍坊市,环保局,,48,48,69,22,42,101,90,76,76,23,37,2,4,0.4,0.6
2022-11-10T17:00:00,1652A,119.1936,36.7729,潍坊市,寒亭监测站,,,,,,,,,,,,,,,,
2022-11-10T17:00:00,1653A,116.6251,35.4302,济宁市,火炬城,细颗粒物(PM2.5),92,99,95,68,76,78,21,23,23,40,46,6,8,0.6,0.7
2022-11-10T17:00:00,1655A,116.5491,35.4042,济宁市,电化厂,细颗粒物(PM2.5),83,84,101,61,64,80,38,43,35,33,33,8,11,0.7,0.7
2022-11-10T17:00:00,1656A,117.1437,36.1937,泰安市,监测站,颗粒物(PM10),81,112,114,44,49,79,49,63,63,47,27,11,10,1.4,1.1
2022-11-10T17:00:00,1657A,117.0885,36.2017,泰安市,人口学校,颗粒物(PM10),89,127,99,54,52,102,45,78,56,52,28,14,13,1.5,0.9
2022-11-10T17:00:00,1658A,117.1089,36.1758,泰安市,电力学校,,,,110,,70,77,45,61,61,54,36,11,9,1.2,1.2
2022-11-10T17:00:00,1659A,119.471,35.4209,日照市,监测站,,36,36,41,21,24,112,85,94,94,26,53,5,7,0.6,0.8
2022-11-10T17:00:00,1660A,119.523,35.4216,日照市,市政府广场,,34,34,34,22,18,109,77,99,97,26,20,4,4,0.5,0.5
2022-11-10T17:00:00,1661A,119.5587,35.4044,日照市,港务局,,39,39,33,22,17,122,69,115,98,35,11,4,4,0.5,0.5
2022-11-10T17:00:00,1662A,122.1214,37.4236,威海市,华夏技校,,39,39,41,20,29,98,98,86,73,24,27,5,5,0.3,0.3
2022-11-10T17:00:00,1663A,122.0508,37.5236,威海市,山大分校,,39,39,37,24,22,114,99,112,97,24,21,3,3,0.3,0.3
2022-11-10T17:00:00,1664A,122.1067,37.5072,威海市,市监测站,,42,42,39,27,27,105,96,92,92,27,27,12,5,0.7,0.6
2022-11-10T17:00:00,1665A,118.5019,37.4658,东营市,西城阳光环保公司,,,,,,,,,,,,,,,,
2022-11-10T17:00:00,1666A,118.6614,37.4309,东营市,市环保局,细颗粒物(PM2.5),117,117,89,88,69,94,81,66,66,50,42,17,13,1.2,1
2022-11-10T17:00:00,1669A,113.5824,24.7733,韶关市,市八中,,40,35,41,22,23,126,126,90,90,14,23,17,14,0.7,0.6
2022-11-10T17:00:00,1670A,113.5556,24.8082,韶关市,碧湖山庄,,,,,,,,,,,,,,,,
2022-11-10T17:00:00,1671A,113.5917,24.7972,韶关市,园林处,,44,34,37,17,22,138,138,91,91,8,24,9,10,0.8,0.8
2022-11-10T17:00:00,1672A,113.6735,24.7791,韶关市,韶关学院,,34,33,38,22,26,116,107,82,82,29,22,22,13,1.1,0.6
2022-11-10T17:00:00,1673A,113.5971,24.6863,韶关市,曲江监测站,,43,38,47,30,26,112,102,89,89,12,25,12,12,0.9,1
2022-11-10T17:00:00,1674A,116.6794,23.3667,汕头市,金平子站,颗粒物(PM10),56,62,35,22,22,125,118,115,115,18,28,10,14,0.5,0.6
2022-11-10T17:00:00,1675A,116.7244,23.3633,汕头市,龙湖子站,颗粒物(PM10),53,55,45,20,15,128,115,112,112,17,20,10,12,0.6,0.7
2022-11-10T17:00:00,1676A,116.7258,23.2775,汕头市,濠江子站,,37,37,31,23,21,121,107,101,101,20,20,9,10,0.8,0.8
2022-11-10T17:00:00,1677A,116.7519,23.4714,汕头市,澄海子站,,40,37,36,22,23,129,125,115,115,17,23,5,7,0.5,0.6
2022-11-10T17:00:00,1678A,116.6092,23.2539,汕头市,潮阳子站,,40,40,35,18,17,139,113,113,113,19,17,9,10,0.7,0.8
2022-11-10T17:00:00,1679A,116.4069,23.2533,汕头市,潮南子站,,,,,,,,,,,,,,,,
2022-11-10T17:00:00,1680A,110.3539,21.2706,湛江市,湛江影剧院,,38,38,34,20,24,139,115,128,121,13,13,6,7,0.5,0.5
2022-11-10T17:00:00,1681A,110.3928,21.2228,湛江市,市环境监测站,,39,38,31,19,19,135,122,126,119,7,10,6,7,0.5,0.5
2022-11-10T17:00:00,1682A,110.4019,21.1997,湛江市,环保局宿舍,,38,32,30,18,23,129,121,125,119,8,11,7,8,0.5,0.5
2022-11-10T17:00:00,1683A,110.4111,21.2028,湛江市,霞山游泳场,,39,24,34,17,21,132,123,124,120,6,10,7,8,0.5,0.4
2022-11-10T17:00:00,1684A,110.3316,21.2679,湛江市,麻章区环保局,,36,36,32,15,23,134,111,119,118,10,13,6,8,0.6,0.6
2022-11-10T17:00:00,1685A,110.4558,21.2567,湛江市,坡头区环保局,,39,32,32,18,24,141,124,126,123,6,9,6,9,0.4,0.5
2022-11-10T17:00:00,1686A,111.0286,21.4688,茂名市,电白南海,,37,36,45,12,21,137,118,118,118,11,15,8,10,0.4,0.4
2022-11-10T17:00:00,1687A,110.9294,21.6533,茂名市,茂石化七小,,43,31,35,22,26,135,135,108,108,12,11,14,15,0.6,0.5
2022-11-10T17:00:00,1688A,110.9107,21.6687,茂名市,健康路,,42,28,32,14,17,133,133,107,107,9,9,11,14,0.8,0.7
2022-11-10T17:00:00,1689A,110.8592,21.6828,茂名市,高岭,,44,34,32,22,26,138,138,108,108,9,14,11,12,0.1,0
2022-11-10T17:00:00,1690A,116.1231,24.3284,梅州市,梅江月梅,,41,28,36,13,19,130,130,101,101,10,24,4,4,0.4,0.4
2022-11-10T17:00:00,1691A,116.0797,24.2719,梅州市,梅县新城,,43,41,36,24,20,135,135,109,109,10,26,8,7,0.3,0.5
2022-11-10T17:00:00,1692A,116.1248,24.2654,梅州市,环境监控中心,,38,25,35,21,18,132,120,104,104,12,26,9,7,0.3,0.4
2022-11-10T17:00:00,1693A,115.3653,22.775,汕尾市,市环保局,,39,35,26,14,12,126,122,107,107,6,11,8,8,0.5,0.6
2022-11-10T17:00:00,1694A,115.3706,22.7898,汕尾市,市政府,,39,24,27,14,19,129,123,108,108,9,12,9,8,0.5,0.5
2022-11-10T17:00:00,1695A,115.3622,22.7925,汕尾市,新城中学,,42,42,31,18,15,128,118,107,107,9,9,9,9,0.6,0.6
2022-11-10T17:00:00,1696A,114.6778,23.7569,河源市,源西(对照点),,,,36,14,16,91,63,61,61,12,24,4,5,0.5,0.7
2022-11-10T17:00:00,1697A,114.6944,23.7586,河源市,东埔,,27,13,36,12,18,104,84,72,72,6,24,5,5,0.6,0.8
2022-11-10T17:00:00,1698A,114.6892,23.7233,河源市,老城,,29,29,38,6,15,99,72,72,72,4,17,4,4,0.6,0.7
2022-11-10T17:00:00,1699A,111.9797,21.8593,阳江市,鸳鸯湖(对照点),,35,33,44,20,30,109,109,97,97,11,24,8,7,0.7,0.9
2022-11-10T17:00:00,1700A,111.9508,21.8536,阳江市,南恩路,,,,,,,,,,,,,,,,
2022-11-10T17:00:00,1701A,111.9491,21.8658,阳江市,马南垌,,36,36,47,23,38,106,106,95,95,13,29,9,7,0.7,0.9
2022-11-10T17:00:00,1702A,113.0426,23.691,清远市,环保大楼(对照点),臭氧1小时,79,49,24,38,18,200,183,114,114,6,14,4,4,0.7,0.7
2022-11-10T17:00:00,1703A,113.0208,23.7106,清远市,凤城街办,,46,42,24,32,17,112,102,68,68,13,17,8,9,0.8,0.8
2022-11-10T17:00:00,1705A,116.6367,23.6719,潮州市,西园路(对照点),颗粒物(PM10),54,58,52,30,31,159,132,133,133,13,15,10,14,0.7,0.8
2022-11-10T17:00:00,1706A,116.6447,23.6706,潮州市,档案局,颗粒物(PM10),51,52,50,31,30,164,129,144,144,13,15,9,15,0.7,0.7
2022-11-10T17:00:00,1708A,116.3701,23.5345,揭阳市,新兴,颗粒物(PM10),58,66,48,26,30,164,135,133,133,19,20,12,11,0.6,0.6
2022-11-10T17:00:00,1709A,116.3264,23.5443,揭阳市,西马,颗粒物(PM10),60,70,54,25,28,160,144,129,129,11,17,9,8,0.7,0.8
2022-11-10T17:00:00,1710A,116.3611,23.5626,揭阳市,东兴,颗粒物(PM10),56,61,57,26,28,158,141,142,142,14,23,10,11,0.7,0.8
2022-11-10T17:00:00,1711A,116.4151,23.5294,揭阳市,渔湖,颗粒物(PM10),52,54,47,34,27,165,126,144,144,13,18,8,9,0.6,0.7
2022-11-10T17:00:00,1712A,112.0392,22.9169,云浮市,新市府(对照点),,29,24,35,20,20,91,86,64,64,6,13,5,9,0.5,0.6
2022-11-10T17:00:00,1713A,112.0369,22.9394,云浮市,市监测站,,,,,,,,,,,,,,,,
2022-11-10T17:00:00,1714A,112.0539,22.9539,云浮市,牧羊,,39,37,54,27,23,90,69,60,60,17,22,11,20,0.5,0.7
2022-11-10T17:00:00,1715A,102.575,24.3711,玉溪市,东风水库,,28,26,24,14,15,95,87,70,70,13,14,6,5,0.6,0.6
2022-11-10T17:00:00,1718A,115.4208,35.2464,菏泽市,气象局,细颗粒物(PM2.5),92,71,116,68,83,94,33,60,30,36,31,4,5,0.6,0.6
2022-11-10T17:00:00,1719A,115.4747,35.2375,菏泽市,市政协,细颗粒物(PM2.5),77,64,115,56,93,97,38,60,32,38,37,4,6,0.5,0.5
2022-11-10T17:00:00,1720A,115.455,35.27,菏泽市,菏泽学院,,,,,,,,,,,,,,,,
2022-11-10T17:00:00,1721A,113.3819,40.1097,大同市,果树场(对照点),,,,,,,,,,,,,,,,
2022-11-10T17:00:00,1723A,113.2994,40.0758,大同市,云冈宾馆,,45,36,75,31,61,75,66,58,58,22,34,8,14,1.1,1.3
2022-11-10T17:00:00,1724A,113.3444,40.0917,大同市,大同大学,,,,,25,51,80,64,59,59,21,26,8,13,1.0,1.1
2022-11-10T17:00:00,1725A,113.2661,40.1269,大同市,安家小村,,,,,,,,,,,,,,,,
2022-11-10T17:00:00,1726A,113.2711,40.0844,大同市,教育学院,,,32,69,,,75,68,59,59,16,25,7,14,0.7,0.9
2022-11-10T17:00:00,1727A,113.1147,36.1547,长治市,清华站,细颗粒物(PM2.5),122,86,74,92,79,97,37,38,27,26,34,7,8,1.3,1.1
2022-11-10T17:00:00,1728A,113.1031,36.1989,长治市,监测站,细颗粒物(PM2.5),122,82,86,92,88,94,18,37,20,42,42,7,8,1.3,1.3
2022-11-10T17:00:00,1730A,113.0886,36.2125,长治市,审计局,细颗粒物(PM2.5),138,89,91,105,97,93,24,25,22,35,41,3,4,1.4,1.1
2022-11-10T17:00:00,1731A,113.0844,36.1856,长治市,长治八中,细颗粒物(PM2.5),105,115,112,79,75,90,19,28,15,39,44,9,11,1.5,1.3
2022-11-10T17:00:00,1733A,111.5531,36.0783,临汾市,临钢医院,细颗粒物(PM2.5),175,146,135,132,126,32,28,23,23,56,52,9,5,1.6,1.5
2022-11-10T17:00:00,1734A,111.5028,36.0714,临汾市,技工学校,细颗粒物(PM2.5),169,153,143,128,118,39,38,28,28,41,49,14,13,1.3,1.2
2022-11-10T17:00:00,1735A,111.5169,36.0822,临汾市,工商学校,,,,,,,,,,,,,,,,
2022-11-10T17:00:00,1736A,111.5018,36.0855,临汾市,市委,细颗粒物(PM2.5),163,148,142,124,106,42,39,30,30,42,48,6,6,1.1,1
2022-11-10T17:00:00,1738A,113.5758,37.8572,阳泉市,市中心,细颗粒物(PM2.5),160,144,180,122,115,106,104,72,72,35,54,16,19,1.1,1.6
2022-11-10T17:00:00,1739A,113.4894,37.8731,阳泉市,赛鱼,细颗粒物(PM2.5),148,155,145,113,98,99,98,75,75,36,50,12,14,0.8,1.2
2022-11-10T17:00:00,1740A,113.5819,37.8486,阳泉市,南庄,细颗粒物(PM2.5),134,171,190,102,112,107,100,69,69,38,54,16,16,1.2,1.7
2022-11-10T17:00:00,1741A,113.6292,37.8531,阳泉市,白羊墅,,,,,,,,,,,,,,,,
2022-11-10T17:00:00,1742A,113.5614,37.8703,阳泉市,平坦,细颗粒物(PM2.5),159,162,203,121,135,103,100,68,68,40,54,14,21,1.2,1.8
2022-11-10T17:00:00,1743A,113.5158,37.8392,阳泉市,大阳泉,细颗粒物(PM2.5),143,141,117,109,94,107,107,73,67,36,47,13,14,1.1,1.2
2022-11-10T17:00:00,1744A,118.9233,42.2816,赤峰市,松山一中,颗粒物(PM10),61,71,86,28,47,53,40,44,44,45,54,24,36,0.6,1.1
2022-11-10T17:00:00,1745A,118.9576,42.2728,赤峰市,哈达街,颗粒物(PM10),61,71,82,21,39,60,27,48,48,49,48,29,29,0.9,1
2022-11-10T17:00:00,1746A,118.8788,42.2554,赤峰市,天义路,颗粒物(PM10),55,60,84,22,41,58,30,47,47,52,49,68,29,0.8,0.9
2022-11-10T17:00:00,1748A,123.044,41.1196,鞍山市,深沟寺,,,66,111,54,89,132,70,125,86,22,20,,8,1.0,1.2
2022-11-10T17:00:00,1749A,123.011,41.0931,鞍山市,太阳城,,,62,121,46,85,128,65,116,79,,20,7,10,0.9,1.2
2022-11-10T17:00:00,1750A,123.0485,41.1442,鞍山市,太平,细颗粒物(PM2.5),105,116,153,79,94,121,39,114,62,62,30,10,12,1.2,1.2
2022-11-10T17:00:00,1751A,122.9642,41.0971,鞍山市,铁西三道街,细颗粒物(PM2.5),74,78,141,54,92,121,42,116,67,65,44,8,13,1.0,1.3
2022-11-10T17:00:00,1752A,122.9341,41.0833,鞍山市,铁西工业园区,细颗粒物(PM2.5),92,88,140,68,99,113,50,105,58,44,35,9,12,1.1,1.5
2022-11-10T17:00:00,1753A,123.022,41.0821,鞍山市,明达新区,细颗粒物(PM2.5),64,58,116,46,88,130,79,123,85,25,21,8,10,0.8,1.1
2022-11-10T17:00:00,1754A,123.1289,41.0228,鞍山市,千山(对照点),,,,,,,,,,,,,,,,
2022-11-10T17:00:00,1755A,123.7977,41.8491,抚顺市,望花区,细颗粒物(PM2.5),115,98,114,87,97,107,75,88,88,43,31,16,20,1.0,1.1
2022-11-10T17:00:00,1756A,123.9161,41.8822,抚顺市,顺城区,细颗粒物(PM2.5),113,106,112,85,88,85,58,69,69,60,45,19,15,1.1,1.2
2022-11-10T17:00:00,1757A,124.0436,41.8611,抚顺市,东洲区,细颗粒物(PM2.5),114,133,128,86,94,92,32,90,65,89,32,15,18,1.5,1.2
2022-11-10T17:00:00,1758A,123.9247,41.8642,抚顺市,新抚区,细颗粒物(PM2.5),123,112,123,93,93,79,50,61,61,68,48,13,11,1.1,1.1
2022-11-10T17:00:00,1759A,124.0972,41.8961,抚顺市,大伙房水库,细颗粒物(PM2.5),124,127,113,94,85,96,60,81,69,53,23,14,8,1.2,1.1
2022-11-10T17:00:00,1760A,123.7086,41.8391,抚顺市,沈抚新城,细颗粒物(PM2.5),108,132,119,81,90,101,74,80,80,38,28,10,16,1.1,1.2
2022-11-10T17:00:00,1761A,123.8275,41.3064,本溪市,大峪,细颗粒物(PM2.5),62,60,75,44,80,92,10,75,13,60,37,8,8,1.3,1.1
2022-11-10T17:00:00,1762A,123.7567,41.3325,本溪市,溪湖,细颗粒物(PM2.5),133,138,150,101,111,96,6,96,8,66,56,6,13,1.9,1.7
2022-11-10T17:00:00,1763A,123.7169,41.3094,本溪市,彩屯,颗粒物(PM10),62,74,168,43,118,81,9,64,9,77,62,22,21,3.0,2.7
2022-11-10T17:00:00,1764A,123.7669,41.2864,本溪市,东明,,48,38,84,33,73,105,20,104,23,75,49,11,13,1.4,1.2
2022-11-10T17:00:00,1765A,123.7992,41.2664,本溪市,新立屯,,22,18,75,15,72,116,30,116,33,43,38,7,8,0.8,0.8
2022-11-10T17:00:00,1766A,123.8142,41.3472,本溪市,威宁,细颗粒物(PM2.5),73,80,121,53,83,65,16,59,20,66,50,6,6,1.1,1.2
2022-11-10T17:00:00,1767A,121.1115,41.0879,锦州市,南山,细颗粒物(PM2.5),198,112,96,148,147,82,37,42,34,50,53,46,25,1.4,1.6
2022-11-10T17:00:00,1768A,121.0533,40.8434,锦州市,开发区,细颗粒物(PM2.5),203,136,113,153,159,85,26,51,26,51,52,20,23,1.8,1.9
2022-11-10T17:00:00,1769A,121.1836,41.1119,锦州市,百股街道,细颗粒物(PM2.5),178,155,148,134,144,87,41,40,40,44,53,124,26,1.8,2
2022-11-10T17:00:00,1770A,121.1178,41.1222,锦州市,天安街道,细颗粒物(PM2.5),199,134,117,149,152,83,28,34,34,68,62,21,24,1.6,1.8
2022-11-10T17:00:00,1771A,121.1303,41.1386,锦州市,北湖公园,细颗粒物(PM2.5),182,130,110,137,142,90,39,42,42,54,46,22,24,1.4,2
2022-11-10T17:00:00,1772A,126.54,43.8622,吉林市,哈达湾,颗粒物(PM10),59,68,131,35,83,103,63,68,68,39,47,18,30,0.8,1.5
2022-11-10T17:00:00,1773A,126.5844,43.8358,吉林市,东局子,"颗粒物(PM10),细颗粒物(PM2.5)",59,68,134,42,84,90,62,64,64,35,60,6,13,0.6,1.2
2022-11-10T17:00:00,1774A,126.5052,43.8245,吉林市,电力学院,细颗粒物(PM2.5),74,82,139,54,88,88,58,67,67,38,52,16,20,0.8,1.3
2022-11-10T17:00:00,1775A,126.6133,43.8972,吉林市,江北,细颗粒物(PM2.5),77,88,121,56,79,90,53,71,71,42,42,8,10,0.8,1.2
2022-11-10T17:00:00,1776A,126.555,43.8306,吉林市,江南公园,颗粒物(PM10),59,67,125,41,79,86,58,61,61,38,63,8,16,0.7,1.4
2022-11-10T17:00:00,1778A,126.7061,43.7133,吉林市,丰满(对照点),,,,,,,,,,,,,,,,
2022-11-10T17:00:00,1779A,123.9305,47.3636,齐齐哈尔市,安居小区,,41,41,42,19,17,46,30,38,38,29,17,5,6,0.5,0.4
2022-11-10T17:00:00,1780A,123.9488,47.3386,齐齐哈尔市,中心广场,,,33,34,10,12,48,38,40,40,20,18,4,4,,0.4
2022-11-10T17:00:00,1781A,123.9483,47.3227,齐齐哈尔市,农牧车辆厂,颗粒物(PM10),58,66,36,11,16,50,33,43,43,23,15,6,8,0.5,0.5
2022-11-10T17:00:00,1783A,123.945,47.2988,齐齐哈尔市,市环境监测站,,,24,37,15,26,51,,48,48,,17,,5,,0.5
2022-11-10T17:00:00,1784A,129.61,44.561,牡丹江市,环保大楼,细颗粒物(PM2.5),57,48,61,40,38,75,41,60,60,39,28,4,9,0.6,0.6
2022-11-10T17:00:00,1785A,129.6115,44.5782,牡丹江市,文化广场,颗粒物(PM10),67,84,65,37,42,64,31,55,52,45,34,9,8,0.7,0.8
2022-11-10T17:00:00,1786A,129.5904,44.5963,牡丹江市,第一医院,细颗粒物(PM2.5),74,85,65,54,47,67,17,51,51,60,27,14,14,1.1,0.9
2022-11-10T17:00:00,1787A,129.6364,44.6075,牡丹江市,机车工厂,颗粒物(PM10),74,97,73,36,35,75,41,62,62,33,24,3,3,0.7,0.7
2022-11-10T17:00:00,1788A,129.6386,44.5462,牡丹江市,第一中学,颗粒物(PM10),69,88,62,30,33,68,31,55,55,42,34,4,5,0.5,0.6
2022-11-10T17:00:00,1789A,124.81117,46.03138,大庆市,大同区,细颗粒物(PM2.5),93,95,130,69,104,61,23,48,48,53,38,6,7,0.7,0.7
2022-11-10T17:00:00,1790A,125.129,46.533,大庆市,龙凤区,细颗粒物(PM2.5),218,190,138,168,122,93,44,62,62,32,31,8,9,0.5,0.7
2022-11-10T17:00:00,1791A,124.902,46.408,大庆市,红岗区,细颗粒物(PM2.5),52,40,99,36,84,77,50,63,63,16,27,6,9,0.3,0.6
2022-11-10T17:00:00,1792A,125.153,46.586,大庆市,萨尔图区,细颗粒物(PM2.5),153,134,144,117,135,68,34,53,53,47,33,10,10,0.6,0.7
2022-11-10T17:00:00,1793A,124.9042,46.6215,大庆市,让胡路区,细颗粒物(PM2.5),53,48,62,37,41,53,41,44,44,36,30,5,5,0.6,0.8
2022-11-10T17:00:00,1794A,118.3606,31.3519,芜湖市,监测站,,42,42,56,28,40,137,130,106,106,33,53,11,10,0.9,0.8
2022-11-10T17:00:00,1795A,118.3714,31.4134,芜湖市,科创中心,,,44,65,23,38,150,150,129,129,27,57,7,8,,0.6
2022-11-10T17:00:00,1796A,118.3673,31.3131,芜湖市,四水厂,颗粒物(PM10),56,61,65,36,38,151,144,121,121,28,46,10,10,0.8,0.7
2022-11-10T17:00:00,1797A,118.4022,31.3839,芜湖市,济民医院(对照点),,,,,,,,,,,,,,,,
2022-11-10T17:00:00,1798A,118.5092,31.6837,马鞍山市,湖东路四小,颗粒物(PM10),61,72,65,25,29,164,140,133,133,32,47,6,7,0.7,0.8
2022-11-10T17:00:00,1799A,118.5024,31.6449,马鞍山市,开发区,颗粒物(PM10),56,62,66,30,54,159,134,123,123,40,50,7,9,0.7,0.7
2022-11-10T17:00:00,1800A,118.5228,31.7231,马鞍山市,慈湖,颗粒物(PM10),52,53,80,27,42,156,150,132,132,26,49,6,16,0.6,0.8
2022-11-10T17:00:00,1801A,118.48,31.6928,马鞍山市,马钢动力厂,,,,,,,,,,,,,,,,
2022-11-10T17:00:00,1802A,118.6245,31.7241,马鞍山市,濮塘(对照点),,50,42,51,27,34,158,158,131,131,15,18,5,5,0.6,0.6
2022-11-10T17:00:00,1803A,115.9872,29.6815,九江市,十里,,49,41,81,34,51,155,137,111,111,16,49,10,16,0.8,1.4
2022-11-10T17:00:00,1804A,115.9584,29.7046,九江市,茅山头,颗粒物(PM10),55,60,78,32,49,160,141,110,110,25,63,9,11,0.9,1.1
2022-11-10T17:00:00,1805A,115.9877,29.7295,九江市,西园,颗粒物(PM10),52,53,103,33,62,141,126,108,108,42,62,4,17,0.8,1
2022-11-10T17:00:00,1806A,116.0172,29.6547,九江市,五七二七厂,,34,23,65,23,48,138,106,107,107,14,29,6,15,0.6,1
2022-11-10T17:00:00,1808A,115.9114,29.6038,九江市,综合工业园,,,62,82,27,46,157,111,107,107,,66,,10,,0.6
2022-11-10T17:00:00,1809A,116.0721,29.7535,九江市,石化总厂,,47,47,102,21,52,143,129,116,116,30,65,11,14,0.7,1
2022-11-10T17:00:00,1810A,115.9773,29.5698,九江市,庐山气象台(对照点),,32,18,14,15,14,117,102,104,104,11,9,15,9,0.4,0.4
2022-11-10T17:00:00,1811A,112.3628,34.6692,洛阳市,中信二小,,,,,,,,,,,,,,,,
2022-11-10T17:00:00,1812A,112.3931,34.6516,洛阳市,市委党校,细颗粒物(PM2.5),156,158,191,119,147,120,69,54,54,31,42,5,6,0.7,1
2022-11-10T17:00:00,1814A,112.4657,34.6871,洛阳市,豫西宾馆,细颗粒物(PM2.5),173,143,185,131,151,98,52,38,38,25,46,3,5,0.7,1
2022-11-10T17:00:00,1815A,112.494,34.6886,洛阳市,河南林校,细颗粒物(PM2.5),172,128,158,130,147,98,53,34,34,32,46,,,0.6,0.9
2022-11-10T17:00:00,1816A,112.3844,34.623,洛阳市,开发区管委会,细颗粒物(PM2.5),155,140,168,118,140,97,56,34,34,29,38,5,5,0.7,0.9
2022-11-10T17:00:00,1817A,112.4267,34.6258,洛阳市,市委新办公区,细颗粒物(PM2.5),169,144,181,128,150,65,52,34,34,30,42,4,4,0.7,0.9
2022-11-10T17:00:00,1818A,114.4839,36.0621,安阳市,棉研所(对照点),,,,,,,,,,,,,,,,
2022-11-10T17:00:00,1819A,114.3551,36.1017,安阳市,红庙街,细颗粒物(PM2.5),233,205,204,183,177,28,18,18,18,78,61,12,10,1.0,1.4
2022-11-10T17:00:00,1820A,114.361,36.0681,安阳市,银杏小区,细颗粒物(PM2.5),240,180,193,190,172,54,28,21,21,69,58,12,10,1.5,1.6
2022-11-10T17:00:00,1824A,114.3389,34.7781,开封市,肿瘤医院,细颗粒物(PM2.5),208,161,154,158,138,68,19,26,26,39,43,3,5,1.2,1.1
2022-11-10T17:00:00,1826A,114.2885,34.7965,开封市,世纪星幼儿园,细颗粒物(PM2.5),190,154,146,143,107,50,10,26,26,40,42,5,5,,1
2022-11-10T17:00:00,1828A,113.227,35.2125,焦作市,市环保局,细颗粒物(PM2.5),240,251,176,190,129,55,17,55,33,,43,6,10,1.9,1.5
2022-11-10T17:00:00,1829A,113.2464,35.1764,焦作市,高新区政府（停运20220628）,,,,,,,,,,,,,,,,
2022-11-10T17:00:00,1830A,113.1992,35.2590,焦作市,影视城(对照点),,,,,,,,,,,,,,,,
2022-11-10T17:00:00,1832A,113.3257,33.742,平顶山市,新华旅馆,细颗粒物(PM2.5),147,140,198,112,165,115,89,81,81,25,41,13,13,0.8,1
2022-11-10T17:00:00,1833A,113.2919,33.737,平顶山市,规划设计院,细颗粒物(PM2.5),132,151,219,100,159,126,99,90,90,37,68,12,9,0.9,1.3
2022-11-10T17:00:00,1834A,113.182,33.774,平顶山市,平顶山工学院,细颗粒物(PM2.5),125,139,217,95,163,136,102,97,97,26,37,13,11,0.7,1
2022-11-10T17:00:00,1835A,111.1922,34.7752,三门峡市,市政府,细颗粒物(PM2.5),119,86,111,90,119,113,89,110,86,23,21,5,8,0.9,0.9
2022-11-10T17:00:00,1836A,111.1587,34.7942,三门峡市,开发区,细颗粒物(PM2.5),127,146,164,96,116,106,88,104,81,26,22,4,6,1.1,1.1
2022-11-10T17:00:00,1838A,111.143,34.7955,三门峡市,风景区(对照点),,,,,,,,,,,,,,,,
2022-11-10T17:00:00,1839A,111.3009,30.7157,宜昌市,四零三,,,,,,,,,,,,,,,,
2022-11-10T17:00:00,1840A,111.2992,30.6981,宜昌市,白龙岗,细颗粒物(PM2.5),73,80,85,53,61,187,157,130,130,42,34,6,5,0.6,0.7
2022-11-10T17:00:00,1841A,111.3549,30.6465,宜昌市,伍家岗,细颗粒物(PM2.5),73,86,94,53,67,170,155,128,128,14,45,9,6,0.7,0.9
2022-11-10T17:00:00,1842A,111.2628,30.6961,宜昌市,点军区,,,82,88,56,68,179,,116,116,28,28,6,6,0.7,0.8
2022-11-10T17:00:00,1843A,111.3275,30.7819,宜昌市,夷陵区,,,,85,,62,175,,125,125,26,35,9,9,0.6,0.8
2022-11-10T17:00:00,1844A,112.2494,30.3197,荆州市,市图书馆,,,,118,,88,175,169,137,137,,63,11,10,,1.2
2022-11-10T17:00:00,1845A,112.2008,30.3544,荆州市,市委党校,颗粒物(PM10),63,75,123,42,72,179,162,146,146,38,51,8,7,0.9,1
2022-11-10T17:00:00,1847A,113.1094,29.3578,岳阳市,南湖风景区,,36,36,67,25,47,149,114,117,117,12,45,9,14,0.5,1
2022-11-10T17:00:00,1848A,113.1493,29.4251,岳阳市,城陵矶,,50,50,86,33,45,137,103,88,88,45,82,11,13,0.7,0.9
2022-11-10T17:00:00,1849A,113.1497,29.3575,岳阳市,开发区,,,,69,,43,52,,60,,,56,,12,,0.9
2022-11-10T17:00:00,1850A,113.2621,29.4758,岳阳市,云溪区,,50,36,64,19,42,158,158,122,122,16,38,15,12,0.6,0.9
2022-11-10T17:00:00,1851A,112.9943,29.4402,岳阳市,君山区,,34,17,67,18,54,134,108,102,102,14,37,7,10,0.4,0.7
2022-11-10T17:00:00,1852A,113.2117,29.355,岳阳市,金凤水库(对照点),,42,26,47,21,34,141,132,117,117,5,27,6,8,0.6,0.8
2022-11-10T17:00:00,1854A,111.6975,28.9703,常德市,市二中,细颗粒物(PM2.5),74,82,97,54,73,173,157,137,137,24,37,12,12,0.3,0.4
2022-11-10T17:00:00,1857A,111.7158,29.1456,常德市,白鹤山(对照点),细颗粒物(PM2.5),80,63,64,59,46,145,142,121,121,9,5,10,6,0.7,0.6
2022-11-10T17:00:00,1858A,110.5319,29.1217,张家界市,永定新区,颗粒物(PM10),51,52,59,33,39,137,111,100,100,26,28,5,4,0.5,0.5
2022-11-10T17:00:00,1859A,110.4697,29.1242,张家界市,电业局,,48,48,52,30,34,126,99,91,91,37,34,6,5,0.5,0.4
2022-11-10T17:00:00,1860A,110.5594,29.3547,张家界市,未央路,,32,26,38,15,28,136,102,105,105,14,12,5,5,0.2,0.2
2022-11-10T17:00:00,1861A,110.4417,29.315,张家界市,袁家界(对照点),,35,33,45,5,34,155,112,147,133,14,8,11,12,0.4,0.4
2022-11-10T17:00:00,1862A,110.4144,25.3167,桂林市,电子科大尧山校区(对照点),,29,25,28,18,20,111,92,89,89,4,9,6,7,0.5,0.6
2022-11-10T17:00:00,1863A,110.2819,25.2697,桂林市,监测站,,,,30,,20,100,82,82,82,,14,3,8,0.5,0.6
2022-11-10T17:00:00,1864A,110.3089,25.2708,桂林市,龙隐路小学,,28,28,30,19,22,89,74,74,74,8,19,4,9,0.4,0.5
2022-11-10T17:00:00,1865A,110.2869,25.2178,桂林市,八中,,24,22,28,13,16,87,75,70,70,10,20,4,7,0.2,0.3
2022-11-10T17:00:00,1866A,109.2262,21.588,北海市,牛尾岭水库(对照点),,40,34,31,15,22,126,126,103,103,5,7,9,9,0.5,0.6
2022-11-10T17:00:00,1867A,109.1436,21.4086,北海市,海滩公园,臭氧1小时,54,50,31,27,14,168,163,147,147,6,7,9,8,0.7,0.6
2022-11-10T17:00:00,1868A,109.0981,21.4661,北海市,新市环保局,,45,37,28,27,19,144,144,120,120,9,11,7,7,0.5,0.5
2022-11-10T17:00:00,1869A,109.1778,21.5233,北海市,北海工业园,颗粒物(PM10),51,51,40,24,21,141,141,110,110,9,15,9,10,0.4,0.4
2022-11-10T17:00:00,1870A,109.4856,24.3895,柳州市,柳东小学,,,34,38,,34,119,83,75,75,8,22,5,10,0.4,0.5
2022-11-10T17:00:00,1871A,109.4157,24.3277,柳州市,环保监测站,,25,18,34,15,20,83,80,73,73,9,15,4,4,0.5,0.6
2022-11-10T17:00:00,1872A,109.389,24.341,柳州市,河西水厂,,25,23,38,12,23,84,77,71,71,10,17,9,9,1.0,1
2022-11-10T17:00:00,1873A,109.4311,24.2921,柳州市,市四中,,38,38,47,15,23,85,82,73,73,6,16,7,8,0.7,0.7
2022-11-10T17:00:00,1874A,109.4006,24.3631,柳州市,市九中,,36,36,43,16,20,88,76,74,74,11,19,7,9,0.6,0.7
2022-11-10T17:00:00,1875A,109.4958,24.3134,柳州市,古亭山,,28,28,34,17,23,80,75,68,68,2,22,7,9,0.6,0.7
2022-11-10T17:00:00,1876A,109.5078,18.2489,三亚市,河东子站,,20,20,18,7,8,68,62,64,64,5,5,1,1,0.3,0.4
2022-11-10T17:00:00,1877A,109.4964,18.2681,三亚市,河西子站,,27,27,17,7,6,66,63,61,61,7,5,1,1,0.3,0.3
2022-11-10T17:00:00,1878A,104.7778,31.4741,绵阳市,富乐山,,,54,52,40,40,89,69,44,44,,20,,4,0.5,0.6
2022-11-10T17:00:00,1879A,104.7563,31.4535,绵阳市,市人大,细颗粒物(PM2.5),79,70,70,58,49,69,55,30,30,20,35,2,4,0.6,0.7
2022-11-10T17:00:00,1880A,104.6697,31.4668,绵阳市,高新区自来水公司,细颗粒物(PM2.5),69,82,74,50,45,65,63,29,21,19,33,6,9,0.7,0.8
2022-11-10T17:00:00,1881A,104.7287,31.5075,绵阳市,三水厂,细颗粒物(PM2.5),72,78,74,52,53,67,58,18,18,19,36,5,5,0.7,0.8
2022-11-10T17:00:00,1882A,104.563,28.793,宜宾市,石马中学(对照点),细颗粒物(PM2.5),109,83,86,82,62,70,63,49,49,14,19,6,5,0.7,0.8
2022-11-10T17:00:00,1883A,104.6201,28.7728,宜宾市,市委,细颗粒物(PM2.5),107,93,91,80,77,61,60,42,42,21,29,8,7,0.9,0.9
2022-11-10T17:00:00,1884A,104.6055,28.793,宜宾市,宜宾四中,细颗粒物(PM2.5),113,101,102,85,82,61,56,45,45,23,27,6,5,0.8,0.9
2022-11-10T17:00:00,1885A,104.639,28.7562,宜宾市,市政府,细颗粒物(PM2.5),102,99,96,76,76,66,66,46,46,25,27,8,7,0.8,0.8
2022-11-10T17:00:00,1886A,104.5742,28.7199,宜宾市,黄金嘴,细颗粒物(PM2.5),102,93,87,76,71,78,62,54,54,30,24,8,7,0.9,0.9
2022-11-10T17:00:00,1888A,101.6891,26.571,攀枝花市,弄弄坪,,34,33,62,20,34,110,106,71,71,21,40,14,15,0.8,1.5
2022-11-10T17:00:00,1889A,101.5769,26.5928,攀枝花市,河门口,,35,23,36,14,22,125,110,87,87,17,23,19,16,1.0,1.2
2022-11-10T17:00:00,1890A,101.7169,26.585,攀枝花市,炳草岗,,36,21,51,11,21,114,114,71,71,13,40,16,14,0.8,1.5
2022-11-10T17:00:00,1891A,101.7369,26.5008,攀枝花市,仁和,,30,18,36,12,24,110,96,78,78,8,20,8,13,0.6,1
2022-11-10T17:00:00,1893A,105.4324,28.9634,泸州市,九狮山(对照点),细颗粒物(PM2.5),63,53,56,45,53,68,67,47,47,17,19,11,8,0.4,0.4
2022-11-10T17:00:00,1894A,105.4427,28.9063,泸州市,小市上码头,细颗粒物(PM2.5),104,87,101,78,92,92,92,68,68,19,24,3,10,0.6,0.8
2022-11-10T17:00:00,1895A,105.4241,28.8573,泸州市,兰田宪桥,细颗粒物(PM2.5),89,86,101,66,77,93,93,66,66,15,20,8,23,0.7,0.7
2022-11-10T17:00:00,1896A,105.4379,28.8833,泸州市,市环监站,细颗粒物(PM2.5),90,81,95,67,80,87,86,61,61,16,20,5,7,0.6,0.7
2022-11-10T17:00:00,1897A,104.7547,29.3628,自贡市,大塘山(对照点),,,,,,,,,,,,,,,,
2022-11-10T17:00:00,1900A,104.7692,29.3411,自贡市,春华路,,,,,,,,,,,,,,,,
2022-11-10T17:00:00,1901A,104.4239,31.1208,德阳市,东山公园,颗粒物(PM10),61,72,78,32,45,60,60,24,24,15,34,7,8,0.8,0.9
2022-11-10T17:00:00,1902A,104.3826,31.1317,德阳市,西小区,颗粒物(PM10),65,79,84,41,45,59,54,18,18,24,42,7,8,0.7,0.8
2022-11-10T17:00:00,1903A,104.4053,31.1167,德阳市,市检察院,,,,,,,,,,,,,,,,
2022-11-10T17:00:00,1904A,104.3553,31.1091,德阳市,耐火材料厂,细颗粒物(PM2.5),77,82,104,56,52,57,53,22,22,27,39,8,9,0.7,0.8
2022-11-10T17:00:00,1905A,106.056,30.8064,南充市,西山风景区(对照点),细颗粒物(PM2.5),83,77,52,61,41,62,11,36,15,36,14,9,7,1.1,0.8
2022-11-10T17:00:00,1906A,106.0789,30.8023,南充市,南充市委,细颗粒物(PM2.5),79,92,60,58,40,62,10,22,13,48,22,11,9,0.9,0.7
2022-11-10T17:00:00,1907A,106.1031,30.8217,南充市,南充炼油厂,细颗粒物(PM2.5),74,88,62,54,38,72,12,24,13,43,23,9,10,0.8,0.7
2022-11-10T17:00:00,1908A,106.1064,30.7856,南充市,高坪区监测站,细颗粒物(PM2.5),85,94,58,63,42,75,10,18,12,36,24,18,14,0.8,0.7
2022-11-10T17:00:00,1909A,106.0642,30.7636,南充市,嘉陵区环保局,细颗粒物(PM2.5),97,69,51,72,48,35,13,26,23,38,21,22,14,1.0,0.7
2022-11-10T17:00:00,1910A,106.1087,30.8388,南充市,市环境监测站,细颗粒物(PM2.5),67,78,54,48,41,64,12,23,11,38,22,11,12,0.8,0.7
2022-11-10T17:00:00,1911A,106.9222,27.6869,遵义市,丁字口,,43,33,44,30,33,119,106,109,109,16,36,9,14,0.6,0.9
2022-11-10T17:00:00,1912A,106.9242,27.7019,遵义市,凤凰山,,39,39,39,25,20,119,113,111,111,10,12,7,7,0.5,0.5
2022-11-10T17:00:00,1913A,106.8906,27.6486,遵义市,忠庄,,44,44,48,23,26,117,106,106,106,12,19,3,3,0.4,0.5
2022-11-10T17:00:00,1914A,106.9231,27.6506,遵义市,舟水桥,,39,39,60,24,31,115,108,104,104,9,25,4,5,0.5,0.6
2022-11-10T17:00:00,1915A,106.9178,27.72,遵义市,干田坝,,42,40,42,29,28,115,104,106,106,11,26,6,8,0.4,0.5
2022-11-10T17:00:00,1916A,103.7897,25.5035,曲靖市,环境监测站,,46,26,35,32,25,124,121,92,92,8,13,5,5,0.4,0.4
2022-11-10T17:00:00,1917A,103.8,25.5364,曲靖市,烟厂办公区,,40,22,35,8,21,125,125,92,92,5,11,5,7,0.4,0.5
2022-11-10T17:00:00,1918A,108.7197,34.3956,咸阳市,气象站(对照点),颗粒物(PM10),109,167,140,77,66,34,8,15,15,57,46,7,7,1.2,1.1
2022-11-10T17:00:00,1919A,108.673,34.3155,咸阳市,实验中学,颗粒物(PM10),120,190,154,62,65,28,5,19,7,50,48,4,4,0.9,0.9
2022-11-10T17:00:00,1920A,108.7233,34.3617,咸阳市,师范学院,颗粒物(PM10),125,199,138,72,68,21,4,13,8,62,48,6,6,1.5,1.2
2022-11-10T17:00:00,1922A,109.0656,35.0994,铜川市,党校(对照点),细颗粒物(PM2.5),105,95,126,79,87,87,87,75,75,24,42,13,14,1.1,1.2
2022-11-10T17:00:00,1923A,109.0697,35.0697,铜川市,王益区政府,"颗粒物(PM10),细颗粒物(PM2.5)",87,123,141,64,69,81,81,72,72,16,38,5,6,1.0,1.3
2022-11-10T17:00:00,1924A,108.9344,34.9058,铜川市,新区管委会,,,,152,,70,64,42,41,41,37,40,9,7,1.2,1.2
2022-11-10T17:00:00,1925A,108.9589,34.8731,铜川市,新区兰芝公司,,,,,,,,,,,,,,,,
2022-11-10T17:00:00,1926A,109.4131,36.6275,延安市,枣园(对照点),细颗粒物(PM2.5),69,72,61,50,38,66,39,25,25,21,30,4,4,1.4,1.2
2022-11-10T17:00:00,1927A,109.4761,36.6028,延安市,延大医附院,,,66,65,42,39,52,37,26,26,26,33,5,5,,1
2022-11-10T17:00:00,1928A,109.4824,36.5767,延安市,市监测站,,,,,,,,,,,,,,,,
2022-11-10T17:00:00,1929A,109.5056,36.6106,延安市,百米大道,细颗粒物(PM2.5),65,59,62,47,41,59,32,24,24,41,40,7,8,1.2,1.1
2022-11-10T17:00:00,1930A,107.185,34.3063,宝鸡市,庙沟村(对照点),,48,48,50,23,30,37,21,27,27,21,22,4,4,1.3,1.3
2022-11-10T17:00:00,1931A,107.0708,34.3017,宝鸡市,竹园沟,,45,45,63,31,48,44,34,38,38,28,31,6,6,1.0,1.1
2022-11-10T17:00:00,1932A,107.1906,34.3672,宝鸡市,三陆医院,颗粒物(PM10),64,78,70,39,46,41,7,28,19,48,37,8,8,1.1,1.1
2022-11-10T17:00:00,1933A,107.1431,34.3547,宝鸡市,监测站,颗粒物(PM10),58,66,75,34,59,35,16,24,21,38,44,6,7,1.0,1.1
2022-11-10T17:00:00,1934A,107.1186,34.3739,宝鸡市,技工学校,,,,63,52,67,48,12,38,31,58,41,5,6,1.1,1.1
2022-11-10T17:00:00,1935A,107.3906,34.3528,宝鸡市,陈仓区环保局家属楼,颗粒物(PM10),57,63,95,26,64,23,22,20,20,42,42,6,7,1.0,1.3
2022-11-10T17:00:00,1936A,107.2058,34.3497,宝鸡市,文理学院,颗粒物(PM10),65,79,78,35,46,33,6,25,22,54,48,6,8,1.2,1.2
2022-11-10T17:00:00,1937A,107.2386,34.3622,宝鸡市,三迪小学,细颗粒物(PM2.5),79,87,81,58,67,41,11,30,24,52,43,7,8,1.1,1.1
2022-11-10T17:00:00,1938A,109.5293,34.5101,渭南市,农科所(对照点),细颗粒物(PM2.5),192,180,143,144,109,83,66,60,60,28,46,7,7,1.2,1.2
2022-11-10T17:00:00,1939A,109.4974,34.4877,渭南市,日报社,细颗粒物(PM2.5),193,195,159,145,124,95,54,58,58,50,55,9,10,1.1,1
2022-11-10T17:00:00,1940A,109.4636,34.493,渭南市,体育馆,细颗粒物(PM2.5),190,175,152,143,129,100,79,66,66,27,50,8,8,1.1,1.1
2022-11-10T17:00:00,1941A,109.4259,34.5023,渭南市,高新一小,细颗粒物(PM2.5),200,189,158,150,130,84,68,61,61,30,48,6,6,1.1,1
2022-11-10T17:00:00,1943A,102.1725,38.5339,金昌市,新川苑,颗粒物(PM10),59,68,123,14,28,96,84,84,83,12,25,5,16,0.5,0.7
2022-11-10T17:00:00,1944A,102.1692,38.5167,金昌市,天庆家园,颗粒物(PM10),58,66,103,10,28,100,84,82,82,10,26,5,11,0.5,0.8
2022-11-10T17:00:00,1945A,98.2908,39.7711,嘉峪关市,气象局,,41,41,62,9,22,119,79,108,71,14,19,16,24,0.5,0.5
2022-11-10T17:00:00,1947A,106.3394,38.817,石嘴山市,沙湖旅游区(对照点),细颗粒物(PM2.5),113,92,161,85,116,108,108,56,56,23,52,15,14,1.0,1.7
2022-11-10T17:00:00,1948A,106.3668,39.0145,石嘴山市,大武口朝阳西街,细颗粒物(PM2.5),139,133,112,106,92,86,70,46,46,50,47,55,16,1.4,1.2
2022-11-10T17:00:00,1949A,106.7704,39.2282,石嘴山市,惠农南大街,,46,34,76,32,77,96,76,46,46,16,34,11,11,0.6,0.9
2022-11-10T17:00:00,1950A,106.7099,39.1325,石嘴山市,红果子镇惠新街,,48,48,86,32,70,98,79,55,55,18,32,11,12,0.7,0.9
2022-11-10T17:00:00,1951A,84.895,45.6094,克拉玛依市,长征新村,,19,4,5,3,6,64,58,64,48,5,6,5,5,0.2,0.2
2022-11-10T17:00:00,1952A,84.8988,45.5893,克拉玛依市,南林小区,,19,5,5,7,9,67,60,66,49,6,7,3,2,0.4,0.4
2022-11-10T17:00:00,1953A,85.1186,45.6886,克拉玛依市,白碱滩区,,,,,,,,,,,,,,,,
2022-11-10T17:00:00,1954A,84.905,44.3396,克拉玛依市,独山子区,,20,19,9,14,7,55,50,46,43,14,14,6,6,0.4,0.3
2022-11-10T17:00:00,1955A,85.6979,46.098,克拉玛依市,乌尔禾区商贸楼,,19,6,14,10,9,63,59,59,41,4,6,2,2,0.6,0.5
2022-11-10T17:00:00,1956A,86.1472,41.7538,巴音郭楞州,孔雀公园,,32,32,39,3,12,92,80,78,78,6,6,4,4,0.2,0.2
2022-11-10T17:00:00,1957A,86.1972,41.7166,巴音郭楞州,棉纺厂,,31,31,47,7,13,102,81,79,79,6,8,5,5,0.2,0.2
2022-11-10T17:00:00,1958A,86.2357,41.7173,巴音郭楞州,经济开发区,,27,13,51,7,8,106,86,78,78,3,6,6,7,0.3,0.2
2022-11-10T17:00:00,1959A,118.746,36.881,寿光市,监测站,,,,,,,,,,,,,,,,
2022-11-10T17:00:00,1960A,118.780,36.864,寿光市,世纪学校,,,,,,,,,,,,,,,,
2022-11-10T17:00:00,1961A,117.532,36.6868,济南市,东山小学,细颗粒物(PM2.5),89,125,106,66,57,113,85,76,76,51,49,11,7,0.8,0.7
2022-11-10T17:00:00,1962A,117.541,36.710,章丘市,明水开发区,,,,,,,,,,,,,,,,
2022-11-10T17:00:00,1963A,120.610,36.440,即墨市,环保局子站,,,,,,,,,,,,,,,,
2022-11-10T17:00:00,1964A,120.470,36.390,即墨市,开发区子站,,,,,,,,,,,,,,,,
2022-11-10T17:00:00,1965A,120.005,35.878,胶南市,JN子站,,,,,,,,,,,,,,,,
2022-11-10T17:00:00,1966A,120.0405,35.8735,青岛市,黄岛区4号,,35,34,35,17,20,114,111,114,93,22,30,5,6,0.6,0.6
2022-11-10T17:00:00,1967A,120.008,36.283,胶州市,胶州环保局,,,,,,,,,,,,,,,,
2022-11-10T17:00:00,1968A,120.014,36.253,胶州市,胶州一中,,,,,,,,,,,,,,,,
2022-11-10T17:00:00,1969A,120.537,36.865,莱西市,环保局子站,,,,,,,,,,,,,,,,
2022-11-10T17:00:00,1970A,120.515,36.885,莱西市,人民广场子站,,,,,,,,,,,,,,,,
2022-11-10T17:00:00,1971A,119.952,36.792,平度市,1号,,,,,,,,,,,,,,,,
2022-11-10T17:00:00,1972A,119.976,36.799,平度市,2号,,,,,,,,,,,,,,,,
2022-11-10T17:00:00,1973A,120.747,37.825,蓬莱市,蓬莱环保局,,,,,,,,,,,,,,,,
2022-11-10T17:00:00,1974A,120.773,37.809,蓬莱市,蓬莱博物馆,,,,,,,,,,,,,,,,
2022-11-10T17:00:00,1975A,120.399,37.374,招远市,招远环保局,,,,,,,,,,,,,,,,
2022-11-10T17:00:00,1976A,120.394,37.364,招远市,招远教育局,,,,,,,,,,,,,,,,
2022-11-10T17:00:00,1977A,119.941,37.177,莱州市,莱州环保局,,,,,,,,,,,,,,,,
2022-11-10T17:00:00,1978A,119.959,37.180,莱州市,莱州外经委,,,,,,,,,,,,,,,,
2022-11-10T17:00:00,1979A,122.471,37.154,荣成市,荣成市环保局办公楼,,,,,,,,,,,,,,,,
2022-11-10T17:00:00,1980A,122.410,37.161,荣成市,山东成山轮胎公司,,,,,,,,,,,,,,,,
2022-11-10T17:00:00,1981A,122.038,37.197,文登市,文登市环保局,,,,,,,,,,,,,,,,
2022-11-10T17:00:00,1982A,122.0693,37.2174,威海市,文登开发区,颗粒物(PM10),52,53,52,31,33,106,97,98,98,28,25,4,4,0.5,0.5
2022-11-10T17:00:00,1983A,121.531,36.913,乳山市,乳山市环保局,,,,,,,,,,,,,,,,
2022-11-10T17:00:00,1984A,121.544,36.907,乳山市,乳山市气象局,,,,,,,,,,,,,,,,
2022-11-10T17:00:00,1985A,120.636,31.155,吴江市,吴江市环保局,,,,,,,,,,,,,,,,
2022-11-10T17:00:00,1986A,120.635,31.170,吴江市,教师进修学校,,,,,,,,,,,,,,,,
2022-11-10T17:00:00,1987A,120.658,31.172,吴江市,吴江开发区,,,,,,,,,,,,,,,,
2022-11-10T17:00:00,1988A,120.953,31.388,昆山市,昆山实验小学,,,,,,,,,,,,,,,,
2022-11-10T17:00:00,1989A,120.999,31.381,昆山市,震川中学,,,,,,,,,,,,,,,,
2022-11-10T17:00:00,1990A,120.758,31.670,常熟市,海虞子站,,,,,,,,,,,,,,,,
2022-11-10T17:00:00,1991A,120.721,31.671,常熟市,兴福子站,,,,,,,,,,,,,,,,
2022-11-10T17:00:00,1992A,120.734,31.656,常熟市,菱塘子站,,,,,,,,,,,,,,,,
2022-11-10T17:00:00,1993A,120.526,31.874,张家港市,张家港市监测站,,,,,,,,,,,,,,,,
2022-11-10T17:00:00,1994A,120.550,31.882,张家港市,城北小学,,,,,,,,,,,,,,,,
2022-11-10T17:00:00,1995A,121.115,31.453,太仓市,太仓市监测站,,,,,,,,,,,,,,,,
2022-11-10T17:00:00,1996A,121.140,31.422,太仓市,科教新城实小,,,,,,,,,,,,,,,,
2022-11-10T17:00:00,1997A,119.146,31.955,句容市,消防指挥中心,,,,,,,,,,,,,,,,
2022-11-10T17:00:00,1998A,119.180,31.955,句容市,房家坝,,,,,,,,,,,,,,,,
2022-11-10T17:00:00,1999A,120.268,31.920,江阴市,虹桥邮政,,,,,,,,,,,,,,,,
2022-11-10T17:00:00,2000A,120.237,31.909,江阴市,五星公园,,,,,,,,,,,,,,,,
2022-11-10T17:00:00,2001A,120.302,31.920,江阴市,第二实验小学,,,,,,,,,,,,,,,,
2022-11-10T17:00:00,2002A,119.818,31.354,宜兴市,宜兴市环保局,,,,,,,,,,,,,,,,
2022-11-10T17:00:00,2003A,119.794,31.371,宜兴市,宜园,,,,,,,,,,,,,,,,
2022-11-10T17:00:00,2004A,119.579,31.751,金坛市,金坛市环境监测站,,,,,,,,,,,,,,,,
2022-11-10T17:00:00,2005A,119.579,31.737,金坛市,金坛市自来水公司,,,,,,,,,,,,,,,,
2022-11-10T17:00:00,2006A,119.460,31.400,溧阳市,溧阳市东门子站,,,,,,,,,,,,,,,,
2022-11-10T17:00:00,2007A,119.438,31.317,溧阳市,燕山子站,,,,,,,,,,,,,,,,
2022-11-10T17:00:00,2008A,121.173,31.896,海门市,海门市监测站,,,,,,,,,,,,,,,,
2022-11-10T17:00:00,2009A,121.1518,31.89708,海门市,社会福利院,,,,,,,,,,,,,,,,
2022-11-10T17:00:00,2010A,119.7183,30.2366,临安市,市政府,,,,,,,,,,,,,,,,
2022-11-10T17:00:00,2011A,119.6942,30.2311,临安市,四中,,,,,,,,,,,,,,,,
2022-11-10T17:00:00,2012A,119.954,30.054,富阳市,监测站,,,,,,,,,,,,,,,,
2022-11-10T17:00:00,2013A,119.946,30.049,富阳市,富春二小,,,,,,,,,,,,,,,,
2022-11-10T17:00:00,2014A,120.091,29.305,义乌市,江东,,,,,,,,,,,,,,,,
2022-11-10T17:00:00,2015A,120.040,29.334,义乌市,北苑,,,,,,,,,,,,,,,,
2022-11-10T17:00:00,2016A,120.251,29.719,诸暨市,图书馆,,,,,,,,,,,,,,,,
2022-11-10T17:00:00,2017A,120.209,29.732,诸暨市,富林印务,,,,,,,,,,,,,,,,
2022-11-10T17:00:00,2018A,121.989,39.625,瓦房店市,抱龙山庄,,,,,,,,,,,,,,,,
2022-11-10T17:00:00,2019A,122.011,39.617,瓦房店市,东山公园,,,,,,,,,,,,,,,,
2022-11-10T17:00:00,2031A,113.1817,27.9958,株洲市,云田中学,,37,30,51,14,27,126,116,112,112,11,18,9,11,0.5,0.7
2022-11-10T17:00:00,2054A,114.1099,32.1059,信阳市,平桥分局,细颗粒物(PM2.5),73,90,109,53,74,163,159,122,122,23,34,9,8,0.8,0.9
2022-11-10T17:00:00,2064A,113.9956,32.1271,信阳市,南湾水厂,细颗粒物(PM2.5),67,70,100,48,71,163,160,121,121,22,23,9,8,1.0,1
2022-11-10T17:00:00,2065A,114.0775,32.1195,信阳市,市酿酒公司,,,71,97,58,76,163,158,119,119,20,37,,8,1.0,1.1
2022-11-10T17:00:00,2066A,114.0609,32.1399,信阳市,审计局,细颗粒物(PM2.5),80,70,100,59,84,170,164,122,122,21,39,10,9,0.6,0.6
2022-11-10T17:00:00,2067A,114.6613,33.6128,周口市,市环境监测站,颗粒物(PM10),88,126,126,52,60,155,146,112,112,18,22,13,17,1.1,1
2022-11-10T17:00:00,2068A,114.6758,33.6347,周口市,周口师范,颗粒物(PM10),89,128,123,57,67,154,148,113,113,23,33,10,12,1.1,1.1
2022-11-10T17:00:00,2069A,114.6546,33.5979,周口市,市运管处,颗粒物(PM10),80,110,122,56,73,152,150,121,121,23,37,9,21,0.9,0.8
2022-11-10T17:00:00,2070A,114.6369,33.6406,周口市,川汇区环保局,颗粒物(PM10),85,119,127,61,69,149,144,111,111,22,32,9,11,0.9,0.9
2022-11-10T17:00:00,2075A,117.6336,24.4674,漳州市,九湖(对照点),,,,,,,,,,,,,,,,
2022-11-10T17:00:00,2160A,112.85,35.5051,晋城市,自来水公司,细颗粒物(PM2.5),85,86,79,63,64,147,99,78,78,16,27,6,7,0.9,1
2022-11-10T17:00:00,2161A,112.8318,35.4936,晋城市,白云商贸,细颗粒物(PM2.5),77,96,86,56,60,140,104,77,77,14,27,4,4,0.9,1.1
2022-11-10T17:00:00,2162A,112.8508,35.4887,晋城市,市环保局,细颗粒物(PM2.5),92,82,86,68,68,146,103,72,72,16,37,5,5,0.8,1
2022-11-10T17:00:00,2163A,112.8676,35.4897,晋城市,技术学院,,,,,,,,,,,,,,,,
2022-11-10T17:00:00,2164A,112.8271,35.4828,晋城市,泽州一中,,,,,,,,,,,,,,,,
2022-11-10T17:00:00,2165A,112.8453,35.546,晋城市,白马寺 (对照点),,,,,,,,,,,,,,,,
2022-11-10T17:00:00,2166A,112.4397,39.3522,朔州市,平朔,细颗粒物(PM2.5),203,171,138,153,125,100,97,71,71,28,38,5,25,1.1,1.3
2022-11-10T17:00:00,2167A,112.4575,39.3617,朔州市,朔唯,细颗粒物(PM2.5),192,158,145,144,123,104,92,76,76,29,36,8,23,1.0,1.2
2022-11-10T17:00:00,2168A,112.4258,39.3197,朔州市,区政府,细颗粒物(PM2.5),163,141,162,124,119,93,93,68,68,26,41,6,20,0.9,1.2
2022-11-10T17:00:00,2169A,112.4072,39.3278,朔州市,市环保局,细颗粒物(PM2.5),173,154,164,131,124,76,74,61,61,42,44,8,24,0.9,1.3
2022-11-10T17:00:00,2170A,112.4272,39.3681,朔州市,市二中,细颗粒物(PM2.5),186,163,162,140,116,98,92,69,69,29,42,9,23,1.5,1.6
2022-11-10T17:00:00,2171A,112.7532,37.6945,晋中市,锦纶小区,细颗粒物(PM2.5),139,117,147,106,113,104,74,74,74,42,43,8,10,0.9,1
2022-11-10T17:00:00,2173A,112.7249,37.7067,晋中市,南都小区,细颗粒物(PM2.5),113,117,158,85,111,99,79,67,67,35,47,10,14,1.0,1.1
2022-11-10T17:00:00,2174A,112.6991,37.6982,晋中市,榆次区政府,细颗粒物(PM2.5),85,96,147,63,120,82,79,61,61,34,48,7,10,1.0,1.1
2022-11-10T17:00:00,2175A,110.9956,35.0147,运城市,运城中学,细颗粒物(PM2.5),143,146,158,109,123,111,111,90,90,12,24,6,10,0.8,1.1
2022-11-10T17:00:00,2176A,111.0233,35.0611,运城市,禹都开发区,,,,,,,,,,,,,,,,
2022-11-10T17:00:00,2178A,110.9686,35.0303,运城市,地区技校,细颗粒物(PM2.5),135,150,164,103,117,111,111,90,90,11,31,6,10,1.0,1.6
2022-11-10T17:00:00,2179A,111.0414,35.1147,运城市,空港新区,细颗粒物(PM2.5),144,163,189,110,124,110,101,92,92,21,32,7,12,1.1,1.4
2022-11-10T17:00:00,2181A,112.7383,38.4519,忻州市,开发区,细颗粒物(PM2.5),134,118,139,102,121,108,107,66,66,17,43,10,8,1.1,1.2
2022-11-10T17:00:00,2182A,112.7003,38.4928,忻州市,会展中心,细颗粒物(PM2.5),140,121,143,107,122,97,89,63,63,25,51,15,11,0.7,0.9
2022-11-10T17:00:00,2183A,111.1406,37.5211,吕梁市,环保局,,48,46,78,33,35,89,76,59,59,26,39,6,7,0.6,0.7
2022-11-10T17:00:00,2185A,111.1297,37.5136,吕梁市,自来水公司,,48,48,79,30,37,84,79,59,59,22,36,6,8,0.7,0.8
2022-11-10T17:00:00,2186A,106.8288,39.6778,乌海市,聚英学校,,,,,,,,,,,,,,,,
2022-11-10T17:00:00,2187A,106.8174,39.6973,乌海市,市林业局,细颗粒物(PM2.5),54,55,103,38,57,95,69,51,51,19,53,14,16,0.7,1
2022-11-10T17:00:00,2188A,106.7907,39.6667,乌海市,中海勃湾学校,,49,39,103,34,67,118,70,55,55,27,57,18,20,0.6,1.1
2022-11-10T17:00:00,2191A,122.2532,43.6801,通辽市,艺术职业学校,细颗粒物(PM2.5),266,268,146,216,91,140,93,106,106,74,41,9,9,1.2,0.9
2022-11-10T17:00:00,2192A,119.7594,49.2261,呼伦贝尔市,区环保局,,36,36,38,15,19,28,23,24,24,23,26,6,5,0.6,0.5
2022-11-10T17:00:00,2194A,107.5936,40.916,巴彦淖尔市,秋林养殖基地(对照点),,,,,,,,,,,,,,,,
2022-11-10T17:00:00,2195A,107.4212,40.761,巴彦淖尔市,附二中,细颗粒物(PM2.5),77,88,121,56,66,63,31,30,30,23,32,5,13,0.9,1
2022-11-10T17:00:00,2196A,107.37,40.7372,巴彦淖尔市,市环保大楼,细颗粒物(PM2.5),80,96,107,59,67,83,30,28,28,26,34,4,5,0.9,1
2022-11-10T17:00:00,2197A,113.1306,40.9923,乌兰察布市,集宁新区,细颗粒物(PM2.5),69,64,58,50,42,21,16,16,16,50,42,14,11,1.2,0.9
2022-11-10T17:00:00,2200A,122.0392,46.0656,兴安盟,胜华新制药厂,细颗粒物(PM2.5),200,212,66,150,43,71,48,53,53,40,27,6,7,0.6,0.5
2022-11-10T17:00:00,2201A,121.9504,46.0741,兴安盟,科右前旗环保局,细颗粒物(PM2.5),198,183,81,148,63,93,61,68,68,37,26,9,10,0.5,0.4
2022-11-10T17:00:00,2202A,116.1042,43.9317,锡林郭勒盟,市环保监测站,,,21,58,10,20,98,81,81,81,,24,9,11,0.3,0.5
2022-11-10T17:00:00,2203A,116.0781,43.9311,锡林郭勒盟,市政府,,38,38,43,5,19,93,81,73,73,16,31,7,11,0.4,0.5
2022-11-10T17:00:00,2204A,105.6467,38.8363,阿拉善盟,西城区西花园(对照点),细颗粒物(PM2.5),105,91,74,79,49,113,82,80,80,17,30,10,11,0.7,0.6
2022-11-10T17:00:00,2205A,105.6985,38.8411,阿拉善盟,蒙二幼,细颗粒物(PM2.5),104,68,53,78,51,116,84,86,86,13,16,9,10,0.7,0.5
2022-11-10T17:00:00,2206A,105.724,38.8516,阿拉善盟,环保局新楼,细颗粒物(PM2.5),77,68,39,56,34,103,83,100,87,16,16,8,8,0.6,0.4
2022-11-10T17:00:00,2207A,121.6094,41.998,阜新市,工业园区,颗粒物(PM10),87,124,177,59,105,65,47,47,47,50,66,18,21,0.9,1.4
2022-11-10T17:00:00,2208A,121.6697,42.0279,阜新市,长青街,颗粒物(PM10),94,137,158,65,97,71,58,56,56,37,64,16,20,0.9,1.6
2022-11-10T17:00:00,2209A,121.6673,42.0705,阜新市,农业园区,细颗粒物(PM2.5),87,74,109,64,78,80,54,67,53,24,23,13,18,0.7,1
2022-11-10T17:00:00,2210A,121.6717,42.0224,阜新市,东苑,颗粒物(PM10),87,123,187,60,80,68,52,51,51,42,65,18,36,0.8,1.5
2022-11-10T17:00:00,2211A,121.6506,42.0498,阜新市,玉龙新城,细颗粒物(PM2.5),83,104,143,61,94,68,38,49,49,52,56,16,17,0.7,1.2
2022-11-10T17:00:00,2212A,123.2,41.1953,辽阳市,宏伟区,,50,34,86,35,55,100,59,100,64,28,21,6,8,0.8,1
2022-11-10T17:00:00,2213A,123.1683,41.2495,辽阳市,新华园,细颗粒物(PM2.5),90,97,111,67,80,93,38,88,59,51,32,15,16,0.9,1
2022-11-10T17:00:00,2214A,123.2354,41.2639,辽阳市,滨河路,细颗粒物(PM2.5),102,92,71,76,82,107,19,104,40,72,35,5,6,1.4,1.1
2022-11-10T17:00:00,2215A,123.149,41.2991,辽阳市,铁西工业园,细颗粒物(PM2.5),204,155,132,154,131,102,26,99,34,54,38,13,14,1.6,1.4
2022-11-10T17:00:00,2216A,123.8139,42.3022,铁岭市,汇工街西,细颗粒物(PM2.5),231,183,141,181,128,88,70,80,70,42,41,11,17,1.2,1
2022-11-10T17:00:00,2217A,123.8649,42.2923,铁岭市,水上乐园,细颗粒物(PM2.5),214,234,169,164,122,92,57,70,61,50,51,10,11,0.9,0.8
2022-11-10T17:00:00,2218A,123.8486,42.2867,铁岭市,银州路东段,细颗粒物(PM2.5),200,193,158,150,127,97,58,78,61,59,55,6,8,1.3,1.4
2022-11-10T17:00:00,2219A,123.7153,42.2217,铁岭市,金沙江路北,细颗粒物(PM2.5),204,167,119,154,126,81,44,64,59,29,31,5,10,1.4,1.2
2022-11-10T17:00:00,2220A,120.4318,41.5881,朝阳市,西梁,"颗粒物(PM10),细颗粒物(PM2.5)",62,74,143,44,93,82,72,64,64,25,54,18,27,0.9,1.4
2022-11-10T17:00:00,2221A,120.4521,41.5646,朝阳市,河畔小区,颗粒物(PM10),64,78,131,45,83,75,71,60,60,17,49,17,29,0.8,1.2
2022-11-10T17:00:00,2222A,120.4176,41.5648,朝阳市,八里堡,颗粒物(PM10),72,94,143,46,78,77,47,58,58,45,55,22,32,0.7,1.2
2022-11-10T17:00:00,2223A,120.3806,41.5969,朝阳市,农业园区,细颗粒物(PM2.5),74,90,118,54,77,72,56,58,58,44,62,18,17,0.8,1.1
2022-11-10T17:00:00,2225A,124.4002,43.1713,四平市,一商场,细颗粒物(PM2.5),110,136,131,83,82,88,63,64,64,46,46,7,8,0.9,0.9
2022-11-10T17:00:00,2226A,124.388,43.193,四平市,境园,细颗粒物(PM2.5),112,133,124,84,75,92,57,63,63,47,52,12,10,1.0,0.9
2022-11-10T17:00:00,2227A,125.1358,42.8845,辽源市,环保局,细颗粒物(PM2.5),108,99,89,81,70,102,66,75,75,65,50,10,11,1.4,1.3
2022-11-10T17:00:00,2229A,125.9358,41.7173,通化市,光明,细颗粒物(PM2.5),84,114,89,62,51,95,6,20,15,83,61,25,39,1.4,1.1
2022-11-10T17:00:00,2230A,125.9446,41.7325,通化市,铁路,细颗粒物(PM2.5),90,116,96,67,58,92,10,25,22,112,65,23,31,2.0,1.5
2022-11-10T17:00:00,2231A,126.4219,41.9171,白山市,喜丰,颗粒物(PM10),91,132,111,56,49,93,45,35,35,47,47,27,22,1.1,1
2022-11-10T17:00:00,2232A,126.4077,41.9419,白山市,环保局,细颗粒物(PM2.5),79,90,111,58,59,89,27,35,35,76,61,13,21,1.2,1.2
2022-11-10T17:00:00,2233A,124.8006,45.1214,松原市,江南,细颗粒物(PM2.5),180,144,216,136,191,69,60,53,53,33,62,9,15,0.5,1
2022-11-10T17:00:00,2234A,124.7965,45.1722,松原市,江北,细颗粒物(PM2.5),107,128,238,80,188,66,23,42,41,42,60,6,10,0.5,1.1
2022-11-10T17:00:00,2235A,122.7911,45.6077,白城市,洮北区环保局,细颗粒物(PM2.5),374,289,96,324,89,128,80,90,90,44,29,12,10,0.9,0.4
2022-11-10T17:00:00,2236A,122.8738,45.5725,白城市,市环保局,细颗粒物(PM2.5),251,270,108,201,59,114,70,82,82,45,32,16,11,0.8,0.5
2022-11-10T17:00:00,2237A,129.47,42.8883,延边朝鲜族自治州,妇幼医院,细颗粒物(PM2.5),133,74,53,101,41,88,32,56,56,63,39,10,8,1.0,0.8
2022-11-10T17:00:00,2238A,129.5055,42.9108,延边朝鲜族自治州,延边医院,细颗粒物(PM2.5),100,101,87,75,63,69,21,45,45,75,51,12,14,1.2,1.1
2022-11-10T17:00:00,2239A,129.3964,42.8881,延边朝鲜族自治州,朝阳川镇医院,细颗粒物(PM2.5),103,118,61,77,40,85,6,46,46,82,36,7,8,0.7,0.7
2022-11-10T17:00:00,2240A,130.9762,45.3001,鸡西市,环保局,,19,19,53,9,36,57,21,52,38,26,22,3,5,0.4,0.5
2022-11-10T17:00:00,2243A,130.9429,45.3039,鸡西市,第一中学,,22,22,55,11,31,68,33,65,45,13,12,4,7,0.4,0.5
2022-11-10T17:00:00,2244A,130.2537,47.3416,鹤岗市,哈啤分公司,,16,16,30,9,24,73,35,41,41,16,7,12,10,0.3,0.3
2022-11-10T17:00:00,2245A,130.2684,47.3086,鹤岗市,斯达机电,,25,25,36,12,24,70,26,40,40,26,14,6,7,0.3,0.3
2022-11-10T17:00:00,2246A,130.3114,47.3388,鹤岗市,东山纸板厂,,,,61,27,29,68,8,42,38,43,19,8,11,0.6,0.7
2022-11-10T17:00:00,2247A,130.1097,47.3382,鹤岗市,五号水库(对照点),,29,19,25,20,22,75,48,49,49,5,6,6,6,0.4,0.4
2022-11-10T17:00:00,2248A,131.1511,46.6937,双鸭山市,双合村,,26,26,27,3,22,59,19,44,42,28,11,6,6,0.4,0.3
2022-11-10T17:00:00,2249A,131.1652,46.6191,双鸭山市,南小市,,41,41,43,12,28,57,17,48,44,35,14,8,8,0.4,0.5
2022-11-10T17:00:00,2250A,131.1524,46.6554,双鸭山市,环保局,,34,34,38,17,26,67,18,47,45,35,16,4,5,0.4,0.3
2022-11-10T17:00:00,2251A,131.12,46.5656,双鸭山市,苗圃(对照点),,35,35,40,20,27,52,27,36,36,12,11,5,8,0.4,0.5
2022-11-10T17:00:00,2252A,128.5159,47.4311,伊春市,环保局,,28,28,57,12,56,46,11,30,30,37,22,5,5,0.7,0.6
2022-11-10T17:00:00,2253A,128.9102,47.7412,伊春市,电力嘉园,,,31,60,13,40,59,11,33,33,29,15,1,3,,0.6
2022-11-10T17:00:00,2254A,129.5029,48.471,伊春市,汤旺河国家公园(对照点),,25,25,24,16,18,43,22,35,35,4,2,5,6,0.2,0.1
2022-11-10T17:00:00,2255A,130.2751,46.8028,佳木斯市,佳纺,,38,38,50,5,26,50,7,33,32,38,21,5,3,0.7,0.4
2022-11-10T17:00:00,2256A,130.3995,46.8307,佳木斯市,发电厂,,17,12,31,8,27,56,12,38,37,34,13,3,1,0.5,0.4
2022-11-10T17:00:00,2257A,130.3258,46.7975,佳木斯市,环保局,,24,21,39,2,28,49,5,34,34,47,24,6,5,1.0,0.5
2022-11-10T17:00:00,2258A,130.3648,46.8032,佳木斯市,十一中,,20,19,40,4,26,46,14,38,37,39,26,3,5,0.7,0.6
2022-11-10T17:00:00,2259A,130.3794,46.7588,佳木斯市,四丰(对照点),,23,23,34,4,22,54,35,36,36,14,16,1,1,0.3,0.4
2022-11-10T17:00:00,2262A,131.0518,45.8751,七台河市,新一中(对照点),,17,17,48,3,35,82,43,47,47,9,13,7,8,0.6,1.4
2022-11-10T17:00:00,2263A,127.4833,50.2524,黑河市,交通局,,,15,16,9,11,41,26,36,35,22,10,,2,0.5,0.4
2022-11-10T17:00:00,2264A,127.5144,50.2341,黑河市,环保局,,22,19,11,15,13,46,34,41,41,15,7,9,5,0.4,0.3
2022-11-10T17:00:00,2265A,127.5291,50.2472,黑河市,大黑河岛(对照点),细颗粒物(PM2.5),63,3,14,45,13,46,38,43,43,2,2,3,2,0.2,0.2
2022-11-10T17:00:00,2266A,126.9785,46.6365,绥化市,人和东街,,39,34,105,27,87,56,42,49,49,16,30,3,8,0.9,1.1
2022-11-10T17:00:00,2267A,126.964,46.6528,绥化市,党政办公中心,细颗粒物(PM2.5),88,69,118,65,115,83,50,62,62,18,26,4,11,0.8,1.1
2022-11-10T17:00:00,2269A,124.1069,50.4097,大兴安岭地区,科技局,,15,10,10,10,14,42,27,36,36,19,8,4,6,0.3,0.2
2022-11-10T17:00:00,2270A,117.396,32.939,蚌埠市,工人疗养院,细颗粒物(PM2.5),113,118,102,85,62,133,91,79,79,24,41,5,8,0.7,0.6
2022-11-10T17:00:00,2271A,117.3605,32.9427,蚌埠市,百货大楼,细颗粒物(PM2.5),83,67,70,61,61,128,87,76,76,28,50,8,12,0.7,0.7
2022-11-10T17:00:00,2273A,117.4185,32.8911,蚌埠市,蚌埠学院,细颗粒物(PM2.5),73,88,96,53,61,135,85,74,74,36,51,10,16,0.8,0.7
2022-11-10T17:00:00,2274A,117.3533,32.9673,蚌埠市,淮上区政府,细颗粒物(PM2.5),89,105,93,66,58,123,93,76,76,21,39,7,10,0.6,0.6
2022-11-10T17:00:00,2275A,117.3145,32.8977,蚌埠市,高新区,细颗粒物(PM2.5),73,75,84,53,58,147,100,94,94,35,47,9,12,0.8,0.7
2022-11-10T17:00:00,2277A,116.8305,32.7727,淮南市,潘集区政府,细颗粒物(PM2.5),92,95,124,68,89,149,118,107,107,29,40,5,9,0.4,0.6
2022-11-10T17:00:00,2278A,117.0067,32.6524,淮南市,师范学院,细颗粒物(PM2.5),84,100,114,62,75,150,116,115,115,40,41,15,14,0.7,0.9
2022-11-10T17:00:00,2279A,116.8569,32.5951,淮南市,谢家集区政府,颗粒物(PM10),75,100,100,50,59,142,107,110,110,38,43,14,17,0.4,0.6
2022-11-10T17:00:00,2280A,116.8281,32.633,淮南市,八公山区政府,细颗粒物(PM2.5),80,83,91,59,74,159,118,116,116,32,31,15,19,0.5,0.7
2022-11-10T17:00:00,2281A,116.6325,32.6201,淮南市,焦岗湖风景区管理处(对照点),颗粒物(PM10),69,87,93,49,62,170,122,127,127,9,10,18,15,0.5,0.6
2022-11-10T17:00:00,2282A,116.8004,33.975,淮北市,监测站,细颗粒物(PM2.5),69,78,69,50,43,80,69,67,61,19,27,5,6,0.6,0.6
2022-11-10T17:00:00,2283A,116.8091,33.9007,淮北市,烈山区政府,细颗粒物(PM2.5),97,65,62,72,60,108,78,76,76,20,28,3,4,0.6,0.6
2022-11-10T17:00:00,2284A,116.7856,33.9477,淮北市,职业技术学院,颗粒物(PM10),60,70,66,42,38,103,75,74,74,19,26,6,7,0.8,0.8
2022-11-10T17:00:00,2285A,117.8177,30.9412,铜陵市,市第四中学,细颗粒物(PM2.5),52,49,83,36,46,132,127,104,104,31,46,9,6,0.3,0.5
2022-11-10T17:00:00,2286A,117.8059,30.9273,铜陵市,市公路局,颗粒物(PM10),53,55,74,24,49,125,120,97,97,27,43,10,8,0.7,0.8
2022-11-10T17:00:00,2287A,117.7807,30.9413,铜陵市,市新民污水厂,颗粒物(PM10),54,58,90,37,48,137,130,89,89,27,51,12,11,0.5,0.6
2022-11-10T17:00:00,2288A,117.7439,30.8792,铜陵市,市第九中学,颗粒物(PM10),64,77,117,44,57,110,110,61,61,45,76,12,12,1.0,0.8
2022-11-10T17:00:00,2289A,117.846,30.9413,铜陵市,车站新区,,50,48,79,35,46,126,113,92,92,30,50,7,5,0.4,0.5
2022-11-10T17:00:00,2290A,117.8483,30.97,铜陵市,市职教基地,颗粒物(PM10),51,51,73,26,47,141,128,103,103,23,29,8,7,0.4,0.5
2022-11-10T17:00:00,2291A,117.0809,30.5177,安庆市,环科院,,40,21,72,14,45,156,128,116,116,13,42,5,11,0.4,0.9
2022-11-10T17:00:00,2292A,117.0331,30.5119,安庆市,马山宾馆,,40,35,69,12,42,153,125,118,118,20,41,6,10,0.5,0.9
2022-11-10T17:00:00,2294A,116.9896,30.6145,安庆市,安庆大学,,41,34,66,19,39,152,130,118,118,17,35,7,8,0.6,0.9
2022-11-10T17:00:00,2295A,118.2903,29.6963,黄山市,延安路89号,,,10,29,5,20,99,98,84,84,6,18,5,6,,0.5
2022-11-10T17:00:00,2296A,118.327,29.7178,黄山市,黄山东路89号,,25,9,31,3,22,105,78,86,86,16,21,5,5,0.2,0.3
2022-11-10T17:00:00,2297A,118.1371,30.2756,黄山市,黄山区政府5号楼,,33,31,51,8,25,124,104,100,100,12,14,6,5,0.4,0.5
2022-11-10T17:00:00,2298A,118.3093,32.3153,滁州市,老年大学,细颗粒物(PM2.5),97,87,63,72,47,162,125,112,112,45,55,10,11,0.6,0.6
2022-11-10T17:00:00,2299A,118.3244,32.2786,滁州市,人大宾馆,颗粒物(PM10),57,63,80,34,41,157,124,117,117,50,57,4,6,0.7,0.8
2022-11-10T17:00:00,2301A,115.8277,32.8929,阜阳市,市监测站,细颗粒物(PM2.5),89,97,125,66,87,140,140,103,103,28,39,14,14,0.7,0.7
2022-11-10T17:00:00,2303A,115.8554,32.8605,阜阳市,开发区,细颗粒物(PM2.5),100,106,127,75,101,160,146,129,129,33,43,12,10,0.7,0.8
2022-11-10T17:00:00,2306A,116.989,33.6306,宿州市,火车站,,,,,,,,,,,,,,,,
2022-11-10T17:00:00,2307A,116.5079,31.737,六安市,监测大楼,,44,44,79,22,55,147,135,118,118,15,31,7,8,0.5,0.6
2022-11-10T17:00:00,2308A,116.4738,31.7643,六安市,皖西学院,,43,43,79,25,49,150,136,119,119,19,35,7,8,0.5,0.6
2022-11-10T17:00:00,2309A,116.4996,31.7905,六安市,朝阳厂,,,,76,,57,145,134,120,120,14,36,6,6,0.5,0.7
2022-11-10T17:00:00,2310A,116.5567,31.7886,六安市,开发区,,43,40,106,29,61,152,137,118,118,22,37,9,9,0.4,0.5
2022-11-10T17:00:00,2311A,115.8072,33.8399,亳州市,污水处理厂,细颗粒物(PM2.5),77,79,100,56,86,152,141,111,111,16,24,8,9,0.8,0.8
2022-11-10T17:00:00,2312A,115.7789,33.8518,亳州市,三国揽胜宫,细颗粒物(PM2.5),75,61,78,55,76,152,141,110,110,23,30,5,6,0.8,0.9
2022-11-10T17:00:00,2314A,117.47,30.6618,池州市,池州学院,细颗粒物(PM2.5),60,51,63,43,41,134,125,107,107,31,25,12,8,0.8,0.9
2022-11-10T17:00:00,2315A,117.4974,30.6539,池州市,平天湖(对照点),,,,,,,,,,,,,,,,
2022-11-10T17:00:00,2316A,118.7581,30.9454,宣城市,鳌峰子站,细颗粒物(PM2.5),52,43,62,36,38,138,138,99,99,16,40,4,9,0.6,0.6
2022-11-10T17:00:00,2317A,118.7385,30.9743,宣城市,敬亭山子站,颗粒物(PM10),54,58,57,28,32,128,111,94,94,47,25,7,8,0.5,0.6
2022-11-10T17:00:00,2318A,118.7173,30.9427,宣城市,开发区子站,,46,46,58,28,38,130,130,96,96,17,36,5,14,0.5,0.5
2022-11-10T17:00:00,2319A,119.0141,25.4325,莆田市,荔城区仓后路,,31,31,27,16,16,78,67,73,73,12,7,5,5,0.6,0.6
2022-11-10T17:00:00,2320A,119.0015,25.4553,莆田市,莆田市监测站,,21,18,20,12,11,84,66,75,72,14,4,6,5,0.6,0.6
2022-11-10T17:00:00,2321A,119.1119,25.4561,莆田市,涵江区六中,,34,34,27,20,19,74,66,68,68,10,7,7,8,0.7,0.6
2022-11-10T17:00:00,2322A,119.1013,25.3215,莆田市,秀屿区政府,细颗粒物(PM2.5),57,41,33,40,24,80,68,70,70,14,13,11,7,0.7,0.7
2022-11-10T17:00:00,2323A,118.981,25.4792,莆田市,东圳水库(对照点),,,,,,,,,,,,,,,,
2022-11-10T17:00:00,2324A,117.6211,26.2625,三明市,三钢,,25,12,26,15,17,93,78,78,78,11,20,5,6,0.3,0.4
2022-11-10T17:00:00,2325A,117.635,26.2714,三明市,三明二中,,24,13,26,13,15,87,75,74,74,8,20,8,9,0.4,0.5
2022-11-10T17:00:00,2326A,117.6028,26.2378,三明市,三元区政府,,24,24,29,15,18,88,64,69,69,18,22,7,8,0.6,0.7
2022-11-10T17:00:00,2327A,117.7275,26.3108,三明市,洋溪(对照点),,,,,,,,,,,,,,,,
2022-11-10T17:00:00,2331A,118.0966,26.6761,南平市,茫荡山(对照点),,,,,,,,,,,,,,,,
2022-11-10T17:00:00,2332A,118.1681,26.6369,南平市,南平市监测站,,21,13,32,14,21,79,66,67,67,11,26,8,12,0.5,0.8
2022-11-10T17:00:00,2333A,118.1825,26.6489,南平市,南平铝业有限公司,,22,22,30,10,22,79,51,66,66,24,28,7,10,0.5,0.6
2022-11-10T17:00:00,2334A,118.1756,26.6272,南平市,南平七中,,23,19,30,16,21,96,65,77,77,20,23,6,8,0.9,0.7
2022-11-10T17:00:00,2335A,117.0189,25.1181,龙岩市,龙岩师专(对照点),,,,,,,,,,,,,,,,
2022-11-10T17:00:00,2336A,117.0217,25.1033,龙岩市,龙岩市监测站,,26,17,26,8,16,93,81,78,78,14,21,9,10,0.4,0.5
2022-11-10T17:00:00,2337A,117.0258,25.0661,龙岩市,闽西职业技术学院,,26,25,45,9,19,100,82,80,80,12,23,8,21,0.5,0.6
2022-11-10T17:00:00,2338A,117.0196,25.0306,龙岩市,龙岩学院,,28,11,30,9,18,103,87,80,80,11,21,5,6,0.4,0.5
2022-11-10T17:00:00,2339A,119.5001,26.6946,宁德市,金涵水库(对照点),,,,,,,,,,,,,,,,
2022-11-10T17:00:00,2341A,119.5388,26.6612,宁德市,宁德市监测站,,48,48,38,17,21,65,57,47,47,20,25,7,5,0.7,0.7
2022-11-10T17:00:00,2342A,117.3102,29.3867,景德镇市,王港中学(对照点),,,17,32,12,18,76,66,62,62,,9,4,4,0.4,0.3
2022-11-10T17:00:00,2343A,117.2117,29.2933,景德镇市,老干部活动中心,,44,44,57,17,28,121,109,92,92,13,28,8,8,0.6,0.6
2022-11-10T17:00:00,2344A,117.1894,29.2789,景德镇市,兽医站,,39,36,48,17,28,128,123,103,103,8,26,8,7,0.5,0.6
2022-11-10T17:00:00,2345A,117.1547,29.2617,景德镇市,台达陶瓷,,30,30,45,18,24,94,94,82,82,14,25,13,12,0.8,0.8
2022-11-10T17:00:00,2346A,117.2461,29.2956,景德镇市,陶研所,,35,25,48,8,22,120,112,93,93,6,21,4,4,0.6,0.6
2022-11-10T17:00:00,2347A,114.0997,27.5002,萍乡市,武功山(对照点),,23,9,13,13,11,80,71,69,69,9,9,18,15,0.5,0.5
2022-11-10T17:00:00,2348A,113.8385,27.6434,萍乡市,中医院,,35,12,45,10,33,130,110,117,117,12,22,8,27,0.7,0.8
2022-11-10T17:00:00,2349A,113.8493,27.6253,萍乡市,市政府车库,,35,12,53,8,37,139,112,119,119,11,26,11,28,0.4,1.3
2022-11-10T17:00:00,2350A,113.8676,27.6435,萍乡市,市环保局,,37,1,52,13,34,138,117,118,118,6,16,15,33,0.6,0.9
2022-11-10T17:00:00,2351A,113.866,27.6198,萍乡市,安源区政府,,34,19,52,12,35,132,107,112,112,7,23,16,29,0.4,1
2022-11-10T17:00:00,2352A,115.0861,27.9317,新余市,北岗(对照点),,27,21,58,11,37,86,85,80,80,2,15,12,37,0.4,0.7
2022-11-10T17:00:00,2353A,114.9886,27.8431,新余市,飞宇,,37,37,66,23,38,106,106,94,94,11,31,7,33,0.7,0.9
2022-11-10T17:00:00,2354A,114.9231,27.8246,新余市,第二水厂,,,55,81,25,44,109,78,90,90,31,49,12,28,,1.4
2022-11-10T17:00:00,2355A,114.9308,27.8036,新余市,市气象局,,37,37,70,24,44,119,100,96,96,21,47,11,34,0.4,0.9
2022-11-10T17:00:00,2357A,116.9822,28.1136,鹰潭市,龙虎山(对照点),,40,32,33,4,12,128,128,101,101,5,11,3,3,0.4,0.4
2022-11-10T17:00:00,2358A,117.0564,28.2642,鹰潭市,新监测站,,32,20,71,14,37,123,102,107,107,1,28,4,22,0.4,0.7
2022-11-10T17:00:00,2359A,117.0311,28.2475,鹰潭市,财苑宾馆,,31,27,71,7,36,179,97,129,126,13,31,6,27,0.1,0.5
2022-11-10T17:00:00,2360A,117.0222,28.2264,鹰潭市,体育馆,,37,21,70,17,37,164,116,121,121,5,28,5,25,0.1,0.4
2022-11-10T17:00:00,2361A,117.0017,28.2131,鹰潭市,三川水表,,34,25,70,12,31,132,108,116,116,11,31,5,13,0.6,0.9
2022-11-10T17:00:00,2362A,114.9017,25.9149,赣州市,通天岩(对照点),,37,17,62,12,31,117,117,100,100,16,32,15,11,0.7,0.7
2022-11-10T17:00:00,2363A,114.9367,25.8664,赣州市,地委,,39,21,68,8,35,124,124,95,95,12,34,10,12,0.8,0.9
2022-11-10T17:00:00,2364A,114.9461,25.8481,赣州市,气象台,,39,25,61,20,36,122,122,94,94,10,34,7,11,0.6,0.7
2022-11-10T17:00:00,2365A,114.9322,25.8333,赣州市,市图书馆,,37,20,62,10,39,128,116,104,104,23,39,4,8,0.9,1.1
2022-11-10T17:00:00,2366A,114.8905,25.8471,赣州市,华坚鞋城,,29,29,76,10,41,114,73,87,87,32,36,3,12,0.7,0.9
2022-11-10T17:00:00,2367A,114.9754,27.0803,吉安市,红声器材厂,,33,33,53,16,30,115,99,94,94,16,28,10,14,0.5,0.5
2022-11-10T17:00:00,2368A,114.9658,27.0999,吉安市,市森林工业局,颗粒物(PM10),53,56,59,25,37,126,91,98,98,7,33,8,12,0.3,0.8
2022-11-10T17:00:00,2369A,114.99,27.1312,吉安市,市环境监测站,,37,37,57,18,33,128,107,95,95,13,34,5,8,0.3,0.5
2022-11-10T17:00:00,2370A,115.0093,27.0968,吉安市,青原区法院,,33,30,52,14,28,117,103,97,97,13,37,8,16,0.5,0.6
2022-11-10T17:00:00,2371A,114.3408,27.8064,宜春市,槟榔水业(对照点),,,,,,,,,,,,,,,,
2022-11-10T17:00:00,2373A,114.3956,27.7844,宜春市,市石油公司,,39,39,66,24,38,126,95,99,99,18,30,14,14,0.7,0.9
2022-11-10T17:00:00,2374A,114.3703,27.7914,宜春市,市气象局,,,,70,,38,117,86,91,91,19,34,15,17,0.6,0.9
2022-11-10T17:00:00,2375A,114.4013,27.8074,宜春市,市广电局,,36,36,71,24,41,124,94,94,94,16,32,21,21,0.8,1.1
2022-11-10T17:00:00,2376A,116.2127,28.0814,抚州市,桐源党溪(对照点),,33,18,42,7,21,115,103,90,90,5,17,15,5,0.2,0.4
2022-11-10T17:00:00,2377A,116.3544,27.9831,抚州市,市站,,29,15,53,7,29,95,92,81,81,7,27,2,4,0.5,0.7
2022-11-10T17:00:00,2378A,116.3565,27.963,抚州市,血防站,,30,20,49,8,26,96,95,73,73,7,27,5,6,0.3,0.5
2022-11-10T17:00:00,2379A,116.3564,28.0007,抚州市,采茶剧团,,29,16,57,6,31,92,92,76,76,8,33,4,4,0.4,0.8
2022-11-10T17:00:00,2380A,116.385,27.9647,抚州市,医学分院,,28,17,50,3,23,89,89,70,70,11,31,5,9,0.4,0.7
2022-11-10T17:00:00,2381A,118.005,28.4572,上饶市,百草园(对照点),,23,23,42,2,16,71,64,67,66,12,18,8,13,0.7,0.7
2022-11-10T17:00:00,2382A,117.9756,28.4436,上饶市,市监测站,,28,23,71,12,36,130,89,97,97,12,27,7,29,0.3,0.5
2022-11-10T17:00:00,2383A,117.9519,28.4628,上饶市,凤凰光学,,25,24,65,12,35,102,78,79,79,7,36,9,24,0.3,0.5
2022-11-10T17:00:00,2385A,114.17,35.9019,鹤壁市,市监测站,细颗粒物(PM2.5),236,218,211,186,176,36,23,23,23,71,65,,13,2.7,2
2022-11-10T17:00:00,2386A,114.2956,35.7511,鹤壁市,市交警支队,细颗粒物(PM2.5),235,227,232,185,187,23,23,14,14,63,58,20,15,2.1,1.4
2022-11-10T17:00:00,2387A,114.2878,35.7306,鹤壁市,迎宾馆,细颗粒物(PM2.5),216,195,202,166,173,48,20,10,10,70,64,18,11,2.2,1.7
2022-11-10T17:00:00,2389A,113.836,35.311,新乡市,环保西院,细颗粒物(PM2.5),228,241,220,178,156,57,33,26,26,41,55,7,13,1.8,1.5
2022-11-10T17:00:00,2390A,113.884,35.272,新乡市,开发区,细颗粒物(PM2.5),238,251,208,188,148,59,37,25,25,42,58,10,11,1.9,1.4
2022-11-10T17:00:00,2391A,113.883,35.303,新乡市,环保东院,细颗粒物(PM2.5),218,216,189,168,140,57,41,26,26,42,64,6,7,1.7,1.3
2022-11-10T17:00:00,2392A,115.0312,35.7636,濮阳市,环保局,细颗粒物(PM2.5),267,258,139,217,139,73,7,31,12,51,41,6,8,1.5,1
2022-11-10T17:00:00,2394A,115.0574,35.7609,濮阳市,油田运输公司,细颗粒物(PM2.5),300,273,151,250,152,84,8,34,17,45,38,7,9,1.8,1.1
2022-11-10T17:00:00,2395A,115.0866,35.7754,濮阳市,油田物探公司,细颗粒物(PM2.5),298,243,134,248,158,82,3,38,13,47,37,6,8,1.6,1
2022-11-10T17:00:00,2396A,113.8276,34.0159,许昌市,监测站,颗粒物(PM10),57,64,160,36,79,104,97,80,80,18,37,7,17,0.6,1
2022-11-10T17:00:00,2398A,113.7906,33.9953,许昌市,开发区,,,74,139,33,70,110,103,85,85,16,34,,20,0.4,0.8
2022-11-10T17:00:00,2399A,114.051,33.5699,漯河市,三五一五工厂,细颗粒物(PM2.5),170,154,159,129,132,140,123,99,99,25,47,11,14,0.9,1.1
2022-11-10T17:00:00,2400A,114.0055,33.5698,漯河市,漯河大学,细颗粒物(PM2.5),143,152,166,109,128,147,130,104,104,35,57,11,13,0.8,1
2022-11-10T17:00:00,2401A,114.0138,33.5828,漯河市,市水利局,细颗粒物(PM2.5),156,144,155,119,133,142,127,100,100,26,48,15,17,0.9,1
2022-11-10T17:00:00,2402A,114.0261,33.5698,漯河市,市广电局,细颗粒物(PM2.5),140,144,152,107,123,138,125,86,86,25,45,9,13,0.7,0.9
2022-11-10T17:00:00,2403A,112.5192,32.9917,南阳市,环保局,细颗粒物(PM2.5),150,134,157,115,132,159,143,126,126,26,26,10,11,0.8,0.8
2022-11-10T17:00:00,2404A,112.5339,33.0086,南阳市,瓦房庄,颗粒物(PM10),96,142,168,0,140,132,131,103,103,29,43,8,10,0.9,0.9
2022-11-10T17:00:00,2405A,112.5003,32.9735,南阳市,汉画馆,细颗粒物(PM2.5),140,165,170,107,130,158,148,128,128,26,26,10,10,1.1,1
2022-11-10T17:00:00,2406A,112.5779,33.0144,南阳市,气象站,细颗粒物(PM2.5),145,150,170,111,130,156,142,122,122,25,26,12,13,1.0,1
2022-11-10T17:00:00,2407A,112.548,32.9692,南阳市,理工学院,细颗粒物(PM2.5),137,153,176,104,131,155,144,119,119,20,23,11,12,0.9,0.9
2022-11-10T17:00:00,2408A,115.6702,34.4285,商丘市,环境监测站,细颗粒物(PM2.5),98,122,121,73,88,100,52,68,68,32,40,9,10,0.9,0.8
2022-11-10T17:00:00,2409A,115.6458,34.4045,商丘市,粮食局,颗粒物(PM10),97,143,122,71,70,97,58,59,59,29,35,4,6,0.9,0.8
2022-11-10T17:00:00,2410A,115.6293,34.3948,商丘市,睢阳区环保局,细颗粒物(PM2.5),103,106,106,77,77,100,60,68,68,31,41,3,5,0.8,0.7
2022-11-10T17:00:00,2420A,114.0189,32.9656,驻马店市,市一纸厂,细颗粒物(PM2.5),129,166,199,98,133,144,144,100,100,25,58,9,7,0.7,1.1
2022-11-10T17:00:00,2421A,114.0114,33.015,驻马店市,市彩印厂,细颗粒物(PM2.5),140,155,184,107,148,149,149,97,97,24,40,13,9,0.6,0.7
2022-11-10T17:00:00,2422A,113.9976,32.9771,驻马店市,天方二分厂,细颗粒物(PM2.5),153,146,200,117,151,138,138,97,97,21,46,9,4,0.6,1
2022-11-10T17:00:00,2423A,115.0601,30.2313,黄石市,沈家营,颗粒物(PM10),56,61,99,31,57,184,144,144,144,17,48,12,12,0.3,0.7
2022-11-10T17:00:00,2424A,115.0817,30.2006,黄石市,陈家湾,颗粒物(PM10),58,65,100,29,57,161,132,132,132,27,55,8,10,0.4,0.9
2022-11-10T17:00:00,2426A,114.8988,30.2019,黄石市,铁山,颗粒物(PM10),54,58,84,23,44,188,161,149,149,13,29,15,20,0.9,1.3
2022-11-10T17:00:00,2427A,115.0307,30.2092,黄石市,团城山,颗粒物(PM10),60,70,99,30,54,183,144,150,150,36,48,12,11,0.8,0.9
2022-11-10T17:00:00,2428A,111.0419,32.395,十堰市,武当山(对照点),细颗粒物(PM2.5),84,85,79,62,65,153,136,142,125,14,12,8,8,0.9,0.9
2022-11-10T17:00:00,2429A,110.78,32.6494,十堰市,滨河新村,细颗粒物(PM2.5),114,122,134,86,93,114,107,81,81,30,50,8,8,1.0,1.2
2022-11-10T17:00:00,2430A,110.7258,32.6389,十堰市,刘家沟,细颗粒物(PM2.5),92,107,106,68,72,126,114,89,89,30,26,9,8,1.0,1.1
2022-11-10T17:00:00,2431A,110.8839,32.5714,十堰市,铁二处,细颗粒物(PM2.5),89,104,103,66,68,132,131,100,100,29,25,9,7,0.9,1
2022-11-10T17:00:00,2432A,112.155,32.0197,襄阳市,襄城运动路,细颗粒物(PM2.5),206,228,212,156,152,150,150,108,108,32,50,13,12,0.9,1
2022-11-10T17:00:00,2433A,112.1392,32.0564,襄阳市,樊城新华路,细颗粒物(PM2.5),221,232,216,171,169,162,150,116,116,33,38,11,11,1.1,1.1
2022-11-10T17:00:00,2434A,112.1825,32.1142,襄阳市,高新管委会,细颗粒物(PM2.5),196,209,217,147,167,172,154,119,119,28,51,9,9,1.2,1.3
2022-11-10T17:00:00,2435A,112.2106,32.0903,襄阳市,襄州航空路,细颗粒物(PM2.5),207,218,228,157,165,168,142,118,118,38,56,13,12,1.1,1.2
2022-11-10T17:00:00,2436A,114.8938,30.3994,鄂州市,市政府,,48,48,100,28,54,155,123,129,129,24,51,13,19,0.7,1
2022-11-10T17:00:00,2437A,114.8989,30.3714,鄂州市,赵家坝,,46,46,88,15,54,158,136,134,134,17,36,8,20,0.5,0.9
2022-11-10T17:00:00,2438A,114.8131,30.4133,鄂州市,凡口开发区,,,,,,,,,,,,,,,,
2022-11-10T17:00:00,2439A,112.2014,31.0481,荆门市,竹园小学,颗粒物(PM10),57,64,134,31,87,177,150,139,139,19,48,16,12,0.8,1.1
2022-11-10T17:00:00,2440A,112.1969,30.9891,荆门市,掇刀,,49,48,140,34,110,172,150,142,142,8,49,12,12,0.8,1.3
2022-11-10T17:00:00,2441A,112.2213,31.0386,荆门市,石化一小,颗粒物(PM10),60,69,152,39,102,181,160,136,136,17,49,17,17,0.6,1
2022-11-10T17:00:00,2443A,113.9153,30.9285,孝感市,文化路,颗粒物(PM10),62,74,100,38,55,156,154,134,134,24,46,11,11,0.9,1.1
2022-11-10T17:00:00,2444A,113.942,30.9075,孝感市,东城区,颗粒物(PM10),63,75,101,41,54,164,164,138,138,30,56,12,11,1.0,1.1
2022-11-10T17:00:00,2446A,114.9028,30.4742,黄冈市,职工中心,颗粒物(PM10),52,54,86,20,46,172,138,139,139,12,26,9,13,0.6,0.8
2022-11-10T17:00:00,2447A,114.3175,29.8142,咸宁市,森林公园(对照点),,45,37,38,14,22,141,141,135,128,5,5,10,10,0.7,0.6
2022-11-10T17:00:00,2448A,114.3107,29.8454,咸宁市,市发改委,颗粒物(PM10),54,58,61,13,28,149,149,129,129,11,22,13,11,0.7,0.7
2022-11-10T17:00:00,2449A,114.2936,29.8566,咸宁市,咸安区政府,颗粒物(PM10),54,58,54,10,24,141,139,127,127,14,18,13,12,0.8,0.7
2022-11-10T17:00:00,2450A,114.3375,29.8683,咸宁市,长江产业园,,,,,,,,,,,,,,,,
2022-11-10T17:00:00,2451A,113.3583,31.7275,随州市,市委党校,,,57,96,38,59,165,151,137,137,,46,9,9,0.8,1.1
2022-11-10T17:00:00,2452A,113.3833,31.6908,随州市,市林业局,臭氧1小时,52,44,79,28,53,166,161,139,139,13,37,12,11,0.8,0.9
2022-11-10T17:00:00,2453A,113.3983,31.7308,随州市,市立交桥水厂,,48,32,72,30,48,163,152,133,133,14,35,9,7,0.7,0.8
2022-11-10T17:00:00,2454A,109.4978,30.2981,恩施土家族苗族自治州,湖北民院,细颗粒物(PM2.5),60,38,63,43,55,111,107,74,74,9,18,11,9,1.0,1.1
2022-11-10T17:00:00,2455A,109.4707,30.2798,恩施土家族苗族自治州,州电力总公司,,48,48,68,32,47,119,114,87,87,17,18,10,7,1.0,1.2
2022-11-10T17:00:00,2456A,112.5003,26.9167,衡阳市,原169医院(对照点),,35,33,68,24,33,125,95,86,86,13,34,12,14,0.6,0.8
2022-11-10T17:00:00,2457A,112.6194,26.9258,衡阳市,衡阳化工总厂,,,98,75,21,34,121,102,107,107,17,25,7,24,,0.8
2022-11-10T17:00:00,2458A,112.6211,26.8956,衡阳市,珠晖区环保局,,,23,50,,,123,106,95,95,15,34,8,10,0.5,0.7
2022-11-10T17:00:00,2459A,112.6197,26.8733,衡阳市,市委党校,,35,32,50,12,32,122,112,94,94,8,24,11,12,0.5,0.6
2022-11-10T17:00:00,2460A,112.6006,26.8919,衡阳市,市监测站,,34,34,64,15,36,119,88,95,95,32,32,6,13,0.5,0.8
2022-11-10T17:00:00,2461A,112.5664,26.9056,衡阳市,真空机电公司,,40,40,65,17,38,130,101,93,93,14,41,6,17,0.6,1.1
2022-11-10T17:00:00,2462A,111.5239,27.3033,邵阳市,市水土所(对照点),,,,,,,,,,,,,,,,
2022-11-10T17:00:00,2463A,111.4733,27.2317,邵阳市,市一中,,43,43,59,17,44,129,110,108,108,5,19,13,19,0.4,0.6
2022-11-10T17:00:00,2464A,111.5283,27.2442,邵阳市,市化工厂,,43,26,57,30,39,129,113,107,107,6,15,12,16,0.5,0.6
2022-11-10T17:00:00,2465A,111.4503,27.2537,邵阳市,市罐头厂,,38,32,52,26,43,127,116,113,113,6,13,14,20,0.3,0.5
2022-11-10T17:00:00,2466A,111.4328,27.2272,邵阳市,市环保局,,,,66,31,55,133,120,110,110,7,17,9,34,,0.7
2022-11-10T17:00:00,2467A,112.4067,28.6428,益阳市,甘溪港(对照点),颗粒物(PM10),58,66,87,12,61,150,126,150,114,12,26,7,7,0.6,0.8
2022-11-10T17:00:00,2468A,112.3458,28.5808,益阳市,市环保局,"颗粒物(PM10),细颗粒物(PM2.5)",58,65,89,41,62,159,110,134,134,54,38,7,11,1.0,1
2022-11-10T17:00:00,2469A,112.3437,28.5531,益阳市,市特殊教育学校,细颗粒物(PM2.5),73,73,99,53,72,155,137,128,128,30,26,7,13,0.8,0.9
2022-11-10T17:00:00,2470A,112.3347,28.6047,益阳市,资阳区政务中心,颗粒物(PM10),62,73,82,42,63,164,117,130,130,41,34,7,10,0.8,0.9
2022-11-10T17:00:00,2471A,112.3744,28.5819,益阳市,赫山环保分局,细颗粒物(PM2.5),79,98,95,58,63,152,88,118,118,71,47,6,9,0.9,1.1
2022-11-10T17:00:00,2472A,113.0073,25.9061,郴州市,马头岭(对照点),,36,16,19,6,9,125,115,102,102,13,28,4,6,0.4,0.5
2022-11-10T17:00:00,2473A,113.0116,25.8226,郴州市,市职中,,30,18,41,5,20,97,95,85,85,10,32,4,6,0.3,0.6
2022-11-10T17:00:00,2474A,113.0161,25.8001,郴州市,兴隆步行街,,32,32,40,1,21,94,79,72,72,22,38,6,9,0.4,0.6
2022-11-10T17:00:00,2475A,113.0383,25.8071,郴州市,市审计局,,28,16,40,8,20,96,87,73,73,16,31,8,11,0.3,0.6
2022-11-10T17:00:00,2476A,113.0348,25.7759,郴州市,市环保局,,20,13,33,3,14,94,53,66,66,39,35,7,12,0.5,0.5
2022-11-10T17:00:00,2477A,111.6217,26.2081,永州市,零陵南津渡(对照点),,27,13,32,10,11,115,84,89,89,5,8,5,7,0.3,0.4
2022-11-10T17:00:00,2478A,111.6156,26.4214,永州市,市环境监测站,,28,15,54,12,25,114,88,95,95,14,26,4,17,0.3,0.5
2022-11-10T17:00:00,2479A,111.6236,26.2331,永州市,零陵区环保局,,26,10,32,9,20,100,83,87,87,11,16,8,12,0.4,0.5
2022-11-10T17:00:00,2480A,111.5992,26.4364,永州市,永州市环保局,,26,12,45,8,28,123,83,92,91,19,27,2,10,0.4,0.6
2022-11-10T17:00:00,2481A,111.5989,26.4519,永州市,冷水滩区环保局,,25,25,62,15,35,100,73,76,76,17,26,3,21,0.4,0.6
2022-11-10T17:00:00,2482A,109.5981,27.5721,怀化市,林科所(对照点),,31,18,33,11,29,124,98,94,94,7,13,5,10,0.6,0.7
2022-11-10T17:00:00,2483A,109.9453,27.5444,怀化市,河西地税局,,30,26,41,13,34,108,96,86,86,6,18,4,4,0.5,0.6
2022-11-10T17:00:00,2484A,109.9781,27.5342,怀化市,市四医院,,,23,49,12,37,,,,,6,22,8,10,0.5,0.6
2022-11-10T17:00:00,2485A,109.9972,27.5578,怀化市,监测楼,,,,64,25,36,114,92,89,89,2,14,,11,0.3,0.6
2022-11-10T17:00:00,2486A,110.0394,27.583,怀化市,市委党校,,38,38,79,21,59,133,92,90,90,5,21,9,17,0.5,0.7
2022-11-10T17:00:00,2487A,111.9589,27.8901,娄底市,电视发射台(对照点),颗粒物(PM10),52,53,47,28,28,138,119,124,124,7,11,5,6,0.4,0.6
2022-11-10T17:00:00,2488A,111.9975,27.725,娄底市,市监测站,,33,33,88,17,51,142,102,109,109,13,43,9,17,0.4,1.2
2022-11-10T17:00:00,2489A,112.0194,27.7314,娄底市,市委党校,,42,42,78,24,47,144,95,108,108,16,32,4,6,0.4,0.8
2022-11-10T17:00:00,2490A,111.9561,27.7569,娄底市,涟钢,,50,46,87,35,50,112,74,81,81,46,47,45,28,1.3,1.1
2022-11-10T17:00:00,2491A,111.9892,27.7044,娄底市,市政府,,42,35,72,29,48,127,91,99,99,15,24,10,11,0.5,0.9
2022-11-10T17:00:00,2492A,109.6414,28.2558,湘西州,跃进水库(对照点),,43,32,35,30,31,109,102,86,86,9,14,9,9,0.5,0.4
2022-11-10T17:00:00,2493A,109.7325,28.3169,湘西州,州政府,,37,33,45,20,33,126,118,90,90,12,19,9,8,0.3,0.5
2022-11-10T17:00:00,2494A,109.6958,28.2675,湘西州,吉首市计生局,,43,32,47,30,34,122,116,86,86,12,25,11,9,0.2,0.5
2022-11-10T17:00:00,2495A,111.3014,23.4832,梧州市,市逸夫小学,,37,37,62,22,27,104,103,72,72,7,25,5,11,0.6,0.7
2022-11-10T17:00:00,2496A,111.3239,23.4794,梧州市,市十一中,,31,29,70,13,24,109,99,78,78,28,27,5,7,0.7,0.8
2022-11-10T17:00:00,2497A,111.247,23.4189,梧州市,龙圩,,34,34,70,22,29,100,95,66,66,18,29,9,9,1.0,1.1
2022-11-10T17:00:00,2498A,111.2711,23.4835,梧州市,龙新,,34,34,61,22,25,104,100,70,70,12,20,4,7,0.4,0.5
2022-11-10T17:00:00,2499A,108.3411,21.6158,防城港市,沙万,颗粒物(PM10),56,62,41,20,16,105,85,95,95,47,29,25,16,1.2,0.6
2022-11-10T17:00:00,2500A,108.3514,21.7731,防城港市,防城档案局,,,,56,19,28,88,75,73,73,25,25,13,12,0.9,0.8
2022-11-10T17:00:00,2501A,108.3506,21.6414,防城港市,大海花园,,49,41,33,34,15,106,94,96,96,22,17,15,11,1.1,0.6
2022-11-10T17:00:00,2502A,108.6236,21.9667,钦州市,市环保站,,41,41,42,14,21,125,125,103,103,15,20,8,7,0.7,0.7
2022-11-10T17:00:00,2503A,108.6549,21.9481,钦州市,沙埠小学,,41,35,46,21,25,137,129,109,109,17,29,8,9,0.7,0.8
2022-11-10T17:00:00,2504A,108.5989,21.7431,钦州市,港区一小,颗粒物(PM10),58,65,49,28,20,132,132,110,110,27,29,14,9,0.8,0.8
2022-11-10T17:00:00,2505A,109.568,23.1478,贵港市,德智高中(对照点),,49,49,41,24,22,83,83,70,70,16,22,7,9,0.7,0.8
2022-11-10T17:00:00,2506A,109.6047,23.0666,贵港市,江南子站,,46,46,54,29,27,109,109,86,86,7,20,7,11,0.6,0.8
2022-11-10T17:00:00,2507A,109.6014,23.0948,贵港市,贵城子站,,48,48,49,31,33,111,108,89,89,9,20,7,13,0.6,0.8
2022-11-10T17:00:00,2508A,109.5669,23.1065,贵港市,荷城子站,,41,41,43,19,24,99,87,81,81,17,19,9,13,0.7,0.7
2022-11-10T17:00:00,2509A,110.1106,22.7019,玉林市,寒山水库(对照点),颗粒物(PM10),65,80,64,29,32,113,80,87,87,10,17,7,12,0.3,0.4
2022-11-10T17:00:00,2510A,110.1675,22.6411,玉林市,市监测站,,44,44,59,25,28,99,77,81,81,15,19,3,29,0.6,0.7
2022-11-10T17:00:00,2511A,110.1433,22.6164,玉林市,南江一中,,49,49,67,23,39,99,76,80,80,13,20,3,25,0.5,0.7
2022-11-10T17:00:00,2512A,106.6103,23.9011,百色市,市监测站,,50,50,68,33,41,142,130,103,103,11,22,17,14,0.7,0.8
2022-11-10T17:00:00,2513A,106.6538,23.8859,百色市,市中心血站,,50,50,75,35,48,130,112,94,94,11,20,14,15,0.8,0.9
2022-11-10T17:00:00,2514A,111.5264,24.4172,贺州市,环保小区,,26,24,31,10,15,94,82,73,73,12,20,5,11,0.5,0.8
2022-11-10T17:00:00,2515A,111.5608,24.4078,贺州市,政协大楼,,23,16,31,12,18,98,72,74,74,15,24,7,13,0.6,0.7
2022-11-10T17:00:00,2516A,108.2011,24.715,河池市,东仁乐园(对照点),,43,29,37,30,29,92,88,80,80,6,15,6,9,0.6,0.6
2022-11-10T17:00:00,2517A,108.0497,24.6947,河池市,市环保站,,50,50,48,27,26,99,83,81,81,20,32,5,6,0.7,0.7
2022-11-10T17:00:00,2518A,108.0983,24.6989,河池市,市疾控中心,,38,32,75,26,33,97,88,72,72,13,41,7,8,0.6,0.7
2022-11-10T17:00:00,2519A,109.2328,23.7361,来宾市,来宾二中,,,,,,,,,,,,,,,,
2022-11-10T17:00:00,2520A,109.2203,23.7256,来宾市,来宾技工学校,,42,42,54,28,34,89,76,71,71,10,20,8,12,0.6,0.7
2022-11-10T17:00:00,2521A,107.3476,22.4136,崇左市,市环保局江州分局,颗粒物(PM10),58,66,63,37,36,112,100,82,82,13,18,6,6,0.6,0.6
2022-11-10T17:00:00,2522A,107.3702,22.3707,崇左市,城南新区,"颗粒物(PM10),细颗粒物(PM2.5)",55,59,58,39,36,105,96,78,78,10,25,4,3,0.4,0.5
2022-11-10T17:00:00,2523A,105.8945,32.4535,广元市,黑石坡(对照点),,40,40,44,21,28,34,12,15,15,30,19,6,6,0.7,0.6
2022-11-10T17:00:00,2524A,105.821,32.4444,广元市,老城,,,50,47,22,28,33,6,7,7,28,26,,6,1.1,1.1
2022-11-10T17:00:00,2525A,105.8153,32.4246,广元市,南坝,,,,,,,,,,,,,,,,
2022-11-10T17:00:00,2526A,105.8628,32.4287,广元市,监测站,,38,35,35,26,21,27,5,9,9,32,20,9,6,1.1,0.9
2022-11-10T17:00:00,2527A,105.5453,30.5678,遂宁市,石溪浩(对照点),颗粒物(PM10),54,58,68,33,39,50,39,32,25,18,22,10,10,0.6,0.6
2022-11-10T17:00:00,2528A,105.5582,30.5232,遂宁市,市监测站,"颗粒物(PM10),细颗粒物(PM2.5)",54,57,55,38,34,53,38,29,25,26,25,8,8,0.6,0.6
2022-11-10T17:00:00,2529A,105.5861,30.5366,遂宁市,行政中心,颗粒物(PM10),56,61,55,36,41,50,32,34,21,29,24,10,11,0.6,0.6
2022-11-10T17:00:00,2530A,105.5918,30.4728,遂宁市,美宁食品公司,,,46,58,25,37,53,39,31,25,27,29,7,13,,0.5
2022-11-10T17:00:00,2531A,105.0703,29.61,内江市,市监测站,细颗粒物(PM2.5),57,53,59,40,46,74,68,54,54,12,17,8,9,0.3,0.4
2022-11-10T17:00:00,2532A,105.0717,29.5947,内江市,东兴区政府,,,57,66,39,52,76,72,56,56,,29,7,8,0.5,0.6
2022-11-10T17:00:00,2533A,105.0653,29.5817,内江市,内江二中,细颗粒物(PM2.5),62,56,61,44,48,68,68,48,48,16,24,3,4,0.6,0.6
2022-11-10T17:00:00,2534A,105.0406,29.5822,内江市,内江日报社,细颗粒物(PM2.5),82,80,86,60,65,73,71,54,54,20,26,5,4,0.6,0.7
2022-11-10T17:00:00,2535A,103.7723,29.5462,乐山市,花湖湾(对照点),细颗粒物(PM2.5),69,52,58,50,52,81,74,56,56,18,20,4,4,0.7,0.8
2022-11-10T17:00:00,2536A,103.7627,29.5844,乐山市,牛耳桥,,,73,72,54,54,69,,42,42,29,29,4,5,0.7,0.7
2022-11-10T17:00:00,2537A,103.7508,29.6006,乐山市,市第三水厂,细颗粒物(PM2.5),78,82,68,57,51,92,84,64,64,22,26,6,7,0.7,0.8
2022-11-10T17:00:00,2538A,103.7571,29.5664,乐山市,市监测站,细颗粒物(PM2.5),72,65,63,52,47,85,76,59,59,18,21,6,7,0.6,0.7
2022-11-10T17:00:00,2539A,104.0308,30.0478,眉山市,黑龙滩水库(对照点),细颗粒物(PM2.5),58,49,66,41,46,79,71,44,44,2,5,4,4,0.7,0.8
2022-11-10T17:00:00,2540A,103.8416,30.0874,眉山市,气象局,细颗粒物(PM2.5),63,69,95,45,66,86,82,47,47,29,39,5,7,0.8,0.9
2022-11-10T17:00:00,2543A,106.6308,30.5278,广安市,小平旧居(对照点),,,,,,,,,,,,,,,,
2022-11-10T17:00:00,2544A,106.6303,30.4576,广安市,市委,细颗粒物(PM2.5),87,80,76,64,60,88,46,32,32,27,27,16,12,0.8,0.8
2022-11-10T17:00:00,2545A,106.6271,30.4663,广安市,友谊中学,细颗粒物(PM2.5),69,78,68,50,47,81,41,30,30,34,28,18,17,0.9,0.9
2022-11-10T17:00:00,2547A,106.6388,30.4551,广安市,广电花园,细颗粒物(PM2.5),79,85,77,58,55,75,40,31,31,32,28,19,14,0.8,0.8
2022-11-10T17:00:00,2548A,107.5277,31.2827,达州市,达州职业技术学院(对照点),,48,48,52,27,29,63,14,30,30,60,34,9,11,0.9,0.9
2022-11-10T17:00:00,2549A,107.5086,31.2186,达州市,市环境监测站,颗粒物(PM10),52,53,54,24,26,54,34,27,27,57,41,6,9,0.8,0.8
2022-11-10T17:00:00,2550A,107.4988,31.2132,达州市,凤凰小区,,46,46,53,24,32,57,35,31,31,57,41,4,7,0.9,0.8
2022-11-10T17:00:00,2551A,107.5082,31.1986,达州市,达县机关宾馆,颗粒物(PM10),73,95,60,27,33,65,9,30,30,75,51,7,12,1.3,0.8
2022-11-10T17:00:00,2552A,107.4644,31.2124,达州市,市政中心,,47,47,52,29,33,45,7,22,22,85,51,8,7,0.9,0.8
2022-11-10T17:00:00,2554A,103.0475,30.02,雅安市,建安厂,细颗粒物(PM2.5),77,73,54,56,35,52,38,34,34,43,33,6,6,0.8,0.8
2022-11-10T17:00:00,2555A,103.0111,29.9833,雅安市,市政府,细颗粒物(PM2.5),63,74,60,45,38,54,28,31,31,45,34,9,9,0.8,0.7
2022-11-10T17:00:00,2556A,102.9905,29.9775,雅安市,川农大,细颗粒物(PM2.5),54,52,45,38,34,54,25,37,35,29,22,9,9,0.9,0.7
2022-11-10T17:00:00,2561A,104.6617,30.1372,资阳市,莲花山(对照点),细颗粒物(PM2.5),82,81,80,60,59,62,62,44,41,18,19,5,6,0.7,0.7
2022-11-10T17:00:00,2562A,104.6356,30.1506,资阳市,资阳中学,细颗粒物(PM2.5),59,47,71,42,52,64,60,38,38,12,23,9,8,0.6,0.7
2022-11-10T17:00:00,2563A,104.6295,30.1383,资阳市,四三一厂,细颗粒物(PM2.5),75,74,85,55,58,57,53,31,31,27,33,8,7,0.6,0.7
2022-11-10T17:00:00,2564A,104.6463,30.1146,资阳市,师范校,细颗粒物(PM2.5),78,78,78,57,62,58,58,45,45,26,36,6,6,0.6,0.8
2022-11-10T17:00:00,2565A,104.6296,30.1256,资阳市,区法院,颗粒物(PM10),62,73,80,39,51,70,70,43,34,10,24,6,6,0.6,0.7
2022-11-10T17:00:00,2566A,102.1879,31.914,阿坝藏族羌族自治州,州农科所(对照点),,,,,,,80,78,60,60,5,14,3,3,0.4,0.5
2022-11-10T17:00:00,2567A,102.224,31.9037,阿坝藏族羌族自治州,州监测站,,,,,,,,,,,,,,,,
2022-11-10T17:00:00,2568A,102.2502,31.8896,阿坝藏族羌族自治州,马师校,,23,12,25,5,12,72,72,61,61,6,26,4,4,0.3,0.4
2022-11-10T17:00:00,2570A,101.9603,30.0475,甘孜藏族自治州,水桥子,,36,36,26,4,12,76,59,46,46,9,32,7,7,0.3,0.3
2022-11-10T17:00:00,2571A,102.3431,27.8099,凉山彝族自治州,青龙寺(对照点),颗粒物(PM10),63,76,25,14,18,95,95,95,95,4,9,29,8,0.8,0.7
2022-11-10T17:00:00,2572A,102.2721,27.8415,凉山彝族自治州,邛海宾馆,,37,37,32,16,20,111,96,85,85,10,17,13,10,0.3,0.5
2022-11-10T17:00:00,2573A,102.2625,27.898,凉山彝族自治州,西昌市政府,,30,30,30,15,19,100,96,76,76,8,15,14,9,0.4,0.4
2022-11-10T17:00:00,2574A,102.2685,27.8851,凉山彝族自治州,凉山州政府,,31,31,36,16,23,95,92,74,74,9,18,15,9,0.2,0.4
2022-11-10T17:00:00,2575A,102.237,27.8914,凉山彝族自治州,长安,,46,46,45,21,22,90,89,65,65,17,22,13,10,1.1,0.9
2022-11-10T17:00:00,2576A,104.8,26.5892,六盘水市,窑上(对照点),,,,,,,,,,,,,,,,
2022-11-10T17:00:00,2577A,104.83,26.5917,六盘水市,黄土坡,,,26,33,19,28,127,111,99,99,,13,10,8,,0.6
2022-11-10T17:00:00,2578A,104.89,26.5939,六盘水市,水钢,,49,49,51,30,39,114,113,94,94,8,8,7,6,0.7,0.7
2022-11-10T17:00:00,2579A,104.8475,26.5894,六盘水市,民中,,39,37,43,27,30,110,104,89,89,12,12,12,10,0.7,0.7
2022-11-10T17:00:00,2580A,104.9544,26.5506,六盘水市,双水,细颗粒物(PM2.5),63,41,42,45,38,102,102,86,86,12,9,5,5,0.7,0.7
2022-11-10T17:00:00,2585A,109.1839,27.7344,铜仁地区,铜仁卫校,,,33,36,13,22,135,102,104,104,,8,2,2,0.5,0.6
2022-11-10T17:00:00,2586A,109.1753,27.6944,铜仁地区,铜仁七中,,26,24,30,7,24,115,82,94,94,17,10,3,2,0.7,0.6
2022-11-10T17:00:00,2587A,105.2864,27.3125,毕节市,八中,细颗粒物(PM2.5),58,58,70,41,53,110,107,84,84,15,25,9,9,0.5,0.7
2022-11-10T17:00:00,2588A,105.31,27.2944,毕节市,师专,,42,39,55,29,40,115,113,90,90,8,15,7,7,0.4,0.4
2022-11-10T17:00:00,2589A,104.9022,25.0925,黔西南布依族苗族自治州,场坝街,,24,24,47,14,34,83,72,76,72,6,9,2,2,0.1,0.2
2022-11-10T17:00:00,2590A,104.8811,25.0992,黔西南布依族苗族自治州,坪东大道,,35,22,42,24,33,82,71,75,72,5,11,5,5,0.2,0.3
2022-11-10T17:00:00,2591A,107.9783,26.5747,黔东南苗族侗族自治州,市环境监测站,,30,25,44,18,30,101,96,94,94,9,40,2,8,0.2,0.6
2022-11-10T17:00:00,2593A,107.5228,26.2403,黔南布依族苗族自治州,小围寨,,34,27,33,12,23,110,106,102,102,3,14,2,5,0.3,0.4
2022-11-10T17:00:00,2594A,99.1678,25.1081,保山市,市环境监测站,,30,24,19,4,8,99,95,78,78,6,9,5,5,0.2,0.3
2022-11-10T17:00:00,2595A,99.1711,25.1328,保山市,市环保局,,29,28,19,7,12,97,91,73,73,5,8,6,6,0.2,0.3
2022-11-10T17:00:00,2596A,103.7667,27.3736,昭通市,监测站,,,15,42,6,29,103,103,95,95,,21,5,9,0.2,0.4
2022-11-10T17:00:00,2597A,103.7225,27.3361,昭通市,环保局,,31,26,44,8,33,102,99,82,82,6,18,8,10,0,0.4
2022-11-10T17:00:00,2598A,100.2143,26.8576,丽江市,西南郊(对照点),,,,,,,,,,,,,,,,
2022-11-10T17:00:00,2599A,100.2497,26.8802,丽江市,丽江古城,,26,21,28,18,23,79,78,69,69,8,11,5,5,0.4,0.4
2022-11-10T17:00:00,2600A,100.2203,26.8906,丽江市,市中心,,26,8,18,8,7,85,83,74,74,8,12,4,4,0.4,0.7
2022-11-10T17:00:00,2601A,100.98,22.7633,普洱市,市环保局,,24,14,19,8,14,80,76,67,67,10,13,5,4,0.6,0.7
2022-11-10T17:00:00,2602A,100.9817,22.8322,普洱市,普洱第二中学,,26,14,19,5,8,86,82,73,73,7,17,7,7,0.7,0.8
2022-11-10T17:00:00,2603A,100.0781,23.8982,临沧市,市环保局,,31,16,22,14,17,97,97,72,72,9,10,8,8,0.6,0.7
2022-11-10T17:00:00,2604A,100.0894,23.8822,临沧市,市气象局,,31,21,27,17,21,102,99,74,74,8,10,4,6,0.7,0.7
2022-11-10T17:00:00,2605A,101.5482,25.0441,楚雄州,州环境监测站,,24,18,29,7,22,74,74,58,58,4,17,7,18,0.3,0.3
2022-11-10T17:00:00,2606A,101.538,25.0492,楚雄州,市经济开发区,,23,15,29,9,21,71,71,55,55,6,16,5,6,0.3,0.4
2022-11-10T17:00:00,2608A,103.3772,23.3993,红河州,污水处理厂,,48,46,49,33,39,94,92,92,92,6,9,4,6,0.4,0.5
2022-11-10T17:00:00,2609A,103.3861,23.35,红河州,监测站,,49,44,49,34,40,97,85,97,86,6,6,6,4,0.5,0.5
2022-11-10T17:00:00,2610A,104.2533,23.3594,文山州,州水务局,,50,50,62,32,48,99,98,92,92,10,14,8,10,0.3,0.5
2022-11-10T17:00:00,2611A,104.2319,23.3892,文山州,市便民服务中心,颗粒物(PM10),54,58,58,25,50,94,91,89,89,11,13,8,10,0.4,0.6
2022-11-10T17:00:00,2612A,100.7939,22.0019,西双版纳州,景洪市江南,,26,21,33,15,22,88,83,63,63,13,20,7,8,0.6,0.7
2022-11-10T17:00:00,2613A,100.8017,22.0225,西双版纳州,景洪市江北,,32,19,14,9,9,104,102,76,76,8,13,11,10,0.4,0.5
2022-11-10T17:00:00,2614A,100.1542,25.7054,大理州,大理市环境监测站,,32,32,33,6,11,82,81,71,71,10,10,6,6,0.6,0.7
2022-11-10T17:00:00,2615A,100.2171,25.5811,大理州,大理古城,,31,15,22,7,11,104,99,86,86,10,12,6,5,0.4,0.4
2022-11-10T17:00:00,2616A,98.5842,24.428,德宏州,德宏州监测站,,,,40,,15,28,,39,,,14,,15,,0.4
2022-11-10T17:00:00,2618A,98.8601,25.8567,怒江州,州监测站,,26,23,30,12,17,83,83,61,61,4,9,8,7,0.4,0.4
2022-11-10T17:00:00,2619A,98.8546,25.8417,怒江州,泸水一中,,49,49,41,25,20,73,73,49,49,16,25,6,6,0.4,0.7
2022-11-10T17:00:00,2621A,99.7056,27.8317,迪庆州,迪庆州站,,30,17,17,9,17,108,93,89,89,8,15,6,8,0.5,0.6
2022-11-10T17:00:00,2622A,97.1806,31.1273,昌都市,昌都监测站,,29,15,36,3,15,93,92,74,74,2,22,3,7,0.5,1
2022-11-10T17:00:00,2624A,91.7608,29.2313,山南市,山南监测站,,32,32,19,5,7,105,96,99,89,3,6,6,6,0.3,0.3
2022-11-10T17:00:00,2625A,91.7706,29.2436,山南市,山南人民医院,颗粒物(PM10),54,57,26,29,10,101,90,89,83,5,6,5,5,0.3,0.3
2022-11-10T17:00:00,2626A,88.8876,29.2718,日喀则市,日喀则监测站,,31,8,14,1,6,108,97,93,84,3,7,3,4,0.4,0.4
2022-11-10T17:00:00,2628A,92.0657,31.4846,那曲地区,那曲监测站,,46,46,61,7,30,100,92,77,77,9,20,8,11,0.3,1
2022-11-10T17:00:00,2630A,80.1161,32.5,阿里地区,阿里监测站,,28,16,5,1,2,98,88,92,90,2,3,9,9,0.3,0.3
2022-11-10T17:00:00,2632A,94.3681,29.6376,林芝市,林芝监测站,,37,37,11,11,5,80,78,69,69,3,2,9,9,0.2,0.6
2022-11-10T17:00:00,2633A,94.3616,29.6616,林芝市,林芝人民医院,,28,28,15,5,5,79,78,68,68,2,5,9,9,0.2,0.3
2022-11-10T17:00:00,2634A,106.9893,33.1842,汉中市,汉川机床厂子校(对照点),细颗粒物(PM2.5),63,36,39,45,42,75,49,50,50,15,18,7,7,0.8,0.8
2022-11-10T17:00:00,2635A,107.0154,33.0706,汉中市,市监测站,颗粒物(PM10),63,76,90,43,51,50,42,40,40,16,30,4,4,0.9,1.1
2022-11-10T17:00:00,2636A,107.0089,33.1138,汉中市,鑫源开发区,颗粒物(PM10),62,74,92,38,53,46,31,34,34,24,34,3,4,1.0,1.1
2022-11-10T17:00:00,2637A,107.007,33.0323,汉中市,南郑大河坎水厂,颗粒物(PM10),62,74,89,43,54,49,42,38,38,18,28,5,5,1.0,1.1
2022-11-10T17:00:00,2638A,109.7414,38.3344,榆林市,红石峡森林公园(对照点),,,41,31,,45,60,60,48,48,23,32,3,3,1.5,1.5
2022-11-10T17:00:00,2639A,109.7456,38.2911,榆林市,世纪广场,,50,49,43,35,37,61,50,46,46,39,42,8,7,0.9,1
2022-11-10T17:00:00,2640A,109.7289,38.2839,榆林市,实验中学,细颗粒物(PM2.5),57,49,42,40,39,55,52,45,45,31,38,8,8,1.1,1
2022-11-10T17:00:00,2641A,109.7336,38.2478,榆林市,环保监测大楼,细颗粒物(PM2.5),63,56,43,45,42,61,50,45,45,33,35,8,10,0.9,0.9
2022-11-10T17:00:00,2642A,109.0318,32.6537,安康市,香溪洞(对照点),细颗粒物(PM2.5),82,85,90,60,68,69,60,41,41,14,22,7,14,1.0,1.1
2022-11-10T17:00:00,2643A,109.0281,32.6939,安康市,安康市监测站,细颗粒物(PM2.5),92,115,123,68,74,73,62,36,36,17,25,6,24,0.9,1
2022-11-10T17:00:00,2644A,109.0072,32.6975,安康市,汉滨区检察院,细颗粒物(PM2.5),93,99,113,69,78,68,53,36,36,21,27,7,17,0.8,0.9
2022-11-10T17:00:00,2645A,109.9154,33.8715,商洛市,监测站,颗粒物(PM10),77,103,102,52,58,114,75,71,71,27,32,10,9,0.8,0.8
2022-11-10T17:00:00,2647A,104.1724,36.5446,白银市,第三小学,颗粒物(PM10),58,66,68,31,40,107,77,73,73,14,40,16,38,0.6,1.1
2022-11-10T17:00:00,2648A,104.1465,36.5482,白银市,动力公司,颗粒物(PM10),52,54,64,30,44,109,74,58,58,13,28,12,26,0.5,1
2022-11-10T17:00:00,2649A,106.0055,34.343,天水市,麦积山(对照点),,,,,,,,,,,,,,,,
2022-11-10T17:00:00,2650A,105.7205,34.5786,天水市,公园小学,,49,49,44,23,27,60,58,41,41,30,37,7,9,0.8,0.8
2022-11-10T17:00:00,2651A,105.8945,34.5538,天水市,麦积国土局,,,37,40,6,18,63,,44,44,,23,14,15,0.6,0.9
2022-11-10T17:00:00,2652A,102.6201,37.9251,武威市,监测站,颗粒物(PM10),98,145,129,19,48,117,79,84,84,10,30,6,11,0.3,0.6
2022-11-10T17:00:00,2654A,100.4698,38.9524,张掖市,润泉湖,颗粒物(PM10),61,71,96,15,28,99,94,83,83,14,23,7,10,0.4,0.5
2022-11-10T17:00:00,2655A,100.4154,38.9422,张掖市,区工会,颗粒物(PM10),56,61,73,28,32,105,96,87,84,16,22,7,11,0.4,0.4
2022-11-10T17:00:00,2656A,106.6692,35.5461,平凉市,聚贤嘉苑,,34,34,39,19,25,58,43,44,44,27,25,6,6,0.8,0.8
2022-11-10T17:00:00,2657A,106.7021,35.5307,平凉市,博物馆,,,,44,,19,54,32,43,37,30,33,5,5,0.4,0.9
2022-11-10T17:00:00,2658A,98.5061,39.7443,酒泉市,仓门街子站,,,51,71,11,25,102,84,94,76,,21,5,9,0.4,0.6
2022-11-10T17:00:00,2659A,98.4989,39.7256,酒泉市,油田生活基地,,41,41,69,18,26,107,84,84,75,9,22,5,8,0.5,0.7
2022-11-10T17:00:00,2660A,107.6831,35.7289,庆阳市,区环保局(对照点),,,,,,,,,,,,,,,,
2022-11-10T17:00:00,2661A,107.6325,35.7357,庆阳市,庆阳五中,,36,36,43,22,30,63,55,58,58,19,15,4,5,1.1,0.9
2022-11-10T17:00:00,2662A,107.6364,35.7067,庆阳市,市环保局,,32,27,37,22,27,68,61,65,65,16,14,5,5,1.0,0.9
2022-11-10T17:00:00,2663A,104.6241,35.5734,定西市,东关小学,,35,35,48,20,24,72,71,67,67,7,18,4,5,0.4,0.5
2022-11-10T17:00:00,2664A,104.6194,35.5934,定西市,供电公司,,29,29,42,17,27,74,65,59,59,13,23,2,6,0.3,0.5
2022-11-10T17:00:00,2665A,105.0822,33.3261,陇南市,汉王镇固水子(对照点),,,,,,,,,,,,,,,,
2022-11-10T17:00:00,2667A,103.2069,35.5993,临夏回族自治州,环保局,,35,35,50,17,20,97,89,62,62,16,40,12,13,0.6,1.3
2022-11-10T17:00:00,2668A,103.2417,35.6057,临夏回族自治州,建设大厦,,28,28,42,10,17,116,88,64,64,16,35,11,12,0.7,1.1
2022-11-10T17:00:00,2669A,102.9099,34.9841,甘南州,州政府,,27,6,38,5,17,97,84,70,70,6,26,4,9,0.3,0.5
2022-11-10T17:00:00,2671A,100.9048,36.9639,海北藏族自治州,海晏县西海镇,,36,24,26,22,17,116,114,102,102,8,8,9,9,0.4,0.5
2022-11-10T17:00:00,2672A,102.0199,35.5102,黄南藏族自治州,同仁县隆务镇,,45,37,35,31,16,85,74,66,66,35,17,4,9,1.0,1
2022-11-10T17:00:00,2673A,100.6188,36.2866,海南藏族自治州,共和县恰卜恰镇,,32,16,24,6,15,100,100,88,88,2,12,8,10,0.3,0.4
2022-11-10T17:00:00,2674A,100.2561,34.4714,果洛藏族自治州,玛沁县大武镇,,,13,34,9,19,107,107,87,87,,16,17,21,0.4,0.6
2022-11-10T17:00:00,2675A,97,33.0014,玉树藏族自治州,玉树县结古镇,,30,4,18,0,11,94,94,77,77,1,13,9,17,1.2,1.5
2022-11-10T17:00:00,2676A,97.3731,37.3753,海西蒙古族藏族自治州,德令哈市,,30,24,22,5,11,96,93,83,80,4,7,2,3,0.3,0.4
2022-11-10T17:00:00,2677A,106.1532,37.9648,吴忠市,教育园区,细颗粒物(PM2.5),60,56,72,43,59,93,90,63,63,20,37,9,10,0.8,0.9
2022-11-10T17:00:00,2678A,106.2025,37.9844,吴忠市,高级中学,,,,,,,,,,,,,,,,
2022-11-10T17:00:00,2679A,106.1856,37.9956,吴忠市,新区二泵站,细颗粒物(PM2.5),69,61,71,50,68,89,80,58,58,20,34,9,25,0.7,0.8
2022-11-10T17:00:00,2680A,105.0025,37.4635,中卫市,沙坡头消防站(对照点),,,,93,,66,94,91,61,61,14,31,8,10,0.7,1.2
2022-11-10T17:00:00,2681A,105.18,37.0172,中卫市,官桥站,,,,,,,,,,,,,,,,
2022-11-10T17:00:00,2682A,105.1971,37.5002,中卫市,环保局站,细颗粒物(PM2.5),97,99,81,72,65,75,73,47,47,18,26,5,5,0.6,0.6
2022-11-10T17:00:00,2683A,106.2319,36.1417,固原市,马园(对照点),,20,19,32,14,29,45,34,42,33,22,21,4,4,0.7,0.8
2022-11-10T17:00:00,2684A,106.2792,36.0022,固原市,监测站,,20,10,27,14,31,38,37,33,32,15,16,5,5,0.7,0.7
2022-11-10T17:00:00,2685A,106.2375,36.0211,固原市,新区,,18,8,27,12,28,40,36,34,34,16,16,5,5,1.2,1.1
2022-11-10T17:00:00,2686A,89.1904,42.9418,吐鲁番地区,市环保局,,38,0,4,26,49,102,65,55,55,13,25,5,8,0.3,0.5
2022-11-10T17:00:00,2687A,89.1673,42.9559,吐鲁番地区,地区环保局,颗粒物(PM10),69,87,172,24,55,104,70,56,56,12,26,7,9,0.6,0.9
2022-11-10T17:00:00,2688A,93.5128,42.8172,哈密地区,地区监测站,颗粒物(PM10),59,68,79,15,19,86,66,74,60,11,15,6,5,0.3,0.3
2022-11-10T17:00:00,2689A,93.4961,42.8328,哈密地区,哈密师范学校,颗粒物(PM10),62,74,63,0,22,84,66,68,60,10,13,7,6,0.3,0.4
2022-11-10T17:00:00,2690A,88.1236,43.8886,昌吉州,天山天池(对照点),,19,2,3,2,1,71,60,67,66,6,7,3,3,1.0,1
2022-11-10T17:00:00,2691A,87.2997,44.0114,昌吉州,州监测站,,,,,,,,,,,,,,,,
2022-11-10T17:00:00,2692A,87.2717,44.0297,昌吉州,新区政务中心,,,12,13,12,9,63,,58,53,14,14,6,6,1.0,0.9
2022-11-10T17:00:00,2693A,82.0485,44.8556,博尔塔拉蒙古自治州,市党校,,25,25,24,7,7,54,54,52,44,7,9,8,9,0.2,0.2
2022-11-10T17:00:00,2694A,82.0806,44.8969,博尔塔拉蒙古自治州,市环保局,,20,20,21,12,9,52,52,46,45,12,11,10,10,0.4,0.4
2022-11-10T17:00:00,2695A,80.292,41.1694,阿克苏地区,电视台,,45,14,31,31,11,83,83,64,64,5,8,3,4,0.8,0.8
2022-11-10T17:00:00,2696A,80.2613,41.1551,阿克苏地区,艺术中心,,25,18,33,12,20,79,79,61,61,1,3,5,5,0.2,0.3
2022-11-10T17:00:00,2697A,76.1454,39.7142,克孜勒苏柯尔克孜自治州,市人民政府,,49,49,34,12,8,104,82,90,70,2,2,10,10,0.7,0.7
2022-11-10T17:00:00,2698A,76.0072,39.4467,喀什地区,巡警大队,颗粒物(PM10),57,63,74,22,22,93,82,67,67,11,21,4,5,0.4,0.8
2022-11-10T17:00:00,2699A,75.9755,39.4694,喀什地区,吾办,,48,48,59,31,22,105,93,72,72,6,20,3,3,0.5,1
2022-11-10T17:00:00,2700A,75.9538,39.4682,喀什地区,市环境监测站,,,62,74,24,30,,,,,14,26,5,4,0.9,1.5
2022-11-10T17:00:00,2703A,81.2815,43.9404,伊犁哈萨克州,市环保局,,28,13,18,19,19,62,62,45,45,10,15,8,11,0.7,0.9
2022-11-10T17:00:00,2704A,81.2996,43.9174,伊犁哈萨克州,新政府片区,,21,21,16,10,14,66,66,51,51,7,11,11,11,0.7,0.8
2022-11-10T17:00:00,2705A,81.3364,43.941,伊犁哈萨克州,第二水厂,,33,12,21,23,18,66,66,49,49,10,16,10,11,0.7,0.9
2022-11-10T17:00:00,2706A,82.9994,46.7432,塔城地区,东门外小游园,,,,17,,13,58,53,45,45,13,10,5,5,0.4,0.4
2022-11-10T17:00:00,2707A,88.1214,47.9047,阿勒泰地区,小东沟(对照点),,,,,,,,,,,,,,,,
2022-11-10T17:00:00,2708A,88.1264,47.8517,阿勒泰地区,市站,,22,9,6,3,5,83,70,82,75,6,3,3,3,0.7,0.6
2022-11-10T17:00:00,2709A,86.0497,44.2967,石河子市,艾青诗歌馆,,19,7,9,7,6,64,58,56,49,12,17,7,6,0.6,0.5
2022-11-10T17:00:00,2710A,86.0697,44.3075,石河子市,阳光学校,,,11,10,,,63,59,53,49,9,12,3,3,0.5,0.4
2022-11-10T17:00:00,2711A,87.5475,44.1756,五家渠市,农水大厦,,17,14,10,8,8,55,54,50,44,11,11,10,9,0.6,0.6
2022-11-10T17:00:00,2835A,101.7227,26.567,攀枝花市,四十中小,,48,48,56,27,30,116,112,72,72,19,40,20,17,0.7,1.4
2022-11-10T17:00:00,2842A,118.0936,24.5058,厦门市,湖里中学,,47,47,37,24,17,118,94,91,91,20,31,5,4,0.5,0.4
2022-11-10T17:00:00,2845A,113.1569,36.1911,长治市,德盛苑,细颗粒物(PM2.5),107,78,69,80,68,112,32,87,25,35,28,4,3,1.1,0.9
2022-11-10T17:00:00,2846A,113.3221,23.1322,广州市,体育西,颗粒物(PM10),58,66,72,39,42,150,150,82,82,42,62,4,5,0.8,1.1
2022-11-10T17:00:00,2858A,117.7918,39.2474,天津市,河西一经路,细颗粒物(PM2.5),226,217,219,176,182,56,38,31,16,32,66,7,8,2.0,2
2022-11-10T17:00:00,2859A,117.3747,38.9846,天津市,津沽路,细颗粒物(PM2.5),232,218,222,182,180,51,4,22,22,90,72,7,5,2.4,1.5
2022-11-10T17:00:00,2860A,117.1589,39.0845,天津市,宾水西道,细颗粒物(PM2.5),198,185,217,148,174,64,54,50,50,39,49,5,5,1.7,1.5
2022-11-10T17:00:00,2862A,114.5481,38.0378,石家庄市,22中南校区,细颗粒物(PM2.5),163,143,144,124,126,115,104,91,91,27,61,6,6,0.9,0.9
2022-11-10T17:00:00,2865A,112.7195,37.6828,晋中市,榆次三中,细颗粒物(PM2.5),100,103,155,75,114,102,79,66,66,34,41,8,11,0.9,1
2022-11-10T17:00:00,2866A,111.0522,35.0439,运城市,外滩首府,,,,,,,,,,,,,,,,
2022-11-10T17:00:00,2867A,111.1283,37.51,吕梁市,马茂庄小学,,46,46,86,31,41,81,78,58,58,22,37,7,10,0.6,0.8
2022-11-10T17:00:00,2868A,126.4739,43.953,吉林市,九站,细颗粒物(PM2.5),77,84,148,56,95,74,45,60,60,49,51,26,25,0.6,0.9
2022-11-10T17:00:00,2869A,119.447,32.4155,扬州市,五台山医院,细颗粒物(PM2.5),77,74,80,56,40,87,65,54,54,38,60,7,8,0.7,0.8
2022-11-10T17:00:00,2870A,119.4424,32.1873,镇江市,市疾控中心,细颗粒物(PM2.5),140,115,83,107,66,135,100,93,93,48,57,4,3,1.1,1
2022-11-10T17:00:00,2871A,121.6147,29.9017,宁波市,万里国际学校,,44,44,39,26,24,86,37,71,68,62,34,6,7,0.9,0.7
2022-11-10T17:00:00,2872A,120.7846,30.7525,嘉兴市,南湖区残联,,47,47,57,23,29,161,106,119,119,35,46,9,8,0.5,0.6
2022-11-10T17:00:00,2873A,120.0875,30.8955,湖州市,仁皇山新区,,48,42,82,23,46,193,151,99,99,22,56,5,7,0.6,0.8
2022-11-10T17:00:00,2875A,115.784,32.8892,阜阳市,阜阳职业技术学院,颗粒物(PM10),78,106,122,47,72,161,153,116,116,26,33,11,11,0.7,0.7
2022-11-10T17:00:00,2877A,119.1641,36.6523,潍坊市,坊子邮政,,46,46,68,27,41,101,85,80,80,22,30,4,5,0.4,0.6
2022-11-10T17:00:00,2878A,116.0072,36.4343,聊城市,聊大东校,细颗粒物(PM2.5),149,184,135,114,80,85,32,49,49,47,34,13,34,0.9,0.8
2022-11-10T17:00:00,2880A,104.0219,30.6558,成都市,大石西路,细颗粒物(PM2.5),102,95,87,76,68,78,63,47,47,37,38,4,4,0.7,0.9
2022-11-10T17:00:00,2881A,107.8908,26.5311,黔东南苗族侗族自治州,凯里学院,,36,22,32,17,23,126,113,111,111,5,18,2,4,0.3,0.4
2022-11-10T17:00:00,2882A,102.5389,24.3703,玉溪市,玉溪一中,,31,20,42,12,22,97,97,70,70,10,23,7,12,0.8,1.6
2022-11-10T17:00:00,2883A,102.5381,24.3389,玉溪市,文体中心,,37,37,37,11,23,96,89,77,77,13,30,10,10,0.6,1
2022-11-10T17:00:00,2884A,98.2672,39.7978,嘉峪关市,酒钢宾馆,,,61,73,22,26,103,66,94,62,,26,74,42,1.4,0.8
2022-11-10T17:00:00,2885A,104.9339,33.3826,陇南市,滨江中学,,37,37,42,19,20,88,86,63,63,9,24,6,8,0.5,0.7
2022-11-10T17:00:00,2894A,117.0566,32.6531,淮南市,经济技术开发区消防队,颗粒物(PM10),72,94,103,49,62,140,118,114,114,37,42,12,7,0.5,1
2022-11-10T17:00:00,2897A,123.2444,41.7347,沈阳市,沈辽西路,细颗粒物(PM2.5),156,182,143,119,98,99,9,76,53,83,34,12,17,1.2,0.9
2022-11-10T17:00:00,2900A,123.5953,41.9086,沈阳市,裕农路,细颗粒物(PM2.5),135,138,123,103,94,78,9,63,29,79,46,10,12,1.1,1.2
2022-11-10T17:00:00,2902A,106.6351,30.4865,广安市,北辰小学,细颗粒物(PM2.5),79,80,78,58,60,65,42,28,28,32,29,28,13,0.9,0.9
2022-11-10T17:00:00,2907A,120.1844,30.8596,湖州市,吴兴区站,细颗粒物(PM2.5),64,74,78,46,52,189,131,105,105,41,58,5,8,0.6,0.7
2022-11-10T17:00:00,2914A,106.7677,31.8794,巴中市,苏山坪(对照点),,39,33,32,27,28,84,73,77,59,7,8,5,6,0.4,0.5
2022-11-10T17:00:00,2915A,106.7619,31.84139,巴中市,职业中学,,,,,,,,,,,,,,,,
2022-11-10T17:00:00,2919A,116.7022,39.5453,廊坊市,河北工业大学,,,,154,,117,126,,91,91,33,67,8,10,,1
2022-11-10T17:00:00,2920A,117.7116,24.506,漳州市,蓝田镇,,43,43,52,18,21,142,121,108,108,16,33,5,9,0.4,0.6
2022-11-10T17:00:00,2921A,120.5483,30.0003,绍兴市,树下王站,细颗粒物(PM2.5),77,71,64,56,42,138,138,98,98,22,34,6,6,0.7,0.8
2022-11-10T17:00:00,2922A,117.1941,39.1067,天津市,大理道,细颗粒物(PM2.5),211,196,232,161,191,60,44,45,45,45,61,7,7,1.5,1.4
2022-11-10T17:00:00,2924A,106.2266,38.4418,银川市,水乡路,细颗粒物(PM2.5),68,74,146,49,93,94,90,51,51,30,72,17,14,1.2,1.6
2022-11-10T17:00:00,2925A,106.2757,38.4842,银川市,上海东路,细颗粒物(PM2.5),90,84,134,67,95,104,104,60,60,25,65,16,11,0.8,1.2
2022-11-10T17:00:00,2926A,106.1015,38.497,银川市,文昌北街,细颗粒物(PM2.5),113,101,157,85,114,100,100,60,60,25,48,12,9,0.9,1.2
2022-11-10T17:00:00,2929A,114.8858,30.4519,黄冈市,红卫路,,48,48,92,21,51,170,139,142,142,9,26,9,12,0.7,1
2022-11-10T17:00:00,2994A,119.6533,29.1128,金华市,武警支队(启用161031),,,,,,,,,,,,,,,,
2022-11-10T17:00:00,2996A,118.283,33.965,宿迁市,市供电局,细颗粒物(PM2.5),63,53,46,45,27,89,76,62,62,32,31,3,3,0.6,0.6
2022-11-10T17:00:00,2997A,119.8767,32.3289,泰州市,王营,细颗粒物(PM2.5),89,69,58,66,46,85,66,60,60,30,44,8,9,0.8,0.9
2022-11-10T17:00:00,3000A,119.3581,34.6972,连云港市,德源药业,,41,41,49,19,23,112,89,95,95,30,34,1,2,0.4,0.5
2022-11-10T17:00:00,3002A,119.9805,31.8174,常州市,行政中心,细颗粒物(PM2.5),129,188,127,98,56,149,100,105,105,70,82,17,12,2.0,0.9
2022-11-10T17:00:00,3003A,120.0522,31.7748,常州市,经开区,细颗粒物(PM2.5),123,174,126,93,61,136,101,95,95,69,76,22,10,2.3,1
2022-11-10T17:00:00,3004A,120.1544,33.3663,盐城市,宝龙广场,,48,48,40,22,20,97,93,74,70,18,21,8,8,0.3,0.4
2022-11-10T17:00:00,3005A,117.1814,34.29,徐州市,鼓楼区政府,细颗粒物(PM2.5),100,78,66,75,48,70,70,44,44,30,45,4,6,1.0,0.9
2022-11-10T17:00:00,3006A,117.1694,34.1781,徐州市,铜山区招生办,细颗粒物(PM2.5),104,107,90,78,61,67,67,42,42,31,44,5,8,0.7,0.7
2022-11-10T17:00:00,3007A,119.178,34.844,连云港市,新城一中,,35,35,36,17,15,118,97,92,92,20,37,2,3,0.6,0.7
2022-11-10T17:00:00,3008A,119.3608,34.7519,连云港市,胡沟管理处,,36,36,39,17,21,103,95,103,84,10,23,7,8,0.5,0.3
2022-11-10T17:00:00,3009A,119.1478,34.5911,连云港市,矿山设计院,颗粒物(PM10),65,80,58,31,34,98,89,89,86,26,24,6,7,0.5,0.5
2022-11-10T17:00:00,3010A,119.9025,31.7964,常州市,钟楼,细颗粒物(PM2.5),140,173,110,107,58,160,103,101,101,65,70,9,7,1.8,0.8
2022-11-10T17:00:00,3012A,112.1849,31.0362,荆门市,西山林语,颗粒物(PM10),58,66,110,26,66,181,161,151,151,13,28,16,12,0.5,0.9
2022-11-10T17:00:00,3014A,106.4958,29.5346,重庆市,歇台子,细颗粒物(PM2.5),78,84,99,57,58,90,59,49,49,48,57,9,10,0.9,1
2022-11-10T17:00:00,3015A,106.4037,29.5728,重庆市,龙井湾,细颗粒物(PM2.5),72,81,81,52,50,110,80,68,68,31,33,10,13,0.9,0.9
2022-11-10T17:00:00,3016A,106.5507,29.4153,重庆市,龙洲湾,细颗粒物(PM2.5),104,107,94,78,78,89,83,58,58,39,49,5,11,0.8,0.9
2022-11-10T17:00:00,3018A,111.505,36.1014,临汾市,唐尧大酒店,细颗粒物(PM2.5),135,132,134,103,94,36,30,28,28,45,52,9,10,1.3,1.2
2022-11-10T17:00:00,3020A,117.2101,39.1699,天津市,中山北路,细颗粒物(PM2.5),214,199,236,164,191,76,41,48,48,40,55,6,8,1.7,1.6
2022-11-10T17:00:00,3021A,115,35.7668,濮阳市,濮水河管理处,细颗粒物(PM2.5),284,294,149,234,145,61,6,14,10,44,29,7,8,1.5,1
2022-11-10T17:00:00,3022A,112.4433,34.6686,洛阳市,凯旋路小学,,,,,,,,,,,,,,,,
2022-11-10T17:00:00,3025A,113.0477,23.6344,清远市,技师学院,颗粒物(PM10),53,56,42,33,25,142,142,88,88,9,24,7,9,0.8,0.9
2022-11-10T17:00:00,3026A,116.6183,23.6608,潮州市,市政府,,50,50,57,27,26,168,132,140,140,15,26,12,20,0.6,0.7
2022-11-10T17:00:00,3027A,104.72,29.3427,自贡市,青杠林路,细颗粒物(PM2.5),69,76,89,50,69,93,91,58,58,13,22,5,6,0.3,0.4
2022-11-10T17:00:00,3028A,104.776,29.3627,自贡市,檀木林体育馆,细颗粒物(PM2.5),64,67,76,46,63,99,99,64,64,14,21,7,8,0.5,0.6
2022-11-10T17:00:00,3033A,87.4651,43.4569,乌鲁木齐市,培训基地,,22,2,2,0,1,69,68,67,66,4,7,7,7,0.5,0.6
2022-11-10T17:00:00,3034A,113.1076,41.0385,乌兰察布市,光明街小学,细颗粒物(PM2.5),65,48,54,47,47,26,23,18,18,57,54,17,13,1.6,1.2
2022-11-10T17:00:00,3035A,122.0931,46.0707,兴安盟,北滨河,细颗粒物(PM2.5),178,171,83,134,55,93,51,63,63,45,30,5,7,0.9,0.6
2022-11-10T17:00:00,3036A,118.6904,37.4338,东营市,开发区管委会,细颗粒物(PM2.5),122,123,100,92,73,101,88,71,71,38,37,14,12,0.9,0.8
2022-11-10T17:00:00,3038A,103.3758,23.368,红河州,州图书馆,,43,42,47,30,38,98,84,96,86,8,7,4,4,0.5,0.5
2022-11-10T17:00:00,3039A,111.1911,34.7829,三门峡市,三门峡市第一小学,细颗粒物(PM2.5),132,120,117,100,125,115,95,113,90,22,19,5,8,0.9,1
2022-11-10T17:00:00,3045A,109.9643,33.8471,商洛市,商州区中学,细颗粒物(PM2.5),97,113,105,72,69,140,72,79,79,50,41,13,6,0.8,0.8
2022-11-10T17:00:00,3046A,115.9084,28.6062,南昌市,机电学校,,37,34,90,9,39,130,118,110,110,5,51,7,9,0.4,0.7
2022-11-10T17:00:00,3048A,119.5799,26.0936,福州市,九龙,,28,22,28,19,24,77,73,65,65,6,11,4,4,0.4,0.4
2022-11-10T17:00:00,3051A,117.3876,39.1488,天津市,西四道,细颗粒物(PM2.5),216,187,220,166,181,49,17,33,33,56,63,6,6,2.3,1.6
2022-11-10T17:00:00,3054A,113.9194,35.2847,新乡市,市委党校,细颗粒物(PM2.5),228,228,182,178,137,73,26,19,19,52,61,12,11,2.1,1.6
2022-11-10T17:00:00,3055A,101.7775,36.6428,西宁市,城北区政府,,50,50,76,25,52,129,109,92,92,31,41,19,33,0.7,1.4
2022-11-10T17:00:00,3057A,121.5992,37.4014,烟台市,牟平检察院,颗粒物(PM10),60,70,50,37,34,99,68,75,75,44,33,6,9,0.7,0.7
2022-11-10T17:00:00,3058A,119.2658,42.0353,赤峰市,银河街,颗粒物(PM10),61,71,115,17,52,62,43,51,51,45,47,18,34,0.7,1.1
2022-11-10T17:00:00,3059A,117.7161,36.2049,济南市,泰兴公司,细颗粒物(PM2.5),90,122,100,67,60,73,33,63,63,80,67,10,8,2.0,1.5
2022-11-10T17:00:00,3061A,119.7512,49.1577,呼伦贝尔市,国华电力东,,24,24,25,8,16,34,29,25,25,15,15,3,3,0.3,0.4
2022-11-10T17:00:00,3064A,117.6867,36.2171,济南市,莱芜战役纪念馆,细颗粒物(PM2.5),94,132,90,70,58,80,23,62,62,91,52,9,6,2.2,1.6
2022-11-10T17:00:00,3065A,101.9533,29.9972,甘孜藏族自治州,州环保局,颗粒物(PM10),56,62,26,10,8,78,78,63,63,11,16,8,8,0.4,0.3
2022-11-10T17:00:00,3066A,116.2721,37.4379,德州市,九衢泉纯净水厂,细颗粒物(PM2.5),213,227,192,163,128,74,60,44,44,38,52,14,12,1.2,1.2
2022-11-10T17:00:00,3109A,115.0093,25.8613,赣州市,赣县区卫计委,,44,44,57,17,23,138,134,100,100,17,31,6,7,0.7,0.8
2022-11-10T17:00:00,3122A,105.9606,26.2611,安顺市,伍家关(对照点),,,,,,,,,,,,,,,,
2022-11-10T17:00:00,3123A,105.9408,26.2431,安顺市,凤凰山,,45,37,39,31,32,104,99,94,94,6,8,8,9,0.4,0.5
2022-11-10T17:00:00,3124A,105.9439,26.2564,安顺市,金钟山,,49,38,39,34,33,104,99,95,93,4,6,8,10,0.6,0.6
2022-11-10T17:00:00,3125A,105.8983,26.2481,安顺市,娄家坡,,48,42,41,33,33,100,95,95,91,7,7,5,5,0.5,0.5
2022-11-10T17:00:00,3128A,92.0506,31.4797,那曲地区,那曲会议中心,,26,26,30,3,14,100,75,72,72,4,13,6,9,0.4,0.8
2022-11-10T17:00:00,3129A,102.0306,36.5067,海东地区,平安高铁新区,,,,,,,,,,,,,,,,
2022-11-10T17:00:00,3131A,114.879,40.7993,张家口市,烟厂,细颗粒物(PM2.5),64,61,58,46,45,95,80,74,74,43,39,6,5,1.3,1.3
2022-11-10T17:00:00,3132A,119.610547,39.943889,秦皇岛市,文明里,细颗粒物(PM2.5),128,122,134,97,90,83,48,74,61,49,44,8,10,0.9,1.1
2022-11-10T17:00:00,3133A,106.5468,29.5654,重庆市,上清寺,细颗粒物(PM2.5),67,76,99,48,57,66,62,35,35,50,84,11,13,1.1,1.3
2022-11-10T17:00:00,3134A,113.8172,34.0339,许昌市,市一中,颗粒物(PM10),56,62,158,34,72,104,98,79,79,16,38,7,23,0.6,1
2022-11-10T17:00:00,3136A,104.2725,30.5589,成都市,龙泉驿区区政府,细颗粒物(PM2.5),67,63,77,48,58,75,64,31,31,32,32,6,5,0.7,0.9
2022-11-10T17:00:00,3137A,103.8578,30.0744,眉山市,市委党校,细颗粒物(PM2.5),87,75,107,64,90,85,82,43,43,29,39,6,8,0.8,0.9
2022-11-10T17:00:00,3138A,111.7153,29.0289,常德市,武陵区永安,,,,104,70,85,166,158,135,135,16,30,8,6,0.8,0.9
2022-11-10T17:00:00,3139A,111.6892,28.9881,常德市,鼎城区玉霞,细颗粒物(PM2.5),77,78,103,56,66,178,161,137,137,15,38,14,12,0.7,0.8
2022-11-10T17:00:00,3140A,111.6625,29.0531,常德市,武陵区长庚,细颗粒物(PM2.5),74,88,95,54,79,178,162,136,136,14,28,12,10,0.6,0.8
2022-11-10T17:00:00,3141A,114.3922,36.0878,安阳市,信访局,细颗粒物(PM2.5),241,231,232,191,199,53,28,21,21,67,62,11,9,1.3,1.7
2022-11-10T17:00:00,3147A,114.3438,34.8106,开封市,龙亭公园,细颗粒物(PM2.5),212,170,168,162,128,63,14,26,26,42,47,2,4,1.1,0.9
2022-11-10T17:00:00,3148A,103.8291,30.0564,眉山市,区人社局,细颗粒物(PM2.5),85,79,93,63,74,83,81,53,53,29,39,5,7,0.8,0.9
2022-11-10T17:00:00,3149A,115.0235,30.1578,黄石市,笔架山北路,臭氧1小时,53,49,78,20,44,168,162,147,147,22,34,8,9,0.4,0.5
2022-11-10T17:00:00,3151A,114.375,27.8097,宜春市,宜春学院北校区,,42,42,67,25,37,117,91,95,95,17,32,15,19,0.7,0.9
2022-11-10T17:00:00,3153A,114.3877,30.4908,武汉市,民族大道182号,,50,48,90,26,47,170,159,141,141,24,55,12,16,0.7,1.1
2022-11-10T17:00:00,3164A,119.4686,32.3942,扬州市,广陵建设局,细颗粒物(PM2.5),87,98,80,64,42,85,45,51,51,51,63,6,7,0.9,0.9
2022-11-10T17:00:00,3165A,108.6594,34.2969,咸阳市,两寺渡,颗粒物(PM10),107,164,142,48,59,22,7,14,8,47,46,3,4,1.2,1.3
2022-11-10T17:00:00,3169A,113.2725,35.2067,焦作市,太极体育中心(启用180720),细颗粒物(PM2.5),238,264,188,188,138,66,21,44,31,42,48,5,10,1.8,1.1
2022-11-10T17:00:00,3170A,102.1864,38.5253,金昌市,市委党校,,,,,,,100,82,86,83,11,24,6,42,0.5,0.7
2022-11-10T17:00:00,3171A,115.6071,34.4465,商丘市,梁园区档案局,细颗粒物(PM2.5),90,117,112,67,75,99,43,61,61,27,50,8,11,0.7,0.6
2022-11-10T17:00:00,3173A,117.0598,30.5351,安庆市,市人大,,38,35,68,12,43,144,119,115,115,17,37,8,11,0.7,1
2022-11-10T17:00:00,3178A,119.0587,36.721,潍坊市,潍坊七中,,44,44,70,24,46,96,85,78,78,21,27,6,6,0.6,0.7
2022-11-10T17:00:00,3179A,102.7494,25.0119,昆明市,官渡区博物馆,颗粒物(PM10),55,60,49,10,25,102,97,78,78,16,32,8,8,0.2,0.6
2022-11-10T17:00:00,3180A,99.7136,27.8094,迪庆州,质量技术监督局,,30,16,21,13,14,105,96,87,87,5,10,7,7,0.4,0.5
2022-11-10T17:00:00,3182A,106.7656,31.8545,巴中市,丽阳花园,细颗粒物(PM2.5),64,61,49,46,37,28,11,19,19,35,22,2,2,1.1,0.8
2022-11-10T17:00:00,3183A,106.7418,31.8654,巴中市,圣泉水务公司,细颗粒物(PM2.5),53,48,35,37,28,29,14,23,18,29,19,4,4,0.6,0.6
2022-11-10T17:00:00,3185A,112.5628,37.8964,太原市,巨轮,细颗粒物(PM2.5),133,134,164,101,125,77,54,61,61,53,52,15,13,1.8,1.6
2022-11-10T17:00:00,3186A,103.7158,36.1058,兰州市,教育港,细颗粒物(PM2.5),67,64,113,48,67,132,98,91,91,24,64,20,27,3.1,1.4
2022-11-10T17:00:00,3187A,116.9509,33.666,宿州市,远航博物馆,细颗粒物(PM2.5),105,110,93,79,59,88,81,53,53,19,30,2,2,0.7,0.5
2022-11-10T17:00:00,3188A,115.6683,37.7217,衡水市,市城管局,细颗粒物(PM2.5),281,292,264,231,202,31,16,14,14,70,61,8,11,0.8,0.3
2022-11-10T17:00:00,3190A,116.0254,29.6994,九江市,外国语学校,,43,25,75,18,55,144,136,110,110,19,52,10,19,0.9,1.2
2022-11-10T17:00:00,3191A,118.3225,33.9447,宿迁市,宿豫区政府,,45,45,41,31,26,98,81,69,69,29,23,4,4,0.6,0.5
2022-11-10T17:00:00,3192A,80.0903,32.5028,阿里地区,阿里藏医院,,28,9,11,0,3,98,87,92,89,2,2,8,8,0.6,0.5
2022-11-10T17:00:00,3194A,112.2747,30.3122,荆州市,管委会,臭氧1小时,70,76,107,30,70,180,176,148,148,21,52,12,10,0.8,1.1
2022-11-10T17:00:00,3195A,119.3633,32.3972,扬州市,市体育局,细颗粒物(PM2.5),88,119,94,65,47,105,72,64,64,41,66,7,9,1.1,1.1
2022-11-10T17:00:00,3200A,115.9819,36.4978,聊城市,监控中心,细颗粒物(PM2.5),198,218,137,148,80,86,20,53,39,58,39,14,25,0.8,0.5
2022-11-10T17:00:00,3201A,102.6486,37.9325,武威市,东关招商场,颗粒物(PM10),110,169,139,20,55,118,83,90,90,11,24,6,12,0.4,0.6
2022-11-10T17:00:00,3204A,113.3025,33.73,平顶山市,规划局,细颗粒物(PM2.5),153,160,228,117,166,126,100,82,82,25,54,13,12,1.0,1.3
2022-11-10T17:00:00,3206A,114.9149,27.807,新余市,新钢沁园村,,,56,85,53,44,104,,83,83,,40,,36,,1.1
2022-11-10T17:00:00,3207A,118.3118,32.3038,滁州市,市政府原办公楼,颗粒物(PM10),67,84,87,40,43,160,128,140,140,40,54,5,9,0.6,0.7
2022-11-10T17:00:00,3208A,112.7283,38.4153,忻州市,市政府,细颗粒物(PM2.5),144,147,136,110,115,113,112,76,76,27,46,16,14,1.0,1.2
2022-11-10T17:00:00,3209A,119.5231,26.6562,宁德市,宁德一中,,43,43,36,23,20,64,56,44,44,19,20,6,5,0.7,0.8
2022-11-10T17:00:00,3210A,114.3644,34.7964,开封市,汴京公园,细颗粒物(PM2.5),220,106,128,170,143,57,17,22,22,36,43,5,6,1.1,1
2022-11-10T17:00:00,3216A,114.6622,24.5183,漳州市,漳州党校,,41,41,45,20,27,150,128,110,110,19,34,5,9,0.6,0.7
2022-11-10T17:00:00,3237A,117.4918,30.6617,池州市,展览馆,细颗粒物(PM2.5),52,48,60,36,35,128,121,97,97,33,28,22,8,0.8,0.9
2022-11-10T17:00:00,3239A,125.0764,42.9078,辽源市,银鹰制药,细颗粒物(PM2.5),119,117,108,90,75,100,46,75,75,63,55,10,15,1.2,1.2
2022-11-10T17:00:00,3241A,103.7439,36.0842,兰州市,百合公园,细颗粒物(PM2.5),64,62,102,46,63,121,101,86,86,16,52,21,21,0.9,1.1
2022-11-10T17:00:00,3242A,103.9611,35.998,兰州市,和平,颗粒物(PM10),57,63,88,29,54,111,99,80,80,17,38,17,16,1.1,1.4
2022-11-10T17:00:00,3247A,104.955,33.371,陇南市,市总工会,,37,37,38,14,17,90,90,63,63,10,17,8,9,0.5,0.5
2022-11-10T17:00:00,3248A,98.2643,39.7724,嘉峪关市,雄关区,,49,49,57,24,24,113,68,93,58,22,31,27,28,0.5,0.7
2022-11-10T17:00:00,3265A,121.4316,31.3322,上海市,宝山庙行,,46,46,66,32,39,81,53,49,49,45,47,5,6,0.6,0.7
2022-11-10T17:00:00,3266A,121.8791,31.4662,上海市,崇明上实东滩,,49,41,26,34,22,102,87,78,78,12,24,8,9,0.6,0.7
2022-11-10T17:00:00,3268A,121.3162,31.2838,上海市,嘉定南翔,,49,40,49,34,36,100,47,69,69,42,36,6,6,0.6,0.6
2022-11-10T17:00:00,3269A,121.3359,30.7456,上海市,金山新城,,42,40,48,29,31,146,105,124,124,19,20,7,8,0.7,0.6
2022-11-10T17:00:00,3270A,121.4996,31.0739,上海市,闵行浦江,,,42,43,30,30,113,67,79,79,,34,6,5,0.7,0.8
2022-11-10T17:00:00,3271A,121.2886,31.1663,上海市,青浦徐泾,颗粒物(PM10),56,61,52,36,31,97,64,80,80,40,33,6,7,0.8,0.8
2022-11-10T17:00:00,3272A,121.2186,31.0378,上海市,松江图书馆,颗粒物(PM10),63,76,45,44,34,119,66,90,90,47,45,8,8,0.9,0.7
2022-11-10T17:00:00,3273A,121.3902,31.2059,上海市,长宁仙霞,,,79,63,38,34,105,43,71,71,56,36,6,7,,0.8
2022-11-10T17:00:00,3274A,121.7965,31.0507,上海市,浦东惠南,细颗粒物(PM2.5),60,50,39,43,27,101,101,70,70,20,27,4,5,0.7,0.7
2022-11-10T17:00:00,3281A,115.9718,40.4529,北京市,延庆夏都,细颗粒物(PM2.5),84,75,107,62,83,80,66,53,53,28,32,2,3,0.6,0.8
2022-11-10T17:00:00,3282A,113.3397,40.0597,大同市,大同市卫生学校,,40,27,56,28,55,77,69,62,62,16,25,6,9,1.1,1.2
2022-11-10T17:00:00,3283A,109.9154,40.5685,包头市,滨河大厦,细颗粒物(PM2.5),94,83,86,70,65,77,66,47,47,28,31,12,14,1.0,1.1
2022-11-10T17:00:00,3284A,106.813,39.7274,乌海市,海北新区,颗粒物(PM10),56,62,136,35,65,95,63,48,48,22,61,22,28,0.8,1.4
2022-11-10T17:00:00,3285A,113.1376,40.9509,乌兰察布市,北京八中,细颗粒物(PM2.5),92,80,64,68,53,22,7,15,14,65,52,40,20,2.0,1.5
2022-11-10T17:00:00,3286A,118.9359,42.3147,赤峰市,桥北物流园区,颗粒物(PM10),65,80,101,24,48,56,44,46,46,30,48,18,37,0.4,0.9
2022-11-10T17:00:00,3287A,119.3842,32.1976,镇江市,富润路1号,细颗粒物(PM2.5),119,91,71,90,56,144,109,106,106,44,63,9,9,1.1,0.9
2022-11-10T17:00:00,3288A,117.4754,34.4422,徐州市,大泉街道,细颗粒物(PM2.5),105,134,102,79,46,109,99,71,71,20,20,9,8,0.8,0.7
2022-11-10T17:00:00,3289A,120.743,31.3188,苏州市,方洲路,细颗粒物(PM2.5),58,54,55,41,41,94,83,67,67,43,39,8,6,0.7,0.6
2022-11-10T17:00:00,3290A,120.5031,31.2774,苏州市,木渎中学,细颗粒物(PM2.5),73,62,44,53,30,114,101,85,85,59,43,6,6,0.8,0.8
2022-11-10T17:00:00,3291A,121.067,32.062,南通市,通州监测站,,,48,42,34,29,110,106,88,88,10,17,,4,0.6,0.6
2022-11-10T17:00:00,3293A,120.1501,33.3367,盐城市,月亮广场,颗粒物(PM10),62,73,67,18,15,107,104,90,76,16,16,6,6,0.5,0.6
2022-11-10T17:00:00,3294A,119.5653,32.4222,扬州市,引江管理处,细颗粒物(PM2.5),73,76,63,53,40,81,52,52,52,40,57,6,7,0.9,1
2022-11-10T17:00:00,3295A,120.1259,32.5099,泰州市,姜堰区政府广场,颗粒物(PM10),51,52,56,32,31,91,91,58,58,20,36,9,10,0.6,0.8
2022-11-10T17:00:00,3298A,113.5717,23.5491,广州市,从化街口,臭氧1小时,77,60,48,42,28,181,181,127,127,23,23,6,6,0.6,0.7
2022-11-10T17:00:00,3299A,113.3472,23.3692,广州市,白云竹料,臭氧1小时,90,82,78,43,40,192,192,124,124,43,44,5,5,0.6,0.7
2022-11-10T17:00:00,3300A,113.2981,23.237,广州市,白云嘉禾,臭氧1小时,77,85,114,50,47,181,181,89,89,56,72,7,6,0.7,0.9
2022-11-10T17:00:00,3301A,113.4256,23.1716,广州市,黄埔科学城,细颗粒物(PM2.5),54,56,56,38,33,133,133,90,90,30,39,5,5,0.6,0.6
2022-11-10T17:00:00,3302A,113.3942,23.0483,广州市,番禺大学城,颗粒物(PM10),59,68,72,40,36,139,132,101,101,48,58,5,7,0.8,0.9
2022-11-10T17:00:00,3303A,113.4922,22.8168,广州市,南沙黄阁,,,,61,,40,176,176,119,119,36,63,4,5,,1.1
2022-11-10T17:00:00,3304A,113.5342,22.7896,广州市,南沙街,颗粒物(PM10),54,58,56,33,41,154,147,109,109,35,54,5,7,0.9,0.9
2022-11-10T17:00:00,3305A,114.0731,22.559,深圳市,莲花,颗粒物(PM10),55,59,33,34,19,87,73,65,65,36,28,5,5,0.8,0.8
2022-11-10T17:00:00,3306A,114.0261,22.6198,深圳市,民治,,,,,,,,,,,,,,,,
2022-11-10T17:00:00,3307A,114.1871,22.6451,深圳市,横岗,臭氧1小时,62,57,37,34,22,193,169,128,128,48,39,7,7,0.8,0.7
2022-11-10T17:00:00,3308A,113.3494,22.0569,珠海市,金湾,颗粒物(PM10),54,57,28,22,22,128,128,93,93,20,20,8,8,0.4,0.4
2022-11-10T17:00:00,3311A,113.1075,22.5647,江门市,江海富民,颗粒物(PM10),59,67,100,36,55,158,133,114,114,32,61,6,7,0.6,1.3
2022-11-10T17:00:00,3313A,112.4575,23.0166,肇庆市,高要湖西,,40,40,35,24,21,110,104,70,70,13,23,7,24,0.6,0.8
2022-11-10T17:00:00,3314A,114.4338,22.8134,惠州市,惠阳秋长,,42,39,44,18,20,143,134,117,117,11,23,5,5,0.7,0.7
2022-11-10T17:00:00,3315A,116.1233,24.2991,梅州市,梅龙,,39,31,34,14,19,129,122,104,104,15,20,8,9,0.5,0.7
2022-11-10T17:00:00,3317A,111.9765,21.8947,阳江市,两阳中学,,45,45,47,29,27,116,112,99,99,15,27,9,8,0.4,0.6
2022-11-10T17:00:00,3318A,112.9903,23.7403,清远市,清新太和,,47,47,20,26,13,123,109,66,66,13,14,7,5,0.7,0.7
2022-11-10T17:00:00,3319A,113.7338,23.0381,东莞市,万江金泰,细颗粒物(PM2.5),87,93,83,64,50,205,157,131,131,60,56,15,9,0.9,1.3
2022-11-10T17:00:00,3320A,116.403,23.5699,揭阳市,曲溪,,48,44,48,17,27,170,152,139,139,14,18,9,7,0.5,0.6
2022-11-10T17:00:00,3323A,115.2773,40.9724,张家口市,青少年活动中心,,,33,24,25,20,107,98,88,88,,11,3,3,0.3,0.4
2022-11-10T17:00:00,3324A,116.8136,38.3004,沧州市,河北水利电力学院,细颗粒物(PM2.5),272,,,222,202,70,48,39,30,48,55,10,13,1.6,1.1
2022-11-10T17:00:00,3325A,117.0365,39.3828,天津市,雍阳西道,细颗粒物(PM2.5),195,186,225,146,179,109,78,78,78,30,61,6,9,1.2,1.3
2022-11-10T17:00:00,3326A,117.0296,39.0605,天津市,辛老路,细颗粒物(PM2.5),224,223,258,174,194,65,54,50,50,45,69,8,9,1.4,1.4
2022-11-10T17:00:00,3327A,116.9638,38.9375,天津市,地纬路,细颗粒物(PM2.5),244,220,244,194,198,56,45,43,43,51,67,8,10,1.4,1.4
2022-11-10T17:00:00,3328A,118.4209,31.3707,芜湖市,市气象局,颗粒物(PM10),57,64,67,30,40,154,154,122,122,16,30,10,10,0.8,0.7
2022-11-10T17:00:00,3329A,117.0108,32.5893,淮南市,山南新区,细颗粒物(PM2.5),93,113,104,69,70,154,128,124,124,40,37,9,8,0.6,0.7
2022-11-10T17:00:00,3330A,116.8873,33.9836,淮北市,杜集区检察院,细颗粒物(PM2.5),68,67,72,49,52,99,74,73,73,17,21,6,10,0.7,0.7
2022-11-10T17:00:00,3331A,118.3267,32.2634,滁州市,图书馆,细颗粒物(PM2.5),70,74,90,51,37,160,132,120,120,38,52,8,9,0.8,0.8
2022-11-10T17:00:00,3332A,115.7633,33.8034,亳州市,亳州学院,细颗粒物(PM2.5),93,96,112,69,87,144,133,104,104,15,18,6,7,0.8,0.8
2022-11-10T17:00:00,3333A,117.5627,30.695,池州市,第八中学,颗粒物(PM10),52,53,61,34,38,130,127,105,105,31,29,11,6,0.7,0.9
2022-11-10T17:00:00,3334A,117.5038,30.6243,池州市,第十二中学,颗粒物(PM10),53,56,61,30,40,140,123,109,109,31,41,10,6,0.6,0.8
2022-11-10T17:00:00,3335A,113.3137,35.2641,焦作市,马村街道办(新增191226),细颗粒物(PM2.5),235,250,171,185,124,61,17,47,38,41,32,4,6,2.1,1.2
2022-11-10T17:00:00,3336A,113.2465,35.2373,焦作市,焦作技师学院(新增200110),细颗粒物(PM2.5),245,291,177,195,128,60,18,50,38,40,33,6,8,1.8,1.2
2022-11-10T17:00:00,3337A,113.8614,34.0442,许昌市,许昌学院,颗粒物(PM10),62,74,178,35,73,103,96,77,77,16,40,7,16,0.6,1.1
2022-11-10T17:00:00,3338A,113.843,34.0823,许昌市,芙蓉广场,,,78,172,39,85,108,95,79,79,,40,15,19,0.7,1.1
2022-11-10T17:00:00,3339A,114.0012,33.0412,驻马店市,小管楼,细颗粒物(PM2.5),139,151,215,106,141,142,142,95,95,34,56,16,11,0.8,0.8
2022-11-10T17:00:00,3340A,112.6005,34.6326,洛阳市,伊滨,细颗粒物(PM2.5),206,149,175,156,159,64,33,18,18,34,41,8,8,0.9,0.9
2022-11-10T17:00:00,3341A,112.4951,34.6332,洛阳市,中移产业园,细颗粒物(PM2.5),195,141,171,146,165,56,48,27,27,30,48,6,6,0.5,0.7
2022-11-10T17:00:00,3342A,128.4741,47.4346,伊春市,中心小学,颗粒物(PM10),59,68,86,32,72,45,8,30,29,43,17,5,4,0.7,0.6
2022-11-10T17:00:00,3343A,128.6871,47.7369,伊春市,检察院,颗粒物(PM10),67,83,53,18,42,50,19,39,38,29,10,3,3,0.7,0.5
2022-11-10T17:00:00,3344A,128.8431,47.8474,伊春市,双子河社区,颗粒物(PM10),70,90,53,26,33,66,18,37,36,26,13,6,7,0.9,0.6
2022-11-10T17:00:00,3345A,131.0577,45.7879,七台河市,中波台,,31,31,62,8,40,66,25,39,37,31,31,10,11,0.3,0.6
2022-11-10T17:00:00,3346A,108.3872,31.1628,重庆市,安康,细颗粒物(PM2.5),69,77,46,50,36,54,23,35,35,47,27,18,10,0.7,0.5
2022-11-10T17:00:00,3347A,105.9017,29.3569,重庆市,北山路,细颗粒物(PM2.5),90,63,74,67,73,113,113,74,74,15,27,13,14,0.8,0.8
2022-11-10T17:00:00,3348A,105.839,30.1946,重庆市,春阳街,颗粒物(PM10),54,58,54,27,41,82,58,34,34,15,21,10,10,0.6,0.7
2022-11-10T17:00:00,3349A,107.7983,30.6758,重庆市,人民东路,细颗粒物(PM2.5),53,54,54,37,35,99,91,86,86,10,16,8,7,0.7,0.8
2022-11-10T17:00:00,3350A,106.6479,29.0244,重庆市,滩子口,细颗粒物(PM2.5),139,122,122,106,93,118,111,80,80,25,35,34,37,0.8,1.1
2022-11-10T17:00:00,3351A,105.7167,29.7076,重庆市,棠香,颗粒物(PM10),53,56,64,29,39,81,68,56,56,12,19,6,7,0.7,0.8
2022-11-10T17:00:00,3352A,107.0732,29.8617,重庆市,桃源西路,颗粒物(PM10),66,82,65,44,47,83,65,59,59,45,33,10,14,0.8,0.8
2022-11-10T17:00:00,3353A,107.3535,29.7287,重庆市,迎宾大道,颗粒物(PM10),92,134,55,29,52,117,96,58,58,40,42,6,7,0.5,0.7
2022-11-10T17:00:00,3354A,108.815,29.5081,重庆市,舟白,细颗粒物(PM2.5),55,47,47,39,38,130,118,97,97,12,15,8,7,0.5,0.5
2022-11-10T17:00:00,3355A,108.3679,30.8426,重庆市,周家坝,细颗粒物(PM2.5),68,59,60,49,45,83,53,31,31,53,50,9,9,0.6,0.8
2022-11-10T17:00:00,3356A,108.4319,30.7555,重庆市,百安坝,,50,50,44,31,33,87,81,56,56,37,33,11,11,0.5,0.6
2022-11-10T17:00:00,3357A,104.0106,30.6931,成都市,金博路,细颗粒物(PM2.5),99,95,82,74,58,65,47,43,43,43,34,4,2,0.7,0.8
2022-11-10T17:00:00,3358A,103.8458,30.6994,成都市,临江路,细颗粒物(PM2.5),93,92,86,69,61,64,64,35,35,34,39,3,5,0.5,0.7
2022-11-10T17:00:00,3359A,104.0578,30.5225,成都市,华阳,细颗粒物(PM2.5),77,80,77,56,59,43,40,24,24,46,44,1,1,0.8,0.9
2022-11-10T17:00:00,3360A,104.7894,29.3194,自贡市,南湖救助站,细颗粒物(PM2.5),64,69,90,46,65,89,89,53,53,14,23,8,9,0.5,0.6
2022-11-10T17:00:00,3361A,103.7311,29.5628,乐山市,理工大学,,,,67,53,49,89,83,73,73,14,22,7,6,1.8,0.7
2022-11-10T17:00:00,3362A,120.5014,36.4034,青岛市,即墨2号,,44,44,36,16,15,110,103,102,102,11,22,5,5,0.3,0.3
2022-11-10T17:00:00,3363A,117.9883,36.8372,淄博市,新区,细颗粒物(PM2.5),94,107,102,70,67,111,96,84,84,51,57,5,7,0.4,0.8
2022-11-10T17:00:00,3364A,117.3152,34.8103,枣庄市,市环保局,细颗粒物(PM2.5),98,105,96,73,61,90,90,73,73,33,34,10,11,0.7,0.8
2022-11-10T17:00:00,3365A,118.5719,37.565,东营市,垦利区民丰路,细颗粒物(PM2.5),107,107,110,80,72,110,95,79,79,40,53,16,16,1.0,1.1
2022-11-10T17:00:00,3366A,121.5206,37.4336,烟台市,中国农业大学,颗粒物(PM10),56,61,52,24,22,93,78,80,68,38,31,6,7,0.5,0.4
2022-11-10T17:00:00,3368A,119.1977,36.6872,潍坊市,高新实验学校,颗粒物(PM10),51,51,67,17,42,94,82,78,78,10,19,8,8,0.5,0.7
2022-11-10T17:00:00,3369A,118.3977,35.0278,临沂市,开发区幼儿园,,,,,,,,,,,,,,,,
2022-11-10T17:00:00,3370A,118.3564,35.0215,临沂市,十里堡居委,细颗粒物(PM2.5),77,90,53,56,38,106,96,87,87,30,32,3,4,1.0,0.8
2022-11-10T17:00:00,3371A,116.3728,37.4403,德州市,开发区人民医院,细颗粒物(PM2.5),250,252,191,200,143,79,60,49,49,44,49,15,10,0.9,0.9
2022-11-10T17:00:00,3372A,116.3572,37.4094,德州市,太阳城中学,细颗粒物(PM2.5),240,248,182,190,136,86,55,63,63,49,51,17,11,1.2,1.1
2022-11-10T17:00:00,3374A,115.5564,35.0891,菏泽市,定陶老年大学,细颗粒物(PM2.5),58,46,112,41,79,83,59,44,35,31,35,7,9,0.6,0.9
2022-11-10T17:00:00,3375A,102.8017,24.8336,昆明市,青年创业园,,32,19,36,9,19,102,102,82,82,7,25,8,9,0.4,0.5
2022-11-10T17:00:00,3376A,103.7947,25.462,曲靖市,南苑二区,,39,18,30,6,22,123,123,93,93,10,12,8,8,0.4,0.5
2022-11-10T17:00:00,3377A,103.7444,25.5261,曲靖市,曲靖师范学院,,39,34,43,13,31,124,124,92,92,10,19,7,9,0.3,0.4
2022-11-10T17:00:00,3378A,122.371,40.6771,营口市,老边实验中学,细颗粒物(PM2.5),80,43,92,59,86,122,48,111,63,54,41,7,12,1.0,1.2
2022-11-10T17:00:00,3379A,122.1139,40.2278,营口市,鲅鱼圈市民活动中心,细颗粒物(PM2.5),85,84,111,63,76,107,2,88,45,93,35,10,7,1.3,1
2022-11-10T17:00:00,3380A,102.8914,34.9617,甘南州,甘肃民族师范学院,,26,6,26,4,11,96,83,67,67,13,30,16,13,0.4,0.4
2022-11-10T17:00:00,3396A,112.0828,32.0067,襄阳市,襄城隆中路,细颗粒物(PM2.5),203,227,200,153,142,144,132,107,107,38,28,12,13,1.0,1
2022-11-10T17:00:00,3397A,112.1214,32.1008,襄阳市,高新台子湾,细颗粒物(PM2.5),178,211,212,134,147,151,143,103,103,25,59,12,12,1.1,1.2
2022-11-10T17:00:00,3398A,114.9136,30.4445,黄冈市,市林业局,颗粒物(PM10),56,62,88,13,45,172,135,139,139,8,30,11,15,0.6,0.8
2022-11-10T17:00:00,3399A,112.6703,26.882,衡阳市,师范学院,,35,22,50,21,32,112,109,94,94,7,17,11,11,0.5,0.7
2022-11-10T17:00:00,3400A,109.1911,21.4415,北海市,龙潭自来水厂,,45,36,29,24,20,148,143,126,126,10,9,8,8,0.5,0.5
2022-11-10T17:00:00,3401A,108.4834,22.7618,南宁市,红星社区,颗粒物(PM10),53,55,66,16,45,80,73,73,73,18,17,8,8,0.6,0.8
2022-11-10T17:00:00,3402A,109.5422,24.3996,柳州市,市二中,,46,46,52,16,30,88,75,68,68,6,26,5,10,0.6,0.7
2022-11-10T17:00:00,3403A,110.1764,25.2381,桂林市,创业大厦,,29,29,40,12,21,102,82,76,76,8,26,7,34,0.3,0.4
2022-11-10T17:00:00,3404A,108.5959,21.9633,钦州市,北职校,,41,41,40,14,23,130,118,109,109,15,21,12,12,0.6,0.7
2022-11-10T17:00:00,3405A,109.5886,23.1172,贵港市,新世纪学校,,46,46,47,31,27,109,109,92,92,8,17,11,15,0.8,0.8
2022-11-10T17:00:00,3406A,106.6085,23.8798,百色市,祈福高中,细颗粒物(PM2.5),62,67,75,44,49,145,128,101,101,13,34,17,14,0.8,0.9
2022-11-10T17:00:00,3407A,120.6916,30.7739,嘉兴市,秀洲住建,细颗粒物(PM2.5),53,53,53,37,32,162,155,117,117,38,48,6,6,0.6,0.5
2022-11-10T17:00:00,3408A,120.5683,29.9361,绍兴市,绍兴中专,细颗粒物(PM2.5),107,111,54,80,33,150,150,91,91,32,34,11,8,0.7,0.6
2022-11-10T17:00:00,3409A,120.4906,30.0861,绍兴市,柯桥区政府,颗粒物(PM10),53,55,72,29,37,114,96,95,95,39,53,8,9,0.7,0.9
2022-11-10T17:00:00,3410A,120.8752,30.0249,绍兴市,重华小学,颗粒物(PM10),57,64,62,27,29,143,97,97,97,22,24,9,7,0.7,0.7
2022-11-10T17:00:00,3411A,120.8369,30.0137,绍兴市,上虞中学,颗粒物(PM10),52,53,66,31,43,139,92,87,87,27,34,8,7,0.6,0.7
2022-11-10T17:00:00,3413A,118.1953,28.4401,上饶市,广丰区教体局,,35,15,70,10,45,125,110,98,98,11,29,13,30,0.5,1
2022-11-10T17:00:00,3415A,114.4519,28.0828,宜春市,万载县环保局,,,47,92,32,50,139,120,118,118,,46,,24,0.5,0.9
2022-11-10T17:00:00,3416A,119.1755,36.7149,潍坊市,潍坊学院,,,,72,,38,96,89,77,77,,28,5,5,0.6,0.8
2022-11-10T17:00:00,3417A,117.0709,40.1465,北京市,平谷新城,细颗粒物(PM2.5),95,86,129,71,94,112,103,86,86,13,25,3,2,0.9,0.7
2022-11-10T17:00:00,3418A,116.8336,40.4095,北京市,密云新城,细颗粒物(PM2.5),82,68,85,60,67,100,96,79,79,19,12,2,2,0.6,0.5
2022-11-10T17:00:00,3419A,109.9447,40.6261,包头市,包头市委党校,细颗粒物(PM2.5),77,72,96,56,71,82,72,50,50,33,48,11,35,0.9,1.3
2022-11-10T17:00:00,3421A,113.1775,40.9779,乌兰察布市,市委党校,"颗粒物(PM10),细颗粒物(PM2.5)",53,55,57,37,35,24,11,18,18,69,55,14,15,1.7,1.4
2022-11-10T17:00:00,3422A,118.8436,31.9198,南京市,江宁彩虹桥,细颗粒物(PM2.5),67,59,50,48,44,172,167,133,133,37,45,3,4,0.7,0.6
2022-11-10T17:00:00,3423A,119.0138,31.6494,南京市,溧水永阳,,,63,66,,41,165,151,125,125,28,48,,4,0.7,0.8
2022-11-10T17:00:00,3424A,118.879,31.3302,南京市,高淳老职中,,50,50,65,25,45,147,135,122,122,15,39,7,8,0.4,0.7
2022-11-10T17:00:00,3425A,120.624,31.1733,苏州市,越秀幼儿园,细颗粒物(PM2.5),80,56,53,59,36,144,80,100,100,83,43,7,7,0.9,0.8
2022-11-10T17:00:00,3426A,118.8755,33.2894,淮安市,新华书店,颗粒物(PM10),61,71,56,33,28,118,103,81,81,20,27,6,6,0.6,0.6
2022-11-10T17:00:00,3427A,118.8554,32.3578,南京市,六合雄州,颗粒物(PM10),64,77,66,44,36,142,86,84,84,43,54,4,5,0.9,0.8
2022-11-10T17:00:00,3428A,120.3142,31.4753,无锡市,华庄,颗粒物(PM10),62,73,75,42,43,117,61,72,72,66,48,9,10,0.8,0.9
2022-11-10T17:00:00,3429A,119.8598,31.7066,常州市,武进经发区,细颗粒物(PM2.5),113,116,69,85,42,157,118,112,112,77,65,12,8,2.0,0.9
2022-11-10T17:00:00,3430A,119.5826,31.7245,常州市,金坛城区,细颗粒物(PM2.5),97,104,65,72,41,238,159,129,129,45,52,7,6,1.0,0.8
2022-11-10T17:00:00,3431A,120.6505,31.416,苏州市,高铁新城,细颗粒物(PM2.5),52,52,61,36,36,123,100,86,86,34,47,6,6,0.6,0.7
2022-11-10T17:00:00,3432A,120.9348,31.9883,南通市,环境教育馆,颗粒物(PM10),51,51,39,35,28,108,96,78,78,17,37,1,2,0.5,0.4
2022-11-10T17:00:00,3434A,119.2413,34.6539,连云港市,工贸学校,,36,35,31,16,18,114,113,112,94,10,13,4,5,0.5,0.6
2022-11-10T17:00:00,3435A,119.9192,32.4322,泰州市,周山河街区,,,,58,42,41,64,,46,46,23,39,7,7,,0.9
2022-11-10T17:00:00,3436A,120.4279,33.205,盐城市,大丰高级中学,,48,48,45,22,20,117,93,102,86,13,15,5,5,0.4,0.4
2022-11-10T17:00:00,3437A,88.3118,43.3658,乌鲁木齐市,达坂城区环保局,,24,21,10,7,4,74,74,70,68,6,6,2,2,0.3,0.2
2022-11-10T17:00:00,3438A,87.6162,43.8801,乌鲁木齐市,红光山片区,,22,19,8,8,3,75,68,58,58,21,21,1,4,0.3,0.3
2022-11-10T17:00:00,3439A,87.7024,43.8004,乌鲁木齐市,新师大温泉校区,,,,7,,4,94,,70,70,,10,,4,,0.2
2022-11-10T17:00:00,3440A,87.4921,43.8411,乌鲁木齐市,大绿谷,,20,14,6,12,5,63,63,57,57,22,23,7,6,0.8,0.8
2022-11-10T17:00:00,3441A,87.546,44.1912,五家渠市,经开区管委会,,,11,16,,9,61,61,55,48,10,12,8,7,0.3,0.4
2022-11-10T17:00:00,3442A,86.047,44.2331,石河子市,南区管委会,,20,7,7,5,8,65,63,56,52,9,10,8,9,0.7,0.7
2022-11-10T17:00:00,3443A,113.2902,23.5544,广州市,花都梯面,,,80,34,51,20,192,192,131,131,33,22,,3,,0.6
2022-11-10T17:00:00,3444A,116.454,23.2684,汕头市,潮南峡山,,36,34,30,18,16,160,114,117,117,10,12,8,9,0.6,0.6
2022-11-10T17:00:00,3445A,113.7858,23.7478,广州市,从化良口,,45,39,22,25,16,144,144,87,87,14,14,4,3,0.7,0.6
2022-11-10T17:00:00,3446A,113.8051,23.2614,广州市,增城荔城,,46,46,39,29,22,158,147,118,118,20,24,6,6,0.5,0.5
2022-11-10T17:00:00,3447A,114.3551,22.7151,深圳市,坪山,,35,35,44,17,22,156,102,120,120,28,33,6,7,0.7,0.7
2022-11-10T17:00:00,3448A,113.5433,22.1163,珠海市,横琴,,38,32,25,13,21,129,120,92,92,19,18,8,8,0.5,0.5
2022-11-10T17:00:00,3449A,113.05,22.4667,江门市,新会银湖,颗粒物(PM10),57,64,60,32,36,154,132,104,104,25,37,6,6,0.8,0.9
2022-11-10T17:00:00,3450A,111.01,21.5165,茂名市,电白水东,,37,27,31,12,21,133,118,126,117,9,10,7,10,0.6,0.6
2022-11-10T17:00:00,3451A,112.5617,23.2083,肇庆市,鼎湖凤凰,,,,20,,12,33,,29,,,11,,7,,0.6
2022-11-10T17:00:00,3452A,114.6517,22.775,惠州市,大亚湾霞涌,,40,34,34,19,16,143,128,114,114,15,20,6,8,0.1,0.2
2022-11-10T17:00:00,3453A,112.0125,21.8749,阳江市,阳东陶然,,43,43,62,30,42,115,115,101,101,8,29,8,8,0.6,0.8
2022-11-10T17:00:00,3454A,113.3528,22.478,中山市,中山南区,颗粒物(PM10),58,66,44,36,29,156,156,100,100,30,31,2,2,0.5,0.6
2022-11-10T17:00:00,3455A,113.076,23.7198,清远市,清城东城,臭氧1小时,58,59,21,34,14,166,166,97,97,14,14,7,6,0.8,0.7
2022-11-10T17:00:00,3456A,114.289,38.0906,石家庄市,鹿泉一中,细颗粒物(PM2.5),130,126,143,99,101,112,105,98,98,20,35,5,7,0.8,0.8
2022-11-10T17:00:00,3457A,118.4359,39.2762,唐山市,冀东油田职工医院,细颗粒物(PM2.5),129,102,181,98,157,92,63,92,47,24,46,6,8,0.8,1.2
2022-11-10T17:00:00,3458A,114.7895,36.5593,邯郸市,香泉濮院小区,细颗粒物(PM2.5),264,258,240,214,194,45,33,27,27,50,53,7,10,1.5,1.6
2022-11-10T17:00:00,3459A,115.5989,37.5491,衡水市,地表水厂,细颗粒物(PM2.5),245,214,191,195,176,24,10,16,16,54,42,10,10,1.0,1.1
2022-11-10T17:00:00,3460A,117.4067,40.0583,天津市,北环路,细颗粒物(PM2.5),83,72,149,61,115,101,89,84,84,20,24,8,10,1.4,1.4
2022-11-10T17:00:00,3461A,117.3045,39.7169,天津市,建设路,细颗粒物(PM2.5),178,153,210,134,177,102,77,77,77,34,56,10,14,1.5,1.5
2022-11-10T17:00:00,3462A,117.8199,39.3521,天津市,滨水东路,细颗粒物(PM2.5),180,160,194,136,160,32,32,16,16,42,71,8,9,1.8,1.8
2022-11-10T17:00:00,3463A,116.9708,33.591,宿州市,社会福利中心,细颗粒物(PM2.5),119,107,96,90,70,82,75,58,58,23,29,1,2,0.6,0.5
2022-11-10T17:00:00,3464A,117.3803,31.9147,合肥市,高教基地,颗粒物(PM10),59,68,75,22,30,163,142,118,118,27,52,6,5,0.6,0.6
2022-11-10T17:00:00,3465A,118.4781,31.3225,芜湖市,清苑社区,颗粒物(PM10),60,69,65,39,42,166,152,130,130,41,50,10,8,0.8,0.6
2022-11-10T17:00:00,3466A,118.2746,31.2326,芜湖市,扬子职业技术学院,颗粒物(PM10),52,53,64,34,42,157,150,114,114,22,35,7,6,0.6,0.6
2022-11-10T17:00:00,3468A,115.7901,32.8613,阜阳市,市规划展馆,颗粒物(PM10),75,99,97,53,46,164,158,121,121,29,36,13,13,0.7,0.8
2022-11-10T17:00:00,3469A,115.836,32.9183,阜阳市,枣园社区,细颗粒物(PM2.5),65,77,86,47,54,161,143,114,114,37,41,11,11,0.7,0.8
2022-11-10T17:00:00,3470A,118.7724,30.9141,宣城市,夏渡子站,,48,44,62,33,38,146,146,106,106,26,30,5,8,0.5,0.5
2022-11-10T17:00:00,3471A,113.616563,34.86783,郑州市,惠济区政府,细颗粒物(PM2.5),210,173,152,160,142,56,27,26,26,39,52,5,6,1.6,1.2
2022-11-10T17:00:00,3473A,114.2485,34.8306,开封市,技师学院,细颗粒物(PM2.5),250,180,150,200,142,62,14,39,24,38,39,5,7,1.2,0.9
2022-11-10T17:00:00,3474A,114.2617,35.6822,鹤壁市,大新区,细颗粒物(PM2.5),238,163,165,188,168,59,30,18,18,70,54,21,13,1.8,1.6
2022-11-10T17:00:00,3475A,113.9188,35.3045,新乡市,市政府,细颗粒物(PM2.5),258,233,189,208,181,59,40,23,23,38,59,9,9,1.9,1.6
2022-11-10T17:00:00,3476A,113.9135,35.3327,新乡市,河师大,细颗粒物(PM2.5),242,248,248,192,169,46,33,23,23,50,67,12,13,1.9,1.5
2022-11-10T17:00:00,3477A,113.1656,35.2539,焦作市,中站许衡医院(新增191226),细颗粒物(PM2.5),234,234,144,184,112,86,17,62,44,51,36,7,9,2.1,1.4
2022-11-10T17:00:00,3478A,113.9749,33.5664,漯河市,市图书馆,细颗粒物(PM2.5),122,142,165,92,121,134,124,92,92,,79,13,16,0.9,1.1
2022-11-10T17:00:00,3479A,114.0967,33.5906,漯河市,召陵区卫健委,细颗粒物(PM2.5),128,152,177,97,141,146,122,103,103,28,52,14,14,0.7,1
2022-11-10T17:00:00,3480A,129.1368,47.6417,伊春市,美溪镇,颗粒物(PM10),51,51,48,28,38,72,26,41,41,21,12,3,2,1.0,0.9
2022-11-10T17:00:00,3481A,125.141,46.634,大庆市,萨区政府监测点,细颗粒物(PM2.5),185,157,126,139,116,54,38,45,45,52,32,9,8,1.6,1.2
2022-11-10T17:00:00,3482A,107.7541,29.3277,重庆市,芙蓉中路,,42,42,67,23,33,114,114,68,68,8,34,9,15,0.4,0.6
2022-11-10T17:00:00,3483A,108.7661,29.5368,重庆市,西山,,43,32,40,30,34,107,95,86,86,10,28,8,8,0.4,0.5
2022-11-10T17:00:00,3484A,106.2628,29.32,重庆市,行政中心,细颗粒物(PM2.5),80,96,101,59,69,94,76,57,57,32,39,8,10,1.0,1.1
2022-11-10T17:00:00,3485A,107.0944,29.1608,重庆市,高寺路,,50,40,68,35,54,96,74,57,57,34,36,6,9,0.5,0.7
2022-11-10T17:00:00,3486A,124.4036,43.1411,四平市,植物园,细颗粒物(PM2.5),127,136,134,96,94,95,43,68,65,62,63,7,8,0.9,0.9
2022-11-10T17:00:00,3487A,104.2394,30.5319,成都市,车城东七路,细颗粒物(PM2.5),60,65,77,43,58,70,70,34,34,28,37,4,3,0.7,0.8
2022-11-10T17:00:00,3488A,104.3853,30.7453,成都市,青白江技师分院,细颗粒物(PM2.5),99,83,78,74,67,58,46,27,27,25,34,3,4,0.8,0.9
2022-11-10T17:00:00,3489A,104.0789,30.4072,成都市,科学城,细颗粒物(PM2.5),83,77,84,61,62,59,50,31,31,43,38,6,6,0.7,0.8
2022-11-10T17:00:00,3490A,105.3617,28.7703,泸州市,纳溪区环保局,细颗粒物(PM2.5),93,66,97,69,80,93,89,65,65,16,21,7,13,1.0,1
2022-11-10T17:00:00,3491A,104.69,31.5322,绵阳市,西科大附属小学,颗粒物(PM10),59,67,64,41,39,57,57,17,17,16,36,4,4,0.4,0.5
2022-11-10T17:00:00,3492A,104.5648,31.5343,绵阳市,安州区旅游局,颗粒物(PM10),65,80,84,44,44,52,25,19,12,29,27,4,6,0.7,0.8
2022-11-10T17:00:00,3494A,117.1673,36.9782,济南市,济阳区政府,细颗粒物(PM2.5),110,129,129,83,82,95,91,62,62,34,51,16,11,0.8,0.8
2022-11-10T17:00:00,3495A,117.1171,36.63,济南市,锦屏中学,细颗粒物(PM2.5),95,120,77,71,52,115,62,76,76,59,37,14,4,1.0,0.7
2022-11-10T17:00:00,3496A,118.3604,35.1084,临沂市,南坊新区,细颗粒物(PM2.5),89,105,63,66,40,107,92,93,93,35,38,7,7,0.7,0.4
2022-11-10T17:00:00,3498A,118.5055,37.8612,东营市,河口城区,细颗粒物(PM2.5),122,168,138,92,82,106,61,71,71,46,38,9,9,1.1,1
2022-11-10T17:00:00,3500A,116.5814,35.3707,济宁市,北湖一中,细颗粒物(PM2.5),103,99,79,77,67,77,11,36,27,54,39,6,7,0.9,0.8
2022-11-10T17:00:00,3501A,116.8249,35.5593,济宁市,服务中心,细颗粒物(PM2.5),79,62,102,58,72,56,40,31,31,34,46,9,10,1.2,1.3
2022-11-10T17:00:00,3502A,117.1812,36.2275,泰安市,国网新校,,,,,73,72,93,55,65,65,47,31,12,10,1.6,1.2
2022-11-10T17:00:00,3503A,117.0313,36.2018,泰安市,交通技校,细颗粒物(PM2.5),110,100,85,83,75,101,50,82,57,44,23,10,9,1.7,1.1
2022-11-10T17:00:00,3504A,117.0829,36.13,泰安市,山东第一医科大学,颗粒物(PM10),74,97,116,40,56,73,66,61,61,36,45,11,9,1.3,0.9
2022-11-10T17:00:00,3505A,122.1379,37.3414,威海市,临港区管委会,,48,48,40,23,23,110,104,104,100,21,20,2,2,0.4,0.3
2022-11-10T17:00:00,3507A,119.5328,35.4625,日照市,职业技术学院,,48,48,33,27,18,109,74,103,91,29,22,4,4,0.3,0.3
2022-11-10T17:00:00,3511A,116.5652,37.3319,德州市,陵城艺术中心,细颗粒物(PM2.5),103,110,143,77,100,96,95,69,69,28,38,12,10,0.6,0.8
2022-11-10T17:00:00,3512A,116.049,36.4674,聊城市,华润纺织,细颗粒物(PM2.5),152,173,130,116,84,107,36,63,60,44,30,22,26,0.8,0.8
2022-11-10T17:00:00,3513A,116.0445,36.4361,聊城市,九州社区,细颗粒物(PM2.5),132,161,120,100,74,93,42,56,56,37,33,13,20,0.6,0.5
2022-11-10T17:00:00,3514A,117.9378,37.3956,滨州市,中海酒店,细颗粒物(PM2.5),134,156,145,102,95,105,100,58,58,40,75,22,17,1.2,1.2
2022-11-10T17:00:00,3515A,117.9378,37.3553,滨州市,开发区一中,细颗粒物(PM2.5),139,182,164,106,96,128,106,67,67,46,79,23,15,1.2,1.2
2022-11-10T17:00:00,3516A,118.0917,37.694,滨州市,金海六路,细颗粒物(PM2.5),94,109,133,70,85,101,86,71,71,24,57,8,16,0.5,1.9
2022-11-10T17:00:00,3520A,106.3495,38.9836,石嘴山市,妇女儿童医院,细颗粒物(PM2.5),114,94,119,86,95,91,91,51,51,28,40,19,10,1.1,1.2
2022-11-10T17:00:00,3521A,106.7492,39.2069,石嘴山市,石大公路,,50,43,115,35,89,81,74,52,52,18,38,8,7,0.7,1
2022-11-10T17:00:00,3522A,106.2177,35.9959,固原市,原州区十五小,,18,18,38,11,22,32,28,28,25,21,21,1,1,1.1,1
2022-11-10T17:00:00,3523A,106.5105,38.3856,银川市,滨河新区,细颗粒物(PM2.5),89,79,74,66,62,96,96,48,48,32,39,15,13,1.0,0.9
2022-11-10T17:00:00,3524A,108.6116,34.1164,西安市,文体局,细颗粒物(PM2.5),117,104,123,88,114,38,29,31,31,26,31,7,7,1.3,1.4
2022-11-10T17:00:00,3525A,108.6396,34.4078,咸阳市,奥体中心,颗粒物(PM10),141,232,169,92,76,28,9,15,14,57,46,4,4,1.4,1.4
2022-11-10T17:00:00,3526A,119.5189,25.9664,福州市,吴航,,21,20,37,11,22,78,67,68,48,7,18,3,4,0.4,0.5
2022-11-10T17:00:00,3527A,118.0958,24.5688,厦门市,集美中学,颗粒物(PM10),51,51,30,22,13,119,90,89,89,30,22,4,2,0.5,0.4
2022-11-10T17:00:00,3528A,118.1493,24.7245,厦门市,同安二实小,,41,41,21,22,11,112,112,90,90,22,14,9,4,0.4,0.4
2022-11-10T17:00:00,3529A,118.6333,24.9264,泉州市,城华南路,,,,31,,15,96,84,83,83,17,15,,8,0.6,0.5
2022-11-10T17:00:00,3530A,117.6296,24.5314,漳州市,西洋坪路,,41,40,47,21,22,154,130,110,110,17,27,5,7,0.4,0.6
2022-11-10T17:00:00,3531A,110.296,25.1253,桂林市,旅游学院,,26,12,27,12,15,93,83,78,78,8,22,2,11,0.3,0.4
2022-11-10T17:00:00,3532A,110.1945,22.6831,玉林市,玉林师范学院东校区,,35,35,49,19,34,94,80,79,79,16,27,10,23,0.6,0.7
2022-11-10T17:00:00,3533A,110.0527,22.5893,玉林市,福绵环保局,,29,25,58,20,38,94,78,82,82,15,21,8,15,0.6,0.8
2022-11-10T17:00:00,3534A,111.4744,24.4553,贺州市,西湾,,,,34,,23,84,77,77,77,12,24,5,11,,0.9
2022-11-10T17:00:00,3535A,109.1781,23.7297,来宾市,兴宾区政府,,38,34,48,26,29,89,84,75,75,5,15,5,9,0.5,0.6
2022-11-10T17:00:00,3536A,106.8547,27.5919,遵义市,第十二小学,颗粒物(PM10),51,52,53,32,36,108,100,101,101,14,23,9,20,0.7,0.8
2022-11-10T17:00:00,3537A,105.3631,27.3533,毕节市,长征村,,,36,43,,40,115,113,96,96,,12,8,8,,0.5
2022-11-10T17:00:00,3538A,107.5175,26.2978,黔南布依族苗族自治州,沙坝,,32,29,39,9,23,104,100,92,92,7,25,4,4,0.5,0.6
2022-11-10T17:00:00,3539A,110.5111,19.9736,海口市,桂林洋子站,,31,28,24,16,12,107,97,94,94,6,5,5,5,0.5,0.5
2022-11-10T17:00:00,3540A,109.7348,18.3443,三亚市,君悦子站,,23,23,20,8,8,77,70,70,70,2,4,3,3,0.4,0.4
2022-11-10T17:00:00,3541A,109.5726,19.5167,儋州市,第一中学子站,,22,18,26,12,10,75,69,67,67,10,10,3,4,0.4,0.5
2022-11-10T17:00:00,3542A,109.5567,19.5187,儋州市,东坡学校子站,,25,25,27,15,8,74,71,72,70,9,9,3,4,0.5,0.5
2022-11-10T17:00:00,3544A,121.4891,30.925,上海市,奉贤南桥新城,颗粒物(PM10),55,60,55,35,32,133,82,97,97,19,31,6,6,0.8,0.8
2022-11-10T17:00:00,3545A,110.8054,32.8401,十堰市,郧阳区金沙路,细颗粒物(PM2.5),129,111,113,98,92,112,101,76,76,32,28,13,8,1.0,1.1
2022-11-10T17:00:00,3546A,111.4606,30.552,宜昌市,猇亭区张家湾站,细颗粒物(PM2.5),64,69,96,46,71,167,160,132,132,14,29,9,14,0.5,0.7
2022-11-10T17:00:00,3547A,112.1632,31.0138,荆门市,龙泉中学南校,细颗粒物(PM2.5),62,62,107,44,64,181,156,152,152,16,37,9,14,0.6,1.1
2022-11-10T17:00:00,3548A,112.1655,30.3364,荆州市,学苑路,细颗粒物(PM2.5),75,47,106,55,94,184,165,152,152,32,47,11,10,0.8,1.1
2022-11-10T17:00:00,3549A,109.5061,30.3772,恩施土家族苗族自治州,龙凤新区,,50,50,48,32,35,116,100,72,72,11,12,7,6,1.0,1
2022-11-10T17:00:00,3550A,102.7997,24.9786,昆明市,昆明学院,,32,17,38,10,22,104,100,86,86,12,20,7,8,0.4,0.7
2022-11-10T17:00:00,3551A,102.5967,24.6736,昆明市,晋宁区生态环境分局,细颗粒物(PM2.5),77,54,37,56,25,107,99,85,85,8,20,7,7,0.4,1.1
2022-11-10T17:00:00,3552A,102.6678,24.9856,昆明市,云天化总部,,32,11,31,7,20,110,101,88,88,13,30,8,8,0.3,0.5
2022-11-10T17:00:00,3557A,119.9464,30.0494,杭州市,镇二中,,35,35,75,21,44,128,112,92,92,34,55,6,7,0.5,0.8
2022-11-10T17:00:00,3558A,119.7183,30.2367,杭州市,市府大楼,,48,48,57,23,27,138,112,107,107,32,37,9,9,0.5,0.6
2022-11-10T17:00:00,3560A,120.4722,30.0415,绍兴市,柯桥妇保,细颗粒物(PM2.5),69,85,59,50,37,118,110,98,98,47,35,6,4,0.7,0.7
2022-11-10T17:00:00,3561A,120.6985,27.9251,温州市,茶山,,43,43,63,20,33,98,75,75,75,20,35,8,7,0.4,0.5
2022-11-10T17:00:00,3562A,120.4148,30.8538,湖州市,南浔区站,颗粒物(PM10),83,116,73,52,35,196,159,146,146,47,46,6,5,0.7,0.7
2022-11-10T17:00:00,3564A,121.2568,28.6681,台州市,台州科技职业学院,,,,104,,51,67,,84,,,37,,7,,0.7
2022-11-10T17:00:00,3565A,113.1367,40.1122,大同市,云冈站,颗粒物(PM10),51,52,86,23,62,79,79,63,63,18,40,9,18,1.0,1.5
2022-11-10T17:00:00,3566A,113.1186,40.2556,大同市,图书馆,细颗粒物(PM2.5),65,56,92,47,85,75,75,47,47,22,41,7,11,1.1,1.9
2022-11-10T17:00:00,3567A,113.5931,40.0461,大同市,区一中,,46,45,82,32,51,66,63,59,59,12,17,8,12,0.6,0.7
2022-11-10T17:00:00,3568A,113.06,36.0464,长治市,向阳小学,细颗粒物(PM2.5),129,122,101,98,83,96,39,37,29,43,44,12,12,1.5,1.3
2022-11-10T17:00:00,3569A,112.8792,36.3144,长治市,屯留一中,细颗粒物(PM2.5),147,111,93,112,98,106,15,25,25,,38,12,12,1.9,1.5
2022-11-10T17:00:00,3570A,113.235,36.3489,长治市,潞城四中,细颗粒物(PM2.5),149,95,102,114,108,93,37,34,34,40,47,7,7,2.6,1.5
2022-11-10T17:00:00,3571A,112.2931,39.53,朔州市,一水厂,细颗粒物(PM2.5),120,155,158,91,84,101,92,76,76,34,46,13,22,1.2,1.3
2022-11-10T17:00:00,3572A,114.6419615,37.9001925,石家庄市,栾城区政府,,,,178,,148,29,,22,,,54,,7,,1.4
2022-11-10T17:00:00,3573A,114.8506765,38.0322033,石家庄市,藁城区实验学校,细颗粒物(PM2.5),226,206,167,176,137,64,54,46,46,50,60,11,10,1.0,1
2022-11-10T17:00:00,3574A,114.0504658,38.0591645,石家庄市,井陉矿区区委大楼,细颗粒物(PM2.5),124,110,126,94,105,111,94,79,79,56,68,8,11,0.7,1.1
2022-11-10T17:00:00,3575A,118.09279,39.58089,唐山市,正泰大街热力站,细颗粒物(PM2.5),214,189,174,164,180,37,6,19,19,68,75,6,8,2.3,2.1
2022-11-10T17:00:00,3576A,118.1562,39.8322,唐山市,丰润区政府,细颗粒物(PM2.5),128,113,155,97,131,62,27,48,44,55,51,6,6,2.1,1.7
2022-11-10T17:00:00,3577A,118.43673,39.73809,唐山市,金山小学,细颗粒物(PM2.5),113,123,183,85,145,46,22,33,33,58,71,3,6,1.8,2
2022-11-10T17:00:00,3578A,118.24498,39.66941,唐山市,政府服务中心,细颗粒物(PM2.5),163,144,188,124,165,42,8,22,22,64,73,5,8,1.9,2.2
2022-11-10T17:00:00,3579A,114.50634,36.77178,邯郸市,永年区实验高中,细颗粒物(PM2.5),242,230,205,192,168,80,40,56,56,71,55,6,8,1.1,1.3
2022-11-10T17:00:00,3580A,114.20016,36.44293,邯郸市,峰峰矿区临水派出所,细颗粒物(PM2.5),216,211,205,166,161,73,61,56,56,47,43,10,12,1.2,2.2
2022-11-10T17:00:00,3581A,115.31981,38.95208,保定市,满城区生态环境分局,细颗粒物(PM2.5),94,106,150,70,97,106,96,88,88,36,65,21,20,0.5,0.7
2022-11-10T17:00:00,3582A,115.47694,38.76408,保定市,清苑区第二中学,细颗粒物(PM2.5),112,99,149,84,110,114,105,90,90,36,58,11,13,0.6,0.8
2022-11-10T17:00:00,3583A,115.62909,39.02311,保定市,徐水物探局,细颗粒物(PM2.5),92,79,126,68,99,103,87,76,76,39,64,10,12,0.7,0.9
2022-11-10T17:00:00,3590A,113.8374,34.5589,郑州市,北区建设指挥部,细颗粒物(PM2.5),98,101,102,73,86,86,46,62,62,30,47,6,7,1.3,1.2
2022-11-10T17:00:00,3591A,113.30952,34.803229,郑州市,上街区政府,细颗粒物(PM2.5),124,152,159,94,117,56,34,31,31,31,42,6,8,1.2,1.1
2022-11-10T17:00:00,3592A,114.4644,34.7556,开封市,祥符区生态环境局,细颗粒物(PM2.5),79,76,131,58,95,77,31,25,25,40,53,17,12,0.8,0.8
2022-11-10T17:00:00,3593A,112.5736,34.8993,洛阳市,吉利监测站,细颗粒物(PM2.5),224,164,157,174,143,81,49,48,48,30,35,3,4,1.2,1.1
2022-11-10T17:00:00,3594A,112.8867,33.9116,平顶山市,石龙区,细颗粒物(PM2.5),138,131,209,105,159,117,95,86,86,24,65,6,10,0.7,1.1
2022-11-10T17:00:00,3596A,114.1572,35.9603,鹤壁市,南山宾馆,,,,212,,189,16,,27,,,63,,18,,1.7
2022-11-10T17:00:00,3597A,113.8134,34.1251,许昌市,建安区兴业大厦,颗粒物(PM10),58,65,124,36,77,105,83,75,75,19,42,7,20,0.7,1.2
2022-11-10T17:00:00,3598A,111.1,34.7167,三门峡市,富达温泉假日酒店,细颗粒物(PM2.5),135,114,134,103,115,95,74,82,82,21,25,8,10,1.3,1.3
2022-11-10T17:00:00,3599A,106.2649,29.9851,重庆市,书院路,细颗粒物(PM2.5),63,61,70,45,60,94,60,42,42,17,27,7,8,0.6,0.6
2022-11-10T17:00:00,3600A,106.2339,29.5559,重庆市,虎峰,细颗粒物(PM2.5),92,86,97,68,73,86,86,60,60,21,31,19,21,0.6,0.7
2022-11-10T17:00:00,3601A,106.0499,29.8342,重庆市,龙门街,细颗粒物(PM2.5),67,69,72,48,63,81,81,57,57,18,26,9,17,0.5,0.6
2022-11-10T17:00:00,3604A,119.3266,35.1044,日照市,岚山环保分局,,41,41,37,20,19,115,103,107,107,19,25,6,5,0.6,0.6
2022-11-10T17:00:00,3605A,109.09,34.5236,西安市,无线电监控中心,细颗粒物(PM2.5),119,144,147,90,80,80,67,55,55,24,43,9,9,1.1,1.1
2022-11-10T17:00:00,3610A,105.5933,29.4105,重庆市,昌元,细颗粒物(PM2.5),59,65,63,42,43,96,93,64,64,18,22,7,8,0.7,0.7
2022-11-10T17:00:00,3612A,85.1045,45.6899,克拉玛依市,白碱滩区新站,,22,22,14,9,6,63,54,61,32,9,13,5,5,0.5,0.5
2022-11-10T17:00:00,3613A,87.3095,44.0142,昌吉州,亚心广场,,12,12,5,4,3,50,15,48,33,9,9,2,3,0.5,0.4
2022-11-10T17:00:00,3614A,79.924,37.0877,和田地区,地区环保局,颗粒物(PM10),148,246,235,37,48,105,101,84,84,,19,3,8,1.0,1.5
2022-11-10T17:00:00,3615A,79.9131,37.113,和田地区,市环保局,颗粒物(PM10),142,233,214,44,43,98,98,79,79,2,19,4,10,0.7,1.2
2022-11-10T17:00:00,3616A,106.7616,31.8344,巴中市,市中心医院,细颗粒物(PM2.5),57,53,49,40,35,37,20,24,24,25,21,4,4,0.9,0.8
2022-11-10T17:00:00,3617A,105.8047,32.4166,广元市,经开区,,46,46,35,32,26,31,4,7,7,36,24,18,8,1.3,0.9
2022-11-10T17:00:00,3618A,112.4701,37.782,太原市,金胜,细颗粒物(PM2.5),107,98,157,80,112,91,69,64,64,43,56,8,11,0.9,1.2
2022-11-10T17:00:00,3619A,113.617,37.8571,阳泉市,龙柱,细颗粒物(PM2.5),135,128,176,103,114,106,91,82,82,59,62,16,18,1.1,1.4
2022-11-10T17:00:00,3620A,112.8271,35.4828,晋城市,泽州一中,细颗粒物(PM2.5),98,85,89,73,68,137,100,72,72,13,25,6,7,0.9,1
2022-11-10T17:00:00,3621A,106.8288,39.6778,乌海市,聚英学校,颗粒物(PM10),61,71,120,41,72,102,39,48,48,47,63,29,22,0.9,1.1
2022-11-10T17:00:00,3622A,113.5556,24.8082,韶关市,碧湖山庄,,37,30,40,16,24,123,118,86,86,10,15,11,12,0.6,0.6
2022-11-10T17:00:00,3623A,113.8953,22.5861,深圳市,西乡,臭氧1小时,120,93,59,48,30,250,239,141,141,44,40,7,6,0.7,0.6
2022-11-10T17:00:00,3624A,116.4069,23.2533,汕头市,潮南子站,,43,43,35,22,23,164,116,122,122,13,13,9,8,0.9,0.7
2022-11-10T17:00:00,3625A,113.2544,22.7642,佛山市,容桂街道办,臭氧1小时,87,67,76,41,49,189,189,110,110,35,71,4,6,1.0,1.4
2022-11-10T17:00:00,3626A,113.7533,23.0202,东莞市,南城元岭,臭氧1小时,82,100,84,59,48,214,185,143,143,45,61,14,11,0.9,1.1
2022-11-10T17:00:00,3627A,113.7875,23.0457,东莞市,东城主山,臭氧1小时,113,75,79,45,48,236,226,162,162,34,58,13,11,0.8,1.1
2022-11-10T17:00:00,3628A,112.0336,22.9374,云浮市,文笔,,30,30,54,13,19,94,91,69,69,8,19,7,10,0.5,0.8
2022-11-10T17:00:00,3629A,101.8305,36.5786,西宁市,世纪职校,颗粒物(PM10),55,59,69,32,42,130,117,88,88,26,33,15,16,0.9,1.1
2022-11-10T17:00:00,3630A,101.7413,36.6397,西宁市,师大城西校区,"颗粒物(PM10),细颗粒物(PM2.5)",58,65,75,41,51,124,115,86,86,13,36,13,14,0.7,1.2
2022-11-10T17:00:00,3631A,114.6063,38.0266,石家庄市,高新区,,,,,,,,,,,,,,,,
2022-11-10T17:00:00,3633A,118.4918,31.6809,马鞍山市,雨山,颗粒物(PM10),53,56,58,27,39,167,150,131,131,25,36,9,10,0.8,0.8
2022-11-10T17:00:00,3634A,116.9884,33.6305,宿州市,宿州学院,细颗粒物(PM2.5),102,118,100,76,63,78,70,53,53,23,30,2,2,0.7,0.5
2022-11-10T17:00:00,3635A,112.3677,34.662,洛阳市,河科大西苑校区,细颗粒物(PM2.5),165,176,187,125,145,105,57,41,41,32,49,7,8,1.0,1.2
2022-11-10T17:00:00,3636A,112.4388,34.6781,洛阳市,英才小学,细颗粒物(PM2.5),186,128,173,140,168,90,48,30,30,36,47,7,7,0.9,1.1
2022-11-10T17:00:00,3637A,131.0176,45.7761,七台河市,人民广场,,34,34,75,15,44,51,11,30,30,35,33,8,15,0.5,0.6
2022-11-10T17:00:00,3638A,104.7636,29.3338,自贡市,轻化工大学,颗粒物(PM10),61,72,79,41,62,87,87,52,52,11,22,4,5,0.6,0.7
2022-11-10T17:00:00,3639A,104.4019,31.1244,德阳市,市教育局,颗粒物(PM10),60,69,75,35,38,59,59,23,23,17,41,7,7,0.7,0.9
2022-11-10T17:00:00,3642A,120.3503,36.0736,青岛市,市北区南部,,34,33,29,19,18,110,106,104,102,18,24,3,4,0.6,0.5
2022-11-10T17:00:00,3643A,120.3948,36.1805,青岛市,李沧区北部,,41,41,39,19,22,101,98,95,95,21,29,6,7,0.4,0.5
2022-11-10T17:00:00,3644A,117.8661,36.805,淄博市,三金集团,细颗粒物(PM2.5),113,143,127,85,81,103,78,82,82,55,47,15,12,,0.9
2022-11-10T17:00:00,3645A,118.0253,36.8406,淄博市,东风化工厂,细颗粒物(PM2.5),112,127,120,84,86,102,92,85,85,38,61,10,9,0.9,1.1
2022-11-10T17:00:00,3646A,118.4978,37.4623,东营市,胜利站,细颗粒物(PM2.5),119,109,82,90,72,84,82,63,63,50,47,17,16,1.1,1.1
2022-11-10T17:00:00,3647A,115.4702,35.2706,菏泽市,菏泽医专,细颗粒物(PM2.5),103,72,112,77,94,90,18,54,20,45,40,5,7,0.7,0.8
2022-11-10T17:00:00,3648A,106.2112,37.9768,吴忠市,文卫南街,细颗粒物(PM2.5),85,99,90,63,57,97,97,62,62,16,29,8,10,0.7,0.8
2022-11-10T17:00:00,3650A,105.1698,37.5162,中卫市,沙坡头区政府站,细颗粒物(PM2.5),104,120,99,78,64,76,74,52,52,18,27,6,6,0.6,0.7
2022-11-10T17:00:00,3651A,108.9543,34.8732,铜川市,旺旺集团,颗粒物(PM10),97,144,144,67,67,84,59,58,58,42,39,5,5,1.0,1
2022-11-10T17:00:00,3652A,109.4809,36.5786,延安市,西北局旧址,细颗粒物(PM2.5),64,66,60,46,42,54,37,30,30,35,40,6,10,1.1,1
2022-11-10T17:00:00,3653A,111.3119,30.7273,宜昌市,云深路,细颗粒物(PM2.5),75,86,82,55,50,181,168,138,138,26,26,8,7,0.7,0.6
2022-11-10T17:00:00,3654A,114.8094,30.4089,鄂州市,精准医疗中心,颗粒物(PM10),61,71,105,23,51,176,137,149,149,27,73,8,21,0.4,1
2022-11-10T17:00:00,3655A,114.3375,29.8683,咸宁市,长江产业园,颗粒物(PM10),52,53,59,29,35,146,146,123,123,16,26,11,10,0.6,0.6
2022-11-10T17:00:00,3656A,120.1556,30.2864,杭州市,消防大队,颗粒物(PM10),54,58,74,31,40,108,100,87,87,49,67,6,7,0.5,0.8
2022-11-10T17:00:00,3658A,120.6153,30.0764,绍兴市,袍江中学,,44,44,75,21,38,138,87,107,107,38,56,6,6,0.5,0.8
2022-11-10T17:00:00,3659A,119.656,29.1131,金华市,气象局,颗粒物(PM10),51,52,84,21,41,128,87,91,91,21,58,5,7,0.5,0.7
2022-11-10T17:00:00,3661A,112.5667,37.8875,太原市,坝陵桥,,,,,,,,,,,,,,,,
2022-11-10T17:00:00,3662A,123.6333,47.2075,齐齐哈尔市,富区青少年活动中心,颗粒物(PM10),52,53,40,22,14,57,50,49,49,12,12,5,7,0.4,0.4
2022-11-10T17:00:00,3663A,124.1164,50.4278,大兴安岭地区,红旗社区,,13,3,18,4,15,40,22,31,31,26,17,24,8,0.4,0.4
2022-11-10T17:00:00,3664A,119.4172,34.7341,连云港市,连云街道,,33,33,36,16,19,116,104,116,81,12,23,4,4,0.5,0.5
2022-11-10T17:00:00,3665A,76.1658,39.7157,克孜勒苏柯尔克孜自治州,克州文化中心,颗粒物(PM10),52,54,41,12,7,106,82,94,71,4,6,9,9,1.0,1
2022-11-10T17:00:00,3667A,111.0283,35.0547,运城市,水利职院,细颗粒物(PM2.5),147,146,164,112,124,119,119,95,95,15,24,6,8,0.9,1.3
2022-11-10T17:00:00,3668A,111.5036,36.0414,临汾市,城南,细颗粒物(PM2.5),135,149,121,103,89,42,39,30,30,44,48,11,8,1.2,1.2
2022-11-10T17:00:00,3669A,114.4705,36.0637,安阳市,左辅环卫站,细颗粒物(PM2.5),258,218,213,208,191,63,33,28,28,61,53,14,11,1.3,1.7
2022-11-10T17:00:00,3670A,111.0522,35.0439,运城市,禹都公园,,,139,158,,95,116,114,89,89,15,25,8,10,0.9,1.2
2022-11-10T17:00:00,3671A,116.088,39.9726,北京市,门头沟三家店,细颗粒物(PM2.5),85,73,101,63,74,93,84,74,74,32,41,1,2,0.7,0.6
2022-11-10T17:00:00,3672A,116.1541,39.8204,北京市,丰台云岗,细颗粒物(PM2.5),118,105,121,89,86,104,102,76,76,27,52,3,3,0.7,0.6
2022-11-10T17:00:00,3673A,116.6804,39.9081,北京市,通州东关,细颗粒物(PM2.5),123,121,144,93,103,111,86,78,78,30,52,3,3,0.9,0.8
2022-11-10T17:00:00,3674A,115.9577,39.7603,北京市,房山燕山,细颗粒物(PM2.5),99,97,114,74,82,114,100,91,91,25,44,2,2,0.7,0.7
2022-11-10T17:00:00,3675A,116.4672,39.7733,北京市,大兴旧宫,细颗粒物(PM2.5),128,107,132,97,107,106,99,81,81,22,50,1,2,0.9,0.8
2022-11-10T17:00:00,3676A,113.2802,40.0995,大同市,第二人民医院,,35,35,74,21,64,83,75,65,65,20,26,8,14,0.9,1.3
2022-11-10T17:00:00,3677A,98.5881,24.4368,德宏州,芒市人民政府综合楼,,29,27,28,11,19,93,91,72,72,11,13,20,13,0.4,0.4
2022-11-10T17:00:00,3678A,116.5907,35.4054,济宁市,市第七中学,细颗粒物(PM2.5),92,89,78,68,68,73,28,39,30,38,38,7,9,0.7,0.7
2022-11-10T17:00:00,3682A,116.9814,36.6819,济南市,济南四建,颗粒物(PM10),74,97,121,51,76,105,49,36,36,62,90,6,6,0.7,1.3
2022-11-10T17:00:00,3683A,109.8331,40.6576,包头市,昆区政府,细颗粒物(PM2.5),105,74,95,79,91,66,60,35,35,40,49,10,32,1.1,1.4
2022-11-10T17:00:00,3684A,130.8781,45.8222,七台河市,新建矿广场,颗粒物(PM10),98,146,85,21,39,58,15,36,36,33,24,15,16,0.6,0.7
2022-11-10T17:00:00,3685A,117.897,28.4315,上饶市,双创科技城,,28,23,64,12,32,116,88,93,93,7,26,10,21,0.4,0.7
2022-11-10T17:00:00,3689A,113.9003,35.372,新乡市,行政服务中心,细颗粒物(PM2.5),228,234,223,178,158,45,36,20,20,35,51,16,9,1.7,1.3
2022-11-10T17:00:00,3690A,115.9721,28.7031,南昌市,外国语学校,,36,34,80,25,50,137,113,111,111,11,37,7,11,0.5,0.8
2022-11-10T17:00:00,3692A,118.2059,39.6585,唐山市,消防缸窑路中队,细颗粒物(PM2.5),170,140,203,129,157,38,11,20,20,50,63,4,7,1.8,2.2
2022-11-10T17:00:00,3693A,118.1436,39.6202,唐山市,路南电大,细颗粒物(PM2.5),143,165,168,109,136,38,9,20,20,59,66,4,5,2.2,2.1
2022-11-10T17:00:00,3694A,115.986,40.4563,北京市,延庆石河营,细颗粒物(PM2.5),79,68,103,58,78,82,75,55,55,22,29,2,1,0.5,0.8
2022-11-10T17:00:00,3695A,116.6151,40.3053,北京市,怀柔新城,细颗粒物(PM2.5),97,78,85,72,67,102,97,77,77,26,21,1,2,0.8,0.5
2022-11-10T17:00:00,3696A,116.2545,39.8768,北京市,丰台小屯,细颗粒物(PM2.5),105,98,114,79,79,104,95,74,74,27,51,1,2,0.7,0.7
2022-11-10T17:00:00,3697A,116.84,40.3844,北京市,密云镇,细颗粒物(PM2.5),84,74,93,62,68,92,88,72,72,18,24,3,3,0.7,0.6
2022-11-10T17:00:00,3698A,111.5968,40.8178,呼和浩特市,红旗小学,,,39,42,,43,72,71,39,39,,43,,,0.8,0.9
2022-11-10T17:00:00,3699A,111.6518,40.8389,呼和浩特市,海东办,细颗粒物(PM2.5),60,41,39,43,41,75,75,46,46,23,47,10,11,0.8,1
2022-11-10T17:00:00,3700A,103.0456,29.9956,雅安市,康养中心(对照点),细颗粒物(PM2.5),83,89,60,61,43,63,48,48,41,22,17,6,6,0.8,0.7
2022-11-10T17:00:00,3701A,116.9648,33.6252,宿州市,皖北煤电集团,细颗粒物(PM2.5),95,94,76,71,62,76,71,51,51,23,30,2,2,0.7,0.5
2022-11-10T17:00:00,3703A,114.2917,36.0949,安阳市,安钢职工学校,细颗粒物(PM2.5),239,247,230,189,176,41,33,30,30,67,52,19,15,1.9,1.6
2022-11-10T17:00:00,3706A,122.2584,43.6333,通辽市,老干部活动中心,细颗粒物(PM2.5),188,195,125,141,76,128,90,99,99,36,30,10,8,0.5,0.3
2022-11-10T17:00:00,3707A,131.0207,45.3073,鸡西市,欧美日汽修厂,颗粒物(PM10),62,73,90,28,47,55,7,33,32,38,27,19,10,0.4,0.6
2022-11-10T17:00:00,3708A,122.2922,43.6189,通辽市,东方明珠社区,细颗粒物(PM2.5),214,219,137,164,99,119,78,94,94,54,38,13,15,0.9,0.6
2022-11-10T17:00:00,3709A,130.9967,45.3106,鸡西市,市政设施管理处,,38,38,76,21,46,58,10,34,33,41,32,7,8,0.4,0.5
2022-11-10T17:00:00,3710A,121.5594,29.8975,宁波市,白沙活动中心,颗粒物(PM10),54,58,49,34,27,98,35,66,66,72,41,6,8,0.8,0.7
2022-11-10T17:00:00,3713A,124.3419,43.1666,四平市,世纪城,细颗粒物(PM2.5),114,124,115,86,86,92,75,63,63,50,55,12,12,1.0,1
2022-11-10T17:00:00,3715A,117.3092,32.9314,蚌埠市,蚌埠田家炳中学,颗粒物(PM10),72,93,101,51,58,130,93,78,78,27,35,8,13,0.6,0.6
2022-11-10T17:00:00,3719A,97.1714,31.1406,昌都市,昌都会议中心,,27,11,20,0,7,88,86,71,71,3,11,4,4,0.2,0.3
2022-11-10T17:00:00,3726A,88.8781,29.2426,日喀则市,林业技术推广中心,,32,20,15,0,3,108,100,87,87,6,5,3,4,0.4,0.4
2022-11-10T17:00:00,3728A,104.68,28.8071,宜宾市,白酒学院,细颗粒物(PM2.5),113,99,99,85,81,79,70,47,47,13,25,8,8,0.8,0.8
2022-11-10T17:00:00,3734A,118.35,37.26,东营市,理想之城,细颗粒物(PM2.5),107,149,116,80,67,88,73,60,60,63,60,15,11,1.1,1
2022-11-10T17:00:00,3860A,118.3920,35.0300,临沂市,皇山花园小区,细颗粒物(PM2.5),88,102,67,65,48,103,86,88,88,35,39,6,5,1.1,0.8
2022-11-10T17:00:00,3861A,119.2041,36.7699,潍坊市,寒亭区实验一小,,,48,73,22,50,99,90,84,84,,36,6,8,0.5,0.8
2022-11-10T17:00:00,3866A,122.2469,40.66302,营口市,三高中,细颗粒物(PM2.5),92,86,127,68,94,115,41,110,66,55,33,5,6,1.0,1
2022-11-10T17:00:00,3867A,102.0738,36.5056,海东地区,平安区公安北苑,颗粒物(PM10),59,67,79,41,54,130,112,84,84,24,26,20,19,0.6,0.7
2022-11-10T17:00:00,3981A,113.2449,35.1803,焦作市,原李万街道办（启用20220628）,细颗粒物(PM2.5),260,267,186,210,150,54,29,44,35,35,45,3,6,1.9,1.3
2022-11-10T17:00:00,4004A,115.4202,38.8656,保定市,双鹰农机,细颗粒物(PM2.5),104,126,126,78,109,100,84,81,81,53,70,7,10,0.8,1
2022-11-10T17:00:00,1001A,116.3621,39.8784,北京市,万寿西宫,细颗粒物(PM2.5),115,104,113,87,88,95,91,76,76,30,49,1,2,0.9,0.8
2022-11-10T17:00:00,1002A,116.2202,40.2915,北京市,定陵(对照点),细颗粒物(PM2.5),72,72,97,52,65,101,94,72,72,12,20,3,2,0.6,0.6
2022-11-10T17:00:00,1003A,116.4174,39.9289,北京市,东四,细颗粒物(PM2.5),123,108,118,93,95,97,94,81,81,26,35,2,3,0.7,0.7
2022-11-10T17:00:00,1004A,116.4072,39.8863,北京市,天坛,细颗粒物(PM2.5),117,104,108,88,84,100,100,82,82,23,37,2,2,0.9,0.8
2022-11-10T17:00:00,1005A,116.462,39.9365,北京市,农展馆,细颗粒物(PM2.5),102,84,105,76,80,106,95,83,83,29,49,3,3,0.9,0.8
2022-11-10T17:00:00,1006A,116.3392,39.9295,北京市,官园,细颗粒物(PM2.5),108,98,112,81,82,105,96,77,77,26,49,3,3,0.8,0.8
2022-11-10T17:00:00,1007A,116.2878,39.9611,北京市,海淀万柳,细颗粒物(PM2.5),105,98,110,79,76,99,89,66,66,31,58,2,2,0.7,0.7
2022-11-10T17:00:00,1008A,116.6636,40.135,北京市,顺义新城,细颗粒物(PM2.5),113,98,111,85,82,108,98,82,82,21,28,1,3,0.9,0.7
2022-11-10T17:00:00,1009A,116.6275,40.3275,北京市,怀柔镇,细颗粒物(PM2.5),85,78,89,63,66,89,87,66,66,38,27,1,2,0.7,0.6
2022-11-10T17:00:00,1010A,116.2296,40.217,北京市,昌平镇,细颗粒物(PM2.5),68,62,103,49,75,94,93,62,62,18,35,2,2,0.5,0.7
2022-11-10T17:00:00,1011A,116.3966,39.9821,北京市,奥体中心,细颗粒物(PM2.5),107,99,111,80,80,96,80,73,73,36,50,2,2,0.9,0.7
2022-11-10T17:00:00,1012A,116.184,39.9136,北京市,古城,细颗粒物(PM2.5),109,109,117,82,77,96,90,66,66,29,56,1,2,0.9,0.8
2022-11-10T17:00:00,1015A,117.1444,39.1661,天津市,勤俭道,细颗粒物(PM2.5),222,207,247,172,200,84,47,60,60,41,58,6,8,1.5,1.5
2022-11-10T17:00:00,1017A,117.237,39.1082,天津市,大直沽八号路,细颗粒物(PM2.5),220,190,233,170,191,59,42,42,42,47,68,6,6,1.9,1.5
2022-11-10T17:00:00,1018A,117.202,39.0927,天津市,前进道,细颗粒物(PM2.5),204,188,228,154,189,66,50,49,49,48,65,8,8,1.6,1.3
2022-11-10T17:00:00,1019A,117.1837,39.2133,天津市,淮河道,细颗粒物(PM2.5),226,223,263,176,197,89,48,66,66,48,65,8,9,1.6,1.5
2022-11-10T17:00:00,1021A,117.307,39.0877,天津市,跃进路,细颗粒物(PM2.5),229,223,257,179,188,66,22,40,40,64,65,9,8,2.4,1.5
2022-11-10T17:00:00,1023A,117.707,39.0343,天津市,第四大街,细颗粒物(PM2.5),238,226,223,188,180,40,1,20,20,72,76,6,6,2.1,1.7
2022-11-10T17:00:00,1024A,117.457,38.8394,天津市,永明路,细颗粒物(PM2.5),223,218,214,173,179,54,9,54,22,75,71,11,8,2.4,1.5
2022-11-10T17:00:00,1026A,117.764,39.1587,天津市,汉北路,细颗粒物(PM2.5),226,212,205,176,171,55,15,26,17,51,60,9,8,1.8,1.7
2022-11-10T17:00:00,1027A,117.157,38.9194,天津市,团泊洼(对照点),细颗粒物(PM2.5),152,206,238,116,117,57,33,35,35,47,59,8,7,2.3,1.9
2022-11-10T17:00:00,1029A,114.4422,38.0444,石家庄市,职工医院,细颗粒物(PM2.5),160,163,147,122,116,123,112,97,97,28,57,8,8,0.9,0.8
2022-11-10T17:00:00,1030A,114.6063,38.0266,石家庄市,高新区,细颗粒物(PM2.5),182,178,167,137,123,126,112,94,94,,56,6,6,,1.2
2022-11-10T17:00:00,1031A,114.4898,38.1328,石家庄市,西北水源,细颗粒物(PM2.5),156,150,165,119,117,118,113,96,96,19,60,9,8,1.2,1
2022-11-10T17:00:00,1032A,114.4586,38.0058,石家庄市,西南高教,细颗粒物(PM2.5),182,158,150,137,124,122,114,95,95,27,61,7,7,1.0,0.9
2022-11-10T17:00:00,1033A,114.5331,38.0178,石家庄市,世纪公园,细颗粒物(PM2.5),170,156,159,129,118,110,98,86,86,26,59,7,7,1.3,1.3
2022-11-10T17:00:00,1034A,114.509,38.0457,石家庄市,人民会堂,细颗粒物(PM2.5),175,146,97,132,83,127,117,114,114,23,34,6,23,1.1,0.9
2022-11-10T17:00:00,1035A,114.3524,37.8911,石家庄市,封龙山(对照点),细颗粒物(PM2.5),142,133,147,108,111,115,114,99,99,35,39,,,1.1,1.3
2022-11-10T17:00:00,1037A,118.131,39.6363,唐山市,雷达站,细颗粒物(PM2.5),213,198,204,163,182,46,9,24,23,62,70,3,5,2.6,2.1
2022-11-10T17:00:00,1038A,118.1725,39.6334,唐山市,物资局,细颗粒物(PM2.5),182,175,197,137,169,40,6,22,22,63,81,6,10,2.3,2.2
2022-11-10T17:00:00,1040A,118.1705,39.6506,唐山市,十二中,细颗粒物(PM2.5),198,183,187,148,157,30,5,16,16,64,78,4,6,2.2,2.1
2022-11-10T17:00:00,1041A,118.1869,39.622,唐山市,小山,细颗粒物(PM2.5),186,179,198,140,175,35,5,16,16,64,73,5,8,2.3,2.2
2022-11-10T17:00:00,1042A,119.5134,39.8207,秦皇岛市,北戴河环保局,细颗粒物(PM2.5),125,100,106,95,99,91,61,80,78,26,28,5,5,0.6,0.7
2022-11-10T17:00:00,1043A,119.7493,40.0116,秦皇岛市,第一关,细颗粒物(PM2.5),150,127,124,115,101,99,14,81,49,67,55,6,7,1.1,1.1
2022-11-10T17:00:00,1044A,119.5897,39.9499,秦皇岛市,监测站,细颗粒物(PM2.5),147,129,119,112,105,78,33,72,42,47,44,6,8,0.9,1.1
2022-11-10T17:00:00,1046A,119.5251,39.9041,秦皇岛市,建设大厦,细颗粒物(PM2.5),107,93,124,80,94,102,56,79,49,42,48,5,7,0.9,1.2
2022-11-10T17:00:00,1047A,114.5129,36.61763,邯郸市,环保局,,,,,,,,,,,,,,,,
2022-11-10T17:00:00,1048A,114.5302,36.6116,邯郸市,东污水处理厂,细颗粒物(PM2.5),251,226,199,201,176,48,28,32,32,76,58,6,8,1.1,1.4
2022-11-10T17:00:00,1049A,114.4918,36.5713,邯郸市,矿院,细颗粒物(PM2.5),252,218,207,202,193,56,44,44,44,68,63,9,10,1.3,1.7
2022-11-10T17:00:00,1050A,114.484,36.6133,邯郸市,丛台公园,细颗粒物(PM2.5),241,226,203,191,173,62,42,45,45,59,48,8,10,0.9,1.2
2022-11-10T17:00:00,1051A,115.493,38.8632,保定市,游泳馆,细颗粒物(PM2.5),109,98,129,82,110,104,100,83,83,32,65,8,9,0.1,0.3
2022-11-10T17:00:00,1052A,115.5213,38.8959,保定市,华电二区,细颗粒物(PM2.5),108,75,124,81,106,101,96,79,79,44,78,6,8,0.9,1.1
2022-11-10T17:00:00,1053A,115.4713,38.9108,保定市,接待中心,细颗粒物(PM2.5),80,92,137,59,93,96,93,77,77,26,62,5,7,0.7,0.8
2022-11-10T17:00:00,1054A,115.4612,38.8416,保定市,地表水厂,颗粒物(PM10),89,128,145,63,89,91,85,77,77,36,69,7,9,0.6,0.8
2022-11-10T17:00:00,1055A,115.4323,38.8697,保定市,胶片厂,,,,,,,,,,,,,,,,
2022-11-10T17:00:00,1056A,115.5086,38.8639,保定市,监测站,细颗粒物(PM2.5),112,98,137,84,109,106,94,81,81,47,68,7,7,0.6,0.8
2022-11-10T17:00:00,1057A,114.8883,40.8336,张家口市,人民公园,细颗粒物(PM2.5),58,39,47,41,39,98,98,76,76,22,26,10,7,0.5,0.6
2022-11-10T17:00:00,1059A,114.8687,40.8042,张家口市,五金库,细颗粒物(PM2.5),62,49,43,44,43,88,71,66,66,31,27,11,10,0.6,0.7
2022-11-10T17:00:00,1060A,114.8902,40.762,张家口市,世纪豪园,细颗粒物(PM2.5),63,62,64,45,53,93,75,69,69,31,30,6,4,0.9,1
2022-11-10T17:00:00,1061A,114.8916,40.8661,张家口市,北泵房(对照点),细颗粒物(PM2.5),53,53,51,37,44,100,100,78,78,26,30,10,11,0.9,1.1
2022-11-10T17:00:00,1062A,117.9531,40.9081,承德市,铁路,细颗粒物(PM2.5),100,119,111,75,73,38,19,25,25,64,62,9,10,0.8,1
2022-11-10T17:00:00,1063A,117.9392,40.9763,承德市,中国银行,细颗粒物(PM2.5),108,103,97,81,76,42,36,34,34,50,55,7,5,0.8,1
2022-11-10T17:00:00,1064A,117.9503,40.928,承德市,开发区,,,97,94,,70,41,34,32,32,54,60,9,8,1.0,1.1
2022-11-10T17:00:00,1065A,117.8051,40.9655,承德市,文化中心,细颗粒物(PM2.5),104,96,114,78,94,72,72,44,44,29,46,7,6,0.8,1.1
2022-11-10T17:00:00,1066A,117.9268,41.0026,承德市,离宫(对照点),细颗粒物(PM2.5),102,102,89,76,73,49,7,28,27,33,42,7,8,0.8,1
2022-11-10T17:00:00,1067A,116.6708,39.5111,廊坊市,药材公司,细颗粒物(PM2.5),186,170,168,140,122,120,103,88,88,33,62,8,10,1.3,1
2022-11-10T17:00:00,1068A,116.7214,39.5589,廊坊市,开发区,细颗粒物(PM2.5),199,165,150,149,122,120,100,87,87,42,74,8,9,1.4,1
2022-11-10T17:00:00,1070A,116.7244,39.5269,廊坊市,北华航天学院,细颗粒物(PM2.5),214,176,171,164,134,115,99,86,86,41,73,6,7,1.3,1
2022-11-10T17:00:00,1071A,116.8842,38.2991,沧州市,沧县城建局,细颗粒物(PM2.5),281,219,215,231,208,45,43,26,26,52,74,6,7,1.9,1.5
2022-11-10T17:00:00,1072A,116.8584,38.3254,沧州市,电视转播站,细颗粒物(PM2.5),251,238,226,201,189,62,54,30,30,41,56,6,7,1.8,1.4
2022-11-10T17:00:00,1073A,116.8709,38.3228,沧州市,市环保局,细颗粒物(PM2.5),258,224,228,208,193,64,56,34,34,43,60,7,10,1.8,1.5
2022-11-10T17:00:00,1074A,115.6838,37.7541,衡水市,电机北厂,细颗粒物(PM2.5),266,257,250,216,194,34,24,17,17,58,57,12,13,1.1,1.1
2022-11-10T17:00:00,1075A,115.6303,37.7316,衡水市,市监测站,细颗粒物(PM2.5),268,,260,218,202,25,10,16,16,70,57,5,6,,1.4
2022-11-10T17:00:00,1077A,114.4704,37.0886,邢台市,达活泉,细颗粒物(PM2.5),258,225,179,208,159,94,85,74,74,36,57,7,8,1.4,1.3
2022-11-10T17:00:00,1078A,114.5062,37.0349,邢台市,邢师高专,细颗粒物(PM2.5),255,188,160,205,164,87,83,71,71,30,46,,7,1.4,1.2
2022-11-10T17:00:00,1079A,114.5237,37.0851,邢台市,路桥公司,细颗粒物(PM2.5),245,231,196,195,158,97,89,78,78,30,48,7,7,1.4,1.3
2022-11-10T17:00:00,1080A,114.4725,37.0719,邢台市,市环保局,细颗粒物(PM2.5),250,222,184,200,155,91,80,73,73,34,55,7,9,1.3,1.2
2022-11-10T17:00:00,1081A,112.5139,37.8873,太原市,尖草坪,细颗粒物(PM2.5),132,135,163,100,126,74,60,52,52,55,61,16,14,1.6,1.5
2022-11-10T17:00:00,1083A,112.434,38.0108,太原市,上兰(对照点),,,,,,,,,,,,,,,,
2022-11-10T17:00:00,1084A,112.469,37.7124,太原市,晋源,细颗粒物(PM2.5),102,104,160,76,114,87,67,62,62,44,58,10,15,1.1,1.3
2022-11-10T17:00:00,1085A,112.5583,37.7394,太原市,小店,细颗粒物(PM2.5),128,131,176,97,132,77,40,55,55,69,57,9,13,1.2,1.7
2022-11-10T17:00:00,1086A,112.5369,37.8692,太原市,桃园,细颗粒物(PM2.5),134,129,159,102,123,67,56,50,50,53,58,13,13,1.6,1.5
2022-11-10T17:00:00,1087A,112.57,37.8195,太原市,坞城,细颗粒物(PM2.5),122,115,152,92,122,80,60,62,62,48,53,10,13,1.2,1.3
2022-11-10T17:00:00,1088A,112.549,37.9854,太原市,南寨,细颗粒物(PM2.5),112,106,162,84,105,94,68,71,71,42,52,5,8,1.0,1.3
2022-11-10T17:00:00,1089A,112.4701,37.782,太原市,金胜,,,,,,,,,,,,,,,,
2022-11-10T17:00:00,1090A,111.6507,40.7517,呼和浩特市,呼市一监,,,34,36,40,40,16,12,10,10,,,7,6,1.1,1.3
2022-11-10T17:00:00,1091A,111.6572,40.8033,呼和浩特市,小召,细颗粒物(PM2.5),54,39,35,38,43,86,86,54,54,22,46,17,12,0.7,1
2022-11-10T17:00:00,1094A,111.7516,40.8369,呼和浩特市,如意水处理厂,,39,32,44,27,36,56,56,30,30,23,48,3,4,1.1,1.6
2022-11-10T17:00:00,1095A,111.7276,40.8062,呼和浩特市,二十九中,,43,26,37,30,38,84,82,55,55,16,45,6,8,1.1,1.5
2022-11-10T17:00:00,1096A,111.5512,40.7866,呼和浩特市,工大金川校区,,,,,,,,,,,,,,,,
2022-11-10T17:00:00,1097A,111.717,40.7612,呼和浩特市,化肥厂生活区,,,32,44,31,43,80,78,58,58,,,8,10,0.9,1.3
2022-11-10T17:00:00,1098A,123.6836,41.9339,沈阳市,森林路(对照点),,,,,,,,,,,,,,,,
2022-11-10T17:00:00,1099A,123.505,41.7406,沈阳市,浑南东路,细颗粒物(PM2.5),89,97,116,66,82,104,58,77,77,47,45,9,17,1.3,1.1
2022-11-10T17:00:00,1100A,123.4231,41.6989,沈阳市,新秀街,细颗粒物(PM2.5),102,94,114,76,86,98,33,75,69,65,39,10,26,1.3,1.2
2022-11-10T17:00:00,1102A,123.5903,41.8411,沈阳市,东陵路,细颗粒物(PM2.5),130,124,98,99,89,99,11,67,64,76,43,12,14,1.2,1.2
2022-11-10T17:00:00,1103A,123.4264,41.8467,沈阳市,陵东街,细颗粒物(PM2.5),163,186,142,124,98,92,9,74,50,85,46,12,17,1.3,1.1
2022-11-10T17:00:00,1104A,123.4114,41.7653,沈阳市,文化路,细颗粒物(PM2.5),128,104,114,97,96,95,38,77,65,64,36,13,24,1.4,1.2
2022-11-10T17:00:00,1105A,123.4678,41.7867,沈阳市,小河沿,细颗粒物(PM2.5),133,137,134,101,91,91,29,75,71,74,50,10,12,1.1,1.1
2022-11-10T17:00:00,1106A,123.4017,41.7972,沈阳市,太原街,细颗粒物(PM2.5),155,202,151,118,100,89,8,77,46,86,44,14,19,1.4,1.2
2022-11-10T17:00:00,1108A,123.3783,41.9228,沈阳市,京沈街,细颗粒物(PM2.5),213,194,149,163,126,87,36,71,51,45,36,14,21,1.3,1.1
2022-11-10T17:00:00,1109A,121.612,38.9741,大连市,甘井子,细颗粒物(PM2.5),64,52,96,46,78,89,66,74,74,45,52,5,7,0.5,0.6
2022-11-10T17:00:00,1110A,121.565,38.9511,大连市,周水子,颗粒物(PM10),53,56,112,35,71,78,68,62,62,36,50,4,9,0.6,0.8
2022-11-10T17:00:00,1111A,121.5637,38.8845,大连市,星海三站,细颗粒物(PM2.5),69,46,78,50,75,70,61,62,62,39,37,6,9,0.7,0.8
2022-11-10T17:00:00,1112A,121.6302,38.9117,大连市,青泥洼桥,颗粒物(PM10),55,60,94,38,62,87,69,69,69,48,50,10,10,0.7,1
2022-11-10T17:00:00,1113A,121.6251,38.8638,大连市,傅家庄,,,52,72,29,48,84,73,75,75,36,28,6,7,,1.1
2022-11-10T17:00:00,1114A,121.5213,38.8661,大连市,七贤岭,"颗粒物(PM10),细颗粒物(PM2.5)",53,55,83,37,60,103,74,79,79,37,34,7,9,0.5,0.7
2022-11-10T17:00:00,1115A,121.2529,38.8061,大连市,旅顺,,30,30,50,17,33,83,83,64,64,26,29,3,4,0.4,0.5
2022-11-10T17:00:00,1116A,121.7485,39.1311,大连市,金州,,46,43,86,32,66,94,73,76,76,35,31,8,10,0.6,0.8
2022-11-10T17:00:00,1117A,121.7811,39.0496,大连市,开发区,颗粒物(PM10),60,70,97,40,64,81,41,52,52,86,57,5,7,0.6,0.8
2022-11-10T17:00:00,1118A,121.9762,39.0631,大连市,双D港,,42,39,86,29,53,78,73,69,69,13,18,8,8,0.8,0.8
2022-11-10T17:00:00,1119A,125.3325,43.9166,长春市,食品厂,细颗粒物(PM2.5),148,122,144,113,114,97,59,70,70,40,60,7,11,0.6,1
2022-11-10T17:00:00,1120A,125.2863,43.9027,长春市,客车厂,细颗粒物(PM2.5),79,86,128,58,97,87,43,64,64,61,65,9,14,0.6,1.2
2022-11-10T17:00:00,1121A,125.2841,43.8463,长春市,邮电学院,细颗粒物(PM2.5),82,94,140,60,95,100,70,74,74,28,70,8,13,0.6,1.2
2022-11-10T17:00:00,1122A,125.3716,43.8772,长春市,劳动公园,细颗粒物(PM2.5),89,92,140,66,90,89,57,62,62,43,64,11,17,0.5,1
2022-11-10T17:00:00,1123A,125.3297,43.8805,长春市,园林处,细颗粒物(PM2.5),82,79,125,60,97,94,56,64,64,41,64,6,18,0.6,1.1
2022-11-10T17:00:00,1124A,125.4605,43.79,长春市,净月潭,颗粒物(PM10),56,61,90,34,66,96,75,83,83,16,31,6,6,0.4,0.7
2022-11-10T17:00:00,1125A,125.7194,43.515,长春市,甩湾子(对照点),,,,,,,,,,,,,,,,
2022-11-10T17:00:00,1126A,125.3863,43.8447,长春市,经开区环卫处,细颗粒物(PM2.5),89,90,160,66,93,93,43,62,62,54,63,11,12,0.6,1.1
2022-11-10T17:00:00,1127A,125.245,43.7783,长春市,高新区管委会,细颗粒物(PM2.5),95,104,132,71,108,81,20,60,55,80,64,6,9,0.7,1.1
2022-11-10T17:00:00,1128A,125.1761,43.8325,长春市,岱山公园,细颗粒物(PM2.5),74,90,132,54,93,84,49,57,57,57,72,16,17,0.6,1.1
2022-11-10T17:00:00,1129A,126.5422,45.755,哈尔滨市,岭北(对照点),,34,34,180,18,153,53,40,40,40,14,55,3,18,0.4,0.7
2022-11-10T17:00:00,1130A,126.561,45.8167,哈尔滨市,松北商大,,35,35,156,13,138,80,17,80,36,41,54,4,19,0.5,0.9
2022-11-10T17:00:00,1131A,126.979,45.5419,哈尔滨市,阿城会宁,细颗粒物(PM2.5),114,102,175,86,112,78,55,56,56,36,45,23,24,0.6,1
2022-11-10T17:00:00,1132A,126.599,45.7222,哈尔滨市,南岗学府路,,,36,49,38,117,58,31,45,45,39,61,7,23,,0.9
2022-11-10T17:00:00,1133A,126.689,45.7733,哈尔滨市,太平宏伟公园,细颗粒物(PM2.5),117,118,212,88,166,84,32,46,46,51,63,15,13,0.3,0.8
2022-11-10T17:00:00,1134A,126.635,45.7667,哈尔滨市,道外承德广场,细颗粒物(PM2.5),74,94,214,54,152,51,8,31,31,64,57,32,20,0.7,0.9
2022-11-10T17:00:00,1135A,126.685,45.7319,哈尔滨市,香坊红旗大街,,,93,178,51,152,58,28,46,46,,60,16,23,0.6,1.1
2022-11-10T17:00:00,1136A,126.6411,45.7258,哈尔滨市,动力和平路,细颗粒物(PM2.5),58,58,140,41,134,69,34,42,42,38,52,9,14,0.6,0.8
2022-11-10T17:00:00,1137A,126.593,45.7478,哈尔滨市,道里建国路,细颗粒物(PM2.5),69,50,145,50,130,54,26,39,39,46,56,15,18,0.6,1
2022-11-10T17:00:00,1138A,126.615,45.61,哈尔滨市,平房东轻厂,细颗粒物(PM2.5),80,94,178,59,147,44,11,34,33,62,59,14,21,0.7,0.8
2022-11-10T17:00:00,1139A,126.595,45.9855,哈尔滨市,呼兰师专,细颗粒物(PM2.5),62,44,219,44,203,61,28,43,43,33,52,10,18,0.6,1.3
2022-11-10T17:00:00,1140A,126.6206,45.6842,哈尔滨市,省农科院,细颗粒物(PM2.5),92,83,172,68,135,56,13,40,39,58,56,17,17,0.4,1.3
2022-11-10T17:00:00,1141A,121.4,31.238,上海市,普陀,细颗粒物(PM2.5),54,50,56,38,34,114,52,80,80,53,34,5,6,0.7,0.8
2022-11-10T17:00:00,1142A,121.478,31.2036,上海市,十五厂,,,66,47,34,38,114,63,82,82,42,40,8,10,,0.6
2022-11-10T17:00:00,1143A,121.467,31.3008,上海市,虹口,细颗粒物(PM2.5),54,53,54,38,33,76,50,54,54,49,42,8,8,0.6,0.7
2022-11-10T17:00:00,1144A,121.412,31.1654,上海市,徐汇上师大,,45,44,39,31,34,87,50,68,68,59,50,7,8,0.7,0.8
2022-11-10T17:00:00,1145A,121.536,31.2659,上海市,杨浦四漂,颗粒物(PM10),54,58,54,32,37,88,66,69,69,41,47,7,9,0.7,0.8
2022-11-10T17:00:00,1146A,120.978,31.0935,上海市,青浦淀山湖(对照点),,,,,,,,,,,,,,,,
2022-11-10T17:00:00,1147A,121.425,31.2261,上海市,静安监测站,颗粒物(PM10),55,60,67,34,37,114,54,82,82,50,34,6,7,0.7,0.6
2022-11-10T17:00:00,1148A,121.703,31.1907,上海市,浦东川沙,,42,41,42,29,31,100,96,78,78,19,28,6,6,0.5,0.6
2022-11-10T17:00:00,1149A,121.533,31.2284,上海市,浦东新区监测站,,49,49,61,33,38,87,66,65,65,23,25,6,6,0.7,0.7
2022-11-10T17:00:00,1150A,121.577,31.2071,上海市,浦东张江,,45,35,43,31,35,79,66,65,65,30,30,4,4,0.8,0.8
2022-11-10T17:00:00,1151A,118.8086,32.1065,南京市,迈皋桥,颗粒物(PM10),86,121,80,58,42,159,115,104,104,83,58,8,5,1.0,0.7
2022-11-10T17:00:00,1152A,118.7538,32.0551,南京市,草场门,细颗粒物(PM2.5),77,85,65,56,42,158,129,109,109,63,62,6,4,0.9,0.8
2022-11-10T17:00:00,1153A,118.7794,32.0745,南京市,山西路,细颗粒物(PM2.5),77,100,68,56,40,180,144,125,125,59,44,5,5,0.7,0.4
2022-11-10T17:00:00,1154A,118.7752,32.0023,南京市,中华门,,,88,82,48,40,167,145,112,112,52,64,5,6,,0.5
2022-11-10T17:00:00,1155A,118.8109,32.0309,南京市,瑞金路,细颗粒物(PM2.5),83,73,59,61,42,179,149,122,122,46,46,5,5,0.7,0.5
2022-11-10T17:00:00,1156A,118.7997,32.0754,南京市,玄武湖,细颗粒物(PM2.5),95,84,62,71,43,172,136,117,117,59,41,5,4,0.7,0.6
2022-11-10T17:00:00,1157A,118.6414,32.0931,南京市,浦口,细颗粒物(PM2.5),67,60,52,48,39,181,152,132,132,43,40,5,5,0.7,0.6
2022-11-10T17:00:00,1158A,118.7356,31.9996,南京市,奥体中心,细颗粒物(PM2.5),77,64,60,56,52,163,146,109,109,53,59,4,4,0.6,0.6
2022-11-10T17:00:00,1159A,118.9125,32.1028,南京市,仙林大学城,细颗粒物(PM2.5),73,88,65,53,37,159,136,116,116,52,44,7,4,1.1,0.7
2022-11-10T17:00:00,1160A,120.561,31.2472,苏州市,上方山(对照点),颗粒物(PM10),71,92,54,51,34,112,68,73,73,58,46,5,6,0.7,0.6
2022-11-10T17:00:00,1161A,120.628,31.2864,苏州市,南门,,,,,,,,,,,,,,,,
2022-11-10T17:00:00,1162A,120.591,31.3019,苏州市,彩香,细颗粒物(PM2.5),68,61,66,49,44,115,94,77,77,42,46,6,6,0.7,0.7
2022-11-10T17:00:00,1163A,120.596,31.3264,苏州市,轧钢厂,细颗粒物(PM2.5),60,64,67,43,39,115,86,75,75,54,50,6,6,0.8,0.8
2022-11-10T17:00:00,1164A,120.613,31.2703,苏州市,吴中区,细颗粒物(PM2.5),73,68,66,53,41,124,77,83,83,66,51,7,7,0.6,0.6
2022-11-10T17:00:00,1165A,120.543,31.2994,苏州市,苏州新区,细颗粒物(PM2.5),68,65,64,49,45,108,93,77,77,40,42,6,6,0.6,0.6
2022-11-10T17:00:00,1166A,120.669,31.3097,苏州市,苏州工业园区,,,60,65,46,40,82,82,82,82,50,45,6,5,,0.8
2022-11-10T17:00:00,1167A,120.641,31.3708,苏州市,相城区,颗粒物(PM10),52,53,58,34,32,104,83,71,71,40,47,6,6,0.7,0.7
2022-11-10T17:00:00,1168A,120.9098,31.9663,南通市,狼山街道,颗粒物(PM10),55,59,43,31,24,110,96,78,78,17,28,6,7,0.6,0.5
2022-11-10T17:00:00,1169A,120.86,32.0005,南通市,虹桥,颗粒物(PM10),56,62,46,38,43,98,85,69,69,25,33,5,6,0.7,0.6
2022-11-10T17:00:00,1170A,120.87,32.02,南通市,城中,细颗粒物(PM2.5),89,50,41,66,52,103,91,74,74,19,28,5,4,0.5,0.5
2022-11-10T17:00:00,1171A,120.94,31.93,南通市,星湖花园,颗粒物(PM10),55,60,38,36,28,114,98,80,80,17,29,7,7,0.6,0.5
2022-11-10T17:00:00,1172A,120.81,32.0417,南通市,紫琅学院,细颗粒物(PM2.5),58,53,48,41,29,99,92,71,71,20,30,6,6,0.6,0.5
2022-11-10T17:00:00,1173A,119.176,34.5885,连云港市,市环境监测站,颗粒物(PM10),52,53,52,19,24,122,100,106,106,20,21,5,6,0.3,0.4
2022-11-10T17:00:00,1177A,117.179,34.2761,徐州市,黄河新村,细颗粒物(PM2.5),104,112,85,78,56,61,61,38,38,30,43,7,9,1.0,0.8
2022-11-10T17:00:00,1178A,117.1918,34.2384,徐州市,淮塔,细颗粒物(PM2.5),119,129,99,90,61,67,67,46,46,33,44,6,6,0.8,0.7
2022-11-10T17:00:00,1180A,117.256,34.2153,徐州市,新城区,细颗粒物(PM2.5),132,129,93,100,69,64,62,43,43,38,44,7,9,1.0,1
2022-11-10T17:00:00,1181A,117.244,34.2911,徐州市,桃园路,细颗粒物(PM2.5),132,146,105,100,63,76,69,51,51,33,40,2,4,1.0,0.9
2022-11-10T17:00:00,1182A,117.2933,34.2778,徐州市,农科院,细颗粒物(PM2.5),119,124,88,90,56,91,42,45,45,56,49,5,6,0.9,0.9
2022-11-10T17:00:00,1186A,119.389,32.3761,扬州市,邗江监测站,细颗粒物(PM2.5),99,107,89,74,44,104,71,66,66,38,63,7,9,1.1,1.2
2022-11-10T17:00:00,1188A,120.269,31.4867,无锡市,雪浪,颗粒物(PM10),68,85,66,48,35,127,70,68,68,62,59,7,10,0.9,0.9
2022-11-10T17:00:00,1189A,120.275,31.6219,无锡市,黄巷,,,92,83,44,40,137,95,86,86,,62,10,11,1.2,1
2022-11-10T17:00:00,1190A,120.294,31.56,无锡市,曹张,细颗粒物(PM2.5),62,67,54,44,36,145,89,87,87,50,50,9,10,0.9,0.8
2022-11-10T17:00:00,1191A,120.242,31.5031,无锡市,漆塘,细颗粒物(PM2.5),67,80,65,48,38,160,95,87,87,52,51,10,11,0.7,0.6
2022-11-10T17:00:00,1192A,120.3489,31.5863,无锡市,东亭,细颗粒物(PM2.5),70,68,65,51,43,133,90,85,85,39,50,8,7,1.0,0.9
2022-11-10T17:00:00,1193A,120.354,31.5475,无锡市,旺庄,细颗粒物(PM2.5),70,70,64,51,41,126,93,82,82,46,60,9,10,1.2,1.2
2022-11-10T17:00:00,1194A,120.245,31.5631,无锡市,荣巷,细颗粒物(PM2.5),77,75,65,56,37,157,106,89,89,46,60,8,9,1.0,0.8
2022-11-10T17:00:00,1195A,120.299,31.6817,无锡市,堰桥,颗粒物(PM10),68,85,66,39,41,144,107,101,101,38,55,10,8,1.8,1
2022-11-10T17:00:00,1196A,119.9633,31.762,常州市,市监测站,细颗粒物(PM2.5),138,193,131,105,63,141,100,90,90,77,75,14,7,2.2,1.1
2022-11-10T17:00:00,1200A,119.9468,31.7069,常州市,武进监测站,细颗粒物(PM2.5),130,182,113,99,45,151,110,104,104,76,67,20,11,2.3,1
2022-11-10T17:00:00,1201A,119.9255,31.9087,常州市,安家,,,,108,,56,172,93,117,117,42,69,5,6,1.1,0.9
2022-11-10T17:00:00,1203A,119.6707,32.1875,镇江市,新区办事处,细颗粒物(PM2.5),79,77,79,58,47,112,79,74,74,46,70,2,5,1.0,1
2022-11-10T17:00:00,1204A,119.4974,32.1968,镇江市,职教中心,,,82,67,,75,112,79,78,78,,71,1,7,1.3,1
2022-11-10T17:00:00,1205A,119.4303,32.1328,镇江市,丹徒区监测站,细颗粒物(PM2.5),100,93,79,75,58,134,91,94,94,45,66,4,8,0.8,0.8
2022-11-10T17:00:00,1206A,119.905,32.4878,泰州市,公园路,细颗粒物(PM2.5),79,78,68,58,47,62,62,44,44,28,39,8,8,1.0,1.1
2022-11-10T17:00:00,1207A,119.9189,32.4625,泰州市,莲花,细颗粒物(PM2.5),83,71,71,61,51,73,71,54,54,36,44,9,9,0.8,0.9
2022-11-10T17:00:00,1209A,119.888,32.4639,泰州市,留学生创业园,细颗粒物(PM2.5),75,51,63,55,47,66,60,51,51,32,39,6,7,0.9,1
2022-11-10T17:00:00,1210A,119.036,33.5981,淮安市,钵池山,颗粒物(PM10),70,90,57,37,32,90,84,54,54,23,26,6,6,0.9,0.8
2022-11-10T17:00:00,1211A,119.007,33.575,淮安市,北京南路,细颗粒物(PM2.5),87,80,61,64,50,84,80,52,52,24,26,6,5,0.9,0.8
2022-11-10T17:00:00,1212A,118.989,33.6067,淮安市,市监测站,细颗粒物(PM2.5),89,92,61,66,53,95,85,55,55,31,31,4,3,0.9,0.8
2022-11-10T17:00:00,1213A,119.135,33.5039,淮安市,楚州区监测站,细颗粒物(PM2.5),73,85,58,53,39,83,83,57,57,21,27,6,6,0.8,0.8
2022-11-10T17:00:00,1214A,119.0186,33.6297,淮安市,淮阴区监测站,细颗粒物(PM2.5),75,87,58,55,43,90,85,55,55,25,29,5,5,0.7,0.6
2022-11-10T17:00:00,1215A,120.118,33.4022,盐城市,盐城电厂,,48,48,36,23,22,107,106,84,78,15,21,6,6,0.4,0.5
2022-11-10T17:00:00,1216A,120.156,33.3942,盐城市,市监测站,颗粒物(PM10),52,53,47,23,21,92,90,64,64,17,24,8,8,0.4,0.4
2022-11-10T17:00:00,1218A,120.2144,33.38,盐城市,开发区管委会,,43,43,33,29,25,102,98,73,73,19,23,8,7,0.2,0.4
2022-11-10T17:00:00,1220A,118.293,33.9528,宿迁市,宿迁学院,,,47,46,41,25,90,74,61,61,34,29,,5,0.7,0.7
2022-11-10T17:00:00,1221A,118.2442,33.9592,宿迁市,宿迁中学,细颗粒物(PM2.5),63,61,52,45,27,89,80,64,64,31,27,4,4,0.6,0.6
2022-11-10T17:00:00,1223A,120.2072,30.2111,杭州市,滨江,细颗粒物(PM2.5),97,132,79,72,41,132,132,93,93,55,65,7,6,0.7,0.9
2022-11-10T17:00:00,1224A,120.0633,30.2747,杭州市,西溪,颗粒物(PM10),51,51,51,30,28,114,91,89,89,30,30,9,9,0.5,0.6
2022-11-10T17:00:00,1225A,119.026,29.635,杭州市,千岛湖(对照点),,,,,,,,,,,,,,,,
2022-11-10T17:00:00,1226A,120.3461,30.3153,杭州市,下沙,颗粒物(PM10),54,58,77,37,40,128,120,100,100,38,65,10,9,0.5,0.9
2022-11-10T17:00:00,1227A,120.1269,30.2456,杭州市,卧龙桥,颗粒物(PM10),60,69,48,41,34,115,110,92,92,35,29,7,6,0.6,0.7
2022-11-10T17:00:00,1228A,120.1903,30.2692,杭州市,浙江农大,颗粒物(PM10),60,69,63,37,36,122,115,95,95,50,55,8,7,0.6,0.8
2022-11-10T17:00:00,1229A,120.157,30.2897,杭州市,朝晖五区,,,,,,,,,,,,,,,,
2022-11-10T17:00:00,1230A,120.1197,30.3119,杭州市,和睦小学,颗粒物(PM10),59,67,79,33,40,109,90,87,87,52,63,2,2,0.6,0.8
2022-11-10T17:00:00,1231A,120.3019,30.4183,杭州市,临平镇,颗粒物(PM10),66,81,90,37,38,138,138,93,93,35,59,8,8,0.8,1
2022-11-10T17:00:00,1232A,120.2697,30.1819,杭州市,城厢镇,细颗粒物(PM2.5),133,133,80,101,45,148,148,97,97,64,64,8,7,0.8,0.9
2022-11-10T17:00:00,1233A,120.0883,30.1808,杭州市,云栖,颗粒物(PM10),73,95,58,22,27,111,107,92,92,28,35,6,6,0.5,0.6
2022-11-10T17:00:00,1234A,121.8358,29.911,宁波市,区环保大楼,,41,41,41,21,24,78,32,42,42,36,44,5,7,0.6,0.6
2022-11-10T17:00:00,1235A,121.56,29.82,宁波市,万里学院,,16,12,52,5,27,96,50,72,72,18,32,6,8,0.4,0.5
2022-11-10T17:00:00,1236A,121.713,29.9572,宁波市,龙赛医院,颗粒物(PM10),98,146,67,50,35,101,10,53,52,119,56,12,11,0.7,0.6
2022-11-10T17:00:00,1239A,121.633,29.7733,宁波市,钱湖水厂,,22,8,30,10,21,90,69,67,67,4,10,5,6,0.3,0.4
2022-11-10T17:00:00,1240A,121.5856,29.8635,宁波市,太古小学,,28,19,35,19,30,85,44,61,61,40,37,9,11,0.6,0.6
2022-11-10T17:00:00,1241A,121.524,29.8674,宁波市,市环境监测中心,,40,40,50,18,23,84,34,56,56,48,38,6,10,0.6,0.4
2022-11-10T17:00:00,1242A,120.634,28.0089,温州市,瓯海,颗粒物(PM10),56,62,116,26,47,95,54,70,68,46,60,7,8,0.6,0.8
2022-11-10T17:00:00,1243A,120.6748,27.9939,温州市,南浦,颗粒物(PM10),53,56,91,21,41,91,56,63,63,40,58,6,7,0.3,0.6
2022-11-10T17:00:00,1244A,120.76,27.9747,温州市,龙湾,,44,44,85,14,34,73,71,52,52,22,63,5,7,0.4,0.6
2022-11-10T17:00:00,1245A,120.6709,28.0167,温州市,市站,颗粒物(PM10),56,61,85,20,41,102,63,76,76,40,53,6,6,0.5,0.7
2022-11-10T17:00:00,1246A,120.598,30.0911,绍兴市,袍江站,,,,,,,,,,,,,,,,
2022-11-10T17:00:00,1247A,120.6053,29.9928,绍兴市,城东开发委,颗粒物(PM10),63,75,56,39,38,117,114,91,91,29,39,10,9,0.6,0.8
2022-11-10T17:00:00,1250A,120.0751,30.8669,湖州市,城西水厂,颗粒物(PM10),51,51,82,28,41,194,156,111,111,29,62,5,8,0.5,0.7
2022-11-10T17:00:00,1252A,120.7436,30.778,嘉兴市,清河小学,,42,42,57,26,29,160,130,120,120,38,41,10,8,0.4,0.6
2022-11-10T17:00:00,1253A,120.726,30.7478,嘉兴市,嘉兴学院,,42,42,52,21,33,157,116,108,108,32,42,10,8,0.4,0.4
2022-11-10T17:00:00,1255A,121.273,28.6459,台州市,黄岩环保大楼,,44,44,54,22,31,106,63,88,88,20,24,6,6,0.4,0.5
2022-11-10T17:00:00,1256A,121.419,28.6542,台州市,台州环保大楼,颗粒物(PM10),52,54,61,32,32,139,69,84,84,14,31,6,8,0.5,0.5
2022-11-10T17:00:00,1257A,121.377,28.5773,台州市,路桥田洋王,颗粒物(PM10),65,79,70,35,39,124,56,88,88,23,34,6,7,0.4,0.7
2022-11-10T17:00:00,1258A,122.122,30.0203,舟山市,定海檀枫,,27,27,35,15,20,112,54,78,78,20,26,5,5,0.3,0.4
2022-11-10T17:00:00,1259A,122.3094,29.9558,舟山市,普陀东港,,26,26,36,17,23,91,42,61,61,34,23,5,6,0.3,0.4
2022-11-10T17:00:00,1260A,122.19,29.9944,舟山市,临城新区,,23,19,42,16,20,99,40,71,70,34,25,5,5,0.3,0.3
2022-11-10T17:00:00,1261A,119.649,29.1131,金华市,四中(停运161031),,,,,,,,,,,,,,,,
2022-11-10T17:00:00,1262A,119.647,29.077,金华市,十五中,,48,48,75,14,44,148,89,101,101,28,55,5,7,0.5,0.6
2022-11-10T17:00:00,1263A,119.686,29.1029,金华市,监测站,,,,81,,47,38,,28,,,47,,6,,0.6
2022-11-10T17:00:00,1264A,118.8692,28.9398,衢州市,环保大楼,,39,39,76,11,53,140,74,99,99,25,40,6,10,0.4,0.6
2022-11-10T17:00:00,1265A,118.8709,28.9666,衢州市,实验学校,,,,72,8,48,101,70,77,77,14,43,5,9,0.5,0.7
2022-11-10T17:00:00,1266A,118.8621,28.9808,衢州市,衢州学院,,26,19,67,10,43,130,82,109,109,12,38,6,8,0.4,0.6
2022-11-10T17:00:00,1267A,119.914,28.4514,丽水市,监测站大楼,,29,26,49,20,30,65,57,44,44,8,37,6,8,0.5,0.7
2022-11-10T17:00:00,1268A,119.93,28.4586,丽水市,莲都小学,,21,21,55,10,33,64,60,45,45,8,37,6,7,0.4,0.6
2022-11-10T17:00:00,1269A,119.879,28.4231,丽水市,余庄前,,21,8,45,10,26,76,66,56,56,5,21,5,6,0.3,0.5
2022-11-10T17:00:00,1270A,117.1959,31.7848,合肥市,明珠广场,颗粒物(PM10),59,68,100,36,49,153,119,110,110,52,69,14,14,0.7,0.9
2022-11-10T17:00:00,1271A,117.3072,31.8764,合肥市,三里街,颗粒物(PM10),60,70,111,27,50,151,127,102,102,33,73,12,12,0.7,1
2022-11-10T17:00:00,1272A,117.2588,31.8707,合肥市,琥珀山庄,颗粒物(PM10),65,80,103,41,50,154,124,106,106,23,49,11,11,0.7,0.9
2022-11-10T17:00:00,1273A,117.1604,31.9052,合肥市,董铺水库(对照点),颗粒物(PM10),65,80,107,41,50,158,150,107,107,20,53,13,12,0.8,1
2022-11-10T17:00:00,1274A,117.25,31.8571,合肥市,长江中路,颗粒物(PM10),63,75,109,44,63,155,135,104,104,26,50,13,14,0.7,0.8
2022-11-10T17:00:00,1275A,117.266,31.9436,合肥市,庐阳区,颗粒物(PM10),60,70,116,36,52,153,128,105,105,39,68,8,8,0.5,0.7
2022-11-10T17:00:00,1276A,117.336,31.8586,合肥市,瑶海区,,,66,115,31,61,152,133,121,121,,73,16,16,0.6,1.3
2022-11-10T17:00:00,1277A,117.3027,31.7964,合肥市,包河区,颗粒物(PM10),56,61,115,36,64,150,137,106,106,34,70,13,13,0.7,1
2022-11-10T17:00:00,1278A,117.2776,31.7385,合肥市,滨湖新区,颗粒物(PM10),69,88,98,41,54,164,153,126,126,21,36,16,16,0.7,0.8
2022-11-10T17:00:00,1279A,117.1318,31.8403,合肥市,高新区,颗粒物(PM10),57,63,95,39,50,154,146,116,116,24,52,11,10,0.4,0.6
2022-11-10T17:00:00,1280A,119.3903,26.0543,福州市,鼓山(对照点),,,,,,,,,,,,,,,,
2022-11-10T17:00:00,1282A,119.2681,26.0504,福州市,师大,,23,13,36,16,25,95,68,69,69,6,18,4,6,0.5,0.6
2022-11-10T17:00:00,1283A,119.2984,26.1028,福州市,五四北路,,26,24,28,18,19,77,64,64,64,7,11,3,3,0.7,0.7
2022-11-10T17:00:00,1284A,119.2648,26.0768,福州市,杨桥西路,,25,25,36,13,18,95,67,68,68,9,17,3,5,0.5,0.5
2022-11-10T17:00:00,1285A,119.317,26.0746,福州市,紫阳,,22,20,31,11,19,85,69,68,68,6,12,4,5,0.3,0.4
2022-11-10T17:00:00,1286A,118.1608,24.8169,厦门市,溪东(对照点),,,,,,,,,,,,,,,,
2022-11-10T17:00:00,1287A,118.1514,24.4767,厦门市,洪文,,45,45,34,28,19,108,88,87,87,18,21,4,2,0.4,0.4
2022-11-10T17:00:00,1288A,118.0661,24.4444,厦门市,鼓浪屿,,48,48,35,26,15,98,76,77,77,28,28,4,4,0.5,0.4
2022-11-10T17:00:00,1290A,115.8931,28.6843,南昌市,省外办,,50,50,91,22,44,147,102,110,110,26,56,8,10,0.8,1
2022-11-10T17:00:00,1291A,115.8886,28.7003,南昌市,省林业公司,,41,41,90,17,43,149,116,110,110,22,65,9,11,0.9,1
2022-11-10T17:00:00,1292A,115.8126,28.7442,南昌市,林科所,颗粒物(PM10),52,53,53,19,30,152,138,116,116,39,23,11,11,0.8,0.7
2022-11-10T17:00:00,1294A,115.8518,28.687,南昌市,建工学校,颗粒物(PM10),54,58,81,27,41,162,126,120,120,20,49,10,12,0.8,0.8
2022-11-10T17:00:00,1295A,115.8921,28.6424,南昌市,象湖,,48,48,78,19,44,147,112,108,108,13,53,6,10,0.5,0.9
2022-11-10T17:00:00,1296A,115.7423,28.7996,南昌市,武术学校(对照点),,36,33,40,25,33,130,102,104,104,8,10,19,17,0.7,0.8
2022-11-10T17:00:00,1298A,115.9314,28.6842,南昌市,省站,颗粒物(PM10),59,68,110,27,51,135,100,102,102,16,56,8,13,0.7,1
2022-11-10T17:00:00,1299A,116.9862,36.6114,济南市,科干所,颗粒物(PM10),76,102,84,46,53,117,44,59,50,66,43,8,6,0.9,0.8
2022-11-10T17:00:00,1300A,116.9376,36.665,济南市,农科所,颗粒物(PM10),74,98,117,34,59,94,45,39,39,56,75,6,7,0.3,0.8
2022-11-10T17:00:00,1301A,117.1265,36.6734,济南市,开发区,细颗粒物(PM2.5),124,166,108,94,56,101,53,65,65,76,63,29,9,1.5,0.8
2022-11-10T17:00:00,1303A,117.0624,36.6868,济南市,省种子仓库,细颗粒物(PM2.5),98,144,125,73,60,91,64,40,40,58,83,18,5,0.9,0.8
2022-11-10T17:00:00,1304A,116.9489,36.6447,济南市,机床二厂,颗粒物(PM10),85,120,125,54,66,95,54,44,44,58,76,8,7,0.8,1.1
2022-11-10T17:00:00,1305A,117.0495,36.663,济南市,市监测站,颗粒物(PM10),91,132,112,56,55,71,63,52,52,56,76,12,7,1.0,1
2022-11-10T17:00:00,1306A,116.7675,36.5484,济南市,长清党校,颗粒物(PM10),73,95,79,46,47,118,55,64,61,53,52,3,8,0.7,0.9
2022-11-10T17:00:00,1307A,120.6659,36.2403,青岛市,仰口(对照点),,38,34,28,24,22,128,120,113,113,10,10,5,6,0.4,0.1
2022-11-10T17:00:00,1308A,120.3905,36.1851,青岛市,李沧区子站,,,,,,,,,,,,,,,,
2022-11-10T17:00:00,1309A,120.3471,36.0699,青岛市,市北区子站,,,,,,,,,,,,,,,,
2022-11-10T17:00:00,1310A,120.4134,36.0658,青岛市,市南区东部子站,,36,36,30,19,16,118,108,112,107,11,10,6,7,0.5,0.5
2022-11-10T17:00:00,1311A,120.3664,36.1032,青岛市,四方区子站,,36,36,38,17,21,100,96,96,92,18,25,5,5,0.5,0.6
2022-11-10T17:00:00,1312A,120.2994,36.054,青岛市,市南区西部子站,,39,36,31,12,13,127,122,121,112,10,21,6,6,0.7,0.7
2022-11-10T17:00:00,1313A,120.4581,36.0858,青岛市,崂山区子站,,37,34,31,17,12,129,118,117,116,18,17,5,5,0.3,0.3
2022-11-10T17:00:00,1314A,120.1983,35.9608,青岛市,黄岛区子站,,36,36,32,17,17,123,112,122,118,24,30,5,6,0.4,0.4
2022-11-10T17:00:00,1315A,120.3999,36.3083,青岛市,城阳区子站,颗粒物(PM10),53,55,62,23,27,98,86,88,88,22,51,5,5,0.5,0.7
2022-11-10T17:00:00,1316A,113.69031,34.76122,郑州市,烟厂,细颗粒物(PM2.5),158,139,138,120,116,55,27,31,31,37,53,3,4,1.2,1
2022-11-10T17:00:00,1317A,113.65724,34.77134,郑州市,郑纺机,细颗粒物(PM2.5),173,159,150,131,131,54,31,36,36,36,54,8,9,1.4,1.3
2022-11-10T17:00:00,1318A,113.67526,34.80246,郑州市,银行学校,细颗粒物(PM2.5),160,164,144,122,117,56,30,34,34,43,56,7,8,1.7,1.4
2022-11-10T17:00:00,1319A,113.56746,34.81334,郑州市,供水公司,"颗粒物(PM10),细颗粒物(PM2.5)",114,178,152,86,78,64,30,28,28,33,49,5,6,1.3,1.1
2022-11-10T17:00:00,1320A,113.7329,34.7178,郑州市,经开区管委,细颗粒物(PM2.5),124,179,157,94,84,55,23,34,34,30,42,5,6,1.3,1.2
2022-11-10T17:00:00,1321A,113.73961,34.77172,郑州市,四十七中,颗粒物(PM10),126,202,175,94,85,56,23,26,26,41,52,8,8,1.5,1.2
2022-11-10T17:00:00,1322A,113.60532,34.74838,郑州市,市监测站,细颗粒物(PM2.5),145,170,177,111,141,47,33,33,33,34,55,6,8,1.1,1
2022-11-10T17:00:00,1323A,113.64164,34.7525,郑州市,河医大,细颗粒物(PM2.5),142,152,158,108,113,40,26,26,26,42,59,8,8,1.4,1.3
2022-11-10T17:00:00,1324A,113.51488,34.91089,郑州市,岗李水库(对照点),,,,,,,,,,,,,,,,
2022-11-10T17:00:00,1325A,114.3677,30.5584,武汉市,东湖梨园,臭氧1小时,65,51,87,27,50,186,172,168,168,20,47,11,11,1.0,1.2
2022-11-10T17:00:00,1326A,114.2529,30.558,武汉市,汉阳月湖,颗粒物(PM10),52,53,82,29,49,170,156,122,122,35,87,11,10,0.8,1.2
2022-11-10T17:00:00,1327A,114.282,30.6189,武汉市,汉口花桥,颗粒物(PM10),52,54,90,27,48,160,145,127,127,27,64,9,10,0.6,1
2022-11-10T17:00:00,1328A,114.3025,30.5332,武汉市,武昌紫阳,臭氧1小时,58,46,80,32,52,168,166,130,130,29,75,13,14,1.0,1.4
2022-11-10T17:00:00,1329A,114.3646,30.6217,武汉市,青山钢花,,,59,109,46,64,166,146,135,135,,80,13,16,1.1,1.4
2022-11-10T17:00:00,1330A,114.1566,30.4825,武汉市,沌口新区,颗粒物(PM10),57,64,105,30,53,165,138,136,136,38,100,12,21,0.8,1.2
2022-11-10T17:00:00,1331A,114.3014,30.5944,武汉市,汉口江滩,,48,48,76,31,43,181,143,144,144,51,84,13,12,0.9,0.9
2022-11-10T17:00:00,1333A,114.135,30.6319,武汉市,吴家山,颗粒物(PM10),54,57,96,29,58,162,151,123,123,43,92,11,12,0.8,1.3
2022-11-10T17:00:00,1334A,113.8454,30.2917,武汉市,沉湖七壕(对照点),,44,35,64,26,36,153,138,124,124,11,41,11,11,0.7,0.9
2022-11-10T17:00:00,1335A,113.0833,28.2325,长沙市,经开区环保局,,39,24,47,19,32,139,124,115,115,11,41,9,9,0.7,0.7
2022-11-10T17:00:00,1336A,112.8872,28.2189,长沙市,高开区环保局,,46,28,57,32,43,146,140,118,118,8,48,15,11,0.6,0.7
2022-11-10T17:00:00,1337A,113.0792,28.2053,长沙市,马坡岭,,37,32,65,19,40,144,118,117,117,11,47,10,10,0.6,0.7
2022-11-10T17:00:00,1338A,112.9394,28.19,长沙市,湖南师范大学,,,,46,37,34,133,120,105,105,11,24,10,8,0.9,1
2022-11-10T17:00:00,1339A,113.0178,28.1322,长沙市,雨花区环保局,,37,26,60,14,33,126,116,100,100,14,50,13,10,0.6,0.5
2022-11-10T17:00:00,1340A,112.9792,28.2597,长沙市,伍家岭,,50,50,76,20,43,157,118,120,120,28,57,9,8,0.7,0.8
2022-11-10T17:00:00,1341A,113.0014,28.1944,长沙市,火车新站,,37,28,58,17,34,126,118,112,112,14,51,12,9,0.7,0.8
2022-11-10T17:00:00,1342A,112.9844,28.1178,长沙市,天心区环保局,,40,27,55,24,35,143,125,116,116,18,43,12,10,0.6,0.6
2022-11-10T17:00:00,1343A,112.8908,28.1308,长沙市,湖南中医药大学,,42,42,81,27,44,134,103,102,102,23,56,6,10,0.6,0.7
2022-11-10T17:00:00,1344A,112.9581,28.3611,长沙市,沙坪(对照点),,37,34,40,19,28,141,117,113,113,17,20,5,4,0.6,0.6
2022-11-10T17:00:00,1345A,113.2347,23.1423,广州市,广雅中学,颗粒物(PM10),64,78,76,45,41,116,113,73,73,63,70,5,5,0.9,1
2022-11-10T17:00:00,1346A,113.2612,23.105,广州市,市五中,细颗粒物(PM2.5),72,72,67,52,46,134,131,82,82,60,71,7,6,0.9,1.2
2022-11-10T17:00:00,1348A,113.3478,23.0916,广州市,广东商学院,颗粒物(PM10),53,56,66,34,42,141,141,96,96,42,61,5,6,0.8,1
2022-11-10T17:00:00,1349A,113.4332,23.1047,广州市,市八十六中,颗粒物(PM10),61,71,97,41,39,138,138,84,84,54,69,8,9,0.9,1.1
2022-11-10T17:00:00,1350A,113.3505,22.9483,广州市,番禺中学,颗粒物(PM10),62,74,64,43,33,160,156,115,115,48,56,6,6,0.9,1.1
2022-11-10T17:00:00,1351A,113.2146,23.3916,广州市,花都师范,臭氧1小时,79,74,60,44,34,196,183,126,126,31,47,9,7,0.7,0.8
2022-11-10T17:00:00,1352A,113.2597,23.1331,广州市,市监测站,细颗粒物(PM2.5),64,73,78,46,43,142,142,83,83,54,72,6,6,0.7,1
2022-11-10T17:00:00,1353A,113.5618,23.312,广州市,九龙镇镇龙,颗粒物(PM10),59,67,53,37,28,152,152,99,99,32,33,5,5,0.7,0.7
2022-11-10T17:00:00,1354A,113.2765,23.1544,广州市,麓湖,颗粒物(PM10),54,57,65,34,36,128,97,74,74,39,54,3,4,0.8,0.8
2022-11-10T17:00:00,1355A,113.443,23.3035,广州市,帽峰山森林公园(对照点),"颗粒物(PM10),细颗粒物(PM2.5)",75,100,55,55,31,129,129,93,93,26,21,5,5,0.6,0.5
2022-11-10T17:00:00,1356A,114.1063,22.5545,深圳市,通心岭子站,细颗粒物(PM2.5),62,72,31,44,18,98,93,73,73,56,25,3,3,0.6,0.5
2022-11-10T17:00:00,1357A,114.117,22.5625,深圳市,洪湖,颗粒物(PM10),63,75,47,44,23,122,102,88,88,53,38,7,6,0.8,0.7
2022-11-10T17:00:00,1358A,113.987,22.5417,深圳市,华侨城,细颗粒物(PM2.5),69,86,45,50,27,171,171,81,81,55,40,7,7,0.9,0.8
2022-11-10T17:00:00,1359A,113.9181,22.5171,深圳市,南海子站,臭氧1小时,102,88,55,45,28,203,203,107,107,54,49,4,4,0.6,0.6
2022-11-10T17:00:00,1360A,114.2458,22.5689,深圳市,盐田,,29,29,23,15,14,92,66,77,77,56,38,7,8,0.7,0.7
2022-11-10T17:00:00,1361A,114.2283,22.7244,深圳市,龙岗,颗粒物(PM10),65,79,54,41,29,170,166,130,130,28,41,4,5,0.6,0.7
2022-11-10T17:00:00,1362A,113.8953,22.5861,深圳市,西乡,,,,,,,,,,,,,,,,
2022-11-10T17:00:00,1363A,114.494,22.5422,深圳市,南澳,,41,39,26,24,13,130,130,102,102,11,11,6,6,0.4,0.4
2022-11-10T17:00:00,1364A,114.41,22.6342,深圳市,葵涌,,34,23,20,13,12,107,107,88,88,11,11,8,8,0.5,0.5
2022-11-10T17:00:00,1365A,114.297,22.5978,深圳市,梅沙,,33,30,27,16,13,113,103,98,98,11,10,9,9,0.4,0.4
2022-11-10T17:00:00,1366A,114.0678,22.738,深圳市,观澜,颗粒物(PM10),64,78,72,43,36,165,154,126,126,37,49,8,8,0.6,0.7
2022-11-10T17:00:00,1367A,113.5814,22.2618,珠海市,吉大,,,32,28,15,28,134,115,95,95,,26,6,6,0.4,0.4
2022-11-10T17:00:00,1368A,113.4881,22.2335,珠海市,前山,,36,29,42,19,20,133,114,83,83,26,49,5,6,0.4,0.6
2022-11-10T17:00:00,1369A,113.628,22.4251,珠海市,唐家,,49,39,40,24,29,155,155,108,108,14,28,6,7,0.3,0.3
2022-11-10T17:00:00,1370A,113.299,22.2281,珠海市,斗门,臭氧1小时,65,48,41,24,24,172,172,101,101,21,32,8,9,0.7,0.6
2022-11-10T17:00:00,1371A,113.1294,23.0067,佛山市,湾梁,颗粒物(PM10),63,75,71,35,32,115,111,72,72,44,55,13,12,0.7,1
2022-11-10T17:00:00,1372A,113.1083,23.0478,佛山市,华材职中,"颗粒物(PM10),细颗粒物(PM2.5)",64,78,74,46,42,112,112,66,66,38,54,11,10,0.4,0.8
2022-11-10T17:00:00,1373A,113.144,23.0453,佛山市,南海气象局,细颗粒物(PM2.5),69,69,69,50,41,117,112,71,71,44,65,9,9,0.6,0.9
2022-11-10T17:00:00,1374A,113.2881,22.8094,佛山市,顺德苏岗,臭氧1小时,78,47,54,41,43,182,182,97,97,46,60,6,7,1.0,1.3
2022-11-10T17:00:00,1375A,113.2544,22.7642,佛山市,容桂街道办,,,,,,,,,,,,,,,,
2022-11-10T17:00:00,1376A,112.8383,22.8678,佛山市,高明孔堂,,49,44,52,34,27,119,111,71,71,21,24,8,11,0.6,0.7
2022-11-10T17:00:00,1377A,112.8836,23.1588,佛山市,三水监测站,细颗粒物(PM2.5),55,58,62,39,37,108,102,78,78,35,48,4,7,0.6,0.7
2022-11-10T17:00:00,1378A,112.867,23.185,佛山市,三水云东海,颗粒物(PM10),57,63,52,35,30,139,127,106,106,24,34,5,6,0.5,0.5
2022-11-10T17:00:00,1379A,113.3769,22.5211,中山市,华柏园,,45,45,52,30,35,154,142,92,92,24,47,5,6,0.6,1
2022-11-10T17:00:00,1380A,113.3881,22.5497,中山市,张溪,,44,43,64,29,40,157,139,95,95,20,23,5,6,0.5,0.9
2022-11-10T17:00:00,1381A,113.4075,22.5111,中山市,紫马岭,颗粒物(PM10),52,54,48,32,25,143,142,88,88,21,31,8,7,0.5,0.6
2022-11-10T17:00:00,1382A,113.4411,22.4853,中山市,长江旅游区(对照点),,,,33,,22,34,,42,,,18,,7,,0.5
2022-11-10T17:00:00,1383A,113.1064,22.6058,江门市,北街,,42,33,56,19,31,171,133,106,106,19,44,6,7,0.5,1.2
2022-11-10T17:00:00,1384A,113.0731,22.5835,江门市,西区,,39,31,58,26,36,148,124,103,103,24,52,6,8,0.7,1.1
2022-11-10T17:00:00,1385A,113.0219,22.5311,江门市,圭峰西,,45,45,48,23,30,134,130,102,102,22,30,6,6,0.7,0.9
2022-11-10T17:00:00,1386A,113.0828,22.5947,江门市,东湖,,37,31,66,23,37,142,116,104,104,17,41,7,8,0.6,1.2
2022-11-10T17:00:00,1387A,113.7875,23.0457,东莞市,东城主山,,,,,,,,,,,,,,,,
2022-11-10T17:00:00,1388A,113.7533,23.0202,东莞市,南城元岭,,,,,,,,,,,,,,,,
2022-11-10T17:00:00,1389A,113.7547,23.0494,东莞市,莞城梨川,细颗粒物(PM2.5),85,89,74,63,49,220,181,145,145,57,55,16,10,0.9,1.1
2022-11-10T17:00:00,1390A,113.7944,23.0128,东莞市,东城石井,臭氧1小时,73,50,54,34,36,218,178,155,155,16,32,11,11,0.7,0.8
2022-11-10T17:00:00,1391A,113.7383,22.9658,东莞市,南城西平,颗粒物(PM10),70,89,82,48,37,193,170,132,132,45,49,13,9,0.8,1
2022-11-10T17:00:00,1392A,114.4183,23.0528,惠州市,河南岸金山湖子站,,50,50,59,17,25,128,128,102,102,21,29,5,6,0.7,0.8
2022-11-10T17:00:00,1393A,114.4053,23.0822,惠州市,下埔横江三路子站,,49,40,52,20,26,161,156,153,153,18,36,6,6,0.5,0.6
2022-11-10T17:00:00,1394A,114.4103,23.1142,惠州市,江北云山西路子站,颗粒物(PM10),55,60,52,30,28,161,161,126,126,16,28,4,6,0.3,0.5
2022-11-10T17:00:00,1395A,114.4645,22.7833,惠州市,惠阳区承修路船湖子站,颗粒物(PM10),51,52,50,22,23,153,137,120,120,19,23,3,4,0.5,0.5
2022-11-10T17:00:00,1396A,114.5317,22.7422,惠州市,大亚湾管委会子站,颗粒物(PM10),53,55,46,19,18,134,106,108,108,34,29,4,4,0.4,0.4
2022-11-10T17:00:00,1397A,112.4267,23.0706,肇庆市,睦岗子站,,44,44,37,27,21,120,110,64,64,23,35,48,12,0.9,0.6
2022-11-10T17:00:00,1398A,112.4645,23.0475,肇庆市,城中子站,,37,37,39,25,26,113,107,65,65,18,34,10,15,0.6,0.8
2022-11-10T17:00:00,1399A,112.5544,23.1522,肇庆市,坑口子站,细颗粒物(PM2.5),78,80,42,57,28,131,123,84,84,24,26,22,9,0.6,0.5
2022-11-10T17:00:00,1400A,112.4753,23.1,肇庆市,七星岩子站(对照点),,45,45,34,27,20,117,111,70,70,15,28,16,6,0.6,0.7
2022-11-10T17:00:00,1401A,108.3103,22.7881,南宁市,二十一中,,31,31,53,15,33,90,81,81,81,10,16,5,7,0.6,0.7
2022-11-10T17:00:00,1402A,108.3141,22.8528,南宁市,北湖,,32,32,67,11,34,96,74,84,84,10,14,6,8,0.4,0.6
2022-11-10T17:00:00,1403A,108.3206,22.8225,南宁市,市监测站,,23,23,52,16,37,93,73,79,79,20,23,8,11,0.6,0.7
2022-11-10T17:00:00,1404A,108.3829,22.8037,南宁市,大自然花园,,28,28,52,16,38,90,81,82,82,10,13,6,7,0.5,0.7
2022-11-10T17:00:00,1405A,108.4394,22.7904,南宁市,仙葫(对照点),,28,28,59,18,38,81,80,74,74,9,13,7,7,0.6,0.8
2022-11-10T17:00:00,1406A,108.2397,22.8467,南宁市,区农职院,,29,26,48,14,33,92,90,83,83,19,24,6,7,0.5,0.6
2022-11-10T17:00:00,1407A,108.3275,22.735,南宁市,英华嘉园,,26,26,59,12,36,78,71,70,70,18,27,6,9,0.6,0.8
2022-11-10T17:00:00,1408A,108.2257,22.7757,南宁市,沙井镇街道办,,36,36,68,23,38,86,86,74,74,15,33,9,8,0.5,0.6
2022-11-10T17:00:00,1409A,110.576,19.9507,海口市,东寨港(对照点),,,15,21,12,12,70,64,61,61,,,7,6,0.2,0.3
2022-11-10T17:00:00,1410A,110.3232,20.0574,海口市,海南大学,,34,26,28,16,13,123,106,105,105,7,8,4,3,0.5,0.5
2022-11-10T17:00:00,1411A,110.283,20.0053,海口市,秀英海南医院,,,21,35,4,14,110,,99,98,7,8,4,4,,0.5
2022-11-10T17:00:00,1412A,110.338,19.9969,海口市,海南师范大学,,,33,39,11,12,113,102,103,103,6,8,2,2,,0.3
2022-11-10T17:00:00,1413A,110.33,20.0356,海口市,龙华路环保局宿舍,,30,28,30,13,12,107,96,95,95,6,7,4,4,0.5,0.5
2022-11-10T17:00:00,1414A,106.3787,29.8279,重庆市,缙云山(对照点),颗粒物(PM10),63,75,55,35,28,94,68,84,51,20,16,6,5,0.6,0.5
2022-11-10T17:00:00,1416A,106.4213,29.8253,重庆市,天生,颗粒物(PM10),86,122,88,56,63,77,60,34,34,21,31,12,13,0.8,0.8
2022-11-10T17:00:00,1417A,106.6263,29.7228,重庆市,两路,细颗粒物(PM2.5),68,72,75,49,47,91,55,41,41,42,60,11,10,1.0,1.1
2022-11-10T17:00:00,1418A,106.2953,29.5983,重庆市,虎溪,细颗粒物(PM2.5),84,84,83,62,71,88,57,64,39,37,34,12,16,1.2,1.1
2022-11-10T17:00:00,1419A,106.5777,29.5102,重庆市,南坪,细颗粒物(PM2.5),88,106,98,65,68,59,44,38,38,83,71,9,10,1.1,1.1
2022-11-10T17:00:00,1420A,106.6556,29.6277,重庆市,唐家沱,颗粒物(PM10),75,99,78,49,40,54,17,16,16,92,67,11,9,0.8,0.7
2022-11-10T17:00:00,1421A,106.6349,29.4906,重庆市,茶园,细颗粒物(PM2.5),90,104,100,67,56,81,27,33,33,103,75,12,11,0.8,0.7
2022-11-10T17:00:00,1422A,106.3754,29.4572,重庆市,白市驿,细颗粒物(PM2.5),74,89,88,54,63,111,93,69,64,24,30,12,15,0.9,0.8
2022-11-10T17:00:00,1425A,106.6205,29.7166,重庆市,空港,颗粒物(PM10),73,96,87,52,56,121,33,27,27,48,56,9,10,0.8,0.9
2022-11-10T17:00:00,1426A,106.4782,29.4875,重庆市,新山村,细颗粒物(PM2.5),90,90,104,67,63,87,69,46,46,40,66,6,7,0.6,0.8
2022-11-10T17:00:00,1427A,106.5616,29.6453,重庆市,礼嘉,细颗粒物(PM2.5),70,81,88,51,48,87,57,35,35,46,58,14,14,0.7,0.8
2022-11-10T17:00:00,1428A,106.4522,29.7091,重庆市,蔡家,细颗粒物(PM2.5),67,79,85,48,55,58,43,49,47,42,50,10,7,0.8,0.9
2022-11-10T17:00:00,1429A,106.5093,29.3917,重庆市,鱼新街,颗粒物(PM10),74,98,108,51,69,84,62,45,45,56,61,13,20,1.2,1.4
2022-11-10T17:00:00,1431A,103.9728,30.7236,成都市,金泉两河,,,,88,,58,69,65,33,33,,36,,4,0.6,0.8
2022-11-10T17:00:00,1432A,104.1419,30.6764,成都市,十里店,细颗粒物(PM2.5),102,99,85,76,63,60,60,34,34,34,40,4,4,0.6,0.7
2022-11-10T17:00:00,1433A,104.0594,30.5767,成都市,三瓦窑,细颗粒物(PM2.5),94,90,96,70,68,58,58,29,29,36,43,2,3,0.6,0.7
2022-11-10T17:00:00,1434A,104.1122,30.6306,成都市,沙河铺,细颗粒物(PM2.5),84,83,94,62,66,57,54,23,23,33,42,3,2,0.6,0.8
2022-11-10T17:00:00,1437A,104.0431,30.6556,成都市,君平街,,,,84,,65,81,68,50,50,34,39,6,5,0.5,0.5
2022-11-10T17:00:00,1438A,103.6202,31.0201,成都市,灵岩寺(对照点),细颗粒物(PM2.5),53,43,38,37,31,67,33,48,37,18,13,1,2,0.8,0.7
2022-11-10T17:00:00,1439A,106.6899,26.5998,贵阳市,马鞍山,,34,34,39,19,31,95,91,89,89,11,20,6,5,0.6,0.7
2022-11-10T17:00:00,1440A,106.6971,26.5694,贵阳市,市环保站,颗粒物(PM10),59,68,59,25,31,85,77,78,78,20,41,5,5,0.4,0.5
2022-11-10T17:00:00,1441A,106.6243,26.6266,贵阳市,鉴湖路,颗粒物(PM10),51,51,43,22,24,94,94,90,90,7,13,4,5,0.3,0.3
2022-11-10T17:00:00,1442A,106.7487,26.6343,贵阳市,燕子冲,,48,48,49,31,36,103,96,95,95,11,25,5,5,0.4,0.5
2022-11-10T17:00:00,1443A,106.6555,26.4365,贵阳市,碧云窝,,46,46,50,24,27,101,101,95,95,6,14,5,8,0.4,0.5
2022-11-10T17:00:00,1444A,106.694,26.5161,贵阳市,中院村,颗粒物(PM10),51,51,64,22,36,85,82,81,81,19,41,7,10,0.4,0.6
2022-11-10T17:00:00,1445A,106.7109,26.6027,贵阳市,红边门,,41,41,56,24,38,97,87,89,89,19,41,2,6,0.5,0.7
2022-11-10T17:00:00,1446A,106.7164,26.5699,贵阳市,新华路,,,39,56,29,32,98,90,90,90,10,31,5,6,,0.5
2022-11-10T17:00:00,1447A,106.674,26.5424,贵阳市,太慈桥,颗粒物(PM10),51,51,53,22,25,94,94,90,90,9,23,6,6,0.3,0.4
2022-11-10T17:00:00,1450A,102.8204,24.8886,昆明市,呈贡新区,,32,32,32,14,19,104,95,86,86,13,20,6,10,0.4,0.6
2022-11-10T17:00:00,1451A,102.6251,24.9608,昆明市,西山森林公园(对照点),,32,19,23,20,16,105,100,86,86,7,10,9,8,0.5,0.6
2022-11-10T17:00:00,1452A,102.7252,25.0902,昆明市,龙泉镇,,30,24,45,13,22,93,93,72,72,19,35,9,6,0.6,0.9
2022-11-10T17:00:00,1453A,102.7266,25.0375,昆明市,东风东路,,29,21,36,9,24,95,92,75,75,21,32,10,10,0.4,0.7
2022-11-10T17:00:00,1454A,102.6742,25.0669,昆明市,金鼎山,,36,36,44,18,24,99,98,75,75,16,29,9,8,0.5,0.7
2022-11-10T17:00:00,1455A,102.6644,25.0401,昆明市,碧鸡广场,,30,18,44,7,27,97,93,75,75,16,39,13,14,0.4,0.7
2022-11-10T17:00:00,1456A,91.1319,29.6514,拉萨市,八廓街,,,4,9,,,111,100,100,97,7,8,7,8,0,0
2022-11-10T17:00:00,1457A,91.1221,29.6747,拉萨市,市环保局,,31,10,12,3,6,110,99,100,94,5,8,2,2,0.3,0.3
2022-11-10T17:00:00,1458A,91.0874,29.6475,拉萨市,区监测站,,35,4,10,2,2,122,110,109,103,2,5,9,8,0.3,0.4
2022-11-10T17:00:00,1459A,91.1774,29.6541,拉萨市,西藏大学,,32,8,15,3,4,114,102,100,97,6,8,10,10,0,0.1
2022-11-10T17:00:00,1460A,90.9798,29.6588,拉萨市,区辐射站,,,,10,6,6,109,100,97,91,4,8,8,8,0.4,0.4
2022-11-10T17:00:00,1461A,91.0834,29.6292,拉萨市,拉萨火车站,,32,9,11,2,3,115,101,106,97,5,5,10,10,0,0
2022-11-10T17:00:00,1462A,108.882,34.2749,西安市,高压开关厂,颗粒物(PM10),120,189,166,68,92,22,6,12,7,55,52,6,6,1.0,1
2022-11-10T17:00:00,1463A,108.993,34.2629,西安市,兴庆小区,颗粒物(PM10),80,109,122,47,63,13,4,8,6,52,49,5,5,1.7,1.4
2022-11-10T17:00:00,1464A,109.06,34.2572,西安市,纺织城,颗粒物(PM10),94,137,147,48,56,9,5,6,6,57,51,7,7,1.3,1.2
2022-11-10T17:00:00,1465A,108.9356,34.2173,西安市,小寨,颗粒物(PM10),72,94,119,38,53,18,5,13,12,55,49,7,7,1.1,1
2022-11-10T17:00:00,1466A,108.954,34.2713,西安市,市人民体育场,颗粒物(PM10),105,159,136,73,90,14,5,10,7,53,48,5,6,1.0,0.9
2022-11-10T17:00:00,1467A,108.8922,34.2322,西安市,高新西区,,,128,138,,62,28,8,18,15,48,45,7,6,1.1,1
2022-11-10T17:00:00,1468A,108.935,34.3474,西安市,经开区,细颗粒物(PM2.5),107,135,112,80,70,61,28,18,18,49,54,5,5,1.1,1
2022-11-10T17:00:00,1469A,108.906,34.1546,西安市,长安区,颗粒物(PM10),57,64,103,38,60,31,12,23,20,49,40,5,5,1.0,1.1
2022-11-10T17:00:00,1470A,109.2,34.6575,西安市,阎良区,,,,,,,,,,,,,,,,
2022-11-10T17:00:00,1471A,109.2186,34.3731,西安市,临潼区,颗粒物(PM10),121,191,179,85,78,69,65,48,48,28,52,6,6,1.0,1
2022-11-10T17:00:00,1472A,108.869,34.378,西安市,草滩(对照点),细颗粒物(PM2.5),99,133,124,74,66,62,25,22,22,58,56,8,8,1.1,1
2022-11-10T17:00:00,1473A,108.985,34.1978,西安市,曲江文化产业集团,细颗粒物(PM2.5),95,137,154,71,91,12,4,9,7,56,52,4,4,1.2,1.3
2022-11-10T17:00:00,1474A,109.051,34.3213,西安市,广运潭,细颗粒物(PM2.5),107,146,139,80,68,64,48,31,31,32,44,6,6,0.9,1
2022-11-10T17:00:00,1476A,103.631,36.1031,兰州市,兰炼宾馆,颗粒物(PM10),71,91,118,51,76,160,108,106,106,20,67,21,36,0.6,1.1
2022-11-10T17:00:00,1477A,104.1373,35.9454,兰州市,榆中兰大校区(对照点),,,,,,,,,,,,,,,,
2022-11-10T17:00:00,1478A,103.8412,36.0726,兰州市,生物制品所,细颗粒物(PM2.5),62,61,101,44,59,107,98,72,72,18,67,18,15,1.1,1.4
2022-11-10T17:00:00,1479A,103.831,36.0464,兰州市,铁路设计院,细颗粒物(PM2.5),70,56,95,51,58,114,104,83,83,23,69,18,21,0.6,1.3
2022-11-10T17:00:00,1480A,101.748,36.6428,西宁市,市环境监测站,,,,,,,,,,,,,,,,
2022-11-10T17:00:00,1482A,101.834,36.5819,西宁市,四陆医院,,,,,,,,,,,,,,,,
2022-11-10T17:00:00,1483A,101.524,36.6867,西宁市,第五水厂(对照点),,,,,,,,,,,,,,,,
2022-11-10T17:00:00,1484A,105.9512,38.6016,银川市,贺兰山马莲口(对照点),细颗粒物(PM2.5),98,81,89,73,70,117,117,79,79,27,27,19,17,1.1,1.1
2022-11-10T17:00:00,1488A,106.2328,38.4975,银川市,贺兰山东路,细颗粒物(PM2.5),122,94,157,92,119,119,119,61,61,27,61,18,13,0.9,1.2
2022-11-10T17:00:00,1489A,106.1358,38.5036,银川市,学院路,细颗粒物(PM2.5),89,104,170,66,98,103,101,59,59,26,48,17,17,1.0,1.6
2022-11-10T17:00:00,1490A,87.5801,43.8303,乌鲁木齐市,监测站,,20,19,7,14,3,65,63,50,50,21,22,5,5,1.0,0.9
2022-11-10T17:00:00,1491A,87.6046,43.768,乌鲁木齐市,收费所,,26,26,8,13,5,74,74,63,62,21,19,7,6,0.3,0.2
2022-11-10T17:00:00,1492A,87.4754,43.9469,乌鲁木齐市,新疆农科院农场(对照点),,16,8,6,8,7,50,50,36,31,10,18,8,8,0.9,0.9
2022-11-10T17:00:00,1493A,87.5525,43.8711,乌鲁木齐市,铁路局,,,19,7,12,5,60,60,47,47,,9,5,5,0.8,0.8
2022-11-10T17:00:00,1494A,87.6432,43.831,乌鲁木齐市,三十一中学,,,33,14,,,78,72,62,62,15,16,10,8,0.3,0.2
2022-11-10T17:00:00,1496A,87.7216,44.1747,乌鲁木齐市,米东区环保局,,21,21,16,9,10,61,60,52,49,9,12,13,7,0.4,0.4
2022-11-10T17:00:00,1508A,112.9433,27.8614,湘潭市,板塘,,36,29,59,18,36,136,113,118,118,10,50,4,5,0.4,0.5
2022-11-10T17:00:00,1511A,112.9118,27.8403,湘潭市,市监测站,,41,41,71,20,37,122,94,103,103,22,40,9,13,0.6,0.8
2022-11-10T17:00:00,1512A,112.8937,27.8728,湘潭市,江麓,,34,30,73,9,42,126,107,112,112,17,60,9,15,0.3,0.8
2022-11-10T17:00:00,1513A,112.9227,27.8159,湘潭市,岳塘,,,28,71,20,40,134,114,115,115,16,52,,10,0.3,0.5
2022-11-10T17:00:00,1514A,112.9074,27.9119,湘潭市,科大,,36,30,60,16,36,144,114,111,111,17,55,8,15,0.2,0.5
2022-11-10T17:00:00,1515A,113.135,27.8244,株洲市,天台山庄,,36,17,38,14,33,128,114,116,116,3,18,3,8,0.2,0.4
2022-11-10T17:00:00,1518A,113.095,27.8867,株洲市,株冶医院,,36,17,42,13,32,131,114,114,114,11,34,7,14,0.3,0.4
2022-11-10T17:00:00,1519A,113.167,27.8667,株洲市,市四中,,38,14,38,18,36,140,120,121,121,12,22,5,8,0.3,0.4
2022-11-10T17:00:00,1520A,113.143,27.8381,株洲市,火车站,,35,14,48,18,40,126,110,112,112,11,18,8,11,0.6,0.8
2022-11-10T17:00:00,1524A,113.13,27.8528,株洲市,市监测站,,36,14,43,13,36,132,115,117,117,7,21,7,13,0.4,0.6
2022-11-10T17:00:00,1552A,106.805,26.3003,贵阳市,桐木岭(对照点),,,,,,,,,,,,,,,,
2022-11-10T17:00:00,1559A,113.251,27.8336,株洲市,大京风景区(对照点),,37,31,32,15,25,117,116,105,105,2,5,9,8,0.6,0.6
2022-11-10T17:00:00,1562A,113.0048,27.9153,湘潭市,昭山,,33,33,67,22,32,132,105,110,110,13,50,5,8,0.3,0.5
2022-11-10T17:00:00,1564A,112.4876,27.9164,湘潭市,韶山(对照点),,37,34,39,10,22,132,116,114,114,14,19,7,8,0.5,0.7
2022-11-10T17:00:00,1585A,109.8756,40.6532,包头市,市环境监测站,细颗粒物(PM2.5),75,61,83,55,70,72,64,38,38,34,47,11,25,0.9,1.2
2022-11-10T17:00:00,1587A,109.9991,40.5842,包头市,包头八中,细颗粒物(PM2.5),98,68,102,73,88,74,68,44,44,29,43,10,35,0.9,1.2
2022-11-10T17:00:00,1588A,109.8538,40.6821,包头市,青山宾馆,细颗粒物(PM2.5),97,81,104,72,101,74,66,40,40,32,49,15,35,1.0,1.4
2022-11-10T17:00:00,1589A,109.8642,40.6288,包头市,惠龙物流,细颗粒物(PM2.5),77,76,96,56,65,72,58,38,38,42,45,8,18,1.1,1.3
2022-11-10T17:00:00,1590A,110.0377,40.5546,包头市,东河鸿龙湾,细颗粒物(PM2.5),78,65,90,57,61,77,65,47,47,25,33,10,14,0.9,1.1
2022-11-10T17:00:00,1591A,110.0023,39.8129,鄂尔多斯市,综合楼,细颗粒物(PM2.5),65,71,80,47,64,72,70,54,54,36,41,7,7,1.0,1.1
2022-11-10T17:00:00,1592A,109.9486,39.8261,鄂尔多斯市,巴音孟克林场办事处,细颗粒物(PM2.5),79,85,93,58,66,84,75,64,64,39,44,9,8,1.2,1.3
2022-11-10T17:00:00,1593A,109.7736,39.5986,鄂尔多斯市,康泽苑,细颗粒物(PM2.5),58,63,82,41,63,84,81,67,67,21,23,5,5,0.7,0.8
2022-11-10T17:00:00,1594A,109.8119,39.5989,鄂尔多斯市,华泰汽车城,细颗粒物(PM2.5),67,63,85,48,71,82,77,66,66,25,29,5,5,0.5,0.7
2022-11-10T17:00:00,1595A,109.9734,39.7884,鄂尔多斯市,奥林花园,细颗粒物(PM2.5),73,90,105,53,72,80,72,61,61,36,44,7,6,1.1,1.3
2022-11-10T17:00:00,1596A,122.2414,40.6592,营口市,学府南路,,,,,,,,,,,,,,,,
2022-11-10T17:00:00,1597A,122.2703,40.7094,营口市,大庆路,细颗粒物(PM2.5),104,97,125,78,94,114,21,99,46,77,43,8,7,1.7,1.2
2022-11-10T17:00:00,1598A,122.215,40.6511,营口市,镜湖西路,细颗粒物(PM2.5),77,77,118,56,86,108,45,95,60,43,31,2,4,1.2,1.3
2022-11-10T17:00:00,1599A,122.167,40.6655,营口市,西炮台,细颗粒物(PM2.5),85,77,123,63,97,126,67,102,75,40,31,9,9,0.8,1
2022-11-10T17:00:00,1600A,124.3303,40.0625,丹东市,江湾东路,细颗粒物(PM2.5),74,62,70,54,54,84,28,81,54,46,17,10,10,1.5,1.4
2022-11-10T17:00:00,1601A,124.4256,40.1503,丹东市,临江后街,,46,46,81,32,48,76,41,71,48,26,22,8,9,1.0,1.2
2022-11-10T17:00:00,1602A,124.3933,40.1461,丹东市,元宝山,细颗粒物(PM2.5),108,97,110,81,82,68,33,68,31,34,30,13,15,1.0,1
2022-11-10T17:00:00,1603A,124.3633,40.1092,丹东市,民主桥,"颗粒物(PM10),细颗粒物(PM2.5)",57,64,97,40,58,75,48,66,50,25,26,14,13,1.2,1.4
2022-11-10T17:00:00,1604A,122.0303,41.1489,盘锦市,开发区,细颗粒物(PM2.5),221,162,104,171,130,104,31,96,38,42,25,8,8,1.3,1
2022-11-10T17:00:00,1605A,122.0485,41.0883,盘锦市,兴隆台,细颗粒物(PM2.5),242,226,104,192,120,98,9,90,30,55,22,12,10,1.5,1.1
2022-11-10T17:00:00,1606A,121.8297,41.1028,盘锦市,新生街道,细颗粒物(PM2.5),237,177,85,187,139,105,24,89,26,37,20,10,9,,1.1
2022-11-10T17:00:00,1607A,120.9092,40.7136,葫芦岛市,龙港区,细颗粒物(PM2.5),230,184,125,180,134,118,15,80,25,62,34,44,34,1.8,1.3
2022-11-10T17:00:00,1608A,120.8392,40.7514,葫芦岛市,化工街,细颗粒物(PM2.5),117,125,161,88,135,102,18,50,34,66,45,21,18,1.1,1.2
2022-11-10T17:00:00,1609A,120.8341,40.7073,葫芦岛市,新区,细颗粒物(PM2.5),137,114,122,104,130,101,13,62,26,65,41,20,17,1.3,1.1
2022-11-10T17:00:00,1610A,120.8695,40.7677,葫芦岛市,东城区,细颗粒物(PM2.5),148,123,139,113,132,75,12,54,27,75,51,32,25,1.7,1.8
2022-11-10T17:00:00,1611A,118.5819,24.9117,泉州市,涂山街,,43,43,32,18,14,104,94,86,86,14,13,7,7,0.6,0.5
2022-11-10T17:00:00,1612A,118.5972,24.8978,泉州市,津头埔,,47,47,35,27,19,99,90,84,84,18,17,7,6,0.6,0.5
2022-11-10T17:00:00,1613A,118.6663,24.9424,泉州市,万安,,40,40,32,23,23,106,98,93,93,12,11,8,7,0.5,0.5
2022-11-10T17:00:00,1614A,118.6117,24.9604,泉州市,清源山(对照点),,,,,,,,,,,,,,,,
2022-11-10T17:00:00,1616A,117.6795,36.229,济南市,技术学院,颗粒物(PM10),93,136,103,44,68,88,54,75,75,67,48,10,7,2.0,1.4
2022-11-10T17:00:00,1618A,118.3429,35.0532,临沂市,沂河小区,细颗粒物(PM2.5),75,95,68,55,39,99,88,81,81,32,37,6,6,0.7,0.5
2022-11-10T17:00:00,1619A,118.295,35.0583,临沂市,鲁南制药厂,颗粒物(PM10),73,95,63,46,27,107,98,90,90,31,30,6,7,1.0,0.7
2022-11-10T17:00:00,1620A,118.2794,34.9976,临沂市,新光毛纺厂,颗粒物(PM10),70,90,60,47,30,103,94,88,88,30,31,4,3,1.1,0.7
2022-11-10T17:00:00,1621A,118.3956,35.0888,临沂市,河东保险公司,颗粒物(PM10),79,107,65,46,35,99,84,86,86,36,37,5,5,1.0,0.6
2022-11-10T17:00:00,1622A,116.3032,37.4674,德州市,儿童乐园,细颗粒物(PM2.5),250,288,228,200,142,71,61,52,52,45,61,13,12,1.3,1.2
2022-11-10T17:00:00,1624A,116.2991,37.4451,德州市,监理站,细颗粒物(PM2.5),180,260,207,136,101,78,67,53,53,38,47,17,14,1.1,1.1
2022-11-10T17:00:00,1625A,115.9848,36.4372,聊城市,区政府,细颗粒物(PM2.5),168,180,133,127,86,87,28,47,46,53,37,15,26,1.0,0.9
2022-11-10T17:00:00,1628A,118.0062,37.3803,滨州市,市环保局,细颗粒物(PM2.5),163,195,169,124,103,116,86,58,58,37,59,22,18,1.2,1.2
2022-11-10T17:00:00,1629A,118.0018,37.3617,滨州市,第二水厂,细颗粒物(PM2.5),140,176,162,107,98,128,80,56,56,58,83,24,16,1.2,1.2
2022-11-10T17:00:00,1630A,117.9776,37.393,滨州市,北中新校,细颗粒物(PM2.5),142,116,114,108,102,103,75,56,56,60,80,19,15,1.1,1.2
2022-11-10T17:00:00,1631A,118.0414,36.8103,淄博市,人民公园,细颗粒物(PM2.5),123,136,133,93,95,107,88,82,82,43,62,8,8,0.7,1
2022-11-10T17:00:00,1632A,118.0253,36.8406,淄博市,东风化工厂,,,,,,,,,,,,,,,,
2022-11-10T17:00:00,1633A,117.8525,36.4847,淄博市,双山,细颗粒物(PM2.5),92,116,87,68,58,113,102,100,100,31,22,12,7,0.9,0.7
2022-11-10T17:00:00,1634A,117.9592,36.6331,淄博市,气象站,细颗粒物(PM2.5),104,133,104,78,61,127,97,98,98,43,49,12,12,1.0,0.8
2022-11-10T17:00:00,1635A,118.3092,36.8194,淄博市,莆田园,颗粒物(PM10),78,105,124,56,75,117,95,92,92,42,53,8,13,0.7,2.5
2022-11-10T17:00:00,1636A,117.8661,36.805,淄博市,三金集团,,,,,,,,,,,,,,,,
2022-11-10T17:00:00,1637A,117.558,34.8438,枣庄市,市中区政府,细颗粒物(PM2.5),85,95,86,63,49,101,89,87,87,42,35,16,8,0.9,0.7
2022-11-10T17:00:00,1638A,117.2852,34.7837,枣庄市,薛城环保局,细颗粒物(PM2.5),92,93,82,68,57,89,85,70,70,42,33,7,8,0.9,0.8
2022-11-10T17:00:00,1639A,117.5852,34.7745,枣庄市,峄城区政府,细颗粒物(PM2.5),92,90,78,68,51,105,100,85,85,30,24,8,13,0.5,0.8
2022-11-10T17:00:00,1640A,117.7276,34.5578,枣庄市,台儿庄区环保局,细颗粒物(PM2.5),83,83,67,61,44,116,110,90,90,19,23,11,10,0.9,0.9
2022-11-10T17:00:00,1641A,117.4518,35.0992,枣庄市,山亭区环保局,细颗粒物(PM2.5),68,80,54,49,37,112,112,97,97,39,28,7,8,1.0,1
2022-11-10T17:00:00,1642A,121.2514,37.5639,烟台市,开发区,,39,39,37,24,29,76,68,56,56,35,39,8,10,0.8,0.8
2022-11-10T17:00:00,1643A,121.3719,37.5433,烟台市,轴承厂,,49,46,38,34,31,100,86,82,72,24,23,8,8,0.4,0.4
2022-11-10T17:00:00,1644A,121.3181,37.5436,烟台市,西郊化工站,颗粒物(PM10),56,61,51,30,30,99,86,83,60,23,35,8,10,0.9,1
2022-11-10T17:00:00,1645A,121.4478,37.4822,烟台市,莱山环保局,,39,39,37,24,25,93,91,72,72,16,22,7,8,0.6,0.6
2022-11-10T17:00:00,1646A,121.2611,37.4967,烟台市,福山环保局,,,,,,,,,,,,,,,,
2022-11-10T17:00:00,1648A,119.12,36.7019,潍坊市,仲裁委,,,,,,,,,,,,,,,,
2022-11-10T17:00:00,1650A,119.1437,36.7023,潍坊市,环保局,,48,48,69,22,42,101,90,76,76,23,37,2,4,0.4,0.6
2022-11-10T17:00:00,1652A,119.1936,36.7729,潍坊市,寒亭监测站,,,,,,,,,,,,,,,,
2022-11-10T17:00:00,1653A,116.6251,35.4302,济宁市,火炬城,细颗粒物(PM2.5),92,99,95,68,76,78,21,23,23,40,46,6,8,0.6,0.7
2022-11-10T17:00:00,1655A,116.5491,35.4042,济宁市,电化厂,细颗粒物(PM2.5),83,84,101,61,64,80,38,43,35,33,33,8,11,0.7,0.7
2022-11-10T17:00:00,1656A,117.1437,36.1937,泰安市,监测站,颗粒物(PM10),81,112,114,44,49,79,49,63,63,47,27,11,10,1.4,1.1
2022-11-10T17:00:00,1657A,117.0885,36.2017,泰安市,人口学校,颗粒物(PM10),89,127,99,54,52,102,45,78,56,52,28,14,13,1.5,0.9
2022-11-10T17:00:00,1658A,117.1089,36.1758,泰安市,电力学校,,,,110,,70,77,45,61,61,54,36,11,9,1.2,1.2
2022-11-10T17:00:00,1659A,119.471,35.4209,日照市,监测站,,36,36,41,21,24,112,85,94,94,26,53,5,7,0.6,0.8
2022-11-10T17:00:00,1660A,119.523,35.4216,日照市,市政府广场,,34,34,34,22,18,109,77,99,97,26,20,4,4,0.5,0.5
2022-11-10T17:00:00,1661A,119.5587,35.4044,日照市,港务局,,39,39,33,22,17,122,69,115,98,35,11,4,4,0.5,0.5
2022-11-10T17:00:00,1662A,122.1214,37.4236,威海市,华夏技校,,39,39,41,20,29,98,98,86,73,24,27,5,5,0.3,0.3
2022-11-10T17:00:00,1663A,122.0508,37.5236,威海市,山大分校,,39,39,37,24,22,114,99,112,97,24,21,3,3,0.3,0.3
2022-11-10T17:00:00,1664A,122.1067,37.5072,威海市,市监测站,,42,42,39,27,27,105,96,92,92,27,27,12,5,0.7,0.6
2022-11-10T17:00:00,1665A,118.5019,37.4658,东营市,西城阳光环保公司,,,,,,,,,,,,,,,,
2022-11-10T17:00:00,1666A,118.6614,37.4309,东营市,市环保局,细颗粒物(PM2.5),117,117,89,88,69,94,81,66,66,50,42,17,13,1.2,1
2022-11-10T17:00:00,1669A,113.5824,24.7733,韶关市,市八中,,40,35,41,22,23,126,126,90,90,14,23,17,14,0.7,0.6
2022-11-10T17:00:00,1670A,113.5556,24.8082,韶关市,碧湖山庄,,,,,,,,,,,,,,,,
2022-11-10T17:00:00,1671A,113.5917,24.7972,韶关市,园林处,,44,34,37,17,22,138,138,91,91,8,24,9,10,0.8,0.8
2022-11-10T17:00:00,1672A,113.6735,24.7791,韶关市,韶关学院,,34,33,38,22,26,116,107,82,82,29,22,22,13,1.1,0.6
2022-11-10T17:00:00,1673A,113.5971,24.6863,韶关市,曲江监测站,,43,38,47,30,26,112,102,89,89,12,25,12,12,0.9,1
2022-11-10T17:00:00,1674A,116.6794,23.3667,汕头市,金平子站,颗粒物(PM10),56,62,35,22,22,125,118,115,115,18,28,10,14,0.5,0.6
2022-11-10T17:00:00,1675A,116.7244,23.3633,汕头市,龙湖子站,颗粒物(PM10),53,55,45,20,15,128,115,112,112,17,20,10,12,0.6,0.7
2022-11-10T17:00:00,1676A,116.7258,23.2775,汕头市,濠江子站,,37,37,31,23,21,121,107,101,101,20,20,9,10,0.8,0.8
2022-11-10T17:00:00,1677A,116.7519,23.4714,汕头市,澄海子站,,40,37,36,22,23,129,125,115,115,17,23,5,7,0.5,0.6
2022-11-10T17:00:00,1678A,116.6092,23.2539,汕头市,潮阳子站,,40,40,35,18,17,139,113,113,113,19,17,9,10,0.7,0.8
2022-11-10T17:00:00,1679A,116.4069,23.2533,汕头市,潮南子站,,,,,,,,,,,,,,,,
2022-11-10T17:00:00,1680A,110.3539,21.2706,湛江市,湛江影剧院,,38,38,34,20,24,139,115,128,121,13,13,6,7,0.5,0.5
2022-11-10T17:00:00,1681A,110.3928,21.2228,湛江市,市环境监测站,,39,38,31,19,19,135,122,126,119,7,10,6,7,0.5,0.5
2022-11-10T17:00:00,1682A,110.4019,21.1997,湛江市,环保局宿舍,,38,32,30,18,23,129,121,125,119,8,11,7,8,0.5,0.5
2022-11-10T17:00:00,1683A,110.4111,21.2028,湛江市,霞山游泳场,,39,24,34,17,21,132,123,124,120,6,10,7,8,0.5,0.4
2022-11-10T17:00:00,1684A,110.3316,21.2679,湛江市,麻章区环保局,,36,36,32,15,23,134,111,119,118,10,13,6,8,0.6,0.6
2022-11-10T17:00:00,1685A,110.4558,21.2567,湛江市,坡头区环保局,,39,32,32,18,24,141,124,126,123,6,9,6,9,0.4,0.5
2022-11-10T17:00:00,1686A,111.0286,21.4688,茂名市,电白南海,,37,36,45,12,21,137,118,118,118,11,15,8,10,0.4,0.4
2022-11-10T17:00:00,1687A,110.9294,21.6533,茂名市,茂石化七小,,43,31,35,22,26,135,135,108,108,12,11,14,15,0.6,0.5
2022-11-10T17:00:00,1688A,110.9107,21.6687,茂名市,健康路,,42,28,32,14,17,133,133,107,107,9,9,11,14,0.8,0.7
2022-11-10T17:00:00,1689A,110.8592,21.6828,茂名市,高岭,,44,34,32,22,26,138,138,108,108,9,14,11,12,0.1,0
2022-11-10T17:00:00,1690A,116.1231,24.3284,梅州市,梅江月梅,,41,28,36,13,19,130,130,101,101,10,24,4,4,0.4,0.4
2022-11-10T17:00:00,1691A,116.0797,24.2719,梅州市,梅县新城,,43,41,36,24,20,135,135,109,109,10,26,8,7,0.3,0.5
2022-11-10T17:00:00,1692A,116.1248,24.2654,梅州市,环境监控中心,,38,25,35,21,18,132,120,104,104,12,26,9,7,0.3,0.4
2022-11-10T17:00:00,1693A,115.3653,22.775,汕尾市,市环保局,,39,35,26,14,12,126,122,107,107,6,11,8,8,0.5,0.6
2022-11-10T17:00:00,1694A,115.3706,22.7898,汕尾市,市政府,,39,24,27,14,19,129,123,108,108,9,12,9,8,0.5,0.5
2022-11-10T17:00:00,1695A,115.3622,22.7925,汕尾市,新城中学,,42,42,31,18,15,128,118,107,107,9,9,9,9,0.6,0.6
2022-11-10T17:00:00,1696A,114.6778,23.7569,河源市,源西(对照点),,,,36,14,16,91,63,61,61,12,24,4,5,0.5,0.7
2022-11-10T17:00:00,1697A,114.6944,23.7586,河源市,东埔,,27,13,36,12,18,104,84,72,72,6,24,5,5,0.6,0.8
2022-11-10T17:00:00,1698A,114.6892,23.7233,河源市,老城,,29,29,38,6,15,99,72,72,72,4,17,4,4,0.6,0.7
2022-11-10T17:00:00,1699A,111.9797,21.8593,阳江市,鸳鸯湖(对照点),,35,33,44,20,30,109,109,97,97,11,24,8,7,0.7,0.9
2022-11-10T17:00:00,1700A,111.9508,21.8536,阳江市,南恩路,,,,,,,,,,,,,,,,
2022-11-10T17:00:00,1701A,111.9491,21.8658,阳江市,马南垌,,36,36,47,23,38,106,106,95,95,13,29,9,7,0.7,0.9
2022-11-10T17:00:00,1702A,113.0426,23.691,清远市,环保大楼(对照点),臭氧1小时,79,49,24,38,18,200,183,114,114,6,14,4,4,0.7,0.7
2022-11-10T17:00:00,1703A,113.0208,23.7106,清远市,凤城街办,,46,42,24,32,17,112,102,68,68,13,17,8,9,0.8,0.8
2022-11-10T17:00:00,1705A,116.6367,23.6719,潮州市,西园路(对照点),颗粒物(PM10),54,58,52,30,31,159,132,133,133,13,15,10,14,0.7,0.8
2022-11-10T17:00:00,1706A,116.6447,23.6706,潮州市,档案局,颗粒物(PM10),51,52,50,31,30,164,129,144,144,13,15,9,15,0.7,0.7
2022-11-10T17:00:00,1708A,116.3701,23.5345,揭阳市,新兴,颗粒物(PM10),58,66,48,26,30,164,135,133,133,19,20,12,11,0.6,0.6
2022-11-10T17:00:00,1709A,116.3264,23.5443,揭阳市,西马,颗粒物(PM10),60,70,54,25,28,160,144,129,129,11,17,9,8,0.7,0.8
2022-11-10T17:00:00,1710A,116.3611,23.5626,揭阳市,东兴,颗粒物(PM10),56,61,57,26,28,158,141,142,142,14,23,10,11,0.7,0.8
2022-11-10T17:00:00,1711A,116.4151,23.5294,揭阳市,渔湖,颗粒物(PM10),52,54,47,34,27,165,126,144,144,13,18,8,9,0.6,0.7
2022-11-10T17:00:00,1712A,112.0392,22.9169,云浮市,新市府(对照点),,29,24,35,20,20,91,86,64,64,6,13,5,9,0.5,0.6
2022-11-10T17:00:00,1713A,112.0369,22.9394,云浮市,市监测站,,,,,,,,,,,,,,,,
2022-11-10T17:00:00,1714A,112.0539,22.9539,云浮市,牧羊,,39,37,54,27,23,90,69,60,60,17,22,11,20,0.5,0.7
2022-11-10T17:00:00,1715A,102.575,24.3711,玉溪市,东风水库,,28,26,24,14,15,95,87,70,70,13,14,6,5,0.6,0.6
2022-11-10T17:00:00,1718A,115.4208,35.2464,菏泽市,气象局,细颗粒物(PM2.5),92,71,116,68,83,94,33,60,30,36,31,4,5,0.6,0.6
2022-11-10T17:00:00,1719A,115.4747,35.2375,菏泽市,市政协,细颗粒物(PM2.5),77,64,115,56,93,97,38,60,32,38,37,4,6,0.5,0.5
2022-11-10T17:00:00,1720A,115.455,35.27,菏泽市,菏泽学院,,,,,,,,,,,,,,,,
2022-11-10T17:00:00,1721A,113.3819,40.1097,大同市,果树场(对照点),,,,,,,,,,,,,,,,
2022-11-10T17:00:00,1723A,113.2994,40.0758,大同市,云冈宾馆,,45,36,75,31,61,75,66,58,58,22,34,8,14,1.1,1.3
2022-11-10T17:00:00,1724A,113.3444,40.0917,大同市,大同大学,,,,,25,51,80,64,59,59,21,26,8,13,1.0,1.1
2022-11-10T17:00:00,1725A,113.2661,40.1269,大同市,安家小村,,,,,,,,,,,,,,,,
2022-11-10T17:00:00,1726A,113.2711,40.0844,大同市,教育学院,,,32,69,,,75,68,59,59,16,25,7,14,0.7,0.9
2022-11-10T17:00:00,1727A,113.1147,36.1547,长治市,清华站,细颗粒物(PM2.5),122,86,74,92,79,97,37,38,27,26,34,7,8,1.3,1.1
2022-11-10T17:00:00,1728A,113.1031,36.1989,长治市,监测站,细颗粒物(PM2.5),122,82,86,92,88,94,18,37,20,42,42,7,8,1.3,1.3
2022-11-10T17:00:00,1730A,113.0886,36.2125,长治市,审计局,细颗粒物(PM2.5),138,89,91,105,97,93,24,25,22,35,41,3,4,1.4,1.1
2022-11-10T17:00:00,1731A,113.0844,36.1856,长治市,长治八中,细颗粒物(PM2.5),105,115,112,79,75,90,19,28,15,39,44,9,11,1.5,1.3
2022-11-10T17:00:00,1733A,111.5531,36.0783,临汾市,临钢医院,细颗粒物(PM2.5),175,146,135,132,126,32,28,23,23,56,52,9,5,1.6,1.5
2022-11-10T17:00:00,1734A,111.5028,36.0714,临汾市,技工学校,细颗粒物(PM2.5),169,153,143,128,118,39,38,28,28,41,49,14,13,1.3,1.2
2022-11-10T17:00:00,1735A,111.5169,36.0822,临汾市,工商学校,,,,,,,,,,,,,,,,
2022-11-10T17:00:00,1736A,111.5018,36.0855,临汾市,市委,细颗粒物(PM2.5),163,148,142,124,106,42,39,30,30,42,48,6,6,1.1,1
2022-11-10T17:00:00,1738A,113.5758,37.8572,阳泉市,市中心,细颗粒物(PM2.5),160,144,180,122,115,106,104,72,72,35,54,16,19,1.1,1.6
2022-11-10T17:00:00,1739A,113.4894,37.8731,阳泉市,赛鱼,细颗粒物(PM2.5),148,155,145,113,98,99,98,75,75,36,50,12,14,0.8,1.2
2022-11-10T17:00:00,1740A,113.5819,37.8486,阳泉市,南庄,细颗粒物(PM2.5),134,171,190,102,112,107,100,69,69,38,54,16,16,1.2,1.7
2022-11-10T17:00:00,1741A,113.6292,37.8531,阳泉市,白羊墅,,,,,,,,,,,,,,,,
2022-11-10T17:00:00,1742A,113.5614,37.8703,阳泉市,平坦,细颗粒物(PM2.5),159,162,203,121,135,103,100,68,68,40,54,14,21,1.2,1.8
2022-11-10T17:00:00,1743A,113.5158,37.8392,阳泉市,大阳泉,细颗粒物(PM2.5),143,141,117,109,94,107,107,73,67,36,47,13,14,1.1,1.2
2022-11-10T17:00:00,1744A,118.9233,42.2816,赤峰市,松山一中,颗粒物(PM10),61,71,86,28,47,53,40,44,44,45,54,24,36,0.6,1.1
2022-11-10T17:00:00,1745A,118.9576,42.2728,赤峰市,哈达街,颗粒物(PM10),61,71,82,21,39,60,27,48,48,49,48,29,29,0.9,1
2022-11-10T17:00:00,1746A,118.8788,42.2554,赤峰市,天义路,颗粒物(PM10),55,60,84,22,41,58,30,47,47,52,49,68,29,0.8,0.9
2022-11-10T17:00:00,1748A,123.044,41.1196,鞍山市,深沟寺,,,66,111,54,89,132,70,125,86,22,20,,8,1.0,1.2
2022-11-10T17:00:00,1749A,123.011,41.0931,鞍山市,太阳城,,,62,121,46,85,128,65,116,79,,20,7,10,0.9,1.2
2022-11-10T17:00:00,1750A,123.0485,41.1442,鞍山市,太平,细颗粒物(PM2.5),105,116,153,79,94,121,39,114,62,62,30,10,12,1.2,1.2
2022-11-10T17:00:00,1751A,122.9642,41.0971,鞍山市,铁西三道街,细颗粒物(PM2.5),74,78,141,54,92,121,42,116,67,65,44,8,13,1.0,1.3
2022-11-10T17:00:00,1752A,122.9341,41.0833,鞍山市,铁西工业园区,细颗粒物(PM2.5),92,88,140,68,99,113,50,105,58,44,35,9,12,1.1,1.5
2022-11-10T17:00:00,1753A,123.022,41.0821,鞍山市,明达新区,细颗粒物(PM2.5),64,58,116,46,88,130,79,123,85,25,21,8,10,0.8,1.1
2022-11-10T17:00:00,1754A,123.1289,41.0228,鞍山市,千山(对照点),,,,,,,,,,,,,,,,
2022-11-10T17:00:00,1755A,123.7977,41.8491,抚顺市,望花区,细颗粒物(PM2.5),115,98,114,87,97,107,75,88,88,43,31,16,20,1.0,1.1
2022-11-10T17:00:00,1756A,123.9161,41.8822,抚顺市,顺城区,细颗粒物(PM2.5),113,106,112,85,88,85,58,69,69,60,45,19,15,1.1,1.2
2022-11-10T17:00:00,1757A,124.0436,41.8611,抚顺市,东洲区,细颗粒物(PM2.5),114,133,128,86,94,92,32,90,65,89,32,15,18,1.5,1.2
2022-11-10T17:00:00,1758A,123.9247,41.8642,抚顺市,新抚区,细颗粒物(PM2.5),123,112,123,93,93,79,50,61,61,68,48,13,11,1.1,1.1
2022-11-10T17:00:00,1759A,124.0972,41.8961,抚顺市,大伙房水库,细颗粒物(PM2.5),124,127,113,94,85,96,60,81,69,53,23,14,8,1.2,1.1
2022-11-10T17:00:00,1760A,123.7086,41.8391,抚顺市,沈抚新城,细颗粒物(PM2.5),108,132,119,81,90,101,74,80,80,38,28,10,16,1.1,1.2
2022-11-10T17:00:00,1761A,123.8275,41.3064,本溪市,大峪,细颗粒物(PM2.5),62,60,75,44,80,92,10,75,13,60,37,8,8,1.3,1.1
2022-11-10T17:00:00,1762A,123.7567,41.3325,本溪市,溪湖,细颗粒物(PM2.5),133,138,150,101,111,96,6,96,8,66,56,6,13,1.9,1.7
2022-11-10T17:00:00,1763A,123.7169,41.3094,本溪市,彩屯,颗粒物(PM10),62,74,168,43,118,81,9,64,9,77,62,22,21,3.0,2.7
2022-11-10T17:00:00,1764A,123.7669,41.2864,本溪市,东明,,48,38,84,33,73,105,20,104,23,75,49,11,13,1.4,1.2
2022-11-10T17:00:00,1765A,123.7992,41.2664,本溪市,新立屯,,22,18,75,15,72,116,30,116,33,43,38,7,8,0.8,0.8
2022-11-10T17:00:00,1766A,123.8142,41.3472,本溪市,威宁,细颗粒物(PM2.5),73,80,121,53,83,65,16,59,20,66,50,6,6,1.1,1.2
2022-11-10T17:00:00,1767A,121.1115,41.0879,锦州市,南山,细颗粒物(PM2.5),198,112,96,148,147,82,37,42,34,50,53,46,25,1.4,1.6
2022-11-10T17:00:00,1768A,121.0533,40.8434,锦州市,开发区,细颗粒物(PM2.5),203,136,113,153,159,85,26,51,26,51,52,20,23,1.8,1.9
2022-11-10T17:00:00,1769A,121.1836,41.1119,锦州市,百股街道,细颗粒物(PM2.5),178,155,148,134,144,87,41,40,40,44,53,124,26,1.8,2
2022-11-10T17:00:00,1770A,121.1178,41.1222,锦州市,天安街道,细颗粒物(PM2.5),199,134,117,149,152,83,28,34,34,68,62,21,24,1.6,1.8
2022-11-10T17:00:00,1771A,121.1303,41.1386,锦州市,北湖公园,细颗粒物(PM2.5),182,130,110,137,142,90,39,42,42,54,46,22,24,1.4,2
2022-11-10T17:00:00,1772A,126.54,43.8622,吉林市,哈达湾,颗粒物(PM10),59,68,131,35,83,103,63,68,68,39,47,18,30,0.8,1.5
2022-11-10T17:00:00,1773A,126.5844,43.8358,吉林市,东局子,"颗粒物(PM10),细颗粒物(PM2.5)",59,68,134,42,84,90,62,64,64,35,60,6,13,0.6,1.2
2022-11-10T17:00:00,1774A,126.5052,43.8245,吉林市,电力学院,细颗粒物(PM2.5),74,82,139,54,88,88,58,67,67,38,52,16,20,0.8,1.3
2022-11-10T17:00:00,1775A,126.6133,43.8972,吉林市,江北,细颗粒物(PM2.5),77,88,121,56,79,90,53,71,71,42,42,8,10,0.8,1.2
2022-11-10T17:00:00,1776A,126.555,43.8306,吉林市,江南公园,颗粒物(PM10),59,67,125,41,79,86,58,61,61,38,63,8,16,0.7,1.4
2022-11-10T17:00:00,1778A,126.7061,43.7133,吉林市,丰满(对照点),,,,,,,,,,,,,,,,
2022-11-10T17:00:00,1779A,123.9305,47.3636,齐齐哈尔市,安居小区,,41,41,42,19,17,46,30,38,38,29,17,5,6,0.5,0.4
2022-11-10T17:00:00,1780A,123.9488,47.3386,齐齐哈尔市,中心广场,,,33,34,10,12,48,38,40,40,20,18,4,4,,0.4
2022-11-10T17:00:00,1781A,123.9483,47.3227,齐齐哈尔市,农牧车辆厂,颗粒物(PM10),58,66,36,11,16,50,33,43,43,23,15,6,8,0.5,0.5
2022-11-10T17:00:00,1783A,123.945,47.2988,齐齐哈尔市,市环境监测站,,,24,37,15,26,51,,48,48,,17,,5,,0.5
2022-11-10T17:00:00,1784A,129.61,44.561,牡丹江市,环保大楼,细颗粒物(PM2.5),57,48,61,40,38,75,41,60,60,39,28,4,9,0.6,0.6
2022-11-10T17:00:00,1785A,129.6115,44.5782,牡丹江市,文化广场,颗粒物(PM10),67,84,65,37,42,64,31,55,52,45,34,9,8,0.7,0.8
2022-11-10T17:00:00,1786A,129.5904,44.5963,牡丹江市,第一医院,细颗粒物(PM2.5),74,85,65,54,47,67,17,51,51,60,27,14,14,1.1,0.9
2022-11-10T17:00:00,1787A,129.6364,44.6075,牡丹江市,机车工厂,颗粒物(PM10),74,97,73,36,35,75,41,62,62,33,24,3,3,0.7,0.7
2022-11-10T17:00:00,1788A,129.6386,44.5462,牡丹江市,第一中学,颗粒物(PM10),69,88,62,30,33,68,31,55,55,42,34,4,5,0.5,0.6
2022-11-10T17:00:00,1789A,124.81117,46.03138,大庆市,大同区,细颗粒物(PM2.5),93,95,130,69,104,61,23,48,48,53,38,6,7,0.7,0.7
2022-11-10T17:00:00,1790A,125.129,46.533,大庆市,龙凤区,细颗粒物(PM2.5),218,190,138,168,122,93,44,62,62,32,31,8,9,0.5,0.7
2022-11-10T17:00:00,1791A,124.902,46.408,大庆市,红岗区,细颗粒物(PM2.5),52,40,99,36,84,77,50,63,63,16,27,6,9,0.3,0.6
2022-11-10T17:00:00,1792A,125.153,46.586,大庆市,萨尔图区,细颗粒物(PM2.5),153,134,144,117,135,68,34,53,53,47,33,10,10,0.6,0.7
2022-11-10T17:00:00,1793A,124.9042,46.6215,大庆市,让胡路区,细颗粒物(PM2.5),53,48,62,37,41,53,41,44,44,36,30,5,5,0.6,0.8
2022-11-10T17:00:00,1794A,118.3606,31.3519,芜湖市,监测站,,42,42,56,28,40,137,130,106,106,33,53,11,10,0.9,0.8
2022-11-10T17:00:00,1795A,118.3714,31.4134,芜湖市,科创中心,,,44,65,23,38,150,150,129,129,27,57,7,8,,0.6
2022-11-10T17:00:00,1796A,118.3673,31.3131,芜湖市,四水厂,颗粒物(PM10),56,61,65,36,38,151,144,121,121,28,46,10,10,0.8,0.7
2022-11-10T17:00:00,1797A,118.4022,31.3839,芜湖市,济民医院(对照点),,,,,,,,,,,,,,,,
2022-11-10T17:00:00,1798A,118.5092,31.6837,马鞍山市,湖东路四小,颗粒物(PM10),61,72,65,25,29,164,140,133,133,32,47,6,7,0.7,0.8
2022-11-10T17:00:00,1799A,118.5024,31.6449,马鞍山市,开发区,颗粒物(PM10),56,62,66,30,54,159,134,123,123,40,50,7,9,0.7,0.7
2022-11-10T17:00:00,1800A,118.5228,31.7231,马鞍山市,慈湖,颗粒物(PM10),52,53,80,27,42,156,150,132,132,26,49,6,16,0.6,0.8
2022-11-10T17:00:00,1801A,118.48,31.6928,马鞍山市,马钢动力厂,,,,,,,,,,,,,,,,
2022-11-10T17:00:00,1802A,118.6245,31.7241,马鞍山市,濮塘(对照点),,50,42,51,27,34,158,158,131,131,15,18,5,5,0.6,0.6
2022-11-10T17:00:00,1803A,115.9872,29.6815,九江市,十里,,49,41,81,34,51,155,137,111,111,16,49,10,16,0.8,1.4
2022-11-10T17:00:00,1804A,115.9584,29.7046,九江市,茅山头,颗粒物(PM10),55,60,78,32,49,160,141,110,110,25,63,9,11,0.9,1.1
2022-11-10T17:00:00,1805A,115.9877,29.7295,九江市,西园,颗粒物(PM10),52,53,103,33,62,141,126,108,108,42,62,4,17,0.8,1
2022-11-10T17:00:00,1806A,116.0172,29.6547,九江市,五七二七厂,,34,23,65,23,48,138,106,107,107,14,29,6,15,0.6,1
2022-11-10T17:00:00,1808A,115.9114,29.6038,九江市,综合工业园,,,62,82,27,46,157,111,107,107,,66,,10,,0.6
2022-11-10T17:00:00,1809A,116.0721,29.7535,九江市,石化总厂,,47,47,102,21,52,143,129,116,116,30,65,11,14,0.7,1
2022-11-10T17:00:00,1810A,115.9773,29.5698,九江市,庐山气象台(对照点),,32,18,14,15,14,117,102,104,104,11,9,15,9,0.4,0.4
2022-11-10T17:00:00,1811A,112.3628,34.6692,洛阳市,中信二小,,,,,,,,,,,,,,,,
2022-11-10T17:00:00,1812A,112.3931,34.6516,洛阳市,市委党校,细颗粒物(PM2.5),156,158,191,119,147,120,69,54,54,31,42,5,6,0.7,1
2022-11-10T17:00:00,1814A,112.4657,34.6871,洛阳市,豫西宾馆,细颗粒物(PM2.5),173,143,185,131,151,98,52,38,38,25,46,3,5,0.7,1
2022-11-10T17:00:00,1815A,112.494,34.6886,洛阳市,河南林校,细颗粒物(PM2.5),172,128,158,130,147,98,53,34,34,32,46,,,0.6,0.9
2022-11-10T17:00:00,1816A,112.3844,34.623,洛阳市,开发区管委会,细颗粒物(PM2.5),155,140,168,118,140,97,56,34,34,29,38,5,5,0.7,0.9
2022-11-10T17:00:00,1817A,112.4267,34.6258,洛阳市,市委新办公区,细颗粒物(PM2.5),169,144,181,128,150,65,52,34,34,30,42,4,4,0.7,0.9
2022-11-10T17:00:00,1818A,114.4839,36.0621,安阳市,棉研所(对照点),,,,,,,,,,,,,,,,
2022-11-10T17:00:00,1819A,114.3551,36.1017,安阳市,红庙街,细颗粒物(PM2.5),233,205,204,183,177,28,18,18,18,78,61,12,10,1.0,1.4
2022-11-10T17:00:00,1820A,114.361,36.0681,安阳市,银杏小区,细颗粒物(PM2.5),240,180,193,190,172,54,28,21,21,69,58,12,10,1.5,1.6
2022-11-10T17:00:00,1824A,114.3389,34.7781,开封市,肿瘤医院,细颗粒物(PM2.5),208,161,154,158,138,68,19,26,26,39,43,3,5,1.2,1.1
2022-11-10T17:00:00,1826A,114.2885,34.7965,开封市,世纪星幼儿园,细颗粒物(PM2.5),190,154,146,143,107,50,10,26,26,40,42,5,5,,1
2022-11-10T17:00:00,1828A,113.227,35.2125,焦作市,市环保局,细颗粒物(PM2.5),240,251,176,190,129,55,17,55,33,,43,6,10,1.9,1.5
2022-11-10T17:00:00,1829A,113.2464,35.1764,焦作市,高新区政府（停运20220628）,,,,,,,,,,,,,,,,
2022-11-10T17:00:00,1830A,113.1992,35.2590,焦作市,影视城(对照点),,,,,,,,,,,,,,,,
2022-11-10T17:00:00,1832A,113.3257,33.742,平顶山市,新华旅馆,细颗粒物(PM2.5),147,140,198,112,165,115,89,81,81,25,41,13,13,0.8,1
2022-11-10T17:00:00,1833A,113.2919,33.737,平顶山市,规划设计院,细颗粒物(PM2.5),132,151,219,100,159,126,99,90,90,37,68,12,9,0.9,1.3
2022-11-10T17:00:00,1834A,113.182,33.774,平顶山市,平顶山工学院,细颗粒物(PM2.5),125,139,217,95,163,136,102,97,97,26,37,13,11,0.7,1
2022-11-10T17:00:00,1835A,111.1922,34.7752,三门峡市,市政府,细颗粒物(PM2.5),119,86,111,90,119,113,89,110,86,23,21,5,8,0.9,0.9
2022-11-10T17:00:00,1836A,111.1587,34.7942,三门峡市,开发区,细颗粒物(PM2.5),127,146,164,96,116,106,88,104,81,26,22,4,6,1.1,1.1
2022-11-10T17:00:00,1838A,111.143,34.7955,三门峡市,风景区(对照点),,,,,,,,,,,,,,,,
2022-11-10T17:00:00,1839A,111.3009,30.7157,宜昌市,四零三,,,,,,,,,,,,,,,,
2022-11-10T17:00:00,1840A,111.2992,30.6981,宜昌市,白龙岗,细颗粒物(PM2.5),73,80,85,53,61,187,157,130,130,42,34,6,5,0.6,0.7
2022-11-10T17:00:00,1841A,111.3549,30.6465,宜昌市,伍家岗,细颗粒物(PM2.5),73,86,94,53,67,170,155,128,128,14,45,9,6,0.7,0.9
2022-11-10T17:00:00,1842A,111.2628,30.6961,宜昌市,点军区,,,82,88,56,68,179,,116,116,28,28,6,6,0.7,0.8
2022-11-10T17:00:00,1843A,111.3275,30.7819,宜昌市,夷陵区,,,,85,,62,175,,125,125,26,35,9,9,0.6,0.8
2022-11-10T17:00:00,1844A,112.2494,30.3197,荆州市,市图书馆,,,,118,,88,175,169,137,137,,63,11,10,,1.2
2022-11-10T17:00:00,1845A,112.2008,30.3544,荆州市,市委党校,颗粒物(PM10),63,75,123,42,72,179,162,146,146,38,51,8,7,0.9,1
2022-11-10T17:00:00,1847A,113.1094,29.3578,岳阳市,南湖风景区,,36,36,67,25,47,149,114,117,117,12,45,9,14,0.5,1
2022-11-10T17:00:00,1848A,113.1493,29.4251,岳阳市,城陵矶,,50,50,86,33,45,137,103,88,88,45,82,11,13,0.7,0.9
2022-11-10T17:00:00,1849A,113.1497,29.3575,岳阳市,开发区,,,,69,,43,52,,60,,,56,,12,,0.9
2022-11-10T17:00:00,1850A,113.2621,29.4758,岳阳市,云溪区,,50,36,64,19,42,158,158,122,122,16,38,15,12,0.6,0.9
2022-11-10T17:00:00,1851A,112.9943,29.4402,岳阳市,君山区,,34,17,67,18,54,134,108,102,102,14,37,7,10,0.4,0.7
2022-11-10T17:00:00,1852A,113.2117,29.355,岳阳市,金凤水库(对照点),,42,26,47,21,34,141,132,117,117,5,27,6,8,0.6,0.8
2022-11-10T17:00:00,1854A,111.6975,28.9703,常德市,市二中,细颗粒物(PM2.5),74,82,97,54,73,173,157,137,137,24,37,12,12,0.3,0.4
2022-11-10T17:00:00,1857A,111.7158,29.1456,常德市,白鹤山(对照点),细颗粒物(PM2.5),80,63,64,59,46,145,142,121,121,9,5,10,6,0.7,0.6
2022-11-10T17:00:00,1858A,110.5319,29.1217,张家界市,永定新区,颗粒物(PM10),51,52,59,33,39,137,111,100,100,26,28,5,4,0.5,0.5
2022-11-10T17:00:00,1859A,110.4697,29.1242,张家界市,电业局,,48,48,52,30,34,126,99,91,91,37,34,6,5,0.5,0.4
2022-11-10T17:00:00,1860A,110.5594,29.3547,张家界市,未央路,,32,26,38,15,28,136,102,105,105,14,12,5,5,0.2,0.2
2022-11-10T17:00:00,1861A,110.4417,29.315,张家界市,袁家界(对照点),,35,33,45,5,34,155,112,147,133,14,8,11,12,0.4,0.4
2022-11-10T17:00:00,1862A,110.4144,25.3167,桂林市,电子科大尧山校区(对照点),,29,25,28,18,20,111,92,89,89,4,9,6,7,0.5,0.6
2022-11-10T17:00:00,1863A,110.2819,25.2697,桂林市,监测站,,,,30,,20,100,82,82,82,,14,3,8,0.5,0.6
2022-11-10T17:00:00,1864A,110.3089,25.2708,桂林市,龙隐路小学,,28,28,30,19,22,89,74,74,74,8,19,4,9,0.4,0.5
2022-11-10T17:00:00,1865A,110.2869,25.2178,桂林市,八中,,24,22,28,13,16,87,75,70,70,10,20,4,7,0.2,0.3
2022-11-10T17:00:00,1866A,109.2262,21.588,北海市,牛尾岭水库(对照点),,40,34,31,15,22,126,126,103,103,5,7,9,9,0.5,0.6
2022-11-10T17:00:00,1867A,109.1436,21.4086,北海市,海滩公园,臭氧1小时,54,50,31,27,14,168,163,147,147,6,7,9,8,0.7,0.6
2022-11-10T17:00:00,1868A,109.0981,21.4661,北海市,新市环保局,,45,37,28,27,19,144,144,120,120,9,11,7,7,0.5,0.5
2022-11-10T17:00:00,1869A,109.1778,21.5233,北海市,北海工业园,颗粒物(PM10),51,51,40,24,21,141,141,110,110,9,15,9,10,0.4,0.4
2022-11-10T17:00:00,1870A,109.4856,24.3895,柳州市,柳东小学,,,34,38,,34,119,83,75,75,8,22,5,10,0.4,0.5
2022-11-10T17:00:00,1871A,109.4157,24.3277,柳州市,环保监测站,,25,18,34,15,20,83,80,73,73,9,15,4,4,0.5,0.6
2022-11-10T17:00:00,1872A,109.389,24.341,柳州市,河西水厂,,25,23,38,12,23,84,77,71,71,10,17,9,9,1.0,1
2022-11-10T17:00:00,1873A,109.4311,24.2921,柳州市,市四中,,38,38,47,15,23,85,82,73,73,6,16,7,8,0.7,0.7
2022-11-10T17:00:00,1874A,109.4006,24.3631,柳州市,市九中,,36,36,43,16,20,88,76,74,74,11,19,7,9,0.6,0.7
2022-11-10T17:00:00,1875A,109.4958,24.3134,柳州市,古亭山,,28,28,34,17,23,80,75,68,68,2,22,7,9,0.6,0.7
2022-11-10T17:00:00,1876A,109.5078,18.2489,三亚市,河东子站,,20,20,18,7,8,68,62,64,64,5,5,1,1,0.3,0.4
2022-11-10T17:00:00,1877A,109.4964,18.2681,三亚市,河西子站,,27,27,17,7,6,66,63,61,61,7,5,1,1,0.3,0.3
2022-11-10T17:00:00,1878A,104.7778,31.4741,绵阳市,富乐山,,,54,52,40,40,89,69,44,44,,20,,4,0.5,0.6
2022-11-10T17:00:00,1879A,104.7563,31.4535,绵阳市,市人大,细颗粒物(PM2.5),79,70,70,58,49,69,55,30,30,20,35,2,4,0.6,0.7
2022-11-10T17:00:00,1880A,104.6697,31.4668,绵阳市,高新区自来水公司,细颗粒物(PM2.5),69,82,74,50,45,65,63,29,21,19,33,6,9,0.7,0.8
2022-11-10T17:00:00,1881A,104.7287,31.5075,绵阳市,三水厂,细颗粒物(PM2.5),72,78,74,52,53,67,58,18,18,19,36,5,5,0.7,0.8
2022-11-10T17:00:00,1882A,104.563,28.793,宜宾市,石马中学(对照点),细颗粒物(PM2.5),109,83,86,82,62,70,63,49,49,14,19,6,5,0.7,0.8
2022-11-10T17:00:00,1883A,104.6201,28.7728,宜宾市,市委,细颗粒物(PM2.5),107,93,91,80,77,61,60,42,42,21,29,8,7,0.9,0.9
2022-11-10T17:00:00,1884A,104.6055,28.793,宜宾市,宜宾四中,细颗粒物(PM2.5),113,101,102,85,82,61,56,45,45,23,27,6,5,0.8,0.9
2022-11-10T17:00:00,1885A,104.639,28.7562,宜宾市,市政府,细颗粒物(PM2.5),102,99,96,76,76,66,66,46,46,25,27,8,7,0.8,0.8
2022-11-10T17:00:00,1886A,104.5742,28.7199,宜宾市,黄金嘴,细颗粒物(PM2.5),102,93,87,76,71,78,62,54,54,30,24,8,7,0.9,0.9
2022-11-10T17:00:00,1888A,101.6891,26.571,攀枝花市,弄弄坪,,34,33,62,20,34,110,106,71,71,21,40,14,15,0.8,1.5
2022-11-10T17:00:00,1889A,101.5769,26.5928,攀枝花市,河门口,,35,23,36,14,22,125,110,87,87,17,23,19,16,1.0,1.2
2022-11-10T17:00:00,1890A,101.7169,26.585,攀枝花市,炳草岗,,36,21,51,11,21,114,114,71,71,13,40,16,14,0.8,1.5
2022-11-10T17:00:00,1891A,101.7369,26.5008,攀枝花市,仁和,,30,18,36,12,24,110,96,78,78,8,20,8,13,0.6,1
2022-11-10T17:00:00,1893A,105.4324,28.9634,泸州市,九狮山(对照点),细颗粒物(PM2.5),63,53,56,45,53,68,67,47,47,17,19,11,8,0.4,0.4
2022-11-10T17:00:00,1894A,105.4427,28.9063,泸州市,小市上码头,细颗粒物(PM2.5),104,87,101,78,92,92,92,68,68,19,24,3,10,0.6,0.8
2022-11-10T17:00:00,1895A,105.4241,28.8573,泸州市,兰田宪桥,细颗粒物(PM2.5),89,86,101,66,77,93,93,66,66,15,20,8,23,0.7,0.7
2022-11-10T17:00:00,1896A,105.4379,28.8833,泸州市,市环监站,细颗粒物(PM2.5),90,81,95,67,80,87,86,61,61,16,20,5,7,0.6,0.7
2022-11-10T17:00:00,1897A,104.7547,29.3628,自贡市,大塘山(对照点),,,,,,,,,,,,,,,,
2022-11-10T17:00:00,1900A,104.7692,29.3411,自贡市,春华路,,,,,,,,,,,,,,,,
2022-11-10T17:00:00,1901A,104.4239,31.1208,德阳市,东山公园,颗粒物(PM10),61,72,78,32,45,60,60,24,24,15,34,7,8,0.8,0.9
2022-11-10T17:00:00,1902A,104.3826,31.1317,德阳市,西小区,颗粒物(PM10),65,79,84,41,45,59,54,18,18,24,42,7,8,0.7,0.8
2022-11-10T17:00:00,1903A,104.4053,31.1167,德阳市,市检察院,,,,,,,,,,,,,,,,
2022-11-10T17:00:00,1904A,104.3553,31.1091,德阳市,耐火材料厂,细颗粒物(PM2.5),77,82,104,56,52,57,53,22,22,27,39,8,9,0.7,0.8
2022-11-10T17:00:00,1905A,106.056,30.8064,南充市,西山风景区(对照点),细颗粒物(PM2.5),83,77,52,61,41,62,11,36,15,36,14,9,7,1.1,0.8
2022-11-10T17:00:00,1906A,106.0789,30.8023,南充市,南充市委,细颗粒物(PM2.5),79,92,60,58,40,62,10,22,13,48,22,11,9,0.9,0.7
2022-11-10T17:00:00,1907A,106.1031,30.8217,南充市,南充炼油厂,细颗粒物(PM2.5),74,88,62,54,38,72,12,24,13,43,23,9,10,0.8,0.7
2022-11-10T17:00:00,1908A,106.1064,30.7856,南充市,高坪区监测站,细颗粒物(PM2.5),85,94,58,63,42,75,10,18,12,36,24,18,14,0.8,0.7
2022-11-10T17:00:00,1909A,106.0642,30.7636,南充市,嘉陵区环保局,细颗粒物(PM2.5),97,69,51,72,48,35,13,26,23,38,21,22,14,1.0,0.7
2022-11-10T17:00:00,1910A,106.1087,30.8388,南充市,市环境监测站,细颗粒物(PM2.5),67,78,54,48,41,64,12,23,11,38,22,11,12,0.8,0.7
2022-11-10T17:00:00,1911A,106.9222,27.6869,遵义市,丁字口,,43,33,44,30,33,119,106,109,109,16,36,9,14,0.6,0.9
2022-11-10T17:00:00,1912A,106.9242,27.7019,遵义市,凤凰山,,39,39,39,25,20,119,113,111,111,10,12,7,7,0.5,0.5
2022-11-10T17:00:00,1913A,106.8906,27.6486,遵义市,忠庄,,44,44,48,23,26,117,106,106,106,12,19,3,3,0.4,0.5
2022-11-10T17:00:00,1914A,106.9231,27.6506,遵义市,舟水桥,,39,39,60,24,31,115,108,104,104,9,25,4,5,0.5,0.6
2022-11-10T17:00:00,1915A,106.9178,27.72,遵义市,干田坝,,42,40,42,29,28,115,104,106,106,11,26,6,8,0.4,0.5
2022-11-10T17:00:00,1916A,103.7897,25.5035,曲靖市,环境监测站,,46,26,35,32,25,124,121,92,92,8,13,5,5,0.4,0.4
2022-11-10T17:00:00,1917A,103.8,25.5364,曲靖市,烟厂办公区,,40,22,35,8,21,125,125,92,92,5,11,5,7,0.4,0.5
2022-11-10T17:00:00,1918A,108.7197,34.3956,咸阳市,气象站(对照点),颗粒物(PM10),109,167,140,77,66,34,8,15,15,57,46,7,7,1.2,1.1
2022-11-10T17:00:00,1919A,108.673,34.3155,咸阳市,实验中学,颗粒物(PM10),120,190,154,62,65,28,5,19,7,50,48,4,4,0.9,0.9
2022-11-10T17:00:00,1920A,108.7233,34.3617,咸阳市,师范学院,颗粒物(PM10),125,199,138,72,68,21,4,13,8,62,48,6,6,1.5,1.2
2022-11-10T17:00:00,1922A,109.0656,35.0994,铜川市,党校(对照点),细颗粒物(PM2.5),105,95,126,79,87,87,87,75,75,24,42,13,14,1.1,1.2
2022-11-10T17:00:00,1923A,109.0697,35.0697,铜川市,王益区政府,"颗粒物(PM10),细颗粒物(PM2.5)",87,123,141,64,69,81,81,72,72,16,38,5,6,1.0,1.3
2022-11-10T17:00:00,1924A,108.9344,34.9058,铜川市,新区管委会,,,,152,,70,64,42,41,41,37,40,9,7,1.2,1.2
2022-11-10T17:00:00,1925A,108.9589,34.8731,铜川市,新区兰芝公司,,,,,,,,,,,,,,,,
2022-11-10T17:00:00,1926A,109.4131,36.6275,延安市,枣园(对照点),细颗粒物(PM2.5),69,72,61,50,38,66,39,25,25,21,30,4,4,1.4,1.2
2022-11-10T17:00:00,1927A,109.4761,36.6028,延安市,延大医附院,,,66,65,42,39,52,37,26,26,26,33,5,5,,1
2022-11-10T17:00:00,1928A,109.4824,36.5767,延安市,市监测站,,,,,,,,,,,,,,,,
2022-11-10T17:00:00,1929A,109.5056,36.6106,延安市,百米大道,细颗粒物(PM2.5),65,59,62,47,41,59,32,24,24,41,40,7,8,1.2,1.1
2022-11-10T17:00:00,1930A,107.185,34.3063,宝鸡市,庙沟村(对照点),,48,48,50,23,30,37,21,27,27,21,22,4,4,1.3,1.3
2022-11-10T17:00:00,1931A,107.0708,34.3017,宝鸡市,竹园沟,,45,45,63,31,48,44,34,38,38,28,31,6,6,1.0,1.1
2022-11-10T17:00:00,1932A,107.1906,34.3672,宝鸡市,三陆医院,颗粒物(PM10),64,78,70,39,46,41,7,28,19,48,37,8,8,1.1,1.1
2022-11-10T17:00:00,1933A,107.1431,34.3547,宝鸡市,监测站,颗粒物(PM10),58,66,75,34,59,35,16,24,21,38,44,6,7,1.0,1.1
2022-11-10T17:00:00,1934A,107.1186,34.3739,宝鸡市,技工学校,,,,63,52,67,48,12,38,31,58,41,5,6,1.1,1.1
2022-11-10T17:00:00,1935A,107.3906,34.3528,宝鸡市,陈仓区环保局家属楼,颗粒物(PM10),57,63,95,26,64,23,22,20,20,42,42,6,7,1.0,1.3
2022-11-10T17:00:00,1936A,107.2058,34.3497,宝鸡市,文理学院,颗粒物(PM10),65,79,78,35,46,33,6,25,22,54,48,6,8,1.2,1.2
2022-11-10T17:00:00,1937A,107.2386,34.3622,宝鸡市,三迪小学,细颗粒物(PM2.5),79,87,81,58,67,41,11,30,24,52,43,7,8,1.1,1.1
2022-11-10T17:00:00,1938A,109.5293,34.5101,渭南市,农科所(对照点),细颗粒物(PM2.5),192,180,143,144,109,83,66,60,60,28,46,7,7,1.2,1.2
2022-11-10T17:00:00,1939A,109.4974,34.4877,渭南市,日报社,细颗粒物(PM2.5),193,195,159,145,124,95,54,58,58,50,55,9,10,1.1,1
2022-11-10T17:00:00,1940A,109.4636,34.493,渭南市,体育馆,细颗粒物(PM2.5),190,175,152,143,129,100,79,66,66,27,50,8,8,1.1,1.1
2022-11-10T17:00:00,1941A,109.4259,34.5023,渭南市,高新一小,细颗粒物(PM2.5),200,189,158,150,130,84,68,61,61,30,48,6,6,1.1,1
2022-11-10T17:00:00,1943A,102.1725,38.5339,金昌市,新川苑,颗粒物(PM10),59,68,123,14,28,96,84,84,83,12,25,5,16,0.5,0.7
2022-11-10T17:00:00,1944A,102.1692,38.5167,金昌市,天庆家园,颗粒物(PM10),58,66,103,10,28,100,84,82,82,10,26,5,11,0.5,0.8
2022-11-10T17:00:00,1945A,98.2908,39.7711,嘉峪关市,气象局,,41,41,62,9,22,119,79,108,71,14,19,16,24,0.5,0.5
2022-11-10T17:00:00,1947A,106.3394,38.817,石嘴山市,沙湖旅游区(对照点),细颗粒物(PM2.5),113,92,161,85,116,108,108,56,56,23,52,15,14,1.0,1.7
2022-11-10T17:00:00,1948A,106.3668,39.0145,石嘴山市,大武口朝阳西街,细颗粒物(PM2.5),139,133,112,106,92,86,70,46,46,50,47,55,16,1.4,1.2
2022-11-10T17:00:00,1949A,106.7704,39.2282,石嘴山市,惠农南大街,,46,34,76,32,77,96,76,46,46,16,34,11,11,0.6,0.9
2022-11-10T17:00:00,1950A,106.7099,39.1325,石嘴山市,红果子镇惠新街,,48,48,86,32,70,98,79,55,55,18,32,11,12,0.7,0.9
2022-11-10T17:00:00,1951A,84.895,45.6094,克拉玛依市,长征新村,,19,4,5,3,6,64,58,64,48,5,6,5,5,0.2,0.2
2022-11-10T17:00:00,1952A,84.8988,45.5893,克拉玛依市,南林小区,,19,5,5,7,9,67,60,66,49,6,7,3,2,0.4,0.4
2022-11-10T17:00:00,1953A,85.1186,45.6886,克拉玛依市,白碱滩区,,,,,,,,,,,,,,,,
2022-11-10T17:00:00,1954A,84.905,44.3396,克拉玛依市,独山子区,,20,19,9,14,7,55,50,46,43,14,14,6,6,0.4,0.3
2022-11-10T17:00:00,1955A,85.6979,46.098,克拉玛依市,乌尔禾区商贸楼,,19,6,14,10,9,63,59,59,41,4,6,2,2,0.6,0.5
2022-11-10T17:00:00,1956A,86.1472,41.7538,巴音郭楞州,孔雀公园,,32,32,39,3,12,92,80,78,78,6,6,4,4,0.2,0.2
2022-11-10T17:00:00,1957A,86.1972,41.7166,巴音郭楞州,棉纺厂,,31,31,47,7,13,102,81,79,79,6,8,5,5,0.2,0.2
2022-11-10T17:00:00,1958A,86.2357,41.7173,巴音郭楞州,经济开发区,,27,13,51,7,8,106,86,78,78,3,6,6,7,0.3,0.2
2022-11-10T17:00:00,1959A,118.746,36.881,寿光市,监测站,,,,,,,,,,,,,,,,
2022-11-10T17:00:00,1960A,118.780,36.864,寿光市,世纪学校,,,,,,,,,,,,,,,,
2022-11-10T17:00:00,1961A,117.532,36.6868,济南市,东山小学,细颗粒物(PM2.5),89,125,106,66,57,113,85,76,76,51,49,11,7,0.8,0.7
2022-11-10T17:00:00,1962A,117.541,36.710,章丘市,明水开发区,,,,,,,,,,,,,,,,
2022-11-10T17:00:00,1963A,120.610,36.440,即墨市,环保局子站,,,,,,,,,,,,,,,,
2022-11-10T17:00:00,1964A,120.470,36.390,即墨市,开发区子站,,,,,,,,,,,,,,,,
2022-11-10T17:00:00,1965A,120.005,35.878,胶南市,JN子站,,,,,,,,,,,,,,,,
2022-11-10T17:00:00,1966A,120.0405,35.8735,青岛市,黄岛区4号,,35,34,35,17,20,114,111,114,93,22,30,5,6,0.6,0.6
2022-11-10T17:00:00,1967A,120.008,36.283,胶州市,胶州环保局,,,,,,,,,,,,,,,,
2022-11-10T17:00:00,1968A,120.014,36.253,胶州市,胶州一中,,,,,,,,,,,,,,,,
2022-11-10T17:00:00,1969A,120.537,36.865,莱西市,环保局子站,,,,,,,,,,,,,,,,
2022-11-10T17:00:00,1970A,120.515,36.885,莱西市,人民广场子站,,,,,,,,,,,,,,,,
2022-11-10T17:00:00,1971A,119.952,36.792,平度市,1号,,,,,,,,,,,,,,,,
2022-11-10T17:00:00,1972A,119.976,36.799,平度市,2号,,,,,,,,,,,,,,,,
2022-11-10T17:00:00,1973A,120.747,37.825,蓬莱市,蓬莱环保局,,,,,,,,,,,,,,,,
2022-11-10T17:00:00,1974A,120.773,37.809,蓬莱市,蓬莱博物馆,,,,,,,,,,,,,,,,
2022-11-10T17:00:00,1975A,120.399,37.374,招远市,招远环保局,,,,,,,,,,,,,,,,
2022-11-10T17:00:00,1976A,120.394,37.364,招远市,招远教育局,,,,,,,,,,,,,,,,
2022-11-10T17:00:00,1977A,119.941,37.177,莱州市,莱州环保局,,,,,,,,,,,,,,,,
2022-11-10T17:00:00,1978A,119.959,37.180,莱州市,莱州外经委,,,,,,,,,,,,,,,,
2022-11-10T17:00:00,1979A,122.471,37.154,荣成市,荣成市环保局办公楼,,,,,,,,,,,,,,,,
2022-11-10T17:00:00,1980A,122.410,37.161,荣成市,山东成山轮胎公司,,,,,,,,,,,,,,,,
2022-11-10T17:00:00,1981A,122.038,37.197,文登市,文登市环保局,,,,,,,,,,,,,,,,
2022-11-10T17:00:00,1982A,122.0693,37.2174,威海市,文登开发区,颗粒物(PM10),52,53,52,31,33,106,97,98,98,28,25,4,4,0.5,0.5
2022-11-10T17:00:00,1983A,121.531,36.913,乳山市,乳山市环保局,,,,,,,,,,,,,,,,
2022-11-10T17:00:00,1984A,121.544,36.907,乳山市,乳山市气象局,,,,,,,,,,,,,,,,
2022-11-10T17:00:00,1985A,120.636,31.155,吴江市,吴江市环保局,,,,,,,,,,,,,,,,
2022-11-10T17:00:00,1986A,120.635,31.170,吴江市,教师进修学校,,,,,,,,,,,,,,,,
2022-11-10T17:00:00,1987A,120.658,31.172,吴江市,吴江开发区,,,,,,,,,,,,,,,,
2022-11-10T17:00:00,1988A,120.953,31.388,昆山市,昆山实验小学,,,,,,,,,,,,,,,,
2022-11-10T17:00:00,1989A,120.999,31.381,昆山市,震川中学,,,,,,,,,,,,,,,,
2022-11-10T17:00:00,1990A,120.758,31.670,常熟市,海虞子站,,,,,,,,,,,,,,,,
2022-11-10T17:00:00,1991A,120.721,31.671,常熟市,兴福子站,,,,,,,,,,,,,,,,
2022-11-10T17:00:00,1992A,120.734,31.656,常熟市,菱塘子站,,,,,,,,,,,,,,,,
2022-11-10T17:00:00,1993A,120.526,31.874,张家港市,张家港市监测站,,,,,,,,,,,,,,,,
2022-11-10T17:00:00,1994A,120.550,31.882,张家港市,城北小学,,,,,,,,,,,,,,,,
2022-11-10T17:00:00,1995A,121.115,31.453,太仓市,太仓市监测站,,,,,,,,,,,,,,,,
2022-11-10T17:00:00,1996A,121.140,31.422,太仓市,科教新城实小,,,,,,,,,,,,,,,,
2022-11-10T17:00:00,1997A,119.146,31.955,句容市,消防指挥中心,,,,,,,,,,,,,,,,
2022-11-10T17:00:00,1998A,119.180,31.955,句容市,房家坝,,,,,,,,,,,,,,,,
2022-11-10T17:00:00,1999A,120.268,31.920,江阴市,虹桥邮政,,,,,,,,,,,,,,,,
2022-11-10T17:00:00,2000A,120.237,31.909,江阴市,五星公园,,,,,,,,,,,,,,,,
2022-11-10T17:00:00,2001A,120.302,31.920,江阴市,第二实验小学,,,,,,,,,,,,,,,,
2022-11-10T17:00:00,2002A,119.818,31.354,宜兴市,宜兴市环保局,,,,,,,,,,,,,,,,
2022-11-10T17:00:00,2003A,119.794,31.371,宜兴市,宜园,,,,,,,,,,,,,,,,
2022-11-10T17:00:00,2004A,119.579,31.751,金坛市,金坛市环境监测站,,,,,,,,,,,,,,,,
2022-11-10T17:00:00,2005A,119.579,31.737,金坛市,金坛市自来水公司,,,,,,,,,,,,,,,,
2022-11-10T17:00:00,2006A,119.460,31.400,溧阳市,溧阳市东门子站,,,,,,,,,,,,,,,,
2022-11-10T17:00:00,2007A,119.438,31.317,溧阳市,燕山子站,,,,,,,,,,,,,,,,
2022-11-10T17:00:00,2008A,121.173,31.896,海门市,海门市监测站,,,,,,,,,,,,,,,,
2022-11-10T17:00:00,2009A,121.1518,31.89708,海门市,社会福利院,,,,,,,,,,,,,,,,
2022-11-10T17:00:00,2010A,119.7183,30.2366,临安市,市政府,,,,,,,,,,,,,,,,
2022-11-10T17:00:00,2011A,119.6942,30.2311,临安市,四中,,,,,,,,,,,,,,,,
2022-11-10T17:00:00,2012A,119.954,30.054,富阳市,监测站,,,,,,,,,,,,,,,,
2022-11-10T17:00:00,2013A,119.946,30.049,富阳市,富春二小,,,,,,,,,,,,,,,,
2022-11-10T17:00:00,2014A,120.091,29.305,义乌市,江东,,,,,,,,,,,,,,,,
2022-11-10T17:00:00,2015A,120.040,29.334,义乌市,北苑,,,,,,,,,,,,,,,,
2022-11-10T17:00:00,2016A,120.251,29.719,诸暨市,图书馆,,,,,,,,,,,,,,,,
2022-11-10T17:00:00,2017A,120.209,29.732,诸暨市,富林印务,,,,,,,,,,,,,,,,
2022-11-10T17:00:00,2018A,121.989,39.625,瓦房店市,抱龙山庄,,,,,,,,,,,,,,,,
2022-11-10T17:00:00,2019A,122.011,39.617,瓦房店市,东山公园,,,,,,,,,,,,,,,,
2022-11-10T17:00:00,2031A,113.1817,27.9958,株洲市,云田中学,,37,30,51,14,27,126,116,112,112,11,18,9,11,0.5,0.7
2022-11-10T17:00:00,2054A,114.1099,32.1059,信阳市,平桥分局,细颗粒物(PM2.5),73,90,109,53,74,163,159,122,122,23,34,9,8,0.8,0.9
2022-11-10T17:00:00,2064A,113.9956,32.1271,信阳市,南湾水厂,细颗粒物(PM2.5),67,70,100,48,71,163,160,121,121,22,23,9,8,1.0,1
2022-11-10T17:00:00,2065A,114.0775,32.1195,信阳市,市酿酒公司,,,71,97,58,76,163,158,119,119,20,37,,8,1.0,1.1
2022-11-10T17:00:00,2066A,114.0609,32.1399,信阳市,审计局,细颗粒物(PM2.5),80,70,100,59,84,170,164,122,122,21,39,10,9,0.6,0.6
2022-11-10T17:00:00,2067A,114.6613,33.6128,周口市,市环境监测站,颗粒物(PM10),88,126,126,52,60,155,146,112,112,18,22,13,17,1.1,1
2022-11-10T17:00:00,2068A,114.6758,33.6347,周口市,周口师范,颗粒物(PM10),89,128,123,57,67,154,148,113,113,23,33,10,12,1.1,1.1
2022-11-10T17:00:00,2069A,114.6546,33.5979,周口市,市运管处,颗粒物(PM10),80,110,122,56,73,152,150,121,121,23,37,9,21,0.9,0.8
2022-11-10T17:00:00,2070A,114.6369,33.6406,周口市,川汇区环保局,颗粒物(PM10),85,119,127,61,69,149,144,111,111,22,32,9,11,0.9,0.9
2022-11-10T17:00:00,2075A,117.6336,24.4674,漳州市,九湖(对照点),,,,,,,,,,,,,,,,
2022-11-10T17:00:00,2160A,112.85,35.5051,晋城市,自来水公司,细颗粒物(PM2.5),85,86,79,63,64,147,99,78,78,16,27,6,7,0.9,1
2022-11-10T17:00:00,2161A,112.8318,35.4936,晋城市,白云商贸,细颗粒物(PM2.5),77,96,86,56,60,140,104,77,77,14,27,4,4,0.9,1.1
2022-11-10T17:00:00,2162A,112.8508,35.4887,晋城市,市环保局,细颗粒物(PM2.5),92,82,86,68,68,146,103,72,72,16,37,5,5,0.8,1
2022-11-10T17:00:00,2163A,112.8676,35.4897,晋城市,技术学院,,,,,,,,,,,,,,,,
2022-11-10T17:00:00,2164A,112.8271,35.4828,晋城市,泽州一中,,,,,,,,,,,,,,,,
2022-11-10T17:00:00,2165A,112.8453,35.546,晋城市,白马寺 (对照点),,,,,,,,,,,,,,,,
2022-11-10T17:00:00,2166A,112.4397,39.3522,朔州市,平朔,细颗粒物(PM2.5),203,171,138,153,125,100,97,71,71,28,38,5,25,1.1,1.3
2022-11-10T17:00:00,2167A,112.4575,39.3617,朔州市,朔唯,细颗粒物(PM2.5),192,158,145,144,123,104,92,76,76,29,36,8,23,1.0,1.2
2022-11-10T17:00:00,2168A,112.4258,39.3197,朔州市,区政府,细颗粒物(PM2.5),163,141,162,124,119,93,93,68,68,26,41,6,20,0.9,1.2
2022-11-10T17:00:00,2169A,112.4072,39.3278,朔州市,市环保局,细颗粒物(PM2.5),173,154,164,131,124,76,74,61,61,42,44,8,24,0.9,1.3
2022-11-10T17:00:00,2170A,112.4272,39.3681,朔州市,市二中,细颗粒物(PM2.5),186,163,162,140,116,98,92,69,69,29,42,9,23,1.5,1.6
2022-11-10T17:00:00,2171A,112.7532,37.6945,晋中市,锦纶小区,细颗粒物(PM2.5),139,117,147,106,113,104,74,74,74,42,43,8,10,0.9,1
2022-11-10T17:00:00,2173A,112.7249,37.7067,晋中市,南都小区,细颗粒物(PM2.5),113,117,158,85,111,99,79,67,67,35,47,10,14,1.0,1.1
2022-11-10T17:00:00,2174A,112.6991,37.6982,晋中市,榆次区政府,细颗粒物(PM2.5),85,96,147,63,120,82,79,61,61,34,48,7,10,1.0,1.1
2022-11-10T17:00:00,2175A,110.9956,35.0147,运城市,运城中学,细颗粒物(PM2.5),143,146,158,109,123,111,111,90,90,12,24,6,10,0.8,1.1
2022-11-10T17:00:00,2176A,111.0233,35.0611,运城市,禹都开发区,,,,,,,,,,,,,,,,
2022-11-10T17:00:00,2178A,110.9686,35.0303,运城市,地区技校,细颗粒物(PM2.5),135,150,164,103,117,111,111,90,90,11,31,6,10,1.0,1.6
2022-11-10T17:00:00,2179A,111.0414,35.1147,运城市,空港新区,细颗粒物(PM2.5),144,163,189,110,124,110,101,92,92,21,32,7,12,1.1,1.4
2022-11-10T17:00:00,2181A,112.7383,38.4519,忻州市,开发区,细颗粒物(PM2.5),134,118,139,102,121,108,107,66,66,17,43,10,8,1.1,1.2
2022-11-10T17:00:00,2182A,112.7003,38.4928,忻州市,会展中心,细颗粒物(PM2.5),140,121,143,107,122,97,89,63,63,25,51,15,11,0.7,0.9
2022-11-10T17:00:00,2183A,111.1406,37.5211,吕梁市,环保局,,48,46,78,33,35,89,76,59,59,26,39,6,7,0.6,0.7
2022-11-10T17:00:00,2185A,111.1297,37.5136,吕梁市,自来水公司,,48,48,79,30,37,84,79,59,59,22,36,6,8,0.7,0.8
2022-11-10T17:00:00,2186A,106.8288,39.6778,乌海市,聚英学校,,,,,,,,,,,,,,,,
2022-11-10T17:00:00,2187A,106.8174,39.6973,乌海市,市林业局,细颗粒物(PM2.5),54,55,103,38,57,95,69,51,51,19,53,14,16,0.7,1
2022-11-10T17:00:00,2188A,106.7907,39.6667,乌海市,中海勃湾学校,,49,39,103,34,67,118,70,55,55,27,57,18,20,0.6,1.1
2022-11-10T17:00:00,2191A,122.2532,43.6801,通辽市,艺术职业学校,细颗粒物(PM2.5),266,268,146,216,91,140,93,106,106,74,41,9,9,1.2,0.9
2022-11-10T17:00:00,2192A,119.7594,49.2261,呼伦贝尔市,区环保局,,36,36,38,15,19,28,23,24,24,23,26,6,5,0.6,0.5
2022-11-10T17:00:00,2194A,107.5936,40.916,巴彦淖尔市,秋林养殖基地(对照点),,,,,,,,,,,,,,,,
2022-11-10T17:00:00,2195A,107.4212,40.761,巴彦淖尔市,附二中,细颗粒物(PM2.5),77,88,121,56,66,63,31,30,30,23,32,5,13,0.9,1
2022-11-10T17:00:00,2196A,107.37,40.7372,巴彦淖尔市,市环保大楼,细颗粒物(PM2.5),80,96,107,59,67,83,30,28,28,26,34,4,5,0.9,1
2022-11-10T17:00:00,2197A,113.1306,40.9923,乌兰察布市,集宁新区,细颗粒物(PM2.5),69,64,58,50,42,21,16,16,16,50,42,14,11,1.2,0.9
2022-11-10T17:00:00,2200A,122.0392,46.0656,兴安盟,胜华新制药厂,细颗粒物(PM2.5),200,212,66,150,43,71,48,53,53,40,27,6,7,0.6,0.5
2022-11-10T17:00:00,2201A,121.9504,46.0741,兴安盟,科右前旗环保局,细颗粒物(PM2.5),198,183,81,148,63,93,61,68,68,37,26,9,10,0.5,0.4
2022-11-10T17:00:00,2202A,116.1042,43.9317,锡林郭勒盟,市环保监测站,,,21,58,10,20,98,81,81,81,,24,9,11,0.3,0.5
2022-11-10T17:00:00,2203A,116.0781,43.9311,锡林郭勒盟,市政府,,38,38,43,5,19,93,81,73,73,16,31,7,11,0.4,0.5
2022-11-10T17:00:00,2204A,105.6467,38.8363,阿拉善盟,西城区西花园(对照点),细颗粒物(PM2.5),105,91,74,79,49,113,82,80,80,17,30,10,11,0.7,0.6
2022-11-10T17:00:00,2205A,105.6985,38.8411,阿拉善盟,蒙二幼,细颗粒物(PM2.5),104,68,53,78,51,116,84,86,86,13,16,9,10,0.7,0.5
2022-11-10T17:00:00,2206A,105.724,38.8516,阿拉善盟,环保局新楼,细颗粒物(PM2.5),77,68,39,56,34,103,83,100,87,16,16,8,8,0.6,0.4
2022-11-10T17:00:00,2207A,121.6094,41.998,阜新市,工业园区,颗粒物(PM10),87,124,177,59,105,65,47,47,47,50,66,18,21,0.9,1.4
2022-11-10T17:00:00,2208A,121.6697,42.0279,阜新市,长青街,颗粒物(PM10),94,137,158,65,97,71,58,56,56,37,64,16,20,0.9,1.6
2022-11-10T17:00:00,2209A,121.6673,42.0705,阜新市,农业园区,细颗粒物(PM2.5),87,74,109,64,78,80,54,67,53,24,23,13,18,0.7,1
2022-11-10T17:00:00,2210A,121.6717,42.0224,阜新市,东苑,颗粒物(PM10),87,123,187,60,80,68,52,51,51,42,65,18,36,0.8,1.5
2022-11-10T17:00:00,2211A,121.6506,42.0498,阜新市,玉龙新城,细颗粒物(PM2.5),83,104,143,61,94,68,38,49,49,52,56,16,17,0.7,1.2
2022-11-10T17:00:00,2212A,123.2,41.1953,辽阳市,宏伟区,,50,34,86,35,55,100,59,100,64,28,21,6,8,0.8,1
2022-11-10T17:00:00,2213A,123.1683,41.2495,辽阳市,新华园,细颗粒物(PM2.5),90,97,111,67,80,93,38,88,59,51,32,15,16,0.9,1
2022-11-10T17:00:00,2214A,123.2354,41.2639,辽阳市,滨河路,细颗粒物(PM2.5),102,92,71,76,82,107,19,104,40,72,35,5,6,1.4,1.1
2022-11-10T17:00:00,2215A,123.149,41.2991,辽阳市,铁西工业园,细颗粒物(PM2.5),204,155,132,154,131,102,26,99,34,54,38,13,14,1.6,1.4
2022-11-10T17:00:00,2216A,123.8139,42.3022,铁岭市,汇工街西,细颗粒物(PM2.5),231,183,141,181,128,88,70,80,70,42,41,11,17,1.2,1
2022-11-10T17:00:00,2217A,123.8649,42.2923,铁岭市,水上乐园,细颗粒物(PM2.5),214,234,169,164,122,92,57,70,61,50,51,10,11,0.9,0.8
2022-11-10T17:00:00,2218A,123.8486,42.2867,铁岭市,银州路东段,细颗粒物(PM2.5),200,193,158,150,127,97,58,78,61,59,55,6,8,1.3,1.4
2022-11-10T17:00:00,2219A,123.7153,42.2217,铁岭市,金沙江路北,细颗粒物(PM2.5),204,167,119,154,126,81,44,64,59,29,31,5,10,1.4,1.2
2022-11-10T17:00:00,2220A,120.4318,41.5881,朝阳市,西梁,"颗粒物(PM10),细颗粒物(PM2.5)",62,74,143,44,93,82,72,64,64,25,54,18,27,0.9,1.4
2022-11-10T17:00:00,2221A,120.4521,41.5646,朝阳市,河畔小区,颗粒物(PM10),64,78,131,45,83,75,71,60,60,17,49,17,29,0.8,1.2
2022-11-10T17:00:00,2222A,120.4176,41.5648,朝阳市,八里堡,颗粒物(PM10),72,94,143,46,78,77,47,58,58,45,55,22,32,0.7,1.2
2022-11-10T17:00:00,2223A,120.3806,41.5969,朝阳市,农业园区,细颗粒物(PM2.5),74,90,118,54,77,72,56,58,58,44,62,18,17,0.8,1.1
2022-11-10T17:00:00,2225A,124.4002,43.1713,四平市,一商场,细颗粒物(PM2.5),110,136,131,83,82,88,63,64,64,46,46,7,8,0.9,0.9
2022-11-10T17:00:00,2226A,124.388,43.193,四平市,境园,细颗粒物(PM2.5),112,133,124,84,75,92,57,63,63,47,52,12,10,1.0,0.9
2022-11-10T17:00:00,2227A,125.1358,42.8845,辽源市,环保局,细颗粒物(PM2.5),108,99,89,81,70,102,66,75,75,65,50,10,11,1.4,1.3
2022-11-10T17:00:00,2229A,125.9358,41.7173,通化市,光明,细颗粒物(PM2.5),84,114,89,62,51,95,6,20,15,83,61,25,39,1.4,1.1
2022-11-10T17:00:00,2230A,125.9446,41.7325,通化市,铁路,细颗粒物(PM2.5),90,116,96,67,58,92,10,25,22,112,65,23,31,2.0,1.5
2022-11-10T17:00:00,2231A,126.4219,41.9171,白山市,喜丰,颗粒物(PM10),91,132,111,56,49,93,45,35,35,47,47,27,22,1.1,1
2022-11-10T17:00:00,2232A,126.4077,41.9419,白山市,环保局,细颗粒物(PM2.5),79,90,111,58,59,89,27,35,35,76,61,13,21,1.2,1.2
2022-11-10T17:00:00,2233A,124.8006,45.1214,松原市,江南,细颗粒物(PM2.5),180,144,216,136,191,69,60,53,53,33,62,9,15,0.5,1
2022-11-10T17:00:00,2234A,124.7965,45.1722,松原市,江北,细颗粒物(PM2.5),107,128,238,80,188,66,23,42,41,42,60,6,10,0.5,1.1
2022-11-10T17:00:00,2235A,122.7911,45.6077,白城市,洮北区环保局,细颗粒物(PM2.5),374,289,96,324,89,128,80,90,90,44,29,12,10,0.9,0.4
2022-11-10T17:00:00,2236A,122.8738,45.5725,白城市,市环保局,细颗粒物(PM2.5),251,270,108,201,59,114,70,82,82,45,32,16,11,0.8,0.5
2022-11-10T17:00:00,2237A,129.47,42.8883,延边朝鲜族自治州,妇幼医院,细颗粒物(PM2.5),133,74,53,101,41,88,32,56,56,63,39,10,8,1.0,0.8
2022-11-10T17:00:00,2238A,129.5055,42.9108,延边朝鲜族自治州,延边医院,细颗粒物(PM2.5),100,101,87,75,63,69,21,45,45,75,51,12,14,1.2,1.1
2022-11-10T17:00:00,2239A,129.3964,42.8881,延边朝鲜族自治州,朝阳川镇医院,细颗粒物(PM2.5),103,118,61,77,40,85,6,46,46,82,36,7,8,0.7,0.7
2022-11-10T17:00:00,2240A,130.9762,45.3001,鸡西市,环保局,,19,19,53,9,36,57,21,52,38,26,22,3,5,0.4,0.5
2022-11-10T17:00:00,2243A,130.9429,45.3039,鸡西市,第一中学,,22,22,55,11,31,68,33,65,45,13,12,4,7,0.4,0.5
2022-11-10T17:00:00,2244A,130.2537,47.3416,鹤岗市,哈啤分公司,,16,16,30,9,24,73,35,41,41,16,7,12,10,0.3,0.3
2022-11-10T17:00:00,2245A,130.2684,47.3086,鹤岗市,斯达机电,,25,25,36,12,24,70,26,40,40,26,14,6,7,0.3,0.3
2022-11-10T17:00:00,2246A,130.3114,47.3388,鹤岗市,东山纸板厂,,,,61,27,29,68,8,42,38,43,19,8,11,0.6,0.7
2022-11-10T17:00:00,2247A,130.1097,47.3382,鹤岗市,五号水库(对照点),,29,19,25,20,22,75,48,49,49,5,6,6,6,0.4,0.4
2022-11-10T17:00:00,2248A,131.1511,46.6937,双鸭山市,双合村,,26,26,27,3,22,59,19,44,42,28,11,6,6,0.4,0.3
2022-11-10T17:00:00,2249A,131.1652,46.6191,双鸭山市,南小市,,41,41,43,12,28,57,17,48,44,35,14,8,8,0.4,0.5
2022-11-10T17:00:00,2250A,131.1524,46.6554,双鸭山市,环保局,,34,34,38,17,26,67,18,47,45,35,16,4,5,0.4,0.3
2022-11-10T17:00:00,2251A,131.12,46.5656,双鸭山市,苗圃(对照点),,35,35,40,20,27,52,27,36,36,12,11,5,8,0.4,0.5
2022-11-10T17:00:00,2252A,128.5159,47.4311,伊春市,环保局,,28,28,57,12,56,46,11,30,30,37,22,5,5,0.7,0.6
2022-11-10T17:00:00,2253A,128.9102,47.7412,伊春市,电力嘉园,,,31,60,13,40,59,11,33,33,29,15,1,3,,0.6
2022-11-10T17:00:00,2254A,129.5029,48.471,伊春市,汤旺河国家公园(对照点),,25,25,24,16,18,43,22,35,35,4,2,5,6,0.2,0.1
2022-11-10T17:00:00,2255A,130.2751,46.8028,佳木斯市,佳纺,,38,38,50,5,26,50,7,33,32,38,21,5,3,0.7,0.4
2022-11-10T17:00:00,2256A,130.3995,46.8307,佳木斯市,发电厂,,17,12,31,8,27,56,12,38,37,34,13,3,1,0.5,0.4
2022-11-10T17:00:00,2257A,130.3258,46.7975,佳木斯市,环保局,,24,21,39,2,28,49,5,34,34,47,24,6,5,1.0,0.5
2022-11-10T17:00:00,2258A,130.3648,46.8032,佳木斯市,十一中,,20,19,40,4,26,46,14,38,37,39,26,3,5,0.7,0.6
2022-11-10T17:00:00,2259A,130.3794,46.7588,佳木斯市,四丰(对照点),,23,23,34,4,22,54,35,36,36,14,16,1,1,0.3,0.4
2022-11-10T17:00:00,2262A,131.0518,45.8751,七台河市,新一中(对照点),,17,17,48,3,35,82,43,47,47,9,13,7,8,0.6,1.4
2022-11-10T17:00:00,2263A,127.4833,50.2524,黑河市,交通局,,,15,16,9,11,41,26,36,35,22,10,,2,0.5,0.4
2022-11-10T17:00:00,2264A,127.5144,50.2341,黑河市,环保局,,22,19,11,15,13,46,34,41,41,15,7,9,5,0.4,0.3
2022-11-10T17:00:00,2265A,127.5291,50.2472,黑河市,大黑河岛(对照点),细颗粒物(PM2.5),63,3,14,45,13,46,38,43,43,2,2,3,2,0.2,0.2
2022-11-10T17:00:00,2266A,126.9785,46.6365,绥化市,人和东街,,39,34,105,27,87,56,42,49,49,16,30,3,8,0.9,1.1
2022-11-10T17:00:00,2267A,126.964,46.6528,绥化市,党政办公中心,细颗粒物(PM2.5),88,69,118,65,115,83,50,62,62,18,26,4,11,0.8,1.1
2022-11-10T17:00:00,2269A,124.1069,50.4097,大兴安岭地区,科技局,,15,10,10,10,14,42,27,36,36,19,8,4,6,0.3,0.2
2022-11-10T17:00:00,2270A,117.396,32.939,蚌埠市,工人疗养院,细颗粒物(PM2.5),113,118,102,85,62,133,91,79,79,24,41,5,8,0.7,0.6
2022-11-10T17:00:00,2271A,117.3605,32.9427,蚌埠市,百货大楼,细颗粒物(PM2.5),83,67,70,61,61,128,87,76,76,28,50,8,12,0.7,0.7
2022-11-10T17:00:00,2273A,117.4185,32.8911,蚌埠市,蚌埠学院,细颗粒物(PM2.5),73,88,96,53,61,135,85,74,74,36,51,10,16,0.8,0.7
2022-11-10T17:00:00,2274A,117.3533,32.9673,蚌埠市,淮上区政府,细颗粒物(PM2.5),89,105,93,66,58,123,93,76,76,21,39,7,10,0.6,0.6
2022-11-10T17:00:00,2275A,117.3145,32.8977,蚌埠市,高新区,细颗粒物(PM2.5),73,75,84,53,58,147,100,94,94,35,47,9,12,0.8,0.7
2022-11-10T17:00:00,2277A,116.8305,32.7727,淮南市,潘集区政府,细颗粒物(PM2.5),92,95,124,68,89,149,118,107,107,29,40,5,9,0.4,0.6
2022-11-10T17:00:00,2278A,117.0067,32.6524,淮南市,师范学院,细颗粒物(PM2.5),84,100,114,62,75,150,116,115,115,40,41,15,14,0.7,0.9
2022-11-10T17:00:00,2279A,116.8569,32.5951,淮南市,谢家集区政府,颗粒物(PM10),75,100,100,50,59,142,107,110,110,38,43,14,17,0.4,0.6
2022-11-10T17:00:00,2280A,116.8281,32.633,淮南市,八公山区政府,细颗粒物(PM2.5),80,83,91,59,74,159,118,116,116,32,31,15,19,0.5,0.7
2022-11-10T17:00:00,2281A,116.6325,32.6201,淮南市,焦岗湖风景区管理处(对照点),颗粒物(PM10),69,87,93,49,62,170,122,127,127,9,10,18,15,0.5,0.6
2022-11-10T17:00:00,2282A,116.8004,33.975,淮北市,监测站,细颗粒物(PM2.5),69,78,69,50,43,80,69,67,61,19,27,5,6,0.6,0.6
2022-11-10T17:00:00,2283A,116.8091,33.9007,淮北市,烈山区政府,细颗粒物(PM2.5),97,65,62,72,60,108,78,76,76,20,28,3,4,0.6,0.6
2022-11-10T17:00:00,2284A,116.7856,33.9477,淮北市,职业技术学院,颗粒物(PM10),60,70,66,42,38,103,75,74,74,19,26,6,7,0.8,0.8
2022-11-10T17:00:00,2285A,117.8177,30.9412,铜陵市,市第四中学,细颗粒物(PM2.5),52,49,83,36,46,132,127,104,104,31,46,9,6,0.3,0.5
2022-11-10T17:00:00,2286A,117.8059,30.9273,铜陵市,市公路局,颗粒物(PM10),53,55,74,24,49,125,120,97,97,27,43,10,8,0.7,0.8
2022-11-10T17:00:00,2287A,117.7807,30.9413,铜陵市,市新民污水厂,颗粒物(PM10),54,58,90,37,48,137,130,89,89,27,51,12,11,0.5,0.6
2022-11-10T17:00:00,2288A,117.7439,30.8792,铜陵市,市第九中学,颗粒物(PM10),64,77,117,44,57,110,110,61,61,45,76,12,12,1.0,0.8
2022-11-10T17:00:00,2289A,117.846,30.9413,铜陵市,车站新区,,50,48,79,35,46,126,113,92,92,30,50,7,5,0.4,0.5
2022-11-10T17:00:00,2290A,117.8483,30.97,铜陵市,市职教基地,颗粒物(PM10),51,51,73,26,47,141,128,103,103,23,29,8,7,0.4,0.5
2022-11-10T17:00:00,2291A,117.0809,30.5177,安庆市,环科院,,40,21,72,14,45,156,128,116,116,13,42,5,11,0.4,0.9
2022-11-10T17:00:00,2292A,117.0331,30.5119,安庆市,马山宾馆,,40,35,69,12,42,153,125,118,118,20,41,6,10,0.5,0.9
2022-11-10T17:00:00,2294A,116.9896,30.6145,安庆市,安庆大学,,41,34,66,19,39,152,130,118,118,17,35,7,8,0.6,0.9
2022-11-10T17:00:00,2295A,118.2903,29.6963,黄山市,延安路89号,,,10,29,5,20,99,98,84,84,6,18,5,6,,0.5
2022-11-10T17:00:00,2296A,118.327,29.7178,黄山市,黄山东路89号,,25,9,31,3,22,105,78,86,86,16,21,5,5,0.2,0.3
2022-11-10T17:00:00,2297A,118.1371,30.2756,黄山市,黄山区政府5号楼,,33,31,51,8,25,124,104,100,100,12,14,6,5,0.4,0.5
2022-11-10T17:00:00,2298A,118.3093,32.3153,滁州市,老年大学,细颗粒物(PM2.5),97,87,63,72,47,162,125,112,112,45,55,10,11,0.6,0.6
2022-11-10T17:00:00,2299A,118.3244,32.2786,滁州市,人大宾馆,颗粒物(PM10),57,63,80,34,41,157,124,117,117,50,57,4,6,0.7,0.8
2022-11-10T17:00:00,2301A,115.8277,32.8929,阜阳市,市监测站,细颗粒物(PM2.5),89,97,125,66,87,140,140,103,103,28,39,14,14,0.7,0.7
2022-11-10T17:00:00,2303A,115.8554,32.8605,阜阳市,开发区,细颗粒物(PM2.5),100,106,127,75,101,160,146,129,129,33,43,12,10,0.7,0.8
2022-11-10T17:00:00,2306A,116.989,33.6306,宿州市,火车站,,,,,,,,,,,,,,,,
2022-11-10T17:00:00,2307A,116.5079,31.737,六安市,监测大楼,,44,44,79,22,55,147,135,118,118,15,31,7,8,0.5,0.6
2022-11-10T17:00:00,2308A,116.4738,31.7643,六安市,皖西学院,,43,43,79,25,49,150,136,119,119,19,35,7,8,0.5,0.6
2022-11-10T17:00:00,2309A,116.4996,31.7905,六安市,朝阳厂,,,,76,,57,145,134,120,120,14,36,6,6,0.5,0.7
2022-11-10T17:00:00,2310A,116.5567,31.7886,六安市,开发区,,43,40,106,29,61,152,137,118,118,22,37,9,9,0.4,0.5
2022-11-10T17:00:00,2311A,115.8072,33.8399,亳州市,污水处理厂,细颗粒物(PM2.5),77,79,100,56,86,152,141,111,111,16,24,8,9,0.8,0.8
2022-11-10T17:00:00,2312A,115.7789,33.8518,亳州市,三国揽胜宫,细颗粒物(PM2.5),75,61,78,55,76,152,141,110,110,23,30,5,6,0.8,0.9
2022-11-10T17:00:00,2314A,117.47,30.6618,池州市,池州学院,细颗粒物(PM2.5),60,51,63,43,41,134,125,107,107,31,25,12,8,0.8,0.9
2022-11-10T17:00:00,2315A,117.4974,30.6539,池州市,平天湖(对照点),,,,,,,,,,,,,,,,
2022-11-10T17:00:00,2316A,118.7581,30.9454,宣城市,鳌峰子站,细颗粒物(PM2.5),52,43,62,36,38,138,138,99,99,16,40,4,9,0.6,0.6
2022-11-10T17:00:00,2317A,118.7385,30.9743,宣城市,敬亭山子站,颗粒物(PM10),54,58,57,28,32,128,111,94,94,47,25,7,8,0.5,0.6
2022-11-10T17:00:00,2318A,118.7173,30.9427,宣城市,开发区子站,,46,46,58,28,38,130,130,96,96,17,36,5,14,0.5,0.5
2022-11-10T17:00:00,2319A,119.0141,25.4325,莆田市,荔城区仓后路,,31,31,27,16,16,78,67,73,73,12,7,5,5,0.6,0.6
2022-11-10T17:00:00,2320A,119.0015,25.4553,莆田市,莆田市监测站,,21,18,20,12,11,84,66,75,72,14,4,6,5,0.6,0.6
2022-11-10T17:00:00,2321A,119.1119,25.4561,莆田市,涵江区六中,,34,34,27,20,19,74,66,68,68,10,7,7,8,0.7,0.6
2022-11-10T17:00:00,2322A,119.1013,25.3215,莆田市,秀屿区政府,细颗粒物(PM2.5),57,41,33,40,24,80,68,70,70,14,13,11,7,0.7,0.7
2022-11-10T17:00:00,2323A,118.981,25.4792,莆田市,东圳水库(对照点),,,,,,,,,,,,,,,,
2022-11-10T17:00:00,2324A,117.6211,26.2625,三明市,三钢,,25,12,26,15,17,93,78,78,78,11,20,5,6,0.3,0.4
2022-11-10T17:00:00,2325A,117.635,26.2714,三明市,三明二中,,24,13,26,13,15,87,75,74,74,8,20,8,9,0.4,0.5
2022-11-10T17:00:00,2326A,117.6028,26.2378,三明市,三元区政府,,24,24,29,15,18,88,64,69,69,18,22,7,8,0.6,0.7
2022-11-10T17:00:00,2327A,117.7275,26.3108,三明市,洋溪(对照点),,,,,,,,,,,,,,,,
2022-11-10T17:00:00,2331A,118.0966,26.6761,南平市,茫荡山(对照点),,,,,,,,,,,,,,,,
2022-11-10T17:00:00,2332A,118.1681,26.6369,南平市,南平市监测站,,21,13,32,14,21,79,66,67,67,11,26,8,12,0.5,0.8
2022-11-10T17:00:00,2333A,118.1825,26.6489,南平市,南平铝业有限公司,,22,22,30,10,22,79,51,66,66,24,28,7,10,0.5,0.6
2022-11-10T17:00:00,2334A,118.1756,26.6272,南平市,南平七中,,23,19,30,16,21,96,65,77,77,20,23,6,8,0.9,0.7
2022-11-10T17:00:00,2335A,117.0189,25.1181,龙岩市,龙岩师专(对照点),,,,,,,,,,,,,,,,
2022-11-10T17:00:00,2336A,117.0217,25.1033,龙岩市,龙岩市监测站,,26,17,26,8,16,93,81,78,78,14,21,9,10,0.4,0.5
2022-11-10T17:00:00,2337A,117.0258,25.0661,龙岩市,闽西职业技术学院,,26,25,45,9,19,100,82,80,80,12,23,8,21,0.5,0.6
2022-11-10T17:00:00,2338A,117.0196,25.0306,龙岩市,龙岩学院,,28,11,30,9,18,103,87,80,80,11,21,5,6,0.4,0.5
2022-11-10T17:00:00,2339A,119.5001,26.6946,宁德市,金涵水库(对照点),,,,,,,,,,,,,,,,
2022-11-10T17:00:00,2341A,119.5388,26.6612,宁德市,宁德市监测站,,48,48,38,17,21,65,57,47,47,20,25,7,5,0.7,0.7
2022-11-10T17:00:00,2342A,117.3102,29.3867,景德镇市,王港中学(对照点),,,17,32,12,18,76,66,62,62,,9,4,4,0.4,0.3
2022-11-10T17:00:00,2343A,117.2117,29.2933,景德镇市,老干部活动中心,,44,44,57,17,28,121,109,92,92,13,28,8,8,0.6,0.6
2022-11-10T17:00:00,2344A,117.1894,29.2789,景德镇市,兽医站,,39,36,48,17,28,128,123,103,103,8,26,8,7,0.5,0.6
2022-11-10T17:00:00,2345A,117.1547,29.2617,景德镇市,台达陶瓷,,30,30,45,18,24,94,94,82,82,14,25,13,12,0.8,0.8
2022-11-10T17:00:00,2346A,117.2461,29.2956,景德镇市,陶研所,,35,25,48,8,22,120,112,93,93,6,21,4,4,0.6,0.6
2022-11-10T17:00:00,2347A,114.0997,27.5002,萍乡市,武功山(对照点),,23,9,13,13,11,80,71,69,69,9,9,18,15,0.5,0.5
2022-11-10T17:00:00,2348A,113.8385,27.6434,萍乡市,中医院,,35,12,45,10,33,130,110,117,117,12,22,8,27,0.7,0.8
2022-11-10T17:00:00,2349A,113.8493,27.6253,萍乡市,市政府车库,,35,12,53,8,37,139,112,119,119,11,26,11,28,0.4,1.3
2022-11-10T17:00:00,2350A,113.8676,27.6435,萍乡市,市环保局,,37,1,52,13,34,138,117,118,118,6,16,15,33,0.6,0.9
2022-11-10T17:00:00,2351A,113.866,27.6198,萍乡市,安源区政府,,34,19,52,12,35,132,107,112,112,7,23,16,29,0.4,1
2022-11-10T17:00:00,2352A,115.0861,27.9317,新余市,北岗(对照点),,27,21,58,11,37,86,85,80,80,2,15,12,37,0.4,0.7
2022-11-10T17:00:00,2353A,114.9886,27.8431,新余市,飞宇,,37,37,66,23,38,106,106,94,94,11,31,7,33,0.7,0.9
2022-11-10T17:00:00,2354A,114.9231,27.8246,新余市,第二水厂,,,55,81,25,44,109,78,90,90,31,49,12,28,,1.4
2022-11-10T17:00:00,2355A,114.9308,27.8036,新余市,市气象局,,37,37,70,24,44,119,100,96,96,21,47,11,34,0.4,0.9
2022-11-10T17:00:00,2357A,116.9822,28.1136,鹰潭市,龙虎山(对照点),,40,32,33,4,12,128,128,101,101,5,11,3,3,0.4,0.4
2022-11-10T17:00:00,2358A,117.0564,28.2642,鹰潭市,新监测站,,32,20,71,14,37,123,102,107,107,1,28,4,22,0.4,0.7
2022-11-10T17:00:00,2359A,117.0311,28.2475,鹰潭市,财苑宾馆,,31,27,71,7,36,179,97,129,126,13,31,6,27,0.1,0.5
2022-11-10T17:00:00,2360A,117.0222,28.2264,鹰潭市,体育馆,,37,21,70,17,37,164,116,121,121,5,28,5,25,0.1,0.4
2022-11-10T17:00:00,2361A,117.0017,28.2131,鹰潭市,三川水表,,34,25,70,12,31,132,108,116,116,11,31,5,13,0.6,0.9
2022-11-10T17:00:00,2362A,114.9017,25.9149,赣州市,通天岩(对照点),,37,17,62,12,31,117,117,100,100,16,32,15,11,0.7,0.7
2022-11-10T17:00:00,2363A,114.9367,25.8664,赣州市,地委,,39,21,68,8,35,124,124,95,95,12,34,10,12,0.8,0.9
2022-11-10T17:00:00,2364A,114.9461,25.8481,赣州市,气象台,,39,25,61,20,36,122,122,94,94,10,34,7,11,0.6,0.7
2022-11-10T17:00:00,2365A,114.9322,25.8333,赣州市,市图书馆,,37,20,62,10,39,128,116,104,104,23,39,4,8,0.9,1.1
2022-11-10T17:00:00,2366A,114.8905,25.8471,赣州市,华坚鞋城,,29,29,76,10,41,114,73,87,87,32,36,3,12,0.7,0.9
2022-11-10T17:00:00,2367A,114.9754,27.0803,吉安市,红声器材厂,,33,33,53,16,30,115,99,94,94,16,28,10,14,0.5,0.5
2022-11-10T17:00:00,2368A,114.9658,27.0999,吉安市,市森林工业局,颗粒物(PM10),53,56,59,25,37,126,91,98,98,7,33,8,12,0.3,0.8
2022-11-10T17:00:00,2369A,114.99,27.1312,吉安市,市环境监测站,,37,37,57,18,33,128,107,95,95,13,34,5,8,0.3,0.5
2022-11-10T17:00:00,2370A,115.0093,27.0968,吉安市,青原区法院,,33,30,52,14,28,117,103,97,97,13,37,8,16,0.5,0.6
2022-11-10T17:00:00,2371A,114.3408,27.8064,宜春市,槟榔水业(对照点),,,,,,,,,,,,,,,,
2022-11-10T17:00:00,2373A,114.3956,27.7844,宜春市,市石油公司,,39,39,66,24,38,126,95,99,99,18,30,14,14,0.7,0.9
2022-11-10T17:00:00,2374A,114.3703,27.7914,宜春市,市气象局,,,,70,,38,117,86,91,91,19,34,15,17,0.6,0.9
2022-11-10T17:00:00,2375A,114.4013,27.8074,宜春市,市广电局,,36,36,71,24,41,124,94,94,94,16,32,21,21,0.8,1.1
2022-11-10T17:00:00,2376A,116.2127,28.0814,抚州市,桐源党溪(对照点),,33,18,42,7,21,115,103,90,90,5,17,15,5,0.2,0.4
2022-11-10T17:00:00,2377A,116.3544,27.9831,抚州市,市站,,29,15,53,7,29,95,92,81,81,7,27,2,4,0.5,0.7
2022-11-10T17:00:00,2378A,116.3565,27.963,抚州市,血防站,,30,20,49,8,26,96,95,73,73,7,27,5,6,0.3,0.5
2022-11-10T17:00:00,2379A,116.3564,28.0007,抚州市,采茶剧团,,29,16,57,6,31,92,92,76,76,8,33,4,4,0.4,0.8
2022-11-10T17:00:00,2380A,116.385,27.9647,抚州市,医学分院,,28,17,50,3,23,89,89,70,70,11,31,5,9,0.4,0.7
2022-11-10T17:00:00,2381A,118.005,28.4572,上饶市,百草园(对照点),,23,23,42,2,16,71,64,67,66,12,18,8,13,0.7,0.7
2022-11-10T17:00:00,2382A,117.9756,28.4436,上饶市,市监测站,,28,23,71,12,36,130,89,97,97,12,27,7,29,0.3,0.5
2022-11-10T17:00:00,2383A,117.9519,28.4628,上饶市,凤凰光学,,25,24,65,12,35,102,78,79,79,7,36,9,24,0.3,0.5
2022-11-10T17:00:00,2385A,114.17,35.9019,鹤壁市,市监测站,细颗粒物(PM2.5),236,218,211,186,176,36,23,23,23,71,65,,13,2.7,2
2022-11-10T17:00:00,2386A,114.2956,35.7511,鹤壁市,市交警支队,细颗粒物(PM2.5),235,227,232,185,187,23,23,14,14,63,58,20,15,2.1,1.4
2022-11-10T17:00:00,2387A,114.2878,35.7306,鹤壁市,迎宾馆,细颗粒物(PM2.5),216,195,202,166,173,48,20,10,10,70,64,18,11,2.2,1.7
2022-11-10T17:00:00,2389A,113.836,35.311,新乡市,环保西院,细颗粒物(PM2.5),228,241,220,178,156,57,33,26,26,41,55,7,13,1.8,1.5
2022-11-10T17:00:00,2390A,113.884,35.272,新乡市,开发区,细颗粒物(PM2.5),238,251,208,188,148,59,37,25,25,42,58,10,11,1.9,1.4
2022-11-10T17:00:00,2391A,113.883,35.303,新乡市,环保东院,细颗粒物(PM2.5),218,216,189,168,140,57,41,26,26,42,64,6,7,1.7,1.3
2022-11-10T17:00:00,2392A,115.0312,35.7636,濮阳市,环保局,细颗粒物(PM2.5),267,258,139,217,139,73,7,31,12,51,41,6,8,1.5,1
2022-11-10T17:00:00,2394A,115.0574,35.7609,濮阳市,油田运输公司,细颗粒物(PM2.5),300,273,151,250,152,84,8,34,17,45,38,7,9,1.8,1.1
2022-11-10T17:00:00,2395A,115.0866,35.7754,濮阳市,油田物探公司,细颗粒物(PM2.5),298,243,134,248,158,82,3,38,13,47,37,6,8,1.6,1
2022-11-10T17:00:00,2396A,113.8276,34.0159,许昌市,监测站,颗粒物(PM10),57,64,160,36,79,104,97,80,80,18,37,7,17,0.6,1
2022-11-10T17:00:00,2398A,113.7906,33.9953,许昌市,开发区,,,74,139,33,70,110,103,85,85,16,34,,20,0.4,0.8
2022-11-10T17:00:00,2399A,114.051,33.5699,漯河市,三五一五工厂,细颗粒物(PM2.5),170,154,159,129,132,140,123,99,99,25,47,11,14,0.9,1.1
2022-11-10T17:00:00,2400A,114.0055,33.5698,漯河市,漯河大学,细颗粒物(PM2.5),143,152,166,109,128,147,130,104,104,35,57,11,13,0.8,1
2022-11-10T17:00:00,2401A,114.0138,33.5828,漯河市,市水利局,细颗粒物(PM2.5),156,144,155,119,133,142,127,100,100,26,48,15,17,0.9,1
2022-11-10T17:00:00,2402A,114.0261,33.5698,漯河市,市广电局,细颗粒物(PM2.5),140,144,152,107,123,138,125,86,86,25,45,9,13,0.7,0.9
2022-11-10T17:00:00,2403A,112.5192,32.9917,南阳市,环保局,细颗粒物(PM2.5),150,134,157,115,132,159,143,126,126,26,26,10,11,0.8,0.8
2022-11-10T17:00:00,2404A,112.5339,33.0086,南阳市,瓦房庄,颗粒物(PM10),96,142,168,0,140,132,131,103,103,29,43,8,10,0.9,0.9
2022-11-10T17:00:00,2405A,112.5003,32.9735,南阳市,汉画馆,细颗粒物(PM2.5),140,165,170,107,130,158,148,128,128,26,26,10,10,1.1,1
2022-11-10T17:00:00,2406A,112.5779,33.0144,南阳市,气象站,细颗粒物(PM2.5),145,150,170,111,130,156,142,122,122,25,26,12,13,1.0,1
2022-11-10T17:00:00,2407A,112.548,32.9692,南阳市,理工学院,细颗粒物(PM2.5),137,153,176,104,131,155,144,119,119,20,23,11,12,0.9,0.9
2022-11-10T17:00:00,2408A,115.6702,34.4285,商丘市,环境监测站,细颗粒物(PM2.5),98,122,121,73,88,100,52,68,68,32,40,9,10,0.9,0.8
2022-11-10T17:00:00,2409A,115.6458,34.4045,商丘市,粮食局,颗粒物(PM10),97,143,122,71,70,97,58,59,59,29,35,4,6,0.9,0.8
2022-11-10T17:00:00,2410A,115.6293,34.3948,商丘市,睢阳区环保局,细颗粒物(PM2.5),103,106,106,77,77,100,60,68,68,31,41,3,5,0.8,0.7
2022-11-10T17:00:00,2420A,114.0189,32.9656,驻马店市,市一纸厂,细颗粒物(PM2.5),129,166,199,98,133,144,144,100,100,25,58,9,7,0.7,1.1
2022-11-10T17:00:00,2421A,114.0114,33.015,驻马店市,市彩印厂,细颗粒物(PM2.5),140,155,184,107,148,149,149,97,97,24,40,13,9,0.6,0.7
2022-11-10T17:00:00,2422A,113.9976,32.9771,驻马店市,天方二分厂,细颗粒物(PM2.5),153,146,200,117,151,138,138,97,97,21,46,9,4,0.6,1
2022-11-10T17:00:00,2423A,115.0601,30.2313,黄石市,沈家营,颗粒物(PM10),56,61,99,31,57,184,144,144,144,17,48,12,12,0.3,0.7
2022-11-10T17:00:00,2424A,115.0817,30.2006,黄石市,陈家湾,颗粒物(PM10),58,65,100,29,57,161,132,132,132,27,55,8,10,0.4,0.9
2022-11-10T17:00:00,2426A,114.8988,30.2019,黄石市,铁山,颗粒物(PM10),54,58,84,23,44,188,161,149,149,13,29,15,20,0.9,1.3
2022-11-10T17:00:00,2427A,115.0307,30.2092,黄石市,团城山,颗粒物(PM10),60,70,99,30,54,183,144,150,150,36,48,12,11,0.8,0.9
2022-11-10T17:00:00,2428A,111.0419,32.395,十堰市,武当山(对照点),细颗粒物(PM2.5),84,85,79,62,65,153,136,142,125,14,12,8,8,0.9,0.9
2022-11-10T17:00:00,2429A,110.78,32.6494,十堰市,滨河新村,细颗粒物(PM2.5),114,122,134,86,93,114,107,81,81,30,50,8,8,1.0,1.2
2022-11-10T17:00:00,2430A,110.7258,32.6389,十堰市,刘家沟,细颗粒物(PM2.5),92,107,106,68,72,126,114,89,89,30,26,9,8,1.0,1.1
2022-11-10T17:00:00,2431A,110.8839,32.5714,十堰市,铁二处,细颗粒物(PM2.5),89,104,103,66,68,132,131,100,100,29,25,9,7,0.9,1
2022-11-10T17:00:00,2432A,112.155,32.0197,襄阳市,襄城运动路,细颗粒物(PM2.5),206,228,212,156,152,150,150,108,108,32,50,13,12,0.9,1
2022-11-10T17:00:00,2433A,112.1392,32.0564,襄阳市,樊城新华路,细颗粒物(PM2.5),221,232,216,171,169,162,150,116,116,33,38,11,11,1.1,1.1
2022-11-10T17:00:00,2434A,112.1825,32.1142,襄阳市,高新管委会,细颗粒物(PM2.5),196,209,217,147,167,172,154,119,119,28,51,9,9,1.2,1.3
2022-11-10T17:00:00,2435A,112.2106,32.0903,襄阳市,襄州航空路,细颗粒物(PM2.5),207,218,228,157,165,168,142,118,118,38,56,13,12,1.1,1.2
2022-11-10T17:00:00,2436A,114.8938,30.3994,鄂州市,市政府,,48,48,100,28,54,155,123,129,129,24,51,13,19,0.7,1
2022-11-10T17:00:00,2437A,114.8989,30.3714,鄂州市,赵家坝,,46,46,88,15,54,158,136,134,134,17,36,8,20,0.5,0.9
2022-11-10T17:00:00,2438A,114.8131,30.4133,鄂州市,凡口开发区,,,,,,,,,,,,,,,,
2022-11-10T17:00:00,2439A,112.2014,31.0481,荆门市,竹园小学,颗粒物(PM10),57,64,134,31,87,177,150,139,139,19,48,16,12,0.8,1.1
2022-11-10T17:00:00,2440A,112.1969,30.9891,荆门市,掇刀,,49,48,140,34,110,172,150,142,142,8,49,12,12,0.8,1.3
2022-11-10T17:00:00,2441A,112.2213,31.0386,荆门市,石化一小,颗粒物(PM10),60,69,152,39,102,181,160,136,136,17,49,17,17,0.6,1
2022-11-10T17:00:00,2443A,113.9153,30.9285,孝感市,文化路,颗粒物(PM10),62,74,100,38,55,156,154,134,134,24,46,11,11,0.9,1.1
2022-11-10T17:00:00,2444A,113.942,30.9075,孝感市,东城区,颗粒物(PM10),63,75,101,41,54,164,164,138,138,30,56,12,11,1.0,1.1
2022-11-10T17:00:00,2446A,114.9028,30.4742,黄冈市,职工中心,颗粒物(PM10),52,54,86,20,46,172,138,139,139,12,26,9,13,0.6,0.8
2022-11-10T17:00:00,2447A,114.3175,29.8142,咸宁市,森林公园(对照点),,45,37,38,14,22,141,141,135,128,5,5,10,10,0.7,0.6
2022-11-10T17:00:00,2448A,114.3107,29.8454,咸宁市,市发改委,颗粒物(PM10),54,58,61,13,28,149,149,129,129,11,22,13,11,0.7,0.7
2022-11-10T17:00:00,2449A,114.2936,29.8566,咸宁市,咸安区政府,颗粒物(PM10),54,58,54,10,24,141,139,127,127,14,18,13,12,0.8,0.7
2022-11-10T17:00:00,2450A,114.3375,29.8683,咸宁市,长江产业园,,,,,,,,,,,,,,,,
2022-11-10T17:00:00,2451A,113.3583,31.7275,随州市,市委党校,,,57,96,38,59,165,151,137,137,,46,9,9,0.8,1.1
2022-11-10T17:00:00,2452A,113.3833,31.6908,随州市,市林业局,臭氧1小时,52,44,79,28,53,166,161,139,139,13,37,12,11,0.8,0.9
2022-11-10T17:00:00,2453A,113.3983,31.7308,随州市,市立交桥水厂,,48,32,72,30,48,163,152,133,133,14,35,9,7,0.7,0.8
2022-11-10T17:00:00,2454A,109.4978,30.2981,恩施土家族苗族自治州,湖北民院,细颗粒物(PM2.5),60,38,63,43,55,111,107,74,74,9,18,11,9,1.0,1.1
2022-11-10T17:00:00,2455A,109.4707,30.2798,恩施土家族苗族自治州,州电力总公司,,48,48,68,32,47,119,114,87,87,17,18,10,7,1.0,1.2
2022-11-10T17:00:00,2456A,112.5003,26.9167,衡阳市,原169医院(对照点),,35,33,68,24,33,125,95,86,86,13,34,12,14,0.6,0.8
2022-11-10T17:00:00,2457A,112.6194,26.9258,衡阳市,衡阳化工总厂,,,98,75,21,34,121,102,107,107,17,25,7,24,,0.8
2022-11-10T17:00:00,2458A,112.6211,26.8956,衡阳市,珠晖区环保局,,,23,50,,,123,106,95,95,15,34,8,10,0.5,0.7
2022-11-10T17:00:00,2459A,112.6197,26.8733,衡阳市,市委党校,,35,32,50,12,32,122,112,94,94,8,24,11,12,0.5,0.6
2022-11-10T17:00:00,2460A,112.6006,26.8919,衡阳市,市监测站,,34,34,64,15,36,119,88,95,95,32,32,6,13,0.5,0.8
2022-11-10T17:00:00,2461A,112.5664,26.9056,衡阳市,真空机电公司,,40,40,65,17,38,130,101,93,93,14,41,6,17,0.6,1.1
2022-11-10T17:00:00,2462A,111.5239,27.3033,邵阳市,市水土所(对照点),,,,,,,,,,,,,,,,
2022-11-10T17:00:00,2463A,111.4733,27.2317,邵阳市,市一中,,43,43,59,17,44,129,110,108,108,5,19,13,19,0.4,0.6
2022-11-10T17:00:00,2464A,111.5283,27.2442,邵阳市,市化工厂,,43,26,57,30,39,129,113,107,107,6,15,12,16,0.5,0.6
2022-11-10T17:00:00,2465A,111.4503,27.2537,邵阳市,市罐头厂,,38,32,52,26,43,127,116,113,113,6,13,14,20,0.3,0.5
2022-11-10T17:00:00,2466A,111.4328,27.2272,邵阳市,市环保局,,,,66,31,55,133,120,110,110,7,17,9,34,,0.7
2022-11-10T17:00:00,2467A,112.4067,28.6428,益阳市,甘溪港(对照点),颗粒物(PM10),58,66,87,12,61,150,126,150,114,12,26,7,7,0.6,0.8
2022-11-10T17:00:00,2468A,112.3458,28.5808,益阳市,市环保局,"颗粒物(PM10),细颗粒物(PM2.5)",58,65,89,41,62,159,110,134,134,54,38,7,11,1.0,1
2022-11-10T17:00:00,2469A,112.3437,28.5531,益阳市,市特殊教育学校,细颗粒物(PM2.5),73,73,99,53,72,155,137,128,128,30,26,7,13,0.8,0.9
2022-11-10T17:00:00,2470A,112.3347,28.6047,益阳市,资阳区政务中心,颗粒物(PM10),62,73,82,42,63,164,117,130,130,41,34,7,10,0.8,0.9
2022-11-10T17:00:00,2471A,112.3744,28.5819,益阳市,赫山环保分局,细颗粒物(PM2.5),79,98,95,58,63,152,88,118,118,71,47,6,9,0.9,1.1
2022-11-10T17:00:00,2472A,113.0073,25.9061,郴州市,马头岭(对照点),,36,16,19,6,9,125,115,102,102,13,28,4,6,0.4,0.5
2022-11-10T17:00:00,2473A,113.0116,25.8226,郴州市,市职中,,30,18,41,5,20,97,95,85,85,10,32,4,6,0.3,0.6
2022-11-10T17:00:00,2474A,113.0161,25.8001,郴州市,兴隆步行街,,32,32,40,1,21,94,79,72,72,22,38,6,9,0.4,0.6
2022-11-10T17:00:00,2475A,113.0383,25.8071,郴州市,市审计局,,28,16,40,8,20,96,87,73,73,16,31,8,11,0.3,0.6
2022-11-10T17:00:00,2476A,113.0348,25.7759,郴州市,市环保局,,20,13,33,3,14,94,53,66,66,39,35,7,12,0.5,0.5
2022-11-10T17:00:00,2477A,111.6217,26.2081,永州市,零陵南津渡(对照点),,27,13,32,10,11,115,84,89,89,5,8,5,7,0.3,0.4
2022-11-10T17:00:00,2478A,111.6156,26.4214,永州市,市环境监测站,,28,15,54,12,25,114,88,95,95,14,26,4,17,0.3,0.5
2022-11-10T17:00:00,2479A,111.6236,26.2331,永州市,零陵区环保局,,26,10,32,9,20,100,83,87,87,11,16,8,12,0.4,0.5
2022-11-10T17:00:00,2480A,111.5992,26.4364,永州市,永州市环保局,,26,12,45,8,28,123,83,92,91,19,27,2,10,0.4,0.6
2022-11-10T17:00:00,2481A,111.5989,26.4519,永州市,冷水滩区环保局,,25,25,62,15,35,100,73,76,76,17,26,3,21,0.4,0.6
2022-11-10T17:00:00,2482A,109.5981,27.5721,怀化市,林科所(对照点),,31,18,33,11,29,124,98,94,94,7,13,5,10,0.6,0.7
2022-11-10T17:00:00,2483A,109.9453,27.5444,怀化市,河西地税局,,30,26,41,13,34,108,96,86,86,6,18,4,4,0.5,0.6
2022-11-10T17:00:00,2484A,109.9781,27.5342,怀化市,市四医院,,,23,49,12,37,,,,,6,22,8,10,0.5,0.6
2022-11-10T17:00:00,2485A,109.9972,27.5578,怀化市,监测楼,,,,64,25,36,114,92,89,89,2,14,,11,0.3,0.6
2022-11-10T17:00:00,2486A,110.0394,27.583,怀化市,市委党校,,38,38,79,21,59,133,92,90,90,5,21,9,17,0.5,0.7
2022-11-10T17:00:00,2487A,111.9589,27.8901,娄底市,电视发射台(对照点),颗粒物(PM10),52,53,47,28,28,138,119,124,124,7,11,5,6,0.4,0.6
2022-11-10T17:00:00,2488A,111.9975,27.725,娄底市,市监测站,,33,33,88,17,51,142,102,109,109,13,43,9,17,0.4,1.2
2022-11-10T17:00:00,2489A,112.0194,27.7314,娄底市,市委党校,,42,42,78,24,47,144,95,108,108,16,32,4,6,0.4,0.8
2022-11-10T17:00:00,2490A,111.9561,27.7569,娄底市,涟钢,,50,46,87,35,50,112,74,81,81,46,47,45,28,1.3,1.1
2022-11-10T17:00:00,2491A,111.9892,27.7044,娄底市,市政府,,42,35,72,29,48,127,91,99,99,15,24,10,11,0.5,0.9
2022-11-10T17:00:00,2492A,109.6414,28.2558,湘西州,跃进水库(对照点),,43,32,35,30,31,109,102,86,86,9,14,9,9,0.5,0.4
2022-11-10T17:00:00,2493A,109.7325,28.3169,湘西州,州政府,,37,33,45,20,33,126,118,90,90,12,19,9,8,0.3,0.5
2022-11-10T17:00:00,2494A,109.6958,28.2675,湘西州,吉首市计生局,,43,32,47,30,34,122,116,86,86,12,25,11,9,0.2,0.5
2022-11-10T17:00:00,2495A,111.3014,23.4832,梧州市,市逸夫小学,,37,37,62,22,27,104,103,72,72,7,25,5,11,0.6,0.7
2022-11-10T17:00:00,2496A,111.3239,23.4794,梧州市,市十一中,,31,29,70,13,24,109,99,78,78,28,27,5,7,0.7,0.8
2022-11-10T17:00:00,2497A,111.247,23.4189,梧州市,龙圩,,34,34,70,22,29,100,95,66,66,18,29,9,9,1.0,1.1
2022-11-10T17:00:00,2498A,111.2711,23.4835,梧州市,龙新,,34,34,61,22,25,104,100,70,70,12,20,4,7,0.4,0.5
2022-11-10T17:00:00,2499A,108.3411,21.6158,防城港市,沙万,颗粒物(PM10),56,62,41,20,16,105,85,95,95,47,29,25,16,1.2,0.6
2022-11-10T17:00:00,2500A,108.3514,21.7731,防城港市,防城档案局,,,,56,19,28,88,75,73,73,25,25,13,12,0.9,0.8
2022-11-10T17:00:00,2501A,108.3506,21.6414,防城港市,大海花园,,49,41,33,34,15,106,94,96,96,22,17,15,11,1.1,0.6
2022-11-10T17:00:00,2502A,108.6236,21.9667,钦州市,市环保站,,41,41,42,14,21,125,125,103,103,15,20,8,7,0.7,0.7
2022-11-10T17:00:00,2503A,108.6549,21.9481,钦州市,沙埠小学,,41,35,46,21,25,137,129,109,109,17,29,8,9,0.7,0.8
2022-11-10T17:00:00,2504A,108.5989,21.7431,钦州市,港区一小,颗粒物(PM10),58,65,49,28,20,132,132,110,110,27,29,14,9,0.8,0.8
2022-11-10T17:00:00,2505A,109.568,23.1478,贵港市,德智高中(对照点),,49,49,41,24,22,83,83,70,70,16,22,7,9,0.7,0.8
2022-11-10T17:00:00,2506A,109.6047,23.0666,贵港市,江南子站,,46,46,54,29,27,109,109,86,86,7,20,7,11,0.6,0.8
2022-11-10T17:00:00,2507A,109.6014,23.0948,贵港市,贵城子站,,48,48,49,31,33,111,108,89,89,9,20,7,13,0.6,0.8
2022-11-10T17:00:00,2508A,109.5669,23.1065,贵港市,荷城子站,,41,41,43,19,24,99,87,81,81,17,19,9,13,0.7,0.7
2022-11-10T17:00:00,2509A,110.1106,22.7019,玉林市,寒山水库(对照点),颗粒物(PM10),65,80,64,29,32,113,80,87,87,10,17,7,12,0.3,0.4
2022-11-10T17:00:00,2510A,110.1675,22.6411,玉林市,市监测站,,44,44,59,25,28,99,77,81,81,15,19,3,29,0.6,0.7
2022-11-10T17:00:00,2511A,110.1433,22.6164,玉林市,南江一中,,49,49,67,23,39,99,76,80,80,13,20,3,25,0.5,0.7
2022-11-10T17:00:00,2512A,106.6103,23.9011,百色市,市监测站,,50,50,68,33,41,142,130,103,103,11,22,17,14,0.7,0.8
2022-11-10T17:00:00,2513A,106.6538,23.8859,百色市,市中心血站,,50,50,75,35,48,130,112,94,94,11,20,14,15,0.8,0.9
2022-11-10T17:00:00,2514A,111.5264,24.4172,贺州市,环保小区,,26,24,31,10,15,94,82,73,73,12,20,5,11,0.5,0.8
2022-11-10T17:00:00,2515A,111.5608,24.4078,贺州市,政协大楼,,23,16,31,12,18,98,72,74,74,15,24,7,13,0.6,0.7
2022-11-10T17:00:00,2516A,108.2011,24.715,河池市,东仁乐园(对照点),,43,29,37,30,29,92,88,80,80,6,15,6,9,0.6,0.6
2022-11-10T17:00:00,2517A,108.0497,24.6947,河池市,市环保站,,50,50,48,27,26,99,83,81,81,20,32,5,6,0.7,0.7
2022-11-10T17:00:00,2518A,108.0983,24.6989,河池市,市疾控中心,,38,32,75,26,33,97,88,72,72,13,41,7,8,0.6,0.7
2022-11-10T17:00:00,2519A,109.2328,23.7361,来宾市,来宾二中,,,,,,,,,,,,,,,,
2022-11-10T17:00:00,2520A,109.2203,23.7256,来宾市,来宾技工学校,,42,42,54,28,34,89,76,71,71,10,20,8,12,0.6,0.7
2022-11-10T17:00:00,2521A,107.3476,22.4136,崇左市,市环保局江州分局,颗粒物(PM10),58,66,63,37,36,112,100,82,82,13,18,6,6,0.6,0.6
2022-11-10T17:00:00,2522A,107.3702,22.3707,崇左市,城南新区,"颗粒物(PM10),细颗粒物(PM2.5)",55,59,58,39,36,105,96,78,78,10,25,4,3,0.4,0.5
2022-11-10T17:00:00,2523A,105.8945,32.4535,广元市,黑石坡(对照点),,40,40,44,21,28,34,12,15,15,30,19,6,6,0.7,0.6
2022-11-10T17:00:00,2524A,105.821,32.4444,广元市,老城,,,50,47,22,28,33,6,7,7,28,26,,6,1.1,1.1
2022-11-10T17:00:00,2525A,105.8153,32.4246,广元市,南坝,,,,,,,,,,,,,,,,
2022-11-10T17:00:00,2526A,105.8628,32.4287,广元市,监测站,,38,35,35,26,21,27,5,9,9,32,20,9,6,1.1,0.9
2022-11-10T17:00:00,2527A,105.5453,30.5678,遂宁市,石溪浩(对照点),颗粒物(PM10),54,58,68,33,39,50,39,32,25,18,22,10,10,0.6,0.6
2022-11-10T17:00:00,2528A,105.5582,30.5232,遂宁市,市监测站,"颗粒物(PM10),细颗粒物(PM2.5)",54,57,55,38,34,53,38,29,25,26,25,8,8,0.6,0.6
2022-11-10T17:00:00,2529A,105.5861,30.5366,遂宁市,行政中心,颗粒物(PM10),56,61,55,36,41,50,32,34,21,29,24,10,11,0.6,0.6
2022-11-10T17:00:00,2530A,105.5918,30.4728,遂宁市,美宁食品公司,,,46,58,25,37,53,39,31,25,27,29,7,13,,0.5
2022-11-10T17:00:00,2531A,105.0703,29.61,内江市,市监测站,细颗粒物(PM2.5),57,53,59,40,46,74,68,54,54,12,17,8,9,0.3,0.4
2022-11-10T17:00:00,2532A,105.0717,29.5947,内江市,东兴区政府,,,57,66,39,52,76,72,56,56,,29,7,8,0.5,0.6
2022-11-10T17:00:00,2533A,105.0653,29.5817,内江市,内江二中,细颗粒物(PM2.5),62,56,61,44,48,68,68,48,48,16,24,3,4,0.6,0.6
2022-11-10T17:00:00,2534A,105.0406,29.5822,内江市,内江日报社,细颗粒物(PM2.5),82,80,86,60,65,73,71,54,54,20,26,5,4,0.6,0.7
2022-11-10T17:00:00,2535A,103.7723,29.5462,乐山市,花湖湾(对照点),细颗粒物(PM2.5),69,52,58,50,52,81,74,56,56,18,20,4,4,0.7,0.8
2022-11-10T17:00:00,2536A,103.7627,29.5844,乐山市,牛耳桥,,,73,72,54,54,69,,42,42,29,29,4,5,0.7,0.7
2022-11-10T17:00:00,2537A,103.7508,29.6006,乐山市,市第三水厂,细颗粒物(PM2.5),78,82,68,57,51,92,84,64,64,22,26,6,7,0.7,0.8
2022-11-10T17:00:00,2538A,103.7571,29.5664,乐山市,市监测站,细颗粒物(PM2.5),72,65,63,52,47,85,76,59,59,18,21,6,7,0.6,0.7
2022-11-10T17:00:00,2539A,104.0308,30.0478,眉山市,黑龙滩水库(对照点),细颗粒物(PM2.5),58,49,66,41,46,79,71,44,44,2,5,4,4,0.7,0.8
2022-11-10T17:00:00,2540A,103.8416,30.0874,眉山市,气象局,细颗粒物(PM2.5),63,69,95,45,66,86,82,47,47,29,39,5,7,0.8,0.9
2022-11-10T17:00:00,2543A,106.6308,30.5278,广安市,小平旧居(对照点),,,,,,,,,,,,,,,,
2022-11-10T17:00:00,2544A,106.6303,30.4576,广安市,市委,细颗粒物(PM2.5),87,80,76,64,60,88,46,32,32,27,27,16,12,0.8,0.8
2022-11-10T17:00:00,2545A,106.6271,30.4663,广安市,友谊中学,细颗粒物(PM2.5),69,78,68,50,47,81,41,30,30,34,28,18,17,0.9,0.9
2022-11-10T17:00:00,2547A,106.6388,30.4551,广安市,广电花园,细颗粒物(PM2.5),79,85,77,58,55,75,40,31,31,32,28,19,14,0.8,0.8
2022-11-10T17:00:00,2548A,107.5277,31.2827,达州市,达州职业技术学院(对照点),,48,48,52,27,29,63,14,30,30,60,34,9,11,0.9,0.9
2022-11-10T17:00:00,2549A,107.5086,31.2186,达州市,市环境监测站,颗粒物(PM10),52,53,54,24,26,54,34,27,27,57,41,6,9,0.8,0.8
2022-11-10T17:00:00,2550A,107.4988,31.2132,达州市,凤凰小区,,46,46,53,24,32,57,35,31,31,57,41,4,7,0.9,0.8
2022-11-10T17:00:00,2551A,107.5082,31.1986,达州市,达县机关宾馆,颗粒物(PM10),73,95,60,27,33,65,9,30,30,75,51,7,12,1.3,0.8
2022-11-10T17:00:00,2552A,107.4644,31.2124,达州市,市政中心,,47,47,52,29,33,45,7,22,22,85,51,8,7,0.9,0.8
2022-11-10T17:00:00,2554A,103.0475,30.02,雅安市,建安厂,细颗粒物(PM2.5),77,73,54,56,35,52,38,34,34,43,33,6,6,0.8,0.8
2022-11-10T17:00:00,2555A,103.0111,29.9833,雅安市,市政府,细颗粒物(PM2.5),63,74,60,45,38,54,28,31,31,45,34,9,9,0.8,0.7
2022-11-10T17:00:00,2556A,102.9905,29.9775,雅安市,川农大,细颗粒物(PM2.5),54,52,45,38,34,54,25,37,35,29,22,9,9,0.9,0.7
2022-11-10T17:00:00,2561A,104.6617,30.1372,资阳市,莲花山(对照点),细颗粒物(PM2.5),82,81,80,60,59,62,62,44,41,18,19,5,6,0.7,0.7
2022-11-10T17:00:00,2562A,104.6356,30.1506,资阳市,资阳中学,细颗粒物(PM2.5),59,47,71,42,52,64,60,38,38,12,23,9,8,0.6,0.7
2022-11-10T17:00:00,2563A,104.6295,30.1383,资阳市,四三一厂,细颗粒物(PM2.5),75,74,85,55,58,57,53,31,31,27,33,8,7,0.6,0.7
2022-11-10T17:00:00,2564A,104.6463,30.1146,资阳市,师范校,细颗粒物(PM2.5),78,78,78,57,62,58,58,45,45,26,36,6,6,0.6,0.8
2022-11-10T17:00:00,2565A,104.6296,30.1256,资阳市,区法院,颗粒物(PM10),62,73,80,39,51,70,70,43,34,10,24,6,6,0.6,0.7
2022-11-10T17:00:00,2566A,102.1879,31.914,阿坝藏族羌族自治州,州农科所(对照点),,,,,,,80,78,60,60,5,14,3,3,0.4,0.5
2022-11-10T17:00:00,2567A,102.224,31.9037,阿坝藏族羌族自治州,州监测站,,,,,,,,,,,,,,,,
2022-11-10T17:00:00,2568A,102.2502,31.8896,阿坝藏族羌族自治州,马师校,,23,12,25,5,12,72,72,61,61,6,26,4,4,0.3,0.4
2022-11-10T17:00:00,2570A,101.9603,30.0475,甘孜藏族自治州,水桥子,,36,36,26,4,12,76,59,46,46,9,32,7,7,0.3,0.3
2022-11-10T17:00:00,2571A,102.3431,27.8099,凉山彝族自治州,青龙寺(对照点),颗粒物(PM10),63,76,25,14,18,95,95,95,95,4,9,29,8,0.8,0.7
2022-11-10T17:00:00,2572A,102.2721,27.8415,凉山彝族自治州,邛海宾馆,,37,37,32,16,20,111,96,85,85,10,17,13,10,0.3,0.5
2022-11-10T17:00:00,2573A,102.2625,27.898,凉山彝族自治州,西昌市政府,,30,30,30,15,19,100,96,76,76,8,15,14,9,0.4,0.4
2022-11-10T17:00:00,2574A,102.2685,27.8851,凉山彝族自治州,凉山州政府,,31,31,36,16,23,95,92,74,74,9,18,15,9,0.2,0.4
2022-11-10T17:00:00,2575A,102.237,27.8914,凉山彝族自治州,长安,,46,46,45,21,22,90,89,65,65,17,22,13,10,1.1,0.9
2022-11-10T17:00:00,2576A,104.8,26.5892,六盘水市,窑上(对照点),,,,,,,,,,,,,,,,
2022-11-10T17:00:00,2577A,104.83,26.5917,六盘水市,黄土坡,,,26,33,19,28,127,111,99,99,,13,10,8,,0.6
2022-11-10T17:00:00,2578A,104.89,26.5939,六盘水市,水钢,,49,49,51,30,39,114,113,94,94,8,8,7,6,0.7,0.7
2022-11-10T17:00:00,2579A,104.8475,26.5894,六盘水市,民中,,39,37,43,27,30,110,104,89,89,12,12,12,10,0.7,0.7
2022-11-10T17:00:00,2580A,104.9544,26.5506,六盘水市,双水,细颗粒物(PM2.5),63,41,42,45,38,102,102,86,86,12,9,5,5,0.7,0.7
2022-11-10T17:00:00,2585A,109.1839,27.7344,铜仁地区,铜仁卫校,,,33,36,13,22,135,102,104,104,,8,2,2,0.5,0.6
2022-11-10T17:00:00,2586A,109.1753,27.6944,铜仁地区,铜仁七中,,26,24,30,7,24,115,82,94,94,17,10,3,2,0.7,0.6
2022-11-10T17:00:00,2587A,105.2864,27.3125,毕节市,八中,细颗粒物(PM2.5),58,58,70,41,53,110,107,84,84,15,25,9,9,0.5,0.7
2022-11-10T17:00:00,2588A,105.31,27.2944,毕节市,师专,,42,39,55,29,40,115,113,90,90,8,15,7,7,0.4,0.4
2022-11-10T17:00:00,2589A,104.9022,25.0925,黔西南布依族苗族自治州,场坝街,,24,24,47,14,34,83,72,76,72,6,9,2,2,0.1,0.2
2022-11-10T17:00:00,2590A,104.8811,25.0992,黔西南布依族苗族自治州,坪东大道,,35,22,42,24,33,82,71,75,72,5,11,5,5,0.2,0.3
2022-11-10T17:00:00,2591A,107.9783,26.5747,黔东南苗族侗族自治州,市环境监测站,,30,25,44,18,30,101,96,94,94,9,40,2,8,0.2,0.6
2022-11-10T17:00:00,2593A,107.5228,26.2403,黔南布依族苗族自治州,小围寨,,34,27,33,12,23,110,106,102,102,3,14,2,5,0.3,0.4
2022-11-10T17:00:00,2594A,99.1678,25.1081,保山市,市环境监测站,,30,24,19,4,8,99,95,78,78,6,9,5,5,0.2,0.3
2022-11-10T17:00:00,2595A,99.1711,25.1328,保山市,市环保局,,29,28,19,7,12,97,91,73,73,5,8,6,6,0.2,0.3
2022-11-10T17:00:00,2596A,103.7667,27.3736,昭通市,监测站,,,15,42,6,29,103,103,95,95,,21,5,9,0.2,0.4
2022-11-10T17:00:00,2597A,103.7225,27.3361,昭通市,环保局,,31,26,44,8,33,102,99,82,82,6,18,8,10,0,0.4
2022-11-10T17:00:00,2598A,100.2143,26.8576,丽江市,西南郊(对照点),,,,,,,,,,,,,,,,
2022-11-10T17:00:00,2599A,100.2497,26.8802,丽江市,丽江古城,,26,21,28,18,23,79,78,69,69,8,11,5,5,0.4,0.4
2022-11-10T17:00:00,2600A,100.2203,26.8906,丽江市,市中心,,26,8,18,8,7,85,83,74,74,8,12,4,4,0.4,0.7
2022-11-10T17:00:00,2601A,100.98,22.7633,普洱市,市环保局,,24,14,19,8,14,80,76,67,67,10,13,5,4,0.6,0.7
2022-11-10T17:00:00,2602A,100.9817,22.8322,普洱市,普洱第二中学,,26,14,19,5,8,86,82,73,73,7,17,7,7,0.7,0.8
2022-11-10T17:00:00,2603A,100.0781,23.8982,临沧市,市环保局,,31,16,22,14,17,97,97,72,72,9,10,8,8,0.6,0.7
2022-11-10T17:00:00,2604A,100.0894,23.8822,临沧市,市气象局,,31,21,27,17,21,102,99,74,74,8,10,4,6,0.7,0.7
2022-11-10T17:00:00,2605A,101.5482,25.0441,楚雄州,州环境监测站,,24,18,29,7,22,74,74,58,58,4,17,7,18,0.3,0.3
2022-11-10T17:00:00,2606A,101.538,25.0492,楚雄州,市经济开发区,,23,15,29,9,21,71,71,55,55,6,16,5,6,0.3,0.4
2022-11-10T17:00:00,2608A,103.3772,23.3993,红河州,污水处理厂,,48,46,49,33,39,94,92,92,92,6,9,4,6,0.4,0.5
2022-11-10T17:00:00,2609A,103.3861,23.35,红河州,监测站,,49,44,49,34,40,97,85,97,86,6,6,6,4,0.5,0.5
2022-11-10T17:00:00,2610A,104.2533,23.3594,文山州,州水务局,,50,50,62,32,48,99,98,92,92,10,14,8,10,0.3,0.5
2022-11-10T17:00:00,2611A,104.2319,23.3892,文山州,市便民服务中心,颗粒物(PM10),54,58,58,25,50,94,91,89,89,11,13,8,10,0.4,0.6
2022-11-10T17:00:00,2612A,100.7939,22.0019,西双版纳州,景洪市江南,,26,21,33,15,22,88,83,63,63,13,20,7,8,0.6,0.7
2022-11-10T17:00:00,2613A,100.8017,22.0225,西双版纳州,景洪市江北,,32,19,14,9,9,104,102,76,76,8,13,11,10,0.4,0.5
2022-11-10T17:00:00,2614A,100.1542,25.7054,大理州,大理市环境监测站,,32,32,33,6,11,82,81,71,71,10,10,6,6,0.6,0.7
2022-11-10T17:00:00,2615A,100.2171,25.5811,大理州,大理古城,,31,15,22,7,11,104,99,86,86,10,12,6,5,0.4,0.4
2022-11-10T17:00:00,2616A,98.5842,24.428,德宏州,德宏州监测站,,,,40,,15,28,,39,,,14,,15,,0.4
2022-11-10T17:00:00,2618A,98.8601,25.8567,怒江州,州监测站,,26,23,30,12,17,83,83,61,61,4,9,8,7,0.4,0.4
2022-11-10T17:00:00,2619A,98.8546,25.8417,怒江州,泸水一中,,49,49,41,25,20,73,73,49,49,16,25,6,6,0.4,0.7
2022-11-10T17:00:00,2621A,99.7056,27.8317,迪庆州,迪庆州站,,30,17,17,9,17,108,93,89,89,8,15,6,8,0.5,0.6
2022-11-10T17:00:00,2622A,97.1806,31.1273,昌都市,昌都监测站,,29,15,36,3,15,93,92,74,74,2,22,3,7,0.5,1
2022-11-10T17:00:00,2624A,91.7608,29.2313,山南市,山南监测站,,32,32,19,5,7,105,96,99,89,3,6,6,6,0.3,0.3
2022-11-10T17:00:00,2625A,91.7706,29.2436,山南市,山南人民医院,颗粒物(PM10),54,57,26,29,10,101,90,89,83,5,6,5,5,0.3,0.3
2022-11-10T17:00:00,2626A,88.8876,29.2718,日喀则市,日喀则监测站,,31,8,14,1,6,108,97,93,84,3,7,3,4,0.4,0.4
2022-11-10T17:00:00,2628A,92.0657,31.4846,那曲地区,那曲监测站,,46,46,61,7,30,100,92,77,77,9,20,8,11,0.3,1
2022-11-10T17:00:00,2630A,80.1161,32.5,阿里地区,阿里监测站,,28,16,5,1,2,98,88,92,90,2,3,9,9,0.3,0.3
2022-11-10T17:00:00,2632A,94.3681,29.6376,林芝市,林芝监测站,,37,37,11,11,5,80,78,69,69,3,2,9,9,0.2,0.6
2022-11-10T17:00:00,2633A,94.3616,29.6616,林芝市,林芝人民医院,,28,28,15,5,5,79,78,68,68,2,5,9,9,0.2,0.3
2022-11-10T17:00:00,2634A,106.9893,33.1842,汉中市,汉川机床厂子校(对照点),细颗粒物(PM2.5),63,36,39,45,42,75,49,50,50,15,18,7,7,0.8,0.8
2022-11-10T17:00:00,2635A,107.0154,33.0706,汉中市,市监测站,颗粒物(PM10),63,76,90,43,51,50,42,40,40,16,30,4,4,0.9,1.1
2022-11-10T17:00:00,2636A,107.0089,33.1138,汉中市,鑫源开发区,颗粒物(PM10),62,74,92,38,53,46,31,34,34,24,34,3,4,1.0,1.1
2022-11-10T17:00:00,2637A,107.007,33.0323,汉中市,南郑大河坎水厂,颗粒物(PM10),62,74,89,43,54,49,42,38,38,18,28,5,5,1.0,1.1
2022-11-10T17:00:00,2638A,109.7414,38.3344,榆林市,红石峡森林公园(对照点),,,41,31,,45,60,60,48,48,23,32,3,3,1.5,1.5
2022-11-10T17:00:00,2639A,109.7456,38.2911,榆林市,世纪广场,,50,49,43,35,37,61,50,46,46,39,42,8,7,0.9,1
2022-11-10T17:00:00,2640A,109.7289,38.2839,榆林市,实验中学,细颗粒物(PM2.5),57,49,42,40,39,55,52,45,45,31,38,8,8,1.1,1
2022-11-10T17:00:00,2641A,109.7336,38.2478,榆林市,环保监测大楼,细颗粒物(PM2.5),63,56,43,45,42,61,50,45,45,33,35,8,10,0.9,0.9
2022-11-10T17:00:00,2642A,109.0318,32.6537,安康市,香溪洞(对照点),细颗粒物(PM2.5),82,85,90,60,68,69,60,41,41,14,22,7,14,1.0,1.1
2022-11-10T17:00:00,2643A,109.0281,32.6939,安康市,安康市监测站,细颗粒物(PM2.5),92,115,123,68,74,73,62,36,36,17,25,6,24,0.9,1
2022-11-10T17:00:00,2644A,109.0072,32.6975,安康市,汉滨区检察院,细颗粒物(PM2.5),93,99,113,69,78,68,53,36,36,21,27,7,17,0.8,0.9
2022-11-10T17:00:00,2645A,109.9154,33.8715,商洛市,监测站,颗粒物(PM10),77,103,102,52,58,114,75,71,71,27,32,10,9,0.8,0.8
2022-11-10T17:00:00,2647A,104.1724,36.5446,白银市,第三小学,颗粒物(PM10),58,66,68,31,40,107,77,73,73,14,40,16,38,0.6,1.1
2022-11-10T17:00:00,2648A,104.1465,36.5482,白银市,动力公司,颗粒物(PM10),52,54,64,30,44,109,74,58,58,13,28,12,26,0.5,1
2022-11-10T17:00:00,2649A,106.0055,34.343,天水市,麦积山(对照点),,,,,,,,,,,,,,,,
2022-11-10T17:00:00,2650A,105.7205,34.5786,天水市,公园小学,,49,49,44,23,27,60,58,41,41,30,37,7,9,0.8,0.8
2022-11-10T17:00:00,2651A,105.8945,34.5538,天水市,麦积国土局,,,37,40,6,18,63,,44,44,,23,14,15,0.6,0.9
2022-11-10T17:00:00,2652A,102.6201,37.9251,武威市,监测站,颗粒物(PM10),98,145,129,19,48,117,79,84,84,10,30,6,11,0.3,0.6
2022-11-10T17:00:00,2654A,100.4698,38.9524,张掖市,润泉湖,颗粒物(PM10),61,71,96,15,28,99,94,83,83,14,23,7,10,0.4,0.5
2022-11-10T17:00:00,2655A,100.4154,38.9422,张掖市,区工会,颗粒物(PM10),56,61,73,28,32,105,96,87,84,16,22,7,11,0.4,0.4
2022-11-10T17:00:00,2656A,106.6692,35.5461,平凉市,聚贤嘉苑,,34,34,39,19,25,58,43,44,44,27,25,6,6,0.8,0.8
2022-11-10T17:00:00,2657A,106.7021,35.5307,平凉市,博物馆,,,,44,,19,54,32,43,37,30,33,5,5,0.4,0.9
2022-11-10T17:00:00,2658A,98.5061,39.7443,酒泉市,仓门街子站,,,51,71,11,25,102,84,94,76,,21,5,9,0.4,0.6
2022-11-10T17:00:00,2659A,98.4989,39.7256,酒泉市,油田生活基地,,41,41,69,18,26,107,84,84,75,9,22,5,8,0.5,0.7
2022-11-10T17:00:00,2660A,107.6831,35.7289,庆阳市,区环保局(对照点),,,,,,,,,,,,,,,,
2022-11-10T17:00:00,2661A,107.6325,35.7357,庆阳市,庆阳五中,,36,36,43,22,30,63,55,58,58,19,15,4,5,1.1,0.9
2022-11-10T17:00:00,2662A,107.6364,35.7067,庆阳市,市环保局,,32,27,37,22,27,68,61,65,65,16,14,5,5,1.0,0.9
2022-11-10T17:00:00,2663A,104.6241,35.5734,定西市,东关小学,,35,35,48,20,24,72,71,67,67,7,18,4,5,0.4,0.5
2022-11-10T17:00:00,2664A,104.6194,35.5934,定西市,供电公司,,29,29,42,17,27,74,65,59,59,13,23,2,6,0.3,0.5
2022-11-10T17:00:00,2665A,105.0822,33.3261,陇南市,汉王镇固水子(对照点),,,,,,,,,,,,,,,,
2022-11-10T17:00:00,2667A,103.2069,35.5993,临夏回族自治州,环保局,,35,35,50,17,20,97,89,62,62,16,40,12,13,0.6,1.3
2022-11-10T17:00:00,2668A,103.2417,35.6057,临夏回族自治州,建设大厦,,28,28,42,10,17,116,88,64,64,16,35,11,12,0.7,1.1
2022-11-10T17:00:00,2669A,102.9099,34.9841,甘南州,州政府,,27,6,38,5,17,97,84,70,70,6,26,4,9,0.3,0.5
2022-11-10T17:00:00,2671A,100.9048,36.9639,海北藏族自治州,海晏县西海镇,,36,24,26,22,17,116,114,102,102,8,8,9,9,0.4,0.5
2022-11-10T17:00:00,2672A,102.0199,35.5102,黄南藏族自治州,同仁县隆务镇,,45,37,35,31,16,85,74,66,66,35,17,4,9,1.0,1
2022-11-10T17:00:00,2673A,100.6188,36.2866,海南藏族自治州,共和县恰卜恰镇,,32,16,24,6,15,100,100,88,88,2,12,8,10,0.3,0.4
2022-11-10T17:00:00,2674A,100.2561,34.4714,果洛藏族自治州,玛沁县大武镇,,,13,34,9,19,107,107,87,87,,16,17,21,0.4,0.6
2022-11-10T17:00:00,2675A,97,33.0014,玉树藏族自治州,玉树县结古镇,,30,4,18,0,11,94,94,77,77,1,13,9,17,1.2,1.5
2022-11-10T17:00:00,2676A,97.3731,37.3753,海西蒙古族藏族自治州,德令哈市,,30,24,22,5,11,96,93,83,80,4,7,2,3,0.3,0.4
2022-11-10T17:00:00,2677A,106.1532,37.9648,吴忠市,教育园区,细颗粒物(PM2.5),60,56,72,43,59,93,90,63,63,20,37,9,10,0.8,0.9
2022-11-10T17:00:00,2678A,106.2025,37.9844,吴忠市,高级中学,,,,,,,,,,,,,,,,
2022-11-10T17:00:00,2679A,106.1856,37.9956,吴忠市,新区二泵站,细颗粒物(PM2.5),69,61,71,50,68,89,80,58,58,20,34,9,25,0.7,0.8
2022-11-10T17:00:00,2680A,105.0025,37.4635,中卫市,沙坡头消防站(对照点),,,,93,,66,94,91,61,61,14,31,8,10,0.7,1.2
2022-11-10T17:00:00,2681A,105.18,37.0172,中卫市,官桥站,,,,,,,,,,,,,,,,
2022-11-10T17:00:00,2682A,105.1971,37.5002,中卫市,环保局站,细颗粒物(PM2.5),97,99,81,72,65,75,73,47,47,18,26,5,5,0.6,0.6
2022-11-10T17:00:00,2683A,106.2319,36.1417,固原市,马园(对照点),,20,19,32,14,29,45,34,42,33,22,21,4,4,0.7,0.8
2022-11-10T17:00:00,2684A,106.2792,36.0022,固原市,监测站,,20,10,27,14,31,38,37,33,32,15,16,5,5,0.7,0.7
2022-11-10T17:00:00,2685A,106.2375,36.0211,固原市,新区,,18,8,27,12,28,40,36,34,34,16,16,5,5,1.2,1.1
2022-11-10T17:00:00,2686A,89.1904,42.9418,吐鲁番地区,市环保局,,38,0,4,26,49,102,65,55,55,13,25,5,8,0.3,0.5
2022-11-10T17:00:00,2687A,89.1673,42.9559,吐鲁番地区,地区环保局,颗粒物(PM10),69,87,172,24,55,104,70,56,56,12,26,7,9,0.6,0.9
2022-11-10T17:00:00,2688A,93.5128,42.8172,哈密地区,地区监测站,颗粒物(PM10),59,68,79,15,19,86,66,74,60,11,15,6,5,0.3,0.3
2022-11-10T17:00:00,2689A,93.4961,42.8328,哈密地区,哈密师范学校,颗粒物(PM10),62,74,63,0,22,84,66,68,60,10,13,7,6,0.3,0.4
2022-11-10T17:00:00,2690A,88.1236,43.8886,昌吉州,天山天池(对照点),,19,2,3,2,1,71,60,67,66,6,7,3,3,1.0,1
2022-11-10T17:00:00,2691A,87.2997,44.0114,昌吉州,州监测站,,,,,,,,,,,,,,,,
2022-11-10T17:00:00,2692A,87.2717,44.0297,昌吉州,新区政务中心,,,12,13,12,9,63,,58,53,14,14,6,6,1.0,0.9
2022-11-10T17:00:00,2693A,82.0485,44.8556,博尔塔拉蒙古自治州,市党校,,25,25,24,7,7,54,54,52,44,7,9,8,9,0.2,0.2
2022-11-10T17:00:00,2694A,82.0806,44.8969,博尔塔拉蒙古自治州,市环保局,,20,20,21,12,9,52,52,46,45,12,11,10,10,0.4,0.4
2022-11-10T17:00:00,2695A,80.292,41.1694,阿克苏地区,电视台,,45,14,31,31,11,83,83,64,64,5,8,3,4,0.8,0.8
2022-11-10T17:00:00,2696A,80.2613,41.1551,阿克苏地区,艺术中心,,25,18,33,12,20,79,79,61,61,1,3,5,5,0.2,0.3
2022-11-10T17:00:00,2697A,76.1454,39.7142,克孜勒苏柯尔克孜自治州,市人民政府,,49,49,34,12,8,104,82,90,70,2,2,10,10,0.7,0.7
2022-11-10T17:00:00,2698A,76.0072,39.4467,喀什地区,巡警大队,颗粒物(PM10),57,63,74,22,22,93,82,67,67,11,21,4,5,0.4,0.8
2022-11-10T17:00:00,2699A,75.9755,39.4694,喀什地区,吾办,,48,48,59,31,22,105,93,72,72,6,20,3,3,0.5,1
2022-11-10T17:00:00,2700A,75.9538,39.4682,喀什地区,市环境监测站,,,62,74,24,30,,,,,14,26,5,4,0.9,1.5
2022-11-10T17:00:00,2703A,81.2815,43.9404,伊犁哈萨克州,市环保局,,28,13,18,19,19,62,62,45,45,10,15,8,11,0.7,0.9
2022-11-10T17:00:00,2704A,81.2996,43.9174,伊犁哈萨克州,新政府片区,,21,21,16,10,14,66,66,51,51,7,11,11,11,0.7,0.8
2022-11-10T17:00:00,2705A,81.3364,43.941,伊犁哈萨克州,第二水厂,,33,12,21,23,18,66,66,49,49,10,16,10,11,0.7,0.9
2022-11-10T17:00:00,2706A,82.9994,46.7432,塔城地区,东门外小游园,,,,17,,13,58,53,45,45,13,10,5,5,0.4,0.4
2022-11-10T17:00:00,2707A,88.1214,47.9047,阿勒泰地区,小东沟(对照点),,,,,,,,,,,,,,,,
2022-11-10T17:00:00,2708A,88.1264,47.8517,阿勒泰地区,市站,,22,9,6,3,5,83,70,82,75,6,3,3,3,0.7,0.6
2022-11-10T17:00:00,2709A,86.0497,44.2967,石河子市,艾青诗歌馆,,19,7,9,7,6,64,58,56,49,12,17,7,6,0.6,0.5
2022-11-10T17:00:00,2710A,86.0697,44.3075,石河子市,阳光学校,,,11,10,,,63,59,53,49,9,12,3,3,0.5,0.4
2022-11-10T17:00:00,2711A,87.5475,44.1756,五家渠市,农水大厦,,17,14,10,8,8,55,54,50,44,11,11,10,9,0.6,0.6
2022-11-10T17:00:00,2835A,101.7227,26.567,攀枝花市,四十中小,,48,48,56,27,30,116,112,72,72,19,40,20,17,0.7,1.4
2022-11-10T17:00:00,2842A,118.0936,24.5058,厦门市,湖里中学,,47,47,37,24,17,118,94,91,91,20,31,5,4,0.5,0.4
2022-11-10T17:00:00,2845A,113.1569,36.1911,长治市,德盛苑,细颗粒物(PM2.5),107,78,69,80,68,112,32,87,25,35,28,4,3,1.1,0.9
2022-11-10T17:00:00,2846A,113.3221,23.1322,广州市,体育西,颗粒物(PM10),58,66,72,39,42,150,150,82,82,42,62,4,5,0.8,1.1
2022-11-10T17:00:00,2858A,117.7918,39.2474,天津市,河西一经路,细颗粒物(PM2.5),226,217,219,176,182,56,38,31,16,32,66,7,8,2.0,2
2022-11-10T17:00:00,2859A,117.3747,38.9846,天津市,津沽路,细颗粒物(PM2.5),232,218,222,182,180,51,4,22,22,90,72,7,5,2.4,1.5
2022-11-10T17:00:00,2860A,117.1589,39.0845,天津市,宾水西道,细颗粒物(PM2.5),198,185,217,148,174,64,54,50,50,39,49,5,5,1.7,1.5
2022-11-10T17:00:00,2862A,114.5481,38.0378,石家庄市,22中南校区,细颗粒物(PM2.5),163,143,144,124,126,115,104,91,91,27,61,6,6,0.9,0.9
2022-11-10T17:00:00,2865A,112.7195,37.6828,晋中市,榆次三中,细颗粒物(PM2.5),100,103,155,75,114,102,79,66,66,34,41,8,11,0.9,1
2022-11-10T17:00:00,2866A,111.0522,35.0439,运城市,外滩首府,,,,,,,,,,,,,,,,
2022-11-10T17:00:00,2867A,111.1283,37.51,吕梁市,马茂庄小学,,46,46,86,31,41,81,78,58,58,22,37,7,10,0.6,0.8
2022-11-10T17:00:00,2868A,126.4739,43.953,吉林市,九站,细颗粒物(PM2.5),77,84,148,56,95,74,45,60,60,49,51,26,25,0.6,0.9
2022-11-10T17:00:00,2869A,119.447,32.4155,扬州市,五台山医院,细颗粒物(PM2.5),77,74,80,56,40,87,65,54,54,38,60,7,8,0.7,0.8
2022-11-10T17:00:00,2870A,119.4424,32.1873,镇江市,市疾控中心,细颗粒物(PM2.5),140,115,83,107,66,135,100,93,93,48,57,4,3,1.1,1
2022-11-10T17:00:00,2871A,121.6147,29.9017,宁波市,万里国际学校,,44,44,39,26,24,86,37,71,68,62,34,6,7,0.9,0.7
2022-11-10T17:00:00,2872A,120.7846,30.7525,嘉兴市,南湖区残联,,47,47,57,23,29,161,106,119,119,35,46,9,8,0.5,0.6
2022-11-10T17:00:00,2873A,120.0875,30.8955,湖州市,仁皇山新区,,48,42,82,23,46,193,151,99,99,22,56,5,7,0.6,0.8
2022-11-10T17:00:00,2875A,115.784,32.8892,阜阳市,阜阳职业技术学院,颗粒物(PM10),78,106,122,47,72,161,153,116,116,26,33,11,11,0.7,0.7
2022-11-10T17:00:00,2877A,119.1641,36.6523,潍坊市,坊子邮政,,46,46,68,27,41,101,85,80,80,22,30,4,5,0.4,0.6
2022-11-10T17:00:00,2878A,116.0072,36.4343,聊城市,聊大东校,细颗粒物(PM2.5),149,184,135,114,80,85,32,49,49,47,34,13,34,0.9,0.8
2022-11-10T17:00:00,2880A,104.0219,30.6558,成都市,大石西路,细颗粒物(PM2.5),102,95,87,76,68,78,63,47,47,37,38,4,4,0.7,0.9
2022-11-10T17:00:00,2881A,107.8908,26.5311,黔东南苗族侗族自治州,凯里学院,,36,22,32,17,23,126,113,111,111,5,18,2,4,0.3,0.4
2022-11-10T17:00:00,2882A,102.5389,24.3703,玉溪市,玉溪一中,,31,20,42,12,22,97,97,70,70,10,23,7,12,0.8,1.6
2022-11-10T17:00:00,2883A,102.5381,24.3389,玉溪市,文体中心,,37,37,37,11,23,96,89,77,77,13,30,10,10,0.6,1
2022-11-10T17:00:00,2884A,98.2672,39.7978,嘉峪关市,酒钢宾馆,,,61,73,22,26,103,66,94,62,,26,74,42,1.4,0.8
2022-11-10T17:00:00,2885A,104.9339,33.3826,陇南市,滨江中学,,37,37,42,19,20,88,86,63,63,9,24,6,8,0.5,0.7
2022-11-10T17:00:00,2894A,117.0566,32.6531,淮南市,经济技术开发区消防队,颗粒物(PM10),72,94,103,49,62,140,118,114,114,37,42,12,7,0.5,1
2022-11-10T17:00:00,2897A,123.2444,41.7347,沈阳市,沈辽西路,细颗粒物(PM2.5),156,182,143,119,98,99,9,76,53,83,34,12,17,1.2,0.9
2022-11-10T17:00:00,2900A,123.5953,41.9086,沈阳市,裕农路,细颗粒物(PM2.5),135,138,123,103,94,78,9,63,29,79,46,10,12,1.1,1.2
2022-11-10T17:00:00,2902A,106.6351,30.4865,广安市,北辰小学,细颗粒物(PM2.5),79,80,78,58,60,65,42,28,28,32,29,28,13,0.9,0.9
2022-11-10T17:00:00,2907A,120.1844,30.8596,湖州市,吴兴区站,细颗粒物(PM2.5),64,74,78,46,52,189,131,105,105,41,58,5,8,0.6,0.7
2022-11-10T17:00:00,2914A,106.7677,31.8794,巴中市,苏山坪(对照点),,39,33,32,27,28,84,73,77,59,7,8,5,6,0.4,0.5
2022-11-10T17:00:00,2915A,106.7619,31.84139,巴中市,职业中学,,,,,,,,,,,,,,,,
2022-11-10T17:00:00,2919A,116.7022,39.5453,廊坊市,河北工业大学,,,,154,,117,126,,91,91,33,67,8,10,,1
2022-11-10T17:00:00,2920A,117.7116,24.506,漳州市,蓝田镇,,43,43,52,18,21,142,121,108,108,16,33,5,9,0.4,0.6
2022-11-10T17:00:00,2921A,120.5483,30.0003,绍兴市,树下王站,细颗粒物(PM2.5),77,71,64,56,42,138,138,98,98,22,34,6,6,0.7,0.8
2022-11-10T17:00:00,2922A,117.1941,39.1067,天津市,大理道,细颗粒物(PM2.5),211,196,232,161,191,60,44,45,45,45,61,7,7,1.5,1.4
2022-11-10T17:00:00,2924A,106.2266,38.4418,银川市,水乡路,细颗粒物(PM2.5),68,74,146,49,93,94,90,51,51,30,72,17,14,1.2,1.6
2022-11-10T17:00:00,2925A,106.2757,38.4842,银川市,上海东路,细颗粒物(PM2.5),90,84,134,67,95,104,104,60,60,25,65,16,11,0.8,1.2
2022-11-10T17:00:00,2926A,106.1015,38.497,银川市,文昌北街,细颗粒物(PM2.5),113,101,157,85,114,100,100,60,60,25,48,12,9,0.9,1.2
2022-11-10T17:00:00,2929A,114.8858,30.4519,黄冈市,红卫路,,48,48,92,21,51,170,139,142,142,9,26,9,12,0.7,1
2022-11-10T17:00:00,2994A,119.6533,29.1128,金华市,武警支队(启用161031),,,,,,,,,,,,,,,,
2022-11-10T17:00:00,2996A,118.283,33.965,宿迁市,市供电局,细颗粒物(PM2.5),63,53,46,45,27,89,76,62,62,32,31,3,3,0.6,0.6
2022-11-10T17:00:00,2997A,119.8767,32.3289,泰州市,王营,细颗粒物(PM2.5),89,69,58,66,46,85,66,60,60,30,44,8,9,0.8,0.9
2022-11-10T17:00:00,3000A,119.3581,34.6972,连云港市,德源药业,,41,41,49,19,23,112,89,95,95,30,34,1,2,0.4,0.5
2022-11-10T17:00:00,3002A,119.9805,31.8174,常州市,行政中心,细颗粒物(PM2.5),129,188,127,98,56,149,100,105,105,70,82,17,12,2.0,0.9
2022-11-10T17:00:00,3003A,120.0522,31.7748,常州市,经开区,细颗粒物(PM2.5),123,174,126,93,61,136,101,95,95,69,76,22,10,2.3,1
2022-11-10T17:00:00,3004A,120.1544,33.3663,盐城市,宝龙广场,,48,48,40,22,20,97,93,74,70,18,21,8,8,0.3,0.4
2022-11-10T17:00:00,3005A,117.1814,34.29,徐州市,鼓楼区政府,细颗粒物(PM2.5),100,78,66,75,48,70,70,44,44,30,45,4,6,1.0,0.9
2022-11-10T17:00:00,3006A,117.1694,34.1781,徐州市,铜山区招生办,细颗粒物(PM2.5),104,107,90,78,61,67,67,42,42,31,44,5,8,0.7,0.7
2022-11-10T17:00:00,3007A,119.178,34.844,连云港市,新城一中,,35,35,36,17,15,118,97,92,92,20,37,2,3,0.6,0.7
2022-11-10T17:00:00,3008A,119.3608,34.7519,连云港市,胡沟管理处,,36,36,39,17,21,103,95,103,84,10,23,7,8,0.5,0.3
2022-11-10T17:00:00,3009A,119.1478,34.5911,连云港市,矿山设计院,颗粒物(PM10),65,80,58,31,34,98,89,89,86,26,24,6,7,0.5,0.5
2022-11-10T17:00:00,3010A,119.9025,31.7964,常州市,钟楼,细颗粒物(PM2.5),140,173,110,107,58,160,103,101,101,65,70,9,7,1.8,0.8
2022-11-10T17:00:00,3012A,112.1849,31.0362,荆门市,西山林语,颗粒物(PM10),58,66,110,26,66,181,161,151,151,13,28,16,12,0.5,0.9
2022-11-10T17:00:00,3014A,106.4958,29.5346,重庆市,歇台子,细颗粒物(PM2.5),78,84,99,57,58,90,59,49,49,48,57,9,10,0.9,1
2022-11-10T17:00:00,3015A,106.4037,29.5728,重庆市,龙井湾,细颗粒物(PM2.5),72,81,81,52,50,110,80,68,68,31,33,10,13,0.9,0.9
2022-11-10T17:00:00,3016A,106.5507,29.4153,重庆市,龙洲湾,细颗粒物(PM2.5),104,107,94,78,78,89,83,58,58,39,49,5,11,0.8,0.9
2022-11-10T17:00:00,3018A,111.505,36.1014,临汾市,唐尧大酒店,细颗粒物(PM2.5),135,132,134,103,94,36,30,28,28,45,52,9,10,1.3,1.2
2022-11-10T17:00:00,3020A,117.2101,39.1699,天津市,中山北路,细颗粒物(PM2.5),214,199,236,164,191,76,41,48,48,40,55,6,8,1.7,1.6
2022-11-10T17:00:00,3021A,115,35.7668,濮阳市,濮水河管理处,细颗粒物(PM2.5),284,294,149,234,145,61,6,14,10,44,29,7,8,1.5,1
2022-11-10T17:00:00,3022A,112.4433,34.6686,洛阳市,凯旋路小学,,,,,,,,,,,,,,,,
2022-11-10T17:00:00,3025A,113.0477,23.6344,清远市,技师学院,颗粒物(PM10),53,56,42,33,25,142,142,88,88,9,24,7,9,0.8,0.9
2022-11-10T17:00:00,3026A,116.6183,23.6608,潮州市,市政府,,50,50,57,27,26,168,132,140,140,15,26,12,20,0.6,0.7
2022-11-10T17:00:00,3027A,104.72,29.3427,自贡市,青杠林路,细颗粒物(PM2.5),69,76,89,50,69,93,91,58,58,13,22,5,6,0.3,0.4
2022-11-10T17:00:00,3028A,104.776,29.3627,自贡市,檀木林体育馆,细颗粒物(PM2.5),64,67,76,46,63,99,99,64,64,14,21,7,8,0.5,0.6
2022-11-10T17:00:00,3033A,87.4651,43.4569,乌鲁木齐市,培训基地,,22,2,2,0,1,69,68,67,66,4,7,7,7,0.5,0.6
2022-11-10T17:00:00,3034A,113.1076,41.0385,乌兰察布市,光明街小学,细颗粒物(PM2.5),65,48,54,47,47,26,23,18,18,57,54,17,13,1.6,1.2
2022-11-10T17:00:00,3035A,122.0931,46.0707,兴安盟,北滨河,细颗粒物(PM2.5),178,171,83,134,55,93,51,63,63,45,30,5,7,0.9,0.6
2022-11-10T17:00:00,3036A,118.6904,37.4338,东营市,开发区管委会,细颗粒物(PM2.5),122,123,100,92,73,101,88,71,71,38,37,14,12,0.9,0.8
2022-11-10T17:00:00,3038A,103.3758,23.368,红河州,州图书馆,,43,42,47,30,38,98,84,96,86,8,7,4,4,0.5,0.5
2022-11-10T17:00:00,3039A,111.1911,34.7829,三门峡市,三门峡市第一小学,细颗粒物(PM2.5),132,120,117,100,125,115,95,113,90,22,19,5,8,0.9,1
2022-11-10T17:00:00,3045A,109.9643,33.8471,商洛市,商州区中学,细颗粒物(PM2.5),97,113,105,72,69,140,72,79,79,50,41,13,6,0.8,0.8
2022-11-10T17:00:00,3046A,115.9084,28.6062,南昌市,机电学校,,37,34,90,9,39,130,118,110,110,5,51,7,9,0.4,0.7
2022-11-10T17:00:00,3048A,119.5799,26.0936,福州市,九龙,,28,22,28,19,24,77,73,65,65,6,11,4,4,0.4,0.4
2022-11-10T17:00:00,3051A,117.3876,39.1488,天津市,西四道,细颗粒物(PM2.5),216,187,220,166,181,49,17,33,33,56,63,6,6,2.3,1.6
2022-11-10T17:00:00,3054A,113.9194,35.2847,新乡市,市委党校,细颗粒物(PM2.5),228,228,182,178,137,73,26,19,19,52,61,12,11,2.1,1.6
2022-11-10T17:00:00,3055A,101.7775,36.6428,西宁市,城北区政府,,50,50,76,25,52,129,109,92,92,31,41,19,33,0.7,1.4
2022-11-10T17:00:00,3057A,121.5992,37.4014,烟台市,牟平检察院,颗粒物(PM10),60,70,50,37,34,99,68,75,75,44,33,6,9,0.7,0.7
2022-11-10T17:00:00,3058A,119.2658,42.0353,赤峰市,银河街,颗粒物(PM10),61,71,115,17,52,62,43,51,51,45,47,18,34,0.7,1.1
2022-11-10T17:00:00,3059A,117.7161,36.2049,济南市,泰兴公司,细颗粒物(PM2.5),90,122,100,67,60,73,33,63,63,80,67,10,8,2.0,1.5
2022-11-10T17:00:00,3061A,119.7512,49.1577,呼伦贝尔市,国华电力东,,24,24,25,8,16,34,29,25,25,15,15,3,3,0.3,0.4
2022-11-10T17:00:00,3064A,117.6867,36.2171,济南市,莱芜战役纪念馆,细颗粒物(PM2.5),94,132,90,70,58,80,23,62,62,91,52,9,6,2.2,1.6
2022-11-10T17:00:00,3065A,101.9533,29.9972,甘孜藏族自治州,州环保局,颗粒物(PM10),56,62,26,10,8,78,78,63,63,11,16,8,8,0.4,0.3
2022-11-10T17:00:00,3066A,116.2721,37.4379,德州市,九衢泉纯净水厂,细颗粒物(PM2.5),213,227,192,163,128,74,60,44,44,38,52,14,12,1.2,1.2
2022-11-10T17:00:00,3109A,115.0093,25.8613,赣州市,赣县区卫计委,,44,44,57,17,23,138,134,100,100,17,31,6,7,0.7,0.8
2022-11-10T17:00:00,3122A,105.9606,26.2611,安顺市,伍家关(对照点),,,,,,,,,,,,,,,,
2022-11-10T17:00:00,3123A,105.9408,26.2431,安顺市,凤凰山,,45,37,39,31,32,104,99,94,94,6,8,8,9,0.4,0.5
2022-11-10T17:00:00,3124A,105.9439,26.2564,安顺市,金钟山,,49,38,39,34,33,104,99,95,93,4,6,8,10,0.6,0.6
2022-11-10T17:00:00,3125A,105.8983,26.2481,安顺市,娄家坡,,48,42,41,33,33,100,95,95,91,7,7,5,5,0.5,0.5
2022-11-10T17:00:00,3128A,92.0506,31.4797,那曲地区,那曲会议中心,,26,26,30,3,14,100,75,72,72,4,13,6,9,0.4,0.8
2022-11-10T17:00:00,3129A,102.0306,36.5067,海东地区,平安高铁新区,,,,,,,,,,,,,,,,
2022-11-10T17:00:00,3131A,114.879,40.7993,张家口市,烟厂,细颗粒物(PM2.5),64,61,58,46,45,95,80,74,74,43,39,6,5,1.3,1.3
2022-11-10T17:00:00,3132A,119.610547,39.943889,秦皇岛市,文明里,细颗粒物(PM2.5),128,122,134,97,90,83,48,74,61,49,44,8,10,0.9,1.1
2022-11-10T17:00:00,3133A,106.5468,29.5654,重庆市,上清寺,细颗粒物(PM2.5),67,76,99,48,57,66,62,35,35,50,84,11,13,1.1,1.3
2022-11-10T17:00:00,3134A,113.8172,34.0339,许昌市,市一中,颗粒物(PM10),56,62,158,34,72,104,98,79,79,16,38,7,23,0.6,1
2022-11-10T17:00:00,3136A,104.2725,30.5589,成都市,龙泉驿区区政府,细颗粒物(PM2.5),67,63,77,48,58,75,64,31,31,32,32,6,5,0.7,0.9
2022-11-10T17:00:00,3137A,103.8578,30.0744,眉山市,市委党校,细颗粒物(PM2.5),87,75,107,64,90,85,82,43,43,29,39,6,8,0.8,0.9
2022-11-10T17:00:00,3138A,111.7153,29.0289,常德市,武陵区永安,,,,104,70,85,166,158,135,135,16,30,8,6,0.8,0.9
2022-11-10T17:00:00,3139A,111.6892,28.9881,常德市,鼎城区玉霞,细颗粒物(PM2.5),77,78,103,56,66,178,161,137,137,15,38,14,12,0.7,0.8
2022-11-10T17:00:00,3140A,111.6625,29.0531,常德市,武陵区长庚,细颗粒物(PM2.5),74,88,95,54,79,178,162,136,136,14,28,12,10,0.6,0.8
2022-11-10T17:00:00,3141A,114.3922,36.0878,安阳市,信访局,细颗粒物(PM2.5),241,231,232,191,199,53,28,21,21,67,62,11,9,1.3,1.7
2022-11-10T17:00:00,3147A,114.3438,34.8106,开封市,龙亭公园,细颗粒物(PM2.5),212,170,168,162,128,63,14,26,26,42,47,2,4,1.1,0.9
2022-11-10T17:00:00,3148A,103.8291,30.0564,眉山市,区人社局,细颗粒物(PM2.5),85,79,93,63,74,83,81,53,53,29,39,5,7,0.8,0.9
2022-11-10T17:00:00,3149A,115.0235,30.1578,黄石市,笔架山北路,臭氧1小时,53,49,78,20,44,168,162,147,147,22,34,8,9,0.4,0.5
2022-11-10T17:00:00,3151A,114.375,27.8097,宜春市,宜春学院北校区,,42,42,67,25,37,117,91,95,95,17,32,15,19,0.7,0.9
2022-11-10T17:00:00,3153A,114.3877,30.4908,武汉市,民族大道182号,,50,48,90,26,47,170,159,141,141,24,55,12,16,0.7,1.1
2022-11-10T17:00:00,3164A,119.4686,32.3942,扬州市,广陵建设局,细颗粒物(PM2.5),87,98,80,64,42,85,45,51,51,51,63,6,7,0.9,0.9
2022-11-10T17:00:00,3165A,108.6594,34.2969,咸阳市,两寺渡,颗粒物(PM10),107,164,142,48,59,22,7,14,8,47,46,3,4,1.2,1.3
2022-11-10T17:00:00,3169A,113.2725,35.2067,焦作市,太极体育中心(启用180720),细颗粒物(PM2.5),238,264,188,188,138,66,21,44,31,42,48,5,10,1.8,1.1
2022-11-10T17:00:00,3170A,102.1864,38.5253,金昌市,市委党校,,,,,,,100,82,86,83,11,24,6,42,0.5,0.7
2022-11-10T17:00:00,3171A,115.6071,34.4465,商丘市,梁园区档案局,细颗粒物(PM2.5),90,117,112,67,75,99,43,61,61,27,50,8,11,0.7,0.6
2022-11-10T17:00:00,3173A,117.0598,30.5351,安庆市,市人大,,38,35,68,12,43,144,119,115,115,17,37,8,11,0.7,1
2022-11-10T17:00:00,3178A,119.0587,36.721,潍坊市,潍坊七中,,44,44,70,24,46,96,85,78,78,21,27,6,6,0.6,0.7
2022-11-10T17:00:00,3179A,102.7494,25.0119,昆明市,官渡区博物馆,颗粒物(PM10),55,60,49,10,25,102,97,78,78,16,32,8,8,0.2,0.6
2022-11-10T17:00:00,3180A,99.7136,27.8094,迪庆州,质量技术监督局,,30,16,21,13,14,105,96,87,87,5,10,7,7,0.4,0.5
2022-11-10T17:00:00,3182A,106.7656,31.8545,巴中市,丽阳花园,细颗粒物(PM2.5),64,61,49,46,37,28,11,19,19,35,22,2,2,1.1,0.8
2022-11-10T17:00:00,3183A,106.7418,31.8654,巴中市,圣泉水务公司,细颗粒物(PM2.5),53,48,35,37,28,29,14,23,18,29,19,4,4,0.6,0.6
2022-11-10T17:00:00,3185A,112.5628,37.8964,太原市,巨轮,细颗粒物(PM2.5),133,134,164,101,125,77,54,61,61,53,52,15,13,1.8,1.6
2022-11-10T17:00:00,3186A,103.7158,36.1058,兰州市,教育港,细颗粒物(PM2.5),67,64,113,48,67,132,98,91,91,24,64,20,27,3.1,1.4
2022-11-10T17:00:00,3187A,116.9509,33.666,宿州市,远航博物馆,细颗粒物(PM2.5),105,110,93,79,59,88,81,53,53,19,30,2,2,0.7,0.5
2022-11-10T17:00:00,3188A,115.6683,37.7217,衡水市,市城管局,细颗粒物(PM2.5),281,292,264,231,202,31,16,14,14,70,61,8,11,0.8,0.3
2022-11-10T17:00:00,3190A,116.0254,29.6994,九江市,外国语学校,,43,25,75,18,55,144,136,110,110,19,52,10,19,0.9,1.2
2022-11-10T17:00:00,3191A,118.3225,33.9447,宿迁市,宿豫区政府,,45,45,41,31,26,98,81,69,69,29,23,4,4,0.6,0.5
2022-11-10T17:00:00,3192A,80.0903,32.5028,阿里地区,阿里藏医院,,28,9,11,0,3,98,87,92,89,2,2,8,8,0.6,0.5
2022-11-10T17:00:00,3194A,112.2747,30.3122,荆州市,管委会,臭氧1小时,70,76,107,30,70,180,176,148,148,21,52,12,10,0.8,1.1
2022-11-10T17:00:00,3195A,119.3633,32.3972,扬州市,市体育局,细颗粒物(PM2.5),88,119,94,65,47,105,72,64,64,41,66,7,9,1.1,1.1
2022-11-10T17:00:00,3200A,115.9819,36.4978,聊城市,监控中心,细颗粒物(PM2.5),198,218,137,148,80,86,20,53,39,58,39,14,25,0.8,0.5
2022-11-10T17:00:00,3201A,102.6486,37.9325,武威市,东关招商场,颗粒物(PM10),110,169,139,20,55,118,83,90,90,11,24,6,12,0.4,0.6
2022-11-10T17:00:00,3204A,113.3025,33.73,平顶山市,规划局,细颗粒物(PM2.5),153,160,228,117,166,126,100,82,82,25,54,13,12,1.0,1.3
2022-11-10T17:00:00,3206A,114.9149,27.807,新余市,新钢沁园村,,,56,85,53,44,104,,83,83,,40,,36,,1.1
2022-11-10T17:00:00,3207A,118.3118,32.3038,滁州市,市政府原办公楼,颗粒物(PM10),67,84,87,40,43,160,128,140,140,40,54,5,9,0.6,0.7
2022-11-10T17:00:00,3208A,112.7283,38.4153,忻州市,市政府,细颗粒物(PM2.5),144,147,136,110,115,113,112,76,76,27,46,16,14,1.0,1.2
2022-11-10T17:00:00,3209A,119.5231,26.6562,宁德市,宁德一中,,43,43,36,23,20,64,56,44,44,19,20,6,5,0.7,0.8
2022-11-10T17:00:00,3210A,114.3644,34.7964,开封市,汴京公园,细颗粒物(PM2.5),220,106,128,170,143,57,17,22,22,36,43,5,6,1.1,1
2022-11-10T17:00:00,3216A,114.6622,24.5183,漳州市,漳州党校,,41,41,45,20,27,150,128,110,110,19,34,5,9,0.6,0.7
2022-11-10T17:00:00,3237A,117.4918,30.6617,池州市,展览馆,细颗粒物(PM2.5),52,48,60,36,35,128,121,97,97,33,28,22,8,0.8,0.9
2022-11-10T17:00:00,3239A,125.0764,42.9078,辽源市,银鹰制药,细颗粒物(PM2.5),119,117,108,90,75,100,46,75,75,63,55,10,15,1.2,1.2
2022-11-10T17:00:00,3241A,103.7439,36.0842,兰州市,百合公园,细颗粒物(PM2.5),64,62,102,46,63,121,101,86,86,16,52,21,21,0.9,1.1
2022-11-10T17:00:00,3242A,103.9611,35.998,兰州市,和平,颗粒物(PM10),57,63,88,29,54,111,99,80,80,17,38,17,16,1.1,1.4
2022-11-10T17:00:00,3247A,104.955,33.371,陇南市,市总工会,,37,37,38,14,17,90,90,63,63,10,17,8,9,0.5,0.5
2022-11-10T17:00:00,3248A,98.2643,39.7724,嘉峪关市,雄关区,,49,49,57,24,24,113,68,93,58,22,31,27,28,0.5,0.7
2022-11-10T17:00:00,3265A,121.4316,31.3322,上海市,宝山庙行,,46,46,66,32,39,81,53,49,49,45,47,5,6,0.6,0.7
2022-11-10T17:00:00,3266A,121.8791,31.4662,上海市,崇明上实东滩,,49,41,26,34,22,102,87,78,78,12,24,8,9,0.6,0.7
2022-11-10T17:00:00,3268A,121.3162,31.2838,上海市,嘉定南翔,,49,40,49,34,36,100,47,69,69,42,36,6,6,0.6,0.6
2022-11-10T17:00:00,3269A,121.3359,30.7456,上海市,金山新城,,42,40,48,29,31,146,105,124,124,19,20,7,8,0.7,0.6
2022-11-10T17:00:00,3270A,121.4996,31.0739,上海市,闵行浦江,,,42,43,30,30,113,67,79,79,,34,6,5,0.7,0.8
2022-11-10T17:00:00,3271A,121.2886,31.1663,上海市,青浦徐泾,颗粒物(PM10),56,61,52,36,31,97,64,80,80,40,33,6,7,0.8,0.8
2022-11-10T17:00:00,3272A,121.2186,31.0378,上海市,松江图书馆,颗粒物(PM10),63,76,45,44,34,119,66,90,90,47,45,8,8,0.9,0.7
2022-11-10T17:00:00,3273A,121.3902,31.2059,上海市,长宁仙霞,,,79,63,38,34,105,43,71,71,56,36,6,7,,0.8
2022-11-10T17:00:00,3274A,121.7965,31.0507,上海市,浦东惠南,细颗粒物(PM2.5),60,50,39,43,27,101,101,70,70,20,27,4,5,0.7,0.7
2022-11-10T17:00:00,3281A,115.9718,40.4529,北京市,延庆夏都,细颗粒物(PM2.5),84,75,107,62,83,80,66,53,53,28,32,2,3,0.6,0.8
2022-11-10T17:00:00,3282A,113.3397,40.0597,大同市,大同市卫生学校,,40,27,56,28,55,77,69,62,62,16,25,6,9,1.1,1.2
2022-11-10T17:00:00,3283A,109.9154,40.5685,包头市,滨河大厦,细颗粒物(PM2.5),94,83,86,70,65,77,66,47,47,28,31,12,14,1.0,1.1
2022-11-10T17:00:00,3284A,106.813,39.7274,乌海市,海北新区,颗粒物(PM10),56,62,136,35,65,95,63,48,48,22,61,22,28,0.8,1.4
2022-11-10T17:00:00,3285A,113.1376,40.9509,乌兰察布市,北京八中,细颗粒物(PM2.5),92,80,64,68,53,22,7,15,14,65,52,40,20,2.0,1.5
2022-11-10T17:00:00,3286A,118.9359,42.3147,赤峰市,桥北物流园区,颗粒物(PM10),65,80,101,24,48,56,44,46,46,30,48,18,37,0.4,0.9
2022-11-10T17:00:00,3287A,119.3842,32.1976,镇江市,富润路1号,细颗粒物(PM2.5),119,91,71,90,56,144,109,106,106,44,63,9,9,1.1,0.9
2022-11-10T17:00:00,3288A,117.4754,34.4422,徐州市,大泉街道,细颗粒物(PM2.5),105,134,102,79,46,109,99,71,71,20,20,9,8,0.8,0.7
2022-11-10T17:00:00,3289A,120.743,31.3188,苏州市,方洲路,细颗粒物(PM2.5),58,54,55,41,41,94,83,67,67,43,39,8,6,0.7,0.6
2022-11-10T17:00:00,3290A,120.5031,31.2774,苏州市,木渎中学,细颗粒物(PM2.5),73,62,44,53,30,114,101,85,85,59,43,6,6,0.8,0.8
2022-11-10T17:00:00,3291A,121.067,32.062,南通市,通州监测站,,,48,42,34,29,110,106,88,88,10,17,,4,0.6,0.6
2022-11-10T17:00:00,3293A,120.1501,33.3367,盐城市,月亮广场,颗粒物(PM10),62,73,67,18,15,107,104,90,76,16,16,6,6,0.5,0.6
2022-11-10T17:00:00,3294A,119.5653,32.4222,扬州市,引江管理处,细颗粒物(PM2.5),73,76,63,53,40,81,52,52,52,40,57,6,7,0.9,1
2022-11-10T17:00:00,3295A,120.1259,32.5099,泰州市,姜堰区政府广场,颗粒物(PM10),51,52,56,32,31,91,91,58,58,20,36,9,10,0.6,0.8
2022-11-10T17:00:00,3298A,113.5717,23.5491,广州市,从化街口,臭氧1小时,77,60,48,42,28,181,181,127,127,23,23,6,6,0.6,0.7
2022-11-10T17:00:00,3299A,113.3472,23.3692,广州市,白云竹料,臭氧1小时,90,82,78,43,40,192,192,124,124,43,44,5,5,0.6,0.7
2022-11-10T17:00:00,3300A,113.2981,23.237,广州市,白云嘉禾,臭氧1小时,77,85,114,50,47,181,181,89,89,56,72,7,6,0.7,0.9
2022-11-10T17:00:00,3301A,113.4256,23.1716,广州市,黄埔科学城,细颗粒物(PM2.5),54,56,56,38,33,133,133,90,90,30,39,5,5,0.6,0.6
2022-11-10T17:00:00,3302A,113.3942,23.0483,广州市,番禺大学城,颗粒物(PM10),59,68,72,40,36,139,132,101,101,48,58,5,7,0.8,0.9
2022-11-10T17:00:00,3303A,113.4922,22.8168,广州市,南沙黄阁,,,,61,,40,176,176,119,119,36,63,4,5,,1.1
2022-11-10T17:00:00,3304A,113.5342,22.7896,广州市,南沙街,颗粒物(PM10),54,58,56,33,41,154,147,109,109,35,54,5,7,0.9,0.9
2022-11-10T17:00:00,3305A,114.0731,22.559,深圳市,莲花,颗粒物(PM10),55,59,33,34,19,87,73,65,65,36,28,5,5,0.8,0.8
2022-11-10T17:00:00,3306A,114.0261,22.6198,深圳市,民治,,,,,,,,,,,,,,,,
2022-11-10T17:00:00,3307A,114.1871,22.6451,深圳市,横岗,臭氧1小时,62,57,37,34,22,193,169,128,128,48,39,7,7,0.8,0.7
2022-11-10T17:00:00,3308A,113.3494,22.0569,珠海市,金湾,颗粒物(PM10),54,57,28,22,22,128,128,93,93,20,20,8,8,0.4,0.4
2022-11-10T17:00:00,3311A,113.1075,22.5647,江门市,江海富民,颗粒物(PM10),59,67,100,36,55,158,133,114,114,32,61,6,7,0.6,1.3
2022-11-10T17:00:00,3313A,112.4575,23.0166,肇庆市,高要湖西,,40,40,35,24,21,110,104,70,70,13,23,7,24,0.6,0.8
2022-11-10T17:00:00,3314A,114.4338,22.8134,惠州市,惠阳秋长,,42,39,44,18,20,143,134,117,117,11,23,5,5,0.7,0.7
2022-11-10T17:00:00,3315A,116.1233,24.2991,梅州市,梅龙,,39,31,34,14,19,129,122,104,104,15,20,8,9,0.5,0.7
2022-11-10T17:00:00,3317A,111.9765,21.8947,阳江市,两阳中学,,45,45,47,29,27,116,112,99,99,15,27,9,8,0.4,0.6
2022-11-10T17:00:00,3318A,112.9903,23.7403,清远市,清新太和,,47,47,20,26,13,123,109,66,66,13,14,7,5,0.7,0.7
2022-11-10T17:00:00,3319A,113.7338,23.0381,东莞市,万江金泰,细颗粒物(PM2.5),87,93,83,64,50,205,157,131,131,60,56,15,9,0.9,1.3
2022-11-10T17:00:00,3320A,116.403,23.5699,揭阳市,曲溪,,48,44,48,17,27,170,152,139,139,14,18,9,7,0.5,0.6
2022-11-10T17:00:00,3323A,115.2773,40.9724,张家口市,青少年活动中心,,,33,24,25,20,107,98,88,88,,11,3,3,0.3,0.4
2022-11-10T17:00:00,3324A,116.8136,38.3004,沧州市,河北水利电力学院,细颗粒物(PM2.5),272,,,222,202,70,48,39,30,48,55,10,13,1.6,1.1
2022-11-10T17:00:00,3325A,117.0365,39.3828,天津市,雍阳西道,细颗粒物(PM2.5),195,186,225,146,179,109,78,78,78,30,61,6,9,1.2,1.3
2022-11-10T17:00:00,3326A,117.0296,39.0605,天津市,辛老路,细颗粒物(PM2.5),224,223,258,174,194,65,54,50,50,45,69,8,9,1.4,1.4
2022-11-10T17:00:00,3327A,116.9638,38.9375,天津市,地纬路,细颗粒物(PM2.5),244,220,244,194,198,56,45,43,43,51,67,8,10,1.4,1.4
2022-11-10T17:00:00,3328A,118.4209,31.3707,芜湖市,市气象局,颗粒物(PM10),57,64,67,30,40,154,154,122,122,16,30,10,10,0.8,0.7
2022-11-10T17:00:00,3329A,117.0108,32.5893,淮南市,山南新区,细颗粒物(PM2.5),93,113,104,69,70,154,128,124,124,40,37,9,8,0.6,0.7
2022-11-10T17:00:00,3330A,116.8873,33.9836,淮北市,杜集区检察院,细颗粒物(PM2.5),68,67,72,49,52,99,74,73,73,17,21,6,10,0.7,0.7
2022-11-10T17:00:00,3331A,118.3267,32.2634,滁州市,图书馆,细颗粒物(PM2.5),70,74,90,51,37,160,132,120,120,38,52,8,9,0.8,0.8
2022-11-10T17:00:00,3332A,115.7633,33.8034,亳州市,亳州学院,细颗粒物(PM2.5),93,96,112,69,87,144,133,104,104,15,18,6,7,0.8,0.8
2022-11-10T17:00:00,3333A,117.5627,30.695,池州市,第八中学,颗粒物(PM10),52,53,61,34,38,130,127,105,105,31,29,11,6,0.7,0.9
2022-11-10T17:00:00,3334A,117.5038,30.6243,池州市,第十二中学,颗粒物(PM10),53,56,61,30,40,140,123,109,109,31,41,10,6,0.6,0.8
2022-11-10T17:00:00,3335A,113.3137,35.2641,焦作市,马村街道办(新增191226),细颗粒物(PM2.5),235,250,171,185,124,61,17,47,38,41,32,4,6,2.1,1.2
2022-11-10T17:00:00,3336A,113.2465,35.2373,焦作市,焦作技师学院(新增200110),细颗粒物(PM2.5),245,291,177,195,128,60,18,50,38,40,33,6,8,1.8,1.2
2022-11-10T17:00:00,3337A,113.8614,34.0442,许昌市,许昌学院,颗粒物(PM10),62,74,178,35,73,103,96,77,77,16,40,7,16,0.6,1.1
2022-11-10T17:00:00,3338A,113.843,34.0823,许昌市,芙蓉广场,,,78,172,39,85,108,95,79,79,,40,15,19,0.7,1.1
2022-11-10T17:00:00,3339A,114.0012,33.0412,驻马店市,小管楼,细颗粒物(PM2.5),139,151,215,106,141,142,142,95,95,34,56,16,11,0.8,0.8
2022-11-10T17:00:00,3340A,112.6005,34.6326,洛阳市,伊滨,细颗粒物(PM2.5),206,149,175,156,159,64,33,18,18,34,41,8,8,0.9,0.9
2022-11-10T17:00:00,3341A,112.4951,34.6332,洛阳市,中移产业园,细颗粒物(PM2.5),195,141,171,146,165,56,48,27,27,30,48,6,6,0.5,0.7
2022-11-10T17:00:00,3342A,128.4741,47.4346,伊春市,中心小学,颗粒物(PM10),59,68,86,32,72,45,8,30,29,43,17,5,4,0.7,0.6
2022-11-10T17:00:00,3343A,128.6871,47.7369,伊春市,检察院,颗粒物(PM10),67,83,53,18,42,50,19,39,38,29,10,3,3,0.7,0.5
2022-11-10T17:00:00,3344A,128.8431,47.8474,伊春市,双子河社区,颗粒物(PM10),70,90,53,26,33,66,18,37,36,26,13,6,7,0.9,0.6
2022-11-10T17:00:00,3345A,131.0577,45.7879,七台河市,中波台,,31,31,62,8,40,66,25,39,37,31,31,10,11,0.3,0.6
2022-11-10T17:00:00,3346A,108.3872,31.1628,重庆市,安康,细颗粒物(PM2.5),69,77,46,50,36,54,23,35,35,47,27,18,10,0.7,0.5
2022-11-10T17:00:00,3347A,105.9017,29.3569,重庆市,北山路,细颗粒物(PM2.5),90,63,74,67,73,113,113,74,74,15,27,13,14,0.8,0.8
2022-11-10T17:00:00,3348A,105.839,30.1946,重庆市,春阳街,颗粒物(PM10),54,58,54,27,41,82,58,34,34,15,21,10,10,0.6,0.7
2022-11-10T17:00:00,3349A,107.7983,30.6758,重庆市,人民东路,细颗粒物(PM2.5),53,54,54,37,35,99,91,86,86,10,16,8,7,0.7,0.8
2022-11-10T17:00:00,3350A,106.6479,29.0244,重庆市,滩子口,细颗粒物(PM2.5),139,122,122,106,93,118,111,80,80,25,35,34,37,0.8,1.1
2022-11-10T17:00:00,3351A,105.7167,29.7076,重庆市,棠香,颗粒物(PM10),53,56,64,29,39,81,68,56,56,12,19,6,7,0.7,0.8
2022-11-10T17:00:00,3352A,107.0732,29.8617,重庆市,桃源西路,颗粒物(PM10),66,82,65,44,47,83,65,59,59,45,33,10,14,0.8,0.8
2022-11-10T17:00:00,3353A,107.3535,29.7287,重庆市,迎宾大道,颗粒物(PM10),92,134,55,29,52,117,96,58,58,40,42,6,7,0.5,0.7
2022-11-10T17:00:00,3354A,108.815,29.5081,重庆市,舟白,细颗粒物(PM2.5),55,47,47,39,38,130,118,97,97,12,15,8,7,0.5,0.5
2022-11-10T17:00:00,3355A,108.3679,30.8426,重庆市,周家坝,细颗粒物(PM2.5),68,59,60,49,45,83,53,31,31,53,50,9,9,0.6,0.8
2022-11-10T17:00:00,3356A,108.4319,30.7555,重庆市,百安坝,,50,50,44,31,33,87,81,56,56,37,33,11,11,0.5,0.6
2022-11-10T17:00:00,3357A,104.0106,30.6931,成都市,金博路,细颗粒物(PM2.5),99,95,82,74,58,65,47,43,43,43,34,4,2,0.7,0.8
2022-11-10T17:00:00,3358A,103.8458,30.6994,成都市,临江路,细颗粒物(PM2.5),93,92,86,69,61,64,64,35,35,34,39,3,5,0.5,0.7
2022-11-10T17:00:00,3359A,104.0578,30.5225,成都市,华阳,细颗粒物(PM2.5),77,80,77,56,59,43,40,24,24,46,44,1,1,0.8,0.9
2022-11-10T17:00:00,3360A,104.7894,29.3194,自贡市,南湖救助站,细颗粒物(PM2.5),64,69,90,46,65,89,89,53,53,14,23,8,9,0.5,0.6
2022-11-10T17:00:00,3361A,103.7311,29.5628,乐山市,理工大学,,,,67,53,49,89,83,73,73,14,22,7,6,1.8,0.7
2022-11-10T17:00:00,3362A,120.5014,36.4034,青岛市,即墨2号,,44,44,36,16,15,110,103,102,102,11,22,5,5,0.3,0.3
2022-11-10T17:00:00,3363A,117.9883,36.8372,淄博市,新区,细颗粒物(PM2.5),94,107,102,70,67,111,96,84,84,51,57,5,7,0.4,0.8
2022-11-10T17:00:00,3364A,117.3152,34.8103,枣庄市,市环保局,细颗粒物(PM2.5),98,105,96,73,61,90,90,73,73,33,34,10,11,0.7,0.8
2022-11-10T17:00:00,3365A,118.5719,37.565,东营市,垦利区民丰路,细颗粒物(PM2.5),107,107,110,80,72,110,95,79,79,40,53,16,16,1.0,1.1
2022-11-10T17:00:00,3366A,121.5206,37.4336,烟台市,中国农业大学,颗粒物(PM10),56,61,52,24,22,93,78,80,68,38,31,6,7,0.5,0.4
2022-11-10T17:00:00,3368A,119.1977,36.6872,潍坊市,高新实验学校,颗粒物(PM10),51,51,67,17,42,94,82,78,78,10,19,8,8,0.5,0.7
2022-11-10T17:00:00,3369A,118.3977,35.0278,临沂市,开发区幼儿园,,,,,,,,,,,,,,,,
2022-11-10T17:00:00,3370A,118.3564,35.0215,临沂市,十里堡居委,细颗粒物(PM2.5),77,90,53,56,38,106,96,87,87,30,32,3,4,1.0,0.8
2022-11-10T17:00:00,3371A,116.3728,37.4403,德州市,开发区人民医院,细颗粒物(PM2.5),250,252,191,200,143,79,60,49,49,44,49,15,10,0.9,0.9
2022-11-10T17:00:00,3372A,116.3572,37.4094,德州市,太阳城中学,细颗粒物(PM2.5),240,248,182,190,136,86,55,63,63,49,51,17,11,1.2,1.1
2022-11-10T17:00:00,3374A,115.5564,35.0891,菏泽市,定陶老年大学,细颗粒物(PM2.5),58,46,112,41,79,83,59,44,35,31,35,7,9,0.6,0.9
2022-11-10T17:00:00,3375A,102.8017,24.8336,昆明市,青年创业园,,32,19,36,9,19,102,102,82,82,7,25,8,9,0.4,0.5
2022-11-10T17:00:00,3376A,103.7947,25.462,曲靖市,南苑二区,,39,18,30,6,22,123,123,93,93,10,12,8,8,0.4,0.5
2022-11-10T17:00:00,3377A,103.7444,25.5261,曲靖市,曲靖师范学院,,39,34,43,13,31,124,124,92,92,10,19,7,9,0.3,0.4
2022-11-10T17:00:00,3378A,122.371,40.6771,营口市,老边实验中学,细颗粒物(PM2.5),80,43,92,59,86,122,48,111,63,54,41,7,12,1.0,1.2
2022-11-10T17:00:00,3379A,122.1139,40.2278,营口市,鲅鱼圈市民活动中心,细颗粒物(PM2.5),85,84,111,63,76,107,2,88,45,93,35,10,7,1.3,1
2022-11-10T17:00:00,3380A,102.8914,34.9617,甘南州,甘肃民族师范学院,,26,6,26,4,11,96,83,67,67,13,30,16,13,0.4,0.4
2022-11-10T17:00:00,3396A,112.0828,32.0067,襄阳市,襄城隆中路,细颗粒物(PM2.5),203,227,200,153,142,144,132,107,107,38,28,12,13,1.0,1
2022-11-10T17:00:00,3397A,112.1214,32.1008,襄阳市,高新台子湾,细颗粒物(PM2.5),178,211,212,134,147,151,143,103,103,25,59,12,12,1.1,1.2
2022-11-10T17:00:00,3398A,114.9136,30.4445,黄冈市,市林业局,颗粒物(PM10),56,62,88,13,45,172,135,139,139,8,30,11,15,0.6,0.8
2022-11-10T17:00:00,3399A,112.6703,26.882,衡阳市,师范学院,,35,22,50,21,32,112,109,94,94,7,17,11,11,0.5,0.7
2022-11-10T17:00:00,3400A,109.1911,21.4415,北海市,龙潭自来水厂,,45,36,29,24,20,148,143,126,126,10,9,8,8,0.5,0.5
2022-11-10T17:00:00,3401A,108.4834,22.7618,南宁市,红星社区,颗粒物(PM10),53,55,66,16,45,80,73,73,73,18,17,8,8,0.6,0.8
2022-11-10T17:00:00,3402A,109.5422,24.3996,柳州市,市二中,,46,46,52,16,30,88,75,68,68,6,26,5,10,0.6,0.7
2022-11-10T17:00:00,3403A,110.1764,25.2381,桂林市,创业大厦,,29,29,40,12,21,102,82,76,76,8,26,7,34,0.3,0.4
2022-11-10T17:00:00,3404A,108.5959,21.9633,钦州市,北职校,,41,41,40,14,23,130,118,109,109,15,21,12,12,0.6,0.7
2022-11-10T17:00:00,3405A,109.5886,23.1172,贵港市,新世纪学校,,46,46,47,31,27,109,109,92,92,8,17,11,15,0.8,0.8
2022-11-10T17:00:00,3406A,106.6085,23.8798,百色市,祈福高中,细颗粒物(PM2.5),62,67,75,44,49,145,128,101,101,13,34,17,14,0.8,0.9
2022-11-10T17:00:00,3407A,120.6916,30.7739,嘉兴市,秀洲住建,细颗粒物(PM2.5),53,53,53,37,32,162,155,117,117,38,48,6,6,0.6,0.5
2022-11-10T17:00:00,3408A,120.5683,29.9361,绍兴市,绍兴中专,细颗粒物(PM2.5),107,111,54,80,33,150,150,91,91,32,34,11,8,0.7,0.6
2022-11-10T17:00:00,3409A,120.4906,30.0861,绍兴市,柯桥区政府,颗粒物(PM10),53,55,72,29,37,114,96,95,95,39,53,8,9,0.7,0.9
2022-11-10T17:00:00,3410A,120.8752,30.0249,绍兴市,重华小学,颗粒物(PM10),57,64,62,27,29,143,97,97,97,22,24,9,7,0.7,0.7
2022-11-10T17:00:00,3411A,120.8369,30.0137,绍兴市,上虞中学,颗粒物(PM10),52,53,66,31,43,139,92,87,87,27,34,8,7,0.6,0.7
2022-11-10T17:00:00,3413A,118.1953,28.4401,上饶市,广丰区教体局,,35,15,70,10,45,125,110,98,98,11,29,13,30,0.5,1
2022-11-10T17:00:00,3415A,114.4519,28.0828,宜春市,万载县环保局,,,47,92,32,50,139,120,118,118,,46,,24,0.5,0.9
2022-11-10T17:00:00,3416A,119.1755,36.7149,潍坊市,潍坊学院,,,,72,,38,96,89,77,77,,28,5,5,0.6,0.8
2022-11-10T17:00:00,3417A,117.0709,40.1465,北京市,平谷新城,细颗粒物(PM2.5),95,86,129,71,94,112,103,86,86,13,25,3,2,0.9,0.7
2022-11-10T17:00:00,3418A,116.8336,40.4095,北京市,密云新城,细颗粒物(PM2.5),82,68,85,60,67,100,96,79,79,19,12,2,2,0.6,0.5
2022-11-10T17:00:00,3419A,109.9447,40.6261,包头市,包头市委党校,细颗粒物(PM2.5),77,72,96,56,71,82,72,50,50,33,48,11,35,0.9,1.3
2022-11-10T17:00:00,3421A,113.1775,40.9779,乌兰察布市,市委党校,"颗粒物(PM10),细颗粒物(PM2.5)",53,55,57,37,35,24,11,18,18,69,55,14,15,1.7,1.4
2022-11-10T17:00:00,3422A,118.8436,31.9198,南京市,江宁彩虹桥,细颗粒物(PM2.5),67,59,50,48,44,172,167,133,133,37,45,3,4,0.7,0.6
2022-11-10T17:00:00,3423A,119.0138,31.6494,南京市,溧水永阳,,,63,66,,41,165,151,125,125,28,48,,4,0.7,0.8
2022-11-10T17:00:00,3424A,118.879,31.3302,南京市,高淳老职中,,50,50,65,25,45,147,135,122,122,15,39,7,8,0.4,0.7
2022-11-10T17:00:00,3425A,120.624,31.1733,苏州市,越秀幼儿园,细颗粒物(PM2.5),80,56,53,59,36,144,80,100,100,83,43,7,7,0.9,0.8
2022-11-10T17:00:00,3426A,118.8755,33.2894,淮安市,新华书店,颗粒物(PM10),61,71,56,33,28,118,103,81,81,20,27,6,6,0.6,0.6
2022-11-10T17:00:00,3427A,118.8554,32.3578,南京市,六合雄州,颗粒物(PM10),64,77,66,44,36,142,86,84,84,43,54,4,5,0.9,0.8
2022-11-10T17:00:00,3428A,120.3142,31.4753,无锡市,华庄,颗粒物(PM10),62,73,75,42,43,117,61,72,72,66,48,9,10,0.8,0.9
2022-11-10T17:00:00,3429A,119.8598,31.7066,常州市,武进经发区,细颗粒物(PM2.5),113,116,69,85,42,157,118,112,112,77,65,12,8,2.0,0.9
2022-11-10T17:00:00,3430A,119.5826,31.7245,常州市,金坛城区,细颗粒物(PM2.5),97,104,65,72,41,238,159,129,129,45,52,7,6,1.0,0.8
2022-11-10T17:00:00,3431A,120.6505,31.416,苏州市,高铁新城,细颗粒物(PM2.5),52,52,61,36,36,123,100,86,86,34,47,6,6,0.6,0.7
2022-11-10T17:00:00,3432A,120.9348,31.9883,南通市,环境教育馆,颗粒物(PM10),51,51,39,35,28,108,96,78,78,17,37,1,2,0.5,0.4
2022-11-10T17:00:00,3434A,119.2413,34.6539,连云港市,工贸学校,,36,35,31,16,18,114,113,112,94,10,13,4,5,0.5,0.6
2022-11-10T17:00:00,3435A,119.9192,32.4322,泰州市,周山河街区,,,,58,42,41,64,,46,46,23,39,7,7,,0.9
2022-11-10T17:00:00,3436A,120.4279,33.205,盐城市,大丰高级中学,,48,48,45,22,20,117,93,102,86,13,15,5,5,0.4,0.4
2022-11-10T17:00:00,3437A,88.3118,43.3658,乌鲁木齐市,达坂城区环保局,,24,21,10,7,4,74,74,70,68,6,6,2,2,0.3,0.2
2022-11-10T17:00:00,3438A,87.6162,43.8801,乌鲁木齐市,红光山片区,,22,19,8,8,3,75,68,58,58,21,21,1,4,0.3,0.3
2022-11-10T17:00:00,3439A,87.7024,43.8004,乌鲁木齐市,新师大温泉校区,,,,7,,4,94,,70,70,,10,,4,,0.2
2022-11-10T17:00:00,3440A,87.4921,43.8411,乌鲁木齐市,大绿谷,,20,14,6,12,5,63,63,57,57,22,23,7,6,0.8,0.8
2022-11-10T17:00:00,3441A,87.546,44.1912,五家渠市,经开区管委会,,,11,16,,9,61,61,55,48,10,12,8,7,0.3,0.4
2022-11-10T17:00:00,3442A,86.047,44.2331,石河子市,南区管委会,,20,7,7,5,8,65,63,56,52,9,10,8,9,0.7,0.7
2022-11-10T17:00:00,3443A,113.2902,23.5544,广州市,花都梯面,,,80,34,51,20,192,192,131,131,33,22,,3,,0.6
2022-11-10T17:00:00,3444A,116.454,23.2684,汕头市,潮南峡山,,36,34,30,18,16,160,114,117,117,10,12,8,9,0.6,0.6
2022-11-10T17:00:00,3445A,113.7858,23.7478,广州市,从化良口,,45,39,22,25,16,144,144,87,87,14,14,4,3,0.7,0.6
2022-11-10T17:00:00,3446A,113.8051,23.2614,广州市,增城荔城,,46,46,39,29,22,158,147,118,118,20,24,6,6,0.5,0.5
2022-11-10T17:00:00,3447A,114.3551,22.7151,深圳市,坪山,,35,35,44,17,22,156,102,120,120,28,33,6,7,0.7,0.7
2022-11-10T17:00:00,3448A,113.5433,22.1163,珠海市,横琴,,38,32,25,13,21,129,120,92,92,19,18,8,8,0.5,0.5
2022-11-10T17:00:00,3449A,113.05,22.4667,江门市,新会银湖,颗粒物(PM10),57,64,60,32,36,154,132,104,104,25,37,6,6,0.8,0.9
2022-11-10T17:00:00,3450A,111.01,21.5165,茂名市,电白水东,,37,27,31,12,21,133,118,126,117,9,10,7,10,0.6,0.6
2022-11-10T17:00:00,3451A,112.5617,23.2083,肇庆市,鼎湖凤凰,,,,20,,12,33,,29,,,11,,7,,0.6
2022-11-10T17:00:00,3452A,114.6517,22.775,惠州市,大亚湾霞涌,,40,34,34,19,16,143,128,114,114,15,20,6,8,0.1,0.2
2022-11-10T17:00:00,3453A,112.0125,21.8749,阳江市,阳东陶然,,43,43,62,30,42,115,115,101,101,8,29,8,8,0.6,0.8
2022-11-10T17:00:00,3454A,113.3528,22.478,中山市,中山南区,颗粒物(PM10),58,66,44,36,29,156,156,100,100,30,31,2,2,0.5,0.6
2022-11-10T17:00:00,3455A,113.076,23.7198,清远市,清城东城,臭氧1小时,58,59,21,34,14,166,166,97,97,14,14,7,6,0.8,0.7
2022-11-10T17:00:00,3456A,114.289,38.0906,石家庄市,鹿泉一中,细颗粒物(PM2.5),130,126,143,99,101,112,105,98,98,20,35,5,7,0.8,0.8
2022-11-10T17:00:00,3457A,118.4359,39.2762,唐山市,冀东油田职工医院,细颗粒物(PM2.5),129,102,181,98,157,92,63,92,47,24,46,6,8,0.8,1.2
2022-11-10T17:00:00,3458A,114.7895,36.5593,邯郸市,香泉濮院小区,细颗粒物(PM2.5),264,258,240,214,194,45,33,27,27,50,53,7,10,1.5,1.6
2022-11-10T17:00:00,3459A,115.5989,37.5491,衡水市,地表水厂,细颗粒物(PM2.5),245,214,191,195,176,24,10,16,16,54,42,10,10,1.0,1.1
2022-11-10T17:00:00,3460A,117.4067,40.0583,天津市,北环路,细颗粒物(PM2.5),83,72,149,61,115,101,89,84,84,20,24,8,10,1.4,1.4
2022-11-10T17:00:00,3461A,117.3045,39.7169,天津市,建设路,细颗粒物(PM2.5),178,153,210,134,177,102,77,77,77,34,56,10,14,1.5,1.5
2022-11-10T17:00:00,3462A,117.8199,39.3521,天津市,滨水东路,细颗粒物(PM2.5),180,160,194,136,160,32,32,16,16,42,71,8,9,1.8,1.8
2022-11-10T17:00:00,3463A,116.9708,33.591,宿州市,社会福利中心,细颗粒物(PM2.5),119,107,96,90,70,82,75,58,58,23,29,1,2,0.6,0.5
2022-11-10T17:00:00,3464A,117.3803,31.9147,合肥市,高教基地,颗粒物(PM10),59,68,75,22,30,163,142,118,118,27,52,6,5,0.6,0.6
2022-11-10T17:00:00,3465A,118.4781,31.3225,芜湖市,清苑社区,颗粒物(PM10),60,69,65,39,42,166,152,130,130,41,50,10,8,0.8,0.6
2022-11-10T17:00:00,3466A,118.2746,31.2326,芜湖市,扬子职业技术学院,颗粒物(PM10),52,53,64,34,42,157,150,114,114,22,35,7,6,0.6,0.6
2022-11-10T17:00:00,3468A,115.7901,32.8613,阜阳市,市规划展馆,颗粒物(PM10),75,99,97,53,46,164,158,121,121,29,36,13,13,0.7,0.8
2022-11-10T17:00:00,3469A,115.836,32.9183,阜阳市,枣园社区,细颗粒物(PM2.5),65,77,86,47,54,161,143,114,114,37,41,11,11,0.7,0.8
2022-11-10T17:00:00,3470A,118.7724,30.9141,宣城市,夏渡子站,,48,44,62,33,38,146,146,106,106,26,30,5,8,0.5,0.5
2022-11-10T17:00:00,3471A,113.616563,34.86783,郑州市,惠济区政府,细颗粒物(PM2.5),210,173,152,160,142,56,27,26,26,39,52,5,6,1.6,1.2
2022-11-10T17:00:00,3473A,114.2485,34.8306,开封市,技师学院,细颗粒物(PM2.5),250,180,150,200,142,62,14,39,24,38,39,5,7,1.2,0.9
2022-11-10T17:00:00,3474A,114.2617,35.6822,鹤壁市,大新区,细颗粒物(PM2.5),238,163,165,188,168,59,30,18,18,70,54,21,13,1.8,1.6
2022-11-10T17:00:00,3475A,113.9188,35.3045,新乡市,市政府,细颗粒物(PM2.5),258,233,189,208,181,59,40,23,23,38,59,9,9,1.9,1.6
2022-11-10T17:00:00,3476A,113.9135,35.3327,新乡市,河师大,细颗粒物(PM2.5),242,248,248,192,169,46,33,23,23,50,67,12,13,1.9,1.5
2022-11-10T17:00:00,3477A,113.1656,35.2539,焦作市,中站许衡医院(新增191226),细颗粒物(PM2.5),234,234,144,184,112,86,17,62,44,51,36,7,9,2.1,1.4
2022-11-10T17:00:00,3478A,113.9749,33.5664,漯河市,市图书馆,细颗粒物(PM2.5),122,142,165,92,121,134,124,92,92,,79,13,16,0.9,1.1
2022-11-10T17:00:00,3479A,114.0967,33.5906,漯河市,召陵区卫健委,细颗粒物(PM2.5),128,152,177,97,141,146,122,103,103,28,52,14,14,0.7,1
2022-11-10T17:00:00,3480A,129.1368,47.6417,伊春市,美溪镇,颗粒物(PM10),51,51,48,28,38,72,26,41,41,21,12,3,2,1.0,0.9
2022-11-10T17:00:00,3481A,125.141,46.634,大庆市,萨区政府监测点,细颗粒物(PM2.5),185,157,126,139,116,54,38,45,45,52,32,9,8,1.6,1.2
2022-11-10T17:00:00,3482A,107.7541,29.3277,重庆市,芙蓉中路,,42,42,67,23,33,114,114,68,68,8,34,9,15,0.4,0.6
2022-11-10T17:00:00,3483A,108.7661,29.5368,重庆市,西山,,43,32,40,30,34,107,95,86,86,10,28,8,8,0.4,0.5
2022-11-10T17:00:00,3484A,106.2628,29.32,重庆市,行政中心,细颗粒物(PM2.5),80,96,101,59,69,94,76,57,57,32,39,8,10,1.0,1.1
2022-11-10T17:00:00,3485A,107.0944,29.1608,重庆市,高寺路,,50,40,68,35,54,96,74,57,57,34,36,6,9,0.5,0.7
2022-11-10T17:00:00,3486A,124.4036,43.1411,四平市,植物园,细颗粒物(PM2.5),127,136,134,96,94,95,43,68,65,62,63,7,8,0.9,0.9
2022-11-10T17:00:00,3487A,104.2394,30.5319,成都市,车城东七路,细颗粒物(PM2.5),60,65,77,43,58,70,70,34,34,28,37,4,3,0.7,0.8
2022-11-10T17:00:00,3488A,104.3853,30.7453,成都市,青白江技师分院,细颗粒物(PM2.5),99,83,78,74,67,58,46,27,27,25,34,3,4,0.8,0.9
2022-11-10T17:00:00,3489A,104.0789,30.4072,成都市,科学城,细颗粒物(PM2.5),83,77,84,61,62,59,50,31,31,43,38,6,6,0.7,0.8
2022-11-10T17:00:00,3490A,105.3617,28.7703,泸州市,纳溪区环保局,细颗粒物(PM2.5),93,66,97,69,80,93,89,65,65,16,21,7,13,1.0,1
2022-11-10T17:00:00,3491A,104.69,31.5322,绵阳市,西科大附属小学,颗粒物(PM10),59,67,64,41,39,57,57,17,17,16,36,4,4,0.4,0.5
2022-11-10T17:00:00,3492A,104.5648,31.5343,绵阳市,安州区旅游局,颗粒物(PM10),65,80,84,44,44,52,25,19,12,29,27,4,6,0.7,0.8
2022-11-10T17:00:00,3494A,117.1673,36.9782,济南市,济阳区政府,细颗粒物(PM2.5),110,129,129,83,82,95,91,62,62,34,51,16,11,0.8,0.8
2022-11-10T17:00:00,3495A,117.1171,36.63,济南市,锦屏中学,细颗粒物(PM2.5),95,120,77,71,52,115,62,76,76,59,37,14,4,1.0,0.7
2022-11-10T17:00:00,3496A,118.3604,35.1084,临沂市,南坊新区,细颗粒物(PM2.5),89,105,63,66,40,107,92,93,93,35,38,7,7,0.7,0.4
2022-11-10T17:00:00,3498A,118.5055,37.8612,东营市,河口城区,细颗粒物(PM2.5),122,168,138,92,82,106,61,71,71,46,38,9,9,1.1,1
2022-11-10T17:00:00,3500A,116.5814,35.3707,济宁市,北湖一中,细颗粒物(PM2.5),103,99,79,77,67,77,11,36,27,54,39,6,7,0.9,0.8
2022-11-10T17:00:00,3501A,116.8249,35.5593,济宁市,服务中心,细颗粒物(PM2.5),79,62,102,58,72,56,40,31,31,34,46,9,10,1.2,1.3
2022-11-10T17:00:00,3502A,117.1812,36.2275,泰安市,国网新校,,,,,73,72,93,55,65,65,47,31,12,10,1.6,1.2
2022-11-10T17:00:00,3503A,117.0313,36.2018,泰安市,交通技校,细颗粒物(PM2.5),110,100,85,83,75,101,50,82,57,44,23,10,9,1.7,1.1
2022-11-10T17:00:00,3504A,117.0829,36.13,泰安市,山东第一医科大学,颗粒物(PM10),74,97,116,40,56,73,66,61,61,36,45,11,9,1.3,0.9
2022-11-10T17:00:00,3505A,122.1379,37.3414,威海市,临港区管委会,,48,48,40,23,23,110,104,104,100,21,20,2,2,0.4,0.3
2022-11-10T17:00:00,3507A,119.5328,35.4625,日照市,职业技术学院,,48,48,33,27,18,109,74,103,91,29,22,4,4,0.3,0.3
2022-11-10T17:00:00,3511A,116.5652,37.3319,德州市,陵城艺术中心,细颗粒物(PM2.5),103,110,143,77,100,96,95,69,69,28,38,12,10,0.6,0.8
2022-11-10T17:00:00,3512A,116.049,36.4674,聊城市,华润纺织,细颗粒物(PM2.5),152,173,130,116,84,107,36,63,60,44,30,22,26,0.8,0.8
2022-11-10T17:00:00,3513A,116.0445,36.4361,聊城市,九州社区,细颗粒物(PM2.5),132,161,120,100,74,93,42,56,56,37,33,13,20,0.6,0.5
2022-11-10T17:00:00,3514A,117.9378,37.3956,滨州市,中海酒店,细颗粒物(PM2.5),134,156,145,102,95,105,100,58,58,40,75,22,17,1.2,1.2
2022-11-10T17:00:00,3515A,117.9378,37.3553,滨州市,开发区一中,细颗粒物(PM2.5),139,182,164,106,96,128,106,67,67,46,79,23,15,1.2,1.2
2022-11-10T17:00:00,3516A,118.0917,37.694,滨州市,金海六路,细颗粒物(PM2.5),94,109,133,70,85,101,86,71,71,24,57,8,16,0.5,1.9
2022-11-10T17:00:00,3520A,106.3495,38.9836,石嘴山市,妇女儿童医院,细颗粒物(PM2.5),114,94,119,86,95,91,91,51,51,28,40,19,10,1.1,1.2
2022-11-10T17:00:00,3521A,106.7492,39.2069,石嘴山市,石大公路,,50,43,115,35,89,81,74,52,52,18,38,8,7,0.7,1
2022-11-10T17:00:00,3522A,106.2177,35.9959,固原市,原州区十五小,,18,18,38,11,22,32,28,28,25,21,21,1,1,1.1,1
2022-11-10T17:00:00,3523A,106.5105,38.3856,银川市,滨河新区,细颗粒物(PM2.5),89,79,74,66,62,96,96,48,48,32,39,15,13,1.0,0.9
2022-11-10T17:00:00,3524A,108.6116,34.1164,西安市,文体局,细颗粒物(PM2.5),117,104,123,88,114,38,29,31,31,26,31,7,7,1.3,1.4
2022-11-10T17:00:00,3525A,108.6396,34.4078,咸阳市,奥体中心,颗粒物(PM10),141,232,169,92,76,28,9,15,14,57,46,4,4,1.4,1.4
2022-11-10T17:00:00,3526A,119.5189,25.9664,福州市,吴航,,21,20,37,11,22,78,67,68,48,7,18,3,4,0.4,0.5
2022-11-10T17:00:00,3527A,118.0958,24.5688,厦门市,集美中学,颗粒物(PM10),51,51,30,22,13,119,90,89,89,30,22,4,2,0.5,0.4
2022-11-10T17:00:00,3528A,118.1493,24.7245,厦门市,同安二实小,,41,41,21,22,11,112,112,90,90,22,14,9,4,0.4,0.4
2022-11-10T17:00:00,3529A,118.6333,24.9264,泉州市,城华南路,,,,31,,15,96,84,83,83,17,15,,8,0.6,0.5
2022-11-10T17:00:00,3530A,117.6296,24.5314,漳州市,西洋坪路,,41,40,47,21,22,154,130,110,110,17,27,5,7,0.4,0.6
2022-11-10T17:00:00,3531A,110.296,25.1253,桂林市,旅游学院,,26,12,27,12,15,93,83,78,78,8,22,2,11,0.3,0.4
2022-11-10T17:00:00,3532A,110.1945,22.6831,玉林市,玉林师范学院东校区,,35,35,49,19,34,94,80,79,79,16,27,10,23,0.6,0.7
2022-11-10T17:00:00,3533A,110.0527,22.5893,玉林市,福绵环保局,,29,25,58,20,38,94,78,82,82,15,21,8,15,0.6,0.8
2022-11-10T17:00:00,3534A,111.4744,24.4553,贺州市,西湾,,,,34,,23,84,77,77,77,12,24,5,11,,0.9
2022-11-10T17:00:00,3535A,109.1781,23.7297,来宾市,兴宾区政府,,38,34,48,26,29,89,84,75,75,5,15,5,9,0.5,0.6
2022-11-10T17:00:00,3536A,106.8547,27.5919,遵义市,第十二小学,颗粒物(PM10),51,52,53,32,36,108,100,101,101,14,23,9,20,0.7,0.8
2022-11-10T17:00:00,3537A,105.3631,27.3533,毕节市,长征村,,,36,43,,40,115,113,96,96,,12,8,8,,0.5
2022-11-10T17:00:00,3538A,107.5175,26.2978,黔南布依族苗族自治州,沙坝,,32,29,39,9,23,104,100,92,92,7,25,4,4,0.5,0.6
2022-11-10T17:00:00,3539A,110.5111,19.9736,海口市,桂林洋子站,,31,28,24,16,12,107,97,94,94,6,5,5,5,0.5,0.5
2022-11-10T17:00:00,3540A,109.7348,18.3443,三亚市,君悦子站,,23,23,20,8,8,77,70,70,70,2,4,3,3,0.4,0.4
2022-11-10T17:00:00,3541A,109.5726,19.5167,儋州市,第一中学子站,,22,18,26,12,10,75,69,67,67,10,10,3,4,0.4,0.5
2022-11-10T17:00:00,3542A,109.5567,19.5187,儋州市,东坡学校子站,,25,25,27,15,8,74,71,72,70,9,9,3,4,0.5,0.5
2022-11-10T17:00:00,3544A,121.4891,30.925,上海市,奉贤南桥新城,颗粒物(PM10),55,60,55,35,32,133,82,97,97,19,31,6,6,0.8,0.8
2022-11-10T17:00:00,3545A,110.8054,32.8401,十堰市,郧阳区金沙路,细颗粒物(PM2.5),129,111,113,98,92,112,101,76,76,32,28,13,8,1.0,1.1
2022-11-10T17:00:00,3546A,111.4606,30.552,宜昌市,猇亭区张家湾站,细颗粒物(PM2.5),64,69,96,46,71,167,160,132,132,14,29,9,14,0.5,0.7
2022-11-10T17:00:00,3547A,112.1632,31.0138,荆门市,龙泉中学南校,细颗粒物(PM2.5),62,62,107,44,64,181,156,152,152,16,37,9,14,0.6,1.1
2022-11-10T17:00:00,3548A,112.1655,30.3364,荆州市,学苑路,细颗粒物(PM2.5),75,47,106,55,94,184,165,152,152,32,47,11,10,0.8,1.1
2022-11-10T17:00:00,3549A,109.5061,30.3772,恩施土家族苗族自治州,龙凤新区,,50,50,48,32,35,116,100,72,72,11,12,7,6,1.0,1
2022-11-10T17:00:00,3550A,102.7997,24.9786,昆明市,昆明学院,,32,17,38,10,22,104,100,86,86,12,20,7,8,0.4,0.7
2022-11-10T17:00:00,3551A,102.5967,24.6736,昆明市,晋宁区生态环境分局,细颗粒物(PM2.5),77,54,37,56,25,107,99,85,85,8,20,7,7,0.4,1.1
2022-11-10T17:00:00,3552A,102.6678,24.9856,昆明市,云天化总部,,32,11,31,7,20,110,101,88,88,13,30,8,8,0.3,0.5
2022-11-10T17:00:00,3557A,119.9464,30.0494,杭州市,镇二中,,35,35,75,21,44,128,112,92,92,34,55,6,7,0.5,0.8
2022-11-10T17:00:00,3558A,119.7183,30.2367,杭州市,市府大楼,,48,48,57,23,27,138,112,107,107,32,37,9,9,0.5,0.6
2022-11-10T17:00:00,3560A,120.4722,30.0415,绍兴市,柯桥妇保,细颗粒物(PM2.5),69,85,59,50,37,118,110,98,98,47,35,6,4,0.7,0.7
2022-11-10T17:00:00,3561A,120.6985,27.9251,温州市,茶山,,43,43,63,20,33,98,75,75,75,20,35,8,7,0.4,0.5
2022-11-10T17:00:00,3562A,120.4148,30.8538,湖州市,南浔区站,颗粒物(PM10),83,116,73,52,35,196,159,146,146,47,46,6,5,0.7,0.7
2022-11-10T17:00:00,3564A,121.2568,28.6681,台州市,台州科技职业学院,,,,104,,51,67,,84,,,37,,7,,0.7
2022-11-10T17:00:00,3565A,113.1367,40.1122,大同市,云冈站,颗粒物(PM10),51,52,86,23,62,79,79,63,63,18,40,9,18,1.0,1.5
2022-11-10T17:00:00,3566A,113.1186,40.2556,大同市,图书馆,细颗粒物(PM2.5),65,56,92,47,85,75,75,47,47,22,41,7,11,1.1,1.9
2022-11-10T17:00:00,3567A,113.5931,40.0461,大同市,区一中,,46,45,82,32,51,66,63,59,59,12,17,8,12,0.6,0.7
2022-11-10T17:00:00,3568A,113.06,36.0464,长治市,向阳小学,细颗粒物(PM2.5),129,122,101,98,83,96,39,37,29,43,44,12,12,1.5,1.3
2022-11-10T17:00:00,3569A,112.8792,36.3144,长治市,屯留一中,细颗粒物(PM2.5),147,111,93,112,98,106,15,25,25,,38,12,12,1.9,1.5
2022-11-10T17:00:00,3570A,113.235,36.3489,长治市,潞城四中,细颗粒物(PM2.5),149,95,102,114,108,93,37,34,34,40,47,7,7,2.6,1.5
2022-11-10T17:00:00,3571A,112.2931,39.53,朔州市,一水厂,细颗粒物(PM2.5),120,155,158,91,84,101,92,76,76,34,46,13,22,1.2,1.3
2022-11-10T17:00:00,3572A,114.6419615,37.9001925,石家庄市,栾城区政府,,,,178,,148,29,,22,,,54,,7,,1.4
2022-11-10T17:00:00,3573A,114.8506765,38.0322033,石家庄市,藁城区实验学校,细颗粒物(PM2.5),226,206,167,176,137,64,54,46,46,50,60,11,10,1.0,1
2022-11-10T17:00:00,3574A,114.0504658,38.0591645,石家庄市,井陉矿区区委大楼,细颗粒物(PM2.5),124,110,126,94,105,111,94,79,79,56,68,8,11,0.7,1.1
2022-11-10T17:00:00,3575A,118.09279,39.58089,唐山市,正泰大街热力站,细颗粒物(PM2.5),214,189,174,164,180,37,6,19,19,68,75,6,8,2.3,2.1
2022-11-10T17:00:00,3576A,118.1562,39.8322,唐山市,丰润区政府,细颗粒物(PM2.5),128,113,155,97,131,62,27,48,44,55,51,6,6,2.1,1.7
2022-11-10T17:00:00,3577A,118.43673,39.73809,唐山市,金山小学,细颗粒物(PM2.5),113,123,183,85,145,46,22,33,33,58,71,3,6,1.8,2
2022-11-10T17:00:00,3578A,118.24498,39.66941,唐山市,政府服务中心,细颗粒物(PM2.5),163,144,188,124,165,42,8,22,22,64,73,5,8,1.9,2.2
2022-11-10T17:00:00,3579A,114.50634,36.77178,邯郸市,永年区实验高中,细颗粒物(PM2.5),242,230,205,192,168,80,40,56,56,71,55,6,8,1.1,1.3
2022-11-10T17:00:00,3580A,114.20016,36.44293,邯郸市,峰峰矿区临水派出所,细颗粒物(PM2.5),216,211,205,166,161,73,61,56,56,47,43,10,12,1.2,2.2
2022-11-10T17:00:00,3581A,115.31981,38.95208,保定市,满城区生态环境分局,细颗粒物(PM2.5),94,106,150,70,97,106,96,88,88,36,65,21,20,0.5,0.7
2022-11-10T17:00:00,3582A,115.47694,38.76408,保定市,清苑区第二中学,细颗粒物(PM2.5),112,99,149,84,110,114,105,90,90,36,58,11,13,0.6,0.8
2022-11-10T17:00:00,3583A,115.62909,39.02311,保定市,徐水物探局,细颗粒物(PM2.5),92,79,126,68,99,103,87,76,76,39,64,10,12,0.7,0.9
2022-11-10T17:00:00,3590A,113.8374,34.5589,郑州市,北区建设指挥部,细颗粒物(PM2.5),98,101,102,73,86,86,46,62,62,30,47,6,7,1.3,1.2
2022-11-10T17:00:00,3591A,113.30952,34.803229,郑州市,上街区政府,细颗粒物(PM2.5),124,152,159,94,117,56,34,31,31,31,42,6,8,1.2,1.1
2022-11-10T17:00:00,3592A,114.4644,34.7556,开封市,祥符区生态环境局,细颗粒物(PM2.5),79,76,131,58,95,77,31,25,25,40,53,17,12,0.8,0.8
2022-11-10T17:00:00,3593A,112.5736,34.8993,洛阳市,吉利监测站,细颗粒物(PM2.5),224,164,157,174,143,81,49,48,48,30,35,3,4,1.2,1.1
2022-11-10T17:00:00,3594A,112.8867,33.9116,平顶山市,石龙区,细颗粒物(PM2.5),138,131,209,105,159,117,95,86,86,24,65,6,10,0.7,1.1
2022-11-10T17:00:00,3596A,114.1572,35.9603,鹤壁市,南山宾馆,,,,212,,189,16,,27,,,63,,18,,1.7
2022-11-10T17:00:00,3597A,113.8134,34.1251,许昌市,建安区兴业大厦,颗粒物(PM10),58,65,124,36,77,105,83,75,75,19,42,7,20,0.7,1.2
2022-11-10T17:00:00,3598A,111.1,34.7167,三门峡市,富达温泉假日酒店,细颗粒物(PM2.5),135,114,134,103,115,95,74,82,82,21,25,8,10,1.3,1.3
2022-11-10T17:00:00,3599A,106.2649,29.9851,重庆市,书院路,细颗粒物(PM2.5),63,61,70,45,60,94,60,42,42,17,27,7,8,0.6,0.6
2022-11-10T17:00:00,3600A,106.2339,29.5559,重庆市,虎峰,细颗粒物(PM2.5),92,86,97,68,73,86,86,60,60,21,31,19,21,0.6,0.7
2022-11-10T17:00:00,3601A,106.0499,29.8342,重庆市,龙门街,细颗粒物(PM2.5),67,69,72,48,63,81,81,57,57,18,26,9,17,0.5,0.6
2022-11-10T17:00:00,3604A,119.3266,35.1044,日照市,岚山环保分局,,41,41,37,20,19,115,103,107,107,19,25,6,5,0.6,0.6
2022-11-10T17:00:00,3605A,109.09,34.5236,西安市,无线电监控中心,细颗粒物(PM2.5),119,144,147,90,80,80,67,55,55,24,43,9,9,1.1,1.1
2022-11-10T17:00:00,3610A,105.5933,29.4105,重庆市,昌元,细颗粒物(PM2.5),59,65,63,42,43,96,93,64,64,18,22,7,8,0.7,0.7
2022-11-10T17:00:00,3612A,85.1045,45.6899,克拉玛依市,白碱滩区新站,,22,22,14,9,6,63,54,61,32,9,13,5,5,0.5,0.5
2022-11-10T17:00:00,3613A,87.3095,44.0142,昌吉州,亚心广场,,12,12,5,4,3,50,15,48,33,9,9,2,3,0.5,0.4
2022-11-10T17:00:00,3614A,79.924,37.0877,和田地区,地区环保局,颗粒物(PM10),148,246,235,37,48,105,101,84,84,,19,3,8,1.0,1.5
2022-11-10T17:00:00,3615A,79.9131,37.113,和田地区,市环保局,颗粒物(PM10),142,233,214,44,43,98,98,79,79,2,19,4,10,0.7,1.2
2022-11-10T17:00:00,3616A,106.7616,31.8344,巴中市,市中心医院,细颗粒物(PM2.5),57,53,49,40,35,37,20,24,24,25,21,4,4,0.9,0.8
2022-11-10T17:00:00,3617A,105.8047,32.4166,广元市,经开区,,46,46,35,32,26,31,4,7,7,36,24,18,8,1.3,0.9
2022-11-10T17:00:00,3618A,112.4701,37.782,太原市,金胜,细颗粒物(PM2.5),107,98,157,80,112,91,69,64,64,43,56,8,11,0.9,1.2
2022-11-10T17:00:00,3619A,113.617,37.8571,阳泉市,龙柱,细颗粒物(PM2.5),135,128,176,103,114,106,91,82,82,59,62,16,18,1.1,1.4
2022-11-10T17:00:00,3620A,112.8271,35.4828,晋城市,泽州一中,细颗粒物(PM2.5),98,85,89,73,68,137,100,72,72,13,25,6,7,0.9,1
2022-11-10T17:00:00,3621A,106.8288,39.6778,乌海市,聚英学校,颗粒物(PM10),61,71,120,41,72,102,39,48,48,47,63,29,22,0.9,1.1
2022-11-10T17:00:00,3622A,113.5556,24.8082,韶关市,碧湖山庄,,37,30,40,16,24,123,118,86,86,10,15,11,12,0.6,0.6
2022-11-10T17:00:00,3623A,113.8953,22.5861,深圳市,西乡,臭氧1小时,120,93,59,48,30,250,239,141,141,44,40,7,6,0.7,0.6
2022-11-10T17:00:00,3624A,116.4069,23.2533,汕头市,潮南子站,,43,43,35,22,23,164,116,122,122,13,13,9,8,0.9,0.7
2022-11-10T17:00:00,3625A,113.2544,22.7642,佛山市,容桂街道办,臭氧1小时,87,67,76,41,49,189,189,110,110,35,71,4,6,1.0,1.4
2022-11-10T17:00:00,3626A,113.7533,23.0202,东莞市,南城元岭,臭氧1小时,82,100,84,59,48,214,185,143,143,45,61,14,11,0.9,1.1
2022-11-10T17:00:00,3627A,113.7875,23.0457,东莞市,东城主山,臭氧1小时,113,75,79,45,48,236,226,162,162,34,58,13,11,0.8,1.1
2022-11-10T17:00:00,3628A,112.0336,22.9374,云浮市,文笔,,30,30,54,13,19,94,91,69,69,8,19,7,10,0.5,0.8
2022-11-10T17:00:00,3629A,101.8305,36.5786,西宁市,世纪职校,颗粒物(PM10),55,59,69,32,42,130,117,88,88,26,33,15,16,0.9,1.1
2022-11-10T17:00:00,3630A,101.7413,36.6397,西宁市,师大城西校区,"颗粒物(PM10),细颗粒物(PM2.5)",58,65,75,41,51,124,115,86,86,13,36,13,14,0.7,1.2
2022-11-10T17:00:00,3631A,114.6063,38.0266,石家庄市,高新区,,,,,,,,,,,,,,,,
2022-11-10T17:00:00,3633A,118.4918,31.6809,马鞍山市,雨山,颗粒物(PM10),53,56,58,27,39,167,150,131,131,25,36,9,10,0.8,0.8
2022-11-10T17:00:00,3634A,116.9884,33.6305,宿州市,宿州学院,细颗粒物(PM2.5),102,118,100,76,63,78,70,53,53,23,30,2,2,0.7,0.5
2022-11-10T17:00:00,3635A,112.3677,34.662,洛阳市,河科大西苑校区,细颗粒物(PM2.5),165,176,187,125,145,105,57,41,41,32,49,7,8,1.0,1.2
2022-11-10T17:00:00,3636A,112.4388,34.6781,洛阳市,英才小学,细颗粒物(PM2.5),186,128,173,140,168,90,48,30,30,36,47,7,7,0.9,1.1
2022-11-10T17:00:00,3637A,131.0176,45.7761,七台河市,人民广场,,34,34,75,15,44,51,11,30,30,35,33,8,15,0.5,0.6
2022-11-10T17:00:00,3638A,104.7636,29.3338,自贡市,轻化工大学,颗粒物(PM10),61,72,79,41,62,87,87,52,52,11,22,4,5,0.6,0.7
2022-11-10T17:00:00,3639A,104.4019,31.1244,德阳市,市教育局,颗粒物(PM10),60,69,75,35,38,59,59,23,23,17,41,7,7,0.7,0.9
2022-11-10T17:00:00,3642A,120.3503,36.0736,青岛市,市北区南部,,34,33,29,19,18,110,106,104,102,18,24,3,4,0.6,0.5
2022-11-10T17:00:00,3643A,120.3948,36.1805,青岛市,李沧区北部,,41,41,39,19,22,101,98,95,95,21,29,6,7,0.4,0.5
2022-11-10T17:00:00,3644A,117.8661,36.805,淄博市,三金集团,细颗粒物(PM2.5),113,143,127,85,81,103,78,82,82,55,47,15,12,,0.9
2022-11-10T17:00:00,3645A,118.0253,36.8406,淄博市,东风化工厂,细颗粒物(PM2.5),112,127,120,84,86,102,92,85,85,38,61,10,9,0.9,1.1
2022-11-10T17:00:00,3646A,118.4978,37.4623,东营市,胜利站,细颗粒物(PM2.5),119,109,82,90,72,84,82,63,63,50,47,17,16,1.1,1.1
2022-11-10T17:00:00,3647A,115.4702,35.2706,菏泽市,菏泽医专,细颗粒物(PM2.5),103,72,112,77,94,90,18,54,20,45,40,5,7,0.7,0.8
2022-11-10T17:00:00,3648A,106.2112,37.9768,吴忠市,文卫南街,细颗粒物(PM2.5),85,99,90,63,57,97,97,62,62,16,29,8,10,0.7,0.8
2022-11-10T17:00:00,3650A,105.1698,37.5162,中卫市,沙坡头区政府站,细颗粒物(PM2.5),104,120,99,78,64,76,74,52,52,18,27,6,6,0.6,0.7
2022-11-10T17:00:00,3651A,108.9543,34.8732,铜川市,旺旺集团,颗粒物(PM10),97,144,144,67,67,84,59,58,58,42,39,5,5,1.0,1
2022-11-10T17:00:00,3652A,109.4809,36.5786,延安市,西北局旧址,细颗粒物(PM2.5),64,66,60,46,42,54,37,30,30,35,40,6,10,1.1,1
2022-11-10T17:00:00,3653A,111.3119,30.7273,宜昌市,云深路,细颗粒物(PM2.5),75,86,82,55,50,181,168,138,138,26,26,8,7,0.7,0.6
2022-11-10T17:00:00,3654A,114.8094,30.4089,鄂州市,精准医疗中心,颗粒物(PM10),61,71,105,23,51,176,137,149,149,27,73,8,21,0.4,1
2022-11-10T17:00:00,3655A,114.3375,29.8683,咸宁市,长江产业园,颗粒物(PM10),52,53,59,29,35,146,146,123,123,16,26,11,10,0.6,0.6
2022-11-10T17:00:00,3656A,120.1556,30.2864,杭州市,消防大队,颗粒物(PM10),54,58,74,31,40,108,100,87,87,49,67,6,7,0.5,0.8
2022-11-10T17:00:00,3658A,120.6153,30.0764,绍兴市,袍江中学,,44,44,75,21,38,138,87,107,107,38,56,6,6,0.5,0.8
2022-11-10T17:00:00,3659A,119.656,29.1131,金华市,气象局,颗粒物(PM10),51,52,84,21,41,128,87,91,91,21,58,5,7,0.5,0.7
2022-11-10T17:00:00,3661A,112.5667,37.8875,太原市,坝陵桥,,,,,,,,,,,,,,,,
2022-11-10T17:00:00,3662A,123.6333,47.2075,齐齐哈尔市,富区青少年活动中心,颗粒物(PM10),52,53,40,22,14,57,50,49,49,12,12,5,7,0.4,0.4
2022-11-10T17:00:00,3663A,124.1164,50.4278,大兴安岭地区,红旗社区,,13,3,18,4,15,40,22,31,31,26,17,24,8,0.4,0.4
2022-11-10T17:00:00,3664A,119.4172,34.7341,连云港市,连云街道,,33,33,36,16,19,116,104,116,81,12,23,4,4,0.5,0.5
2022-11-10T17:00:00,3665A,76.1658,39.7157,克孜勒苏柯尔克孜自治州,克州文化中心,颗粒物(PM10),52,54,41,12,7,106,82,94,71,4,6,9,9,1.0,1
2022-11-10T17:00:00,3667A,111.0283,35.0547,运城市,水利职院,细颗粒物(PM2.5),147,146,164,112,124,119,119,95,95,15,24,6,8,0.9,1.3
2022-11-10T17:00:00,3668A,111.5036,36.0414,临汾市,城南,细颗粒物(PM2.5),135,149,121,103,89,42,39,30,30,44,48,11,8,1.2,1.2
2022-11-10T17:00:00,3669A,114.4705,36.0637,安阳市,左辅环卫站,细颗粒物(PM2.5),258,218,213,208,191,63,33,28,28,61,53,14,11,1.3,1.7
2022-11-10T17:00:00,3670A,111.0522,35.0439,运城市,禹都公园,,,139,158,,95,116,114,89,89,15,25,8,10,0.9,1.2
2022-11-10T17:00:00,3671A,116.088,39.9726,北京市,门头沟三家店,细颗粒物(PM2.5),85,73,101,63,74,93,84,74,74,32,41,1,2,0.7,0.6
2022-11-10T17:00:00,3672A,116.1541,39.8204,北京市,丰台云岗,细颗粒物(PM2.5),118,105,121,89,86,104,102,76,76,27,52,3,3,0.7,0.6
2022-11-10T17:00:00,3673A,116.6804,39.9081,北京市,通州东关,细颗粒物(PM2.5),123,121,144,93,103,111,86,78,78,30,52,3,3,0.9,0.8
2022-11-10T17:00:00,3674A,115.9577,39.7603,北京市,房山燕山,细颗粒物(PM2.5),99,97,114,74,82,114,100,91,91,25,44,2,2,0.7,0.7
2022-11-10T17:00:00,3675A,116.4672,39.7733,北京市,大兴旧宫,细颗粒物(PM2.5),128,107,132,97,107,106,99,81,81,22,50,1,2,0.9,0.8
2022-11-10T17:00:00,3676A,113.2802,40.0995,大同市,第二人民医院,,35,35,74,21,64,83,75,65,65,20,26,8,14,0.9,1.3
2022-11-10T17:00:00,3677A,98.5881,24.4368,德宏州,芒市人民政府综合楼,,29,27,28,11,19,93,91,72,72,11,13,20,13,0.4,0.4
2022-11-10T17:00:00,3678A,116.5907,35.4054,济宁市,市第七中学,细颗粒物(PM2.5),92,89,78,68,68,73,28,39,30,38,38,7,9,0.7,0.7
2022-11-10T17:00:00,3682A,116.9814,36.6819,济南市,济南四建,颗粒物(PM10),74,97,121,51,76,105,49,36,36,62,90,6,6,0.7,1.3
2022-11-10T17:00:00,3683A,109.8331,40.6576,包头市,昆区政府,细颗粒物(PM2.5),105,74,95,79,91,66,60,35,35,40,49,10,32,1.1,1.4
2022-11-10T17:00:00,3684A,130.8781,45.8222,七台河市,新建矿广场,颗粒物(PM10),98,146,85,21,39,58,15,36,36,33,24,15,16,0.6,0.7
2022-11-10T17:00:00,3685A,117.897,28.4315,上饶市,双创科技城,,28,23,64,12,32,116,88,93,93,7,26,10,21,0.4,0.7
2022-11-10T17:00:00,3689A,113.9003,35.372,新乡市,行政服务中心,细颗粒物(PM2.5),228,234,223,178,158,45,36,20,20,35,51,16,9,1.7,1.3
2022-11-10T17:00:00,3690A,115.9721,28.7031,南昌市,外国语学校,,36,34,80,25,50,137,113,111,111,11,37,7,11,0.5,0.8
2022-11-10T17:00:00,3692A,118.2059,39.6585,唐山市,消防缸窑路中队,细颗粒物(PM2.5),170,140,203,129,157,38,11,20,20,50,63,4,7,1.8,2.2
2022-11-10T17:00:00,3693A,118.1436,39.6202,唐山市,路南电大,细颗粒物(PM2.5),143,165,168,109,136,38,9,20,20,59,66,4,5,2.2,2.1
2022-11-10T17:00:00,3694A,115.986,40.4563,北京市,延庆石河营,细颗粒物(PM2.5),79,68,103,58,78,82,75,55,55,22,29,2,1,0.5,0.8
2022-11-10T17:00:00,3695A,116.6151,40.3053,北京市,怀柔新城,细颗粒物(PM2.5),97,78,85,72,67,102,97,77,77,26,21,1,2,0.8,0.5
2022-11-10T17:00:00,3696A,116.2545,39.8768,北京市,丰台小屯,细颗粒物(PM2.5),105,98,114,79,79,104,95,74,74,27,51,1,2,0.7,0.7
2022-11-10T17:00:00,3697A,116.84,40.3844,北京市,密云镇,细颗粒物(PM2.5),84,74,93,62,68,92,88,72,72,18,24,3,3,0.7,0.6
2022-11-10T17:00:00,3698A,111.5968,40.8178,呼和浩特市,红旗小学,,,39,42,,43,72,71,39,39,,43,,,0.8,0.9
2022-11-10T17:00:00,3699A,111.6518,40.8389,呼和浩特市,海东办,细颗粒物(PM2.5),60,41,39,43,41,75,75,46,46,23,47,10,11,0.8,1
2022-11-10T17:00:00,3700A,103.0456,29.9956,雅安市,康养中心(对照点),细颗粒物(PM2.5),83,89,60,61,43,63,48,48,41,22,17,6,6,0.8,0.7
2022-11-10T17:00:00,3701A,116.9648,33.6252,宿州市,皖北煤电集团,细颗粒物(PM2.5),95,94,76,71,62,76,71,51,51,23,30,2,2,0.7,0.5
2022-11-10T17:00:00,3703A,114.2917,36.0949,安阳市,安钢职工学校,细颗粒物(PM2.5),239,247,230,189,176,41,33,30,30,67,52,19,15,1.9,1.6
2022-11-10T17:00:00,3706A,122.2584,43.6333,通辽市,老干部活动中心,细颗粒物(PM2.5),188,195,125,141,76,128,90,99,99,36,30,10,8,0.5,0.3
2022-11-10T17:00:00,3707A,131.0207,45.3073,鸡西市,欧美日汽修厂,颗粒物(PM10),62,73,90,28,47,55,7,33,32,38,27,19,10,0.4,0.6
2022-11-10T17:00:00,3708A,122.2922,43.6189,通辽市,东方明珠社区,细颗粒物(PM2.5),214,219,137,164,99,119,78,94,94,54,38,13,15,0.9,0.6
2022-11-10T17:00:00,3709A,130.9967,45.3106,鸡西市,市政设施管理处,,38,38,76,21,46,58,10,34,33,41,32,7,8,0.4,0.5
2022-11-10T17:00:00,3710A,121.5594,29.8975,宁波市,白沙活动中心,颗粒物(PM10),54,58,49,34,27,98,35,66,66,72,41,6,8,0.8,0.7
2022-11-10T17:00:00,3713A,124.3419,43.1666,四平市,世纪城,细颗粒物(PM2.5),114,124,115,86,86,92,75,63,63,50,55,12,12,1.0,1
2022-11-10T17:00:00,3715A,117.3092,32.9314,蚌埠市,蚌埠田家炳中学,颗粒物(PM10),72,93,101,51,58,130,93,78,78,27,35,8,13,0.6,0.6
2022-11-10T17:00:00,3719A,97.1714,31.1406,昌都市,昌都会议中心,,27,11,20,0,7,88,86,71,71,3,11,4,4,0.2,0.3
2022-11-10T17:00:00,3726A,88.8781,29.2426,日喀则市,林业技术推广中心,,32,20,15,0,3,108,100,87,87,6,5,3,4,0.4,0.4
2022-11-10T17:00:00,3728A,104.68,28.8071,宜宾市,白酒学院,细颗粒物(PM2.5),113,99,99,85,81,79,70,47,47,13,25,8,8,0.8,0.8
2022-11-10T17:00:00,3734A,118.35,37.26,东营市,理想之城,细颗粒物(PM2.5),107,149,116,80,67,88,73,60,60,63,60,15,11,1.1,1
2022-11-10T17:00:00,3860A,118.3920,35.0300,临沂市,皇山花园小区,细颗粒物(PM2.5),88,102,67,65,48,103,86,88,88,35,39,6,5,1.1,0.8
2022-11-10T17:00:00,3861A,119.2041,36.7699,潍坊市,寒亭区实验一小,,,48,73,22,50,99,90,84,84,,36,6,8,0.5,0.8
2022-11-10T17:00:00,3866A,122.2469,40.66302,营口市,三高中,细颗粒物(PM2.5),92,86,127,68,94,115,41,110,66,55,33,5,6,1.0,1
2022-11-10T17:00:00,3867A,102.0738,36.5056,海东地区,平安区公安北苑,颗粒物(PM10),59,67,79,41,54,130,112,84,84,24,26,20,19,0.6,0.7
2022-11-10T17:00:00,3981A,113.2449,35.1803,焦作市,原李万街道办（启用20220628）,细颗粒物(PM2.5),260,267,186,210,150,54,29,44,35,35,45,3,6,1.9,1.3
2022-11-10T17:00:00,4004A,115.4202,38.8656,保定市,双鹰农机,细颗粒物(PM2.5),104,126,126,78,109,100,84,81,81,53,70,7,10,0.8,1
