timepoint,stationcode,longitude,latitude,area,positionname,primarypollutant,aqi,pm10,pm10_24h,pm2_5,pm2_5_24h,o3,o3_24h,o3_8h,o3_8h_24h,no2,no2_24h,so2,so2_24h,co,co_24h
2023-10-02T22:00:00,1001A,116.3621,39.8784,北京市,万寿西宫,颗粒物(PM10),75,99,62,49,27,100,63,88,84,38,37,3,3,0.6,0.5
2023-10-02T22:00:00,1002A,116.2202,40.2915,北京市,定陵,,42,42,35,24,17,87,35,61,55,5,7,1,2,0.5,0.3
2023-10-02T22:00:00,1003A,116.4174,39.9289,北京市,东四,颗粒物(PM10),76,102,67,46,28,108,59,97,92,48,35,3,3,0.7,0.5
2023-10-02T22:00:00,1004A,116.4072,39.8863,北京市,天坛,颗粒物(PM10),64,77,55,36,26,99,30,85,69,43,35,3,3,0.8,0.5
2023-10-02T22:00:00,1005A,116.462,39.9365,北京市,农展馆,颗粒物(PM10),71,92,66,47,30,103,65,91,87,37,45,5,5,0.8,0.5
2023-10-02T22:00:00,1006A,116.3392,39.9295,北京市,官园,颗粒物(PM10),73,95,61,47,27,112,83,102,100,31,39,4,3,0.7,0.5
2023-10-02T22:00:00,1007A,116.2878,39.9611,北京市,海淀万柳,颗粒物(PM10),60,70,54,27,23,96,39,86,76,32,31,3,2,0.7,0.5
2023-10-02T22:00:00,1008A,116.6636,40.135,北京市,顺义新城,颗粒物(PM10),77,104,60,45,26,105,30,81,69,34,30,3,3,0.6,0.4
2023-10-02T22:00:00,1009A,116.6275,40.3275,北京市,怀柔镇,,45,45,40,24,21,100,61,86,78,20,18,2,2,0.4,0.3
2023-10-02T22:00:00,1010A,116.2296,40.217,北京市,昌平镇,颗粒物(PM10),52,54,42,24,19,90,54,76,69,9,7,1,2,0.5,0.4
2023-10-02T22:00:00,1011A,116.3966,39.9821,北京市,奥体中心,颗粒物(PM10),65,79,54,40,25,93,29,82,76,64,38,1,2,0.8,0.4
2023-10-02T22:00:00,1012A,116.184,39.9136,北京市,古城,颗粒物(PM10),71,91,56,38,23,93,24,79,67,65,36,1,2,0.9,0.6
2023-10-02T22:00:00,1015A,117.1444,39.1661,天津市,勤俭道,颗粒物(PM10),57,63,70,22,34,148,95,135,124,20,31,10,12,0.5,0.6
2023-10-02T22:00:00,1017A,117.237,39.1082,天津市,大直沽八号路,颗粒物(PM10),62,73,75,28,34,141,81,132,121,30,40,6,8,0.6,0.7
2023-10-02T22:00:00,1018A,117.202,39.0927,天津市,前进道,颗粒物(PM10),59,68,67,29,36,141,79,130,118,34,46,9,10,0.6,0.6
2023-10-02T22:00:00,1019A,117.1837,39.2133,天津市,淮河道,颗粒物(PM10),58,65,65,21,32,162,105,143,132,22,36,7,9,0.3,0.4
2023-10-02T22:00:00,1021A,117.307,39.0877,天津市,跃进路,颗粒物(PM10),65,80,79,34,37,158,83,146,122,31,45,9,9,0.6,0.7
2023-10-02T22:00:00,1023A,117.707,39.0343,天津市,第四大街,,45,45,61,18,31,145,95,126,119,29,43,7,8,0.5,0.6
2023-10-02T22:00:00,1024A,117.457,38.8394,天津市,永明路,,32,32,50,14,28,154,88,135,121,21,42,6,8,0.4,0.5
2023-10-02T22:00:00,1026A,117.764,39.1587,天津市,汉北路,颗粒物(PM10),54,57,54,25,28,143,82,119,108,42,40,11,10,0.6,1
2023-10-02T22:00:00,1027A,117.157,38.9194,天津市,团泊洼,,45,45,62,22,38,142,76,128,112,24,39,5,7,0.6,0.7
2023-10-02T22:00:00,1029A,114.4422,38.0444,石家庄市,职工医院,颗粒物(PM10),56,61,52,21,19,117,25,90,66,58,53,7,8,0.6,0.8
2023-10-02T22:00:00,1030A,114.6063,38.0266,石家庄市,高新区,颗粒物(PM10),61,71,58,24,22,119,44,90,71,33,42,2,4,0.5,0.7
2023-10-02T22:00:00,1031A,114.4898,38.1328,石家庄市,西北水源,颗粒物(PM10),55,60,55,38,31,110,43,90,72,38,43,4,6,0.6,0.8
2023-10-02T22:00:00,1032A,114.4586,38.0058,石家庄市,西南高教,颗粒物(PM10),65,80,58,32,19,116,12,86,60,66,52,4,6,0.7,0.8
2023-10-02T22:00:00,1033A,114.5331,38.0178,石家庄市,世纪公园,颗粒物(PM10),54,58,51,31,28,112,34,88,67,47,47,5,6,0.5,0.7
2023-10-02T22:00:00,1034A,114.509,38.0457,石家庄市,人民会堂,颗粒物(PM10),54,57,55,29,21,120,42,95,75,34,40,5,9,0.5,0.8
2023-10-02T22:00:00,1035A,114.3524,37.8911,石家庄市,封龙山,颗粒物(PM10),60,69,50,30,25,115,68,114,87,29,19,5,7,1.1,1
2023-10-02T22:00:00,1037A,118.131,39.6363,唐山市,雷达站,颗粒物(PM10),63,76,63,38,28,142,80,123,98,41,38,5,5,0.4,0.6
2023-10-02T22:00:00,1038A,118.1725,39.6334,唐山市,物资局,颗粒物(PM10),66,81,66,30,27,142,87,127,106,40,47,10,11,0.5,0.6
2023-10-02T22:00:00,1040A,118.1705,39.6506,唐山市,十二中,颗粒物(PM10),58,66,65,30,27,139,86,124,102,45,49,4,5,0.5,0.6
2023-10-02T22:00:00,1041A,118.1869,39.622,唐山市,小山,,,,,,,,,,,,,,,,
2023-10-02T22:00:00,1042A,119.5134,39.8207,秦皇岛市,北戴河环保局,颗粒物(PM10),61,72,53,18,15,150,97,135,123,38,37,9,16,0.2,0.7
2023-10-02T22:00:00,1043A,119.7493,40.0116,秦皇岛市,第一关,二氧化氮,71,87,52,35,20,151,34,134,100,141,68,14,12,0.7,0.7
2023-10-02T22:00:00,1044A,119.5897,39.9499,秦皇岛市,监测站,颗粒物(PM10),67,83,53,33,28,142,99,131,121,29,41,12,22,0.6,0.7
2023-10-02T22:00:00,1046A,119.5251,39.9041,秦皇岛市,建设大厦,颗粒物(PM10),62,74,67,42,36,137,88,126,115,25,34,6,18,0.4,0.5
2023-10-02T22:00:00,1048A,114.5302,36.6116,邯郸市,东污水处理厂,,36,36,46,22,22,94,80,88,87,14,35,3,7,0.3,0.5
2023-10-02T22:00:00,1049A,114.4918,36.5713,邯郸市,矿院,,33,33,41,11,18,100,75,89,86,23,39,1,4,0.0,0.2
2023-10-02T22:00:00,1050A,114.484,36.6133,邯郸市,丛台公园,,26,18,30,15,17,100,82,92,90,11,23,4,6,0.2,0.4
2023-10-02T22:00:00,1051A,115.493,38.8632,保定市,游泳馆,颗粒物(PM10),52,54,79,28,44,161,63,126,113,30,41,6,8,0.4,0.6
2023-10-02T22:00:00,1052A,115.5213,38.8959,保定市,华电二区,颗粒物(PM10),51,52,63,22,35,146,64,120,108,21,32,6,8,0.5,0.5
2023-10-02T22:00:00,1053A,115.4713,38.9108,保定市,接待中心,颗粒物(PM10),55,59,79,31,39,150,61,117,107,22,35,7,8,0.1,0.3
2023-10-02T22:00:00,1054A,115.4612,38.8416,保定市,地表水厂,颗粒物(PM10),60,69,92,23,36,146,54,112,100,32,47,8,10,0.1,0.3
2023-10-02T22:00:00,1056A,115.5086,38.8639,保定市,监测站,颗粒物(PM10),54,57,74,36,42,161,67,128,117,28,40,9,11,0.5,0.6
2023-10-02T22:00:00,1057A,114.8883,40.8336,张家口市,人民公园,颗粒物(PM10),51,52,40,15,7,86,50,73,57,27,22,2,4,0.4,0.4
2023-10-02T22:00:00,1059A,114.8687,40.8042,张家口市,五金库,颗粒物(PM10),63,75,38,24,10,91,19,78,52,59,26,3,4,0.5,0.5
2023-10-02T22:00:00,1060A,114.8902,40.762,张家口市,世纪豪园,颗粒物(PM10),64,77,41,30,12,84,8,75,53,72,26,4,4,0.6,0.3
2023-10-02T22:00:00,1061A,114.8916,40.8661,张家口市,北泵房,,46,46,35,24,14,89,45,81,54,23,19,7,8,0.3,0.3
2023-10-02T22:00:00,1062A,117.9531,40.9081,承德市,铁路,,39,39,23,24,7,101,46,82,73,48,34,8,8,0.7,0.4
2023-10-02T22:00:00,1063A,117.9392,40.9763,承德市,中国银行,,41,41,29,14,7,106,20,97,77,49,26,5,6,0.7,0.5
2023-10-02T22:00:00,1064A,117.9503,40.928,承德市,开发区,,42,42,30,20,13,105,74,98,94,14,27,6,6,0.5,0.4
2023-10-02T22:00:00,1065A,117.8051,40.9655,承德市,文化中心,,46,46,37,9,11,101,16,85,65,62,37,2,5,0.6,0.4
2023-10-02T22:00:00,1066A,117.9268,41.0026,承德市,离宫,,26,23,21,18,15,110,58,94,80,20,17,2,2,0.4,0.3
2023-10-02T22:00:00,1067A,116.6708,39.5111,廊坊市,药材公司,颗粒物(PM10),65,79,78,31,32,133,66,108,96,28,35,3,5,0.5,0.5
2023-10-02T22:00:00,1068A,116.7214,39.5589,廊坊市,开发区,颗粒物(PM10),63,76,71,36,40,133,80,106,92,30,40,3,4,0.4,0.5
2023-10-02T22:00:00,1070A,116.7244,39.5269,廊坊市,北华航天学院,颗粒物(PM10),65,79,75,28,34,142,84,119,108,27,40,6,8,0.5,0.5
2023-10-02T22:00:00,1071A,116.8842,38.2991,沧州市,沧县城建局,颗粒物(PM10),51,52,55,17,25,149,85,126,108,23,37,6,10,0.4,0.4
2023-10-02T22:00:00,1072A,116.8584,38.3254,沧州市,电视转播站,颗粒物(PM10),51,51,48,12,23,151,85,135,118,15,30,9,12,0.4,0.5
2023-10-02T22:00:00,1073A,116.8709,38.3228,沧州市,市环保局,,50,50,55,28,32,147,91,128,116,12,28,3,8,0.2,0.3
2023-10-02T22:00:00,1074A,115.6838,37.7541,衡水市,电机北厂,,48,48,48,14,19,137,86,120,103,18,23,10,7,0.2,0.3
2023-10-02T22:00:00,1075A,115.6303,37.7316,衡水市,市监测站,颗粒物(PM10),54,58,54,15,19,131,54,112,85,33,33,8,10,0.3,0.2
2023-10-02T22:00:00,1077A,114.4704,37.0886,邢台市,达活泉,,45,45,46,15,15,81,75,75,72,10,27,11,13,0.6,0.7
2023-10-02T22:00:00,1078A,114.5062,37.0349,邢台市,邢师高专,,32,32,63,15,17,81,75,72,66,16,34,5,10,0.2,0.9
2023-10-02T22:00:00,1079A,114.5237,37.0851,邢台市,路桥公司,,40,40,56,17,22,91,85,82,75,18,36,3,9,0.5,1.1
2023-10-02T22:00:00,1080A,114.4725,37.0719,邢台市,市环保局,颗粒物(PM10),52,53,51,16,17,85,73,77,71,18,32,8,12,0.5,0.8
2023-10-02T22:00:00,1081A,112.522,37.8873,太原市,尖草坪,细颗粒物(PM2.5),113,145,114,85,55,70,27,52,42,69,58,17,13,1.5,1.2
2023-10-02T22:00:00,1083A,112.434,38.0108,太原市,上兰,,,,,,,,,,,,,,,,
2023-10-02T22:00:00,1084A,112.469,37.7124,太原市,晋源,细颗粒物(PM2.5),105,138,99,79,59,95,35,71,59,55,51,18,12,1.2,1.2
2023-10-02T22:00:00,1085A,112.5583,37.7394,太原市,小店,细颗粒物(PM2.5),109,144,111,82,55,66,47,55,50,47,46,24,23,1.2,1.5
2023-10-02T22:00:00,1086A,112.5369,37.8692,太原市,桃园,颗粒物(PM10),107,164,113,75,48,57,18,45,40,80,57,18,19,1.5,1.5
2023-10-02T22:00:00,1087A,112.57,37.8195,太原市,坞城,细颗粒物(PM2.5),100,140,100,75,53,70,33,55,52,65,53,25,24,1.2,1.2
2023-10-02T22:00:00,1088A,112.549,37.9854,太原市,南寨,颗粒物(PM10),74,97,75,44,46,58,5,46,26,55,42,8,11,1.2,1.2
2023-10-02T22:00:00,1090A,111.6507,40.7517,呼和浩特市,呼市一监,颗粒物(PM10),70,90,70,42,34,101,12,84,74,71,44,8,11,0.8,0.7
2023-10-02T22:00:00,1091A,111.6572,40.8033,呼和浩特市,小召,颗粒物(PM10),64,78,66,29,29,104,44,88,84,57,48,10,10,0.9,0.8
2023-10-02T22:00:00,1094A,111.7516,40.8369,呼和浩特市,如意水处理厂,颗粒物(PM10),64,78,69,31,25,115,20,100,91,71,43,8,12,0.6,0.5
2023-10-02T22:00:00,1095A,111.7276,40.8062,呼和浩特市,二十九中,颗粒物(PM10),63,76,65,36,30,117,17,101,92,80,45,8,12,1.0,0.7
2023-10-02T22:00:00,1096A,111.5512,40.7866,呼和浩特市,工大金川校区,颗粒物(PM10),69,87,67,32,30,108,12,90,77,69,45,7,9,0.6,0.6
2023-10-02T22:00:00,1097A,111.717,40.7612,呼和浩特市,化肥厂生活区,颗粒物(PM10),69,87,77,37,30,115,40,95,88,50,39,8,12,0.6,0.6
2023-10-02T22:00:00,1098A,123.6836,41.9339,沈阳市,森林路,,,,,,,,,,,,,,,,
2023-10-02T22:00:00,1099A,123.505,41.7406,沈阳市,浑南东路,颗粒物(PM10),56,62,48,24,22,120,36,107,92,61,34,52,23,1.0,1
2023-10-02T22:00:00,1100A,123.4231,41.6989,沈阳市,新秀街,颗粒物(PM10),63,75,53,22,17,116,83,102,97,33,38,91,37,0.9,1.1
2023-10-02T22:00:00,1102A,123.5903,41.8411,沈阳市,东陵路,颗粒物(PM10),64,78,49,30,21,128,50,105,94,43,29,31,15,0.9,0.9
2023-10-02T22:00:00,1103A,123.4264,41.8467,沈阳市,陵东街,颗粒物(PM10),51,51,37,22,18,119,96,109,107,33,31,18,12,1.2,0.9
2023-10-02T22:00:00,1104A,123.4114,41.7653,沈阳市,文化路,颗粒物(PM10),55,60,51,27,26,121,93,112,109,31,33,43,27,1.1,1.1
2023-10-02T22:00:00,1105A,123.4678,41.7867,沈阳市,小河沿,,46,46,42,28,20,121,92,110,107,33,34,28,14,1.0,0.9
2023-10-02T22:00:00,1106A,123.4017,41.7972,沈阳市,太原街,,44,44,39,24,21,119,92,107,104,38,36,23,20,1.1,0.9
2023-10-02T22:00:00,1108A,123.3783,41.9228,沈阳市,京沈街,颗粒物(PM10),51,52,49,21,23,117,114,109,109,11,16,19,17,1.1,0.8
2023-10-02T22:00:00,1109A,121.612,38.9741,大连市,甘井子,,39,39,21,19,10,132,76,119,99,32,22,6,6,0.6,0.5
2023-10-02T22:00:00,1110A,121.565,38.9511,大连市,周水子,,31,16,16,10,10,126,98,117,106,19,24,10,8,0.6,0.6
2023-10-02T22:00:00,1111A,121.5637,38.8845,大连市,星海三站,,24,24,17,16,10,153,74,129,102,34,21,9,8,0.4,0.4
2023-10-02T22:00:00,1112A,121.6302,38.9117,大连市,青泥洼桥,,28,15,16,8,8,137,89,116,103,21,21,8,7,0.2,0.3
2023-10-02T22:00:00,1113A,121.6251,38.8638,大连市,傅家庄,,32,15,16,6,7,164,101,139,124,13,12,7,7,0.3,0.4
2023-10-02T22:00:00,1114A,121.5213,38.8661,大连市,七贤岭,,24,24,20,16,9,148,56,131,99,30,20,5,6,0.6,0.5
2023-10-02T22:00:00,1115A,121.2529,38.8061,大连市,旅顺,,32,16,14,8,8,146,102,138,130,22,16,9,8,0.4,0.5
2023-10-02T22:00:00,1116A,121.7485,39.1311,大连市,金州,,29,24,20,11,10,139,92,126,110,22,16,11,9,0.6,0.6
2023-10-02T22:00:00,1117A,121.7811,39.0496,大连市,开发区,,30,18,20,9,11,135,93,121,114,22,25,4,6,0.5,0.5
2023-10-02T22:00:00,1118A,121.9762,39.0631,大连市,双D港,,30,9,16,7,7,144,95,124,114,16,16,8,8,0.4,0.5
2023-10-02T22:00:00,1119A,125.3325,43.9166,长春市,食品厂,细颗粒物(PM2.5),103,152,45,77,21,79,8,67,33,73,40,7,6,1.2,0.5
2023-10-02T22:00:00,1120A,125.2863,43.9027,长春市,客车厂,颗粒物(PM10),89,128,39,57,21,79,10,67,33,71,37,8,7,1.4,0.6
2023-10-02T22:00:00,1121A,125.2841,43.8463,长春市,邮电学院,颗粒物(PM10),60,70,32,20,14,81,3,69,39,60,32,5,6,0.8,0.4
2023-10-02T22:00:00,1122A,125.3716,43.8772,长春市,劳动公园,颗粒物(PM10),94,138,51,61,19,81,9,67,42,66,36,6,5,1.5,0.7
2023-10-02T22:00:00,1123A,125.3297,43.8805,长春市,园林处,颗粒物(PM10),65,79,34,34,15,80,8,71,42,76,32,8,8,0.9,0.5
2023-10-02T22:00:00,1124A,125.4605,43.79,长春市,净月潭,,23,23,19,12,7,82,49,71,64,16,13,7,6,0.3,0.3
2023-10-02T22:00:00,1125A,125.7194,43.515,长春市,甩湾子,,,,,,,,,,,,,,,,
2023-10-02T22:00:00,1126A,125.3863,43.8447,长春市,经开区环卫处,颗粒物(PM10),65,80,46,23,15,81,1,67,35,54,33,5,5,0.5,0.4
2023-10-02T22:00:00,1127A,125.245,43.7783,长春市,高新区管委会,颗粒物(PM10),63,76,36,18,12,89,3,76,39,58,32,7,7,0.6,0.4
2023-10-02T22:00:00,1128A,125.1761,43.8325,长春市,岱山公园,颗粒物(PM10),81,111,37,25,12,85,10,74,44,74,32,7,5,0.7,0.5
2023-10-02T22:00:00,1129A,126.5422,45.755,哈尔滨市,岭北,,26,26,16,10,9,89,18,80,61,24,13,4,6,0.5,0.4
2023-10-02T22:00:00,1130A,126.561,45.8167,哈尔滨市,松北商大,,35,35,21,9,8,80,3,68,38,43,23,6,6,0.8,0.5
2023-10-02T22:00:00,1131A,126.979,45.5419,哈尔滨市,阿城会宁,颗粒物(PM10),71,92,42,25,16,84,5,70,40,47,21,6,6,0.6,0.6
2023-10-02T22:00:00,1132A,126.599,45.7222,哈尔滨市,南岗学府路,颗粒物(PM10),81,112,37,57,15,81,4,70,42,66,28,9,5,1.4,0.6
2023-10-02T22:00:00,1133A,126.689,45.7733,哈尔滨市,太平宏伟公园,颗粒物(PM10),106,161,39,54,22,82,6,69,40,70,28,6,4,1.2,0.7
2023-10-02T22:00:00,1134A,126.635,45.7667,哈尔滨市,道外承德广场,细颗粒物(PM2.5),99,86,26,74,16,82,4,70,43,72,33,8,6,1.7,0.8
2023-10-02T22:00:00,1135A,126.685,45.7319,哈尔滨市,香坊红旗大街,颗粒物(PM10),91,131,39,57,19,86,10,73,46,78,42,10,5,1.3,0.7
2023-10-02T22:00:00,1136A,126.6411,45.7258,哈尔滨市,动力和平路,颗粒物(PM10),73,96,32,18,9,80,3,68,44,72,36,9,7,1.2,0.5
2023-10-02T22:00:00,1137A,126.593,45.7478,哈尔滨市,道里建国路,颗粒物(PM10),84,117,36,46,14,83,12,69,36,66,35,12,8,2.1,0.5
2023-10-02T22:00:00,1138A,126.615,45.61,哈尔滨市,平房东轻厂,颗粒物(PM10),73,96,32,24,11,89,9,76,37,55,27,8,8,1.5,0.6
2023-10-02T22:00:00,1139A,126.595,45.9855,哈尔滨市,呼兰师专,细颗粒物(PM2.5),85,82,24,63,14,78,8,70,52,58,18,5,6,1.4,0.6
2023-10-02T22:00:00,1140A,126.6206,45.6842,哈尔滨市,省农科院,颗粒物(PM10),101,152,42,68,16,89,6,78,46,65,35,13,10,1.1,0.5
2023-10-02T22:00:00,1141A,121.4,31.238,上海市,普陀,,27,20,23,6,9,100,85,95,92,15,15,4,4,0.5,0.5
2023-10-02T22:00:00,1142A,121.478,31.2036,上海市,十五厂,,26,25,21,8,8,104,81,100,92,26,23,8,8,0.5,0.5
2023-10-02T22:00:00,1143A,121.467,31.3008,上海市,虹口,,26,21,22,7,7,100,82,96,92,24,22,8,8,0.4,0.4
2023-10-02T22:00:00,1144A,121.412,31.1654,上海市,徐汇上师大,,27,22,22,11,10,106,85,100,94,18,17,7,7,0.6,0.6
2023-10-02T22:00:00,1145A,121.536,31.2659,上海市,杨浦四漂,,43,43,34,6,8,98,51,86,69,50,28,7,7,0.4,0.4
2023-10-02T22:00:00,1147A,121.425,31.2261,上海市,静安监测站,,28,20,21,6,7,109,89,103,99,24,21,4,4,0.4,0.4
2023-10-02T22:00:00,1148A,121.703,31.1907,上海市,浦东川沙,,29,17,22,6,7,108,92,102,96,14,14,6,6,0.5,0.5
2023-10-02T22:00:00,1149A,121.533,31.2284,上海市,浦东新区监测站,,24,22,21,7,6,99,76,94,89,18,16,6,6,0.4,0.4
2023-10-02T22:00:00,1150A,121.577,31.2071,上海市,浦东张江,,25,25,22,12,10,92,75,88,84,20,18,5,5,0.5,0.5
2023-10-02T22:00:00,1151A,118.8086,32.1065,南京市,迈皋桥,,31,31,23,9,6,93,56,87,78,26,15,5,4,0.4,0.4
2023-10-02T22:00:00,1152A,118.7538,32.0551,南京市,草场门,,22,22,20,9,8,92,66,83,79,21,17,2,2,0.7,0.7
2023-10-02T22:00:00,1153A,118.7794,32.0745,南京市,山西路,,31,31,31,9,7,100,67,91,82,22,13,4,4,0.2,0.2
2023-10-02T22:00:00,1154A,118.7752,32.0023,南京市,中华门,,31,31,25,14,5,90,59,81,69,21,15,3,4,0.6,0.6
2023-10-02T22:00:00,1155A,118.8109,32.0309,南京市,瑞金路,,31,31,24,12,4,91,57,78,69,20,15,7,6,0.3,0.3
2023-10-02T22:00:00,1156A,118.7997,32.0754,南京市,玄武湖,,30,30,24,8,6,86,60,76,69,22,16,4,4,0.3,0.3
2023-10-02T22:00:00,1157A,118.6414,32.0931,南京市,浦口,,44,44,29,19,11,88,31,81,69,36,21,4,4,0.4,0.3
2023-10-02T22:00:00,1158A,118.7356,31.9996,南京市,奥体中心,,33,33,29,12,9,95,67,88,80,24,18,7,7,0.4,0.3
2023-10-02T22:00:00,1159A,118.9125,32.1028,南京市,仙林大学城,,34,34,23,9,6,95,68,91,87,16,16,2,2,0.6,0.6
2023-10-02T22:00:00,1160A,120.561,31.2472,苏州市,上方山,,22,22,25,8,9,105,68,92,86,15,12,5,4,0.3,0.2
2023-10-02T22:00:00,1162A,120.591,31.3019,苏州市,彩香,,27,27,24,9,8,109,68,98,90,19,12,7,8,0.6,0.6
2023-10-02T22:00:00,1163A,120.596,31.3264,苏州市,轧钢厂,,30,30,28,9,8,109,72,97,88,18,14,9,9,0.5,0.6
2023-10-02T22:00:00,1164A,120.613,31.2703,苏州市,吴中区,,28,28,26,7,7,111,71,100,91,22,16,10,9,0.5,0.5
2023-10-02T22:00:00,1165A,120.543,31.2994,苏州市,苏州新区,,25,25,25,7,7,117,71,104,94,28,25,7,8,0.5,0.5
2023-10-02T22:00:00,1166A,120.669,31.3097,苏州市,苏州工业园区,,30,30,23,9,7,105,68,96,87,16,11,7,8,0.6,0.6
2023-10-02T22:00:00,1167A,120.641,31.3708,苏州市,相城区,,24,24,23,7,7,108,73,97,88,24,18,8,9,0.6,0.6
2023-10-02T22:00:00,1168A,120.9098,31.9663,南通市,狼山街道,,30,30,21,18,5,110,91,104,100,18,18,6,6,0.2,0.2
2023-10-02T22:00:00,1169A,120.86,32.0005,南通市,虹桥,,30,30,26,13,11,106,87,101,96,20,20,6,6,0.6,0.6
2023-10-02T22:00:00,1170A,120.87,32.02,南通市,城中,,26,21,20,12,7,103,82,96,90,19,20,7,7,0.5,0.4
2023-10-02T22:00:00,1171A,120.94,31.93,南通市,星湖花园,,34,34,20,12,6,101,76,97,90,19,15,6,6,0.7,0.6
2023-10-02T22:00:00,1172A,120.81,32.0417,南通市,紫琅学院,,26,21,18,3,6,107,82,102,96,27,18,7,7,0.6,0.6
2023-10-02T22:00:00,1173A,119.176,34.5885,连云港市,市环境监测站,,27,22,26,9,9,117,85,106,96,16,20,6,7,0.4,0.5
2023-10-02T22:00:00,1177A,117.179,34.2761,徐州市,黄河新村,,48,48,33,28,16,107,63,96,86,27,22,7,5,0.4,0.3
2023-10-02T22:00:00,1178A,117.1918,34.2384,徐州市,淮塔,,46,46,35,20,14,116,69,104,92,23,17,7,8,0.4,0.4
2023-10-02T22:00:00,1180A,117.256,34.2153,徐州市,新城区,颗粒物(PM10),52,54,41,31,16,107,58,96,82,38,29,7,7,0.5,0.4
2023-10-02T22:00:00,1181A,117.244,34.2911,徐州市,桃园路,,36,36,35,20,15,118,82,103,96,14,16,7,7,0.3,0.3
2023-10-02T22:00:00,1182A,117.2933,34.2778,徐州市,农科院,,27,27,27,17,13,116,76,99,86,19,24,7,7,0.3,0.2
2023-10-02T22:00:00,1186A,119.389,32.3761,扬州市,邗江监测站,,41,41,30,17,12,99,72,90,80,20,21,6,7,0.3,0.3
2023-10-02T22:00:00,1188A,120.269,31.4867,无锡市,雪浪,,23,14,23,5,5,102,72,95,89,19,15,4,4,0.7,0.7
2023-10-02T22:00:00,1189A,120.275,31.6219,无锡市,黄巷,,22,22,33,0,6,96,69,90,84,25,22,6,6,0.4,0.5
2023-10-02T22:00:00,1190A,120.294,31.56,无锡市,曹张,,24,24,28,7,9,100,74,94,89,17,18,9,10,0.9,0.9
2023-10-02T22:00:00,1191A,120.242,31.5031,无锡市,漆塘,,25,12,21,5,7,103,78,96,92,20,20,6,6,0.6,0.6
2023-10-02T22:00:00,1192A,120.3489,31.5863,无锡市,东亭,,22,22,29,7,8,97,68,91,84,29,24,7,5,0.8,0.8
2023-10-02T22:00:00,1193A,120.354,31.5475,无锡市,旺庄,,22,19,24,7,9,101,69,96,88,25,19,6,6,0.6,0.6
2023-10-02T22:00:00,1194A,120.245,31.5631,无锡市,荣巷,,24,22,24,7,8,99,75,93,89,14,14,8,8,0.7,0.7
2023-10-02T22:00:00,1195A,120.299,31.6817,无锡市,堰桥,,27,27,22,7,7,98,72,91,85,16,15,6,6,0.5,0.6
2023-10-02T22:00:00,1196A,119.9633,31.762,常州市,市监测站,,,,26,,15,104,,93,91,,21,,8,,0.4
2023-10-02T22:00:00,1200A,119.9468,31.7069,常州市,武进监测站,,25,23,28,7,8,112,78,101,95,12,10,10,11,0.5,0.5
2023-10-02T22:00:00,1201A,119.9255,31.9087,常州市,安家,,24,19,29,16,18,109,76,96,86,17,19,9,9,0.5,0.6
2023-10-02T22:00:00,1203A,119.6707,32.1875,镇江市,新区办事处,,50,50,28,27,11,107,71,94,85,18,15,5,4,0.5,0.4
2023-10-02T22:00:00,1204A,119.4974,32.1968,镇江市,职教中心,,43,43,25,21,12,101,66,89,77,22,21,5,3,0.5,0.5
2023-10-02T22:00:00,1205A,119.4303,32.1328,镇江市,丹徒区监测站,,36,36,32,21,10,115,76,103,92,19,16,1,2,0.4,0.4
2023-10-02T22:00:00,1206A,119.905,32.4878,泰州市,公园路,,29,29,23,12,12,96,84,91,86,13,13,6,5,0.5,0.4
2023-10-02T22:00:00,1207A,119.9189,32.4625,泰州市,莲花,,32,32,24,14,9,97,83,91,87,10,11,6,5,0.4,0.4
2023-10-02T22:00:00,1209A,119.888,32.4639,泰州市,留学生创业园,,34,34,23,15,7,97,85,93,90,10,9,7,6,0.5,0.5
2023-10-02T22:00:00,1210A,119.036,33.5981,淮安市,钵池山,,34,34,27,21,16,99,60,90,82,24,19,8,7,0.6,0.5
2023-10-02T22:00:00,1211A,119.007,33.575,淮安市,北京南路,,39,39,31,15,13,101,66,94,86,26,23,5,5,0.5,0.5
2023-10-02T22:00:00,1212A,118.989,33.6067,淮安市,市监测站,,36,36,30,22,13,102,71,96,90,20,21,8,8,0.6,0.5
2023-10-02T22:00:00,1213A,119.135,33.5039,淮安市,楚州区监测站,,37,37,27,22,14,96,56,89,78,25,18,6,7,0.6,0.5
2023-10-02T22:00:00,1214A,119.0186,33.6297,淮安市,淮阴区监测站,,48,48,34,21,17,107,52,94,83,33,23,8,7,0.5,0.6
2023-10-02T22:00:00,1215A,120.118,33.4022,盐城市,盐城电厂,,26,24,29,12,12,106,81,101,94,16,15,6,7,0.3,0.3
2023-10-02T22:00:00,1216A,120.156,33.3942,盐城市,市监测站,,30,19,21,13,11,110,94,106,97,14,19,4,4,0.4,0.4
2023-10-02T22:00:00,1218A,120.2144,33.38,盐城市,开发区管委会,,28,22,24,10,6,104,87,99,89,14,14,12,9,0.2,0.2
2023-10-02T22:00:00,1220A,118.293,33.9528,宿迁市,宿迁学院,,36,36,30,18,13,111,49,100,80,40,24,8,8,0.6,0.5
2023-10-02T22:00:00,1221A,118.2442,33.9592,宿迁市,宿迁中学,,40,40,28,15,8,104,52,94,81,28,17,8,7,0.4,0.3
2023-10-02T22:00:00,1223A,120.2072,30.2111,杭州市,滨江,,31,30,24,8,10,123,99,116,109,19,18,8,8,0.3,0.3
2023-10-02T22:00:00,1224A,120.0633,30.2747,杭州市,西溪,,30,23,24,7,9,123,93,112,106,12,13,4,4,0.4,0.5
2023-10-02T22:00:00,1226A,120.3461,30.3153,杭州市,下沙,,30,24,29,9,6,116,96,112,107,16,19,5,6,0.4,0.3
2023-10-02T22:00:00,1227A,120.1269,30.2456,杭州市,卧龙桥,,30,25,25,10,9,125,94,120,113,17,14,8,7,0.4,0.4
2023-10-02T22:00:00,1228A,120.1903,30.2692,杭州市,浙江农大,,27,21,23,9,8,109,84,104,98,16,15,8,8,0.4,0.4
2023-10-02T22:00:00,1230A,120.1197,30.3119,杭州市,和睦小学,,30,20,24,7,12,122,94,112,106,18,18,8,9,0.5,0.5
2023-10-02T22:00:00,1231A,120.3019,30.4183,杭州市,临平镇,,37,37,24,19,9,114,77,109,100,17,14,5,5,0.4,0.4
2023-10-02T22:00:00,1232A,120.2697,30.1819,杭州市,城厢镇,,31,30,27,14,9,115,98,108,103,13,13,8,8,0.5,0.5
2023-10-02T22:00:00,1233A,120.0883,30.1808,杭州市,云栖,,31,27,24,6,6,126,98,116,109,11,10,7,7,0.3,0.3
2023-10-02T22:00:00,1234A,121.8358,29.911,宁波市,区环保大楼,,26,17,17,10,9,122,82,115,99,27,15,6,6,0.6,0.5
2023-10-02T22:00:00,1235A,121.56,29.82,宁波市,万里学院,,30,30,29,10,9,131,89,122,109,20,20,8,8,0.4,0.4
2023-10-02T22:00:00,1236A,121.713,29.9572,宁波市,龙赛医院,,30,29,29,6,6,118,95,112,104,13,12,5,5,0.7,0.6
2023-10-02T22:00:00,1239A,121.633,29.7733,宁波市,钱湖水厂,,,,27,,10,129,,119,107,8,10,6,7,0.4,0.6
2023-10-02T22:00:00,1240A,121.5856,29.8635,宁波市,太古小学,,30,30,25,10,10,122,71,114,99,23,14,7,8,0.7,0.7
2023-10-02T22:00:00,1241A,121.524,29.8674,宁波市,市环境监测中心,,30,30,24,9,8,131,76,124,108,23,13,7,7,0.5,0.4
2023-10-02T22:00:00,1242A,120.634,28.0089,温州市,瓯海,,34,20,27,9,12,133,108,124,120,8,10,6,6,0.4,0.4
2023-10-02T22:00:00,1243A,120.6748,27.9939,温州市,南浦,,34,23,30,8,12,131,106,124,118,6,7,5,6,0.4,0.4
2023-10-02T22:00:00,1244A,120.76,27.9747,温州市,龙湾,,30,22,24,6,11,127,93,127,113,23,13,4,4,0.4,0.4
2023-10-02T22:00:00,1245A,120.6709,28.0167,温州市,市站,,29,25,30,10,15,112,92,107,102,17,17,6,6,0.4,0.4
2023-10-02T22:00:00,1247A,120.6053,29.9928,绍兴市,城东开发委,,32,32,31,13,10,112,88,106,98,11,14,7,8,0.4,0.4
2023-10-02T22:00:00,1250A,120.0751,30.8669,湖州市,城西水厂,,35,35,27,12,10,120,79,108,98,25,19,4,4,0.4,0.4
2023-10-02T22:00:00,1252A,120.7436,30.778,嘉兴市,清河小学,,26,22,28,5,7,107,82,101,92,14,14,4,4,0.5,0.5
2023-10-02T22:00:00,1253A,120.726,30.7478,嘉兴市,嘉兴学院,,28,28,26,12,9,108,78,101,92,16,14,4,4,0.4,0.4
2023-10-02T22:00:00,1255A,121.273,28.6459,台州市,黄岩环保大楼,,29,23,18,10,11,124,90,115,111,9,10,6,6,0.5,0.5
2023-10-02T22:00:00,1256A,121.419,28.6542,台州市,台州环保大楼,,31,27,31,7,8,125,99,115,112,9,9,4,4,0.4,0.4
2023-10-02T22:00:00,1257A,121.377,28.5773,台州市,路桥田洋王,,30,22,28,8,7,122,96,112,108,9,9,6,6,0.5,0.5
2023-10-02T22:00:00,1258A,122.122,30.0203,舟山市,定海檀枫,,29,16,20,8,5,103,90,100,97,8,7,6,6,0.4,0.3
2023-10-02T22:00:00,1259A,122.3094,29.9558,舟山市,普陀东港,,32,20,20,12,6,112,102,109,108,8,7,5,5,0.4,0.4
2023-10-02T22:00:00,1260A,122.19,29.9944,舟山市,临城新区,,29,17,19,8,6,112,92,109,103,8,8,9,9,0.5,0.5
2023-10-02T22:00:00,1262A,119.647,29.077,金华市,十五中,,41,41,39,11,12,149,90,137,122,21,17,4,4,0.5,0.4
2023-10-02T22:00:00,1263A,119.686,29.1029,金华市,监测站,,41,41,36,17,16,145,86,132,117,21,16,5,5,0.4,0.4
2023-10-02T22:00:00,1264A,118.8692,28.9398,衢州市,环保大楼,,39,39,37,19,17,135,84,115,104,15,12,4,4,0.4,0.5
2023-10-02T22:00:00,1265A,118.8709,28.9666,衢州市,实验学校,,37,37,37,18,18,137,88,120,107,16,11,4,4,0.5,0.5
2023-10-02T22:00:00,1266A,118.8621,28.9808,衢州市,衢州学院,,37,37,34,17,17,134,78,114,100,21,15,3,4,0.5,0.5
2023-10-02T22:00:00,1267A,119.914,28.4514,丽水市,监测站大楼,,31,25,34,4,12,130,98,120,112,11,11,6,6,0.3,0.5
2023-10-02T22:00:00,1268A,119.93,28.4586,丽水市,莲都小学,,31,27,34,9,15,135,99,127,118,18,15,6,6,0.4,0.5
2023-10-02T22:00:00,1269A,119.879,28.4231,丽水市,余庄前,,27,27,31,11,14,137,52,119,75,15,14,6,6,0.4,0.5
2023-10-02T22:00:00,1270A,117.1959,31.7848,合肥市,明珠广场,,24,24,31,14,12,82,60,70,58,24,21,6,6,0.7,0.7
2023-10-02T22:00:00,1271A,117.3072,31.8764,合肥市,三里街,,22,22,35,12,13,74,58,58,46,26,22,6,6,0.4,0.5
2023-10-02T22:00:00,1272A,117.2588,31.8707,合肥市,琥珀山庄,,22,22,27,12,12,86,67,71,61,19,17,5,5,0.6,0.6
2023-10-02T22:00:00,1273A,117.1604,31.9052,合肥市,董铺水库,,,,,,,71,71,71,71,11,11,10,10,0.4,0.4
2023-10-02T22:00:00,1274A,117.25,31.8571,合肥市,长江中路,,34,34,35,21,16,79,67,68,59,17,17,7,8,0.6,0.7
2023-10-02T22:00:00,1275A,117.266,31.9436,合肥市,庐阳区,,25,19,30,17,15,79,74,72,60,11,15,4,4,0.4,0.5
2023-10-02T22:00:00,1276A,117.336,31.8586,合肥市,瑶海区,,34,34,34,7,10,78,60,65,59,19,15,5,5,0.6,0.7
2023-10-02T22:00:00,1277A,117.3027,31.7964,合肥市,包河区,,29,29,32,12,13,67,31,54,33,51,34,5,5,0.6,0.6
2023-10-02T22:00:00,1278A,117.2776,31.7385,合肥市,滨湖新区,,22,22,30,12,11,81,52,70,57,28,17,6,6,0.5,0.5
2023-10-02T22:00:00,1279A,117.1318,31.8403,合肥市,高新区,,27,27,31,18,15,87,64,74,61,22,18,5,6,0.6,0.6
2023-10-02T22:00:00,1280A,119.3903,26.0543,福州市,鼓山,,,,,,,,,,,,,,,,
2023-10-02T22:00:00,1282A,119.2681,26.0504,福州市,师大,,34,31,37,8,15,147,108,128,116,6,6,5,4,0.2,0.3
2023-10-02T22:00:00,1283A,119.2984,26.1028,福州市,五四北路,,33,29,32,6,12,139,104,126,113,8,6,3,3,0.2,0.4
2023-10-02T22:00:00,1284A,119.2648,26.0768,福州市,杨桥西路,,33,33,38,7,15,144,104,129,116,6,5,4,4,0.3,0.4
2023-10-02T22:00:00,1285A,119.317,26.0746,福州市,紫阳,,33,31,40,6,11,139,104,125,113,4,4,4,4,0.3,0.5
2023-10-02T22:00:00,1286A,118.1608,24.8169,厦门市,溪东,,,,,,,,,,,,,,,,
2023-10-02T22:00:00,1287A,118.1514,24.4767,厦门市,洪文,,39,39,39,15,16,142,91,123,104,9,5,2,2,0.3,0.3
2023-10-02T22:00:00,1288A,118.0661,24.4444,厦门市,鼓浪屿,,44,44,35,16,16,137,78,116,99,16,6,3,2,0.3,0.3
2023-10-02T22:00:00,1290A,115.8931,28.6843,南昌市,省外办,颗粒物(PM10),53,56,37,19,17,112,81,98,92,14,12,4,4,0.7,0.7
2023-10-02T22:00:00,1291A,115.8886,28.7003,南昌市,省林业公司,颗粒物(PM10),51,51,30,24,17,124,93,107,102,3,8,6,6,0.9,0.8
2023-10-02T22:00:00,1292A,115.8126,28.7442,南昌市,林科所,,31,31,22,14,11,137,78,116,105,10,6,8,7,0.6,0.6
2023-10-02T22:00:00,1294A,115.8518,28.687,南昌市,建工学校,颗粒物(PM10),54,57,35,27,15,126,70,106,97,22,10,8,7,0.7,0.6
2023-10-02T22:00:00,1295A,115.8921,28.6424,南昌市,象湖,,36,36,30,23,16,132,82,109,99,10,8,6,7,0.5,0.6
2023-10-02T22:00:00,1296A,115.7423,28.7996,南昌市,武术学校,,18,18,18,11,12,130,46,97,75,9,7,14,11,0.4,0.5
2023-10-02T22:00:00,1298A,115.9314,28.6842,南昌市,省站,,48,48,34,29,14,114,88,103,96,12,9,7,6,0.7,0.6
2023-10-02T22:00:00,1299A,116.9862,36.6114,济南市,科干所,颗粒物(PM10),52,53,33,17,13,147,80,134,120,24,18,7,6,0.4,0.4
2023-10-02T22:00:00,1300A,116.9376,36.665,济南市,农科所,颗粒物(PM10),53,56,39,24,13,133,60,120,98,36,33,4,5,0.5,0.5
2023-10-02T22:00:00,1301A,117.1265,36.6734,济南市,开发区,颗粒物(PM10),55,59,33,20,12,134,42,124,108,65,33,7,7,0.6,0.5
2023-10-02T22:00:00,1303A,117.0624,36.6868,济南市,省种子仓库,颗粒物(PM10),57,63,37,24,13,144,78,132,118,35,34,6,5,0.4,0.4
2023-10-02T22:00:00,1304A,116.9489,36.6447,济南市,机床二厂,颗粒物(PM10),67,83,53,29,16,142,49,126,104,53,35,6,5,0.6,0.5
2023-10-02T22:00:00,1305A,117.0495,36.663,济南市,市监测站,颗粒物(PM10),58,66,47,24,15,145,84,134,120,43,48,5,5,0.4,0.5
2023-10-02T22:00:00,1306A,116.7675,36.5484,济南市,长清党校,,49,49,46,24,20,143,93,129,107,24,31,10,8,0.4,0.4
2023-10-02T22:00:00,1307A,120.6659,36.2403,青岛市,仰口,,36,17,24,12,10,123,114,112,112,7,8,5,5,0.3,0.3
2023-10-02T22:00:00,1310A,120.4134,36.0658,青岛市,市南区东部子站,,,,30,5,8,146,141,144,144,10,27,6,8,0.4,0.5
2023-10-02T22:00:00,1311A,120.3664,36.1032,青岛市,四方区子站,,39,39,38,14,10,155,90,145,134,56,44,6,8,0.7,0.6
2023-10-02T22:00:00,1312A,120.2994,36.054,青岛市,市南区西部子站,,,24,31,10,6,172,144,153,152,14,27,7,8,,0.2
2023-10-02T22:00:00,1313A,120.4581,36.0858,青岛市,崂山区子站,,31,27,29,12,10,154,98,144,131,35,26,7,8,0.4,0.5
2023-10-02T22:00:00,1314A,120.1983,35.9608,青岛市,黄岛区子站,,38,34,29,17,8,151,120,140,138,29,32,7,8,0.6,0.5
2023-10-02T22:00:00,1315A,120.3999,36.3083,青岛市,城阳区子站,,48,48,41,15,14,173,98,151,126,32,33,6,7,0.6,0.6
2023-10-02T22:00:00,1316A,113.69031,34.76122,郑州市,烟厂,,36,34,26,25,16,81,45,74,61,23,16,4,4,0.6,0.6
2023-10-02T22:00:00,1317A,113.65724,34.77134,郑州市,郑纺机,,39,33,26,27,16,83,49,76,65,22,18,6,4,0.7,0.6
2023-10-02T22:00:00,1318A,113.67526,34.80246,郑州市,银行学校,,42,26,22,29,15,88,49,80,69,24,16,8,5,0.4,0.4
2023-10-02T22:00:00,1319A,113.56746,34.81334,郑州市,供水公司,,40,30,22,28,16,92,48,84,70,24,18,8,7,0.6,0.5
2023-10-02T22:00:00,1320A,113.7329,34.7178,郑州市,经开区管委,,38,34,24,26,12,80,43,74,61,22,16,5,5,0.5,0.4
2023-10-02T22:00:00,1321A,113.73961,34.77172,郑州市,四十七中,,36,31,23,25,15,86,44,78,63,23,17,4,4,0.6,0.5
2023-10-02T22:00:00,1322A,113.60532,34.74838,郑州市,市监测站,,29,29,28,16,15,82,39,78,64,26,15,6,5,0.5,0.5
2023-10-02T22:00:00,1323A,113.64164,34.7525,郑州市,河医大,,45,37,28,31,17,74,44,71,61,23,18,9,7,0.6,0.6
2023-10-02T22:00:00,1324A,113.51488,34.91089,郑州市,岗李水库,,,,,,,,,,,,,,,,
2023-10-02T22:00:00,1325A,114.3677,30.5584,武汉市,东湖梨园,,22,11,35,5,24,84,70,79,58,10,20,7,10,0.6,1
2023-10-02T22:00:00,1326A,114.2529,30.558,武汉市,汉阳月湖,,17,11,40,5,25,91,54,80,51,16,21,6,7,0.6,0.7
2023-10-02T22:00:00,1327A,114.282,30.6189,武汉市,汉口花桥,,19,10,39,10,26,99,58,90,53,12,17,6,6,0.5,0.7
2023-10-02T22:00:00,1328A,114.3025,30.5332,武汉市,武昌紫阳,,19,11,38,9,25,89,60,80,52,11,21,7,9,0.6,1
2023-10-02T22:00:00,1329A,114.3646,30.6217,武汉市,青山钢花,,18,6,35,9,29,92,55,85,54,14,16,6,7,0.5,0.6
2023-10-02T22:00:00,1330A,114.1566,30.4825,武汉市,沌口新区,,16,5,41,4,31,92,50,81,47,15,24,7,8,0.5,0.8
2023-10-02T22:00:00,1331A,114.3014,30.5944,武汉市,汉口江滩,,21,6,35,5,22,101,66,93,59,10,15,6,7,0.5,0.6
2023-10-02T22:00:00,1333A,114.135,30.6319,武汉市,吴家山,,22,6,34,5,25,112,69,105,65,9,12,8,7,0.5,0.6
2023-10-02T22:00:00,1334A,113.8454,30.2917,武汉市,沉湖七壕,,29,29,35,12,20,96,56,84,54,13,15,4,4,0.7,0.8
2023-10-02T22:00:00,1335A,113.0833,28.2325,长沙市,经开区环保局,,29,15,31,20,21,74,24,46,30,16,15,4,5,0.4,0.5
2023-10-02T22:00:00,1336A,112.8872,28.2189,长沙市,高开区环保局,,30,30,32,19,19,47,31,47,31,10,9,6,6,0.6,0.7
2023-10-02T22:00:00,1337A,113.0792,28.2053,长沙市,马坡岭,,35,35,40,20,23,90,32,60,40,7,8,5,6,0.5,0.6
2023-10-02T22:00:00,1338A,112.9394,28.19,长沙市,湖南师范大学,,39,37,34,27,26,63,29,44,31,10,9,4,4,0.6,0.6
2023-10-02T22:00:00,1339A,113.0178,28.1322,长沙市,雨花区环保局,,33,31,36,23,20,81,25,52,35,12,12,4,4,0.7,0.7
2023-10-02T22:00:00,1340A,112.9792,28.2597,长沙市,伍家岭,,26,26,32,14,16,54,28,46,30,11,10,4,4,0.5,0.6
2023-10-02T22:00:00,1341A,113.0014,28.1944,长沙市,火车新站,,32,32,43,22,24,71,29,48,33,12,13,6,6,0.6,0.7
2023-10-02T22:00:00,1342A,112.9844,28.1178,长沙市,天心区环保局,,,,38,,21,80,26,48,35,15,14,3,4,0.5,0.5
2023-10-02T22:00:00,1343A,112.8908,28.1308,长沙市,湖南中医药大学,,38,38,42,19,20,68,29,47,27,9,7,3,3,0.8,0.9
2023-10-02T22:00:00,1344A,112.9581,28.3611,长沙市,沙坪,,30,30,39,11,16,38,28,31,29,7,7,6,7,0.3,0.5
2023-10-02T22:00:00,1345A,113.2347,23.1423,广州市,广雅中学,,27,27,21,18,14,105,58,87,75,29,25,2,3,0.8,0.8
2023-10-02T22:00:00,1346A,113.2612,23.105,广州市,市五中,,32,28,21,22,15,121,61,109,93,26,16,6,7,0.8,0.7
2023-10-02T22:00:00,1348A,113.3478,23.0916,广州市,广东商学院,,29,29,20,17,14,115,48,106,85,28,19,2,3,0.6,0.5
2023-10-02T22:00:00,1349A,113.4332,23.1047,广州市,市八十六中,,42,42,29,20,14,131,23,104,72,46,20,5,5,1.1,1
2023-10-02T22:00:00,1350A,113.3505,22.9483,广州市,番禺中学,,34,34,21,22,14,150,48,118,101,47,20,8,7,1.0,0.8
2023-10-02T22:00:00,1351A,113.2146,23.3916,广州市,花都师范,,32,29,20,22,13,102,50,88,76,24,16,3,3,0.9,0.8
2023-10-02T22:00:00,1352A,113.2597,23.1331,广州市,市监测站,,33,32,21,23,12,111,30,98,76,37,20,3,3,0.7,0.5
2023-10-02T22:00:00,1353A,113.5618,23.312,广州市,九龙镇镇龙,,23,23,17,14,11,98,27,85,51,16,11,5,5,0.6,0.6
2023-10-02T22:00:00,1354A,113.2765,23.1544,广州市,麓湖,,25,25,18,14,10,115,34,94,65,18,14,6,6,0.7,0.6
2023-10-02T22:00:00,1355A,113.443,23.3035,广州市,帽峰山森林公园,,19,19,14,12,11,108,54,88,73,8,10,5,5,0.5,0.5
2023-10-02T22:00:00,1356A,114.1063,22.5545,深圳市,通心岭子站,,35,25,25,13,12,112,112,103,103,12,11,2,2,0.8,0.8
2023-10-02T22:00:00,1357A,114.117,22.5625,深圳市,洪湖,,37,37,29,14,13,113,113,106,106,13,8,6,6,0.4,0.4
2023-10-02T22:00:00,1358A,113.987,22.5417,深圳市,华侨城,,27,26,24,10,12,106,86,101,98,18,9,8,8,0.9,0.9
2023-10-02T22:00:00,1359A,113.9181,22.5171,深圳市,南海子站,,30,30,30,19,14,117,96,111,106,11,5,5,5,0.8,0.7
2023-10-02T22:00:00,1360A,114.2458,22.5689,深圳市,盐田,,36,27,24,12,15,124,114,119,118,8,9,5,5,0.7,0.7
2023-10-02T22:00:00,1361A,114.2283,22.7244,深圳市,龙岗,,33,33,24,13,11,104,100,102,102,10,6,6,6,0.9,0.9
2023-10-02T22:00:00,1363A,114.494,22.5422,深圳市,南澳,,32,32,26,16,13,127,83,116,109,9,7,4,4,0.4,0.4
2023-10-02T22:00:00,1364A,114.41,22.6342,深圳市,葵涌,,29,29,26,12,11,124,88,112,109,10,8,6,6,0.7,0.7
2023-10-02T22:00:00,1365A,114.297,22.5978,深圳市,梅沙,,36,36,31,18,12,108,90,105,102,24,7,6,6,0.8,0.8
2023-10-02T22:00:00,1366A,114.0678,22.738,深圳市,观澜,,30,30,32,10,12,148,52,130,110,41,13,8,8,1.0,0.9
2023-10-02T22:00:00,1367A,113.5814,22.2618,珠海市,吉大,,40,33,28,8,13,125,125,120,118,6,5,6,6,0.6,0.6
2023-10-02T22:00:00,1368A,113.4881,22.2335,珠海市,前山,,35,28,21,14,12,116,112,113,109,7,3,6,5,0.5,0.5
2023-10-02T22:00:00,1369A,113.628,22.4251,珠海市,唐家,,39,39,29,17,12,139,108,128,121,11,11,6,6,0.6,0.6
2023-10-02T22:00:00,1370A,113.299,22.2281,珠海市,斗门,,36,31,22,21,13,127,113,121,118,5,5,7,6,0.6,0.6
2023-10-02T22:00:00,1371A,113.1294,23.0067,佛山市,湾梁,,29,29,12,14,13,113,50,98,86,33,16,8,7,0.8,0.6
2023-10-02T22:00:00,1372A,113.1083,23.0478,佛山市,华材职中,,29,29,17,14,15,98,26,84,65,36,18,4,4,0.7,0.5
2023-10-02T22:00:00,1373A,113.144,23.0453,佛山市,南海气象局,,37,37,21,14,15,88,37,77,63,34,18,5,5,0.7,0.5
2023-10-02T22:00:00,1374A,113.2881,22.8094,佛山市,顺德苏岗,,35,34,22,24,13,152,51,114,98,29,12,9,7,0.9,0.7
2023-10-02T22:00:00,1376A,112.8383,22.8678,佛山市,高明孔堂,,35,35,31,18,16,171,71,132,120,29,18,7,7,0.8,0.8
2023-10-02T22:00:00,1377A,112.8836,23.1588,佛山市,三水监测站,,44,44,26,24,19,143,60,110,106,30,19,5,3,0.8,0.7
2023-10-02T22:00:00,1378A,112.867,23.185,佛山市,三水云东海,,42,42,29,21,20,133,21,96,79,19,14,4,4,0.7,0.5
2023-10-02T22:00:00,1379A,113.3769,22.5211,中山市,华柏园,,32,32,28,17,15,131,99,125,119,12,11,6,6,0.4,0.5
2023-10-02T22:00:00,1380A,113.3881,22.5497,中山市,张溪,,43,43,32,25,14,143,101,133,127,8,7,5,5,0.6,0.6
2023-10-02T22:00:00,1381A,113.4075,22.5111,中山市,紫马岭,,33,33,27,16,14,140,93,128,119,8,7,7,6,0.4,0.4
2023-10-02T22:00:00,1382A,113.4411,22.4853,中山市,长江旅游区,,,,,,,,,,,,,,,,
2023-10-02T22:00:00,1383A,113.1064,22.6058,江门市,北街,,30,30,29,19,18,162,88,139,124,8,11,5,5,0.5,0.6
2023-10-02T22:00:00,1384A,113.0731,22.5835,江门市,西区,,43,43,32,20,15,164,91,143,126,14,15,5,5,0.5,0.6
2023-10-02T22:00:00,1385A,113.0219,22.5311,江门市,圭峰西,,33,33,28,16,14,140,96,132,117,10,10,4,4,0.6,0.6
2023-10-02T22:00:00,1386A,113.0828,22.5947,江门市,东湖,,37,37,30,15,16,163,96,138,123,9,10,5,6,0.5,0.6
2023-10-02T22:00:00,1389A,113.7547,23.0494,东莞市,莞城梨川,,26,26,22,18,15,146,61,117,95,17,11,6,5,0.9,0.8
2023-10-02T22:00:00,1390A,113.7944,23.0128,东莞市,东城石井,,28,28,24,14,12,150,34,117,78,11,7,3,3,0.8,0.8
2023-10-02T22:00:00,1391A,113.7383,22.9658,东莞市,南城西平,,23,23,21,12,12,132,46,112,84,19,16,8,8,0.9,0.8
2023-10-02T22:00:00,1392A,114.4183,23.0528,惠州市,河南岸金山湖子站,,,34,29,20,19,118,,99,90,13,9,5,5,0.6,0.6
2023-10-02T22:00:00,1393A,114.4053,23.0822,惠州市,下埔横江三路子站,,41,41,30,21,18,114,94,99,88,13,8,6,6,0.8,0.7
2023-10-02T22:00:00,1394A,114.4103,23.1142,惠州市,江北云山西路子站,,39,39,28,20,16,121,105,103,89,10,5,7,7,0.8,0.8
2023-10-02T22:00:00,1395A,114.4645,22.7833,惠州市,惠阳区承修路船湖子站,,,42,30,18,15,126,109,114,108,,7,4,4,0.7,0.7
2023-10-02T22:00:00,1396A,114.5317,22.7422,惠州市,大亚湾管委会子站,,,34,30,9,15,121,,105,96,,10,7,6,0.2,0.6
2023-10-02T22:00:00,1397A,112.4267,23.0706,肇庆市,睦岗子站,,33,33,29,16,16,118,95,110,110,17,15,7,6,0.6,0.5
2023-10-02T22:00:00,1398A,112.4645,23.0475,肇庆市,城中子站,,44,44,31,27,20,121,71,110,104,37,21,10,9,0.7,0.6
2023-10-02T22:00:00,1399A,112.5544,23.1522,肇庆市,坑口子站,,20,19,19,12,13,115,63,95,87,18,16,4,5,0.5,0.5
2023-10-02T22:00:00,1400A,112.4753,23.1,肇庆市,七星岩子站,,,,,,,,,,,,,,,,
2023-10-02T22:00:00,1401A,108.3103,22.7881,南宁市,二十一中,,43,43,34,24,24,118,85,107,99,13,10,5,6,0.7,0.7
2023-10-02T22:00:00,1402A,108.3141,22.8528,南宁市,北湖,,45,45,37,26,26,130,80,117,97,13,13,5,7,0.6,0.7
2023-10-02T22:00:00,1403A,108.3206,22.8225,南宁市,市监测站,,43,43,38,27,25,124,81,112,99,20,15,9,9,0.7,0.7
2023-10-02T22:00:00,1404A,108.3829,22.8037,南宁市,大自然花园,,43,39,36,30,28,115,75,104,89,14,14,6,7,0.8,0.8
2023-10-02T22:00:00,1405A,108.4394,22.7904,南宁市,仙葫,细颗粒物(PM2.5),54,47,41,38,27,105,88,100,96,15,20,6,7,0.4,0.5
2023-10-02T22:00:00,1406A,108.2397,22.8467,南宁市,区农职院,,47,47,42,26,25,124,65,114,98,25,18,7,13,0.8,0.8
2023-10-02T22:00:00,1407A,108.3275,22.735,南宁市,英华嘉园,,47,47,35,22,23,104,71,90,86,23,15,6,7,0.6,0.6
2023-10-02T22:00:00,1408A,108.2257,22.7757,南宁市,沙井镇街道办,颗粒物(PM10),55,60,48,27,24,119,54,102,85,43,27,5,6,0.7,0.7
2023-10-02T22:00:00,1409A,110.576,19.9507,海口市,东寨港,,,,,,,,,,,,,,,,
2023-10-02T22:00:00,1410A,110.3232,20.0574,海口市,海南大学,,31,31,26,15,16,98,71,86,81,8,9,6,6,0.5,0.5
2023-10-02T22:00:00,1411A,110.283,20.0053,海口市,秀英海南医院,,27,27,26,14,17,90,72,78,77,9,16,7,6,0.5,0.4
2023-10-02T22:00:00,1412A,110.338,19.9969,海口市,海南师范大学,,30,30,24,16,16,92,70,78,77,7,9,8,5,0.4,0.4
2023-10-02T22:00:00,1413A,110.33,20.0356,海口市,龙华路环保局宿舍,,,31,23,14,15,95,71,83,78,7,8,7,8,,0.4
2023-10-02T22:00:00,1414A,106.3787,29.8279,重庆市,缙云山,,14,14,10,4,4,50,30,43,39,6,5,6,6,0.2,0.2
2023-10-02T22:00:00,1416A,106.4213,29.8253,重庆市,天生,,29,26,16,20,10,30,7,28,16,12,13,5,5,0.9,0.9
2023-10-02T22:00:00,1417A,106.6263,29.7228,重庆市,两路,,10,8,7,7,7,46,19,33,29,17,12,8,8,0.8,0.9
2023-10-02T22:00:00,1418A,106.2953,29.5983,重庆市,虎溪,,24,24,18,12,9,38,9,31,22,23,11,5,5,0.6,0.5
2023-10-02T22:00:00,1419A,106.5777,29.5102,重庆市,南坪,,27,27,21,17,10,28,14,22,20,32,22,6,6,0.6,0.5
2023-10-02T22:00:00,1420A,106.6556,29.6277,重庆市,唐家沱,,27,27,12,11,8,32,2,20,11,29,22,5,5,0.8,0.8
2023-10-02T22:00:00,1421A,106.6349,29.4906,重庆市,茶园,,23,20,13,14,7,44,17,36,23,46,27,5,5,0.8,0.8
2023-10-02T22:00:00,1422A,106.3754,29.4572,重庆市,白市驿,,36,36,16,18,15,38,7,34,26,27,14,6,6,0.8,0.7
2023-10-02T22:00:00,1425A,106.6205,29.7166,重庆市,空港,,20,9,15,14,8,46,21,36,32,26,17,7,7,0.8,0.8
2023-10-02T22:00:00,1426A,106.4782,29.4875,重庆市,新山村,,33,28,33,23,13,26,11,21,10,37,30,6,6,0.9,0.8
2023-10-02T22:00:00,1427A,106.5616,29.6453,重庆市,礼嘉,,40,40,12,12,10,32,13,32,13,28,21,6,6,0.8,0.8
2023-10-02T22:00:00,1428A,106.4522,29.7091,重庆市,蔡家,,26,23,21,18,9,37,17,29,22,18,14,6,6,0.8,0.8
2023-10-02T22:00:00,1429A,106.5093,29.3917,重庆市,鱼新街,,26,25,14,18,10,35,4,30,18,45,26,5,5,1.2,1.1
2023-10-02T22:00:00,1431A,103.9728,30.7236,成都市,金泉两河,,32,32,33,4,14,70,8,54,48,32,17,2,3,0.6,0.5
2023-10-02T22:00:00,1432A,104.176,30.6872,成都市,十里店,,,29,27,19,16,72,,66,66,,16,,2,,0.5
2023-10-02T22:00:00,1433A,104.079,30.5706,成都市,三瓦窑,,34,34,32,22,15,70,12,56,50,44,21,2,3,0.6,0.5
2023-10-02T22:00:00,1434A,104.1114,30.63,成都市,沙河铺,,44,44,39,19,21,70,30,55,53,24,16,1,2,0.6,0.5
2023-10-02T22:00:00,1437A,104.0786,30.6531,成都市,君平街,,43,43,38,22,22,69,37,60,58,32,21,2,4,0.8,0.6
2023-10-02T22:00:00,1438A,103.613,31.0283,成都市,灵岩寺,,16,3,9,2,6,71,51,66,52,3,5,7,6,0.8,0.8
2023-10-02T22:00:00,1439A,106.6899,26.5998,贵阳市,马鞍山,,22,22,16,12,11,82,66,79,72,8,6,5,5,0.4,0.3
2023-10-02T22:00:00,1440A,106.6971,26.5694,贵阳市,市环保站,,39,34,21,27,16,84,54,79,71,25,11,2,3,0.4,0.2
2023-10-02T22:00:00,1441A,106.6243,26.6266,贵阳市,鉴湖路,,31,31,24,9,11,71,68,68,67,8,5,5,4,0.5,0.4
2023-10-02T22:00:00,1442A,106.7487,26.6343,贵阳市,燕子冲,,29,29,18,17,13,77,49,73,66,14,7,6,6,0.7,0.5
2023-10-02T22:00:00,1443A,106.6555,26.4365,贵阳市,碧云窝,,32,31,23,22,11,74,67,72,70,8,5,10,6,0.5,0.4
2023-10-02T22:00:00,1444A,106.694,26.5161,贵阳市,中院村,细颗粒物(PM2.5),52,48,28,36,14,70,38,67,60,32,11,8,8,0.4,0.2
2023-10-02T22:00:00,1445A,106.7109,26.6027,贵阳市,红边门,,31,31,27,19,21,75,43,68,60,29,12,7,5,0.4,0.3
2023-10-02T22:00:00,1446A,106.7164,26.5699,贵阳市,新华路,,36,36,21,19,15,85,59,81,75,29,11,15,7,0.3,0.3
2023-10-02T22:00:00,1447A,106.674,26.5424,贵阳市,太慈桥,,22,22,17,14,10,75,59,73,69,13,6,4,5,0.4,0.3
2023-10-02T22:00:00,1450A,102.8204,24.8886,昆明市,呈贡新区,,33,33,16,14,8,60,34,54,51,26,16,8,7,0.7,0.6
2023-10-02T22:00:00,1451A,102.6251,24.9608,昆明市,西山森林公园,,19,19,58,7,7,61,53,55,55,8,9,7,8,0.8,0.5
2023-10-02T22:00:00,1452A,102.7252,25.0902,昆明市,龙泉镇,,36,36,17,18,9,62,32,53,48,16,11,12,9,0.7,0.6
2023-10-02T22:00:00,1453A,102.7266,25.0375,昆明市,东风东路,,31,31,13,8,9,59,32,53,49,17,11,15,8,0.6,0.6
2023-10-02T22:00:00,1454A,102.6742,25.0669,昆明市,金鼎山,,23,23,19,5,9,61,40,55,48,14,13,16,16,0.7,0.5
2023-10-02T22:00:00,1455A,102.6644,25.0401,昆明市,碧鸡广场,,18,18,14,6,9,58,30,51,44,18,12,7,8,0.7,0.5
2023-10-02T22:00:00,1456A,91.1319,29.6514,拉萨市,八廓街,,20,20,12,9,6,66,37,63,56,25,15,8,7,0.5,0.4
2023-10-02T22:00:00,1457A,91.1221,29.6747,拉萨市,市环保局,,34,34,11,14,7,68,9,64,51,38,13,8,7,0.8,0.4
2023-10-02T22:00:00,1458A,91.0874,29.6475,拉萨市,区监测站,,19,19,9,7,6,62,19,58,49,29,13,9,9,0.4,0.3
2023-10-02T22:00:00,1459A,91.1774,29.6541,拉萨市,西藏大学,,16,16,10,8,6,66,32,63,58,24,10,8,8,0.3,0.3
2023-10-02T22:00:00,1460A,90.9798,29.6588,拉萨市,区辐射站,,44,44,14,15,7,66,33,62,48,21,11,7,7,0.3,0.3
2023-10-02T22:00:00,1461A,91.0834,29.6292,拉萨市,拉萨火车站,,,10,10,6,6,63,43,56,54,12,10,5,6,,0.2
2023-10-02T22:00:00,1462A,108.882,34.2749,西安市,高压开关厂,,27,27,33,12,21,79,42,69,50,25,18,8,7,0.6,0.5
2023-10-02T22:00:00,1463A,108.993,34.2629,西安市,兴庆小区,,22,22,21,13,15,74,39,65,37,20,16,6,6,0.6,0.6
2023-10-02T22:00:00,1464A,109.06,34.2572,西安市,纺织城,,28,28,24,14,16,74,7,66,32,42,22,5,5,0.8,0.7
2023-10-02T22:00:00,1465A,108.9356,34.2173,西安市,小寨,,24,24,30,13,15,66,37,63,44,22,18,4,6,0.6,0.6
2023-10-02T22:00:00,1466A,108.954,34.2713,西安市,市人民体育场,,23,23,25,15,18,72,33,65,30,25,21,7,7,0.6,0.5
2023-10-02T22:00:00,1467A,108.8922,34.2322,西安市,高新西区,,,17,24,17,21,74,,67,54,25,15,5,5,0.6,0.6
2023-10-02T22:00:00,1468A,108.935,34.3474,西安市,经开区,,26,26,22,18,14,76,32,69,45,22,10,3,3,0.5,0.4
2023-10-02T22:00:00,1469A,108.906,34.1546,西安市,长安区,,22,22,29,14,18,70,31,65,53,18,14,5,5,0.6,0.6
2023-10-02T22:00:00,1471A,109.2186,34.3731,西安市,临潼区,,28,28,26,17,18,78,10,72,30,25,13,5,5,0.9,0.7
2023-10-02T22:00:00,1472A,108.869,34.378,西安市,草滩,,36,36,26,18,15,80,7,74,42,45,13,3,3,0.2,0.1
2023-10-02T22:00:00,1473A,108.985,34.1978,西安市,曲江文化产业集团,,17,17,24,11,17,64,40,62,49,22,18,4,4,0.6,0.5
2023-10-02T22:00:00,1474A,109.051,34.3213,西安市,广运潭,,24,24,22,16,15,70,1,63,23,38,19,6,7,0.6,0.4
2023-10-02T22:00:00,1476A,103.631,36.1031,兰州市,兰炼宾馆,细颗粒物(PM2.5),57,58,43,40,27,85,14,72,53,53,23,4,4,0.9,0.4
2023-10-02T22:00:00,1477A,104.1373,35.9454,兰州市,榆中兰大校区,,,,,,,,,,,,,,,,
2023-10-02T22:00:00,1478A,103.8412,36.0726,兰州市,生物制品所,细颗粒物(PM2.5),57,60,42,40,34,68,1,56,41,60,30,6,7,1.1,0.8
2023-10-02T22:00:00,1479A,103.831,36.0464,兰州市,铁路设计院,细颗粒物(PM2.5),63,64,43,45,33,72,2,58,42,77,36,10,9,1.3,0.7
2023-10-02T22:00:00,1483A,101.524,36.6867,西宁市,第五水厂,,,,,,,,,,,,,,,,
2023-10-02T22:00:00,1484A,105.9512,38.6016,银川市,贺兰山马莲口,,40,24,30,13,14,127,127,120,120,11,12,10,6,0.4,0.4
2023-10-02T22:00:00,1488A,106.2328,38.4975,银川市,贺兰山东路,颗粒物(PM10),55,59,48,38,29,147,47,132,110,74,26,13,14,0.9,0.7
2023-10-02T22:00:00,1489A,106.1358,38.5036,银川市,学院路,颗粒物(PM10),55,60,57,35,28,135,42,120,98,46,21,8,13,0.5,0.5
2023-10-02T22:00:00,1490A,87.5801,43.8303,乌鲁木齐市,监测站,,39,33,46,11,22,123,17,92,79,77,44,5,5,0.4,0.4
2023-10-02T22:00:00,1491A,87.6046,43.768,乌鲁木齐市,收费所,,39,39,45,17,24,121,21,93,78,55,33,2,3,0.4,0.4
2023-10-02T22:00:00,1492A,87.4754,43.9469,乌鲁木齐市,新疆农科院农场,颗粒物(PM10),74,98,68,21,26,97,20,78,75,63,47,1,2,0.7,0.8
2023-10-02T22:00:00,1493A,87.5525,43.8711,乌鲁木齐市,铁路局,,50,50,48,13,20,99,6,82,74,87,44,4,5,0.5,0.5
2023-10-02T22:00:00,1494A,87.6432,43.831,乌鲁木齐市,三十一中学,,33,27,48,17,22,110,26,88,79,66,32,5,6,0.6,0.5
2023-10-02T22:00:00,1496A,87.7216,44.1747,乌鲁木齐市,米东区环保局,颗粒物(PM10),57,64,35,19,14,102,74,91,90,18,18,10,10,0.3,0.4
2023-10-02T22:00:00,1508A,112.9433,27.8614,湘潭市,板塘,,45,36,43,31,25,98,12,59,36,24,17,7,8,0.5,0.5
2023-10-02T22:00:00,1511A,112.9118,27.8403,湘潭市,市监测站,,32,27,39,22,22,101,25,63,44,14,12,4,4,0.7,0.7
2023-10-02T22:00:00,1512A,112.8937,27.8728,湘潭市,江麓,,29,26,37,20,20,106,32,64,48,15,13,6,7,0.5,0.6
2023-10-02T22:00:00,1513A,112.9227,27.8159,湘潭市,岳塘,,29,22,40,20,22,102,25,73,47,14,11,8,9,0.5,0.6
2023-10-02T22:00:00,1514A,112.9074,27.9119,湘潭市,科大,,46,27,39,32,22,100,21,56,36,15,12,6,7,0.7,0.7
2023-10-02T22:00:00,1515A,113.135,27.8244,株洲市,天台山庄,颗粒物(PM10),52,53,45,23,24,117,19,80,55,22,19,5,5,0.7,0.8
2023-10-02T22:00:00,1518A,113.095,27.8867,株洲市,株冶医院,颗粒物(PM10),56,61,51,34,26,111,15,74,45,26,22,5,6,0.8,0.7
2023-10-02T22:00:00,1519A,113.167,27.8667,株洲市,市四中,,46,46,48,25,27,116,11,84,55,29,22,5,6,0.8,0.7
2023-10-02T22:00:00,1520A,113.143,27.8381,株洲市,火车站,,48,48,47,27,24,117,19,83,61,23,17,6,6,0.7,0.7
2023-10-02T22:00:00,1524A,113.13,27.8528,株洲市,市监测站,颗粒物(PM10),52,54,48,31,28,123,18,85,57,24,21,11,7,0.7,0.8
2023-10-02T22:00:00,1552A,106.805,26.3003,贵阳市,桐木岭,,,,,,,,,,,,,,,,
2023-10-02T22:00:00,1559A,113.251,27.8336,株洲市,大京风景区,,45,44,42,31,28,96,18,78,60,16,8,2,3,0.7,0.7
2023-10-02T22:00:00,1562A,113.0048,27.9153,湘潭市,昭山,,39,39,48,25,20,107,20,68,44,21,14,5,5,0.8,0.9
2023-10-02T22:00:00,1564A,112.4876,27.9164,湘潭市,韶山,,38,38,35,19,13,64,26,59,30,11,10,5,5,0.6,0.6
2023-10-02T22:00:00,1585A,109.8756,40.6532,包头市,市环境监测站,颗粒物(PM10),53,55,51,18,18,104,25,76,59,71,51,14,16,0.8,0.8
2023-10-02T22:00:00,1587A,109.9991,40.5842,包头市,包头八中,,46,46,58,18,25,110,58,91,87,51,42,24,24,0.6,0.8
2023-10-02T22:00:00,1588A,109.8538,40.6821,包头市,青山宾馆,颗粒物(PM10),53,55,45,21,24,104,8,79,61,87,50,15,16,0.9,1
2023-10-02T22:00:00,1589A,109.8642,40.6288,包头市,惠龙物流,,43,43,49,25,21,110,62,87,79,41,43,15,17,0.7,0.7
2023-10-02T22:00:00,1590A,110.0377,40.5546,包头市,东河鸿龙湾,,42,42,56,18,22,114,42,101,72,48,42,13,23,0.5,0.7
2023-10-02T22:00:00,1591A,110.0023,39.8129,鄂尔多斯市,综合楼,颗粒物(PM10),51,51,65,22,21,96,49,87,75,46,37,7,12,0.7,0.7
2023-10-02T22:00:00,1592A,109.9486,39.8261,鄂尔多斯市,巴音孟克林场办事处,,36,36,44,22,23,103,62,93,85,35,23,8,11,0.6,0.6
2023-10-02T22:00:00,1593A,109.7736,39.5986,鄂尔多斯市,康泽苑,,31,31,38,13,23,106,60,95,84,24,20,5,7,0.7,0.7
2023-10-02T22:00:00,1594A,109.8119,39.5989,鄂尔多斯市,华泰汽车城,,27,27,39,17,21,101,46,90,81,36,23,4,5,0.8,0.7
2023-10-02T22:00:00,1595A,109.9734,39.7884,鄂尔多斯市,奥林花园,,46,46,57,19,22,96,16,83,68,59,31,6,10,0.7,0.7
2023-10-02T22:00:00,1597A,122.2703,40.7094,营口市,大庆路,,38,37,30,23,15,158,120,148,145,20,20,7,7,0.8,0.8
2023-10-02T22:00:00,1598A,122.2150,40.6511,营口市,镜湖西路,,48,48,30,26,13,161,135,149,148,18,21,9,8,0.5,0.6
2023-10-02T22:00:00,1599A,122.1658,40.6789,营口市,西炮台,,44,44,32,24,12,160,127,147,146,16,21,8,7,0.7,0.7
2023-10-02T22:00:00,1600A,124.3303,40.0625,丹东市,江湾东路,,47,47,35,21,19,136,59,110,86,12,20,9,15,0.8,0.9
2023-10-02T22:00:00,1601A,124.4256,40.1503,丹东市,临江后街,,38,38,32,14,15,131,85,113,106,10,18,7,8,0.8,0.8
2023-10-02T22:00:00,1602A,124.3933,40.1461,丹东市,元宝山,,40,40,30,18,13,124,68,106,94,21,23,13,11,1.3,0.8
2023-10-02T22:00:00,1603A,124.3633,40.1092,丹东市,民主桥,,44,44,32,22,14,125,41,107,92,32,23,6,8,1.0,0.7
2023-10-02T22:00:00,1604A,122.0303,41.1489,盘锦市,开发区,,47,27,26,19,15,166,148,156,156,17,24,8,28,0.6,0.6
2023-10-02T22:00:00,1605A,122.0485,41.0883,盘锦市,兴隆台,,46,31,28,17,12,166,147,155,154,13,21,8,18,0.6,0.5
2023-10-02T22:00:00,1606A,121.8297,41.1028,盘锦市,新生街道,,45,33,25,14,12,168,142,157,155,16,19,6,10,0.6,0.5
2023-10-02T22:00:00,1607A,120.9092,40.7136,葫芦岛市,龙港区,,44,44,33,19,13,178,115,160,152,16,19,14,12,0.6,0.6
2023-10-02T22:00:00,1608A,120.8392,40.7514,葫芦岛市,化工街,颗粒物(PM10),59,68,55,22,19,161,89,144,134,30,38,10,13,0.7,0.7
2023-10-02T22:00:00,1609A,120.8341,40.7073,葫芦岛市,新区,,44,44,36,24,16,186,116,167,157,24,33,11,9,0.9,0.8
2023-10-02T22:00:00,1610A,120.8695,40.7677,葫芦岛市,东城区,,49,49,53,27,23,177,93,156,143,44,42,14,18,1.0,0.9
2023-10-02T22:00:00,1611A,118.5819,24.9117,泉州市,涂山街,,34,30,39,8,11,143,106,130,118,9,8,6,6,0.6,0.6
2023-10-02T22:00:00,1612A,118.5972,24.8978,泉州市,津头埔,,32,32,38,10,15,141,98,129,115,14,11,7,6,0.6,0.6
2023-10-02T22:00:00,1613A,118.6663,24.9424,泉州市,万安,,34,34,44,10,15,144,102,134,120,12,10,4,3,0.6,0.7
2023-10-02T22:00:00,1614A,118.6117,24.9604,泉州市,清源山,,,,,,,,,,,,,,,,
2023-10-02T22:00:00,1616A,117.6795,36.229,济南市,技术学院,颗粒物(PM10),57,63,43,22,18,146,85,131,120,35,35,9,10,0.5,0.8
2023-10-02T22:00:00,1618A,118.3429,35.0532,临沂市,沂河小区,,44,44,40,14,17,121,97,111,106,19,26,8,12,0.4,0.3
2023-10-02T22:00:00,1619A,118.295,35.0583,临沂市,鲁南制药厂,,,,37,,16,130,,128,128,,27,,19,,0.4
2023-10-02T22:00:00,1620A,118.2794,34.9976,临沂市,新光毛纺厂,,41,41,46,18,18,122,84,112,100,55,35,16,16,0.7,0.6
2023-10-02T22:00:00,1621A,118.3956,35.0888,临沂市,河东保险公司,,41,41,41,4,16,122,93,110,102,17,29,5,5,0.7,0.5
2023-10-02T22:00:00,1622A,116.3032,37.4674,德州市,儿童乐园,颗粒物(PM10),51,51,56,19,22,147,81,133,115,22,26,9,12,0.6,0.6
2023-10-02T22:00:00,1624A,116.2991,37.4451,德州市,监理站,,47,47,54,17,19,140,73,125,104,34,39,12,14,0.5,0.5
2023-10-02T22:00:00,1625A,115.9848,36.4372,聊城市,区政府,颗粒物(PM10),66,81,56,33,27,124,24,109,78,74,40,3,6,0.6,0.5
2023-10-02T22:00:00,1628A,118.0062,37.3803,滨州市,市环保局,,38,38,55,17,27,158,110,142,133,24,36,9,12,0.5,0.6
2023-10-02T22:00:00,1629A,118.0018,37.3617,滨州市,第二水厂,,46,46,66,8,28,171,121,155,146,29,45,10,12,0.6,0.6
2023-10-02T22:00:00,1630A,117.9776,37.393,滨州市,北中新校,,41,41,52,12,24,161,97,144,127,28,36,8,11,0.7,0.8
2023-10-02T22:00:00,1631A,118.0414,36.8103,淄博市,人民公园,颗粒物(PM10),62,73,62,34,32,158,77,144,122,42,44,8,12,0.7,0.8
2023-10-02T22:00:00,1633A,117.8525,36.4847,淄博市,双山,,34,34,35,16,15,146,68,130,111,30,22,11,9,0.4,0.4
2023-10-02T22:00:00,1634A,117.9592,36.6331,淄博市,气象站,,33,33,35,17,17,150,92,136,119,17,23,10,9,0.1,0.4
2023-10-02T22:00:00,1635A,118.3092,36.8194,淄博市,莆田园,,48,48,55,19,23,175,82,152,116,29,30,23,17,0.6,1.2
2023-10-02T22:00:00,1637A,117.558,34.8438,枣庄市,市中区政府,颗粒物(PM10),69,88,51,36,21,126,39,117,94,51,31,6,12,0.3,0.3
2023-10-02T22:00:00,1638A,117.2852,34.7837,枣庄市,薛城环保局,,49,49,45,27,18,127,76,115,95,32,27,4,6,0.4,0.5
2023-10-02T22:00:00,1639A,117.5852,34.7745,枣庄市,峄城区政府,颗粒物(PM10),57,63,45,27,13,135,61,122,99,30,22,7,9,0.5,0.4
2023-10-02T22:00:00,1640A,117.7276,34.5578,枣庄市,台儿庄区环保局,颗粒物(PM10),86,122,46,51,19,119,16,108,72,66,30,9,8,0.6,0.5
2023-10-02T22:00:00,1641A,117.4518,35.0992,枣庄市,山亭区环保局,,44,44,30,20,16,143,73,128,110,26,18,9,9,0.6,0.5
2023-10-02T22:00:00,1642A,121.2514,37.5639,烟台市,开发区,,24,17,36,5,13,82,75,69,69,16,34,9,10,0.5,0.6
2023-10-02T22:00:00,1643A,121.3719,37.5433,烟台市,轴承厂,,31,19,28,6,13,124,98,115,107,8,18,4,5,0.2,0.3
2023-10-02T22:00:00,1644A,121.3181,37.5436,烟台市,西郊化工站,,31,22,33,8,12,125,97,116,105,13,20,4,5,0.5,0.6
2023-10-02T22:00:00,1645A,121.4478,37.4822,烟台市,莱山环保局,,28,22,26,9,10,127,88,120,108,11,14,5,7,0.4,0.4
2023-10-02T22:00:00,1646A,121.2611,37.4967,烟台市,福山环保局,,,36,38,9,14,115,56,108,90,,26,,3,0.3,0.4
2023-10-02T22:00:00,1650A,119.1437,36.7023,潍坊市,环保局,,,,,,,,,,,,,,,,
2023-10-02T22:00:00,1653A,116.6251,35.4302,济宁市,火炬城,颗粒物(PM10),53,55,46,12,14,118,38,103,90,40,27,9,13,0.5,0.3
2023-10-02T22:00:00,1655A,116.5491,35.4042,济宁市,电化厂,颗粒物(PM10),55,60,55,27,22,110,44,94,78,33,24,5,9,0.5,0.5
2023-10-02T22:00:00,1656A,117.1437,36.1937,泰安市,监测站,颗粒物(PM10),53,56,47,23,22,137,84,125,109,23,26,12,10,0.3,0.6
2023-10-02T22:00:00,1657A,117.0885,36.2017,泰安市,人口学校,,41,41,31,12,15,143,88,134,117,19,19,10,9,0.5,0.5
2023-10-02T22:00:00,1658A,117.1089,36.1758,泰安市,电力学校,颗粒物(PM10),58,66,57,24,24,144,69,132,108,32,32,12,10,0.3,0.4
2023-10-02T22:00:00,1659A,119.471,35.4209,日照市,监测站,,27,27,34,13,13,132,79,123,115,30,35,8,10,1.1,0.9
2023-10-02T22:00:00,1660A,119.523,35.4216,日照市,市政府广场,,35,27,29,6,11,146,110,140,136,31,31,11,8,0.8,0.7
2023-10-02T22:00:00,1661A,119.5587,35.4044,日照市,港务局,颗粒物(PM10),51,51,38,12,14,149,110,139,136,36,45,12,11,0.8,0.8
2023-10-02T22:00:00,1662A,122.1214,37.4236,威海市,华夏技校,,28,22,12,12,6,100,87,94,90,12,14,2,3,0.3,0.2
2023-10-02T22:00:00,1663A,122.0508,37.5236,威海市,山大分校,,30,17,18,5,6,119,95,108,99,8,9,4,5,0.3,0.3
2023-10-02T22:00:00,1664A,122.1067,37.5072,威海市,市监测站,,25,17,15,5,6,102,78,96,88,21,16,6,6,0.5,0.4
2023-10-02T22:00:00,1666A,118.6614,37.4309,东营市,市环保局,,46,31,60,14,34,225,146,187,180,13,45,8,23,0.5,0.7
2023-10-02T22:00:00,1669A,113.5824,24.7733,韶关市,市八中,,30,30,38,20,23,130,62,102,87,14,6,21,14,1.0,0.9
2023-10-02T22:00:00,1671A,113.5917,24.7972,韶关市,园林处,,40,36,35,28,29,135,50,108,90,17,5,36,12,1.1,0.8
2023-10-02T22:00:00,1672A,113.6735,24.7791,韶关市,韶关学院,细颗粒物(PM2.5),59,56,41,42,30,151,36,113,90,14,8,11,14,0.9,0.9
2023-10-02T22:00:00,1673A,113.5971,24.6863,韶关市,曲江监测站,,30,30,36,17,23,113,40,98,77,10,7,7,11,0.6,0.7
2023-10-02T22:00:00,1674A,116.6794,23.3667,汕头市,金平子站,,47,47,32,11,12,162,100,144,130,7,8,5,5,0.6,0.6
2023-10-02T22:00:00,1675A,116.7244,23.3633,汕头市,龙湖子站,,41,41,32,7,10,158,101,141,128,8,8,6,6,0.6,0.7
2023-10-02T22:00:00,1676A,116.7258,23.2775,汕头市,濠江子站,,32,30,31,7,9,157,100,138,123,6,7,7,8,0.4,0.5
2023-10-02T22:00:00,1677A,116.7519,23.4714,汕头市,澄海子站,,41,41,35,14,13,154,93,139,124,14,10,10,9,0.4,0.5
2023-10-02T22:00:00,1678A,116.6092,23.2539,汕头市,潮阳子站,,36,36,35,3,6,158,101,144,128,3,4,8,8,0.6,0.6
2023-10-02T22:00:00,1680A,110.3539,21.2706,湛江市,湛江影剧院,,30,30,27,15,15,101,76,91,87,8,6,6,8,0.7,0.6
2023-10-02T22:00:00,1681A,110.3928,21.2228,湛江市,市环境监测站,,,,,,,,,,,,,,,,
2023-10-02T22:00:00,1682A,110.4019,21.1997,湛江市,环保局宿舍,,33,33,24,14,16,95,77,88,88,6,7,4,5,1.0,0.8
2023-10-02T22:00:00,1683A,110.4111,21.2028,湛江市,霞山游泳场,,33,33,26,14,15,94,83,90,90,4,6,5,5,0.6,0.6
2023-10-02T22:00:00,1684A,110.3316,21.2679,湛江市,麻章区环保局,,30,30,29,6,20,97,78,86,86,8,11,6,7,0.6,0.6
2023-10-02T22:00:00,1685A,110.4558,21.2567,湛江市,坡头区环保局,,26,25,26,12,14,104,83,94,93,4,6,4,6,0.6,0.6
2023-10-02T22:00:00,1686A,111.0286,21.4688,茂名市,电白南海,,36,36,37,22,22,117,75,102,88,7,9,8,9,0.8,0.9
2023-10-02T22:00:00,1687A,110.9294,21.6533,茂名市,茂石化七小,,,,31,,16,101,64,94,85,,9,5,9,,0.7
2023-10-02T22:00:00,1688A,110.9107,21.6687,茂名市,健康路,,36,36,27,12,11,109,70,100,92,10,9,5,9,0.6,0.6
2023-10-02T22:00:00,1689A,110.8592,21.6828,茂名市,高岭,,39,36,35,27,24,111,71,98,92,11,11,4,8,0.6,0.7
2023-10-02T22:00:00,1690A,116.1231,24.3284,梅州市,梅江月梅,,,26,18,13,10,102,,92,86,24,12,3,3,0.9,0.8
2023-10-02T22:00:00,1691A,116.0797,24.2719,梅州市,梅县新城,,20,20,17,12,11,99,42,86,70,15,9,6,6,0.9,0.8
2023-10-02T22:00:00,1692A,116.1248,24.2654,梅州市,环境监控中心,,24,24,18,12,10,100,29,97,70,19,11,9,7,0.8,0.7
2023-10-02T22:00:00,1693A,115.3653,22.775,汕尾市,市环保局,,40,22,32,16,16,149,127,140,139,6,5,3,3,0.7,0.7
2023-10-02T22:00:00,1694A,115.3706,22.7898,汕尾市,市政府,,43,22,30,19,14,157,136,148,147,6,6,7,6,0.6,0.7
2023-10-02T22:00:00,1695A,115.3622,22.7925,汕尾市,新城中学,,37,35,37,18,16,134,118,126,125,5,4,8,8,0.7,0.7
2023-10-02T22:00:00,1696A,114.6778,23.7569,河源市,源西,,24,24,19,16,15,84,17,77,56,27,12,4,4,0.9,0.8
2023-10-02T22:00:00,1697A,114.6944,23.7586,河源市,东埔,,44,44,28,22,16,87,30,81,64,23,10,5,5,1.0,0.8
2023-10-02T22:00:00,1698A,114.6892,23.7233,河源市,老城,,15,14,20,10,12,91,29,83,64,14,8,4,4,0.8,0.8
2023-10-02T22:00:00,1699A,111.9797,21.8593,阳江市,鸳鸯湖,,31,31,28,15,18,102,78,96,89,4,5,7,8,0.7,0.8
2023-10-02T22:00:00,1701A,111.9491,21.8658,阳江市,马南垌,,31,31,29,17,17,103,79,94,86,3,6,5,6,0.6,0.6
2023-10-02T22:00:00,1702A,113.0426,23.691,清远市,环保大楼,,19,19,14,12,12,98,35,93,78,15,7,7,7,0.8,0.6
2023-10-02T22:00:00,1703A,113.0208,23.7106,清远市,凤城街办,,22,22,15,11,9,91,41,90,71,12,11,7,8,0.7,0.6
2023-10-02T22:00:00,1705A,116.6367,23.6719,潮州市,西园路,,37,37,37,17,19,160,102,144,137,7,9,4,5,0.4,0.5
2023-10-02T22:00:00,1706A,116.6447,23.6706,潮州市,档案局,,34,33,35,11,13,174,108,159,146,6,9,7,10,0.5,0.7
2023-10-02T22:00:00,1708A,116.3701,23.5345,揭阳市,新兴,,39,39,32,18,20,142,97,124,118,9,6,8,8,0.6,0.7
2023-10-02T22:00:00,1709A,116.3264,23.5443,揭阳市,西马,,45,45,36,16,18,148,101,121,120,8,7,7,7,0.7,0.8
2023-10-02T22:00:00,1710A,116.3611,23.5626,揭阳市,东兴,,40,40,36,17,16,148,103,123,120,10,10,5,6,0.7,0.8
2023-10-02T22:00:00,1711A,116.4151,23.5294,揭阳市,渔湖,,34,34,34,20,17,149,96,131,122,11,10,5,6,0.6,0.7
2023-10-02T22:00:00,1712A,112.0392,22.9169,云浮市,新市府,,37,37,28,20,18,120,74,103,96,6,4,5,5,0.9,0.8
2023-10-02T22:00:00,1714A,112.0539,22.9539,云浮市,牧羊,,42,42,37,19,20,115,92,110,108,14,11,10,8,0.6,0.6
2023-10-02T22:00:00,1715A,102.575,24.3711,玉溪市,东风水库,,28,28,16,13,11,55,38,49,44,8,8,6,6,0.8,0.7
2023-10-02T22:00:00,1718A,115.4208,35.2464,菏泽市,气象局,颗粒物(PM10),67,83,55,27,20,135,53,116,97,36,30,5,4,0.3,0.3
2023-10-02T22:00:00,1719A,115.4747,35.2375,菏泽市,市政协,颗粒物(PM10),64,78,50,31,23,132,52,115,96,37,25,4,5,0.3,0.3
2023-10-02T22:00:00,1721A,113.3819,40.1097,大同市,果树场,,,,,,,,,,,,,,,,
2023-10-02T22:00:00,1723A,113.2994,40.0758,大同市,云冈宾馆,颗粒物(PM10),68,86,92,28,28,109,48,95,82,59,50,27,16,0.6,0.9
2023-10-02T22:00:00,1724A,113.3444,40.0917,大同市,大同大学,颗粒物(PM10),73,95,76,25,28,105,36,92,82,64,42,17,19,0.7,0.7
2023-10-02T22:00:00,1725A,113.2661,40.1269,大同市,安家小村,颗粒物(PM10),61,72,84,25,28,113,82,102,98,20,31,33,23,0.4,0.7
2023-10-02T22:00:00,1726A,113.2711,40.0844,大同市,教育学院,颗粒物(PM10),77,104,108,25,35,106,60,93,79,48,56,30,18,0.7,1.2
2023-10-02T22:00:00,1727A,113.1147,36.1547,长治市,清华站,,32,25,35,22,23,93,59,76,72,21,21,7,9,0.7,0.9
2023-10-02T22:00:00,1728A,113.1031,36.1989,长治市,监测站,,42,29,31,29,24,91,59,80,76,29,26,7,8,1.0,1.1
2023-10-02T22:00:00,1730A,113.0886,36.2125,长治市,审计局,,35,32,29,24,23,88,55,76,71,25,22,8,9,0.8,0.7
2023-10-02T22:00:00,1731A,113.0844,36.1856,长治市,长治八中,,38,38,35,20,18,90,58,80,73,24,22,11,12,0.6,0.7
2023-10-02T22:00:00,1733A,111.5531,36.0783,临汾市,临钢医院,,47,47,36,23,17,83,27,64,62,37,21,10,11,1.1,0.7
2023-10-02T22:00:00,1734A,111.5028,36.0714,临汾市,技工学校,颗粒物(PM10),53,56,33,36,22,80,30,70,62,49,26,12,12,1.3,0.8
2023-10-02T22:00:00,1736A,111.5018,36.0855,临汾市,市委,"颗粒物(PM10),细颗粒物(PM2.5)",54,58,38,38,24,84,32,75,67,52,25,12,12,1.2,0.9
2023-10-02T22:00:00,1738A,113.5758,37.8572,阳泉市,市中心,颗粒物(PM10),74,98,61,43,26,117,33,100,81,67,53,12,19,1.2,1.1
2023-10-02T22:00:00,1739A,113.4894,37.8731,阳泉市,赛鱼,颗粒物(PM10),66,82,64,39,28,138,27,113,76,56,46,9,12,0.9,0.7
2023-10-02T22:00:00,1740A,113.5819,37.8486,阳泉市,南庄,颗粒物(PM10),82,113,82,40,31,118,44,105,86,40,40,10,19,1.1,1
2023-10-02T22:00:00,1742A,113.5614,37.8703,阳泉市,平坦,颗粒物(PM10),79,107,66,45,32,124,28,106,89,70,48,10,13,1.1,0.9
2023-10-02T22:00:00,1743A,113.5158,37.8392,阳泉市,大阳泉,,,82,54,37,28,141,53,113,101,,27,8,12,0.9,0.7
2023-10-02T22:00:00,1744A,118.9233,42.2816,赤峰市,松山一中,,35,26,40,17,15,132,110,117,115,19,32,13,13,0.3,0.4
2023-10-02T22:00:00,1745A,118.9576,42.2728,赤峰市,哈达街,,33,30,34,14,14,120,105,111,110,18,28,17,16,0.4,0.4
2023-10-02T22:00:00,1746A,118.8788,42.2554,赤峰市,天义路,,38,22,28,18,12,144,120,130,128,12,22,14,18,0.4,0.4
2023-10-02T22:00:00,1748A,123.044,41.1196,鞍山市,深沟寺,,42,32,26,15,14,133,133,124,124,9,14,6,8,0.7,0.9
2023-10-02T22:00:00,1749A,123.011,41.0931,鞍山市,太阳城,,42,34,31,13,13,133,133,118,118,11,19,9,11,0.6,0.8
2023-10-02T22:00:00,1750A,123.0485,41.1442,鞍山市,太平,,42,36,42,16,18,133,133,120,120,11,25,10,12,0.7,1
2023-10-02T22:00:00,1751A,122.9642,41.0971,鞍山市,铁西三道街,,49,49,44,16,16,123,115,114,114,24,27,12,12,1.4,1.1
2023-10-02T22:00:00,1752A,122.9341,41.0833,鞍山市,铁西工业园区,,50,50,45,21,17,130,110,117,117,21,23,14,15,1.1,1
2023-10-02T22:00:00,1753A,123.022,41.0821,鞍山市,明达新区,,40,35,30,14,14,128,128,120,120,13,18,7,10,0.6,0.8
2023-10-02T22:00:00,1754A,123.1289,41.0228,鞍山市,千山,,,,,,,,,,,,,,,,
2023-10-02T22:00:00,1755A,123.7977,41.8491,抚顺市,望花区,颗粒物(PM10),63,76,54,28,21,113,30,90,73,51,32,28,15,0.8,0.6
2023-10-02T22:00:00,1756A,123.9161,41.8822,抚顺市,顺城区,颗粒物(PM10),66,81,51,38,24,105,9,84,61,63,33,9,9,1.1,0.8
2023-10-02T22:00:00,1757A,124.0436,41.8611,抚顺市,东洲区,细颗粒物(PM2.5),54,46,31,38,20,118,57,97,85,15,16,11,11,0.9,0.8
2023-10-02T22:00:00,1758A,123.9247,41.8642,抚顺市,新抚区,颗粒物(PM10),65,79,41,42,20,108,4,85,64,53,23,10,11,1.1,0.7
2023-10-02T22:00:00,1759A,124.0972,41.8961,抚顺市,大伙房水库,,38,28,28,26,15,115,40,99,83,19,12,8,9,0.8,0.7
2023-10-02T22:00:00,1760A,123.7086,41.8391,抚顺市,沈抚新城,颗粒物(PM10),61,71,52,29,25,118,63,98,88,24,25,16,19,0.7,0.7
2023-10-02T22:00:00,1761A,123.8275,41.3064,本溪市,大峪,,40,40,37,14,15,101,40,92,80,37,31,7,11,0.7,1.2
2023-10-02T22:00:00,1762A,123.7567,41.3325,本溪市,溪湖,颗粒物(PM10),55,60,58,26,22,110,33,98,76,45,31,13,15,1.6,1.6
2023-10-02T22:00:00,1763A,123.7169,41.3094,本溪市,彩屯,颗粒物(PM10),60,69,77,25,38,105,39,93,66,36,37,11,13,2.0,3
2023-10-02T22:00:00,1764A,123.7669,41.2864,本溪市,东明,颗粒物(PM10),67,83,57,46,26,104,8,96,70,80,40,9,16,1.8,1.4
2023-10-02T22:00:00,1765A,123.7992,41.2664,本溪市,新立屯,,31,31,28,13,12,105,38,85,56,52,31,10,12,0.6,0.7
2023-10-02T22:00:00,1766A,123.8142,41.3472,本溪市,威宁,颗粒物(PM10),59,68,52,21,18,100,19,85,63,45,26,6,7,0.9,0.9
2023-10-02T22:00:00,1767A,121.1115,41.0879,锦州市,南山,,45,45,44,27,28,163,92,140,134,33,26,10,15,0.8,0.7
2023-10-02T22:00:00,1768A,121.0533,40.8434,锦州市,开发区,颗粒物(PM10),53,56,85,24,29,168,107,154,146,28,43,16,30,0.8,0.9
2023-10-02T22:00:00,1769A,121.1836,41.1119,锦州市,百股街道,,38,38,36,24,17,176,109,153,149,27,26,12,13,0.9,0.8
2023-10-02T22:00:00,1770A,121.1178,41.1222,锦州市,天安街道,,50,50,49,30,33,159,92,137,132,33,27,14,18,1.2,0.9
2023-10-02T22:00:00,1771A,121.1303,41.1386,锦州市,北湖公园,,43,43,49,27,19,159,97,141,136,29,26,12,15,0.8,0.7
2023-10-02T22:00:00,1772A,126.54,43.8622,吉林市,哈达湾,细颗粒物(PM2.5),60,62,26,43,14,90,13,82,52,59,26,8,7,0.8,0.5
2023-10-02T22:00:00,1773A,126.5844,43.8358,吉林市,东局子,,47,47,23,19,11,91,4,80,52,64,25,7,7,0.8,0.5
2023-10-02T22:00:00,1774A,126.5052,43.8245,吉林市,电力学院,"颗粒物(PM10),细颗粒物(PM2.5)",63,76,40,45,22,93,6,84,44,48,25,9,8,0.9,0.6
2023-10-02T22:00:00,1775A,126.6133,43.8972,吉林市,江北,,35,35,33,15,13,85,34,77,54,25,21,9,10,0.7,0.5
2023-10-02T22:00:00,1776A,126.555,43.8306,吉林市,江南公园,,32,32,23,12,11,86,30,78,55,37,23,6,7,0.6,0.5
2023-10-02T22:00:00,1778A,126.7061,43.7133,吉林市,丰满,,,,,,,,,,,,,,,,
2023-10-02T22:00:00,1779A,123.9305,47.3636,齐齐哈尔市,安居小区,,46,46,29,18,13,80,51,65,44,22,17,5,5,0.3,0.2
2023-10-02T22:00:00,1780A,123.9488,47.3386,齐齐哈尔市,中心广场,,26,20,17,18,11,76,60,66,63,11,12,2,2,0.5,0.4
2023-10-02T22:00:00,1781A,123.9483,47.3227,齐齐哈尔市,农牧车辆厂,,34,34,26,12,8,75,59,64,59,8,13,6,6,0.3,0.3
2023-10-02T22:00:00,1783A,123.945,47.2988,齐齐哈尔市,市环境监测站,细颗粒物(PM2.5),57,23,23,40,12,76,67,67,64,9,12,5,4,0.3,0.2
2023-10-02T22:00:00,1784A,129.61,44.561,牡丹江市,环保大楼,,43,43,25,27,15,86,25,78,57,32,17,5,5,0.5,0.4
2023-10-02T22:00:00,1785A,129.6115,44.5782,牡丹江市,文化广场,,49,49,32,26,18,84,18,73,47,41,21,5,5,0.6,0.3
2023-10-02T22:00:00,1786A,129.5904,44.5963,牡丹江市,第一医院,,40,40,33,28,21,83,20,71,45,32,18,6,6,0.5,0.4
2023-10-02T22:00:00,1787A,129.6364,44.6075,牡丹江市,机车工厂,,46,46,38,22,14,82,27,72,53,27,14,5,6,0.6,0.5
2023-10-02T22:00:00,1788A,129.6386,44.5462,牡丹江市,第一中学,,38,35,27,26,16,87,31,79,57,21,15,5,5,0.3,0.3
2023-10-02T22:00:00,1789A,124.81117,46.03138,大庆市,大同区,,27,27,23,9,12,82,35,75,54,29,14,6,6,0.5,0.4
2023-10-02T22:00:00,1790A,125.129,46.533,大庆市,龙凤区,颗粒物(PM10),64,78,33,29,14,74,4,62,34,59,24,6,5,0.8,0.5
2023-10-02T22:00:00,1791A,124.902,46.408,大庆市,红岗区,,36,36,19,15,11,80,15,71,48,40,15,4,4,0.5,0.3
2023-10-02T22:00:00,1792A,125.153,46.586,大庆市,萨尔图区,,42,42,29,16,11,69,28,56,39,45,23,8,9,0.4,0.3
2023-10-02T22:00:00,1793A,124.9042,46.6215,大庆市,让胡路区,,38,38,24,14,13,80,4,66,34,56,20,5,5,0.6,0.3
2023-10-02T22:00:00,1794A,118.3606,31.3519,芜湖市,监测站,,33,33,32,14,10,98,86,91,90,23,18,9,8,0.4,0.4
2023-10-02T22:00:00,1795A,118.3714,31.4134,芜湖市,科创中心,,37,37,34,15,12,97,86,92,90,19,20,8,7,0.5,0.4
2023-10-02T22:00:00,1796A,118.3673,31.3131,芜湖市,四水厂,,49,49,34,11,9,99,85,91,89,16,10,6,6,0.6,0.6
2023-10-02T22:00:00,1798A,118.5092,31.6837,马鞍山市,湖东路四小,,32,32,25,15,10,85,57,78,72,24,21,7,8,0.5,0.5
2023-10-02T22:00:00,1799A,118.5024,31.6449,马鞍山市,开发区,,25,25,28,14,10,86,74,83,82,13,14,9,9,0.7,0.7
2023-10-02T22:00:00,1800A,118.5228,31.7231,马鞍山市,慈湖,,30,30,29,18,16,89,66,84,82,21,17,7,8,0.7,0.7
2023-10-02T22:00:00,1802A,118.6245,31.7241,马鞍山市,濮塘,,25,25,25,15,14,91,58,84,72,13,9,5,7,0.7,0.6
2023-10-02T22:00:00,1803A,115.9872,29.6815,九江市,十里,颗粒物(PM10),52,54,47,27,22,110,76,100,92,17,15,9,10,0.7,0.8
2023-10-02T22:00:00,1804A,115.9584,29.7046,九江市,茅山头,,50,50,43,27,26,106,64,92,84,22,22,10,11,0.7,0.8
2023-10-02T22:00:00,1805A,115.9877,29.7295,九江市,西园,颗粒物(PM10),53,56,45,30,23,117,72,101,92,24,23,9,10,0.8,0.9
2023-10-02T22:00:00,1806A,116.0172,29.6547,九江市,五七二七厂,颗粒物(PM10),51,51,39,25,22,114,66,100,92,15,12,15,12,0.8,0.8
2023-10-02T22:00:00,1808A,115.9114,29.6038,九江市,综合工业园,,45,45,45,26,23,119,74,107,98,25,25,15,13,0.7,0.8
2023-10-02T22:00:00,1809A,116.0721,29.7535,九江市,石化总厂,颗粒物(PM10),52,54,46,29,23,108,66,95,86,23,22,7,10,0.9,0.9
2023-10-02T22:00:00,1810A,115.9773,29.5698,九江市,庐山气象台,,26,18,27,9,18,98,81,92,84,2,5,7,7,1.3,0.9
2023-10-02T22:00:00,1812A,112.3931,34.6516,洛阳市,市委党校,,43,30,18,30,17,87,49,83,61,14,11,2,3,0.5,0.4
2023-10-02T22:00:00,1814A,112.4657,34.6871,洛阳市,豫西宾馆,,42,27,14,29,18,80,43,74,58,22,13,1,2,0.8,0.7
2023-10-02T22:00:00,1815A,112.494,34.6886,洛阳市,河南林校,,33,24,13,23,15,76,37,72,56,20,11,2,2,0.5,0.3
2023-10-02T22:00:00,1816A,112.3844,34.623,洛阳市,开发区管委会,,32,30,18,22,14,81,43,76,60,17,12,3,3,0.2,0.2
2023-10-02T22:00:00,1817A,112.4267,34.6258,洛阳市,市委新办公区,,36,30,19,25,16,81,44,72,57,16,9,3,2,0.6,0.2
2023-10-02T22:00:00,1818A,114.4839,36.0621,安阳市,棉研所,,,,,,,,,,,,,,,,
2023-10-02T22:00:00,1819A,114.3551,36.1017,安阳市,红庙街,,41,41,41,15,14,104,66,96,90,21,22,7,9,0.7,0.6
2023-10-02T22:00:00,1820A,114.361,36.0681,安阳市,银杏小区,,40,40,41,26,21,101,62,93,88,15,16,7,9,0.5,0.4
2023-10-02T22:00:00,1824A,114.3389,34.7781,开封市,肿瘤医院,,35,35,29,23,24,97,64,84,73,13,11,5,5,0.5,0.5
2023-10-02T22:00:00,1826A,114.2885,34.7965,开封市,世纪星幼儿园,,27,27,27,18,14,89,60,81,70,21,18,5,4,0.4,0.5
2023-10-02T22:00:00,1828A,113.227,35.2125,焦作市,市环保局,,32,26,29,22,17,95,39,82,68,21,17,4,6,0.6,0.5
2023-10-02T22:00:00,1830A,113.1992,35.2590,焦作市,影视城,,,,,,,,,,,,,,,,
2023-10-02T22:00:00,1832A,113.3257,33.742,平顶山市,新华旅馆,,40,40,33,20,24,91,61,86,74,22,18,3,4,0.4,0.4
2023-10-02T22:00:00,1833A,113.2919,33.737,平顶山市,规划设计院,,35,21,21,24,18,91,52,82,64,16,12,5,6,0.5,0.4
2023-10-02T22:00:00,1834A,113.182,33.774,平顶山市,平顶山工学院,,32,32,23,22,13,80,57,80,68,17,15,6,6,0.4,0.3
2023-10-02T22:00:00,1835A,111.1922,34.7752,三门峡市,市政府,,30,30,13,11,8,97,37,94,56,26,14,4,5,0.6,0.4
2023-10-02T22:00:00,1836A,111.1587,34.7942,三门峡市,开发区,,40,40,19,14,13,89,25,88,56,34,15,11,6,0.4,0.3
2023-10-02T22:00:00,1838A,111.143,34.7955,三门峡市,风景区,,,,,,,,,,,,,,,,
2023-10-02T22:00:00,1840A,111.2992,30.6981,宜昌市,白龙岗,,14,9,15,2,9,75,44,63,58,23,18,6,6,0.7,0.7
2023-10-02T22:00:00,1841A,111.3549,30.6465,宜昌市,伍家岗,,21,21,19,7,11,73,44,62,56,16,15,5,5,0.6,0.6
2023-10-02T22:00:00,1842A,111.2628,30.6961,宜昌市,点军区,,22,22,23,2,9,78,62,70,68,11,13,8,8,0.6,0.6
2023-10-02T22:00:00,1843A,111.3275,30.7819,宜昌市,夷陵区,,15,12,19,7,10,77,48,63,58,19,14,5,6,0.6,0.5
2023-10-02T22:00:00,1844A,112.2494,30.3197,荆州市,市图书馆,,20,12,20,11,14,83,64,81,66,12,10,5,5,0.6,0.7
2023-10-02T22:00:00,1845A,112.2008,30.3544,荆州市,市委党校,,20,19,22,0,11,88,64,83,70,15,11,6,5,0.6,0.6
2023-10-02T22:00:00,1847A,113.1094,29.3578,岳阳市,南湖风景区,,21,21,24,12,18,64,42,59,40,9,11,7,8,0.6,0.7
2023-10-02T22:00:00,1848A,113.1493,29.4251,岳阳市,城陵矶,,17,17,24,11,14,63,40,54,38,13,15,6,6,0.6,0.7
2023-10-02T22:00:00,1849A,113.1497,29.3575,岳阳市,开发区,,35,30,30,24,24,63,39,58,35,8,12,8,8,0.6,0.7
2023-10-02T22:00:00,1850A,113.2621,29.4758,岳阳市,云溪区,,22,22,27,13,17,59,33,56,37,15,17,9,8,0.6,0.7
2023-10-02T22:00:00,1851A,112.9943,29.4402,岳阳市,君山区,,26,14,24,18,23,67,44,56,44,15,12,5,4,0.4,0.6
2023-10-02T22:00:00,1852A,113.2117,29.355,岳阳市,金凤水库,,38,28,25,26,18,74,51,65,54,8,6,3,4,0.6,0.7
2023-10-02T22:00:00,1854A,111.6975,28.9703,常德市,市二中,,18,16,21,7,11,80,56,78,63,9,8,6,6,0.6,0.6
2023-10-02T22:00:00,1857A,111.7158,29.1456,常德市,白鹤山,,16,10,12,6,4,84,50,84,60,2,2,3,3,0.4,0.4
2023-10-02T22:00:00,1858A,110.5319,29.1217,张家界市,永定新区,,22,22,26,9,13,78,60,70,61,8,9,5,6,0.6,0.6
2023-10-02T22:00:00,1859A,110.4697,29.1242,张家界市,电业局,,21,21,22,11,17,75,52,69,57,8,9,7,7,0.6,0.6
2023-10-02T22:00:00,1860A,110.5594,29.3547,张家界市,未央路,,20,20,22,10,10,67,43,61,49,9,9,3,3,0.6,0.6
2023-10-02T22:00:00,1861A,110.4417,29.315,张家界市,袁家界,,,7,8,,5,92,70,89,67,4,5,9,9,0.7,0.7
2023-10-02T22:00:00,1862A,110.4144,25.3167,桂林市,电子科大尧山校区,,46,46,45,28,34,84,35,72,56,5,5,4,4,0.8,0.8
2023-10-02T22:00:00,1863A,110.2819,25.2697,桂林市,监测站,,34,34,46,19,29,103,52,90,78,14,10,5,8,0.8,0.7
2023-10-02T22:00:00,1864A,110.3089,25.2708,桂林市,龙隐路小学,,36,28,41,25,32,107,49,89,78,12,8,6,8,0.8,0.8
2023-10-02T22:00:00,1865A,110.2869,25.2178,桂林市,八中,,40,38,42,28,31,94,50,84,74,14,11,8,7,0.6,0.6
2023-10-02T22:00:00,1866A,109.2262,21.588,北海市,牛尾岭水库,,20,20,22,11,14,100,46,87,69,8,7,11,7,0.6,0.6
2023-10-02T22:00:00,1867A,109.1436,21.4086,北海市,海滩公园,,25,19,25,10,10,98,80,91,83,5,6,4,4,0.8,0.8
2023-10-02T22:00:00,1868A,109.0981,21.4661,北海市,新市环保局,,23,14,26,12,16,107,73,92,80,6,8,4,5,0.6,0.6
2023-10-02T22:00:00,1869A,109.1778,21.5233,北海市,北海工业园,,22,22,35,15,20,114,65,94,80,8,11,5,6,0.6,0.6
2023-10-02T22:00:00,1870A,109.4856,24.3895,柳州市,柳东小学,,33,30,31,23,26,94,50,83,74,10,9,8,9,0.5,0.5
2023-10-02T22:00:00,1871A,109.4157,24.3277,柳州市,环保监测站,细颗粒物(PM2.5),59,28,31,42,30,95,49,86,77,16,9,8,6,0.7,0.7
2023-10-02T22:00:00,1872A,109.389,24.341,柳州市,河西水厂,,31,31,31,21,22,99,57,89,81,10,11,7,7,1.1,1
2023-10-02T22:00:00,1873A,109.4311,24.2921,柳州市,市四中,,33,33,30,21,20,94,50,87,78,12,11,7,8,0.9,0.9
2023-10-02T22:00:00,1874A,109.4006,24.3631,柳州市,市九中,,32,25,34,22,24,101,55,86,76,12,12,6,7,0.7,0.7
2023-10-02T22:00:00,1875A,109.4958,24.3134,柳州市,古亭山,,28,27,28,19,19,93,32,82,68,17,10,10,7,0.5,0.5
2023-10-02T22:00:00,1876A,109.5078,18.2489,三亚市,河东子站,,14,14,20,8,10,99,37,81,51,5,6,3,3,0.3,0.3
2023-10-02T22:00:00,1877A,109.4964,18.2681,三亚市,河西子站,,12,12,19,8,11,102,28,81,51,7,6,3,3,0.3,0.4
2023-10-02T22:00:00,1878A,104.7778,31.4741,绵阳市,富乐山,,17,17,28,8,19,75,22,60,56,27,12,4,4,0.7,0.6
2023-10-02T22:00:00,1879A,104.7563,31.4535,绵阳市,市人大,,,26,30,14,16,66,10,50,42,,20,10,9,0.9,0.7
2023-10-02T22:00:00,1880A,104.6697,31.4668,绵阳市,高新区自来水公司,,38,38,24,20,18,68,2,49,42,47,20,8,7,0.8,0.7
2023-10-02T22:00:00,1881A,104.7287,31.5075,绵阳市,三水厂,,36,36,33,20,22,69,1,46,39,41,21,9,8,1.0,0.7
2023-10-02T22:00:00,1882A,104.563,28.793,宜宾市,石马中学,,,,,,,,,,,,,,,,
2023-10-02T22:00:00,1883A,104.6201,28.7728,宜宾市,市委,,39,38,29,27,20,64,29,56,32,20,19,7,6,0.7,0.6
2023-10-02T22:00:00,1884A,104.6055,28.793,宜宾市,宜宾四中,,42,38,32,29,22,65,23,57,29,26,19,5,4,0.7,0.6
2023-10-02T22:00:00,1885A,104.639,28.7562,宜宾市,市政府,,40,40,30,27,21,63,38,61,39,18,18,6,6,0.8,0.7
2023-10-02T22:00:00,1886A,104.5742,28.7199,宜宾市,黄金嘴,,33,31,24,23,16,62,32,61,36,18,14,9,8,0.6,0.5
2023-10-02T22:00:00,1888A,101.6891,26.571,攀枝花市,弄弄坪,,27,27,20,11,7,66,15,56,45,26,12,7,8,0.8,0.6
2023-10-02T22:00:00,1889A,101.5769,26.5928,攀枝花市,河门口,,48,48,22,22,11,74,27,61,51,20,16,23,15,0.9,0.9
2023-10-02T22:00:00,1890A,101.7169,26.585,攀枝花市,炳草岗,颗粒物(PM10),62,74,20,32,8,69,7,64,51,48,13,17,9,1.0,0.6
2023-10-02T22:00:00,1891A,101.7369,26.5008,攀枝花市,仁和,,40,40,13,27,9,54,22,47,41,17,8,5,5,0.7,0.6
2023-10-02T22:00:00,1893A,105.4324,28.9634,泸州市,九狮山,,45,45,31,25,16,38,2,24,18,22,16,6,5,0.5,0.4
2023-10-02T22:00:00,1894A,105.4427,28.9063,泸州市,小市上码头,颗粒物(PM10),54,57,49,32,27,46,11,34,29,36,21,10,6,0.8,0.6
2023-10-02T22:00:00,1895A,105.4241,28.8573,泸州市,兰田宪桥,颗粒物(PM10),52,54,53,33,32,39,10,31,25,23,14,5,10,0.7,0.6
2023-10-02T22:00:00,1896A,105.4379,28.8833,泸州市,市环监站,,50,50,49,24,23,31,15,27,21,30,23,5,8,0.6,0.6
2023-10-02T22:00:00,1901A,104.4239,31.1208,德阳市,东山公园,,43,43,48,20,20,70,37,62,59,20,15,2,2,0.6,0.5
2023-10-02T22:00:00,1902A,104.3826,31.1317,德阳市,西小区,,41,41,40,24,19,66,32,57,52,30,18,1,2,0.7,0.6
2023-10-02T22:00:00,1904A,104.3553,31.1091,德阳市,耐火材料厂,颗粒物(PM10),64,77,48,22,21,64,6,54,46,39,20,3,4,0.8,0.6
2023-10-02T22:00:00,1905A,106.056,30.8064,南充市,西山风景区,,28,28,14,6,5,46,29,40,38,6,5,3,2,0.5,0.5
2023-10-02T22:00:00,1906A,106.0789,30.8023,南充市,南充市委,,22,20,18,15,16,46,30,40,39,15,12,4,2,0.5,0.5
2023-10-02T22:00:00,1907A,106.1031,30.8217,南充市,南充炼油厂,,24,24,23,8,6,46,31,40,38,11,8,3,2,0.4,0.4
2023-10-02T22:00:00,1908A,106.1064,30.7856,南充市,高坪区监测站,,15,15,12,3,8,48,31,40,39,12,11,6,2,0.3,0.3
2023-10-02T22:00:00,1909A,106.0642,30.7636,南充市,嘉陵区环保局,,23,23,20,14,7,39,24,34,32,17,12,4,3,0.3,0.3
2023-10-02T22:00:00,1910A,106.1087,30.8388,南充市,市环境监测站,,18,18,16,8,11,45,31,39,37,11,9,3,3,0.3,0.3
2023-10-02T22:00:00,1911A,106.9222,27.6869,遵义市,丁字口,,41,41,23,22,15,101,42,84,68,16,13,6,5,0.9,0.7
2023-10-02T22:00:00,1912A,106.9242,27.7019,遵义市,凤凰山,,38,34,20,26,19,106,50,93,79,9,6,7,7,0.8,0.6
2023-10-02T22:00:00,1913A,106.8906,27.6486,遵义市,忠庄,,45,45,23,25,16,105,46,87,68,10,7,4,2,0.6,0.5
2023-10-02T22:00:00,1914A,106.9231,27.6506,遵义市,舟水桥,,41,41,21,25,19,106,42,89,71,13,10,5,2,0.7,0.4
2023-10-02T22:00:00,1915A,106.9178,27.72,遵义市,干田坝,,42,33,21,29,15,111,43,93,73,8,7,6,6,0.8,0.7
2023-10-02T22:00:00,1916A,103.7897,25.5035,曲靖市,环境监测站,,23,23,15,13,7,62,45,54,54,15,8,4,3,0.8,0.6
2023-10-02T22:00:00,1917A,103.8,25.5364,曲靖市,烟厂办公区,,22,22,12,9,7,66,51,58,58,12,7,4,4,0.6,0.5
2023-10-02T22:00:00,1918A,108.7197,34.3956,咸阳市,气象站,,,,,,,,,,,,,,,,
2023-10-02T22:00:00,1919A,108.673,34.3155,咸阳市,实验中学,,26,24,22,18,16,67,31,63,51,25,11,2,2,0.7,0.6
2023-10-02T22:00:00,1920A,108.7233,34.3617,咸阳市,师范学院,,30,28,21,21,16,78,22,75,51,25,10,3,3,0.5,0.3
2023-10-02T22:00:00,1922A,109.0656,35.0994,铜川市,党校,细颗粒物(PM2.5),54,42,23,38,22,92,25,92,40,42,26,9,8,0.9,0.7
2023-10-02T22:00:00,1923A,109.0697,35.0697,铜川市,王益区政府,,47,47,25,31,19,92,47,90,52,32,25,5,3,0.5,0.4
2023-10-02T22:00:00,1924A,108.9344,34.9058,铜川市,新区管委会,,36,36,28,18,17,89,63,83,79,19,15,8,5,0.6,0.6
2023-10-02T22:00:00,1926A,109.4131,36.6275,延安市,枣园,,34,34,30,13,22,66,3,52,32,35,21,7,7,0.6,0.6
2023-10-02T22:00:00,1927A,109.4761,36.6028,延安市,延大医附院,颗粒物(PM10),52,54,39,16,22,79,5,53,33,42,23,6,6,0.8,0.7
2023-10-02T22:00:00,1929A,109.5056,36.6106,延安市,百米大道,,47,47,39,15,22,78,7,62,44,44,28,7,8,0.9,0.7
2023-10-02T22:00:00,1930A,107.185,34.3063,宝鸡市,庙沟村,,19,19,16,13,13,71,52,63,57,19,15,8,8,0.5,0.6
2023-10-02T22:00:00,1931A,107.0708,34.3017,宝鸡市,竹园沟,,28,20,18,19,15,88,44,74,62,12,14,6,6,0.7,0.8
2023-10-02T22:00:00,1932A,107.1906,34.3672,宝鸡市,三陆医院,,27,27,23,17,15,86,53,80,73,22,19,8,8,0.7,0.7
2023-10-02T22:00:00,1933A,107.1431,34.3547,宝鸡市,监测站,,28,28,25,16,16,88,36,81,69,22,16,5,10,0.6,0.6
2023-10-02T22:00:00,1934A,107.1186,34.3739,宝鸡市,技工学校,,32,30,21,22,18,85,34,76,67,31,20,6,6,0.7,0.7
2023-10-02T22:00:00,1935A,107.3906,34.3528,宝鸡市,陈仓区环保局家属楼,,21,19,24,14,20,95,66,84,79,25,18,8,7,0.6,0.6
2023-10-02T22:00:00,1936A,107.2058,34.3497,宝鸡市,文理学院,,28,28,22,8,13,88,52,82,75,26,17,9,9,0.7,0.7
2023-10-02T22:00:00,1937A,107.2386,34.3622,宝鸡市,三迪小学,,30,30,24,16,20,87,59,81,74,22,17,6,6,0.6,0.6
2023-10-02T22:00:00,1938A,109.5293,34.5101,渭南市,农科所,,28,22,20,19,18,77,4,74,38,41,16,5,4,0.8,0.5
2023-10-02T22:00:00,1939A,109.4974,34.4877,渭南市,日报社,,38,27,20,26,17,84,5,81,37,47,22,5,5,0.5,0.4
2023-10-02T22:00:00,1940A,109.4636,34.493,渭南市,体育馆,,39,36,20,27,14,84,3,82,34,49,19,3,3,0.6,0.5
2023-10-02T22:00:00,1941A,109.4259,34.5023,渭南市,高新一小,,36,36,23,24,17,79,16,79,47,38,17,6,7,0.5,0.4
2023-10-02T22:00:00,1944A,102.1692,38.5167,金昌市,天庆家园,,35,35,14,12,9,126,54,119,107,42,13,10,10,0.8,0.4
2023-10-02T22:00:00,1945A,98.2908,39.7711,嘉峪关市,气象局,颗粒物(PM10),53,56,58,19,18,134,66,118,111,38,28,7,21,0.1,0.3
2023-10-02T22:00:00,1947A,106.3394,38.817,石嘴山市,沙湖旅游区,颗粒物(PM10),54,58,49,23,28,161,103,136,125,18,18,16,31,0.7,0.8
2023-10-02T22:00:00,1948A,106.3668,39.0145,石嘴山市,大武口朝阳西街,颗粒物(PM10),83,116,60,55,34,141,35,122,109,99,25,36,30,1.1,0.6
2023-10-02T22:00:00,1949A,106.7704,39.2282,石嘴山市,惠农南大街,,22,22,36,14,15,119,61,106,95,20,23,6,11,0.6,0.7
2023-10-02T22:00:00,1950A,106.7099,39.1325,石嘴山市,红果子镇惠新街,颗粒物(PM10),55,59,46,18,18,132,59,114,100,26,21,4,4,0.5,0.5
2023-10-02T22:00:00,1951A,84.895,45.6094,克拉玛依市,长征新村,,49,49,24,12,7,99,31,87,73,49,13,11,10,0.7,0.3
2023-10-02T22:00:00,1952A,84.8988,45.5893,克拉玛依市,南林小区,,46,46,23,16,12,102,11,91,70,56,17,6,5,0.8,0.3
2023-10-02T22:00:00,1954A,84.905,44.3396,克拉玛依市,独山子区,,47,47,27,21,15,129,51,112,102,42,16,5,6,0.6,0.4
2023-10-02T22:00:00,1955A,85.6979,46.098,克拉玛依市,乌尔禾区商贸楼,,36,36,21,22,10,108,52,95,86,26,8,8,7,0.4,0.3
2023-10-02T22:00:00,1956A,86.1472,41.7538,巴音郭楞州,孔雀公园,颗粒物(PM10),101,152,81,32,19,113,1,101,75,88,38,10,9,1.3,0.6
2023-10-02T22:00:00,1957A,86.1972,41.7166,巴音郭楞州,棉纺厂,颗粒物(PM10),81,111,100,35,24,113,30,103,89,58,28,6,7,0.5,0.3
2023-10-02T22:00:00,1958A,86.2357,41.7173,巴音郭楞州,经济开发区,颗粒物(PM10),95,140,89,27,17,114,52,109,94,28,14,8,9,0.4,0.3
2023-10-02T22:00:00,1961A,117.532,36.6868,济南市,东山小学,,46,46,35,17,13,162,54,143,114,46,27,5,6,0.5,0.5
2023-10-02T22:00:00,1966A,120.0405,35.8735,青岛市,黄岛区4号,颗粒物(PM10),56,61,25,24,9,164,59,157,137,62,20,7,8,0.9,0.6
2023-10-02T22:00:00,1982A,122.0693,37.2174,威海市,文登开发区,,44,44,29,12,8,110,54,103,91,23,17,7,8,0.5,0.5
2023-10-02T22:00:00,2031A,113.1817,27.9958,株洲市,云田中学,颗粒物(PM10),51,52,46,25,25,107,22,79,50,19,16,7,7,0.8,0.8
2023-10-02T22:00:00,2054A,114.1099,32.1059,信阳市,平桥分局,,28,19,25,10,15,105,87,96,90,10,11,2,2,0.7,0.7
2023-10-02T22:00:00,2064A,113.9956,32.1271,信阳市,南湾水厂,,28,19,31,9,12,102,88,95,90,10,10,3,3,0.6,0.6
2023-10-02T22:00:00,2065A,114.0775,32.1195,信阳市,市酿酒公司,,29,29,25,9,12,100,83,96,88,16,14,2,2,0.8,0.7
2023-10-02T22:00:00,2066A,114.0609,32.1399,信阳市,审计局,,29,21,25,16,11,110,90,99,93,10,11,3,3,0.8,0.8
2023-10-02T22:00:00,2067A,114.6613,33.6128,周口市,市环境监测站,颗粒物(PM10),53,56,42,32,24,82,31,82,50,26,19,8,8,0.5,0.4
2023-10-02T22:00:00,2068A,114.6758,33.6347,周口市,周口师范,,49,49,41,34,28,73,26,71,48,23,17,5,6,0.5,0.4
2023-10-02T22:00:00,2069A,114.6546,33.5979,周口市,市运管处,颗粒物(PM10),59,68,46,32,24,82,35,82,53,24,18,6,6,0.5,0.4
2023-10-02T22:00:00,2070A,114.6369,33.6406,周口市,川汇区环保局,颗粒物(PM10),53,56,38,32,25,80,37,80,49,28,24,7,9,0.4,0.4
2023-10-02T22:00:00,2075A,117.6336,24.4674,漳州市,九湖,,,,,,,,,,,,,,,,
2023-10-02T22:00:00,2160A,112.85,35.5051,晋城市,自来水公司,,24,24,33,5,11,94,56,86,79,19,16,5,6,0.8,0.8
2023-10-02T22:00:00,2161A,112.8318,35.4936,晋城市,白云商贸,,19,14,23,2,9,93,58,86,78,20,16,4,4,0.6,0.7
2023-10-02T22:00:00,2162A,112.8508,35.4887,晋城市,市环保局,,21,21,36,7,11,96,62,88,82,17,13,6,6,0.6,0.4
2023-10-02T22:00:00,2163A,112.8676,35.4897,晋城市,技术学院,,30,30,25,7,8,96,64,88,79,20,15,4,4,0.6,0.6
2023-10-02T22:00:00,2165A,112.8453,35.546,晋城市,白马寺,,,,,,,,,,,,,,,,
2023-10-02T22:00:00,2166A,112.4397,39.3522,朔州市,平朔,颗粒物(PM10),65,79,83,34,29,132,16,92,84,55,46,8,19,0.6,0.6
2023-10-02T22:00:00,2167A,112.4575,39.3617,朔州市,朔唯,颗粒物(PM10),80,110,112,25,34,125,19,89,81,59,49,8,21,0.6,0.7
2023-10-02T22:00:00,2168A,112.4258,39.3197,朔州市,区政府,颗粒物(PM10),60,69,75,26,32,128,48,93,88,38,44,7,20,0.7,0.7
2023-10-02T22:00:00,2169A,112.4072,39.3278,朔州市,市环保局,颗粒物(PM10),60,70,76,24,23,131,55,98,92,29,36,8,21,0.7,0.6
2023-10-02T22:00:00,2170A,112.4272,39.3681,朔州市,市二中,颗粒物(PM10),65,80,94,25,32,131,24,95,88,50,48,8,21,0.6,0.6
2023-10-02T22:00:00,2171A,112.7532,37.6945,晋中市,锦纶小区,颗粒物(PM10),93,136,76,51,31,92,47,77,64,56,41,17,12,1.0,0.8
2023-10-02T22:00:00,2173A,112.7249,37.7067,晋中市,南都小区,细颗粒物(PM2.5),97,137,81,72,40,86,56,73,66,41,39,16,17,1.0,0.9
2023-10-02T22:00:00,2174A,112.6991,37.6982,晋中市,榆次区政府,细颗粒物(PM2.5),92,120,78,68,40,89,42,76,63,44,42,12,16,0.9,1
2023-10-02T22:00:00,2175A,110.9956,35.0147,运城市,运城中学,,32,31,14,22,14,102,58,101,74,15,10,9,6,0.6,0.4
2023-10-02T22:00:00,2178A,110.9686,35.0303,运城市,地区技校,,35,28,18,24,11,98,44,98,69,16,10,7,5,0.5,0.8
2023-10-02T22:00:00,2179A,111.0414,35.1147,运城市,空港新区,,36,35,23,25,16,207,49,103,72,12,12,4,5,0.5,0.6
2023-10-02T22:00:00,2181A,112.7383,38.4519,忻州市,开发区,颗粒物(PM10),94,137,70,64,36,66,7,49,40,70,48,17,17,1.2,0.8
2023-10-02T22:00:00,2182A,112.7003,38.4928,忻州市,会展中心,颗粒物(PM10),80,110,70,56,35,54,8,44,32,58,40,12,15,1.4,1
2023-10-02T22:00:00,2183A,111.1406,37.5211,吕梁市,环保局,颗粒物(PM10),58,66,71,15,26,93,4,64,44,58,45,2,3,0.4,0.7
2023-10-02T22:00:00,2185A,111.1297,37.5136,吕梁市,自来水公司,颗粒物(PM10),55,59,75,21,29,98,20,63,50,57,44,5,8,0.8,0.9
2023-10-02T22:00:00,2187A,106.8174,39.6973,乌海市,市林业局,颗粒物(PM10),57,63,58,24,26,132,56,103,89,43,29,22,38,1.0,1.1
2023-10-02T22:00:00,2188A,106.7907,39.6667,乌海市,中海勃湾学校,颗粒物(PM10),78,105,53,26,22,132,9,110,90,100,30,17,28,0.7,0.8
2023-10-02T22:00:00,2191A,122.2532,43.6801,通辽市,艺术职业学校,,43,43,39,11,11,104,104,76,68,18,26,10,6,0.4,0.3
2023-10-02T22:00:00,2192A,119.7594,49.2261,呼伦贝尔市,区环保局,,29,24,29,20,22,76,60,69,66,13,21,4,4,0.4,0.5
2023-10-02T22:00:00,2195A,107.4212,40.761,巴彦淖尔市,附二中,颗粒物(PM10),63,76,71,29,27,136,73,112,99,28,35,4,7,0.6,0.6
2023-10-02T22:00:00,2196A,107.37,40.7372,巴彦淖尔市,市环保大楼,颗粒物(PM10),75,99,75,28,26,126,66,109,98,25,24,4,6,0.6,0.6
2023-10-02T22:00:00,2197A,113.1306,40.9923,乌兰察布市,集宁新区,,38,38,53,23,20,151,109,127,121,16,26,6,12,0.5,0.6
2023-10-02T22:00:00,2200A,122.0392,46.0656,兴安盟,胜华新制药厂,,46,46,32,21,17,83,50,70,59,16,18,4,3,1.6,0.4
2023-10-02T22:00:00,2201A,121.9504,46.0741,兴安盟,科右前旗环保局,颗粒物(PM10),53,55,32,25,18,81,6,70,52,48,19,4,3,0.6,0.3
2023-10-02T22:00:00,2202A,116.1042,43.9317,锡林郭勒盟,市环保监测站,,33,17,25,9,10,123,103,109,109,2,6,10,11,0.3,0.3
2023-10-02T22:00:00,2203A,116.0781,43.9311,锡林郭勒盟,市政府,,33,23,22,2,4,122,103,110,110,7,15,12,12,0.2,0.2
2023-10-02T22:00:00,2204A,105.6467,38.8363,阿拉善盟,西城区西花园,,35,33,40,24,21,131,96,123,118,18,14,10,11,0.8,0.8
2023-10-02T22:00:00,2205A,105.6985,38.8411,阿拉善盟,蒙二幼,,34,34,41,11,17,126,90,120,114,14,12,10,10,0.5,0.5
2023-10-02T22:00:00,2206A,105.724,38.8516,阿拉善盟,环保局新楼,,33,33,37,9,17,122,100,119,116,6,9,7,8,0.4,0.5
2023-10-02T22:00:00,2207A,121.6094,41.998,阜新市,工业园区,颗粒物(PM10),63,76,49,22,15,127,114,110,110,21,26,25,14,1.1,0.6
2023-10-02T22:00:00,2208A,121.6697,42.0279,阜新市,长青街,颗粒物(PM10),64,77,50,38,23,122,105,112,112,38,33,22,15,1.1,0.7
2023-10-02T22:00:00,2209A,121.6673,42.0705,阜新市,农业园区,颗粒物(PM10),59,68,40,36,16,133,118,115,115,21,18,12,16,1.2,0.7
2023-10-02T22:00:00,2210A,121.6717,42.0224,阜新市,东苑,,,65,63,43,23,124,,111,111,24,23,22,17,1.1,1
2023-10-02T22:00:00,2211A,121.6506,42.0498,阜新市,玉龙新城,,,,50,20,13,135,115,118,118,21,22,13,12,1.1,0.6
2023-10-02T22:00:00,2212A,123.2,41.1953,辽阳市,宏伟区,,46,46,31,12,11,129,129,122,122,22,23,12,13,0.6,0.7
2023-10-02T22:00:00,2213A,123.1683,41.2495,辽阳市,新华园,颗粒物(PM10),51,52,39,19,20,108,105,93,93,21,28,10,13,0.6,0.8
2023-10-02T22:00:00,2214A,123.2354,41.2639,辽阳市,滨河路,,32,32,37,20,18,116,98,98,98,16,19,11,12,0.9,1
2023-10-02T22:00:00,2215A,123.149,41.2991,辽阳市,铁西工业园,颗粒物(PM10),58,65,45,18,18,134,114,113,113,25,27,13,15,0.8,1
2023-10-02T22:00:00,2216A,123.8139,42.3022,铁岭市,汇工街西,,39,39,43,17,20,107,98,89,89,20,31,12,21,0.7,0.7
2023-10-02T22:00:00,2217A,123.8649,42.2923,铁岭市,水上乐园,,44,44,47,24,24,110,85,91,86,24,26,10,14,0.8,0.8
2023-10-02T22:00:00,2218A,123.8486,42.2867,铁岭市,银州路东段,,42,42,43,17,18,96,85,90,85,30,32,7,7,0.7,0.6
2023-10-02T22:00:00,2219A,123.7153,42.2217,铁岭市,金沙江路北,,45,45,44,19,19,106,82,85,78,29,32,8,11,0.7,0.7
2023-10-02T22:00:00,2220A,120.4318,41.5881,朝阳市,西梁,,35,35,46,17,16,130,95,120,113,23,24,23,13,1.0,0.7
2023-10-02T22:00:00,2221A,120.4521,41.5646,朝阳市,河畔小区,,35,33,37,24,15,132,109,123,121,15,20,10,10,0.5,0.6
2023-10-02T22:00:00,2222A,120.4176,41.5648,朝阳市,八里堡,,34,34,47,16,19,124,84,111,104,28,27,37,15,1.3,1
2023-10-02T22:00:00,2223A,120.3806,41.5969,朝阳市,农业园区,,31,23,38,18,17,128,98,121,116,14,23,7,7,0.6,0.7
2023-10-02T22:00:00,2225A,124.4002,43.1713,四平市,一商场,,48,48,39,18,17,92,70,79,75,26,21,7,8,0.4,0.3
2023-10-02T22:00:00,2226A,124.388,43.193,四平市,境园,,,39,34,27,18,97,,82,75,28,26,5,6,0.4,0.4
2023-10-02T22:00:00,2227A,125.1358,42.8845,辽源市,环保局,颗粒物(PM10),55,60,31,36,18,100,7,91,49,42,21,7,7,1.0,0.7
2023-10-02T22:00:00,2229A,125.9358,41.7173,通化市,光明,,36,36,25,18,11,89,16,80,48,31,22,7,8,0.5,0.4
2023-10-02T22:00:00,2230A,125.9446,41.7325,通化市,铁路,,35,35,28,16,13,92,31,83,62,16,20,7,8,0.5,0.5
2023-10-02T22:00:00,2231A,126.4219,41.9171,白山市,喜丰,,45,45,41,15,14,92,18,82,56,38,22,8,12,0.6,0.6
2023-10-02T22:00:00,2232A,126.4077,41.9419,白山市,环保局,颗粒物(PM10),51,52,40,31,15,91,15,78,45,39,26,8,11,0.6,0.6
2023-10-02T22:00:00,2233A,124.8006,45.1214,松原市,江南,,22,21,32,15,15,86,60,74,60,21,19,6,7,0.5,0.4
2023-10-02T22:00:00,2234A,124.7965,45.1722,松原市,江北,,33,30,23,23,14,83,19,74,44,40,18,2,4,0.6,0.4
2023-10-02T22:00:00,2235A,122.7911,45.6077,白城市,洮北区环保局,,26,16,22,9,12,93,81,83,78,8,15,6,7,0.3,0.6
2023-10-02T22:00:00,2236A,122.8738,45.5725,白城市,市环保局,,33,33,31,6,11,91,55,83,70,15,16,7,7,0.3,0.5
2023-10-02T22:00:00,2237A,129.47,42.8883,延边朝鲜族自治州,妇幼医院,,31,31,25,11,8,83,26,78,55,25,14,7,6,0.5,0.4
2023-10-02T22:00:00,2238A,129.5055,42.9108,延边朝鲜族自治州,延边医院,,43,43,39,22,12,85,22,80,56,39,21,6,6,0.7,0.5
2023-10-02T22:00:00,2239A,129.3964,42.8881,延边朝鲜族自治州,朝阳川镇医院,,23,22,18,16,9,92,30,86,62,11,8,7,6,0.5,0.4
2023-10-02T22:00:00,2240A,130.9762,45.3001,鸡西市,环保局,颗粒物(PM10),68,86,24,46,11,54,4,51,26,40,17,6,5,1.0,0.5
2023-10-02T22:00:00,2243A,130.9429,45.3039,鸡西市,第一中学,,42,42,18,19,9,73,35,66,49,17,11,8,6,0.3,0.2
2023-10-02T22:00:00,2244A,130.2537,47.3416,鹤岗市,哈啤分公司,,22,22,14,15,12,52,30,47,35,10,7,10,8,0.2,0.2
2023-10-02T22:00:00,2245A,130.2684,47.3086,鹤岗市,斯达机电,,29,21,18,20,12,56,35,51,43,10,8,7,7,0.3,0.2
2023-10-02T22:00:00,2246A,130.3114,47.3388,鹤岗市,东山纸板厂,颗粒物(PM10),55,59,35,22,13,62,15,57,32,21,10,10,10,0.5,0.4
2023-10-02T22:00:00,2247A,130.1097,47.3382,鹤岗市,五号水库,,18,13,15,12,15,62,19,57,38,14,6,10,10,0.1,0.1
2023-10-02T22:00:00,2248A,131.1511,46.6937,双鸭山市,双合村,颗粒物(PM10),77,103,16,15,5,68,4,60,39,32,6,19,9,2.7,0.3
2023-10-02T22:00:00,2249A,131.1652,46.6191,双鸭山市,南小市,,27,27,20,15,9,68,18,59,38,15,10,6,7,0.5,0.3
2023-10-02T22:00:00,2250A,131.1524,46.6554,双鸭山市,环保局,,36,36,26,20,14,59,7,51,29,28,15,8,7,0.5,0.3
2023-10-02T22:00:00,2251A,131.12,46.5656,双鸭山市,苗圃,,23,23,12,15,11,91,59,79,72,3,5,2,4,0.1,0.2
2023-10-02T22:00:00,2252A,128.5159,47.4311,伊春市,环保局,,19,19,13,13,6,57,9,48,23,18,12,3,5,0.4,0.3
2023-10-02T22:00:00,2253A,128.9102,47.7412,伊春市,电力嘉园,,32,23,16,22,12,63,6,56,28,22,9,5,5,0.4,0.3
2023-10-02T22:00:00,2254A,129.5029,48.471,伊春市,汤旺河国家公园,,19,19,17,11,11,60,21,55,36,3,4,7,7,0.2,0.2
2023-10-02T22:00:00,2255A,130.2751,46.8028,佳木斯市,佳纺,颗粒物(PM10),53,55,28,25,9,58,6,53,28,26,15,2,3,0.7,0.6
2023-10-02T22:00:00,2256A,130.3995,46.8307,佳木斯市,发电厂,,22,22,16,11,8,61,23,54,42,15,7,13,5,0.6,0.5
2023-10-02T22:00:00,2257A,130.3258,46.7975,佳木斯市,环保局,,50,50,17,20,6,60,5,52,28,37,15,5,5,0.6,0.5
2023-10-02T22:00:00,2258A,130.3648,46.8032,佳木斯市,十一中,颗粒物(PM10),58,65,17,33,8,58,10,54,32,42,16,5,5,0.8,0.5
2023-10-02T22:00:00,2259A,130.3794,46.7588,佳木斯市,四丰,,19,19,13,7,6,69,38,61,46,4,9,1,1,0.2,0.2
2023-10-02T22:00:00,2262A,131.0518,45.8751,七台河市,新一中,,21,21,10,10,7,74,25,70,51,9,6,7,7,0.6,0.6
2023-10-02T22:00:00,2263A,127.4833,50.2524,黑河市,交通局,,32,31,16,22,11,62,6,54,31,31,14,5,4,0.6,0.4
2023-10-02T22:00:00,2264A,127.5144,50.2341,黑河市,环保局,颗粒物(PM10),81,112,21,37,12,61,4,56,36,37,10,6,4,1.1,0.4
2023-10-02T22:00:00,2265A,127.5291,50.2472,黑河市,大黑河岛,,,71,16,34,13,,,,,2,2,3,2,,
2023-10-02T22:00:00,2266A,126.9785,46.6365,绥化市,人和东街,颗粒物(PM10),62,74,36,37,16,74,12,65,35,51,26,3,3,0.7,0.5
2023-10-02T22:00:00,2267A,126.964,46.6528,绥化市,党政办公中心,颗粒物(PM10),57,64,28,30,14,73,7,68,46,61,21,8,7,0.9,0.5
2023-10-02T22:00:00,2269A,124.1069,50.4097,大兴安岭地区,科技局,,32,32,20,6,8,80,32,73,50,16,9,12,7,0.2,0.1
2023-10-02T22:00:00,2270A,117.396,32.939,蚌埠市,工人疗养院,颗粒物(PM10),52,53,32,22,11,90,44,76,67,19,18,3,6,0.4,0.3
2023-10-02T22:00:00,2271A,117.3605,32.9427,蚌埠市,百货大楼,,43,43,32,20,10,90,45,77,66,22,19,4,6,0.3,0.3
2023-10-02T22:00:00,2273A,117.4185,32.8911,蚌埠市,蚌埠学院,,31,31,27,17,12,90,23,80,62,43,21,8,6,0.2,0.2
2023-10-02T22:00:00,2274A,117.3533,32.9673,蚌埠市,淮上区政府,,39,39,30,23,16,89,45,80,68,22,17,5,6,0.3,0.3
2023-10-02T22:00:00,2275A,117.3145,32.8977,蚌埠市,高新区,,24,24,24,13,12,88,42,76,66,31,21,5,5,0.5,0.4
2023-10-02T22:00:00,2277A,116.8305,32.7727,淮南市,潘集区政府,,30,23,32,21,18,86,56,69,66,19,16,5,7,0.4,0.3
2023-10-02T22:00:00,2278A,117.0067,32.6524,淮南市,师范学院,,28,17,31,19,13,90,39,78,67,21,16,8,10,0.3,0.3
2023-10-02T22:00:00,2279A,116.8569,32.5951,淮南市,谢家集区政府,,27,15,21,6,8,91,85,80,79,16,17,11,9,0.3,0.3
2023-10-02T22:00:00,2280A,116.8281,32.633,淮南市,八公山区政府,,29,29,33,15,14,86,56,77,69,16,14,8,9,0.3,0.3
2023-10-02T22:00:00,2281A,116.6325,32.6201,淮南市,焦岗湖风景区管理处,,19,12,22,11,11,87,60,74,70,8,6,1,1,0.2,0.2
2023-10-02T22:00:00,2282A,116.8004,33.975,淮北市,监测站,,26,18,30,5,12,102,81,92,82,18,17,6,6,0.4,0.4
2023-10-02T22:00:00,2283A,116.8091,33.9007,淮北市,烈山区政府,,30,11,37,9,17,110,93,99,88,10,15,4,6,0.2,0.3
2023-10-02T22:00:00,2285A,117.8177,30.9412,铜陵市,市第四中学,,35,35,40,15,16,91,72,87,80,10,7,6,6,0.4,0.4
2023-10-02T22:00:00,2286A,117.8059,30.9273,铜陵市,市公路局,,34,34,40,12,14,104,81,97,90,13,10,6,5,0.4,0.4
2023-10-02T22:00:00,2287A,117.7807,30.9413,铜陵市,市新民污水厂,,32,32,33,8,12,108,77,99,91,17,10,8,7,0.2,0.2
2023-10-02T22:00:00,2288A,117.7439,30.8792,铜陵市,市第九中学,,46,46,44,14,11,121,78,99,93,18,10,10,5,0.8,0.6
2023-10-02T22:00:00,2289A,117.846,30.9413,铜陵市,车站新区,,27,27,28,9,13,98,80,95,88,10,9,4,4,0.2,0.2
2023-10-02T22:00:00,2290A,117.8483,30.97,铜陵市,市职教基地,颗粒物(PM10),53,56,33,10,11,102,77,96,86,9,8,10,9,0.4,0.4
2023-10-02T22:00:00,2291A,117.0809,30.5177,安庆市,环科院,,39,39,41,20,18,125,76,98,92,15,16,8,9,0.6,0.7
2023-10-02T22:00:00,2292A,117.0331,30.5119,安庆市,马山宾馆,,40,40,43,18,18,133,81,109,96,19,18,7,7,0.6,0.7
2023-10-02T22:00:00,2294A,116.9896,30.6145,安庆市,安庆大学,,33,33,39,16,19,124,74,115,93,16,16,5,6,0.5,0.5
2023-10-02T22:00:00,2295A,118.2903,29.6963,黄山市,延安路89号,,40,40,39,8,8,118,79,110,91,7,4,4,4,0.3,0.4
2023-10-02T22:00:00,2296A,118.327,29.7178,黄山市,黄山东路89号,,25,25,35,13,10,111,74,104,87,7,6,5,5,0.5,0.5
2023-10-02T22:00:00,2297A,118.1371,30.2756,黄山市,黄山区政府5号楼,,42,42,39,12,14,108,57,92,80,12,9,7,6,0.5,0.5
2023-10-02T22:00:00,2298A,118.3093,32.3153,滁州市,老年大学,,28,28,28,19,12,91,53,80,67,22,20,8,9,0.3,0.3
2023-10-02T22:00:00,2299A,118.3244,32.2786,滁州市,人大宾馆,,31,31,31,18,11,92,56,82,69,21,18,8,8,0.3,0.3
2023-10-02T22:00:00,2301A,115.8277,32.8929,阜阳市,市监测站,,24,8,23,13,16,76,76,69,64,12,14,6,7,0.4,0.4
2023-10-02T22:00:00,2303A,115.8554,32.8605,阜阳市,开发区,,27,4,27,12,25,86,86,67,67,15,19,7,8,0.4,0.5
2023-10-02T22:00:00,2307A,116.5079,31.737,六安市,监测大楼,,20,10,22,5,9,100,64,75,61,15,16,3,4,0.6,0.6
2023-10-02T22:00:00,2308A,116.4738,31.7643,六安市,皖西学院,,22,8,22,4,8,92,69,68,64,12,13,7,10,0.4,0.4
2023-10-02T22:00:00,2309A,116.4996,31.7905,六安市,朝阳厂,,22,8,15,7,9,88,70,71,60,12,13,6,7,0.4,0.5
2023-10-02T22:00:00,2310A,116.5567,31.7886,六安市,开发区,,21,11,25,9,12,82,65,66,58,9,11,4,5,0.4,0.5
2023-10-02T22:00:00,2311A,115.8072,33.8399,亳州市,污水处理厂,,25,25,45,17,28,102,70,82,75,9,13,9,9,0.4,0.5
2023-10-02T22:00:00,2312A,115.7789,33.8518,亳州市,三国揽胜宫,,29,25,44,20,25,101,70,89,83,9,14,5,7,0.1,0.2
2023-10-02T22:00:00,2314A,117.47,30.6618,池州市,池州学院,,43,43,37,20,17,106,55,96,85,24,11,9,6,0.5,0.5
2023-10-02T22:00:00,2316A,118.7581,30.9454,宣城市,鳌峰子站,,40,40,34,15,11,98,74,90,85,17,13,5,4,0.4,0.4
2023-10-02T22:00:00,2317A,118.7385,30.9743,宣城市,敬亭山子站,,28,28,23,15,11,92,64,86,78,31,19,12,7,0.4,0.3
2023-10-02T22:00:00,2318A,118.7173,30.9427,宣城市,开发区子站,,34,34,34,14,11,90,75,85,82,18,15,7,5,0.5,0.5
2023-10-02T22:00:00,2319A,119.0141,25.4325,莆田市,荔城区仓后路,,32,29,36,8,13,128,100,120,109,8,7,7,7,0.4,0.5
2023-10-02T22:00:00,2320A,119.0015,25.4553,莆田市,莆田市监测站,,34,33,36,8,13,131,107,126,113,3,3,7,7,0.5,0.6
2023-10-02T22:00:00,2321A,119.1119,25.4561,莆田市,涵江区六中,,33,33,36,7,12,129,105,126,114,5,5,7,7,0.5,0.5
2023-10-02T22:00:00,2322A,119.1013,25.3215,莆田市,秀屿区政府,,33,20,47,3,12,122,103,121,110,5,6,6,7,0.5,0.6
2023-10-02T22:00:00,2323A,118.981,25.4792,莆田市,东圳水库,,,,,,,,,,,,,,,,
2023-10-02T22:00:00,2324A,117.6211,26.2625,三明市,三钢,,28,25,20,19,15,102,60,97,84,12,7,10,8,0.5,0.5
2023-10-02T22:00:00,2325A,117.635,26.2714,三明市,三明二中,,26,26,19,18,12,102,66,97,85,16,12,11,7,0.7,0.7
2023-10-02T22:00:00,2326A,117.6028,26.2378,三明市,三元区政府,,30,30,20,12,9,100,66,96,86,11,9,12,8,0.7,0.7
2023-10-02T22:00:00,2327A,117.7275,26.3108,三明市,洋溪,,,,,,,,,,,,,,,,
2023-10-02T22:00:00,2331A,118.0966,26.6761,南平市,茫荡山,,,,,,,,,,,,,,,,
2023-10-02T22:00:00,2332A,118.1681,26.6369,南平市,南平市监测站,,21,21,13,5,5,101,40,95,68,12,5,4,4,0.8,0.7
2023-10-02T22:00:00,2333A,118.1825,26.6489,南平市,南平铝业有限公司,,26,26,19,10,9,100,33,92,65,16,7,5,5,0.9,0.8
2023-10-02T22:00:00,2334A,118.1756,26.6272,南平市,南平七中,,15,15,15,10,7,108,47,99,74,8,4,4,4,0.7,0.7
2023-10-02T22:00:00,2335A,117.0189,25.1181,龙岩市,龙岩师专,,,,,,,,,,,,,,,,
2023-10-02T22:00:00,2336A,117.0217,25.1033,龙岩市,龙岩市监测站,,37,37,23,18,15,111,95,101,94,34,13,7,4,0.7,0.6
2023-10-02T22:00:00,2337A,117.0258,25.0661,龙岩市,闽西职业技术学院,颗粒物(PM10),51,51,25,20,15,106,101,97,91,24,11,15,7,0.6,0.6
2023-10-02T22:00:00,2338A,117.0196,25.0306,龙岩市,龙岩学院,,28,28,25,19,16,109,57,100,79,12,9,6,4,0.7,0.7
2023-10-02T22:00:00,2339A,119.5001,26.6946,宁德市,金涵水库,,,,,,,,,,,,,,,,
2023-10-02T22:00:00,2341A,119.5388,26.6612,宁德市,宁德市监测站,,32,24,33,11,17,149,101,130,113,13,11,7,7,0.5,0.6
2023-10-02T22:00:00,2342A,117.3102,29.3867,景德镇市,王港中学,,30,30,30,13,15,111,21,97,56,5,4,4,3,0.3,0.3
2023-10-02T22:00:00,2343A,117.2117,29.2933,景德镇市,老干部活动中心,,39,39,32,20,19,108,72,98,76,10,8,4,6,0.4,0.5
2023-10-02T22:00:00,2344A,117.1894,29.2789,景德镇市,兽医站,,42,19,37,29,32,100,73,92,73,9,8,6,9,0.3,0.3
2023-10-02T22:00:00,2345A,117.1547,29.2617,景德镇市,台达陶瓷,细颗粒物(PM2.5),53,49,34,37,17,103,65,94,73,10,9,5,12,0.4,0.5
2023-10-02T22:00:00,2346A,117.2461,29.2956,景德镇市,陶研所,,49,49,37,15,12,100,72,89,66,4,5,5,5,0.4,0.4
2023-10-02T22:00:00,2347A,114.0997,27.5002,萍乡市,武功山,,26,17,20,18,17,81,20,68,55,8,5,8,10,0.9,0.9
2023-10-02T22:00:00,2348A,113.8385,27.6434,萍乡市,中医院,细颗粒物(PM2.5),70,72,44,51,32,98,74,91,88,8,5,17,20,0.8,0.8
2023-10-02T22:00:00,2349A,113.8493,27.6253,萍乡市,市政府车库,细颗粒物(PM2.5),65,60,45,47,29,91,56,85,78,19,10,28,16,1.8,1
2023-10-02T22:00:00,2350A,113.8676,27.6435,萍乡市,市环保局,细颗粒物(PM2.5),63,64,42,45,30,95,72,90,86,12,8,25,15,0.7,0.7
2023-10-02T22:00:00,2351A,113.866,27.6198,萍乡市,安源区政府,细颗粒物(PM2.5),54,53,42,38,28,98,65,88,82,17,13,19,16,0.8,0.8
2023-10-02T22:00:00,2352A,115.0861,27.9317,新余市,北岗,,39,35,27,27,20,107,49,93,80,7,7,10,18,0.8,0.7
2023-10-02T22:00:00,2353A,114.9886,27.8431,新余市,飞宇,颗粒物(PM10),53,56,44,30,22,98,42,88,80,22,12,5,10,0.8,0.5
2023-10-02T22:00:00,2354A,114.9231,27.8246,新余市,第二水厂,颗粒物(PM10),51,52,43,32,23,113,60,97,90,16,12,6,8,0.8,0.8
2023-10-02T22:00:00,2355A,114.9308,27.8036,新余市,市气象局,颗粒物(PM10),55,59,48,32,26,104,58,91,86,15,12,7,12,0.9,0.8
2023-10-02T22:00:00,2357A,116.9822,28.1136,鹰潭市,龙虎山,,38,38,33,8,5,101,89,95,92,5,4,7,6,0,0.1
2023-10-02T22:00:00,2358A,117.0564,28.2642,鹰潭市,新监测站,,50,50,44,23,22,138,80,128,116,25,4,17,12,0.6,0.6
2023-10-02T22:00:00,2359A,117.0311,28.2475,鹰潭市,财苑宾馆,,43,43,44,16,21,146,87,139,123,12,8,18,14,0.4,0.5
2023-10-02T22:00:00,2360A,117.0222,28.2264,鹰潭市,体育馆,,40,40,45,26,24,146,82,135,116,10,7,14,12,0.4,0.5
2023-10-02T22:00:00,2361A,117.0017,28.2131,鹰潭市,三川水表,,50,50,47,23,25,145,74,133,114,23,10,8,9,0.6,0.6
2023-10-02T22:00:00,2362A,114.9017,25.9149,赣州市,通天岩,,,,,,,,,,,,,,,,
2023-10-02T22:00:00,2363A,114.9367,25.8664,赣州市,地委,细颗粒物(PM2.5),53,35,40,37,28,93,52,78,69,4,5,5,12,1.3,1.3
2023-10-02T22:00:00,2364A,114.9461,25.8481,赣州市,气象台,,36,36,37,17,27,106,56,86,74,6,10,3,8,0.9,1
2023-10-02T22:00:00,2365A,114.9322,25.8333,赣州市,市图书馆,,38,32,48,26,29,90,57,79,72,7,10,10,12,1.5,1.7
2023-10-02T22:00:00,2366A,114.8905,25.8471,赣州市,华坚鞋城,,46,46,40,26,26,98,63,83,72,6,9,4,6,1.1,1.1
2023-10-02T22:00:00,2367A,114.9754,27.0803,吉安市,红声器材厂,颗粒物(PM10),52,53,51,26,31,74,41,69,65,19,12,4,6,1.0,1
2023-10-02T22:00:00,2368A,114.9658,27.0999,吉安市,市森林工业局,颗粒物(PM10),57,64,50,33,30,74,48,70,66,22,11,11,12,0.6,0.6
2023-10-02T22:00:00,2369A,114.99,27.1312,吉安市,市环境监测站,,47,47,45,30,27,72,57,69,68,18,12,10,10,0.8,0.8
2023-10-02T22:00:00,2370A,115.0093,27.0968,吉安市,青原区法院,颗粒物(PM10),51,52,51,34,31,70,33,66,61,24,14,12,14,1.0,1
2023-10-02T22:00:00,2371A,114.3408,27.8064,宜春市,槟榔水业,细颗粒物(PM2.5),59,60,40,42,22,99,49,84,79,28,17,2,5,0.7,0.6
2023-10-02T22:00:00,2373A,114.3956,27.7844,宜春市,市石油公司,,,73,46,50,27,104,,91,90,17,14,6,11,1.2,1
2023-10-02T22:00:00,2374A,114.3703,27.7914,宜春市,市气象局,细颗粒物(PM2.5),65,71,53,47,30,96,57,82,78,20,14,4,9,1.5,1.3
2023-10-02T22:00:00,2375A,114.4013,27.8074,宜春市,市广电局,细颗粒物(PM2.5),70,67,42,51,27,105,57,91,86,24,10,15,17,1.3,0.8
2023-10-02T22:00:00,2376A,116.2127,28.0814,抚州市,桐源党溪,细颗粒物(PM2.5),52,50,43,36,20,121,36,108,80,3,3,1,3,0.8,0.8
2023-10-02T22:00:00,2377A,116.3544,27.9831,抚州市,市站,细颗粒物(PM2.5),58,58,40,41,25,104,82,98,95,11,9,5,6,0.7,0.7
2023-10-02T22:00:00,2378A,116.3565,27.963,抚州市,血防站,,,63,43,31,21,95,79,90,88,10,8,,12,0.8,0.9
2023-10-02T22:00:00,2379A,116.3564,28.0007,抚州市,采茶剧团,细颗粒物(PM2.5),70,70,40,51,24,101,74,94,89,5,5,4,4,1.0,1
2023-10-02T22:00:00,2380A,116.385,27.9647,抚州市,医学分院,颗粒物(PM10),54,58,35,36,20,110,79,98,95,8,8,5,6,1.1,1.2
2023-10-02T22:00:00,2381A,118.005,28.4572,上饶市,百草园,,,46,37,7,18,101,80,96,94,14,8,,,,
2023-10-02T22:00:00,2382A,117.9756,28.4436,上饶市,市监测站,,47,47,41,16,20,123,90,116,109,15,8,8,14,0.3,0.3
2023-10-02T22:00:00,2383A,117.9519,28.4628,上饶市,凤凰光学,颗粒物(PM10),51,51,41,21,15,120,91,113,106,12,8,8,7,0.5,0.5
2023-10-02T22:00:00,2385A,114.17,35.9019,鹤壁市,市监测站,,45,42,29,31,23,103,63,94,90,24,18,16,9,0.7,0.5
2023-10-02T22:00:00,2386A,114.2956,35.7511,鹤壁市,市交警支队,,32,32,29,17,9,111,82,97,91,21,19,10,10,0.4,0.4
2023-10-02T22:00:00,2387A,114.2878,35.7306,鹤壁市,迎宾馆,,34,34,24,22,15,113,78,98,92,25,20,9,9,0.4,0.4
2023-10-02T22:00:00,2389A,113.836,35.311,新乡市,环保西院,,42,42,34,20,14,99,55,92,82,17,14,6,7,0.5,0.5
2023-10-02T22:00:00,2390A,113.884,35.272,新乡市,开发区,,29,29,24,19,12,97,57,94,84,20,12,5,6,0.8,0.8
2023-10-02T22:00:00,2391A,113.883,35.303,新乡市,环保东院,,45,45,37,29,21,93,55,87,79,25,18,6,7,0.6,0.5
2023-10-02T22:00:00,2392A,115.0312,35.7636,濮阳市,环保局,,44,44,35,18,16,106,62,96,85,24,26,4,6,0.3,0.3
2023-10-02T22:00:00,2394A,115.0574,35.7609,濮阳市,油田运输公司,颗粒物(PM10),51,52,40,21,16,107,65,94,83,19,20,4,6,0.3,0.3
2023-10-02T22:00:00,2395A,115.0866,35.7754,濮阳市,油田物探公司,,50,50,44,30,22,113,77,102,90,18,23,6,7,0.3,0.3
2023-10-02T22:00:00,2396A,113.8276,34.0159,许昌市,监测站,,42,42,36,28,22,77,34,67,51,27,25,3,5,0.5,0.6
2023-10-02T22:00:00,2398A,113.7906,33.9953,许昌市,开发区,,,37,32,43,29,72,,69,60,18,18,4,6,0.5,0.5
2023-10-02T22:00:00,2399A,114.051,33.5699,漯河市,三五一五工厂,,37,37,30,24,19,102,45,102,55,19,11,8,9,0.6,0.5
2023-10-02T22:00:00,2400A,114.0055,33.5698,漯河市,漯河大学,,39,39,33,22,22,104,45,104,55,22,16,2,2,0.5,0.4
2023-10-02T22:00:00,2401A,114.0138,33.5828,漯河市,市水利局,,46,44,35,32,26,103,41,103,53,18,11,6,7,0.5,0.4
2023-10-02T22:00:00,2402A,114.0261,33.5698,漯河市,市广电局,,42,42,35,26,21,100,40,100,50,22,15,2,3,0.7,0.6
2023-10-02T22:00:00,2404A,112.5224,33.0122,南阳市,瓦房庄,,24,16,18,15,15,101,74,99,78,16,14,4,4,0.5,0.4
2023-10-02T22:00:00,2405A,112.5003,32.9735,南阳市,汉画馆,,25,15,17,11,12,104,77,101,81,11,11,3,3,0.5,0.5
2023-10-02T22:00:00,2406A,112.5573,33.027,南阳市,气象站,,24,10,12,4,8,101,74,97,76,10,10,7,7,0.5,0.4
2023-10-02T22:00:00,2407A,112.5481,32.9689,南阳市,理工学院,,27,13,17,15,15,107,84,104,84,8,10,5,4,0.4,0.4
2023-10-02T22:00:00,2408A,115.6702,34.4285,商丘市,环境监测站,颗粒物(PM10),64,78,47,37,26,97,40,83,69,33,20,5,6,0.5,0.4
2023-10-02T22:00:00,2409A,115.6458,34.4045,商丘市,粮食局,颗粒物(PM10),55,60,42,37,26,96,32,88,74,36,17,6,6,0.8,0.6
2023-10-02T22:00:00,2410A,115.6293,34.3948,商丘市,睢阳区环保局,颗粒物(PM10),67,84,45,38,26,104,24,94,75,40,22,7,8,0.5,0.4
2023-10-02T22:00:00,2420A,114.0189,32.9656,驻马店市,市一纸厂,,38,35,31,26,22,103,67,93,78,11,10,6,6,0.4,0.3
2023-10-02T22:00:00,2421A,114.0114,33.015,驻马店市,市彩印厂,,40,32,29,28,26,100,52,88,63,12,10,6,6,0.4,0.3
2023-10-02T22:00:00,2422A,113.9976,32.9771,驻马店市,天方二分厂,,45,25,24,31,31,101,65,91,75,11,10,9,8,0.3,0.3
2023-10-02T22:00:00,2423A,115.0601,30.2313,黄石市,沈家营,,48,48,57,24,24,114,95,107,103,7,13,9,9,0.5,0.7
2023-10-02T22:00:00,2424A,115.0817,30.2006,黄石市,陈家湾,,46,46,51,24,25,121,89,110,104,6,6,10,10,0.5,0.6
2023-10-02T22:00:00,2426A,114.8988,30.2019,黄石市,铁山,,47,47,42,21,25,122,57,115,104,16,10,14,12,0.7,0.7
2023-10-02T22:00:00,2427A,115.0307,30.2092,黄石市,团城山,颗粒物(PM10),53,56,53,21,19,121,97,114,109,8,10,8,10,0.8,0.9
2023-10-02T22:00:00,2428A,111.0419,32.395,十堰市,武当山,,16,13,5,5,3,104,50,103,73,5,6,9,9,0.6,0.6
2023-10-02T22:00:00,2429A,110.78,32.6494,十堰市,滨河新村,,30,29,17,21,10,105,53,105,66,19,13,6,6,0.9,0.7
2023-10-02T22:00:00,2430A,110.7258,32.6389,十堰市,刘家沟,,17,12,8,4,4,104,52,101,62,7,7,6,6,0.8,0.8
2023-10-02T22:00:00,2431A,110.8839,32.5714,十堰市,铁二处,,27,27,10,8,7,109,44,109,66,14,7,6,6,0.7,0.6
2023-10-02T22:00:00,2432A,112.155,32.0197,襄阳市,襄城运动路,,22,15,15,12,14,100,68,98,67,14,12,7,7,0.5,0.5
2023-10-02T22:00:00,2433A,112.1392,32.0564,襄阳市,樊城新华路,,29,22,18,20,16,100,67,99,69,16,14,8,8,0.4,0.4
2023-10-02T22:00:00,2434A,112.1825,32.1142,襄阳市,高新管委会,,35,17,18,24,13,100,62,100,64,20,16,6,6,0.7,0.6
2023-10-02T22:00:00,2435A,112.2106,32.0903,襄阳市,襄州航空路,,33,24,16,23,13,104,66,102,69,20,16,9,8,0.5,0.5
2023-10-02T22:00:00,2436A,114.8938,30.3994,鄂州市,市政府,,36,36,50,13,24,117,39,107,83,15,15,3,6,0.5,0.7
2023-10-02T22:00:00,2437A,114.8989,30.3714,鄂州市,赵家坝,,50,50,50,17,26,112,41,100,76,20,23,4,7,0.6,0.8
2023-10-02T22:00:00,2439A,112.2014,31.0481,荆门市,竹园小学,,28,11,10,6,6,104,89,104,84,8,10,9,8,0.5,0.5
2023-10-02T22:00:00,2440A,112.1969,30.9891,荆门市,掇刀,,28,4,7,7,11,104,89,103,86,6,8,4,5,0.5,0.5
2023-10-02T22:00:00,2441A,112.2213,31.0386,荆门市,石化一小,,29,18,9,12,15,104,90,103,89,8,7,4,4,0.3,0.3
2023-10-02T22:00:00,2443A,113.9153,30.9285,孝感市,文化路,,21,14,25,5,18,101,66,98,62,8,10,6,7,0.6,0.7
2023-10-02T22:00:00,2444A,113.942,30.9075,孝感市,东城区,,21,5,27,2,16,102,66,99,61,4,7,7,7,0.7,0.8
2023-10-02T22:00:00,2446A,114.9028,30.4742,黄冈市,职工中心,,26,22,52,18,33,125,51,108,77,4,7,8,11,0.8,0.9
2023-10-02T22:00:00,2447A,114.3175,29.8142,咸宁市,森林公园,颗粒物(PM10),51,52,39,31,22,91,25,81,61,11,5,6,6,0.8,0.8
2023-10-02T22:00:00,2448A,114.3107,29.8454,咸宁市,市发改委,细颗粒物(PM2.5),68,80,51,49,34,99,26,87,61,19,10,7,8,0.8,1
2023-10-02T22:00:00,2449A,114.2936,29.8566,咸宁市,咸安区政府,"颗粒物(PM10),细颗粒物(PM2.5)",54,58,48,38,31,104,27,89,62,22,14,7,8,0.7,0.7
2023-10-02T22:00:00,2451A,113.3583,31.7275,随州市,市委党校,,27,12,19,10,12,110,85,106,76,1,5,6,6,0.4,0.4
2023-10-02T22:00:00,2452A,113.3833,31.6908,随州市,市林业局,,25,10,12,11,11,106,80,104,73,6,9,5,5,0.4,0.4
2023-10-02T22:00:00,2453A,113.3983,31.7308,随州市,市立交桥水厂,,25,8,12,8,11,103,78,98,71,6,8,5,6,0.5,0.5
2023-10-02T22:00:00,2454A,109.4978,30.2981,恩施土家族苗族自治州,湖北民院,,32,32,25,9,9,50,18,48,29,9,6,10,10,0.9,0.9
2023-10-02T22:00:00,2455A,109.4707,30.2798,恩施土家族苗族自治州,州电力总公司,,13,11,11,9,6,48,23,47,31,14,12,9,8,1.1,1
2023-10-02T22:00:00,2456A,112.5003,26.9167,衡阳市,原169医院,细颗粒物(PM2.5),60,68,50,43,30,103,43,84,76,16,14,15,14,1.0,0.8
2023-10-02T22:00:00,2457A,112.6194,26.9258,衡阳市,衡阳化工总厂,细颗粒物(PM2.5),77,76,60,56,36,124,63,105,98,12,10,8,14,1.0,0.9
2023-10-02T22:00:00,2458A,112.6211,26.8956,衡阳市,珠晖区环保局,,,74,55,,,117,55,100,91,19,11,7,8,1.1,1
2023-10-02T22:00:00,2459A,112.6197,26.8733,衡阳市,市委党校,细颗粒物(PM2.5),69,79,56,50,34,114,65,97,92,12,14,10,9,1.1,0.9
2023-10-02T22:00:00,2460A,112.6006,26.8919,衡阳市,市监测站,细颗粒物(PM2.5),78,75,56,57,40,121,66,105,98,14,13,9,14,1.2,1
2023-10-02T22:00:00,2461A,112.5664,26.9056,衡阳市,真空机电公司,颗粒物(PM10),66,82,59,46,35,120,70,103,97,11,12,16,13,1.1,1
2023-10-02T22:00:00,2462A,111.5239,27.3033,邵阳市,市水土所,细颗粒物(PM2.5),74,72,47,54,38,85,30,65,56,8,8,5,7,0.9,1
2023-10-02T22:00:00,2463A,111.4733,27.2317,邵阳市,市一中,细颗粒物(PM2.5),74,85,56,54,34,84,44,70,62,12,8,11,7,0.8,0.7
2023-10-02T22:00:00,2464A,111.5283,27.2442,邵阳市,市化工厂,颗粒物(PM10),63,76,46,43,33,85,58,71,65,11,10,25,11,1.0,0.8
2023-10-02T22:00:00,2465A,111.4503,27.2537,邵阳市,市罐头厂,细颗粒物(PM2.5),79,77,52,58,38,86,40,69,63,13,11,6,7,0.7,0.7
2023-10-02T22:00:00,2466A,111.4328,27.2272,邵阳市,市环保局,细颗粒物(PM2.5),83,68,47,61,39,83,38,67,62,12,11,8,9,0.8,0.8
2023-10-02T22:00:00,2467A,112.4067,28.6428,益阳市,甘溪港,,25,25,27,8,7,57,36,49,40,9,7,3,3,0.5,0.6
2023-10-02T22:00:00,2468A,112.3458,28.5808,益阳市,市环保局,,32,22,26,22,24,56,46,56,47,10,10,1,2,0.8,0.9
2023-10-02T22:00:00,2469A,112.3437,28.5531,益阳市,市特殊教育学校,,40,40,38,21,28,55,46,53,46,7,7,3,3,0.8,0.8
2023-10-02T22:00:00,2470A,112.3347,28.6047,益阳市,资阳区政务中心,,30,30,32,19,26,54,45,54,46,8,8,2,2,0.7,0.8
2023-10-02T22:00:00,2471A,112.3744,28.5819,益阳市,赫山环保分局,,33,33,36,17,21,56,39,52,43,11,8,3,3,0.5,0.6
2023-10-02T22:00:00,2472A,113.0073,25.9061,郴州市,马头岭,颗粒物(PM10),78,106,68,51,36,97,12,76,62,36,15,8,6,0.8,0.7
2023-10-02T22:00:00,2473A,113.0116,25.8226,郴州市,市职中,细颗粒物(PM2.5),67,54,60,48,51,109,32,92,77,18,13,4,4,1.2,1.1
2023-10-02T22:00:00,2474A,113.0161,25.8001,郴州市,兴隆步行街,细颗粒物(PM2.5),65,63,68,47,49,109,53,97,88,15,10,5,6,1.0,1
2023-10-02T22:00:00,2475A,113.0383,25.8071,郴州市,市审计局,细颗粒物(PM2.5),74,58,63,54,56,109,37,96,86,15,9,5,7,0.8,0.8
2023-10-02T22:00:00,2476A,113.0348,25.7759,郴州市,市环保局,细颗粒物(PM2.5),82,68,70,60,59,107,39,90,80,20,13,6,7,1.0,0.9
2023-10-02T22:00:00,2477A,111.6217,26.2081,永州市,零陵南津渡,细颗粒物(PM2.5),77,60,53,56,47,103,72,88,86,7,8,10,8,0.9,0.8
2023-10-02T22:00:00,2478A,111.6156,26.4214,永州市,市环境监测站,细颗粒物(PM2.5),77,81,62,56,47,98,80,85,85,13,11,10,7,0.7,0.8
2023-10-02T22:00:00,2479A,111.6236,26.2331,永州市,零陵区环保局,细颗粒物(PM2.5),80,74,62,59,51,90,73,81,80,10,10,9,8,0.8,0.7
2023-10-02T22:00:00,2480A,111.5992,26.4364,永州市,永州市环保局,细颗粒物(PM2.5),84,73,55,62,47,96,87,88,88,10,9,11,7,1.0,0.9
2023-10-02T22:00:00,2481A,111.5989,26.4519,永州市,冷水滩区环保局,细颗粒物(PM2.5),83,75,59,61,48,91,76,83,83,10,9,9,12,0.9,0.8
2023-10-02T22:00:00,2482A,109.5981,27.5721,怀化市,林科所,,18,18,19,10,9,59,42,53,52,4,4,4,4,0.8,0.8
2023-10-02T22:00:00,2483A,109.9453,27.5444,怀化市,河西地税局,,20,20,26,14,15,57,43,52,51,6,6,1,1,0.8,0.8
2023-10-02T22:00:00,2484A,109.9781,27.5342,怀化市,市四医院,,29,26,28,20,19,56,36,51,49,6,4,2,3,0.9,0.8
2023-10-02T22:00:00,2485A,109.9972,27.5578,怀化市,监测楼,,29,29,29,18,15,58,39,52,51,7,6,5,6,0.7,0.7
2023-10-02T22:00:00,2486A,110.0394,27.583,怀化市,市委党校,,29,25,26,20,17,59,38,52,51,4,3,2,3,0.7,0.8
2023-10-02T22:00:00,2487A,111.9589,27.8901,娄底市,电视发射台,,34,34,28,23,14,47,17,41,32,7,5,4,4,1.0,1
2023-10-02T22:00:00,2488A,111.9975,27.725,娄底市,市监测站,,39,37,35,27,20,65,35,55,42,14,11,3,3,0.7,0.7
2023-10-02T22:00:00,2489A,112.0194,27.7314,娄底市,市委党校,,30,25,30,21,22,62,19,53,37,14,8,1,2,1.0,0.9
2023-10-02T22:00:00,2490A,111.9561,27.7569,娄底市,涟钢,,33,33,31,23,19,58,35,47,39,12,12,5,5,0.9,1
2023-10-02T22:00:00,2491A,111.9892,27.7044,娄底市,市政府,,42,32,33,29,24,70,23,59,44,12,7,4,5,0.5,0.4
2023-10-02T22:00:00,2492A,109.6414,28.2558,湘西州,跃进水库,,20,20,16,9,9,41,17,39,27,5,4,6,6,0.8,0.8
2023-10-02T22:00:00,2493A,109.7325,28.3169,湘西州,州政府,,28,28,21,16,11,56,42,52,45,6,7,6,6,0.6,0.6
2023-10-02T22:00:00,2494A,109.6958,28.2675,湘西州,吉首市计生局,,25,25,20,12,11,61,35,50,40,13,10,7,6,0.7,0.7
2023-10-02T22:00:00,2495A,111.3014,23.4832,梧州市,市逸夫小学,,41,41,40,28,25,116,58,111,91,7,18,6,10,0.8,0.8
2023-10-02T22:00:00,2496A,111.3239,23.4794,梧州市,市十一中,,33,33,42,20,22,124,57,112,90,7,19,7,9,0.7,0.7
2023-10-02T22:00:00,2497A,111.247,23.4189,梧州市,龙圩,颗粒物(PM10),53,56,46,29,24,111,53,102,85,18,16,9,10,0.7,0.6
2023-10-02T22:00:00,2498A,111.2711,23.4835,梧州市,龙新,,34,34,41,20,22,108,61,102,87,11,16,7,9,0.7,0.7
2023-10-02T22:00:00,2499A,108.3411,21.6158,防城港市,沙万,,29,29,27,17,15,97,80,89,87,11,15,1,9,0.5,0.5
2023-10-02T22:00:00,2500A,108.3514,21.7731,防城港市,防城档案局,颗粒物(PM10),51,52,48,24,21,116,51,100,88,13,14,11,6,0.6,0.5
2023-10-02T22:00:00,2501A,108.3506,21.6414,防城港市,大海花园,,26,26,25,14,15,92,82,86,85,12,15,4,10,0.5,0.5
2023-10-02T22:00:00,2502A,108.6236,21.9667,钦州市,市环保站,,36,36,38,22,20,117,80,109,100,17,16,8,10,0.7,0.6
2023-10-02T22:00:00,2503A,108.6549,21.9481,钦州市,沙埠小学,,47,47,45,26,23,123,59,107,98,29,20,8,8,0.8,0.7
2023-10-02T22:00:00,2504A,108.5989,21.7431,钦州市,港区一小,,46,46,45,19,20,112,78,103,94,19,14,7,19,0.7,0.7
2023-10-02T22:00:00,2505A,109.568,23.1478,贵港市,德智高中,,38,35,31,26,21,116,80,108,102,27,14,8,6,0.7,0.7
2023-10-02T22:00:00,2506A,109.6047,23.0666,贵港市,江南子站,颗粒物(PM10),60,70,35,40,23,114,64,105,92,25,11,8,8,0.7,0.5
2023-10-02T22:00:00,2507A,109.6014,23.0948,贵港市,贵城子站,细颗粒物(PM2.5),60,42,29,43,25,113,73,105,95,15,12,8,9,0.7,0.7
2023-10-02T22:00:00,2508A,109.5669,23.1065,贵港市,荷城子站,,44,44,31,29,19,116,71,107,96,14,8,15,12,0.7,0.7
2023-10-02T22:00:00,2509A,110.1106,22.7019,玉林市,寒山水库,,45,45,40,18,29,86,40,81,63,9,5,8,6,0.6,0.6
2023-10-02T22:00:00,2510A,110.1675,22.6411,玉林市,市监测站,,30,30,25,17,20,91,72,81,66,7,6,18,12,0.5,0.5
2023-10-02T22:00:00,2511A,110.1433,22.6164,玉林市,南江一中,,45,45,43,18,23,93,67,85,67,7,9,8,18,0.6,0.7
2023-10-02T22:00:00,2512A,106.6103,23.9011,百色市,市监测站,,49,49,49,20,23,134,57,111,93,17,14,36,18,0.8,0.7
2023-10-02T22:00:00,2513A,106.6538,23.8859,百色市,市中心血站,,46,46,47,23,27,126,60,110,91,15,12,65,34,0.8,0.6
2023-10-02T22:00:00,2514A,111.5264,24.4172,贺州市,环保小区,,36,35,38,25,29,111,44,93,77,17,12,6,6,0.8,0.8
2023-10-02T22:00:00,2515A,111.5608,24.4078,贺州市,政协大楼,,29,26,36,20,26,102,30,92,72,13,10,6,7,0.7,0.8
2023-10-02T22:00:00,2516A,108.2011,24.715,河池市,东仁乐园,细颗粒物(PM2.5),52,32,31,36,33,87,50,78,63,14,7,6,5,0.5,0.3
2023-10-02T22:00:00,2517A,108.0497,24.6947,河池市,市环保站,,28,28,32,19,21,88,51,81,69,13,10,7,8,0.7,0.8
2023-10-02T22:00:00,2518A,108.0983,24.6989,河池市,市疾控中心,,38,38,35,18,21,101,38,83,60,23,17,8,8,0.7,0.7
2023-10-02T22:00:00,2520A,109.2203,23.7256,来宾市,来宾技工学校,,42,42,39,24,26,106,61,97,85,12,9,13,12,0.5,0.6
2023-10-02T22:00:00,2521A,107.3476,22.4136,崇左市,市环保局江州分局,,42,42,29,17,18,82,31,75,65,16,9,4,5,0.6,0.5
2023-10-02T22:00:00,2522A,107.3702,22.3707,崇左市,城南新区,,32,29,24,22,14,82,50,80,69,11,8,4,4,0.5,0.4
2023-10-02T22:00:00,2523A,105.8945,32.4535,广元市,黑石坡,,20,13,15,10,7,89,61,86,73,6,5,6,6,0.4,0.4
2023-10-02T22:00:00,2524A,105.821,32.4444,广元市,老城,,20,13,13,14,7,73,35,70,51,13,8,3,3,0.7,0.6
2023-10-02T22:00:00,2526A,105.8628,32.4287,广元市,监测站,,16,14,5,5,1,81,50,78,65,15,8,3,3,0.4,0.4
2023-10-02T22:00:00,2527A,105.5453,30.5678,遂宁市,石溪浩,,13,12,20,9,11,54,37,49,46,4,4,5,5,0.6,0.6
2023-10-02T22:00:00,2528A,105.5582,30.5232,遂宁市,市监测站,,12,10,15,8,7,52,37,44,41,9,10,7,7,0.4,0.4
2023-10-02T22:00:00,2529A,105.5861,30.5366,遂宁市,行政中心,,13,13,16,5,9,49,30,39,34,16,12,7,6,0.5,0.5
2023-10-02T22:00:00,2530A,105.5918,30.4728,遂宁市,美宁食品公司,,12,7,14,4,5,52,38,46,43,8,11,7,7,0.2,0.2
2023-10-02T22:00:00,2531A,105.0703,29.61,内江市,市监测站,,22,22,23,15,21,61,38,54,51,15,9,6,7,0.6,0.6
2023-10-02T22:00:00,2532A,105.0717,29.5947,内江市,东兴区政府,,20,18,20,14,15,66,44,59,56,20,14,7,6,0.5,0.4
2023-10-02T22:00:00,2533A,105.0653,29.5817,内江市,内江二中,,20,20,21,14,17,60,41,54,51,14,12,5,5,0.6,0.6
2023-10-02T22:00:00,2534A,105.0406,29.5822,内江市,内江日报社,,28,28,23,13,18,61,39,53,50,23,16,8,8,0.5,0.5
2023-10-02T22:00:00,2535A,103.7723,29.5462,乐山市,花湖湾,,29,22,29,20,18,61,32,44,28,11,16,4,4,0.6,0.6
2023-10-02T22:00:00,2536A,103.7627,29.5844,乐山市,牛耳桥,,35,32,28,24,19,56,26,50,40,21,20,5,7,0.6,0.7
2023-10-02T22:00:00,2537A,103.7508,29.6006,乐山市,市第三水厂,,37,37,32,20,18,70,37,57,47,22,18,7,8,0.5,0.6
2023-10-02T22:00:00,2538A,103.7571,29.5664,乐山市,市监测站,,33,33,29,22,19,54,40,47,41,12,12,8,9,0.7,0.8
2023-10-02T22:00:00,2539A,104.0308,30.0478,眉山市,黑龙滩水库,颗粒物(PM10),53,55,43,29,20,55,9,46,34,22,17,6,6,0.7,0.6
2023-10-02T22:00:00,2540A,103.8416,30.0874,眉山市,气象局,,35,35,30,19,19,59,19,52,42,30,22,7,8,0.5,0.5
2023-10-02T22:00:00,2543A,106.6308,30.5278,广安市,小平旧居,,,,,,,,,,,,,,,,
2023-10-02T22:00:00,2544A,106.6303,30.4576,广安市,市委,,13,11,11,9,8,42,30,36,26,7,8,4,5,0.5,0.5
2023-10-02T22:00:00,2545A,106.6271,30.4663,广安市,友谊中学,,15,15,14,6,8,41,32,37,27,9,12,7,7,0.4,0.4
2023-10-02T22:00:00,2547A,106.6388,30.4551,广安市,广电花园,,13,13,10,9,7,39,28,35,27,8,9,7,8,0.3,0.3
2023-10-02T22:00:00,2548A,107.5277,31.2827,达州市,达州职业技术学院,,19,19,10,7,7,45,6,39,22,19,15,5,6,0,0
2023-10-02T22:00:00,2549A,107.5086,31.2186,达州市,市环境监测站,,20,20,12,2,1,38,6,31,20,33,25,10,9,0.5,0.5
2023-10-02T22:00:00,2550A,107.4988,31.2132,达州市,凤凰小区,,16,12,7,5,3,43,8,37,26,32,22,11,9,0.5,0.5
2023-10-02T22:00:00,2551A,107.5082,31.1986,达州市,达县机关宾馆,,18,12,7,6,6,40,10,32,22,35,27,14,10,0.6,0.5
2023-10-02T22:00:00,2552A,107.4644,31.2124,达州市,市政中心,,20,20,18,5,2,41,3,34,22,38,23,8,7,0.7,0.6
2023-10-02T22:00:00,2554A,103.0475,30.02,雅安市,建安厂,,13,11,20,6,14,52,40,48,34,10,14,8,8,0.6,0.6
2023-10-02T22:00:00,2555A,103.0111,29.9833,雅安市,市政府,,16,16,22,8,13,58,41,50,35,7,13,6,6,0.4,0.5
2023-10-02T22:00:00,2556A,102.9905,29.9775,雅安市,川农大,,13,13,20,6,12,48,15,42,24,9,8,7,8,0.3,0.5
2023-10-02T22:00:00,2561A,104.6617,30.1372,资阳市,莲花山,,,,,,,,,,,,,,,,
2023-10-02T22:00:00,2562A,104.6356,30.1506,资阳市,资阳中学,,25,20,27,17,12,79,45,72,67,11,6,5,5,0.6,0.5
2023-10-02T22:00:00,2563A,104.6295,30.1383,资阳市,四三一厂,,31,31,23,21,13,79,49,69,65,10,7,2,3,0.6,0.5
2023-10-02T22:00:00,2564A,104.6463,30.1146,资阳市,师范校,细颗粒物(PM2.5),55,31,23,39,16,78,45,68,64,13,10,4,4,0.6,0.5
2023-10-02T22:00:00,2565A,104.6296,30.1256,资阳市,区法院,,25,20,23,17,15,79,48,72,68,10,6,7,5,0.6,0.5
2023-10-02T22:00:00,2566A,102.1879,31.914,阿坝藏族羌族自治州,州农科所,,29,29,29,16,16,53,30,41,28,10,12,5,4,0.7,0.9
2023-10-02T22:00:00,2568A,102.2502,31.8896,阿坝藏族羌族自治州,马师校,,31,31,13,15,12,80,46,66,48,10,6,4,4,0.5,0.5
2023-10-02T22:00:00,2570A,101.9603,30.0475,甘孜藏族自治州,水桥子,,12,6,6,5,5,63,36,58,54,7,8,6,7,0.4,0.4
2023-10-02T22:00:00,2571A,102.3431,27.8099,凉山彝族自治州,青龙寺,,19,19,11,9,8,60,35,56,49,5,4,6,7,0.5,0.5
2023-10-02T22:00:00,2572A,102.2721,27.8415,凉山彝族自治州,邛海宾馆,,16,13,16,11,9,64,22,59,54,21,9,11,12,0.7,0.6
2023-10-02T22:00:00,2573A,102.2625,27.898,凉山彝族自治州,西昌市政府,,23,20,19,16,13,60,37,57,53,5,7,7,12,0.6,0.7
2023-10-02T22:00:00,2574A,102.2685,27.8851,凉山彝族自治州,凉山州政府,,18,18,17,12,10,59,38,55,52,8,7,8,11,0.7,0.7
2023-10-02T22:00:00,2575A,102.237,27.8914,凉山彝族自治州,长安,,31,31,23,15,11,62,38,58,55,10,10,16,18,0.8,1
2023-10-02T22:00:00,2576A,104.8,26.5892,六盘水市,窑上,,,,,,,,,,,,,,,,
2023-10-02T22:00:00,2577A,104.83,26.5917,六盘水市,黄土坡,,30,17,17,21,12,80,63,75,74,10,6,6,6,0.4,0.4
2023-10-02T22:00:00,2578A,104.89,26.5939,六盘水市,水钢,,32,24,22,22,17,83,65,79,78,6,3,5,5,0.4,0.3
2023-10-02T22:00:00,2579A,104.8475,26.5894,六盘水市,民中,,32,25,16,22,10,80,60,74,74,10,5,6,6,0.6,0.4
2023-10-02T22:00:00,2580A,104.9544,26.5506,六盘水市,双水,,27,27,18,16,11,86,68,79,79,4,4,6,6,0.5,0.5
2023-10-02T22:00:00,2585A,109.1839,27.7344,铜仁地区,铜仁卫校,,19,14,16,13,7,85,39,61,47,4,4,1,1,0.3,0.3
2023-10-02T22:00:00,2586A,109.1753,27.6944,铜仁地区,铜仁七中,,27,27,18,6,8,60,43,53,46,6,5,1,1,0.4,0.4
2023-10-02T22:00:00,2587A,105.2864,27.3125,毕节市,八中,,17,10,24,10,19,68,53,62,54,5,9,5,6,0.6,0.6
2023-10-02T22:00:00,2588A,105.31,27.2944,毕节市,师专,,18,9,24,8,19,70,56,63,56,4,6,4,5,0.5,0.5
2023-10-02T22:00:00,2589A,104.9022,25.0925,黔西南布依族苗族自治州,场坝街,,50,24,19,35,13,67,59,63,60,7,5,3,3,0.1,0.1
2023-10-02T22:00:00,2590A,104.8811,25.0992,黔西南布依族苗族自治州,坪东大道,,,30,21,24,12,65,,63,62,6,6,4,5,0.1,0.1
2023-10-02T22:00:00,2591A,107.9783,26.5747,黔东南苗族侗族自治州,市环境监测站,,32,26,19,22,15,83,57,79,76,12,7,5,5,0.5,0.6
2023-10-02T22:00:00,2593A,107.5228,26.2403,黔南布依族苗族自治州,小围寨,,22,22,15,12,7,83,66,81,76,4,2,4,3,0.4,0.3
2023-10-02T22:00:00,2594A,99.1678,25.1081,保山市,市环境监测站,,22,20,16,15,13,64,19,51,42,5,8,5,5,0.7,0.7
2023-10-02T22:00:00,2595A,99.1711,25.1328,保山市,市环保局,,16,16,17,7,10,63,22,52,44,5,8,5,5,0.4,0.5
2023-10-02T22:00:00,2596A,103.7667,27.3736,昭通市,监测站,,30,30,28,20,18,58,40,56,48,17,12,10,14,0.6,0.5
2023-10-02T22:00:00,2597A,103.7225,27.3361,昭通市,环保局,,36,26,27,25,20,60,37,57,47,18,11,5,10,0.6,0.5
2023-10-02T22:00:00,2598A,100.2143,26.8576,丽江市,西南郊,,,,,,,,,,,,,,,,
2023-10-02T22:00:00,2599A,100.2497,26.8802,丽江市,丽江古城,,28,26,24,19,17,58,24,52,42,17,12,8,9,0.8,0.7
2023-10-02T22:00:00,2600A,100.2203,26.8906,丽江市,市中心,,12,11,14,3,8,59,25,50,39,23,15,9,10,0.6,0.6
2023-10-02T22:00:00,2601A,100.98,22.7633,普洱市,市环保局,,29,29,21,10,6,40,16,40,28,8,8,24,23,0.6,0.6
2023-10-02T22:00:00,2602A,100.9817,22.8322,普洱市,普洱第二中学,,28,19,10,19,12,48,17,41,33,9,8,10,10,0.6,0.3
2023-10-02T22:00:00,2603A,100.0781,23.8982,临沧市,市环保局,,25,19,10,17,15,38,17,35,29,9,8,11,7,0.4,0.4
2023-10-02T22:00:00,2604A,100.0894,23.8822,临沧市,市气象局,,28,22,18,19,17,39,14,34,28,12,9,5,5,0.5,0.4
2023-10-02T22:00:00,2605A,101.5482,25.0441,楚雄州,州环境监测站,,13,13,7,8,6,38,36,36,36,4,4,3,3,0.5,0.5
2023-10-02T22:00:00,2606A,101.538,25.0492,楚雄州,市经济开发区,,20,20,11,14,6,34,31,33,32,6,4,4,4,0.5,0.5
2023-10-02T22:00:00,2608A,103.3772,23.3993,红河州,污水处理厂,,29,24,24,20,19,77,38,72,48,7,6,5,6,0.4,0.4
2023-10-02T22:00:00,2609A,103.3861,23.35,红河州,监测站,颗粒物(PM10),57,63,34,31,23,79,35,70,45,10,7,11,7,0.5,0.4
2023-10-02T22:00:00,2610A,104.2533,23.3594,文山州,州水务局,,29,29,28,13,20,82,53,75,62,7,7,5,5,0.2,0.2
2023-10-02T22:00:00,2611A,104.2319,23.3892,文山州,市便民服务中心,,32,32,27,18,19,80,49,72,58,9,7,9,9,0.3,0.2
2023-10-02T22:00:00,2612A,100.7939,22.0019,西双版纳州,景洪市江南,,21,21,16,13,10,49,17,39,35,10,8,8,7,0.4,0.4
2023-10-02T22:00:00,2613A,100.8017,22.0225,西双版纳州,景洪市江北,,,,,,,,,,,,,,,,
2023-10-02T22:00:00,2614A,100.1542,25.7054,大理州,大理市环境监测站,,22,22,18,8,9,40,31,37,35,8,5,4,4,0.2,0.2
2023-10-02T22:00:00,2615A,100.2171,25.5811,大理州,大理古城,,,,16,,8,56,4,39,25,23,10,6,6,,0.2
2023-10-02T22:00:00,2616A,98.5842,24.428,德宏州,德宏州监测站,,,20,18,2,6,56,16,41,30,13,8,,22,0.4,0.5
2023-10-02T22:00:00,2618A,98.8601,25.8567,怒江州,州监测站,,35,35,24,24,13,59,10,46,37,21,6,8,7,0.6,0.5
2023-10-02T22:00:00,2619A,98.8546,25.8417,怒江州,泸水一中,,22,20,16,15,10,51,6,42,30,21,11,4,4,0.5,0.3
2023-10-02T22:00:00,2621A,99.7056,27.8317,迪庆州,迪庆州站,,31,31,19,18,13,48,18,43,38,22,11,14,12,0.7,0.4
2023-10-02T22:00:00,2622A,97.1806,31.1273,昌都市,昌都监测站,,16,13,9,11,7,64,16,61,41,23,15,7,7,0.4,0.3
2023-10-02T22:00:00,2624A,91.7608,29.2313,山南市,山南监测站,,,14,10,2,4,57,,50,50,2,10,9,9,0.3,0.3
2023-10-02T22:00:00,2625A,91.7706,29.2436,山南市,山南人民医院,,13,12,10,5,4,59,41,51,50,4,10,8,9,0.3,0.4
2023-10-02T22:00:00,2626A,88.8876,29.2718,日喀则市,日喀则监测站,,16,16,11,6,3,62,34,60,46,15,7,5,4,0.6,0.4
2023-10-02T22:00:00,2628A,92.0657,31.4846,那曲地区,那曲监测站,,33,33,20,14,11,77,42,66,42,8,6,5,5,0.7,0.6
2023-10-02T22:00:00,2630A,80.1161,32.5,阿里地区,阿里监测站,,33,6,10,2,5,111,104,108,107,3,9,7,7,0.2,0.2
2023-10-02T22:00:00,2632A,94.3681,29.6376,林芝市,林芝监测站,,13,6,5,2,1,54,39,52,44,2,3,6,6,0.3,0.3
2023-10-02T22:00:00,2633A,94.3616,29.6616,林芝市,林芝人民医院,,12,8,8,5,4,53,36,46,43,4,5,7,7,0.3,0.2
2023-10-02T22:00:00,2634A,106.9893,33.1842,汉中市,汉川机床厂子校,,18,12,7,4,3,78,56,74,68,7,5,18,9,0.3,0.2
2023-10-02T22:00:00,2635A,107.0154,33.0706,汉中市,市监测站,,19,13,10,4,5,82,59,74,70,8,7,6,6,0.6,0.6
2023-10-02T22:00:00,2636A,107.0089,33.1138,汉中市,鑫源开发区,,19,11,9,5,4,84,58,77,73,9,7,8,8,0.4,0.4
2023-10-02T22:00:00,2637A,107.007,33.0323,汉中市,南郑大河坎水厂,,17,14,12,6,7,79,54,74,69,11,10,9,8,0.6,0.6
2023-10-02T22:00:00,2638A,109.7414,38.3344,榆林市,红石峡森林公园,,29,29,25,12,18,104,12,90,69,51,15,5,7,0.5,0.5
2023-10-02T22:00:00,2639A,109.7456,38.2911,榆林市,世纪广场,,24,24,28,12,20,100,49,86,75,35,17,9,12,0.5,0.4
2023-10-02T22:00:00,2640A,109.7289,38.2839,榆林市,实验中学,,21,21,28,10,16,102,49,98,78,40,16,8,10,0.4,0.4
2023-10-02T22:00:00,2641A,109.7336,38.2478,榆林市,环保监测大楼,,27,27,25,12,19,105,41,101,78,41,14,9,10,0.6,0.6
2023-10-02T22:00:00,2642A,109.0318,32.6537,安康市,香溪洞,,20,7,5,5,5,100,64,95,71,7,7,8,7,0.7,0.7
2023-10-02T22:00:00,2643A,109.0281,32.6939,安康市,安康市监测站,,18,17,9,9,6,96,55,90,75,16,10,11,13,0.7,0.6
2023-10-02T22:00:00,2644A,109.0072,32.6975,安康市,汉滨区检察院,,22,22,8,12,6,101,53,94,72,14,9,9,12,0.7,0.6
2023-10-02T22:00:00,2645A,109.9154,33.8715,商洛市,监测站,,21,21,17,11,11,111,42,100,70,14,10,4,8,0.4,0.3
2023-10-02T22:00:00,2647A,104.1724,36.5446,白银市,第三小学,颗粒物(PM10),63,75,38,20,14,91,20,81,71,66,22,12,17,0.8,0.4
2023-10-02T22:00:00,2648A,104.1465,36.5482,白银市,动力公司,,50,50,33,21,15,97,9,86,74,61,15,5,8,0.7,0.6
2023-10-02T22:00:00,2649A,106.0055,34.343,天水市,麦积山,,,,,,,,,,,,,,,,
2023-10-02T22:00:00,2650A,105.7205,34.5786,天水市,公园小学,,36,36,20,24,17,86,18,75,63,28,13,10,11,1.1,1
2023-10-02T22:00:00,2651A,105.8945,34.5538,天水市,麦积国土局,,35,35,20,20,13,88,32,78,69,12,13,7,7,0.8,0.9
2023-10-02T22:00:00,2652A,102.6201,37.9251,武威市,监测站,颗粒物(PM10),52,54,31,34,16,123,24,112,100,62,14,5,5,0.8,0.4
2023-10-02T22:00:00,2654A,100.4698,38.9524,张掖市,润泉湖,,38,38,65,19,19,120,76,111,104,30,17,24,12,0.2,0.3
2023-10-02T22:00:00,2655A,100.4154,38.9422,张掖市,区工会,颗粒物(PM10),53,56,60,19,20,125,60,119,110,43,16,9,8,0.4,0.4
2023-10-02T22:00:00,2656A,106.6692,35.5461,平凉市,聚贤嘉苑,,,,32,,18,73,,65,65,,21,,3,,0.6
2023-10-02T22:00:00,2657A,106.7021,35.5307,平凉市,博物馆,,46,46,38,22,18,79,18,64,56,43,20,6,5,0.6,0.6
2023-10-02T22:00:00,2658A,98.5061,39.7443,酒泉市,仓门街子站,颗粒物(PM10),54,58,62,21,20,123,83,110,101,24,24,4,8,0.5,0.6
2023-10-02T22:00:00,2659A,98.4989,39.7256,酒泉市,油田生活基地,颗粒物(PM10),64,78,67,31,26,126,93,118,112,20,22,7,12,0.5,0.6
2023-10-02T22:00:00,2661A,107.6325,35.7357,庆阳市,庆阳五中,,43,43,21,19,8,78,31,78,46,9,7,5,5,0.7,0.6
2023-10-02T22:00:00,2662A,107.6364,35.7067,庆阳市,市环保局,,43,29,12,30,9,79,37,79,48,13,8,6,6,0.7,0.6
2023-10-02T22:00:00,2663A,104.6241,35.5734,定西市,东关小学,颗粒物(PM10),66,81,38,29,20,83,9,77,59,47,15,4,3,0.5,0.2
2023-10-02T22:00:00,2664A,104.6194,35.5934,定西市,供电公司,颗粒物(PM10),72,93,37,33,21,81,2,74,52,62,22,4,4,0.5,0.2
2023-10-02T22:00:00,2665A,105.0822,33.3261,陇南市,汉王镇固水子,,,,,,,,,,,,,,,,
2023-10-02T22:00:00,2667A,103.2069,35.5993,临夏回族自治州,环保局,,38,38,33,20,16,74,58,69,65,13,13,4,5,0.6,0.6
2023-10-02T22:00:00,2668A,103.2417,35.6057,临夏回族自治州,建设大厦,,31,31,23,10,11,92,66,83,80,12,6,6,6,0.6,0.5
2023-10-02T22:00:00,2669A,102.9099,34.9841,甘南州,州政府,,32,32,19,22,17,70,41,62,54,20,16,4,4,0.4,0.3
2023-10-02T22:00:00,2671A,100.9048,36.9639,海北藏族自治州,海晏县西海镇,,39,30,29,27,13,102,88,97,94,11,8,22,12,0.7,0.6
2023-10-02T22:00:00,2672A,102.0199,35.5102,黄南藏族自治州,同仁县隆务镇,颗粒物(PM10),55,60,31,20,10,88,64,82,76,18,12,13,12,0.5,0.4
2023-10-02T22:00:00,2673A,100.6188,36.2866,海南藏族自治州,共和县恰卜恰镇,细颗粒物(PM2.5),58,51,30,41,22,101,14,96,78,45,18,12,11,0.4,0.3
2023-10-02T22:00:00,2674A,100.2561,34.4714,果洛藏族自治州,玛沁县大武镇,,39,31,21,27,16,87,42,70,62,17,13,11,11,0.5,0.4
2023-10-02T22:00:00,2675A,97,33.0014,玉树藏族自治州,玉树县结古镇,,22,6,6,5,5,87,68,80,76,11,11,10,10,0.6,0.5
2023-10-02T22:00:00,2676A,97.3731,37.3753,海西蒙古族藏族自治州,德令哈市,,46,46,57,27,15,108,65,102,91,12,11,6,10,0.5,0.6
2023-10-02T22:00:00,2677A,106.1532,37.9648,吴忠市,教育园区,颗粒物(PM10),63,76,57,26,20,150,62,134,119,49,21,11,12,0.5,0.5
2023-10-02T22:00:00,2679A,106.1856,37.9956,吴忠市,新区二泵站,颗粒物(PM10),62,73,49,37,22,140,71,121,110,44,20,15,13,0.7,0.7
2023-10-02T22:00:00,2680A,105.0025,37.4635,中卫市,沙坡头消防站,,,,,,,,,,,,,,,,
2023-10-02T22:00:00,2682A,105.1971,37.5002,中卫市,环保局站,颗粒物(PM10),63,75,48,29,19,128,45,116,96,49,17,8,9,0.6,0.5
2023-10-02T22:00:00,2683A,106.2319,36.1417,固原市,马园,,50,50,31,28,16,101,6,86,56,41,20,7,7,0.7,0.6
2023-10-02T22:00:00,2684A,106.2792,36.0022,固原市,监测站,颗粒物(PM10),51,52,30,26,20,87,17,70,54,34,14,3,3,0.7,0.6
2023-10-02T22:00:00,2685A,106.2375,36.0211,固原市,新区,,,49,28,23,14,86,12,74,54,45,18,,6,0.7,0.6
2023-10-02T22:00:00,2686A,89.1904,42.9418,吐鲁番地区,市环保局,颗粒物(PM10),79,108,46,33,12,111,46,103,92,62,23,6,6,0.8,0.5
2023-10-02T22:00:00,2687A,89.1673,42.9559,吐鲁番地区,地区环保局,颗粒物(PM10),96,142,52,57,12,108,35,100,85,66,25,5,4,0.9,0.5
2023-10-02T22:00:00,2688A,93.5128,42.8172,哈密地区,地区监测站,颗粒物(PM10),73,95,43,34,17,123,20,103,88,91,28,5,5,1.2,0.4
2023-10-02T22:00:00,2689A,93.4961,42.8328,哈密地区,哈密师范学校,颗粒物(PM10),71,92,54,29,18,114,26,94,81,68,27,4,5,0.8,0.3
2023-10-02T22:00:00,2690A,88.1236,43.8886,昌吉州,天山天池,,39,20,9,27,8,91,43,79,66,6,6,6,6,0.6,0.5
2023-10-02T22:00:00,2692A,87.2717,44.0297,昌吉州,新区政务中心,,41,41,41,8,21,116,7,96,86,75,35,6,6,0.8,0.6
2023-10-02T22:00:00,2693A,82.0485,44.8556,博尔塔拉蒙古自治州,市党校,,42,42,34,11,10,110,76,104,102,38,14,9,9,0.2,0.2
2023-10-02T22:00:00,2694A,82.0806,44.8969,博尔塔拉蒙古自治州,市环保局,,48,48,35,18,14,113,26,103,92,95,27,11,9,1.3,0.5
2023-10-02T22:00:00,2695A,80.292,41.1694,阿克苏地区,电视台,颗粒物(PM10),101,151,92,33,29,103,34,88,82,57,20,9,7,1.1,0.6
2023-10-02T22:00:00,2696A,80.2613,41.1551,阿克苏地区,艺术中心,颗粒物(PM10),85,120,100,44,37,102,20,85,76,62,32,6,7,0.7,0.6
2023-10-02T22:00:00,2697A,76.1454,39.7142,克孜勒苏柯尔克孜自治州,市人民政府,颗粒物(PM10),93,135,83,49,31,111,60,105,100,31,12,3,5,0.5,0.3
2023-10-02T22:00:00,2698A,76.0072,39.4467,喀什地区,巡警大队,颗粒物(PM10),100,149,135,53,39,108,9,98,87,88,41,5,4,1.6,0.9
2023-10-02T22:00:00,2699A,75.9755,39.4694,喀什地区,吾办,颗粒物(PM10),123,196,135,76,49,107,37,96,91,54,38,5,5,1.0,0.8
2023-10-02T22:00:00,2700A,75.9538,39.4682,喀什地区,市环境监测站,颗粒物(PM10),131,211,140,44,41,105,9,91,84,77,38,5,5,0.9,0.6
2023-10-02T22:00:00,2703A,81.2815,43.9404,伊犁哈萨克州,市环保局,颗粒物(PM10),56,62,59,17,24,89,72,79,79,22,38,12,10,0.5,0.8
2023-10-02T22:00:00,2704A,81.2996,43.9174,伊犁哈萨克州,新政府片区,,46,46,42,20,23,92,62,80,79,21,30,10,10,0.6,0.9
2023-10-02T22:00:00,2705A,81.3364,43.941,伊犁哈萨克州,第二水厂,颗粒物(PM10),57,64,47,24,21,91,66,75,74,26,33,9,7,0.3,0.5
2023-10-02T22:00:00,2706A,82.9994,46.7432,塔城地区,东门外小游园,,29,25,23,20,11,89,33,77,63,6,8,10,8,0.4,0.3
2023-10-02T22:00:00,2708A,88.1264,47.8517,阿勒泰地区,市站,,44,44,23,18,5,86,62,78,65,9,12,4,4,0.4,0.3
2023-10-02T22:00:00,2709A,86.0497,44.2967,石河子市,艾青诗歌馆,,36,32,38,25,18,113,41,102,95,48,20,5,7,0.4,0.3
2023-10-02T22:00:00,2710A,86.0697,44.3075,石河子市,阳光学校,,,49,43,28,21,111,,104,104,,22,,8,,0.4
2023-10-02T22:00:00,2711A,87.5475,44.1756,五家渠市,农水大厦,,28,28,45,9,18,94,36,82,76,44,26,7,2,0.5,0.4
2023-10-02T22:00:00,2835A,101.7227,26.567,攀枝花市,四十中小,,15,15,9,9,7,76,26,65,54,29,11,5,5,0.7,0.6
2023-10-02T22:00:00,2842A,118.0936,24.5058,厦门市,湖里中学,,49,49,40,17,17,117,74,102,89,17,12,2,2,0.5,0.5
2023-10-02T22:00:00,2845A,113.1569,36.1911,长治市,德盛苑,,28,28,32,17,23,94,66,76,71,16,19,9,10,0.5,0.8
2023-10-02T22:00:00,2846A,113.3221,23.1322,广州市,体育西,,28,27,21,19,14,138,64,112,92,11,8,4,4,0.7,0.7
2023-10-02T22:00:00,2858A,117.7918,39.2474,天津市,河西一经路,颗粒物(PM10),56,62,62,27,30,165,89,139,129,51,42,12,12,0.6,0.7
2023-10-02T22:00:00,2859A,117.3747,38.9846,天津市,津沽路,颗粒物(PM10),57,64,65,26,32,151,77,134,116,31,48,6,8,0.5,0.5
2023-10-02T22:00:00,2860A,117.1589,39.0845,天津市,宾水西道,颗粒物(PM10),54,58,63,26,35,143,79,132,116,25,32,8,7,0.7,0.8
2023-10-02T22:00:00,2862A,114.5481,38.0378,石家庄市,22中南校区,颗粒物(PM10),53,56,52,28,26,117,38,91,71,40,45,4,6,0.5,0.7
2023-10-02T22:00:00,2865A,112.7195,37.6828,晋中市,榆次三中,细颗粒物(PM2.5),104,151,87,78,39,88,44,78,67,49,44,17,15,1.2,1
2023-10-02T22:00:00,2867A,111.1283,37.51,吕梁市,马茂庄小学,颗粒物(PM10),59,67,79,17,29,92,12,55,49,72,48,5,7,0.6,0.8
2023-10-02T22:00:00,2868A,126.4739,43.953,吉林市,九站,细颗粒物(PM2.5),68,77,33,49,16,90,5,80,42,60,30,12,8,0.9,0.6
2023-10-02T22:00:00,2869A,119.447,32.4155,扬州市,五台山医院,,36,36,29,18,12,89,71,83,77,14,15,4,5,0.8,0.8
2023-10-02T22:00:00,2870A,119.4424,32.1873,镇江市,市疾控中心,,36,36,27,19,10,108,70,99,86,24,20,6,5,0.4,0.3
2023-10-02T22:00:00,2871A,121.6147,29.9017,宁波市,万里国际学校,,26,26,25,14,9,124,69,116,98,30,22,8,8,0.5,0.4
2023-10-02T22:00:00,2872A,120.7846,30.7525,嘉兴市,南湖区残联,,24,19,23,9,8,107,75,99,88,17,17,4,4,0.4,0.4
2023-10-02T22:00:00,2873A,120.0875,30.8955,湖州市,仁皇山新区,,29,29,25,11,9,118,85,106,101,20,20,4,4,0.4,0.4
2023-10-02T22:00:00,2875A,115.784,32.8892,阜阳市,阜阳职业技术学院,,24,13,24,13,17,79,76,68,67,9,13,4,4,0.3,0.4
2023-10-02T22:00:00,2877A,119.1641,36.6523,潍坊市,坊子邮政,颗粒物(PM10),53,56,34,24,17,160,91,149,129,31,24,10,9,0.8,0.5
2023-10-02T22:00:00,2878A,116.0072,36.4343,聊城市,聊大东校,颗粒物(PM10),60,69,51,33,24,130,24,114,79,73,37,1,4,0.5,0.4
2023-10-02T22:00:00,2880A,104.0239,30.65639,成都市,大石西路,,43,43,39,21,22,69,36,58,57,28,20,3,4,0.7,0.6
2023-10-02T22:00:00,2881A,107.8908,26.5311,黔东南苗族侗族自治州,凯里学院,,26,24,20,13,13,86,81,83,82,4,6,6,6,0.5,0.6
2023-10-02T22:00:00,2882A,102.5389,24.3703,玉溪市,玉溪一中,,23,18,17,16,9,59,22,50,43,21,13,8,8,0.7,0.7
2023-10-02T22:00:00,2883A,102.5381,24.3389,玉溪市,文体中心,,13,8,17,9,10,54,35,48,44,9,12,7,9,0.8,0.9
2023-10-02T22:00:00,2884A,98.2672,39.7978,嘉峪关市,酒钢宾馆,颗粒物(PM10),52,53,69,14,21,126,95,113,112,16,26,12,40,0.4,0.7
2023-10-02T22:00:00,2885A,104.9339,33.3826,陇南市,滨江中学,颗粒物(PM10),59,68,36,12,11,60,21,51,43,30,20,7,7,0.7,0.6
2023-10-02T22:00:00,2894A,117.0566,32.6531,淮南市,经济技术开发区消防队,,29,29,31,9,11,93,56,81,71,22,19,4,6,0.3,0.2
2023-10-02T22:00:00,2897A,123.2444,41.7347,沈阳市,沈辽西路,颗粒物(PM10),67,83,56,36,23,118,70,109,101,31,31,14,20,1.0,0.9
2023-10-02T22:00:00,2900A,123.5953,41.9086,沈阳市,裕农路,颗粒物(PM10),55,60,40,27,20,113,66,101,96,33,29,32,13,0.8,0.9
2023-10-02T22:00:00,2902A,106.6351,30.4865,广安市,北辰小学,,13,10,11,9,7,34,30,31,24,6,9,7,8,0.4,0.4
2023-10-02T22:00:00,2907A,120.1844,30.8596,湖州市,吴兴区站,,25,25,27,11,9,111,80,101,94,17,17,5,6,0.4,0.4
2023-10-02T22:00:00,2914A,106.7677,31.8794,巴中市,苏山坪,,11,8,9,5,4,47,35,39,39,8,7,5,4,0.4,0.4
2023-10-02T22:00:00,2919A,116.7022,39.5453,廊坊市,河北工业大学,颗粒物(PM10),70,90,79,33,32,135,76,114,105,30,38,6,8,0.5,0.5
2023-10-02T22:00:00,2920A,117.7116,24.506,漳州市,蓝田镇,颗粒物(PM10),52,54,32,14,10,163,84,137,118,12,7,9,7,0.5,0.5
2023-10-02T22:00:00,2921A,120.5483,30.0003,绍兴市,树下王站,,36,36,29,14,11,113,83,110,103,16,11,8,8,0.6,0.5
2023-10-02T22:00:00,2922A,117.1941,39.1067,天津市,大理道,颗粒物(PM10),58,66,66,26,35,149,85,138,124,26,35,8,8,0.7,0.8
2023-10-02T22:00:00,2924A,106.2266,38.4418,银川市,水乡路,颗粒物(PM10),80,109,59,27,20,134,10,120,86,111,27,9,8,1.0,0.6
2023-10-02T22:00:00,2925A,106.2757,38.4842,银川市,上海东路,颗粒物(PM10),59,68,33,33,24,141,21,131,104,95,23,12,13,0.9,0.6
2023-10-02T22:00:00,2926A,106.1015,38.497,银川市,文昌北街,颗粒物(PM10),57,63,52,25,30,141,38,125,101,60,29,8,11,0.6,0.6
2023-10-02T22:00:00,2929A,114.8858,30.4519,黄冈市,红卫路,,50,50,51,17,33,117,50,105,81,2,6,4,8,0.7,0.9
2023-10-02T22:00:00,2996A,118.283,33.965,宿迁市,市供电局,,,44,29,21,13,111,46,100,83,32,17,,6,0.4,0.3
2023-10-02T22:00:00,2997A,119.8767,32.3289,泰州市,王营,,40,40,25,24,9,98,60,89,76,22,16,9,8,0.6,0.6
2023-10-02T22:00:00,3000A,119.3581,34.6972,连云港市,德源药业,,36,36,28,5,7,122,44,108,78,43,24,5,6,0.8,0.6
2023-10-02T22:00:00,3002A,119.9805,31.8174,常州市,行政中心,,24,24,28,10,11,111,76,101,93,16,16,5,6,0.2,0.3
2023-10-02T22:00:00,3003A,120.0522,31.7748,常州市,经开区,,29,29,30,7,8,119,74,106,95,29,25,9,8,0.6,0.7
2023-10-02T22:00:00,3004A,120.1544,33.3663,盐城市,宝龙广场,,25,24,19,9,9,108,78,102,95,16,11,8,7,0.3,0.2
2023-10-02T22:00:00,3005A,117.1814,34.29,徐州市,鼓楼区政府,,37,37,27,25,16,114,79,103,95,19,19,9,8,0.3,0.3
2023-10-02T22:00:00,3006A,117.1694,34.1781,徐州市,铜山区招生办,,,48,34,20,13,116,,106,98,20,21,6,7,0.4,0.4
2023-10-02T22:00:00,3007A,119.178,34.844,连云港市,新城一中,,32,28,33,10,13,144,44,132,110,64,27,5,9,0.6,0.7
2023-10-02T22:00:00,3008A,119.3608,34.7519,连云港市,胡沟管理处,,30,19,21,5,5,123,96,112,106,14,14,8,10,0.6,0.7
2023-10-02T22:00:00,3009A,119.1478,34.5911,连云港市,矿山设计院,,29,29,28,9,10,119,80,106,96,16,19,7,8,0.5,0.4
2023-10-02T22:00:00,3010A,119.9025,31.7964,常州市,钟楼,,26,22,29,8,12,107,82,98,93,17,19,6,8,0.2,0.3
2023-10-02T22:00:00,3012A,112.1849,31.0362,荆门市,西山林语,,,2,7,4,9,103,,103,89,5,5,8,7,0.5,0.4
2023-10-02T22:00:00,3014A,106.4958,29.5346,重庆市,歇台子,,42,42,20,18,10,26,11,20,12,28,24,6,6,0.5,0.4
2023-10-02T22:00:00,3015A,106.4037,29.5728,重庆市,龙井湾,,25,25,22,14,7,39,17,33,28,19,12,6,6,0.7,0.7
2023-10-02T22:00:00,3016A,106.5507,29.4153,重庆市,龙洲湾,,26,26,18,16,8,34,25,30,27,16,12,7,7,0.6,0.6
2023-10-02T22:00:00,3018A,111.505,36.1014,临汾市,唐尧大酒店,颗粒物(PM10),59,68,46,28,21,73,24,64,59,52,28,11,12,0.9,0.7
2023-10-02T22:00:00,3020A,117.2101,39.1699,天津市,中山北路,颗粒物(PM10),52,53,59,21,30,145,97,131,122,18,29,4,5,0.4,0.5
2023-10-02T22:00:00,3021A,115,35.7668,濮阳市,濮水河管理处,颗粒物(PM10),57,63,37,38,21,100,54,86,74,33,26,6,6,0.5,0.4
2023-10-02T22:00:00,3025A,113.0477,23.6344,清远市,技师学院,,30,30,15,17,10,91,24,87,67,20,8,5,5,0.6,0.5
2023-10-02T22:00:00,3026A,116.6183,23.6608,潮州市,市政府,,41,41,36,14,15,171,110,154,146,10,10,4,6,0.6,0.6
2023-10-02T22:00:00,3027A,104.72,29.3427,自贡市,青杠林路,细颗粒物(PM2.5),69,66,45,50,33,69,25,52,49,18,15,5,5,0.4,0.4
2023-10-02T22:00:00,3028A,104.776,29.3627,自贡市,檀木林体育馆,细颗粒物(PM2.5),70,69,45,51,36,59,23,43,42,20,16,6,5,0.5,0.4
2023-10-02T22:00:00,3033A,87.4651,43.4569,乌鲁木齐市,培训基地,,39,39,18,9,5,110,82,100,98,14,8,2,1,0.8,0.5
2023-10-02T22:00:00,3034A,113.1076,41.0385,乌兰察布市,光明街小学,,45,43,52,31,25,146,105,124,118,6,14,10,13,0.5,0.5
2023-10-02T22:00:00,3035A,122.0931,46.0707,兴安盟,北滨河,,35,35,39,15,18,80,47,61,49,17,21,3,5,0.3,0.8
2023-10-02T22:00:00,3036A,118.6904,37.4338,东营市,开发区管委会,,45,33,65,12,33,221,143,190,180,10,40,4,19,0.3,0.5
2023-10-02T22:00:00,3038A,103.3758,23.368,红河州,州图书馆,,29,15,19,20,15,77,40,69,46,8,5,4,3,0.3,0.4
2023-10-02T22:00:00,3039A,111.1911,34.7829,三门峡市,三门峡市第一小学,,27,27,12,12,7,99,43,94,61,24,13,4,7,0.6,0.4
2023-10-02T22:00:00,3045A,109.9643,33.8471,商洛市,商州区中学,,29,29,20,15,14,103,8,91,53,35,16,4,5,0.5,0.5
2023-10-02T22:00:00,3046A,115.9084,28.6062,南昌市,机电学校,,42,42,34,24,16,121,89,107,98,6,6,6,6,0.5,0.5
2023-10-02T22:00:00,3048A,119.5799,26.0936,福州市,九龙,,36,28,35,8,13,144,115,139,117,6,7,4,4,0.4,0.4
2023-10-02T22:00:00,3051A,117.3876,39.1488,天津市,西四道,颗粒物(PM10),57,63,64,26,33,146,67,128,111,41,42,8,9,0.4,0.4
2023-10-02T22:00:00,3054A,113.9194,35.2847,新乡市,市委党校,,35,35,22,20,16,99,60,95,87,20,11,8,10,0.9,0.8
2023-10-02T22:00:00,3055A,101.7775,36.6428,西宁市,城北区政府,,46,31,18,32,17,99,67,84,79,25,21,8,8,0.4,0.4
2023-10-02T22:00:00,3057A,121.5992,37.4014,烟台市,牟平检察院,,46,46,34,24,19,132,80,122,112,15,14,4,4,0.3,0.3
2023-10-02T22:00:00,3058A,119.2658,42.0353,赤峰市,银河街,,46,46,64,13,20,124,90,113,107,19,24,21,23,0.6,0.5
2023-10-02T22:00:00,3059A,117.7161,36.2049,济南市,泰兴公司,颗粒物(PM10),54,58,44,27,19,141,45,124,105,69,44,7,8,1.1,0.9
2023-10-02T22:00:00,3061A,119.7512,49.1577,呼伦贝尔市,国华电力东,,35,35,23,15,13,78,20,70,58,31,14,2,2,0.5,0.3
2023-10-02T22:00:00,3064A,117.6867,36.2171,济南市,莱芜战役纪念馆,,41,41,41,19,16,138,82,123,112,38,38,5,6,0.4,0.6
2023-10-02T22:00:00,3065A,101.9533,29.9972,甘孜藏族自治州,州环保局,,15,15,9,1,4,65,40,60,54,13,11,7,7,0.5,0.3
2023-10-02T22:00:00,3066A,116.2721,37.4379,德州市,九衢泉纯净水厂,颗粒物(PM10),59,68,62,35,27,138,65,120,96,41,50,6,8,0.4,0.4
2023-10-02T22:00:00,3109A,115.0093,25.8613,赣州市,赣县区卫计委,颗粒物(PM10),53,55,34,14,24,81,26,69,58,21,9,7,7,1.0,1
2023-10-02T22:00:00,3122A,105.9606,26.2611,安顺市,伍家关,,,,,,,,,,,,,,,,
2023-10-02T22:00:00,3123A,105.9408,26.2431,安顺市,凤凰山,,32,23,18,22,15,74,66,71,70,7,4,6,7,0.5,0.5
2023-10-02T22:00:00,3124A,105.9439,26.2564,安顺市,金钟山,,26,23,21,18,18,73,70,70,70,4,3,7,7,0.4,0.4
2023-10-02T22:00:00,3125A,105.8983,26.2481,安顺市,娄家坡,,23,21,18,16,16,70,68,66,66,4,2,6,6,0.5,0.5
2023-10-02T22:00:00,3128A,92.0506,31.4797,那曲地区,那曲会议中心,,16,13,21,6,7,81,49,69,56,8,8,6,6,0.3,0.4
2023-10-02T22:00:00,3131A,114.879,40.7993,张家口市,烟厂,颗粒物(PM10),55,60,45,26,13,83,27,70,45,48,25,3,4,0.5,0.4
2023-10-02T22:00:00,3132A,119.610547,39.943889,秦皇岛市,文明里,颗粒物(PM10),61,72,67,29,21,138,100,129,122,31,40,12,20,0.6,0.8
2023-10-02T22:00:00,3133A,106.5468,29.5654,重庆市,上清寺,,32,32,17,20,12,15,4,12,6,51,35,6,6,1.2,1.1
2023-10-02T22:00:00,3134A,113.8172,34.0339,许昌市,市一中,细颗粒物(PM2.5),82,54,35,60,35,78,36,64,52,25,22,2,4,0.5,0.6
2023-10-02T22:00:00,3136A,104.2725,30.5589,成都市,龙泉驿区区政府,,12,12,27,7,18,80,36,67,64,20,18,4,6,0.7,0.6
2023-10-02T22:00:00,3137A,103.8578,30.0744,眉山市,市委党校,,41,41,40,22,20,60,20,50,43,33,26,7,9,0.5,0.5
2023-10-02T22:00:00,3138A,111.7153,29.0289,常德市,武陵区永安,,17,14,19,7,11,77,52,76,61,8,7,4,4,0.6,0.6
2023-10-02T22:00:00,3139A,111.6892,28.9881,常德市,鼎城区玉霞,,18,13,21,9,13,84,57,80,66,12,10,6,7,0.5,0.5
2023-10-02T22:00:00,3140A,111.6625,29.0531,常德市,武陵区长庚,,18,16,21,11,13,78,55,77,61,8,6,5,5,0.6,0.6
2023-10-02T22:00:00,3141A,114.3922,36.0878,安阳市,信访局,,44,44,43,20,19,99,63,96,88,24,22,8,12,0.4,0.4
2023-10-02T22:00:00,3147A,114.3438,34.8106,开封市,龙亭公园,,36,33,27,25,15,95,66,83,74,16,14,9,8,0.5,0.5
2023-10-02T22:00:00,3148A,103.8291,30.0564,眉山市,区人社局,颗粒物(PM10),52,54,37,24,20,57,17,46,39,35,26,13,11,0.7,0.7
2023-10-02T22:00:00,3149A,115.0235,30.1578,黄石市,笔架山北路,,48,48,50,23,20,115,79,102,94,11,11,7,7,0.4,0.6
2023-10-02T22:00:00,3151A,114.375,27.8097,宜春市,宜春学院北校区,细颗粒物(PM2.5),65,68,45,47,26,101,47,88,83,33,16,4,11,1.2,0.8
2023-10-02T22:00:00,3153A,114.3877,30.4908,武汉市,民族大道182号,,21,14,43,13,25,90,65,79,57,12,19,7,9,0.8,0.7
2023-10-02T22:00:00,3164A,119.4686,32.3942,扬州市,广陵建设局,,38,38,29,19,11,92,72,84,77,19,21,6,6,0.5,0.4
2023-10-02T22:00:00,3165A,108.6594,34.2969,咸阳市,两寺渡,,30,25,23,21,16,82,14,76,44,49,21,5,5,0.6,0.5
2023-10-02T22:00:00,3169A,113.2725,35.2067,焦作市,太极体育中心,,33,33,29,15,17,99,44,80,74,18,16,6,8,0.8,0.8
2023-10-02T22:00:00,3170A,102.1864,38.5253,金昌市,市委党校,颗粒物(PM10),54,58,28,32,17,125,59,118,108,41,9,11,13,0.7,0.5
2023-10-02T22:00:00,3171A,115.6071,34.4465,商丘市,梁园区档案局,颗粒物(PM10),70,89,51,39,29,106,8,90,66,57,27,7,8,0.5,0.4
2023-10-02T22:00:00,3173A,117.0598,30.5351,安庆市,市人大,,39,39,40,18,17,126,79,104,92,20,20,10,11,0.6,0.6
2023-10-02T22:00:00,3178A,119.0587,36.721,潍坊市,潍坊七中,颗粒物(PM10),67,83,45,43,18,159,76,148,128,40,28,9,9,0.6,0.5
2023-10-02T22:00:00,3179A,102.7494,25.0119,昆明市,官渡区博物馆,,25,25,14,9,7,60,38,55,51,12,7,12,8,0.5,0.4
2023-10-02T22:00:00,3180A,99.7136,27.8094,迪庆州,质量技术监督局,,12,12,17,7,7,46,34,44,41,10,10,7,8,0.6,0.5
2023-10-02T22:00:00,3182A,106.7656,31.8545,巴中市,丽阳花园,,18,18,14,9,8,42,5,36,27,23,15,6,6,0.8,0.6
2023-10-02T22:00:00,3183A,106.7418,31.8654,巴中市,圣泉水务公司,,23,23,12,12,7,39,2,32,27,23,18,5,5,0.8,0.6
2023-10-02T22:00:00,3186A,103.7158,36.1058,兰州市,教育港,颗粒物(PM10),57,64,35,39,28,83,6,72,56,67,23,8,7,1.1,0.5
2023-10-02T22:00:00,3187A,116.9509,33.666,宿州市,远航博物馆,,34,34,44,9,16,105,51,94,79,18,11,4,4,0.3,0.3
2023-10-02T22:00:00,3188A,115.6683,37.7217,衡水市,市城管局,颗粒物(PM10),56,61,57,24,24,136,69,116,94,29,35,5,7,0.4,0.4
2023-10-02T22:00:00,3190A,116.0254,29.6994,九江市,外国语学校,,40,39,39,28,27,118,76,106,98,22,18,8,12,0.8,0.9
2023-10-02T22:00:00,3191A,118.3225,33.9447,宿迁市,宿豫区政府,,41,41,35,19,14,115,66,103,87,29,23,7,7,0.4,0.3
2023-10-02T22:00:00,3192A,80.0903,32.5028,阿里地区,阿里藏医院,,33,13,12,2,3,108,104,106,106,2,4,6,6,0.2,0.2
2023-10-02T22:00:00,3194A,112.2747,30.3122,荆州市,管委会,,21,11,19,12,14,86,67,84,70,10,9,6,6,0.4,0.4
2023-10-02T22:00:00,3195A,119.3633,32.3972,扬州市,市体育局,,36,36,30,16,11,93,74,85,79,17,19,5,6,0.5,0.5
2023-10-02T22:00:00,3200A,115.9819,36.4978,聊城市,监控中心,,,,,,,,,,,,,,,,
2023-10-02T22:00:00,3201A,102.6486,37.9325,武威市,东关招商场,细颗粒物(PM2.5),85,53,31,63,18,122,80,115,110,30,11,5,5,0.6,0.4
2023-10-02T22:00:00,3204A,113.3025,33.73,平顶山市,规划局,,36,27,28,25,18,100,54,82,64,16,14,5,6,0.5,0.4
2023-10-02T22:00:00,3206A,114.9149,27.807,新余市,新钢沁园村,颗粒物(PM10),52,53,49,28,22,98,59,83,80,16,12,7,12,0.6,0.6
2023-10-02T22:00:00,3207A,118.3118,32.3038,滁州市,市政府原办公楼,,34,34,32,18,15,93,56,82,71,22,21,7,9,0.3,0.3
2023-10-02T22:00:00,3208A,112.7283,38.4153,忻州市,市政府,细颗粒物(PM2.5),79,102,67,58,35,66,8,52,42,73,50,15,25,1.2,0.9
2023-10-02T22:00:00,3209A,119.5231,26.6562,宁德市,宁德一中,,,29,32,4,9,151,,132,119,7,10,5,6,0.6,0.7
2023-10-02T22:00:00,3210A,114.3644,34.7964,开封市,汴京公园,,37,37,29,25,18,97,67,84,74,18,17,8,8,0.5,0.5
2023-10-02T22:00:00,3216A,114.6622,24.5183,漳州市,漳州党校,颗粒物(PM10),54,57,28,13,8,163,84,137,120,16,9,7,5,0.5,0.6
2023-10-02T22:00:00,3237A,117.4918,30.6617,池州市,展览馆,,46,46,38,16,14,112,61,101,90,24,11,10,6,0.5,0.5
2023-10-02T22:00:00,3239A,125.0764,42.9078,辽源市,银鹰制药,颗粒物(PM10),54,58,29,23,13,99,6,90,43,51,27,8,8,1.0,0.6
2023-10-02T22:00:00,3241A,103.7439,36.0842,兰州市,百合公园,颗粒物(PM10),61,71,39,35,27,78,5,72,53,68,27,8,7,1.3,0.7
2023-10-02T22:00:00,3242A,103.9611,35.998,兰州市,和平,,47,47,37,32,22,79,16,73,50,36,24,7,10,0.4,0.4
2023-10-02T22:00:00,3245A,103.6633,36.533,兰州新区,新区管委会,颗粒物(PM10),56,62,43,29,27,95,32,87,78,46,15,9,9,0.7,0.5
2023-10-02T22:00:00,3246A,103.6975,36.4789,兰州新区,舟曲中学,颗粒物(PM10),53,56,37,27,21,97,34,86,74,53,19,8,13,0.8,0.7
2023-10-02T22:00:00,3247A,104.955,33.371,陇南市,市总工会,,37,37,27,8,5,63,31,53,49,22,18,6,6,0.4,0.5
2023-10-02T22:00:00,3248A,98.2643,39.7724,嘉峪关市,雄关区,颗粒物(PM10),51,51,50,29,18,128,76,112,108,29,31,6,14,0.3,0.4
2023-10-02T22:00:00,3265A,121.4316,31.3322,上海市,宝山庙行,,25,21,30,12,10,92,78,89,84,23,22,10,10,0.5,0.5
2023-10-02T22:00:00,3266A,121.8791,31.4662,上海市,崇明上实东滩,,29,16,19,4,4,103,92,98,94,7,7,3,3,0.6,0.5
2023-10-02T22:00:00,3268A,121.3162,31.2838,上海市,嘉定南翔,,27,19,21,6,7,104,86,97,92,16,18,6,7,0.5,0.5
2023-10-02T22:00:00,3269A,121.3359,30.7456,上海市,金山新城,,27,23,26,9,8,115,85,109,101,22,19,8,8,0.3,0.3
2023-10-02T22:00:00,3270A,121.4996,31.0739,上海市,闵行浦江,,31,31,25,12,9,101,67,96,86,28,21,6,6,0.4,0.4
2023-10-02T22:00:00,3271A,121.2886,31.1663,上海市,青浦徐泾,,27,22,26,5,9,105,85,100,95,20,24,8,8,0.4,0.4
2023-10-02T22:00:00,3272A,121.2186,31.0378,上海市,松江图书馆,,31,31,31,10,10,108,77,102,92,22,22,5,4,0.5,0.6
2023-10-02T22:00:00,3273A,121.3902,31.2059,上海市,长宁仙霞,,27,27,31,3,8,104,82,98,94,21,23,6,6,0.5,0.5
2023-10-02T22:00:00,3274A,121.7965,31.0507,上海市,浦东惠南,,37,37,26,10,6,105,60,99,89,28,11,8,8,0.6,0.6
2023-10-02T22:00:00,3281A,115.9718,40.4529,北京市,延庆夏都,颗粒物(PM10),56,61,41,31,19,89,52,80,76,27,21,3,3,0.5,0.4
2023-10-02T22:00:00,3282A,113.3397,40.0597,大同市,大同市卫生学校,颗粒物(PM10),72,94,72,42,28,112,32,97,86,69,49,18,18,0.8,0.7
2023-10-02T22:00:00,3283A,109.9154,40.5685,包头市,滨河大厦,,42,42,42,13,17,111,52,88,81,36,38,10,16,0.5,0.7
2023-10-02T22:00:00,3284A,106.813,39.7274,乌海市,海北新区,颗粒物(PM10),68,85,61,20,20,132,36,104,89,55,31,18,39,0.8,1
2023-10-02T22:00:00,3285A,113.1376,40.9509,乌兰察布市,北京八中,,37,37,72,19,27,143,95,119,113,18,37,19,29,0.4,0.6
2023-10-02T22:00:00,3286A,118.9359,42.3147,赤峰市,桥北物流园区,,32,31,36,16,13,134,101,114,111,27,35,8,8,0.5,0.4
2023-10-02T22:00:00,3287A,119.3842,32.1976,镇江市,富润路1号,,34,34,27,21,13,107,64,97,86,14,7,7,6,0.6,0.6
2023-10-02T22:00:00,3288A,117.4754,34.4422,徐州市,大泉街道,,43,43,32,19,14,123,81,115,104,16,16,8,8,0.4,0.4
2023-10-02T22:00:00,3289A,120.743,31.3188,苏州市,方洲路,,29,29,24,11,9,110,68,100,89,30,23,9,9,0.6,0.6
2023-10-02T22:00:00,3290A,120.5031,31.2774,苏州市,木渎中学,,23,18,18,4,5,115,73,102,95,24,19,8,8,0.4,0.5
2023-10-02T22:00:00,3291A,121.067,32.062,南通市,通州监测站,,36,36,19,19,5,114,92,106,98,9,7,7,7,0.3,0.3
2023-10-02T22:00:00,3293A,120.1501,33.3367,盐城市,月亮广场,,28,28,17,14,9,108,84,103,97,14,11,8,8,0.4,0.3
2023-10-02T22:00:00,3294A,119.5653,32.4222,扬州市,引江管理处,,40,40,29,21,14,95,65,85,74,22,21,6,7,0.4,0.3
2023-10-02T22:00:00,3295A,120.1259,32.5099,泰州市,姜堰区政府广场,,,,25,,11,100,76,95,88,12,10,10,9,0.5,0.4
2023-10-02T22:00:00,3298A,113.5717,23.5491,广州市,从化街口,,32,31,20,22,14,101,20,93,72,22,9,6,4,0.8,0.6
2023-10-02T22:00:00,3299A,113.3472,23.3692,广州市,白云竹料,,33,33,18,21,14,110,46,101,80,26,16,5,5,0.7,0.6
2023-10-02T22:00:00,3300A,113.2981,23.237,广州市,白云嘉禾,,38,38,23,24,14,118,24,97,64,44,26,5,5,1.0,0.9
2023-10-02T22:00:00,3301A,113.4256,23.1716,广州市,黄埔科学城,,34,34,20,18,13,113,12,91,55,29,17,8,8,0.8,0.7
2023-10-02T22:00:00,3302A,113.3942,23.0483,广州市,番禺大学城,,33,27,30,23,15,145,34,116,86,36,17,6,6,0.6,0.5
2023-10-02T22:00:00,3303A,113.4922,22.8168,广州市,南沙黄阁,,40,40,28,11,13,148,89,128,110,19,19,4,5,0.8,0.9
2023-10-02T22:00:00,3304A,113.5342,22.7896,广州市,南沙街,,42,42,30,17,15,153,80,140,122,30,23,4,4,0.6,0.6
2023-10-02T22:00:00,3305A,114.0731,22.559,深圳市,莲花,,33,28,25,13,13,105,105,96,94,8,7,7,7,0.5,0.5
2023-10-02T22:00:00,3306A,114.0261,22.6198,深圳市,民治,,23,23,23,11,13,113,67,103,95,19,10,2,2,0.8,0.8
2023-10-02T22:00:00,3307A,114.1871,22.6451,深圳市,横岗,,36,30,26,14,14,115,115,107,107,7,7,5,5,0.6,0.6
2023-10-02T22:00:00,3308A,113.3494,22.0569,珠海市,金湾,,38,34,30,13,13,124,121,119,119,5,5,8,8,0.4,0.4
2023-10-02T22:00:00,3311A,113.1075,22.5647,江门市,江海富民,颗粒物(PM10),51,52,42,24,25,156,99,143,129,10,11,7,7,0.6,0.7
2023-10-02T22:00:00,3313A,112.4575,23.0166,肇庆市,高要湖西,,42,42,35,23,21,133,88,117,112,20,13,10,9,0.7,0.6
2023-10-02T22:00:00,3314A,114.4338,22.8134,惠州市,惠阳秋长,,40,29,32,17,14,148,125,140,135,12,8,6,6,0.6,0.6
2023-10-02T22:00:00,3315A,116.1233,24.2991,梅州市,梅龙,,27,27,13,18,14,109,41,100,82,16,7,8,6,0.8,0.7
2023-10-02T22:00:00,3317A,111.9765,21.8947,阳江市,两阳中学,,37,37,31,15,15,100,80,97,88,2,17,6,7,0.6,0.6
2023-10-02T22:00:00,3318A,112.9903,23.7403,清远市,清新太和,,18,14,12,8,7,111,55,100,71,11,12,4,4,0.6,0.6
2023-10-02T22:00:00,3319A,113.7338,23.0381,东莞市,万江金泰,,29,24,21,20,16,144,55,120,95,17,8,7,7,0.9,0.8
2023-10-02T22:00:00,3320A,116.403,23.5699,揭阳市,曲溪,,50,50,37,16,18,151,100,130,122,7,7,2,2,0.7,0.8
2023-10-02T22:00:00,3323A,115.2773,40.9724,张家口市,青少年活动中心,,30,30,22,10,9,126,76,118,104,11,7,3,4,0.2,0.1
2023-10-02T22:00:00,3324A,116.8136,38.3004,沧州市,河北水利电力学院,,39,39,61,26,31,151,77,130,107,22,36,7,14,0.3,0.4
2023-10-02T22:00:00,3325A,117.0365,39.3828,天津市,雍阳西道,颗粒物(PM10),64,78,82,28,40,159,77,140,118,38,41,11,13,0.4,0.5
2023-10-02T22:00:00,3326A,117.0296,39.0605,天津市,辛老路,颗粒物(PM10),60,69,85,21,37,143,79,133,118,23,38,8,13,0.6,0.8
2023-10-02T22:00:00,3327A,116.9638,38.9375,天津市,地纬路,颗粒物(PM10),63,76,84,31,47,148,70,133,112,22,31,8,13,0.6,0.7
2023-10-02T22:00:00,3328A,118.4209,31.3707,芜湖市,市气象局,,38,38,25,24,11,99,89,95,94,20,7,12,10,0.7,0.7
2023-10-02T22:00:00,3329A,117.0108,32.5893,淮南市,山南新区,,19,15,32,9,10,92,59,84,78,13,10,1,2,0.2,0.2
2023-10-02T22:00:00,3330A,116.8873,33.9836,淮北市,杜集区检察院,,33,33,35,17,15,105,67,99,86,17,15,4,4,0.3,0.3
2023-10-02T22:00:00,3331A,118.3267,32.2634,滁州市,图书馆,,25,25,28,13,10,88,57,82,72,22,20,8,9,0.3,0.4
2023-10-02T22:00:00,3332A,115.7633,33.8034,亳州市,亳州学院,,25,15,35,15,25,99,79,88,84,8,13,4,6,0.3,0.4
2023-10-02T22:00:00,3333A,117.5627,30.695,池州市,第八中学,,39,39,33,18,15,104,50,96,84,28,12,6,5,0.5,0.5
2023-10-02T22:00:00,3334A,117.5038,30.6243,池州市,第十二中学,,37,37,36,17,17,107,78,98,92,14,12,5,5,0.5,0.6
2023-10-02T22:00:00,3335A,113.3137,35.2641,焦作市,马村街道办,细颗粒物(PM2.5),78,41,31,57,19,108,41,98,75,28,20,5,3,0.5,0.3
2023-10-02T22:00:00,3336A,113.2465,35.2373,焦作市,焦作技师学院,细颗粒物(PM2.5),67,69,26,48,16,105,39,97,74,26,17,12,8,0.7,0.6
2023-10-02T22:00:00,3337A,113.8614,34.0442,许昌市,许昌学院,细颗粒物(PM2.5),58,40,34,41,34,86,42,70,57,22,21,8,9,0.4,0.5
2023-10-02T22:00:00,3338A,113.843,34.0823,许昌市,芙蓉广场,细颗粒物(PM2.5),54,34,33,38,28,77,37,65,54,23,22,5,6,0.6,0.7
2023-10-02T22:00:00,3339A,114.0012,33.0412,驻马店市,小管楼,,45,36,31,31,24,100,45,87,53,16,13,5,6,0.3,0.2
2023-10-02T22:00:00,3340A,112.6005,34.6326,洛阳市,伊滨,,28,12,15,19,18,78,60,74,65,9,9,3,2,0.5,0.5
2023-10-02T22:00:00,3341A,112.4951,34.6332,洛阳市,中移产业园,,29,23,18,20,14,85,46,82,64,18,10,3,2,0.7,0.6
2023-10-02T22:00:00,3342A,128.4741,47.4346,伊春市,中心小学,,21,21,24,6,10,61,18,53,30,9,10,7,7,0.4,0.4
2023-10-02T22:00:00,3343A,128.6871,47.7369,伊春市,检察院,,26,17,20,18,15,68,30,62,41,9,7,4,5,0.3,0.3
2023-10-02T22:00:00,3344A,128.8431,47.8474,伊春市,双子河社区,,19,18,17,13,8,61,4,54,28,21,10,6,7,0.5,0.5
2023-10-02T22:00:00,3345A,131.0577,45.7879,七台河市,中波台,,29,29,13,12,6,64,26,58,38,31,24,8,9,0.9,0.8
2023-10-02T22:00:00,3346A,108.3872,31.1628,重庆市,安康,,11,10,9,5,4,55,15,50,36,21,13,11,12,0.3,0.3
2023-10-02T22:00:00,3347A,105.9017,29.3569,重庆市,北山路,,27,27,26,16,16,50,32,40,32,12,13,6,6,0.7,0.8
2023-10-02T22:00:00,3348A,105.839,30.1946,重庆市,春阳街,,26,26,20,16,10,37,30,34,33,16,12,13,9,0.7,0.6
2023-10-02T22:00:00,3349A,107.7983,30.6758,重庆市,人民东路,,20,20,19,9,10,49,35,45,38,6,6,3,5,0.7,0.6
2023-10-02T22:00:00,3350A,106.6479,29.0244,重庆市,滩子口,,33,33,21,19,14,45,14,37,26,19,12,18,17,0.7,0.6
2023-10-02T22:00:00,3351A,105.7167,29.7076,重庆市,棠香,,29,24,19,20,16,50,34,43,39,20,21,12,14,0.6,0.6
2023-10-02T22:00:00,3352A,107.0732,29.8617,重庆市,桃源西路,,20,20,16,11,7,50,16,46,22,14,12,16,14,0.6,0.6
2023-10-02T22:00:00,3353A,107.3535,29.7287,重庆市,迎宾大道,,23,23,19,16,12,28,8,25,14,30,24,11,10,0.5,0.6
2023-10-02T22:00:00,3354A,108.815,29.5081,重庆市,舟白,,23,10,8,16,12,71,43,71,49,6,5,9,9,0.6,0.6
2023-10-02T22:00:00,3355A,108.3679,30.8426,重庆市,周家坝,,25,16,10,17,13,64,18,54,45,40,17,8,8,0.6,0.4
2023-10-02T22:00:00,3356A,108.4319,30.7555,重庆市,百安坝,,19,7,11,13,10,63,45,63,42,12,12,9,9,0.5,0.4
2023-10-02T22:00:00,3357A,104.0106,30.6931,成都市,金博路,,38,38,31,21,19,62,19,49,46,33,20,3,2,0.7,0.6
2023-10-02T22:00:00,3359A,104.0578,30.5225,成都市,华阳,,45,39,33,31,23,70,15,53,45,40,20,1,2,0.7,0.5
2023-10-02T22:00:00,3360A,104.7894,29.3194,自贡市,南湖救助站,细颗粒物(PM2.5),52,45,36,36,29,58,27,40,40,15,18,10,9,0.4,0.4
2023-10-02T22:00:00,3361A,103.7311,29.5628,乐山市,理工大学,,31,31,30,21,21,68,37,43,42,20,17,7,8,0.5,0.6
2023-10-02T22:00:00,3362A,120.5014,36.4034,青岛市,即墨2号,,39,31,46,10,16,156,123,145,132,17,29,5,6,0.5,0.6
2023-10-02T22:00:00,3363A,117.9883,36.8372,淄博市,新区,颗粒物(PM10),57,63,47,29,22,167,66,146,114,47,40,7,7,0.7,0.7
2023-10-02T22:00:00,3364A,117.3152,34.8103,枣庄市,市环保局,,35,34,41,24,15,131,93,120,111,19,24,4,6,0.2,0.3
2023-10-02T22:00:00,3365A,118.5719,37.565,东营市,垦利区民丰路,,48,48,59,31,30,199,118,182,164,32,45,11,15,0.4,0.5
2023-10-02T22:00:00,3366A,121.5206,37.4336,烟台市,中国农业大学,,32,27,31,7,11,139,102,125,106,8,21,8,7,0.3,0.4
2023-10-02T22:00:00,3368A,119.1977,36.6872,潍坊市,高新实验学校,颗粒物(PM10),53,56,39,19,18,162,98,151,130,23,18,8,7,0.5,0.4
2023-10-02T22:00:00,3370A,118.3564,35.0215,临沂市,十里堡居委,,32,31,32,17,14,123,101,112,108,17,26,8,21,0.6,0.5
2023-10-02T22:00:00,3371A,116.3728,37.4403,德州市,开发区人民医院,,48,48,56,22,24,151,60,132,103,49,42,8,10,0.5,0.5
2023-10-02T22:00:00,3372A,116.3572,37.4094,德州市,太阳城中学,颗粒物(PM10),54,58,62,31,29,157,22,134,87,75,42,8,10,0.5,0.5
2023-10-02T22:00:00,3374A,115.5564,35.0891,菏泽市,定陶老年大学,颗粒物(PM10),68,85,46,36,23,111,31,102,80,56,28,7,8,0.5,0.4
2023-10-02T22:00:00,3375A,102.8017,24.8336,昆明市,青年创业园,,21,21,9,14,7,58,36,53,49,12,8,9,8,0.6,0.6
2023-10-02T22:00:00,3376A,103.7947,25.462,曲靖市,南苑二区,,23,23,11,10,7,66,54,59,59,12,7,5,4,0.5,0.5
2023-10-02T22:00:00,3377A,103.7444,25.5261,曲靖市,曲靖师范学院,,22,22,12,13,8,68,53,60,60,11,7,7,7,0.5,0.4
2023-10-02T22:00:00,3379A,122.1139,40.2278,营口市,鲅鱼圈市民活动中心,,40,40,32,23,12,156,124,135,133,18,15,9,8,0.8,0.8
2023-10-02T22:00:00,3380A,102.8914,34.9617,甘南州,甘肃民族师范学院,,18,18,13,10,8,70,45,66,55,14,11,1,5,0.3,0.3
2023-10-02T22:00:00,3396A,112.0828,32.0067,襄阳市,襄城隆中路,,23,22,14,13,11,100,73,99,72,17,17,10,8,0.4,0.4
2023-10-02T22:00:00,3397A,112.1214,32.1008,襄阳市,高新台子湾,,33,14,13,23,16,101,68,100,70,15,13,9,7,0.6,0.6
2023-10-02T22:00:00,3398A,114.9136,30.4445,黄冈市,市林业局,,48,28,50,33,43,124,48,110,86,3,9,5,7,0.6,0.8
2023-10-02T22:00:00,3399A,112.6703,26.882,衡阳市,师范学院,细颗粒物(PM2.5),77,66,54,56,40,118,60,104,95,15,13,10,9,1.2,1
2023-10-02T22:00:00,3400A,109.1911,21.4415,北海市,龙潭自来水厂,,25,23,29,12,18,105,80,90,81,5,7,4,7,0.7,0.7
2023-10-02T22:00:00,3401A,108.4834,22.7618,南宁市,红星社区,,41,41,40,26,25,112,91,106,95,14,17,7,7,0.8,0.8
2023-10-02T22:00:00,3402A,109.5422,24.3996,柳州市,市二中,,32,32,35,18,23,90,45,79,68,11,9,7,8,0.6,0.6
2023-10-02T22:00:00,3403A,110.1764,25.2381,桂林市,创业大厦,,32,19,40,22,35,120,65,94,83,4,5,5,5,0.6,0.7
2023-10-02T22:00:00,3404A,108.5959,21.9633,钦州市,北职校,颗粒物(PM10),52,53,46,29,25,124,65,112,93,19,20,17,10,0.8,0.8
2023-10-02T22:00:00,3405A,109.5886,23.1172,贵港市,新世纪学校,,42,41,31,29,19,116,67,106,93,18,11,12,10,0.8,0.8
2023-10-02T22:00:00,3406A,106.6085,23.8798,百色市,祈福高中,,46,46,52,25,30,136,50,110,89,18,14,23,16,0.9,0.9
2023-10-02T22:00:00,3407A,120.6916,30.7739,嘉兴市,秀洲住建,,26,21,24,8,8,103,82,98,90,16,18,4,4,0.4,0.4
2023-10-02T22:00:00,3408A,120.5683,29.9361,绍兴市,绍兴中专,颗粒物(PM10),52,54,32,12,8,128,56,123,110,36,16,3,4,0.6,0.6
2023-10-02T22:00:00,3409A,120.4906,30.0861,绍兴市,柯桥区政府,,32,32,33,10,12,104,78,101,95,20,15,7,5,0.4,0.3
2023-10-02T22:00:00,3410A,120.8752,30.0249,绍兴市,重华小学,,34,34,27,12,9,116,93,108,106,10,14,6,6,0.4,0.4
2023-10-02T22:00:00,3411A,120.8369,30.0137,绍兴市,上虞中学,,,32,27,,16,124,101,116,113,11,18,6,6,0.6,0.6
2023-10-02T22:00:00,3413A,118.1953,28.4401,上饶市,广丰区教体局,,46,46,45,26,22,125,89,118,116,13,10,20,15,0.6,0.7
2023-10-02T22:00:00,3414A,115.8347,28.932,赣江新区,桑海产业园,,44,44,27,21,16,114,82,103,98,14,14,7,7,0.7,0.5
2023-10-02T22:00:00,3415A,114.4519,28.0828,宜春市,万载县环保局,细颗粒物(PM2.5),79,58,34,58,18,99,43,88,82,29,14,8,10,1.1,1
2023-10-02T22:00:00,3416A,119.1755,36.7149,潍坊市,潍坊学院,颗粒物(PM10),54,58,39,24,13,159,100,148,132,30,25,10,8,0.7,0.5
2023-10-02T22:00:00,3417A,117.0709,40.1465,北京市,平谷新城,颗粒物(PM10),63,76,48,36,23,112,43,89,73,24,19,3,3,0.6,0.4
2023-10-02T22:00:00,3418A,116.8336,40.4095,北京市,密云新城,颗粒物(PM10),62,74,54,31,18,94,38,84,65,18,20,3,3,0.5,0.3
2023-10-02T22:00:00,3419A,109.9447,40.6261,包头市,包头市委党校,,50,50,54,22,21,112,46,91,76,61,46,17,21,0.7,0.8
2023-10-02T22:00:00,3421A,113.1775,40.9779,乌兰察布市,市委党校,,33,33,58,23,21,146,96,123,118,23,34,23,17,0.4,0.5
2023-10-02T22:00:00,3422A,118.8436,31.9198,南京市,江宁彩虹桥,,40,40,31,22,11,95,62,87,74,25,19,4,5,0.6,0.6
2023-10-02T22:00:00,3423A,119.0138,31.6494,南京市,溧水永阳,,31,31,31,16,14,103,72,95,90,15,12,5,6,0.7,0.7
2023-10-02T22:00:00,3424A,118.879,31.3302,南京市,高淳老职中,,37,37,30,16,12,114,95,107,106,16,16,4,5,0.4,0.1
2023-10-02T22:00:00,3425A,120.624,31.1733,苏州市,越秀幼儿园,,27,27,28,9,8,121,72,106,95,23,19,8,8,0.6,0.5
2023-10-02T22:00:00,3426A,118.8755,33.2894,淮安市,新华书店,,28,28,31,14,15,88,66,79,70,17,18,10,9,0.7,0.7
2023-10-02T22:00:00,3427A,118.8554,32.3578,南京市,六合雄州,,37,37,23,6,11,88,53,82,67,10,9,1,2,0.5,0.5
2023-10-02T22:00:00,3428A,120.3142,31.4753,无锡市,华庄,,25,25,27,9,9,108,78,101,94,25,27,7,7,0.7,0.7
2023-10-02T22:00:00,3429A,119.8598,31.7066,常州市,武进经发区,,26,22,26,8,9,112,81,102,97,14,11,7,8,0.5,0.5
2023-10-02T22:00:00,3430A,119.5826,31.7245,常州市,金坛城区,,24,20,29,8,11,107,75,97,89,15,15,6,8,0.5,0.5
2023-10-02T22:00:00,3431A,120.6505,31.416,苏州市,高铁新城,,26,26,23,9,7,108,73,102,92,18,10,10,10,0.5,0.4
2023-10-02T22:00:00,3432A,120.9348,31.9883,南通市,环境教育馆,,24,24,20,15,7,109,71,101,92,18,17,6,6,0.3,0.3
2023-10-02T22:00:00,3434A,119.2413,34.6539,连云港市,工贸学校,,29,25,19,11,9,134,90,121,105,12,10,8,8,0.3,0.4
2023-10-02T22:00:00,3435A,119.9192,32.4322,泰州市,周山河街区,,30,30,21,19,10,87,69,82,77,8,7,6,6,0.6,0.5
2023-10-02T22:00:00,3436A,120.4279,33.205,盐城市,大丰高级中学,,32,17,21,5,2,120,102,116,111,12,12,5,5,0.3,0.3
2023-10-02T22:00:00,3437A,88.3118,43.3658,乌鲁木齐市,达坂城区环保局,,41,41,26,9,13,118,60,109,101,31,12,5,4,0.2,0.2
2023-10-02T22:00:00,3438A,87.6162,43.8801,乌鲁木齐市,红光山片区,,28,28,48,3,16,122,48,97,89,56,45,2,2,0.5,0.5
2023-10-02T22:00:00,3439A,87.7024,43.8004,乌鲁木齐市,新师大温泉校区,,32,32,39,10,20,112,50,98,91,32,15,2,2,0.3,0.3
2023-10-02T22:00:00,3440A,87.4921,43.8411,乌鲁木齐市,大绿谷,,48,43,50,12,23,102,2,77,70,95,44,8,8,0.4,0.4
2023-10-02T22:00:00,3441A,87.546,44.1912,五家渠市,经开区管委会,,39,39,60,11,21,96,53,83,80,30,31,15,9,0.4,0.5
2023-10-02T22:00:00,3442A,86.047,44.2331,石河子市,南区管委会,,41,41,36,17,16,109,72,100,98,15,14,6,7,0.4,0.4
2023-10-02T22:00:00,3443A,113.2902,23.5544,广州市,花都梯面,,19,19,20,12,14,89,3,78,49,26,16,3,3,0.8,0.7
2023-10-02T22:00:00,3444A,116.454,23.2684,汕头市,潮南峡山,,37,37,32,16,15,169,106,153,138,7,8,8,22,0.5,0.7
2023-10-02T22:00:00,3445A,113.7858,23.7478,广州市,从化良口,,24,24,18,14,11,84,34,74,55,6,5,6,6,0.7,0.6
2023-10-02T22:00:00,3446A,113.8051,23.2614,广州市,增城荔城,,16,15,16,10,12,108,50,93,71,3,3,7,7,0.7,0.7
2023-10-02T22:00:00,3447A,114.3551,22.7151,深圳市,坪山,,34,29,27,16,11,111,106,103,103,12,11,8,7,0.9,0.9
2023-10-02T22:00:00,3448A,113.5433,22.1163,珠海市,横琴,颗粒物(PM10),55,59,38,31,20,130,122,123,121,15,11,6,6,0.6,0.5
2023-10-02T22:00:00,3449A,113.05,22.4667,江门市,新会银湖,,31,31,26,10,13,136,94,127,115,7,11,6,6,0.5,0.6
2023-10-02T22:00:00,3450A,111.01,21.5165,茂名市,电白水东,,34,34,27,14,15,114,74,102,90,6,7,5,7,0.7,0.7
2023-10-02T22:00:00,3451A,112.5617,23.2083,肇庆市,鼎湖凤凰,,16,15,19,11,13,124,38,100,81,7,9,5,5,0.5,0.5
2023-10-02T22:00:00,3452A,114.6517,22.775,惠州市,大亚湾霞涌,,37,37,24,14,12,141,118,134,133,8,7,6,4,0.7,0.7
2023-10-02T22:00:00,3453A,112.0125,21.8749,阳江市,阳东陶然,,27,27,31,13,17,105,81,98,90,4,7,6,7,0.6,0.6
2023-10-02T22:00:00,3454A,113.3528,22.478,中山市,中山南区,,32,31,26,12,12,148,101,135,124,11,9,6,6,0.5,0.5
2023-10-02T22:00:00,3455A,113.076,23.7198,清远市,清城东城,,13,13,11,8,8,103,36,96,72,6,7,6,6,0.5,0.4
2023-10-02T22:00:00,3456A,114.289,38.0906,石家庄市,鹿泉一中,颗粒物(PM10),69,87,70,37,31,110,26,95,67,42,31,11,8,1.0,0.8
2023-10-02T22:00:00,3457A,118.4359,39.2762,唐山市,冀东油田职工医院,,,57,50,35,28,149,,135,135,22,33,7,8,0.6,0.6
2023-10-02T22:00:00,3458A,114.7895,36.5593,邯郸市,香泉濮院小区,颗粒物(PM10),57,64,55,22,21,105,70,87,79,23,31,6,14,0.5,0.5
2023-10-02T22:00:00,3459A,115.5989,37.5491,衡水市,地表水厂,颗粒物(PM10),97,143,73,28,23,137,28,111,60,51,43,10,10,0.5,0.4
2023-10-02T22:00:00,3460A,117.4067,40.0583,天津市,北环路,颗粒物(PM10),60,70,61,32,24,128,92,108,104,18,19,6,8,0.6,0.5
2023-10-02T22:00:00,3461A,117.3045,39.7169,天津市,建设路,颗粒物(PM10),84,118,83,57,42,150,17,122,75,90,57,10,12,0.9,0.7
2023-10-02T22:00:00,3462A,117.8199,39.3521,天津市,滨水东路,颗粒物(PM10),60,69,65,30,31,144,89,123,106,52,55,19,15,1.0,0.7
2023-10-02T22:00:00,3463A,116.9708,33.591,宿州市,社会福利中心,颗粒物(PM10),56,61,53,19,17,105,54,93,74,22,13,10,6,0.4,0.4
2023-10-02T22:00:00,3464A,117.3803,31.9147,合肥市,高教基地,,22,22,27,12,11,79,49,65,50,12,12,3,3,0.4,0.4
2023-10-02T22:00:00,3465A,118.4781,31.3225,芜湖市,清苑社区,,33,33,31,12,11,99,80,90,87,24,20,7,8,0.5,0.5
2023-10-02T22:00:00,3466A,118.2746,31.2326,芜湖市,扬子职业技术学院,,36,36,33,13,10,106,86,97,93,21,18,5,6,0.5,0.5
2023-10-02T22:00:00,3468A,115.7901,32.8613,阜阳市,市规划展馆,,25,7,27,8,15,80,78,72,68,11,16,4,6,0.4,0.4
2023-10-02T22:00:00,3469A,115.836,32.9183,阜阳市,枣园社区,,22,15,29,13,15,74,70,63,56,11,17,8,8,0.4,0.5
2023-10-02T22:00:00,3470A,118.7724,30.9141,宣城市,夏渡子站,,41,41,34,12,12,105,71,99,91,20,14,6,5,0.5,0.5
2023-10-02T22:00:00,3471A,113.616563,34.86783,郑州市,惠济区政府,,23,21,20,16,14,88,50,82,69,19,13,4,5,0.6,0.6
2023-10-02T22:00:00,3473A,114.2485,34.8306,开封市,技师学院,,36,36,27,18,10,93,56,83,69,22,17,7,7,0.6,0.6
2023-10-02T22:00:00,3474A,114.2617,35.6822,鹤壁市,大新区,,43,43,31,20,16,111,60,95,83,28,18,9,9,0.5,0.5
2023-10-02T22:00:00,3475A,113.9188,35.3045,新乡市,市政府,,36,31,29,25,17,101,67,96,91,17,11,9,10,0.4,0.3
2023-10-02T22:00:00,3476A,113.9135,35.3327,新乡市,河师大,,46,42,30,32,17,102,71,97,92,16,12,6,7,0.8,0.7
2023-10-02T22:00:00,3477A,113.1656,35.2539,焦作市,中站许衡医院,颗粒物(PM10),52,54,31,32,18,107,26,100,63,40,20,11,8,0.7,0.4
2023-10-02T22:00:00,3478A,113.9749,33.5664,漯河市,市图书馆,,47,47,32,21,19,98,42,98,52,20,15,8,8,0.7,0.7
2023-10-02T22:00:00,3479A,114.0967,33.5906,漯河市,召陵区卫健委,,43,39,34,30,18,85,31,85,45,20,15,3,5,0.5,0.5
2023-10-02T22:00:00,3480A,129.1368,47.6417,伊春市,美溪镇,,14,14,13,8,8,57,8,52,33,14,6,9,9,0.3,0.2
2023-10-02T22:00:00,3481A,125.141,46.634,大庆市,萨区政府监测点,,22,10,10,15,10,83,43,71,60,28,12,5,5,0.4,0.3
2023-10-02T22:00:00,3482A,107.7541,29.3277,重庆市,芙蓉中路,,33,33,25,12,11,23,4,18,11,21,16,14,20,0.7,0.7
2023-10-02T22:00:00,3483A,108.7661,29.5368,重庆市,西山,,14,12,13,8,12,54,43,51,40,2,3,7,7,0.5,0.5
2023-10-02T22:00:00,3484A,106.2628,29.32,重庆市,行政中心,,31,31,22,18,14,43,15,33,23,28,19,6,5,1.0,0.9
2023-10-02T22:00:00,3485A,107.0944,29.1608,重庆市,高寺路,,23,23,21,2,9,32,19,22,22,23,17,16,11,0.9,0.9
2023-10-02T22:00:00,3486A,124.4036,43.1411,四平市,植物园,,38,38,31,13,10,100,47,82,62,40,28,5,8,0.3,0.3
2023-10-02T22:00:00,3487A,104.2394,30.5319,成都市,车城东七路,,16,16,35,9,22,81,40,70,67,29,21,2,3,0.8,0.5
2023-10-02T22:00:00,3488A,104.3853,30.7453,成都市,青白江技师分院,,38,38,36,11,24,84,11,70,58,40,17,6,7,0.7,0.7
2023-10-02T22:00:00,3489A,104.0789,30.4072,成都市,科学城,,39,39,33,24,23,80,30,66,62,26,15,6,6,0.7,0.6
2023-10-02T22:00:00,3490A,105.3617,28.7703,泸州市,纳溪区环保局,,49,47,36,34,24,44,12,36,29,29,19,4,4,0.7,0.6
2023-10-02T22:00:00,3491A,104.69,31.5322,绵阳市,西科大附属小学,,33,33,35,15,21,63,2,44,37,37,21,6,6,0.6,0.6
2023-10-02T22:00:00,3492A,104.5648,31.5343,绵阳市,安州区旅游局,,50,50,43,19,22,57,4,39,34,34,21,6,9,0.7,0.6
2023-10-02T22:00:00,3494A,117.1673,36.9782,济南市,济阳区政府,颗粒物(PM10),56,61,58,20,15,149,71,131,109,45,53,7,6,0.2,0.2
2023-10-02T22:00:00,3495A,117.1171,36.63,济南市,锦屏中学,,27,27,21,15,7,151,82,138,118,18,12,4,5,0.4,0.4
2023-10-02T22:00:00,3496A,118.3604,35.1084,临沂市,南坊新区,,34,34,37,17,15,124,101,114,110,20,28,8,8,0.7,0.5
2023-10-02T22:00:00,3498A,118.5055,37.8612,东营市,河口城区,颗粒物(PM10),53,56,56,24,24,170,134,158,155,18,29,12,14,0.8,0.8
2023-10-02T22:00:00,3500A,116.5814,35.3707,济宁市,北湖一中,,45,45,49,12,16,117,47,100,82,29,25,9,12,0.7,0.5
2023-10-02T22:00:00,3501A,116.8249,35.5593,济宁市,服务中心,颗粒物(PM10),66,81,63,24,17,119,19,99,78,63,39,10,13,0.9,0.8
2023-10-02T22:00:00,3502A,117.1812,36.2275,泰安市,国网新校,颗粒物(PM10),64,78,42,29,17,149,72,134,113,25,19,7,8,0.6,0.4
2023-10-02T22:00:00,3503A,117.0313,36.2018,泰安市,交通技校,,48,48,40,18,16,146,57,130,100,40,38,8,8,0.4,0.4
2023-10-02T22:00:00,3504A,117.0829,36.13,泰安市,山东第一医科大学,颗粒物(PM10),58,66,53,23,23,149,41,131,101,65,36,10,10,0.4,0.4
2023-10-02T22:00:00,3505A,122.1379,37.3414,威海市,临港区管委会,,22,14,12,6,4,103,68,97,91,23,15,4,4,0.4,0.2
2023-10-02T22:00:00,3507A,119.5328,35.4625,日照市,职业技术学院,,44,44,30,22,10,156,76,147,129,24,24,9,10,1.1,0.8
2023-10-02T22:00:00,3511A,116.5652,37.3319,德州市,陵城艺术中心,颗粒物(PM10),53,56,56,22,20,155,87,142,119,40,34,6,10,0.4,0.3
2023-10-02T22:00:00,3513A,116.0445,36.4361,聊城市,九州社区,颗粒物(PM10),65,80,58,27,22,136,26,120,78,79,42,5,9,0.6,0.6
2023-10-02T22:00:00,3514A,117.9378,37.3956,滨州市,中海酒店,,35,35,58,22,31,165,104,146,127,24,42,7,10,0.6,0.7
2023-10-02T22:00:00,3515A,117.9378,37.3553,滨州市,开发区一中,,42,42,68,20,32,171,118,150,138,25,44,10,13,0.9,0.8
2023-10-02T22:00:00,3516A,118.0917,37.694,滨州市,金海六路,,46,46,53,20,22,161,86,134,98,35,49,8,11,0.5,0.5
2023-10-02T22:00:00,3520A,106.3495,38.9836,石嘴山市,妇女儿童医院,颗粒物(PM10),69,87,53,37,27,128,73,116,112,37,22,20,18,0.8,0.7
2023-10-02T22:00:00,3521A,106.7492,39.2069,石嘴山市,石大公路,,38,38,42,19,20,119,48,104,91,35,26,5,9,0.5,0.6
2023-10-02T22:00:00,3522A,106.2177,35.9959,固原市,原州区十五小,,35,35,28,24,21,92,53,81,66,22,16,7,7,0.5,0.7
2023-10-02T22:00:00,3523A,106.5105,38.3856,银川市,滨河新区,,28,28,34,10,17,123,53,118,104,21,16,10,14,0.4,0.5
2023-10-02T22:00:00,3524A,108.6116,34.1164,西安市,文体局,,32,23,26,22,20,73,31,69,54,22,11,8,8,0.5,0.4
2023-10-02T22:00:00,3525A,108.6396,34.4078,咸阳市,奥体中心,,41,41,23,20,17,80,20,72,53,24,8,2,3,0.8,0.7
2023-10-02T22:00:00,3526A,119.5189,25.9664,福州市,吴航,,35,22,29,8,13,137,112,137,112,4,4,6,6,0.4,0.5
2023-10-02T22:00:00,3527A,118.0958,24.5688,厦门市,集美中学,,46,46,33,18,15,146,90,126,114,15,7,5,2,0.2,0.2
2023-10-02T22:00:00,3528A,118.1493,24.7245,厦门市,同安二实小,,30,27,23,13,14,136,94,116,109,8,6,1,2,0.6,0.6
2023-10-02T22:00:00,3529A,118.6333,24.9264,泉州市,城华南路,,31,30,35,12,15,141,99,130,114,10,8,5,4,0.5,0.5
2023-10-02T22:00:00,3530A,117.6296,24.5314,漳州市,西洋坪路,,45,45,29,18,16,159,86,134,121,15,8,9,6,0.6,0.7
2023-10-02T22:00:00,3531A,110.296,25.1253,桂林市,旅游学院,,,15,41,14,29,93,,78,69,3,3,3,5,0.6,0.7
2023-10-02T22:00:00,3532A,110.1945,22.6831,玉林市,玉林师范学院东校区,,33,32,26,23,19,84,47,74,54,27,10,16,5,0.6,0.6
2023-10-02T22:00:00,3533A,110.0527,22.5893,玉林市,福绵环保局,,38,38,31,17,19,92,36,88,67,14,10,8,9,0.6,0.6
2023-10-02T22:00:00,3534A,111.4744,24.4553,贺州市,西湾,,50,40,37,35,32,110,42,89,77,14,10,7,7,1.0,1
2023-10-02T22:00:00,3535A,109.1781,23.7297,来宾市,兴宾区政府,,36,30,32,25,23,115,52,103,85,10,9,4,6,0.6,0.6
2023-10-02T22:00:00,3536A,106.8547,27.5919,遵义市,第十二小学,,45,40,30,31,23,103,52,85,71,8,8,3,4,0.6,0.5
2023-10-02T22:00:00,3537A,105.3631,27.3533,毕节市,长征村,,22,13,41,9,30,75,70,65,62,4,7,5,7,0.6,0.6
2023-10-02T22:00:00,3538A,107.5175,26.2978,黔南布依族苗族自治州,沙坝,,22,17,16,12,10,82,68,80,74,2,2,4,4,0.6,0.4
2023-10-02T22:00:00,3539A,110.5111,19.9736,海口市,桂林洋子站,,32,32,27,17,18,81,58,68,68,6,10,12,5,0.5,0.4
2023-10-02T22:00:00,3540A,109.7348,18.3443,三亚市,君悦子站,,16,13,22,6,10,92,49,69,50,3,7,2,2,0.3,0.4
2023-10-02T22:00:00,3541A,109.5726,19.5167,儋州市,第一中学子站,,18,18,21,10,14,89,51,81,65,3,4,6,7,0.5,0.5
2023-10-02T22:00:00,3542A,109.5567,19.5187,儋州市,东坡学校子站,,15,15,21,7,12,91,47,78,61,2,3,4,5,0.5,0.5
2023-10-02T22:00:00,3543A,112.3466,16.8396,三沙市,永兴岛子站,,,,,,,,,,,,,,,,
2023-10-02T22:00:00,3544A,121.4891,30.925,上海市,奉贤南桥新城,,38,38,27,14,8,108,70,104,93,17,15,8,7,0.5,0.5
2023-10-02T22:00:00,3545A,110.8054,32.8401,十堰市,郧阳区金沙路,,25,6,12,5,9,110,78,106,85,9,8,4,4,0.6,0.6
2023-10-02T22:00:00,3546A,111.4606,30.552,宜昌市,猇亭区张家湾站,,18,18,19,2,6,87,48,84,67,20,15,7,7,0.6,0.6
2023-10-02T22:00:00,3547A,112.1632,31.0138,荆门市,龙泉中学南校,,,,13,8,5,103,86,102,88,9,7,7,7,0.5,0.4
2023-10-02T22:00:00,3548A,112.1655,30.3364,荆州市,学苑路,,32,32,26,6,16,92,64,86,72,13,13,7,7,0.6,0.6
2023-10-02T22:00:00,3549A,109.5061,30.3772,恩施土家族苗族自治州,龙凤新区,,10,7,10,6,5,39,25,36,30,13,11,6,6,1.0,0.8
2023-10-02T22:00:00,3550A,102.7997,24.9786,昆明市,昆明学院,,38,38,16,24,10,56,33,51,47,14,9,8,7,0.5,0.5
2023-10-02T22:00:00,3551A,102.5967,24.6736,昆明市,晋宁区生态环境分局,,23,19,17,16,9,59,36,51,49,8,5,4,4,0.7,0.5
2023-10-02T22:00:00,3552A,102.6678,24.9856,昆明市,云天化总部,,24,24,18,11,9,56,38,50,47,10,9,7,7,0.8,0.7
2023-10-02T22:00:00,3557A,119.9464,30.0494,杭州市,镇二中,,25,24,23,8,8,140,77,120,103,28,21,5,6,0.5,0.5
2023-10-02T22:00:00,3558A,119.7183,30.2367,杭州市,市府大楼,,30,17,22,8,12,135,94,116,106,14,16,7,7,0.4,0.4
2023-10-02T22:00:00,3560A,120.4722,30.0415,绍兴市,柯桥妇保,,40,40,30,18,11,111,94,109,105,17,16,7,5,0.4,0.4
2023-10-02T22:00:00,3561A,120.6985,27.9251,温州市,茶山,,29,22,25,10,14,129,91,122,115,9,8,7,6,0.4,0.4
2023-10-02T22:00:00,3562A,120.4148,30.8538,湖州市,南浔区站,,29,29,25,12,11,112,78,102,92,17,20,3,4,0.3,0.3
2023-10-02T22:00:00,3564A,121.2568,28.6681,台州市,台州科技职业学院,,,16,21,6,8,119,,110,107,12,12,4,5,,0.3
2023-10-02T22:00:00,3565A,113.1367,40.1122,大同市,云冈站,颗粒物(PM10),60,70,87,19,25,119,42,100,88,39,37,28,29,0.5,0.6
2023-10-02T22:00:00,3566A,113.1186,40.2556,大同市,图书馆,,,,97,54,30,120,26,106,85,42,25,10,19,0.4,0.5
2023-10-02T22:00:00,3567A,113.5931,40.0461,大同市,区一中,颗粒物(PM10),61,72,62,29,20,111,42,99,81,28,25,14,19,0.8,0.7
2023-10-02T22:00:00,3568A,113.06,36.0464,长治市,向阳小学,,50,50,53,35,30,111,69,90,79,24,23,3,5,0.6,0.8
2023-10-02T22:00:00,3569A,112.8792,36.3144,长治市,屯留一中,,39,39,28,24,20,105,52,96,79,15,20,8,11,1.2,1.1
2023-10-02T22:00:00,3570A,113.235,36.3489,长治市,潞城四中,细颗粒物(PM2.5),64,44,50,46,35,113,58,87,80,24,26,7,10,0.7,0.8
2023-10-02T22:00:00,3571A,112.2931,39.53,朔州市,一水厂,颗粒物(PM10),63,75,81,40,27,121,21,103,74,59,41,9,19,0.7,0.6
2023-10-02T22:00:00,3573A,114.8506765,38.0322033,石家庄市,藁城区实验学校,颗粒物(PM10),57,64,68,34,32,124,56,97,78,34,46,7,10,0.4,0.6
2023-10-02T22:00:00,3574A,114.0504658,38.0591645,石家庄市,井陉矿区区委大楼,颗粒物(PM10),54,57,61,19,18,119,51,106,85,32,34,8,11,0.8,0.7
2023-10-02T22:00:00,3575A,118.09279,39.58089,唐山市,正泰大街热力站,颗粒物(PM10),67,84,66,20,26,132,76,112,85,47,40,3,3,0.4,0.5
2023-10-02T22:00:00,3576A,118.1562,39.8322,唐山市,丰润区政府,细颗粒物(PM2.5),93,131,82,69,36,144,2,118,82,94,39,3,4,0.9,0.6
2023-10-02T22:00:00,3577A,118.43673,39.73809,唐山市,金山小学,,,,,,,,,,,,,,,,
2023-10-02T22:00:00,3578A,118.24498,39.66941,唐山市,政府服务中心,颗粒物(PM10),65,79,65,35,29,146,70,132,105,51,48,9,12,0.5,0.7
2023-10-02T22:00:00,3579A,114.50634,36.77178,邯郸市,永年区实验高中,,33,33,56,18,20,96,91,91,91,14,32,1,6,0.2,0.8
2023-10-02T22:00:00,3580A,114.20016,36.44293,邯郸市,峰峰矿区临水派出所,,45,45,28,11,10,90,55,77,69,22,17,4,5,0.1,0.2
2023-10-02T22:00:00,3581A,115.31981,38.95208,保定市,满城区生态环境分局,颗粒物(PM10),57,64,73,32,43,128,52,108,93,25,31,4,5,0.3,0.5
2023-10-02T22:00:00,3582A,115.47694,38.76408,保定市,清苑区第二中学,,19,0,95,0,45,140,58,112,96,26,39,5,9,0.8,0.8
2023-10-02T22:00:00,3583A,115.62909,39.02311,保定市,徐水物探局,颗粒物(PM10),52,54,85,17,38,140,72,112,100,20,45,10,13,0.4,0.6
2023-10-02T22:00:00,3584A,115.8844,39.0341,雄安新区,容城县环境保护局,颗粒物(PM10),55,59,96,15,34,153,71,130,114,30,43,11,15,0.4,0.6
2023-10-02T22:00:00,3585A,115.8665,39.0645,雄安新区,河北容城中学,,50,50,104,19,36,148,79,130,115,23,43,9,13,0.5,0.7
2023-10-02T22:00:00,3586A,115.923,38.9405,雄安新区,安新县民政局,颗粒物(PM10),52,53,76,17,33,149,84,127,116,15,30,10,13,0.4,0.5
2023-10-02T22:00:00,3587A,115.9324,38.9338,雄安新区,安新县电力局,颗粒物(PM10),56,61,72,10,28,145,78,123,112,14,27,9,13,0.4,0.5
2023-10-02T22:00:00,3588A,116.0901,38.9816,雄安新区,雄县环境保护局,,48,48,66,17,26,148,86,129,118,16,29,8,10,0.3,0.4
2023-10-02T22:00:00,3589A,116.1105,39.0046,雄安新区,雄县国土资源局,颗粒物(PM10),52,53,64,10,19,147,84,128,118,16,30,13,15,0.6,0.7
2023-10-02T22:00:00,3590A,113.8374,34.5589,郑州市,北区建设指挥部,,28,28,27,15,13,82,43,74,61,31,25,5,6,0.7,0.7
2023-10-02T22:00:00,3591A,113.30952,34.803229,郑州市,上街区政府,,38,34,25,26,12,77,30,72,52,16,12,6,6,0.7,0.7
2023-10-02T22:00:00,3592A,114.4644,34.7556,开封市,祥符区生态环境局,颗粒物(PM10),52,53,42,26,19,87,58,78,70,18,18,10,9,0.5,0.5
2023-10-02T22:00:00,3593A,112.5736,34.8993,洛阳市,吉利监测站,,36,25,18,25,13,80,18,75,51,31,16,1,2,0.1,0.2
2023-10-02T22:00:00,3594A,112.8867,33.9116,平顶山市,石龙区,,26,18,15,17,13,97,31,92,77,51,17,4,4,0.5,0.5
2023-10-02T22:00:00,3596A,114.1572,35.9603,鹤壁市,南山宾馆,,28,28,34,18,19,101,60,87,84,19,18,10,11,0.7,0.6
2023-10-02T22:00:00,3597A,113.8134,34.1251,许昌市,建安区兴业大厦,,35,35,33,20,15,69,36,57,48,17,18,3,4,0.5,0.6
2023-10-02T22:00:00,3598A,111.1,34.7167,三门峡市,富达温泉假日酒店,,42,35,20,29,11,87,24,81,49,23,19,8,8,0.8,0.6
2023-10-02T22:00:00,3599A,106.2649,29.9851,重庆市,书院路,,23,23,15,16,12,35,15,31,23,25,15,10,7,0.6,0.5
2023-10-02T22:00:00,3600A,106.2339,29.5559,重庆市,虎峰,,44,44,26,3,9,47,21,43,37,14,8,11,9,0.7,0.7
2023-10-02T22:00:00,3601A,106.0499,29.8342,重庆市,龙门街,,42,28,14,29,13,56,27,54,37,18,14,8,6,0.8,0.7
2023-10-02T22:00:00,3604A,119.3266,35.1044,日照市,岚山环保分局,,35,19,35,10,16,139,111,129,127,6,16,9,16,0.4,0.8
2023-10-02T22:00:00,3605A,109.09,34.5236,西安市,无线电监控中心,,30,30,21,19,13,77,8,74,53,46,15,5,6,0.6,0.5
2023-10-02T22:00:00,3606A,108.7108,34.46,西咸新区,北杜,,23,22,19,16,13,82,16,70,52,26,15,6,6,0.5,0.5
2023-10-02T22:00:00,3607A,108.7096,34.2956,西咸新区,同德佳苑,,25,24,20,17,14,79,32,75,52,32,17,4,4,0.7,0.6
2023-10-02T22:00:00,3608A,108.8558,34.4978,西咸新区,崇文塔,,23,23,20,14,12,84,8,83,56,46,13,5,6,0.5,0.4
2023-10-02T22:00:00,3610A,105.5933,29.4105,重庆市,昌元,,34,34,29,21,15,43,29,38,37,11,11,6,5,0.7,0.6
2023-10-02T22:00:00,3612A,85.1045,45.6899,克拉玛依市,白碱滩区新站,,33,33,20,12,6,108,85,100,98,13,9,9,8,0.4,0.3
2023-10-02T22:00:00,3613A,87.3095,44.0142,昌吉州,亚心广场,颗粒物(PM10),52,53,53,14,15,129,8,97,86,83,38,6,4,1.1,0.8
2023-10-02T22:00:00,3614A,79.924,37.0877,和田地区,地区环保局,颗粒物(PM10),126,202,252,70,72,106,53,97,88,49,22,9,10,0.8,0.6
2023-10-02T22:00:00,3615A,79.9131,37.113,和田地区,市环保局,颗粒物(PM10),112,173,239,64,90,110,41,99,86,54,24,6,9,0.6,0.4
2023-10-02T22:00:00,3616A,106.7616,31.8344,巴中市,市中心医院,,16,16,13,8,7,46,4,40,32,20,12,6,6,0.7,0.6
2023-10-02T22:00:00,3617A,105.8047,32.4166,广元市,经开区,,17,12,10,5,4,77,52,71,60,12,12,4,4,0.6,0.6
2023-10-02T22:00:00,3618A,112.4719,37.7831,太原市,金胜,细颗粒物(PM2.5),87,98,91,64,56,104,4,66,53,58,44,8,13,1.1,1.1
2023-10-02T22:00:00,3619A,113.617,37.8571,阳泉市,龙柱,颗粒物(PM10),73,96,81,35,33,111,6,94,72,73,46,14,31,1.2,1.4
2023-10-02T22:00:00,3620A,112.8271,35.4828,晋城市,泽州一中,,34,34,29,7,9,89,48,81,72,26,16,3,3,0.5,0.5
2023-10-02T22:00:00,3621A,106.8288,39.6778,乌海市,聚英学校,颗粒物(PM10),64,78,65,18,23,131,58,105,86,50,34,34,49,0.7,0.9
2023-10-02T22:00:00,3622A,113.5556,24.8082,韶关市,碧湖山庄,,43,43,38,17,23,123,44,98,87,9,4,9,10,0.8,0.8
2023-10-02T22:00:00,3623A,113.8953,22.5861,深圳市,西乡,,26,18,31,11,13,122,81,99,93,13,12,6,6,0.5,0.5
2023-10-02T22:00:00,3624A,116.4069,23.2533,汕头市,潮南子站,,44,44,38,8,9,155,95,142,127,9,7,7,8,0.7,0.8
2023-10-02T22:00:00,3625A,113.2544,22.7642,佛山市,容桂街道办,,34,34,19,17,10,152,78,137,125,28,13,5,4,0.8,0.7
2023-10-02T22:00:00,3626A,113.7533,23.0202,东莞市,南城元岭,,25,25,21,17,13,146,42,120,87,29,7,7,8,0.9,0.7
2023-10-02T22:00:00,3627A,113.7875,23.0457,东莞市,东城主山,,25,24,19,17,13,153,60,125,98,20,11,8,7,0.8,0.7
2023-10-02T22:00:00,3628A,112.0336,22.9374,云浮市,文笔,,37,37,27,14,12,136,106,122,121,13,7,11,8,0.6,0.5
2023-10-02T22:00:00,3629A,101.8305,36.5786,西宁市,世纪职校,,32,32,20,7,7,95,42,89,73,42,22,11,11,0.5,0.5
2023-10-02T22:00:00,3630A,101.7413,36.6397,西宁市,师大城西校区,,33,31,23,23,20,90,55,78,72,26,19,9,9,0.4,0.4
2023-10-02T22:00:00,3633A,118.4918,31.6809,马鞍山市,雨山,,33,33,29,18,10,91,67,84,80,18,15,7,7,0.7,0.7
2023-10-02T22:00:00,3634A,116.9884,33.6305,宿州市,宿州学院,,50,50,49,12,16,107,57,95,78,17,13,3,4,0.3,0.5
2023-10-02T22:00:00,3635A,112.3677,34.662,洛阳市,河科大西苑校区,,32,27,15,22,13,91,41,87,59,20,17,3,3,0.2,0.2
2023-10-02T22:00:00,3636A,112.4388,34.6781,洛阳市,英才小学,,35,22,9,24,17,86,56,84,63,15,10,3,3,0.5,0.4
2023-10-02T22:00:00,3637A,131.0176,45.7761,七台河市,人民广场,,28,28,22,15,15,63,21,56,33,24,22,8,9,0.5,0.5
2023-10-02T22:00:00,3638A,104.7636,29.3338,自贡市,轻化工大学,,48,45,30,33,22,56,28,44,44,16,17,6,6,0.4,0.4
2023-10-02T22:00:00,3639A,104.4019,31.1244,德阳市,市教育局,,38,38,36,23,18,68,16,58,50,37,18,2,2,0.9,0.7
2023-10-02T22:00:00,3642A,120.3503,36.0736,青岛市,市北区南部,,39,26,30,7,11,144,122,134,132,25,36,7,7,0.4,0.3
2023-10-02T22:00:00,3643A,120.3948,36.1805,青岛市,李沧区北部,,44,44,35,24,11,158,78,142,117,54,33,8,10,0.5,0.5
2023-10-02T22:00:00,3644A,117.8661,36.805,淄博市,三金集团,颗粒物(PM10),62,74,46,34,20,147,51,135,112,57,32,13,11,0.6,0.6
2023-10-02T22:00:00,3645A,118.0253,36.8406,淄博市,东风化工厂,颗粒物(PM10),58,66,61,27,31,155,74,136,115,49,57,8,15,0.9,0.9
2023-10-02T22:00:00,3646A,118.4978,37.4623,东营市,胜利站,,43,41,68,22,34,194,136,166,161,16,45,13,26,0.5,0.6
2023-10-02T22:00:00,3647A,115.4702,35.2706,菏泽市,菏泽医专,颗粒物(PM10),67,84,45,30,18,135,48,118,101,41,28,7,8,0.4,0.4
2023-10-02T22:00:00,3648A,106.2112,37.9768,吴忠市,文卫南街,颗粒物(PM10),61,71,45,33,23,141,78,126,119,33,15,15,12,0.6,0.6
2023-10-02T22:00:00,3650A,105.1698,37.5162,中卫市,沙坡头区政府站,细颗粒物(PM2.5),70,77,52,51,21,127,46,117,102,46,15,9,8,0.6,0.5
2023-10-02T22:00:00,3651A,108.9543,34.8732,铜川市,旺旺集团,细颗粒物(PM2.5),109,30,26,82,56,100,65,94,77,15,11,11,6,0.6,0.2
2023-10-02T22:00:00,3652A,109.4809,36.5786,延安市,西北局旧址,,46,46,34,18,23,77,3,57,34,37,23,6,6,0.8,0.7
2023-10-02T22:00:00,3653A,111.3119,30.7273,宜昌市,云深路,,15,11,18,5,13,76,48,68,62,19,14,6,7,0.9,0.7
2023-10-02T22:00:00,3654A,114.8094,30.4089,鄂州市,精准医疗中心,,31,31,53,8,23,110,49,98,71,8,20,5,10,0.6,0.9
2023-10-02T22:00:00,3655A,114.3375,29.8683,咸宁市,长江产业园,细颗粒物(PM2.5),64,71,50,46,33,102,26,92,65,24,14,7,6,0.9,0.9
2023-10-02T22:00:00,3656A,120.1556,30.2864,杭州市,消防大队,,31,22,26,5,7,122,98,116,110,18,17,7,8,0.3,0.3
2023-10-02T22:00:00,3658A,120.6153,30.0764,绍兴市,袍江中学,,34,34,30,14,10,115,90,111,106,18,17,6,4,0.5,0.5
2023-10-02T22:00:00,3659A,119.656,29.1131,金华市,气象局,,30,21,24,13,12,151,93,137,122,17,17,5,5,0.4,0.4
2023-10-02T22:00:00,3662A,123.6333,47.2075,齐齐哈尔市,富区青少年活动中心,,38,38,35,8,11,82,64,74,70,9,14,5,6,0.3,0.3
2023-10-02T22:00:00,3663A,124.1164,50.4278,大兴安岭地区,红旗社区,,44,44,13,17,9,81,8,72,40,33,14,6,6,0.3,0.2
2023-10-02T22:00:00,3664A,119.4172,34.7341,连云港市,连云街道,,31,14,23,5,8,126,97,116,110,8,13,4,7,0.3,0.4
2023-10-02T22:00:00,3665A,76.1658,39.7157,克孜勒苏柯尔克孜自治州,克州文化中心,颗粒物(PM10),90,129,88,35,17,110,82,105,102,19,15,5,7,0.2,0.2
2023-10-02T22:00:00,3667A,111.0283,35.0547,运城市,水利职院,,31,31,18,21,14,102,57,101,76,10,7,5,7,0.6,0.5
2023-10-02T22:00:00,3668A,111.5036,36.0414,临汾市,城南,细颗粒物(PM2.5),60,54,32,43,24,80,1,66,51,77,29,10,11,1.5,0.9
2023-10-02T22:00:00,3669A,114.4705,36.0637,安阳市,左辅环卫站,,50,47,43,35,20,108,75,102,96,9,18,3,5,0.6,0.6
2023-10-02T22:00:00,3670A,111.0522,35.0439,运城市,禹都公园,,22,22,16,13,8,103,66,103,78,9,7,4,5,0.5,0.4
2023-10-02T22:00:00,3671A,116.088,39.9726,北京市,门头沟三家店,,,,,,,,,,,,,,,,
2023-10-02T22:00:00,3672A,116.1541,39.8204,北京市,丰台云岗,颗粒物(PM10),62,74,53,24,19,91,48,72,61,30,27,6,6,0.7,0.5
2023-10-02T22:00:00,3673A,116.6804,39.9081,北京市,通州东关,颗粒物(PM10),74,98,84,37,35,123,0,88,67,99,55,1,3,0.7,0.5
2023-10-02T22:00:00,3674A,115.9577,39.7603,北京市,房山燕山,颗粒物(PM10),60,70,43,40,21,117,65,107,87,20,18,1,2,0.5,0.3
2023-10-02T22:00:00,3675A,116.4672,39.7733,北京市,大兴旧宫,颗粒物(PM10),70,90,64,41,29,102,13,76,58,60,39,1,2,0.8,0.5
2023-10-02T22:00:00,3676A,113.2802,40.0995,大同市,第二人民医院,颗粒物(PM10),69,87,107,25,31,111,82,98,92,30,50,31,20,0.5,1
2023-10-02T22:00:00,3677A,98.5881,24.4368,德宏州,芒市人民政府综合楼,,20,19,19,14,7,57,15,40,29,11,8,10,11,0.5,0.5
2023-10-02T22:00:00,3678A,116.5907,35.4054,济宁市,市第七中学,,47,47,43,24,21,120,46,106,93,39,25,6,10,0.7,0.5
2023-10-02T22:00:00,3682A,116.9814,36.6819,济南市,济南四建,颗粒物(PM10),54,58,42,29,17,139,73,126,108,37,37,8,8,0.5,0.5
2023-10-02T22:00:00,3683A,109.8331,40.6576,包头市,昆区政府,,36,36,45,19,26,103,58,84,80,48,40,16,16,0.6,0.6
2023-10-02T22:00:00,3684A,130.8781,45.8222,七台河市,新建矿广场,,19,19,13,12,11,64,10,57,33,20,19,9,10,0.4,0.3
2023-10-02T22:00:00,3685A,117.897,28.4315,上饶市,双创科技城,,45,45,42,23,19,125,92,115,108,14,9,6,7,0.4,0.5
2023-10-02T22:00:00,3689A,113.9003,35.372,新乡市,行政服务中心,,42,42,34,23,16,101,52,94,79,22,14,9,10,0.8,0.8
2023-10-02T22:00:00,3690A,115.9721,28.7031,南昌市,外国语学校,颗粒物(PM10),51,51,30,24,18,114,87,102,96,13,8,6,5,0.4,0.3
2023-10-02T22:00:00,3692A,118.2059,39.6585,唐山市,消防缸窑路中队,颗粒物(PM10),57,64,80,29,24,147,98,133,114,30,34,11,12,0.4,0.6
2023-10-02T22:00:00,3693A,118.1436,39.6202,唐山市,路南电大,,,,57,,29,138,,118,105,,48,,3,,0.6
2023-10-02T22:00:00,3694A,115.986,40.4563,北京市,延庆石河营,,50,50,33,28,18,88,29,78,71,27,19,3,3,0.4,0.3
2023-10-02T22:00:00,3695A,116.6151,40.3053,北京市,怀柔新城,,42,42,38,23,22,104,67,90,85,13,14,3,3,0.5,0.3
2023-10-02T22:00:00,3696A,116.2545,39.8768,北京市,丰台小屯,颗粒物(PM10),69,88,56,36,23,95,25,77,64,60,43,3,2,0.6,0.4
2023-10-02T22:00:00,3697A,116.84,40.3844,北京市,密云镇,颗粒物(PM10),62,74,52,29,20,90,0,77,42,76,38,3,2,0.7,0.4
2023-10-02T22:00:00,3698A,111.5968,40.8178,呼和浩特市,红旗小学,颗粒物(PM10),58,66,72,18,32,109,16,89,75,77,54,6,10,0.6,0.6
2023-10-02T22:00:00,3699A,111.6518,40.8389,呼和浩特市,海东办,颗粒物(PM10),57,63,69,25,31,114,31,98,91,72,54,7,9,0.7,0.6
2023-10-02T22:00:00,3700A,103.0456,29.9956,雅安市,康养中心,,,16,17,,,79,42,55,45,4,5,8,7,0.4,0.4
2023-10-02T22:00:00,3701A,116.9648,33.6252,宿州市,皖北煤电集团,,40,40,40,13,15,105,61,93,78,21,18,5,4,0.3,0.3
2023-10-02T22:00:00,3703A,114.2917,36.0949,安阳市,安钢职工学校,,49,49,47,26,22,102,61,92,88,25,24,9,9,0.6,0.6
2023-10-02T22:00:00,3706A,122.2584,43.6333,通辽市,老干部活动中心,,41,41,27,14,13,96,96,79,71,17,20,11,7,0.5,0.4
2023-10-02T22:00:00,3707A,131.0207,45.3073,鸡西市,欧美日汽修厂,颗粒物(PM10),75,99,35,24,26,58,4,51,23,35,19,21,7,0.8,0.5
2023-10-02T22:00:00,3708A,122.2922,43.6189,通辽市,东方明珠社区,颗粒物(PM10),51,51,42,24,21,78,65,63,57,33,30,9,5,0.3,0.3
2023-10-02T22:00:00,3709A,130.9967,45.3106,鸡西市,市政设施管理处,颗粒物(PM10),79,108,36,35,13,54,6,51,27,34,16,5,4,0.8,0.6
2023-10-02T22:00:00,3710A,121.5594,29.8975,宁波市,白沙活动中心,,,29,28,9,8,125,61,118,100,,20,7,9,0.5,0.5
2023-10-02T22:00:00,3713A,124.3419,43.1666,四平市,世纪城,,29,29,29,17,19,97,81,85,84,19,17,7,8,0.3,0.3
2023-10-02T22:00:00,3715A,117.3092,32.9314,蚌埠市,蚌埠田家炳中学,,34,34,40,20,16,86,38,76,65,28,17,4,6,0.3,0.3
2023-10-02T22:00:00,3719A,97.1714,31.1406,昌都市,昌都会议中心,,12,12,12,7,8,72,30,66,47,7,10,7,7,0.3,0.4
2023-10-02T22:00:00,3726A,88.8781,29.2426,日喀则市,林业技术推广中心,,13,10,9,3,1,56,39,52,50,9,7,8,7,0.5,0.4
2023-10-02T22:00:00,3728A,104.68,28.8071,宜宾市,白酒学院,,44,44,33,29,21,65,33,54,38,18,16,7,7,0.6,0.6
2023-10-02T22:00:00,3734A,118.35,37.26,东营市,理想之城,,42,36,63,19,32,204,134,182,172,23,53,7,13,0.4,0.5
2023-10-02T22:00:00,3860A,118.3920,35.0300,临沂市,皇山花园小区,,36,36,40,19,21,123,93,113,106,17,23,9,10,0.8,0.6
2023-10-02T22:00:00,3861A,119.2041,36.7699,潍坊市,寒亭区实验一小,颗粒物(PM10),53,56,41,24,18,170,88,151,126,41,29,11,9,1.0,0.7
2023-10-02T22:00:00,3866A,122.2469,40.66302,营口市,三高中,,45,45,36,26,17,162,118,149,146,22,26,9,8,0.9,0.8
2023-10-02T22:00:00,3867A,102.0738,36.5056,海东地区,平安区公安北苑,,40,37,27,28,16,101,55,88,78,27,18,12,13,0.5,0.5
2023-10-02T22:00:00,3981A,113.2449,35.1803,焦作市,原李万街道办,,28,28,33,17,16,101,46,86,75,19,16,1,2,0.6,0.6
2023-10-02T22:00:00,3994A,102.2165,31.9024,阿坝藏族羌族自治州,马尔康中学西区,,23,22,14,16,10,80,62,68,56,3,3,6,6,0.4,0.4
2023-10-02T22:00:00,4002A,109.2416,23.7461,来宾市,中南小学,,40,40,38,23,26,97,52,88,78,15,9,5,8,0.7,0.7
2023-10-02T22:00:00,4004A,115.4202,38.8656,保定市,双鹰农机,颗粒物(PM10),60,70,90,27,43,160,49,118,101,35,44,7,10,0.4,0.5
2023-10-02T22:00:00,4006A,122.3622,40.6762,营口市,老边实验小学,颗粒物(PM10),142,234,89,28,21,154,102,138,128,41,38,10,12,0.8,1
2023-10-02T22:00:00,4008A,112.5234,32.9922,南阳市,卧龙区政府,,24,14,17,14,15,102,74,100,76,8,8,2,2,0.4,0.3
2023-10-02T22:00:00,4010A,112.5608,37.8807,太原市,育英中学,细颗粒物(PM2.5),114,139,99,86,52,68,16,47,42,82,55,20,20,1.5,1.2
2023-10-02T22:00:00,4011A,103.8506,30.6947,成都市,光华大道三段,,48,39,36,33,23,72,5,55,45,37,13,2,3,0.9,0.7
2023-10-02T22:00:00,4017A,116.7923,33.9535,淮北市,市博物馆（启用20230615）,,30,18,30,4,12,109,93,101,92,9,12,6,7,0.4,0.5
2023-10-02T22:00:00,4018A,116.0567,36.4608,聊城市,星美广场（启用20230803）,颗粒物(PM10),78,105,59,39,23,133,14,118,77,74,37,6,7,0.6,0.5
2023-10-02T22:00:00,4022A,102.1647,38.5371,金昌市,金川区人防中心（启用20230903）,,,49,27,18,11,125,,116,112,42,14,10,15,0.8,0.6
2023-10-02T22:00:00,4024A,114.6549,37.9020,石家庄市,栾城区星河路（启用20230918）,颗粒物(PM10),64,78,72,22,24,120,43,87,61,34,45,5,8,0.4,0.7
2023-10-02T22:00:00,1001A,116.3621,39.8784,北京市,万寿西宫,颗粒物(PM10),75,99,62,49,27,100,63,88,84,38,37,3,3,0.6,0.5
2023-10-02T22:00:00,1002A,116.2202,40.2915,北京市,定陵,,42,42,35,24,17,87,35,61,55,5,7,1,2,0.5,0.3
2023-10-02T22:00:00,1003A,116.4174,39.9289,北京市,东四,颗粒物(PM10),76,102,67,46,28,108,59,97,92,48,35,3,3,0.7,0.5
2023-10-02T22:00:00,1004A,116.4072,39.8863,北京市,天坛,颗粒物(PM10),64,77,55,36,26,99,30,85,69,43,35,3,3,0.8,0.5
2023-10-02T22:00:00,1005A,116.462,39.9365,北京市,农展馆,颗粒物(PM10),71,92,66,47,30,103,65,91,87,37,45,5,5,0.8,0.5
2023-10-02T22:00:00,1006A,116.3392,39.9295,北京市,官园,颗粒物(PM10),73,95,61,47,27,112,83,102,100,31,39,4,3,0.7,0.5
2023-10-02T22:00:00,1007A,116.2878,39.9611,北京市,海淀万柳,颗粒物(PM10),60,70,54,27,23,96,39,86,76,32,31,3,2,0.7,0.5
2023-10-02T22:00:00,1008A,116.6636,40.135,北京市,顺义新城,颗粒物(PM10),77,104,60,45,26,105,30,81,69,34,30,3,3,0.6,0.4
2023-10-02T22:00:00,1009A,116.6275,40.3275,北京市,怀柔镇,,45,45,40,24,21,100,61,86,78,20,18,2,2,0.4,0.3
2023-10-02T22:00:00,1010A,116.2296,40.217,北京市,昌平镇,颗粒物(PM10),52,54,42,24,19,90,54,76,69,9,7,1,2,0.5,0.4
2023-10-02T22:00:00,1011A,116.3966,39.9821,北京市,奥体中心,颗粒物(PM10),65,79,54,40,25,93,29,82,76,64,38,1,2,0.8,0.4
2023-10-02T22:00:00,1012A,116.184,39.9136,北京市,古城,颗粒物(PM10),71,91,56,38,23,93,24,79,67,65,36,1,2,0.9,0.6
2023-10-02T22:00:00,1015A,117.1444,39.1661,天津市,勤俭道,颗粒物(PM10),57,63,70,22,34,148,95,135,124,20,31,10,12,0.5,0.6
2023-10-02T22:00:00,1017A,117.237,39.1082,天津市,大直沽八号路,颗粒物(PM10),62,73,75,28,34,141,81,132,121,30,40,6,8,0.6,0.7
2023-10-02T22:00:00,1018A,117.202,39.0927,天津市,前进道,颗粒物(PM10),59,68,67,29,36,141,79,130,118,34,46,9,10,0.6,0.6
2023-10-02T22:00:00,1019A,117.1837,39.2133,天津市,淮河道,颗粒物(PM10),58,65,65,21,32,162,105,143,132,22,36,7,9,0.3,0.4
2023-10-02T22:00:00,1021A,117.307,39.0877,天津市,跃进路,颗粒物(PM10),65,80,79,34,37,158,83,146,122,31,45,9,9,0.6,0.7
2023-10-02T22:00:00,1023A,117.707,39.0343,天津市,第四大街,,45,45,61,18,31,145,95,126,119,29,43,7,8,0.5,0.6
2023-10-02T22:00:00,1024A,117.457,38.8394,天津市,永明路,,32,32,50,14,28,154,88,135,121,21,42,6,8,0.4,0.5
2023-10-02T22:00:00,1026A,117.764,39.1587,天津市,汉北路,颗粒物(PM10),54,57,54,25,28,143,82,119,108,42,40,11,10,0.6,1
2023-10-02T22:00:00,1027A,117.157,38.9194,天津市,团泊洼,,45,45,62,22,38,142,76,128,112,24,39,5,7,0.6,0.7
2023-10-02T22:00:00,1029A,114.4422,38.0444,石家庄市,职工医院,颗粒物(PM10),56,61,52,21,19,117,25,90,66,58,53,7,8,0.6,0.8
2023-10-02T22:00:00,1030A,114.6063,38.0266,石家庄市,高新区,颗粒物(PM10),61,71,58,24,22,119,44,90,71,33,42,2,4,0.5,0.7
2023-10-02T22:00:00,1031A,114.4898,38.1328,石家庄市,西北水源,颗粒物(PM10),55,60,55,38,31,110,43,90,72,38,43,4,6,0.6,0.8
2023-10-02T22:00:00,1032A,114.4586,38.0058,石家庄市,西南高教,颗粒物(PM10),65,80,58,32,19,116,12,86,60,66,52,4,6,0.7,0.8
2023-10-02T22:00:00,1033A,114.5331,38.0178,石家庄市,世纪公园,颗粒物(PM10),54,58,51,31,28,112,34,88,67,47,47,5,6,0.5,0.7
2023-10-02T22:00:00,1034A,114.509,38.0457,石家庄市,人民会堂,颗粒物(PM10),54,57,55,29,21,120,42,95,75,34,40,5,9,0.5,0.8
2023-10-02T22:00:00,1035A,114.3524,37.8911,石家庄市,封龙山,颗粒物(PM10),60,69,50,30,25,115,68,114,87,29,19,5,7,1.1,1
2023-10-02T22:00:00,1037A,118.131,39.6363,唐山市,雷达站,颗粒物(PM10),63,76,63,38,28,142,80,123,98,41,38,5,5,0.4,0.6
2023-10-02T22:00:00,1038A,118.1725,39.6334,唐山市,物资局,颗粒物(PM10),66,81,66,30,27,142,87,127,106,40,47,10,11,0.5,0.6
2023-10-02T22:00:00,1040A,118.1705,39.6506,唐山市,十二中,颗粒物(PM10),58,66,65,30,27,139,86,124,102,45,49,4,5,0.5,0.6
2023-10-02T22:00:00,1041A,118.1869,39.622,唐山市,小山,,,,,,,,,,,,,,,,
2023-10-02T22:00:00,1042A,119.5134,39.8207,秦皇岛市,北戴河环保局,颗粒物(PM10),61,72,53,18,15,150,97,135,123,38,37,9,16,0.2,0.7
2023-10-02T22:00:00,1043A,119.7493,40.0116,秦皇岛市,第一关,二氧化氮,71,87,52,35,20,151,34,134,100,141,68,14,12,0.7,0.7
2023-10-02T22:00:00,1044A,119.5897,39.9499,秦皇岛市,监测站,颗粒物(PM10),67,83,53,33,28,142,99,131,121,29,41,12,22,0.6,0.7
2023-10-02T22:00:00,1046A,119.5251,39.9041,秦皇岛市,建设大厦,颗粒物(PM10),62,74,67,42,36,137,88,126,115,25,34,6,18,0.4,0.5
2023-10-02T22:00:00,1048A,114.5302,36.6116,邯郸市,东污水处理厂,,36,36,46,22,22,94,80,88,87,14,35,3,7,0.3,0.5
2023-10-02T22:00:00,1049A,114.4918,36.5713,邯郸市,矿院,,33,33,41,11,18,100,75,89,86,23,39,1,4,0.0,0.2
2023-10-02T22:00:00,1050A,114.484,36.6133,邯郸市,丛台公园,,26,18,30,15,17,100,82,92,90,11,23,4,6,0.2,0.4
2023-10-02T22:00:00,1051A,115.493,38.8632,保定市,游泳馆,颗粒物(PM10),52,54,79,28,44,161,63,126,113,30,41,6,8,0.4,0.6
2023-10-02T22:00:00,1052A,115.5213,38.8959,保定市,华电二区,颗粒物(PM10),51,52,63,22,35,146,64,120,108,21,32,6,8,0.5,0.5
2023-10-02T22:00:00,1053A,115.4713,38.9108,保定市,接待中心,颗粒物(PM10),55,59,79,31,39,150,61,117,107,22,35,7,8,0.1,0.3
2023-10-02T22:00:00,1054A,115.4612,38.8416,保定市,地表水厂,颗粒物(PM10),60,69,92,23,36,146,54,112,100,32,47,8,10,0.1,0.3
2023-10-02T22:00:00,1056A,115.5086,38.8639,保定市,监测站,颗粒物(PM10),54,57,74,36,42,161,67,128,117,28,40,9,11,0.5,0.6
2023-10-02T22:00:00,1057A,114.8883,40.8336,张家口市,人民公园,颗粒物(PM10),51,52,40,15,7,86,50,73,57,27,22,2,4,0.4,0.4
2023-10-02T22:00:00,1059A,114.8687,40.8042,张家口市,五金库,颗粒物(PM10),63,75,38,24,10,91,19,78,52,59,26,3,4,0.5,0.5
2023-10-02T22:00:00,1060A,114.8902,40.762,张家口市,世纪豪园,颗粒物(PM10),64,77,41,30,12,84,8,75,53,72,26,4,4,0.6,0.3
2023-10-02T22:00:00,1061A,114.8916,40.8661,张家口市,北泵房,,46,46,35,24,14,89,45,81,54,23,19,7,8,0.3,0.3
2023-10-02T22:00:00,1062A,117.9531,40.9081,承德市,铁路,,39,39,23,24,7,101,46,82,73,48,34,8,8,0.7,0.4
2023-10-02T22:00:00,1063A,117.9392,40.9763,承德市,中国银行,,41,41,29,14,7,106,20,97,77,49,26,5,6,0.7,0.5
2023-10-02T22:00:00,1064A,117.9503,40.928,承德市,开发区,,42,42,30,20,13,105,74,98,94,14,27,6,6,0.5,0.4
2023-10-02T22:00:00,1065A,117.8051,40.9655,承德市,文化中心,,46,46,37,9,11,101,16,85,65,62,37,2,5,0.6,0.4
2023-10-02T22:00:00,1066A,117.9268,41.0026,承德市,离宫,,26,23,21,18,15,110,58,94,80,20,17,2,2,0.4,0.3
2023-10-02T22:00:00,1067A,116.6708,39.5111,廊坊市,药材公司,颗粒物(PM10),65,79,78,31,32,133,66,108,96,28,35,3,5,0.5,0.5
2023-10-02T22:00:00,1068A,116.7214,39.5589,廊坊市,开发区,颗粒物(PM10),63,76,71,36,40,133,80,106,92,30,40,3,4,0.4,0.5
2023-10-02T22:00:00,1070A,116.7244,39.5269,廊坊市,北华航天学院,颗粒物(PM10),65,79,75,28,34,142,84,119,108,27,40,6,8,0.5,0.5
2023-10-02T22:00:00,1071A,116.8842,38.2991,沧州市,沧县城建局,颗粒物(PM10),51,52,55,17,25,149,85,126,108,23,37,6,10,0.4,0.4
2023-10-02T22:00:00,1072A,116.8584,38.3254,沧州市,电视转播站,颗粒物(PM10),51,51,48,12,23,151,85,135,118,15,30,9,12,0.4,0.5
2023-10-02T22:00:00,1073A,116.8709,38.3228,沧州市,市环保局,,50,50,55,28,32,147,91,128,116,12,28,3,8,0.2,0.3
2023-10-02T22:00:00,1074A,115.6838,37.7541,衡水市,电机北厂,,48,48,48,14,19,137,86,120,103,18,23,10,7,0.2,0.3
2023-10-02T22:00:00,1075A,115.6303,37.7316,衡水市,市监测站,颗粒物(PM10),54,58,54,15,19,131,54,112,85,33,33,8,10,0.3,0.2
2023-10-02T22:00:00,1077A,114.4704,37.0886,邢台市,达活泉,,45,45,46,15,15,81,75,75,72,10,27,11,13,0.6,0.7
2023-10-02T22:00:00,1078A,114.5062,37.0349,邢台市,邢师高专,,32,32,63,15,17,81,75,72,66,16,34,5,10,0.2,0.9
2023-10-02T22:00:00,1079A,114.5237,37.0851,邢台市,路桥公司,,40,40,56,17,22,91,85,82,75,18,36,3,9,0.5,1.1
2023-10-02T22:00:00,1080A,114.4725,37.0719,邢台市,市环保局,颗粒物(PM10),52,53,51,16,17,85,73,77,71,18,32,8,12,0.5,0.8
2023-10-02T22:00:00,1081A,112.522,37.8873,太原市,尖草坪,细颗粒物(PM2.5),113,145,114,85,55,70,27,52,42,69,58,17,13,1.5,1.2
2023-10-02T22:00:00,1083A,112.434,38.0108,太原市,上兰,,,,,,,,,,,,,,,,
2023-10-02T22:00:00,1084A,112.469,37.7124,太原市,晋源,细颗粒物(PM2.5),105,138,99,79,59,95,35,71,59,55,51,18,12,1.2,1.2
2023-10-02T22:00:00,1085A,112.5583,37.7394,太原市,小店,细颗粒物(PM2.5),109,144,111,82,55,66,47,55,50,47,46,24,23,1.2,1.5
2023-10-02T22:00:00,1086A,112.5369,37.8692,太原市,桃园,颗粒物(PM10),107,164,113,75,48,57,18,45,40,80,57,18,19,1.5,1.5
2023-10-02T22:00:00,1087A,112.57,37.8195,太原市,坞城,细颗粒物(PM2.5),100,140,100,75,53,70,33,55,52,65,53,25,24,1.2,1.2
2023-10-02T22:00:00,1088A,112.549,37.9854,太原市,南寨,颗粒物(PM10),74,97,75,44,46,58,5,46,26,55,42,8,11,1.2,1.2
2023-10-02T22:00:00,1090A,111.6507,40.7517,呼和浩特市,呼市一监,颗粒物(PM10),70,90,70,42,34,101,12,84,74,71,44,8,11,0.8,0.7
2023-10-02T22:00:00,1091A,111.6572,40.8033,呼和浩特市,小召,颗粒物(PM10),64,78,66,29,29,104,44,88,84,57,48,10,10,0.9,0.8
2023-10-02T22:00:00,1094A,111.7516,40.8369,呼和浩特市,如意水处理厂,颗粒物(PM10),64,78,69,31,25,115,20,100,91,71,43,8,12,0.6,0.5
2023-10-02T22:00:00,1095A,111.7276,40.8062,呼和浩特市,二十九中,颗粒物(PM10),63,76,65,36,30,117,17,101,92,80,45,8,12,1.0,0.7
2023-10-02T22:00:00,1096A,111.5512,40.7866,呼和浩特市,工大金川校区,颗粒物(PM10),69,87,67,32,30,108,12,90,77,69,45,7,9,0.6,0.6
2023-10-02T22:00:00,1097A,111.717,40.7612,呼和浩特市,化肥厂生活区,颗粒物(PM10),69,87,77,37,30,115,40,95,88,50,39,8,12,0.6,0.6
2023-10-02T22:00:00,1098A,123.6836,41.9339,沈阳市,森林路,,,,,,,,,,,,,,,,
2023-10-02T22:00:00,1099A,123.505,41.7406,沈阳市,浑南东路,颗粒物(PM10),56,62,48,24,22,120,36,107,92,61,34,52,23,1.0,1
2023-10-02T22:00:00,1100A,123.4231,41.6989,沈阳市,新秀街,颗粒物(PM10),63,75,53,22,17,116,83,102,97,33,38,91,37,0.9,1.1
2023-10-02T22:00:00,1102A,123.5903,41.8411,沈阳市,东陵路,颗粒物(PM10),64,78,49,30,21,128,50,105,94,43,29,31,15,0.9,0.9
2023-10-02T22:00:00,1103A,123.4264,41.8467,沈阳市,陵东街,颗粒物(PM10),51,51,37,22,18,119,96,109,107,33,31,18,12,1.2,0.9
2023-10-02T22:00:00,1104A,123.4114,41.7653,沈阳市,文化路,颗粒物(PM10),55,60,51,27,26,121,93,112,109,31,33,43,27,1.1,1.1
2023-10-02T22:00:00,1105A,123.4678,41.7867,沈阳市,小河沿,,46,46,42,28,20,121,92,110,107,33,34,28,14,1.0,0.9
2023-10-02T22:00:00,1106A,123.4017,41.7972,沈阳市,太原街,,44,44,39,24,21,119,92,107,104,38,36,23,20,1.1,0.9
2023-10-02T22:00:00,1108A,123.3783,41.9228,沈阳市,京沈街,颗粒物(PM10),51,52,49,21,23,117,114,109,109,11,16,19,17,1.1,0.8
2023-10-02T22:00:00,1109A,121.612,38.9741,大连市,甘井子,,39,39,21,19,10,132,76,119,99,32,22,6,6,0.6,0.5
2023-10-02T22:00:00,1110A,121.565,38.9511,大连市,周水子,,31,16,16,10,10,126,98,117,106,19,24,10,8,0.6,0.6
2023-10-02T22:00:00,1111A,121.5637,38.8845,大连市,星海三站,,24,24,17,16,10,153,74,129,102,34,21,9,8,0.4,0.4
2023-10-02T22:00:00,1112A,121.6302,38.9117,大连市,青泥洼桥,,28,15,16,8,8,137,89,116,103,21,21,8,7,0.2,0.3
2023-10-02T22:00:00,1113A,121.6251,38.8638,大连市,傅家庄,,32,15,16,6,7,164,101,139,124,13,12,7,7,0.3,0.4
2023-10-02T22:00:00,1114A,121.5213,38.8661,大连市,七贤岭,,24,24,20,16,9,148,56,131,99,30,20,5,6,0.6,0.5
2023-10-02T22:00:00,1115A,121.2529,38.8061,大连市,旅顺,,32,16,14,8,8,146,102,138,130,22,16,9,8,0.4,0.5
2023-10-02T22:00:00,1116A,121.7485,39.1311,大连市,金州,,29,24,20,11,10,139,92,126,110,22,16,11,9,0.6,0.6
2023-10-02T22:00:00,1117A,121.7811,39.0496,大连市,开发区,,30,18,20,9,11,135,93,121,114,22,25,4,6,0.5,0.5
2023-10-02T22:00:00,1118A,121.9762,39.0631,大连市,双D港,,30,9,16,7,7,144,95,124,114,16,16,8,8,0.4,0.5
2023-10-02T22:00:00,1119A,125.3325,43.9166,长春市,食品厂,细颗粒物(PM2.5),103,152,45,77,21,79,8,67,33,73,40,7,6,1.2,0.5
2023-10-02T22:00:00,1120A,125.2863,43.9027,长春市,客车厂,颗粒物(PM10),89,128,39,57,21,79,10,67,33,71,37,8,7,1.4,0.6
2023-10-02T22:00:00,1121A,125.2841,43.8463,长春市,邮电学院,颗粒物(PM10),60,70,32,20,14,81,3,69,39,60,32,5,6,0.8,0.4
2023-10-02T22:00:00,1122A,125.3716,43.8772,长春市,劳动公园,颗粒物(PM10),94,138,51,61,19,81,9,67,42,66,36,6,5,1.5,0.7
2023-10-02T22:00:00,1123A,125.3297,43.8805,长春市,园林处,颗粒物(PM10),65,79,34,34,15,80,8,71,42,76,32,8,8,0.9,0.5
2023-10-02T22:00:00,1124A,125.4605,43.79,长春市,净月潭,,23,23,19,12,7,82,49,71,64,16,13,7,6,0.3,0.3
2023-10-02T22:00:00,1125A,125.7194,43.515,长春市,甩湾子,,,,,,,,,,,,,,,,
2023-10-02T22:00:00,1126A,125.3863,43.8447,长春市,经开区环卫处,颗粒物(PM10),65,80,46,23,15,81,1,67,35,54,33,5,5,0.5,0.4
2023-10-02T22:00:00,1127A,125.245,43.7783,长春市,高新区管委会,颗粒物(PM10),63,76,36,18,12,89,3,76,39,58,32,7,7,0.6,0.4
2023-10-02T22:00:00,1128A,125.1761,43.8325,长春市,岱山公园,颗粒物(PM10),81,111,37,25,12,85,10,74,44,74,32,7,5,0.7,0.5
2023-10-02T22:00:00,1129A,126.5422,45.755,哈尔滨市,岭北,,26,26,16,10,9,89,18,80,61,24,13,4,6,0.5,0.4
2023-10-02T22:00:00,1130A,126.561,45.8167,哈尔滨市,松北商大,,35,35,21,9,8,80,3,68,38,43,23,6,6,0.8,0.5
2023-10-02T22:00:00,1131A,126.979,45.5419,哈尔滨市,阿城会宁,颗粒物(PM10),71,92,42,25,16,84,5,70,40,47,21,6,6,0.6,0.6
2023-10-02T22:00:00,1132A,126.599,45.7222,哈尔滨市,南岗学府路,颗粒物(PM10),81,112,37,57,15,81,4,70,42,66,28,9,5,1.4,0.6
2023-10-02T22:00:00,1133A,126.689,45.7733,哈尔滨市,太平宏伟公园,颗粒物(PM10),106,161,39,54,22,82,6,69,40,70,28,6,4,1.2,0.7
2023-10-02T22:00:00,1134A,126.635,45.7667,哈尔滨市,道外承德广场,细颗粒物(PM2.5),99,86,26,74,16,82,4,70,43,72,33,8,6,1.7,0.8
2023-10-02T22:00:00,1135A,126.685,45.7319,哈尔滨市,香坊红旗大街,颗粒物(PM10),91,131,39,57,19,86,10,73,46,78,42,10,5,1.3,0.7
2023-10-02T22:00:00,1136A,126.6411,45.7258,哈尔滨市,动力和平路,颗粒物(PM10),73,96,32,18,9,80,3,68,44,72,36,9,7,1.2,0.5
2023-10-02T22:00:00,1137A,126.593,45.7478,哈尔滨市,道里建国路,颗粒物(PM10),84,117,36,46,14,83,12,69,36,66,35,12,8,2.1,0.5
2023-10-02T22:00:00,1138A,126.615,45.61,哈尔滨市,平房东轻厂,颗粒物(PM10),73,96,32,24,11,89,9,76,37,55,27,8,8,1.5,0.6
2023-10-02T22:00:00,1139A,126.595,45.9855,哈尔滨市,呼兰师专,细颗粒物(PM2.5),85,82,24,63,14,78,8,70,52,58,18,5,6,1.4,0.6
2023-10-02T22:00:00,1140A,126.6206,45.6842,哈尔滨市,省农科院,颗粒物(PM10),101,152,42,68,16,89,6,78,46,65,35,13,10,1.1,0.5
2023-10-02T22:00:00,1141A,121.4,31.238,上海市,普陀,,27,20,23,6,9,100,85,95,92,15,15,4,4,0.5,0.5
2023-10-02T22:00:00,1142A,121.478,31.2036,上海市,十五厂,,26,25,21,8,8,104,81,100,92,26,23,8,8,0.5,0.5
2023-10-02T22:00:00,1143A,121.467,31.3008,上海市,虹口,,26,21,22,7,7,100,82,96,92,24,22,8,8,0.4,0.4
2023-10-02T22:00:00,1144A,121.412,31.1654,上海市,徐汇上师大,,27,22,22,11,10,106,85,100,94,18,17,7,7,0.6,0.6
2023-10-02T22:00:00,1145A,121.536,31.2659,上海市,杨浦四漂,,43,43,34,6,8,98,51,86,69,50,28,7,7,0.4,0.4
2023-10-02T22:00:00,1147A,121.425,31.2261,上海市,静安监测站,,28,20,21,6,7,109,89,103,99,24,21,4,4,0.4,0.4
2023-10-02T22:00:00,1148A,121.703,31.1907,上海市,浦东川沙,,29,17,22,6,7,108,92,102,96,14,14,6,6,0.5,0.5
2023-10-02T22:00:00,1149A,121.533,31.2284,上海市,浦东新区监测站,,24,22,21,7,6,99,76,94,89,18,16,6,6,0.4,0.4
2023-10-02T22:00:00,1150A,121.577,31.2071,上海市,浦东张江,,25,25,22,12,10,92,75,88,84,20,18,5,5,0.5,0.5
2023-10-02T22:00:00,1151A,118.8086,32.1065,南京市,迈皋桥,,31,31,23,9,6,93,56,87,78,26,15,5,4,0.4,0.4
2023-10-02T22:00:00,1152A,118.7538,32.0551,南京市,草场门,,22,22,20,9,8,92,66,83,79,21,17,2,2,0.7,0.7
2023-10-02T22:00:00,1153A,118.7794,32.0745,南京市,山西路,,31,31,31,9,7,100,67,91,82,22,13,4,4,0.2,0.2
2023-10-02T22:00:00,1154A,118.7752,32.0023,南京市,中华门,,31,31,25,14,5,90,59,81,69,21,15,3,4,0.6,0.6
2023-10-02T22:00:00,1155A,118.8109,32.0309,南京市,瑞金路,,31,31,24,12,4,91,57,78,69,20,15,7,6,0.3,0.3
2023-10-02T22:00:00,1156A,118.7997,32.0754,南京市,玄武湖,,30,30,24,8,6,86,60,76,69,22,16,4,4,0.3,0.3
2023-10-02T22:00:00,1157A,118.6414,32.0931,南京市,浦口,,44,44,29,19,11,88,31,81,69,36,21,4,4,0.4,0.3
2023-10-02T22:00:00,1158A,118.7356,31.9996,南京市,奥体中心,,33,33,29,12,9,95,67,88,80,24,18,7,7,0.4,0.3
2023-10-02T22:00:00,1159A,118.9125,32.1028,南京市,仙林大学城,,34,34,23,9,6,95,68,91,87,16,16,2,2,0.6,0.6
2023-10-02T22:00:00,1160A,120.561,31.2472,苏州市,上方山,,22,22,25,8,9,105,68,92,86,15,12,5,4,0.3,0.2
2023-10-02T22:00:00,1162A,120.591,31.3019,苏州市,彩香,,27,27,24,9,8,109,68,98,90,19,12,7,8,0.6,0.6
2023-10-02T22:00:00,1163A,120.596,31.3264,苏州市,轧钢厂,,30,30,28,9,8,109,72,97,88,18,14,9,9,0.5,0.6
2023-10-02T22:00:00,1164A,120.613,31.2703,苏州市,吴中区,,28,28,26,7,7,111,71,100,91,22,16,10,9,0.5,0.5
2023-10-02T22:00:00,1165A,120.543,31.2994,苏州市,苏州新区,,25,25,25,7,7,117,71,104,94,28,25,7,8,0.5,0.5
2023-10-02T22:00:00,1166A,120.669,31.3097,苏州市,苏州工业园区,,30,30,23,9,7,105,68,96,87,16,11,7,8,0.6,0.6
2023-10-02T22:00:00,1167A,120.641,31.3708,苏州市,相城区,,24,24,23,7,7,108,73,97,88,24,18,8,9,0.6,0.6
2023-10-02T22:00:00,1168A,120.9098,31.9663,南通市,狼山街道,,30,30,21,18,5,110,91,104,100,18,18,6,6,0.2,0.2
2023-10-02T22:00:00,1169A,120.86,32.0005,南通市,虹桥,,30,30,26,13,11,106,87,101,96,20,20,6,6,0.6,0.6
2023-10-02T22:00:00,1170A,120.87,32.02,南通市,城中,,26,21,20,12,7,103,82,96,90,19,20,7,7,0.5,0.4
2023-10-02T22:00:00,1171A,120.94,31.93,南通市,星湖花园,,34,34,20,12,6,101,76,97,90,19,15,6,6,0.7,0.6
2023-10-02T22:00:00,1172A,120.81,32.0417,南通市,紫琅学院,,26,21,18,3,6,107,82,102,96,27,18,7,7,0.6,0.6
2023-10-02T22:00:00,1173A,119.176,34.5885,连云港市,市环境监测站,,27,22,26,9,9,117,85,106,96,16,20,6,7,0.4,0.5
2023-10-02T22:00:00,1177A,117.179,34.2761,徐州市,黄河新村,,48,48,33,28,16,107,63,96,86,27,22,7,5,0.4,0.3
2023-10-02T22:00:00,1178A,117.1918,34.2384,徐州市,淮塔,,46,46,35,20,14,116,69,104,92,23,17,7,8,0.4,0.4
2023-10-02T22:00:00,1180A,117.256,34.2153,徐州市,新城区,颗粒物(PM10),52,54,41,31,16,107,58,96,82,38,29,7,7,0.5,0.4
2023-10-02T22:00:00,1181A,117.244,34.2911,徐州市,桃园路,,36,36,35,20,15,118,82,103,96,14,16,7,7,0.3,0.3
2023-10-02T22:00:00,1182A,117.2933,34.2778,徐州市,农科院,,27,27,27,17,13,116,76,99,86,19,24,7,7,0.3,0.2
2023-10-02T22:00:00,1186A,119.389,32.3761,扬州市,邗江监测站,,41,41,30,17,12,99,72,90,80,20,21,6,7,0.3,0.3
2023-10-02T22:00:00,1188A,120.269,31.4867,无锡市,雪浪,,23,14,23,5,5,102,72,95,89,19,15,4,4,0.7,0.7
2023-10-02T22:00:00,1189A,120.275,31.6219,无锡市,黄巷,,22,22,33,0,6,96,69,90,84,25,22,6,6,0.4,0.5
2023-10-02T22:00:00,1190A,120.294,31.56,无锡市,曹张,,24,24,28,7,9,100,74,94,89,17,18,9,10,0.9,0.9
2023-10-02T22:00:00,1191A,120.242,31.5031,无锡市,漆塘,,25,12,21,5,7,103,78,96,92,20,20,6,6,0.6,0.6
2023-10-02T22:00:00,1192A,120.3489,31.5863,无锡市,东亭,,22,22,29,7,8,97,68,91,84,29,24,7,5,0.8,0.8
2023-10-02T22:00:00,1193A,120.354,31.5475,无锡市,旺庄,,22,19,24,7,9,101,69,96,88,25,19,6,6,0.6,0.6
2023-10-02T22:00:00,1194A,120.245,31.5631,无锡市,荣巷,,24,22,24,7,8,99,75,93,89,14,14,8,8,0.7,0.7
2023-10-02T22:00:00,1195A,120.299,31.6817,无锡市,堰桥,,27,27,22,7,7,98,72,91,85,16,15,6,6,0.5,0.6
2023-10-02T22:00:00,1196A,119.9633,31.762,常州市,市监测站,,,,26,,15,104,,93,91,,21,,8,,0.4
2023-10-02T22:00:00,1200A,119.9468,31.7069,常州市,武进监测站,,25,23,28,7,8,112,78,101,95,12,10,10,11,0.5,0.5
2023-10-02T22:00:00,1201A,119.9255,31.9087,常州市,安家,,24,19,29,16,18,109,76,96,86,17,19,9,9,0.5,0.6
2023-10-02T22:00:00,1203A,119.6707,32.1875,镇江市,新区办事处,,50,50,28,27,11,107,71,94,85,18,15,5,4,0.5,0.4
2023-10-02T22:00:00,1204A,119.4974,32.1968,镇江市,职教中心,,43,43,25,21,12,101,66,89,77,22,21,5,3,0.5,0.5
2023-10-02T22:00:00,1205A,119.4303,32.1328,镇江市,丹徒区监测站,,36,36,32,21,10,115,76,103,92,19,16,1,2,0.4,0.4
2023-10-02T22:00:00,1206A,119.905,32.4878,泰州市,公园路,,29,29,23,12,12,96,84,91,86,13,13,6,5,0.5,0.4
2023-10-02T22:00:00,1207A,119.9189,32.4625,泰州市,莲花,,32,32,24,14,9,97,83,91,87,10,11,6,5,0.4,0.4
2023-10-02T22:00:00,1209A,119.888,32.4639,泰州市,留学生创业园,,34,34,23,15,7,97,85,93,90,10,9,7,6,0.5,0.5
2023-10-02T22:00:00,1210A,119.036,33.5981,淮安市,钵池山,,34,34,27,21,16,99,60,90,82,24,19,8,7,0.6,0.5
2023-10-02T22:00:00,1211A,119.007,33.575,淮安市,北京南路,,39,39,31,15,13,101,66,94,86,26,23,5,5,0.5,0.5
2023-10-02T22:00:00,1212A,118.989,33.6067,淮安市,市监测站,,36,36,30,22,13,102,71,96,90,20,21,8,8,0.6,0.5
2023-10-02T22:00:00,1213A,119.135,33.5039,淮安市,楚州区监测站,,37,37,27,22,14,96,56,89,78,25,18,6,7,0.6,0.5
2023-10-02T22:00:00,1214A,119.0186,33.6297,淮安市,淮阴区监测站,,48,48,34,21,17,107,52,94,83,33,23,8,7,0.5,0.6
2023-10-02T22:00:00,1215A,120.118,33.4022,盐城市,盐城电厂,,26,24,29,12,12,106,81,101,94,16,15,6,7,0.3,0.3
2023-10-02T22:00:00,1216A,120.156,33.3942,盐城市,市监测站,,30,19,21,13,11,110,94,106,97,14,19,4,4,0.4,0.4
2023-10-02T22:00:00,1218A,120.2144,33.38,盐城市,开发区管委会,,28,22,24,10,6,104,87,99,89,14,14,12,9,0.2,0.2
2023-10-02T22:00:00,1220A,118.293,33.9528,宿迁市,宿迁学院,,36,36,30,18,13,111,49,100,80,40,24,8,8,0.6,0.5
2023-10-02T22:00:00,1221A,118.2442,33.9592,宿迁市,宿迁中学,,40,40,28,15,8,104,52,94,81,28,17,8,7,0.4,0.3
2023-10-02T22:00:00,1223A,120.2072,30.2111,杭州市,滨江,,31,30,24,8,10,123,99,116,109,19,18,8,8,0.3,0.3
2023-10-02T22:00:00,1224A,120.0633,30.2747,杭州市,西溪,,30,23,24,7,9,123,93,112,106,12,13,4,4,0.4,0.5
2023-10-02T22:00:00,1226A,120.3461,30.3153,杭州市,下沙,,30,24,29,9,6,116,96,112,107,16,19,5,6,0.4,0.3
2023-10-02T22:00:00,1227A,120.1269,30.2456,杭州市,卧龙桥,,30,25,25,10,9,125,94,120,113,17,14,8,7,0.4,0.4
2023-10-02T22:00:00,1228A,120.1903,30.2692,杭州市,浙江农大,,27,21,23,9,8,109,84,104,98,16,15,8,8,0.4,0.4
2023-10-02T22:00:00,1230A,120.1197,30.3119,杭州市,和睦小学,,30,20,24,7,12,122,94,112,106,18,18,8,9,0.5,0.5
2023-10-02T22:00:00,1231A,120.3019,30.4183,杭州市,临平镇,,37,37,24,19,9,114,77,109,100,17,14,5,5,0.4,0.4
2023-10-02T22:00:00,1232A,120.2697,30.1819,杭州市,城厢镇,,31,30,27,14,9,115,98,108,103,13,13,8,8,0.5,0.5
2023-10-02T22:00:00,1233A,120.0883,30.1808,杭州市,云栖,,31,27,24,6,6,126,98,116,109,11,10,7,7,0.3,0.3
2023-10-02T22:00:00,1234A,121.8358,29.911,宁波市,区环保大楼,,26,17,17,10,9,122,82,115,99,27,15,6,6,0.6,0.5
2023-10-02T22:00:00,1235A,121.56,29.82,宁波市,万里学院,,30,30,29,10,9,131,89,122,109,20,20,8,8,0.4,0.4
2023-10-02T22:00:00,1236A,121.713,29.9572,宁波市,龙赛医院,,30,29,29,6,6,118,95,112,104,13,12,5,5,0.7,0.6
2023-10-02T22:00:00,1239A,121.633,29.7733,宁波市,钱湖水厂,,,,27,,10,129,,119,107,8,10,6,7,0.4,0.6
2023-10-02T22:00:00,1240A,121.5856,29.8635,宁波市,太古小学,,30,30,25,10,10,122,71,114,99,23,14,7,8,0.7,0.7
2023-10-02T22:00:00,1241A,121.524,29.8674,宁波市,市环境监测中心,,30,30,24,9,8,131,76,124,108,23,13,7,7,0.5,0.4
2023-10-02T22:00:00,1242A,120.634,28.0089,温州市,瓯海,,34,20,27,9,12,133,108,124,120,8,10,6,6,0.4,0.4
2023-10-02T22:00:00,1243A,120.6748,27.9939,温州市,南浦,,34,23,30,8,12,131,106,124,118,6,7,5,6,0.4,0.4
2023-10-02T22:00:00,1244A,120.76,27.9747,温州市,龙湾,,30,22,24,6,11,127,93,127,113,23,13,4,4,0.4,0.4
2023-10-02T22:00:00,1245A,120.6709,28.0167,温州市,市站,,29,25,30,10,15,112,92,107,102,17,17,6,6,0.4,0.4
2023-10-02T22:00:00,1247A,120.6053,29.9928,绍兴市,城东开发委,,32,32,31,13,10,112,88,106,98,11,14,7,8,0.4,0.4
2023-10-02T22:00:00,1250A,120.0751,30.8669,湖州市,城西水厂,,35,35,27,12,10,120,79,108,98,25,19,4,4,0.4,0.4
2023-10-02T22:00:00,1252A,120.7436,30.778,嘉兴市,清河小学,,26,22,28,5,7,107,82,101,92,14,14,4,4,0.5,0.5
2023-10-02T22:00:00,1253A,120.726,30.7478,嘉兴市,嘉兴学院,,28,28,26,12,9,108,78,101,92,16,14,4,4,0.4,0.4
2023-10-02T22:00:00,1255A,121.273,28.6459,台州市,黄岩环保大楼,,29,23,18,10,11,124,90,115,111,9,10,6,6,0.5,0.5
2023-10-02T22:00:00,1256A,121.419,28.6542,台州市,台州环保大楼,,31,27,31,7,8,125,99,115,112,9,9,4,4,0.4,0.4
2023-10-02T22:00:00,1257A,121.377,28.5773,台州市,路桥田洋王,,30,22,28,8,7,122,96,112,108,9,9,6,6,0.5,0.5
2023-10-02T22:00:00,1258A,122.122,30.0203,舟山市,定海檀枫,,29,16,20,8,5,103,90,100,97,8,7,6,6,0.4,0.3
2023-10-02T22:00:00,1259A,122.3094,29.9558,舟山市,普陀东港,,32,20,20,12,6,112,102,109,108,8,7,5,5,0.4,0.4
2023-10-02T22:00:00,1260A,122.19,29.9944,舟山市,临城新区,,29,17,19,8,6,112,92,109,103,8,8,9,9,0.5,0.5
2023-10-02T22:00:00,1262A,119.647,29.077,金华市,十五中,,41,41,39,11,12,149,90,137,122,21,17,4,4,0.5,0.4
2023-10-02T22:00:00,1263A,119.686,29.1029,金华市,监测站,,41,41,36,17,16,145,86,132,117,21,16,5,5,0.4,0.4
2023-10-02T22:00:00,1264A,118.8692,28.9398,衢州市,环保大楼,,39,39,37,19,17,135,84,115,104,15,12,4,4,0.4,0.5
2023-10-02T22:00:00,1265A,118.8709,28.9666,衢州市,实验学校,,37,37,37,18,18,137,88,120,107,16,11,4,4,0.5,0.5
2023-10-02T22:00:00,1266A,118.8621,28.9808,衢州市,衢州学院,,37,37,34,17,17,134,78,114,100,21,15,3,4,0.5,0.5
2023-10-02T22:00:00,1267A,119.914,28.4514,丽水市,监测站大楼,,31,25,34,4,12,130,98,120,112,11,11,6,6,0.3,0.5
2023-10-02T22:00:00,1268A,119.93,28.4586,丽水市,莲都小学,,31,27,34,9,15,135,99,127,118,18,15,6,6,0.4,0.5
2023-10-02T22:00:00,1269A,119.879,28.4231,丽水市,余庄前,,27,27,31,11,14,137,52,119,75,15,14,6,6,0.4,0.5
2023-10-02T22:00:00,1270A,117.1959,31.7848,合肥市,明珠广场,,24,24,31,14,12,82,60,70,58,24,21,6,6,0.7,0.7
2023-10-02T22:00:00,1271A,117.3072,31.8764,合肥市,三里街,,22,22,35,12,13,74,58,58,46,26,22,6,6,0.4,0.5
2023-10-02T22:00:00,1272A,117.2588,31.8707,合肥市,琥珀山庄,,22,22,27,12,12,86,67,71,61,19,17,5,5,0.6,0.6
2023-10-02T22:00:00,1273A,117.1604,31.9052,合肥市,董铺水库,,,,,,,71,71,71,71,11,11,10,10,0.4,0.4
2023-10-02T22:00:00,1274A,117.25,31.8571,合肥市,长江中路,,34,34,35,21,16,79,67,68,59,17,17,7,8,0.6,0.7
2023-10-02T22:00:00,1275A,117.266,31.9436,合肥市,庐阳区,,25,19,30,17,15,79,74,72,60,11,15,4,4,0.4,0.5
2023-10-02T22:00:00,1276A,117.336,31.8586,合肥市,瑶海区,,34,34,34,7,10,78,60,65,59,19,15,5,5,0.6,0.7
2023-10-02T22:00:00,1277A,117.3027,31.7964,合肥市,包河区,,29,29,32,12,13,67,31,54,33,51,34,5,5,0.6,0.6
2023-10-02T22:00:00,1278A,117.2776,31.7385,合肥市,滨湖新区,,22,22,30,12,11,81,52,70,57,28,17,6,6,0.5,0.5
2023-10-02T22:00:00,1279A,117.1318,31.8403,合肥市,高新区,,27,27,31,18,15,87,64,74,61,22,18,5,6,0.6,0.6
2023-10-02T22:00:00,1280A,119.3903,26.0543,福州市,鼓山,,,,,,,,,,,,,,,,
2023-10-02T22:00:00,1282A,119.2681,26.0504,福州市,师大,,34,31,37,8,15,147,108,128,116,6,6,5,4,0.2,0.3
2023-10-02T22:00:00,1283A,119.2984,26.1028,福州市,五四北路,,33,29,32,6,12,139,104,126,113,8,6,3,3,0.2,0.4
2023-10-02T22:00:00,1284A,119.2648,26.0768,福州市,杨桥西路,,33,33,38,7,15,144,104,129,116,6,5,4,4,0.3,0.4
2023-10-02T22:00:00,1285A,119.317,26.0746,福州市,紫阳,,33,31,40,6,11,139,104,125,113,4,4,4,4,0.3,0.5
2023-10-02T22:00:00,1286A,118.1608,24.8169,厦门市,溪东,,,,,,,,,,,,,,,,
2023-10-02T22:00:00,1287A,118.1514,24.4767,厦门市,洪文,,39,39,39,15,16,142,91,123,104,9,5,2,2,0.3,0.3
2023-10-02T22:00:00,1288A,118.0661,24.4444,厦门市,鼓浪屿,,44,44,35,16,16,137,78,116,99,16,6,3,2,0.3,0.3
2023-10-02T22:00:00,1290A,115.8931,28.6843,南昌市,省外办,颗粒物(PM10),53,56,37,19,17,112,81,98,92,14,12,4,4,0.7,0.7
2023-10-02T22:00:00,1291A,115.8886,28.7003,南昌市,省林业公司,颗粒物(PM10),51,51,30,24,17,124,93,107,102,3,8,6,6,0.9,0.8
2023-10-02T22:00:00,1292A,115.8126,28.7442,南昌市,林科所,,31,31,22,14,11,137,78,116,105,10,6,8,7,0.6,0.6
2023-10-02T22:00:00,1294A,115.8518,28.687,南昌市,建工学校,颗粒物(PM10),54,57,35,27,15,126,70,106,97,22,10,8,7,0.7,0.6
2023-10-02T22:00:00,1295A,115.8921,28.6424,南昌市,象湖,,36,36,30,23,16,132,82,109,99,10,8,6,7,0.5,0.6
2023-10-02T22:00:00,1296A,115.7423,28.7996,南昌市,武术学校,,18,18,18,11,12,130,46,97,75,9,7,14,11,0.4,0.5
2023-10-02T22:00:00,1298A,115.9314,28.6842,南昌市,省站,,48,48,34,29,14,114,88,103,96,12,9,7,6,0.7,0.6
2023-10-02T22:00:00,1299A,116.9862,36.6114,济南市,科干所,颗粒物(PM10),52,53,33,17,13,147,80,134,120,24,18,7,6,0.4,0.4
2023-10-02T22:00:00,1300A,116.9376,36.665,济南市,农科所,颗粒物(PM10),53,56,39,24,13,133,60,120,98,36,33,4,5,0.5,0.5
2023-10-02T22:00:00,1301A,117.1265,36.6734,济南市,开发区,颗粒物(PM10),55,59,33,20,12,134,42,124,108,65,33,7,7,0.6,0.5
2023-10-02T22:00:00,1303A,117.0624,36.6868,济南市,省种子仓库,颗粒物(PM10),57,63,37,24,13,144,78,132,118,35,34,6,5,0.4,0.4
2023-10-02T22:00:00,1304A,116.9489,36.6447,济南市,机床二厂,颗粒物(PM10),67,83,53,29,16,142,49,126,104,53,35,6,5,0.6,0.5
2023-10-02T22:00:00,1305A,117.0495,36.663,济南市,市监测站,颗粒物(PM10),58,66,47,24,15,145,84,134,120,43,48,5,5,0.4,0.5
2023-10-02T22:00:00,1306A,116.7675,36.5484,济南市,长清党校,,49,49,46,24,20,143,93,129,107,24,31,10,8,0.4,0.4
2023-10-02T22:00:00,1307A,120.6659,36.2403,青岛市,仰口,,36,17,24,12,10,123,114,112,112,7,8,5,5,0.3,0.3
2023-10-02T22:00:00,1310A,120.4134,36.0658,青岛市,市南区东部子站,,,,30,5,8,146,141,144,144,10,27,6,8,0.4,0.5
2023-10-02T22:00:00,1311A,120.3664,36.1032,青岛市,四方区子站,,39,39,38,14,10,155,90,145,134,56,44,6,8,0.7,0.6
2023-10-02T22:00:00,1312A,120.2994,36.054,青岛市,市南区西部子站,,,24,31,10,6,172,144,153,152,14,27,7,8,,0.2
2023-10-02T22:00:00,1313A,120.4581,36.0858,青岛市,崂山区子站,,31,27,29,12,10,154,98,144,131,35,26,7,8,0.4,0.5
2023-10-02T22:00:00,1314A,120.1983,35.9608,青岛市,黄岛区子站,,38,34,29,17,8,151,120,140,138,29,32,7,8,0.6,0.5
2023-10-02T22:00:00,1315A,120.3999,36.3083,青岛市,城阳区子站,,48,48,41,15,14,173,98,151,126,32,33,6,7,0.6,0.6
2023-10-02T22:00:00,1316A,113.69031,34.76122,郑州市,烟厂,,36,34,26,25,16,81,45,74,61,23,16,4,4,0.6,0.6
2023-10-02T22:00:00,1317A,113.65724,34.77134,郑州市,郑纺机,,39,33,26,27,16,83,49,76,65,22,18,6,4,0.7,0.6
2023-10-02T22:00:00,1318A,113.67526,34.80246,郑州市,银行学校,,42,26,22,29,15,88,49,80,69,24,16,8,5,0.4,0.4
2023-10-02T22:00:00,1319A,113.56746,34.81334,郑州市,供水公司,,40,30,22,28,16,92,48,84,70,24,18,8,7,0.6,0.5
2023-10-02T22:00:00,1320A,113.7329,34.7178,郑州市,经开区管委,,38,34,24,26,12,80,43,74,61,22,16,5,5,0.5,0.4
2023-10-02T22:00:00,1321A,113.73961,34.77172,郑州市,四十七中,,36,31,23,25,15,86,44,78,63,23,17,4,4,0.6,0.5
2023-10-02T22:00:00,1322A,113.60532,34.74838,郑州市,市监测站,,29,29,28,16,15,82,39,78,64,26,15,6,5,0.5,0.5
2023-10-02T22:00:00,1323A,113.64164,34.7525,郑州市,河医大,,45,37,28,31,17,74,44,71,61,23,18,9,7,0.6,0.6
2023-10-02T22:00:00,1324A,113.51488,34.91089,郑州市,岗李水库,,,,,,,,,,,,,,,,
2023-10-02T22:00:00,1325A,114.3677,30.5584,武汉市,东湖梨园,,22,11,35,5,24,84,70,79,58,10,20,7,10,0.6,1
2023-10-02T22:00:00,1326A,114.2529,30.558,武汉市,汉阳月湖,,17,11,40,5,25,91,54,80,51,16,21,6,7,0.6,0.7
2023-10-02T22:00:00,1327A,114.282,30.6189,武汉市,汉口花桥,,19,10,39,10,26,99,58,90,53,12,17,6,6,0.5,0.7
2023-10-02T22:00:00,1328A,114.3025,30.5332,武汉市,武昌紫阳,,19,11,38,9,25,89,60,80,52,11,21,7,9,0.6,1
2023-10-02T22:00:00,1329A,114.3646,30.6217,武汉市,青山钢花,,18,6,35,9,29,92,55,85,54,14,16,6,7,0.5,0.6
2023-10-02T22:00:00,1330A,114.1566,30.4825,武汉市,沌口新区,,16,5,41,4,31,92,50,81,47,15,24,7,8,0.5,0.8
2023-10-02T22:00:00,1331A,114.3014,30.5944,武汉市,汉口江滩,,21,6,35,5,22,101,66,93,59,10,15,6,7,0.5,0.6
2023-10-02T22:00:00,1333A,114.135,30.6319,武汉市,吴家山,,22,6,34,5,25,112,69,105,65,9,12,8,7,0.5,0.6
2023-10-02T22:00:00,1334A,113.8454,30.2917,武汉市,沉湖七壕,,29,29,35,12,20,96,56,84,54,13,15,4,4,0.7,0.8
2023-10-02T22:00:00,1335A,113.0833,28.2325,长沙市,经开区环保局,,29,15,31,20,21,74,24,46,30,16,15,4,5,0.4,0.5
2023-10-02T22:00:00,1336A,112.8872,28.2189,长沙市,高开区环保局,,30,30,32,19,19,47,31,47,31,10,9,6,6,0.6,0.7
2023-10-02T22:00:00,1337A,113.0792,28.2053,长沙市,马坡岭,,35,35,40,20,23,90,32,60,40,7,8,5,6,0.5,0.6
2023-10-02T22:00:00,1338A,112.9394,28.19,长沙市,湖南师范大学,,39,37,34,27,26,63,29,44,31,10,9,4,4,0.6,0.6
2023-10-02T22:00:00,1339A,113.0178,28.1322,长沙市,雨花区环保局,,33,31,36,23,20,81,25,52,35,12,12,4,4,0.7,0.7
2023-10-02T22:00:00,1340A,112.9792,28.2597,长沙市,伍家岭,,26,26,32,14,16,54,28,46,30,11,10,4,4,0.5,0.6
2023-10-02T22:00:00,1341A,113.0014,28.1944,长沙市,火车新站,,32,32,43,22,24,71,29,48,33,12,13,6,6,0.6,0.7
2023-10-02T22:00:00,1342A,112.9844,28.1178,长沙市,天心区环保局,,,,38,,21,80,26,48,35,15,14,3,4,0.5,0.5
2023-10-02T22:00:00,1343A,112.8908,28.1308,长沙市,湖南中医药大学,,38,38,42,19,20,68,29,47,27,9,7,3,3,0.8,0.9
2023-10-02T22:00:00,1344A,112.9581,28.3611,长沙市,沙坪,,30,30,39,11,16,38,28,31,29,7,7,6,7,0.3,0.5
2023-10-02T22:00:00,1345A,113.2347,23.1423,广州市,广雅中学,,27,27,21,18,14,105,58,87,75,29,25,2,3,0.8,0.8
2023-10-02T22:00:00,1346A,113.2612,23.105,广州市,市五中,,32,28,21,22,15,121,61,109,93,26,16,6,7,0.8,0.7
2023-10-02T22:00:00,1348A,113.3478,23.0916,广州市,广东商学院,,29,29,20,17,14,115,48,106,85,28,19,2,3,0.6,0.5
2023-10-02T22:00:00,1349A,113.4332,23.1047,广州市,市八十六中,,42,42,29,20,14,131,23,104,72,46,20,5,5,1.1,1
2023-10-02T22:00:00,1350A,113.3505,22.9483,广州市,番禺中学,,34,34,21,22,14,150,48,118,101,47,20,8,7,1.0,0.8
2023-10-02T22:00:00,1351A,113.2146,23.3916,广州市,花都师范,,32,29,20,22,13,102,50,88,76,24,16,3,3,0.9,0.8
2023-10-02T22:00:00,1352A,113.2597,23.1331,广州市,市监测站,,33,32,21,23,12,111,30,98,76,37,20,3,3,0.7,0.5
2023-10-02T22:00:00,1353A,113.5618,23.312,广州市,九龙镇镇龙,,23,23,17,14,11,98,27,85,51,16,11,5,5,0.6,0.6
2023-10-02T22:00:00,1354A,113.2765,23.1544,广州市,麓湖,,25,25,18,14,10,115,34,94,65,18,14,6,6,0.7,0.6
2023-10-02T22:00:00,1355A,113.443,23.3035,广州市,帽峰山森林公园,,19,19,14,12,11,108,54,88,73,8,10,5,5,0.5,0.5
2023-10-02T22:00:00,1356A,114.1063,22.5545,深圳市,通心岭子站,,35,25,25,13,12,112,112,103,103,12,11,2,2,0.8,0.8
2023-10-02T22:00:00,1357A,114.117,22.5625,深圳市,洪湖,,37,37,29,14,13,113,113,106,106,13,8,6,6,0.4,0.4
2023-10-02T22:00:00,1358A,113.987,22.5417,深圳市,华侨城,,27,26,24,10,12,106,86,101,98,18,9,8,8,0.9,0.9
2023-10-02T22:00:00,1359A,113.9181,22.5171,深圳市,南海子站,,30,30,30,19,14,117,96,111,106,11,5,5,5,0.8,0.7
2023-10-02T22:00:00,1360A,114.2458,22.5689,深圳市,盐田,,36,27,24,12,15,124,114,119,118,8,9,5,5,0.7,0.7
2023-10-02T22:00:00,1361A,114.2283,22.7244,深圳市,龙岗,,33,33,24,13,11,104,100,102,102,10,6,6,6,0.9,0.9
2023-10-02T22:00:00,1363A,114.494,22.5422,深圳市,南澳,,32,32,26,16,13,127,83,116,109,9,7,4,4,0.4,0.4
2023-10-02T22:00:00,1364A,114.41,22.6342,深圳市,葵涌,,29,29,26,12,11,124,88,112,109,10,8,6,6,0.7,0.7
2023-10-02T22:00:00,1365A,114.297,22.5978,深圳市,梅沙,,36,36,31,18,12,108,90,105,102,24,7,6,6,0.8,0.8
2023-10-02T22:00:00,1366A,114.0678,22.738,深圳市,观澜,,30,30,32,10,12,148,52,130,110,41,13,8,8,1.0,0.9
2023-10-02T22:00:00,1367A,113.5814,22.2618,珠海市,吉大,,40,33,28,8,13,125,125,120,118,6,5,6,6,0.6,0.6
2023-10-02T22:00:00,1368A,113.4881,22.2335,珠海市,前山,,35,28,21,14,12,116,112,113,109,7,3,6,5,0.5,0.5
2023-10-02T22:00:00,1369A,113.628,22.4251,珠海市,唐家,,39,39,29,17,12,139,108,128,121,11,11,6,6,0.6,0.6
2023-10-02T22:00:00,1370A,113.299,22.2281,珠海市,斗门,,36,31,22,21,13,127,113,121,118,5,5,7,6,0.6,0.6
2023-10-02T22:00:00,1371A,113.1294,23.0067,佛山市,湾梁,,29,29,12,14,13,113,50,98,86,33,16,8,7,0.8,0.6
2023-10-02T22:00:00,1372A,113.1083,23.0478,佛山市,华材职中,,29,29,17,14,15,98,26,84,65,36,18,4,4,0.7,0.5
2023-10-02T22:00:00,1373A,113.144,23.0453,佛山市,南海气象局,,37,37,21,14,15,88,37,77,63,34,18,5,5,0.7,0.5
2023-10-02T22:00:00,1374A,113.2881,22.8094,佛山市,顺德苏岗,,35,34,22,24,13,152,51,114,98,29,12,9,7,0.9,0.7
2023-10-02T22:00:00,1376A,112.8383,22.8678,佛山市,高明孔堂,,35,35,31,18,16,171,71,132,120,29,18,7,7,0.8,0.8
2023-10-02T22:00:00,1377A,112.8836,23.1588,佛山市,三水监测站,,44,44,26,24,19,143,60,110,106,30,19,5,3,0.8,0.7
2023-10-02T22:00:00,1378A,112.867,23.185,佛山市,三水云东海,,42,42,29,21,20,133,21,96,79,19,14,4,4,0.7,0.5
2023-10-02T22:00:00,1379A,113.3769,22.5211,中山市,华柏园,,32,32,28,17,15,131,99,125,119,12,11,6,6,0.4,0.5
2023-10-02T22:00:00,1380A,113.3881,22.5497,中山市,张溪,,43,43,32,25,14,143,101,133,127,8,7,5,5,0.6,0.6
2023-10-02T22:00:00,1381A,113.4075,22.5111,中山市,紫马岭,,33,33,27,16,14,140,93,128,119,8,7,7,6,0.4,0.4
2023-10-02T22:00:00,1382A,113.4411,22.4853,中山市,长江旅游区,,,,,,,,,,,,,,,,
2023-10-02T22:00:00,1383A,113.1064,22.6058,江门市,北街,,30,30,29,19,18,162,88,139,124,8,11,5,5,0.5,0.6
2023-10-02T22:00:00,1384A,113.0731,22.5835,江门市,西区,,43,43,32,20,15,164,91,143,126,14,15,5,5,0.5,0.6
2023-10-02T22:00:00,1385A,113.0219,22.5311,江门市,圭峰西,,33,33,28,16,14,140,96,132,117,10,10,4,4,0.6,0.6
2023-10-02T22:00:00,1386A,113.0828,22.5947,江门市,东湖,,37,37,30,15,16,163,96,138,123,9,10,5,6,0.5,0.6
2023-10-02T22:00:00,1389A,113.7547,23.0494,东莞市,莞城梨川,,26,26,22,18,15,146,61,117,95,17,11,6,5,0.9,0.8
2023-10-02T22:00:00,1390A,113.7944,23.0128,东莞市,东城石井,,28,28,24,14,12,150,34,117,78,11,7,3,3,0.8,0.8
2023-10-02T22:00:00,1391A,113.7383,22.9658,东莞市,南城西平,,23,23,21,12,12,132,46,112,84,19,16,8,8,0.9,0.8
2023-10-02T22:00:00,1392A,114.4183,23.0528,惠州市,河南岸金山湖子站,,,34,29,20,19,118,,99,90,13,9,5,5,0.6,0.6
2023-10-02T22:00:00,1393A,114.4053,23.0822,惠州市,下埔横江三路子站,,41,41,30,21,18,114,94,99,88,13,8,6,6,0.8,0.7
2023-10-02T22:00:00,1394A,114.4103,23.1142,惠州市,江北云山西路子站,,39,39,28,20,16,121,105,103,89,10,5,7,7,0.8,0.8
2023-10-02T22:00:00,1395A,114.4645,22.7833,惠州市,惠阳区承修路船湖子站,,,42,30,18,15,126,109,114,108,,7,4,4,0.7,0.7
2023-10-02T22:00:00,1396A,114.5317,22.7422,惠州市,大亚湾管委会子站,,,34,30,9,15,121,,105,96,,10,7,6,0.2,0.6
2023-10-02T22:00:00,1397A,112.4267,23.0706,肇庆市,睦岗子站,,33,33,29,16,16,118,95,110,110,17,15,7,6,0.6,0.5
2023-10-02T22:00:00,1398A,112.4645,23.0475,肇庆市,城中子站,,44,44,31,27,20,121,71,110,104,37,21,10,9,0.7,0.6
2023-10-02T22:00:00,1399A,112.5544,23.1522,肇庆市,坑口子站,,20,19,19,12,13,115,63,95,87,18,16,4,5,0.5,0.5
2023-10-02T22:00:00,1400A,112.4753,23.1,肇庆市,七星岩子站,,,,,,,,,,,,,,,,
2023-10-02T22:00:00,1401A,108.3103,22.7881,南宁市,二十一中,,43,43,34,24,24,118,85,107,99,13,10,5,6,0.7,0.7
2023-10-02T22:00:00,1402A,108.3141,22.8528,南宁市,北湖,,45,45,37,26,26,130,80,117,97,13,13,5,7,0.6,0.7
2023-10-02T22:00:00,1403A,108.3206,22.8225,南宁市,市监测站,,43,43,38,27,25,124,81,112,99,20,15,9,9,0.7,0.7
2023-10-02T22:00:00,1404A,108.3829,22.8037,南宁市,大自然花园,,43,39,36,30,28,115,75,104,89,14,14,6,7,0.8,0.8
2023-10-02T22:00:00,1405A,108.4394,22.7904,南宁市,仙葫,细颗粒物(PM2.5),54,47,41,38,27,105,88,100,96,15,20,6,7,0.4,0.5
2023-10-02T22:00:00,1406A,108.2397,22.8467,南宁市,区农职院,,47,47,42,26,25,124,65,114,98,25,18,7,13,0.8,0.8
2023-10-02T22:00:00,1407A,108.3275,22.735,南宁市,英华嘉园,,47,47,35,22,23,104,71,90,86,23,15,6,7,0.6,0.6
2023-10-02T22:00:00,1408A,108.2257,22.7757,南宁市,沙井镇街道办,颗粒物(PM10),55,60,48,27,24,119,54,102,85,43,27,5,6,0.7,0.7
2023-10-02T22:00:00,1409A,110.576,19.9507,海口市,东寨港,,,,,,,,,,,,,,,,
2023-10-02T22:00:00,1410A,110.3232,20.0574,海口市,海南大学,,31,31,26,15,16,98,71,86,81,8,9,6,6,0.5,0.5
2023-10-02T22:00:00,1411A,110.283,20.0053,海口市,秀英海南医院,,27,27,26,14,17,90,72,78,77,9,16,7,6,0.5,0.4
2023-10-02T22:00:00,1412A,110.338,19.9969,海口市,海南师范大学,,30,30,24,16,16,92,70,78,77,7,9,8,5,0.4,0.4
2023-10-02T22:00:00,1413A,110.33,20.0356,海口市,龙华路环保局宿舍,,,31,23,14,15,95,71,83,78,7,8,7,8,,0.4
2023-10-02T22:00:00,1414A,106.3787,29.8279,重庆市,缙云山,,14,14,10,4,4,50,30,43,39,6,5,6,6,0.2,0.2
2023-10-02T22:00:00,1416A,106.4213,29.8253,重庆市,天生,,29,26,16,20,10,30,7,28,16,12,13,5,5,0.9,0.9
2023-10-02T22:00:00,1417A,106.6263,29.7228,重庆市,两路,,10,8,7,7,7,46,19,33,29,17,12,8,8,0.8,0.9
2023-10-02T22:00:00,1418A,106.2953,29.5983,重庆市,虎溪,,24,24,18,12,9,38,9,31,22,23,11,5,5,0.6,0.5
2023-10-02T22:00:00,1419A,106.5777,29.5102,重庆市,南坪,,27,27,21,17,10,28,14,22,20,32,22,6,6,0.6,0.5
2023-10-02T22:00:00,1420A,106.6556,29.6277,重庆市,唐家沱,,27,27,12,11,8,32,2,20,11,29,22,5,5,0.8,0.8
2023-10-02T22:00:00,1421A,106.6349,29.4906,重庆市,茶园,,23,20,13,14,7,44,17,36,23,46,27,5,5,0.8,0.8
2023-10-02T22:00:00,1422A,106.3754,29.4572,重庆市,白市驿,,36,36,16,18,15,38,7,34,26,27,14,6,6,0.8,0.7
2023-10-02T22:00:00,1425A,106.6205,29.7166,重庆市,空港,,20,9,15,14,8,46,21,36,32,26,17,7,7,0.8,0.8
2023-10-02T22:00:00,1426A,106.4782,29.4875,重庆市,新山村,,33,28,33,23,13,26,11,21,10,37,30,6,6,0.9,0.8
2023-10-02T22:00:00,1427A,106.5616,29.6453,重庆市,礼嘉,,40,40,12,12,10,32,13,32,13,28,21,6,6,0.8,0.8
2023-10-02T22:00:00,1428A,106.4522,29.7091,重庆市,蔡家,,26,23,21,18,9,37,17,29,22,18,14,6,6,0.8,0.8
2023-10-02T22:00:00,1429A,106.5093,29.3917,重庆市,鱼新街,,26,25,14,18,10,35,4,30,18,45,26,5,5,1.2,1.1
2023-10-02T22:00:00,1431A,103.9728,30.7236,成都市,金泉两河,,32,32,33,4,14,70,8,54,48,32,17,2,3,0.6,0.5
2023-10-02T22:00:00,1432A,104.176,30.6872,成都市,十里店,,,29,27,19,16,72,,66,66,,16,,2,,0.5
2023-10-02T22:00:00,1433A,104.079,30.5706,成都市,三瓦窑,,34,34,32,22,15,70,12,56,50,44,21,2,3,0.6,0.5
2023-10-02T22:00:00,1434A,104.1114,30.63,成都市,沙河铺,,44,44,39,19,21,70,30,55,53,24,16,1,2,0.6,0.5
2023-10-02T22:00:00,1437A,104.0786,30.6531,成都市,君平街,,43,43,38,22,22,69,37,60,58,32,21,2,4,0.8,0.6
2023-10-02T22:00:00,1438A,103.613,31.0283,成都市,灵岩寺,,16,3,9,2,6,71,51,66,52,3,5,7,6,0.8,0.8
2023-10-02T22:00:00,1439A,106.6899,26.5998,贵阳市,马鞍山,,22,22,16,12,11,82,66,79,72,8,6,5,5,0.4,0.3
2023-10-02T22:00:00,1440A,106.6971,26.5694,贵阳市,市环保站,,39,34,21,27,16,84,54,79,71,25,11,2,3,0.4,0.2
2023-10-02T22:00:00,1441A,106.6243,26.6266,贵阳市,鉴湖路,,31,31,24,9,11,71,68,68,67,8,5,5,4,0.5,0.4
2023-10-02T22:00:00,1442A,106.7487,26.6343,贵阳市,燕子冲,,29,29,18,17,13,77,49,73,66,14,7,6,6,0.7,0.5
2023-10-02T22:00:00,1443A,106.6555,26.4365,贵阳市,碧云窝,,32,31,23,22,11,74,67,72,70,8,5,10,6,0.5,0.4
2023-10-02T22:00:00,1444A,106.694,26.5161,贵阳市,中院村,细颗粒物(PM2.5),52,48,28,36,14,70,38,67,60,32,11,8,8,0.4,0.2
2023-10-02T22:00:00,1445A,106.7109,26.6027,贵阳市,红边门,,31,31,27,19,21,75,43,68,60,29,12,7,5,0.4,0.3
2023-10-02T22:00:00,1446A,106.7164,26.5699,贵阳市,新华路,,36,36,21,19,15,85,59,81,75,29,11,15,7,0.3,0.3
2023-10-02T22:00:00,1447A,106.674,26.5424,贵阳市,太慈桥,,22,22,17,14,10,75,59,73,69,13,6,4,5,0.4,0.3
2023-10-02T22:00:00,1450A,102.8204,24.8886,昆明市,呈贡新区,,33,33,16,14,8,60,34,54,51,26,16,8,7,0.7,0.6
2023-10-02T22:00:00,1451A,102.6251,24.9608,昆明市,西山森林公园,,19,19,58,7,7,61,53,55,55,8,9,7,8,0.8,0.5
2023-10-02T22:00:00,1452A,102.7252,25.0902,昆明市,龙泉镇,,36,36,17,18,9,62,32,53,48,16,11,12,9,0.7,0.6
2023-10-02T22:00:00,1453A,102.7266,25.0375,昆明市,东风东路,,31,31,13,8,9,59,32,53,49,17,11,15,8,0.6,0.6
2023-10-02T22:00:00,1454A,102.6742,25.0669,昆明市,金鼎山,,23,23,19,5,9,61,40,55,48,14,13,16,16,0.7,0.5
2023-10-02T22:00:00,1455A,102.6644,25.0401,昆明市,碧鸡广场,,18,18,14,6,9,58,30,51,44,18,12,7,8,0.7,0.5
2023-10-02T22:00:00,1456A,91.1319,29.6514,拉萨市,八廓街,,20,20,12,9,6,66,37,63,56,25,15,8,7,0.5,0.4
2023-10-02T22:00:00,1457A,91.1221,29.6747,拉萨市,市环保局,,34,34,11,14,7,68,9,64,51,38,13,8,7,0.8,0.4
2023-10-02T22:00:00,1458A,91.0874,29.6475,拉萨市,区监测站,,19,19,9,7,6,62,19,58,49,29,13,9,9,0.4,0.3
2023-10-02T22:00:00,1459A,91.1774,29.6541,拉萨市,西藏大学,,16,16,10,8,6,66,32,63,58,24,10,8,8,0.3,0.3
2023-10-02T22:00:00,1460A,90.9798,29.6588,拉萨市,区辐射站,,44,44,14,15,7,66,33,62,48,21,11,7,7,0.3,0.3
2023-10-02T22:00:00,1461A,91.0834,29.6292,拉萨市,拉萨火车站,,,10,10,6,6,63,43,56,54,12,10,5,6,,0.2
2023-10-02T22:00:00,1462A,108.882,34.2749,西安市,高压开关厂,,27,27,33,12,21,79,42,69,50,25,18,8,7,0.6,0.5
2023-10-02T22:00:00,1463A,108.993,34.2629,西安市,兴庆小区,,22,22,21,13,15,74,39,65,37,20,16,6,6,0.6,0.6
2023-10-02T22:00:00,1464A,109.06,34.2572,西安市,纺织城,,28,28,24,14,16,74,7,66,32,42,22,5,5,0.8,0.7
2023-10-02T22:00:00,1465A,108.9356,34.2173,西安市,小寨,,24,24,30,13,15,66,37,63,44,22,18,4,6,0.6,0.6
2023-10-02T22:00:00,1466A,108.954,34.2713,西安市,市人民体育场,,23,23,25,15,18,72,33,65,30,25,21,7,7,0.6,0.5
2023-10-02T22:00:00,1467A,108.8922,34.2322,西安市,高新西区,,,17,24,17,21,74,,67,54,25,15,5,5,0.6,0.6
2023-10-02T22:00:00,1468A,108.935,34.3474,西安市,经开区,,26,26,22,18,14,76,32,69,45,22,10,3,3,0.5,0.4
2023-10-02T22:00:00,1469A,108.906,34.1546,西安市,长安区,,22,22,29,14,18,70,31,65,53,18,14,5,5,0.6,0.6
2023-10-02T22:00:00,1471A,109.2186,34.3731,西安市,临潼区,,28,28,26,17,18,78,10,72,30,25,13,5,5,0.9,0.7
2023-10-02T22:00:00,1472A,108.869,34.378,西安市,草滩,,36,36,26,18,15,80,7,74,42,45,13,3,3,0.2,0.1
2023-10-02T22:00:00,1473A,108.985,34.1978,西安市,曲江文化产业集团,,17,17,24,11,17,64,40,62,49,22,18,4,4,0.6,0.5
2023-10-02T22:00:00,1474A,109.051,34.3213,西安市,广运潭,,24,24,22,16,15,70,1,63,23,38,19,6,7,0.6,0.4
2023-10-02T22:00:00,1476A,103.631,36.1031,兰州市,兰炼宾馆,细颗粒物(PM2.5),57,58,43,40,27,85,14,72,53,53,23,4,4,0.9,0.4
2023-10-02T22:00:00,1477A,104.1373,35.9454,兰州市,榆中兰大校区,,,,,,,,,,,,,,,,
2023-10-02T22:00:00,1478A,103.8412,36.0726,兰州市,生物制品所,细颗粒物(PM2.5),57,60,42,40,34,68,1,56,41,60,30,6,7,1.1,0.8
2023-10-02T22:00:00,1479A,103.831,36.0464,兰州市,铁路设计院,细颗粒物(PM2.5),63,64,43,45,33,72,2,58,42,77,36,10,9,1.3,0.7
2023-10-02T22:00:00,1483A,101.524,36.6867,西宁市,第五水厂,,,,,,,,,,,,,,,,
2023-10-02T22:00:00,1484A,105.9512,38.6016,银川市,贺兰山马莲口,,40,24,30,13,14,127,127,120,120,11,12,10,6,0.4,0.4
2023-10-02T22:00:00,1488A,106.2328,38.4975,银川市,贺兰山东路,颗粒物(PM10),55,59,48,38,29,147,47,132,110,74,26,13,14,0.9,0.7
2023-10-02T22:00:00,1489A,106.1358,38.5036,银川市,学院路,颗粒物(PM10),55,60,57,35,28,135,42,120,98,46,21,8,13,0.5,0.5
2023-10-02T22:00:00,1490A,87.5801,43.8303,乌鲁木齐市,监测站,,39,33,46,11,22,123,17,92,79,77,44,5,5,0.4,0.4
2023-10-02T22:00:00,1491A,87.6046,43.768,乌鲁木齐市,收费所,,39,39,45,17,24,121,21,93,78,55,33,2,3,0.4,0.4
2023-10-02T22:00:00,1492A,87.4754,43.9469,乌鲁木齐市,新疆农科院农场,颗粒物(PM10),74,98,68,21,26,97,20,78,75,63,47,1,2,0.7,0.8
2023-10-02T22:00:00,1493A,87.5525,43.8711,乌鲁木齐市,铁路局,,50,50,48,13,20,99,6,82,74,87,44,4,5,0.5,0.5
2023-10-02T22:00:00,1494A,87.6432,43.831,乌鲁木齐市,三十一中学,,33,27,48,17,22,110,26,88,79,66,32,5,6,0.6,0.5
2023-10-02T22:00:00,1496A,87.7216,44.1747,乌鲁木齐市,米东区环保局,颗粒物(PM10),57,64,35,19,14,102,74,91,90,18,18,10,10,0.3,0.4
2023-10-02T22:00:00,1508A,112.9433,27.8614,湘潭市,板塘,,45,36,43,31,25,98,12,59,36,24,17,7,8,0.5,0.5
2023-10-02T22:00:00,1511A,112.9118,27.8403,湘潭市,市监测站,,32,27,39,22,22,101,25,63,44,14,12,4,4,0.7,0.7
2023-10-02T22:00:00,1512A,112.8937,27.8728,湘潭市,江麓,,29,26,37,20,20,106,32,64,48,15,13,6,7,0.5,0.6
2023-10-02T22:00:00,1513A,112.9227,27.8159,湘潭市,岳塘,,29,22,40,20,22,102,25,73,47,14,11,8,9,0.5,0.6
2023-10-02T22:00:00,1514A,112.9074,27.9119,湘潭市,科大,,46,27,39,32,22,100,21,56,36,15,12,6,7,0.7,0.7
2023-10-02T22:00:00,1515A,113.135,27.8244,株洲市,天台山庄,颗粒物(PM10),52,53,45,23,24,117,19,80,55,22,19,5,5,0.7,0.8
2023-10-02T22:00:00,1518A,113.095,27.8867,株洲市,株冶医院,颗粒物(PM10),56,61,51,34,26,111,15,74,45,26,22,5,6,0.8,0.7
2023-10-02T22:00:00,1519A,113.167,27.8667,株洲市,市四中,,46,46,48,25,27,116,11,84,55,29,22,5,6,0.8,0.7
2023-10-02T22:00:00,1520A,113.143,27.8381,株洲市,火车站,,48,48,47,27,24,117,19,83,61,23,17,6,6,0.7,0.7
2023-10-02T22:00:00,1524A,113.13,27.8528,株洲市,市监测站,颗粒物(PM10),52,54,48,31,28,123,18,85,57,24,21,11,7,0.7,0.8
2023-10-02T22:00:00,1552A,106.805,26.3003,贵阳市,桐木岭,,,,,,,,,,,,,,,,
2023-10-02T22:00:00,1559A,113.251,27.8336,株洲市,大京风景区,,45,44,42,31,28,96,18,78,60,16,8,2,3,0.7,0.7
2023-10-02T22:00:00,1562A,113.0048,27.9153,湘潭市,昭山,,39,39,48,25,20,107,20,68,44,21,14,5,5,0.8,0.9
2023-10-02T22:00:00,1564A,112.4876,27.9164,湘潭市,韶山,,38,38,35,19,13,64,26,59,30,11,10,5,5,0.6,0.6
2023-10-02T22:00:00,1585A,109.8756,40.6532,包头市,市环境监测站,颗粒物(PM10),53,55,51,18,18,104,25,76,59,71,51,14,16,0.8,0.8
2023-10-02T22:00:00,1587A,109.9991,40.5842,包头市,包头八中,,46,46,58,18,25,110,58,91,87,51,42,24,24,0.6,0.8
2023-10-02T22:00:00,1588A,109.8538,40.6821,包头市,青山宾馆,颗粒物(PM10),53,55,45,21,24,104,8,79,61,87,50,15,16,0.9,1
2023-10-02T22:00:00,1589A,109.8642,40.6288,包头市,惠龙物流,,43,43,49,25,21,110,62,87,79,41,43,15,17,0.7,0.7
2023-10-02T22:00:00,1590A,110.0377,40.5546,包头市,东河鸿龙湾,,42,42,56,18,22,114,42,101,72,48,42,13,23,0.5,0.7
2023-10-02T22:00:00,1591A,110.0023,39.8129,鄂尔多斯市,综合楼,颗粒物(PM10),51,51,65,22,21,96,49,87,75,46,37,7,12,0.7,0.7
2023-10-02T22:00:00,1592A,109.9486,39.8261,鄂尔多斯市,巴音孟克林场办事处,,36,36,44,22,23,103,62,93,85,35,23,8,11,0.6,0.6
2023-10-02T22:00:00,1593A,109.7736,39.5986,鄂尔多斯市,康泽苑,,31,31,38,13,23,106,60,95,84,24,20,5,7,0.7,0.7
2023-10-02T22:00:00,1594A,109.8119,39.5989,鄂尔多斯市,华泰汽车城,,27,27,39,17,21,101,46,90,81,36,23,4,5,0.8,0.7
2023-10-02T22:00:00,1595A,109.9734,39.7884,鄂尔多斯市,奥林花园,,46,46,57,19,22,96,16,83,68,59,31,6,10,0.7,0.7
2023-10-02T22:00:00,1597A,122.2703,40.7094,营口市,大庆路,,38,37,30,23,15,158,120,148,145,20,20,7,7,0.8,0.8
2023-10-02T22:00:00,1598A,122.2150,40.6511,营口市,镜湖西路,,48,48,30,26,13,161,135,149,148,18,21,9,8,0.5,0.6
2023-10-02T22:00:00,1599A,122.1658,40.6789,营口市,西炮台,,44,44,32,24,12,160,127,147,146,16,21,8,7,0.7,0.7
2023-10-02T22:00:00,1600A,124.3303,40.0625,丹东市,江湾东路,,47,47,35,21,19,136,59,110,86,12,20,9,15,0.8,0.9
2023-10-02T22:00:00,1601A,124.4256,40.1503,丹东市,临江后街,,38,38,32,14,15,131,85,113,106,10,18,7,8,0.8,0.8
2023-10-02T22:00:00,1602A,124.3933,40.1461,丹东市,元宝山,,40,40,30,18,13,124,68,106,94,21,23,13,11,1.3,0.8
2023-10-02T22:00:00,1603A,124.3633,40.1092,丹东市,民主桥,,44,44,32,22,14,125,41,107,92,32,23,6,8,1.0,0.7
2023-10-02T22:00:00,1604A,122.0303,41.1489,盘锦市,开发区,,47,27,26,19,15,166,148,156,156,17,24,8,28,0.6,0.6
2023-10-02T22:00:00,1605A,122.0485,41.0883,盘锦市,兴隆台,,46,31,28,17,12,166,147,155,154,13,21,8,18,0.6,0.5
2023-10-02T22:00:00,1606A,121.8297,41.1028,盘锦市,新生街道,,45,33,25,14,12,168,142,157,155,16,19,6,10,0.6,0.5
2023-10-02T22:00:00,1607A,120.9092,40.7136,葫芦岛市,龙港区,,44,44,33,19,13,178,115,160,152,16,19,14,12,0.6,0.6
2023-10-02T22:00:00,1608A,120.8392,40.7514,葫芦岛市,化工街,颗粒物(PM10),59,68,55,22,19,161,89,144,134,30,38,10,13,0.7,0.7
2023-10-02T22:00:00,1609A,120.8341,40.7073,葫芦岛市,新区,,44,44,36,24,16,186,116,167,157,24,33,11,9,0.9,0.8
2023-10-02T22:00:00,1610A,120.8695,40.7677,葫芦岛市,东城区,,49,49,53,27,23,177,93,156,143,44,42,14,18,1.0,0.9
2023-10-02T22:00:00,1611A,118.5819,24.9117,泉州市,涂山街,,34,30,39,8,11,143,106,130,118,9,8,6,6,0.6,0.6
2023-10-02T22:00:00,1612A,118.5972,24.8978,泉州市,津头埔,,32,32,38,10,15,141,98,129,115,14,11,7,6,0.6,0.6
2023-10-02T22:00:00,1613A,118.6663,24.9424,泉州市,万安,,34,34,44,10,15,144,102,134,120,12,10,4,3,0.6,0.7
2023-10-02T22:00:00,1614A,118.6117,24.9604,泉州市,清源山,,,,,,,,,,,,,,,,
2023-10-02T22:00:00,1616A,117.6795,36.229,济南市,技术学院,颗粒物(PM10),57,63,43,22,18,146,85,131,120,35,35,9,10,0.5,0.8
2023-10-02T22:00:00,1618A,118.3429,35.0532,临沂市,沂河小区,,44,44,40,14,17,121,97,111,106,19,26,8,12,0.4,0.3
2023-10-02T22:00:00,1619A,118.295,35.0583,临沂市,鲁南制药厂,,,,37,,16,130,,128,128,,27,,19,,0.4
2023-10-02T22:00:00,1620A,118.2794,34.9976,临沂市,新光毛纺厂,,41,41,46,18,18,122,84,112,100,55,35,16,16,0.7,0.6
2023-10-02T22:00:00,1621A,118.3956,35.0888,临沂市,河东保险公司,,41,41,41,4,16,122,93,110,102,17,29,5,5,0.7,0.5
2023-10-02T22:00:00,1622A,116.3032,37.4674,德州市,儿童乐园,颗粒物(PM10),51,51,56,19,22,147,81,133,115,22,26,9,12,0.6,0.6
2023-10-02T22:00:00,1624A,116.2991,37.4451,德州市,监理站,,47,47,54,17,19,140,73,125,104,34,39,12,14,0.5,0.5
2023-10-02T22:00:00,1625A,115.9848,36.4372,聊城市,区政府,颗粒物(PM10),66,81,56,33,27,124,24,109,78,74,40,3,6,0.6,0.5
2023-10-02T22:00:00,1628A,118.0062,37.3803,滨州市,市环保局,,38,38,55,17,27,158,110,142,133,24,36,9,12,0.5,0.6
2023-10-02T22:00:00,1629A,118.0018,37.3617,滨州市,第二水厂,,46,46,66,8,28,171,121,155,146,29,45,10,12,0.6,0.6
2023-10-02T22:00:00,1630A,117.9776,37.393,滨州市,北中新校,,41,41,52,12,24,161,97,144,127,28,36,8,11,0.7,0.8
2023-10-02T22:00:00,1631A,118.0414,36.8103,淄博市,人民公园,颗粒物(PM10),62,73,62,34,32,158,77,144,122,42,44,8,12,0.7,0.8
2023-10-02T22:00:00,1633A,117.8525,36.4847,淄博市,双山,,34,34,35,16,15,146,68,130,111,30,22,11,9,0.4,0.4
2023-10-02T22:00:00,1634A,117.9592,36.6331,淄博市,气象站,,33,33,35,17,17,150,92,136,119,17,23,10,9,0.1,0.4
2023-10-02T22:00:00,1635A,118.3092,36.8194,淄博市,莆田园,,48,48,55,19,23,175,82,152,116,29,30,23,17,0.6,1.2
2023-10-02T22:00:00,1637A,117.558,34.8438,枣庄市,市中区政府,颗粒物(PM10),69,88,51,36,21,126,39,117,94,51,31,6,12,0.3,0.3
2023-10-02T22:00:00,1638A,117.2852,34.7837,枣庄市,薛城环保局,,49,49,45,27,18,127,76,115,95,32,27,4,6,0.4,0.5
2023-10-02T22:00:00,1639A,117.5852,34.7745,枣庄市,峄城区政府,颗粒物(PM10),57,63,45,27,13,135,61,122,99,30,22,7,9,0.5,0.4
2023-10-02T22:00:00,1640A,117.7276,34.5578,枣庄市,台儿庄区环保局,颗粒物(PM10),86,122,46,51,19,119,16,108,72,66,30,9,8,0.6,0.5
2023-10-02T22:00:00,1641A,117.4518,35.0992,枣庄市,山亭区环保局,,44,44,30,20,16,143,73,128,110,26,18,9,9,0.6,0.5
2023-10-02T22:00:00,1642A,121.2514,37.5639,烟台市,开发区,,24,17,36,5,13,82,75,69,69,16,34,9,10,0.5,0.6
2023-10-02T22:00:00,1643A,121.3719,37.5433,烟台市,轴承厂,,31,19,28,6,13,124,98,115,107,8,18,4,5,0.2,0.3
2023-10-02T22:00:00,1644A,121.3181,37.5436,烟台市,西郊化工站,,31,22,33,8,12,125,97,116,105,13,20,4,5,0.5,0.6
2023-10-02T22:00:00,1645A,121.4478,37.4822,烟台市,莱山环保局,,28,22,26,9,10,127,88,120,108,11,14,5,7,0.4,0.4
2023-10-02T22:00:00,1646A,121.2611,37.4967,烟台市,福山环保局,,,36,38,9,14,115,56,108,90,,26,,3,0.3,0.4
2023-10-02T22:00:00,1650A,119.1437,36.7023,潍坊市,环保局,,,,,,,,,,,,,,,,
2023-10-02T22:00:00,1653A,116.6251,35.4302,济宁市,火炬城,颗粒物(PM10),53,55,46,12,14,118,38,103,90,40,27,9,13,0.5,0.3
2023-10-02T22:00:00,1655A,116.5491,35.4042,济宁市,电化厂,颗粒物(PM10),55,60,55,27,22,110,44,94,78,33,24,5,9,0.5,0.5
2023-10-02T22:00:00,1656A,117.1437,36.1937,泰安市,监测站,颗粒物(PM10),53,56,47,23,22,137,84,125,109,23,26,12,10,0.3,0.6
2023-10-02T22:00:00,1657A,117.0885,36.2017,泰安市,人口学校,,41,41,31,12,15,143,88,134,117,19,19,10,9,0.5,0.5
2023-10-02T22:00:00,1658A,117.1089,36.1758,泰安市,电力学校,颗粒物(PM10),58,66,57,24,24,144,69,132,108,32,32,12,10,0.3,0.4
2023-10-02T22:00:00,1659A,119.471,35.4209,日照市,监测站,,27,27,34,13,13,132,79,123,115,30,35,8,10,1.1,0.9
2023-10-02T22:00:00,1660A,119.523,35.4216,日照市,市政府广场,,35,27,29,6,11,146,110,140,136,31,31,11,8,0.8,0.7
2023-10-02T22:00:00,1661A,119.5587,35.4044,日照市,港务局,颗粒物(PM10),51,51,38,12,14,149,110,139,136,36,45,12,11,0.8,0.8
2023-10-02T22:00:00,1662A,122.1214,37.4236,威海市,华夏技校,,28,22,12,12,6,100,87,94,90,12,14,2,3,0.3,0.2
2023-10-02T22:00:00,1663A,122.0508,37.5236,威海市,山大分校,,30,17,18,5,6,119,95,108,99,8,9,4,5,0.3,0.3
2023-10-02T22:00:00,1664A,122.1067,37.5072,威海市,市监测站,,25,17,15,5,6,102,78,96,88,21,16,6,6,0.5,0.4
2023-10-02T22:00:00,1666A,118.6614,37.4309,东营市,市环保局,,46,31,60,14,34,225,146,187,180,13,45,8,23,0.5,0.7
2023-10-02T22:00:00,1669A,113.5824,24.7733,韶关市,市八中,,30,30,38,20,23,130,62,102,87,14,6,21,14,1.0,0.9
2023-10-02T22:00:00,1671A,113.5917,24.7972,韶关市,园林处,,40,36,35,28,29,135,50,108,90,17,5,36,12,1.1,0.8
2023-10-02T22:00:00,1672A,113.6735,24.7791,韶关市,韶关学院,细颗粒物(PM2.5),59,56,41,42,30,151,36,113,90,14,8,11,14,0.9,0.9
2023-10-02T22:00:00,1673A,113.5971,24.6863,韶关市,曲江监测站,,30,30,36,17,23,113,40,98,77,10,7,7,11,0.6,0.7
2023-10-02T22:00:00,1674A,116.6794,23.3667,汕头市,金平子站,,47,47,32,11,12,162,100,144,130,7,8,5,5,0.6,0.6
2023-10-02T22:00:00,1675A,116.7244,23.3633,汕头市,龙湖子站,,41,41,32,7,10,158,101,141,128,8,8,6,6,0.6,0.7
2023-10-02T22:00:00,1676A,116.7258,23.2775,汕头市,濠江子站,,32,30,31,7,9,157,100,138,123,6,7,7,8,0.4,0.5
2023-10-02T22:00:00,1677A,116.7519,23.4714,汕头市,澄海子站,,41,41,35,14,13,154,93,139,124,14,10,10,9,0.4,0.5
2023-10-02T22:00:00,1678A,116.6092,23.2539,汕头市,潮阳子站,,36,36,35,3,6,158,101,144,128,3,4,8,8,0.6,0.6
2023-10-02T22:00:00,1680A,110.3539,21.2706,湛江市,湛江影剧院,,30,30,27,15,15,101,76,91,87,8,6,6,8,0.7,0.6
2023-10-02T22:00:00,1681A,110.3928,21.2228,湛江市,市环境监测站,,,,21,,18,80,,79,,,9,,7,,0.6
2023-10-02T22:00:00,1682A,110.4019,21.1997,湛江市,环保局宿舍,,33,33,24,14,16,95,77,88,88,6,7,4,5,1.0,0.8
2023-10-02T22:00:00,1683A,110.4111,21.2028,湛江市,霞山游泳场,,33,33,26,14,15,94,83,90,90,4,6,5,5,0.6,0.6
2023-10-02T22:00:00,1684A,110.3316,21.2679,湛江市,麻章区环保局,,30,30,29,6,20,97,78,86,86,8,11,6,7,0.6,0.6
2023-10-02T22:00:00,1685A,110.4558,21.2567,湛江市,坡头区环保局,,26,25,26,12,14,104,83,94,93,4,6,4,6,0.6,0.6
2023-10-02T22:00:00,1686A,111.0286,21.4688,茂名市,电白南海,,36,36,37,22,22,117,75,102,88,7,9,8,9,0.8,0.9
2023-10-02T22:00:00,1687A,110.9294,21.6533,茂名市,茂石化七小,,,,31,,16,101,64,94,85,,9,5,9,,0.7
2023-10-02T22:00:00,1688A,110.9107,21.6687,茂名市,健康路,,36,36,27,12,11,109,70,100,92,10,9,5,9,0.6,0.6
2023-10-02T22:00:00,1689A,110.8592,21.6828,茂名市,高岭,,39,36,35,27,24,111,71,98,92,11,11,4,8,0.6,0.7
2023-10-02T22:00:00,1690A,116.1231,24.3284,梅州市,梅江月梅,,,26,18,13,10,102,,92,86,24,12,3,3,0.9,0.8
2023-10-02T22:00:00,1691A,116.0797,24.2719,梅州市,梅县新城,,20,20,17,12,11,99,42,86,70,15,9,6,6,0.9,0.8
2023-10-02T22:00:00,1692A,116.1248,24.2654,梅州市,环境监控中心,,24,24,18,12,10,100,29,97,70,19,11,9,7,0.8,0.7
2023-10-02T22:00:00,1693A,115.3653,22.775,汕尾市,市环保局,,40,22,32,16,16,149,127,140,139,6,5,3,3,0.7,0.7
2023-10-02T22:00:00,1694A,115.3706,22.7898,汕尾市,市政府,,43,22,30,19,14,157,136,148,147,6,6,7,6,0.6,0.7
2023-10-02T22:00:00,1695A,115.3622,22.7925,汕尾市,新城中学,,37,35,37,18,16,134,118,126,125,5,4,8,8,0.7,0.7
2023-10-02T22:00:00,1696A,114.6778,23.7569,河源市,源西,,24,24,19,16,15,84,17,77,56,27,12,4,4,0.9,0.8
2023-10-02T22:00:00,1697A,114.6944,23.7586,河源市,东埔,,44,44,28,22,16,87,30,81,64,23,10,5,5,1.0,0.8
2023-10-02T22:00:00,1698A,114.6892,23.7233,河源市,老城,,15,14,20,10,12,91,29,83,64,14,8,4,4,0.8,0.8
2023-10-02T22:00:00,1699A,111.9797,21.8593,阳江市,鸳鸯湖,,31,31,28,15,18,102,78,96,89,4,5,7,8,0.7,0.8
2023-10-02T22:00:00,1701A,111.9491,21.8658,阳江市,马南垌,,31,31,29,17,17,103,79,94,86,3,6,5,6,0.6,0.6
2023-10-02T22:00:00,1702A,113.0426,23.691,清远市,环保大楼,,19,19,14,12,12,98,35,93,78,15,7,7,7,0.8,0.6
2023-10-02T22:00:00,1703A,113.0208,23.7106,清远市,凤城街办,,22,22,15,11,9,91,41,90,71,12,11,7,8,0.7,0.6
2023-10-02T22:00:00,1705A,116.6367,23.6719,潮州市,西园路,,37,37,37,17,19,160,102,144,137,7,9,4,5,0.4,0.5
2023-10-02T22:00:00,1706A,116.6447,23.6706,潮州市,档案局,,34,33,35,11,13,174,108,159,146,6,9,7,10,0.5,0.7
2023-10-02T22:00:00,1708A,116.3701,23.5345,揭阳市,新兴,,39,39,32,18,20,142,97,124,118,9,6,8,8,0.6,0.7
2023-10-02T22:00:00,1709A,116.3264,23.5443,揭阳市,西马,,45,45,36,16,18,148,101,121,120,8,7,7,7,0.7,0.8
2023-10-02T22:00:00,1710A,116.3611,23.5626,揭阳市,东兴,,40,40,36,17,16,148,103,123,120,10,10,5,6,0.7,0.8
2023-10-02T22:00:00,1711A,116.4151,23.5294,揭阳市,渔湖,,34,34,34,20,17,149,96,131,122,11,10,5,6,0.6,0.7
2023-10-02T22:00:00,1712A,112.0392,22.9169,云浮市,新市府,,37,37,28,20,18,120,74,103,96,6,4,5,5,0.9,0.8
2023-10-02T22:00:00,1714A,112.0539,22.9539,云浮市,牧羊,,42,42,37,19,20,115,92,110,108,14,11,10,8,0.6,0.6
2023-10-02T22:00:00,1715A,102.575,24.3711,玉溪市,东风水库,,28,28,16,13,11,55,38,49,44,8,8,6,6,0.8,0.7
2023-10-02T22:00:00,1718A,115.4208,35.2464,菏泽市,气象局,颗粒物(PM10),67,83,55,27,20,135,53,116,97,36,30,5,4,0.3,0.3
2023-10-02T22:00:00,1719A,115.4747,35.2375,菏泽市,市政协,颗粒物(PM10),64,78,50,31,23,132,52,115,96,37,25,4,5,0.3,0.3
2023-10-02T22:00:00,1721A,113.3819,40.1097,大同市,果树场,,,,,,,,,,,,,,,,
2023-10-02T22:00:00,1723A,113.2994,40.0758,大同市,云冈宾馆,颗粒物(PM10),68,86,92,28,28,109,48,95,82,59,50,27,16,0.6,0.9
2023-10-02T22:00:00,1724A,113.3444,40.0917,大同市,大同大学,颗粒物(PM10),73,95,76,25,28,105,36,92,82,64,42,17,19,0.7,0.7
2023-10-02T22:00:00,1725A,113.2661,40.1269,大同市,安家小村,颗粒物(PM10),61,72,84,25,28,113,82,102,98,20,31,33,23,0.4,0.7
2023-10-02T22:00:00,1726A,113.2711,40.0844,大同市,教育学院,颗粒物(PM10),77,104,108,25,35,106,60,93,79,48,56,30,18,0.7,1.2
2023-10-02T22:00:00,1727A,113.1147,36.1547,长治市,清华站,,32,25,35,22,23,93,59,76,72,21,21,7,9,0.7,0.9
2023-10-02T22:00:00,1728A,113.1031,36.1989,长治市,监测站,,42,29,31,29,24,91,59,80,76,29,26,7,8,1.0,1.1
2023-10-02T22:00:00,1730A,113.0886,36.2125,长治市,审计局,,35,32,29,24,23,88,55,76,71,25,22,8,9,0.8,0.7
2023-10-02T22:00:00,1731A,113.0844,36.1856,长治市,长治八中,,38,38,35,20,18,90,58,80,73,24,22,11,12,0.6,0.7
2023-10-02T22:00:00,1733A,111.5531,36.0783,临汾市,临钢医院,,47,47,36,23,17,83,27,64,62,37,21,10,11,1.1,0.7
2023-10-02T22:00:00,1734A,111.5028,36.0714,临汾市,技工学校,颗粒物(PM10),53,56,33,36,22,80,30,70,62,49,26,12,12,1.3,0.8
2023-10-02T22:00:00,1736A,111.5018,36.0855,临汾市,市委,"颗粒物(PM10),细颗粒物(PM2.5)",54,58,38,38,24,84,32,75,67,52,25,12,12,1.2,0.9
2023-10-02T22:00:00,1738A,113.5758,37.8572,阳泉市,市中心,颗粒物(PM10),74,98,61,43,26,117,33,100,81,67,53,12,19,1.2,1.1
2023-10-02T22:00:00,1739A,113.4894,37.8731,阳泉市,赛鱼,颗粒物(PM10),66,82,64,39,28,138,27,113,76,56,46,9,12,0.9,0.7
2023-10-02T22:00:00,1740A,113.5819,37.8486,阳泉市,南庄,颗粒物(PM10),82,113,82,40,31,118,44,105,86,40,40,10,19,1.1,1
2023-10-02T22:00:00,1742A,113.5614,37.8703,阳泉市,平坦,颗粒物(PM10),79,107,66,45,32,124,28,106,89,70,48,10,13,1.1,0.9
2023-10-02T22:00:00,1743A,113.5158,37.8392,阳泉市,大阳泉,,,82,54,37,28,141,53,113,101,,27,8,12,0.9,0.7
2023-10-02T22:00:00,1744A,118.9233,42.2816,赤峰市,松山一中,,35,26,40,17,15,132,110,117,115,19,32,13,13,0.3,0.4
2023-10-02T22:00:00,1745A,118.9576,42.2728,赤峰市,哈达街,,33,30,34,14,14,120,105,111,110,18,28,17,16,0.4,0.4
2023-10-02T22:00:00,1746A,118.8788,42.2554,赤峰市,天义路,,38,22,28,18,12,144,120,130,128,12,22,14,18,0.4,0.4
2023-10-02T22:00:00,1748A,123.044,41.1196,鞍山市,深沟寺,,42,32,26,15,14,133,133,124,124,9,14,6,8,0.7,0.9
2023-10-02T22:00:00,1749A,123.011,41.0931,鞍山市,太阳城,,42,34,31,13,13,133,133,118,118,11,19,9,11,0.6,0.8
2023-10-02T22:00:00,1750A,123.0485,41.1442,鞍山市,太平,,42,36,42,16,18,133,133,120,120,11,25,10,12,0.7,1
2023-10-02T22:00:00,1751A,122.9642,41.0971,鞍山市,铁西三道街,,49,49,44,16,16,123,115,114,114,24,27,12,12,1.4,1.1
2023-10-02T22:00:00,1752A,122.9341,41.0833,鞍山市,铁西工业园区,,50,50,45,21,17,130,110,117,117,21,23,14,15,1.1,1
2023-10-02T22:00:00,1753A,123.022,41.0821,鞍山市,明达新区,,40,35,30,14,14,128,128,120,120,13,18,7,10,0.6,0.8
2023-10-02T22:00:00,1754A,123.1289,41.0228,鞍山市,千山,,,,,,,,,,,,,,,,
2023-10-02T22:00:00,1755A,123.7977,41.8491,抚顺市,望花区,颗粒物(PM10),63,76,54,28,21,113,30,90,73,51,32,28,15,0.8,0.6
2023-10-02T22:00:00,1756A,123.9161,41.8822,抚顺市,顺城区,颗粒物(PM10),66,81,51,38,24,105,9,84,61,63,33,9,9,1.1,0.8
2023-10-02T22:00:00,1757A,124.0436,41.8611,抚顺市,东洲区,细颗粒物(PM2.5),54,46,31,38,20,118,57,97,85,15,16,11,11,0.9,0.8
2023-10-02T22:00:00,1758A,123.9247,41.8642,抚顺市,新抚区,颗粒物(PM10),65,79,41,42,20,108,4,85,64,53,23,10,11,1.1,0.7
2023-10-02T22:00:00,1759A,124.0972,41.8961,抚顺市,大伙房水库,,38,28,28,26,15,115,40,99,83,19,12,8,9,0.8,0.7
2023-10-02T22:00:00,1760A,123.7086,41.8391,抚顺市,沈抚新城,颗粒物(PM10),61,71,52,29,25,118,63,98,88,24,25,16,19,0.7,0.7
2023-10-02T22:00:00,1761A,123.8275,41.3064,本溪市,大峪,,40,40,37,14,15,101,40,92,80,37,31,7,11,0.7,1.2
2023-10-02T22:00:00,1762A,123.7567,41.3325,本溪市,溪湖,颗粒物(PM10),55,60,58,26,22,110,33,98,76,45,31,13,15,1.6,1.6
2023-10-02T22:00:00,1763A,123.7169,41.3094,本溪市,彩屯,颗粒物(PM10),60,69,77,25,38,105,39,93,66,36,37,11,13,2.0,3
2023-10-02T22:00:00,1764A,123.7669,41.2864,本溪市,东明,颗粒物(PM10),67,83,57,46,26,104,8,96,70,80,40,9,16,1.8,1.4
2023-10-02T22:00:00,1765A,123.7992,41.2664,本溪市,新立屯,,31,31,28,13,12,105,38,85,56,52,31,10,12,0.6,0.7
2023-10-02T22:00:00,1766A,123.8142,41.3472,本溪市,威宁,颗粒物(PM10),59,68,52,21,18,100,19,85,63,45,26,6,7,0.9,0.9
2023-10-02T22:00:00,1767A,121.1115,41.0879,锦州市,南山,,45,45,44,27,28,163,92,140,134,33,26,10,15,0.8,0.7
2023-10-02T22:00:00,1768A,121.0533,40.8434,锦州市,开发区,颗粒物(PM10),53,56,85,24,29,168,107,154,146,28,43,16,30,0.8,0.9
2023-10-02T22:00:00,1769A,121.1836,41.1119,锦州市,百股街道,,38,38,36,24,17,176,109,153,149,27,26,12,13,0.9,0.8
2023-10-02T22:00:00,1770A,121.1178,41.1222,锦州市,天安街道,,50,50,49,30,33,159,92,137,132,33,27,14,18,1.2,0.9
2023-10-02T22:00:00,1771A,121.1303,41.1386,锦州市,北湖公园,,43,43,49,27,19,159,97,141,136,29,26,12,15,0.8,0.7
2023-10-02T22:00:00,1772A,126.54,43.8622,吉林市,哈达湾,细颗粒物(PM2.5),60,62,26,43,14,90,13,82,52,59,26,8,7,0.8,0.5
2023-10-02T22:00:00,1773A,126.5844,43.8358,吉林市,东局子,,47,47,23,19,11,91,4,80,52,64,25,7,7,0.8,0.5
2023-10-02T22:00:00,1774A,126.5052,43.8245,吉林市,电力学院,"颗粒物(PM10),细颗粒物(PM2.5)",63,76,40,45,22,93,6,84,44,48,25,9,8,0.9,0.6
2023-10-02T22:00:00,1775A,126.6133,43.8972,吉林市,江北,,35,35,33,15,13,85,34,77,54,25,21,9,10,0.7,0.5
2023-10-02T22:00:00,1776A,126.555,43.8306,吉林市,江南公园,,32,32,23,12,11,86,30,78,55,37,23,6,7,0.6,0.5
2023-10-02T22:00:00,1778A,126.7061,43.7133,吉林市,丰满,,,,,,,,,,,,,,,,
2023-10-02T22:00:00,1779A,123.9305,47.3636,齐齐哈尔市,安居小区,,46,46,29,18,13,80,51,65,44,22,17,5,5,0.3,0.2
2023-10-02T22:00:00,1780A,123.9488,47.3386,齐齐哈尔市,中心广场,,26,20,17,18,11,76,60,66,63,11,12,2,2,0.5,0.4
2023-10-02T22:00:00,1781A,123.9483,47.3227,齐齐哈尔市,农牧车辆厂,,34,34,26,12,8,75,59,64,59,8,13,6,6,0.3,0.3
2023-10-02T22:00:00,1783A,123.945,47.2988,齐齐哈尔市,市环境监测站,细颗粒物(PM2.5),57,23,23,40,12,76,67,67,64,9,12,5,4,0.3,0.2
2023-10-02T22:00:00,1784A,129.61,44.561,牡丹江市,环保大楼,,43,43,25,27,15,86,25,78,57,32,17,5,5,0.5,0.4
2023-10-02T22:00:00,1785A,129.6115,44.5782,牡丹江市,文化广场,,49,49,32,26,18,84,18,73,47,41,21,5,5,0.6,0.3
2023-10-02T22:00:00,1786A,129.5904,44.5963,牡丹江市,第一医院,,40,40,33,28,21,83,20,71,45,32,18,6,6,0.5,0.4
2023-10-02T22:00:00,1787A,129.6364,44.6075,牡丹江市,机车工厂,,46,46,38,22,14,82,27,72,53,27,14,5,6,0.6,0.5
2023-10-02T22:00:00,1788A,129.6386,44.5462,牡丹江市,第一中学,,38,35,27,26,16,87,31,79,57,21,15,5,5,0.3,0.3
2023-10-02T22:00:00,1789A,124.81117,46.03138,大庆市,大同区,,27,27,23,9,12,82,35,75,54,29,14,6,6,0.5,0.4
2023-10-02T22:00:00,1790A,125.129,46.533,大庆市,龙凤区,颗粒物(PM10),64,78,33,29,14,74,4,62,34,59,24,6,5,0.8,0.5
2023-10-02T22:00:00,1791A,124.902,46.408,大庆市,红岗区,,36,36,19,15,11,80,15,71,48,40,15,4,4,0.5,0.3
2023-10-02T22:00:00,1792A,125.153,46.586,大庆市,萨尔图区,,42,42,29,16,11,69,28,56,39,45,23,8,9,0.4,0.3
2023-10-02T22:00:00,1793A,124.9042,46.6215,大庆市,让胡路区,,38,38,24,14,13,80,4,66,34,56,20,5,5,0.6,0.3
2023-10-02T22:00:00,1794A,118.3606,31.3519,芜湖市,监测站,,33,33,32,14,10,98,86,91,90,23,18,9,8,0.4,0.4
2023-10-02T22:00:00,1795A,118.3714,31.4134,芜湖市,科创中心,,37,37,34,15,12,97,86,92,90,19,20,8,7,0.5,0.4
2023-10-02T22:00:00,1796A,118.3673,31.3131,芜湖市,四水厂,,49,49,34,11,9,99,85,91,89,16,10,6,6,0.6,0.6
2023-10-02T22:00:00,1798A,118.5092,31.6837,马鞍山市,湖东路四小,,32,32,25,15,10,85,57,78,72,24,21,7,8,0.5,0.5
2023-10-02T22:00:00,1799A,118.5024,31.6449,马鞍山市,开发区,,25,25,28,14,10,86,74,83,82,13,14,9,9,0.7,0.7
2023-10-02T22:00:00,1800A,118.5228,31.7231,马鞍山市,慈湖,,30,30,29,18,16,89,66,84,82,21,17,7,8,0.7,0.7
2023-10-02T22:00:00,1802A,118.6245,31.7241,马鞍山市,濮塘,,25,25,25,15,14,91,58,84,72,13,9,5,7,0.7,0.6
2023-10-02T22:00:00,1803A,115.9872,29.6815,九江市,十里,颗粒物(PM10),52,54,47,27,22,110,76,100,92,17,15,9,10,0.7,0.8
2023-10-02T22:00:00,1804A,115.9584,29.7046,九江市,茅山头,,50,50,43,27,26,106,64,92,84,22,22,10,11,0.7,0.8
2023-10-02T22:00:00,1805A,115.9877,29.7295,九江市,西园,颗粒物(PM10),53,56,45,30,23,117,72,101,92,24,23,9,10,0.8,0.9
2023-10-02T22:00:00,1806A,116.0172,29.6547,九江市,五七二七厂,颗粒物(PM10),51,51,39,25,22,114,66,100,92,15,12,15,12,0.8,0.8
2023-10-02T22:00:00,1808A,115.9114,29.6038,九江市,综合工业园,,45,45,45,26,23,119,74,107,98,25,25,15,13,0.7,0.8
2023-10-02T22:00:00,1809A,116.0721,29.7535,九江市,石化总厂,颗粒物(PM10),52,54,46,29,23,108,66,95,86,23,22,7,10,0.9,0.9
2023-10-02T22:00:00,1810A,115.9773,29.5698,九江市,庐山气象台,,26,18,27,9,18,98,81,92,84,2,5,7,7,1.3,0.9
2023-10-02T22:00:00,1812A,112.3931,34.6516,洛阳市,市委党校,,43,30,18,30,17,87,49,83,61,14,11,2,3,0.5,0.4
2023-10-02T22:00:00,1814A,112.4657,34.6871,洛阳市,豫西宾馆,,42,27,14,29,18,80,43,74,58,22,13,1,2,0.8,0.7
2023-10-02T22:00:00,1815A,112.494,34.6886,洛阳市,河南林校,,33,24,13,23,15,76,37,72,56,20,11,2,2,0.5,0.3
2023-10-02T22:00:00,1816A,112.3844,34.623,洛阳市,开发区管委会,,32,30,18,22,14,81,43,76,60,17,12,3,3,0.2,0.2
2023-10-02T22:00:00,1817A,112.4267,34.6258,洛阳市,市委新办公区,,36,30,19,25,16,81,44,72,57,16,9,3,2,0.6,0.2
2023-10-02T22:00:00,1818A,114.4839,36.0621,安阳市,棉研所,,,,,,,,,,,,,,,,
2023-10-02T22:00:00,1819A,114.3551,36.1017,安阳市,红庙街,,41,41,41,15,14,104,66,96,90,21,22,7,9,0.7,0.6
2023-10-02T22:00:00,1820A,114.361,36.0681,安阳市,银杏小区,,40,40,41,26,21,101,62,93,88,15,16,7,9,0.5,0.4
2023-10-02T22:00:00,1824A,114.3389,34.7781,开封市,肿瘤医院,,35,35,29,23,24,97,64,84,73,13,11,5,5,0.5,0.5
2023-10-02T22:00:00,1826A,114.2885,34.7965,开封市,世纪星幼儿园,,27,27,27,18,14,89,60,81,70,21,18,5,4,0.4,0.5
2023-10-02T22:00:00,1828A,113.227,35.2125,焦作市,市环保局,,32,26,29,22,17,95,39,82,68,21,17,4,6,0.6,0.5
2023-10-02T22:00:00,1830A,113.1992,35.2590,焦作市,影视城,,,,,,,,,,,,,,,,
2023-10-02T22:00:00,1832A,113.3257,33.742,平顶山市,新华旅馆,,40,40,33,20,24,91,61,86,74,22,18,3,4,0.4,0.4
2023-10-02T22:00:00,1833A,113.2919,33.737,平顶山市,规划设计院,,35,21,21,24,18,91,52,82,64,16,12,5,6,0.5,0.4
2023-10-02T22:00:00,1834A,113.182,33.774,平顶山市,平顶山工学院,,32,32,23,22,13,80,57,80,68,17,15,6,6,0.4,0.3
2023-10-02T22:00:00,1835A,111.1922,34.7752,三门峡市,市政府,,30,30,13,11,8,97,37,94,56,26,14,4,5,0.6,0.4
2023-10-02T22:00:00,1836A,111.1587,34.7942,三门峡市,开发区,,40,40,19,14,13,89,25,88,56,34,15,11,6,0.4,0.3
2023-10-02T22:00:00,1838A,111.143,34.7955,三门峡市,风景区,,,,,,,,,,,,,,,,
2023-10-02T22:00:00,1840A,111.2992,30.6981,宜昌市,白龙岗,,14,9,15,2,9,75,44,63,58,23,18,6,6,0.7,0.7
2023-10-02T22:00:00,1841A,111.3549,30.6465,宜昌市,伍家岗,,21,21,19,7,11,73,44,62,56,16,15,5,5,0.6,0.6
2023-10-02T22:00:00,1842A,111.2628,30.6961,宜昌市,点军区,,22,22,23,2,9,78,62,70,68,11,13,8,8,0.6,0.6
2023-10-02T22:00:00,1843A,111.3275,30.7819,宜昌市,夷陵区,,15,12,19,7,10,77,48,63,58,19,14,5,6,0.6,0.5
2023-10-02T22:00:00,1844A,112.2494,30.3197,荆州市,市图书馆,,20,12,20,11,14,83,64,81,66,12,10,5,5,0.6,0.7
2023-10-02T22:00:00,1845A,112.2008,30.3544,荆州市,市委党校,,20,19,22,0,11,88,64,83,70,15,11,6,5,0.6,0.6
2023-10-02T22:00:00,1847A,113.1094,29.3578,岳阳市,南湖风景区,,21,21,24,12,18,64,42,59,40,9,11,7,8,0.6,0.7
2023-10-02T22:00:00,1848A,113.1493,29.4251,岳阳市,城陵矶,,17,17,24,11,14,63,40,54,38,13,15,6,6,0.6,0.7
2023-10-02T22:00:00,1849A,113.1497,29.3575,岳阳市,开发区,,35,30,30,24,24,63,39,58,35,8,12,8,8,0.6,0.7
2023-10-02T22:00:00,1850A,113.2621,29.4758,岳阳市,云溪区,,22,22,27,13,17,59,33,56,37,15,17,9,8,0.6,0.7
2023-10-02T22:00:00,1851A,112.9943,29.4402,岳阳市,君山区,,26,14,24,18,23,67,44,56,44,15,12,5,4,0.4,0.6
2023-10-02T22:00:00,1852A,113.2117,29.355,岳阳市,金凤水库,,38,28,25,26,18,74,51,65,54,8,6,3,4,0.6,0.7
2023-10-02T22:00:00,1854A,111.6975,28.9703,常德市,市二中,,18,16,21,7,11,80,56,78,63,9,8,6,6,0.6,0.6
2023-10-02T22:00:00,1857A,111.7158,29.1456,常德市,白鹤山,,16,10,12,6,4,84,50,84,60,2,2,3,3,0.4,0.4
2023-10-02T22:00:00,1858A,110.5319,29.1217,张家界市,永定新区,,22,22,26,9,13,78,60,70,61,8,9,5,6,0.6,0.6
2023-10-02T22:00:00,1859A,110.4697,29.1242,张家界市,电业局,,21,21,22,11,17,75,52,69,57,8,9,7,7,0.6,0.6
2023-10-02T22:00:00,1860A,110.5594,29.3547,张家界市,未央路,,20,20,22,10,10,67,43,61,49,9,9,3,3,0.6,0.6
2023-10-02T22:00:00,1861A,110.4417,29.315,张家界市,袁家界,,,7,8,,5,92,70,89,67,4,5,9,9,0.7,0.7
2023-10-02T22:00:00,1862A,110.4144,25.3167,桂林市,电子科大尧山校区,,46,46,45,28,34,84,35,72,56,5,5,4,4,0.8,0.8
2023-10-02T22:00:00,1863A,110.2819,25.2697,桂林市,监测站,,34,34,46,19,29,103,52,90,78,14,10,5,8,0.8,0.7
2023-10-02T22:00:00,1864A,110.3089,25.2708,桂林市,龙隐路小学,,36,28,41,25,32,107,49,89,78,12,8,6,8,0.8,0.8
2023-10-02T22:00:00,1865A,110.2869,25.2178,桂林市,八中,,40,38,42,28,31,94,50,84,74,14,11,8,7,0.6,0.6
2023-10-02T22:00:00,1866A,109.2262,21.588,北海市,牛尾岭水库,,20,20,22,11,14,100,46,87,69,8,7,11,7,0.6,0.6
2023-10-02T22:00:00,1867A,109.1436,21.4086,北海市,海滩公园,,25,19,25,10,10,98,80,91,83,5,6,4,4,0.8,0.8
2023-10-02T22:00:00,1868A,109.0981,21.4661,北海市,新市环保局,,23,14,26,12,16,107,73,92,80,6,8,4,5,0.6,0.6
2023-10-02T22:00:00,1869A,109.1778,21.5233,北海市,北海工业园,,22,22,35,15,20,114,65,94,80,8,11,5,6,0.6,0.6
2023-10-02T22:00:00,1870A,109.4856,24.3895,柳州市,柳东小学,,33,30,31,23,26,94,50,83,74,10,9,8,9,0.5,0.5
2023-10-02T22:00:00,1871A,109.4157,24.3277,柳州市,环保监测站,细颗粒物(PM2.5),59,28,31,42,30,95,49,86,77,16,9,8,6,0.7,0.7
2023-10-02T22:00:00,1872A,109.389,24.341,柳州市,河西水厂,,31,31,31,21,22,99,57,89,81,10,11,7,7,1.1,1
2023-10-02T22:00:00,1873A,109.4311,24.2921,柳州市,市四中,,33,33,30,21,20,94,50,87,78,12,11,7,8,0.9,0.9
2023-10-02T22:00:00,1874A,109.4006,24.3631,柳州市,市九中,,32,25,34,22,24,101,55,86,76,12,12,6,7,0.7,0.7
2023-10-02T22:00:00,1875A,109.4958,24.3134,柳州市,古亭山,,28,27,28,19,19,93,32,82,68,17,10,10,7,0.5,0.5
2023-10-02T22:00:00,1876A,109.5078,18.2489,三亚市,河东子站,,14,14,20,8,10,99,37,81,51,5,6,3,3,0.3,0.3
2023-10-02T22:00:00,1877A,109.4964,18.2681,三亚市,河西子站,,12,12,19,8,11,102,28,81,51,7,6,3,3,0.3,0.4
2023-10-02T22:00:00,1878A,104.7778,31.4741,绵阳市,富乐山,,17,17,28,8,19,75,22,60,56,27,12,4,4,0.7,0.6
2023-10-02T22:00:00,1879A,104.7563,31.4535,绵阳市,市人大,,,26,30,14,16,66,10,50,42,,20,10,9,0.9,0.7
2023-10-02T22:00:00,1880A,104.6697,31.4668,绵阳市,高新区自来水公司,,38,38,24,20,18,68,2,49,42,47,20,8,7,0.8,0.7
2023-10-02T22:00:00,1881A,104.7287,31.5075,绵阳市,三水厂,,36,36,33,20,22,69,1,46,39,41,21,9,8,1.0,0.7
2023-10-02T22:00:00,1882A,104.563,28.793,宜宾市,石马中学,,,,,,,,,,,,,,,,
2023-10-02T22:00:00,1883A,104.6201,28.7728,宜宾市,市委,,39,38,29,27,20,64,29,56,32,20,19,7,6,0.7,0.6
2023-10-02T22:00:00,1884A,104.6055,28.793,宜宾市,宜宾四中,,42,38,32,29,22,65,23,57,29,26,19,5,4,0.7,0.6
2023-10-02T22:00:00,1885A,104.639,28.7562,宜宾市,市政府,,40,40,30,27,21,63,38,61,39,18,18,6,6,0.8,0.7
2023-10-02T22:00:00,1886A,104.5742,28.7199,宜宾市,黄金嘴,,33,31,24,23,16,62,32,61,36,18,14,9,8,0.6,0.5
2023-10-02T22:00:00,1888A,101.6891,26.571,攀枝花市,弄弄坪,,27,27,20,11,7,66,15,56,45,26,12,7,8,0.8,0.6
2023-10-02T22:00:00,1889A,101.5769,26.5928,攀枝花市,河门口,,48,48,22,22,11,74,27,61,51,20,16,23,15,0.9,0.9
2023-10-02T22:00:00,1890A,101.7169,26.585,攀枝花市,炳草岗,颗粒物(PM10),62,74,20,32,8,69,7,64,51,48,13,17,9,1.0,0.6
2023-10-02T22:00:00,1891A,101.7369,26.5008,攀枝花市,仁和,,40,40,13,27,9,54,22,47,41,17,8,5,5,0.7,0.6
2023-10-02T22:00:00,1893A,105.4324,28.9634,泸州市,九狮山,,45,45,31,25,16,38,2,24,18,22,16,6,5,0.5,0.4
2023-10-02T22:00:00,1894A,105.4427,28.9063,泸州市,小市上码头,颗粒物(PM10),54,57,49,32,27,46,11,34,29,36,21,10,6,0.8,0.6
2023-10-02T22:00:00,1895A,105.4241,28.8573,泸州市,兰田宪桥,颗粒物(PM10),52,54,53,33,32,39,10,31,25,23,14,5,10,0.7,0.6
2023-10-02T22:00:00,1896A,105.4379,28.8833,泸州市,市环监站,,50,50,49,24,23,31,15,27,21,30,23,5,8,0.6,0.6
2023-10-02T22:00:00,1901A,104.4239,31.1208,德阳市,东山公园,,43,43,48,20,20,70,37,62,59,20,15,2,2,0.6,0.5
2023-10-02T22:00:00,1902A,104.3826,31.1317,德阳市,西小区,,41,41,40,24,19,66,32,57,52,30,18,1,2,0.7,0.6
2023-10-02T22:00:00,1904A,104.3553,31.1091,德阳市,耐火材料厂,颗粒物(PM10),64,77,48,22,21,64,6,54,46,39,20,3,4,0.8,0.6
2023-10-02T22:00:00,1905A,106.056,30.8064,南充市,西山风景区,,28,28,14,6,5,46,29,40,38,6,5,3,2,0.5,0.5
2023-10-02T22:00:00,1906A,106.0789,30.8023,南充市,南充市委,,22,20,18,15,16,46,30,40,39,15,12,4,2,0.5,0.5
2023-10-02T22:00:00,1907A,106.1031,30.8217,南充市,南充炼油厂,,24,24,23,8,6,46,31,40,38,11,8,3,2,0.4,0.4
2023-10-02T22:00:00,1908A,106.1064,30.7856,南充市,高坪区监测站,,15,15,12,3,8,48,31,40,39,12,11,6,2,0.3,0.3
2023-10-02T22:00:00,1909A,106.0642,30.7636,南充市,嘉陵区环保局,,23,23,20,14,7,39,24,34,32,17,12,4,3,0.3,0.3
2023-10-02T22:00:00,1910A,106.1087,30.8388,南充市,市环境监测站,,18,18,16,8,11,45,31,39,37,11,9,3,3,0.3,0.3
2023-10-02T22:00:00,1911A,106.9222,27.6869,遵义市,丁字口,,41,41,23,22,15,101,42,84,68,16,13,6,5,0.9,0.7
2023-10-02T22:00:00,1912A,106.9242,27.7019,遵义市,凤凰山,,38,34,20,26,19,106,50,93,79,9,6,7,7,0.8,0.6
2023-10-02T22:00:00,1913A,106.8906,27.6486,遵义市,忠庄,,45,45,23,25,16,105,46,87,68,10,7,4,2,0.6,0.5
2023-10-02T22:00:00,1914A,106.9231,27.6506,遵义市,舟水桥,,41,41,21,25,19,106,42,89,71,13,10,5,2,0.7,0.4
2023-10-02T22:00:00,1915A,106.9178,27.72,遵义市,干田坝,,42,33,21,29,15,111,43,93,73,8,7,6,6,0.8,0.7
2023-10-02T22:00:00,1916A,103.7897,25.5035,曲靖市,环境监测站,,23,23,15,13,7,62,45,54,54,15,8,4,3,0.8,0.6
2023-10-02T22:00:00,1917A,103.8,25.5364,曲靖市,烟厂办公区,,22,22,12,9,7,66,51,58,58,12,7,4,4,0.6,0.5
2023-10-02T22:00:00,1918A,108.7197,34.3956,咸阳市,气象站,,,,,,,,,,,,,,,,
2023-10-02T22:00:00,1919A,108.673,34.3155,咸阳市,实验中学,,26,24,22,18,16,67,31,63,51,25,11,2,2,0.7,0.6
2023-10-02T22:00:00,1920A,108.7233,34.3617,咸阳市,师范学院,,30,28,21,21,16,78,22,75,51,25,10,3,3,0.5,0.3
2023-10-02T22:00:00,1922A,109.0656,35.0994,铜川市,党校,细颗粒物(PM2.5),54,42,23,38,22,92,25,92,40,42,26,9,8,0.9,0.7
2023-10-02T22:00:00,1923A,109.0697,35.0697,铜川市,王益区政府,,47,47,25,31,19,92,47,90,52,32,25,5,3,0.5,0.4
2023-10-02T22:00:00,1924A,108.9344,34.9058,铜川市,新区管委会,,36,36,28,18,17,89,63,83,79,19,15,8,5,0.6,0.6
2023-10-02T22:00:00,1926A,109.4131,36.6275,延安市,枣园,,34,34,30,13,22,66,3,52,32,35,21,7,7,0.6,0.6
2023-10-02T22:00:00,1927A,109.4761,36.6028,延安市,延大医附院,颗粒物(PM10),52,54,39,16,22,79,5,53,33,42,23,6,6,0.8,0.7
2023-10-02T22:00:00,1929A,109.5056,36.6106,延安市,百米大道,,47,47,39,15,22,78,7,62,44,44,28,7,8,0.9,0.7
2023-10-02T22:00:00,1930A,107.185,34.3063,宝鸡市,庙沟村,,19,19,16,13,13,71,52,63,57,19,15,8,8,0.5,0.6
2023-10-02T22:00:00,1931A,107.0708,34.3017,宝鸡市,竹园沟,,28,20,18,19,15,88,44,74,62,12,14,6,6,0.7,0.8
2023-10-02T22:00:00,1932A,107.1906,34.3672,宝鸡市,三陆医院,,27,27,23,17,15,86,53,80,73,22,19,8,8,0.7,0.7
2023-10-02T22:00:00,1933A,107.1431,34.3547,宝鸡市,监测站,,28,28,25,16,16,88,36,81,69,22,16,5,10,0.6,0.6
2023-10-02T22:00:00,1934A,107.1186,34.3739,宝鸡市,技工学校,,32,30,21,22,18,85,34,76,67,31,20,6,6,0.7,0.7
2023-10-02T22:00:00,1935A,107.3906,34.3528,宝鸡市,陈仓区环保局家属楼,,21,19,24,14,20,95,66,84,79,25,18,8,7,0.6,0.6
2023-10-02T22:00:00,1936A,107.2058,34.3497,宝鸡市,文理学院,,28,28,22,8,13,88,52,82,75,26,17,9,9,0.7,0.7
2023-10-02T22:00:00,1937A,107.2386,34.3622,宝鸡市,三迪小学,,30,30,24,16,20,87,59,81,74,22,17,6,6,0.6,0.6
2023-10-02T22:00:00,1938A,109.5293,34.5101,渭南市,农科所,,28,22,20,19,18,77,4,74,38,41,16,5,4,0.8,0.5
2023-10-02T22:00:00,1939A,109.4974,34.4877,渭南市,日报社,,38,27,20,26,17,84,5,81,37,47,22,5,5,0.5,0.4
2023-10-02T22:00:00,1940A,109.4636,34.493,渭南市,体育馆,,39,36,20,27,14,84,3,82,34,49,19,3,3,0.6,0.5
2023-10-02T22:00:00,1941A,109.4259,34.5023,渭南市,高新一小,,36,36,23,24,17,79,16,79,47,38,17,6,7,0.5,0.4
2023-10-02T22:00:00,1944A,102.1692,38.5167,金昌市,天庆家园,,35,35,14,12,9,126,54,119,107,42,13,10,10,0.8,0.4
2023-10-02T22:00:00,1945A,98.2908,39.7711,嘉峪关市,气象局,颗粒物(PM10),53,56,58,19,18,134,66,118,111,38,28,7,21,0.1,0.3
2023-10-02T22:00:00,1947A,106.3394,38.817,石嘴山市,沙湖旅游区,颗粒物(PM10),54,58,49,23,28,161,103,136,125,18,18,16,31,0.7,0.8
2023-10-02T22:00:00,1948A,106.3668,39.0145,石嘴山市,大武口朝阳西街,颗粒物(PM10),83,116,60,55,34,141,35,122,109,99,25,36,30,1.1,0.6
2023-10-02T22:00:00,1949A,106.7704,39.2282,石嘴山市,惠农南大街,,22,22,36,14,15,119,61,106,95,20,23,6,11,0.6,0.7
2023-10-02T22:00:00,1950A,106.7099,39.1325,石嘴山市,红果子镇惠新街,颗粒物(PM10),55,59,46,18,18,132,59,114,100,26,21,4,4,0.5,0.5
2023-10-02T22:00:00,1951A,84.895,45.6094,克拉玛依市,长征新村,,49,49,24,12,7,99,31,87,73,49,13,11,10,0.7,0.3
2023-10-02T22:00:00,1952A,84.8988,45.5893,克拉玛依市,南林小区,,46,46,23,16,12,102,11,91,70,56,17,6,5,0.8,0.3
2023-10-02T22:00:00,1954A,84.905,44.3396,克拉玛依市,独山子区,,47,47,27,21,15,129,51,112,102,42,16,5,6,0.6,0.4
2023-10-02T22:00:00,1955A,85.6979,46.098,克拉玛依市,乌尔禾区商贸楼,,36,36,21,22,10,108,52,95,86,26,8,8,7,0.4,0.3
2023-10-02T22:00:00,1956A,86.1472,41.7538,巴音郭楞州,孔雀公园,颗粒物(PM10),101,152,81,32,19,113,1,101,75,88,38,10,9,1.3,0.6
2023-10-02T22:00:00,1957A,86.1972,41.7166,巴音郭楞州,棉纺厂,颗粒物(PM10),81,111,100,35,24,113,30,103,89,58,28,6,7,0.5,0.3
2023-10-02T22:00:00,1958A,86.2357,41.7173,巴音郭楞州,经济开发区,颗粒物(PM10),95,140,89,27,17,114,52,109,94,28,14,8,9,0.4,0.3
2023-10-02T22:00:00,1961A,117.532,36.6868,济南市,东山小学,,46,46,35,17,13,162,54,143,114,46,27,5,6,0.5,0.5
2023-10-02T22:00:00,1966A,120.0405,35.8735,青岛市,黄岛区4号,颗粒物(PM10),56,61,25,24,9,164,59,157,137,62,20,7,8,0.9,0.6
2023-10-02T22:00:00,1982A,122.0693,37.2174,威海市,文登开发区,,44,44,29,12,8,110,54,103,91,23,17,7,8,0.5,0.5
2023-10-02T22:00:00,2031A,113.1817,27.9958,株洲市,云田中学,颗粒物(PM10),51,52,46,25,25,107,22,79,50,19,16,7,7,0.8,0.8
2023-10-02T22:00:00,2054A,114.1099,32.1059,信阳市,平桥分局,,28,19,25,10,15,105,87,96,90,10,11,2,2,0.7,0.7
2023-10-02T22:00:00,2064A,113.9956,32.1271,信阳市,南湾水厂,,28,19,31,9,12,102,88,95,90,10,10,3,3,0.6,0.6
2023-10-02T22:00:00,2065A,114.0775,32.1195,信阳市,市酿酒公司,,29,29,25,9,12,100,83,96,88,16,14,2,2,0.8,0.7
2023-10-02T22:00:00,2066A,114.0609,32.1399,信阳市,审计局,,29,21,25,16,11,110,90,99,93,10,11,3,3,0.8,0.8
2023-10-02T22:00:00,2067A,114.6613,33.6128,周口市,市环境监测站,颗粒物(PM10),53,56,42,32,24,82,31,82,50,26,19,8,8,0.5,0.4
2023-10-02T22:00:00,2068A,114.6758,33.6347,周口市,周口师范,,49,49,41,34,28,73,26,71,48,23,17,5,6,0.5,0.4
2023-10-02T22:00:00,2069A,114.6546,33.5979,周口市,市运管处,颗粒物(PM10),59,68,46,32,24,82,35,82,53,24,18,6,6,0.5,0.4
2023-10-02T22:00:00,2070A,114.6369,33.6406,周口市,川汇区环保局,颗粒物(PM10),53,56,38,32,25,80,37,80,49,28,24,7,9,0.4,0.4
2023-10-02T22:00:00,2075A,117.6336,24.4674,漳州市,九湖,,,,,,,,,,,,,,,,
2023-10-02T22:00:00,2160A,112.85,35.5051,晋城市,自来水公司,,24,24,33,5,11,94,56,86,79,19,16,5,6,0.8,0.8
2023-10-02T22:00:00,2161A,112.8318,35.4936,晋城市,白云商贸,,19,14,23,2,9,93,58,86,78,20,16,4,4,0.6,0.7
2023-10-02T22:00:00,2162A,112.8508,35.4887,晋城市,市环保局,,21,21,36,7,11,96,62,88,82,17,13,6,6,0.6,0.4
2023-10-02T22:00:00,2163A,112.8676,35.4897,晋城市,技术学院,,30,30,25,7,8,96,64,88,79,20,15,4,4,0.6,0.6
2023-10-02T22:00:00,2165A,112.8453,35.546,晋城市,白马寺,,,,,,,,,,,,,,,,
2023-10-02T22:00:00,2166A,112.4397,39.3522,朔州市,平朔,颗粒物(PM10),65,79,83,34,29,132,16,92,84,55,46,8,19,0.6,0.6
2023-10-02T22:00:00,2167A,112.4575,39.3617,朔州市,朔唯,颗粒物(PM10),80,110,112,25,34,125,19,89,81,59,49,8,21,0.6,0.7
2023-10-02T22:00:00,2168A,112.4258,39.3197,朔州市,区政府,颗粒物(PM10),60,69,75,26,32,128,48,93,88,38,44,7,20,0.7,0.7
2023-10-02T22:00:00,2169A,112.4072,39.3278,朔州市,市环保局,颗粒物(PM10),60,70,76,24,23,131,55,98,92,29,36,8,21,0.7,0.6
2023-10-02T22:00:00,2170A,112.4272,39.3681,朔州市,市二中,颗粒物(PM10),65,80,94,25,32,131,24,95,88,50,48,8,21,0.6,0.6
2023-10-02T22:00:00,2171A,112.7532,37.6945,晋中市,锦纶小区,颗粒物(PM10),93,136,76,51,31,92,47,77,64,56,41,17,12,1.0,0.8
2023-10-02T22:00:00,2173A,112.7249,37.7067,晋中市,南都小区,细颗粒物(PM2.5),97,137,81,72,40,86,56,73,66,41,39,16,17,1.0,0.9
2023-10-02T22:00:00,2174A,112.6991,37.6982,晋中市,榆次区政府,细颗粒物(PM2.5),92,120,78,68,40,89,42,76,63,44,42,12,16,0.9,1
2023-10-02T22:00:00,2175A,110.9956,35.0147,运城市,运城中学,,32,31,14,22,14,102,58,101,74,15,10,9,6,0.6,0.4
2023-10-02T22:00:00,2178A,110.9686,35.0303,运城市,地区技校,,35,28,18,24,11,98,44,98,69,16,10,7,5,0.5,0.8
2023-10-02T22:00:00,2179A,111.0414,35.1147,运城市,空港新区,,36,35,23,25,16,207,49,103,72,12,12,4,5,0.5,0.6
2023-10-02T22:00:00,2181A,112.7383,38.4519,忻州市,开发区,颗粒物(PM10),94,137,70,64,36,66,7,49,40,70,48,17,17,1.2,0.8
2023-10-02T22:00:00,2182A,112.7003,38.4928,忻州市,会展中心,颗粒物(PM10),80,110,70,56,35,54,8,44,32,58,40,12,15,1.4,1
2023-10-02T22:00:00,2183A,111.1406,37.5211,吕梁市,环保局,颗粒物(PM10),58,66,71,15,26,93,4,64,44,58,45,2,3,0.4,0.7
2023-10-02T22:00:00,2185A,111.1297,37.5136,吕梁市,自来水公司,颗粒物(PM10),55,59,75,21,29,98,20,63,50,57,44,5,8,0.8,0.9
2023-10-02T22:00:00,2187A,106.8174,39.6973,乌海市,市林业局,颗粒物(PM10),57,63,58,24,26,132,56,103,89,43,29,22,38,1.0,1.1
2023-10-02T22:00:00,2188A,106.7907,39.6667,乌海市,中海勃湾学校,颗粒物(PM10),78,105,53,26,22,132,9,110,90,100,30,17,28,0.7,0.8
2023-10-02T22:00:00,2191A,122.2532,43.6801,通辽市,艺术职业学校,,43,43,39,11,11,104,104,76,68,18,26,10,6,0.4,0.3
2023-10-02T22:00:00,2192A,119.7594,49.2261,呼伦贝尔市,区环保局,,29,24,29,20,22,76,60,69,66,13,21,4,4,0.4,0.5
2023-10-02T22:00:00,2195A,107.4212,40.761,巴彦淖尔市,附二中,颗粒物(PM10),63,76,71,29,27,136,73,112,99,28,35,4,7,0.6,0.6
2023-10-02T22:00:00,2196A,107.37,40.7372,巴彦淖尔市,市环保大楼,颗粒物(PM10),75,99,75,28,26,126,66,109,98,25,24,4,6,0.6,0.6
2023-10-02T22:00:00,2197A,113.1306,40.9923,乌兰察布市,集宁新区,,38,38,53,23,20,151,109,127,121,16,26,6,12,0.5,0.6
2023-10-02T22:00:00,2200A,122.0392,46.0656,兴安盟,胜华新制药厂,,46,46,32,21,17,83,50,70,59,16,18,4,3,1.6,0.4
2023-10-02T22:00:00,2201A,121.9504,46.0741,兴安盟,科右前旗环保局,颗粒物(PM10),53,55,32,25,18,81,6,70,52,48,19,4,3,0.6,0.3
2023-10-02T22:00:00,2202A,116.1042,43.9317,锡林郭勒盟,市环保监测站,,33,17,25,9,10,123,103,109,109,2,6,10,11,0.3,0.3
2023-10-02T22:00:00,2203A,116.0781,43.9311,锡林郭勒盟,市政府,,33,23,22,2,4,122,103,110,110,7,15,12,12,0.2,0.2
2023-10-02T22:00:00,2204A,105.6467,38.8363,阿拉善盟,西城区西花园,,35,33,40,24,21,131,96,123,118,18,14,10,11,0.8,0.8
2023-10-02T22:00:00,2205A,105.6985,38.8411,阿拉善盟,蒙二幼,,34,34,41,11,17,126,90,120,114,14,12,10,10,0.5,0.5
2023-10-02T22:00:00,2206A,105.724,38.8516,阿拉善盟,环保局新楼,,33,33,37,9,17,122,100,119,116,6,9,7,8,0.4,0.5
2023-10-02T22:00:00,2207A,121.6094,41.998,阜新市,工业园区,颗粒物(PM10),63,76,49,22,15,127,114,110,110,21,26,25,14,1.1,0.6
2023-10-02T22:00:00,2208A,121.6697,42.0279,阜新市,长青街,颗粒物(PM10),64,77,50,38,23,122,105,112,112,38,33,22,15,1.1,0.7
2023-10-02T22:00:00,2209A,121.6673,42.0705,阜新市,农业园区,颗粒物(PM10),59,68,40,36,16,133,118,115,115,21,18,12,16,1.2,0.7
2023-10-02T22:00:00,2210A,121.6717,42.0224,阜新市,东苑,,,65,63,43,23,124,,111,111,24,23,22,17,1.1,1
2023-10-02T22:00:00,2211A,121.6506,42.0498,阜新市,玉龙新城,,,,50,20,13,135,115,118,118,21,22,13,12,1.1,0.6
2023-10-02T22:00:00,2212A,123.2,41.1953,辽阳市,宏伟区,,46,46,31,12,11,129,129,122,122,22,23,12,13,0.6,0.7
2023-10-02T22:00:00,2213A,123.1683,41.2495,辽阳市,新华园,颗粒物(PM10),51,52,39,19,20,108,105,93,93,21,28,10,13,0.6,0.8
2023-10-02T22:00:00,2214A,123.2354,41.2639,辽阳市,滨河路,,32,32,37,20,18,116,98,98,98,16,19,11,12,0.9,1
2023-10-02T22:00:00,2215A,123.149,41.2991,辽阳市,铁西工业园,颗粒物(PM10),58,65,45,18,18,134,114,113,113,25,27,13,15,0.8,1
2023-10-02T22:00:00,2216A,123.8139,42.3022,铁岭市,汇工街西,,39,39,43,17,20,107,98,89,89,20,31,12,21,0.7,0.7
2023-10-02T22:00:00,2217A,123.8649,42.2923,铁岭市,水上乐园,,44,44,47,24,24,110,85,91,86,24,26,10,14,0.8,0.8
2023-10-02T22:00:00,2218A,123.8486,42.2867,铁岭市,银州路东段,,42,42,43,17,18,96,85,90,85,30,32,7,7,0.7,0.6
2023-10-02T22:00:00,2219A,123.7153,42.2217,铁岭市,金沙江路北,,45,45,44,19,19,106,82,85,78,29,32,8,11,0.7,0.7
2023-10-02T22:00:00,2220A,120.4318,41.5881,朝阳市,西梁,,35,35,46,17,16,130,95,120,113,23,24,23,13,1.0,0.7
2023-10-02T22:00:00,2221A,120.4521,41.5646,朝阳市,河畔小区,,35,33,37,24,15,132,109,123,121,15,20,10,10,0.5,0.6
2023-10-02T22:00:00,2222A,120.4176,41.5648,朝阳市,八里堡,,34,34,47,16,19,124,84,111,104,28,27,37,15,1.3,1
2023-10-02T22:00:00,2223A,120.3806,41.5969,朝阳市,农业园区,,31,23,38,18,17,128,98,121,116,14,23,7,7,0.6,0.7
2023-10-02T22:00:00,2225A,124.4002,43.1713,四平市,一商场,,48,48,39,18,17,92,70,79,75,26,21,7,8,0.4,0.3
2023-10-02T22:00:00,2226A,124.388,43.193,四平市,境园,,,39,34,27,18,97,,82,75,28,26,5,6,0.4,0.4
2023-10-02T22:00:00,2227A,125.1358,42.8845,辽源市,环保局,颗粒物(PM10),55,60,31,36,18,100,7,91,49,42,21,7,7,1.0,0.7
2023-10-02T22:00:00,2229A,125.9358,41.7173,通化市,光明,,36,36,25,18,11,89,16,80,48,31,22,7,8,0.5,0.4
2023-10-02T22:00:00,2230A,125.9446,41.7325,通化市,铁路,,35,35,28,16,13,92,31,83,62,16,20,7,8,0.5,0.5
2023-10-02T22:00:00,2231A,126.4219,41.9171,白山市,喜丰,,45,45,41,15,14,92,18,82,56,38,22,8,12,0.6,0.6
2023-10-02T22:00:00,2232A,126.4077,41.9419,白山市,环保局,颗粒物(PM10),51,52,40,31,15,91,15,78,45,39,26,8,11,0.6,0.6
2023-10-02T22:00:00,2233A,124.8006,45.1214,松原市,江南,,22,21,32,15,15,86,60,74,60,21,19,6,7,0.5,0.4
2023-10-02T22:00:00,2234A,124.7965,45.1722,松原市,江北,,33,30,23,23,14,83,19,74,44,40,18,2,4,0.6,0.4
2023-10-02T22:00:00,2235A,122.7911,45.6077,白城市,洮北区环保局,,26,16,22,9,12,93,81,83,78,8,15,6,7,0.3,0.6
2023-10-02T22:00:00,2236A,122.8738,45.5725,白城市,市环保局,,33,33,31,6,11,91,55,83,70,15,16,7,7,0.3,0.5
2023-10-02T22:00:00,2237A,129.47,42.8883,延边朝鲜族自治州,妇幼医院,,31,31,25,11,8,83,26,78,55,25,14,7,6,0.5,0.4
2023-10-02T22:00:00,2238A,129.5055,42.9108,延边朝鲜族自治州,延边医院,,43,43,39,22,12,85,22,80,56,39,21,6,6,0.7,0.5
2023-10-02T22:00:00,2239A,129.3964,42.8881,延边朝鲜族自治州,朝阳川镇医院,,23,22,18,16,9,92,30,86,62,11,8,7,6,0.5,0.4
2023-10-02T22:00:00,2240A,130.9762,45.3001,鸡西市,环保局,颗粒物(PM10),68,86,24,46,11,54,4,51,26,40,17,6,5,1.0,0.5
2023-10-02T22:00:00,2243A,130.9429,45.3039,鸡西市,第一中学,,42,42,18,19,9,73,35,66,49,17,11,8,6,0.3,0.2
2023-10-02T22:00:00,2244A,130.2537,47.3416,鹤岗市,哈啤分公司,,22,22,14,15,12,52,30,47,35,10,7,10,8,0.2,0.2
2023-10-02T22:00:00,2245A,130.2684,47.3086,鹤岗市,斯达机电,,29,21,18,20,12,56,35,51,43,10,8,7,7,0.3,0.2
2023-10-02T22:00:00,2246A,130.3114,47.3388,鹤岗市,东山纸板厂,颗粒物(PM10),55,59,35,22,13,62,15,57,32,21,10,10,10,0.5,0.4
2023-10-02T22:00:00,2247A,130.1097,47.3382,鹤岗市,五号水库,,18,13,15,12,15,62,19,57,38,14,6,10,10,0.1,0.1
2023-10-02T22:00:00,2248A,131.1511,46.6937,双鸭山市,双合村,颗粒物(PM10),77,103,16,15,5,68,4,60,39,32,6,19,9,2.7,0.3
2023-10-02T22:00:00,2249A,131.1652,46.6191,双鸭山市,南小市,,27,27,20,15,9,68,18,59,38,15,10,6,7,0.5,0.3
2023-10-02T22:00:00,2250A,131.1524,46.6554,双鸭山市,环保局,,36,36,26,20,14,59,7,51,29,28,15,8,7,0.5,0.3
2023-10-02T22:00:00,2251A,131.12,46.5656,双鸭山市,苗圃,,23,23,12,15,11,91,59,79,72,3,5,2,4,0.1,0.2
2023-10-02T22:00:00,2252A,128.5159,47.4311,伊春市,环保局,,19,19,13,13,6,57,9,48,23,18,12,3,5,0.4,0.3
2023-10-02T22:00:00,2253A,128.9102,47.7412,伊春市,电力嘉园,,32,23,16,22,12,63,6,56,28,22,9,5,5,0.4,0.3
2023-10-02T22:00:00,2254A,129.5029,48.471,伊春市,汤旺河国家公园,,19,19,17,11,11,60,21,55,36,3,4,7,7,0.2,0.2
2023-10-02T22:00:00,2255A,130.2751,46.8028,佳木斯市,佳纺,颗粒物(PM10),53,55,28,25,9,58,6,53,28,26,15,2,3,0.7,0.6
2023-10-02T22:00:00,2256A,130.3995,46.8307,佳木斯市,发电厂,,22,22,16,11,8,61,23,54,42,15,7,13,5,0.6,0.5
2023-10-02T22:00:00,2257A,130.3258,46.7975,佳木斯市,环保局,,50,50,17,20,6,60,5,52,28,37,15,5,5,0.6,0.5
2023-10-02T22:00:00,2258A,130.3648,46.8032,佳木斯市,十一中,颗粒物(PM10),58,65,17,33,8,58,10,54,32,42,16,5,5,0.8,0.5
2023-10-02T22:00:00,2259A,130.3794,46.7588,佳木斯市,四丰,,19,19,13,7,6,69,38,61,46,4,9,1,1,0.2,0.2
2023-10-02T22:00:00,2262A,131.0518,45.8751,七台河市,新一中,,21,21,10,10,7,74,25,70,51,9,6,7,7,0.6,0.6
2023-10-02T22:00:00,2263A,127.4833,50.2524,黑河市,交通局,,32,31,16,22,11,62,6,54,31,31,14,5,4,0.6,0.4
2023-10-02T22:00:00,2264A,127.5144,50.2341,黑河市,环保局,颗粒物(PM10),81,112,21,37,12,61,4,56,36,37,10,6,4,1.1,0.4
2023-10-02T22:00:00,2265A,127.5291,50.2472,黑河市,大黑河岛,,,71,16,34,13,,,,,2,2,3,2,,
2023-10-02T22:00:00,2266A,126.9785,46.6365,绥化市,人和东街,颗粒物(PM10),62,74,36,37,16,74,12,65,35,51,26,3,3,0.7,0.5
2023-10-02T22:00:00,2267A,126.964,46.6528,绥化市,党政办公中心,颗粒物(PM10),57,64,28,30,14,73,7,68,46,61,21,8,7,0.9,0.5
2023-10-02T22:00:00,2269A,124.1069,50.4097,大兴安岭地区,科技局,,32,32,20,6,8,80,32,73,50,16,9,12,7,0.2,0.1
2023-10-02T22:00:00,2270A,117.396,32.939,蚌埠市,工人疗养院,颗粒物(PM10),52,53,32,22,11,90,44,76,67,19,18,3,6,0.4,0.3
2023-10-02T22:00:00,2271A,117.3605,32.9427,蚌埠市,百货大楼,,43,43,32,20,10,90,45,77,66,22,19,4,6,0.3,0.3
2023-10-02T22:00:00,2273A,117.4185,32.8911,蚌埠市,蚌埠学院,,31,31,27,17,12,90,23,80,62,43,21,8,6,0.2,0.2
2023-10-02T22:00:00,2274A,117.3533,32.9673,蚌埠市,淮上区政府,,39,39,30,23,16,89,45,80,68,22,17,5,6,0.3,0.3
2023-10-02T22:00:00,2275A,117.3145,32.8977,蚌埠市,高新区,,24,24,24,13,12,88,42,76,66,31,21,5,5,0.5,0.4
2023-10-02T22:00:00,2277A,116.8305,32.7727,淮南市,潘集区政府,,30,23,32,21,18,86,56,69,66,19,16,5,7,0.4,0.3
2023-10-02T22:00:00,2278A,117.0067,32.6524,淮南市,师范学院,,28,17,31,19,13,90,39,78,67,21,16,8,10,0.3,0.3
2023-10-02T22:00:00,2279A,116.8569,32.5951,淮南市,谢家集区政府,,27,15,21,6,8,91,85,80,79,16,17,11,9,0.3,0.3
2023-10-02T22:00:00,2280A,116.8281,32.633,淮南市,八公山区政府,,29,29,33,15,14,86,56,77,69,16,14,8,9,0.3,0.3
2023-10-02T22:00:00,2281A,116.6325,32.6201,淮南市,焦岗湖风景区管理处,,19,12,22,11,11,87,60,74,70,8,6,1,1,0.2,0.2
2023-10-02T22:00:00,2282A,116.8004,33.975,淮北市,监测站,,26,18,30,5,12,102,81,92,82,18,17,6,6,0.4,0.4
2023-10-02T22:00:00,2283A,116.8091,33.9007,淮北市,烈山区政府,,30,11,37,9,17,110,93,99,88,10,15,4,6,0.2,0.3
2023-10-02T22:00:00,2285A,117.8177,30.9412,铜陵市,市第四中学,,35,35,40,15,16,91,72,87,80,10,7,6,6,0.4,0.4
2023-10-02T22:00:00,2286A,117.8059,30.9273,铜陵市,市公路局,,34,34,40,12,14,104,81,97,90,13,10,6,5,0.4,0.4
2023-10-02T22:00:00,2287A,117.7807,30.9413,铜陵市,市新民污水厂,,32,32,33,8,12,108,77,99,91,17,10,8,7,0.2,0.2
2023-10-02T22:00:00,2288A,117.7439,30.8792,铜陵市,市第九中学,,46,46,44,14,11,121,78,99,93,18,10,10,5,0.8,0.6
2023-10-02T22:00:00,2289A,117.846,30.9413,铜陵市,车站新区,,27,27,28,9,13,98,80,95,88,10,9,4,4,0.2,0.2
2023-10-02T22:00:00,2290A,117.8483,30.97,铜陵市,市职教基地,颗粒物(PM10),53,56,33,10,11,102,77,96,86,9,8,10,9,0.4,0.4
2023-10-02T22:00:00,2291A,117.0809,30.5177,安庆市,环科院,,39,39,41,20,18,125,76,98,92,15,16,8,9,0.6,0.7
2023-10-02T22:00:00,2292A,117.0331,30.5119,安庆市,马山宾馆,,40,40,43,18,18,133,81,109,96,19,18,7,7,0.6,0.7
2023-10-02T22:00:00,2294A,116.9896,30.6145,安庆市,安庆大学,,33,33,39,16,19,124,74,115,93,16,16,5,6,0.5,0.5
2023-10-02T22:00:00,2295A,118.2903,29.6963,黄山市,延安路89号,,40,40,39,8,8,118,79,110,91,7,4,4,4,0.3,0.4
2023-10-02T22:00:00,2296A,118.327,29.7178,黄山市,黄山东路89号,,25,25,35,13,10,111,74,104,87,7,6,5,5,0.5,0.5
2023-10-02T22:00:00,2297A,118.1371,30.2756,黄山市,黄山区政府5号楼,,42,42,39,12,14,108,57,92,80,12,9,7,6,0.5,0.5
2023-10-02T22:00:00,2298A,118.3093,32.3153,滁州市,老年大学,,28,28,28,19,12,91,53,80,67,22,20,8,9,0.3,0.3
2023-10-02T22:00:00,2299A,118.3244,32.2786,滁州市,人大宾馆,,31,31,31,18,11,92,56,82,69,21,18,8,8,0.3,0.3
2023-10-02T22:00:00,2301A,115.8277,32.8929,阜阳市,市监测站,,24,8,23,13,16,76,76,69,64,12,14,6,7,0.4,0.4
2023-10-02T22:00:00,2303A,115.8554,32.8605,阜阳市,开发区,,27,4,27,12,25,86,86,67,67,15,19,7,8,0.4,0.5
2023-10-02T22:00:00,2307A,116.5079,31.737,六安市,监测大楼,,20,10,22,5,9,100,64,75,61,15,16,3,4,0.6,0.6
2023-10-02T22:00:00,2308A,116.4738,31.7643,六安市,皖西学院,,22,8,22,4,8,92,69,68,64,12,13,7,10,0.4,0.4
2023-10-02T22:00:00,2309A,116.4996,31.7905,六安市,朝阳厂,,22,8,15,7,9,88,70,71,60,12,13,6,7,0.4,0.5
2023-10-02T22:00:00,2310A,116.5567,31.7886,六安市,开发区,,21,11,25,9,12,82,65,66,58,9,11,4,5,0.4,0.5
2023-10-02T22:00:00,2311A,115.8072,33.8399,亳州市,污水处理厂,,25,25,45,17,28,102,70,82,75,9,13,9,9,0.4,0.5
2023-10-02T22:00:00,2312A,115.7789,33.8518,亳州市,三国揽胜宫,,29,25,44,20,25,101,70,89,83,9,14,5,7,0.1,0.2
2023-10-02T22:00:00,2314A,117.47,30.6618,池州市,池州学院,,43,43,37,20,17,106,55,96,85,24,11,9,6,0.5,0.5
2023-10-02T22:00:00,2316A,118.7581,30.9454,宣城市,鳌峰子站,,40,40,34,15,11,98,74,90,85,17,13,5,4,0.4,0.4
2023-10-02T22:00:00,2317A,118.7385,30.9743,宣城市,敬亭山子站,,28,28,23,15,11,92,64,86,78,31,19,12,7,0.4,0.3
2023-10-02T22:00:00,2318A,118.7173,30.9427,宣城市,开发区子站,,34,34,34,14,11,90,75,85,82,18,15,7,5,0.5,0.5
2023-10-02T22:00:00,2319A,119.0141,25.4325,莆田市,荔城区仓后路,,32,29,36,8,13,128,100,120,109,8,7,7,7,0.4,0.5
2023-10-02T22:00:00,2320A,119.0015,25.4553,莆田市,莆田市监测站,,34,33,36,8,13,131,107,126,113,3,3,7,7,0.5,0.6
2023-10-02T22:00:00,2321A,119.1119,25.4561,莆田市,涵江区六中,,33,33,36,7,12,129,105,126,114,5,5,7,7,0.5,0.5
2023-10-02T22:00:00,2322A,119.1013,25.3215,莆田市,秀屿区政府,,33,20,47,3,12,122,103,121,110,5,6,6,7,0.5,0.6
2023-10-02T22:00:00,2323A,118.981,25.4792,莆田市,东圳水库,,,,,,,,,,,,,,,,
2023-10-02T22:00:00,2324A,117.6211,26.2625,三明市,三钢,,28,25,20,19,15,102,60,97,84,12,7,10,8,0.5,0.5
2023-10-02T22:00:00,2325A,117.635,26.2714,三明市,三明二中,,26,26,19,18,12,102,66,97,85,16,12,11,7,0.7,0.7
2023-10-02T22:00:00,2326A,117.6028,26.2378,三明市,三元区政府,,30,30,20,12,9,100,66,96,86,11,9,12,8,0.7,0.7
2023-10-02T22:00:00,2327A,117.7275,26.3108,三明市,洋溪,,,,,,,,,,,,,,,,
2023-10-02T22:00:00,2331A,118.0966,26.6761,南平市,茫荡山,,,,,,,,,,,,,,,,
2023-10-02T22:00:00,2332A,118.1681,26.6369,南平市,南平市监测站,,21,21,13,5,5,101,40,95,68,12,5,4,4,0.8,0.7
2023-10-02T22:00:00,2333A,118.1825,26.6489,南平市,南平铝业有限公司,,26,26,19,10,9,100,33,92,65,16,7,5,5,0.9,0.8
2023-10-02T22:00:00,2334A,118.1756,26.6272,南平市,南平七中,,15,15,15,10,7,108,47,99,74,8,4,4,4,0.7,0.7
2023-10-02T22:00:00,2335A,117.0189,25.1181,龙岩市,龙岩师专,,,,,,,,,,,,,,,,
2023-10-02T22:00:00,2336A,117.0217,25.1033,龙岩市,龙岩市监测站,,37,37,23,18,15,111,95,101,94,34,13,7,4,0.7,0.6
2023-10-02T22:00:00,2337A,117.0258,25.0661,龙岩市,闽西职业技术学院,颗粒物(PM10),51,51,25,20,15,106,101,97,91,24,11,15,7,0.6,0.6
2023-10-02T22:00:00,2338A,117.0196,25.0306,龙岩市,龙岩学院,,28,28,25,19,16,109,57,100,79,12,9,6,4,0.7,0.7
2023-10-02T22:00:00,2339A,119.5001,26.6946,宁德市,金涵水库,,,,,,,,,,,,,,,,
2023-10-02T22:00:00,2341A,119.5388,26.6612,宁德市,宁德市监测站,,32,24,33,11,17,149,101,130,113,13,11,7,7,0.5,0.6
2023-10-02T22:00:00,2342A,117.3102,29.3867,景德镇市,王港中学,,30,30,30,13,15,111,21,97,56,5,4,4,3,0.3,0.3
2023-10-02T22:00:00,2343A,117.2117,29.2933,景德镇市,老干部活动中心,,39,39,32,20,19,108,72,98,76,10,8,4,6,0.4,0.5
2023-10-02T22:00:00,2344A,117.1894,29.2789,景德镇市,兽医站,,42,19,37,29,32,100,73,92,73,9,8,6,9,0.3,0.3
2023-10-02T22:00:00,2345A,117.1547,29.2617,景德镇市,台达陶瓷,细颗粒物(PM2.5),53,49,34,37,17,103,65,94,73,10,9,5,12,0.4,0.5
2023-10-02T22:00:00,2346A,117.2461,29.2956,景德镇市,陶研所,,49,49,37,15,12,100,72,89,66,4,5,5,5,0.4,0.4
2023-10-02T22:00:00,2347A,114.0997,27.5002,萍乡市,武功山,,26,17,20,18,17,81,20,68,55,8,5,8,10,0.9,0.9
2023-10-02T22:00:00,2348A,113.8385,27.6434,萍乡市,中医院,细颗粒物(PM2.5),70,72,44,51,32,98,74,91,88,8,5,17,20,0.8,0.8
2023-10-02T22:00:00,2349A,113.8493,27.6253,萍乡市,市政府车库,细颗粒物(PM2.5),65,60,45,47,29,91,56,85,78,19,10,28,16,1.8,1
2023-10-02T22:00:00,2350A,113.8676,27.6435,萍乡市,市环保局,细颗粒物(PM2.5),63,64,42,45,30,95,72,90,86,12,8,25,15,0.7,0.7
2023-10-02T22:00:00,2351A,113.866,27.6198,萍乡市,安源区政府,细颗粒物(PM2.5),54,53,42,38,28,98,65,88,82,17,13,19,16,0.8,0.8
2023-10-02T22:00:00,2352A,115.0861,27.9317,新余市,北岗,,39,35,27,27,20,107,49,93,80,7,7,10,18,0.8,0.7
2023-10-02T22:00:00,2353A,114.9886,27.8431,新余市,飞宇,颗粒物(PM10),53,56,44,30,22,98,42,88,80,22,12,5,10,0.8,0.5
2023-10-02T22:00:00,2354A,114.9231,27.8246,新余市,第二水厂,颗粒物(PM10),51,52,43,32,23,113,60,97,90,16,12,6,8,0.8,0.8
2023-10-02T22:00:00,2355A,114.9308,27.8036,新余市,市气象局,颗粒物(PM10),55,59,48,32,26,104,58,91,86,15,12,7,12,0.9,0.8
2023-10-02T22:00:00,2357A,116.9822,28.1136,鹰潭市,龙虎山,,38,38,33,8,5,101,89,95,92,5,4,7,6,0,0.1
2023-10-02T22:00:00,2358A,117.0564,28.2642,鹰潭市,新监测站,,50,50,44,23,22,138,80,128,116,25,4,17,12,0.6,0.6
2023-10-02T22:00:00,2359A,117.0311,28.2475,鹰潭市,财苑宾馆,,43,43,44,16,21,146,87,139,123,12,8,18,14,0.4,0.5
2023-10-02T22:00:00,2360A,117.0222,28.2264,鹰潭市,体育馆,,40,40,45,26,24,146,82,135,116,10,7,14,12,0.4,0.5
2023-10-02T22:00:00,2361A,117.0017,28.2131,鹰潭市,三川水表,,50,50,47,23,25,145,74,133,114,23,10,8,9,0.6,0.6
2023-10-02T22:00:00,2362A,114.9017,25.9149,赣州市,通天岩,,,,,,,,,,,,,,,,
2023-10-02T22:00:00,2363A,114.9367,25.8664,赣州市,地委,细颗粒物(PM2.5),53,35,40,37,28,93,52,78,69,4,5,5,12,1.3,1.3
2023-10-02T22:00:00,2364A,114.9461,25.8481,赣州市,气象台,,36,36,37,17,27,106,56,86,74,6,10,3,8,0.9,1
2023-10-02T22:00:00,2365A,114.9322,25.8333,赣州市,市图书馆,,38,32,48,26,29,90,57,79,72,7,10,10,12,1.5,1.7
2023-10-02T22:00:00,2366A,114.8905,25.8471,赣州市,华坚鞋城,,46,46,40,26,26,98,63,83,72,6,9,4,6,1.1,1.1
2023-10-02T22:00:00,2367A,114.9754,27.0803,吉安市,红声器材厂,颗粒物(PM10),52,53,51,26,31,74,41,69,65,19,12,4,6,1.0,1
2023-10-02T22:00:00,2368A,114.9658,27.0999,吉安市,市森林工业局,颗粒物(PM10),57,64,50,33,30,74,48,70,66,22,11,11,12,0.6,0.6
2023-10-02T22:00:00,2369A,114.99,27.1312,吉安市,市环境监测站,,47,47,45,30,27,72,57,69,68,18,12,10,10,0.8,0.8
2023-10-02T22:00:00,2370A,115.0093,27.0968,吉安市,青原区法院,颗粒物(PM10),51,52,51,34,31,70,33,66,61,24,14,12,14,1.0,1
2023-10-02T22:00:00,2371A,114.3408,27.8064,宜春市,槟榔水业,细颗粒物(PM2.5),59,60,40,42,22,99,49,84,79,28,17,2,5,0.7,0.6
2023-10-02T22:00:00,2373A,114.3956,27.7844,宜春市,市石油公司,,,73,46,50,27,104,,91,90,17,14,6,11,1.2,1
2023-10-02T22:00:00,2374A,114.3703,27.7914,宜春市,市气象局,细颗粒物(PM2.5),65,71,53,47,30,96,57,82,78,20,14,4,9,1.5,1.3
2023-10-02T22:00:00,2375A,114.4013,27.8074,宜春市,市广电局,细颗粒物(PM2.5),70,67,42,51,27,105,57,91,86,24,10,15,17,1.3,0.8
2023-10-02T22:00:00,2376A,116.2127,28.0814,抚州市,桐源党溪,细颗粒物(PM2.5),52,50,43,36,20,121,36,108,80,3,3,1,3,0.8,0.8
2023-10-02T22:00:00,2377A,116.3544,27.9831,抚州市,市站,细颗粒物(PM2.5),58,58,40,41,25,104,82,98,95,11,9,5,6,0.7,0.7
2023-10-02T22:00:00,2378A,116.3565,27.963,抚州市,血防站,,,63,43,31,21,95,79,90,88,10,8,,12,0.8,0.9
2023-10-02T22:00:00,2379A,116.3564,28.0007,抚州市,采茶剧团,细颗粒物(PM2.5),70,70,40,51,24,101,74,94,89,5,5,4,4,1.0,1
2023-10-02T22:00:00,2380A,116.385,27.9647,抚州市,医学分院,颗粒物(PM10),54,58,35,36,20,110,79,98,95,8,8,5,6,1.1,1.2
2023-10-02T22:00:00,2381A,118.005,28.4572,上饶市,百草园,,,46,37,7,18,101,80,96,94,14,8,,,,
2023-10-02T22:00:00,2382A,117.9756,28.4436,上饶市,市监测站,,47,47,41,16,20,123,90,116,109,15,8,8,14,0.3,0.3
2023-10-02T22:00:00,2383A,117.9519,28.4628,上饶市,凤凰光学,颗粒物(PM10),51,51,41,21,15,120,91,113,106,12,8,8,7,0.5,0.5
2023-10-02T22:00:00,2385A,114.17,35.9019,鹤壁市,市监测站,,45,42,29,31,23,103,63,94,90,24,18,16,9,0.7,0.5
2023-10-02T22:00:00,2386A,114.2956,35.7511,鹤壁市,市交警支队,,32,32,29,17,9,111,82,97,91,21,19,10,10,0.4,0.4
2023-10-02T22:00:00,2387A,114.2878,35.7306,鹤壁市,迎宾馆,,34,34,24,22,15,113,78,98,92,25,20,9,9,0.4,0.4
2023-10-02T22:00:00,2389A,113.836,35.311,新乡市,环保西院,,42,42,34,20,14,99,55,92,82,17,14,6,7,0.5,0.5
2023-10-02T22:00:00,2390A,113.884,35.272,新乡市,开发区,,29,29,24,19,12,97,57,94,84,20,12,5,6,0.8,0.8
2023-10-02T22:00:00,2391A,113.883,35.303,新乡市,环保东院,,45,45,37,29,21,93,55,87,79,25,18,6,7,0.6,0.5
2023-10-02T22:00:00,2392A,115.0312,35.7636,濮阳市,环保局,,44,44,35,18,16,106,62,96,85,24,26,4,6,0.3,0.3
2023-10-02T22:00:00,2394A,115.0574,35.7609,濮阳市,油田运输公司,颗粒物(PM10),51,52,40,21,16,107,65,94,83,19,20,4,6,0.3,0.3
2023-10-02T22:00:00,2395A,115.0866,35.7754,濮阳市,油田物探公司,,50,50,44,30,22,113,77,102,90,18,23,6,7,0.3,0.3
2023-10-02T22:00:00,2396A,113.8276,34.0159,许昌市,监测站,,42,42,36,28,22,77,34,67,51,27,25,3,5,0.5,0.6
2023-10-02T22:00:00,2398A,113.7906,33.9953,许昌市,开发区,,,37,32,43,29,72,,69,60,18,18,4,6,0.5,0.5
2023-10-02T22:00:00,2399A,114.051,33.5699,漯河市,三五一五工厂,,37,37,30,24,19,102,45,102,55,19,11,8,9,0.6,0.5
2023-10-02T22:00:00,2400A,114.0055,33.5698,漯河市,漯河大学,,39,39,33,22,22,104,45,104,55,22,16,2,2,0.5,0.4
2023-10-02T22:00:00,2401A,114.0138,33.5828,漯河市,市水利局,,46,44,35,32,26,103,41,103,53,18,11,6,7,0.5,0.4
2023-10-02T22:00:00,2402A,114.0261,33.5698,漯河市,市广电局,,42,42,35,26,21,100,40,100,50,22,15,2,3,0.7,0.6
2023-10-02T22:00:00,2404A,112.5224,33.0122,南阳市,瓦房庄,,24,16,18,15,15,101,74,99,78,16,14,4,4,0.5,0.4
2023-10-02T22:00:00,2405A,112.5003,32.9735,南阳市,汉画馆,,25,15,17,11,12,104,77,101,81,11,11,3,3,0.5,0.5
2023-10-02T22:00:00,2406A,112.5573,33.027,南阳市,气象站,,24,10,12,4,8,101,74,97,76,10,10,7,7,0.5,0.4
2023-10-02T22:00:00,2407A,112.5481,32.9689,南阳市,理工学院,,27,13,17,15,15,107,84,104,84,8,10,5,4,0.4,0.4
2023-10-02T22:00:00,2408A,115.6702,34.4285,商丘市,环境监测站,颗粒物(PM10),64,78,47,37,26,97,40,83,69,33,20,5,6,0.5,0.4
2023-10-02T22:00:00,2409A,115.6458,34.4045,商丘市,粮食局,颗粒物(PM10),55,60,42,37,26,96,32,88,74,36,17,6,6,0.8,0.6
2023-10-02T22:00:00,2410A,115.6293,34.3948,商丘市,睢阳区环保局,颗粒物(PM10),67,84,45,38,26,104,24,94,75,40,22,7,8,0.5,0.4
2023-10-02T22:00:00,2420A,114.0189,32.9656,驻马店市,市一纸厂,,38,35,31,26,22,103,67,93,78,11,10,6,6,0.4,0.3
2023-10-02T22:00:00,2421A,114.0114,33.015,驻马店市,市彩印厂,,40,32,29,28,26,100,52,88,63,12,10,6,6,0.4,0.3
2023-10-02T22:00:00,2422A,113.9976,32.9771,驻马店市,天方二分厂,,45,25,24,31,31,101,65,91,75,11,10,9,8,0.3,0.3
2023-10-02T22:00:00,2423A,115.0601,30.2313,黄石市,沈家营,,48,48,57,24,24,114,95,107,103,7,13,9,9,0.5,0.7
2023-10-02T22:00:00,2424A,115.0817,30.2006,黄石市,陈家湾,,46,46,51,24,25,121,89,110,104,6,6,10,10,0.5,0.6
2023-10-02T22:00:00,2426A,114.8988,30.2019,黄石市,铁山,,47,47,42,21,25,122,57,115,104,16,10,14,12,0.7,0.7
2023-10-02T22:00:00,2427A,115.0307,30.2092,黄石市,团城山,颗粒物(PM10),53,56,53,21,19,121,97,114,109,8,10,8,10,0.8,0.9
2023-10-02T22:00:00,2428A,111.0419,32.395,十堰市,武当山,,16,13,5,5,3,104,50,103,73,5,6,9,9,0.6,0.6
2023-10-02T22:00:00,2429A,110.78,32.6494,十堰市,滨河新村,,30,29,17,21,10,105,53,105,66,19,13,6,6,0.9,0.7
2023-10-02T22:00:00,2430A,110.7258,32.6389,十堰市,刘家沟,,17,12,8,4,4,104,52,101,62,7,7,6,6,0.8,0.8
2023-10-02T22:00:00,2431A,110.8839,32.5714,十堰市,铁二处,,27,27,10,8,7,109,44,109,66,14,7,6,6,0.7,0.6
2023-10-02T22:00:00,2432A,112.155,32.0197,襄阳市,襄城运动路,,22,15,15,12,14,100,68,98,67,14,12,7,7,0.5,0.5
2023-10-02T22:00:00,2433A,112.1392,32.0564,襄阳市,樊城新华路,,29,22,18,20,16,100,67,99,69,16,14,8,8,0.4,0.4
2023-10-02T22:00:00,2434A,112.1825,32.1142,襄阳市,高新管委会,,35,17,18,24,13,100,62,100,64,20,16,6,6,0.7,0.6
2023-10-02T22:00:00,2435A,112.2106,32.0903,襄阳市,襄州航空路,,33,24,16,23,13,104,66,102,69,20,16,9,8,0.5,0.5
2023-10-02T22:00:00,2436A,114.8938,30.3994,鄂州市,市政府,,36,36,50,13,24,117,39,107,83,15,15,3,6,0.5,0.7
2023-10-02T22:00:00,2437A,114.8989,30.3714,鄂州市,赵家坝,,50,50,50,17,26,112,41,100,76,20,23,4,7,0.6,0.8
2023-10-02T22:00:00,2439A,112.2014,31.0481,荆门市,竹园小学,,28,11,10,6,6,104,89,104,84,8,10,9,8,0.5,0.5
2023-10-02T22:00:00,2440A,112.1969,30.9891,荆门市,掇刀,,28,4,7,7,11,104,89,103,86,6,8,4,5,0.5,0.5
2023-10-02T22:00:00,2441A,112.2213,31.0386,荆门市,石化一小,,29,18,9,12,15,104,90,103,89,8,7,4,4,0.3,0.3
2023-10-02T22:00:00,2443A,113.9153,30.9285,孝感市,文化路,,21,14,25,5,18,101,66,98,62,8,10,6,7,0.6,0.7
2023-10-02T22:00:00,2444A,113.942,30.9075,孝感市,东城区,,21,5,27,2,16,102,66,99,61,4,7,7,7,0.7,0.8
2023-10-02T22:00:00,2446A,114.9028,30.4742,黄冈市,职工中心,,26,22,52,18,33,125,51,108,77,4,7,8,11,0.8,0.9
2023-10-02T22:00:00,2447A,114.3175,29.8142,咸宁市,森林公园,颗粒物(PM10),51,52,39,31,22,91,25,81,61,11,5,6,6,0.8,0.8
2023-10-02T22:00:00,2448A,114.3107,29.8454,咸宁市,市发改委,细颗粒物(PM2.5),68,80,51,49,34,99,26,87,61,19,10,7,8,0.8,1
2023-10-02T22:00:00,2449A,114.2936,29.8566,咸宁市,咸安区政府,"颗粒物(PM10),细颗粒物(PM2.5)",54,58,48,38,31,104,27,89,62,22,14,7,8,0.7,0.7
2023-10-02T22:00:00,2451A,113.3583,31.7275,随州市,市委党校,,27,12,19,10,12,110,85,106,76,1,5,6,6,0.4,0.4
2023-10-02T22:00:00,2452A,113.3833,31.6908,随州市,市林业局,,25,10,12,11,11,106,80,104,73,6,9,5,5,0.4,0.4
2023-10-02T22:00:00,2453A,113.3983,31.7308,随州市,市立交桥水厂,,25,8,12,8,11,103,78,98,71,6,8,5,6,0.5,0.5
2023-10-02T22:00:00,2454A,109.4978,30.2981,恩施土家族苗族自治州,湖北民院,,32,32,25,9,9,50,18,48,29,9,6,10,10,0.9,0.9
2023-10-02T22:00:00,2455A,109.4707,30.2798,恩施土家族苗族自治州,州电力总公司,,13,11,11,9,6,48,23,47,31,14,12,9,8,1.1,1
2023-10-02T22:00:00,2456A,112.5003,26.9167,衡阳市,原169医院,细颗粒物(PM2.5),60,68,50,43,30,103,43,84,76,16,14,15,14,1.0,0.8
2023-10-02T22:00:00,2457A,112.6194,26.9258,衡阳市,衡阳化工总厂,细颗粒物(PM2.5),77,76,60,56,36,124,63,105,98,12,10,8,14,1.0,0.9
2023-10-02T22:00:00,2458A,112.6211,26.8956,衡阳市,珠晖区环保局,,,74,55,,,117,55,100,91,19,11,7,8,1.1,1
2023-10-02T22:00:00,2459A,112.6197,26.8733,衡阳市,市委党校,细颗粒物(PM2.5),69,79,56,50,34,114,65,97,92,12,14,10,9,1.1,0.9
2023-10-02T22:00:00,2460A,112.6006,26.8919,衡阳市,市监测站,细颗粒物(PM2.5),78,75,56,57,40,121,66,105,98,14,13,9,14,1.2,1
2023-10-02T22:00:00,2461A,112.5664,26.9056,衡阳市,真空机电公司,颗粒物(PM10),66,82,59,46,35,120,70,103,97,11,12,16,13,1.1,1
2023-10-02T22:00:00,2462A,111.5239,27.3033,邵阳市,市水土所,细颗粒物(PM2.5),74,72,47,54,38,85,30,65,56,8,8,5,7,0.9,1
2023-10-02T22:00:00,2463A,111.4733,27.2317,邵阳市,市一中,细颗粒物(PM2.5),74,85,56,54,34,84,44,70,62,12,8,11,7,0.8,0.7
2023-10-02T22:00:00,2464A,111.5283,27.2442,邵阳市,市化工厂,颗粒物(PM10),63,76,46,43,33,85,58,71,65,11,10,25,11,1.0,0.8
2023-10-02T22:00:00,2465A,111.4503,27.2537,邵阳市,市罐头厂,细颗粒物(PM2.5),79,77,52,58,38,86,40,69,63,13,11,6,7,0.7,0.7
2023-10-02T22:00:00,2466A,111.4328,27.2272,邵阳市,市环保局,细颗粒物(PM2.5),83,68,47,61,39,83,38,67,62,12,11,8,9,0.8,0.8
2023-10-02T22:00:00,2467A,112.4067,28.6428,益阳市,甘溪港,,25,25,27,8,7,57,36,49,40,9,7,3,3,0.5,0.6
2023-10-02T22:00:00,2468A,112.3458,28.5808,益阳市,市环保局,,32,22,26,22,24,56,46,56,47,10,10,1,2,0.8,0.9
2023-10-02T22:00:00,2469A,112.3437,28.5531,益阳市,市特殊教育学校,,40,40,38,21,28,55,46,53,46,7,7,3,3,0.8,0.8
2023-10-02T22:00:00,2470A,112.3347,28.6047,益阳市,资阳区政务中心,,30,30,32,19,26,54,45,54,46,8,8,2,2,0.7,0.8
2023-10-02T22:00:00,2471A,112.3744,28.5819,益阳市,赫山环保分局,,33,33,36,17,21,56,39,52,43,11,8,3,3,0.5,0.6
2023-10-02T22:00:00,2472A,113.0073,25.9061,郴州市,马头岭,颗粒物(PM10),78,106,68,51,36,97,12,76,62,36,15,8,6,0.8,0.7
2023-10-02T22:00:00,2473A,113.0116,25.8226,郴州市,市职中,细颗粒物(PM2.5),67,54,60,48,51,109,32,92,77,18,13,4,4,1.2,1.1
2023-10-02T22:00:00,2474A,113.0161,25.8001,郴州市,兴隆步行街,细颗粒物(PM2.5),65,63,68,47,49,109,53,97,88,15,10,5,6,1.0,1
2023-10-02T22:00:00,2475A,113.0383,25.8071,郴州市,市审计局,细颗粒物(PM2.5),74,58,63,54,56,109,37,96,86,15,9,5,7,0.8,0.8
2023-10-02T22:00:00,2476A,113.0348,25.7759,郴州市,市环保局,细颗粒物(PM2.5),82,68,70,60,59,107,39,90,80,20,13,6,7,1.0,0.9
2023-10-02T22:00:00,2477A,111.6217,26.2081,永州市,零陵南津渡,细颗粒物(PM2.5),77,60,53,56,47,103,72,88,86,7,8,10,8,0.9,0.8
2023-10-02T22:00:00,2478A,111.6156,26.4214,永州市,市环境监测站,细颗粒物(PM2.5),77,81,62,56,47,98,80,85,85,13,11,10,7,0.7,0.8
2023-10-02T22:00:00,2479A,111.6236,26.2331,永州市,零陵区环保局,细颗粒物(PM2.5),80,74,62,59,51,90,73,81,80,10,10,9,8,0.8,0.7
2023-10-02T22:00:00,2480A,111.5992,26.4364,永州市,永州市环保局,细颗粒物(PM2.5),84,73,55,62,47,96,87,88,88,10,9,11,7,1.0,0.9
2023-10-02T22:00:00,2481A,111.5989,26.4519,永州市,冷水滩区环保局,细颗粒物(PM2.5),83,75,59,61,48,91,76,83,83,10,9,9,12,0.9,0.8
2023-10-02T22:00:00,2482A,109.5981,27.5721,怀化市,林科所,,18,18,19,10,9,59,42,53,52,4,4,4,4,0.8,0.8
2023-10-02T22:00:00,2483A,109.9453,27.5444,怀化市,河西地税局,,20,20,26,14,15,57,43,52,51,6,6,1,1,0.8,0.8
2023-10-02T22:00:00,2484A,109.9781,27.5342,怀化市,市四医院,,29,26,28,20,19,56,36,51,49,6,4,2,3,0.9,0.8
2023-10-02T22:00:00,2485A,109.9972,27.5578,怀化市,监测楼,,29,29,29,18,15,58,39,52,51,7,6,5,6,0.7,0.7
2023-10-02T22:00:00,2486A,110.0394,27.583,怀化市,市委党校,,29,25,26,20,17,59,38,52,51,4,3,2,3,0.7,0.8
2023-10-02T22:00:00,2487A,111.9589,27.8901,娄底市,电视发射台,,34,34,28,23,14,47,17,41,32,7,5,4,4,1.0,1
2023-10-02T22:00:00,2488A,111.9975,27.725,娄底市,市监测站,,39,37,35,27,20,65,35,55,42,14,11,3,3,0.7,0.7
2023-10-02T22:00:00,2489A,112.0194,27.7314,娄底市,市委党校,,30,25,30,21,22,62,19,53,37,14,8,1,2,1.0,0.9
2023-10-02T22:00:00,2490A,111.9561,27.7569,娄底市,涟钢,,33,33,31,23,19,58,35,47,39,12,12,5,5,0.9,1
2023-10-02T22:00:00,2491A,111.9892,27.7044,娄底市,市政府,,42,32,33,29,24,70,23,59,44,12,7,4,5,0.5,0.4
2023-10-02T22:00:00,2492A,109.6414,28.2558,湘西州,跃进水库,,20,20,16,9,9,41,17,39,27,5,4,6,6,0.8,0.8
2023-10-02T22:00:00,2493A,109.7325,28.3169,湘西州,州政府,,28,28,21,16,11,56,42,52,45,6,7,6,6,0.6,0.6
2023-10-02T22:00:00,2494A,109.6958,28.2675,湘西州,吉首市计生局,,25,25,20,12,11,61,35,50,40,13,10,7,6,0.7,0.7
2023-10-02T22:00:00,2495A,111.3014,23.4832,梧州市,市逸夫小学,,41,41,40,28,25,116,58,111,91,7,18,6,10,0.8,0.8
2023-10-02T22:00:00,2496A,111.3239,23.4794,梧州市,市十一中,,33,33,42,20,22,124,57,112,90,7,19,7,9,0.7,0.7
2023-10-02T22:00:00,2497A,111.247,23.4189,梧州市,龙圩,颗粒物(PM10),53,56,46,29,24,111,53,102,85,18,16,9,10,0.7,0.6
2023-10-02T22:00:00,2498A,111.2711,23.4835,梧州市,龙新,,34,34,41,20,22,108,61,102,87,11,16,7,9,0.7,0.7
2023-10-02T22:00:00,2499A,108.3411,21.6158,防城港市,沙万,,29,29,27,17,15,97,80,89,87,11,15,1,9,0.5,0.5
2023-10-02T22:00:00,2500A,108.3514,21.7731,防城港市,防城档案局,颗粒物(PM10),51,52,48,24,21,116,51,100,88,13,14,11,6,0.6,0.5
2023-10-02T22:00:00,2501A,108.3506,21.6414,防城港市,大海花园,,26,26,25,14,15,92,82,86,85,12,15,4,10,0.5,0.5
2023-10-02T22:00:00,2502A,108.6236,21.9667,钦州市,市环保站,,36,36,38,22,20,117,80,109,100,17,16,8,10,0.7,0.6
2023-10-02T22:00:00,2503A,108.6549,21.9481,钦州市,沙埠小学,,47,47,45,26,23,123,59,107,98,29,20,8,8,0.8,0.7
2023-10-02T22:00:00,2504A,108.5989,21.7431,钦州市,港区一小,,46,46,45,19,20,112,78,103,94,19,14,7,19,0.7,0.7
2023-10-02T22:00:00,2505A,109.568,23.1478,贵港市,德智高中,,38,35,31,26,21,116,80,108,102,27,14,8,6,0.7,0.7
2023-10-02T22:00:00,2506A,109.6047,23.0666,贵港市,江南子站,颗粒物(PM10),60,70,35,40,23,114,64,105,92,25,11,8,8,0.7,0.5
2023-10-02T22:00:00,2507A,109.6014,23.0948,贵港市,贵城子站,细颗粒物(PM2.5),60,42,29,43,25,113,73,105,95,15,12,8,9,0.7,0.7
2023-10-02T22:00:00,2508A,109.5669,23.1065,贵港市,荷城子站,,44,44,31,29,19,116,71,107,96,14,8,15,12,0.7,0.7
2023-10-02T22:00:00,2509A,110.1106,22.7019,玉林市,寒山水库,,45,45,40,18,29,86,40,81,63,9,5,8,6,0.6,0.6
2023-10-02T22:00:00,2510A,110.1675,22.6411,玉林市,市监测站,,30,30,25,17,20,91,72,81,66,7,6,18,12,0.5,0.5
2023-10-02T22:00:00,2511A,110.1433,22.6164,玉林市,南江一中,,45,45,43,18,23,93,67,85,67,7,9,8,18,0.6,0.7
2023-10-02T22:00:00,2512A,106.6103,23.9011,百色市,市监测站,,49,49,49,20,23,134,57,111,93,17,14,36,18,0.8,0.7
2023-10-02T22:00:00,2513A,106.6538,23.8859,百色市,市中心血站,,46,46,47,23,27,126,60,110,91,15,12,65,34,0.8,0.6
2023-10-02T22:00:00,2514A,111.5264,24.4172,贺州市,环保小区,,36,35,38,25,29,111,44,93,77,17,12,6,6,0.8,0.8
2023-10-02T22:00:00,2515A,111.5608,24.4078,贺州市,政协大楼,,29,26,36,20,26,102,30,92,72,13,10,6,7,0.7,0.8
2023-10-02T22:00:00,2516A,108.2011,24.715,河池市,东仁乐园,细颗粒物(PM2.5),52,32,31,36,33,87,50,78,63,14,7,6,5,0.5,0.3
2023-10-02T22:00:00,2517A,108.0497,24.6947,河池市,市环保站,,28,28,32,19,21,88,51,81,69,13,10,7,8,0.7,0.8
2023-10-02T22:00:00,2518A,108.0983,24.6989,河池市,市疾控中心,,38,38,35,18,21,101,38,83,60,23,17,8,8,0.7,0.7
2023-10-02T22:00:00,2520A,109.2203,23.7256,来宾市,来宾技工学校,,42,42,39,24,26,106,61,97,85,12,9,13,12,0.5,0.6
2023-10-02T22:00:00,2521A,107.3476,22.4136,崇左市,市环保局江州分局,,42,42,29,17,18,82,31,75,65,16,9,4,5,0.6,0.5
2023-10-02T22:00:00,2522A,107.3702,22.3707,崇左市,城南新区,,32,29,24,22,14,82,50,80,69,11,8,4,4,0.5,0.4
2023-10-02T22:00:00,2523A,105.8945,32.4535,广元市,黑石坡,,20,13,15,10,7,89,61,86,73,6,5,6,6,0.4,0.4
2023-10-02T22:00:00,2524A,105.821,32.4444,广元市,老城,,20,13,13,14,7,73,35,70,51,13,8,3,3,0.7,0.6
2023-10-02T22:00:00,2526A,105.8628,32.4287,广元市,监测站,,16,14,5,5,1,81,50,78,65,15,8,3,3,0.4,0.4
2023-10-02T22:00:00,2527A,105.5453,30.5678,遂宁市,石溪浩,,13,12,20,9,11,54,37,49,46,4,4,5,5,0.6,0.6
2023-10-02T22:00:00,2528A,105.5582,30.5232,遂宁市,市监测站,,12,10,15,8,7,52,37,44,41,9,10,7,7,0.4,0.4
2023-10-02T22:00:00,2529A,105.5861,30.5366,遂宁市,行政中心,,13,13,16,5,9,49,30,39,34,16,12,7,6,0.5,0.5
2023-10-02T22:00:00,2530A,105.5918,30.4728,遂宁市,美宁食品公司,,12,7,14,4,5,52,38,46,43,8,11,7,7,0.2,0.2
2023-10-02T22:00:00,2531A,105.0703,29.61,内江市,市监测站,,22,22,23,15,21,61,38,54,51,15,9,6,7,0.6,0.6
2023-10-02T22:00:00,2532A,105.0717,29.5947,内江市,东兴区政府,,20,18,20,14,15,66,44,59,56,20,14,7,6,0.5,0.4
2023-10-02T22:00:00,2533A,105.0653,29.5817,内江市,内江二中,,20,20,21,14,17,60,41,54,51,14,12,5,5,0.6,0.6
2023-10-02T22:00:00,2534A,105.0406,29.5822,内江市,内江日报社,,28,28,23,13,18,61,39,53,50,23,16,8,8,0.5,0.5
2023-10-02T22:00:00,2535A,103.7723,29.5462,乐山市,花湖湾,,29,22,29,20,18,61,32,44,28,11,16,4,4,0.6,0.6
2023-10-02T22:00:00,2536A,103.7627,29.5844,乐山市,牛耳桥,,35,32,28,24,19,56,26,50,40,21,20,5,7,0.6,0.7
2023-10-02T22:00:00,2537A,103.7508,29.6006,乐山市,市第三水厂,,37,37,32,20,18,70,37,57,47,22,18,7,8,0.5,0.6
2023-10-02T22:00:00,2538A,103.7571,29.5664,乐山市,市监测站,,33,33,29,22,19,54,40,47,41,12,12,8,9,0.7,0.8
2023-10-02T22:00:00,2539A,104.0308,30.0478,眉山市,黑龙滩水库,颗粒物(PM10),53,55,43,29,20,55,9,46,34,22,17,6,6,0.7,0.6
2023-10-02T22:00:00,2540A,103.8416,30.0874,眉山市,气象局,,35,35,30,19,19,59,19,52,42,30,22,7,8,0.5,0.5
2023-10-02T22:00:00,2543A,106.6308,30.5278,广安市,小平旧居,,,,,,,,,,,,,,,,
2023-10-02T22:00:00,2544A,106.6303,30.4576,广安市,市委,,13,11,11,9,8,42,30,36,26,7,8,4,5,0.5,0.5
2023-10-02T22:00:00,2545A,106.6271,30.4663,广安市,友谊中学,,15,15,14,6,8,41,32,37,27,9,12,7,7,0.4,0.4
2023-10-02T22:00:00,2547A,106.6388,30.4551,广安市,广电花园,,13,13,10,9,7,39,28,35,27,8,9,7,8,0.3,0.3
2023-10-02T22:00:00,2548A,107.5277,31.2827,达州市,达州职业技术学院,,19,19,10,7,7,45,6,39,22,19,15,5,6,0,0
2023-10-02T22:00:00,2549A,107.5086,31.2186,达州市,市环境监测站,,20,20,12,2,1,38,6,31,20,33,25,10,9,0.5,0.5
2023-10-02T22:00:00,2550A,107.4988,31.2132,达州市,凤凰小区,,16,12,7,5,3,43,8,37,26,32,22,11,9,0.5,0.5
2023-10-02T22:00:00,2551A,107.5082,31.1986,达州市,达县机关宾馆,,18,12,7,6,6,40,10,32,22,35,27,14,10,0.6,0.5
2023-10-02T22:00:00,2552A,107.4644,31.2124,达州市,市政中心,,20,20,18,5,2,41,3,34,22,38,23,8,7,0.7,0.6
2023-10-02T22:00:00,2554A,103.0475,30.02,雅安市,建安厂,,13,11,20,6,14,52,40,48,34,10,14,8,8,0.6,0.6
2023-10-02T22:00:00,2555A,103.0111,29.9833,雅安市,市政府,,16,16,22,8,13,58,41,50,35,7,13,6,6,0.4,0.5
2023-10-02T22:00:00,2556A,102.9905,29.9775,雅安市,川农大,,13,13,20,6,12,48,15,42,24,9,8,7,8,0.3,0.5
2023-10-02T22:00:00,2561A,104.6617,30.1372,资阳市,莲花山,,,,,,,,,,,,,,,,
2023-10-02T22:00:00,2562A,104.6356,30.1506,资阳市,资阳中学,,25,20,27,17,12,79,45,72,67,11,6,5,5,0.6,0.5
2023-10-02T22:00:00,2563A,104.6295,30.1383,资阳市,四三一厂,,31,31,23,21,13,79,49,69,65,10,7,2,3,0.6,0.5
2023-10-02T22:00:00,2564A,104.6463,30.1146,资阳市,师范校,细颗粒物(PM2.5),55,31,23,39,16,78,45,68,64,13,10,4,4,0.6,0.5
2023-10-02T22:00:00,2565A,104.6296,30.1256,资阳市,区法院,,25,20,23,17,15,79,48,72,68,10,6,7,5,0.6,0.5
2023-10-02T22:00:00,2566A,102.1879,31.914,阿坝藏族羌族自治州,州农科所,,29,29,29,16,16,53,30,41,28,10,12,5,4,0.7,0.9
2023-10-02T22:00:00,2568A,102.2502,31.8896,阿坝藏族羌族自治州,马师校,,31,31,13,15,12,80,46,66,48,10,6,4,4,0.5,0.5
2023-10-02T22:00:00,2570A,101.9603,30.0475,甘孜藏族自治州,水桥子,,12,6,6,5,5,63,36,58,54,7,8,6,7,0.4,0.4
2023-10-02T22:00:00,2571A,102.3431,27.8099,凉山彝族自治州,青龙寺,,19,19,11,9,8,60,35,56,49,5,4,6,7,0.5,0.5
2023-10-02T22:00:00,2572A,102.2721,27.8415,凉山彝族自治州,邛海宾馆,,16,13,16,11,9,64,22,59,54,21,9,11,12,0.7,0.6
2023-10-02T22:00:00,2573A,102.2625,27.898,凉山彝族自治州,西昌市政府,,23,20,19,16,13,60,37,57,53,5,7,7,12,0.6,0.7
2023-10-02T22:00:00,2574A,102.2685,27.8851,凉山彝族自治州,凉山州政府,,18,18,17,12,10,59,38,55,52,8,7,8,11,0.7,0.7
2023-10-02T22:00:00,2575A,102.237,27.8914,凉山彝族自治州,长安,,31,31,23,15,11,62,38,58,55,10,10,16,18,0.8,1
2023-10-02T22:00:00,2576A,104.8,26.5892,六盘水市,窑上,,,,,,,,,,,,,,,,
2023-10-02T22:00:00,2577A,104.83,26.5917,六盘水市,黄土坡,,30,17,17,21,12,80,63,75,74,10,6,6,6,0.4,0.4
2023-10-02T22:00:00,2578A,104.89,26.5939,六盘水市,水钢,,32,24,22,22,17,83,65,79,78,6,3,5,5,0.4,0.3
2023-10-02T22:00:00,2579A,104.8475,26.5894,六盘水市,民中,,32,25,16,22,10,80,60,74,74,10,5,6,6,0.6,0.4
2023-10-02T22:00:00,2580A,104.9544,26.5506,六盘水市,双水,,27,27,18,16,11,86,68,79,79,4,4,6,6,0.5,0.5
2023-10-02T22:00:00,2585A,109.1839,27.7344,铜仁地区,铜仁卫校,,19,14,16,13,7,85,39,61,47,4,4,1,1,0.3,0.3
2023-10-02T22:00:00,2586A,109.1753,27.6944,铜仁地区,铜仁七中,,27,27,18,6,8,60,43,53,46,6,5,1,1,0.4,0.4
2023-10-02T22:00:00,2587A,105.2864,27.3125,毕节市,八中,,17,10,24,10,19,68,53,62,54,5,9,5,6,0.6,0.6
2023-10-02T22:00:00,2588A,105.31,27.2944,毕节市,师专,,18,9,24,8,19,70,56,63,56,4,6,4,5,0.5,0.5
2023-10-02T22:00:00,2589A,104.9022,25.0925,黔西南布依族苗族自治州,场坝街,,50,24,19,35,13,67,59,63,60,7,5,3,3,0.1,0.1
2023-10-02T22:00:00,2590A,104.8811,25.0992,黔西南布依族苗族自治州,坪东大道,,,30,21,24,12,65,,63,62,6,6,4,5,0.1,0.1
2023-10-02T22:00:00,2591A,107.9783,26.5747,黔东南苗族侗族自治州,市环境监测站,,32,26,19,22,15,83,57,79,76,12,7,5,5,0.5,0.6
2023-10-02T22:00:00,2593A,107.5228,26.2403,黔南布依族苗族自治州,小围寨,,22,22,15,12,7,83,66,81,76,4,2,4,3,0.4,0.3
2023-10-02T22:00:00,2594A,99.1678,25.1081,保山市,市环境监测站,,22,20,16,15,13,64,19,51,42,5,8,5,5,0.7,0.7
2023-10-02T22:00:00,2595A,99.1711,25.1328,保山市,市环保局,,16,16,17,7,10,63,22,52,44,5,8,5,5,0.4,0.5
2023-10-02T22:00:00,2596A,103.7667,27.3736,昭通市,监测站,,30,30,28,20,18,58,40,56,48,17,12,10,14,0.6,0.5
2023-10-02T22:00:00,2597A,103.7225,27.3361,昭通市,环保局,,36,26,27,25,20,60,37,57,47,18,11,5,10,0.6,0.5
2023-10-02T22:00:00,2598A,100.2143,26.8576,丽江市,西南郊,,,,,,,,,,,,,,,,
2023-10-02T22:00:00,2599A,100.2497,26.8802,丽江市,丽江古城,,28,26,24,19,17,58,24,52,42,17,12,8,9,0.8,0.7
2023-10-02T22:00:00,2600A,100.2203,26.8906,丽江市,市中心,,12,11,14,3,8,59,25,50,39,23,15,9,10,0.6,0.6
2023-10-02T22:00:00,2601A,100.98,22.7633,普洱市,市环保局,,29,29,21,10,6,40,16,40,28,8,8,24,23,0.6,0.6
2023-10-02T22:00:00,2602A,100.9817,22.8322,普洱市,普洱第二中学,,28,19,10,19,12,48,17,41,33,9,8,10,10,0.6,0.3
2023-10-02T22:00:00,2603A,100.0781,23.8982,临沧市,市环保局,,25,19,10,17,15,38,17,35,29,9,8,11,7,0.4,0.4
2023-10-02T22:00:00,2604A,100.0894,23.8822,临沧市,市气象局,,28,22,18,19,17,39,14,34,28,12,9,5,5,0.5,0.4
2023-10-02T22:00:00,2605A,101.5482,25.0441,楚雄州,州环境监测站,,13,13,7,8,6,38,36,36,36,4,4,3,3,0.5,0.5
2023-10-02T22:00:00,2606A,101.538,25.0492,楚雄州,市经济开发区,,20,20,11,14,6,34,31,33,32,6,4,4,4,0.5,0.5
2023-10-02T22:00:00,2608A,103.3772,23.3993,红河州,污水处理厂,,29,24,24,20,19,77,38,72,48,7,6,5,6,0.4,0.4
2023-10-02T22:00:00,2609A,103.3861,23.35,红河州,监测站,颗粒物(PM10),57,63,34,31,23,79,35,70,45,10,7,11,7,0.5,0.4
2023-10-02T22:00:00,2610A,104.2533,23.3594,文山州,州水务局,,29,29,28,13,20,82,53,75,62,7,7,5,5,0.2,0.2
2023-10-02T22:00:00,2611A,104.2319,23.3892,文山州,市便民服务中心,,32,32,27,18,19,80,49,72,58,9,7,9,9,0.3,0.2
2023-10-02T22:00:00,2612A,100.7939,22.0019,西双版纳州,景洪市江南,,21,21,16,13,10,49,17,39,35,10,8,8,7,0.4,0.4
2023-10-02T22:00:00,2613A,100.8017,22.0225,西双版纳州,景洪市江北,,,,,,,,,,,,,,,,
2023-10-02T22:00:00,2614A,100.1542,25.7054,大理州,大理市环境监测站,,22,22,18,8,9,40,31,37,35,8,5,4,4,0.2,0.2
2023-10-02T22:00:00,2615A,100.2171,25.5811,大理州,大理古城,,,,16,,8,56,4,39,25,23,10,6,6,,0.2
2023-10-02T22:00:00,2616A,98.5842,24.428,德宏州,德宏州监测站,,,20,18,2,6,56,16,41,30,13,8,,22,0.4,0.5
2023-10-02T22:00:00,2618A,98.8601,25.8567,怒江州,州监测站,,35,35,24,24,13,59,10,46,37,21,6,8,7,0.6,0.5
2023-10-02T22:00:00,2619A,98.8546,25.8417,怒江州,泸水一中,,22,20,16,15,10,51,6,42,30,21,11,4,4,0.5,0.3
2023-10-02T22:00:00,2621A,99.7056,27.8317,迪庆州,迪庆州站,,31,31,19,18,13,48,18,43,38,22,11,14,12,0.7,0.4
2023-10-02T22:00:00,2622A,97.1806,31.1273,昌都市,昌都监测站,,16,13,9,11,7,64,16,61,41,23,15,7,7,0.4,0.3
2023-10-02T22:00:00,2624A,91.7608,29.2313,山南市,山南监测站,,,14,10,2,4,57,,50,50,2,10,9,9,0.3,0.3
2023-10-02T22:00:00,2625A,91.7706,29.2436,山南市,山南人民医院,,13,12,10,5,4,59,41,51,50,4,10,8,9,0.3,0.4
2023-10-02T22:00:00,2626A,88.8876,29.2718,日喀则市,日喀则监测站,,16,16,11,6,3,62,34,60,46,15,7,5,4,0.6,0.4
2023-10-02T22:00:00,2628A,92.0657,31.4846,那曲地区,那曲监测站,,33,33,20,14,11,77,42,66,42,8,6,5,5,0.7,0.6
2023-10-02T22:00:00,2630A,80.1161,32.5,阿里地区,阿里监测站,,33,6,10,2,5,111,104,108,107,3,9,7,7,0.2,0.2
2023-10-02T22:00:00,2632A,94.3681,29.6376,林芝市,林芝监测站,,13,6,5,2,1,54,39,52,44,2,3,6,6,0.3,0.3
2023-10-02T22:00:00,2633A,94.3616,29.6616,林芝市,林芝人民医院,,12,8,8,5,4,53,36,46,43,4,5,7,7,0.3,0.2
2023-10-02T22:00:00,2634A,106.9893,33.1842,汉中市,汉川机床厂子校,,18,12,7,4,3,78,56,74,68,7,5,18,9,0.3,0.2
2023-10-02T22:00:00,2635A,107.0154,33.0706,汉中市,市监测站,,19,13,10,4,5,82,59,74,70,8,7,6,6,0.6,0.6
2023-10-02T22:00:00,2636A,107.0089,33.1138,汉中市,鑫源开发区,,19,11,9,5,4,84,58,77,73,9,7,8,8,0.4,0.4
2023-10-02T22:00:00,2637A,107.007,33.0323,汉中市,南郑大河坎水厂,,17,14,12,6,7,79,54,74,69,11,10,9,8,0.6,0.6
2023-10-02T22:00:00,2638A,109.7414,38.3344,榆林市,红石峡森林公园,,29,29,25,12,18,104,12,90,69,51,15,5,7,0.5,0.5
2023-10-02T22:00:00,2639A,109.7456,38.2911,榆林市,世纪广场,,24,24,28,12,20,100,49,86,75,35,17,9,12,0.5,0.4
2023-10-02T22:00:00,2640A,109.7289,38.2839,榆林市,实验中学,,21,21,28,10,16,102,49,98,78,40,16,8,10,0.4,0.4
2023-10-02T22:00:00,2641A,109.7336,38.2478,榆林市,环保监测大楼,,27,27,25,12,19,105,41,101,78,41,14,9,10,0.6,0.6
2023-10-02T22:00:00,2642A,109.0318,32.6537,安康市,香溪洞,,20,7,5,5,5,100,64,95,71,7,7,8,7,0.7,0.7
2023-10-02T22:00:00,2643A,109.0281,32.6939,安康市,安康市监测站,,18,17,9,9,6,96,55,90,75,16,10,11,13,0.7,0.6
2023-10-02T22:00:00,2644A,109.0072,32.6975,安康市,汉滨区检察院,,22,22,8,12,6,101,53,94,72,14,9,9,12,0.7,0.6
2023-10-02T22:00:00,2645A,109.9154,33.8715,商洛市,监测站,,21,21,17,11,11,111,42,100,70,14,10,4,8,0.4,0.3
2023-10-02T22:00:00,2647A,104.1724,36.5446,白银市,第三小学,颗粒物(PM10),63,75,38,20,14,91,20,81,71,66,22,12,17,0.8,0.4
2023-10-02T22:00:00,2648A,104.1465,36.5482,白银市,动力公司,,50,50,33,21,15,97,9,86,74,61,15,5,8,0.7,0.6
2023-10-02T22:00:00,2649A,106.0055,34.343,天水市,麦积山,,,,,,,,,,,,,,,,
2023-10-02T22:00:00,2650A,105.7205,34.5786,天水市,公园小学,,36,36,20,24,17,86,18,75,63,28,13,10,11,1.1,1
2023-10-02T22:00:00,2651A,105.8945,34.5538,天水市,麦积国土局,,35,35,20,20,13,88,32,78,69,12,13,7,7,0.8,0.9
2023-10-02T22:00:00,2652A,102.6201,37.9251,武威市,监测站,颗粒物(PM10),52,54,31,34,16,123,24,112,100,62,14,5,5,0.8,0.4
2023-10-02T22:00:00,2654A,100.4698,38.9524,张掖市,润泉湖,,38,38,65,19,19,120,76,111,104,30,17,24,12,0.2,0.3
2023-10-02T22:00:00,2655A,100.4154,38.9422,张掖市,区工会,颗粒物(PM10),53,56,60,19,20,125,60,119,110,43,16,9,8,0.4,0.4
2023-10-02T22:00:00,2656A,106.6692,35.5461,平凉市,聚贤嘉苑,,,,32,,18,73,,65,65,,21,,3,,0.6
2023-10-02T22:00:00,2657A,106.7021,35.5307,平凉市,博物馆,,46,46,38,22,18,79,18,64,56,43,20,6,5,0.6,0.6
2023-10-02T22:00:00,2658A,98.5061,39.7443,酒泉市,仓门街子站,颗粒物(PM10),54,58,62,21,20,123,83,110,101,24,24,4,8,0.5,0.6
2023-10-02T22:00:00,2659A,98.4989,39.7256,酒泉市,油田生活基地,颗粒物(PM10),64,78,67,31,26,126,93,118,112,20,22,7,12,0.5,0.6
2023-10-02T22:00:00,2661A,107.6325,35.7357,庆阳市,庆阳五中,,43,43,21,19,8,78,31,78,46,9,7,5,5,0.7,0.6
2023-10-02T22:00:00,2662A,107.6364,35.7067,庆阳市,市环保局,,43,29,12,30,9,79,37,79,48,13,8,6,6,0.7,0.6
2023-10-02T22:00:00,2663A,104.6241,35.5734,定西市,东关小学,颗粒物(PM10),66,81,38,29,20,83,9,77,59,47,15,4,3,0.5,0.2
2023-10-02T22:00:00,2664A,104.6194,35.5934,定西市,供电公司,颗粒物(PM10),72,93,37,33,21,81,2,74,52,62,22,4,4,0.5,0.2
2023-10-02T22:00:00,2665A,105.0822,33.3261,陇南市,汉王镇固水子,,,,,,,,,,,,,,,,
2023-10-02T22:00:00,2667A,103.2069,35.5993,临夏回族自治州,环保局,,38,38,33,20,16,74,58,69,65,13,13,4,5,0.6,0.6
2023-10-02T22:00:00,2668A,103.2417,35.6057,临夏回族自治州,建设大厦,,31,31,23,10,11,92,66,83,80,12,6,6,6,0.6,0.5
2023-10-02T22:00:00,2669A,102.9099,34.9841,甘南州,州政府,,32,32,19,22,17,70,41,62,54,20,16,4,4,0.4,0.3
2023-10-02T22:00:00,2671A,100.9048,36.9639,海北藏族自治州,海晏县西海镇,,39,30,29,27,13,102,88,97,94,11,8,22,12,0.7,0.6
2023-10-02T22:00:00,2672A,102.0199,35.5102,黄南藏族自治州,同仁县隆务镇,颗粒物(PM10),55,60,31,20,10,88,64,82,76,18,12,13,12,0.5,0.4
2023-10-02T22:00:00,2673A,100.6188,36.2866,海南藏族自治州,共和县恰卜恰镇,细颗粒物(PM2.5),58,51,30,41,22,101,14,96,78,45,18,12,11,0.4,0.3
2023-10-02T22:00:00,2674A,100.2561,34.4714,果洛藏族自治州,玛沁县大武镇,,39,31,21,27,16,87,42,70,62,17,13,11,11,0.5,0.4
2023-10-02T22:00:00,2675A,97,33.0014,玉树藏族自治州,玉树县结古镇,,22,6,6,5,5,87,68,80,76,11,11,10,10,0.6,0.5
2023-10-02T22:00:00,2676A,97.3731,37.3753,海西蒙古族藏族自治州,德令哈市,,46,46,57,27,15,108,65,102,91,12,11,6,10,0.5,0.6
2023-10-02T22:00:00,2677A,106.1532,37.9648,吴忠市,教育园区,颗粒物(PM10),63,76,57,26,20,150,62,134,119,49,21,11,12,0.5,0.5
2023-10-02T22:00:00,2679A,106.1856,37.9956,吴忠市,新区二泵站,颗粒物(PM10),62,73,49,37,22,140,71,121,110,44,20,15,13,0.7,0.7
2023-10-02T22:00:00,2680A,105.0025,37.4635,中卫市,沙坡头消防站,,,,,,,,,,,,,,,,
2023-10-02T22:00:00,2682A,105.1971,37.5002,中卫市,环保局站,颗粒物(PM10),63,75,48,29,19,128,45,116,96,49,17,8,9,0.6,0.5
2023-10-02T22:00:00,2683A,106.2319,36.1417,固原市,马园,,50,50,31,28,16,101,6,86,56,41,20,7,7,0.7,0.6
2023-10-02T22:00:00,2684A,106.2792,36.0022,固原市,监测站,颗粒物(PM10),51,52,30,26,20,87,17,70,54,34,14,3,3,0.7,0.6
2023-10-02T22:00:00,2685A,106.2375,36.0211,固原市,新区,,,49,28,23,14,86,12,74,54,45,18,,6,0.7,0.6
2023-10-02T22:00:00,2686A,89.1904,42.9418,吐鲁番地区,市环保局,颗粒物(PM10),79,108,46,33,12,111,46,103,92,62,23,6,6,0.8,0.5
2023-10-02T22:00:00,2687A,89.1673,42.9559,吐鲁番地区,地区环保局,颗粒物(PM10),96,142,52,57,12,108,35,100,85,66,25,5,4,0.9,0.5
2023-10-02T22:00:00,2688A,93.5128,42.8172,哈密地区,地区监测站,颗粒物(PM10),73,95,43,34,17,123,20,103,88,91,28,5,5,1.2,0.4
2023-10-02T22:00:00,2689A,93.4961,42.8328,哈密地区,哈密师范学校,颗粒物(PM10),71,92,54,29,18,114,26,94,81,68,27,4,5,0.8,0.3
2023-10-02T22:00:00,2690A,88.1236,43.8886,昌吉州,天山天池,,39,20,9,27,8,91,43,79,66,6,6,6,6,0.6,0.5
2023-10-02T22:00:00,2692A,87.2717,44.0297,昌吉州,新区政务中心,,41,41,41,8,21,116,7,96,86,75,35,6,6,0.8,0.6
2023-10-02T22:00:00,2693A,82.0485,44.8556,博尔塔拉蒙古自治州,市党校,,42,42,34,11,10,110,76,104,102,38,14,9,9,0.2,0.2
2023-10-02T22:00:00,2694A,82.0806,44.8969,博尔塔拉蒙古自治州,市环保局,,48,48,35,18,14,113,26,103,92,95,27,11,9,1.3,0.5
2023-10-02T22:00:00,2695A,80.292,41.1694,阿克苏地区,电视台,颗粒物(PM10),101,151,92,33,29,103,34,88,82,57,20,9,7,1.1,0.6
2023-10-02T22:00:00,2696A,80.2613,41.1551,阿克苏地区,艺术中心,颗粒物(PM10),85,120,100,44,37,102,20,85,76,62,32,6,7,0.7,0.6
2023-10-02T22:00:00,2697A,76.1454,39.7142,克孜勒苏柯尔克孜自治州,市人民政府,颗粒物(PM10),93,135,83,49,31,111,60,105,100,31,12,3,5,0.5,0.3
2023-10-02T22:00:00,2698A,76.0072,39.4467,喀什地区,巡警大队,颗粒物(PM10),100,149,135,53,39,108,9,98,87,88,41,5,4,1.6,0.9
2023-10-02T22:00:00,2699A,75.9755,39.4694,喀什地区,吾办,颗粒物(PM10),123,196,135,76,49,107,37,96,91,54,38,5,5,1.0,0.8
2023-10-02T22:00:00,2700A,75.9538,39.4682,喀什地区,市环境监测站,颗粒物(PM10),131,211,140,44,41,105,9,91,84,77,38,5,5,0.9,0.6
2023-10-02T22:00:00,2703A,81.2815,43.9404,伊犁哈萨克州,市环保局,颗粒物(PM10),56,62,59,17,24,89,72,79,79,22,38,12,10,0.5,0.8
2023-10-02T22:00:00,2704A,81.2996,43.9174,伊犁哈萨克州,新政府片区,,46,46,42,20,23,92,62,80,79,21,30,10,10,0.6,0.9
2023-10-02T22:00:00,2705A,81.3364,43.941,伊犁哈萨克州,第二水厂,颗粒物(PM10),57,64,47,24,21,91,66,75,74,26,33,9,7,0.3,0.5
2023-10-02T22:00:00,2706A,82.9994,46.7432,塔城地区,东门外小游园,,29,25,23,20,11,89,33,77,63,6,8,10,8,0.4,0.3
2023-10-02T22:00:00,2708A,88.1264,47.8517,阿勒泰地区,市站,,44,44,23,18,5,86,62,78,65,9,12,4,4,0.4,0.3
2023-10-02T22:00:00,2709A,86.0497,44.2967,石河子市,艾青诗歌馆,,36,32,38,25,18,113,41,102,95,48,20,5,7,0.4,0.3
2023-10-02T22:00:00,2710A,86.0697,44.3075,石河子市,阳光学校,,,49,43,28,21,111,,104,104,,22,,8,,0.4
2023-10-02T22:00:00,2711A,87.5475,44.1756,五家渠市,农水大厦,,28,28,45,9,18,94,36,82,76,44,26,7,2,0.5,0.4
2023-10-02T22:00:00,2835A,101.7227,26.567,攀枝花市,四十中小,,15,15,9,9,7,76,26,65,54,29,11,5,5,0.7,0.6
2023-10-02T22:00:00,2842A,118.0936,24.5058,厦门市,湖里中学,,49,49,40,17,17,117,74,102,89,17,12,2,2,0.5,0.5
2023-10-02T22:00:00,2845A,113.1569,36.1911,长治市,德盛苑,,28,28,32,17,23,94,66,76,71,16,19,9,10,0.5,0.8
2023-10-02T22:00:00,2846A,113.3221,23.1322,广州市,体育西,,28,27,21,19,14,138,64,112,92,11,8,4,4,0.7,0.7
2023-10-02T22:00:00,2858A,117.7918,39.2474,天津市,河西一经路,颗粒物(PM10),56,62,62,27,30,165,89,139,129,51,42,12,12,0.6,0.7
2023-10-02T22:00:00,2859A,117.3747,38.9846,天津市,津沽路,颗粒物(PM10),57,64,65,26,32,151,77,134,116,31,48,6,8,0.5,0.5
2023-10-02T22:00:00,2860A,117.1589,39.0845,天津市,宾水西道,颗粒物(PM10),54,58,63,26,35,143,79,132,116,25,32,8,7,0.7,0.8
2023-10-02T22:00:00,2862A,114.5481,38.0378,石家庄市,22中南校区,颗粒物(PM10),53,56,52,28,26,117,38,91,71,40,45,4,6,0.5,0.7
2023-10-02T22:00:00,2865A,112.7195,37.6828,晋中市,榆次三中,细颗粒物(PM2.5),104,151,87,78,39,88,44,78,67,49,44,17,15,1.2,1
2023-10-02T22:00:00,2867A,111.1283,37.51,吕梁市,马茂庄小学,颗粒物(PM10),59,67,79,17,29,92,12,55,49,72,48,5,7,0.6,0.8
2023-10-02T22:00:00,2868A,126.4739,43.953,吉林市,九站,细颗粒物(PM2.5),68,77,33,49,16,90,5,80,42,60,30,12,8,0.9,0.6
2023-10-02T22:00:00,2869A,119.447,32.4155,扬州市,五台山医院,,36,36,29,18,12,89,71,83,77,14,15,4,5,0.8,0.8
2023-10-02T22:00:00,2870A,119.4424,32.1873,镇江市,市疾控中心,,36,36,27,19,10,108,70,99,86,24,20,6,5,0.4,0.3
2023-10-02T22:00:00,2871A,121.6147,29.9017,宁波市,万里国际学校,,26,26,25,14,9,124,69,116,98,30,22,8,8,0.5,0.4
2023-10-02T22:00:00,2872A,120.7846,30.7525,嘉兴市,南湖区残联,,24,19,23,9,8,107,75,99,88,17,17,4,4,0.4,0.4
2023-10-02T22:00:00,2873A,120.0875,30.8955,湖州市,仁皇山新区,,29,29,25,11,9,118,85,106,101,20,20,4,4,0.4,0.4
2023-10-02T22:00:00,2875A,115.784,32.8892,阜阳市,阜阳职业技术学院,,24,13,24,13,17,79,76,68,67,9,13,4,4,0.3,0.4
2023-10-02T22:00:00,2877A,119.1641,36.6523,潍坊市,坊子邮政,颗粒物(PM10),53,56,34,24,17,160,91,149,129,31,24,10,9,0.8,0.5
2023-10-02T22:00:00,2878A,116.0072,36.4343,聊城市,聊大东校,颗粒物(PM10),60,69,51,33,24,130,24,114,79,73,37,1,4,0.5,0.4
2023-10-02T22:00:00,2880A,104.0239,30.65639,成都市,大石西路,,43,43,39,21,22,69,36,58,57,28,20,3,4,0.7,0.6
2023-10-02T22:00:00,2881A,107.8908,26.5311,黔东南苗族侗族自治州,凯里学院,,26,24,20,13,13,86,81,83,82,4,6,6,6,0.5,0.6
2023-10-02T22:00:00,2882A,102.5389,24.3703,玉溪市,玉溪一中,,23,18,17,16,9,59,22,50,43,21,13,8,8,0.7,0.7
2023-10-02T22:00:00,2883A,102.5381,24.3389,玉溪市,文体中心,,13,8,17,9,10,54,35,48,44,9,12,7,9,0.8,0.9
2023-10-02T22:00:00,2884A,98.2672,39.7978,嘉峪关市,酒钢宾馆,颗粒物(PM10),52,53,69,14,21,126,95,113,112,16,26,12,40,0.4,0.7
2023-10-02T22:00:00,2885A,104.9339,33.3826,陇南市,滨江中学,颗粒物(PM10),59,68,36,12,11,60,21,51,43,30,20,7,7,0.7,0.6
2023-10-02T22:00:00,2894A,117.0566,32.6531,淮南市,经济技术开发区消防队,,29,29,31,9,11,93,56,81,71,22,19,4,6,0.3,0.2
2023-10-02T22:00:00,2897A,123.2444,41.7347,沈阳市,沈辽西路,颗粒物(PM10),67,83,56,36,23,118,70,109,101,31,31,14,20,1.0,0.9
2023-10-02T22:00:00,2900A,123.5953,41.9086,沈阳市,裕农路,颗粒物(PM10),55,60,40,27,20,113,66,101,96,33,29,32,13,0.8,0.9
2023-10-02T22:00:00,2902A,106.6351,30.4865,广安市,北辰小学,,13,10,11,9,7,34,30,31,24,6,9,7,8,0.4,0.4
2023-10-02T22:00:00,2907A,120.1844,30.8596,湖州市,吴兴区站,,25,25,27,11,9,111,80,101,94,17,17,5,6,0.4,0.4
2023-10-02T22:00:00,2914A,106.7677,31.8794,巴中市,苏山坪,,11,8,9,5,4,47,35,39,39,8,7,5,4,0.4,0.4
2023-10-02T22:00:00,2919A,116.7022,39.5453,廊坊市,河北工业大学,颗粒物(PM10),70,90,79,33,32,135,76,114,105,30,38,6,8,0.5,0.5
2023-10-02T22:00:00,2920A,117.7116,24.506,漳州市,蓝田镇,颗粒物(PM10),52,54,32,14,10,163,84,137,118,12,7,9,7,0.5,0.5
2023-10-02T22:00:00,2921A,120.5483,30.0003,绍兴市,树下王站,,36,36,29,14,11,113,83,110,103,16,11,8,8,0.6,0.5
2023-10-02T22:00:00,2922A,117.1941,39.1067,天津市,大理道,颗粒物(PM10),58,66,66,26,35,149,85,138,124,26,35,8,8,0.7,0.8
2023-10-02T22:00:00,2924A,106.2266,38.4418,银川市,水乡路,颗粒物(PM10),80,109,59,27,20,134,10,120,86,111,27,9,8,1.0,0.6
2023-10-02T22:00:00,2925A,106.2757,38.4842,银川市,上海东路,颗粒物(PM10),59,68,33,33,24,141,21,131,104,95,23,12,13,0.9,0.6
2023-10-02T22:00:00,2926A,106.1015,38.497,银川市,文昌北街,颗粒物(PM10),57,63,52,25,30,141,38,125,101,60,29,8,11,0.6,0.6
2023-10-02T22:00:00,2929A,114.8858,30.4519,黄冈市,红卫路,,50,50,51,17,33,117,50,105,81,2,6,4,8,0.7,0.9
2023-10-02T22:00:00,2996A,118.283,33.965,宿迁市,市供电局,,,44,29,21,13,111,46,100,83,32,17,,6,0.4,0.3
2023-10-02T22:00:00,2997A,119.8767,32.3289,泰州市,王营,,40,40,25,24,9,98,60,89,76,22,16,9,8,0.6,0.6
2023-10-02T22:00:00,3000A,119.3581,34.6972,连云港市,德源药业,,36,36,28,5,7,122,44,108,78,43,24,5,6,0.8,0.6
2023-10-02T22:00:00,3002A,119.9805,31.8174,常州市,行政中心,,24,24,28,10,11,111,76,101,93,16,16,5,6,0.2,0.3
2023-10-02T22:00:00,3003A,120.0522,31.7748,常州市,经开区,,29,29,30,7,8,119,74,106,95,29,25,9,8,0.6,0.7
2023-10-02T22:00:00,3004A,120.1544,33.3663,盐城市,宝龙广场,,25,24,19,9,9,108,78,102,95,16,11,8,7,0.3,0.2
2023-10-02T22:00:00,3005A,117.1814,34.29,徐州市,鼓楼区政府,,37,37,27,25,16,114,79,103,95,19,19,9,8,0.3,0.3
2023-10-02T22:00:00,3006A,117.1694,34.1781,徐州市,铜山区招生办,,,48,34,20,13,116,,106,98,20,21,6,7,0.4,0.4
2023-10-02T22:00:00,3007A,119.178,34.844,连云港市,新城一中,,32,28,33,10,13,144,44,132,110,64,27,5,9,0.6,0.7
2023-10-02T22:00:00,3008A,119.3608,34.7519,连云港市,胡沟管理处,,30,19,21,5,5,123,96,112,106,14,14,8,10,0.6,0.7
2023-10-02T22:00:00,3009A,119.1478,34.5911,连云港市,矿山设计院,,29,29,28,9,10,119,80,106,96,16,19,7,8,0.5,0.4
2023-10-02T22:00:00,3010A,119.9025,31.7964,常州市,钟楼,,26,22,29,8,12,107,82,98,93,17,19,6,8,0.2,0.3
2023-10-02T22:00:00,3012A,112.1849,31.0362,荆门市,西山林语,,,2,7,4,9,103,,103,89,5,5,8,7,0.5,0.4
2023-10-02T22:00:00,3014A,106.4958,29.5346,重庆市,歇台子,,42,42,20,18,10,26,11,20,12,28,24,6,6,0.5,0.4
2023-10-02T22:00:00,3015A,106.4037,29.5728,重庆市,龙井湾,,25,25,22,14,7,39,17,33,28,19,12,6,6,0.7,0.7
2023-10-02T22:00:00,3016A,106.5507,29.4153,重庆市,龙洲湾,,26,26,18,16,8,34,25,30,27,16,12,7,7,0.6,0.6
2023-10-02T22:00:00,3018A,111.505,36.1014,临汾市,唐尧大酒店,颗粒物(PM10),59,68,46,28,21,73,24,64,59,52,28,11,12,0.9,0.7
2023-10-02T22:00:00,3020A,117.2101,39.1699,天津市,中山北路,颗粒物(PM10),52,53,59,21,30,145,97,131,122,18,29,4,5,0.4,0.5
2023-10-02T22:00:00,3021A,115,35.7668,濮阳市,濮水河管理处,颗粒物(PM10),57,63,37,38,21,100,54,86,74,33,26,6,6,0.5,0.4
2023-10-02T22:00:00,3025A,113.0477,23.6344,清远市,技师学院,,30,30,15,17,10,91,24,87,67,20,8,5,5,0.6,0.5
2023-10-02T22:00:00,3026A,116.6183,23.6608,潮州市,市政府,,41,41,36,14,15,171,110,154,146,10,10,4,6,0.6,0.6
2023-10-02T22:00:00,3027A,104.72,29.3427,自贡市,青杠林路,细颗粒物(PM2.5),69,66,45,50,33,69,25,52,49,18,15,5,5,0.4,0.4
2023-10-02T22:00:00,3028A,104.776,29.3627,自贡市,檀木林体育馆,细颗粒物(PM2.5),70,69,45,51,36,59,23,43,42,20,16,6,5,0.5,0.4
2023-10-02T22:00:00,3033A,87.4651,43.4569,乌鲁木齐市,培训基地,,39,39,18,9,5,110,82,100,98,14,8,2,1,0.8,0.5
2023-10-02T22:00:00,3034A,113.1076,41.0385,乌兰察布市,光明街小学,,45,43,52,31,25,146,105,124,118,6,14,10,13,0.5,0.5
2023-10-02T22:00:00,3035A,122.0931,46.0707,兴安盟,北滨河,,35,35,39,15,18,80,47,61,49,17,21,3,5,0.3,0.8
2023-10-02T22:00:00,3036A,118.6904,37.4338,东营市,开发区管委会,,45,33,65,12,33,221,143,190,180,10,40,4,19,0.3,0.5
2023-10-02T22:00:00,3038A,103.3758,23.368,红河州,州图书馆,,29,15,19,20,15,77,40,69,46,8,5,4,3,0.3,0.4
2023-10-02T22:00:00,3039A,111.1911,34.7829,三门峡市,三门峡市第一小学,,27,27,12,12,7,99,43,94,61,24,13,4,7,0.6,0.4
2023-10-02T22:00:00,3045A,109.9643,33.8471,商洛市,商州区中学,,29,29,20,15,14,103,8,91,53,35,16,4,5,0.5,0.5
2023-10-02T22:00:00,3046A,115.9084,28.6062,南昌市,机电学校,,42,42,34,24,16,121,89,107,98,6,6,6,6,0.5,0.5
2023-10-02T22:00:00,3048A,119.5799,26.0936,福州市,九龙,,36,28,35,8,13,144,115,139,117,6,7,4,4,0.4,0.4
2023-10-02T22:00:00,3051A,117.3876,39.1488,天津市,西四道,颗粒物(PM10),57,63,64,26,33,146,67,128,111,41,42,8,9,0.4,0.4
2023-10-02T22:00:00,3054A,113.9194,35.2847,新乡市,市委党校,,35,35,22,20,16,99,60,95,87,20,11,8,10,0.9,0.8
2023-10-02T22:00:00,3055A,101.7775,36.6428,西宁市,城北区政府,,46,31,18,32,17,99,67,84,79,25,21,8,8,0.4,0.4
2023-10-02T22:00:00,3057A,121.5992,37.4014,烟台市,牟平检察院,,46,46,34,24,19,132,80,122,112,15,14,4,4,0.3,0.3
2023-10-02T22:00:00,3058A,119.2658,42.0353,赤峰市,银河街,,46,46,64,13,20,124,90,113,107,19,24,21,23,0.6,0.5
2023-10-02T22:00:00,3059A,117.7161,36.2049,济南市,泰兴公司,颗粒物(PM10),54,58,44,27,19,141,45,124,105,69,44,7,8,1.1,0.9
2023-10-02T22:00:00,3061A,119.7512,49.1577,呼伦贝尔市,国华电力东,,35,35,23,15,13,78,20,70,58,31,14,2,2,0.5,0.3
2023-10-02T22:00:00,3064A,117.6867,36.2171,济南市,莱芜战役纪念馆,,41,41,41,19,16,138,82,123,112,38,38,5,6,0.4,0.6
2023-10-02T22:00:00,3065A,101.9533,29.9972,甘孜藏族自治州,州环保局,,15,15,9,1,4,65,40,60,54,13,11,7,7,0.5,0.3
2023-10-02T22:00:00,3066A,116.2721,37.4379,德州市,九衢泉纯净水厂,颗粒物(PM10),59,68,62,35,27,138,65,120,96,41,50,6,8,0.4,0.4
2023-10-02T22:00:00,3109A,115.0093,25.8613,赣州市,赣县区卫计委,颗粒物(PM10),53,55,34,14,24,81,26,69,58,21,9,7,7,1.0,1
2023-10-02T22:00:00,3122A,105.9606,26.2611,安顺市,伍家关,,,,,,,,,,,,,,,,
2023-10-02T22:00:00,3123A,105.9408,26.2431,安顺市,凤凰山,,32,23,18,22,15,74,66,71,70,7,4,6,7,0.5,0.5
2023-10-02T22:00:00,3124A,105.9439,26.2564,安顺市,金钟山,,26,23,21,18,18,73,70,70,70,4,3,7,7,0.4,0.4
2023-10-02T22:00:00,3125A,105.8983,26.2481,安顺市,娄家坡,,23,21,18,16,16,70,68,66,66,4,2,6,6,0.5,0.5
2023-10-02T22:00:00,3128A,92.0506,31.4797,那曲地区,那曲会议中心,,16,13,21,6,7,81,49,69,56,8,8,6,6,0.3,0.4
2023-10-02T22:00:00,3131A,114.879,40.7993,张家口市,烟厂,颗粒物(PM10),55,60,45,26,13,83,27,70,45,48,25,3,4,0.5,0.4
2023-10-02T22:00:00,3132A,119.610547,39.943889,秦皇岛市,文明里,颗粒物(PM10),61,72,67,29,21,138,100,129,122,31,40,12,20,0.6,0.8
2023-10-02T22:00:00,3133A,106.5468,29.5654,重庆市,上清寺,,32,32,17,20,12,15,4,12,6,51,35,6,6,1.2,1.1
2023-10-02T22:00:00,3134A,113.8172,34.0339,许昌市,市一中,细颗粒物(PM2.5),82,54,35,60,35,78,36,64,52,25,22,2,4,0.5,0.6
2023-10-02T22:00:00,3136A,104.2725,30.5589,成都市,龙泉驿区区政府,,12,12,27,7,18,80,36,67,64,20,18,4,6,0.7,0.6
2023-10-02T22:00:00,3137A,103.8578,30.0744,眉山市,市委党校,,41,41,40,22,20,60,20,50,43,33,26,7,9,0.5,0.5
2023-10-02T22:00:00,3138A,111.7153,29.0289,常德市,武陵区永安,,17,14,19,7,11,77,52,76,61,8,7,4,4,0.6,0.6
2023-10-02T22:00:00,3139A,111.6892,28.9881,常德市,鼎城区玉霞,,18,13,21,9,13,84,57,80,66,12,10,6,7,0.5,0.5
2023-10-02T22:00:00,3140A,111.6625,29.0531,常德市,武陵区长庚,,18,16,21,11,13,78,55,77,61,8,6,5,5,0.6,0.6
2023-10-02T22:00:00,3141A,114.3922,36.0878,安阳市,信访局,,44,44,43,20,19,99,63,96,88,24,22,8,12,0.4,0.4
2023-10-02T22:00:00,3147A,114.3438,34.8106,开封市,龙亭公园,,36,33,27,25,15,95,66,83,74,16,14,9,8,0.5,0.5
2023-10-02T22:00:00,3148A,103.8291,30.0564,眉山市,区人社局,颗粒物(PM10),52,54,37,24,20,57,17,46,39,35,26,13,11,0.7,0.7
2023-10-02T22:00:00,3149A,115.0235,30.1578,黄石市,笔架山北路,,48,48,50,23,20,115,79,102,94,11,11,7,7,0.4,0.6
2023-10-02T22:00:00,3151A,114.375,27.8097,宜春市,宜春学院北校区,细颗粒物(PM2.5),65,68,45,47,26,101,47,88,83,33,16,4,11,1.2,0.8
2023-10-02T22:00:00,3153A,114.3877,30.4908,武汉市,民族大道182号,,21,14,43,13,25,90,65,79,57,12,19,7,9,0.8,0.7
2023-10-02T22:00:00,3164A,119.4686,32.3942,扬州市,广陵建设局,,38,38,29,19,11,92,72,84,77,19,21,6,6,0.5,0.4
2023-10-02T22:00:00,3165A,108.6594,34.2969,咸阳市,两寺渡,,30,25,23,21,16,82,14,76,44,49,21,5,5,0.6,0.5
2023-10-02T22:00:00,3169A,113.2725,35.2067,焦作市,太极体育中心,,33,33,29,15,17,99,44,80,74,18,16,6,8,0.8,0.8
2023-10-02T22:00:00,3170A,102.1864,38.5253,金昌市,市委党校,颗粒物(PM10),54,58,28,32,17,125,59,118,108,41,9,11,13,0.7,0.5
2023-10-02T22:00:00,3171A,115.6071,34.4465,商丘市,梁园区档案局,颗粒物(PM10),70,89,51,39,29,106,8,90,66,57,27,7,8,0.5,0.4
2023-10-02T22:00:00,3173A,117.0598,30.5351,安庆市,市人大,,39,39,40,18,17,126,79,104,92,20,20,10,11,0.6,0.6
2023-10-02T22:00:00,3178A,119.0587,36.721,潍坊市,潍坊七中,颗粒物(PM10),67,83,45,43,18,159,76,148,128,40,28,9,9,0.6,0.5
2023-10-02T22:00:00,3179A,102.7494,25.0119,昆明市,官渡区博物馆,,25,25,14,9,7,60,38,55,51,12,7,12,8,0.5,0.4
2023-10-02T22:00:00,3180A,99.7136,27.8094,迪庆州,质量技术监督局,,12,12,17,7,7,46,34,44,41,10,10,7,8,0.6,0.5
2023-10-02T22:00:00,3182A,106.7656,31.8545,巴中市,丽阳花园,,18,18,14,9,8,42,5,36,27,23,15,6,6,0.8,0.6
2023-10-02T22:00:00,3183A,106.7418,31.8654,巴中市,圣泉水务公司,,23,23,12,12,7,39,2,32,27,23,18,5,5,0.8,0.6
2023-10-02T22:00:00,3186A,103.7158,36.1058,兰州市,教育港,颗粒物(PM10),57,64,35,39,28,83,6,72,56,67,23,8,7,1.1,0.5
2023-10-02T22:00:00,3187A,116.9509,33.666,宿州市,远航博物馆,,34,34,44,9,16,105,51,94,79,18,11,4,4,0.3,0.3
2023-10-02T22:00:00,3188A,115.6683,37.7217,衡水市,市城管局,颗粒物(PM10),56,61,57,24,24,136,69,116,94,29,35,5,7,0.4,0.4
2023-10-02T22:00:00,3190A,116.0254,29.6994,九江市,外国语学校,,40,39,39,28,27,118,76,106,98,22,18,8,12,0.8,0.9
2023-10-02T22:00:00,3191A,118.3225,33.9447,宿迁市,宿豫区政府,,41,41,35,19,14,115,66,103,87,29,23,7,7,0.4,0.3
2023-10-02T22:00:00,3192A,80.0903,32.5028,阿里地区,阿里藏医院,,33,13,12,2,3,108,104,106,106,2,4,6,6,0.2,0.2
2023-10-02T22:00:00,3194A,112.2747,30.3122,荆州市,管委会,,21,11,19,12,14,86,67,84,70,10,9,6,6,0.4,0.4
2023-10-02T22:00:00,3195A,119.3633,32.3972,扬州市,市体育局,,36,36,30,16,11,93,74,85,79,17,19,5,6,0.5,0.5
2023-10-02T22:00:00,3200A,115.9819,36.4978,聊城市,监控中心,,,,,,,,,,,,,,,,
2023-10-02T22:00:00,3201A,102.6486,37.9325,武威市,东关招商场,细颗粒物(PM2.5),85,53,31,63,18,122,80,115,110,30,11,5,5,0.6,0.4
2023-10-02T22:00:00,3204A,113.3025,33.73,平顶山市,规划局,,36,27,28,25,18,100,54,82,64,16,14,5,6,0.5,0.4
2023-10-02T22:00:00,3206A,114.9149,27.807,新余市,新钢沁园村,颗粒物(PM10),52,53,49,28,22,98,59,83,80,16,12,7,12,0.6,0.6
2023-10-02T22:00:00,3207A,118.3118,32.3038,滁州市,市政府原办公楼,,34,34,32,18,15,93,56,82,71,22,21,7,9,0.3,0.3
2023-10-02T22:00:00,3208A,112.7283,38.4153,忻州市,市政府,细颗粒物(PM2.5),79,102,67,58,35,66,8,52,42,73,50,15,25,1.2,0.9
2023-10-02T22:00:00,3209A,119.5231,26.6562,宁德市,宁德一中,,,29,32,4,9,151,,132,119,7,10,5,6,0.6,0.7
2023-10-02T22:00:00,3210A,114.3644,34.7964,开封市,汴京公园,,37,37,29,25,18,97,67,84,74,18,17,8,8,0.5,0.5
2023-10-02T22:00:00,3216A,114.6622,24.5183,漳州市,漳州党校,颗粒物(PM10),54,57,28,13,8,163,84,137,120,16,9,7,5,0.5,0.6
2023-10-02T22:00:00,3237A,117.4918,30.6617,池州市,展览馆,,46,46,38,16,14,112,61,101,90,24,11,10,6,0.5,0.5
2023-10-02T22:00:00,3239A,125.0764,42.9078,辽源市,银鹰制药,颗粒物(PM10),54,58,29,23,13,99,6,90,43,51,27,8,8,1.0,0.6
2023-10-02T22:00:00,3241A,103.7439,36.0842,兰州市,百合公园,颗粒物(PM10),61,71,39,35,27,78,5,72,53,68,27,8,7,1.3,0.7
2023-10-02T22:00:00,3242A,103.9611,35.998,兰州市,和平,,47,47,37,32,22,79,16,73,50,36,24,7,10,0.4,0.4
2023-10-02T22:00:00,3245A,103.6633,36.533,兰州新区,新区管委会,颗粒物(PM10),56,62,43,29,27,95,32,87,78,46,15,9,9,0.7,0.5
2023-10-02T22:00:00,3246A,103.6975,36.4789,兰州新区,舟曲中学,颗粒物(PM10),53,56,37,27,21,97,34,86,74,53,19,8,13,0.8,0.7
2023-10-02T22:00:00,3247A,104.955,33.371,陇南市,市总工会,,37,37,27,8,5,63,31,53,49,22,18,6,6,0.4,0.5
2023-10-02T22:00:00,3248A,98.2643,39.7724,嘉峪关市,雄关区,颗粒物(PM10),51,51,50,29,18,128,76,112,108,29,31,6,14,0.3,0.4
2023-10-02T22:00:00,3265A,121.4316,31.3322,上海市,宝山庙行,,25,21,30,12,10,92,78,89,84,23,22,10,10,0.5,0.5
2023-10-02T22:00:00,3266A,121.8791,31.4662,上海市,崇明上实东滩,,29,16,19,4,4,103,92,98,94,7,7,3,3,0.6,0.5
2023-10-02T22:00:00,3268A,121.3162,31.2838,上海市,嘉定南翔,,27,19,21,6,7,104,86,97,92,16,18,6,7,0.5,0.5
2023-10-02T22:00:00,3269A,121.3359,30.7456,上海市,金山新城,,27,23,26,9,8,115,85,109,101,22,19,8,8,0.3,0.3
2023-10-02T22:00:00,3270A,121.4996,31.0739,上海市,闵行浦江,,31,31,25,12,9,101,67,96,86,28,21,6,6,0.4,0.4
2023-10-02T22:00:00,3271A,121.2886,31.1663,上海市,青浦徐泾,,27,22,26,5,9,105,85,100,95,20,24,8,8,0.4,0.4
2023-10-02T22:00:00,3272A,121.2186,31.0378,上海市,松江图书馆,,31,31,31,10,10,108,77,102,92,22,22,5,4,0.5,0.6
2023-10-02T22:00:00,3273A,121.3902,31.2059,上海市,长宁仙霞,,27,27,31,3,8,104,82,98,94,21,23,6,6,0.5,0.5
2023-10-02T22:00:00,3274A,121.7965,31.0507,上海市,浦东惠南,,37,37,26,10,6,105,60,99,89,28,11,8,8,0.6,0.6
2023-10-02T22:00:00,3281A,115.9718,40.4529,北京市,延庆夏都,颗粒物(PM10),56,61,41,31,19,89,52,80,76,27,21,3,3,0.5,0.4
2023-10-02T22:00:00,3282A,113.3397,40.0597,大同市,大同市卫生学校,颗粒物(PM10),72,94,72,42,28,112,32,97,86,69,49,18,18,0.8,0.7
2023-10-02T22:00:00,3283A,109.9154,40.5685,包头市,滨河大厦,,42,42,42,13,17,111,52,88,81,36,38,10,16,0.5,0.7
2023-10-02T22:00:00,3284A,106.813,39.7274,乌海市,海北新区,颗粒物(PM10),68,85,61,20,20,132,36,104,89,55,31,18,39,0.8,1
2023-10-02T22:00:00,3285A,113.1376,40.9509,乌兰察布市,北京八中,,37,37,72,19,27,143,95,119,113,18,37,19,29,0.4,0.6
2023-10-02T22:00:00,3286A,118.9359,42.3147,赤峰市,桥北物流园区,,32,31,36,16,13,134,101,114,111,27,35,8,8,0.5,0.4
2023-10-02T22:00:00,3287A,119.3842,32.1976,镇江市,富润路1号,,34,34,27,21,13,107,64,97,86,14,7,7,6,0.6,0.6
2023-10-02T22:00:00,3288A,117.4754,34.4422,徐州市,大泉街道,,43,43,32,19,14,123,81,115,104,16,16,8,8,0.4,0.4
2023-10-02T22:00:00,3289A,120.743,31.3188,苏州市,方洲路,,29,29,24,11,9,110,68,100,89,30,23,9,9,0.6,0.6
2023-10-02T22:00:00,3290A,120.5031,31.2774,苏州市,木渎中学,,23,18,18,4,5,115,73,102,95,24,19,8,8,0.4,0.5
2023-10-02T22:00:00,3291A,121.067,32.062,南通市,通州监测站,,36,36,19,19,5,114,92,106,98,9,7,7,7,0.3,0.3
2023-10-02T22:00:00,3293A,120.1501,33.3367,盐城市,月亮广场,,28,28,17,14,9,108,84,103,97,14,11,8,8,0.4,0.3
2023-10-02T22:00:00,3294A,119.5653,32.4222,扬州市,引江管理处,,40,40,29,21,14,95,65,85,74,22,21,6,7,0.4,0.3
2023-10-02T22:00:00,3295A,120.1259,32.5099,泰州市,姜堰区政府广场,,,,25,,11,100,76,95,88,12,10,10,9,0.5,0.4
2023-10-02T22:00:00,3298A,113.5717,23.5491,广州市,从化街口,,32,31,20,22,14,101,20,93,72,22,9,6,4,0.8,0.6
2023-10-02T22:00:00,3299A,113.3472,23.3692,广州市,白云竹料,,33,33,18,21,14,110,46,101,80,26,16,5,5,0.7,0.6
2023-10-02T22:00:00,3300A,113.2981,23.237,广州市,白云嘉禾,,38,38,23,24,14,118,24,97,64,44,26,5,5,1.0,0.9
2023-10-02T22:00:00,3301A,113.4256,23.1716,广州市,黄埔科学城,,34,34,20,18,13,113,12,91,55,29,17,8,8,0.8,0.7
2023-10-02T22:00:00,3302A,113.3942,23.0483,广州市,番禺大学城,,33,27,30,23,15,145,34,116,86,36,17,6,6,0.6,0.5
2023-10-02T22:00:00,3303A,113.4922,22.8168,广州市,南沙黄阁,,40,40,28,11,13,148,89,128,110,19,19,4,5,0.8,0.9
2023-10-02T22:00:00,3304A,113.5342,22.7896,广州市,南沙街,,42,42,30,17,15,153,80,140,122,30,23,4,4,0.6,0.6
2023-10-02T22:00:00,3305A,114.0731,22.559,深圳市,莲花,,33,28,25,13,13,105,105,96,94,8,7,7,7,0.5,0.5
2023-10-02T22:00:00,3306A,114.0261,22.6198,深圳市,民治,,23,23,23,11,13,113,67,103,95,19,10,2,2,0.8,0.8
2023-10-02T22:00:00,3307A,114.1871,22.6451,深圳市,横岗,,36,30,26,14,14,115,115,107,107,7,7,5,5,0.6,0.6
2023-10-02T22:00:00,3308A,113.3494,22.0569,珠海市,金湾,,38,34,30,13,13,124,121,119,119,5,5,8,8,0.4,0.4
2023-10-02T22:00:00,3311A,113.1075,22.5647,江门市,江海富民,颗粒物(PM10),51,52,42,24,25,156,99,143,129,10,11,7,7,0.6,0.7
2023-10-02T22:00:00,3313A,112.4575,23.0166,肇庆市,高要湖西,,42,42,35,23,21,133,88,117,112,20,13,10,9,0.7,0.6
2023-10-02T22:00:00,3314A,114.4338,22.8134,惠州市,惠阳秋长,,40,29,32,17,14,148,125,140,135,12,8,6,6,0.6,0.6
2023-10-02T22:00:00,3315A,116.1233,24.2991,梅州市,梅龙,,27,27,13,18,14,109,41,100,82,16,7,8,6,0.8,0.7
2023-10-02T22:00:00,3317A,111.9765,21.8947,阳江市,两阳中学,,37,37,31,15,15,100,80,97,88,2,17,6,7,0.6,0.6
2023-10-02T22:00:00,3318A,112.9903,23.7403,清远市,清新太和,,18,14,12,8,7,111,55,100,71,11,12,4,4,0.6,0.6
2023-10-02T22:00:00,3319A,113.7338,23.0381,东莞市,万江金泰,,29,24,21,20,16,144,55,120,95,17,8,7,7,0.9,0.8
2023-10-02T22:00:00,3320A,116.403,23.5699,揭阳市,曲溪,,50,50,37,16,18,151,100,130,122,7,7,2,2,0.7,0.8
2023-10-02T22:00:00,3323A,115.2773,40.9724,张家口市,青少年活动中心,,30,30,22,10,9,126,76,118,104,11,7,3,4,0.2,0.1
2023-10-02T22:00:00,3324A,116.8136,38.3004,沧州市,河北水利电力学院,,39,39,61,26,31,151,77,130,107,22,36,7,14,0.3,0.4
2023-10-02T22:00:00,3325A,117.0365,39.3828,天津市,雍阳西道,颗粒物(PM10),64,78,82,28,40,159,77,140,118,38,41,11,13,0.4,0.5
2023-10-02T22:00:00,3326A,117.0296,39.0605,天津市,辛老路,颗粒物(PM10),60,69,85,21,37,143,79,133,118,23,38,8,13,0.6,0.8
2023-10-02T22:00:00,3327A,116.9638,38.9375,天津市,地纬路,颗粒物(PM10),63,76,84,31,47,148,70,133,112,22,31,8,13,0.6,0.7
2023-10-02T22:00:00,3328A,118.4209,31.3707,芜湖市,市气象局,,38,38,25,24,11,99,89,95,94,20,7,12,10,0.7,0.7
2023-10-02T22:00:00,3329A,117.0108,32.5893,淮南市,山南新区,,19,15,32,9,10,92,59,84,78,13,10,1,2,0.2,0.2
2023-10-02T22:00:00,3330A,116.8873,33.9836,淮北市,杜集区检察院,,33,33,35,17,15,105,67,99,86,17,15,4,4,0.3,0.3
2023-10-02T22:00:00,3331A,118.3267,32.2634,滁州市,图书馆,,25,25,28,13,10,88,57,82,72,22,20,8,9,0.3,0.4
2023-10-02T22:00:00,3332A,115.7633,33.8034,亳州市,亳州学院,,25,15,35,15,25,99,79,88,84,8,13,4,6,0.3,0.4
2023-10-02T22:00:00,3333A,117.5627,30.695,池州市,第八中学,,39,39,33,18,15,104,50,96,84,28,12,6,5,0.5,0.5
2023-10-02T22:00:00,3334A,117.5038,30.6243,池州市,第十二中学,,37,37,36,17,17,107,78,98,92,14,12,5,5,0.5,0.6
2023-10-02T22:00:00,3335A,113.3137,35.2641,焦作市,马村街道办,细颗粒物(PM2.5),78,41,31,57,19,108,41,98,75,28,20,5,3,0.5,0.3
2023-10-02T22:00:00,3336A,113.2465,35.2373,焦作市,焦作技师学院,细颗粒物(PM2.5),67,69,26,48,16,105,39,97,74,26,17,12,8,0.7,0.6
2023-10-02T22:00:00,3337A,113.8614,34.0442,许昌市,许昌学院,细颗粒物(PM2.5),58,40,34,41,34,86,42,70,57,22,21,8,9,0.4,0.5
2023-10-02T22:00:00,3338A,113.843,34.0823,许昌市,芙蓉广场,细颗粒物(PM2.5),54,34,33,38,28,77,37,65,54,23,22,5,6,0.6,0.7
2023-10-02T22:00:00,3339A,114.0012,33.0412,驻马店市,小管楼,,45,36,31,31,24,100,45,87,53,16,13,5,6,0.3,0.2
2023-10-02T22:00:00,3340A,112.6005,34.6326,洛阳市,伊滨,,28,12,15,19,18,78,60,74,65,9,9,3,2,0.5,0.5
2023-10-02T22:00:00,3341A,112.4951,34.6332,洛阳市,中移产业园,,29,23,18,20,14,85,46,82,64,18,10,3,2,0.7,0.6
2023-10-02T22:00:00,3342A,128.4741,47.4346,伊春市,中心小学,,21,21,24,6,10,61,18,53,30,9,10,7,7,0.4,0.4
2023-10-02T22:00:00,3343A,128.6871,47.7369,伊春市,检察院,,26,17,20,18,15,68,30,62,41,9,7,4,5,0.3,0.3
2023-10-02T22:00:00,3344A,128.8431,47.8474,伊春市,双子河社区,,19,18,17,13,8,61,4,54,28,21,10,6,7,0.5,0.5
2023-10-02T22:00:00,3345A,131.0577,45.7879,七台河市,中波台,,29,29,13,12,6,64,26,58,38,31,24,8,9,0.9,0.8
2023-10-02T22:00:00,3346A,108.3872,31.1628,重庆市,安康,,11,10,9,5,4,55,15,50,36,21,13,11,12,0.3,0.3
2023-10-02T22:00:00,3347A,105.9017,29.3569,重庆市,北山路,,27,27,26,16,16,50,32,40,32,12,13,6,6,0.7,0.8
2023-10-02T22:00:00,3348A,105.839,30.1946,重庆市,春阳街,,26,26,20,16,10,37,30,34,33,16,12,13,9,0.7,0.6
2023-10-02T22:00:00,3349A,107.7983,30.6758,重庆市,人民东路,,20,20,19,9,10,49,35,45,38,6,6,3,5,0.7,0.6
2023-10-02T22:00:00,3350A,106.6479,29.0244,重庆市,滩子口,,33,33,21,19,14,45,14,37,26,19,12,18,17,0.7,0.6
2023-10-02T22:00:00,3351A,105.7167,29.7076,重庆市,棠香,,29,24,19,20,16,50,34,43,39,20,21,12,14,0.6,0.6
2023-10-02T22:00:00,3352A,107.0732,29.8617,重庆市,桃源西路,,20,20,16,11,7,50,16,46,22,14,12,16,14,0.6,0.6
2023-10-02T22:00:00,3353A,107.3535,29.7287,重庆市,迎宾大道,,23,23,19,16,12,28,8,25,14,30,24,11,10,0.5,0.6
2023-10-02T22:00:00,3354A,108.815,29.5081,重庆市,舟白,,23,10,8,16,12,71,43,71,49,6,5,9,9,0.6,0.6
2023-10-02T22:00:00,3355A,108.3679,30.8426,重庆市,周家坝,,25,16,10,17,13,64,18,54,45,40,17,8,8,0.6,0.4
2023-10-02T22:00:00,3356A,108.4319,30.7555,重庆市,百安坝,,19,7,11,13,10,63,45,63,42,12,12,9,9,0.5,0.4
2023-10-02T22:00:00,3357A,104.0106,30.6931,成都市,金博路,,38,38,31,21,19,62,19,49,46,33,20,3,2,0.7,0.6
2023-10-02T22:00:00,3359A,104.0578,30.5225,成都市,华阳,,45,39,33,31,23,70,15,53,45,40,20,1,2,0.7,0.5
2023-10-02T22:00:00,3360A,104.7894,29.3194,自贡市,南湖救助站,细颗粒物(PM2.5),52,45,36,36,29,58,27,40,40,15,18,10,9,0.4,0.4
2023-10-02T22:00:00,3361A,103.7311,29.5628,乐山市,理工大学,,31,31,30,21,21,68,37,43,42,20,17,7,8,0.5,0.6
2023-10-02T22:00:00,3362A,120.5014,36.4034,青岛市,即墨2号,,39,31,46,10,16,156,123,145,132,17,29,5,6,0.5,0.6
2023-10-02T22:00:00,3363A,117.9883,36.8372,淄博市,新区,颗粒物(PM10),57,63,47,29,22,167,66,146,114,47,40,7,7,0.7,0.7
2023-10-02T22:00:00,3364A,117.3152,34.8103,枣庄市,市环保局,,35,34,41,24,15,131,93,120,111,19,24,4,6,0.2,0.3
2023-10-02T22:00:00,3365A,118.5719,37.565,东营市,垦利区民丰路,,48,48,59,31,30,199,118,182,164,32,45,11,15,0.4,0.5
2023-10-02T22:00:00,3366A,121.5206,37.4336,烟台市,中国农业大学,,32,27,31,7,11,139,102,125,106,8,21,8,7,0.3,0.4
2023-10-02T22:00:00,3368A,119.1977,36.6872,潍坊市,高新实验学校,颗粒物(PM10),53,56,39,19,18,162,98,151,130,23,18,8,7,0.5,0.4
2023-10-02T22:00:00,3370A,118.3564,35.0215,临沂市,十里堡居委,,32,31,32,17,14,123,101,112,108,17,26,8,21,0.6,0.5
2023-10-02T22:00:00,3371A,116.3728,37.4403,德州市,开发区人民医院,,48,48,56,22,24,151,60,132,103,49,42,8,10,0.5,0.5
2023-10-02T22:00:00,3372A,116.3572,37.4094,德州市,太阳城中学,颗粒物(PM10),54,58,62,31,29,157,22,134,87,75,42,8,10,0.5,0.5
2023-10-02T22:00:00,3374A,115.5564,35.0891,菏泽市,定陶老年大学,颗粒物(PM10),68,85,46,36,23,111,31,102,80,56,28,7,8,0.5,0.4
2023-10-02T22:00:00,3375A,102.8017,24.8336,昆明市,青年创业园,,21,21,9,14,7,58,36,53,49,12,8,9,8,0.6,0.6
2023-10-02T22:00:00,3376A,103.7947,25.462,曲靖市,南苑二区,,23,23,11,10,7,66,54,59,59,12,7,5,4,0.5,0.5
2023-10-02T22:00:00,3377A,103.7444,25.5261,曲靖市,曲靖师范学院,,22,22,12,13,8,68,53,60,60,11,7,7,7,0.5,0.4
2023-10-02T22:00:00,3379A,122.1139,40.2278,营口市,鲅鱼圈市民活动中心,,40,40,32,23,12,156,124,135,133,18,15,9,8,0.8,0.8
2023-10-02T22:00:00,3380A,102.8914,34.9617,甘南州,甘肃民族师范学院,,18,18,13,10,8,70,45,66,55,14,11,1,5,0.3,0.3
2023-10-02T22:00:00,3396A,112.0828,32.0067,襄阳市,襄城隆中路,,23,22,14,13,11,100,73,99,72,17,17,10,8,0.4,0.4
2023-10-02T22:00:00,3397A,112.1214,32.1008,襄阳市,高新台子湾,,33,14,13,23,16,101,68,100,70,15,13,9,7,0.6,0.6
2023-10-02T22:00:00,3398A,114.9136,30.4445,黄冈市,市林业局,,48,28,50,33,43,124,48,110,86,3,9,5,7,0.6,0.8
2023-10-02T22:00:00,3399A,112.6703,26.882,衡阳市,师范学院,细颗粒物(PM2.5),77,66,54,56,40,118,60,104,95,15,13,10,9,1.2,1
2023-10-02T22:00:00,3400A,109.1911,21.4415,北海市,龙潭自来水厂,,25,23,29,12,18,105,80,90,81,5,7,4,7,0.7,0.7
2023-10-02T22:00:00,3401A,108.4834,22.7618,南宁市,红星社区,,41,41,40,26,25,112,91,106,95,14,17,7,7,0.8,0.8
2023-10-02T22:00:00,3402A,109.5422,24.3996,柳州市,市二中,,32,32,35,18,23,90,45,79,68,11,9,7,8,0.6,0.6
2023-10-02T22:00:00,3403A,110.1764,25.2381,桂林市,创业大厦,,32,19,40,22,35,120,65,94,83,4,5,5,5,0.6,0.7
2023-10-02T22:00:00,3404A,108.5959,21.9633,钦州市,北职校,颗粒物(PM10),52,53,46,29,25,124,65,112,93,19,20,17,10,0.8,0.8
2023-10-02T22:00:00,3405A,109.5886,23.1172,贵港市,新世纪学校,,42,41,31,29,19,116,67,106,93,18,11,12,10,0.8,0.8
2023-10-02T22:00:00,3406A,106.6085,23.8798,百色市,祈福高中,,46,46,52,25,30,136,50,110,89,18,14,23,16,0.9,0.9
2023-10-02T22:00:00,3407A,120.6916,30.7739,嘉兴市,秀洲住建,,26,21,24,8,8,103,82,98,90,16,18,4,4,0.4,0.4
2023-10-02T22:00:00,3408A,120.5683,29.9361,绍兴市,绍兴中专,颗粒物(PM10),52,54,32,12,8,128,56,123,110,36,16,3,4,0.6,0.6
2023-10-02T22:00:00,3409A,120.4906,30.0861,绍兴市,柯桥区政府,,32,32,33,10,12,104,78,101,95,20,15,7,5,0.4,0.3
2023-10-02T22:00:00,3410A,120.8752,30.0249,绍兴市,重华小学,,34,34,27,12,9,116,93,108,106,10,14,6,6,0.4,0.4
2023-10-02T22:00:00,3411A,120.8369,30.0137,绍兴市,上虞中学,,,32,27,,16,124,101,116,113,11,18,6,6,0.6,0.6
2023-10-02T22:00:00,3413A,118.1953,28.4401,上饶市,广丰区教体局,,46,46,45,26,22,125,89,118,116,13,10,20,15,0.6,0.7
2023-10-02T22:00:00,3414A,115.8347,28.932,赣江新区,桑海产业园,,44,44,27,21,16,114,82,103,98,14,14,7,7,0.7,0.5
2023-10-02T22:00:00,3415A,114.4519,28.0828,宜春市,万载县环保局,细颗粒物(PM2.5),79,58,34,58,18,99,43,88,82,29,14,8,10,1.1,1
2023-10-02T22:00:00,3416A,119.1755,36.7149,潍坊市,潍坊学院,颗粒物(PM10),54,58,39,24,13,159,100,148,132,30,25,10,8,0.7,0.5
2023-10-02T22:00:00,3417A,117.0709,40.1465,北京市,平谷新城,颗粒物(PM10),63,76,48,36,23,112,43,89,73,24,19,3,3,0.6,0.4
2023-10-02T22:00:00,3418A,116.8336,40.4095,北京市,密云新城,颗粒物(PM10),62,74,54,31,18,94,38,84,65,18,20,3,3,0.5,0.3
2023-10-02T22:00:00,3419A,109.9447,40.6261,包头市,包头市委党校,,50,50,54,22,21,112,46,91,76,61,46,17,21,0.7,0.8
2023-10-02T22:00:00,3421A,113.1775,40.9779,乌兰察布市,市委党校,,33,33,58,23,21,146,96,123,118,23,34,23,17,0.4,0.5
2023-10-02T22:00:00,3422A,118.8436,31.9198,南京市,江宁彩虹桥,,40,40,31,22,11,95,62,87,74,25,19,4,5,0.6,0.6
2023-10-02T22:00:00,3423A,119.0138,31.6494,南京市,溧水永阳,,31,31,31,16,14,103,72,95,90,15,12,5,6,0.7,0.7
2023-10-02T22:00:00,3424A,118.879,31.3302,南京市,高淳老职中,,37,37,30,16,12,114,95,107,106,16,16,4,5,0.4,0.1
2023-10-02T22:00:00,3425A,120.624,31.1733,苏州市,越秀幼儿园,,27,27,28,9,8,121,72,106,95,23,19,8,8,0.6,0.5
2023-10-02T22:00:00,3426A,118.8755,33.2894,淮安市,新华书店,,28,28,31,14,15,88,66,79,70,17,18,10,9,0.7,0.7
2023-10-02T22:00:00,3427A,118.8554,32.3578,南京市,六合雄州,,37,37,23,6,11,88,53,82,67,10,9,1,2,0.5,0.5
2023-10-02T22:00:00,3428A,120.3142,31.4753,无锡市,华庄,,25,25,27,9,9,108,78,101,94,25,27,7,7,0.7,0.7
2023-10-02T22:00:00,3429A,119.8598,31.7066,常州市,武进经发区,,26,22,26,8,9,112,81,102,97,14,11,7,8,0.5,0.5
2023-10-02T22:00:00,3430A,119.5826,31.7245,常州市,金坛城区,,24,20,29,8,11,107,75,97,89,15,15,6,8,0.5,0.5
2023-10-02T22:00:00,3431A,120.6505,31.416,苏州市,高铁新城,,26,26,23,9,7,108,73,102,92,18,10,10,10,0.5,0.4
2023-10-02T22:00:00,3432A,120.9348,31.9883,南通市,环境教育馆,,24,24,20,15,7,109,71,101,92,18,17,6,6,0.3,0.3
2023-10-02T22:00:00,3434A,119.2413,34.6539,连云港市,工贸学校,,29,25,19,11,9,134,90,121,105,12,10,8,8,0.3,0.4
2023-10-02T22:00:00,3435A,119.9192,32.4322,泰州市,周山河街区,,30,30,21,19,10,87,69,82,77,8,7,6,6,0.6,0.5
2023-10-02T22:00:00,3436A,120.4279,33.205,盐城市,大丰高级中学,,32,17,21,5,2,120,102,116,111,12,12,5,5,0.3,0.3
2023-10-02T22:00:00,3437A,88.3118,43.3658,乌鲁木齐市,达坂城区环保局,,41,41,26,9,13,118,60,109,101,31,12,5,4,0.2,0.2
2023-10-02T22:00:00,3438A,87.6162,43.8801,乌鲁木齐市,红光山片区,,28,28,48,3,16,122,48,97,89,56,45,2,2,0.5,0.5
2023-10-02T22:00:00,3439A,87.7024,43.8004,乌鲁木齐市,新师大温泉校区,,32,32,39,10,20,112,50,98,91,32,15,2,2,0.3,0.3
2023-10-02T22:00:00,3440A,87.4921,43.8411,乌鲁木齐市,大绿谷,,48,43,50,12,23,102,2,77,70,95,44,8,8,0.4,0.4
2023-10-02T22:00:00,3441A,87.546,44.1912,五家渠市,经开区管委会,,39,39,60,11,21,96,53,83,80,30,31,15,9,0.4,0.5
2023-10-02T22:00:00,3442A,86.047,44.2331,石河子市,南区管委会,,41,41,36,17,16,109,72,100,98,15,14,6,7,0.4,0.4
2023-10-02T22:00:00,3443A,113.2902,23.5544,广州市,花都梯面,,19,19,20,12,14,89,3,78,49,26,16,3,3,0.8,0.7
2023-10-02T22:00:00,3444A,116.454,23.2684,汕头市,潮南峡山,,37,37,32,16,15,169,106,153,138,7,8,8,22,0.5,0.7
2023-10-02T22:00:00,3445A,113.7858,23.7478,广州市,从化良口,,24,24,18,14,11,84,34,74,55,6,5,6,6,0.7,0.6
2023-10-02T22:00:00,3446A,113.8051,23.2614,广州市,增城荔城,,16,15,16,10,12,108,50,93,71,3,3,7,7,0.7,0.7
2023-10-02T22:00:00,3447A,114.3551,22.7151,深圳市,坪山,,34,29,27,16,11,111,106,103,103,12,11,8,7,0.9,0.9
2023-10-02T22:00:00,3448A,113.5433,22.1163,珠海市,横琴,颗粒物(PM10),55,59,38,31,20,130,122,123,121,15,11,6,6,0.6,0.5
2023-10-02T22:00:00,3449A,113.05,22.4667,江门市,新会银湖,,31,31,26,10,13,136,94,127,115,7,11,6,6,0.5,0.6
2023-10-02T22:00:00,3450A,111.01,21.5165,茂名市,电白水东,,34,34,27,14,15,114,74,102,90,6,7,5,7,0.7,0.7
2023-10-02T22:00:00,3451A,112.5617,23.2083,肇庆市,鼎湖凤凰,,16,15,19,11,13,124,38,100,81,7,9,5,5,0.5,0.5
2023-10-02T22:00:00,3452A,114.6517,22.775,惠州市,大亚湾霞涌,,37,37,24,14,12,141,118,134,133,8,7,6,4,0.7,0.7
2023-10-02T22:00:00,3453A,112.0125,21.8749,阳江市,阳东陶然,,27,27,31,13,17,105,81,98,90,4,7,6,7,0.6,0.6
2023-10-02T22:00:00,3454A,113.3528,22.478,中山市,中山南区,,32,31,26,12,12,148,101,135,124,11,9,6,6,0.5,0.5
2023-10-02T22:00:00,3455A,113.076,23.7198,清远市,清城东城,,13,13,11,8,8,103,36,96,72,6,7,6,6,0.5,0.4
2023-10-02T22:00:00,3456A,114.289,38.0906,石家庄市,鹿泉一中,颗粒物(PM10),69,87,70,37,31,110,26,95,67,42,31,11,8,1.0,0.8
2023-10-02T22:00:00,3457A,118.4359,39.2762,唐山市,冀东油田职工医院,,,57,50,35,28,149,,135,135,22,33,7,8,0.6,0.6
2023-10-02T22:00:00,3458A,114.7895,36.5593,邯郸市,香泉濮院小区,颗粒物(PM10),57,64,55,22,21,105,70,87,79,23,31,6,14,0.5,0.5
2023-10-02T22:00:00,3459A,115.5989,37.5491,衡水市,地表水厂,颗粒物(PM10),97,143,73,28,23,137,28,111,60,51,43,10,10,0.5,0.4
2023-10-02T22:00:00,3460A,117.4067,40.0583,天津市,北环路,颗粒物(PM10),60,70,61,32,24,128,92,108,104,18,19,6,8,0.6,0.5
2023-10-02T22:00:00,3461A,117.3045,39.7169,天津市,建设路,颗粒物(PM10),84,118,83,57,42,150,17,122,75,90,57,10,12,0.9,0.7
2023-10-02T22:00:00,3462A,117.8199,39.3521,天津市,滨水东路,颗粒物(PM10),60,69,65,30,31,144,89,123,106,52,55,19,15,1.0,0.7
2023-10-02T22:00:00,3463A,116.9708,33.591,宿州市,社会福利中心,颗粒物(PM10),56,61,53,19,17,105,54,93,74,22,13,10,6,0.4,0.4
2023-10-02T22:00:00,3464A,117.3803,31.9147,合肥市,高教基地,,22,22,27,12,11,79,49,65,50,12,12,3,3,0.4,0.4
2023-10-02T22:00:00,3465A,118.4781,31.3225,芜湖市,清苑社区,,33,33,31,12,11,99,80,90,87,24,20,7,8,0.5,0.5
2023-10-02T22:00:00,3466A,118.2746,31.2326,芜湖市,扬子职业技术学院,,36,36,33,13,10,106,86,97,93,21,18,5,6,0.5,0.5
2023-10-02T22:00:00,3468A,115.7901,32.8613,阜阳市,市规划展馆,,25,7,27,8,15,80,78,72,68,11,16,4,6,0.4,0.4
2023-10-02T22:00:00,3469A,115.836,32.9183,阜阳市,枣园社区,,22,15,29,13,15,74,70,63,56,11,17,8,8,0.4,0.5
2023-10-02T22:00:00,3470A,118.7724,30.9141,宣城市,夏渡子站,,41,41,34,12,12,105,71,99,91,20,14,6,5,0.5,0.5
2023-10-02T22:00:00,3471A,113.616563,34.86783,郑州市,惠济区政府,,23,21,20,16,14,88,50,82,69,19,13,4,5,0.6,0.6
2023-10-02T22:00:00,3473A,114.2485,34.8306,开封市,技师学院,,36,36,27,18,10,93,56,83,69,22,17,7,7,0.6,0.6
2023-10-02T22:00:00,3474A,114.2617,35.6822,鹤壁市,大新区,,43,43,31,20,16,111,60,95,83,28,18,9,9,0.5,0.5
2023-10-02T22:00:00,3475A,113.9188,35.3045,新乡市,市政府,,36,31,29,25,17,101,67,96,91,17,11,9,10,0.4,0.3
2023-10-02T22:00:00,3476A,113.9135,35.3327,新乡市,河师大,,46,42,30,32,17,102,71,97,92,16,12,6,7,0.8,0.7
2023-10-02T22:00:00,3477A,113.1656,35.2539,焦作市,中站许衡医院,颗粒物(PM10),52,54,31,32,18,107,26,100,63,40,20,11,8,0.7,0.4
2023-10-02T22:00:00,3478A,113.9749,33.5664,漯河市,市图书馆,,47,47,32,21,19,98,42,98,52,20,15,8,8,0.7,0.7
2023-10-02T22:00:00,3479A,114.0967,33.5906,漯河市,召陵区卫健委,,43,39,34,30,18,85,31,85,45,20,15,3,5,0.5,0.5
2023-10-02T22:00:00,3480A,129.1368,47.6417,伊春市,美溪镇,,14,14,13,8,8,57,8,52,33,14,6,9,9,0.3,0.2
2023-10-02T22:00:00,3481A,125.141,46.634,大庆市,萨区政府监测点,,22,10,10,15,10,83,43,71,60,28,12,5,5,0.4,0.3
2023-10-02T22:00:00,3482A,107.7541,29.3277,重庆市,芙蓉中路,,33,33,25,12,11,23,4,18,11,21,16,14,20,0.7,0.7
2023-10-02T22:00:00,3483A,108.7661,29.5368,重庆市,西山,,14,12,13,8,12,54,43,51,40,2,3,7,7,0.5,0.5
2023-10-02T22:00:00,3484A,106.2628,29.32,重庆市,行政中心,,31,31,22,18,14,43,15,33,23,28,19,6,5,1.0,0.9
2023-10-02T22:00:00,3485A,107.0944,29.1608,重庆市,高寺路,,23,23,21,2,9,32,19,22,22,23,17,16,11,0.9,0.9
2023-10-02T22:00:00,3486A,124.4036,43.1411,四平市,植物园,,38,38,31,13,10,100,47,82,62,40,28,5,8,0.3,0.3
2023-10-02T22:00:00,3487A,104.2394,30.5319,成都市,车城东七路,,16,16,35,9,22,81,40,70,67,29,21,2,3,0.8,0.5
2023-10-02T22:00:00,3488A,104.3853,30.7453,成都市,青白江技师分院,,38,38,36,11,24,84,11,70,58,40,17,6,7,0.7,0.7
2023-10-02T22:00:00,3489A,104.0789,30.4072,成都市,科学城,,39,39,33,24,23,80,30,66,62,26,15,6,6,0.7,0.6
2023-10-02T22:00:00,3490A,105.3617,28.7703,泸州市,纳溪区环保局,,49,47,36,34,24,44,12,36,29,29,19,4,4,0.7,0.6
2023-10-02T22:00:00,3491A,104.69,31.5322,绵阳市,西科大附属小学,,33,33,35,15,21,63,2,44,37,37,21,6,6,0.6,0.6
2023-10-02T22:00:00,3492A,104.5648,31.5343,绵阳市,安州区旅游局,,50,50,43,19,22,57,4,39,34,34,21,6,9,0.7,0.6
2023-10-02T22:00:00,3494A,117.1673,36.9782,济南市,济阳区政府,颗粒物(PM10),56,61,58,20,15,149,71,131,109,45,53,7,6,0.2,0.2
2023-10-02T22:00:00,3495A,117.1171,36.63,济南市,锦屏中学,,27,27,21,15,7,151,82,138,118,18,12,4,5,0.4,0.4
2023-10-02T22:00:00,3496A,118.3604,35.1084,临沂市,南坊新区,,34,34,37,17,15,124,101,114,110,20,28,8,8,0.7,0.5
2023-10-02T22:00:00,3498A,118.5055,37.8612,东营市,河口城区,颗粒物(PM10),53,56,56,24,24,170,134,158,155,18,29,12,14,0.8,0.8
2023-10-02T22:00:00,3500A,116.5814,35.3707,济宁市,北湖一中,,45,45,49,12,16,117,47,100,82,29,25,9,12,0.7,0.5
2023-10-02T22:00:00,3501A,116.8249,35.5593,济宁市,服务中心,颗粒物(PM10),66,81,63,24,17,119,19,99,78,63,39,10,13,0.9,0.8
2023-10-02T22:00:00,3502A,117.1812,36.2275,泰安市,国网新校,颗粒物(PM10),64,78,42,29,17,149,72,134,113,25,19,7,8,0.6,0.4
2023-10-02T22:00:00,3503A,117.0313,36.2018,泰安市,交通技校,,48,48,40,18,16,146,57,130,100,40,38,8,8,0.4,0.4
2023-10-02T22:00:00,3504A,117.0829,36.13,泰安市,山东第一医科大学,颗粒物(PM10),58,66,53,23,23,149,41,131,101,65,36,10,10,0.4,0.4
2023-10-02T22:00:00,3505A,122.1379,37.3414,威海市,临港区管委会,,22,14,12,6,4,103,68,97,91,23,15,4,4,0.4,0.2
2023-10-02T22:00:00,3507A,119.5328,35.4625,日照市,职业技术学院,,44,44,30,22,10,156,76,147,129,24,24,9,10,1.1,0.8
2023-10-02T22:00:00,3511A,116.5652,37.3319,德州市,陵城艺术中心,颗粒物(PM10),53,56,56,22,20,155,87,142,119,40,34,6,10,0.4,0.3
2023-10-02T22:00:00,3513A,116.0445,36.4361,聊城市,九州社区,颗粒物(PM10),65,80,58,27,22,136,26,120,78,79,42,5,9,0.6,0.6
2023-10-02T22:00:00,3514A,117.9378,37.3956,滨州市,中海酒店,,35,35,58,22,31,165,104,146,127,24,42,7,10,0.6,0.7
2023-10-02T22:00:00,3515A,117.9378,37.3553,滨州市,开发区一中,,42,42,68,20,32,171,118,150,138,25,44,10,13,0.9,0.8
2023-10-02T22:00:00,3516A,118.0917,37.694,滨州市,金海六路,,46,46,53,20,22,161,86,134,98,35,49,8,11,0.5,0.5
2023-10-02T22:00:00,3520A,106.3495,38.9836,石嘴山市,妇女儿童医院,颗粒物(PM10),69,87,53,37,27,128,73,116,112,37,22,20,18,0.8,0.7
2023-10-02T22:00:00,3521A,106.7492,39.2069,石嘴山市,石大公路,,38,38,42,19,20,119,48,104,91,35,26,5,9,0.5,0.6
2023-10-02T22:00:00,3522A,106.2177,35.9959,固原市,原州区十五小,,35,35,28,24,21,92,53,81,66,22,16,7,7,0.5,0.7
2023-10-02T22:00:00,3523A,106.5105,38.3856,银川市,滨河新区,,28,28,34,10,17,123,53,118,104,21,16,10,14,0.4,0.5
2023-10-02T22:00:00,3524A,108.6116,34.1164,西安市,文体局,,32,23,26,22,20,73,31,69,54,22,11,8,8,0.5,0.4
2023-10-02T22:00:00,3525A,108.6396,34.4078,咸阳市,奥体中心,,41,41,23,20,17,80,20,72,53,24,8,2,3,0.8,0.7
2023-10-02T22:00:00,3526A,119.5189,25.9664,福州市,吴航,,35,22,29,8,13,137,112,137,112,4,4,6,6,0.4,0.5
2023-10-02T22:00:00,3527A,118.0958,24.5688,厦门市,集美中学,,46,46,33,18,15,146,90,126,114,15,7,5,2,0.2,0.2
2023-10-02T22:00:00,3528A,118.1493,24.7245,厦门市,同安二实小,,30,27,23,13,14,136,94,116,109,8,6,1,2,0.6,0.6
2023-10-02T22:00:00,3529A,118.6333,24.9264,泉州市,城华南路,,31,30,35,12,15,141,99,130,114,10,8,5,4,0.5,0.5
2023-10-02T22:00:00,3530A,117.6296,24.5314,漳州市,西洋坪路,,45,45,29,18,16,159,86,134,121,15,8,9,6,0.6,0.7
2023-10-02T22:00:00,3531A,110.296,25.1253,桂林市,旅游学院,,,15,41,14,29,93,,78,69,3,3,3,5,0.6,0.7
2023-10-02T22:00:00,3532A,110.1945,22.6831,玉林市,玉林师范学院东校区,,33,32,26,23,19,84,47,74,54,27,10,16,5,0.6,0.6
2023-10-02T22:00:00,3533A,110.0527,22.5893,玉林市,福绵环保局,,38,38,31,17,19,92,36,88,67,14,10,8,9,0.6,0.6
2023-10-02T22:00:00,3534A,111.4744,24.4553,贺州市,西湾,,50,40,37,35,32,110,42,89,77,14,10,7,7,1.0,1
2023-10-02T22:00:00,3535A,109.1781,23.7297,来宾市,兴宾区政府,,36,30,32,25,23,115,52,103,85,10,9,4,6,0.6,0.6
2023-10-02T22:00:00,3536A,106.8547,27.5919,遵义市,第十二小学,,45,40,30,31,23,103,52,85,71,8,8,3,4,0.6,0.5
2023-10-02T22:00:00,3537A,105.3631,27.3533,毕节市,长征村,,22,13,41,9,30,75,70,65,62,4,7,5,7,0.6,0.6
2023-10-02T22:00:00,3538A,107.5175,26.2978,黔南布依族苗族自治州,沙坝,,22,17,16,12,10,82,68,80,74,2,2,4,4,0.6,0.4
2023-10-02T22:00:00,3539A,110.5111,19.9736,海口市,桂林洋子站,,32,32,27,17,18,81,58,68,68,6,10,12,5,0.5,0.4
2023-10-02T22:00:00,3540A,109.7348,18.3443,三亚市,君悦子站,,16,13,22,6,10,92,49,69,50,3,7,2,2,0.3,0.4
2023-10-02T22:00:00,3541A,109.5726,19.5167,儋州市,第一中学子站,,18,18,21,10,14,89,51,81,65,3,4,6,7,0.5,0.5
2023-10-02T22:00:00,3542A,109.5567,19.5187,儋州市,东坡学校子站,,15,15,21,7,12,91,47,78,61,2,3,4,5,0.5,0.5
2023-10-02T22:00:00,3543A,112.3466,16.8396,三沙市,永兴岛子站,,,,,,,,,,,,,,,,
2023-10-02T22:00:00,3544A,121.4891,30.925,上海市,奉贤南桥新城,,38,38,27,14,8,108,70,104,93,17,15,8,7,0.5,0.5
2023-10-02T22:00:00,3545A,110.8054,32.8401,十堰市,郧阳区金沙路,,25,6,12,5,9,110,78,106,85,9,8,4,4,0.6,0.6
2023-10-02T22:00:00,3546A,111.4606,30.552,宜昌市,猇亭区张家湾站,,18,18,19,2,6,87,48,84,67,20,15,7,7,0.6,0.6
2023-10-02T22:00:00,3547A,112.1632,31.0138,荆门市,龙泉中学南校,,,,13,8,5,103,86,102,88,9,7,7,7,0.5,0.4
2023-10-02T22:00:00,3548A,112.1655,30.3364,荆州市,学苑路,,32,32,26,6,16,92,64,86,72,13,13,7,7,0.6,0.6
2023-10-02T22:00:00,3549A,109.5061,30.3772,恩施土家族苗族自治州,龙凤新区,,10,7,10,6,5,39,25,36,30,13,11,6,6,1.0,0.8
2023-10-02T22:00:00,3550A,102.7997,24.9786,昆明市,昆明学院,,38,38,16,24,10,56,33,51,47,14,9,8,7,0.5,0.5
2023-10-02T22:00:00,3551A,102.5967,24.6736,昆明市,晋宁区生态环境分局,,23,19,17,16,9,59,36,51,49,8,5,4,4,0.7,0.5
2023-10-02T22:00:00,3552A,102.6678,24.9856,昆明市,云天化总部,,24,24,18,11,9,56,38,50,47,10,9,7,7,0.8,0.7
2023-10-02T22:00:00,3557A,119.9464,30.0494,杭州市,镇二中,,25,24,23,8,8,140,77,120,103,28,21,5,6,0.5,0.5
2023-10-02T22:00:00,3558A,119.7183,30.2367,杭州市,市府大楼,,30,17,22,8,12,135,94,116,106,14,16,7,7,0.4,0.4
2023-10-02T22:00:00,3560A,120.4722,30.0415,绍兴市,柯桥妇保,,40,40,30,18,11,111,94,109,105,17,16,7,5,0.4,0.4
2023-10-02T22:00:00,3561A,120.6985,27.9251,温州市,茶山,,29,22,25,10,14,129,91,122,115,9,8,7,6,0.4,0.4
2023-10-02T22:00:00,3562A,120.4148,30.8538,湖州市,南浔区站,,29,29,25,12,11,112,78,102,92,17,20,3,4,0.3,0.3
2023-10-02T22:00:00,3564A,121.2568,28.6681,台州市,台州科技职业学院,,,16,21,6,8,119,,110,107,12,12,4,5,,0.3
2023-10-02T22:00:00,3565A,113.1367,40.1122,大同市,云冈站,颗粒物(PM10),60,70,87,19,25,119,42,100,88,39,37,28,29,0.5,0.6
2023-10-02T22:00:00,3566A,113.1186,40.2556,大同市,图书馆,,,,97,54,30,120,26,106,85,42,25,10,19,0.4,0.5
2023-10-02T22:00:00,3567A,113.5931,40.0461,大同市,区一中,颗粒物(PM10),61,72,62,29,20,111,42,99,81,28,25,14,19,0.8,0.7
2023-10-02T22:00:00,3568A,113.06,36.0464,长治市,向阳小学,,50,50,53,35,30,111,69,90,79,24,23,3,5,0.6,0.8
2023-10-02T22:00:00,3569A,112.8792,36.3144,长治市,屯留一中,,39,39,28,24,20,105,52,96,79,15,20,8,11,1.2,1.1
2023-10-02T22:00:00,3570A,113.235,36.3489,长治市,潞城四中,细颗粒物(PM2.5),64,44,50,46,35,113,58,87,80,24,26,7,10,0.7,0.8
2023-10-02T22:00:00,3571A,112.2931,39.53,朔州市,一水厂,颗粒物(PM10),63,75,81,40,27,121,21,103,74,59,41,9,19,0.7,0.6
2023-10-02T22:00:00,3573A,114.8506765,38.0322033,石家庄市,藁城区实验学校,颗粒物(PM10),57,64,68,34,32,124,56,97,78,34,46,7,10,0.4,0.6
2023-10-02T22:00:00,3574A,114.0504658,38.0591645,石家庄市,井陉矿区区委大楼,颗粒物(PM10),54,57,61,19,18,119,51,106,85,32,34,8,11,0.8,0.7
2023-10-02T22:00:00,3575A,118.09279,39.58089,唐山市,正泰大街热力站,颗粒物(PM10),67,84,66,20,26,132,76,112,85,47,40,3,3,0.4,0.5
2023-10-02T22:00:00,3576A,118.1562,39.8322,唐山市,丰润区政府,细颗粒物(PM2.5),93,131,82,69,36,144,2,118,82,94,39,3,4,0.9,0.6
2023-10-02T22:00:00,3577A,118.43673,39.73809,唐山市,金山小学,,,,79,,24,46,,42,,,45,,9,,0.9
2023-10-02T22:00:00,3578A,118.24498,39.66941,唐山市,政府服务中心,颗粒物(PM10),65,79,65,35,29,146,70,132,105,51,48,9,12,0.5,0.7
2023-10-02T22:00:00,3579A,114.50634,36.77178,邯郸市,永年区实验高中,,33,33,56,18,20,96,91,91,91,14,32,1,6,0.2,0.8
2023-10-02T22:00:00,3580A,114.20016,36.44293,邯郸市,峰峰矿区临水派出所,,45,45,28,11,10,90,55,77,69,22,17,4,5,0.1,0.2
2023-10-02T22:00:00,3581A,115.31981,38.95208,保定市,满城区生态环境分局,颗粒物(PM10),57,64,73,32,43,128,52,108,93,25,31,4,5,0.3,0.5
2023-10-02T22:00:00,3582A,115.47694,38.76408,保定市,清苑区第二中学,,19,0,95,0,45,140,58,112,96,26,39,5,9,0.8,0.8
2023-10-02T22:00:00,3583A,115.62909,39.02311,保定市,徐水物探局,颗粒物(PM10),52,54,85,17,38,140,72,112,100,20,45,10,13,0.4,0.6
2023-10-02T22:00:00,3584A,115.8844,39.0341,雄安新区,容城县环境保护局,颗粒物(PM10),55,59,96,15,34,153,71,130,114,30,43,11,15,0.4,0.6
2023-10-02T22:00:00,3585A,115.8665,39.0645,雄安新区,河北容城中学,,50,50,104,19,36,148,79,130,115,23,43,9,13,0.5,0.7
2023-10-02T22:00:00,3586A,115.923,38.9405,雄安新区,安新县民政局,颗粒物(PM10),52,53,76,17,33,149,84,127,116,15,30,10,13,0.4,0.5
2023-10-02T22:00:00,3587A,115.9324,38.9338,雄安新区,安新县电力局,颗粒物(PM10),56,61,72,10,28,145,78,123,112,14,27,9,13,0.4,0.5
2023-10-02T22:00:00,3588A,116.0901,38.9816,雄安新区,雄县环境保护局,,48,48,66,17,26,148,86,129,118,16,29,8,10,0.3,0.4
2023-10-02T22:00:00,3589A,116.1105,39.0046,雄安新区,雄县国土资源局,颗粒物(PM10),52,53,64,10,19,147,84,128,118,16,30,13,15,0.6,0.7
2023-10-02T22:00:00,3590A,113.8374,34.5589,郑州市,北区建设指挥部,,28,28,27,15,13,82,43,74,61,31,25,5,6,0.7,0.7
2023-10-02T22:00:00,3591A,113.30952,34.803229,郑州市,上街区政府,,38,34,25,26,12,77,30,72,52,16,12,6,6,0.7,0.7
2023-10-02T22:00:00,3592A,114.4644,34.7556,开封市,祥符区生态环境局,颗粒物(PM10),52,53,42,26,19,87,58,78,70,18,18,10,9,0.5,0.5
2023-10-02T22:00:00,3593A,112.5736,34.8993,洛阳市,吉利监测站,,36,25,18,25,13,80,18,75,51,31,16,1,2,0.1,0.2
2023-10-02T22:00:00,3594A,112.8867,33.9116,平顶山市,石龙区,,26,18,15,17,13,97,31,92,77,51,17,4,4,0.5,0.5
2023-10-02T22:00:00,3596A,114.1572,35.9603,鹤壁市,南山宾馆,,28,28,34,18,19,101,60,87,84,19,18,10,11,0.7,0.6
2023-10-02T22:00:00,3597A,113.8134,34.1251,许昌市,建安区兴业大厦,,35,35,33,20,15,69,36,57,48,17,18,3,4,0.5,0.6
2023-10-02T22:00:00,3598A,111.1,34.7167,三门峡市,富达温泉假日酒店,,42,35,20,29,11,87,24,81,49,23,19,8,8,0.8,0.6
2023-10-02T22:00:00,3599A,106.2649,29.9851,重庆市,书院路,,23,23,15,16,12,35,15,31,23,25,15,10,7,0.6,0.5
2023-10-02T22:00:00,3600A,106.2339,29.5559,重庆市,虎峰,,44,44,26,3,9,47,21,43,37,14,8,11,9,0.7,0.7
2023-10-02T22:00:00,3601A,106.0499,29.8342,重庆市,龙门街,,42,28,14,29,13,56,27,54,37,18,14,8,6,0.8,0.7
2023-10-02T22:00:00,3604A,119.3266,35.1044,日照市,岚山环保分局,,35,19,35,10,16,139,111,129,127,6,16,9,16,0.4,0.8
2023-10-02T22:00:00,3605A,109.09,34.5236,西安市,无线电监控中心,,30,30,21,19,13,77,8,74,53,46,15,5,6,0.6,0.5
2023-10-02T22:00:00,3606A,108.7108,34.46,西咸新区,北杜,,23,22,19,16,13,82,16,70,52,26,15,6,6,0.5,0.5
2023-10-02T22:00:00,3607A,108.7096,34.2956,西咸新区,同德佳苑,,25,24,20,17,14,79,32,75,52,32,17,4,4,0.7,0.6
2023-10-02T22:00:00,3608A,108.8558,34.4978,西咸新区,崇文塔,,23,23,20,14,12,84,8,83,56,46,13,5,6,0.5,0.4
2023-10-02T22:00:00,3610A,105.5933,29.4105,重庆市,昌元,,34,34,29,21,15,43,29,38,37,11,11,6,5,0.7,0.6
2023-10-02T22:00:00,3612A,85.1045,45.6899,克拉玛依市,白碱滩区新站,,33,33,20,12,6,108,85,100,98,13,9,9,8,0.4,0.3
2023-10-02T22:00:00,3613A,87.3095,44.0142,昌吉州,亚心广场,颗粒物(PM10),52,53,53,14,15,129,8,97,86,83,38,6,4,1.1,0.8
2023-10-02T22:00:00,3614A,79.924,37.0877,和田地区,地区环保局,颗粒物(PM10),126,202,252,70,72,106,53,97,88,49,22,9,10,0.8,0.6
2023-10-02T22:00:00,3615A,79.9131,37.113,和田地区,市环保局,颗粒物(PM10),112,173,239,64,90,110,41,99,86,54,24,6,9,0.6,0.4
2023-10-02T22:00:00,3616A,106.7616,31.8344,巴中市,市中心医院,,16,16,13,8,7,46,4,40,32,20,12,6,6,0.7,0.6
2023-10-02T22:00:00,3617A,105.8047,32.4166,广元市,经开区,,17,12,10,5,4,77,52,71,60,12,12,4,4,0.6,0.6
2023-10-02T22:00:00,3618A,112.4719,37.7831,太原市,金胜,细颗粒物(PM2.5),87,98,91,64,56,104,4,66,53,58,44,8,13,1.1,1.1
2023-10-02T22:00:00,3619A,113.617,37.8571,阳泉市,龙柱,颗粒物(PM10),73,96,81,35,33,111,6,94,72,73,46,14,31,1.2,1.4
2023-10-02T22:00:00,3620A,112.8271,35.4828,晋城市,泽州一中,,34,34,29,7,9,89,48,81,72,26,16,3,3,0.5,0.5
2023-10-02T22:00:00,3621A,106.8288,39.6778,乌海市,聚英学校,颗粒物(PM10),64,78,65,18,23,131,58,105,86,50,34,34,49,0.7,0.9
2023-10-02T22:00:00,3622A,113.5556,24.8082,韶关市,碧湖山庄,,43,43,38,17,23,123,44,98,87,9,4,9,10,0.8,0.8
2023-10-02T22:00:00,3623A,113.8953,22.5861,深圳市,西乡,,26,18,31,11,13,122,81,99,93,13,12,6,6,0.5,0.5
2023-10-02T22:00:00,3624A,116.4069,23.2533,汕头市,潮南子站,,44,44,38,8,9,155,95,142,127,9,7,7,8,0.7,0.8
2023-10-02T22:00:00,3625A,113.2544,22.7642,佛山市,容桂街道办,,34,34,19,17,10,152,78,137,125,28,13,5,4,0.8,0.7
2023-10-02T22:00:00,3626A,113.7533,23.0202,东莞市,南城元岭,,25,25,21,17,13,146,42,120,87,29,7,7,8,0.9,0.7
2023-10-02T22:00:00,3627A,113.7875,23.0457,东莞市,东城主山,,25,24,19,17,13,153,60,125,98,20,11,8,7,0.8,0.7
2023-10-02T22:00:00,3628A,112.0336,22.9374,云浮市,文笔,,37,37,27,14,12,136,106,122,121,13,7,11,8,0.6,0.5
2023-10-02T22:00:00,3629A,101.8305,36.5786,西宁市,世纪职校,,32,32,20,7,7,95,42,89,73,42,22,11,11,0.5,0.5
2023-10-02T22:00:00,3630A,101.7413,36.6397,西宁市,师大城西校区,,33,31,23,23,20,90,55,78,72,26,19,9,9,0.4,0.4
2023-10-02T22:00:00,3633A,118.4918,31.6809,马鞍山市,雨山,,33,33,29,18,10,91,67,84,80,18,15,7,7,0.7,0.7
2023-10-02T22:00:00,3634A,116.9884,33.6305,宿州市,宿州学院,,50,50,49,12,16,107,57,95,78,17,13,3,4,0.3,0.5
2023-10-02T22:00:00,3635A,112.3677,34.662,洛阳市,河科大西苑校区,,32,27,15,22,13,91,41,87,59,20,17,3,3,0.2,0.2
2023-10-02T22:00:00,3636A,112.4388,34.6781,洛阳市,英才小学,,35,22,9,24,17,86,56,84,63,15,10,3,3,0.5,0.4
2023-10-02T22:00:00,3637A,131.0176,45.7761,七台河市,人民广场,,28,28,22,15,15,63,21,56,33,24,22,8,9,0.5,0.5
2023-10-02T22:00:00,3638A,104.7636,29.3338,自贡市,轻化工大学,,48,45,30,33,22,56,28,44,44,16,17,6,6,0.4,0.4
2023-10-02T22:00:00,3639A,104.4019,31.1244,德阳市,市教育局,,38,38,36,23,18,68,16,58,50,37,18,2,2,0.9,0.7
2023-10-02T22:00:00,3642A,120.3503,36.0736,青岛市,市北区南部,,39,26,30,7,11,144,122,134,132,25,36,7,7,0.4,0.3
2023-10-02T22:00:00,3643A,120.3948,36.1805,青岛市,李沧区北部,,44,44,35,24,11,158,78,142,117,54,33,8,10,0.5,0.5
2023-10-02T22:00:00,3644A,117.8661,36.805,淄博市,三金集团,颗粒物(PM10),62,74,46,34,20,147,51,135,112,57,32,13,11,0.6,0.6
2023-10-02T22:00:00,3645A,118.0253,36.8406,淄博市,东风化工厂,颗粒物(PM10),58,66,61,27,31,155,74,136,115,49,57,8,15,0.9,0.9
2023-10-02T22:00:00,3646A,118.4978,37.4623,东营市,胜利站,,43,41,68,22,34,194,136,166,161,16,45,13,26,0.5,0.6
2023-10-02T22:00:00,3647A,115.4702,35.2706,菏泽市,菏泽医专,颗粒物(PM10),67,84,45,30,18,135,48,118,101,41,28,7,8,0.4,0.4
2023-10-02T22:00:00,3648A,106.2112,37.9768,吴忠市,文卫南街,颗粒物(PM10),61,71,45,33,23,141,78,126,119,33,15,15,12,0.6,0.6
2023-10-02T22:00:00,3650A,105.1698,37.5162,中卫市,沙坡头区政府站,细颗粒物(PM2.5),70,77,52,51,21,127,46,117,102,46,15,9,8,0.6,0.5
2023-10-02T22:00:00,3651A,108.9543,34.8732,铜川市,旺旺集团,细颗粒物(PM2.5),109,30,26,82,56,100,65,94,77,15,11,11,6,0.6,0.2
2023-10-02T22:00:00,3652A,109.4809,36.5786,延安市,西北局旧址,,46,46,34,18,23,77,3,57,34,37,23,6,6,0.8,0.7
2023-10-02T22:00:00,3653A,111.3119,30.7273,宜昌市,云深路,,15,11,18,5,13,76,48,68,62,19,14,6,7,0.9,0.7
2023-10-02T22:00:00,3654A,114.8094,30.4089,鄂州市,精准医疗中心,,31,31,53,8,23,110,49,98,71,8,20,5,10,0.6,0.9
2023-10-02T22:00:00,3655A,114.3375,29.8683,咸宁市,长江产业园,细颗粒物(PM2.5),64,71,50,46,33,102,26,92,65,24,14,7,6,0.9,0.9
2023-10-02T22:00:00,3656A,120.1556,30.2864,杭州市,消防大队,,31,22,26,5,7,122,98,116,110,18,17,7,8,0.3,0.3
2023-10-02T22:00:00,3658A,120.6153,30.0764,绍兴市,袍江中学,,34,34,30,14,10,115,90,111,106,18,17,6,4,0.5,0.5
2023-10-02T22:00:00,3659A,119.656,29.1131,金华市,气象局,,30,21,24,13,12,151,93,137,122,17,17,5,5,0.4,0.4
2023-10-02T22:00:00,3662A,123.6333,47.2075,齐齐哈尔市,富区青少年活动中心,,38,38,35,8,11,82,64,74,70,9,14,5,6,0.3,0.3
2023-10-02T22:00:00,3663A,124.1164,50.4278,大兴安岭地区,红旗社区,,44,44,13,17,9,81,8,72,40,33,14,6,6,0.3,0.2
2023-10-02T22:00:00,3664A,119.4172,34.7341,连云港市,连云街道,,31,14,23,5,8,126,97,116,110,8,13,4,7,0.3,0.4
2023-10-02T22:00:00,3665A,76.1658,39.7157,克孜勒苏柯尔克孜自治州,克州文化中心,颗粒物(PM10),90,129,88,35,17,110,82,105,102,19,15,5,7,0.2,0.2
2023-10-02T22:00:00,3667A,111.0283,35.0547,运城市,水利职院,,31,31,18,21,14,102,57,101,76,10,7,5,7,0.6,0.5
2023-10-02T22:00:00,3668A,111.5036,36.0414,临汾市,城南,细颗粒物(PM2.5),60,54,32,43,24,80,1,66,51,77,29,10,11,1.5,0.9
2023-10-02T22:00:00,3669A,114.4705,36.0637,安阳市,左辅环卫站,,50,47,43,35,20,108,75,102,96,9,18,3,5,0.6,0.6
2023-10-02T22:00:00,3670A,111.0522,35.0439,运城市,禹都公园,,22,22,16,13,8,103,66,103,78,9,7,4,5,0.5,0.4
2023-10-02T22:00:00,3671A,116.088,39.9726,北京市,门头沟三家店,,,,,,,,,,,,,,,,
2023-10-02T22:00:00,3672A,116.1541,39.8204,北京市,丰台云岗,颗粒物(PM10),62,74,53,24,19,91,48,72,61,30,27,6,6,0.7,0.5
2023-10-02T22:00:00,3673A,116.6804,39.9081,北京市,通州东关,颗粒物(PM10),74,98,84,37,35,123,0,88,67,99,55,1,3,0.7,0.5
2023-10-02T22:00:00,3674A,115.9577,39.7603,北京市,房山燕山,颗粒物(PM10),60,70,43,40,21,117,65,107,87,20,18,1,2,0.5,0.3
2023-10-02T22:00:00,3675A,116.4672,39.7733,北京市,大兴旧宫,颗粒物(PM10),70,90,64,41,29,102,13,76,58,60,39,1,2,0.8,0.5
2023-10-02T22:00:00,3676A,113.2802,40.0995,大同市,第二人民医院,颗粒物(PM10),69,87,107,25,31,111,82,98,92,30,50,31,20,0.5,1
2023-10-02T22:00:00,3677A,98.5881,24.4368,德宏州,芒市人民政府综合楼,,20,19,19,14,7,57,15,40,29,11,8,10,11,0.5,0.5
2023-10-02T22:00:00,3678A,116.5907,35.4054,济宁市,市第七中学,,47,47,43,24,21,120,46,106,93,39,25,6,10,0.7,0.5
2023-10-02T22:00:00,3682A,116.9814,36.6819,济南市,济南四建,颗粒物(PM10),54,58,42,29,17,139,73,126,108,37,37,8,8,0.5,0.5
2023-10-02T22:00:00,3683A,109.8331,40.6576,包头市,昆区政府,,36,36,45,19,26,103,58,84,80,48,40,16,16,0.6,0.6
2023-10-02T22:00:00,3684A,130.8781,45.8222,七台河市,新建矿广场,,19,19,13,12,11,64,10,57,33,20,19,9,10,0.4,0.3
2023-10-02T22:00:00,3685A,117.897,28.4315,上饶市,双创科技城,,45,45,42,23,19,125,92,115,108,14,9,6,7,0.4,0.5
2023-10-02T22:00:00,3689A,113.9003,35.372,新乡市,行政服务中心,,42,42,34,23,16,101,52,94,79,22,14,9,10,0.8,0.8
2023-10-02T22:00:00,3690A,115.9721,28.7031,南昌市,外国语学校,颗粒物(PM10),51,51,30,24,18,114,87,102,96,13,8,6,5,0.4,0.3
2023-10-02T22:00:00,3692A,118.2059,39.6585,唐山市,消防缸窑路中队,颗粒物(PM10),57,64,80,29,24,147,98,133,114,30,34,11,12,0.4,0.6
2023-10-02T22:00:00,3693A,118.1436,39.6202,唐山市,路南电大,,,,57,,29,138,,118,105,,48,,3,,0.6
2023-10-02T22:00:00,3694A,115.986,40.4563,北京市,延庆石河营,,50,50,33,28,18,88,29,78,71,27,19,3,3,0.4,0.3
2023-10-02T22:00:00,3695A,116.6151,40.3053,北京市,怀柔新城,,42,42,38,23,22,104,67,90,85,13,14,3,3,0.5,0.3
2023-10-02T22:00:00,3696A,116.2545,39.8768,北京市,丰台小屯,颗粒物(PM10),69,88,56,36,23,95,25,77,64,60,43,3,2,0.6,0.4
2023-10-02T22:00:00,3697A,116.84,40.3844,北京市,密云镇,颗粒物(PM10),62,74,52,29,20,90,0,77,42,76,38,3,2,0.7,0.4
2023-10-02T22:00:00,3698A,111.5968,40.8178,呼和浩特市,红旗小学,颗粒物(PM10),58,66,72,18,32,109,16,89,75,77,54,6,10,0.6,0.6
2023-10-02T22:00:00,3699A,111.6518,40.8389,呼和浩特市,海东办,颗粒物(PM10),57,63,69,25,31,114,31,98,91,72,54,7,9,0.7,0.6
2023-10-02T22:00:00,3700A,103.0456,29.9956,雅安市,康养中心,,,16,17,,,79,42,55,45,4,5,8,7,0.4,0.4
2023-10-02T22:00:00,3701A,116.9648,33.6252,宿州市,皖北煤电集团,,40,40,40,13,15,105,61,93,78,21,18,5,4,0.3,0.3
2023-10-02T22:00:00,3703A,114.2917,36.0949,安阳市,安钢职工学校,,49,49,47,26,22,102,61,92,88,25,24,9,9,0.6,0.6
2023-10-02T22:00:00,3706A,122.2584,43.6333,通辽市,老干部活动中心,,41,41,27,14,13,96,96,79,71,17,20,11,7,0.5,0.4
2023-10-02T22:00:00,3707A,131.0207,45.3073,鸡西市,欧美日汽修厂,颗粒物(PM10),75,99,35,24,26,58,4,51,23,35,19,21,7,0.8,0.5
2023-10-02T22:00:00,3708A,122.2922,43.6189,通辽市,东方明珠社区,颗粒物(PM10),51,51,42,24,21,78,65,63,57,33,30,9,5,0.3,0.3
2023-10-02T22:00:00,3709A,130.9967,45.3106,鸡西市,市政设施管理处,颗粒物(PM10),79,108,36,35,13,54,6,51,27,34,16,5,4,0.8,0.6
2023-10-02T22:00:00,3710A,121.5594,29.8975,宁波市,白沙活动中心,,,29,28,9,8,125,61,118,100,,20,7,9,0.5,0.5
2023-10-02T22:00:00,3713A,124.3419,43.1666,四平市,世纪城,,29,29,29,17,19,97,81,85,84,19,17,7,8,0.3,0.3
2023-10-02T22:00:00,3715A,117.3092,32.9314,蚌埠市,蚌埠田家炳中学,,34,34,40,20,16,86,38,76,65,28,17,4,6,0.3,0.3
2023-10-02T22:00:00,3719A,97.1714,31.1406,昌都市,昌都会议中心,,12,12,12,7,8,72,30,66,47,7,10,7,7,0.3,0.4
2023-10-02T22:00:00,3726A,88.8781,29.2426,日喀则市,林业技术推广中心,,13,10,9,3,1,56,39,52,50,9,7,8,7,0.5,0.4
2023-10-02T22:00:00,3728A,104.68,28.8071,宜宾市,白酒学院,,44,44,33,29,21,65,33,54,38,18,16,7,7,0.6,0.6
2023-10-02T22:00:00,3734A,118.35,37.26,东营市,理想之城,,42,36,63,19,32,204,134,182,172,23,53,7,13,0.4,0.5
2023-10-02T22:00:00,3860A,118.3920,35.0300,临沂市,皇山花园小区,,36,36,40,19,21,123,93,113,106,17,23,9,10,0.8,0.6
2023-10-02T22:00:00,3861A,119.2041,36.7699,潍坊市,寒亭区实验一小,颗粒物(PM10),53,56,41,24,18,170,88,151,126,41,29,11,9,1.0,0.7
2023-10-02T22:00:00,3866A,122.2469,40.66302,营口市,三高中,,45,45,36,26,17,162,118,149,146,22,26,9,8,0.9,0.8
2023-10-02T22:00:00,3867A,102.0738,36.5056,海东地区,平安区公安北苑,,40,37,27,28,16,101,55,88,78,27,18,12,13,0.5,0.5
2023-10-02T22:00:00,3981A,113.2449,35.1803,焦作市,原李万街道办,,28,28,33,17,16,101,46,86,75,19,16,1,2,0.6,0.6
2023-10-02T22:00:00,3994A,102.2165,31.9024,阿坝藏族羌族自治州,马尔康中学西区,,23,22,14,16,10,80,62,68,56,3,3,6,6,0.4,0.4
2023-10-02T22:00:00,4002A,109.2416,23.7461,来宾市,中南小学,,40,40,38,23,26,97,52,88,78,15,9,5,8,0.7,0.7
2023-10-02T22:00:00,4004A,115.4202,38.8656,保定市,双鹰农机,颗粒物(PM10),60,70,90,27,43,160,49,118,101,35,44,7,10,0.4,0.5
2023-10-02T22:00:00,4006A,122.3622,40.6762,营口市,老边实验小学,颗粒物(PM10),142,234,89,28,21,154,102,138,128,41,38,10,12,0.8,1
2023-10-02T22:00:00,4008A,112.5234,32.9922,南阳市,卧龙区政府,,24,14,17,14,15,102,74,100,76,8,8,2,2,0.4,0.3
2023-10-02T22:00:00,4010A,112.5608,37.8807,太原市,育英中学,细颗粒物(PM2.5),114,139,99,86,52,68,16,47,42,82,55,20,20,1.5,1.2
2023-10-02T22:00:00,4011A,103.8506,30.6947,成都市,光华大道三段,,48,39,36,33,23,72,5,55,45,37,13,2,3,0.9,0.7
2023-10-02T22:00:00,4017A,116.7923,33.9535,淮北市,市博物馆（启用20230615）,,30,18,30,4,12,109,93,101,92,9,12,6,7,0.4,0.5
2023-10-02T22:00:00,4018A,116.0567,36.4608,聊城市,星美广场（启用20230803）,颗粒物(PM10),78,105,59,39,23,133,14,118,77,74,37,6,7,0.6,0.5
2023-10-02T22:00:00,4022A,102.1647,38.5371,金昌市,金川区人防中心（启用20230903）,,,49,27,18,11,125,,116,112,42,14,10,15,0.8,0.6
2023-10-02T22:00:00,4024A,114.6549,37.9020,石家庄市,栾城区星河路（启用20230918）,颗粒物(PM10),64,78,72,22,24,120,43,87,61,34,45,5,8,0.4,0.7
