timepoint,stationcode,longitude,latitude,area,positionname,primarypollutant,aqi,pm10,pm10_24h,pm2_5,pm2_5_24h,o3,o3_24h,o3_8h,o3_8h_24h,no2,no2_24h,so2,so2_24h,co,co_24h
2024-08-20T1800,2566A,102.1879,31.914,阿坝藏族羌族自治州,州农科所,,50,50,18,3,6,52,,70,70,34,14,15,8,0,0.1
2024-08-20T1800,2568A,102.2502,31.8896,阿坝藏族羌族自治州,马师校,,30,9,15,3,9,96,,92,92,11,11,3,3,0.2,0.3
2024-08-20T1800,3994A,102.2165,31.9024,阿坝藏族羌族自治州,马尔康中学西区,,30,22,17,14,12,96,,90,90,7,9,5,4,0.3,0.3
2024-08-20T1800,2695A,80.292,41.1694,阿克苏地区,电视台,,40,40,47,23,20,60,,89,58,17,14,4,3,0.5,0.4
2024-08-20T1800,2696A,80.2613,41.1551,阿克苏地区,艺术中心,颗粒物(PM10),75,100,46,24,19,45,,89,45,36,16,4,4,0.8,0.6
2024-08-20T1800,2204A,105.6467,38.8363,阿拉善盟,西城区西花园,臭氧1小时,57,30,41,9,12,165,,151,151,8,10,8,9,1.1,1.1
2024-08-20T1800,2205A,105.6985,38.8411,阿拉善盟,蒙二幼,,47,26,32,8,10,148,,135,135,6,6,7,7,0.5,0.5
2024-08-20T1800,2206A,105.724,38.8516,阿拉善盟,环保局新楼,,48,24,25,8,10,152,,139,139,5,6,9,10,0.4,0.4
2024-08-20T1800,2708A,88.1264,47.8517,阿勒泰地区,市站,,30,,17,12,8,93,,90,90,17,13,8,7,0.5,0.5
2024-08-20T1800,2630A,80.1161,32.5,阿里地区,阿里监测站,,38,,5,26,4,104,,98,98,7,6,6,6,0.2,0.3
2024-08-20T1800,3192A,80.0903,32.5028,阿里地区,阿里藏医院,,32,8,9,7,6,102,,93,93,3,5,7,7,0.3,0.3
2024-08-20T1800,2642A,109.0318,32.6537,安康市,香溪洞,颗粒物(PM10),80,109,49,24,15,104,,109,109,60,17,7,6,0.4,0.3
2024-08-20T1800,2643A,109.0281,32.6939,安康市,安康市监测站,,40,26,27,13,14,126,,117,117,7,9,6,7,0.5,0.5
2024-08-20T1800,2644A,109.0072,32.6975,安康市,汉滨区检察院,,39,27,23,19,13,124,,111,111,10,9,8,8,0.5,0.5
2024-08-20T1800,2291A,117.0809,30.5177,安庆市,环科院,,37,21,15,12,11,117,,112,112,7,8,6,6,0.6,0.7
2024-08-20T1800,2292A,117.0331,30.5119,安庆市,马山宾馆,,37,11,13,10,11,116,,113,113,10,8,8,8,0.2,0.3
2024-08-20T1800,2294A,116.9896,30.6145,安庆市,安庆大学,,35,15,14,13,11,111,,107,107,4,6,7,8,0.5,0.5
2024-08-20T1800,3173A,117.0598,30.5351,安庆市,市人大,,36,18,16,11,14,114,,110,110,4,4,6,6,0.3,0.3
2024-08-20T1800,3123A,105.9408,26.2431,安顺市,凤凰山,,42,20,25,15,20,133,,125,125,6,12,8,8,0.4,0.5
2024-08-20T1800,3124A,105.9439,26.2564,安顺市,金钟山,,43,18,23,15,20,136,,127,127,4,7,6,6,0.6,0.7
2024-08-20T1800,3125A,105.8983,26.2481,安顺市,娄家坡,,42,25,24,18,18,132,,124,124,6,6,7,8,0.6,0.6
2024-08-20T1800,1819A,114.3551,36.1017,安阳市,红庙街,,48,37,35,18,16,151,,151,151,1,7,1,9,0.5,1.3
2024-08-20T1800,1820A,114.361,36.0681,安阳市,银杏小区,,,38,30,,17,145,,150,150,5,6,2,3,0.5,1
2024-08-20T1800,3141A,114.3922,36.0878,安阳市,信访局,,47,38,35,22,15,149,,154,154,2,6,2,5,0.4,1.2
2024-08-20T1800,3669A,114.4705,36.0637,安阳市,左辅环卫站,,43,26,35,15,18,137,,142,142,2,8,4,6,0.4,1.2
2024-08-20T1800,3703A,114.2917,36.0949,安阳市,安钢职工学校,,50,49,45,21,21,159,,150,150,6,11,5,6,0.6,1.3
2024-08-20T1800,1748A,123.044,41.1196,鞍山市,深沟寺,,22,22,23,12,12,39,,35,35,6,14,4,4,0.5,0.6
2024-08-20T1800,1749A,123.011,41.0931,鞍山市,太阳城,,18,16,17,12,9,40,,39,39,7,7,4,3,0.5,0.5
2024-08-20T1800,1750A,123.0485,41.1442,鞍山市,太平,,28,28,26,17,12,43,,43,43,15,27,4,4,0.6,0.7
2024-08-20T1800,1751A,122.9642,41.0971,鞍山市,铁西三道街,,22,22,21,15,12,43,,53,53,16,19,2,2,0.7,0.8
2024-08-20T1800,1752A,122.9341,41.0833,鞍山市,铁西工业园区,,24,24,25,14,11,44,,49,49,9,19,6,6,0.7,0.9
2024-08-20T1800,1753A,123.022,41.0821,鞍山市,明达新区,,19,19,16,11,7,44,,48,48,6,4,3,2,0.4,0.4
2024-08-20T1800,2195A,107.4212,40.761,巴彦淖尔市,附二中,,49,33,31,16,20,156,,142,142,4,11,4,5,0.4,0.4
2024-08-20T1800,2196A,107.37,40.7372,巴彦淖尔市,市环保大楼,,48,26,34,18,12,152,,139,139,4,8,4,4,0.4,0.3
2024-08-20T1800,1956A,86.1472,41.7538,巴音郭楞蒙古自治州,孔雀公园,颗粒物(PM10),69,88,69,20,16,104,,113,98,8,12,4,4,0.2,0.2
2024-08-20T1800,1957A,86.1972,41.7166,巴音郭楞蒙古自治州,棉纺厂,颗粒物(PM10),52,54,67,27,21,106,,104,103,10,11,5,5,0.2,0.2
2024-08-20T1800,1958A,86.2357,41.7173,巴音郭楞蒙古自治州,经济开发区,颗粒物(PM10),60,70,61,21,18,110,,108,108,5,6,6,7,0.2,0.2
2024-08-20T1800,2914A,106.7677,31.8794,巴中市,苏山坪,,42,33,29,25,21,133,,134,134,8,7,5,5,0.6,0.5
2024-08-20T1800,3182A,106.7656,31.8545,巴中市,丽阳花园,,41,33,37,23,27,129,,131,131,9,15,4,4,0.5,0.6
2024-08-20T1800,3183A,106.7418,31.8654,巴中市,圣泉水务公司,,41,31,32,24,24,130,,135,135,7,13,4,3,0.6,0.6
2024-08-20T1800,3616A,106.7616,31.8344,巴中市,市中心医院,,40,33,41,23,29,126,,130,130,8,16,4,4,0.5,0.6
2024-08-20T1800,2235A,122.7911,45.6077,白城市,洮北区环保局,,19,11,13,7,6,58,,54,54,12,8,9,9,0.5,0.5
2024-08-20T1800,2236A,122.8738,45.5725,白城市,市环保局,,22,22,23,3,3,61,,53,53,9,8,4,3,0.4,0.5
2024-08-20T1800,2231A,126.4219,41.9171,白山市,喜丰,,40,40,25,3,7,50,,66,66,20,7,6,7,0.6,0.5
2024-08-20T1800,2232A,126.4077,41.9419,白山市,环保局,,24,24,29,3,12,45,,64,60,12,14,2,8,0.6,0.7
2024-08-20T1800,2647A,104.1724,36.5446,白银市,第三小学,,45,45,38,11,14,130,,134,130,7,18,5,38,0.3,0.6
2024-08-20T1800,2648A,104.1465,36.5482,白银市,动力公司,,47,47,25,6,10,128,,121,121,6,10,5,15,0.2,0.4
2024-08-20T1800,2512A,106.6103,23.9011,百色市,市监测站,,43,43,41,14,23,81,,121,121,6,14,4,10,0.7,0.9
2024-08-20T1800,2513A,106.6538,23.8859,百色市,市中心血站,颗粒物(PM10),67,84,48,22,24,82,,127,127,7,15,3,14,0.7,0.8
2024-08-20T1800,3406A,106.6085,23.8798,百色市,祈福高中,颗粒物(PM10),61,71,52,20,25,82,,120,115,4,15,3,7,0.7,0.9
2024-08-20T1800,2270A,117.396,32.939,蚌埠市,工人疗养院,,44,25,23,14,11,139,,133,133,5,5,7,7,0.4,0.4
2024-08-20T1800,2271A,117.3605,32.9427,蚌埠市,百货大楼,,46,22,23,13,12,146,,138,138,1,3,6,6,0.4,0.4
2024-08-20T1800,2273A,117.4185,32.8911,蚌埠市,蚌埠学院,,42,22,16,17,13,134,,136,136,7,8,7,6,0.5,0.5
2024-08-20T1800,2274A,117.3533,32.9673,蚌埠市,淮上区政府,,48,22,21,15,13,151,,141,141,2,3,7,6,0.6,0.6
2024-08-20T1800,2275A,117.3145,32.8977,蚌埠市,高新区,,46,27,21,17,14,145,,138,138,4,7,5,6,0.5,0.5
2024-08-20T1800,3715A,117.3092,32.9314,蚌埠市,蚌埠田家炳中学,,46,34,24,19,14,147,,140,140,3,3,4,7,0.4,0.5
2024-08-20T1800,1585A,109.8756,40.6532,包头市,市环境监测站,,43,12,15,3,8,135,,144,144,10,16,4,8,0.4,0.5
2024-08-20T1800,1587A,109.9991,40.5842,包头市,包头八中,,40,22,28,3,13,125,,141,141,16,30,3,13,0.5,1
2024-08-20T1800,1588A,109.8538,40.6821,包头市,青山宾馆,,40,18,13,7,7,128,,137,137,14,14,7,6,0.5,0.5
2024-08-20T1800,1589A,109.8642,40.6288,包头市,惠龙物流,,41,,13,11,7,130,,148,148,16,16,6,7,0.2,0.4
2024-08-20T1800,1590A,110.0377,40.5546,包头市,东河鸿龙湾,,40,18,24,7,11,128,,140,140,12,25,4,11,0.5,0.9
2024-08-20T1800,3283A,109.9154,40.5685,包头市,滨河大厦,,41,18,16,9,9,129,,149,149,10,23,7,11,0.5,0.6
2024-08-20T1800,3419A,109.9447,40.6261,包头市,包头市委党校,,40,18,20,3,10,128,,141,141,12,31,3,6,0.4,0.5
2024-08-20T1800,3683A,109.8331,40.6576,包头市,昆区政府,,43,,13,21,17,136,,141,140,10,13,3,6,0.4,0.5
2024-08-20T1800,1930A,107.185,34.3063,宝鸡市,庙沟村,,50,47,35,25,16,157,,147,147,11,12,7,7,0.5,0.5
2024-08-20T1800,1931A,107.0708,34.3017,宝鸡市,竹园沟,,50,50,33,20,17,146,,145,145,11,14,8,8,0.6,0.5
2024-08-20T1800,1932A,107.1906,34.3672,宝鸡市,三陆医院,,49,49,50,28,24,140,,156,156,14,23,9,11,0.7,0.7
2024-08-20T1800,1933A,107.1431,34.3547,宝鸡市,监测站,颗粒物(PM10),65,80,58,30,25,111,,143,139,27,24,8,8,0.5,0.5
2024-08-20T1800,1934A,107.1186,34.3739,宝鸡市,技工学校,,45,45,42,30,25,122,,145,145,10,16,8,9,0.6,0.6
2024-08-20T1800,1935A,107.3906,34.3528,宝鸡市,陈仓区环保局家属楼,臭氧1小时,62,44,39,22,19,169,,160,160,15,25,9,9,0.7,0.6
2024-08-20T1800,1937A,107.2386,34.3622,宝鸡市,三迪小学,,,32,41,27,27,154,,159,159,,15,10,9,0.7,0.6
2024-08-20T1800,1051A,115.493,38.8632,保定市,游泳馆,,38,20,25,3,12,120,,126,125,9,10,2,2,0.2,0.3
2024-08-20T1800,1052A,115.5213,38.8959,保定市,华电二区,,37,23,25,13,13,116,,122,122,4,7,3,3,0.0,0.2
2024-08-20T1800,1053A,115.4713,38.9108,保定市,接待中心,,34,22,28,3,11,108,,114,114,2,8,3,2,0.4,0.5
2024-08-20T1800,1054A,115.4612,38.8416,保定市,地表水厂,,37,34,29,6,12,118,,121,121,2,3,2,2,0.2,0.3
2024-08-20T1800,3581A,115.31981,38.95208,保定市,满城区生态环境分局,,40,,26,9,12,126,,130,130,7,11,4,4,0.2,0.4
2024-08-20T1800,3582A,115.47694,38.76408,保定市,清苑区第二中学,,46,46,33,21,19,127,,129,129,5,10,5,5,0.4,0.4
2024-08-20T1800,3583A,115.62909,39.02311,保定市,徐水物探局,,32,7,22,3,11,100,,118,118,8,13,3,3,0.3,0.5
2024-08-20T1800,4004A,115.4202,38.8656,保定市,双鹰农机,,40,23,24,9,11,126,,133,133,4,7,2,2,0.2,0.4
2024-08-20T1800,4034A,115.5150,38.8590,保定市,植保所站,,41,26,25,12,15,131,,136,136,2,5,4,3,0.4,0.5
2024-08-20T1800,2594A,99.1678,25.1081,保山市,市环境监测站,,39,36,32,27,17,80,,67,67,9,12,5,5,0.4,0.5
2024-08-20T1800,2595A,99.1711,25.1328,保山市,市环保局,,30,30,36,3,8,86,,72,72,9,10,5,5,0.5,0.6
2024-08-20T1800,1867A,109.1436,21.4086,北海市,海滩公园,颗粒物(PM10),59,68,40,3,4,67,,62,60,5,8,3,3,0.8,0.6
2024-08-20T1800,1868A,109.0981,21.4661,北海市,新市环保局,,25,25,14,9,5,66,,70,70,6,6,3,2,0.4,0.5
2024-08-20T1800,1869A,109.1778,21.5233,北海市,北海工业园,,27,27,20,12,7,61,,65,65,7,8,4,4,0.5,0.5
2024-08-20T1800,3400A,109.1911,21.4415,北海市,龙潭自来水厂,,22,22,13,11,6,67,,69,69,4,5,3,4,0.5,0.4
2024-08-20T1800,1001A,116.3621,39.8784,北京市,万寿西宫,,22,6,18,3,13,70,,75,75,7,14,3,3,0.5,0.7
2024-08-20T1800,1002A,116.2202,40.2915,北京市,定陵,,12,7,15,3,4,36,,50,46,6,3,1,1,0.4,0.4
2024-08-20T1800,1003A,116.4174,39.9289,北京市,东四,,23,6,18,3,13,71,,79,79,13,16,2,3,0.7,0.8
2024-08-20T1800,1004A,116.4072,39.8863,北京市,天坛,,22,6,17,3,12,68,,75,75,12,16,3,3,0.5,0.6
2024-08-20T1800,1005A,116.462,39.9365,北京市,农展馆,,19,6,16,3,11,59,,67,67,11,14,3,3,0.5,0.6
2024-08-20T1800,1006A,116.3392,39.9295,北京市,官园,,21,6,16,3,11,67,,75,75,8,14,2,3,0.4,0.6
2024-08-20T1800,1007A,116.2878,39.9611,北京市,海淀万柳,,20,9,18,3,12,63,,65,65,11,18,2,2,0.4,0.5
2024-08-20T1800,1008A,116.6636,40.135,北京市,顺义新城,,20,8,13,3,8,63,,65,65,5,7,3,3,0.4,0.5
2024-08-20T1800,1009A,116.6275,40.3275,北京市,怀柔镇,,18,6,14,3,8,57,,60,60,9,7,6,5,0.4,0.5
2024-08-20T1800,1010A,116.2296,40.217,北京市,昌平镇,,13,11,15,3,8,40,,52,52,14,20,4,4,0.4,0.4
2024-08-20T1800,1011A,116.3966,39.9821,北京市,奥体中心,,20,6,16,3,10,63,,70,70,11,22,1,2,0.5,0.6
2024-08-20T1800,1012A,116.184,39.9136,北京市,古城,,23,8,18,3,12,73,,77,77,9,15,1,1,0.5,0.6
2024-08-20T1800,3281A,115.9718,40.4529,北京市,延庆夏都,,16,6,16,3,10,50,,56,56,2,3,3,3,0.4,0.4
2024-08-20T1800,3417A,117.0709,40.1465,北京市,平谷新城,,18,6,17,3,11,56,,55,55,5,5,3,3,0.4,0.6
2024-08-20T1800,3418A,116.8336,40.4095,北京市,密云新城,,19,,13,3,7,59,,63,63,4,4,1,3,0.4,0.4
2024-08-20T1800,3671A,116.088,39.9726,北京市,门头沟三家店,,16,6,9,3,10,50,,57,57,7,9,3,3,0.5,0.5
2024-08-20T1800,3672A,116.1541,39.8204,北京市,丰台云岗,,16,12,19,3,12,50,,61,61,9,10,3,3,0.4,0.5
2024-08-20T1800,3674A,115.9577,39.7603,北京市,房山燕山,,21,6,19,3,13,67,,70,68,3,6,3,3,0.3,0.4
2024-08-20T1800,3675A,116.4672,39.7733,北京市,大兴旧宫,,22,6,18,3,14,70,,72,72,2,8,3,3,0.5,0.6
2024-08-20T1800,3694A,115.986,40.4563,北京市,延庆石河营,,15,6,16,3,11,45,,51,51,2,8,3,3,0.4,0.4
2024-08-20T1800,3695A,116.6151,40.3053,北京市,怀柔新城,,18,6,12,3,8,57,,60,60,4,3,1,3,0.5,0.5
2024-08-20T1800,3696A,116.2545,39.8768,北京市,丰台小屯,,22,8,18,3,11,68,,68,68,7,11,5,5,0.4,0.5
2024-08-20T1800,3697A,116.84,40.3844,北京市,密云镇,,18,6,15,3,8,55,,59,59,4,9,2,1,0.7,0.7
2024-08-20T1800,1761A,123.8275,41.3064,本溪市,大峪,,37,37,27,15,8,52,,65,65,12,13,7,6,0.5,0.5
2024-08-20T1800,1762A,123.7567,41.3325,本溪市,溪湖,,42,39,32,29,13,45,,55,54,14,18,6,6,0.6,0.9
2024-08-20T1800,1763A,123.7169,41.3094,本溪市,彩屯,,44,44,37,24,20,29,,47,46,33,23,11,7,1.2,1
2024-08-20T1800,1764A,123.7669,41.2864,本溪市,东明,,31,31,29,17,11,60,,64,64,10,18,4,4,0.5,0.5
2024-08-20T1800,1765A,123.7992,41.2664,本溪市,新立屯,,50,50,21,12,8,30,,55,54,8,20,2,2,0.8,0.8
2024-08-20T1800,1766A,123.8142,41.3472,本溪市,威宁,,46,46,34,30,16,35,,50,48,17,16,8,8,0.6,0.7
2024-08-20T1800,2587A,105.2864,27.3125,毕节市,八中,,48,25,31,14,21,153,,132,132,10,17,11,7,0.3,0.5
2024-08-20T1800,2588A,105.31,27.2944,毕节市,师专,,48,18,38,14,25,153,,129,129,9,20,11,8,0.4,0.5
2024-08-20T1800,3537A,105.3631,27.3533,毕节市,长征村,臭氧1小时,64,19,43,16,37,171,,152,152,6,12,11,7,0.4,0.6
2024-08-20T1800,1629A,118.0018,37.3617,滨州市,第二水厂,,45,34,30,29,26,142,,113,113,6,9,2,2,1.0,0.7
2024-08-20T1800,1630A,117.9776,37.393,滨州市,北中新校,,41,39,33,27,22,129,,109,109,13,12,4,5,0.7,0.6
2024-08-20T1800,3514A,117.9378,37.3956,滨州市,中海酒店,,49,34,24,34,20,140,,115,115,8,9,4,5,0.7,0.6
2024-08-20T1800,3515A,117.9378,37.3553,滨州市,开发区一中,,48,31,31,29,26,152,,117,117,9,13,6,7,0.7,0.7
2024-08-20T1800,3516A,118.0917,37.694,滨州市,金海六路,,43,34,17,22,9,135,,110,110,9,12,3,2,0.7,0.6
2024-08-20T1800,4028A,117.9956,37.3753,滨州市,滨州市西街道办事处,,49,34,30,29,26,154,,124,124,6,8,3,4,0.7,0.7
2024-08-20T1800,2311A,115.8072,33.8399,亳州市,污水处理厂,,41,21,19,11,14,130,,131,131,8,7,2,3,0.4,0.5
2024-08-20T1800,2312A,115.7789,33.8518,亳州市,三国揽胜宫,,45,24,21,14,14,144,,140,140,4,6,2,2,0.4,0.5
2024-08-20T1800,3332A,115.7633,33.8034,亳州市,亳州学院,,46,20,15,13,13,147,,142,142,4,5,1,2,0.3,0.4
2024-08-20T1800,2693A,82.0485,44.8556,博尔塔拉蒙古自治州,市党校,,36,13,19,10,12,113,,98,98,6,12,7,7,0.4,0.4
2024-08-20T1800,2694A,82.0806,44.8969,博尔塔拉蒙古自治州,市环保局,,34,19,28,6,12,107,,87,87,8,14,5,6,0.4,0.5
2024-08-20T1800,1071A,116.8842,38.2991,沧州市,沧县城建局,,40,15,18,13,16,125,,108,108,5,11,3,6,0.6,0.7
2024-08-20T1800,1072A,116.8584,38.3254,沧州市,电视转播站,,36,22,25,7,17,113,,100,100,7,11,2,2,0.4,0.4
2024-08-20T1800,1073A,116.8709,38.3228,沧州市,市环保局,,37,16,22,6,16,118,,106,106,8,12,4,2,0.4,0.5
2024-08-20T1800,3324A,116.8136,38.3004,沧州市,河北水利电力学院,,39,,20,11,22,124,,110,110,7,13,5,5,0.3,0.6
2024-08-20T1800,2622A,97.1806,31.1273,昌都市,昌都监测站,,40,6,15,3,8,126,,111,111,2,10,5,5,0.5,0.5
2024-08-20T1800,3719A,97.1714,31.1406,昌都市,昌都会议中心,,44,6,11,3,6,138,,124,124,2,5,6,6,0.3,0.3
2024-08-20T1800,2690A,88.1236,43.8886,昌吉回族自治州,天山天池,,,,5,,4,75,,72,72,8,9,,3,,0.6
2024-08-20T1800,2692A,87.2717,44.0297,昌吉回族自治州,新区政务中心,,31,18,21,7,8,99,,96,96,9,30,10,9,0.5,0.7
2024-08-20T1800,3613A,87.3095,44.0142,昌吉回族自治州,亚心广场,,35,17,24,3,8,112,,104,104,10,36,5,4,0.2,0.4
2024-08-20T1800,1119A,125.3325,43.9166,长春市,食品厂,,16,9,21,9,13,51,,59,59,18,11,2,3,0.5,0.5
2024-08-20T1800,1120A,125.2863,43.9027,长春市,客车厂,,19,15,26,8,14,38,,55,55,37,17,5,6,0.5,0.5
2024-08-20T1800,1121A,125.2841,43.8463,长春市,邮电学院,,17,17,29,7,13,31,,52,52,17,14,6,6,0.5,0.5
2024-08-20T1800,1122A,125.3716,43.8772,长春市,劳动公园,,22,22,30,8,12,38,,57,57,29,17,6,6,0.7,0.7
2024-08-20T1800,1123A,125.3297,43.8805,长春市,园林处,,14,14,25,7,11,42,,66,63,25,15,3,3,0.6,0.5
2024-08-20T1800,1124A,125.4605,43.79,长春市,净月潭,,10,10,19,6,8,27,,59,58,3,5,5,5,0.4,0.5
2024-08-20T1800,1126A,125.3863,43.8447,长春市,经开区环卫处,,19,9,23,7,10,31,,63,63,37,19,5,5,0.6,0.6
2024-08-20T1800,1127A,125.245,43.7783,长春市,高新区管委会,,18,18,24,3,14,50,,72,72,23,18,2,2,0.5,0.6
2024-08-20T1800,1128A,125.1761,43.8325,长春市,岱山公园,,16,14,28,11,14,40,,61,61,30,27,2,2,0.5,0.6
2024-08-20T1800,1335A,113.0833,28.2325,长沙市,经开区环保局,,47,34,30,28,18,150,,138,138,10,14,1,2,0.5,0.4
2024-08-20T1800,1336A,112.8872,28.2189,长沙市,高开区环保局,,48,34,39,19,22,153,,143,143,6,21,2,2,0.6,0.6
2024-08-20T1800,1337A,113.0792,28.2053,长沙市,马坡岭,臭氧1小时,72,35,31,17,18,177,,163,163,7,15,2,2,0.6,0.6
2024-08-20T1800,1338A,112.9394,28.19,长沙市,湖南师范大学,,49,41,41,21,24,156,,155,155,4,16,5,4,0.7,0.8
2024-08-20T1800,1339A,113.0178,28.1322,长沙市,雨花区环保局,,50,43,38,18,18,157,,152,152,7,23,4,4,0.4,0.5
2024-08-20T1800,1340A,112.9792,28.2597,长沙市,伍家岭,,44,33,38,11,20,138,,136,136,5,13,1,1,0.6,0.5
2024-08-20T1800,1341A,113.0014,28.1944,长沙市,火车新站,臭氧1小时,52,37,35,24,21,161,,152,152,5,15,3,3,0.5,0.5
2024-08-20T1800,1342A,112.9844,28.1178,长沙市,天心区环保局,,47,33,44,27,27,150,,144,144,12,26,2,2,1.1,0.9
2024-08-20T1800,1343A,112.8908,28.1308,长沙市,湖南中医药大学,,50,36,46,29,30,159,,162,162,8,21,5,4,0.4,0.6
2024-08-20T1800,1344A,112.9581,28.3611,长沙市,沙坪,,47,29,39,26,17,148,,140,140,6,6,7,7,0.7,0.7
2024-08-20T1800,1727A,113.1147,36.1547,长治市,清华站,,36,18,26,7,12,113,,131,131,20,18,4,6,0.3,1
2024-08-20T1800,1728A,113.1031,36.1989,长治市,监测站,,39,15,29,3,13,123,,131,131,15,23,7,8,0.7,1.3
2024-08-20T1800,1730A,113.0886,36.2125,长治市,审计局,,39,9,25,3,14,122,,124,124,14,26,4,5,0.5,1
2024-08-20T1800,1731A,113.0844,36.1856,长治市,长治八中,,39,8,31,8,13,124,,127,127,14,23,5,6,0.3,0.8
2024-08-20T1800,2845A,113.1569,36.1911,长治市,德盛苑,,37,11,24,3,12,116,,132,132,8,12,7,7,1.0,1.4
2024-08-20T1800,3568A,113.06,36.0464,长治市,向阳小学,,36,27,49,17,22,114,,133,133,14,16,8,9,0.4,0.7
2024-08-20T1800,3569A,112.8792,36.3144,长治市,屯留一中,,42,25,37,8,18,132,,135,135,6,24,7,13,0.2,0.8
2024-08-20T1800,3570A,113.235,36.3489,长治市,潞城四中,,36,31,37,10,28,114,,145,145,14,17,4,7,0.7,1.1
2024-08-20T1800,1854A,111.6975,28.9703,常德市,市二中,,43,28,34,14,26,135,,131,131,3,15,6,9,0.5,0.6
2024-08-20T1800,3138A,111.7153,29.0289,常德市,武陵区永安,,41,28,34,16,22,129,,126,126,3,10,7,7,0.5,0.5
2024-08-20T1800,3139A,111.6892,28.9881,常德市,鼎城区玉霞,,43,30,38,16,29,135,,127,127,3,15,6,6,0.5,0.6
2024-08-20T1800,3140A,111.6625,29.0531,常德市,武陵区长庚,,43,26,34,19,24,136,,132,132,3,10,6,7,0.5,0.6
2024-08-20T1800,1196A,119.9633,31.762,常州市,市监测站,,28,10,27,8,15,87,,106,106,16,20,5,6,0.5,0.6
2024-08-20T1800,1200A,119.9468,31.7069,常州市,武进监测站,,23,16,22,6,14,72,,98,98,20,20,7,8,0.7,0.8
2024-08-20T1800,1201A,119.9255,31.9087,常州市,安家,,29,29,28,18,18,83,,74,74,21,21,4,4,0.8,0.7
2024-08-20T1800,3002A,119.9805,31.8174,常州市,行政中心,,26,17,24,15,19,81,,94,94,21,22,9,8,0.4,0.5
2024-08-20T1800,3003A,120.0522,31.7748,常州市,经开区,,25,15,24,12,14,77,,90,90,17,21,6,7,0.5,0.5
2024-08-20T1800,3010A,119.9025,31.7964,常州市,钟楼,,22,11,29,6,14,68,,75,75,18,20,6,7,0.6,0.7
2024-08-20T1800,3429A,119.8598,31.7066,常州市,武进经发区,,26,8,26,3,15,81,,92,92,11,24,8,9,0.5,0.6
2024-08-20T1800,3430A,119.5826,31.7245,常州市,金坛城区,,28,,20,3,17,87,,85,85,12,17,8,7,0.8,0.7
2024-08-20T1800,2221A,120.4521,41.5646,朝阳市,河畔小区,,13,9,12,3,8,39,,31,30,8,7,6,7,0.7,0.7
2024-08-20T1800,2222A,120.4176,41.5648,朝阳市,八里堡,,12,10,12,6,11,37,,30,30,12,10,5,6,0.8,0.7
2024-08-20T1800,2223A,120.3806,41.5969,朝阳市,农业园区,,15,,11,10,9,41,,35,32,6,8,3,3,0.5,0.3
2024-08-20T1800,1705A,116.6367,23.6719,潮州市,西园路,,10,9,17,3,10,28,,32,32,19,15,2,2,0.6,0.6
2024-08-20T1800,3026A,116.6183,23.6608,潮州市,市政府,,23,23,21,9,9,23,,39,37,34,15,7,5,0.8,0.8
2024-08-20T1800,4036A,116.6461,23.6761,潮州市,金山,,15,15,17,10,11,32,,39,39,16,13,5,6,0.7,0.7
2024-08-20T1800,2472A,113.0073,25.9061,郴州市,马头岭,,26,26,25,3,7,66,,82,82,3,7,6,7,0.1,0.1
2024-08-20T1800,2473A,113.0116,25.8226,郴州市,市职中,,38,,24,26,18,79,,96,96,3,9,6,8,0.5,0.5
2024-08-20T1800,2474A,113.0161,25.8001,郴州市,兴隆步行街,,30,22,31,21,15,74,,97,97,6,11,5,7,0.8,0.8
2024-08-20T1800,2475A,113.0383,25.8071,郴州市,市审计局,,33,29,26,23,18,72,,92,92,9,14,3,4,0.6,0.6
2024-08-20T1800,2476A,113.0348,25.7759,郴州市,市环保局,,40,33,28,28,20,74,,89,89,11,17,3,3,0.8,0.7
2024-08-20T1800,1431A,103.9728,30.7236,成都市,金泉两河,臭氧1小时,114,66,49,34,35,228,,205,205,8,19,2,3,0.6,0.6
2024-08-20T1800,1432A,104.176,30.6872,成都市,十里店,,,39,46,26,29,179,,186,185,9,26,4,4,,0.7
2024-08-20T1800,1433A,104.079,30.5706,成都市,三瓦窑,臭氧1小时,75,36,45,35,30,180,,178,178,19,45,2,3,0.6,0.7
2024-08-20T1800,1434A,104.1114,30.63,成都市,沙河铺,臭氧1小时,63,49,39,25,24,170,,168,168,12,18,5,6,0.5,1
2024-08-20T1800,1437A,104.0786,30.6531,成都市,君平街,臭氧1小时,124,77,48,44,29,247,,208,208,20,25,5,5,0.5,0.6
2024-08-20T1800,2880A,104.0239,30.65639,成都市,大石西路,臭氧1小时,114,57,43,19,29,228,,190,190,18,25,5,5,0.5,0.6
2024-08-20T1800,3136A,104.2725,30.5589,成都市,龙泉驿区区政府,臭氧1小时,83,27,28,17,19,186,,178,178,8,10,4,5,0.5,0.5
2024-08-20T1800,3357A,104.0106,30.6931,成都市,金博路,臭氧1小时,111,52,46,38,31,222,,195,195,18,28,2,3,0.4,0.5
2024-08-20T1800,3359A,104.0578,30.5225,成都市,华阳,臭氧1小时,63,34,40,27,33,170,,171,171,1,13,3,4,0.6,0.8
2024-08-20T1800,3487A,104.2394,30.5319,成都市,车城东七路,臭氧1小时,102,39,40,30,26,203,,185,185,6,12,3,3,0.4,0.5
2024-08-20T1800,3488A,104.3853,30.7453,成都市,青白江技师分院,臭氧1小时,73,34,31,9,17,178,,185,185,12,23,2,2,0.7,0.8
2024-08-20T1800,3489A,104.0789,30.4072,成都市,科学城,臭氧1小时,60,44,37,34,29,168,,160,160,1,13,4,4,0.3,0.5
2024-08-20T1800,4011A,103.8506,30.6947,成都市,光华大道三段,臭氧1小时,59,43,50,11,26,167,,182,182,9,16,3,3,0.6,0.6
2024-08-20T1800,1062A,117.9531,40.9081,承德市,铁路,,12,6,10,3,5,37,,43,28,13,23,7,7,0.3,0.3
2024-08-20T1800,1063A,117.9392,40.9763,承德市,中国银行,,11,,9,3,5,34,,46,38,13,15,4,4,0.3,0.3
2024-08-20T1800,1064A,117.9503,40.928,承德市,开发区,,13,13,16,6,6,39,,56,37,12,12,6,5,0.3,0.4
2024-08-20T1800,1065A,117.8051,40.9655,承德市,文化中心,,15,9,11,6,4,46,,64,42,8,10,6,6,0.3,0.3
2024-08-20T1800,1066A,117.9268,41.0026,承德市,离宫,,10,6,14,3,5,31,,35,28,3,5,2,2,0.4,0.4
2024-08-20T1800,2314A,117.47,30.6618,池州市,池州学院,,38,16,13,12,10,119,,113,113,8,5,8,4,0.5,0.5
2024-08-20T1800,3237A,117.4918,30.6617,池州市,展览馆,,38,15,15,11,10,120,,110,110,6,5,5,4,0.6,0.6
2024-08-20T1800,3333A,117.5627,30.695,池州市,第八中学,,40,16,16,9,10,125,,107,107,6,10,3,3,0.4,0.5
2024-08-20T1800,3334A,117.5038,30.6243,池州市,第十二中学,,37,19,16,10,9,117,,108,108,7,10,4,3,0.7,0.9
2024-08-20T1800,1744A,118.9233,42.2816,赤峰市,松山一中,,9,6,9,3,2,18,,40,25,18,15,9,9,0.7,0.6
2024-08-20T1800,1745A,118.9576,42.2728,赤峰市,哈达街,,7,6,5,3,5,20,,39,28,12,11,7,8,0.5,0.5
2024-08-20T1800,1746A,118.8788,42.2554,赤峰市,天义路,,,5,7,,6,15,,42,26,20,14,7,6,0.5,0.4
2024-08-20T1800,3058A,119.2658,42.0353,赤峰市,银河街,,6,6,6,3,6,19,,38,27,11,11,10,10,0.4,0.4
2024-08-20T1800,3286A,118.9359,42.3147,赤峰市,桥北物流园区,,7,6,6,3,3,17,,40,28,14,8,8,7,0.7,0.7
2024-08-20T1800,2521A,107.3476,22.4136,崇左市,市环保局江州分局,,26,16,25,13,13,82,,90,90,3,9,6,6,0.6,0.6
2024-08-20T1800,2522A,107.3702,22.3707,崇左市,城南新区,,21,12,22,10,12,65,,84,84,4,7,4,4,0.5,0.5
2024-08-20T1800,2298A,118.3093,32.3153,滁州市,老年大学,,42,19,18,14,14,134,,127,127,4,9,6,6,0.2,0.4
2024-08-20T1800,2299A,118.3244,32.2786,滁州市,人大宾馆,,42,23,20,15,16,134,,131,131,8,10,6,6,0.4,0.6
2024-08-20T1800,3207A,118.3118,32.3038,滁州市,市政府原办公楼,,41,17,15,16,18,131,,125,125,6,9,6,6,0.7,0.8
2024-08-20T1800,3331A,118.3267,32.2634,滁州市,图书馆,,41,21,18,16,15,129,,126,126,7,8,3,4,0.7,0.8
2024-08-20T1800,2605A,101.5482,25.0441,楚雄彝族自治州,州环境监测站,,36,36,25,13,21,73,,93,93,16,17,6,5,0.7,0.8
2024-08-20T1800,2606A,101.538,25.0492,楚雄彝族自治州,市经济开发区,,30,30,28,19,21,73,,95,93,16,16,6,5,0.6,0.8
2024-08-20T1800,2548A,107.5277,31.2827,达州市,达州职业技术学院,,41,40,47,13,26,130,,129,129,20,35,9,7,0.9,0.8
2024-08-20T1800,2549A,107.5086,31.2186,达州市,市环境监测站,,46,42,45,9,23,145,,139,139,14,24,8,8,0.6,0.6
2024-08-20T1800,2550A,107.4988,31.2132,达州市,凤凰小区,,48,31,42,12,26,152,,148,148,11,21,9,9,0.6,0.6
2024-08-20T1800,2551A,107.5082,31.1986,达州市,达县机关宾馆,,46,31,47,3,23,146,,140,140,20,32,4,6,0.3,0.4
2024-08-20T1800,2552A,107.4644,31.2124,达州市,市政中心,,49,33,50,14,26,155,,153,153,13,23,7,7,0.7,0.8
2024-08-20T1800,2614A,100.1542,25.7054,大理白族自治州,大理市环境监测站,,24,,9,14,11,76,,77,77,9,6,4,4,0.6,0.6
2024-08-20T1800,2615A,100.2171,25.5811,大理白族自治州,大理古城,,40,,21,28,11,68,,79,79,13,12,7,7,0.7,0.6
2024-08-20T1800,1109A,121.612,38.9741,大连市,甘井子,,20,9,12,3,6,64,,68,61,16,12,7,6,0.0,0.1
2024-08-20T1800,1110A,121.565,38.9511,大连市,周水子,,19,12,16,8,10,60,,64,60,18,13,6,6,0.4,0.5
2024-08-20T1800,1111A,121.5637,38.8845,大连市,星海三站,,21,10,13,3,7,67,,70,64,8,5,7,6,0.2,0.4
2024-08-20T1800,1112A,121.6302,38.9117,大连市,青泥洼桥,,20,10,11,6,7,62,,66,58,7,4,7,7,0.5,0.5
2024-08-20T1800,1113A,121.6251,38.8638,大连市,傅家庄,,,15,14,7,7,71,,80,70,10,6,5,5,,0.5
2024-08-20T1800,1114A,121.5213,38.8661,大连市,七贤岭,,21,10,12,3,7,65,,71,67,11,8,6,6,0.2,0.2
2024-08-20T1800,1115A,121.2529,38.8061,大连市,旅顺,,24,,11,3,7,74,,77,76,10,10,8,7,0.3,0.3
2024-08-20T1800,1116A,121.7485,39.1311,大连市,金州,,17,6,6,3,5,54,,62,57,9,5,8,7,0.7,0.6
2024-08-20T1800,1117A,121.7811,39.0496,大连市,开发区,,18,13,16,3,9,57,,65,60,14,10,8,8,0.3,0.3
2024-08-20T1800,1118A,121.9762,39.0631,大连市,双D港,,19,11,11,6,6,58,,71,64,7,7,6,6,0.4,0.4
2024-08-20T1800,1789A,124.81117,46.03138,大庆市,大同区,,20,20,10,10,11,58,,57,57,7,5,7,7,0.3,0.3
2024-08-20T1800,1790A,125.129,46.533,大庆市,龙凤区,,27,27,15,8,9,66,,65,65,10,5,4,4,0.4,0.3
2024-08-20T1800,1791A,124.902,46.408,大庆市,红岗区,,22,18,18,12,13,70,,67,67,5,6,7,8,0.4,0.3
2024-08-20T1800,1792A,125.153,46.586,大庆市,萨尔图区,,20,14,13,3,6,64,,66,66,10,4,5,5,0.1,0
2024-08-20T1800,1793A,124.9042,46.6215,大庆市,让胡路区,,23,23,21,14,8,56,,57,57,9,8,9,8,0.2,0.1
2024-08-20T1800,3481A,125.141,46.634,大庆市,萨区政府监测点,,21,13,17,3,6,65,,64,64,4,5,6,6,0.2,0.2
2024-08-20T1800,1723A,113.2994,40.0758,大同市,云冈宾馆,,35,24,37,14,18,110,,123,123,23,21,6,8,0.7,0.9
2024-08-20T1800,1724A,113.3444,40.0917,大同市,大同大学,,30,20,25,8,14,95,,118,118,23,22,6,9,0.6,0.5
2024-08-20T1800,1725A,113.2661,40.1269,大同市,安家小村,,29,22,32,7,10,92,,107,107,23,21,9,10,0.6,0.7
2024-08-20T1800,1726A,113.2711,40.0844,大同市,教育学院,,34,27,35,15,16,107,,118,118,30,31,10,11,0.6,0.8
2024-08-20T1800,3282A,113.3397,40.0597,大同市,大同市卫生学校,,31,30,32,12,16,99,,124,124,19,20,7,9,0.6,0.8
2024-08-20T1800,3565A,113.1367,40.1122,大同市,云冈站,,28,15,28,3,13,87,,111,111,24,20,8,12,0.4,0.6
2024-08-20T1800,3566A,113.1186,40.2556,大同市,图书馆,,38,19,20,15,14,121,,124,124,9,12,8,9,0.5,0.7
2024-08-20T1800,3567A,113.5931,40.0461,大同市,区一中,,34,7,18,7,10,107,,118,118,11,10,5,6,0.5,0.5
2024-08-20T1800,3676A,113.2802,40.0995,大同市,第二人民医院,,35,18,37,14,16,112,,120,120,22,22,10,11,0.5,0.7
2024-08-20T1800,2269A,124.1069,50.4097,大兴安岭地区,科技局,,28,28,20,17,14,71,,67,67,4,3,6,7,0.2,0.1
2024-08-20T1800,3663A,124.1164,50.4278,大兴安岭地区,红旗社区,,24,24,16,14,14,71,,66,66,7,6,5,5,0.4,0.3
2024-08-20T1800,1600A,124.3303,40.0625,丹东市,江湾东路,,38,38,24,18,14,20,,47,45,35,12,1,3,0.9,0.7
2024-08-20T1800,1601A,124.4256,40.1503,丹东市,临江后街,,23,23,20,12,10,28,,46,45,18,10,4,5,0.7,0.6
2024-08-20T1800,1602A,124.3933,40.1461,丹东市,元宝山,,28,28,21,15,12,23,,32,31,10,6,1,1,0.6,0.6
2024-08-20T1800,1603A,124.3633,40.1092,丹东市,民主桥,,30,30,24,15,12,18,,40,40,29,16,3,2,0.7,0.6
2024-08-20T1800,3541A,109.5726,19.5167,儋州市,第一中学子站,,15,15,18,7,9,35,,44,44,5,4,4,4,0.5,0.6
2024-08-20T1800,3542A,109.5567,19.5187,儋州市,东坡学校子站,,15,14,16,10,10,34,,47,46,5,4,2,2,0.6,0.6
2024-08-20T1800,2616A,98.5842,24.428,德宏傣族景颇族自治州,德宏州监测站,,16,16,20,6,8,43,,56,56,12,10,23,15,0.6,0.7
2024-08-20T1800,3677A,98.5881,24.4368,德宏傣族景颇族自治州,芒市人民政府综合楼,,18,18,15,11,8,40,,53,53,14,16,25,23,0.7,0.8
2024-08-20T1800,1901A,104.4239,31.1208,德阳市,东山公园,臭氧1小时,83,39,39,22,27,186,,181,181,9,13,3,7,0.7,0.7
2024-08-20T1800,1902A,104.3826,31.1317,德阳市,西小区,臭氧1小时,101,41,49,28,33,202,,182,182,10,20,2,12,0.6,0.7
2024-08-20T1800,1904A,104.3553,31.1091,德阳市,耐火材料厂,臭氧1小时,105,44,58,25,35,210,,188,188,8,18,4,20,0.6,0.7
2024-08-20T1800,3639A,104.4019,31.1244,德阳市,市教育局,臭氧1小时,98,44,52,25,28,198,,180,180,11,23,1,5,0.6,0.7
2024-08-20T1800,1622A,116.3032,37.4674,德州市,儿童乐园,,43,29,25,17,16,136,,93,93,11,29,8,8,0.7,0.7
2024-08-20T1800,1624A,116.2991,37.4451,德州市,监理站,,45,17,22,17,16,141,,136,136,3,10,8,9,0.6,0.7
2024-08-20T1800,3066A,116.2721,37.4379,德州市,九衢泉纯净水厂,,41,19,25,14,20,129,,128,128,4,9,7,8,0.7,0.7
2024-08-20T1800,3371A,116.3728,37.4403,德州市,开发区人民医院,,48,22,26,14,16,152,,140,140,12,16,8,9,0.8,0.8
2024-08-20T1800,3372A,116.3572,37.4094,德州市,太阳城中学,,43,31,22,17,18,136,,142,142,9,11,8,8,0.8,0.7
2024-08-20T1800,3511A,116.5652,37.3319,德州市,陵城艺术中心,,42,22,19,12,7,133,,126,126,9,11,9,8,0.7,0.7
2024-08-20T1800,2621A,99.7056,27.8317,迪庆藏族自治州,迪庆州站,,,,26,10,12,104,,96,96,11,13,9,11,0.3,0.3
2024-08-20T1800,3180A,99.7136,27.8094,迪庆藏族自治州,质量技术监督局,,32,21,23,6,11,100,,97,97,11,16,14,10,0.4,0.4
2024-08-20T1800,2663A,104.6241,35.5734,定西市,东关小学,,47,22,36,10,17,150,,137,137,5,15,13,12,0.3,0.3
2024-08-20T1800,2664A,104.6194,35.5934,定西市,供电公司,,48,23,38,13,20,151,,140,140,1,20,8,7,0.3,0.3
2024-08-20T1800,1389A,113.7547,23.0494,东莞市,莞城梨川,,23,19,27,12,21,71,,91,91,16,25,6,6,0.7,0.9
2024-08-20T1800,1390A,113.7944,23.0128,东莞市,东城石井,,21,21,28,11,16,62,,92,92,20,26,4,4,0.6,0.6
2024-08-20T1800,1391A,113.7383,22.9658,东莞市,南城西平,,24,18,25,9,15,75,,87,87,9,18,3,2,0.7,0.7
2024-08-20T1800,3319A,113.7338,23.0381,东莞市,万江金泰,,25,13,27,9,17,80,,98,98,10,23,4,5,0.8,0.8
2024-08-20T1800,3626A,113.7533,23.0202,东莞市,南城元岭,,22,12,27,8,19,69,,88,88,11,22,5,6,0.8,0.8
2024-08-20T1800,3627A,113.7875,23.0457,东莞市,东城主山,,20,20,27,13,16,62,,89,89,16,22,7,7,0.6,0.6
2024-08-20T1800,1666A,118.6614,37.4309,东营市,市环保局,,39,14,11,12,7,124,,117,117,9,12,4,4,0.3,0.3
2024-08-20T1800,3036A,118.6904,37.4338,东营市,开发区管委会,,39,22,19,9,7,122,,116,116,6,10,3,4,0.5,0.4
2024-08-20T1800,3365A,118.5719,37.565,东营市,垦利区民丰路,,36,19,13,7,9,114,,105,105,7,9,7,7,0.4,0.3
2024-08-20T1800,3498A,118.5055,37.8612,东营市,河口城区,,35,14,13,10,8,112,,111,111,4,5,5,5,0.7,0.7
2024-08-20T1800,3646A,118.4978,37.4623,东营市,胜利站,,41,41,18,12,8,118,,117,117,17,15,6,6,0.5,0.5
2024-08-20T1800,3734A,118.35,37.26,东营市,理想之城,,37,19,13,12,11,116,,112,112,9,12,5,4,0.6,0.5
2024-08-20T1800,1591A,110.0023,39.8129,鄂尔多斯市,综合楼,,43,36,54,14,15,137,,130,130,22,35,10,18,0.6,0.6
2024-08-20T1800,1592A,109.9486,39.8261,鄂尔多斯市,巴音孟克林场办事处,,42,36,46,22,17,132,,119,119,16,35,8,10,0.6,0.5
2024-08-20T1800,1593A,109.7736,39.5986,鄂尔多斯市,康泽苑,,47,27,30,9,8,148,,130,130,8,18,6,6,0.4,0.5
2024-08-20T1800,1594A,109.8119,39.5989,鄂尔多斯市,华泰汽车城,,48,27,31,17,15,152,,131,131,7,26,3,3,0.6,0.6
2024-08-20T1800,1595A,109.9734,39.7884,鄂尔多斯市,奥林花园,,42,34,45,22,17,133,,111,111,17,31,6,8,0.6,0.6
2024-08-20T1800,2436A,114.8938,30.3994,鄂州市,市政府,,,13,36,8,12,121,,119,119,3,9,,6,0.7,0.6
2024-08-20T1800,2437A,114.8989,30.3714,鄂州市,赵家坝,,42,14,35,9,15,132,,129,129,7,14,8,10,0.2,0.4
2024-08-20T1800,3654A,114.8094,30.4089,鄂州市,精准医疗中心,,39,18,28,6,12,123,,125,124,7,8,5,6,0.5,0.5
2024-08-20T1800,2454A,109.4978,30.2981,恩施土家族苗族自治州,湖北民院,,36,,21,18,17,114,,127,127,14,19,8,8,0.6,0.7
2024-08-20T1800,2455A,109.4707,30.2798,恩施土家族苗族自治州,州电力总公司,,34,,24,19,15,106,,120,120,11,21,7,6,0.6,0.6
2024-08-20T1800,3549A,109.5061,30.3772,恩施土家族苗族自治州,龙凤新区,,,12,15,,12,125,,122,122,11,8,7,7,0.5,0.6
2024-08-20T1800,2499A,108.3411,21.6158,防城港市,沙万,,20,20,18,11,11,60,,64,64,8,11,8,9,0.6,0.6
2024-08-20T1800,2500A,108.3514,21.7731,防城港市,防城档案局,,20,12,20,9,12,64,,70,70,6,7,7,7,0.6,0.7
2024-08-20T1800,2501A,108.3506,21.6414,防城港市,大海花园,,24,24,16,3,8,60,,65,65,8,9,6,7,0.5,0.6
2024-08-20T1800,1371A,113.1294,23.0067,佛山市,湾梁,,32,,22,22,20,70,,93,93,16,23,6,7,0.8,0.8
2024-08-20T1800,1372A,113.1083,23.0478,佛山市,华材职中,,26,19,28,18,16,63,,94,94,22,24,6,6,0.4,0.5
2024-08-20T1800,1373A,113.144,23.0453,佛山市,南海气象局,,28,22,29,19,18,70,,92,92,9,16,5,6,0.5,0.6
2024-08-20T1800,1374A,113.2881,22.8094,佛山市,顺德苏岗,,18,15,23,12,13,47,,80,80,19,22,6,7,0.6,0.7
2024-08-20T1800,1376A,112.8383,22.8678,佛山市,高明孔堂,,21,13,26,13,15,66,,71,71,4,9,6,7,0.5,0.6
2024-08-20T1800,1377A,112.8836,23.1588,佛山市,三水监测站,,26,,28,18,17,68,,88,88,16,24,5,5,0.5,0.6
2024-08-20T1800,1378A,112.867,23.185,佛山市,三水云东海,,25,22,30,17,23,79,,90,90,16,24,8,10,0.6,0.6
2024-08-20T1800,3625A,113.2544,22.7642,佛山市,容桂街道办,,20,19,23,14,16,39,,68,68,25,27,5,5,0.8,0.8
2024-08-20T1800,1282A,119.2681,26.0504,福州市,师大,,13,11,13,3,4,40,,49,48,16,10,4,4,0.4,0.3
2024-08-20T1800,1283A,119.2984,26.1028,福州市,五四北路,,,,,5,5,46,,55,54,16,8,3,3,0.3,0.3
2024-08-20T1800,1284A,119.2648,26.0768,福州市,杨桥西路,,15,14,14,3,1,45,,54,54,16,10,3,3,0.4,0.3
2024-08-20T1800,1285A,119.317,26.0746,福州市,紫阳,,12,10,12,3,3,38,,46,45,17,12,5,5,0.4,0.3
2024-08-20T1800,3048A,119.5799,26.0936,福州市,九龙,,16,6,12,3,2,49,,53,53,4,3,5,5,0.2,0.2
2024-08-20T1800,3526A,119.5189,25.9664,福州市,吴航,,15,9,10,3,4,47,,51,50,4,3,4,5,0.4,0.5
2024-08-20T1800,1755A,123.7977,41.8491,抚顺市,望花区,,50,50,32,16,13,52,,60,60,28,16,7,6,0.6,0.5
2024-08-20T1800,1756A,123.9161,41.8822,抚顺市,顺城区,,20,20,22,14,13,52,,65,65,12,13,2,3,0.4,0.4
2024-08-20T1800,1757A,124.0436,41.8611,抚顺市,东洲区,,15,,19,9,11,47,,53,53,6,10,2,2,0.4,0.4
2024-08-20T1800,1758A,123.9247,41.8642,抚顺市,新抚区,,29,29,22,14,13,50,,59,59,16,17,5,6,0.4,0.5
2024-08-20T1800,1759A,124.0972,41.8961,抚顺市,大伙房水库,,17,13,18,11,11,53,,62,62,2,8,2,3,0.7,0.6
2024-08-20T1800,1760A,123.7086,41.8391,抚顺市,沈抚新城,,30,30,22,13,10,45,,66,66,39,20,6,6,0.2,0.2
2024-08-20T1800,2376A,116.2127,28.0814,抚州市,桐源党溪,,26,26,37,10,15,70,,88,87,6,8,7,7,0.7,0.7
2024-08-20T1800,2377A,116.3544,27.9831,抚州市,市站,,23,23,27,12,15,69,,76,76,5,7,3,6,0.5,0.5
2024-08-20T1800,2378A,116.3565,27.963,抚州市,血防站,,24,24,25,6,18,68,,77,76,4,6,2,7,0.6,0.5
2024-08-20T1800,2379A,116.3564,28.0007,抚州市,采茶剧团,,24,18,25,12,15,74,,75,75,3,8,4,6,0.6,0.6
2024-08-20T1800,2380A,116.385,27.9647,抚州市,医学分院,,26,26,28,15,12,64,,68,68,6,7,4,4,1.0,1
2024-08-20T1800,2207A,121.6094,41.998,阜新市,工业园区,,20,19,24,14,13,43,,40,40,24,17,5,13,0.8,0.7
2024-08-20T1800,2208A,121.6697,42.0279,阜新市,长青街,,23,18,23,16,12,52,,35,35,13,15,4,11,0.7,0.6
2024-08-20T1800,2209A,121.6673,42.0705,阜新市,农业园区,,20,7,19,7,8,61,,44,44,12,11,3,5,0.6,0.6
2024-08-20T1800,2210A,121.6717,42.0224,阜新市,东苑,,23,22,23,16,17,58,,44,44,13,13,6,23,0.7,0.5
2024-08-20T1800,2211A,121.6506,42.0498,阜新市,玉龙新城,,18,,21,10,10,57,,40,40,13,12,4,8,0.4,0.4
2024-08-20T1800,2301A,115.8277,32.8929,阜阳市,市监测站,,38,20,24,14,10,119,,120,120,7,7,6,6,0.4,0.5
2024-08-20T1800,2303A,115.8554,32.8605,阜阳市,开发区,,38,31,21,14,17,120,,125,125,9,9,5,5,0.4,0.4
2024-08-20T1800,2875A,115.784,32.8892,阜阳市,阜阳职业技术学院,,39,23,15,14,13,124,,120,120,5,7,5,5,0.3,0.4
2024-08-20T1800,3468A,115.7901,32.8613,阜阳市,市规划展馆,,40,16,25,13,20,126,,122,122,8,9,6,6,0.5,0.5
2024-08-20T1800,3469A,115.836,32.9183,阜阳市,枣园社区,,36,27,29,18,22,114,,111,111,8,11,5,5,0.4,0.5
2024-08-20T1800,2669A,102.9099,34.9841,甘南藏族自治州,州政府,,43,,38,14,20,137,,132,132,1,18,9,9,0.4,0.4
2024-08-20T1800,2570A,101.9603,30.0475,甘孜藏族自治州,水桥子,,32,20,20,16,10,102,,91,91,15,17,4,4,0.4,0.3
2024-08-20T1800,3065A,101.9533,29.9972,甘孜藏族自治州,州环保局,,35,20,20,3,7,111,,96,96,11,16,2,2,0.2,0.2
2024-08-20T1800,3414A,115.8347,28.932,赣江新区,桑海产业园,,44,17,15,13,11,140,,121,121,8,17,9,9,0.1,0.2
2024-08-20T1800,2363A,114.9367,25.8664,赣州市,地委,,33,33,22,15,13,60,,76,76,16,12,6,10,1.1,1
2024-08-20T1800,2364A,114.9461,25.8481,赣州市,气象台,,30,30,23,14,13,60,,79,79,8,11,9,12,0.7,0.7
2024-08-20T1800,2365A,114.9322,25.8333,赣州市,市图书馆,,28,28,21,14,10,58,,84,84,13,8,3,3,0.9,0.8
2024-08-20T1800,2366A,114.8905,25.8471,赣州市,华坚鞋城,,32,27,25,22,15,54,,73,73,9,9,2,9,0.4,0.4
2024-08-20T1800,3109A,115.0093,25.8613,赣州市,赣县区卫计委,,20,,17,13,9,62,,79,79,10,12,6,6,0.6,0.6
2024-08-20T1800,2683A,106.2319,36.1417,固原市,马园,,46,40,41,6,10,147,,126,126,10,29,8,7,0.5,0.7
2024-08-20T1800,2684A,106.2792,36.0022,固原市,监测站,,47,29,27,7,10,150,,129,129,7,18,7,5,0.4,0.4
2024-08-20T1800,2685A,106.2375,36.0211,固原市,新区,,46,38,37,7,13,147,,124,124,5,33,9,8,0.3,0.3
2024-08-20T1800,3522A,106.2177,35.9959,固原市,原州区十五小,,47,21,30,7,10,150,,128,128,5,17,11,8,0.5,0.4
2024-08-20T1800,2544A,106.6303,30.4576,广安市,市委,臭氧1小时,84,27,41,23,29,187,,169,169,8,14,9,7,0.4,0.5
2024-08-20T1800,2545A,106.6271,30.4663,广安市,友谊中学,臭氧1小时,84,35,37,23,27,187,,169,169,9,14,6,6,0.4,0.5
2024-08-20T1800,2547A,106.6388,30.4551,广安市,广电花园,臭氧1小时,70,26,43,19,28,176,,165,165,14,15,10,9,0.5,0.6
2024-08-20T1800,2902A,106.6351,30.4865,广安市,北辰小学,臭氧1小时,78,39,50,19,27,182,,172,172,8,12,8,8,0.3,0.4
2024-08-20T1800,2523A,105.8945,32.4535,广元市,黑石坡,,40,14,19,10,12,128,,126,126,6,8,5,7,0.3,0.4
2024-08-20T1800,2524A,105.821,32.4444,广元市,老城,,43,14,31,3,14,136,,136,136,7,27,2,2,0.5,0.6
2024-08-20T1800,2526A,105.8628,32.4287,广元市,监测站,,45,19,27,8,19,143,,136,136,6,11,1,3,0.5,0.6
2024-08-20T1800,3617A,105.8047,32.4166,广元市,经开区,,44,33,50,23,30,139,,135,135,7,22,4,5,0.5,0.7
2024-08-20T1800,1345A,113.2347,23.1423,广州市,广雅中学,,,,36,,21,78,,98,98,,34,4,6,0.5,0.7
2024-08-20T1800,1346A,113.2612,23.105,广州市,市五中,,33,30,32,23,24,73,,99,99,24,27,4,4,0.7,0.8
2024-08-20T1800,1348A,113.3478,23.0916,广州市,广东商学院,,38,35,35,26,23,64,,80,80,41,35,3,4,0.7,0.7
2024-08-20T1800,1349A,113.4332,23.1047,广州市,市八十六中,,25,22,30,14,19,56,,85,85,49,37,3,3,0.6,0.7
2024-08-20T1800,1350A,113.3505,22.9483,广州市,番禺中学,,20,19,30,13,19,63,,114,114,17,27,4,4,0.5,0.6
2024-08-20T1800,1351A,113.2146,23.3916,广州市,花都师范,,,,32,,18,,,14,,,35,,6,,0.7
2024-08-20T1800,1352A,113.2597,23.1331,广州市,市监测站,,32,32,32,21,21,78,,96,96,26,28,4,5,0.5,0.8
2024-08-20T1800,1353A,113.5618,23.312,广州市,九龙镇镇龙,,32,31,32,22,22,88,,75,75,34,30,6,6,0.8,0.8
2024-08-20T1800,1354A,113.2765,23.1544,广州市,麓湖,,39,39,31,24,21,83,,86,86,28,25,4,5,0.8,0.7
2024-08-20T1800,1355A,113.443,23.3035,广州市,帽峰山森林公园,,35,35,25,20,15,112,,95,95,22,18,3,4,0.5,0.5
2024-08-20T1800,2846A,113.3221,23.1322,广州市,体育西,,42,42,35,28,24,84,,93,93,30,23,4,5,0.8,0.8
2024-08-20T1800,3298A,113.5717,23.5491,广州市,从化街口,,38,38,37,25,23,100,,78,78,17,23,6,7,0.8,0.8
2024-08-20T1800,3299A,113.3472,23.3692,广州市,白云竹料,,43,43,36,28,23,104,,96,96,25,29,4,5,0.8,0.7
2024-08-20T1800,3300A,113.2981,23.237,广州市,白云嘉禾,,43,42,35,30,22,100,,101,101,36,36,4,4,1.0,1
2024-08-20T1800,3301A,113.4256,23.1716,广州市,黄埔科学城,,39,38,33,27,20,80,,83,83,44,32,8,6,0.8,0.7
2024-08-20T1800,3302A,113.3942,23.0483,广州市,番禺大学城,,28,28,30,18,19,71,,96,96,20,26,7,7,0.4,0.6
2024-08-20T1800,3303A,113.4922,22.8168,广州市,南沙黄阁,,20,20,31,10,17,57,,108,98,18,26,4,4,0.7,0.8
2024-08-20T1800,3304A,113.5342,22.7896,广州市,南沙街,,28,28,27,9,14,59,,94,94,12,19,6,5,0.7,0.7
2024-08-20T1800,3443A,113.2902,23.5544,广州市,花都梯面,,45,45,40,27,24,103,,87,87,20,26,5,5,0.8,0.8
2024-08-20T1800,3445A,113.7858,23.7478,广州市,从化良口,,29,27,24,20,15,68,,54,54,7,12,6,5,0.8,0.9
2024-08-20T1800,3446A,113.8051,23.2614,广州市,增城荔城,,26,18,30,10,19,82,,22,,18,28,6,7,0.4,0.6
2024-08-20T1800,2506A,109.6047,23.0666,贵港市,江南子站,,22,14,30,12,15,69,,96,96,17,14,7,7,0.7,0.7
2024-08-20T1800,2507A,109.6014,23.0948,贵港市,贵城子站,,22,14,33,13,18,69,,93,93,16,13,6,7,0.6,0.6
2024-08-20T1800,2508A,109.5669,23.1065,贵港市,荷城子站,,,12,25,3,7,63,,94,87,,10,9,9,0.6,0.5
2024-08-20T1800,3405A,109.5886,23.1172,贵港市,新世纪学校,,22,22,34,8,14,63,,89,89,17,12,8,9,0.6,0.6
2024-08-20T1800,1439A,106.6899,26.5998,贵阳市,马鞍山,,37,9,27,3,13,116,,114,114,4,12,6,6,0.2,0.5
2024-08-20T1800,1440A,106.6971,26.5694,贵阳市,市环保站,,44,29,42,16,32,139,,130,130,29,26,3,6,0.3,0.4
2024-08-20T1800,1441A,106.6243,26.6266,贵阳市,鉴湖路,,47,17,33,7,18,148,,134,134,7,11,3,8,0.4,0.5
2024-08-20T1800,1442A,106.7487,26.6343,贵阳市,燕子冲,,44,,24,17,22,138,,134,134,6,14,6,7,0.4,0.6
2024-08-20T1800,1443A,106.6555,26.4365,贵阳市,碧云窝,,47,31,34,9,17,148,,129,129,5,10,4,6,0.4,0.5
2024-08-20T1800,1444A,106.694,26.5161,贵阳市,中院村,,46,24,43,12,26,147,,130,130,12,23,6,10,0.5,0.6
2024-08-20T1800,1445A,106.7109,26.6027,贵阳市,红边门,,45,19,38,19,29,144,,139,139,12,22,4,4,0.3,0.5
2024-08-20T1800,1446A,106.7164,26.5699,贵阳市,新华路,,44,17,38,12,25,140,,129,129,6,21,3,7,0.4,0.6
2024-08-20T1800,1447A,106.674,26.5424,贵阳市,太慈桥,,45,39,25,12,18,144,,135,135,19,15,4,8,0.3,0.4
2024-08-20T1800,1862A,110.4144,25.3167,桂林市,电子科大尧山校区,,37,14,31,13,16,117,,101,101,5,6,5,8,0.5,0.5
2024-08-20T1800,1863A,110.2819,25.2697,桂林市,监测站,,25,25,25,15,20,74,,78,78,6,11,6,10,0.6,0.6
2024-08-20T1800,1864A,110.3089,25.2708,桂林市,龙隐路小学,,27,18,27,15,22,84,,93,93,5,9,5,9,0.4,0.5
2024-08-20T1800,1865A,110.2869,25.2178,桂林市,八中,,25,24,22,10,15,79,,82,82,5,8,6,8,0.4,0.5
2024-08-20T1800,3403A,110.1764,25.2381,桂林市,创业大厦,,27,17,17,17,14,86,,81,81,8,10,6,11,0.4,0.3
2024-08-20T1800,3531A,110.296,25.1253,桂林市,旅游学院,,29,6,9,3,9,92,,87,87,4,10,6,6,0.4,0.4
2024-08-20T1800,2674A,100.2561,34.4714,果洛藏族自治州,玛沁县大武镇,,44,29,34,7,11,138,,123,123,1,6,10,10,0.3,0.4
2024-08-20T1800,1129A,126.5422,45.755,哈尔滨市,岭北,,24,19,14,9,10,76,,74,74,9,10,10,8,0.7,0.5
2024-08-20T1800,1130A,126.561,45.8167,哈尔滨市,松北商大,,24,24,14,8,4,61,,60,60,8,8,7,7,0.5,0.5
2024-08-20T1800,1131A,126.979,45.5419,哈尔滨市,阿城会宁,,18,18,16,8,6,49,,38,38,8,9,6,4,0.6,0.6
2024-08-20T1800,1132A,126.599,45.7222,哈尔滨市,南岗学府路,,32,32,22,10,5,59,,61,61,11,7,7,7,0.5,0.4
2024-08-20T1800,1133A,126.689,45.7733,哈尔滨市,太平宏伟公园,,24,24,19,10,6,53,,52,52,15,14,6,5,0.4,0.4
2024-08-20T1800,1134A,126.635,45.7667,哈尔滨市,道外承德广场,,40,40,23,20,4,52,,52,52,19,15,11,11,0.3,0.6
2024-08-20T1800,1135A,126.685,45.7319,哈尔滨市,香坊红旗大街,,27,27,18,10,8,55,,56,56,21,16,10,10,0.8,0.8
2024-08-20T1800,1136A,126.6411,45.7258,哈尔滨市,动力和平路,,39,37,18,27,9,58,,58,58,14,11,6,5,0.5,0.5
2024-08-20T1800,1137A,126.593,45.7478,哈尔滨市,道里建国路,,27,27,19,15,6,57,,59,59,15,11,9,9,0.5,0.4
2024-08-20T1800,1138A,126.615,45.61,哈尔滨市,平房东轻厂,,33,33,19,16,8,64,,61,61,15,14,6,5,0.2,0.3
2024-08-20T1800,1139A,126.595,45.9855,哈尔滨市,呼兰师专,,27,27,18,15,5,53,,58,58,16,14,9,10,0.6,0.5
2024-08-20T1800,1140A,126.6206,45.6842,哈尔滨市,省农科院,,31,31,14,20,8,55,,58,57,15,10,7,8,0.5,0.5
2024-08-20T1800,2688A,93.5128,42.8172,哈密市,地区监测站,颗粒物(PM10),61,72,91,22,25,94,,94,94,17,9,5,6,0.3,0.3
2024-08-20T1800,2689A,93.4961,42.8328,哈密市,哈密师范学校,,48,48,77,18,20,68,,86,86,18,7,4,6,0.8,0.6
2024-08-20T1800,2671A,100.9048,36.9639,海北藏族自治州,海晏县西海镇,,44,,22,7,17,139,,136,136,4,8,13,14,0.4,0.4
2024-08-20T1800,3867A,102.0738,36.5056,海东市,平安区公安北苑,颗粒物(PM10),56,62,38,13,17,158,,153,153,28,12,9,11,0.4,0.5
2024-08-20T1800,1410A,110.3232,20.0574,海口市,海南大学,,19,19,23,8,12,38,,64,64,17,14,6,5,0.4,0.4
2024-08-20T1800,1412A,110.338,19.9969,海口市,海南师范大学,,14,14,23,7,10,40,,58,58,12,10,7,7,0.3,0.4
2024-08-20T1800,1413A,110.33,20.0356,海口市,龙华路环保局宿舍,,20,18,24,14,13,39,,58,57,15,12,8,8,0.3,0.3
2024-08-20T1800,3539A,110.5111,19.9736,海口市,桂林洋子站,,15,11,22,8,10,46,,53,53,7,10,6,6,0.2,0.3
2024-08-20T1800,2673A,100.6188,36.2866,海南藏族自治州,共和县恰卜恰镇,,49,10,34,8,14,154,,144,144,5,11,14,17,0.8,0.6
2024-08-20T1800,2676A,97.3731,37.3753,海西蒙古族藏族自治州,德令哈市,,41,19,24,16,12,131,,124,124,8,11,8,9,0.4,0.4
2024-08-20T1800,1048A,114.5302,36.6116,邯郸市,东污水处理厂,,41,41,27,9,10,121,,135,135,2,6,2,3,0.5,0.8
2024-08-20T1800,1049A,114.4918,36.5713,邯郸市,矿院,颗粒物(PM10),57,63,27,12,12,127,,137,137,9,12,1,3,0.4,0.7
2024-08-20T1800,1050A,114.484,36.6133,邯郸市,丛台公园,,35,24,22,15,13,110,,131,131,8,8,4,6,0.4,0.7
2024-08-20T1800,3458A,114.7895,36.5593,邯郸市,香泉濮院小区,,44,10,26,3,7,138,,129,129,4,13,1,2,0.1,0.5
2024-08-20T1800,3579A,114.50634,36.77178,邯郸市,永年区实验高中,,49,49,28,9,16,136,,137,137,3,8,2,3,0.4,0.7
2024-08-20T1800,3580A,114.20016,36.44293,邯郸市,峰峰矿区临水派出所,,43,32,30,9,10,135,,136,136,9,11,3,9,0.7,1.3
2024-08-20T1800,2634A,106.9893,33.1842,汉中市,汉川机床厂子校,,48,29,24,17,14,153,,126,126,5,7,4,4,0.7,0.6
2024-08-20T1800,2635A,107.0154,33.0706,汉中市,市监测站,,45,34,27,15,17,144,,130,130,4,6,7,7,0.6,0.6
2024-08-20T1800,2636A,107.0089,33.1138,汉中市,鑫源开发区,,48,32,25,18,15,153,,133,133,4,7,9,9,0.4,0.5
2024-08-20T1800,2637A,107.007,33.0323,汉中市,南郑大河坎水厂,,43,22,29,18,18,137,,126,126,4,7,9,8,0.5,0.6
2024-08-20T1800,1223A,120.2072,30.2111,杭州市,滨江,,27,21,22,12,11,86,,118,118,14,11,4,5,0.6,0.5
2024-08-20T1800,1224A,120.0633,30.2747,杭州市,西溪,,26,26,22,18,14,71,,114,112,13,15,5,5,0.6,0.6
2024-08-20T1800,1226A,120.3461,30.3153,杭州市,下沙,,35,35,25,18,9,106,,138,138,15,18,6,6,0.6,0.6
2024-08-20T1800,1227A,120.1269,30.2456,杭州市,卧龙桥,,26,19,19,16,13,83,,130,128,11,16,5,5,0.6,0.6
2024-08-20T1800,1228A,120.1903,30.2692,杭州市,浙江农大,,23,21,18,11,12,73,,110,108,19,21,7,8,0.6,0.5
2024-08-20T1800,1230A,120.1197,30.3119,杭州市,和睦小学,,28,28,21,17,14,82,,130,128,13,14,5,6,0.5,0.5
2024-08-20T1800,1231A,120.3019,30.4183,杭州市,临平镇,,30,25,27,16,9,94,,142,142,13,14,4,5,0.7,0.6
2024-08-20T1800,1232A,120.2697,30.1819,杭州市,城厢镇,,35,31,24,15,14,112,,141,141,13,11,6,5,0.6,0.6
2024-08-20T1800,1233A,120.0883,30.1808,杭州市,云栖,,26,18,14,14,8,82,,130,128,12,18,8,8,0.6,0.6
2024-08-20T1800,3557A,119.9464,30.0494,杭州市,镇二中,,25,21,22,16,16,79,,100,100,13,19,7,8,0.7,0.7
2024-08-20T1800,3558A,119.7183,30.2367,杭州市,市府大楼,,28,15,17,12,13,89,,98,98,9,13,5,5,0.6,0.5
2024-08-20T1800,3656A,120.1556,30.2864,杭州市,消防大队,,28,28,23,16,12,87,,124,123,7,13,7,7,0.7,0.7
2024-08-20T1800,1270A,117.1959,31.7848,合肥市,明珠广场,,38,24,18,9,14,121,,123,123,11,12,6,6,0.4,0.4
2024-08-20T1800,1271A,117.3072,31.8764,合肥市,三里街,,40,17,16,12,13,125,,120,120,8,10,4,4,0.5,0.4
2024-08-20T1800,1272A,117.2588,31.8707,合肥市,琥珀山庄,,41,22,20,15,17,130,,125,125,4,7,5,5,0.4,0.4
2024-08-20T1800,1273A,117.1604,31.9052,合肥市,董铺水库,,,17,14,9,12,113,,108,108,,5,3,2,0.4,0.3
2024-08-20T1800,1274A,117.25,31.8571,合肥市,长江中路,,39,,19,20,16,124,,123,123,5,6,7,6,0.7,0.7
2024-08-20T1800,1275A,117.266,31.9436,合肥市,庐阳区,,44,17,15,14,11,138,,132,132,4,8,3,3,0.4,0.4
2024-08-20T1800,1276A,117.336,31.8586,合肥市,瑶海区,,38,29,20,12,13,121,,122,122,18,16,7,6,0.6,0.5
2024-08-20T1800,1277A,117.3027,31.7964,合肥市,包河区,,39,22,19,19,15,122,,122,122,12,16,6,6,0.4,0.4
2024-08-20T1800,1278A,117.2776,31.7385,合肥市,滨湖新区,,44,17,15,12,13,138,,122,122,7,12,7,7,0.5,0.5
2024-08-20T1800,1279A,117.1318,31.8403,合肥市,高新区,,38,24,15,11,12,119,,116,116,4,7,9,8,0.6,0.5
2024-08-20T1800,3464A,117.3803,31.9147,合肥市,高教基地,,34,21,17,16,14,108,,118,118,5,7,9,8,0.4,0.3
2024-08-20T1800,3614A,79.924,37.0877,和田地区,地区环保局,,,138,640,50,200,97,,99,99,,2,7,6,0.4,0.5
2024-08-20T1800,3615A,79.9131,37.113,和田地区,市环保局,颗粒物(PM10),93,135,619,41,171,92,,92,90,2,5,7,7,0.6,0.5
2024-08-20T1800,2516A,108.2011,24.715,河池市,东仁乐园,,31,31,32,13,21,65,,82,82,7,8,4,5,0.7,0.8
2024-08-20T1800,2517A,108.0497,24.6947,河池市,市环保站,,30,25,23,21,16,83,,94,93,6,8,9,10,0.6,0.7
2024-08-20T1800,2518A,108.0983,24.6989,河池市,市疾控中心,,26,22,25,17,17,81,,95,95,10,11,22,11,0.5,0.5
2024-08-20T1800,1696A,114.6778,23.7569,河源市,源西,细颗粒物(PM2.5),52,,22,36,27,86,,62,62,11,16,4,4,0.6,0.6
2024-08-20T1800,1697A,114.6944,23.7586,河源市,东埔,,25,16,20,13,16,80,,65,65,15,18,2,2,0.7,0.7
2024-08-20T1800,1698A,114.6892,23.7233,河源市,老城,,27,24,28,13,15,86,,72,72,12,14,4,4,0.6,0.6
2024-08-20T1800,1718A,115.4208,35.2464,菏泽市,气象局,,45,38,31,17,15,142,,135,135,3,10,4,3,0.5,0.4
2024-08-20T1800,1719A,115.4747,35.2375,菏泽市,市政协,,42,25,26,20,16,133,,129,129,2,5,3,4,0.2,0.2
2024-08-20T1800,3374A,115.5564,35.0891,菏泽市,定陶老年大学,,45,24,22,12,7,141,,131,131,5,11,5,6,0.3,0.3
2024-08-20T1800,3647A,115.4702,35.2706,菏泽市,菏泽医专,,44,27,26,11,13,140,,134,134,3,8,5,4,0.5,0.6
2024-08-20T1800,2514A,111.5264,24.4172,贺州市,环保小区,,23,17,28,8,13,73,,67,67,9,13,6,8,0.6,0.6
2024-08-20T1800,2515A,111.5608,24.4078,贺州市,政协大楼,,24,22,28,11,15,75,,75,75,8,14,5,8,0.6,0.6
2024-08-20T1800,3534A,111.4744,24.4553,贺州市,西湾,,23,20,24,7,14,71,,60,60,9,14,7,8,0.6,0.6
2024-08-20T1800,2385A,114.17,35.9019,鹤壁市,市监测站,,49,33,26,26,15,154,,160,160,9,4,8,9,0.5,0.6
2024-08-20T1800,2386A,114.2956,35.7511,鹤壁市,市交警支队,,49,38,27,34,21,148,,152,152,10,11,4,4,0.7,0.7
2024-08-20T1800,2387A,114.2878,35.7306,鹤壁市,迎宾馆,,49,,17,29,13,156,,156,156,10,12,4,5,0.9,0.8
2024-08-20T1800,3474A,114.2617,35.6822,鹤壁市,大新区,,,38,23,,4,127,,148,148,7,9,3,3,0.6,0.5
2024-08-20T1800,3596A,114.1572,35.9603,鹤壁市,南山宾馆,,47,,11,20,9,150,,152,152,4,3,3,3,0.3,0.4
2024-08-20T1800,2244A,130.2537,47.3416,鹤岗市,哈啤分公司,,26,26,22,12,11,60,,67,67,6,3,12,12,0.3,0.3
2024-08-20T1800,2245A,130.2684,47.3086,鹤岗市,斯达机电,,23,20,21,16,11,64,,66,66,7,8,12,12,0.1,0.1
2024-08-20T1800,2246A,130.3114,47.3388,鹤岗市,东山纸板厂,,39,39,19,22,21,46,,68,66,18,10,15,15,0.4,0.5
2024-08-20T1800,2247A,130.1097,47.3382,鹤岗市,五号水库,,23,23,8,7,6,50,,87,86,7,5,10,10,0.1,0.5
2024-08-20T1800,2263A,127.4833,50.2524,黑河市,交通局,,42,42,38,23,21,96,,89,89,13,9,8,6,0.4,0.3
2024-08-20T1800,2264A,127.5144,50.2341,黑河市,环保局,,38,38,38,17,22,102,,94,94,8,10,6,6,0.3,0.3
2024-08-20T1800,2265A,127.5291,50.2472,黑河市,大黑河岛,,,32,35,22,24,,,,,8,10,1,2,,
2024-08-20T1800,1074A,115.6838,37.7541,衡水市,电机北厂,,,,20,25,18,138,,133,133,5,8,3,3,0.5,0.4
2024-08-20T1800,1075A,115.6303,37.7316,衡水市,市监测站,,,30,29,11,13,147,,140,140,8,11,,3,0.5,0.4
2024-08-20T1800,3188A,115.6683,37.7217,衡水市,市城管局,,47,34,24,20,14,149,,142,142,2,7,2,2,0.7,0.6
2024-08-20T1800,3459A,115.5989,37.5491,衡水市,地表水厂,,41,37,30,13,11,129,,135,135,6,4,9,7,0.4,0.4
2024-08-20T1800,2456A,112.5003,26.9167,衡阳市,原169医院,,40,27,40,24,20,128,,128,128,4,14,7,10,0.4,0.4
2024-08-20T1800,2457A,112.6194,26.9258,衡阳市,衡阳化工总厂,,,35,46,,,119,,119,119,2,11,9,17,0.6,0.7
2024-08-20T1800,2458A,112.6211,26.8956,衡阳市,珠晖区环保局,,,35,42,,,115,,120,120,10,14,8,11,0.8,0.8
2024-08-20T1800,2459A,112.6197,26.8733,衡阳市,市委党校,,44,29,45,26,23,139,,129,129,6,13,8,11,0.7,0.8
2024-08-20T1800,2460A,112.6006,26.8919,衡阳市,市监测站,,43,34,38,28,28,136,,136,136,8,11,9,11,0.8,0.8
2024-08-20T1800,2461A,112.5664,26.9056,衡阳市,真空机电公司,,43,43,43,26,22,129,,131,131,11,12,10,10,0.9,0.9
2024-08-20T1800,3399A,112.6703,26.882,衡阳市,师范学院,,42,42,42,14,19,127,,123,123,8,10,7,12,0.6,0.7
2024-08-20T1800,2608A,103.3772,23.3993,红河哈尼族彝族自治州,污水处理厂,,26,26,28,18,24,74,,90,90,8,13,6,11,0.4,0.4
2024-08-20T1800,2609A,103.3861,23.35,红河哈尼族彝族自治州,监测站,,25,25,32,17,24,65,,94,94,8,14,8,44,0.4,0.5
2024-08-20T1800,3038A,103.3758,23.368,红河哈尼族彝族自治州,州图书馆,,20,14,33,13,17,64,,90,86,10,11,6,25,0.3,0.4
2024-08-20T1800,1090A,111.6507,40.7517,呼和浩特市,呼市一监,,36,12,18,8,10,114,,121,121,12,15,8,8,0.5,0.5
2024-08-20T1800,1091A,111.6572,40.8033,呼和浩特市,小召,,34,9,14,8,9,108,,119,119,18,23,5,5,0.5,0.5
2024-08-20T1800,1094A,111.7516,40.8369,呼和浩特市,如意水处理厂,,36,14,18,10,11,113,,119,119,10,20,6,6,0.5,0.4
2024-08-20T1800,1095A,111.7276,40.8062,呼和浩特市,二十九中,,35,20,20,11,11,109,,121,121,17,28,4,4,0.6,0.6
2024-08-20T1800,1096A,111.5512,40.7866,呼和浩特市,工大金川校区,,28,28,25,14,10,75,,118,115,30,28,5,7,0.5,0.4
2024-08-20T1800,1097A,111.717,40.7612,呼和浩特市,化肥厂生活区,,37,19,23,7,8,116,,128,128,13,14,7,8,0.5,0.6
2024-08-20T1800,3698A,111.5968,40.8178,呼和浩特市,红旗小学,,28,19,20,15,8,89,,123,120,43,24,4,4,0.5,0.3
2024-08-20T1800,3699A,111.6518,40.8389,呼和浩特市,海东办,,32,27,22,13,11,100,,123,122,28,33,4,4,0.7,0.7
2024-08-20T1800,2192A,119.7594,49.2261,呼伦贝尔市,区环保局,,31,31,30,16,19,53,,66,65,17,11,5,6,0.4,0.3
2024-08-20T1800,3061A,119.7512,49.1577,呼伦贝尔市,国华电力东,,38,,25,26,14,62,,66,66,5,6,3,4,0.2,0.2
2024-08-20T1800,1250A,120.0751,30.8669,湖州市,城西水厂,,18,12,25,8,16,49,,87,84,36,26,3,4,0.5,0.5
2024-08-20T1800,2873A,120.0875,30.8955,湖州市,仁皇山新区,,19,,23,9,16,59,,102,100,29,21,6,6,0.7,0.6
2024-08-20T1800,2907A,120.1844,30.8596,湖州市,吴兴区站,,22,14,21,9,13,69,,109,108,23,12,7,7,0.5,0.4
2024-08-20T1800,3562A,120.4148,30.8538,湖州市,南浔区站,,25,15,21,9,13,78,,106,106,7,9,4,5,0.6,0.5
2024-08-20T1800,1607A,120.9092,40.7136,葫芦岛市,龙港区,,23,12,35,7,17,73,,66,66,5,19,7,11,0.2,0.6
2024-08-20T1800,1608A,120.8392,40.7514,葫芦岛市,化工街,,,0,20,,13,76,,71,71,8,19,3,4,0.4,0.9
2024-08-20T1800,1609A,120.8341,40.7073,葫芦岛市,新区,,21,6,20,3,11,67,,64,64,5,18,7,8,0.2,0.5
2024-08-20T1800,1610A,120.8695,40.7677,葫芦岛市,东城区,,24,6,23,3,15,75,,72,72,6,19,4,6,0.4,0.8
2024-08-20T1800,2482A,109.5981,27.5721,怀化市,林科所,,33,13,22,7,12,104,,102,102,10,14,5,9,0.2,0.3
2024-08-20T1800,2483A,109.9453,27.5444,怀化市,河西地税局,,35,21,29,15,19,111,,113,113,6,11,11,9,0.5,0.6
2024-08-20T1800,2484A,109.9781,27.5342,怀化市,市四医院,,34,18,34,8,20,106,,110,110,6,13,4,6,0.5,0.6
2024-08-20T1800,2485A,109.9972,27.5578,怀化市,监测楼,,35,15,33,11,18,112,,111,111,4,14,4,8,0.5,0.6
2024-08-20T1800,2486A,110.0394,27.583,怀化市,市委党校,,35,19,36,10,20,110,,106,106,4,16,10,14,0.5,0.6
2024-08-20T1800,1210A,119.036,33.5981,淮安市,钵池山,,25,,8,6,11,78,,72,72,12,16,6,6,0.5,0.5
2024-08-20T1800,1211A,119.007,33.575,淮安市,北京南路,,23,,8,3,11,71,,67,67,8,10,4,4,0.6,0.7
2024-08-20T1800,1212A,118.989,33.6067,淮安市,市监测站,,25,7,8,3,11,78,,72,72,9,12,5,5,0.5,0.8
2024-08-20T1800,1213A,119.135,33.5039,淮安市,楚州区监测站,,29,12,18,3,10,90,,68,68,13,15,5,4,0.7,0.6
2024-08-20T1800,1214A,119.0186,33.6297,淮安市,淮阴区监测站,,23,7,12,3,9,72,,69,69,10,16,3,3,0.4,0.5
2024-08-20T1800,3426A,118.8755,33.2894,淮安市,新华书店,,27,6,9,3,10,85,,76,76,12,14,28,8,0.5,0.6
2024-08-20T1800,2282A,116.8004,33.975,淮北市,监测站,,40,26,19,13,16,128,,126,126,4,5,5,5,0.6,0.5
2024-08-20T1800,2283A,116.8091,33.9007,淮北市,烈山区政府,,43,26,23,18,16,136,,139,139,1,4,5,6,0.5,0.5
2024-08-20T1800,3330A,116.8873,33.9836,淮北市,杜集区检察院,,43,26,26,17,22,137,,131,131,2,4,2,2,0.5,0.6
2024-08-20T1800,4017A,116.7923,33.9535,淮北市,市博物馆,,40,33,24,13,15,128,,127,127,7,8,4,4,0.6,0.7
2024-08-20T1800,2277A,116.8305,32.7727,淮南市,潘集区政府,,41,22,18,17,14,129,,124,124,7,8,5,4,0.6,0.5
2024-08-20T1800,2278A,117.0067,32.6524,淮南市,师范学院,,44,36,22,15,14,140,,131,131,5,5,7,8,0.5,0.5
2024-08-20T1800,2279A,116.8569,32.5951,淮南市,谢家集区政府,,45,,15,24,17,142,,134,134,11,11,9,7,0.5,0.4
2024-08-20T1800,2280A,116.8281,32.633,淮南市,八公山区政府,,44,27,25,18,17,138,,132,132,8,8,5,4,0.4,0.4
2024-08-20T1800,2281A,116.6325,32.6201,淮南市,焦岗湖风景区管理处,,30,28,12,3,4,96,,88,88,5,6,4,4,0.3,0.2
2024-08-20T1800,2894A,117.0566,32.6531,淮南市,经济技术开发区消防队,,42,21,14,10,7,133,,124,124,4,6,4,5,0.4,0.4
2024-08-20T1800,3329A,117.0108,32.5893,淮南市,山南新区,,45,34,18,17,10,144,,128,128,8,9,4,4,0.5,0.5
2024-08-20T1800,2446A,114.9028,30.4742,黄冈市,职工中心,,40,26,27,15,18,125,,120,120,7,9,7,7,0.4,0.4
2024-08-20T1800,2929A,114.8858,30.4519,黄冈市,红卫路,,40,16,23,14,21,128,,124,124,6,10,7,7,0.4,0.4
2024-08-20T1800,3398A,114.9136,30.4445,黄冈市,市林业局,,44,25,30,13,19,139,,131,131,3,5,8,7,0.4,0.4
2024-08-20T1800,2672A,102.0199,35.5102,黄南藏族自治州,同仁县隆务镇,,46,26,29,13,14,146,,133,133,8,3,12,11,0.5,0.4
2024-08-20T1800,2295A,118.2903,29.6963,黄山市,延安路89号,,30,30,30,3,8,67,,78,78,4,5,5,5,0.6,0.6
2024-08-20T1800,2296A,118.327,29.7178,黄山市,黄山东路89号,,22,14,21,3,6,69,,86,86,3,6,6,6,0.5,0.5
2024-08-20T1800,2297A,118.1371,30.2756,黄山市,黄山区政府5号楼,,31,20,19,16,12,99,,79,79,6,7,6,6,0.5,0.4
2024-08-20T1800,2423A,115.0601,30.2313,黄石市,沈家营,,43,30,55,13,18,135,,135,135,20,12,5,7,0.4,0.5
2024-08-20T1800,2424A,115.0817,30.2006,黄石市,陈家湾,,45,34,47,9,17,144,,127,127,9,12,4,8,0.4,0.5
2024-08-20T1800,2426A,114.8988,30.2019,黄石市,铁山,,48,30,42,9,18,151,,152,152,4,15,7,8,0.6,0.7
2024-08-20T1800,2427A,115.0307,30.2092,黄石市,团城山,,46,25,47,12,21,145,,137,137,11,14,12,14,0.5,0.7
2024-08-20T1800,3149A,115.0235,30.1578,黄石市,笔架山北路,,48,23,54,7,18,152,,141,141,8,16,7,10,0.4,0.7
2024-08-20T1800,1392A,114.4183,23.0528,惠州市,河南岸金山湖子站,,17,8,22,6,14,54,,51,51,9,16,4,4,0.6,0.7
2024-08-20T1800,1393A,114.4053,23.0822,惠州市,下埔横江三路子站,,16,7,26,6,16,51,,66,66,15,18,4,4,0.7,0.7
2024-08-20T1800,1394A,114.4103,23.1142,惠州市,江北云山西路子站,,15,7,25,3,11,48,,58,58,14,18,4,4,0.7,0.7
2024-08-20T1800,1395A,114.4645,22.7833,惠州市,惠阳区承修路船湖子站,,20,20,17,14,11,36,,38,38,21,21,4,4,0.7,0.6
2024-08-20T1800,1396A,114.5317,22.7422,惠州市,大亚湾管委会子站,,34,34,21,9,9,37,,48,48,24,23,5,6,0.6,0.5
2024-08-20T1800,3314A,114.4338,22.8134,惠州市,惠阳秋长,,19,14,15,13,10,20,,43,42,34,26,5,5,0.6,0.6
2024-08-20T1800,3452A,114.6517,22.775,惠州市,大亚湾霞涌,,28,,15,19,13,38,,43,43,16,14,3,3,0.6,0.5
2024-08-20T1800,2240A,130.9762,45.3001,鸡西市,环保局,,23,23,17,8,9,41,,41,41,9,5,4,5,0.5,0.5
2024-08-20T1800,2243A,130.9429,45.3039,鸡西市,第一中学,,39,39,23,12,8,42,,44,44,15,11,4,5,0.2,0.2
2024-08-20T1800,3707A,131.0207,45.3073,鸡西市,欧美日汽修厂,,12,6,13,3,9,36,,42,42,9,5,4,4,0.3,0.3
2024-08-20T1800,3709A,130.9967,45.3106,鸡西市,市政设施管理处,,18,18,18,9,7,43,,47,47,14,8,4,5,0.3,0.2
2024-08-20T1800,2367A,114.9754,27.0803,吉安市,红声器材厂,,36,36,35,22,20,92,,111,111,10,10,11,11,0.7,0.7
2024-08-20T1800,2368A,114.9658,27.0999,吉安市,市森林工业局,,36,36,36,22,21,111,,113,113,10,12,9,9,0.7,0.5
2024-08-20T1800,2369A,114.99,27.1312,吉安市,市环境监测站,,37,36,28,21,17,118,,111,111,9,9,10,11,0.8,0.6
2024-08-20T1800,2370A,115.0093,27.0968,吉安市,青原区法院,,43,43,33,21,20,125,,122,122,10,12,7,7,0.6,0.6
2024-08-20T1800,1772A,126.54,43.8622,吉林市,哈达湾,,19,19,23,11,14,28,,56,49,26,20,10,6,0.7,0.7
2024-08-20T1800,1773A,126.5844,43.8358,吉林市,东局子,,18,18,22,9,14,34,,53,45,15,20,4,4,0.6,0.7
2024-08-20T1800,1774A,126.5052,43.8245,吉林市,电力学院,,40,40,23,20,15,33,,49,47,27,16,7,5,0.7,0.7
2024-08-20T1800,1775A,126.6133,43.8972,吉林市,江北,,17,17,19,8,10,19,,46,43,13,8,7,7,0.7,0.7
2024-08-20T1800,1776A,126.555,43.8306,吉林市,江南公园,,25,24,22,17,17,28,,53,47,31,23,6,5,1.3,0.8
2024-08-20T1800,2868A,126.4739,43.953,吉林市,九站,,17,17,22,8,11,31,,68,58,26,10,18,11,0.7,0.7
2024-08-20T1800,1299A,116.9862,36.6114,济南市,科干所,,43,,32,20,21,135,,132,132,18,22,5,5,0.7,0.7
2024-08-20T1800,1300A,116.9376,36.665,济南市,农科所,,39,20,30,12,21,124,,122,122,12,26,7,6,0.4,0.5
2024-08-20T1800,1301A,117.1265,36.6734,济南市,开发区,,43,29,27,15,12,136,,127,127,19,23,8,7,0.5,0.6
2024-08-20T1800,1303A,117.0624,36.6868,济南市,省种子仓库,,42,29,34,9,18,132,,126,126,15,24,5,6,0.5,0.5
2024-08-20T1800,1304A,116.9489,36.6447,济南市,机床二厂,,47,24,35,7,15,148,,145,145,10,24,7,7,0.5,0.6
2024-08-20T1800,1305A,117.0495,36.663,济南市,市监测站,,44,29,31,20,22,138,,132,132,14,22,9,9,0.5,0.6
2024-08-20T1800,1306A,116.7675,36.5484,济南市,长清党校,,37,,24,20,20,118,,108,108,6,16,10,9,0.7,0.7
2024-08-20T1800,1616A,117.6795,36.229,济南市,技术学院,,42,34,16,19,13,132,,137,137,14,11,11,10,1.1,0.9
2024-08-20T1800,1961A,117.532,36.6868,济南市,东山小学,,45,22,26,15,13,142,,135,135,11,22,9,9,0.7,0.7
2024-08-20T1800,3059A,117.7161,36.2049,济南市,泰兴公司,,49,31,23,19,14,155,,136,136,16,22,12,10,1.0,0.8
2024-08-20T1800,3064A,117.6867,36.2171,济南市,莱芜战役纪念馆,,42,22,22,17,11,133,,132,132,7,13,15,14,0.8,0.8
2024-08-20T1800,3494A,117.1673,36.9782,济南市,济阳区政府,,40,,26,12,17,128,,122,122,5,14,10,10,0.5,0.6
2024-08-20T1800,3495A,117.1171,36.63,济南市,锦屏中学,,46,32,23,17,15,145,,139,139,17,14,8,9,0.6,0.5
2024-08-20T1800,3682A,116.9814,36.6819,济南市,济南四建,,41,19,31,17,21,131,,130,130,9,24,7,7,0.5,0.6
2024-08-20T1800,1653A,116.6251,35.4302,济宁市,火炬城,,47,45,29,27,18,149,,136,136,8,12,9,10,0.8,0.8
2024-08-20T1800,1655A,116.5491,35.4042,济宁市,电化厂,,47,34,34,27,23,148,,146,146,9,17,7,8,0.7,0.7
2024-08-20T1800,3500A,116.5814,35.3707,济宁市,北湖一中,颗粒物(PM10),51,52,32,27,15,148,,139,139,10,13,12,14,0.4,0.4
2024-08-20T1800,3501A,116.8249,35.5593,济宁市,服务中心,,48,35,28,26,15,151,,139,139,7,12,5,5,0.6,0.6
2024-08-20T1800,3678A,116.5907,35.4054,济宁市,市第七中学,,46,36,32,22,18,147,,138,138,12,14,5,7,0.6,0.7
2024-08-20T1800,2255A,130.2751,46.8028,佳木斯市,佳纺,,24,23,17,11,8,75,,80,79,13,10,8,4,0.5,0.5
2024-08-20T1800,2256A,130.3995,46.8307,佳木斯市,发电厂,,27,27,21,9,10,80,,80,80,8,6,13,8,0.5,0.5
2024-08-20T1800,2257A,130.3258,46.7975,佳木斯市,环保局,,23,22,21,10,10,72,,69,69,18,14,7,8,0.6,0.5
2024-08-20T1800,2258A,130.3648,46.8032,佳木斯市,十一中,,25,17,18,8,10,80,,77,77,9,9,6,6,0.4,0.4
2024-08-20T1800,2259A,130.3794,46.7588,佳木斯市,四丰,,,9,16,3,9,60,,70,70,,,1,1,0.4,0.4
2024-08-20T1800,1252A,120.7436,30.778,嘉兴市,清河小学,,33,33,22,16,10,93,,124,124,17,14,3,4,0.6,0.6
2024-08-20T1800,1253A,120.726,30.7478,嘉兴市,嘉兴学院,,,30,28,20,13,94,,113,113,5,12,,2,0.3,0.3
2024-08-20T1800,2872A,120.7846,30.7525,嘉兴市,南湖区残联,,40,32,20,25,12,128,,44,,15,11,4,5,0.6,0.4
2024-08-20T1800,3407A,120.6916,30.7739,嘉兴市,秀洲住建,,33,23,22,14,12,104,,133,133,11,12,3,3,0.5,0.5
2024-08-20T1800,1945A,98.2908,39.7711,嘉峪关市,气象局,颗粒物(PM10),59,68,62,12,17,133,,121,121,1,11,4,3,0.3,0.3
2024-08-20T1800,2884A,98.2672,39.7978,嘉峪关市,酒钢宾馆,颗粒物(PM10),59,68,69,17,19,131,,120,120,6,11,10,12,0.5,0.9
2024-08-20T1800,3248A,98.2643,39.7724,嘉峪关市,雄关区,,49,49,53,9,15,126,,116,116,4,7,8,8,0.4,0.4
2024-08-20T1800,1383A,113.1064,22.6058,江门市,北街,,22,22,24,7,13,62,,60,60,6,14,3,4,0.5,0.7
2024-08-20T1800,1384A,113.0731,22.5835,江门市,西区,,22,15,22,10,12,68,,71,71,6,16,4,4,0.4,0.5
2024-08-20T1800,1385A,113.0219,22.5311,江门市,圭峰西,,23,23,24,6,15,65,,64,64,5,9,2,3,0.5,0.6
2024-08-20T1800,1386A,113.0828,22.5947,江门市,东湖,,21,11,24,7,12,67,,68,68,6,13,5,5,0.4,0.6
2024-08-20T1800,3311A,113.1075,22.5647,江门市,江海富民,,32,32,32,9,12,69,,72,72,6,16,5,6,0.4,0.5
2024-08-20T1800,3449A,113.05,22.4667,江门市,新会银湖,,21,21,22,3,13,66,,67,67,10,16,5,4,0.4,0.5
2024-08-20T1800,1828A,113.227,35.2125,焦作市,市环保局,臭氧1小时,55,30,26,18,15,164,,147,147,11,14,4,4,0.4,0.5
2024-08-20T1800,3169A,113.2725,35.2067,焦作市,太极体育中心,臭氧1小时,57,36,36,18,16,165,,145,145,8,13,2,3,0.5,0.6
2024-08-20T1800,3335A,113.3137,35.2641,焦作市,马村街道办,,45,33,28,20,16,144,,144,144,9,12,8,5,0.4,0.5
2024-08-20T1800,3336A,113.2465,35.2373,焦作市,焦作技师学院,臭氧1小时,59,41,32,17,14,167,,149,149,5,13,5,4,0.5,0.6
2024-08-20T1800,3477A,113.1656,35.2539,焦作市,中站许衡医院,,49,,20,23,15,154,,143,143,9,15,4,4,0.5,0.5
2024-08-20T1800,3981A,113.2449,35.1803,焦作市,原李万街道办,,48,46,29,17,13,151,,138,138,10,13,3,4,0.2,0.5
2024-08-20T1800,1708A,116.3701,23.5345,揭阳市,新兴,,13,13,16,6,11,36,,44,44,18,14,3,4,0.7,0.6
2024-08-20T1800,1709A,116.3264,23.5443,揭阳市,西马,,19,19,18,9,9,36,,45,45,14,8,3,3,0.9,0.8
2024-08-20T1800,1710A,116.3611,23.5626,揭阳市,东兴,,16,16,18,7,10,46,,49,49,8,12,4,4,0.9,0.9
2024-08-20T1800,1711A,116.4151,23.5294,揭阳市,渔湖,,15,15,19,3,7,39,,47,47,18,18,4,4,0.5,0.6
2024-08-20T1800,3320A,116.403,23.5699,揭阳市,曲溪,,13,11,13,3,7,41,,45,45,13,17,1,2,0.7,0.7
2024-08-20T1800,1944A,102.1692,38.5167,金昌市,天庆家园,,39,21,49,7,19,122,,118,118,7,17,5,8,0.5,0.6
2024-08-20T1800,3170A,102.1864,38.5253,金昌市,市委党校,,40,17,52,3,17,126,,120,120,4,11,7,12,0.4,0.6
2024-08-20T1800,4022A,102.1647,38.5371,金昌市,金川区人防中心,,39,30,61,3,16,123,,119,119,6,11,7,9,0.5,0.6
2024-08-20T1800,1262A,119.647,29.077,金华市,十五中,,,26,16,11,10,97,,112,112,,10,3,2,0.7,0.4
2024-08-20T1800,1263A,119.686,29.1029,金华市,监测站,,31,20,18,10,10,98,,116,116,15,13,3,3,0.6,0.4
2024-08-20T1800,3659A,119.656,29.1131,金华市,气象局,,30,23,18,3,2,94,,116,115,18,8,5,4,0.5,0.3
2024-08-20T1800,1767A,121.1115,41.0879,锦州市,南山,,20,6,22,3,16,64,,54,49,6,12,3,4,0.4,0.6
2024-08-20T1800,1768A,121.0533,40.8434,锦州市,开发区,,20,,24,3,14,63,,61,61,17,10,4,5,0.5,0.8
2024-08-20T1800,1769A,121.1836,41.1119,锦州市,百股街道,,20,6,21,3,10,62,,50,50,5,12,2,4,0.5,0.7
2024-08-20T1800,1770A,121.1178,41.1222,锦州市,天安街道,,20,6,24,3,15,61,,46,46,9,11,6,7,0.7,0.8
2024-08-20T1800,1771A,121.1303,41.1386,锦州市,北湖公园,,19,6,23,3,14,59,,45,44,8,10,4,4,0.6,0.7
2024-08-20T1800,2160A,112.85,35.5051,晋城市,自来水公司,,37,35,42,19,24,116,,138,138,17,23,8,9,0.7,1.4
2024-08-20T1800,2161A,112.8318,35.4936,晋城市,白云商贸,,37,29,41,9,18,116,,137,137,20,24,8,9,0.8,1.5
2024-08-20T1800,2162A,112.8508,35.4887,晋城市,市环保局,,39,39,46,12,19,118,,135,132,17,26,7,8,0.7,1.4
2024-08-20T1800,2163A,112.8676,35.4897,晋城市,技术学院,,38,21,30,19,18,120,,133,133,20,28,7,8,0.7,1.2
2024-08-20T1800,3620A,112.8271,35.4828,晋城市,泽州一中,,37,18,37,7,17,118,,134,134,18,23,9,10,0.7,1.4
2024-08-20T1800,2171A,112.7532,37.6945,晋中市,锦纶小区,,45,22,28,14,12,142,,140,140,11,13,9,10,0.5,0.4
2024-08-20T1800,2173A,112.7249,37.7067,晋中市,南都小区,,44,31,34,15,23,139,,138,138,13,15,7,8,0.6,0.5
2024-08-20T1800,2174A,112.6991,37.6982,晋中市,榆次区政府,,41,24,31,20,20,130,,134,134,15,16,8,10,0.3,0.3
2024-08-20T1800,2865A,112.7195,37.6828,晋中市,榆次三中,,44,29,30,3,11,139,,139,139,11,13,7,9,0.6,0.5
2024-08-20T1800,2439A,112.2014,31.0481,荆门市,竹园小学,,45,29,39,20,23,142,,145,145,9,19,12,13,0.6,0.6
2024-08-20T1800,2440A,112.1969,30.9891,荆门市,掇刀,,43,29,31,21,21,137,,145,144,10,16,7,9,0.6,0.6
2024-08-20T1800,2441A,112.2213,31.0386,荆门市,石化一小,,45,26,40,19,23,144,,145,143,8,18,24,16,0.5,0.6
2024-08-20T1800,3012A,112.1849,31.0362,荆门市,西山林语,,43,,33,22,24,136,,149,149,15,16,10,11,0.4,0.5
2024-08-20T1800,3547A,112.1632,31.0138,荆门市,龙泉中学南校,,43,21,33,14,19,135,,152,152,8,15,11,11,0.5,0.6
2024-08-20T1800,1844A,112.2494,30.3197,荆州市,市图书馆,,44,22,29,20,23,139,,140,140,12,15,7,7,0.6,0.7
2024-08-20T1800,1845A,112.2008,30.3544,荆州市,市委党校,,45,26,32,10,22,144,,134,134,9,14,8,13,0.7,0.7
2024-08-20T1800,3194A,112.2747,30.3122,荆州市,管委会,,,22,30,13,24,146,,143,143,10,15,,8,0.6,0.7
2024-08-20T1800,3548A,112.1655,30.3364,荆州市,学苑路,,48,26,33,20,27,152,,152,152,8,14,7,7,0.7,0.8
2024-08-20T1800,2343A,117.2117,29.2933,景德镇市,老干部活动中心,,20,16,23,13,13,64,,71,71,7,15,5,8,0.4,0.4
2024-08-20T1800,2344A,117.1894,29.2789,景德镇市,兽医站,,22,22,29,14,15,62,,70,70,5,18,6,12,0.2,0.4
2024-08-20T1800,2345A,117.1547,29.2617,景德镇市,台达陶瓷,,23,22,25,16,15,54,,62,62,14,22,17,21,0.3,0.3
2024-08-20T1800,2346A,117.2461,29.2956,景德镇市,陶研所,,23,18,24,7,9,73,,77,77,8,12,6,7,0.3,0.4
2024-08-20T1800,1803A,115.9872,29.6815,九江市,十里,,34,12,18,10,10,106,,105,105,7,13,8,9,0.7,0.7
2024-08-20T1800,1804A,115.9584,29.7046,九江市,茅山头,,32,17,20,12,12,101,,100,100,12,16,11,9,0.7,0.6
2024-08-20T1800,1805A,115.9877,29.7295,九江市,西园,,30,12,15,8,11,96,,101,101,18,16,7,8,0.4,0.5
2024-08-20T1800,1806A,116.0172,29.6547,九江市,五七二七厂,,29,16,15,11,22,92,,95,95,9,11,9,8,0.3,0.3
2024-08-20T1800,1808A,115.9114,29.6038,九江市,综合工业园,,39,15,17,15,12,123,,127,127,4,19,8,8,0.6,0.7
2024-08-20T1800,1809A,116.0721,29.7535,九江市,石化总厂,,31,20,19,3,12,99,,97,97,14,16,9,10,0.7,0.7
2024-08-20T1800,1810A,115.9773,29.5698,九江市,庐山气象台,,32,23,15,20,13,100,,104,104,6,4,6,7,0.9,0.9
2024-08-20T1800,3190A,116.0254,29.6994,九江市,外国语学校,,33,13,17,11,12,104,,104,104,10,15,6,11,0.6,0.6
2024-08-20T1800,2658A,98.5061,39.7443,酒泉市,仓门街子站,颗粒物(PM10),58,66,57,11,15,125,,114,114,5,10,8,14,0.3,0.3
2024-08-20T1800,2659A,98.4989,39.7256,酒泉市,油田生活基地,颗粒物(PM10),54,58,61,17,18,128,,117,117,4,12,8,22,0.3,0.3
2024-08-20T1800,2698A,76.0072,39.4467,喀什地区,巡警大队,,35,28,56,3,9,110,,101,101,6,14,4,4,0.3,0.3
2024-08-20T1800,2699A,75.9755,39.4694,喀什地区,吾办,,34,32,51,10,20,107,,97,97,8,12,4,3,0.4,0.4
2024-08-20T1800,4027A,75.9483,39.4689,喀什地区,老干局,,34,33,56,6,10,108,,98,98,5,10,4,5,0.4,0.4
2024-08-20T1800,1824A,114.3389,34.7781,开封市,肿瘤医院,,49,33,19,13,5,156,,144,144,5,5,6,5,0.7,0.8
2024-08-20T1800,1826A,114.2885,34.7965,开封市,世纪星幼儿园,,,26,18,,9,137,,138,138,5,5,4,5,0.6,0.6
2024-08-20T1800,3147A,114.3438,34.8106,开封市,龙亭公园,,44,30,19,26,13,139,,134,134,5,6,4,4,0.7,0.7
2024-08-20T1800,3210A,114.3644,34.7964,开封市,汴京公园,,50,31,19,14,11,158,,144,144,5,7,7,6,0.6,0.6
2024-08-20T1800,3473A,114.2485,34.8306,开封市,技师学院,,44,23,20,12,9,140,,138,138,9,11,10,11,1.0,0.9
2024-08-20T1800,3592A,114.4644,34.7556,开封市,祥符区生态环境局,,48,29,15,16,12,153,,143,143,7,11,4,8,0.6,0.6
2024-08-20T1800,1951A,84.895,45.6094,克拉玛依市,长征新村,,35,13,13,3,5,109,,98,98,2,6,6,6,0.2,0.2
2024-08-20T1800,1952A,84.8988,45.5893,克拉玛依市,南林小区,,36,12,13,9,9,114,,101,101,3,8,8,8,0.2,0.2
2024-08-20T1800,1954A,84.905,44.3396,克拉玛依市,独山子区,,43,34,25,15,11,136,,114,114,5,14,12,9,0.4,0.4
2024-08-20T1800,1955A,85.6979,46.098,克拉玛依市,乌尔禾区商贸楼,,32,14,14,10,8,102,,93,93,9,10,4,4,0.2,0.2
2024-08-20T1800,3612A,85.1045,45.6899,克拉玛依市,白碱滩区新站,,36,18,16,3,4,115,,110,110,4,9,8,8,0.3,0.4
2024-08-20T1800,2697A,76.1454,39.7142,克孜勒苏柯尔克孜自治州,市人民政府,,36,26,44,13,22,114,,104,104,2,8,2,3,0.5,0.5
2024-08-20T1800,3665A,76.1658,39.7157,克孜勒苏柯尔克孜自治州,克州文化中心,,36,27,35,13,18,115,,108,108,2,3,4,5,0.3,0.3
2024-08-20T1800,1450A,102.8204,24.8886,昆明市,呈贡新区,,41,34,42,18,31,129,,132,132,17,22,6,6,0.6,0.8
2024-08-20T1800,1452A,102.7252,25.0902,昆明市,龙泉镇,,42,42,26,24,20,133,,157,157,23,24,7,6,0.8,0.8
2024-08-20T1800,1453A,102.7266,25.0375,昆明市,东风东路,,39,27,34,20,21,122,,149,145,29,25,4,4,0.7,0.8
2024-08-20T1800,1454A,102.6742,25.0669,昆明市,金鼎山,,47,47,36,15,19,137,,153,153,19,22,7,8,0.5,0.5
2024-08-20T1800,1455A,102.6644,25.0401,昆明市,碧鸡广场,,42,37,30,17,19,132,,149,149,20,22,7,4,0.7,0.6
2024-08-20T1800,3179A,102.7494,25.0119,昆明市,官渡区博物馆,,41,19,39,15,21,129,,149,149,16,31,6,6,0.4,0.6
2024-08-20T1800,3375A,102.8017,24.8336,昆明市,青年创业园,,43,18,36,17,27,136,,133,133,9,24,4,3,0.5,0.7
2024-08-20T1800,3550A,102.7997,24.9786,昆明市,昆明学院,,37,32,51,19,31,118,,147,147,25,33,4,5,0.6,0.7
2024-08-20T1800,3551A,102.5967,24.6736,昆明市,晋宁区生态环境分局,,46,46,32,19,22,112,,135,135,10,13,6,7,0.7,0.9
2024-08-20T1800,3552A,102.6678,24.9856,昆明市,云天化总部,,44,34,31,23,22,138,,146,146,18,24,12,6,1.0,0.7
2024-08-20T1800,1456A,91.1319,29.6514,拉萨市,八廓街,,37,10,10,7,7,116,,105,105,7,10,8,8,0.2,0.2
2024-08-20T1800,1457A,91.1221,29.6747,拉萨市,市环保局,,36,7,15,3,7,113,,103,103,10,15,7,8,0.1,0.1
2024-08-20T1800,1458A,91.0874,29.6475,拉萨市,区监测站,,32,8,9,6,7,101,,100,100,7,12,8,8,0.5,0.2
2024-08-20T1800,1459A,91.1774,29.6541,拉萨市,西藏大学,,38,7,9,3,6,121,,103,103,5,6,7,10,0.2,0.4
2024-08-20T1800,1460A,90.9798,29.6588,拉萨市,区辐射站,,34,10,14,6,7,107,,99,99,15,15,8,8,0.2,0.2
2024-08-20T1800,1461A,91.0834,29.6292,拉萨市,拉萨火车站,,34,9,10,3,6,108,,103,103,7,9,6,6,0.2,0.2
2024-08-20T1800,2520A,109.2203,23.7256,来宾市,来宾技工学校,,26,26,47,12,27,74,,83,83,10,13,9,28,0.7,0.7
2024-08-20T1800,3535A,109.1781,23.7297,来宾市,兴宾区政府,,28,28,26,19,16,80,,88,88,7,8,6,7,0.8,0.8
2024-08-20T1800,4002A,109.2416,23.7461,来宾市,中南小学,,32,32,42,18,24,84,,91,91,8,12,10,21,0.8,0.9
2024-08-20T1800,1476A,103.631,36.1031,兰州市,兰炼宾馆,,47,30,38,19,25,150,,146,146,9,26,12,24,0.3,0.5
2024-08-20T1800,1478A,103.8412,36.0726,兰州市,生物制品所,,45,30,42,13,20,141,,124,124,6,41,8,14,0.3,0.6
2024-08-20T1800,1479A,103.831,36.0464,兰州市,铁路设计院,,40,28,39,15,24,125,,119,119,30,53,10,21,0.4,0.7
2024-08-20T1800,3186A,103.7158,36.1058,兰州市,教育港,,,68,53,25,26,142,,127,127,5,29,6,16,,0.5
2024-08-20T1800,3241A,103.7439,36.0842,兰州市,百合公园,,48,32,36,12,15,151,,140,140,7,36,14,16,0.4,0.6
2024-08-20T1800,3242A,103.9611,35.998,兰州市,和平,,47,36,36,10,13,148,,135,135,7,20,10,13,0.1,0.3
2024-08-20T1800,3245A,103.6633,36.533,兰州新区,新区管委会,,47,47,38,19,14,148,,142,142,3,10,11,16,0.3,0.4
2024-08-20T1800,3246A,103.6975,36.4789,兰州新区,舟曲中学,,45,40,31,13,10,142,,137,137,7,14,8,15,0.3,0.3
2024-08-20T1800,1067A,116.6708,39.5111,廊坊市,药材公司,,25,9,30,7,13,78,,78,78,13,17,3,3,0.4,0.5
2024-08-20T1800,1068A,116.7214,39.5589,廊坊市,开发区,,26,14,24,3,15,81,,76,76,1,12,3,3,0.4,0.6
2024-08-20T1800,1070A,116.7244,39.5269,廊坊市,北华航天学院,,20,20,39,3,12,60,,49,49,6,14,1,1,0.4,0.6
2024-08-20T1800,2919A,116.7022,39.5453,廊坊市,河北工业大学,,27,21,25,9,17,86,,80,80,5,16,1,2,0.4,0.5
2024-08-20T1800,2535A,103.7723,29.5462,乐山市,花湖湾,臭氧1小时,59,,40,22,36,167,,149,149,3,15,5,6,0.3,0.6
2024-08-20T1800,2536A,103.7627,29.5844,乐山市,牛耳桥,,49,32,48,19,39,155,,152,152,14,22,2,4,0.4,0.6
2024-08-20T1800,2537A,103.7508,29.6006,乐山市,市第三水厂,臭氧1小时,67,38,53,22,39,173,,163,163,7,23,3,4,0.4,0.6
2024-08-20T1800,2538A,103.7571,29.5664,乐山市,市监测站,臭氧1小时,55,30,47,28,34,164,,157,157,5,18,4,7,0.4,0.7
2024-08-20T1800,3361A,103.7311,29.5628,乐山市,理工大学,臭氧1小时,63,32,49,22,36,170,,166,166,4,18,5,7,0.6,0.8
2024-08-20T1800,2599A,100.2497,26.8802,丽江市,丽江古城,,29,24,19,14,12,92,,85,85,12,13,10,9,0.5,0.6
2024-08-20T1800,2600A,100.2203,26.8906,丽江市,市中心,,31,12,16,8,10,99,,93,93,10,11,9,8,0.6,0.6
2024-08-20T1800,1267A,119.914,28.4514,丽水市,监测站大楼,,23,16,14,12,8,71,,87,86,5,7,2,2,0.4,0.4
2024-08-20T1800,1268A,119.93,28.4586,丽水市,莲都小学,,24,12,12,3,9,74,,88,86,4,9,4,3,0.4,0.6
2024-08-20T1800,1269A,119.879,28.4231,丽水市,余庄前,,22,14,15,6,8,70,,87,85,4,8,4,3,0.4,0.4
2024-08-20T1800,1173A,119.176,34.5885,连云港市,市环境监测站,,14,14,6,3,4,39,,77,47,15,11,6,6,0.3,0.3
2024-08-20T1800,3000A,119.3581,34.6972,连云港市,德源药业,,13,7,6,3,3,41,,66,45,6,11,3,4,0.3,0.3
2024-08-20T1800,3007A,119.178,34.844,连云港市,新城一中,,12,10,10,7,4,37,,62,47,8,13,3,2,0.6,0.7
2024-08-20T1800,3008A,119.3608,34.7519,连云港市,胡沟管理处,,,17,6,,2,19,,71,38,26,14,10,7,0.6,0.5
2024-08-20T1800,3009A,119.1478,34.5911,连云港市,矿山设计院,,12,12,6,7,3,38,,69,48,19,16,2,2,0.6,0.6
2024-08-20T1800,3434A,119.2413,34.6539,连云港市,工贸学校,,14,14,8,9,6,37,,77,48,6,4,5,5,0.5,0.5
2024-08-20T1800,3664A,119.4172,34.7341,连云港市,连云街道,,15,12,9,3,4,45,,84,43,7,10,2,3,0.4,0.4
2024-08-20T1800,2571A,102.3431,27.8099,凉山彝族自治州,青龙寺,,45,15,21,9,13,142,,134,134,4,6,3,4,0,0.3
2024-08-20T1800,2572A,102.2721,27.8415,凉山彝族自治州,邛海宾馆,,37,27,29,19,19,118,,136,136,13,14,13,16,0.6,0.9
2024-08-20T1800,2573A,102.2625,27.898,凉山彝族自治州,西昌市政府,,40,23,22,14,14,127,,130,130,6,8,12,14,0.7,1
2024-08-20T1800,2574A,102.2685,27.8851,凉山彝族自治州,凉山州政府,,41,23,26,14,16,130,,130,130,7,10,9,12,0.4,1
2024-08-20T1800,2575A,102.237,27.8914,凉山彝族自治州,长安,,38,30,20,14,14,119,,127,127,13,13,15,13,0.8,1.1
2024-08-20T1800,2212A,123.2,41.1953,辽阳市,宏伟区,,16,15,20,11,9,48,,46,46,9,13,6,6,0.6,0.7
2024-08-20T1800,2213A,123.1683,41.2495,辽阳市,新华园,,19,16,31,13,13,44,,49,49,6,23,3,8,0.5,1.1
2024-08-20T1800,2214A,123.2354,41.2639,辽阳市,滨河路,,24,24,28,9,13,36,,41,41,10,19,7,8,0.3,0.7
2024-08-20T1800,2215A,123.149,41.2991,辽阳市,铁西工业园,,18,18,39,11,15,39,,39,39,7,22,6,9,0.8,1.6
2024-08-20T1800,2227A,125.1358,42.8845,辽源市,环保局,,26,26,30,14,10,50,,68,68,13,10,5,6,0.6,0.7
2024-08-20T1800,3239A,125.0764,42.9078,辽源市,银鹰制药,,23,20,17,16,10,50,,70,70,26,15,5,6,1.0,0.9
2024-08-20T1800,1625A,115.9848,36.4372,聊城市,区政府,,40,19,20,8,12,127,,123,123,10,12,9,8,0.5,0.5
2024-08-20T1800,2878A,116.0072,36.4343,聊城市,聊大东校,,40,22,18,14,18,125,,125,125,9,9,7,7,0.5,0.5
2024-08-20T1800,3200A,115.9819,36.4978,聊城市,监控中心,,38,13,22,9,12,120,,118,118,5,13,6,6,0.5,0.6
2024-08-20T1800,4018A,116.0567,36.4608,聊城市,星美广场,,,,31,9,13,120,,119,119,8,8,5,7,0.4,0.3
2024-08-20T1800,2632A,94.3681,29.6376,林芝市,林芝监测站,,27,6,7,3,5,86,,79,79,2,3,10,9,0.2,0.3
2024-08-20T1800,2633A,94.3616,29.6616,林芝市,林芝人民医院,,29,10,10,3,6,90,,83,83,4,5,6,7,0.2,0.2
2024-08-20T1800,2603A,100.0781,23.8982,临沧市,市环保局,,,18,19,,23,66,,62,62,8,10,5,6,0.3,0.4
2024-08-20T1800,2604A,100.0894,23.8822,临沧市,市气象局,,21,16,14,10,10,66,,64,64,8,9,4,6,0.2,0.4
2024-08-20T1800,1733A,111.5531,36.0783,临汾市,临钢医院,,37,9,31,9,11,116,,116,116,9,9,5,6,0.7,0.7
2024-08-20T1800,1734A,111.5028,36.0714,临汾市,技工学校,,,35,33,15,13,122,,122,122,16,15,,3,0.7,0.8
2024-08-20T1800,1736A,111.5018,36.0855,临汾市,市委,,40,28,23,9,11,125,,127,127,16,14,3,4,0.7,0.8
2024-08-20T1800,3018A,111.505,36.1014,临汾市,唐尧大酒店,,36,25,26,7,7,115,,114,114,14,14,6,6,0.7,0.7
2024-08-20T1800,3668A,111.5036,36.0414,临汾市,城南,,36,17,32,14,15,113,,122,121,11,9,4,4,0.6,0.6
2024-08-20T1800,2667A,103.2069,35.5993,临夏回族自治州,环保局,,47,24,45,8,19,148,,133,133,1,11,11,10,0.3,0.4
2024-08-20T1800,2668A,103.2417,35.6057,临夏回族自治州,建设大厦,,46,9,37,3,17,145,,131,131,2,11,9,8,0.3,0.4
2024-08-20T1800,1618A,118.3429,35.0532,临沂市,沂河小区,,27,12,19,11,11,84,,105,105,7,11,6,7,0.6,0.3
2024-08-20T1800,1619A,118.295,35.0583,临沂市,鲁南制药厂,,31,,12,13,13,97,,113,113,11,12,4,8,0.6,0.3
2024-08-20T1800,1620A,118.2794,34.9976,临沂市,新光毛纺厂,,30,12,14,8,12,93,,109,109,13,18,5,10,0.8,0.7
2024-08-20T1800,1621A,118.3956,35.0888,临沂市,河东保险公司,,23,12,14,7,8,71,,93,93,10,17,7,6,0.6,0.4
2024-08-20T1800,3370A,118.3564,35.0215,临沂市,十里堡居委,,25,,8,7,10,79,,102,102,8,12,7,8,0.8,0.6
2024-08-20T1800,3496A,118.3604,35.1084,临沂市,南坊新区,,26,17,18,9,8,82,,108,108,8,16,7,8,1.0,0.7
2024-08-20T1800,3860A,118.3920,35.0300,临沂市,皇山花园小区,,22,9,17,6,13,68,,96,96,10,17,5,6,0.6,0.4
2024-08-20T1800,1870A,109.4856,24.3895,柳州市,柳东小学,,30,23,43,10,16,93,,85,85,9,13,8,8,0.8,0.9
2024-08-20T1800,1871A,109.4157,24.3277,柳州市,环保监测站,,,13,27,,27,100,,91,91,8,10,8,8,0.9,0.9
2024-08-20T1800,1872A,109.389,24.341,柳州市,河西水厂,,29,19,29,3,17,90,,91,91,12,10,6,7,0.9,1
2024-08-20T1800,1873A,109.4311,24.2921,柳州市,市四中,,38,38,32,17,20,113,,104,104,11,10,8,7,0.7,0.8
2024-08-20T1800,1874A,109.4006,24.3631,柳州市,市九中,,30,24,31,3,18,94,,93,93,10,10,5,6,0.7,0.7
2024-08-20T1800,1875A,109.4958,24.3134,柳州市,古亭山,,31,22,30,12,17,97,,100,100,13,16,10,8,0.9,0.9
2024-08-20T1800,3402A,109.5422,24.3996,柳州市,市二中,,31,14,26,8,13,98,,86,86,10,13,8,8,0.8,0.8
2024-08-20T1800,2307A,116.5079,31.737,六安市,监测大楼,,34,21,10,20,10,108,,113,113,7,3,5,5,0.5,0.4
2024-08-20T1800,2308A,116.4738,31.7643,六安市,皖西学院,,,,18,11,9,115,,111,111,2,4,4,4,0.6,0.3
2024-08-20T1800,2309A,116.4996,31.7905,六安市,朝阳厂,,37,30,8,3,8,118,,108,108,1,2,9,10,0.2,0.2
2024-08-20T1800,2310A,116.5567,31.7886,六安市,开发区,,36,,9,19,14,113,,108,108,2,4,2,2,0.4,0.3
2024-08-20T1800,2577A,104.83,26.5917,六盘水市,黄土坡,,45,29,31,16,19,144,,137,137,7,12,8,8,0.4,0.5
2024-08-20T1800,2578A,104.89,26.5939,六盘水市,水钢,,46,27,37,16,16,147,,140,140,6,13,8,8,0.4,0.5
2024-08-20T1800,2579A,104.8475,26.5894,六盘水市,民中,,45,22,27,12,17,142,,137,137,7,15,7,8,0.3,0.5
2024-08-20T1800,2580A,104.9544,26.5506,六盘水市,双水,,44,27,34,17,17,139,,134,134,6,11,6,6,0.4,0.4
2024-08-20T1800,2336A,117.0217,25.1033,龙岩市,龙岩市监测站,,15,6,12,3,7,48,,42,42,16,15,4,10,0.5,0.5
2024-08-20T1800,2337A,117.0258,25.0661,龙岩市,闽西职业技术学院,,13,7,15,3,5,41,,35,35,20,16,4,4,0.5,0.4
2024-08-20T1800,2338A,117.0196,25.0306,龙岩市,龙岩学院,,20,11,14,8,6,61,,44,44,5,9,1,2,0.4,0.4
2024-08-20T1800,2885A,104.9339,33.3826,陇南市,滨江中学,,37,32,36,16,13,117,,109,109,8,8,5,5,0.6,0.6
2024-08-20T1800,3247A,104.955,33.371,陇南市,市总工会,,38,28,28,7,6,120,,111,111,5,5,6,6,0.2,0.2
2024-08-20T1800,2487A,111.9589,27.8901,娄底市,电视发射台,,34,34,40,21,16,101,,94,94,4,4,7,6,0.5,0.5
2024-08-20T1800,2488A,111.9975,27.725,娄底市,市监测站,,,32,47,30,21,121,,117,117,,17,4,11,0.4,0.9
2024-08-20T1800,2489A,112.0194,27.7314,娄底市,市委党校,,33,29,40,20,23,104,,99,99,5,17,7,11,0.4,1
2024-08-20T1800,2490A,111.9561,27.7569,娄底市,涟钢,,33,31,34,23,18,85,,81,81,42,16,9,10,0.7,0.7
2024-08-20T1800,2491A,111.9892,27.7044,娄底市,市政府,,45,36,37,31,19,113,,114,114,7,13,7,6,0.3,0.5
2024-08-20T1800,1893A,105.4324,28.9634,泸州市,九狮山,臭氧1小时,80,,59,27,38,184,,191,191,12,21,3,4,0.1,0.5
2024-08-20T1800,1894A,105.4427,28.9063,泸州市,小市上码头,臭氧1小时,83,22,46,17,36,186,,182,182,10,24,7,12,0.3,0.5
2024-08-20T1800,1895A,105.4241,28.8573,泸州市,兰田宪桥,臭氧1小时,77,38,52,34,46,181,,174,174,17,25,8,8,0.4,0.6
2024-08-20T1800,1896A,105.4379,28.8833,泸州市,市环监站,臭氧1小时,78,33,49,23,37,182,,173,173,9,23,7,9,0.4,0.5
2024-08-20T1800,3490A,105.3617,28.7703,泸州市,纳溪区环保局,,50,34,52,24,40,157,,166,166,9,25,4,6,0.4,0.5
2024-08-20T1800,2183A,111.1406,37.5211,吕梁市,环保局,,35,30,37,10,16,110,,120,120,18,17,4,5,0.5,0.4
2024-08-20T1800,2185A,111.1297,37.5136,吕梁市,自来水公司,,38,22,38,10,14,121,,121,121,15,16,3,5,0.6,0.6
2024-08-20T1800,2867A,111.1283,37.51,吕梁市,马茂庄小学,,35,28,49,10,15,110,,123,123,23,20,2,3,0.7,0.6
2024-08-20T1800,1812A,112.3931,34.6516,洛阳市,市委党校,,45,35,26,18,18,144,,152,151,6,9,4,6,0.7,0.7
2024-08-20T1800,1814A,112.4657,34.6871,洛阳市,豫西宾馆,颗粒物(PM10),65,80,31,20,15,144,,147,147,7,9,4,5,0.3,0.4
2024-08-20T1800,1815A,112.494,34.6886,洛阳市,河南林校,,48,40,22,23,15,151,,150,150,6,9,4,4,0.5,0.6
2024-08-20T1800,1816A,112.3844,34.623,洛阳市,开发区管委会,,45,36,26,29,18,144,,147,146,6,8,3,3,0.4,0.4
2024-08-20T1800,1817A,112.4267,34.6258,洛阳市,市委新办公区,,48,42,23,25,21,152,,149,149,1,4,3,4,0.6,0.6
2024-08-20T1800,3340A,112.6005,34.6326,洛阳市,伊滨,,46,44,37,26,19,145,,140,140,3,5,5,5,0.6,0.6
2024-08-20T1800,3341A,112.4951,34.6332,洛阳市,中移产业园,颗粒物(PM10),55,60,29,25,19,152,,150,150,4,7,4,4,0.7,0.7
2024-08-20T1800,3593A,112.5736,34.8993,洛阳市,吉利监测站,,50,50,27,8,16,123,,145,145,7,10,2,3,0.5,0.7
2024-08-20T1800,3635A,112.3677,34.662,洛阳市,河科大西苑校区,,44,35,23,22,12,140,,152,151,6,7,3,5,0.6,0.7
2024-08-20T1800,3636A,112.4388,34.6781,洛阳市,英才小学,,46,36,23,25,25,147,,150,150,4,4,2,4,0.5,0.6
2024-08-20T1800,2399A,114.051,33.5699,漯河市,三五一五工厂,,43,24,22,16,15,137,,138,138,5,8,6,7,0.4,0.4
2024-08-20T1800,2400A,114.0055,33.5698,漯河市,漯河大学,,45,24,22,14,16,141,,140,140,6,7,10,10,0.5,0.5
2024-08-20T1800,2401A,114.0138,33.5828,漯河市,市水利局,,44,22,23,9,12,140,,139,139,6,8,8,7,0.5,0.5
2024-08-20T1800,2402A,114.0261,33.5698,漯河市,市广电局,,44,17,20,6,10,140,,142,142,3,4,6,6,0.5,0.5
2024-08-20T1800,3478A,113.9749,33.5664,漯河市,市图书馆,,47,28,25,14,15,150,,146,146,7,8,9,10,0.4,0.4
2024-08-20T1800,3479A,114.0967,33.5906,漯河市,召陵区卫健委,,42,26,28,12,18,133,,136,136,7,10,3,3,0.5,0.6
2024-08-20T1800,1798A,118.5092,31.6837,马鞍山市,湖东路四小,,39,39,18,13,11,122,,107,107,17,12,13,7,1.2,0.8
2024-08-20T1800,1799A,118.5024,31.6449,马鞍山市,开发区,,47,47,17,23,11,119,,108,108,25,14,8,5,1.5,0.9
2024-08-20T1800,1800A,118.5228,31.7231,马鞍山市,慈湖,,38,32,21,15,11,120,,109,109,14,13,8,6,0.7,0.6
2024-08-20T1800,1802A,118.6245,31.7241,马鞍山市,濮塘,,29,18,10,15,11,92,,97,97,10,13,5,5,0.6,0.7
2024-08-20T1800,3633A,118.4918,31.6809,马鞍山市,雨山,,41,41,16,16,10,107,,96,96,18,13,17,8,2.1,1.1
2024-08-20T1800,1686A,111.0286,21.4688,茂名市,电白南海,,20,,27,14,18,47,,62,62,12,13,7,10,0.6,0.5
2024-08-20T1800,1687A,110.9294,21.6533,茂名市,茂石化七小,,20,17,20,14,16,38,,57,57,13,11,4,8,0.4,0.4
2024-08-20T1800,1688A,110.9107,21.6687,茂名市,健康路,,13,7,18,3,7,40,,62,62,15,10,8,15,0.8,0.6
2024-08-20T1800,1689A,110.8592,21.6828,茂名市,高岭,,12,6,19,3,9,37,,55,55,21,13,10,20,0.6,0.6
2024-08-20T1800,3450A,111.01,21.5165,茂名市,电白水东,,20,,19,14,14,36,,58,58,16,11,5,10,0.6,0.5
2024-08-20T1800,2539A,104.0308,30.0478,眉山市,黑龙滩水库,臭氧1小时,80,33,37,19,23,184,,162,162,2,4,6,6,0.3,0.4
2024-08-20T1800,2540A,103.8416,30.0874,眉山市,气象局,臭氧1小时,82,44,41,27,29,185,,165,165,7,37,8,8,0.5,0.6
2024-08-20T1800,3137A,103.8578,30.0744,眉山市,市委党校,臭氧1小时,77,31,43,12,23,181,,163,163,7,33,8,9,0.4,0.5
2024-08-20T1800,3148A,103.8291,30.0564,眉山市,区人社局,臭氧1小时,72,32,39,19,24,177,,162,162,16,33,6,8,0.5,0.6
2024-08-20T1800,1690A,116.1231,24.3284,梅州市,梅江月梅,,21,,10,3,4,66,,62,62,4,6,6,6,0.5,0.3
2024-08-20T1800,1691A,116.0797,24.2719,梅州市,梅县新城,,18,6,12,3,5,56,,58,58,11,13,4,4,0.5,0.5
2024-08-20T1800,1692A,116.1248,24.2654,梅州市,环境监控中心,,19,6,15,6,7,60,,53,53,8,13,4,4,0.4,0.5
2024-08-20T1800,3315A,116.1233,24.2991,梅州市,梅龙,,21,,6,3,8,65,,64,64,7,9,8,8,0.7,0.7
2024-08-20T1800,1878A,104.7778,31.4741,绵阳市,富乐山,,46,44,39,32,29,119,,154,154,12,12,3,3,0.7,0.7
2024-08-20T1800,1879A,104.7563,31.4535,绵阳市,市人大,,50,40,48,34,31,158,,161,160,9,22,13,11,0.5,0.6
2024-08-20T1800,1880A,104.6697,31.4668,绵阳市,高新区自来水公司,臭氧1小时,55,36,54,24,30,164,,162,162,6,23,7,8,0.5,0.6
2024-08-20T1800,1881A,104.7287,31.5075,绵阳市,三水厂,,49,35,63,31,41,155,,166,166,21,30,7,6,0.6,0.8
2024-08-20T1800,3491A,104.69,31.5322,绵阳市,西科大附属小学,,49,39,54,28,34,155,,162,162,11,23,9,10,0.6,0.7
2024-08-20T1800,3492A,104.5648,31.5343,绵阳市,安州区旅游局,臭氧1小时,82,33,48,29,36,185,,174,174,11,17,6,7,0.6,0.6
2024-08-20T1800,1784A,129.61,44.561,牡丹江市,环保大楼,,25,19,23,17,14,16,,27,26,19,7,8,7,0.4,0.3
2024-08-20T1800,1785A,129.6115,44.5782,牡丹江市,文化广场,,21,21,20,10,16,18,,24,24,15,7,7,8,0.5,0.3
2024-08-20T1800,1786A,129.5904,44.5963,牡丹江市,第一医院,,23,16,20,16,13,19,,30,24,12,8,6,6,0.5,0.4
2024-08-20T1800,1787A,129.6364,44.6075,牡丹江市,机车工厂,,23,21,18,16,13,21,,25,25,8,5,7,7,0.4,0.3
2024-08-20T1800,1788A,129.6386,44.5462,牡丹江市,第一中学,,17,17,22,9,12,22,,27,27,14,7,5,5,0.4,0.3
2024-08-20T1800,2531A,105.0703,29.61,内江市,市监测站,臭氧1小时,77,,41,29,41,181,,195,195,19,28,10,10,0.3,0.5
2024-08-20T1800,2532A,105.0717,29.5947,内江市,东兴区政府,,50,35,40,20,32,158,,167,167,12,22,5,5,0.7,0.8
2024-08-20T1800,2533A,105.0653,29.5817,内江市,内江二中,臭氧1小时,68,,44,30,34,174,,180,180,10,25,7,7,0.6,0.7
2024-08-20T1800,2534A,105.0406,29.5822,内江市,内江日报社,臭氧1小时,83,46,48,30,38,186,,197,197,14,36,12,9,0.4,0.5
2024-08-20T1800,2628A,92.0657,31.4846,那曲市,那曲监测站,,38,38,38,10,14,88,,92,92,5,8,6,6,0.5,0.5
2024-08-20T1800,3128A,92.0506,31.4797,那曲市,那曲会议中心,,,,29,,11,101,,103,103,6,9,4,4,0.2,0.3
2024-08-20T1800,1290A,115.8931,28.6843,南昌市,省外办,,42,40,30,24,16,132,,127,127,15,17,8,9,0.6,0.5
2024-08-20T1800,1291A,115.8886,28.7003,南昌市,省林业公司,,41,24,22,14,11,129,,120,120,9,15,7,7,0.7,0.7
2024-08-20T1800,1292A,115.8126,28.7442,南昌市,林科所,,42,17,11,14,6,132,,122,122,2,8,4,6,0.5,0.3
2024-08-20T1800,1294A,115.8518,28.687,南昌市,建工学校,,40,23,18,3,6,128,,124,124,8,14,8,9,0.4,0.4
2024-08-20T1800,1295A,115.8921,28.6424,南昌市,象湖,,45,18,17,13,12,142,,131,131,6,10,5,5,0.6,0.6
2024-08-20T1800,1296A,115.7423,28.7996,南昌市,武术学校,,36,36,20,14,15,82,,103,103,4,3,3,2,0.1,0.1
2024-08-20T1800,1298A,115.9314,28.6842,南昌市,省站,,38,33,22,20,14,120,,118,118,19,15,8,8,0.7,0.6
2024-08-20T1800,3046A,115.9084,28.6062,南昌市,机电学校,,42,34,31,14,12,132,,119,119,8,17,7,7,0.6,0.6
2024-08-20T1800,3690A,115.9721,28.7031,南昌市,外国语学校,,43,28,22,14,10,137,,125,125,6,10,8,8,0.5,0.5
2024-08-20T1800,1905A,106.056,30.8064,南充市,西山风景区,,47,,40,21,34,148,,143,143,3,21,1,2,0.5,0.3
2024-08-20T1800,1906A,106.0789,30.8023,南充市,南充市委,臭氧1小时,59,41,54,26,38,167,,162,162,6,19,6,6,0.3,0.5
2024-08-20T1800,1907A,106.1031,30.8217,南充市,南充炼油厂,臭氧1小时,69,38,67,26,44,175,,168,168,6,20,6,6,0.3,0.5
2024-08-20T1800,1908A,106.1064,30.7856,南充市,高坪区监测站,臭氧1小时,58,33,56,25,38,166,,162,162,8,23,5,6,0.4,0.6
2024-08-20T1800,1909A,106.0642,30.7636,南充市,嘉陵区环保局,,50,28,56,22,37,160,,159,159,11,25,3,8,0.3,0.5
2024-08-20T1800,1910A,106.1087,30.8388,南充市,市环境监测站,臭氧1小时,67,34,60,29,37,173,,165,165,9,18,5,6,0.3,0.4
2024-08-20T1800,1151A,118.8086,32.1065,南京市,迈皋桥,,30,16,11,12,6,94,,96,96,15,17,3,4,0.4,0.3
2024-08-20T1800,1152A,118.7538,32.0551,南京市,草场门,,40,22,11,9,6,125,,109,109,19,14,5,5,0.5,0.5
2024-08-20T1800,1153A,118.7794,32.0745,南京市,山西路,,45,29,10,14,8,141,,124,124,15,12,4,4,1.0,0.5
2024-08-20T1800,1154A,118.7752,32.0023,南京市,中华门,,40,17,10,12,8,127,,107,107,10,17,4,4,0.4,0.6
2024-08-20T1800,1155A,118.8109,32.0309,南京市,瑞金路,,40,29,11,24,9,126,,118,118,9,9,7,6,0.7,0.6
2024-08-20T1800,1156A,118.7997,32.0754,南京市,玄武湖,,35,24,17,14,8,111,,99,99,12,7,7,7,1.3,0.7
2024-08-20T1800,1157A,118.6414,32.0931,南京市,浦口,,38,24,15,12,6,119,,100,100,5,8,7,6,0.4,0.4
2024-08-20T1800,1158A,118.7356,31.9996,南京市,奥体中心,,42,,11,22,11,133,,110,110,10,13,7,7,0.3,0.4
2024-08-20T1800,1159A,118.9125,32.1028,南京市,仙林大学城,,41,27,13,17,8,131,,116,116,18,19,11,8,0.6,0.6
2024-08-20T1800,3422A,118.8436,31.9198,南京市,江宁彩虹桥,,45,19,11,17,7,141,,119,119,6,7,4,4,0.8,0.6
2024-08-20T1800,3423A,119.0138,31.6494,南京市,溧水永阳,,39,12,6,8,9,122,,100,100,10,10,4,4,0.4,0.5
2024-08-20T1800,3424A,118.879,31.3302,南京市,高淳老职中,,43,21,13,15,11,135,,110,110,6,9,4,4,0.6,0.5
2024-08-20T1800,3427A,118.8554,32.3578,南京市,六合雄州,,,,11,8,7,77,,86,86,29,7,4,4,,0.4
2024-08-20T1800,1401A,108.3103,22.7881,南宁市,二十一中,,24,22,25,16,15,76,,106,106,11,12,3,3,0.9,0.9
2024-08-20T1800,1402A,108.3141,22.8528,南宁市,北湖,,24,21,27,16,17,74,,108,108,18,13,2,3,0.8,0.8
2024-08-20T1800,1403A,108.3206,22.8225,南宁市,市监测站,,26,26,26,16,18,80,,107,107,18,15,4,5,0.7,0.7
2024-08-20T1800,1404A,108.3829,22.8037,南宁市,大自然花园,,35,,24,24,18,73,,96,96,13,11,4,4,0.6,0.7
2024-08-20T1800,1405A,108.4394,22.7904,南宁市,仙葫,,28,28,26,14,16,63,,90,89,6,8,5,6,0.6,0.6
2024-08-20T1800,1406A,108.2397,22.8467,南宁市,区农职院,,26,26,28,18,15,80,,98,98,18,14,5,6,0.9,0.9
2024-08-20T1800,1407A,108.3275,22.735,南宁市,英华嘉园,,40,,30,28,19,61,,88,88,16,18,5,5,0.7,0.7
2024-08-20T1800,1408A,108.2257,22.7757,南宁市,沙井镇街道办,,32,28,32,22,19,68,,98,98,20,19,2,2,0.8,0.8
2024-08-20T1800,3401A,108.4834,22.7618,南宁市,红星社区,,32,28,26,22,15,61,,97,94,9,10,5,5,0.8,0.8
2024-08-20T1800,2332A,118.1681,26.6369,南平市,南平市监测站,,20,7,15,3,3,63,,67,67,7,9,4,4,0.9,0.9
2024-08-20T1800,2333A,118.1825,26.6489,南平市,南平铝业有限公司,,27,27,16,3,6,47,,64,64,11,9,5,5,0.6,0.6
2024-08-20T1800,2334A,118.1756,26.6272,南平市,南平七中,,21,21,22,3,6,61,,66,66,3,6,4,4,0.5,0.6
2024-08-20T1800,1168A,120.9098,31.9663,南通市,狼山街道,,33,16,15,13,9,103,,113,113,13,10,6,7,0.7,0.6
2024-08-20T1800,1169A,120.86,32.0005,南通市,虹桥,,30,25,20,11,11,93,,103,103,13,11,5,7,0.8,0.6
2024-08-20T1800,1170A,120.87,32.02,南通市,城中,,31,28,24,12,9,99,,110,110,14,12,6,7,0.6,0.5
2024-08-20T1800,1171A,120.94,31.93,南通市,星湖花园,,24,21,13,11,5,75,,106,106,48,18,5,6,0.7,0.6
2024-08-20T1800,1172A,120.81,32.0417,南通市,紫琅学院,,30,17,15,8,8,95,,106,106,16,14,7,8,0.8,0.7
2024-08-20T1800,3291A,121.067,32.062,南通市,通州监测站,,44,44,18,19,8,96,,98,98,12,7,4,5,0.8,0.6
2024-08-20T1800,3432A,120.9348,31.9883,南通市,环境教育馆,,37,24,22,12,8,118,,119,119,13,12,5,5,0.6,0.4
2024-08-20T1800,2404A,112.5224,33.0122,南阳市,瓦房庄,,43,28,26,19,16,136,,138,138,8,10,5,5,0.5,0.5
2024-08-20T1800,2405A,112.5003,32.9735,南阳市,汉画馆,,40,35,31,21,19,126,,129,129,10,10,4,5,0.6,0.6
2024-08-20T1800,2406A,112.5573,33.027,南阳市,气象站,,42,30,25,19,15,132,,133,133,7,8,5,5,0.6,0.4
2024-08-20T1800,2407A,112.5481,32.9689,南阳市,理工学院,,41,23,24,12,12,130,,126,126,8,10,4,5,0.5,0.5
2024-08-20T1800,4008A,112.5234,32.9922,南阳市,卧龙区政府,,41,26,23,15,16,130,,132,132,10,12,5,5,0.5,0.7
2024-08-20T1800,1234A,121.8358,29.911,宁波市,区环保大楼,,47,47,21,11,9,70,,104,102,19,10,7,8,0.7,0.7
2024-08-20T1800,1235A,121.56,29.82,宁波市,万里学院,,30,23,21,10,11,96,,112,112,10,12,10,10,0.8,0.7
2024-08-20T1800,1236A,121.713,29.9572,宁波市,龙赛医院,,31,25,15,11,8,98,,114,114,8,9,8,8,0.6,0.6
2024-08-20T1800,1239A,121.633,29.7733,宁波市,钱湖水厂,,29,21,15,10,8,92,,103,103,10,8,7,7,0.6,0.6
2024-08-20T1800,1240A,121.5856,29.8635,宁波市,太古小学,,30,23,18,14,7,95,,110,110,11,11,6,6,0.7,0.7
2024-08-20T1800,1241A,121.524,29.8674,宁波市,市环境监测中心,,32,23,15,14,6,100,,114,114,8,8,5,4,0.7,0.7
2024-08-20T1800,2871A,121.6147,29.9017,宁波市,万里国际学校,,33,24,16,15,10,103,,122,120,7,9,6,6,0.4,0.4
2024-08-20T1800,3710A,121.5594,29.8975,宁波市,白沙活动中心,,33,26,20,9,6,105,,118,118,9,10,7,7,0.6,0.6
2024-08-20T1800,2341A,119.5388,26.6612,宁德市,宁德市监测站,,15,15,20,6,9,40,,53,53,13,12,4,5,1.0,0.7
2024-08-20T1800,3209A,119.5231,26.6562,宁德市,宁德一中,,15,15,21,6,9,39,,52,52,12,8,5,4,1.2,0.7
2024-08-20T1800,2618A,98.8601,25.8567,怒江傈僳族自治州,州监测站,,21,21,28,14,15,51,,51,51,7,11,5,5,0.5,0.6
2024-08-20T1800,2619A,98.8546,25.8417,怒江傈僳族自治州,泸水一中,,39,39,24,13,13,40,,44,44,14,14,5,5,0.4,0.4
2024-08-20T1800,1888A,101.6891,26.571,攀枝花市,弄弄坪,颗粒物(PM10),53,56,52,27,22,130,,135,135,19,24,2,10,1.9,1.4
2024-08-20T1800,1889A,101.5769,26.5928,攀枝花市,河门口,,30,29,27,17,14,96,,116,116,12,16,6,8,0.7,0.8
2024-08-20T1800,1890A,101.7169,26.585,攀枝花市,炳草岗,臭氧1小时,54,49,50,24,21,163,,145,145,16,30,20,15,1.5,1.3
2024-08-20T1800,1891A,101.7369,26.5008,攀枝花市,仁和,,40,40,36,26,19,106,,132,132,14,18,6,11,0.6,1.1
2024-08-20T1800,2835A,101.7227,26.567,攀枝花市,四十中小,,50,45,37,27,20,159,,150,150,24,34,22,11,1.8,1.2
2024-08-20T1800,1604A,122.0303,41.1489,盘锦市,开发区,,17,13,32,8,17,53,,48,48,14,12,8,6,0.5,0.5
2024-08-20T1800,1605A,122.0485,41.0883,盘锦市,兴隆台,,14,9,35,3,30,44,,44,44,14,19,5,6,0.8,0.8
2024-08-20T1800,1606A,121.8297,41.1028,盘锦市,新生街道,,17,7,26,7,14,52,,44,44,6,12,4,4,0.7,0.8
2024-08-20T1800,1832A,113.3257,33.742,平顶山市,新华旅馆,细颗粒物(PM2.5),52,,37,36,32,136,,148,146,8,10,4,6,0.2,0.6
2024-08-20T1800,1833A,113.2919,33.737,平顶山市,规划设计院,,44,24,26,12,18,140,,152,152,10,13,7,8,0.8,0.9
2024-08-20T1800,1834A,113.182,33.774,平顶山市,平顶山工学院,,49,27,23,12,13,154,,147,147,8,13,5,6,0.7,0.8
2024-08-20T1800,3204A,113.3025,33.73,平顶山市,规划局,,42,31,28,20,22,134,,144,144,10,11,2,4,0.4,0.5
2024-08-20T1800,3594A,112.8867,33.9116,平顶山市,石龙区,,47,41,40,18,18,150,,134,134,9,12,9,9,0.5,0.5
2024-08-20T1800,2656A,106.6692,35.5461,平凉市,聚贤嘉苑,,38,30,33,10,13,121,,125,125,15,26,8,8,0.2,0.2
2024-08-20T1800,2657A,106.7021,35.5307,平凉市,博物馆,,42,35,41,14,13,133,,124,124,12,26,9,9,0.6,0.6
2024-08-20T1800,2347A,114.0997,27.5002,萍乡市,武功山,,39,6,10,3,5,124,,114,114,5,4,9,9,0.6,0.5
2024-08-20T1800,2348A,113.8385,27.6434,萍乡市,中医院,,32,18,35,14,19,100,,112,112,10,18,5,8,0.6,0.9
2024-08-20T1800,2349A,113.8493,27.6253,萍乡市,市政府车库,,29,26,30,14,17,90,,97,97,3,10,11,14,0.5,0.8
2024-08-20T1800,2350A,113.8676,27.6435,萍乡市,市环保局,,31,31,29,3,15,92,,103,103,1,9,11,14,0.7,1
2024-08-20T1800,2351A,113.866,27.6198,萍乡市,安源区政府,,29,17,29,6,8,92,,97,97,5,10,8,10,0.4,0.6
2024-08-20T1800,2319A,119.0141,25.4325,莆田市,荔城区仓后路,,15,14,12,3,2,47,,48,48,7,8,6,6,0.5,0.5
2024-08-20T1800,2320A,119.0015,25.4553,莆田市,莆田市监测站,,14,12,14,3,1,43,,48,48,11,9,6,6,0.6,0.6
2024-08-20T1800,2321A,119.1119,25.4561,莆田市,涵江区六中,,14,9,12,3,2,44,,46,45,8,9,6,6,0.4,0.4
2024-08-20T1800,2322A,119.1013,25.3215,莆田市,秀屿区政府,,,,21,10,2,44,,56,52,12,8,6,6,0.5,0.5
2024-08-20T1800,2392A,115.0312,35.7636,濮阳市,环保局,颗粒物(PM10),62,74,29,15,15,129,,122,122,9,14,5,7,0.5,0.8
2024-08-20T1800,2394A,115.0574,35.7609,濮阳市,油田运输公司,,44,22,22,15,16,139,,134,134,6,10,2,3,0.3,0.5
2024-08-20T1800,2395A,115.0866,35.7754,濮阳市,油田物探公司,,42,27,24,18,19,132,,131,131,4,7,5,6,0.5,0.7
2024-08-20T1800,3021A,115,35.7668,濮阳市,濮水河管理处,,36,17,22,16,18,115,,103,103,3,8,3,4,0.3,0.6
2024-08-20T1800,2601A,100.98,22.7633,普洱市,市环保局,,19,18,18,12,13,60,,60,60,6,8,5,4,0.5,0.5
2024-08-20T1800,2602A,100.9817,22.8322,普洱市,普洱第二中学,,22,22,18,11,10,57,,59,59,8,7,6,6,0.5,0.4
2024-08-20T1800,2262A,131.0518,45.8751,七台河市,新一中,,22,20,13,8,7,68,,68,68,7,6,9,9,1.0,1.1
2024-08-20T1800,3345A,131.0577,45.7879,七台河市,中波台,,15,6,6,3,6,47,,52,52,11,10,9,10,0.3,0.3
2024-08-20T1800,3637A,131.0176,45.7761,七台河市,人民广场,,17,16,19,8,10,52,,62,62,14,9,12,13,0.4,0.3
2024-08-20T1800,3684A,130.8781,45.8222,七台河市,新建矿广场,,28,22,15,19,13,58,,61,61,14,15,6,9,0.4,0.4
2024-08-20T1800,1779A,123.9305,47.3636,齐齐哈尔市,安居小区,,30,30,20,7,8,57,,70,70,23,10,7,6,0.5,0.4
2024-08-20T1800,1780A,123.9488,47.3386,齐齐哈尔市,中心广场,,21,18,16,10,6,65,,67,67,14,10,2,2,0.3,0.3
2024-08-20T1800,1781A,123.9483,47.3227,齐齐哈尔市,农牧车辆厂,,27,27,24,3,5,72,,73,73,8,6,8,8,0.1,0.1
2024-08-20T1800,1783A,123.945,47.2988,齐齐哈尔市,市环境监测站,,,,16,,7,67,,69,69,12,8,7,7,0.2,0.2
2024-08-20T1800,3662A,123.6333,47.2075,齐齐哈尔市,富区青少年活动中心,,22,17,16,3,6,68,,77,77,13,7,4,4,0.4,0.4
2024-08-20T1800,2591A,107.9783,26.5747,黔东南苗族侗族自治州,市环境监测站,,27,20,24,15,16,84,,90,90,19,14,4,3,0.5,0.6
2024-08-20T1800,2881A,107.8908,26.5311,黔东南苗族侗族自治州,凯里学院,,33,14,21,13,15,104,,95,95,6,11,5,5,0.4,0.5
2024-08-20T1800,2593A,107.5228,26.2403,黔南布依族苗族自治州,小围寨,,32,6,15,3,6,102,,89,89,3,8,4,4,0.4,0.5
2024-08-20T1800,3538A,107.5175,26.2978,黔南布依族苗族自治州,沙坝,,35,9,16,3,8,110,,99,99,2,9,4,4,0.4,0.5
2024-08-20T1800,2589A,104.9022,25.0925,黔西南布依族苗族自治州,场坝街,,,14,24,12,17,95,,104,104,5,15,2,30,,0.3
2024-08-20T1800,2590A,104.8811,25.0992,黔西南布依族苗族自治州,坪东大道,,30,21,28,3,17,95,,104,104,2,13,6,10,0.0,0.2
2024-08-20T1800,2502A,108.6236,21.9667,钦州市,市环保站,,22,22,23,3,8,64,,86,86,15,15,9,9,0.5,0.6
2024-08-20T1800,2503A,108.6549,21.9481,钦州市,沙埠小学,,22,17,25,14,11,68,,90,87,13,16,7,7,0.6,0.7
2024-08-20T1800,2504A,108.5989,21.7431,钦州市,港区一小,,22,17,28,6,9,68,,69,69,7,12,8,11,0.5,0.6
2024-08-20T1800,3404A,108.5959,21.9633,钦州市,北职校,,24,24,24,10,11,69,,88,88,8,12,6,6,0.6,0.7
2024-08-20T1800,1042A,119.5134,39.8207,秦皇岛市,北戴河环保局,,24,17,20,3,5,74,,73,70,10,11,2,1,0.3,0.4
2024-08-20T1800,1043A,119.7493,40.0116,秦皇岛市,第一关,,15,12,23,7,19,48,,60,50,12,12,3,3,0.3,0.3
2024-08-20T1800,1044A,119.5897,39.9499,秦皇岛市,监测站,,25,24,28,17,19,45,,66,56,16,12,3,3,0.3,0.3
2024-08-20T1800,1046A,119.5251,39.9041,秦皇岛市,建设大厦,,17,11,14,3,6,54,,70,62,10,9,3,3,0.1,0.1
2024-08-20T1800,3132A,119.610547,39.943889,秦皇岛市,文明里,,20,6,13,3,8,63,,66,61,5,9,3,3,0.5,0.5
2024-08-20T1800,1307A,120.6659,36.2403,青岛市,仰口,,20,,4,7,8,62,,58,58,2,2,8,8,0.0,0
2024-08-20T1800,1310A,120.4134,36.0658,青岛市,市南区东部子站,,13,6,9,3,0,41,,64,40,11,11,6,6,0.6,0.5
2024-08-20T1800,1311A,120.3664,36.1032,青岛市,四方区子站,,11,6,4,3,3,35,,68,36,14,10,9,9,0.6,0.6
2024-08-20T1800,1312A,120.2994,36.054,青岛市,市南区西部子站,,,12,10,,2,28,,75,35,17,12,7,7,0.7,0.6
2024-08-20T1800,1313A,120.4581,36.0858,青岛市,崂山区子站,,15,9,11,3,1,46,,70,44,11,13,8,7,0.5,0.5
2024-08-20T1800,1314A,120.1983,35.9608,青岛市,黄岛区子站,,17,12,6,7,4,26,,85,38,33,15,8,7,0.5,0.5
2024-08-20T1800,1315A,120.3999,36.3083,青岛市,城阳区子站,,13,6,10,3,7,40,,53,49,9,17,6,6,0.5,0.5
2024-08-20T1800,1966A,120.0405,35.8735,青岛市,黄岛区4号,,17,6,6,3,1,25,,83,40,34,13,10,9,0.5,0.5
2024-08-20T1800,3362A,120.5014,36.4034,青岛市,即墨2号,,15,7,7,3,5,46,,62,58,4,8,6,6,0.3,0.3
2024-08-20T1800,3642A,120.3503,36.0736,青岛市,市北区南部,,12,7,11,3,2,37,,67,33,17,18,7,7,0.6,0.5
2024-08-20T1800,3643A,120.3948,36.1805,青岛市,李沧区北部,,13,7,6,3,6,32,,57,38,25,20,8,8,0.6,0.5
2024-08-20T1800,1702A,113.0426,23.691,清远市,环保大楼,,30,14,35,9,14,93,,86,86,5,15,5,7,0.7,0.7
2024-08-20T1800,1703A,113.0208,23.7106,清远市,凤城街办,,26,,26,10,15,82,,72,72,4,16,4,5,0.4,0.5
2024-08-20T1800,3025A,113.0477,23.6344,清远市,技师学院,,,20,28,16,17,113,,89,89,,15,4,4,0.3,0.6
2024-08-20T1800,3318A,112.9903,23.7403,清远市,清新太和,,24,11,27,6,14,74,,70,70,3,10,3,4,0.7,0.8
2024-08-20T1800,3455A,113.076,23.7198,清远市,清城东城,,28,11,21,7,12,88,,81,81,1,9,6,6,0.7,0.8
2024-08-20T1800,2661A,107.6325,35.7357,庆阳市,庆阳五中,,37,35,38,9,18,116,,135,134,9,9,5,6,0.5,0.5
2024-08-20T1800,2662A,107.6364,35.7067,庆阳市,市环保局,,37,31,34,11,19,116,,132,132,10,9,8,8,0.5,0.5
2024-08-20T1800,1916A,103.7897,25.5035,曲靖市,环境监测站,颗粒物(PM10),74,98,43,12,19,148,,133,133,14,15,5,6,0.8,0.9
2024-08-20T1800,1917A,103.8,25.5364,曲靖市,烟厂办公区,,46,19,34,12,22,146,,125,125,6,16,4,4,0.4,0.6
2024-08-20T1800,3376A,103.7947,25.462,曲靖市,南苑二区,臭氧1小时,59,19,27,12,19,167,,138,138,10,13,6,8,0.5,0.7
2024-08-20T1800,3377A,103.7444,25.5261,曲靖市,曲靖师范学院,臭氧1小时,60,18,37,10,26,168,,144,144,7,19,6,14,0.4,0.6
2024-08-20T1800,1264A,118.8692,28.9398,衢州市,环保大楼,,30,20,20,10,11,96,,92,92,11,17,2,4,0.5,0.5
2024-08-20T1800,1265A,118.8709,28.9666,衢州市,实验学校,,30,18,23,6,7,94,,87,87,8,15,6,6,0.4,0.4
2024-08-20T1800,1266A,118.8621,28.9808,衢州市,衢州学院,,29,19,19,9,11,92,,91,91,11,20,5,4,0.4,0.4
2024-08-20T1800,1611A,118.5819,24.9117,泉州市,涂山街,,15,11,11,7,6,48,,50,48,9,7,4,4,0.5,0.5
2024-08-20T1800,1612A,118.5972,24.8978,泉州市,津头埔,,16,12,12,7,6,49,,50,48,13,13,2,2,0.6,0.6
2024-08-20T1800,1613A,118.6663,24.9424,泉州市,万安,,15,13,11,3,5,48,,51,48,8,7,2,2,0.5,0.5
2024-08-20T1800,3529A,118.6333,24.9264,泉州市,城华南路,,15,12,9,3,5,45,,44,43,9,9,3,2,0.5,0.4
2024-08-20T1800,2626A,88.8876,29.2718,日喀则市,日喀则监测站,,31,7,12,3,5,97,,102,102,12,7,5,5,0.4,0.4
2024-08-20T1800,3726A,88.8781,29.2426,日喀则市,林业技术推广中心,,34,6,7,3,5,106,,104,104,6,6,7,7,0.4,0.4
2024-08-20T1800,1659A,119.471,35.4209,日照市,监测站,,13,,6,9,6,33,,70,46,12,13,10,9,0.3,0.3
2024-08-20T1800,1660A,119.523,35.4216,日照市,市政府广场,,11,6,10,3,5,35,,80,48,6,11,10,11,0.4,0.4
2024-08-20T1800,1661A,119.5587,35.4044,日照市,港务局,,15,,13,9,7,46,,81,55,5,10,9,8,0.5,0.3
2024-08-20T1800,3507A,119.5328,35.4625,日照市,职业技术学院,,12,7,7,3,4,38,,79,53,9,13,8,9,0.5,0.5
2024-08-20T1800,3604A,119.3266,35.1044,日照市,岚山环保分局,,10,7,12,3,2,32,,63,44,14,15,8,8,0.4,0.4
2024-08-20T1800,1835A,111.1922,34.7752,三门峡市,市政府,,42,37,30,6,16,134,,132,132,8,9,8,10,0.5,0.6
2024-08-20T1800,1836A,111.1587,34.7942,三门峡市,开发区,,42,8,30,3,17,133,,133,133,11,12,8,10,0.4,0.6
2024-08-20T1800,3039A,111.1911,34.7829,三门峡市,三门峡市第一小学,,42,39,29,7,14,133,,131,131,9,9,8,10,0.5,0.6
2024-08-20T1800,3598A,111.1,34.7167,三门峡市,富达温泉假日酒店,,44,,41,3,19,138,,136,136,9,11,9,11,0.5,0.5
2024-08-20T1800,2324A,117.6211,26.2625,三明市,三钢,,20,,17,3,6,61,,68,68,8,10,5,5,0.6,0.7
2024-08-20T1800,2325A,117.635,26.2714,三明市,三明二中,,,,20,7,7,60,,71,71,9,9,2,2,0.6,0.6
2024-08-20T1800,2326A,117.6028,26.2378,三明市,三元区政府,,17,6,30,6,12,54,,66,66,12,9,1,3,0.5,0.6
2024-08-20T1800,1876A,109.5078,18.2489,三亚市,河东子站,,17,17,16,6,8,38,,57,56,9,8,3,2,0.3,0.3
2024-08-20T1800,1877A,109.4964,18.2681,三亚市,河西子站,,14,13,16,7,7,43,,58,56,3,8,2,2,0.2,0.2
2024-08-20T1800,3540A,109.7348,18.3443,三亚市,君悦子站,,21,21,18,3,7,32,,56,55,12,9,2,2,0.3,0.4
2024-08-20T1800,2624A,91.7608,29.2313,山南市,山南监测站,,25,23,8,3,4,79,,90,90,4,4,7,7,0.2,0.2
2024-08-20T1800,2625A,91.7706,29.2436,山南市,山南人民医院,,25,13,15,6,8,80,,83,83,8,8,7,7,0.1,0.1
2024-08-20T1800,1674A,116.6794,23.3667,汕头市,金平子站,,10,6,10,6,4,30,,42,42,13,7,4,4,0.8,0.7
2024-08-20T1800,1675A,116.7244,23.3633,汕头市,龙湖子站,,13,9,9,3,4,40,,47,47,12,8,5,5,0.6,0.5
2024-08-20T1800,1676A,116.7258,23.2775,汕头市,濠江子站,,15,12,13,3,5,45,,49,49,15,14,4,5,0.6,0.6
2024-08-20T1800,1677A,116.7519,23.4714,汕头市,澄海子站,,14,14,12,3,6,36,,50,50,22,11,3,3,0.9,0.8
2024-08-20T1800,1678A,116.6092,23.2539,汕头市,潮阳子站,,14,6,10,3,4,42,,48,48,2,2,4,4,0.5,0.5
2024-08-20T1800,3444A,116.454,23.2684,汕头市,潮南峡山,,15,15,10,7,4,46,,48,48,4,4,5,5,0.7,0.7
2024-08-20T1800,3624A,116.4069,23.2533,汕头市,潮南子站,,22,22,12,9,6,49,,51,51,9,8,4,4,0.7,0.7
2024-08-20T1800,1693A,115.3653,22.775,汕尾市,市环保局,,17,17,17,8,7,52,,46,46,12,15,6,6,0.5,0.5
2024-08-20T1800,1694A,115.3706,22.7898,汕尾市,市政府,,18,18,14,7,5,47,,44,44,10,12,5,5,0.4,0.4
2024-08-20T1800,1695A,115.3622,22.7925,汕尾市,新城中学,,20,20,20,3,7,53,,46,46,8,12,6,6,0.5,0.5
2024-08-20T1800,2645A,109.9154,33.8715,商洛市,监测站,,41,41,27,14,13,111,,117,117,8,16,3,4,0.4,0.5
2024-08-20T1800,3045A,109.9643,33.8471,商洛市,商州区中学,颗粒物(PM10),52,53,37,18,13,107,,113,113,8,19,12,8,0.5,0.6
2024-08-20T1800,2408A,115.6702,34.4285,商丘市,环境监测站,,45,24,20,14,16,142,,136,136,6,8,4,5,0.5,0.5
2024-08-20T1800,2409A,115.6458,34.4045,商丘市,粮食局,,47,25,23,11,17,149,,141,141,5,7,6,7,0.2,0.2
2024-08-20T1800,2410A,115.6293,34.3948,商丘市,睢阳区环保局,,50,31,25,15,20,158,,147,147,2,4,5,6,0.3,0.4
2024-08-20T1800,3171A,115.6071,34.4465,商丘市,梁园区档案局,,49,27,26,18,21,154,,144,144,4,8,6,7,0.4,0.5
2024-08-20T1800,1141A,121.4,31.238,上海市,普陀,,48,22,22,13,10,152,,120,120,15,13,5,6,0.4,0.3
2024-08-20T1800,1142A,121.478,31.2036,上海市,十五厂,臭氧1小时,52,27,24,18,13,161,,121,121,20,13,9,8,0.6,0.4
2024-08-20T1800,1143A,121.467,31.3008,上海市,虹口,,46,24,24,12,13,145,,108,108,17,13,8,8,0.7,0.5
2024-08-20T1800,1144A,121.412,31.1654,上海市,徐汇上师大,,50,31,26,21,14,160,,129,129,21,18,5,5,0.6,0.4
2024-08-20T1800,1145A,121.536,31.2659,上海市,杨浦四漂,,46,41,26,17,12,145,,114,114,17,13,7,6,0.4,0.4
2024-08-20T1800,1147A,121.425,31.2261,上海市,静安监测站,,50,24,22,13,12,159,,122,122,20,13,7,6,0.6,0.5
2024-08-20T1800,1148A,121.703,31.1907,上海市,浦东川沙,,44,23,26,13,15,138,,117,117,14,17,6,6,0.7,0.6
2024-08-20T1800,1149A,121.533,31.2284,上海市,浦东新区监测站,,47,19,21,14,12,149,,110,110,14,12,6,5,0.6,0.4
2024-08-20T1800,1150A,121.577,31.2071,上海市,浦东张江,,38,23,26,19,13,121,,97,97,23,16,5,6,0.7,0.6
2024-08-20T1800,3265A,121.4316,31.3322,上海市,宝山庙行,,49,27,23,18,17,156,,116,116,14,12,7,6,0.5,0.4
2024-08-20T1800,3266A,121.8791,31.4662,上海市,崇明上实东滩,,36,16,18,10,14,114,,101,101,16,10,9,9,0.8,0.7
2024-08-20T1800,3268A,121.3162,31.2838,上海市,嘉定南翔,,47,21,20,15,12,149,,121,121,18,16,6,7,0.6,0.5
2024-08-20T1800,3269A,121.3359,30.7456,上海市,金山新城,臭氧1小时,90,30,18,17,10,192,,164,164,8,11,5,8,0.7,0.6
2024-08-20T1800,3270A,121.4996,31.0739,上海市,闵行浦江,,,21,21,20,16,148,,127,127,20,18,6,7,,0.5
2024-08-20T1800,3271A,121.2886,31.1663,上海市,青浦徐泾,,48,24,18,17,12,151,,130,130,12,16,7,7,0.6,0.5
2024-08-20T1800,3272A,121.2186,31.0378,上海市,松江图书馆,臭氧1小时,57,29,18,18,10,165,,138,138,14,15,6,6,0.7,0.6
2024-08-20T1800,3273A,121.3902,31.2059,上海市,长宁仙霞,,45,19,22,16,11,142,,123,123,20,14,7,8,0.7,0.6
2024-08-20T1800,3274A,121.7965,31.0507,上海市,浦东惠南,,,,23,16,15,152,,131,131,20,12,8,8,0.7,0.6
2024-08-20T1800,3544A,121.4891,30.925,上海市,奉贤南桥新城,,47,33,19,14,11,149,,129,129,13,14,6,7,0.7,0.7
2024-08-20T1800,2381A,118.005,28.4572,上饶市,百草园,,33,33,25,3,11,62,,69,69,9,4,2,2,0.8,0.4
2024-08-20T1800,2382A,117.9756,28.4436,上饶市,市监测站,,27,27,27,13,12,55,,62,62,13,9,2,9,0.6,0.6
2024-08-20T1800,2383A,117.9519,28.4628,上饶市,凤凰光学,,30,30,25,15,13,53,,62,62,15,8,4,7,1.0,1
2024-08-20T1800,3413A,118.1953,28.4401,上饶市,广丰区教体局,,20,16,13,12,6,62,,65,65,9,7,4,4,0.7,0.8
2024-08-20T1800,3685A,117.897,28.4315,上饶市,双创科技城,,30,30,28,13,12,46,,63,63,14,11,4,9,0.7,0.7
2024-08-20T1800,1669A,113.5824,24.7733,韶关市,市八中,,40,40,28,21,14,88,,81,81,15,11,13,12,1.1,0.9
2024-08-20T1800,1671A,113.5917,24.7972,韶关市,园林处,,29,20,22,15,16,92,,79,79,7,9,11,13,0.9,0.8
2024-08-20T1800,1672A,113.6735,24.7791,韶关市,韶关学院,,25,25,33,16,21,76,,72,72,9,13,11,10,0.6,0.6
2024-08-20T1800,1673A,113.5971,24.6863,韶关市,曲江监测站,,25,22,27,16,17,77,,87,87,7,13,9,13,0.7,0.7
2024-08-20T1800,3622A,113.5556,24.8082,韶关市,碧湖山庄,,33,33,27,22,13,84,,84,84,6,8,9,10,0.4,0.6
2024-08-20T1800,2462A,111.5239,27.3033,邵阳市,市水土所,,35,29,32,24,18,104,,106,106,2,3,5,4,0.5,0.5
2024-08-20T1800,2463A,111.4733,27.2317,邵阳市,市一中,,39,38,38,20,19,124,,116,116,4,7,9,9,0.4,0.5
2024-08-20T1800,2464A,111.5283,27.2442,邵阳市,市化工厂,,39,26,34,13,22,124,,118,118,6,9,9,11,0.5,0.4
2024-08-20T1800,2465A,111.4503,27.2537,邵阳市,市罐头厂,,45,45,34,26,23,116,,112,112,6,7,6,7,0.4,0.4
2024-08-20T1800,2466A,111.4328,27.2272,邵阳市,市环保局,,36,32,34,22,25,115,,112,112,5,8,7,9,0.3,0.3
2024-08-20T1800,1247A,120.6053,29.9928,绍兴市,城东开发委,,26,15,15,3,9,82,,102,102,15,8,5,6,0.7,0.5
2024-08-20T1800,2921A,120.5483,30.0003,绍兴市,树下王站,,30,18,14,16,9,95,,108,108,6,6,4,4,0.6,0.6
2024-08-20T1800,3408A,120.5683,29.9361,绍兴市,绍兴中专,,32,16,14,8,9,102,,108,108,7,7,3,3,0.6,0.5
2024-08-20T1800,3409A,120.4906,30.0861,绍兴市,柯桥区政府,,37,25,15,14,8,116,,117,117,14,9,5,5,0.8,0.6
2024-08-20T1800,3410A,120.8752,30.0249,绍兴市,重华小学,臭氧1小时,78,48,16,28,10,182,,148,148,16,10,7,7,0.8,0.6
2024-08-20T1800,3411A,120.8369,30.0137,绍兴市,上虞中学,臭氧1小时,69,43,17,27,12,175,,134,134,11,10,6,6,0.7,0.6
2024-08-20T1800,3560A,120.4722,30.0415,绍兴市,柯桥妇保,,32,25,19,15,12,102,,106,106,10,8,6,6,0.6,0.5
2024-08-20T1800,3658A,120.6153,30.0764,绍兴市,袍江中学,,39,20,17,19,11,123,,126,126,16,7,2,3,0.7,0.5
2024-08-20T1800,1356A,114.1063,22.5545,深圳市,通心岭子站,,18,18,15,7,7,41,,38,35,15,15,5,6,0.3,0.4
2024-08-20T1800,1357A,114.117,22.5625,深圳市,洪湖,,15,15,20,10,12,46,,38,37,18,20,6,6,0.3,0.4
2024-08-20T1800,1358A,113.987,22.5417,深圳市,华侨城,,19,19,19,8,7,53,,44,43,10,14,5,5,0.6,0.6
2024-08-20T1800,1359A,113.9181,22.5171,深圳市,南海子站,,27,27,25,16,12,51,,40,40,18,25,7,7,0.5,0.5
2024-08-20T1800,1360A,114.2458,22.5689,深圳市,盐田,,,8,8,,12,43,,30,30,,25,,7,0.2,0.2
2024-08-20T1800,1361A,114.2283,22.7244,深圳市,龙岗,,20,20,21,8,9,51,,42,42,18,23,4,4,0.8,0.8
2024-08-20T1800,1363A,114.494,22.5422,深圳市,南澳,,19,13,15,3,12,58,,48,48,12,8,7,7,0.4,0.3
2024-08-20T1800,1364A,114.41,22.6342,深圳市,葵涌,,20,20,17,10,7,58,,37,37,12,22,6,6,0.6,0.7
2024-08-20T1800,1365A,114.297,22.5978,深圳市,梅沙,,25,25,20,10,8,37,,32,32,20,21,5,5,0.4,0.4
2024-08-20T1800,1366A,114.0678,22.738,深圳市,观澜,,25,25,26,11,12,50,,45,45,19,19,5,6,0.6,0.6
2024-08-20T1800,3305A,114.0731,22.559,深圳市,莲花,,16,14,18,9,9,51,,30,30,7,11,5,5,0.3,0.4
2024-08-20T1800,3306A,114.0261,22.6198,深圳市,民治,,16,14,17,10,10,49,,37,37,19,21,6,6,0.6,0.6
2024-08-20T1800,3307A,114.1871,22.6451,深圳市,横岗,,20,20,19,9,10,39,,41,40,24,27,6,6,0.5,0.5
2024-08-20T1800,3447A,114.3551,22.7151,深圳市,坪山,,20,20,17,10,9,40,,37,37,12,12,4,4,0.5,0.5
2024-08-20T1800,3623A,113.8953,22.5861,深圳市,西乡,,19,19,24,8,9,44,,31,31,23,29,6,6,0.5,0.4
2024-08-20T1800,1099A,123.505,41.7406,沈阳市,浑南东路,,26,26,23,15,13,54,,83,81,18,27,5,6,0.8,0.9
2024-08-20T1800,1100A,123.4231,41.6989,沈阳市,新秀街,,19,19,22,12,13,49,,76,74,21,28,4,5,0.6,0.8
2024-08-20T1800,1102A,123.5903,41.8411,沈阳市,东陵路,,20,19,28,14,11,49,,54,54,18,22,9,10,0.7,0.9
2024-08-20T1800,1103A,123.4264,41.8467,沈阳市,陵东街,,23,23,23,12,11,65,,57,57,20,29,6,6,0.7,1
2024-08-20T1800,1104A,123.4114,41.7653,沈阳市,文化路,,26,26,28,16,16,71,,81,81,13,27,8,9,0.6,0.8
2024-08-20T1800,1105A,123.4678,41.7867,沈阳市,小河沿,,26,26,21,15,13,59,,60,60,19,25,6,7,0.8,0.9
2024-08-20T1800,1106A,123.4017,41.7972,沈阳市,太原街,,25,24,24,17,18,68,,72,72,15,26,4,4,0.7,0.7
2024-08-20T1800,1108A,123.3783,41.9228,沈阳市,京沈街,,29,29,27,13,14,67,,73,73,19,20,9,10,0.7,0.8
2024-08-20T1800,2897A,123.2444,41.7347,沈阳市,沈辽西路,,39,39,36,15,16,64,,77,77,30,34,6,6,0.9,0.8
2024-08-20T1800,2900A,123.5953,41.9086,沈阳市,裕农路,,24,24,22,12,10,40,,46,46,15,14,5,5,0.9,0.8
2024-08-20T1800,2428A,111.0419,32.395,十堰市,武当山,,34,20,16,11,12,108,,100,100,2,1,10,10,0.8,0.7
2024-08-20T1800,2429A,110.78,32.6494,十堰市,滨河新村,,36,36,26,20,20,101,,93,93,7,15,8,8,0.6,0.7
2024-08-20T1800,2430A,110.7258,32.6389,十堰市,刘家沟,,,22,29,,21,103,,100,100,8,12,3,3,0.7,0.7
2024-08-20T1800,2431A,110.8839,32.5714,十堰市,铁二处,,35,25,19,24,18,108,,100,100,13,11,7,7,0.6,0.6
2024-08-20T1800,3545A,110.8054,32.8401,十堰市,郧阳区金沙路,,35,27,18,6,12,109,,100,100,8,10,4,4,0.7,0.7
2024-08-20T1800,2709A,86.0497,44.2967,石河子市,艾青诗歌馆,,38,21,15,14,12,121,,104,104,8,17,12,8,0.5,0.5
2024-08-20T1800,3442A,86.047,44.2331,石河子市,南区管委会,,40,15,9,15,7,125,,102,102,6,10,10,8,0.4,0.3
2024-08-20T1800,4051A,86.0791,44.3017,石河子市,世纪广场,,35,20,17,9,8,112,,100,100,5,13,8,5,0.6,0.5
2024-08-20T1800,1029A,114.4422,38.0444,石家庄市,职工医院,,43,28,22,20,20,136,,140,140,12,8,1,2,0.6,0.5
2024-08-20T1800,1030A,114.6063,38.0266,石家庄市,高新区,,47,28,29,22,22,149,,142,142,4,7,1,1,0.5,0.5
2024-08-20T1800,1031A,114.4898,38.1328,石家庄市,西北水源,,43,30,30,17,16,135,,133,133,6,9,4,4,0.4,0.5
2024-08-20T1800,1032A,114.4586,38.0058,石家庄市,西南高教,,46,22,23,17,11,145,,140,140,3,6,3,2,0.4,0.5
2024-08-20T1800,1033A,114.5331,38.0178,石家庄市,世纪公园,,36,31,29,25,19,85,,123,115,9,9,1,2,0.5,0.5
2024-08-20T1800,1034A,114.509,38.0457,石家庄市,人民会堂,细颗粒物(PM2.5),54,,23,38,17,154,,140,140,6,9,1,1,0.3,0.3
2024-08-20T1800,1035A,114.3524,37.8911,石家庄市,封龙山,,40,25,20,23,17,127,,120,120,5,6,6,5,0.5,0.5
2024-08-20T1800,2862A,114.5481,38.0378,石家庄市,22中南校区,,42,42,32,23,22,133,,135,135,8,7,1,1,0.5,0.4
2024-08-20T1800,3456A,114.289,38.0906,石家庄市,鹿泉一中,,37,27,26,20,18,117,,130,130,9,6,3,3,0.4,0.4
2024-08-20T1800,3573A,114.8506765,38.0322033,石家庄市,藁城区实验学校,,44,36,36,24,16,138,,132,132,1,8,1,1,0.5,0.4
2024-08-20T1800,3574A,114.0504658,38.0591645,石家庄市,井陉矿区区委大楼,,38,27,20,8,7,120,,134,134,15,7,2,2,0.4,0.4
2024-08-20T1800,4024A,114.6549,37.9020,石家庄市,栾城区星河路,,43,29,24,19,16,136,,138,138,6,8,2,1,0.5,0.6
2024-08-20T1800,1948A,106.3668,39.0145,石嘴山市,大武口朝阳西街,臭氧1小时,93,35,32,16,14,194,,166,166,5,8,14,18,0.6,0.5
2024-08-20T1800,1949A,106.7704,39.2282,石嘴山市,惠农南大街,,45,35,42,7,12,142,,120,120,16,32,17,33,0.6,1
2024-08-20T1800,1950A,106.7099,39.1325,石嘴山市,红果子镇惠新街,,50,50,28,9,9,136,,134,134,23,19,15,10,0.6,0.5
2024-08-20T1800,3520A,106.3495,38.9836,石嘴山市,妇女儿童医院,臭氧1小时,70,26,21,13,10,176,,154,154,7,12,13,15,0.6,0.6
2024-08-20T1800,3521A,106.7492,39.2069,石嘴山市,石大公路,,45,42,41,15,21,144,,121,121,14,26,10,15,0.7,1
2024-08-20T1800,2248A,131.1511,46.6937,双鸭山市,双合村,,19,6,22,3,7,58,,73,71,18,16,7,7,0.3,0.3
2024-08-20T1800,2249A,131.1652,46.6191,双鸭山市,南小市,,44,44,22,13,13,69,,81,81,16,14,7,7,0.3,0.3
2024-08-20T1800,2250A,131.1524,46.6554,双鸭山市,环保局,,33,,24,23,17,71,,70,70,10,11,8,8,0.3,0.3
2024-08-20T1800,2251A,131.12,46.5656,双鸭山市,苗圃,,22,,14,15,14,45,,69,69,7,11,2,3,0.2,0.3
2024-08-20T1800,2166A,112.4397,39.3522,朔州市,平朔,,47,47,51,14,23,118,,130,130,26,21,15,13,0.5,0.6
2024-08-20T1800,2167A,112.4575,39.3617,朔州市,朔唯,,40,40,67,16,24,111,,125,125,22,20,13,13,0.5,0.6
2024-08-20T1800,2168A,112.4258,39.3197,朔州市,区政府,颗粒物(PM10),51,52,40,16,17,127,,130,130,17,13,10,10,0.6,0.7
2024-08-20T1800,2169A,112.4072,39.3278,朔州市,市环保局,,40,38,50,12,21,126,,134,134,18,16,8,12,0.6,0.7
2024-08-20T1800,2170A,112.4272,39.3681,朔州市,市二中,颗粒物(PM10),51,51,58,11,24,122,,127,127,20,22,9,9,0.4,0.6
2024-08-20T1800,3571A,112.2931,39.53,朔州市,一水厂,,37,29,61,8,25,117,,120,120,13,21,11,8,0.5,0.6
2024-08-20T1800,2225A,124.4002,43.1713,四平市,一商场,,32,32,27,10,14,59,,67,67,17,17,5,6,0.5,0.5
2024-08-20T1800,2226A,124.388,43.193,四平市,境园,,20,14,24,14,13,48,,59,57,6,14,1,1,0.3,0.4
2024-08-20T1800,3486A,124.4036,43.1411,四平市,植物园,,19,17,18,13,11,59,,63,63,12,15,4,3,0.5,0.4
2024-08-20T1800,3713A,124.3419,43.1666,四平市,世纪城,,22,20,35,15,20,61,,62,62,8,23,3,3,0.3,0.5
2024-08-20T1800,2233A,124.8006,45.1214,松原市,江南,,20,16,14,6,8,64,,58,58,7,5,1,2,0.4,0.4
2024-08-20T1800,2234A,124.7965,45.1722,松原市,江北,,19,13,11,9,9,58,,54,54,9,8,1,2,0.6,0.5
2024-08-20T1800,1160A,120.561,31.2472,苏州市,上方山,,32,23,21,20,13,101,,128,128,10,12,6,6,0.4,0.5
2024-08-20T1800,1162A,120.591,31.3019,苏州市,彩香,,44,44,24,26,12,99,,124,119,13,7,7,7,0.6,0.6
2024-08-20T1800,1163A,120.596,31.3264,苏州市,轧钢厂,,39,38,23,27,13,97,,121,121,21,13,8,8,0.7,0.6
2024-08-20T1800,1164A,120.613,31.2703,苏州市,吴中区,颗粒物(PM10),54,57,23,31,12,107,,133,129,14,8,8,8,0.7,0.6
2024-08-20T1800,1165A,120.543,31.2994,苏州市,苏州新区,,34,30,24,20,13,106,,126,126,12,11,9,9,0.6,0.5
2024-08-20T1800,1166A,120.669,31.3097,苏州市,苏州工业园区,细颗粒物(PM2.5),60,54,33,43,14,95,,126,126,26,9,11,9,0.6,0.5
2024-08-20T1800,1167A,120.641,31.3708,苏州市,相城区,,41,41,22,28,13,90,,118,118,33,16,8,8,0.9,0.7
2024-08-20T1800,3289A,120.743,31.3188,苏州市,方洲路,,45,45,22,31,13,102,,129,129,26,13,10,10,0.8,0.6
2024-08-20T1800,3290A,120.5031,31.2774,苏州市,木渎中学,,32,25,20,17,11,102,,121,121,11,14,7,8,0.6,0.6
2024-08-20T1800,3425A,120.624,31.1733,苏州市,越秀幼儿园,,38,38,22,19,12,104,,135,131,8,9,7,7,0.7,0.7
2024-08-20T1800,3431A,120.6505,31.416,苏州市,高铁新城,,46,46,22,25,11,87,,116,116,30,18,9,8,0.8,0.6
2024-08-20T1800,1220A,118.293,33.9528,宿迁市,宿迁学院,,30,8,16,3,13,95,,104,104,10,13,5,5,0.4,0.5
2024-08-20T1800,1221A,118.2442,33.9592,宿迁市,宿迁中学,,35,9,17,6,13,112,,113,113,6,8,6,6,0.4,0.4
2024-08-20T1800,2996A,118.283,33.965,宿迁市,市供电局,,33,7,14,3,14,103,,107,107,1,6,5,5,0.3,0.4
2024-08-20T1800,3191A,118.3225,33.9447,宿迁市,宿豫区政府,,,6,15,6,13,99,,102,102,,7,3,3,0.5,0.5
2024-08-20T1800,3187A,116.9509,33.666,宿州市,远航博物馆,,42,22,27,19,18,132,,133,133,1,5,3,4,0.2,0.2
2024-08-20T1800,3463A,116.9708,33.591,宿州市,社会福利中心,,42,30,29,3,19,133,,135,135,4,6,5,5,0.2,0.2
2024-08-20T1800,3634A,116.9884,33.6305,宿州市,宿州学院,,46,29,28,21,21,147,,136,136,2,6,3,3,0.1,0.2
2024-08-20T1800,3701A,116.9648,33.6252,宿州市,皖北煤电集团,,43,27,26,18,24,135,,135,135,3,6,4,5,0.5,0.5
2024-08-20T1800,2266A,126.9785,46.6365,绥化市,人和东街,,20,20,16,8,7,49,,59,58,10,9,5,4,0.4,0.4
2024-08-20T1800,2267A,126.964,46.6528,绥化市,党政办公中心,,20,20,16,6,5,50,,61,61,11,11,8,7,0.4,0.3
2024-08-20T1800,2451A,113.3583,31.7275,随州市,市委党校,,41,25,26,17,18,129,,116,116,2,4,5,6,0.7,0.8
2024-08-20T1800,2452A,113.3833,31.6908,随州市,市林业局,,41,22,21,20,19,131,,115,115,2,4,4,4,0.7,0.7
2024-08-20T1800,2453A,113.3983,31.7308,随州市,市立交桥水厂,,40,22,23,16,16,126,,112,112,4,12,6,6,0.7,0.8
2024-08-20T1800,2527A,105.5453,30.5678,遂宁市,石溪浩,,49,34,54,16,25,156,,154,154,7,19,10,8,0.5,0.7
2024-08-20T1800,2528A,105.5582,30.5232,遂宁市,市监测站,,50,31,53,19,31,159,,153,153,14,27,9,12,0.3,0.4
2024-08-20T1800,2529A,105.5861,30.5366,遂宁市,行政中心,臭氧1小时,59,32,52,22,30,167,,158,158,10,20,10,11,0.3,0.4
2024-08-20T1800,2530A,105.5918,30.4728,遂宁市,美宁食品公司,,47,31,63,16,33,149,,145,145,10,39,10,12,0.2,0.4
2024-08-20T1800,2706A,82.9994,46.7432,塔城地区,东门外小游园,,32,32,30,14,11,88,,74,74,4,6,7,8,0.0,0
2024-08-20T1800,1255A,121.273,28.6459,台州市,黄岩环保大楼,,18,15,18,3,9,57,,81,79,5,8,8,7,0.3,0.4
2024-08-20T1800,1256A,121.419,28.6542,台州市,台州环保大楼,,21,21,20,8,10,56,,75,75,6,7,7,7,0.4,0.5
2024-08-20T1800,1257A,121.377,28.5773,台州市,路桥田洋王,,19,15,18,12,10,58,,73,73,4,8,7,7,0.5,0.6
2024-08-20T1800,3564A,121.2568,28.6681,台州市,台州科技职业学院,,43,43,22,8,8,57,,78,75,7,12,7,7,0.4,0.7
2024-08-20T1800,1081A,112.522,37.8873,太原市,尖草坪,,45,35,22,17,11,141,,133,133,17,16,6,5,0.6,0.5
2024-08-20T1800,1084A,112.469,37.7124,太原市,晋源,,39,23,26,12,14,122,,128,128,20,20,13,7,0.8,0.6
2024-08-20T1800,1085A,112.5583,37.7394,太原市,小店,,42,33,28,15,13,134,,133,133,18,24,9,10,0.6,0.7
2024-08-20T1800,1086A,112.5369,37.8692,太原市,桃园,,44,36,27,18,12,138,,131,131,19,20,8,7,0.6,0.6
2024-08-20T1800,1087A,112.57,37.8195,太原市,坞城,,39,38,27,18,15,124,,132,132,26,22,8,9,0.6,0.7
2024-08-20T1800,1088A,112.549,37.9854,太原市,南寨,,41,18,31,11,11,131,,121,121,16,17,5,3,0.7,0.5
2024-08-20T1800,3618A,112.4719,37.7831,太原市,金胜,,43,28,29,13,13,135,,134,134,18,20,8,3,0.7,0.5
2024-08-20T1800,4010A,112.5608,37.8807,太原市,育英中学,,43,32,26,20,14,135,,132,132,21,24,6,7,0.6,0.6
2024-08-20T1800,1656A,117.1437,36.1937,泰安市,监测站,,43,34,30,19,21,136,,137,137,10,14,9,9,0.3,0.5
2024-08-20T1800,1657A,117.0885,36.2017,泰安市,人口学校,,43,24,21,16,11,135,,134,134,8,8,9,10,0.6,0.6
2024-08-20T1800,1658A,117.1089,36.1758,泰安市,电力学校,,44,22,30,16,17,140,,137,137,10,22,10,11,0.4,0.7
2024-08-20T1800,3502A,117.1812,36.2275,泰安市,国网新校,,38,22,23,12,12,119,,131,131,6,8,6,7,0.4,0.6
2024-08-20T1800,3503A,117.0313,36.2018,泰安市,交通技校,,41,24,24,18,12,130,,131,131,4,12,4,4,0.5,0.6
2024-08-20T1800,3504A,117.0829,36.13,泰安市,山东第一医科大学,,45,27,23,14,17,142,,136,136,6,15,6,7,0.6,0.7
2024-08-20T1800,1206A,119.905,32.4878,泰州市,公园路,,27,,4,9,8,85,,80,80,6,10,3,3,0.7,0.7
2024-08-20T1800,1207A,119.9189,32.4625,泰州市,莲花,,31,,10,3,10,98,,87,87,4,7,3,3,0.6,0.6
2024-08-20T1800,1209A,119.888,32.4639,泰州市,留学生创业园,,29,7,14,3,10,91,,79,79,6,8,4,4,0.8,0.8
2024-08-20T1800,2997A,119.8767,32.3289,泰州市,王营,,16,14,11,3,10,51,,61,61,13,15,3,3,0.7,0.7
2024-08-20T1800,3295A,120.1259,32.5099,泰州市,姜堰区政府广场,,35,18,15,8,14,111,,87,87,11,14,2,2,0.4,0.4
2024-08-20T1800,3435A,119.9192,32.4322,泰州市,周山河街区,,27,8,12,6,12,85,,78,78,8,10,8,8,0.5,0.5
2024-08-20T1800,1037A,118.131,39.6363,唐山市,雷达站,,,22,24,11,13,48,,60,59,25,16,,3,,0.7
2024-08-20T1800,1038A,118.1725,39.6334,唐山市,物资局,,19,19,19,11,15,37,,48,46,18,10,1,3,1.1,0.9
2024-08-20T1800,1040A,118.1705,39.6506,唐山市,十二中,,25,25,11,14,16,44,,52,51,17,11,3,2,1.2,0.9
2024-08-20T1800,1041A,118.1869,39.622,唐山市,小山,,28,28,17,6,11,36,,44,43,20,14,1,3,1.1,0.9
2024-08-20T1800,3457A,118.4359,39.2762,唐山市,冀东油田职工医院,,31,10,6,3,5,98,,88,88,7,5,3,3,0.5,0.3
2024-08-20T1800,3575A,118.09279,39.58089,唐山市,正泰大街热力站,,,15,9,3,8,42,,54,53,,7,3,3,1.4,1.1
2024-08-20T1800,3576A,118.1562,39.8322,唐山市,丰润区政府,,18,18,18,8,10,40,,55,44,13,8,3,2,1.0,0.6
2024-08-20T1800,3577A,118.43673,39.73809,唐山市,金山小学,,15,10,9,8,6,47,,53,50,10,8,1,3,1.0,1.2
2024-08-20T1800,3578A,118.24498,39.66941,唐山市,政府服务中心,,19,19,13,9,15,42,,51,49,11,8,4,4,1.0,0.9
2024-08-20T1800,3692A,118.2059,39.6585,唐山市,消防缸窑路中队,,25,,12,17,13,49,,53,52,10,7,2,3,1.3,1
2024-08-20T1800,3693A,118.1436,39.6202,唐山市,路南电大,,29,28,11,20,14,43,,56,54,17,10,2,3,1.2,0.8
2024-08-20T1800,1015A,117.1444,39.1661,天津市,勤俭道,,29,6,21,3,16,92,,86,86,8,15,3,3,0.7,0.8
2024-08-20T1800,1017A,117.237,39.1082,天津市,大直沽八号路,,31,9,21,6,16,99,,90,90,12,15,4,4,0.4,0.4
2024-08-20T1800,1018A,117.202,39.0927,天津市,前进道,,30,14,22,6,13,96,,86,86,12,14,5,5,0.7,0.7
2024-08-20T1800,1019A,117.1837,39.2133,天津市,淮河道,,30,6,23,3,17,93,,90,90,9,19,5,5,0.8,0.8
2024-08-20T1800,1021A,117.307,39.0877,天津市,跃进路,,33,8,18,7,13,105,,93,93,11,14,5,5,0.9,0.9
2024-08-20T1800,1023A,117.707,39.0343,天津市,第四大街,,31,27,17,20,11,98,,72,72,17,21,4,4,0.9,1
2024-08-20T1800,1024A,117.457,38.8394,天津市,永明路,,38,31,16,21,12,119,,104,104,19,11,3,4,0.7,0.7
2024-08-20T1800,1026A,117.764,39.1587,天津市,汉北路,,35,12,14,9,10,110,,75,75,4,8,6,6,0.4,0.7
2024-08-20T1800,2858A,117.7918,39.2474,天津市,河西一经路,,36,6,14,3,9,115,,84,84,5,11,6,5,0.6,0.9
2024-08-20T1800,2859A,117.3747,38.9846,天津市,津沽路,,35,18,16,10,11,109,,99,99,13,11,6,5,1.0,0.7
2024-08-20T1800,2860A,117.1589,39.0845,天津市,宾水西道,,30,6,12,6,9,93,,84,84,5,8,3,3,0.6,0.6
2024-08-20T1800,2922A,117.1941,39.1067,天津市,大理道,,33,8,19,3,13,104,,94,94,9,10,4,4,0.6,0.6
2024-08-20T1800,3020A,117.2101,39.1699,天津市,中山北路,,29,7,22,3,16,91,,90,90,13,16,4,4,0.7,0.7
2024-08-20T1800,3051A,117.3876,39.1488,天津市,西四道,,36,7,13,3,9,114,,93,93,8,12,3,3,0.8,0.7
2024-08-20T1800,3325A,117.0365,39.3828,天津市,雍阳西道,,23,9,26,6,20,72,,72,72,7,12,4,3,0.7,0.7
2024-08-20T1800,3326A,117.0296,39.0605,天津市,辛老路,,32,10,27,6,19,100,,88,88,13,17,4,4,0.6,0.8
2024-08-20T1800,3327A,116.9638,38.9375,天津市,地纬路,,43,9,25,6,20,136,,108,108,10,17,4,4,0.5,0.9
2024-08-20T1800,3460A,117.4067,40.0583,天津市,北环路,,15,9,13,3,8,48,,57,57,6,9,10,10,0.6,0.8
2024-08-20T1800,3461A,117.3045,39.7169,天津市,建设路,,16,6,17,3,13,50,,62,62,10,12,8,8,0.8,0.9
2024-08-20T1800,3462A,117.8199,39.3521,天津市,滨水东路,,33,13,15,6,8,104,,80,80,16,9,5,3,0.8,0.6
2024-08-20T1800,2650A,105.7205,34.5786,天水市,公园小学,,,26,23,26,13,134,,130,130,,14,7,7,0.4,0.5
2024-08-20T1800,2651A,105.8945,34.5538,天水市,麦积国土局,,39,39,33,17,13,116,,126,126,9,12,5,5,0.7,0.8
2024-08-20T1800,2216A,123.8139,42.3022,铁岭市,汇工街西,,27,27,23,14,10,43,,54,54,11,11,8,13,0.4,0.5
2024-08-20T1800,2217A,123.8649,42.2923,铁岭市,水上乐园,,25,25,24,7,6,19,,37,36,17,14,3,3,0.7,0.7
2024-08-20T1800,2218A,123.8486,42.2867,铁岭市,银州路东段,,21,21,20,11,8,25,,43,41,10,14,5,5,0.4,0.4
2024-08-20T1800,2219A,123.7153,42.2217,铁岭市,金沙江路北,,23,23,20,13,12,35,,44,44,15,14,6,7,0.6,0.5
2024-08-20T1800,2229A,125.9358,41.7173,通化市,光明,,44,44,21,16,11,61,,75,75,28,10,18,9,1.1,0.8
2024-08-20T1800,2230A,125.9446,41.7325,通化市,铁路,颗粒物(PM10),53,55,20,20,10,52,,66,66,32,18,14,8,0.9,0.6
2024-08-20T1800,2191A,122.2532,43.6801,通辽市,艺术职业学校,,29,24,19,20,13,30,,25,25,8,7,4,4,0.5,0.5
2024-08-20T1800,3706A,122.2584,43.6333,通辽市,老干部活动中心,,27,27,15,17,16,29,,26,26,15,13,4,5,0.3,0.2
2024-08-20T1800,3708A,122.2922,43.6189,通辽市,东方明珠社区,,33,25,17,23,20,24,,20,18,10,8,6,5,0.4,0.4
2024-08-20T1800,1923A,109.0697,35.0697,铜川市,王益区政府,,28,,31,14,17,88,,110,110,12,17,5,5,0.5,0.6
2024-08-20T1800,1924A,108.9344,34.9058,铜川市,新区管委会,,38,31,45,26,21,77,,126,120,29,15,8,6,0.4,0.5
2024-08-20T1800,3651A,108.9543,34.8732,铜川市,旺旺集团,,,,46,15,21,90,,126,126,20,17,9,8,0.6,0.7
2024-08-20T1800,2285A,117.8177,30.9412,铜陵市,市第四中学,,46,24,24,16,12,145,,112,112,4,8,3,5,0.5,0.5
2024-08-20T1800,2286A,117.8059,30.9273,铜陵市,市公路局,,44,19,25,9,13,139,,114,114,5,7,2,3,0.5,0.5
2024-08-20T1800,2287A,117.7807,30.9413,铜陵市,市新民污水厂,,44,28,23,14,17,139,,113,113,11,10,10,9,0.6,0.6
2024-08-20T1800,2288A,117.7439,30.8792,铜陵市,市第九中学,,41,35,28,3,13,130,,99,99,15,18,7,8,0.6,0.7
2024-08-20T1800,2289A,117.846,30.9413,铜陵市,车站新区,,43,22,22,11,13,136,,103,103,6,11,2,3,0.4,0.4
2024-08-20T1800,2290A,117.8483,30.97,铜陵市,市职教基地,,47,18,16,15,12,148,,109,109,6,7,5,5,0.6,0.6
2024-08-20T1800,2585A,109.1839,27.7344,铜仁市,铜仁卫校,,31,11,23,6,12,98,,100,100,5,9,2,2,0.2,0.3
2024-08-20T1800,2586A,109.1753,27.6944,铜仁市,铜仁七中,,32,15,17,3,10,102,,98,98,1,5,2,2,0.2,0.3
2024-08-20T1800,2686A,89.1904,42.9418,吐鲁番市,市环保局,颗粒物(PM10),69,87,174,27,39,123,,109,109,10,13,5,5,0.5,0.5
2024-08-20T1800,2687A,89.1673,42.9559,吐鲁番市,地区环保局,颗粒物(PM10),71,91,190,31,50,125,,106,106,14,18,8,8,0.4,0.5
2024-08-20T1800,1662A,122.1214,37.4236,威海市,华夏技校,,14,7,7,3,4,43,,52,49,13,8,6,6,0.4,0.4
2024-08-20T1800,1663A,122.0508,37.5236,威海市,山大分校,,16,6,11,3,4,49,,58,55,18,12,7,7,0.6,0.5
2024-08-20T1800,1664A,122.1067,37.5072,威海市,市监测站,,15,10,9,7,4,34,,42,42,29,16,4,4,0.5,0.4
2024-08-20T1800,1982A,122.0693,37.2174,威海市,文登开发区,,13,,10,7,4,40,,44,44,13,10,6,6,0.7,0.5
2024-08-20T1800,3505A,122.1379,37.3414,威海市,临港区管委会,,18,6,6,3,2,57,,62,58,3,4,4,4,0.3,0.3
2024-08-20T1800,1650A,119.1437,36.7023,潍坊市,环保局,,,7,12,,1,64,,77,77,4,12,6,6,0.3,0.4
2024-08-20T1800,2877A,119.1641,36.6523,潍坊市,坊子邮政,,23,7,15,3,4,71,,88,88,5,9,10,10,0.3,0.4
2024-08-20T1800,3178A,119.0587,36.721,潍坊市,潍坊七中,,24,9,18,3,7,74,,87,87,7,11,8,9,0.4,0.5
2024-08-20T1800,3368A,119.1977,36.6872,潍坊市,高新实验学校,,20,,15,6,3,63,,81,79,4,10,4,7,0.3,0.2
2024-08-20T1800,3416A,119.1755,36.7149,潍坊市,潍坊学院,,23,6,12,3,2,72,,89,89,1,11,6,7,0.2,0.4
2024-08-20T1800,3861A,119.2041,36.7699,潍坊市,寒亭区实验一小,,21,6,12,3,4,65,,80,80,7,10,12,10,0.2,0.4
2024-08-20T1800,1940A,109.4636,34.493,渭南市,体育馆,颗粒物(PM10),80,110,52,12,21,133,,138,138,8,19,8,10,0.5,0.6
2024-08-20T1800,1941A,109.4259,34.5023,渭南市,高新一小,颗粒物(PM10),65,80,57,9,20,130,,136,136,8,13,8,9,0.6,0.7
2024-08-20T1800,1242A,120.634,28.0089,温州市,瓯海,,26,26,21,14,12,48,,81,79,13,15,4,4,0.6,0.6
2024-08-20T1800,1243A,120.6748,27.9939,温州市,南浦,,24,24,19,10,10,48,,86,84,12,10,5,5,0.4,0.4
2024-08-20T1800,1244A,120.76,27.9747,温州市,龙湾,,20,20,22,13,10,53,,77,75,8,13,5,5,0.3,0.4
2024-08-20T1800,1245A,120.6709,28.0167,温州市,市站,,27,27,21,8,10,52,,87,85,13,13,4,4,0.4,0.5
2024-08-20T1800,3561A,120.6985,27.9251,温州市,茶山,,,18,18,8,10,55,,82,80,8,9,6,5,,0.4
2024-08-20T1800,2610A,104.2533,23.3594,文山壮族苗族自治州,州水务局,,21,17,26,9,17,67,,90,90,15,11,6,13,0.3,0.3
2024-08-20T1800,2611A,104.2319,23.3892,文山壮族苗族自治州,市便民服务中心,,,10,31,,19,66,,83,83,11,13,6,10,0.3,0.3
2024-08-20T1800,2187A,106.8174,39.6973,乌海市,市林业局,,41,28,36,18,16,129,,119,119,8,11,11,9,0.5,0.4
2024-08-20T1800,2188A,106.7907,39.6667,乌海市,中海勃湾学校,,44,25,30,13,11,140,,127,127,8,11,11,11,0.3,0.3
2024-08-20T1800,3284A,106.813,39.7274,乌海市,海北新区,,44,31,30,3,7,139,,130,130,6,13,10,13,0.5,0.4
2024-08-20T1800,3621A,106.8288,39.6778,乌海市,聚英学校,,43,39,33,10,11,137,,130,130,15,15,11,16,0.5,0.4
2024-08-20T1800,2197A,113.1306,40.9923,乌兰察布市,集宁新区,,36,,21,20,21,114,,120,120,8,11,6,6,0.6,0.7
2024-08-20T1800,3034A,113.1076,41.0385,乌兰察布市,光明街小学,,38,,22,23,22,119,,120,120,8,17,11,13,0.3,0.4
2024-08-20T1800,3285A,113.1376,40.9509,乌兰察布市,北京八中,,40,26,31,6,8,127,,126,126,6,13,8,10,0.5,0.5
2024-08-20T1800,3421A,113.1775,40.9779,乌兰察布市,市委党校,,40,22,19,11,16,126,,124,124,4,10,6,10,0.4,0.5
2024-08-20T1800,1490A,87.5801,43.8303,乌鲁木齐市,监测站,,43,34,16,30,11,127,,96,96,16,24,5,5,0.4,0.5
2024-08-20T1800,1491A,87.6046,43.768,乌鲁木齐市,收费所,,42,32,15,13,8,133,,94,94,15,19,8,7,0.3,0.3
2024-08-20T1800,1492A,87.4754,43.9469,乌鲁木齐市,新疆农科院农场,,34,,20,8,21,107,,94,94,7,45,8,9,0.8,1.1
2024-08-20T1800,1493A,87.5525,43.8711,乌鲁木齐市,铁路局,,41,34,17,11,9,129,,98,98,14,22,2,2,0.4,0.5
2024-08-20T1800,1494A,87.6432,43.831,乌鲁木齐市,三十一中学,,31,28,18,20,11,99,,83,83,18,23,8,8,0.3,0.4
2024-08-20T1800,1496A,87.7216,44.1747,乌鲁木齐市,米东区环保局,,37,10,18,10,10,117,,100,100,4,12,5,4,0.4,0.5
2024-08-20T1800,3033A,87.4651,43.4569,乌鲁木齐市,培训基地,,35,12,3,3,1,112,,106,106,4,3,3,3,0.3,0.2
2024-08-20T1800,3437A,88.3118,43.3658,乌鲁木齐市,达坂城区环保局,,36,34,10,19,7,115,,105,105,13,6,5,4,0.3,0.2
2024-08-20T1800,3438A,87.6162,43.8801,乌鲁木齐市,红光山片区,,35,35,21,18,11,99,,85,85,18,26,5,4,0.4,0.5
2024-08-20T1800,3439A,87.7024,43.8004,乌鲁木齐市,新师大温泉校区,,38,26,19,23,13,121,,106,106,6,14,8,8,0.1,0.2
2024-08-20T1800,3440A,87.4921,43.8411,乌鲁木齐市,大绿谷,,36,22,18,12,10,115,,83,83,12,26,6,5,0.3,0.4
2024-08-20T1800,1188A,120.269,31.4867,无锡市,雪浪,,27,14,15,7,5,86,,108,108,11,8,17,6,0.4,0.5
2024-08-20T1800,1189A,120.275,31.6219,无锡市,黄巷,,33,33,29,22,12,58,,81,80,44,34,4,4,1.1,0.9
2024-08-20T1800,1190A,120.294,31.56,无锡市,曹张,,,28,26,14,11,74,,60,60,,17,3,4,0.8,0.6
2024-08-20T1800,1191A,120.242,31.5031,无锡市,漆塘,,23,17,15,12,15,73,,102,102,14,11,12,3,0.7,0.6
2024-08-20T1800,1192A,120.3489,31.5863,无锡市,东亭,,,29,21,9,5,80,,101,101,33,20,,4,0.9,0.7
2024-08-20T1800,1193A,120.354,31.5475,无锡市,旺庄,,29,17,18,14,10,91,,106,106,22,22,6,6,0.9,0.7
2024-08-20T1800,1194A,120.245,31.5631,无锡市,荣巷,,27,27,21,12,9,74,,105,105,29,17,6,7,0.6,0.5
2024-08-20T1800,1195A,120.299,31.6817,无锡市,堰桥,,28,27,13,19,8,65,,98,98,43,18,3,4,1.0,0.7
2024-08-20T1800,3428A,120.3142,31.4753,无锡市,华庄,,,20,17,15,14,88,,107,107,,11,12,6,0.7,0.7
2024-08-20T1800,2677A,106.1532,37.9648,吴忠市,教育园区,臭氧1小时,54,26,28,12,10,163,,153,153,2,10,11,12,0.3,0.4
2024-08-20T1800,2679A,106.1856,37.9956,吴忠市,新区二泵站,,49,31,32,8,9,154,,143,143,8,14,9,10,0.6,0.6
2024-08-20T1800,3648A,106.2112,37.9768,吴忠市,文卫南街,,48,30,25,10,10,152,,147,147,6,10,10,13,0.5,0.5
2024-08-20T1800,1794A,118.3606,31.3519,芜湖市,监测站,,29,23,14,11,9,92,,87,87,28,17,6,5,0.6,0.5
2024-08-20T1800,1795A,118.3714,31.4134,芜湖市,科创中心,,35,15,14,12,9,112,,98,98,16,15,7,5,0.8,0.6
2024-08-20T1800,1796A,118.3673,31.3131,芜湖市,四水厂,,28,22,14,11,9,89,,91,91,35,14,8,6,0.5,0.5
2024-08-20T1800,3328A,118.4209,31.3707,芜湖市,市气象局,,38,19,12,13,8,121,,101,101,2,5,6,4,0.6,0.5
2024-08-20T1800,3465A,118.4781,31.3225,芜湖市,清苑社区,,38,17,14,12,8,121,,103,103,8,17,6,7,0.6,0.5
2024-08-20T1800,3466A,118.2746,31.2326,芜湖市,扬子职业技术学院,,38,20,13,10,8,120,,106,106,11,7,8,7,0.6,0.6
2024-08-20T1800,2495A,111.3014,23.4832,梧州市,市逸夫小学,,42,42,39,21,25,61,,88,88,13,22,8,12,0.9,1
2024-08-20T1800,2496A,111.3239,23.4794,梧州市,市十一中,,24,24,43,14,15,65,,90,90,16,26,9,10,0.8,0.9
2024-08-20T1800,2497A,111.247,23.4189,梧州市,龙圩,细颗粒物(PM2.5),55,,48,39,28,70,,80,80,9,24,9,15,0.8,0.9
2024-08-20T1800,2498A,111.2711,23.4835,梧州市,龙新,,44,44,42,22,15,64,,81,79,14,24,8,11,1.1,1
2024-08-20T1800,2711A,87.5475,44.1756,五家渠市,农水大厦,,39,20,18,7,15,123,,97,97,5,14,14,6,0.8,0.3
2024-08-20T1800,3441A,87.546,44.1912,五家渠市,经开区管委会,,38,35,29,10,16,119,,100,100,4,17,12,7,0.7,0.6
2024-08-20T1800,1325A,114.3677,30.5584,武汉市,东湖梨园,,42,15,22,7,14,132,,129,129,8,12,7,8,0.8,1.1
2024-08-20T1800,1326A,114.2529,30.558,武汉市,汉阳月湖,,,18,31,,,122,,127,126,8,12,6,5,0.5,0.5
2024-08-20T1800,1327A,114.282,30.6189,武汉市,汉口花桥,,40,18,25,10,15,125,,123,123,8,10,4,4,0.5,0.5
2024-08-20T1800,1328A,114.3025,30.5332,武汉市,武昌紫阳,,,19,23,,,142,,138,138,9,13,7,7,0.6,0.6
2024-08-20T1800,1329A,114.3646,30.6217,武汉市,青山钢花,,41,,23,19,20,129,,124,124,6,13,6,6,0.6,0.7
2024-08-20T1800,1330A,114.1566,30.4825,武汉市,沌口新区,,46,22,29,17,20,147,,144,144,13,20,6,6,0.7,0.3
2024-08-20T1800,1331A,114.3014,30.5944,武汉市,汉口江滩,,25,23,25,14,15,80,,110,110,46,15,6,6,0.5,0.5
2024-08-20T1800,1333A,114.135,30.6319,武汉市,吴家山,,35,14,22,7,12,111,,113,113,6,12,7,7,0.6,0.6
2024-08-20T1800,1334A,113.8454,30.2917,武汉市,沉湖七壕,,44,,20,21,12,140,,138,138,9,14,4,3,0.3,0.3
2024-08-20T1800,3153A,114.3877,30.4908,武汉市,民族大道182号,,45,24,34,18,19,144,,149,149,9,17,7,9,0.7,1
2024-08-20T1800,2652A,102.6201,37.9251,武威市,监测站,,38,17,36,3,11,119,,111,111,3,24,3,4,0.3,0.4
2024-08-20T1800,3201A,102.6486,37.9325,武威市,东关招商场,,39,10,39,9,12,124,,119,119,3,16,3,4,0.2,0.3
2024-08-20T1800,1462A,108.882,34.2749,西安市,高压开关厂,,45,45,51,21,28,118,,189,180,17,24,6,8,0.6,0.7
2024-08-20T1800,1463A,108.993,34.2629,西安市,兴庆小区,颗粒物(PM10),54,57,50,13,22,126,,170,170,11,21,7,7,0.6,0.6
2024-08-20T1800,1464A,109.06,34.2572,西安市,纺织城,颗粒物(PM10),76,102,60,20,28,119,,168,168,12,27,6,7,0.5,0.6
2024-08-20T1800,1465A,108.9356,34.2173,西安市,小寨,颗粒物(PM10),52,54,51,19,23,123,,175,175,5,15,6,6,0.6,0.6
2024-08-20T1800,1466A,108.954,34.2713,西安市,市人民体育场,颗粒物(PM10),62,74,55,20,26,116,,178,178,13,20,7,9,0.5,0.5
2024-08-20T1800,1467A,108.8922,34.2322,西安市,高新西区,颗粒物(PM10),69,88,53,19,26,136,,190,190,8,18,6,8,0.5,0.5
2024-08-20T1800,1468A,108.935,34.3474,西安市,经开区,颗粒物(PM10),54,58,55,17,25,121,,166,161,11,17,9,9,0.4,0.5
2024-08-20T1800,1469A,108.906,34.1546,西安市,长安区,,48,30,60,20,24,152,,189,189,6,27,6,6,0.4,0.4
2024-08-20T1800,1471A,109.2186,34.3731,西安市,临潼区,颗粒物(PM10),107,163,50,19,23,121,,148,148,10,12,6,7,0.6,0.7
2024-08-20T1800,1472A,108.869,34.378,西安市,草滩,颗粒物(PM10),51,52,44,17,20,118,,163,163,11,15,4,4,0.4,0.6
2024-08-20T1800,1473A,108.985,34.1978,西安市,曲江文化产业集团,颗粒物(PM10),65,79,59,19,24,144,,186,186,9,26,6,7,0.5,0.5
2024-08-20T1800,1474A,109.051,34.3213,西安市,广运潭,颗粒物(PM10),61,71,56,19,25,123,,164,164,9,19,8,9,0.6,0.7
2024-08-20T1800,3524A,108.6116,34.1164,西安市,文体局,臭氧1小时,65,54,53,20,23,172,,177,177,5,16,8,9,0.5,0.6
2024-08-20T1800,3605A,109.09,34.5236,西安市,无线电监控中心,颗粒物(PM10),67,84,54,20,24,117,,145,140,9,22,6,7,0.4,0.5
2024-08-20T1800,3055A,101.7775,36.6428,西宁市,城北区政府,,49,15,39,6,27,156,,137,137,9,23,5,13,0.3,0.6
2024-08-20T1800,3629A,101.8305,36.5786,西宁市,世纪职校,,47,14,37,3,25,150,,136,136,16,23,10,16,0.4,0.6
2024-08-20T1800,3630A,101.7413,36.6397,西宁市,师大城西校区,,49,21,45,13,23,155,,138,138,8,28,8,11,0.6,1.1
2024-08-20T1800,2612A,100.7939,22.0019,西双版纳傣族自治州,景洪市江南,,13,12,12,3,7,39,,49,49,6,7,8,8,0.6,0.6
2024-08-20T1800,2613A,100.8017,22.0225,西双版纳傣族自治州,景洪市江北,,15,6,12,3,8,48,,54,54,6,8,10,10,0.5,0.5
2024-08-20T1800,3606A,108.7108,34.46,西咸新区,北杜,颗粒物(PM10),56,62,49,17,22,114,,158,158,22,24,5,6,0.5,0.5
2024-08-20T1800,3607A,108.7096,34.2956,西咸新区,同德佳苑,颗粒物(PM10),66,82,51,13,23,128,,177,177,13,18,6,7,0.3,0.4
2024-08-20T1800,3608A,108.8558,34.4978,西咸新区,崇文塔,颗粒物(PM10),85,120,54,16,26,132,,152,152,12,21,5,5,0.4,0.5
2024-08-20T1800,2202A,116.1042,43.9317,锡林郭勒盟,市环保监测站,,17,6,12,3,5,53,,57,57,8,9,8,9,0.3,0.3
2024-08-20T1800,2203A,116.0781,43.9311,锡林郭勒盟,市政府,,14,12,17,3,7,42,,51,51,13,14,6,7,0.4,0.3
2024-08-20T1800,1287A,118.1514,24.4767,厦门市,洪文,,16,16,9,7,4,42,,43,43,5,4,3,2,0.3,0.2
2024-08-20T1800,1288A,118.0661,24.4444,厦门市,鼓浪屿,,14,9,8,3,4,42,,41,41,3,5,2,2,0.3,0.3
2024-08-20T1800,2842A,118.0936,24.5058,厦门市,湖里中学,,11,10,9,3,3,35,,34,34,8,6,3,3,0.4,0.4
2024-08-20T1800,3527A,118.0958,24.5688,厦门市,集美中学,,10,10,10,7,8,21,,24,24,18,15,3,2,0.3,0.3
2024-08-20T1800,3528A,118.1493,24.7245,厦门市,同安二实小,,,,12,4,5,34,,39,38,14,12,1,1,0.4,0.3
2024-08-20T1800,2447A,114.3175,29.8142,咸宁市,森林公园,臭氧1小时,53,25,26,16,17,162,,138,138,5,9,6,6,0.7,0.8
2024-08-20T1800,2448A,114.3107,29.8454,咸宁市,市发改委,臭氧1小时,67,35,30,22,21,173,,145,145,5,8,6,5,0.9,0.8
2024-08-20T1800,2449A,114.2936,29.8566,咸宁市,咸安区政府,,,31,28,19,18,179,,147,147,,10,4,2,,0.9
2024-08-20T1800,3655A,114.3375,29.8683,咸宁市,长江产业园,臭氧1小时,73,28,36,21,21,178,,147,147,6,15,5,4,0.7,0.6
2024-08-20T1800,1919A,108.673,34.3155,咸阳市,实验中学,颗粒物(PM10),65,80,58,20,24,131,,177,177,13,17,7,9,0.5,0.6
2024-08-20T1800,1920A,108.7233,34.3617,咸阳市,师范学院,颗粒物(PM10),70,90,58,22,27,133,,182,182,15,23,6,8,0.4,0.5
2024-08-20T1800,3165A,108.6594,34.2969,咸阳市,两寺渡,颗粒物(PM10),80,109,60,20,25,158,,189,189,17,16,7,8,0.4,0.5
2024-08-20T1800,3525A,108.6396,34.4078,咸阳市,奥体中心,颗粒物(PM10),53,55,47,12,21,124,,170,170,11,18,6,8,0.4,0.6
2024-08-20T1800,1508A,112.9433,27.8614,湘潭市,板塘,,41,36,36,24,19,130,,144,144,10,17,2,2,0.7,0.7
2024-08-20T1800,1511A,112.9118,27.8403,湘潭市,市监测站,,45,24,29,18,21,141,,155,155,9,17,4,4,0.7,0.8
2024-08-20T1800,1512A,112.8937,27.8728,湘潭市,江麓,,,34,35,15,21,136,,144,144,3,13,4,4,,0.8
2024-08-20T1800,1513A,112.9227,27.8159,湘潭市,岳塘,,48,39,37,27,21,151,,160,160,7,17,3,5,0.8,0.8
2024-08-20T1800,1514A,112.9074,27.9119,湘潭市,科大,,47,36,37,22,21,149,,151,151,6,17,5,5,1.0,1
2024-08-20T1800,1562A,113.0048,27.9153,湘潭市,昭山,臭氧1小时,63,41,34,24,18,170,,176,176,8,21,2,2,0.7,0.8
2024-08-20T1800,1564A,112.4876,27.9164,湘潭市,韶山,,37,17,34,8,17,116,,117,117,5,10,3,8,0.4,0.5
2024-08-20T1800,2492A,109.6414,28.2558,湘西土家族苗族自治州,跃进水库,,17,10,15,10,15,54,,52,52,3,2,6,5,0.6,0.8
2024-08-20T1800,2493A,109.7325,28.3169,湘西土家族苗族自治州,州政府,,31,,27,12,17,99,,97,97,4,7,7,8,0.5,0.5
2024-08-20T1800,2494A,109.6958,28.2675,湘西土家族苗族自治州,吉首市计生局,,32,,23,18,17,102,,98,98,7,8,6,6,0.5,0.7
2024-08-20T1800,2432A,112.155,32.0197,襄阳市,襄城运动路,,41,32,34,23,22,130,,128,128,6,11,6,6,0.6,0.7
2024-08-20T1800,2433A,112.1392,32.0564,襄阳市,樊城新华路,,41,26,32,25,21,129,,130,130,5,10,7,6,0.6,0.7
2024-08-20T1800,2434A,112.1825,32.1142,襄阳市,高新管委会,,40,30,30,24,26,126,,131,131,11,12,6,6,0.7,0.7
2024-08-20T1800,2435A,112.2106,32.0903,襄阳市,襄州航空路,,43,26,30,18,25,135,,131,131,7,12,9,9,0.8,0.8
2024-08-20T1800,3396A,112.0828,32.0067,襄阳市,襄城隆中路,,43,39,30,21,20,135,,137,137,10,15,8,9,0.6,0.5
2024-08-20T1800,3397A,112.1214,32.1008,襄阳市,高新台子湾,,41,16,43,12,17,130,,134,134,7,20,9,9,0.7,0.7
2024-08-20T1800,2443A,113.9153,30.9285,孝感市,文化路,,39,,18,11,13,122,,121,121,3,7,8,9,0.6,0.7
2024-08-20T1800,2444A,113.942,30.9075,孝感市,东城区,,37,,16,17,13,116,,120,120,2,6,8,9,0.7,0.8
2024-08-20T1800,2181A,112.7383,38.4519,忻州市,开发区,细颗粒物(PM2.5),53,,26,37,28,146,,136,136,7,16,8,11,0.6,0.6
2024-08-20T1800,2182A,112.7003,38.4928,忻州市,会展中心,,37,31,31,21,21,116,,117,117,13,20,6,7,0.5,0.5
2024-08-20T1800,3208A,112.7283,38.4153,忻州市,市政府,,47,26,34,24,20,148,,144,144,9,19,8,14,0.4,0.7
2024-08-20T1800,2389A,113.836,35.311,新乡市,环保西院,臭氧1小时,53,38,34,28,13,162,,160,160,7,10,8,7,0.6,0.6
2024-08-20T1800,2390A,113.884,35.272,新乡市,开发区,,48,27,22,12,7,151,,148,148,6,10,6,6,0.4,0.5
2024-08-20T1800,2391A,113.883,35.303,新乡市,环保东院,,46,39,31,23,19,147,,146,146,8,8,7,6,0.5,0.5
2024-08-20T1800,3054A,113.9194,35.2847,新乡市,市委党校,,49,24,18,10,9,154,,150,150,5,8,8,8,0.8,0.8
2024-08-20T1800,3475A,113.9188,35.3045,新乡市,市政府,,48,18,14,15,11,153,,149,149,3,6,8,8,0.5,0.5
2024-08-20T1800,3476A,113.9135,35.3327,新乡市,河师大,,50,38,28,27,20,159,,154,154,4,9,7,7,0.5,0.6
2024-08-20T1800,3689A,113.9003,35.372,新乡市,行政服务中心,,45,26,24,12,13,142,,150,150,11,15,10,6,0.6,0.6
2024-08-20T1800,2353A,114.9886,27.8431,新余市,飞宇,,35,35,39,19,20,92,,111,111,8,14,7,8,0.9,0.9
2024-08-20T1800,2354A,114.9231,27.8246,新余市,第二水厂,,37,37,38,18,20,98,,111,111,6,13,5,10,0.4,0.4
2024-08-20T1800,2355A,114.9308,27.8036,新余市,市气象局,,,35,40,27,22,90,,100,100,9,13,,5,0.7,0.9
2024-08-20T1800,3206A,114.9149,27.807,新余市,新钢沁园村,,30,28,37,18,12,93,,101,101,21,14,7,5,0.6,0.7
2024-08-20T1800,2054A,114.1099,32.1059,信阳市,平桥分局,,39,18,19,13,10,122,,122,122,4,4,2,2,0.7,0.7
2024-08-20T1800,2064A,113.9956,32.1271,信阳市,南湾水厂,,39,20,20,13,10,123,,122,122,5,6,2,3,0.7,0.7
2024-08-20T1800,2065A,114.0775,32.1195,信阳市,市酿酒公司,,38,24,24,15,12,120,,121,121,5,5,2,2,0.6,0.6
2024-08-20T1800,2066A,114.0609,32.1399,信阳市,审计局,,,18,23,11,11,122,,122,122,8,7,3,3,,0.6
2024-08-20T1800,2200A,122.0392,46.0656,兴安盟,胜华新制药厂,,23,23,16,15,14,46,,55,54,18,7,2,2,0.5,0.3
2024-08-20T1800,2201A,121.9504,46.0741,兴安盟,科右前旗环保局,,26,26,18,13,13,44,,49,49,13,6,3,3,0.4,0.3
2024-08-20T1800,3035A,122.0931,46.0707,兴安盟,北滨河,,32,22,21,22,12,33,,46,46,17,6,2,2,0.4,0.3
2024-08-20T1800,1077A,114.4704,37.0886,邢台市,达活泉,,40,40,21,3,9,111,,127,125,6,5,5,3,0.8,0.6
2024-08-20T1800,1078A,114.5062,37.0349,邢台市,邢师高专,,34,21,21,7,9,107,,129,129,9,8,4,4,0.8,0.5
2024-08-20T1800,1079A,114.5237,37.0851,邢台市,路桥公司,,37,15,19,3,8,118,,127,127,8,7,8,6,0.6,0.5
2024-08-20T1800,1080A,114.4725,37.0719,邢台市,市环保局,,40,40,16,3,7,107,,125,125,3,4,5,5,0.7,0.5
2024-08-20T1800,3584A,115.8844,39.0341,雄安新区,容城县环境保护局,,32,30,31,3,10,100,,108,108,12,19,6,6,0.3,0.4
2024-08-20T1800,3585A,115.8665,39.0645,雄安新区,河北容城中学,,32,30,34,15,22,102,,111,111,10,13,4,4,0.3,0.3
2024-08-20T1800,3586A,115.923,38.9405,雄安新区,安新县民政局,,37,24,30,3,11,117,,112,112,2,8,6,6,0.3,0.4
2024-08-20T1800,3587A,115.9324,38.9338,雄安新区,安新县电力局,,35,21,27,6,13,109,,106,106,3,8,5,5,0.2,0.3
2024-08-20T1800,3588A,116.0901,38.9816,雄安新区,雄县环境保护局,,34,14,21,3,10,107,,107,107,9,10,6,7,0.4,0.5
2024-08-20T1800,3589A,116.1105,39.0046,雄安新区,雄县国土资源局,,33,18,28,3,12,104,,110,110,15,14,5,6,0.2,0.3
2024-08-20T1800,1177A,117.179,34.2761,徐州市,黄河新村,,45,39,29,25,26,143,,138,138,14,16,8,8,0.5,0.5
2024-08-20T1800,1178A,117.1918,34.2384,徐州市,淮塔,,46,33,29,32,26,144,,142,142,12,15,5,5,0.5,0.6
2024-08-20T1800,1180A,117.256,34.2153,徐州市,新城区,,40,27,27,20,25,126,,132,132,17,17,8,7,0.5,0.6
2024-08-20T1800,1181A,117.244,34.2911,徐州市,桃园路,,42,33,27,16,26,134,,133,133,9,17,8,7,0.6,0.7
2024-08-20T1800,1182A,117.2933,34.2778,徐州市,农科院,,43,29,27,21,26,135,,129,129,11,19,8,8,0.5,0.6
2024-08-20T1800,3005A,117.1814,34.29,徐州市,鼓楼区政府,,43,,21,30,30,132,,127,127,13,21,8,8,0.6,0.6
2024-08-20T1800,3006A,117.1694,34.1781,徐州市,铜山区招生办,,47,27,19,17,21,149,,145,145,12,14,3,3,0.5,0.5
2024-08-20T1800,3288A,117.4754,34.4422,徐州市,大泉街道,,45,41,37,20,22,141,,133,133,9,15,9,9,0.5,0.4
2024-08-20T1800,2396A,113.8276,34.0159,许昌市,监测站,,49,24,23,10,9,154,,152,152,6,7,4,3,0.5,0.6
2024-08-20T1800,2398A,113.7906,33.9953,许昌市,开发区,,48,26,23,8,8,152,,158,158,6,10,2,2,0.5,0.5
2024-08-20T1800,3134A,113.8172,34.0339,许昌市,市一中,臭氧1小时,52,23,18,12,11,161,,157,157,8,10,4,4,0.4,0.4
2024-08-20T1800,3337A,113.8614,34.0442,许昌市,许昌学院,,50,24,21,12,10,160,,141,141,6,8,3,4,0.4,0.5
2024-08-20T1800,3338A,113.843,34.0823,许昌市,芙蓉广场,,48,21,21,7,7,152,,149,149,4,8,5,5,0.5,0.5
2024-08-20T1800,3597A,113.8134,34.1251,许昌市,建安区兴业大厦,,50,18,22,16,11,160,,157,157,4,9,2,3,0.5,0.5
2024-08-20T1800,2316A,118.7581,30.9454,宣城市,鳌峰子站,,28,17,15,9,9,89,,87,87,7,6,4,4,0.6,0.7
2024-08-20T1800,2317A,118.7385,30.9743,宣城市,敬亭山子站,,29,12,14,8,11,92,,88,88,9,8,6,6,0.6,0.6
2024-08-20T1800,2318A,118.7173,30.9427,宣城市,开发区子站,,31,17,15,11,8,99,,97,97,6,8,5,5,0.6,0.5
2024-08-20T1800,3470A,118.7724,30.9141,宣城市,夏渡子站,,26,14,14,10,11,83,,89,89,4,3,8,8,0.7,0.6
2024-08-20T1800,2554A,103.0475,30.02,雅安市,建安厂,臭氧1小时,70,42,46,29,32,176,,150,150,13,25,6,8,0.5,0.5
2024-08-20T1800,2555A,103.0111,29.9833,雅安市,市政府,臭氧1小时,90,36,40,30,30,192,,162,162,12,10,11,12,0.4,0.6
2024-08-20T1800,2556A,102.9905,29.9775,雅安市,川农大,臭氧1小时,60,38,38,26,32,168,,148,148,9,11,10,12,0.5,0.5
2024-08-20T1800,3700A,103.0456,29.9956,雅安市,康养中心,,,47,39,24,27,164,,150,150,9,7,6,6,,
2024-08-20T1800,1642A,121.2514,37.5639,烟台市,开发区,,10,7,9,3,4,32,,50,45,11,5,7,8,0.6,0.6
2024-08-20T1800,1643A,121.3719,37.5433,烟台市,轴承厂,,15,12,11,9,8,46,,59,54,4,4,6,6,0.1,0.1
2024-08-20T1800,1644A,121.3181,37.5436,烟台市,西郊化工站,,19,,10,13,8,44,,61,52,5,3,6,6,0.3,0.2
2024-08-20T1800,1645A,121.4478,37.4822,烟台市,莱山环保局,,13,,4,8,3,40,,52,47,4,3,8,7,0.5,0.4
2024-08-20T1800,1646A,121.2611,37.4967,烟台市,福山环保局,,12,12,15,3,6,27,,36,34,7,7,6,6,0.5,0.5
2024-08-20T1800,3057A,121.5992,37.4014,烟台市,牟平检察院,,15,12,12,10,8,42,,51,49,4,2,2,2,0.4,0.4
2024-08-20T1800,3366A,121.5206,37.4336,烟台市,中国农业大学,,14,14,11,7,3,42,,61,58,11,9,10,9,0.2,0.2
2024-08-20T1800,1926A,109.4131,36.6275,延安市,枣园,,46,6,16,3,8,146,,126,126,6,16,5,5,0.3,0.3
2024-08-20T1800,1927A,109.4761,36.6028,延安市,延大医附院,,42,15,22,3,5,134,,118,118,7,20,4,4,0.4,0.5
2024-08-20T1800,1929A,109.5056,36.6106,延安市,百米大道,,,13,28,6,7,132,,110,110,7,24,,7,0.6,0.7
2024-08-20T1800,3652A,109.4809,36.5786,延安市,西北局旧址,,38,12,24,7,9,120,,107,107,7,20,5,4,0.4,0.5
2024-08-20T1800,2237A,129.47,42.8883,延边朝鲜族自治州,妇幼医院,,14,9,10,3,3,42,,47,46,9,8,5,6,0.6,0.5
2024-08-20T1800,2238A,129.5055,42.9108,延边朝鲜族自治州,延边医院,,21,21,10,3,4,40,,46,45,16,10,7,7,0.6,0.6
2024-08-20T1800,2239A,129.3964,42.8881,延边朝鲜族自治州,朝阳川镇医院,,15,11,10,3,2,47,,51,50,8,10,5,5,0.4,0.4
2024-08-20T1800,1215A,120.118,33.4022,盐城市,盐城电厂,,29,12,16,3,6,91,,59,59,9,11,5,5,0.6,0.6
2024-08-20T1800,1216A,120.156,33.3942,盐城市,市监测站,,27,10,17,7,10,86,,60,60,11,13,7,7,0.5,0.5
2024-08-20T1800,1218A,120.2144,33.38,盐城市,开发区管委会,,25,8,16,8,15,78,,53,53,9,12,4,4,0.6,0.5
2024-08-20T1800,3004A,120.1544,33.3663,盐城市,宝龙广场,,22,12,17,9,14,69,,56,56,6,8,6,6,0.8,0.8
2024-08-20T1800,3293A,120.1501,33.3367,盐城市,月亮广场,,29,,17,6,13,90,,58,58,4,5,3,3,0.6,0.6
2024-08-20T1800,3436A,120.4279,33.205,盐城市,大丰高级中学,,21,14,15,12,10,66,,57,57,15,12,6,6,0.4,0.4
2024-08-20T1800,1186A,119.389,32.3761,扬州市,邗江监测站,,30,22,9,9,7,94,,78,78,8,9,6,6,0.7,0.7
2024-08-20T1800,2869A,119.447,32.4155,扬州市,五台山医院,,36,12,9,9,7,115,,90,90,6,9,6,6,0.6,0.6
2024-08-20T1800,3164A,119.4686,32.3942,扬州市,广陵建设局,,28,17,9,9,7,89,,75,75,13,13,5,5,0.9,0.9
2024-08-20T1800,3195A,119.3633,32.3972,扬州市,市体育局,,29,,8,8,7,90,,78,78,12,12,5,5,0.4,0.4
2024-08-20T1800,3294A,119.5653,32.4222,扬州市,引江管理处,,26,18,12,3,6,81,,77,77,11,12,5,5,0.7,0.6
2024-08-20T1800,1699A,111.9797,21.8593,阳江市,鸳鸯湖,,19,,19,8,9,59,,69,69,9,15,4,8,0.7,0.6
2024-08-20T1800,1701A,111.9491,21.8658,阳江市,马南垌,,18,8,20,3,9,55,,61,61,12,16,4,9,0.4,0.4
2024-08-20T1800,3317A,111.9765,21.8947,阳江市,两阳中学,,14,7,19,3,6,42,,62,62,18,14,4,8,0.4,0.4
2024-08-20T1800,3453A,112.0125,21.8749,阳江市,阳东陶然,,20,6,18,3,10,61,,63,63,7,12,4,7,0.5,0.6
2024-08-20T1800,1738A,113.5758,37.8572,阳泉市,市中心,,35,15,18,12,13,110,,140,140,23,20,12,8,0.8,0.8
2024-08-20T1800,1739A,113.4894,37.8731,阳泉市,赛鱼,,33,29,30,16,12,104,,137,137,13,13,6,7,0.7,0.7
2024-08-20T1800,1740A,113.5819,37.8486,阳泉市,南庄,,40,32,27,19,13,125,,145,145,18,16,12,6,0.7,0.8
2024-08-20T1800,1742A,113.5614,37.8703,阳泉市,平坦,,39,21,28,8,11,124,,149,146,16,18,10,9,0.6,0.6
2024-08-20T1800,1743A,113.5158,37.8392,阳泉市,大阳泉,,33,9,14,6,10,105,,130,130,10,12,6,7,0.6,0.6
2024-08-20T1800,3619A,113.617,37.8571,阳泉市,龙柱,,37,19,32,3,15,117,,137,137,19,22,14,16,0.5,0.8
2024-08-20T1800,2252A,128.5159,47.4311,伊春市,环保局,,25,25,16,8,8,71,,75,75,17,8,8,5,0.5,0.4
2024-08-20T1800,2253A,128.9102,47.7412,伊春市,电力嘉园,,33,33,9,16,8,61,,65,65,22,10,6,3,0.8,0.7
2024-08-20T1800,2254A,129.5029,48.471,伊春市,汤旺河国家公园,,20,16,15,14,8,44,,57,57,5,5,3,5,0.4,0.4
2024-08-20T1800,3342A,128.4741,47.4346,伊春市,中心小学,,25,23,15,3,8,80,,81,81,8,6,8,7,0.7,0.6
2024-08-20T1800,3343A,128.6871,47.7369,伊春市,检察院,,27,27,23,17,11,83,,84,84,12,7,11,9,0.8,0.6
2024-08-20T1800,3344A,128.8431,47.8474,伊春市,双子河社区,,22,16,12,9,8,68,,74,74,16,7,7,7,0.7,0.7
2024-08-20T1800,3480A,129.1368,47.6417,伊春市,美溪镇,,27,27,17,9,8,50,,73,70,10,9,3,3,0.9,0.9
2024-08-20T1800,2703A,81.2815,43.9404,伊犁哈萨克自治州,市环保局,,,25,32,18,13,118,,82,82,11,28,,8,0.4,0.6
2024-08-20T1800,2704A,81.2996,43.9174,伊犁哈萨克自治州,新政府片区,,35,16,18,3,10,110,,72,72,7,21,7,6,0.5,0.6
2024-08-20T1800,2705A,81.3364,43.941,伊犁哈萨克自治州,第二水厂,,35,21,26,6,12,110,,76,76,9,22,8,7,0.3,0.5
2024-08-20T1800,1882A,104.563,28.793,宜宾市,石马中学,臭氧1小时,72,30,44,24,35,177,,189,189,9,13,7,7,0.6,0.7
2024-08-20T1800,1883A,104.6201,28.7728,宜宾市,市委,臭氧1小时,85,42,33,31,29,188,,188,188,9,18,10,13,0.6,0.7
2024-08-20T1800,1884A,104.6055,28.793,宜宾市,宜宾四中,臭氧1小时,83,42,47,26,31,186,,188,188,12,19,11,14,0.6,0.7
2024-08-20T1800,1885A,104.639,28.7562,宜宾市,市政府,臭氧1小时,101,48,49,26,32,201,,189,189,12,24,12,11,0.8,0.9
2024-08-20T1800,1886A,104.5742,28.7199,宜宾市,黄金嘴,臭氧1小时,104,42,41,29,28,207,,197,197,10,16,8,11,0.7,0.7
2024-08-20T1800,3728A,104.68,28.8071,宜宾市,白酒学院,臭氧1小时,89,41,47,26,29,191,,196,196,6,15,9,11,0.6,0.7
2024-08-20T1800,1840A,111.2992,30.6981,宜昌市,白龙岗,,49,31,30,22,19,155,,158,158,18,17,6,3,0.7,0.7
2024-08-20T1800,1841A,111.3549,30.6465,宜昌市,伍家岗,,50,25,21,22,21,157,,159,159,17,23,4,4,0.5,0.5
2024-08-20T1800,1842A,111.2628,30.6961,宜昌市,点军区,臭氧1小时,53,39,30,19,17,162,,154,154,12,17,7,7,0.5,0.5
2024-08-20T1800,1843A,111.3275,30.7819,宜昌市,夷陵区,,46,36,31,12,13,147,,149,149,13,12,4,4,0.4,0.4
2024-08-20T1800,3546A,111.4606,30.552,宜昌市,猇亭区张家湾站,臭氧1小时,62,29,38,10,18,169,,155,155,15,19,5,7,0.6,0.7
2024-08-20T1800,3653A,111.3119,30.7273,宜昌市,云深路,,,33,33,23,22,166,,160,160,13,15,,7,0.6,0.7
2024-08-20T1800,2373A,114.3956,27.7844,宜春市,市石油公司,,26,26,35,14,20,72,,102,102,7,5,4,4,0.8,0.9
2024-08-20T1800,2374A,114.3703,27.7914,宜春市,市气象局,,35,35,41,15,24,87,,102,102,4,8,3,9,0.6,0.7
2024-08-20T1800,2375A,114.4013,27.8074,宜春市,市广电局,,30,20,33,13,22,95,,108,108,9,8,11,15,0.5,0.6
2024-08-20T1800,3151A,114.375,27.8097,宜春市,宜春学院北校区,,30,25,38,14,23,94,,95,95,6,8,6,13,0.4,0.5
2024-08-20T1800,3415A,114.4519,28.0828,宜春市,万载县环保局,,28,17,20,12,10,87,,97,97,10,14,12,6,0.7,0.7
2024-08-20T1800,2467A,112.4067,28.6428,益阳市,甘溪港,细颗粒物(PM2.5),58,58,35,41,29,121,,118,118,7,11,5,4,0.4,0.5
2024-08-20T1800,2468A,112.3458,28.5808,益阳市,市环保局,,43,38,47,19,25,136,,128,128,8,11,6,8,0.6,0.7
2024-08-20T1800,2469A,112.3437,28.5531,益阳市,市特殊教育学校,,43,23,47,13,22,136,,130,130,7,11,8,9,0.7,0.7
2024-08-20T1800,2470A,112.3347,28.6047,益阳市,资阳区政务中心,,42,23,40,7,26,132,,124,124,4,8,7,8,0.6,0.7
2024-08-20T1800,2471A,112.3744,28.5819,益阳市,赫山环保分局,,42,23,48,17,27,133,,126,126,7,11,9,10,0.8,0.9
2024-08-20T1800,1488A,106.2328,38.4975,银川市,贺兰山东路,臭氧1小时,69,,33,46,26,175,,140,140,9,10,12,9,0.6,0.4
2024-08-20T1800,1489A,106.1358,38.5036,银川市,学院路,,47,33,38,30,22,150,,127,127,8,14,9,10,0.6,0.5
2024-08-20T1800,2924A,106.2266,38.4418,银川市,水乡路,,49,45,39,27,18,154,,126,126,9,10,11,9,0.6,0.5
2024-08-20T1800,2925A,106.2757,38.4842,银川市,上海东路,臭氧1小时,59,39,22,32,17,167,,130,130,7,10,7,4,0.7,0.5
2024-08-20T1800,2926A,106.1015,38.497,银川市,文昌北街,臭氧1小时,55,40,35,27,20,164,,140,140,6,14,8,9,0.6,0.5
2024-08-20T1800,3523A,106.5105,38.3856,银川市,滨河新区,,41,22,19,6,7,130,,118,118,7,8,4,6,0.5,0.5
2024-08-20T1800,2358A,117.0564,28.2642,鹰潭市,新监测站,,37,37,24,20,10,63,,75,75,2,4,13,11,0.5,0.5
2024-08-20T1800,2359A,117.0311,28.2475,鹰潭市,财苑宾馆,,,35,31,20,7,71,,76,76,5,7,,11,0.4,0.4
2024-08-20T1800,2360A,117.0222,28.2264,鹰潭市,体育馆,,30,30,33,18,5,70,,72,72,9,7,25,9,0.5,0.4
2024-08-20T1800,2361A,117.0017,28.2131,鹰潭市,三川水表,,20,20,38,9,5,36,,63,63,11,8,7,7,0.5,0.4
2024-08-20T1800,1597A,122.2703,40.7094,营口市,大庆路,,32,32,34,12,17,46,,52,52,24,33,5,6,0.8,1.4
2024-08-20T1800,1598A,122.2150,40.6511,营口市,镜湖西路,,32,32,55,3,38,48,,51,51,17,36,5,12,0.4,2.1
2024-08-20T1800,1599A,122.1658,40.6789,营口市,西炮台,,28,28,54,6,30,53,,55,55,14,32,7,14,0.3,1.7
2024-08-20T1800,3379A,122.1139,40.2278,营口市,鲅鱼圈市民活动中心,,17,8,18,7,11,53,,58,58,11,22,8,9,0.5,0.6
2024-08-20T1800,3866A,122.2469,40.66302,营口市,三高中,,29,29,56,17,36,50,,54,54,20,33,2,9,0.7,1.8
2024-08-20T1800,4006A,122.3622,40.6762,营口市,老边实验小学,,34,34,67,15,50,42,,48,48,26,38,11,17,0.7,2.7
2024-08-20T1800,2477A,111.6217,26.2081,永州市,零陵南津渡,,40,40,40,21,22,114,,107,107,3,5,7,7,0.6,0.7
2024-08-20T1800,2478A,111.6156,26.4214,永州市,市环境监测站,,33,29,34,23,24,103,,98,98,4,9,8,7,0.7,0.8
2024-08-20T1800,2479A,111.6236,26.2331,永州市,零陵区环保局,,46,36,37,32,24,113,,107,107,6,9,10,8,0.6,0.7
2024-08-20T1800,2480A,111.5992,26.4364,永州市,永州市环保局,,34,26,32,23,23,107,,100,100,3,7,7,7,0.8,0.7
2024-08-20T1800,2481A,111.5989,26.4519,永州市,冷水滩区环保局,,40,34,36,28,28,102,,98,98,4,10,7,15,0.6,0.7
2024-08-20T1800,2638A,109.7414,38.3344,榆林市,红石峡森林公园,,,,41,4,18,121,,133,133,9,27,7,13,0.3,0.5
2024-08-20T1800,2639A,109.7456,38.2911,榆林市,世纪广场,,37,13,38,10,15,116,,131,131,15,43,8,11,0.5,0.8
2024-08-20T1800,2640A,109.7289,38.2839,榆林市,实验中学,,39,15,43,9,14,123,,137,136,13,40,8,16,0.7,0.5
2024-08-20T1800,2641A,109.7336,38.2478,榆林市,环保监测大楼,,38,27,35,18,14,119,,141,141,43,42,10,18,0.5,0.5
2024-08-20T1800,2509A,110.1106,22.7019,玉林市,寒山水库,,,24,28,15,20,19,,59,58,6,8,,5,,0.7
2024-08-20T1800,2510A,110.1675,22.6411,玉林市,市监测站,,20,20,32,8,17,46,,72,72,12,10,3,8,0.5,0.6
2024-08-20T1800,2511A,110.1433,22.6164,玉林市,南江一中,,33,33,41,9,15,46,,69,69,10,13,1,6,0.5,0.6
2024-08-20T1800,3532A,110.1945,22.6831,玉林市,玉林师范学院东校区,,,,32,,18,41,,72,72,16,15,2,5,0.5,0.5
2024-08-20T1800,3533A,110.0527,22.5893,玉林市,福绵环保局,,14,14,26,3,14,39,,63,63,18,11,4,2,0.6,0.5
2024-08-20T1800,2675A,97,33.0014,玉树藏族自治州,玉树县结古镇,,,7,15,3,4,,,76,,1,12,8,8,0.4,0.5
2024-08-20T1800,1715A,102.575,24.3711,玉溪市,东风水库,,27,,33,14,25,86,,100,98,14,13,10,8,1.0,0.9
2024-08-20T1800,2882A,102.5389,24.3703,玉溪市,玉溪一中,,30,30,34,13,19,80,,105,105,36,19,28,11,3.0,1.1
2024-08-20T1800,2883A,102.5381,24.3389,玉溪市,文体中心,,29,21,38,18,23,91,,104,104,19,21,9,10,0.7,0.9
2024-08-20T1800,1847A,113.1094,29.3578,岳阳市,南湖风景区,,40,17,29,9,23,125,,144,144,5,14,8,11,0.4,0.6
2024-08-20T1800,1848A,113.1493,29.4251,岳阳市,城陵矶,,36,28,39,17,24,115,,121,120,14,29,7,9,0.9,0.9
2024-08-20T1800,1849A,113.1497,29.3575,岳阳市,开发区,,43,26,38,21,21,137,,149,149,10,20,7,8,0.5,0.6
2024-08-20T1800,1850A,113.2621,29.4758,岳阳市,云溪区,,41,25,29,16,23,131,,137,137,14,17,7,8,0.5,0.6
2024-08-20T1800,1851A,112.9943,29.4402,岳阳市,君山区,,38,22,24,13,20,119,,123,123,8,16,6,7,0.6,0.7
2024-08-20T1800,1852A,113.2117,29.355,岳阳市,金凤水库,,43,28,29,16,16,136,,140,140,5,11,8,16,0.7,0.8
2024-08-20T1800,1712A,112.0392,22.9169,云浮市,新市府,,20,15,24,14,11,54,,74,74,3,4,5,6,0.6,0.7
2024-08-20T1800,1714A,112.0539,22.9539,云浮市,牧羊,,21,,28,7,12,67,,80,79,8,19,7,9,0.5,0.7
2024-08-20T1800,3628A,112.0336,22.9374,云浮市,文笔,,20,15,26,6,5,64,,80,80,5,15,4,5,0.5,0.6
2024-08-20T1800,2175A,110.9956,35.0147,运城市,运城中学,,46,46,38,9,17,123,,123,123,7,9,3,5,0.6,0.7
2024-08-20T1800,2178A,110.9686,35.0303,运城市,地区技校,,39,39,32,18,20,122,,121,121,8,11,6,7,0.7,0.8
2024-08-20T1800,2179A,111.0414,35.1147,运城市,空港新区,颗粒物(PM10),57,63,51,16,21,117,,124,124,7,13,4,6,0.6,0.8
2024-08-20T1800,3667A,111.0283,35.0547,运城市,水利职院,颗粒物(PM10),53,55,44,19,24,124,,125,125,6,8,2,2,0.6,0.7
2024-08-20T1800,3670A,111.0522,35.0439,运城市,禹都公园,,40,29,32,6,14,125,,124,124,5,8,1,2,0.6,0.7
2024-08-20T1800,1637A,117.558,34.8438,枣庄市,市中区政府,臭氧1小时,53,34,29,22,19,162,,135,135,15,19,9,6,0.4,0.4
2024-08-20T1800,1638A,117.2852,34.7837,枣庄市,薛城环保局,臭氧1小时,60,37,33,26,23,168,,152,152,12,21,7,10,0.6,0.7
2024-08-20T1800,1639A,117.5852,34.7745,枣庄市,峄城区政府,,49,36,35,23,25,155,,139,139,15,22,6,8,0.5,0.4
2024-08-20T1800,1640A,117.7276,34.5578,枣庄市,台儿庄区环保局,,45,36,35,31,26,142,,137,137,15,23,8,8,0.5,0.6
2024-08-20T1800,1641A,117.4518,35.0992,枣庄市,山亭区环保局,,47,22,21,12,17,148,,126,126,14,12,4,4,0.5,0.5
2024-08-20T1800,3364A,117.3152,34.8103,枣庄市,市环保局,,50,37,31,29,23,158,,141,141,12,20,9,9,0.8,0.8
2024-08-20T1800,1680A,110.3539,21.2706,湛江市,湛江影剧院,,14,14,22,8,11,30,,48,46,19,14,8,10,0.7,0.6
2024-08-20T1800,1681A,110.3928,21.2228,湛江市,市环境监测站,,16,,19,11,11,32,,51,48,20,16,8,11,0.6,0.6
2024-08-20T1800,1682A,110.4019,21.1997,湛江市,环保局宿舍,,14,14,22,8,12,33,,46,46,16,18,6,9,0.4,0.5
2024-08-20T1800,1683A,110.4111,21.2028,湛江市,霞山游泳场,,10,10,20,6,11,31,,45,45,13,20,6,8,0.4,0.5
2024-08-20T1800,1684A,110.3316,21.2679,湛江市,麻章区环保局,,16,16,23,7,10,20,,43,39,22,15,7,10,0.5,0.5
2024-08-20T1800,1685A,110.4558,21.2567,湛江市,坡头区环保局,,12,7,18,3,9,38,,52,52,8,16,6,5,0.4,0.4
2024-08-20T1800,1858A,110.5319,29.1217,张家界市,永定新区,,34,25,25,8,17,106,,110,109,6,9,2,3,0.3,0.2
2024-08-20T1800,1859A,110.4697,29.1242,张家界市,电业局,,33,16,22,14,18,103,,109,109,7,9,1,2,0.3,0.3
2024-08-20T1800,1860A,110.5594,29.3547,张家界市,未央路,,38,18,19,10,14,121,,111,111,4,7,4,4,0.2,0.2
2024-08-20T1800,1861A,110.4417,29.315,张家界市,袁家界,,30,,18,11,12,93,,104,104,19,18,7,7,0.6,0.6
2024-08-20T1800,1057A,114.8883,40.8336,张家口市,人民公园,,29,6,17,3,5,92,,100,100,4,6,2,2,0.3,0.3
2024-08-20T1800,1059A,114.8687,40.8042,张家口市,五金库,,28,20,25,3,8,89,,102,102,7,12,4,4,0.3,0.3
2024-08-20T1800,1060A,114.8902,40.762,张家口市,世纪豪园,,24,10,16,3,9,74,,106,104,15,10,7,7,0.4,0.3
2024-08-20T1800,1061A,114.8916,40.8661,张家口市,北泵房,,26,,16,8,4,82,,98,98,3,3,5,5,0.2,0.2
2024-08-20T1800,3131A,114.879,40.7993,张家口市,烟厂,,28,25,23,3,9,88,,102,102,9,12,3,3,0.6,0.4
2024-08-20T1800,3323A,115.2773,40.9724,张家口市,青少年活动中心,,35,35,17,12,10,103,,104,104,7,5,2,2,0.4,0.4
2024-08-20T1800,2654A,100.4698,38.9524,张掖市,润泉湖,,45,27,34,8,14,142,,125,125,4,7,8,9,0.2,0.2
2024-08-20T1800,2655A,100.4154,38.9422,张掖市,区工会,,50,26,39,3,12,159,,136,136,9,12,8,9,0.1,0.2
2024-08-20T1800,2920A,117.7116,24.506,漳州市,蓝田镇,,10,6,12,3,5,25,,36,36,20,12,4,4,0.4,0.3
2024-08-20T1800,3216A,114.6622,24.5183,漳州市,漳州党校,,10,6,15,3,6,29,,35,35,16,12,6,6,0.5,0.4
2024-08-20T1800,3530A,117.6296,24.5314,漳州市,西洋坪路,,10,7,13,3,8,30,,30,30,11,9,3,4,0.5,0.5
2024-08-20T1800,2596A,103.7667,27.3736,昭通市,监测站,,45,20,42,3,18,144,,137,137,5,21,5,14,0.4,0.5
2024-08-20T1800,2597A,103.7225,27.3361,昭通市,环保局,,46,23,45,14,21,145,,133,133,2,23,8,15,0.2,0.5
2024-08-20T1800,1397A,112.4267,23.0706,肇庆市,睦岗子站,,,22,23,14,14,74,,90,90,12,22,7,8,,0.4
2024-08-20T1800,1398A,112.4645,23.0475,肇庆市,城中子站,,20,12,24,8,16,64,,79,79,9,28,5,12,0.5,0.6
2024-08-20T1800,1399A,112.5544,23.1522,肇庆市,坑口子站,,27,24,24,17,16,84,,88,88,12,22,4,5,0.6,0.7
2024-08-20T1800,3313A,112.4575,23.0166,肇庆市,高要湖西,,27,27,24,3,14,75,,93,93,5,16,1,7,0.4,0.6
2024-08-20T1800,1203A,119.6707,32.1875,镇江市,新区办事处,,25,14,13,10,8,77,,63,63,35,26,6,6,0.8,0.4
2024-08-20T1800,1204A,119.4974,32.1968,镇江市,职教中心,,33,11,11,7,10,104,,92,92,15,19,5,5,0.4,0.4
2024-08-20T1800,1205A,119.4303,32.1328,镇江市,丹徒区监测站,,32,13,9,6,8,100,,85,85,6,15,1,2,0.4,0.5
2024-08-20T1800,2870A,119.4424,32.1873,镇江市,市疾控中心,,25,8,8,3,7,80,,68,68,14,21,7,6,0.4,0.5
2024-08-20T1800,3287A,119.3842,32.1976,镇江市,富润路1号,,26,12,10,12,11,81,,70,70,20,21,5,6,0.5,0.5
2024-08-20T1800,1316A,113.69031,34.76122,郑州市,烟厂,,45,25,17,23,11,144,,150,149,19,14,3,2,0.6,0.5
2024-08-20T1800,1317A,113.65724,34.77134,郑州市,郑纺机,,,34,18,,5,158,,164,164,13,10,4,4,0.5,0.4
2024-08-20T1800,1318A,113.67526,34.80246,郑州市,银行学校,,46,27,16,10,10,146,,152,152,11,11,2,2,0.6,0.4
2024-08-20T1800,1319A,113.56746,34.81334,郑州市,供水公司,,49,33,22,10,8,156,,166,166,18,17,3,4,0.6,0.5
2024-08-20T1800,1320A,113.7329,34.7178,郑州市,经开区管委,,,35,17,,,169,,158,158,11,12,3,2,0.5,0.5
2024-08-20T1800,1321A,113.73961,34.77172,郑州市,四十七中,,50,36,15,15,7,158,,165,165,8,8,4,3,0.7,0.6
2024-08-20T1800,1322A,113.60532,34.74838,郑州市,市监测站,,,48,29,,,191,,173,173,12,12,2,2,0.5,0.7
2024-08-20T1800,1323A,113.64164,34.7525,郑州市,河医大,,,44,23,,9,176,,161,161,12,12,2,2,0.4,0.4
2024-08-20T1800,3471A,113.616563,34.86783,郑州市,惠济区政府,,49,31,20,10,9,155,,157,157,5,8,5,4,0.7,0.6
2024-08-20T1800,3590A,113.8374,34.5589,郑州市,北区建设指挥部,臭氧1小时,55,30,22,12,8,164,,163,163,9,14,3,2,0.4,0.4
2024-08-20T1800,3591A,113.30952,34.803229,郑州市,上街区政府,,,34,32,,,170,,162,162,6,10,3,4,0.3,0.3
2024-08-20T1800,1379A,113.3769,22.5211,中山市,华柏园,,,,26,,11,51,,52,52,9,12,,4,0.6,0.6
2024-08-20T1800,1380A,113.3881,22.5497,中山市,张溪,,23,,22,16,11,58,,67,67,5,8,2,3,0.4,0.5
2024-08-20T1800,1381A,113.4075,22.5111,中山市,紫马岭,,,13,19,9,12,60,,62,62,5,9,1,2,,0.4
2024-08-20T1800,3454A,113.3528,22.478,中山市,中山南区,,19,14,19,7,9,59,,61,61,7,12,2,2,0.4,0.5
2024-08-20T1800,2682A,105.1971,37.5002,中卫市,环保局站,,41,18,32,3,10,129,,122,122,5,22,5,8,0.3,0.5
2024-08-20T1800,3650A,105.1698,37.5162,中卫市,沙坡头区政府站,,42,24,35,3,14,133,,127,127,5,20,4,7,0.3,0.5
2024-08-20T1800,1414A,106.3787,29.8279,重庆市,缙云山,臭氧1小时,104,33,29,20,19,207,,185,185,9,16,10,8,0.2,0.5
2024-08-20T1800,1416A,106.4213,29.8253,重庆市,天生,臭氧1小时,101,22,40,20,29,201,,189,189,8,33,6,7,0.4,0.6
2024-08-20T1800,1417A,106.6263,29.7228,重庆市,两路,,48,29,36,14,23,152,,165,165,34,39,8,8,0.7,0.7
2024-08-20T1800,1418A,106.2953,29.5983,重庆市,虎溪,臭氧1小时,93,37,48,14,33,194,,200,200,6,32,6,5,0.4,0.6
2024-08-20T1800,1419A,106.5777,29.5102,重庆市,南坪,臭氧1小时,85,39,37,15,23,188,,182,182,11,23,7,11,0.4,0.6
2024-08-20T1800,1420A,106.6556,29.6277,重庆市,唐家沱,臭氧1小时,62,32,40,22,25,169,,179,179,10,26,9,10,0.6,0.8
2024-08-20T1800,1421A,106.6349,29.4906,重庆市,茶园,,47,30,59,21,36,150,,166,166,14,48,6,8,0.7,1
2024-08-20T1800,1422A,106.3754,29.4572,重庆市,白市驿,,,31,40,8,27,163,,176,176,14,24,10,11,,0.7
2024-08-20T1800,1425A,106.6205,29.7166,重庆市,空港,臭氧1小时,74,24,33,18,26,179,,176,176,11,28,6,8,0.7,0.7
2024-08-20T1800,1426A,106.4782,29.4875,重庆市,新山村,臭氧1小时,64,33,46,15,26,171,,177,176,11,42,8,11,0.3,0.9
2024-08-20T1800,1427A,106.5616,29.6453,重庆市,礼嘉,臭氧1小时,90,21,38,16,24,192,,186,186,14,43,8,9,0.5,0.7
2024-08-20T1800,1428A,106.4522,29.7091,重庆市,蔡家,臭氧1小时,72,30,42,19,27,177,,178,178,16,30,6,6,0.4,0.6
2024-08-20T1800,1429A,106.5093,29.3917,重庆市,鱼新街,,47,25,46,12,28,150,,162,162,14,36,6,7,0.7,1
2024-08-20T1800,3014A,106.4958,29.5346,重庆市,歇台子,,48,26,51,26,30,152,,162,162,8,35,7,7,0.7,0.9
2024-08-20T1800,3015A,106.4037,29.5728,重庆市,龙井湾,,50,32,53,9,24,159,,164,164,6,18,7,8,0.6,0.9
2024-08-20T1800,3016A,106.5507,29.4153,重庆市,龙洲湾,,45,30,38,23,29,141,,159,154,8,24,8,9,0.6,0.8
2024-08-20T1800,3133A,106.5468,29.5654,重庆市,上清寺,臭氧1小时,68,39,54,18,27,174,,178,178,22,52,6,8,0.6,0.9
2024-08-20T1800,3346A,108.3872,31.1628,重庆市,安康,,43,,19,30,17,125,,111,111,8,12,6,5,0.5,0.6
2024-08-20T1800,3347A,105.9017,29.3569,重庆市,北山路,臭氧1小时,72,,46,36,29,177,,178,178,8,20,11,9,0.6,0.8
2024-08-20T1800,3348A,105.839,30.1946,重庆市,春阳街,,46,30,58,18,50,147,,134,134,8,14,8,9,0.6,0.7
2024-08-20T1800,3349A,107.7983,30.6758,重庆市,人民东路,,40,35,48,22,20,128,,120,120,7,10,6,6,0.5,0.6
2024-08-20T1800,3350A,106.6479,29.0244,重庆市,滩子口,,39,,35,14,26,122,,122,122,6,15,4,9,0.3,0.5
2024-08-20T1800,3351A,105.7167,29.7076,重庆市,棠香,臭氧1小时,78,39,49,29,36,182,,184,184,5,13,6,6,0.5,0.7
2024-08-20T1800,3352A,107.0732,29.8617,重庆市,桃源西路,,50,31,44,14,29,159,,147,147,3,10,10,14,0.4,0.5
2024-08-20T1800,3353A,107.3535,29.7287,重庆市,迎宾大道,,41,26,37,7,32,130,,175,165,15,30,3,4,0.5,0.7
2024-08-20T1800,3354A,108.815,29.5081,重庆市,舟白,,37,35,18,23,18,118,,115,115,3,7,5,5,0.3,0.3
2024-08-20T1800,3355A,108.3679,30.8426,重庆市,周家坝,,40,,27,25,24,128,,126,126,11,24,16,11,0.4,0.5
2024-08-20T1800,3356A,108.4319,30.7555,重庆市,百安坝,,50,22,31,21,28,158,,147,147,6,18,8,9,0.3,0.3
2024-08-20T1800,3482A,107.7541,29.3277,重庆市,芙蓉中路,,33,24,39,3,20,105,,107,107,9,9,6,9,0.4,0.5
2024-08-20T1800,3483A,108.7661,29.5368,重庆市,西山,,33,33,32,13,20,101,,108,108,8,12,6,6,0.4,0.5
2024-08-20T1800,3484A,106.2628,29.32,重庆市,行政中心,,47,19,58,15,39,149,,160,160,13,42,8,9,0.6,0.8
2024-08-20T1800,3485A,107.0944,29.1608,重庆市,高寺路,,35,21,33,14,28,109,,118,117,7,15,6,7,0.4,0.7
2024-08-20T1800,3599A,106.2649,29.9851,重庆市,书院路,臭氧1小时,115,35,67,22,43,230,,200,200,13,19,6,7,0.6,0.8
2024-08-20T1800,3600A,106.2339,29.5559,重庆市,虎峰,臭氧1小时,78,22,48,16,27,182,,195,195,6,18,6,12,0.5,0.9
2024-08-20T1800,3601A,106.0499,29.8342,重庆市,龙门街,臭氧1小时,60,31,42,9,36,168,,181,181,10,23,10,12,0.4,0.6
2024-08-20T1800,3610A,105.5933,29.4105,重庆市,昌元,,50,37,68,24,46,160,,167,167,6,18,7,6,0.5,0.9
2024-08-20T1800,1258A,122.122,30.0203,舟山市,定海檀枫,,32,32,19,12,7,82,,88,88,10,11,6,6,0.4,0.4
2024-08-20T1800,1260A,122.19,29.9944,舟山市,临城新区,,24,21,15,9,6,74,,76,76,8,11,5,6,0.3,0.3
2024-08-20T1800,4033A,122.3123,29.9619,舟山市,普陀东港中学,,25,22,13,10,8,77,,70,70,4,11,5,5,0.5,0.5
2024-08-20T1800,2067A,114.6613,33.6128,周口市,市环境监测站,,45,25,20,19,12,141,,134,134,4,4,3,3,0.4,0.4
2024-08-20T1800,2068A,114.6758,33.6347,周口市,周口师范,,,,20,,12,,,124,124,,9,,4,,0.7
2024-08-20T1800,2069A,114.6546,33.5979,周口市,市运管处,,44,19,24,9,12,138,,132,132,9,10,4,4,0.6,0.6
2024-08-20T1800,2070A,114.6369,33.6406,周口市,川汇区环保局,,43,24,20,14,13,137,,131,131,4,7,5,4,0.4,0.5
2024-08-20T1800,1515A,113.135,27.8244,株洲市,天台山庄,臭氧1小时,68,37,31,32,19,174,,155,155,8,16,6,8,0.5,0.6
2024-08-20T1800,1518A,113.095,27.8867,株洲市,株冶医院,,50,40,30,27,18,158,,154,154,14,15,5,5,0.6,0.6
2024-08-20T1800,1519A,113.167,27.8667,株洲市,市四中,臭氧1小时,60,45,36,35,22,168,,152,152,8,14,4,6,0.5,0.6
2024-08-20T1800,1520A,113.143,27.8381,株洲市,火车站,臭氧1小时,69,39,34,30,19,175,,150,150,11,15,5,6,0.4,0.6
2024-08-20T1800,1524A,113.13,27.8528,株洲市,市监测站,臭氧1小时,62,38,32,28,23,169,,154,154,11,18,8,9,0.6,0.6
2024-08-20T1800,1559A,113.251,27.8336,株洲市,大京风景区,,39,30,25,15,12,123,,124,124,5,5,7,6,0.5,0.5
2024-08-20T1800,2031A,113.1817,27.9958,株洲市,云田中学,,45,39,28,25,16,141,,143,143,11,9,7,7,0.8,0.7
2024-08-20T1800,1367A,113.5814,22.2618,珠海市,吉大,,17,17,17,6,9,49,,42,42,8,11,4,4,0.6,0.7
2024-08-20T1800,1368A,113.4881,22.2335,珠海市,前山,,20,18,17,14,10,47,,49,49,7,9,4,4,0.5,0.6
2024-08-20T1800,1369A,113.628,22.4251,珠海市,唐家,,,16,14,13,8,53,,50,50,7,8,6,6,,0.4
2024-08-20T1800,1370A,113.299,22.2281,珠海市,斗门,,17,15,13,6,7,52,,50,50,9,10,8,8,0.6,0.6
2024-08-20T1800,3308A,113.3494,22.0569,珠海市,金湾,,20,20,16,12,9,47,,49,49,10,10,7,7,0.4,0.5
2024-08-20T1800,3448A,113.5433,22.1163,珠海市,横琴,,20,20,16,11,8,54,,53,53,4,7,6,6,0.5,0.6
2024-08-20T1800,2420A,114.0189,32.9656,驻马店市,市一纸厂,,40,36,23,15,13,128,,125,125,8,7,8,7,0.4,0.3
2024-08-20T1800,2421A,114.0114,33.015,驻马店市,市彩印厂,,41,25,21,14,15,131,,129,129,4,6,5,6,0.5,0.5
2024-08-20T1800,2422A,113.9976,32.9771,驻马店市,天方二分厂,,41,41,26,20,18,126,,120,120,6,7,4,2,0.2,0.3
2024-08-20T1800,3339A,114.0012,33.0412,驻马店市,小管楼,,40,20,20,17,14,128,,126,126,6,8,6,5,0.5,0.5
2024-08-20T1800,2561A,104.6617,30.1372,资阳市,莲花山,臭氧1小时,55,14,34,9,19,164,,182,182,7,14,6,7,0.2,0.3
2024-08-20T1800,2562A,104.6356,30.1506,资阳市,资阳中学,臭氧1小时,58,,44,19,29,166,,186,186,3,10,8,8,0.8,0.9
2024-08-20T1800,2563A,104.6295,30.1383,资阳市,四三一厂,臭氧1小时,54,10,40,6,23,163,,185,185,10,20,8,8,0.6,0.8
2024-08-20T1800,2564A,104.6463,30.1146,资阳市,师范校,臭氧1小时,63,15,42,12,31,170,,184,184,7,19,8,9,0.7,0.9
2024-08-20T1800,2565A,104.6296,30.1256,资阳市,区法院,,50,25,40,17,29,160,,179,179,3,20,8,8,0.6,0.8
2024-08-20T1800,1631A,118.0414,36.8103,淄博市,人民公园,,42,31,30,27,22,134,,131,131,19,24,6,7,0.5,0.5
2024-08-20T1800,1633A,117.8525,36.4847,淄博市,双山,臭氧1小时,65,38,24,28,16,172,,147,147,17,18,9,10,0.6,0.6
2024-08-20T1800,1634A,117.9592,36.6331,淄博市,气象站,,40,24,23,19,21,125,,132,132,19,24,14,14,0.8,0.8
2024-08-20T1800,1635A,118.3092,36.8194,淄博市,莆田园,,29,19,32,14,25,92,,118,115,18,25,9,10,0.6,1.7
2024-08-20T1800,3363A,117.9883,36.8372,淄博市,新区,,44,39,30,19,20,139,,,,18,22,14,11,0.9,0.9
2024-08-20T1800,3644A,117.8661,36.805,淄博市,三金集团,,49,49,39,31,24,144,,131,131,13,21,7,9,0.6,0.8
2024-08-20T1800,3645A,118.0253,36.8406,淄博市,东风化工厂,,48,48,43,31,22,142,,133,133,25,21,8,7,0.8,0.7
2024-08-20T1800,3027A,104.72,29.3427,自贡市,青杠林路,臭氧1小时,93,35,47,29,35,194,,202,202,7,20,10,9,0.3,0.4
2024-08-20T1800,3028A,104.776,29.3627,自贡市,檀木林体育馆,臭氧1小时,89,42,43,29,34,191,,186,186,6,18,8,9,0.3,0.5
2024-08-20T1800,3360A,104.7894,29.3194,自贡市,南湖救助站,臭氧1小时,89,39,46,27,37,191,,194,194,5,28,4,7,0.3,0.5
2024-08-20T1800,3638A,104.7636,29.3338,自贡市,轻化工大学,臭氧1小时,75,33,41,14,22,180,,186,186,7,18,9,9,0.3,0.4
2024-08-20T1800,1911A,106.9222,27.6869,遵义市,丁字口,,37,37,30,21,16,104,,101,101,10,16,5,5,0.4,0.6
2024-08-20T1800,1912A,106.9242,27.7019,遵义市,凤凰山,,41,20,24,20,18,129,,122,122,6,11,6,7,0.6,0.8
2024-08-20T1800,1913A,106.8906,27.6486,遵义市,忠庄,,42,42,46,21,19,128,,127,127,7,13,2,3,0.3,0.5
2024-08-20T1800,1914A,106.9231,27.6506,遵义市,舟水桥,,43,32,34,24,19,136,,130,130,8,11,2,2,0.2,0.4
2024-08-20T1800,1915A,106.9178,27.72,遵义市,干田坝,,38,19,20,10,16,121,,121,121,5,14,4,5,0.5,0.6
2024-08-20T1800,3536A,106.8547,27.5919,遵义市,第十二小学,,44,25,42,13,26,138,,129,129,5,18,3,5,0.4,0.5
2024-08-20T1800,1083A,112.434,38.0108,太原市,上兰,,,,,,,,,,,,,,,,
2024-08-20T1800,1721A,113.3819,40.1097,大同市,果树场,,,,,,,,,,,,,,,,
2024-08-20T1800,2165A,112.8453,35.546,晋城市,白马寺,,,,,,,,,,,,,,,,
2024-08-20T1800,1280A,119.3903,26.0543,福州市,鼓山,,,,,,,,,,,,,,,,
2024-08-20T1800,1286A,118.1608,24.8169,厦门市,溪东,,,,,,,,,,,,,,,,
2024-08-20T1800,2323A,118.981,25.4792,莆田市,东圳水库,,,,,,,,,,,,,,,,
2024-08-20T1800,2327A,117.7275,26.3108,三明市,洋溪,,,,,,,,,,,,,,,,
2024-08-20T1800,1614A,118.6117,24.9604,泉州市,清源山,,,,,,,,,,,,,,,,
2024-08-20T1800,2075A,117.6336,24.4674,漳州市,九湖,,,,,,,,,,,,,,,,
2024-08-20T1800,2331A,118.0966,26.6761,南平市,茫荡山,,,,,,,,,,,,,,,,
2024-08-20T1800,2335A,117.0189,25.1181,龙岩市,龙岩师专,,,,,,,,,,,,,,,,
2024-08-20T1800,2339A,119.5001,26.6946,宁德市,金涵水库,,,,,,,,,,,,,,,,
2024-08-20T1800,2342A,117.3102,29.3867,景德镇市,王港中学,,,,,,,,,,,,,,,,
2024-08-20T1800,2352A,115.0861,27.9317,新余市,北岗,,,,,,,,,,,,,,,,
2024-08-20T1800,2357A,116.9822,28.1136,鹰潭市,龙虎山,,,,,,,,,,,,,,,,
2024-08-20T1800,1382A,113.4411,22.4853,中山市,长江旅游区,,,,,,,,,,,,,,,,
2024-08-20T1800,1866A,109.2262,21.588,北海市,牛尾岭水库,,,,,,,,,,,,,,,,
2024-08-20T1800,2505A,109.568,23.1478,贵港市,德智高中,,,,,,,,,,,,,,,,
2024-08-20T1800,2362A,114.9017,25.9149,赣州市,通天岩,,,,,,,,,,,,,,,,
2024-08-20T1800,2371A,114.3408,27.8064,宜春市,槟榔水业,,,,,,,,,,,,,,,,
2024-08-20T1800,1098A,123.6836,41.9339,沈阳市,森林路,,,,,,,,,,,,,,,,
2024-08-20T1800,1754A,123.1289,41.0228,鞍山市,千山,,,,,,,,,,,,,,,,
2024-08-20T1800,3122A,105.9606,26.2611,安顺市,伍家关,,,,,,,,,,,,,,,,
2024-08-20T1800,1451A,102.6251,24.9608,昆明市,西山森林公园,,,,,,,,,,,,,,,,
2024-08-20T1800,2598A,100.2143,26.8576,丽江市,西南郊,,,,,,,,,,,,,,,,
2024-08-20T1800,2220A,120.4318,41.5881,朝阳市,西梁,,,,,,,,,,,,,,,,
2024-08-20T1800,1125A,125.7194,43.515,长春市,甩湾子,,,,,,,,,,,,,,,,
2024-08-20T1800,1778A,126.7061,43.7133,吉林市,丰满,,,,,,,,,,,,,,,,
2024-08-20T1800,3513A,116.0445,36.4361,聊城市,九州社区,,,,,,,,,,,,,,,,
2024-08-20T1800,1324A,113.51488,34.91089,郑州市,岗李水库,,,,,,,,,,,,,,,,
2024-08-20T1800,1818A,114.4839,36.0621,安阳市,棉研所,,,,,,,,,,,,,,,,
2024-08-20T1800,1409A,110.576,19.9507,海口市,东寨港,,,,,,,,,,,,,,,,
2024-08-20T1800,1411A,110.283,20.0053,海口市,秀英海南医院,,,,,,,,,,,,,,,,
2024-08-20T1800,1438A,103.613,31.0283,成都市,灵岩寺,,,,,,,,,,,,,,,,
2024-08-20T1800,1830A,113.1992,35.2590,焦作市,影视城,,,,,,,,,,,,,,,,
2024-08-20T1800,1838A,111.143,34.7955,三门峡市,风景区,,,,,,,,,,,,,,,,
2024-08-20T1800,3673A,116.6804,39.9081,北京市,通州东关,,,,,,,,,,,,,,,,
2024-08-20T1800,1027A,117.157,38.9194,天津市,团泊洼,,,,,,,,,,,,,,,,
2024-08-20T1800,1922A,109.0656,35.0994,铜川市,党校,,,,,,,,,,,,,,,,
2024-08-20T1800,1936A,107.2058,34.3497,宝鸡市,文理学院,,,,,,,,,,,,,,,,
2024-08-20T1800,1918A,108.7197,34.3956,咸阳市,气象站,,,,,,,,,,,,,,,,
2024-08-20T1800,1938A,109.5293,34.5101,渭南市,农科所,,,,,,,,,,,,,,,,
2024-08-20T1800,1939A,109.4974,34.4877,渭南市,日报社,,,,,,,,,,,,,,,,
2024-08-20T1800,1477A,104.1373,35.9454,兰州市,榆中兰大校区,,,,,,,,,,,,,,,,
2024-08-20T1800,2649A,106.0055,34.343,天水市,麦积山,,,,,,,,,,,,,,,,
2024-08-20T1800,2665A,105.0822,33.3261,陇南市,汉王镇固水子,,,,,,,,,,,,,,,,
2024-08-20T1800,3380A,102.8914,34.9617,甘南藏族自治州,甘肃民族师范学院,,,,,,,,,,,,,,,,
2024-08-20T1800,1483A,101.524,36.6867,西宁市,第五水厂,,,,,,,,,,,,,,,,
2024-08-20T1800,1857A,111.7158,29.1456,常德市,白鹤山,,,,,,,,,,,,,,,,
2024-08-20T1800,3451A,112.5617,23.2083,肇庆市,鼎湖凤凰,,,,,,,,,,,,,,,,
2024-08-20T1800,1400A,112.4753,23.1,肇庆市,七星岩子站,,,,,,,,,,,,,,,,
2024-08-20T1800,2543A,106.6308,30.5278,广安市,小平旧居,,,,,,,,,,,,,,,,
2024-08-20T1800,1552A,106.805,26.3003,贵阳市,桐木岭,,,,,,,,,,,,,,,,
2024-08-20T1800,2576A,104.8,26.5892,六盘水市,窑上,,,,,,,,,,,,,,,,
2024-08-20T1800,1484A,105.9512,38.6016,银川市,贺兰山马莲口,,,,,,,,,,,,,,,,
2024-08-20T1800,1947A,106.3394,38.817,石嘴山市,沙湖旅游区,,,,,,,,,,,,,,,,
2024-08-20T1800,2680A,105.0025,37.4635,中卫市,沙坡头消防站,,,,,,,,,,,,,,,,
2024-08-20T1800,2566A,102.1879,31.914,阿坝藏族羌族自治州,州农科所,,50,50,18,3,6,52,,70,70,34,14,15,8,0,0.1
2024-08-20T1800,2568A,102.2502,31.8896,阿坝藏族羌族自治州,马师校,,30,9,15,3,9,96,,92,92,11,11,3,3,0.2,0.3
2024-08-20T1800,3994A,102.2165,31.9024,阿坝藏族羌族自治州,马尔康中学西区,,30,22,17,14,12,96,,90,90,7,9,5,4,0.3,0.3
2024-08-20T1800,2695A,80.292,41.1694,阿克苏地区,电视台,,40,40,47,23,20,60,,89,58,17,14,4,3,0.5,0.4
2024-08-20T1800,2696A,80.2613,41.1551,阿克苏地区,艺术中心,颗粒物(PM10),75,100,46,24,19,45,,89,45,36,16,4,4,0.8,0.6
2024-08-20T1800,2204A,105.6467,38.8363,阿拉善盟,西城区西花园,臭氧1小时,57,30,41,9,12,165,,151,151,8,10,8,9,1.1,1.1
2024-08-20T1800,2205A,105.6985,38.8411,阿拉善盟,蒙二幼,,47,26,32,8,10,148,,135,135,6,6,7,7,0.5,0.5
2024-08-20T1800,2206A,105.724,38.8516,阿拉善盟,环保局新楼,,48,24,25,8,10,152,,139,139,5,6,9,10,0.4,0.4
2024-08-20T1800,2708A,88.1264,47.8517,阿勒泰地区,市站,,30,,17,12,8,93,,90,90,17,13,8,7,0.5,0.5
2024-08-20T1800,2630A,80.1161,32.5,阿里地区,阿里监测站,,38,,5,26,4,104,,98,98,7,6,6,6,0.2,0.3
2024-08-20T1800,3192A,80.0903,32.5028,阿里地区,阿里藏医院,,32,8,9,7,6,102,,93,93,3,5,7,7,0.3,0.3
2024-08-20T1800,2642A,109.0318,32.6537,安康市,香溪洞,颗粒物(PM10),80,109,49,24,15,104,,109,109,60,17,7,6,0.4,0.3
2024-08-20T1800,2643A,109.0281,32.6939,安康市,安康市监测站,,40,26,27,13,14,126,,117,117,7,9,6,7,0.5,0.5
2024-08-20T1800,2644A,109.0072,32.6975,安康市,汉滨区检察院,,39,27,23,19,13,124,,111,111,10,9,8,8,0.5,0.5
2024-08-20T1800,2291A,117.0809,30.5177,安庆市,环科院,,37,21,15,12,11,117,,112,112,7,8,6,6,0.6,0.7
2024-08-20T1800,2292A,117.0331,30.5119,安庆市,马山宾馆,,37,11,13,10,11,116,,113,113,10,8,8,8,0.2,0.3
2024-08-20T1800,2294A,116.9896,30.6145,安庆市,安庆大学,,35,15,14,13,11,111,,107,107,4,6,7,8,0.5,0.5
2024-08-20T1800,3173A,117.0598,30.5351,安庆市,市人大,,36,18,16,11,14,114,,110,110,4,4,6,6,0.3,0.3
2024-08-20T1800,3122A,105.9606,26.2611,安顺市,伍家关,,,,,,,,,,,,,,,,
2024-08-20T1800,3123A,105.9408,26.2431,安顺市,凤凰山,,42,20,25,15,20,133,,125,125,6,12,8,8,0.4,0.5
2024-08-20T1800,3124A,105.9439,26.2564,安顺市,金钟山,,43,18,23,15,20,136,,127,127,4,7,6,6,0.6,0.7
2024-08-20T1800,3125A,105.8983,26.2481,安顺市,娄家坡,,42,25,24,18,18,132,,124,124,6,6,7,8,0.6,0.6
2024-08-20T1800,1818A,114.4839,36.0621,安阳市,棉研所,,,,,,,,,,,,,,,,
2024-08-20T1800,1819A,114.3551,36.1017,安阳市,红庙街,,48,37,35,18,16,151,,151,151,1,7,1,9,0.5,1.3
2024-08-20T1800,1820A,114.361,36.0681,安阳市,银杏小区,,,38,30,,17,145,,150,150,5,6,2,3,0.5,1
2024-08-20T1800,3141A,114.3922,36.0878,安阳市,信访局,,47,38,35,22,15,149,,154,154,2,6,2,5,0.4,1.2
2024-08-20T1800,3669A,114.4705,36.0637,安阳市,左辅环卫站,,43,26,35,15,18,137,,142,142,2,8,4,6,0.4,1.2
2024-08-20T1800,3703A,114.2917,36.0949,安阳市,安钢职工学校,,50,49,45,21,21,159,,150,150,6,11,5,6,0.6,1.3
2024-08-20T1800,1748A,123.044,41.1196,鞍山市,深沟寺,,22,22,23,12,12,39,,35,35,6,14,4,4,0.5,0.6
2024-08-20T1800,1749A,123.011,41.0931,鞍山市,太阳城,,18,16,17,12,9,40,,39,39,7,7,4,3,0.5,0.5
2024-08-20T1800,1750A,123.0485,41.1442,鞍山市,太平,,28,28,26,17,12,43,,43,43,15,27,4,4,0.6,0.7
2024-08-20T1800,1751A,122.9642,41.0971,鞍山市,铁西三道街,,22,22,21,15,12,43,,53,53,16,19,2,2,0.7,0.8
2024-08-20T1800,1752A,122.9341,41.0833,鞍山市,铁西工业园区,,24,24,25,14,11,44,,49,49,9,19,6,6,0.7,0.9
2024-08-20T1800,1753A,123.022,41.0821,鞍山市,明达新区,,19,19,16,11,7,44,,48,48,6,4,3,2,0.4,0.4
2024-08-20T1800,1754A,123.1289,41.0228,鞍山市,千山,,,,,,,,,,,,,,,,
2024-08-20T1800,2195A,107.4212,40.761,巴彦淖尔市,附二中,,49,33,31,16,20,156,,142,142,4,11,4,5,0.4,0.4
2024-08-20T1800,2196A,107.37,40.7372,巴彦淖尔市,市环保大楼,,48,26,34,18,12,152,,139,139,4,8,4,4,0.4,0.3
2024-08-20T1800,1956A,86.1472,41.7538,巴音郭楞蒙古自治州,孔雀公园,颗粒物(PM10),69,88,69,20,16,104,,113,98,8,12,4,4,0.2,0.2
2024-08-20T1800,1957A,86.1972,41.7166,巴音郭楞蒙古自治州,棉纺厂,颗粒物(PM10),52,54,67,27,21,106,,104,103,10,11,5,5,0.2,0.2
2024-08-20T1800,1958A,86.2357,41.7173,巴音郭楞蒙古自治州,经济开发区,颗粒物(PM10),60,70,61,21,18,110,,108,108,5,6,6,7,0.2,0.2
2024-08-20T1800,2914A,106.7677,31.8794,巴中市,苏山坪,,42,33,29,25,21,133,,134,134,8,7,5,5,0.6,0.5
2024-08-20T1800,3182A,106.7656,31.8545,巴中市,丽阳花园,,41,33,37,23,27,129,,131,131,9,15,4,4,0.5,0.6
2024-08-20T1800,3183A,106.7418,31.8654,巴中市,圣泉水务公司,,41,31,32,24,24,130,,135,135,7,13,4,3,0.6,0.6
2024-08-20T1800,3616A,106.7616,31.8344,巴中市,市中心医院,,40,33,41,23,29,126,,130,130,8,16,4,4,0.5,0.6
2024-08-20T1800,2235A,122.7911,45.6077,白城市,洮北区环保局,,19,11,13,7,6,58,,54,54,12,8,9,9,0.5,0.5
2024-08-20T1800,2236A,122.8738,45.5725,白城市,市环保局,,22,22,23,3,3,61,,53,53,9,8,4,3,0.4,0.5
2024-08-20T1800,2231A,126.4219,41.9171,白山市,喜丰,,40,40,25,3,7,50,,66,66,20,7,6,7,0.6,0.5
2024-08-20T1800,2232A,126.4077,41.9419,白山市,环保局,,24,24,29,3,12,45,,64,60,12,14,2,8,0.6,0.7
2024-08-20T1800,2647A,104.1724,36.5446,白银市,第三小学,,45,45,38,11,14,130,,134,130,7,18,5,38,0.3,0.6
2024-08-20T1800,2648A,104.1465,36.5482,白银市,动力公司,,47,47,25,6,10,128,,121,121,6,10,5,15,0.2,0.4
2024-08-20T1800,2512A,106.6103,23.9011,百色市,市监测站,,43,43,41,14,23,81,,121,121,6,14,4,10,0.7,0.9
2024-08-20T1800,2513A,106.6538,23.8859,百色市,市中心血站,颗粒物(PM10),67,84,48,22,24,82,,127,127,7,15,3,14,0.7,0.8
2024-08-20T1800,3406A,106.6085,23.8798,百色市,祈福高中,颗粒物(PM10),61,71,52,20,25,82,,120,115,4,15,3,7,0.7,0.9
2024-08-20T1800,2270A,117.396,32.939,蚌埠市,工人疗养院,,44,25,23,14,11,139,,133,133,5,5,7,7,0.4,0.4
2024-08-20T1800,2271A,117.3605,32.9427,蚌埠市,百货大楼,,46,22,23,13,12,146,,138,138,1,3,6,6,0.4,0.4
2024-08-20T1800,2273A,117.4185,32.8911,蚌埠市,蚌埠学院,,42,22,16,17,13,134,,136,136,7,8,7,6,0.5,0.5
2024-08-20T1800,2274A,117.3533,32.9673,蚌埠市,淮上区政府,,48,22,21,15,13,151,,141,141,2,3,7,6,0.6,0.6
2024-08-20T1800,2275A,117.3145,32.8977,蚌埠市,高新区,,46,27,21,17,14,145,,138,138,4,7,5,6,0.5,0.5
2024-08-20T1800,3715A,117.3092,32.9314,蚌埠市,蚌埠田家炳中学,,46,34,24,19,14,147,,140,140,3,3,4,7,0.4,0.5
2024-08-20T1800,1585A,109.8756,40.6532,包头市,市环境监测站,,43,12,15,3,8,135,,144,144,10,16,4,8,0.4,0.5
2024-08-20T1800,1587A,109.9991,40.5842,包头市,包头八中,,40,22,28,3,13,125,,141,141,16,30,3,13,0.5,1
2024-08-20T1800,1588A,109.8538,40.6821,包头市,青山宾馆,,40,18,13,7,7,128,,137,137,14,14,7,6,0.5,0.5
2024-08-20T1800,1589A,109.8642,40.6288,包头市,惠龙物流,,41,,13,11,7,130,,148,148,16,16,6,7,0.2,0.4
2024-08-20T1800,1590A,110.0377,40.5546,包头市,东河鸿龙湾,,40,18,24,7,11,128,,140,140,12,25,4,11,0.5,0.9
2024-08-20T1800,3283A,109.9154,40.5685,包头市,滨河大厦,,41,18,16,9,9,129,,149,149,10,23,7,11,0.5,0.6
2024-08-20T1800,3419A,109.9447,40.6261,包头市,包头市委党校,,40,18,20,3,10,128,,141,141,12,31,3,6,0.4,0.5
2024-08-20T1800,3683A,109.8331,40.6576,包头市,昆区政府,,43,,13,21,17,136,,141,140,10,13,3,6,0.4,0.5
2024-08-20T1800,1930A,107.185,34.3063,宝鸡市,庙沟村,,50,47,35,25,16,157,,147,147,11,12,7,7,0.5,0.5
2024-08-20T1800,1931A,107.0708,34.3017,宝鸡市,竹园沟,,50,50,33,20,17,146,,145,145,11,14,8,8,0.6,0.5
2024-08-20T1800,1932A,107.1906,34.3672,宝鸡市,三陆医院,,49,49,50,28,24,140,,156,156,14,23,9,11,0.7,0.7
2024-08-20T1800,1933A,107.1431,34.3547,宝鸡市,监测站,颗粒物(PM10),65,80,58,30,25,111,,143,139,27,24,8,8,0.5,0.5
2024-08-20T1800,1934A,107.1186,34.3739,宝鸡市,技工学校,,45,45,42,30,25,122,,145,145,10,16,8,9,0.6,0.6
2024-08-20T1800,1935A,107.3906,34.3528,宝鸡市,陈仓区环保局家属楼,臭氧1小时,62,44,39,22,19,169,,160,160,15,25,9,9,0.7,0.6
2024-08-20T1800,1936A,107.2058,34.3497,宝鸡市,文理学院,,,,,,,,,,,,,,,,
2024-08-20T1800,1937A,107.2386,34.3622,宝鸡市,三迪小学,,,32,41,27,27,154,,159,159,,15,10,9,0.7,0.6
2024-08-20T1800,1051A,115.493,38.8632,保定市,游泳馆,,38,20,25,3,12,120,,126,125,9,10,2,2,0.2,0.3
2024-08-20T1800,1052A,115.5213,38.8959,保定市,华电二区,,37,23,25,13,13,116,,122,122,4,7,3,3,0.0,0.2
2024-08-20T1800,1053A,115.4713,38.9108,保定市,接待中心,,34,22,28,3,11,108,,114,114,2,8,3,2,0.4,0.5
2024-08-20T1800,1054A,115.4612,38.8416,保定市,地表水厂,,37,34,29,6,12,118,,121,121,2,3,2,2,0.2,0.3
2024-08-20T1800,3581A,115.31981,38.95208,保定市,满城区生态环境分局,,40,,26,9,12,126,,130,130,7,11,4,4,0.2,0.4
2024-08-20T1800,3582A,115.47694,38.76408,保定市,清苑区第二中学,,46,46,33,21,19,127,,129,129,5,10,5,5,0.4,0.4
2024-08-20T1800,3583A,115.62909,39.02311,保定市,徐水物探局,,32,7,22,3,11,100,,118,118,8,13,3,3,0.3,0.5
2024-08-20T1800,4004A,115.4202,38.8656,保定市,双鹰农机,,40,23,24,9,11,126,,133,133,4,7,2,2,0.2,0.4
2024-08-20T1800,4034A,115.5150,38.8590,保定市,植保所站,,41,26,25,12,15,131,,136,136,2,5,4,3,0.4,0.5
2024-08-20T1800,2594A,99.1678,25.1081,保山市,市环境监测站,,39,36,32,27,17,80,,67,67,9,12,5,5,0.4,0.5
2024-08-20T1800,2595A,99.1711,25.1328,保山市,市环保局,,30,30,36,3,8,86,,72,72,9,10,5,5,0.5,0.6
2024-08-20T1800,1866A,109.2262,21.588,北海市,牛尾岭水库,,,,,,,,,,,,,,,,
2024-08-20T1800,1867A,109.1436,21.4086,北海市,海滩公园,颗粒物(PM10),59,68,40,3,4,67,,62,60,5,8,3,3,0.8,0.6
2024-08-20T1800,1868A,109.0981,21.4661,北海市,新市环保局,,25,25,14,9,5,66,,70,70,6,6,3,2,0.4,0.5
2024-08-20T1800,1869A,109.1778,21.5233,北海市,北海工业园,,27,27,20,12,7,61,,65,65,7,8,4,4,0.5,0.5
2024-08-20T1800,3400A,109.1911,21.4415,北海市,龙潭自来水厂,,22,22,13,11,6,67,,69,69,4,5,3,4,0.5,0.4
2024-08-20T1800,1001A,116.3621,39.8784,北京市,万寿西宫,,22,6,18,3,13,70,,75,75,7,14,3,3,0.5,0.7
2024-08-20T1800,1002A,116.2202,40.2915,北京市,定陵,,12,7,15,3,4,36,,50,46,6,3,1,1,0.4,0.4
2024-08-20T1800,1003A,116.4174,39.9289,北京市,东四,,23,6,18,3,13,71,,79,79,13,16,2,3,0.7,0.8
2024-08-20T1800,1004A,116.4072,39.8863,北京市,天坛,,22,6,17,3,12,68,,75,75,12,16,3,3,0.5,0.6
2024-08-20T1800,1005A,116.462,39.9365,北京市,农展馆,,19,6,16,3,11,59,,67,67,11,14,3,3,0.5,0.6
2024-08-20T1800,1006A,116.3392,39.9295,北京市,官园,,21,6,16,3,11,67,,75,75,8,14,2,3,0.4,0.6
2024-08-20T1800,1007A,116.2878,39.9611,北京市,海淀万柳,,20,9,18,3,12,63,,65,65,11,18,2,2,0.4,0.5
2024-08-20T1800,1008A,116.6636,40.135,北京市,顺义新城,,20,8,13,3,8,63,,65,65,5,7,3,3,0.4,0.5
2024-08-20T1800,1009A,116.6275,40.3275,北京市,怀柔镇,,18,6,14,3,8,57,,60,60,9,7,6,5,0.4,0.5
2024-08-20T1800,1010A,116.2296,40.217,北京市,昌平镇,,13,11,15,3,8,40,,52,52,14,20,4,4,0.4,0.4
2024-08-20T1800,1011A,116.3966,39.9821,北京市,奥体中心,,20,6,16,3,10,63,,70,70,11,22,1,2,0.5,0.6
2024-08-20T1800,1012A,116.184,39.9136,北京市,古城,,23,8,18,3,12,73,,77,77,9,15,1,1,0.5,0.6
2024-08-20T1800,3281A,115.9718,40.4529,北京市,延庆夏都,,16,6,16,3,10,50,,56,56,2,3,3,3,0.4,0.4
2024-08-20T1800,3417A,117.0709,40.1465,北京市,平谷新城,,18,6,17,3,11,56,,55,55,5,5,3,3,0.4,0.6
2024-08-20T1800,3418A,116.8336,40.4095,北京市,密云新城,,19,,13,3,7,59,,63,63,4,4,1,3,0.4,0.4
2024-08-20T1800,3671A,116.088,39.9726,北京市,门头沟三家店,,16,6,9,3,10,50,,57,57,7,9,3,3,0.5,0.5
2024-08-20T1800,3672A,116.1541,39.8204,北京市,丰台云岗,,16,12,19,3,12,50,,61,61,9,10,3,3,0.4,0.5
2024-08-20T1800,3673A,116.6804,39.9081,北京市,通州东关,,,,19,,14,,,71,,,12,,2,,0.6
2024-08-20T1800,3674A,115.9577,39.7603,北京市,房山燕山,,21,6,19,3,13,67,,70,68,3,6,3,3,0.3,0.4
2024-08-20T1800,3675A,116.4672,39.7733,北京市,大兴旧宫,,22,6,18,3,14,70,,72,72,2,8,3,3,0.5,0.6
2024-08-20T1800,3694A,115.986,40.4563,北京市,延庆石河营,,15,6,16,3,11,45,,51,51,2,8,3,3,0.4,0.4
2024-08-20T1800,3695A,116.6151,40.3053,北京市,怀柔新城,,18,6,12,3,8,57,,60,60,4,3,1,3,0.5,0.5
2024-08-20T1800,3696A,116.2545,39.8768,北京市,丰台小屯,,22,8,18,3,11,68,,68,68,7,11,5,5,0.4,0.5
2024-08-20T1800,3697A,116.84,40.3844,北京市,密云镇,,18,6,15,3,8,55,,59,59,4,9,2,1,0.7,0.7
2024-08-20T1800,1761A,123.8275,41.3064,本溪市,大峪,,37,37,27,15,8,52,,65,65,12,13,7,6,0.5,0.5
2024-08-20T1800,1762A,123.7567,41.3325,本溪市,溪湖,,42,39,32,29,13,45,,55,54,14,18,6,6,0.6,0.9
2024-08-20T1800,1763A,123.7169,41.3094,本溪市,彩屯,,44,44,37,24,20,29,,47,46,33,23,11,7,1.2,1
2024-08-20T1800,1764A,123.7669,41.2864,本溪市,东明,,31,31,29,17,11,60,,64,64,10,18,4,4,0.5,0.5
2024-08-20T1800,1765A,123.7992,41.2664,本溪市,新立屯,,50,50,21,12,8,30,,55,54,8,20,2,2,0.8,0.8
2024-08-20T1800,1766A,123.8142,41.3472,本溪市,威宁,,46,46,34,30,16,35,,50,48,17,16,8,8,0.6,0.7
2024-08-20T1800,2587A,105.2864,27.3125,毕节市,八中,,48,25,31,14,21,153,,132,132,10,17,11,7,0.3,0.5
2024-08-20T1800,2588A,105.31,27.2944,毕节市,师专,,48,18,38,14,25,153,,129,129,9,20,11,8,0.4,0.5
2024-08-20T1800,3537A,105.3631,27.3533,毕节市,长征村,臭氧1小时,64,19,43,16,37,171,,152,152,6,12,11,7,0.4,0.6
2024-08-20T1800,1629A,118.0018,37.3617,滨州市,第二水厂,,45,34,30,29,26,142,,113,113,6,9,2,2,1.0,0.7
2024-08-20T1800,1630A,117.9776,37.393,滨州市,北中新校,,41,39,33,27,22,129,,109,109,13,12,4,5,0.7,0.6
2024-08-20T1800,3514A,117.9378,37.3956,滨州市,中海酒店,,49,34,24,34,20,140,,115,115,8,9,4,5,0.7,0.6
2024-08-20T1800,3515A,117.9378,37.3553,滨州市,开发区一中,,48,31,31,29,26,152,,117,117,9,13,6,7,0.7,0.7
2024-08-20T1800,3516A,118.0917,37.694,滨州市,金海六路,,43,34,17,22,9,135,,110,110,9,12,3,2,0.7,0.6
2024-08-20T1800,4028A,117.9956,37.3753,滨州市,滨州市西街道办事处,,49,34,30,29,26,154,,124,124,6,8,3,4,0.7,0.7
2024-08-20T1800,2311A,115.8072,33.8399,亳州市,污水处理厂,,41,21,19,11,14,130,,131,131,8,7,2,3,0.4,0.5
2024-08-20T1800,2312A,115.7789,33.8518,亳州市,三国揽胜宫,,45,24,21,14,14,144,,140,140,4,6,2,2,0.4,0.5
2024-08-20T1800,3332A,115.7633,33.8034,亳州市,亳州学院,,46,20,15,13,13,147,,142,142,4,5,1,2,0.3,0.4
2024-08-20T1800,2693A,82.0485,44.8556,博尔塔拉蒙古自治州,市党校,,36,13,19,10,12,113,,98,98,6,12,7,7,0.4,0.4
2024-08-20T1800,2694A,82.0806,44.8969,博尔塔拉蒙古自治州,市环保局,,34,19,28,6,12,107,,87,87,8,14,5,6,0.4,0.5
2024-08-20T1800,1071A,116.8842,38.2991,沧州市,沧县城建局,,40,15,18,13,16,125,,108,108,5,11,3,6,0.6,0.7
2024-08-20T1800,1072A,116.8584,38.3254,沧州市,电视转播站,,36,22,25,7,17,113,,100,100,7,11,2,2,0.4,0.4
2024-08-20T1800,1073A,116.8709,38.3228,沧州市,市环保局,,37,16,22,6,16,118,,106,106,8,12,4,2,0.4,0.5
2024-08-20T1800,3324A,116.8136,38.3004,沧州市,河北水利电力学院,,39,,20,11,22,124,,110,110,7,13,5,5,0.3,0.6
2024-08-20T1800,2622A,97.1806,31.1273,昌都市,昌都监测站,,40,6,15,3,8,126,,111,111,2,10,5,5,0.5,0.5
2024-08-20T1800,3719A,97.1714,31.1406,昌都市,昌都会议中心,,44,6,11,3,6,138,,124,124,2,5,6,6,0.3,0.3
2024-08-20T1800,2690A,88.1236,43.8886,昌吉回族自治州,天山天池,,,,5,,4,75,,72,72,8,9,,3,,0.6
2024-08-20T1800,2692A,87.2717,44.0297,昌吉回族自治州,新区政务中心,,31,18,21,7,8,99,,96,96,9,30,10,9,0.5,0.7
2024-08-20T1800,3613A,87.3095,44.0142,昌吉回族自治州,亚心广场,,35,17,24,3,8,112,,104,104,10,36,5,4,0.2,0.4
2024-08-20T1800,1119A,125.3325,43.9166,长春市,食品厂,,16,9,21,9,13,51,,59,59,18,11,2,3,0.5,0.5
2024-08-20T1800,1120A,125.2863,43.9027,长春市,客车厂,,19,15,26,8,14,38,,55,55,37,17,5,6,0.5,0.5
2024-08-20T1800,1121A,125.2841,43.8463,长春市,邮电学院,,17,17,29,7,13,31,,52,52,17,14,6,6,0.5,0.5
2024-08-20T1800,1122A,125.3716,43.8772,长春市,劳动公园,,22,22,30,8,12,38,,57,57,29,17,6,6,0.7,0.7
2024-08-20T1800,1123A,125.3297,43.8805,长春市,园林处,,14,14,25,7,11,42,,66,63,25,15,3,3,0.6,0.5
2024-08-20T1800,1124A,125.4605,43.79,长春市,净月潭,,10,10,19,6,8,27,,59,58,3,5,5,5,0.4,0.5
2024-08-20T1800,1125A,125.7194,43.515,长春市,甩湾子,,,,,,,,,,,,,,,,
2024-08-20T1800,1126A,125.3863,43.8447,长春市,经开区环卫处,,19,9,23,7,10,31,,63,63,37,19,5,5,0.6,0.6
2024-08-20T1800,1127A,125.245,43.7783,长春市,高新区管委会,,18,18,24,3,14,50,,72,72,23,18,2,2,0.5,0.6
2024-08-20T1800,1128A,125.1761,43.8325,长春市,岱山公园,,16,14,28,11,14,40,,61,61,30,27,2,2,0.5,0.6
2024-08-20T1800,1335A,113.0833,28.2325,长沙市,经开区环保局,,47,34,30,28,18,150,,138,138,10,14,1,2,0.5,0.4
2024-08-20T1800,1336A,112.8872,28.2189,长沙市,高开区环保局,,48,34,39,19,22,153,,143,143,6,21,2,2,0.6,0.6
2024-08-20T1800,1337A,113.0792,28.2053,长沙市,马坡岭,臭氧1小时,72,35,31,17,18,177,,163,163,7,15,2,2,0.6,0.6
2024-08-20T1800,1338A,112.9394,28.19,长沙市,湖南师范大学,,49,41,41,21,24,156,,155,155,4,16,5,4,0.7,0.8
2024-08-20T1800,1339A,113.0178,28.1322,长沙市,雨花区环保局,,50,43,38,18,18,157,,152,152,7,23,4,4,0.4,0.5
2024-08-20T1800,1340A,112.9792,28.2597,长沙市,伍家岭,,44,33,38,11,20,138,,136,136,5,13,1,1,0.6,0.5
2024-08-20T1800,1341A,113.0014,28.1944,长沙市,火车新站,臭氧1小时,52,37,35,24,21,161,,152,152,5,15,3,3,0.5,0.5
2024-08-20T1800,1342A,112.9844,28.1178,长沙市,天心区环保局,,47,33,44,27,27,150,,144,144,12,26,2,2,1.1,0.9
2024-08-20T1800,1343A,112.8908,28.1308,长沙市,湖南中医药大学,,50,36,46,29,30,159,,162,162,8,21,5,4,0.4,0.6
2024-08-20T1800,1344A,112.9581,28.3611,长沙市,沙坪,,47,29,39,26,17,148,,140,140,6,6,7,7,0.7,0.7
2024-08-20T1800,1727A,113.1147,36.1547,长治市,清华站,,36,18,26,7,12,113,,131,131,20,18,4,6,0.3,1
2024-08-20T1800,1728A,113.1031,36.1989,长治市,监测站,,39,15,29,3,13,123,,131,131,15,23,7,8,0.7,1.3
2024-08-20T1800,1730A,113.0886,36.2125,长治市,审计局,,39,9,25,3,14,122,,124,124,14,26,4,5,0.5,1
2024-08-20T1800,1731A,113.0844,36.1856,长治市,长治八中,,39,8,31,8,13,124,,127,127,14,23,5,6,0.3,0.8
2024-08-20T1800,2845A,113.1569,36.1911,长治市,德盛苑,,37,11,24,3,12,116,,132,132,8,12,7,7,1.0,1.4
2024-08-20T1800,3568A,113.06,36.0464,长治市,向阳小学,,36,27,49,17,22,114,,133,133,14,16,8,9,0.4,0.7
2024-08-20T1800,3569A,112.8792,36.3144,长治市,屯留一中,,42,25,37,8,18,132,,135,135,6,24,7,13,0.2,0.8
2024-08-20T1800,3570A,113.235,36.3489,长治市,潞城四中,,36,31,37,10,28,114,,145,145,14,17,4,7,0.7,1.1
2024-08-20T1800,1854A,111.6975,28.9703,常德市,市二中,,43,28,34,14,26,135,,131,131,3,15,6,9,0.5,0.6
2024-08-20T1800,1857A,111.7158,29.1456,常德市,白鹤山,,,,,,,,,,,,,,,,
2024-08-20T1800,3138A,111.7153,29.0289,常德市,武陵区永安,,41,28,34,16,22,129,,126,126,3,10,7,7,0.5,0.5
2024-08-20T1800,3139A,111.6892,28.9881,常德市,鼎城区玉霞,,43,30,38,16,29,135,,127,127,3,15,6,6,0.5,0.6
2024-08-20T1800,3140A,111.6625,29.0531,常德市,武陵区长庚,,43,26,34,19,24,136,,132,132,3,10,6,7,0.5,0.6
2024-08-20T1800,1196A,119.9633,31.762,常州市,市监测站,,28,10,27,8,15,87,,106,106,16,20,5,6,0.5,0.6
2024-08-20T1800,1200A,119.9468,31.7069,常州市,武进监测站,,23,16,22,6,14,72,,98,98,20,20,7,8,0.7,0.8
2024-08-20T1800,1201A,119.9255,31.9087,常州市,安家,,29,29,28,18,18,83,,74,74,21,21,4,4,0.8,0.7
2024-08-20T1800,3002A,119.9805,31.8174,常州市,行政中心,,26,17,24,15,19,81,,94,94,21,22,9,8,0.4,0.5
2024-08-20T1800,3003A,120.0522,31.7748,常州市,经开区,,25,15,24,12,14,77,,90,90,17,21,6,7,0.5,0.5
2024-08-20T1800,3010A,119.9025,31.7964,常州市,钟楼,,22,11,29,6,14,68,,75,75,18,20,6,7,0.6,0.7
2024-08-20T1800,3429A,119.8598,31.7066,常州市,武进经发区,,26,8,26,3,15,81,,92,92,11,24,8,9,0.5,0.6
2024-08-20T1800,3430A,119.5826,31.7245,常州市,金坛城区,,28,,20,3,17,87,,85,85,12,17,8,7,0.8,0.7
2024-08-20T1800,2220A,120.4318,41.5881,朝阳市,西梁,,,,,,,,,,,,,,,,
2024-08-20T1800,2221A,120.4521,41.5646,朝阳市,河畔小区,,13,9,12,3,8,39,,31,30,8,7,6,7,0.7,0.7
2024-08-20T1800,2222A,120.4176,41.5648,朝阳市,八里堡,,12,10,12,6,11,37,,30,30,12,10,5,6,0.8,0.7
2024-08-20T1800,2223A,120.3806,41.5969,朝阳市,农业园区,,15,,11,10,9,41,,35,32,6,8,3,3,0.5,0.3
2024-08-20T1800,1705A,116.6367,23.6719,潮州市,西园路,,10,9,17,3,10,28,,32,32,19,15,2,2,0.6,0.6
2024-08-20T1800,3026A,116.6183,23.6608,潮州市,市政府,,23,23,21,9,9,23,,39,37,34,15,7,5,0.8,0.8
2024-08-20T1800,4036A,116.6461,23.6761,潮州市,金山,,15,15,17,10,11,32,,39,39,16,13,5,6,0.7,0.7
2024-08-20T1800,2472A,113.0073,25.9061,郴州市,马头岭,,26,26,25,3,7,66,,82,82,3,7,6,7,0.1,0.1
2024-08-20T1800,2473A,113.0116,25.8226,郴州市,市职中,,38,,24,26,18,79,,96,96,3,9,6,8,0.5,0.5
2024-08-20T1800,2474A,113.0161,25.8001,郴州市,兴隆步行街,,30,22,31,21,15,74,,97,97,6,11,5,7,0.8,0.8
2024-08-20T1800,2475A,113.0383,25.8071,郴州市,市审计局,,33,29,26,23,18,72,,92,92,9,14,3,4,0.6,0.6
2024-08-20T1800,2476A,113.0348,25.7759,郴州市,市环保局,,40,33,28,28,20,74,,89,89,11,17,3,3,0.8,0.7
2024-08-20T1800,1431A,103.9728,30.7236,成都市,金泉两河,臭氧1小时,114,66,49,34,35,228,,205,205,8,19,2,3,0.6,0.6
2024-08-20T1800,1432A,104.176,30.6872,成都市,十里店,,,39,46,26,29,179,,186,185,9,26,4,4,,0.7
2024-08-20T1800,1433A,104.079,30.5706,成都市,三瓦窑,臭氧1小时,75,36,45,35,30,180,,178,178,19,45,2,3,0.6,0.7
2024-08-20T1800,1434A,104.1114,30.63,成都市,沙河铺,臭氧1小时,63,49,39,25,24,170,,168,168,12,18,5,6,0.5,1
2024-08-20T1800,1437A,104.0786,30.6531,成都市,君平街,臭氧1小时,124,77,48,44,29,247,,208,208,20,25,5,5,0.5,0.6
2024-08-20T1800,1438A,103.613,31.0283,成都市,灵岩寺,,,,,,,,,,,,,,,,
2024-08-20T1800,2880A,104.0239,30.65639,成都市,大石西路,臭氧1小时,114,57,43,19,29,228,,190,190,18,25,5,5,0.5,0.6
2024-08-20T1800,3136A,104.2725,30.5589,成都市,龙泉驿区区政府,臭氧1小时,83,27,28,17,19,186,,178,178,8,10,4,5,0.5,0.5
2024-08-20T1800,3357A,104.0106,30.6931,成都市,金博路,臭氧1小时,111,52,46,38,31,222,,195,195,18,28,2,3,0.4,0.5
2024-08-20T1800,3359A,104.0578,30.5225,成都市,华阳,臭氧1小时,63,34,40,27,33,170,,171,171,1,13,3,4,0.6,0.8
2024-08-20T1800,3487A,104.2394,30.5319,成都市,车城东七路,臭氧1小时,102,39,40,30,26,203,,185,185,6,12,3,3,0.4,0.5
2024-08-20T1800,3488A,104.3853,30.7453,成都市,青白江技师分院,臭氧1小时,73,34,31,9,17,178,,185,185,12,23,2,2,0.7,0.8
2024-08-20T1800,3489A,104.0789,30.4072,成都市,科学城,臭氧1小时,60,44,37,34,29,168,,160,160,1,13,4,4,0.3,0.5
2024-08-20T1800,4011A,103.8506,30.6947,成都市,光华大道三段,臭氧1小时,59,43,50,11,26,167,,182,182,9,16,3,3,0.6,0.6
2024-08-20T1800,1062A,117.9531,40.9081,承德市,铁路,,12,6,10,3,5,37,,43,28,13,23,7,7,0.3,0.3
2024-08-20T1800,1063A,117.9392,40.9763,承德市,中国银行,,11,,9,3,5,34,,46,38,13,15,4,4,0.3,0.3
2024-08-20T1800,1064A,117.9503,40.928,承德市,开发区,,13,13,16,6,6,39,,56,37,12,12,6,5,0.3,0.4
2024-08-20T1800,1065A,117.8051,40.9655,承德市,文化中心,,15,9,11,6,4,46,,64,42,8,10,6,6,0.3,0.3
2024-08-20T1800,1066A,117.9268,41.0026,承德市,离宫,,10,6,14,3,5,31,,35,28,3,5,2,2,0.4,0.4
2024-08-20T1800,2314A,117.47,30.6618,池州市,池州学院,,38,16,13,12,10,119,,113,113,8,5,8,4,0.5,0.5
2024-08-20T1800,3237A,117.4918,30.6617,池州市,展览馆,,38,15,15,11,10,120,,110,110,6,5,5,4,0.6,0.6
2024-08-20T1800,3333A,117.5627,30.695,池州市,第八中学,,40,16,16,9,10,125,,107,107,6,10,3,3,0.4,0.5
2024-08-20T1800,3334A,117.5038,30.6243,池州市,第十二中学,,37,19,16,10,9,117,,108,108,7,10,4,3,0.7,0.9
2024-08-20T1800,1744A,118.9233,42.2816,赤峰市,松山一中,,9,6,9,3,2,18,,40,25,18,15,9,9,0.7,0.6
2024-08-20T1800,1745A,118.9576,42.2728,赤峰市,哈达街,,7,6,5,3,5,20,,39,28,12,11,7,8,0.5,0.5
2024-08-20T1800,1746A,118.8788,42.2554,赤峰市,天义路,,,5,7,,6,15,,42,26,20,14,7,6,0.5,0.4
2024-08-20T1800,3058A,119.2658,42.0353,赤峰市,银河街,,6,6,6,3,6,19,,38,27,11,11,10,10,0.4,0.4
2024-08-20T1800,3286A,118.9359,42.3147,赤峰市,桥北物流园区,,7,6,6,3,3,17,,40,28,14,8,8,7,0.7,0.7
2024-08-20T1800,2521A,107.3476,22.4136,崇左市,市环保局江州分局,,26,16,25,13,13,82,,90,90,3,9,6,6,0.6,0.6
2024-08-20T1800,2522A,107.3702,22.3707,崇左市,城南新区,,21,12,22,10,12,65,,84,84,4,7,4,4,0.5,0.5
2024-08-20T1800,2298A,118.3093,32.3153,滁州市,老年大学,,42,19,18,14,14,134,,127,127,4,9,6,6,0.2,0.4
2024-08-20T1800,2299A,118.3244,32.2786,滁州市,人大宾馆,,42,23,20,15,16,134,,131,131,8,10,6,6,0.4,0.6
2024-08-20T1800,3207A,118.3118,32.3038,滁州市,市政府原办公楼,,41,17,15,16,18,131,,125,125,6,9,6,6,0.7,0.8
2024-08-20T1800,3331A,118.3267,32.2634,滁州市,图书馆,,41,21,18,16,15,129,,126,126,7,8,3,4,0.7,0.8
2024-08-20T1800,2605A,101.5482,25.0441,楚雄彝族自治州,州环境监测站,,36,36,25,13,21,73,,93,93,16,17,6,5,0.7,0.8
2024-08-20T1800,2606A,101.538,25.0492,楚雄彝族自治州,市经济开发区,,30,30,28,19,21,73,,95,93,16,16,6,5,0.6,0.8
2024-08-20T1800,2548A,107.5277,31.2827,达州市,达州职业技术学院,,41,40,47,13,26,130,,129,129,20,35,9,7,0.9,0.8
2024-08-20T1800,2549A,107.5086,31.2186,达州市,市环境监测站,,46,42,45,9,23,145,,139,139,14,24,8,8,0.6,0.6
2024-08-20T1800,2550A,107.4988,31.2132,达州市,凤凰小区,,48,31,42,12,26,152,,148,148,11,21,9,9,0.6,0.6
2024-08-20T1800,2551A,107.5082,31.1986,达州市,达县机关宾馆,,46,31,47,3,23,146,,140,140,20,32,4,6,0.3,0.4
2024-08-20T1800,2552A,107.4644,31.2124,达州市,市政中心,,49,33,50,14,26,155,,153,153,13,23,7,7,0.7,0.8
2024-08-20T1800,2614A,100.1542,25.7054,大理白族自治州,大理市环境监测站,,24,,9,14,11,76,,77,77,9,6,4,4,0.6,0.6
2024-08-20T1800,2615A,100.2171,25.5811,大理白族自治州,大理古城,,40,,21,28,11,68,,79,79,13,12,7,7,0.7,0.6
2024-08-20T1800,1109A,121.612,38.9741,大连市,甘井子,,20,9,12,3,6,64,,68,61,16,12,7,6,0.0,0.1
2024-08-20T1800,1110A,121.565,38.9511,大连市,周水子,,19,12,16,8,10,60,,64,60,18,13,6,6,0.4,0.5
2024-08-20T1800,1111A,121.5637,38.8845,大连市,星海三站,,21,10,13,3,7,67,,70,64,8,5,7,6,0.2,0.4
2024-08-20T1800,1112A,121.6302,38.9117,大连市,青泥洼桥,,20,10,11,6,7,62,,66,58,7,4,7,7,0.5,0.5
2024-08-20T1800,1113A,121.6251,38.8638,大连市,傅家庄,,,15,14,7,7,71,,80,70,10,6,5,5,,0.5
2024-08-20T1800,1114A,121.5213,38.8661,大连市,七贤岭,,21,10,12,3,7,65,,71,67,11,8,6,6,0.2,0.2
2024-08-20T1800,1115A,121.2529,38.8061,大连市,旅顺,,24,,11,3,7,74,,77,76,10,10,8,7,0.3,0.3
2024-08-20T1800,1116A,121.7485,39.1311,大连市,金州,,17,6,6,3,5,54,,62,57,9,5,8,7,0.7,0.6
2024-08-20T1800,1117A,121.7811,39.0496,大连市,开发区,,18,13,16,3,9,57,,65,60,14,10,8,8,0.3,0.3
2024-08-20T1800,1118A,121.9762,39.0631,大连市,双D港,,19,11,11,6,6,58,,71,64,7,7,6,6,0.4,0.4
2024-08-20T1800,1789A,124.81117,46.03138,大庆市,大同区,,20,20,10,10,11,58,,57,57,7,5,7,7,0.3,0.3
2024-08-20T1800,1790A,125.129,46.533,大庆市,龙凤区,,27,27,15,8,9,66,,65,65,10,5,4,4,0.4,0.3
2024-08-20T1800,1791A,124.902,46.408,大庆市,红岗区,,22,18,18,12,13,70,,67,67,5,6,7,8,0.4,0.3
2024-08-20T1800,1792A,125.153,46.586,大庆市,萨尔图区,,20,14,13,3,6,64,,66,66,10,4,5,5,0.1,0
2024-08-20T1800,1793A,124.9042,46.6215,大庆市,让胡路区,,23,23,21,14,8,56,,57,57,9,8,9,8,0.2,0.1
2024-08-20T1800,3481A,125.141,46.634,大庆市,萨区政府监测点,,21,13,17,3,6,65,,64,64,4,5,6,6,0.2,0.2
2024-08-20T1800,1721A,113.3819,40.1097,大同市,果树场,,,,,,,,,,,,,,,,
2024-08-20T1800,1723A,113.2994,40.0758,大同市,云冈宾馆,,35,24,37,14,18,110,,123,123,23,21,6,8,0.7,0.9
2024-08-20T1800,1724A,113.3444,40.0917,大同市,大同大学,,30,20,25,8,14,95,,118,118,23,22,6,9,0.6,0.5
2024-08-20T1800,1725A,113.2661,40.1269,大同市,安家小村,,29,22,32,7,10,92,,107,107,23,21,9,10,0.6,0.7
2024-08-20T1800,1726A,113.2711,40.0844,大同市,教育学院,,34,27,35,15,16,107,,118,118,30,31,10,11,0.6,0.8
2024-08-20T1800,3282A,113.3397,40.0597,大同市,大同市卫生学校,,31,30,32,12,16,99,,124,124,19,20,7,9,0.6,0.8
2024-08-20T1800,3565A,113.1367,40.1122,大同市,云冈站,,28,15,28,3,13,87,,111,111,24,20,8,12,0.4,0.6
2024-08-20T1800,3566A,113.1186,40.2556,大同市,图书馆,,38,19,20,15,14,121,,124,124,9,12,8,9,0.5,0.7
2024-08-20T1800,3567A,113.5931,40.0461,大同市,区一中,,34,7,18,7,10,107,,118,118,11,10,5,6,0.5,0.5
2024-08-20T1800,3676A,113.2802,40.0995,大同市,第二人民医院,,35,18,37,14,16,112,,120,120,22,22,10,11,0.5,0.7
2024-08-20T1800,2269A,124.1069,50.4097,大兴安岭地区,科技局,,28,28,20,17,14,71,,67,67,4,3,6,7,0.2,0.1
2024-08-20T1800,3663A,124.1164,50.4278,大兴安岭地区,红旗社区,,24,24,16,14,14,71,,66,66,7,6,5,5,0.4,0.3
2024-08-20T1800,1600A,124.3303,40.0625,丹东市,江湾东路,,38,38,24,18,14,20,,47,45,35,12,1,3,0.9,0.7
2024-08-20T1800,1601A,124.4256,40.1503,丹东市,临江后街,,23,23,20,12,10,28,,46,45,18,10,4,5,0.7,0.6
2024-08-20T1800,1602A,124.3933,40.1461,丹东市,元宝山,,28,28,21,15,12,23,,32,31,10,6,1,1,0.6,0.6
2024-08-20T1800,1603A,124.3633,40.1092,丹东市,民主桥,,30,30,24,15,12,18,,40,40,29,16,3,2,0.7,0.6
2024-08-20T1800,3541A,109.5726,19.5167,儋州市,第一中学子站,,15,15,18,7,9,35,,44,44,5,4,4,4,0.5,0.6
2024-08-20T1800,3542A,109.5567,19.5187,儋州市,东坡学校子站,,15,14,16,10,10,34,,47,46,5,4,2,2,0.6,0.6
2024-08-20T1800,2616A,98.5842,24.428,德宏傣族景颇族自治州,德宏州监测站,,16,16,20,6,8,43,,56,56,12,10,23,15,0.6,0.7
2024-08-20T1800,3677A,98.5881,24.4368,德宏傣族景颇族自治州,芒市人民政府综合楼,,18,18,15,11,8,40,,53,53,14,16,25,23,0.7,0.8
2024-08-20T1800,1901A,104.4239,31.1208,德阳市,东山公园,臭氧1小时,83,39,39,22,27,186,,181,181,9,13,3,7,0.7,0.7
2024-08-20T1800,1902A,104.3826,31.1317,德阳市,西小区,臭氧1小时,101,41,49,28,33,202,,182,182,10,20,2,12,0.6,0.7
2024-08-20T1800,1904A,104.3553,31.1091,德阳市,耐火材料厂,臭氧1小时,105,44,58,25,35,210,,188,188,8,18,4,20,0.6,0.7
2024-08-20T1800,3639A,104.4019,31.1244,德阳市,市教育局,臭氧1小时,98,44,52,25,28,198,,180,180,11,23,1,5,0.6,0.7
2024-08-20T1800,1622A,116.3032,37.4674,德州市,儿童乐园,,43,29,25,17,16,136,,93,93,11,29,8,8,0.7,0.7
2024-08-20T1800,1624A,116.2991,37.4451,德州市,监理站,,45,17,22,17,16,141,,136,136,3,10,8,9,0.6,0.7
2024-08-20T1800,3066A,116.2721,37.4379,德州市,九衢泉纯净水厂,,41,19,25,14,20,129,,128,128,4,9,7,8,0.7,0.7
2024-08-20T1800,3371A,116.3728,37.4403,德州市,开发区人民医院,,48,22,26,14,16,152,,140,140,12,16,8,9,0.8,0.8
2024-08-20T1800,3372A,116.3572,37.4094,德州市,太阳城中学,,43,31,22,17,18,136,,142,142,9,11,8,8,0.8,0.7
2024-08-20T1800,3511A,116.5652,37.3319,德州市,陵城艺术中心,,42,22,19,12,7,133,,126,126,9,11,9,8,0.7,0.7
2024-08-20T1800,2621A,99.7056,27.8317,迪庆藏族自治州,迪庆州站,,,,26,10,12,104,,96,96,11,13,9,11,0.3,0.3
2024-08-20T1800,3180A,99.7136,27.8094,迪庆藏族自治州,质量技术监督局,,32,21,23,6,11,100,,97,97,11,16,14,10,0.4,0.4
2024-08-20T1800,2663A,104.6241,35.5734,定西市,东关小学,,47,22,36,10,17,150,,137,137,5,15,13,12,0.3,0.3
2024-08-20T1800,2664A,104.6194,35.5934,定西市,供电公司,,48,23,38,13,20,151,,140,140,1,20,8,7,0.3,0.3
2024-08-20T1800,1389A,113.7547,23.0494,东莞市,莞城梨川,,23,19,27,12,21,71,,91,91,16,25,6,6,0.7,0.9
2024-08-20T1800,1390A,113.7944,23.0128,东莞市,东城石井,,21,21,28,11,16,62,,92,92,20,26,4,4,0.6,0.6
2024-08-20T1800,1391A,113.7383,22.9658,东莞市,南城西平,,24,18,25,9,15,75,,87,87,9,18,3,2,0.7,0.7
2024-08-20T1800,3319A,113.7338,23.0381,东莞市,万江金泰,,25,13,27,9,17,80,,98,98,10,23,4,5,0.8,0.8
2024-08-20T1800,3626A,113.7533,23.0202,东莞市,南城元岭,,22,12,27,8,19,69,,88,88,11,22,5,6,0.8,0.8
2024-08-20T1800,3627A,113.7875,23.0457,东莞市,东城主山,,20,20,27,13,16,62,,89,89,16,22,7,7,0.6,0.6
2024-08-20T1800,1666A,118.6614,37.4309,东营市,市环保局,,39,14,11,12,7,124,,117,117,9,12,4,4,0.3,0.3
2024-08-20T1800,3036A,118.6904,37.4338,东营市,开发区管委会,,39,22,19,9,7,122,,116,116,6,10,3,4,0.5,0.4
2024-08-20T1800,3365A,118.5719,37.565,东营市,垦利区民丰路,,36,19,13,7,9,114,,105,105,7,9,7,7,0.4,0.3
2024-08-20T1800,3498A,118.5055,37.8612,东营市,河口城区,,35,14,13,10,8,112,,111,111,4,5,5,5,0.7,0.7
2024-08-20T1800,3646A,118.4978,37.4623,东营市,胜利站,,41,41,18,12,8,118,,117,117,17,15,6,6,0.5,0.5
2024-08-20T1800,3734A,118.35,37.26,东营市,理想之城,,37,19,13,12,11,116,,112,112,9,12,5,4,0.6,0.5
2024-08-20T1800,1591A,110.0023,39.8129,鄂尔多斯市,综合楼,,43,36,54,14,15,137,,130,130,22,35,10,18,0.6,0.6
2024-08-20T1800,1592A,109.9486,39.8261,鄂尔多斯市,巴音孟克林场办事处,,42,36,46,22,17,132,,119,119,16,35,8,10,0.6,0.5
2024-08-20T1800,1593A,109.7736,39.5986,鄂尔多斯市,康泽苑,,47,27,30,9,8,148,,130,130,8,18,6,6,0.4,0.5
2024-08-20T1800,1594A,109.8119,39.5989,鄂尔多斯市,华泰汽车城,,48,27,31,17,15,152,,131,131,7,26,3,3,0.6,0.6
2024-08-20T1800,1595A,109.9734,39.7884,鄂尔多斯市,奥林花园,,42,34,45,22,17,133,,111,111,17,31,6,8,0.6,0.6
2024-08-20T1800,2436A,114.8938,30.3994,鄂州市,市政府,,,13,36,8,12,121,,119,119,3,9,,6,0.7,0.6
2024-08-20T1800,2437A,114.8989,30.3714,鄂州市,赵家坝,,42,14,35,9,15,132,,129,129,7,14,8,10,0.2,0.4
2024-08-20T1800,3654A,114.8094,30.4089,鄂州市,精准医疗中心,,39,18,28,6,12,123,,125,124,7,8,5,6,0.5,0.5
2024-08-20T1800,2454A,109.4978,30.2981,恩施土家族苗族自治州,湖北民院,,36,,21,18,17,114,,127,127,14,19,8,8,0.6,0.7
2024-08-20T1800,2455A,109.4707,30.2798,恩施土家族苗族自治州,州电力总公司,,34,,24,19,15,106,,120,120,11,21,7,6,0.6,0.6
2024-08-20T1800,3549A,109.5061,30.3772,恩施土家族苗族自治州,龙凤新区,,,12,15,,12,125,,122,122,11,8,7,7,0.5,0.6
2024-08-20T1800,2499A,108.3411,21.6158,防城港市,沙万,,20,20,18,11,11,60,,64,64,8,11,8,9,0.6,0.6
2024-08-20T1800,2500A,108.3514,21.7731,防城港市,防城档案局,,20,12,20,9,12,64,,70,70,6,7,7,7,0.6,0.7
2024-08-20T1800,2501A,108.3506,21.6414,防城港市,大海花园,,24,24,16,3,8,60,,65,65,8,9,6,7,0.5,0.6
2024-08-20T1800,1371A,113.1294,23.0067,佛山市,湾梁,,32,,22,22,20,70,,93,93,16,23,6,7,0.8,0.8
2024-08-20T1800,1372A,113.1083,23.0478,佛山市,华材职中,,26,19,28,18,16,63,,94,94,22,24,6,6,0.4,0.5
2024-08-20T1800,1373A,113.144,23.0453,佛山市,南海气象局,,28,22,29,19,18,70,,92,92,9,16,5,6,0.5,0.6
2024-08-20T1800,1374A,113.2881,22.8094,佛山市,顺德苏岗,,18,15,23,12,13,47,,80,80,19,22,6,7,0.6,0.7
2024-08-20T1800,1376A,112.8383,22.8678,佛山市,高明孔堂,,21,13,26,13,15,66,,71,71,4,9,6,7,0.5,0.6
2024-08-20T1800,1377A,112.8836,23.1588,佛山市,三水监测站,,26,,28,18,17,68,,88,88,16,24,5,5,0.5,0.6
2024-08-20T1800,1378A,112.867,23.185,佛山市,三水云东海,,25,22,30,17,23,79,,90,90,16,24,8,10,0.6,0.6
2024-08-20T1800,3625A,113.2544,22.7642,佛山市,容桂街道办,,20,19,23,14,16,39,,68,68,25,27,5,5,0.8,0.8
2024-08-20T1800,1280A,119.3903,26.0543,福州市,鼓山,,,,,,,,,,,,,,,,
2024-08-20T1800,1282A,119.2681,26.0504,福州市,师大,,13,11,13,3,4,40,,49,48,16,10,4,4,0.4,0.3
2024-08-20T1800,1283A,119.2984,26.1028,福州市,五四北路,,,,,5,5,46,,55,54,16,8,3,3,0.3,0.3
2024-08-20T1800,1284A,119.2648,26.0768,福州市,杨桥西路,,15,14,14,3,1,45,,54,54,16,10,3,3,0.4,0.3
2024-08-20T1800,1285A,119.317,26.0746,福州市,紫阳,,12,10,12,3,3,38,,46,45,17,12,5,5,0.4,0.3
2024-08-20T1800,3048A,119.5799,26.0936,福州市,九龙,,16,6,12,3,2,49,,53,53,4,3,5,5,0.2,0.2
2024-08-20T1800,3526A,119.5189,25.9664,福州市,吴航,,15,9,10,3,4,47,,51,50,4,3,4,5,0.4,0.5
2024-08-20T1800,1755A,123.7977,41.8491,抚顺市,望花区,,50,50,32,16,13,52,,60,60,28,16,7,6,0.6,0.5
2024-08-20T1800,1756A,123.9161,41.8822,抚顺市,顺城区,,20,20,22,14,13,52,,65,65,12,13,2,3,0.4,0.4
2024-08-20T1800,1757A,124.0436,41.8611,抚顺市,东洲区,,15,,19,9,11,47,,53,53,6,10,2,2,0.4,0.4
2024-08-20T1800,1758A,123.9247,41.8642,抚顺市,新抚区,,29,29,22,14,13,50,,59,59,16,17,5,6,0.4,0.5
2024-08-20T1800,1759A,124.0972,41.8961,抚顺市,大伙房水库,,17,13,18,11,11,53,,62,62,2,8,2,3,0.7,0.6
2024-08-20T1800,1760A,123.7086,41.8391,抚顺市,沈抚新城,,30,30,22,13,10,45,,66,66,39,20,6,6,0.2,0.2
2024-08-20T1800,2376A,116.2127,28.0814,抚州市,桐源党溪,,26,26,37,10,15,70,,88,87,6,8,7,7,0.7,0.7
2024-08-20T1800,2377A,116.3544,27.9831,抚州市,市站,,23,23,27,12,15,69,,76,76,5,7,3,6,0.5,0.5
2024-08-20T1800,2378A,116.3565,27.963,抚州市,血防站,,24,24,25,6,18,68,,77,76,4,6,2,7,0.6,0.5
2024-08-20T1800,2379A,116.3564,28.0007,抚州市,采茶剧团,,24,18,25,12,15,74,,75,75,3,8,4,6,0.6,0.6
2024-08-20T1800,2380A,116.385,27.9647,抚州市,医学分院,,26,26,28,15,12,64,,68,68,6,7,4,4,1.0,1
2024-08-20T1800,2207A,121.6094,41.998,阜新市,工业园区,,20,19,24,14,13,43,,40,40,24,17,5,13,0.8,0.7
2024-08-20T1800,2208A,121.6697,42.0279,阜新市,长青街,,23,18,23,16,12,52,,35,35,13,15,4,11,0.7,0.6
2024-08-20T1800,2209A,121.6673,42.0705,阜新市,农业园区,,20,7,19,7,8,61,,44,44,12,11,3,5,0.6,0.6
2024-08-20T1800,2210A,121.6717,42.0224,阜新市,东苑,,23,22,23,16,17,58,,44,44,13,13,6,23,0.7,0.5
2024-08-20T1800,2211A,121.6506,42.0498,阜新市,玉龙新城,,18,,21,10,10,57,,40,40,13,12,4,8,0.4,0.4
2024-08-20T1800,2301A,115.8277,32.8929,阜阳市,市监测站,,38,20,24,14,10,119,,120,120,7,7,6,6,0.4,0.5
2024-08-20T1800,2303A,115.8554,32.8605,阜阳市,开发区,,38,31,21,14,17,120,,125,125,9,9,5,5,0.4,0.4
2024-08-20T1800,2875A,115.784,32.8892,阜阳市,阜阳职业技术学院,,39,23,15,14,13,124,,120,120,5,7,5,5,0.3,0.4
2024-08-20T1800,3468A,115.7901,32.8613,阜阳市,市规划展馆,,40,16,25,13,20,126,,122,122,8,9,6,6,0.5,0.5
2024-08-20T1800,3469A,115.836,32.9183,阜阳市,枣园社区,,36,27,29,18,22,114,,111,111,8,11,5,5,0.4,0.5
2024-08-20T1800,2669A,102.9099,34.9841,甘南藏族自治州,州政府,,43,,38,14,20,137,,132,132,1,18,9,9,0.4,0.4
2024-08-20T1800,3380A,102.8914,34.9617,甘南藏族自治州,甘肃民族师范学院,,,,,,,,,,,,,,,,
2024-08-20T1800,2570A,101.9603,30.0475,甘孜藏族自治州,水桥子,,32,20,20,16,10,102,,91,91,15,17,4,4,0.4,0.3
2024-08-20T1800,3065A,101.9533,29.9972,甘孜藏族自治州,州环保局,,35,20,20,3,7,111,,96,96,11,16,2,2,0.2,0.2
2024-08-20T1800,3414A,115.8347,28.932,赣江新区,桑海产业园,,44,17,15,13,11,140,,121,121,8,17,9,9,0.1,0.2
2024-08-20T1800,2362A,114.9017,25.9149,赣州市,通天岩,,,,,,,,,,,,,,,,
2024-08-20T1800,2363A,114.9367,25.8664,赣州市,地委,,33,33,22,15,13,60,,76,76,16,12,6,10,1.1,1
2024-08-20T1800,2364A,114.9461,25.8481,赣州市,气象台,,30,30,23,14,13,60,,79,79,8,11,9,12,0.7,0.7
2024-08-20T1800,2365A,114.9322,25.8333,赣州市,市图书馆,,28,28,21,14,10,58,,84,84,13,8,3,3,0.9,0.8
2024-08-20T1800,2366A,114.8905,25.8471,赣州市,华坚鞋城,,32,27,25,22,15,54,,73,73,9,9,2,9,0.4,0.4
2024-08-20T1800,3109A,115.0093,25.8613,赣州市,赣县区卫计委,,20,,17,13,9,62,,79,79,10,12,6,6,0.6,0.6
2024-08-20T1800,2683A,106.2319,36.1417,固原市,马园,,46,40,41,6,10,147,,126,126,10,29,8,7,0.5,0.7
2024-08-20T1800,2684A,106.2792,36.0022,固原市,监测站,,47,29,27,7,10,150,,129,129,7,18,7,5,0.4,0.4
2024-08-20T1800,2685A,106.2375,36.0211,固原市,新区,,46,38,37,7,13,147,,124,124,5,33,9,8,0.3,0.3
2024-08-20T1800,3522A,106.2177,35.9959,固原市,原州区十五小,,47,21,30,7,10,150,,128,128,5,17,11,8,0.5,0.4
2024-08-20T1800,2543A,106.6308,30.5278,广安市,小平旧居,,,,,,,,,,,,,,,,
2024-08-20T1800,2544A,106.6303,30.4576,广安市,市委,臭氧1小时,84,27,41,23,29,187,,169,169,8,14,9,7,0.4,0.5
2024-08-20T1800,2545A,106.6271,30.4663,广安市,友谊中学,臭氧1小时,84,35,37,23,27,187,,169,169,9,14,6,6,0.4,0.5
2024-08-20T1800,2547A,106.6388,30.4551,广安市,广电花园,臭氧1小时,70,26,43,19,28,176,,165,165,14,15,10,9,0.5,0.6
2024-08-20T1800,2902A,106.6351,30.4865,广安市,北辰小学,臭氧1小时,78,39,50,19,27,182,,172,172,8,12,8,8,0.3,0.4
2024-08-20T1800,2523A,105.8945,32.4535,广元市,黑石坡,,40,14,19,10,12,128,,126,126,6,8,5,7,0.3,0.4
2024-08-20T1800,2524A,105.821,32.4444,广元市,老城,,43,14,31,3,14,136,,136,136,7,27,2,2,0.5,0.6
2024-08-20T1800,2526A,105.8628,32.4287,广元市,监测站,,45,19,27,8,19,143,,136,136,6,11,1,3,0.5,0.6
2024-08-20T1800,3617A,105.8047,32.4166,广元市,经开区,,44,33,50,23,30,139,,135,135,7,22,4,5,0.5,0.7
2024-08-20T1800,1345A,113.2347,23.1423,广州市,广雅中学,,,,36,,21,78,,98,98,,34,4,6,0.5,0.7
2024-08-20T1800,1346A,113.2612,23.105,广州市,市五中,,33,30,32,23,24,73,,99,99,24,27,4,4,0.7,0.8
2024-08-20T1800,1348A,113.3478,23.0916,广州市,广东商学院,,38,35,35,26,23,64,,80,80,41,35,3,4,0.7,0.7
2024-08-20T1800,1349A,113.4332,23.1047,广州市,市八十六中,,25,22,30,14,19,56,,85,85,49,37,3,3,0.6,0.7
2024-08-20T1800,1350A,113.3505,22.9483,广州市,番禺中学,,20,19,30,13,19,63,,114,114,17,27,4,4,0.5,0.6
2024-08-20T1800,1351A,113.2146,23.3916,广州市,花都师范,,,,32,,18,,,14,,,35,,6,,0.7
2024-08-20T1800,1352A,113.2597,23.1331,广州市,市监测站,,32,32,32,21,21,78,,96,96,26,28,4,5,0.5,0.8
2024-08-20T1800,1353A,113.5618,23.312,广州市,九龙镇镇龙,,32,31,32,22,22,88,,75,75,34,30,6,6,0.8,0.8
2024-08-20T1800,1354A,113.2765,23.1544,广州市,麓湖,,39,39,31,24,21,83,,86,86,28,25,4,5,0.8,0.7
2024-08-20T1800,1355A,113.443,23.3035,广州市,帽峰山森林公园,,35,35,25,20,15,112,,95,95,22,18,3,4,0.5,0.5
2024-08-20T1800,2846A,113.3221,23.1322,广州市,体育西,,42,42,35,28,24,84,,93,93,30,23,4,5,0.8,0.8
2024-08-20T1800,3298A,113.5717,23.5491,广州市,从化街口,,38,38,37,25,23,100,,78,78,17,23,6,7,0.8,0.8
2024-08-20T1800,3299A,113.3472,23.3692,广州市,白云竹料,,43,43,36,28,23,104,,96,96,25,29,4,5,0.8,0.7
2024-08-20T1800,3300A,113.2981,23.237,广州市,白云嘉禾,,43,42,35,30,22,100,,101,101,36,36,4,4,1.0,1
2024-08-20T1800,3301A,113.4256,23.1716,广州市,黄埔科学城,,39,38,33,27,20,80,,83,83,44,32,8,6,0.8,0.7
2024-08-20T1800,3302A,113.3942,23.0483,广州市,番禺大学城,,28,28,30,18,19,71,,96,96,20,26,7,7,0.4,0.6
2024-08-20T1800,3303A,113.4922,22.8168,广州市,南沙黄阁,,20,20,31,10,17,57,,108,98,18,26,4,4,0.7,0.8
2024-08-20T1800,3304A,113.5342,22.7896,广州市,南沙街,,28,28,27,9,14,59,,94,94,12,19,6,5,0.7,0.7
2024-08-20T1800,3443A,113.2902,23.5544,广州市,花都梯面,,45,45,40,27,24,103,,87,87,20,26,5,5,0.8,0.8
2024-08-20T1800,3445A,113.7858,23.7478,广州市,从化良口,,29,27,24,20,15,68,,54,54,7,12,6,5,0.8,0.9
2024-08-20T1800,3446A,113.8051,23.2614,广州市,增城荔城,,26,18,30,10,19,82,,22,,18,28,6,7,0.4,0.6
2024-08-20T1800,2505A,109.568,23.1478,贵港市,德智高中,,,,,,,,,,,,,,,,
2024-08-20T1800,2506A,109.6047,23.0666,贵港市,江南子站,,22,14,30,12,15,69,,96,96,17,14,7,7,0.7,0.7
2024-08-20T1800,2507A,109.6014,23.0948,贵港市,贵城子站,,22,14,33,13,18,69,,93,93,16,13,6,7,0.6,0.6
2024-08-20T1800,2508A,109.5669,23.1065,贵港市,荷城子站,,,12,25,3,7,63,,94,87,,10,9,9,0.6,0.5
2024-08-20T1800,3405A,109.5886,23.1172,贵港市,新世纪学校,,22,22,34,8,14,63,,89,89,17,12,8,9,0.6,0.6
2024-08-20T1800,1439A,106.6899,26.5998,贵阳市,马鞍山,,37,9,27,3,13,116,,114,114,4,12,6,6,0.2,0.5
2024-08-20T1800,1440A,106.6971,26.5694,贵阳市,市环保站,,44,29,42,16,32,139,,130,130,29,26,3,6,0.3,0.4
2024-08-20T1800,1441A,106.6243,26.6266,贵阳市,鉴湖路,,47,17,33,7,18,148,,134,134,7,11,3,8,0.4,0.5
2024-08-20T1800,1442A,106.7487,26.6343,贵阳市,燕子冲,,44,,24,17,22,138,,134,134,6,14,6,7,0.4,0.6
2024-08-20T1800,1443A,106.6555,26.4365,贵阳市,碧云窝,,47,31,34,9,17,148,,129,129,5,10,4,6,0.4,0.5
2024-08-20T1800,1444A,106.694,26.5161,贵阳市,中院村,,46,24,43,12,26,147,,130,130,12,23,6,10,0.5,0.6
2024-08-20T1800,1445A,106.7109,26.6027,贵阳市,红边门,,45,19,38,19,29,144,,139,139,12,22,4,4,0.3,0.5
2024-08-20T1800,1446A,106.7164,26.5699,贵阳市,新华路,,44,17,38,12,25,140,,129,129,6,21,3,7,0.4,0.6
2024-08-20T1800,1447A,106.674,26.5424,贵阳市,太慈桥,,45,39,25,12,18,144,,135,135,19,15,4,8,0.3,0.4
2024-08-20T1800,1552A,106.805,26.3003,贵阳市,桐木岭,,,,,,,,,,,,,,,,
2024-08-20T1800,1862A,110.4144,25.3167,桂林市,电子科大尧山校区,,37,14,31,13,16,117,,101,101,5,6,5,8,0.5,0.5
2024-08-20T1800,1863A,110.2819,25.2697,桂林市,监测站,,25,25,25,15,20,74,,78,78,6,11,6,10,0.6,0.6
2024-08-20T1800,1864A,110.3089,25.2708,桂林市,龙隐路小学,,27,18,27,15,22,84,,93,93,5,9,5,9,0.4,0.5
2024-08-20T1800,1865A,110.2869,25.2178,桂林市,八中,,25,24,22,10,15,79,,82,82,5,8,6,8,0.4,0.5
2024-08-20T1800,3403A,110.1764,25.2381,桂林市,创业大厦,,27,17,17,17,14,86,,81,81,8,10,6,11,0.4,0.3
2024-08-20T1800,3531A,110.296,25.1253,桂林市,旅游学院,,29,6,9,3,9,92,,87,87,4,10,6,6,0.4,0.4
2024-08-20T1800,2674A,100.2561,34.4714,果洛藏族自治州,玛沁县大武镇,,44,29,34,7,11,138,,123,123,1,6,10,10,0.3,0.4
2024-08-20T1800,1129A,126.5422,45.755,哈尔滨市,岭北,,24,19,14,9,10,76,,74,74,9,10,10,8,0.7,0.5
2024-08-20T1800,1130A,126.561,45.8167,哈尔滨市,松北商大,,24,24,14,8,4,61,,60,60,8,8,7,7,0.5,0.5
2024-08-20T1800,1131A,126.979,45.5419,哈尔滨市,阿城会宁,,18,18,16,8,6,49,,38,38,8,9,6,4,0.6,0.6
2024-08-20T1800,1132A,126.599,45.7222,哈尔滨市,南岗学府路,,32,32,22,10,5,59,,61,61,11,7,7,7,0.5,0.4
2024-08-20T1800,1133A,126.689,45.7733,哈尔滨市,太平宏伟公园,,24,24,19,10,6,53,,52,52,15,14,6,5,0.4,0.4
2024-08-20T1800,1134A,126.635,45.7667,哈尔滨市,道外承德广场,,40,40,23,20,4,52,,52,52,19,15,11,11,0.3,0.6
2024-08-20T1800,1135A,126.685,45.7319,哈尔滨市,香坊红旗大街,,27,27,18,10,8,55,,56,56,21,16,10,10,0.8,0.8
2024-08-20T1800,1136A,126.6411,45.7258,哈尔滨市,动力和平路,,39,37,18,27,9,58,,58,58,14,11,6,5,0.5,0.5
2024-08-20T1800,1137A,126.593,45.7478,哈尔滨市,道里建国路,,27,27,19,15,6,57,,59,59,15,11,9,9,0.5,0.4
2024-08-20T1800,1138A,126.615,45.61,哈尔滨市,平房东轻厂,,33,33,19,16,8,64,,61,61,15,14,6,5,0.2,0.3
2024-08-20T1800,1139A,126.595,45.9855,哈尔滨市,呼兰师专,,27,27,18,15,5,53,,58,58,16,14,9,10,0.6,0.5
2024-08-20T1800,1140A,126.6206,45.6842,哈尔滨市,省农科院,,31,31,14,20,8,55,,58,57,15,10,7,8,0.5,0.5
2024-08-20T1800,2688A,93.5128,42.8172,哈密市,地区监测站,颗粒物(PM10),61,72,91,22,25,94,,94,94,17,9,5,6,0.3,0.3
2024-08-20T1800,2689A,93.4961,42.8328,哈密市,哈密师范学校,,48,48,77,18,20,68,,86,86,18,7,4,6,0.8,0.6
2024-08-20T1800,2671A,100.9048,36.9639,海北藏族自治州,海晏县西海镇,,44,,22,7,17,139,,136,136,4,8,13,14,0.4,0.4
2024-08-20T1800,3867A,102.0738,36.5056,海东市,平安区公安北苑,颗粒物(PM10),56,62,38,13,17,158,,153,153,28,12,9,11,0.4,0.5
2024-08-20T1800,1409A,110.576,19.9507,海口市,东寨港,,,,,,,,,,,,,,,,
2024-08-20T1800,1410A,110.3232,20.0574,海口市,海南大学,,19,19,23,8,12,38,,64,64,17,14,6,5,0.4,0.4
2024-08-20T1800,1411A,110.283,20.0053,海口市,秀英海南医院,,,,26,,13,,,36,,,15,,7,,0.3
2024-08-20T1800,1412A,110.338,19.9969,海口市,海南师范大学,,14,14,23,7,10,40,,58,58,12,10,7,7,0.3,0.4
2024-08-20T1800,1413A,110.33,20.0356,海口市,龙华路环保局宿舍,,20,18,24,14,13,39,,58,57,15,12,8,8,0.3,0.3
2024-08-20T1800,3539A,110.5111,19.9736,海口市,桂林洋子站,,15,11,22,8,10,46,,53,53,7,10,6,6,0.2,0.3
2024-08-20T1800,2673A,100.6188,36.2866,海南藏族自治州,共和县恰卜恰镇,,49,10,34,8,14,154,,144,144,5,11,14,17,0.8,0.6
2024-08-20T1800,2676A,97.3731,37.3753,海西蒙古族藏族自治州,德令哈市,,41,19,24,16,12,131,,124,124,8,11,8,9,0.4,0.4
2024-08-20T1800,1048A,114.5302,36.6116,邯郸市,东污水处理厂,,41,41,27,9,10,121,,135,135,2,6,2,3,0.5,0.8
2024-08-20T1800,1049A,114.4918,36.5713,邯郸市,矿院,颗粒物(PM10),57,63,27,12,12,127,,137,137,9,12,1,3,0.4,0.7
2024-08-20T1800,1050A,114.484,36.6133,邯郸市,丛台公园,,35,24,22,15,13,110,,131,131,8,8,4,6,0.4,0.7
2024-08-20T1800,3458A,114.7895,36.5593,邯郸市,香泉濮院小区,,44,10,26,3,7,138,,129,129,4,13,1,2,0.1,0.5
2024-08-20T1800,3579A,114.50634,36.77178,邯郸市,永年区实验高中,,49,49,28,9,16,136,,137,137,3,8,2,3,0.4,0.7
2024-08-20T1800,3580A,114.20016,36.44293,邯郸市,峰峰矿区临水派出所,,43,32,30,9,10,135,,136,136,9,11,3,9,0.7,1.3
2024-08-20T1800,2634A,106.9893,33.1842,汉中市,汉川机床厂子校,,48,29,24,17,14,153,,126,126,5,7,4,4,0.7,0.6
2024-08-20T1800,2635A,107.0154,33.0706,汉中市,市监测站,,45,34,27,15,17,144,,130,130,4,6,7,7,0.6,0.6
2024-08-20T1800,2636A,107.0089,33.1138,汉中市,鑫源开发区,,48,32,25,18,15,153,,133,133,4,7,9,9,0.4,0.5
2024-08-20T1800,2637A,107.007,33.0323,汉中市,南郑大河坎水厂,,43,22,29,18,18,137,,126,126,4,7,9,8,0.5,0.6
2024-08-20T1800,1223A,120.2072,30.2111,杭州市,滨江,,27,21,22,12,11,86,,118,118,14,11,4,5,0.6,0.5
2024-08-20T1800,1224A,120.0633,30.2747,杭州市,西溪,,26,26,22,18,14,71,,114,112,13,15,5,5,0.6,0.6
2024-08-20T1800,1226A,120.3461,30.3153,杭州市,下沙,,35,35,25,18,9,106,,138,138,15,18,6,6,0.6,0.6
2024-08-20T1800,1227A,120.1269,30.2456,杭州市,卧龙桥,,26,19,19,16,13,83,,130,128,11,16,5,5,0.6,0.6
2024-08-20T1800,1228A,120.1903,30.2692,杭州市,浙江农大,,23,21,18,11,12,73,,110,108,19,21,7,8,0.6,0.5
2024-08-20T1800,1230A,120.1197,30.3119,杭州市,和睦小学,,28,28,21,17,14,82,,130,128,13,14,5,6,0.5,0.5
2024-08-20T1800,1231A,120.3019,30.4183,杭州市,临平镇,,30,25,27,16,9,94,,142,142,13,14,4,5,0.7,0.6
2024-08-20T1800,1232A,120.2697,30.1819,杭州市,城厢镇,,35,31,24,15,14,112,,141,141,13,11,6,5,0.6,0.6
2024-08-20T1800,1233A,120.0883,30.1808,杭州市,云栖,,26,18,14,14,8,82,,130,128,12,18,8,8,0.6,0.6
2024-08-20T1800,3557A,119.9464,30.0494,杭州市,镇二中,,25,21,22,16,16,79,,100,100,13,19,7,8,0.7,0.7
2024-08-20T1800,3558A,119.7183,30.2367,杭州市,市府大楼,,28,15,17,12,13,89,,98,98,9,13,5,5,0.6,0.5
2024-08-20T1800,3656A,120.1556,30.2864,杭州市,消防大队,,28,28,23,16,12,87,,124,123,7,13,7,7,0.7,0.7
2024-08-20T1800,1270A,117.1959,31.7848,合肥市,明珠广场,,38,24,18,9,14,121,,123,123,11,12,6,6,0.4,0.4
2024-08-20T1800,1271A,117.3072,31.8764,合肥市,三里街,,40,17,16,12,13,125,,120,120,8,10,4,4,0.5,0.4
2024-08-20T1800,1272A,117.2588,31.8707,合肥市,琥珀山庄,,41,22,20,15,17,130,,125,125,4,7,5,5,0.4,0.4
2024-08-20T1800,1273A,117.1604,31.9052,合肥市,董铺水库,,,17,14,9,12,113,,108,108,,5,3,2,0.4,0.3
2024-08-20T1800,1274A,117.25,31.8571,合肥市,长江中路,,39,,19,20,16,124,,123,123,5,6,7,6,0.7,0.7
2024-08-20T1800,1275A,117.266,31.9436,合肥市,庐阳区,,44,17,15,14,11,138,,132,132,4,8,3,3,0.4,0.4
2024-08-20T1800,1276A,117.336,31.8586,合肥市,瑶海区,,38,29,20,12,13,121,,122,122,18,16,7,6,0.6,0.5
2024-08-20T1800,1277A,117.3027,31.7964,合肥市,包河区,,39,22,19,19,15,122,,122,122,12,16,6,6,0.4,0.4
2024-08-20T1800,1278A,117.2776,31.7385,合肥市,滨湖新区,,44,17,15,12,13,138,,122,122,7,12,7,7,0.5,0.5
2024-08-20T1800,1279A,117.1318,31.8403,合肥市,高新区,,38,24,15,11,12,119,,116,116,4,7,9,8,0.6,0.5
2024-08-20T1800,3464A,117.3803,31.9147,合肥市,高教基地,,34,21,17,16,14,108,,118,118,5,7,9,8,0.4,0.3
2024-08-20T1800,3614A,79.924,37.0877,和田地区,地区环保局,,,138,640,50,200,97,,99,99,,2,7,6,0.4,0.5
2024-08-20T1800,3615A,79.9131,37.113,和田地区,市环保局,颗粒物(PM10),93,135,619,41,171,92,,92,90,2,5,7,7,0.6,0.5
2024-08-20T1800,2516A,108.2011,24.715,河池市,东仁乐园,,31,31,32,13,21,65,,82,82,7,8,4,5,0.7,0.8
2024-08-20T1800,2517A,108.0497,24.6947,河池市,市环保站,,30,25,23,21,16,83,,94,93,6,8,9,10,0.6,0.7
2024-08-20T1800,2518A,108.0983,24.6989,河池市,市疾控中心,,26,22,25,17,17,81,,95,95,10,11,22,11,0.5,0.5
2024-08-20T1800,1696A,114.6778,23.7569,河源市,源西,细颗粒物(PM2.5),52,,22,36,27,86,,62,62,11,16,4,4,0.6,0.6
2024-08-20T1800,1697A,114.6944,23.7586,河源市,东埔,,25,16,20,13,16,80,,65,65,15,18,2,2,0.7,0.7
2024-08-20T1800,1698A,114.6892,23.7233,河源市,老城,,27,24,28,13,15,86,,72,72,12,14,4,4,0.6,0.6
2024-08-20T1800,1718A,115.4208,35.2464,菏泽市,气象局,,45,38,31,17,15,142,,135,135,3,10,4,3,0.5,0.4
2024-08-20T1800,1719A,115.4747,35.2375,菏泽市,市政协,,42,25,26,20,16,133,,129,129,2,5,3,4,0.2,0.2
2024-08-20T1800,3374A,115.5564,35.0891,菏泽市,定陶老年大学,,45,24,22,12,7,141,,131,131,5,11,5,6,0.3,0.3
2024-08-20T1800,3647A,115.4702,35.2706,菏泽市,菏泽医专,,44,27,26,11,13,140,,134,134,3,8,5,4,0.5,0.6
2024-08-20T1800,2514A,111.5264,24.4172,贺州市,环保小区,,23,17,28,8,13,73,,67,67,9,13,6,8,0.6,0.6
2024-08-20T1800,2515A,111.5608,24.4078,贺州市,政协大楼,,24,22,28,11,15,75,,75,75,8,14,5,8,0.6,0.6
2024-08-20T1800,3534A,111.4744,24.4553,贺州市,西湾,,23,20,24,7,14,71,,60,60,9,14,7,8,0.6,0.6
2024-08-20T1800,2385A,114.17,35.9019,鹤壁市,市监测站,,49,33,26,26,15,154,,160,160,9,4,8,9,0.5,0.6
2024-08-20T1800,2386A,114.2956,35.7511,鹤壁市,市交警支队,,49,38,27,34,21,148,,152,152,10,11,4,4,0.7,0.7
2024-08-20T1800,2387A,114.2878,35.7306,鹤壁市,迎宾馆,,49,,17,29,13,156,,156,156,10,12,4,5,0.9,0.8
2024-08-20T1800,3474A,114.2617,35.6822,鹤壁市,大新区,,,38,23,,4,127,,148,148,7,9,3,3,0.6,0.5
2024-08-20T1800,3596A,114.1572,35.9603,鹤壁市,南山宾馆,,47,,11,20,9,150,,152,152,4,3,3,3,0.3,0.4
2024-08-20T1800,2244A,130.2537,47.3416,鹤岗市,哈啤分公司,,26,26,22,12,11,60,,67,67,6,3,12,12,0.3,0.3
2024-08-20T1800,2245A,130.2684,47.3086,鹤岗市,斯达机电,,23,20,21,16,11,64,,66,66,7,8,12,12,0.1,0.1
2024-08-20T1800,2246A,130.3114,47.3388,鹤岗市,东山纸板厂,,39,39,19,22,21,46,,68,66,18,10,15,15,0.4,0.5
2024-08-20T1800,2247A,130.1097,47.3382,鹤岗市,五号水库,,23,23,8,7,6,50,,87,86,7,5,10,10,0.1,0.5
2024-08-20T1800,2263A,127.4833,50.2524,黑河市,交通局,,42,42,38,23,21,96,,89,89,13,9,8,6,0.4,0.3
2024-08-20T1800,2264A,127.5144,50.2341,黑河市,环保局,,38,38,38,17,22,102,,94,94,8,10,6,6,0.3,0.3
2024-08-20T1800,2265A,127.5291,50.2472,黑河市,大黑河岛,,,32,35,22,24,,,,,8,10,1,2,,
2024-08-20T1800,1074A,115.6838,37.7541,衡水市,电机北厂,,,,20,25,18,138,,133,133,5,8,3,3,0.5,0.4
2024-08-20T1800,1075A,115.6303,37.7316,衡水市,市监测站,,,30,29,11,13,147,,140,140,8,11,,3,0.5,0.4
2024-08-20T1800,3188A,115.6683,37.7217,衡水市,市城管局,,47,34,24,20,14,149,,142,142,2,7,2,2,0.7,0.6
2024-08-20T1800,3459A,115.5989,37.5491,衡水市,地表水厂,,41,37,30,13,11,129,,135,135,6,4,9,7,0.4,0.4
2024-08-20T1800,2456A,112.5003,26.9167,衡阳市,原169医院,,40,27,40,24,20,128,,128,128,4,14,7,10,0.4,0.4
2024-08-20T1800,2457A,112.6194,26.9258,衡阳市,衡阳化工总厂,,,35,46,,,119,,119,119,2,11,9,17,0.6,0.7
2024-08-20T1800,2458A,112.6211,26.8956,衡阳市,珠晖区环保局,,,35,42,,,115,,120,120,10,14,8,11,0.8,0.8
2024-08-20T1800,2459A,112.6197,26.8733,衡阳市,市委党校,,44,29,45,26,23,139,,129,129,6,13,8,11,0.7,0.8
2024-08-20T1800,2460A,112.6006,26.8919,衡阳市,市监测站,,43,34,38,28,28,136,,136,136,8,11,9,11,0.8,0.8
2024-08-20T1800,2461A,112.5664,26.9056,衡阳市,真空机电公司,,43,43,43,26,22,129,,131,131,11,12,10,10,0.9,0.9
2024-08-20T1800,3399A,112.6703,26.882,衡阳市,师范学院,,42,42,42,14,19,127,,123,123,8,10,7,12,0.6,0.7
2024-08-20T1800,2608A,103.3772,23.3993,红河哈尼族彝族自治州,污水处理厂,,26,26,28,18,24,74,,90,90,8,13,6,11,0.4,0.4
2024-08-20T1800,2609A,103.3861,23.35,红河哈尼族彝族自治州,监测站,,25,25,32,17,24,65,,94,94,8,14,8,44,0.4,0.5
2024-08-20T1800,3038A,103.3758,23.368,红河哈尼族彝族自治州,州图书馆,,20,14,33,13,17,64,,90,86,10,11,6,25,0.3,0.4
2024-08-20T1800,1090A,111.6507,40.7517,呼和浩特市,呼市一监,,36,12,18,8,10,114,,121,121,12,15,8,8,0.5,0.5
2024-08-20T1800,1091A,111.6572,40.8033,呼和浩特市,小召,,34,9,14,8,9,108,,119,119,18,23,5,5,0.5,0.5
2024-08-20T1800,1094A,111.7516,40.8369,呼和浩特市,如意水处理厂,,36,14,18,10,11,113,,119,119,10,20,6,6,0.5,0.4
2024-08-20T1800,1095A,111.7276,40.8062,呼和浩特市,二十九中,,35,20,20,11,11,109,,121,121,17,28,4,4,0.6,0.6
2024-08-20T1800,1096A,111.5512,40.7866,呼和浩特市,工大金川校区,,28,28,25,14,10,75,,118,115,30,28,5,7,0.5,0.4
2024-08-20T1800,1097A,111.717,40.7612,呼和浩特市,化肥厂生活区,,37,19,23,7,8,116,,128,128,13,14,7,8,0.5,0.6
2024-08-20T1800,3698A,111.5968,40.8178,呼和浩特市,红旗小学,,28,19,20,15,8,89,,123,120,43,24,4,4,0.5,0.3
2024-08-20T1800,3699A,111.6518,40.8389,呼和浩特市,海东办,,32,27,22,13,11,100,,123,122,28,33,4,4,0.7,0.7
2024-08-20T1800,2192A,119.7594,49.2261,呼伦贝尔市,区环保局,,31,31,30,16,19,53,,66,65,17,11,5,6,0.4,0.3
2024-08-20T1800,3061A,119.7512,49.1577,呼伦贝尔市,国华电力东,,38,,25,26,14,62,,66,66,5,6,3,4,0.2,0.2
2024-08-20T1800,1250A,120.0751,30.8669,湖州市,城西水厂,,18,12,25,8,16,49,,87,84,36,26,3,4,0.5,0.5
2024-08-20T1800,2873A,120.0875,30.8955,湖州市,仁皇山新区,,19,,23,9,16,59,,102,100,29,21,6,6,0.7,0.6
2024-08-20T1800,2907A,120.1844,30.8596,湖州市,吴兴区站,,22,14,21,9,13,69,,109,108,23,12,7,7,0.5,0.4
2024-08-20T1800,3562A,120.4148,30.8538,湖州市,南浔区站,,25,15,21,9,13,78,,106,106,7,9,4,5,0.6,0.5
2024-08-20T1800,1607A,120.9092,40.7136,葫芦岛市,龙港区,,23,12,35,7,17,73,,66,66,5,19,7,11,0.2,0.6
2024-08-20T1800,1608A,120.8392,40.7514,葫芦岛市,化工街,,,0,20,,13,76,,71,71,8,19,3,4,0.4,0.9
2024-08-20T1800,1609A,120.8341,40.7073,葫芦岛市,新区,,21,6,20,3,11,67,,64,64,5,18,7,8,0.2,0.5
2024-08-20T1800,1610A,120.8695,40.7677,葫芦岛市,东城区,,24,6,23,3,15,75,,72,72,6,19,4,6,0.4,0.8
2024-08-20T1800,2482A,109.5981,27.5721,怀化市,林科所,,33,13,22,7,12,104,,102,102,10,14,5,9,0.2,0.3
2024-08-20T1800,2483A,109.9453,27.5444,怀化市,河西地税局,,35,21,29,15,19,111,,113,113,6,11,11,9,0.5,0.6
2024-08-20T1800,2484A,109.9781,27.5342,怀化市,市四医院,,34,18,34,8,20,106,,110,110,6,13,4,6,0.5,0.6
2024-08-20T1800,2485A,109.9972,27.5578,怀化市,监测楼,,35,15,33,11,18,112,,111,111,4,14,4,8,0.5,0.6
2024-08-20T1800,2486A,110.0394,27.583,怀化市,市委党校,,35,19,36,10,20,110,,106,106,4,16,10,14,0.5,0.6
2024-08-20T1800,1210A,119.036,33.5981,淮安市,钵池山,,25,,8,6,11,78,,72,72,12,16,6,6,0.5,0.5
2024-08-20T1800,1211A,119.007,33.575,淮安市,北京南路,,23,,8,3,11,71,,67,67,8,10,4,4,0.6,0.7
2024-08-20T1800,1212A,118.989,33.6067,淮安市,市监测站,,25,7,8,3,11,78,,72,72,9,12,5,5,0.5,0.8
2024-08-20T1800,1213A,119.135,33.5039,淮安市,楚州区监测站,,29,12,18,3,10,90,,68,68,13,15,5,4,0.7,0.6
2024-08-20T1800,1214A,119.0186,33.6297,淮安市,淮阴区监测站,,23,7,12,3,9,72,,69,69,10,16,3,3,0.4,0.5
2024-08-20T1800,3426A,118.8755,33.2894,淮安市,新华书店,,27,6,9,3,10,85,,76,76,12,14,28,8,0.5,0.6
2024-08-20T1800,2282A,116.8004,33.975,淮北市,监测站,,40,26,19,13,16,128,,126,126,4,5,5,5,0.6,0.5
2024-08-20T1800,2283A,116.8091,33.9007,淮北市,烈山区政府,,43,26,23,18,16,136,,139,139,1,4,5,6,0.5,0.5
2024-08-20T1800,3330A,116.8873,33.9836,淮北市,杜集区检察院,,43,26,26,17,22,137,,131,131,2,4,2,2,0.5,0.6
2024-08-20T1800,4017A,116.7923,33.9535,淮北市,市博物馆,,40,33,24,13,15,128,,127,127,7,8,4,4,0.6,0.7
2024-08-20T1800,2277A,116.8305,32.7727,淮南市,潘集区政府,,41,22,18,17,14,129,,124,124,7,8,5,4,0.6,0.5
2024-08-20T1800,2278A,117.0067,32.6524,淮南市,师范学院,,44,36,22,15,14,140,,131,131,5,5,7,8,0.5,0.5
2024-08-20T1800,2279A,116.8569,32.5951,淮南市,谢家集区政府,,45,,15,24,17,142,,134,134,11,11,9,7,0.5,0.4
2024-08-20T1800,2280A,116.8281,32.633,淮南市,八公山区政府,,44,27,25,18,17,138,,132,132,8,8,5,4,0.4,0.4
2024-08-20T1800,2281A,116.6325,32.6201,淮南市,焦岗湖风景区管理处,,30,28,12,3,4,96,,88,88,5,6,4,4,0.3,0.2
2024-08-20T1800,2894A,117.0566,32.6531,淮南市,经济技术开发区消防队,,42,21,14,10,7,133,,124,124,4,6,4,5,0.4,0.4
2024-08-20T1800,3329A,117.0108,32.5893,淮南市,山南新区,,45,34,18,17,10,144,,128,128,8,9,4,4,0.5,0.5
2024-08-20T1800,2446A,114.9028,30.4742,黄冈市,职工中心,,40,26,27,15,18,125,,120,120,7,9,7,7,0.4,0.4
2024-08-20T1800,2929A,114.8858,30.4519,黄冈市,红卫路,,40,16,23,14,21,128,,124,124,6,10,7,7,0.4,0.4
2024-08-20T1800,3398A,114.9136,30.4445,黄冈市,市林业局,,44,25,30,13,19,139,,131,131,3,5,8,7,0.4,0.4
2024-08-20T1800,2672A,102.0199,35.5102,黄南藏族自治州,同仁县隆务镇,,46,26,29,13,14,146,,133,133,8,3,12,11,0.5,0.4
2024-08-20T1800,2295A,118.2903,29.6963,黄山市,延安路89号,,30,30,30,3,8,67,,78,78,4,5,5,5,0.6,0.6
2024-08-20T1800,2296A,118.327,29.7178,黄山市,黄山东路89号,,22,14,21,3,6,69,,86,86,3,6,6,6,0.5,0.5
2024-08-20T1800,2297A,118.1371,30.2756,黄山市,黄山区政府5号楼,,31,20,19,16,12,99,,79,79,6,7,6,6,0.5,0.4
2024-08-20T1800,2423A,115.0601,30.2313,黄石市,沈家营,,43,30,55,13,18,135,,135,135,20,12,5,7,0.4,0.5
2024-08-20T1800,2424A,115.0817,30.2006,黄石市,陈家湾,,45,34,47,9,17,144,,127,127,9,12,4,8,0.4,0.5
2024-08-20T1800,2426A,114.8988,30.2019,黄石市,铁山,,48,30,42,9,18,151,,152,152,4,15,7,8,0.6,0.7
2024-08-20T1800,2427A,115.0307,30.2092,黄石市,团城山,,46,25,47,12,21,145,,137,137,11,14,12,14,0.5,0.7
2024-08-20T1800,3149A,115.0235,30.1578,黄石市,笔架山北路,,48,23,54,7,18,152,,141,141,8,16,7,10,0.4,0.7
2024-08-20T1800,1392A,114.4183,23.0528,惠州市,河南岸金山湖子站,,17,8,22,6,14,54,,51,51,9,16,4,4,0.6,0.7
2024-08-20T1800,1393A,114.4053,23.0822,惠州市,下埔横江三路子站,,16,7,26,6,16,51,,66,66,15,18,4,4,0.7,0.7
2024-08-20T1800,1394A,114.4103,23.1142,惠州市,江北云山西路子站,,15,7,25,3,11,48,,58,58,14,18,4,4,0.7,0.7
2024-08-20T1800,1395A,114.4645,22.7833,惠州市,惠阳区承修路船湖子站,,20,20,17,14,11,36,,38,38,21,21,4,4,0.7,0.6
2024-08-20T1800,1396A,114.5317,22.7422,惠州市,大亚湾管委会子站,,34,34,21,9,9,37,,48,48,24,23,5,6,0.6,0.5
2024-08-20T1800,3314A,114.4338,22.8134,惠州市,惠阳秋长,,19,14,15,13,10,20,,43,42,34,26,5,5,0.6,0.6
2024-08-20T1800,3452A,114.6517,22.775,惠州市,大亚湾霞涌,,28,,15,19,13,38,,43,43,16,14,3,3,0.6,0.5
2024-08-20T1800,2240A,130.9762,45.3001,鸡西市,环保局,,23,23,17,8,9,41,,41,41,9,5,4,5,0.5,0.5
2024-08-20T1800,2243A,130.9429,45.3039,鸡西市,第一中学,,39,39,23,12,8,42,,44,44,15,11,4,5,0.2,0.2
2024-08-20T1800,3707A,131.0207,45.3073,鸡西市,欧美日汽修厂,,12,6,13,3,9,36,,42,42,9,5,4,4,0.3,0.3
2024-08-20T1800,3709A,130.9967,45.3106,鸡西市,市政设施管理处,,18,18,18,9,7,43,,47,47,14,8,4,5,0.3,0.2
2024-08-20T1800,2367A,114.9754,27.0803,吉安市,红声器材厂,,36,36,35,22,20,92,,111,111,10,10,11,11,0.7,0.7
2024-08-20T1800,2368A,114.9658,27.0999,吉安市,市森林工业局,,36,36,36,22,21,111,,113,113,10,12,9,9,0.7,0.5
2024-08-20T1800,2369A,114.99,27.1312,吉安市,市环境监测站,,37,36,28,21,17,118,,111,111,9,9,10,11,0.8,0.6
2024-08-20T1800,2370A,115.0093,27.0968,吉安市,青原区法院,,43,43,33,21,20,125,,122,122,10,12,7,7,0.6,0.6
2024-08-20T1800,1772A,126.54,43.8622,吉林市,哈达湾,,19,19,23,11,14,28,,56,49,26,20,10,6,0.7,0.7
2024-08-20T1800,1773A,126.5844,43.8358,吉林市,东局子,,18,18,22,9,14,34,,53,45,15,20,4,4,0.6,0.7
2024-08-20T1800,1774A,126.5052,43.8245,吉林市,电力学院,,40,40,23,20,15,33,,49,47,27,16,7,5,0.7,0.7
2024-08-20T1800,1775A,126.6133,43.8972,吉林市,江北,,17,17,19,8,10,19,,46,43,13,8,7,7,0.7,0.7
2024-08-20T1800,1776A,126.555,43.8306,吉林市,江南公园,,25,24,22,17,17,28,,53,47,31,23,6,5,1.3,0.8
2024-08-20T1800,1778A,126.7061,43.7133,吉林市,丰满,,,,,,,,,,,,,,,,
2024-08-20T1800,2868A,126.4739,43.953,吉林市,九站,,17,17,22,8,11,31,,68,58,26,10,18,11,0.7,0.7
2024-08-20T1800,1299A,116.9862,36.6114,济南市,科干所,,43,,32,20,21,135,,132,132,18,22,5,5,0.7,0.7
2024-08-20T1800,1300A,116.9376,36.665,济南市,农科所,,39,20,30,12,21,124,,122,122,12,26,7,6,0.4,0.5
2024-08-20T1800,1301A,117.1265,36.6734,济南市,开发区,,43,29,27,15,12,136,,127,127,19,23,8,7,0.5,0.6
2024-08-20T1800,1303A,117.0624,36.6868,济南市,省种子仓库,,42,29,34,9,18,132,,126,126,15,24,5,6,0.5,0.5
2024-08-20T1800,1304A,116.9489,36.6447,济南市,机床二厂,,47,24,35,7,15,148,,145,145,10,24,7,7,0.5,0.6
2024-08-20T1800,1305A,117.0495,36.663,济南市,市监测站,,44,29,31,20,22,138,,132,132,14,22,9,9,0.5,0.6
2024-08-20T1800,1306A,116.7675,36.5484,济南市,长清党校,,37,,24,20,20,118,,108,108,6,16,10,9,0.7,0.7
2024-08-20T1800,1616A,117.6795,36.229,济南市,技术学院,,42,34,16,19,13,132,,137,137,14,11,11,10,1.1,0.9
2024-08-20T1800,1961A,117.532,36.6868,济南市,东山小学,,45,22,26,15,13,142,,135,135,11,22,9,9,0.7,0.7
2024-08-20T1800,3059A,117.7161,36.2049,济南市,泰兴公司,,49,31,23,19,14,155,,136,136,16,22,12,10,1.0,0.8
2024-08-20T1800,3064A,117.6867,36.2171,济南市,莱芜战役纪念馆,,42,22,22,17,11,133,,132,132,7,13,15,14,0.8,0.8
2024-08-20T1800,3494A,117.1673,36.9782,济南市,济阳区政府,,40,,26,12,17,128,,122,122,5,14,10,10,0.5,0.6
2024-08-20T1800,3495A,117.1171,36.63,济南市,锦屏中学,,46,32,23,17,15,145,,139,139,17,14,8,9,0.6,0.5
2024-08-20T1800,3682A,116.9814,36.6819,济南市,济南四建,,41,19,31,17,21,131,,130,130,9,24,7,7,0.5,0.6
2024-08-20T1800,1653A,116.6251,35.4302,济宁市,火炬城,,47,45,29,27,18,149,,136,136,8,12,9,10,0.8,0.8
2024-08-20T1800,1655A,116.5491,35.4042,济宁市,电化厂,,47,34,34,27,23,148,,146,146,9,17,7,8,0.7,0.7
2024-08-20T1800,3500A,116.5814,35.3707,济宁市,北湖一中,颗粒物(PM10),51,52,32,27,15,148,,139,139,10,13,12,14,0.4,0.4
2024-08-20T1800,3501A,116.8249,35.5593,济宁市,服务中心,,48,35,28,26,15,151,,139,139,7,12,5,5,0.6,0.6
2024-08-20T1800,3678A,116.5907,35.4054,济宁市,市第七中学,,46,36,32,22,18,147,,138,138,12,14,5,7,0.6,0.7
2024-08-20T1800,2255A,130.2751,46.8028,佳木斯市,佳纺,,24,23,17,11,8,75,,80,79,13,10,8,4,0.5,0.5
2024-08-20T1800,2256A,130.3995,46.8307,佳木斯市,发电厂,,27,27,21,9,10,80,,80,80,8,6,13,8,0.5,0.5
2024-08-20T1800,2257A,130.3258,46.7975,佳木斯市,环保局,,23,22,21,10,10,72,,69,69,18,14,7,8,0.6,0.5
2024-08-20T1800,2258A,130.3648,46.8032,佳木斯市,十一中,,25,17,18,8,10,80,,77,77,9,9,6,6,0.4,0.4
2024-08-20T1800,2259A,130.3794,46.7588,佳木斯市,四丰,,,9,16,3,9,60,,70,70,,,1,1,0.4,0.4
2024-08-20T1800,1252A,120.7436,30.778,嘉兴市,清河小学,,33,33,22,16,10,93,,124,124,17,14,3,4,0.6,0.6
2024-08-20T1800,1253A,120.726,30.7478,嘉兴市,嘉兴学院,,,30,28,20,13,94,,113,113,5,12,,2,0.3,0.3
2024-08-20T1800,2872A,120.7846,30.7525,嘉兴市,南湖区残联,,40,32,20,25,12,128,,44,,15,11,4,5,0.6,0.4
2024-08-20T1800,3407A,120.6916,30.7739,嘉兴市,秀洲住建,,33,23,22,14,12,104,,133,133,11,12,3,3,0.5,0.5
2024-08-20T1800,1945A,98.2908,39.7711,嘉峪关市,气象局,颗粒物(PM10),59,68,62,12,17,133,,121,121,1,11,4,3,0.3,0.3
2024-08-20T1800,2884A,98.2672,39.7978,嘉峪关市,酒钢宾馆,颗粒物(PM10),59,68,69,17,19,131,,120,120,6,11,10,12,0.5,0.9
2024-08-20T1800,3248A,98.2643,39.7724,嘉峪关市,雄关区,,49,49,53,9,15,126,,116,116,4,7,8,8,0.4,0.4
2024-08-20T1800,1383A,113.1064,22.6058,江门市,北街,,22,22,24,7,13,62,,60,60,6,14,3,4,0.5,0.7
2024-08-20T1800,1384A,113.0731,22.5835,江门市,西区,,22,15,22,10,12,68,,71,71,6,16,4,4,0.4,0.5
2024-08-20T1800,1385A,113.0219,22.5311,江门市,圭峰西,,23,23,24,6,15,65,,64,64,5,9,2,3,0.5,0.6
2024-08-20T1800,1386A,113.0828,22.5947,江门市,东湖,,21,11,24,7,12,67,,68,68,6,13,5,5,0.4,0.6
2024-08-20T1800,3311A,113.1075,22.5647,江门市,江海富民,,32,32,32,9,12,69,,72,72,6,16,5,6,0.4,0.5
2024-08-20T1800,3449A,113.05,22.4667,江门市,新会银湖,,21,21,22,3,13,66,,67,67,10,16,5,4,0.4,0.5
2024-08-20T1800,1828A,113.227,35.2125,焦作市,市环保局,臭氧1小时,55,30,26,18,15,164,,147,147,11,14,4,4,0.4,0.5
2024-08-20T1800,1830A,113.1992,35.2590,焦作市,影视城,,,,,,,,,,,,,,,,
2024-08-20T1800,3169A,113.2725,35.2067,焦作市,太极体育中心,臭氧1小时,57,36,36,18,16,165,,145,145,8,13,2,3,0.5,0.6
2024-08-20T1800,3335A,113.3137,35.2641,焦作市,马村街道办,,45,33,28,20,16,144,,144,144,9,12,8,5,0.4,0.5
2024-08-20T1800,3336A,113.2465,35.2373,焦作市,焦作技师学院,臭氧1小时,59,41,32,17,14,167,,149,149,5,13,5,4,0.5,0.6
2024-08-20T1800,3477A,113.1656,35.2539,焦作市,中站许衡医院,,49,,20,23,15,154,,143,143,9,15,4,4,0.5,0.5
2024-08-20T1800,3981A,113.2449,35.1803,焦作市,原李万街道办,,48,46,29,17,13,151,,138,138,10,13,3,4,0.2,0.5
2024-08-20T1800,1708A,116.3701,23.5345,揭阳市,新兴,,13,13,16,6,11,36,,44,44,18,14,3,4,0.7,0.6
2024-08-20T1800,1709A,116.3264,23.5443,揭阳市,西马,,19,19,18,9,9,36,,45,45,14,8,3,3,0.9,0.8
2024-08-20T1800,1710A,116.3611,23.5626,揭阳市,东兴,,16,16,18,7,10,46,,49,49,8,12,4,4,0.9,0.9
2024-08-20T1800,1711A,116.4151,23.5294,揭阳市,渔湖,,15,15,19,3,7,39,,47,47,18,18,4,4,0.5,0.6
2024-08-20T1800,3320A,116.403,23.5699,揭阳市,曲溪,,13,11,13,3,7,41,,45,45,13,17,1,2,0.7,0.7
2024-08-20T1800,1944A,102.1692,38.5167,金昌市,天庆家园,,39,21,49,7,19,122,,118,118,7,17,5,8,0.5,0.6
2024-08-20T1800,3170A,102.1864,38.5253,金昌市,市委党校,,40,17,52,3,17,126,,120,120,4,11,7,12,0.4,0.6
2024-08-20T1800,4022A,102.1647,38.5371,金昌市,金川区人防中心,,39,30,61,3,16,123,,119,119,6,11,7,9,0.5,0.6
2024-08-20T1800,1262A,119.647,29.077,金华市,十五中,,,26,16,11,10,97,,112,112,,10,3,2,0.7,0.4
2024-08-20T1800,1263A,119.686,29.1029,金华市,监测站,,31,20,18,10,10,98,,116,116,15,13,3,3,0.6,0.4
2024-08-20T1800,3659A,119.656,29.1131,金华市,气象局,,30,23,18,3,2,94,,116,115,18,8,5,4,0.5,0.3
2024-08-20T1800,1767A,121.1115,41.0879,锦州市,南山,,20,6,22,3,16,64,,54,49,6,12,3,4,0.4,0.6
2024-08-20T1800,1768A,121.0533,40.8434,锦州市,开发区,,20,,24,3,14,63,,61,61,17,10,4,5,0.5,0.8
2024-08-20T1800,1769A,121.1836,41.1119,锦州市,百股街道,,20,6,21,3,10,62,,50,50,5,12,2,4,0.5,0.7
2024-08-20T1800,1770A,121.1178,41.1222,锦州市,天安街道,,20,6,24,3,15,61,,46,46,9,11,6,7,0.7,0.8
2024-08-20T1800,1771A,121.1303,41.1386,锦州市,北湖公园,,19,6,23,3,14,59,,45,44,8,10,4,4,0.6,0.7
2024-08-20T1800,2160A,112.85,35.5051,晋城市,自来水公司,,37,35,42,19,24,116,,138,138,17,23,8,9,0.7,1.4
2024-08-20T1800,2161A,112.8318,35.4936,晋城市,白云商贸,,37,29,41,9,18,116,,137,137,20,24,8,9,0.8,1.5
2024-08-20T1800,2162A,112.8508,35.4887,晋城市,市环保局,,39,39,46,12,19,118,,135,132,17,26,7,8,0.7,1.4
2024-08-20T1800,2163A,112.8676,35.4897,晋城市,技术学院,,38,21,30,19,18,120,,133,133,20,28,7,8,0.7,1.2
2024-08-20T1800,2165A,112.8453,35.546,晋城市,白马寺,,,,,,,,,,,,,,,,
2024-08-20T1800,3620A,112.8271,35.4828,晋城市,泽州一中,,37,18,37,7,17,118,,134,134,18,23,9,10,0.7,1.4
2024-08-20T1800,2171A,112.7532,37.6945,晋中市,锦纶小区,,45,22,28,14,12,142,,140,140,11,13,9,10,0.5,0.4
2024-08-20T1800,2173A,112.7249,37.7067,晋中市,南都小区,,44,31,34,15,23,139,,138,138,13,15,7,8,0.6,0.5
2024-08-20T1800,2174A,112.6991,37.6982,晋中市,榆次区政府,,41,24,31,20,20,130,,134,134,15,16,8,10,0.3,0.3
2024-08-20T1800,2865A,112.7195,37.6828,晋中市,榆次三中,,44,29,30,3,11,139,,139,139,11,13,7,9,0.6,0.5
2024-08-20T1800,2439A,112.2014,31.0481,荆门市,竹园小学,,45,29,39,20,23,142,,145,145,9,19,12,13,0.6,0.6
2024-08-20T1800,2440A,112.1969,30.9891,荆门市,掇刀,,43,29,31,21,21,137,,145,144,10,16,7,9,0.6,0.6
2024-08-20T1800,2441A,112.2213,31.0386,荆门市,石化一小,,45,26,40,19,23,144,,145,143,8,18,24,16,0.5,0.6
2024-08-20T1800,3012A,112.1849,31.0362,荆门市,西山林语,,43,,33,22,24,136,,149,149,15,16,10,11,0.4,0.5
2024-08-20T1800,3547A,112.1632,31.0138,荆门市,龙泉中学南校,,43,21,33,14,19,135,,152,152,8,15,11,11,0.5,0.6
2024-08-20T1800,1844A,112.2494,30.3197,荆州市,市图书馆,,44,22,29,20,23,139,,140,140,12,15,7,7,0.6,0.7
2024-08-20T1800,1845A,112.2008,30.3544,荆州市,市委党校,,45,26,32,10,22,144,,134,134,9,14,8,13,0.7,0.7
2024-08-20T1800,3194A,112.2747,30.3122,荆州市,管委会,,,22,30,13,24,146,,143,143,10,15,,8,0.6,0.7
2024-08-20T1800,3548A,112.1655,30.3364,荆州市,学苑路,,48,26,33,20,27,152,,152,152,8,14,7,7,0.7,0.8
2024-08-20T1800,2342A,117.3102,29.3867,景德镇市,王港中学,,,,,,,,,,,,,,,,
2024-08-20T1800,2343A,117.2117,29.2933,景德镇市,老干部活动中心,,20,16,23,13,13,64,,71,71,7,15,5,8,0.4,0.4
2024-08-20T1800,2344A,117.1894,29.2789,景德镇市,兽医站,,22,22,29,14,15,62,,70,70,5,18,6,12,0.2,0.4
2024-08-20T1800,2345A,117.1547,29.2617,景德镇市,台达陶瓷,,23,22,25,16,15,54,,62,62,14,22,17,21,0.3,0.3
2024-08-20T1800,2346A,117.2461,29.2956,景德镇市,陶研所,,23,18,24,7,9,73,,77,77,8,12,6,7,0.3,0.4
2024-08-20T1800,1803A,115.9872,29.6815,九江市,十里,,34,12,18,10,10,106,,105,105,7,13,8,9,0.7,0.7
2024-08-20T1800,1804A,115.9584,29.7046,九江市,茅山头,,32,17,20,12,12,101,,100,100,12,16,11,9,0.7,0.6
2024-08-20T1800,1805A,115.9877,29.7295,九江市,西园,,30,12,15,8,11,96,,101,101,18,16,7,8,0.4,0.5
2024-08-20T1800,1806A,116.0172,29.6547,九江市,五七二七厂,,29,16,15,11,22,92,,95,95,9,11,9,8,0.3,0.3
2024-08-20T1800,1808A,115.9114,29.6038,九江市,综合工业园,,39,15,17,15,12,123,,127,127,4,19,8,8,0.6,0.7
2024-08-20T1800,1809A,116.0721,29.7535,九江市,石化总厂,,31,20,19,3,12,99,,97,97,14,16,9,10,0.7,0.7
2024-08-20T1800,1810A,115.9773,29.5698,九江市,庐山气象台,,32,23,15,20,13,100,,104,104,6,4,6,7,0.9,0.9
2024-08-20T1800,3190A,116.0254,29.6994,九江市,外国语学校,,33,13,17,11,12,104,,104,104,10,15,6,11,0.6,0.6
2024-08-20T1800,2658A,98.5061,39.7443,酒泉市,仓门街子站,颗粒物(PM10),58,66,57,11,15,125,,114,114,5,10,8,14,0.3,0.3
2024-08-20T1800,2659A,98.4989,39.7256,酒泉市,油田生活基地,颗粒物(PM10),54,58,61,17,18,128,,117,117,4,12,8,22,0.3,0.3
2024-08-20T1800,2698A,76.0072,39.4467,喀什地区,巡警大队,,35,28,56,3,9,110,,101,101,6,14,4,4,0.3,0.3
2024-08-20T1800,2699A,75.9755,39.4694,喀什地区,吾办,,34,32,51,10,20,107,,97,97,8,12,4,3,0.4,0.4
2024-08-20T1800,4027A,75.9483,39.4689,喀什地区,老干局,,34,33,56,6,10,108,,98,98,5,10,4,5,0.4,0.4
2024-08-20T1800,1824A,114.3389,34.7781,开封市,肿瘤医院,,49,33,19,13,5,156,,144,144,5,5,6,5,0.7,0.8
2024-08-20T1800,1826A,114.2885,34.7965,开封市,世纪星幼儿园,,,26,18,,9,137,,138,138,5,5,4,5,0.6,0.6
2024-08-20T1800,3147A,114.3438,34.8106,开封市,龙亭公园,,44,30,19,26,13,139,,134,134,5,6,4,4,0.7,0.7
2024-08-20T1800,3210A,114.3644,34.7964,开封市,汴京公园,,50,31,19,14,11,158,,144,144,5,7,7,6,0.6,0.6
2024-08-20T1800,3473A,114.2485,34.8306,开封市,技师学院,,44,23,20,12,9,140,,138,138,9,11,10,11,1.0,0.9
2024-08-20T1800,3592A,114.4644,34.7556,开封市,祥符区生态环境局,,48,29,15,16,12,153,,143,143,7,11,4,8,0.6,0.6
2024-08-20T1800,1951A,84.895,45.6094,克拉玛依市,长征新村,,35,13,13,3,5,109,,98,98,2,6,6,6,0.2,0.2
2024-08-20T1800,1952A,84.8988,45.5893,克拉玛依市,南林小区,,36,12,13,9,9,114,,101,101,3,8,8,8,0.2,0.2
2024-08-20T1800,1954A,84.905,44.3396,克拉玛依市,独山子区,,43,34,25,15,11,136,,114,114,5,14,12,9,0.4,0.4
2024-08-20T1800,1955A,85.6979,46.098,克拉玛依市,乌尔禾区商贸楼,,32,14,14,10,8,102,,93,93,9,10,4,4,0.2,0.2
2024-08-20T1800,3612A,85.1045,45.6899,克拉玛依市,白碱滩区新站,,36,18,16,3,4,115,,110,110,4,9,8,8,0.3,0.4
2024-08-20T1800,2697A,76.1454,39.7142,克孜勒苏柯尔克孜自治州,市人民政府,,36,26,44,13,22,114,,104,104,2,8,2,3,0.5,0.5
2024-08-20T1800,3665A,76.1658,39.7157,克孜勒苏柯尔克孜自治州,克州文化中心,,36,27,35,13,18,115,,108,108,2,3,4,5,0.3,0.3
2024-08-20T1800,1450A,102.8204,24.8886,昆明市,呈贡新区,,41,34,42,18,31,129,,132,132,17,22,6,6,0.6,0.8
2024-08-20T1800,1451A,102.6251,24.9608,昆明市,西山森林公园,,,,,,,,,,,,,,,,
2024-08-20T1800,1452A,102.7252,25.0902,昆明市,龙泉镇,,42,42,26,24,20,133,,157,157,23,24,7,6,0.8,0.8
2024-08-20T1800,1453A,102.7266,25.0375,昆明市,东风东路,,39,27,34,20,21,122,,149,145,29,25,4,4,0.7,0.8
2024-08-20T1800,1454A,102.6742,25.0669,昆明市,金鼎山,,47,47,36,15,19,137,,153,153,19,22,7,8,0.5,0.5
2024-08-20T1800,1455A,102.6644,25.0401,昆明市,碧鸡广场,,42,37,30,17,19,132,,149,149,20,22,7,4,0.7,0.6
2024-08-20T1800,3179A,102.7494,25.0119,昆明市,官渡区博物馆,,41,19,39,15,21,129,,149,149,16,31,6,6,0.4,0.6
2024-08-20T1800,3375A,102.8017,24.8336,昆明市,青年创业园,,43,18,36,17,27,136,,133,133,9,24,4,3,0.5,0.7
2024-08-20T1800,3550A,102.7997,24.9786,昆明市,昆明学院,,37,32,51,19,31,118,,147,147,25,33,4,5,0.6,0.7
2024-08-20T1800,3551A,102.5967,24.6736,昆明市,晋宁区生态环境分局,,46,46,32,19,22,112,,135,135,10,13,6,7,0.7,0.9
2024-08-20T1800,3552A,102.6678,24.9856,昆明市,云天化总部,,44,34,31,23,22,138,,146,146,18,24,12,6,1.0,0.7
2024-08-20T1800,1456A,91.1319,29.6514,拉萨市,八廓街,,37,10,10,7,7,116,,105,105,7,10,8,8,0.2,0.2
2024-08-20T1800,1457A,91.1221,29.6747,拉萨市,市环保局,,36,7,15,3,7,113,,103,103,10,15,7,8,0.1,0.1
2024-08-20T1800,1458A,91.0874,29.6475,拉萨市,区监测站,,32,8,9,6,7,101,,100,100,7,12,8,8,0.5,0.2
2024-08-20T1800,1459A,91.1774,29.6541,拉萨市,西藏大学,,38,7,9,3,6,121,,103,103,5,6,7,10,0.2,0.4
2024-08-20T1800,1460A,90.9798,29.6588,拉萨市,区辐射站,,34,10,14,6,7,107,,99,99,15,15,8,8,0.2,0.2
2024-08-20T1800,1461A,91.0834,29.6292,拉萨市,拉萨火车站,,34,9,10,3,6,108,,103,103,7,9,6,6,0.2,0.2
2024-08-20T1800,2520A,109.2203,23.7256,来宾市,来宾技工学校,,26,26,47,12,27,74,,83,83,10,13,9,28,0.7,0.7
2024-08-20T1800,3535A,109.1781,23.7297,来宾市,兴宾区政府,,28,28,26,19,16,80,,88,88,7,8,6,7,0.8,0.8
2024-08-20T1800,4002A,109.2416,23.7461,来宾市,中南小学,,32,32,42,18,24,84,,91,91,8,12,10,21,0.8,0.9
2024-08-20T1800,1476A,103.631,36.1031,兰州市,兰炼宾馆,,47,30,38,19,25,150,,146,146,9,26,12,24,0.3,0.5
2024-08-20T1800,1477A,104.1373,35.9454,兰州市,榆中兰大校区,,,,,,,,,,,,,,,,
2024-08-20T1800,1478A,103.8412,36.0726,兰州市,生物制品所,,45,30,42,13,20,141,,124,124,6,41,8,14,0.3,0.6
2024-08-20T1800,1479A,103.831,36.0464,兰州市,铁路设计院,,40,28,39,15,24,125,,119,119,30,53,10,21,0.4,0.7
2024-08-20T1800,3186A,103.7158,36.1058,兰州市,教育港,,,68,53,25,26,142,,127,127,5,29,6,16,,0.5
2024-08-20T1800,3241A,103.7439,36.0842,兰州市,百合公园,,48,32,36,12,15,151,,140,140,7,36,14,16,0.4,0.6
2024-08-20T1800,3242A,103.9611,35.998,兰州市,和平,,47,36,36,10,13,148,,135,135,7,20,10,13,0.1,0.3
2024-08-20T1800,3245A,103.6633,36.533,兰州新区,新区管委会,,47,47,38,19,14,148,,142,142,3,10,11,16,0.3,0.4
2024-08-20T1800,3246A,103.6975,36.4789,兰州新区,舟曲中学,,45,40,31,13,10,142,,137,137,7,14,8,15,0.3,0.3
2024-08-20T1800,1067A,116.6708,39.5111,廊坊市,药材公司,,25,9,30,7,13,78,,78,78,13,17,3,3,0.4,0.5
2024-08-20T1800,1068A,116.7214,39.5589,廊坊市,开发区,,26,14,24,3,15,81,,76,76,1,12,3,3,0.4,0.6
2024-08-20T1800,1070A,116.7244,39.5269,廊坊市,北华航天学院,,20,20,39,3,12,60,,49,49,6,14,1,1,0.4,0.6
2024-08-20T1800,2919A,116.7022,39.5453,廊坊市,河北工业大学,,27,21,25,9,17,86,,80,80,5,16,1,2,0.4,0.5
2024-08-20T1800,2535A,103.7723,29.5462,乐山市,花湖湾,臭氧1小时,59,,40,22,36,167,,149,149,3,15,5,6,0.3,0.6
2024-08-20T1800,2536A,103.7627,29.5844,乐山市,牛耳桥,,49,32,48,19,39,155,,152,152,14,22,2,4,0.4,0.6
2024-08-20T1800,2537A,103.7508,29.6006,乐山市,市第三水厂,臭氧1小时,67,38,53,22,39,173,,163,163,7,23,3,4,0.4,0.6
2024-08-20T1800,2538A,103.7571,29.5664,乐山市,市监测站,臭氧1小时,55,30,47,28,34,164,,157,157,5,18,4,7,0.4,0.7
2024-08-20T1800,3361A,103.7311,29.5628,乐山市,理工大学,臭氧1小时,63,32,49,22,36,170,,166,166,4,18,5,7,0.6,0.8
2024-08-20T1800,2598A,100.2143,26.8576,丽江市,西南郊,,,,,,,,,,,,,,,,
2024-08-20T1800,2599A,100.2497,26.8802,丽江市,丽江古城,,29,24,19,14,12,92,,85,85,12,13,10,9,0.5,0.6
2024-08-20T1800,2600A,100.2203,26.8906,丽江市,市中心,,31,12,16,8,10,99,,93,93,10,11,9,8,0.6,0.6
2024-08-20T1800,1267A,119.914,28.4514,丽水市,监测站大楼,,23,16,14,12,8,71,,87,86,5,7,2,2,0.4,0.4
2024-08-20T1800,1268A,119.93,28.4586,丽水市,莲都小学,,24,12,12,3,9,74,,88,86,4,9,4,3,0.4,0.6
2024-08-20T1800,1269A,119.879,28.4231,丽水市,余庄前,,22,14,15,6,8,70,,87,85,4,8,4,3,0.4,0.4
2024-08-20T1800,1173A,119.176,34.5885,连云港市,市环境监测站,,14,14,6,3,4,39,,77,47,15,11,6,6,0.3,0.3
2024-08-20T1800,3000A,119.3581,34.6972,连云港市,德源药业,,13,7,6,3,3,41,,66,45,6,11,3,4,0.3,0.3
2024-08-20T1800,3007A,119.178,34.844,连云港市,新城一中,,12,10,10,7,4,37,,62,47,8,13,3,2,0.6,0.7
2024-08-20T1800,3008A,119.3608,34.7519,连云港市,胡沟管理处,,,17,6,,2,19,,71,38,26,14,10,7,0.6,0.5
2024-08-20T1800,3009A,119.1478,34.5911,连云港市,矿山设计院,,12,12,6,7,3,38,,69,48,19,16,2,2,0.6,0.6
2024-08-20T1800,3434A,119.2413,34.6539,连云港市,工贸学校,,14,14,8,9,6,37,,77,48,6,4,5,5,0.5,0.5
2024-08-20T1800,3664A,119.4172,34.7341,连云港市,连云街道,,15,12,9,3,4,45,,84,43,7,10,2,3,0.4,0.4
2024-08-20T1800,2571A,102.3431,27.8099,凉山彝族自治州,青龙寺,,45,15,21,9,13,142,,134,134,4,6,3,4,0,0.3
2024-08-20T1800,2572A,102.2721,27.8415,凉山彝族自治州,邛海宾馆,,37,27,29,19,19,118,,136,136,13,14,13,16,0.6,0.9
2024-08-20T1800,2573A,102.2625,27.898,凉山彝族自治州,西昌市政府,,40,23,22,14,14,127,,130,130,6,8,12,14,0.7,1
2024-08-20T1800,2574A,102.2685,27.8851,凉山彝族自治州,凉山州政府,,41,23,26,14,16,130,,130,130,7,10,9,12,0.4,1
2024-08-20T1800,2575A,102.237,27.8914,凉山彝族自治州,长安,,38,30,20,14,14,119,,127,127,13,13,15,13,0.8,1.1
2024-08-20T1800,2212A,123.2,41.1953,辽阳市,宏伟区,,16,15,20,11,9,48,,46,46,9,13,6,6,0.6,0.7
2024-08-20T1800,2213A,123.1683,41.2495,辽阳市,新华园,,19,16,31,13,13,44,,49,49,6,23,3,8,0.5,1.1
2024-08-20T1800,2214A,123.2354,41.2639,辽阳市,滨河路,,24,24,28,9,13,36,,41,41,10,19,7,8,0.3,0.7
2024-08-20T1800,2215A,123.149,41.2991,辽阳市,铁西工业园,,18,18,39,11,15,39,,39,39,7,22,6,9,0.8,1.6
2024-08-20T1800,2227A,125.1358,42.8845,辽源市,环保局,,26,26,30,14,10,50,,68,68,13,10,5,6,0.6,0.7
2024-08-20T1800,3239A,125.0764,42.9078,辽源市,银鹰制药,,23,20,17,16,10,50,,70,70,26,15,5,6,1.0,0.9
2024-08-20T1800,1625A,115.9848,36.4372,聊城市,区政府,,40,19,20,8,12,127,,123,123,10,12,9,8,0.5,0.5
2024-08-20T1800,2878A,116.0072,36.4343,聊城市,聊大东校,,40,22,18,14,18,125,,125,125,9,9,7,7,0.5,0.5
2024-08-20T1800,3200A,115.9819,36.4978,聊城市,监控中心,,38,13,22,9,12,120,,118,118,5,13,6,6,0.5,0.6
2024-08-20T1800,3513A,116.0445,36.4361,聊城市,九州社区,,,,,,,,,,,,,,,,
2024-08-20T1800,4018A,116.0567,36.4608,聊城市,星美广场,,,,31,9,13,120,,119,119,8,8,5,7,0.4,0.3
2024-08-20T1800,2632A,94.3681,29.6376,林芝市,林芝监测站,,27,6,7,3,5,86,,79,79,2,3,10,9,0.2,0.3
2024-08-20T1800,2633A,94.3616,29.6616,林芝市,林芝人民医院,,29,10,10,3,6,90,,83,83,4,5,6,7,0.2,0.2
2024-08-20T1800,2603A,100.0781,23.8982,临沧市,市环保局,,,18,19,,23,66,,62,62,8,10,5,6,0.3,0.4
2024-08-20T1800,2604A,100.0894,23.8822,临沧市,市气象局,,21,16,14,10,10,66,,64,64,8,9,4,6,0.2,0.4
2024-08-20T1800,1733A,111.5531,36.0783,临汾市,临钢医院,,37,9,31,9,11,116,,116,116,9,9,5,6,0.7,0.7
2024-08-20T1800,1734A,111.5028,36.0714,临汾市,技工学校,,,35,33,15,13,122,,122,122,16,15,,3,0.7,0.8
2024-08-20T1800,1736A,111.5018,36.0855,临汾市,市委,,40,28,23,9,11,125,,127,127,16,14,3,4,0.7,0.8
2024-08-20T1800,3018A,111.505,36.1014,临汾市,唐尧大酒店,,36,25,26,7,7,115,,114,114,14,14,6,6,0.7,0.7
2024-08-20T1800,3668A,111.5036,36.0414,临汾市,城南,,36,17,32,14,15,113,,122,121,11,9,4,4,0.6,0.6
2024-08-20T1800,2667A,103.2069,35.5993,临夏回族自治州,环保局,,47,24,45,8,19,148,,133,133,1,11,11,10,0.3,0.4
2024-08-20T1800,2668A,103.2417,35.6057,临夏回族自治州,建设大厦,,46,9,37,3,17,145,,131,131,2,11,9,8,0.3,0.4
2024-08-20T1800,1618A,118.3429,35.0532,临沂市,沂河小区,,27,12,19,11,11,84,,105,105,7,11,6,7,0.6,0.3
2024-08-20T1800,1619A,118.295,35.0583,临沂市,鲁南制药厂,,31,,12,13,13,97,,113,113,11,12,4,8,0.6,0.3
2024-08-20T1800,1620A,118.2794,34.9976,临沂市,新光毛纺厂,,30,12,14,8,12,93,,109,109,13,18,5,10,0.8,0.7
2024-08-20T1800,1621A,118.3956,35.0888,临沂市,河东保险公司,,23,12,14,7,8,71,,93,93,10,17,7,6,0.6,0.4
2024-08-20T1800,3370A,118.3564,35.0215,临沂市,十里堡居委,,25,,8,7,10,79,,102,102,8,12,7,8,0.8,0.6
2024-08-20T1800,3496A,118.3604,35.1084,临沂市,南坊新区,,26,17,18,9,8,82,,108,108,8,16,7,8,1.0,0.7
2024-08-20T1800,3860A,118.3920,35.0300,临沂市,皇山花园小区,,22,9,17,6,13,68,,96,96,10,17,5,6,0.6,0.4
2024-08-20T1800,1870A,109.4856,24.3895,柳州市,柳东小学,,30,23,43,10,16,93,,85,85,9,13,8,8,0.8,0.9
2024-08-20T1800,1871A,109.4157,24.3277,柳州市,环保监测站,,,13,27,,27,100,,91,91,8,10,8,8,0.9,0.9
2024-08-20T1800,1872A,109.389,24.341,柳州市,河西水厂,,29,19,29,3,17,90,,91,91,12,10,6,7,0.9,1
2024-08-20T1800,1873A,109.4311,24.2921,柳州市,市四中,,38,38,32,17,20,113,,104,104,11,10,8,7,0.7,0.8
2024-08-20T1800,1874A,109.4006,24.3631,柳州市,市九中,,30,24,31,3,18,94,,93,93,10,10,5,6,0.7,0.7
2024-08-20T1800,1875A,109.4958,24.3134,柳州市,古亭山,,31,22,30,12,17,97,,100,100,13,16,10,8,0.9,0.9
2024-08-20T1800,3402A,109.5422,24.3996,柳州市,市二中,,31,14,26,8,13,98,,86,86,10,13,8,8,0.8,0.8
2024-08-20T1800,2307A,116.5079,31.737,六安市,监测大楼,,34,21,10,20,10,108,,113,113,7,3,5,5,0.5,0.4
2024-08-20T1800,2308A,116.4738,31.7643,六安市,皖西学院,,,,18,11,9,115,,111,111,2,4,4,4,0.6,0.3
2024-08-20T1800,2309A,116.4996,31.7905,六安市,朝阳厂,,37,30,8,3,8,118,,108,108,1,2,9,10,0.2,0.2
2024-08-20T1800,2310A,116.5567,31.7886,六安市,开发区,,36,,9,19,14,113,,108,108,2,4,2,2,0.4,0.3
2024-08-20T1800,2576A,104.8,26.5892,六盘水市,窑上,,,,,,,,,,,,,,,,
2024-08-20T1800,2577A,104.83,26.5917,六盘水市,黄土坡,,45,29,31,16,19,144,,137,137,7,12,8,8,0.4,0.5
2024-08-20T1800,2578A,104.89,26.5939,六盘水市,水钢,,46,27,37,16,16,147,,140,140,6,13,8,8,0.4,0.5
2024-08-20T1800,2579A,104.8475,26.5894,六盘水市,民中,,45,22,27,12,17,142,,137,137,7,15,7,8,0.3,0.5
2024-08-20T1800,2580A,104.9544,26.5506,六盘水市,双水,,44,27,34,17,17,139,,134,134,6,11,6,6,0.4,0.4
2024-08-20T1800,2335A,117.0189,25.1181,龙岩市,龙岩师专,,,,,,,,,,,,,,,,
2024-08-20T1800,2336A,117.0217,25.1033,龙岩市,龙岩市监测站,,15,6,12,3,7,48,,42,42,16,15,4,10,0.5,0.5
2024-08-20T1800,2337A,117.0258,25.0661,龙岩市,闽西职业技术学院,,13,7,15,3,5,41,,35,35,20,16,4,4,0.5,0.4
2024-08-20T1800,2338A,117.0196,25.0306,龙岩市,龙岩学院,,20,11,14,8,6,61,,44,44,5,9,1,2,0.4,0.4
2024-08-20T1800,2665A,105.0822,33.3261,陇南市,汉王镇固水子,,,,,,,,,,,,,,,,
2024-08-20T1800,2885A,104.9339,33.3826,陇南市,滨江中学,,37,32,36,16,13,117,,109,109,8,8,5,5,0.6,0.6
2024-08-20T1800,3247A,104.955,33.371,陇南市,市总工会,,38,28,28,7,6,120,,111,111,5,5,6,6,0.2,0.2
2024-08-20T1800,2487A,111.9589,27.8901,娄底市,电视发射台,,34,34,40,21,16,101,,94,94,4,4,7,6,0.5,0.5
2024-08-20T1800,2488A,111.9975,27.725,娄底市,市监测站,,,32,47,30,21,121,,117,117,,17,4,11,0.4,0.9
2024-08-20T1800,2489A,112.0194,27.7314,娄底市,市委党校,,33,29,40,20,23,104,,99,99,5,17,7,11,0.4,1
2024-08-20T1800,2490A,111.9561,27.7569,娄底市,涟钢,,33,31,34,23,18,85,,81,81,42,16,9,10,0.7,0.7
2024-08-20T1800,2491A,111.9892,27.7044,娄底市,市政府,,45,36,37,31,19,113,,114,114,7,13,7,6,0.3,0.5
2024-08-20T1800,1893A,105.4324,28.9634,泸州市,九狮山,臭氧1小时,80,,59,27,38,184,,191,191,12,21,3,4,0.1,0.5
2024-08-20T1800,1894A,105.4427,28.9063,泸州市,小市上码头,臭氧1小时,83,22,46,17,36,186,,182,182,10,24,7,12,0.3,0.5
2024-08-20T1800,1895A,105.4241,28.8573,泸州市,兰田宪桥,臭氧1小时,77,38,52,34,46,181,,174,174,17,25,8,8,0.4,0.6
2024-08-20T1800,1896A,105.4379,28.8833,泸州市,市环监站,臭氧1小时,78,33,49,23,37,182,,173,173,9,23,7,9,0.4,0.5
2024-08-20T1800,3490A,105.3617,28.7703,泸州市,纳溪区环保局,,50,34,52,24,40,157,,166,166,9,25,4,6,0.4,0.5
2024-08-20T1800,2183A,111.1406,37.5211,吕梁市,环保局,,35,30,37,10,16,110,,120,120,18,17,4,5,0.5,0.4
2024-08-20T1800,2185A,111.1297,37.5136,吕梁市,自来水公司,,38,22,38,10,14,121,,121,121,15,16,3,5,0.6,0.6
2024-08-20T1800,2867A,111.1283,37.51,吕梁市,马茂庄小学,,35,28,49,10,15,110,,123,123,23,20,2,3,0.7,0.6
2024-08-20T1800,1812A,112.3931,34.6516,洛阳市,市委党校,,45,35,26,18,18,144,,152,151,6,9,4,6,0.7,0.7
2024-08-20T1800,1814A,112.4657,34.6871,洛阳市,豫西宾馆,颗粒物(PM10),65,80,31,20,15,144,,147,147,7,9,4,5,0.3,0.4
2024-08-20T1800,1815A,112.494,34.6886,洛阳市,河南林校,,48,40,22,23,15,151,,150,150,6,9,4,4,0.5,0.6
2024-08-20T1800,1816A,112.3844,34.623,洛阳市,开发区管委会,,45,36,26,29,18,144,,147,146,6,8,3,3,0.4,0.4
2024-08-20T1800,1817A,112.4267,34.6258,洛阳市,市委新办公区,,48,42,23,25,21,152,,149,149,1,4,3,4,0.6,0.6
2024-08-20T1800,3340A,112.6005,34.6326,洛阳市,伊滨,,46,44,37,26,19,145,,140,140,3,5,5,5,0.6,0.6
2024-08-20T1800,3341A,112.4951,34.6332,洛阳市,中移产业园,颗粒物(PM10),55,60,29,25,19,152,,150,150,4,7,4,4,0.7,0.7
2024-08-20T1800,3593A,112.5736,34.8993,洛阳市,吉利监测站,,50,50,27,8,16,123,,145,145,7,10,2,3,0.5,0.7
2024-08-20T1800,3635A,112.3677,34.662,洛阳市,河科大西苑校区,,44,35,23,22,12,140,,152,151,6,7,3,5,0.6,0.7
2024-08-20T1800,3636A,112.4388,34.6781,洛阳市,英才小学,,46,36,23,25,25,147,,150,150,4,4,2,4,0.5,0.6
2024-08-20T1800,2399A,114.051,33.5699,漯河市,三五一五工厂,,43,24,22,16,15,137,,138,138,5,8,6,7,0.4,0.4
2024-08-20T1800,2400A,114.0055,33.5698,漯河市,漯河大学,,45,24,22,14,16,141,,140,140,6,7,10,10,0.5,0.5
2024-08-20T1800,2401A,114.0138,33.5828,漯河市,市水利局,,44,22,23,9,12,140,,139,139,6,8,8,7,0.5,0.5
2024-08-20T1800,2402A,114.0261,33.5698,漯河市,市广电局,,44,17,20,6,10,140,,142,142,3,4,6,6,0.5,0.5
2024-08-20T1800,3478A,113.9749,33.5664,漯河市,市图书馆,,47,28,25,14,15,150,,146,146,7,8,9,10,0.4,0.4
2024-08-20T1800,3479A,114.0967,33.5906,漯河市,召陵区卫健委,,42,26,28,12,18,133,,136,136,7,10,3,3,0.5,0.6
2024-08-20T1800,1798A,118.5092,31.6837,马鞍山市,湖东路四小,,39,39,18,13,11,122,,107,107,17,12,13,7,1.2,0.8
2024-08-20T1800,1799A,118.5024,31.6449,马鞍山市,开发区,,47,47,17,23,11,119,,108,108,25,14,8,5,1.5,0.9
2024-08-20T1800,1800A,118.5228,31.7231,马鞍山市,慈湖,,38,32,21,15,11,120,,109,109,14,13,8,6,0.7,0.6
2024-08-20T1800,1802A,118.6245,31.7241,马鞍山市,濮塘,,29,18,10,15,11,92,,97,97,10,13,5,5,0.6,0.7
2024-08-20T1800,3633A,118.4918,31.6809,马鞍山市,雨山,,41,41,16,16,10,107,,96,96,18,13,17,8,2.1,1.1
2024-08-20T1800,1686A,111.0286,21.4688,茂名市,电白南海,,20,,27,14,18,47,,62,62,12,13,7,10,0.6,0.5
2024-08-20T1800,1687A,110.9294,21.6533,茂名市,茂石化七小,,20,17,20,14,16,38,,57,57,13,11,4,8,0.4,0.4
2024-08-20T1800,1688A,110.9107,21.6687,茂名市,健康路,,13,7,18,3,7,40,,62,62,15,10,8,15,0.8,0.6
2024-08-20T1800,1689A,110.8592,21.6828,茂名市,高岭,,12,6,19,3,9,37,,55,55,21,13,10,20,0.6,0.6
2024-08-20T1800,3450A,111.01,21.5165,茂名市,电白水东,,20,,19,14,14,36,,58,58,16,11,5,10,0.6,0.5
2024-08-20T1800,2539A,104.0308,30.0478,眉山市,黑龙滩水库,臭氧1小时,80,33,37,19,23,184,,162,162,2,4,6,6,0.3,0.4
2024-08-20T1800,2540A,103.8416,30.0874,眉山市,气象局,臭氧1小时,82,44,41,27,29,185,,165,165,7,37,8,8,0.5,0.6
2024-08-20T1800,3137A,103.8578,30.0744,眉山市,市委党校,臭氧1小时,77,31,43,12,23,181,,163,163,7,33,8,9,0.4,0.5
2024-08-20T1800,3148A,103.8291,30.0564,眉山市,区人社局,臭氧1小时,72,32,39,19,24,177,,162,162,16,33,6,8,0.5,0.6
2024-08-20T1800,1690A,116.1231,24.3284,梅州市,梅江月梅,,21,,10,3,4,66,,62,62,4,6,6,6,0.5,0.3
2024-08-20T1800,1691A,116.0797,24.2719,梅州市,梅县新城,,18,6,12,3,5,56,,58,58,11,13,4,4,0.5,0.5
2024-08-20T1800,1692A,116.1248,24.2654,梅州市,环境监控中心,,19,6,15,6,7,60,,53,53,8,13,4,4,0.4,0.5
2024-08-20T1800,3315A,116.1233,24.2991,梅州市,梅龙,,21,,6,3,8,65,,64,64,7,9,8,8,0.7,0.7
2024-08-20T1800,1878A,104.7778,31.4741,绵阳市,富乐山,,46,44,39,32,29,119,,154,154,12,12,3,3,0.7,0.7
2024-08-20T1800,1879A,104.7563,31.4535,绵阳市,市人大,,50,40,48,34,31,158,,161,160,9,22,13,11,0.5,0.6
2024-08-20T1800,1880A,104.6697,31.4668,绵阳市,高新区自来水公司,臭氧1小时,55,36,54,24,30,164,,162,162,6,23,7,8,0.5,0.6
2024-08-20T1800,1881A,104.7287,31.5075,绵阳市,三水厂,,49,35,63,31,41,155,,166,166,21,30,7,6,0.6,0.8
2024-08-20T1800,3491A,104.69,31.5322,绵阳市,西科大附属小学,,49,39,54,28,34,155,,162,162,11,23,9,10,0.6,0.7
2024-08-20T1800,3492A,104.5648,31.5343,绵阳市,安州区旅游局,臭氧1小时,82,33,48,29,36,185,,174,174,11,17,6,7,0.6,0.6
2024-08-20T1800,1784A,129.61,44.561,牡丹江市,环保大楼,,25,19,23,17,14,16,,27,26,19,7,8,7,0.4,0.3
2024-08-20T1800,1785A,129.6115,44.5782,牡丹江市,文化广场,,21,21,20,10,16,18,,24,24,15,7,7,8,0.5,0.3
2024-08-20T1800,1786A,129.5904,44.5963,牡丹江市,第一医院,,23,16,20,16,13,19,,30,24,12,8,6,6,0.5,0.4
2024-08-20T1800,1787A,129.6364,44.6075,牡丹江市,机车工厂,,23,21,18,16,13,21,,25,25,8,5,7,7,0.4,0.3
2024-08-20T1800,1788A,129.6386,44.5462,牡丹江市,第一中学,,17,17,22,9,12,22,,27,27,14,7,5,5,0.4,0.3
2024-08-20T1800,2531A,105.0703,29.61,内江市,市监测站,臭氧1小时,77,,41,29,41,181,,195,195,19,28,10,10,0.3,0.5
2024-08-20T1800,2532A,105.0717,29.5947,内江市,东兴区政府,,50,35,40,20,32,158,,167,167,12,22,5,5,0.7,0.8
2024-08-20T1800,2533A,105.0653,29.5817,内江市,内江二中,臭氧1小时,68,,44,30,34,174,,180,180,10,25,7,7,0.6,0.7
2024-08-20T1800,2534A,105.0406,29.5822,内江市,内江日报社,臭氧1小时,83,46,48,30,38,186,,197,197,14,36,12,9,0.4,0.5
2024-08-20T1800,2628A,92.0657,31.4846,那曲市,那曲监测站,,38,38,38,10,14,88,,92,92,5,8,6,6,0.5,0.5
2024-08-20T1800,3128A,92.0506,31.4797,那曲市,那曲会议中心,,,,29,,11,101,,103,103,6,9,4,4,0.2,0.3
2024-08-20T1800,1290A,115.8931,28.6843,南昌市,省外办,,42,40,30,24,16,132,,127,127,15,17,8,9,0.6,0.5
2024-08-20T1800,1291A,115.8886,28.7003,南昌市,省林业公司,,41,24,22,14,11,129,,120,120,9,15,7,7,0.7,0.7
2024-08-20T1800,1292A,115.8126,28.7442,南昌市,林科所,,42,17,11,14,6,132,,122,122,2,8,4,6,0.5,0.3
2024-08-20T1800,1294A,115.8518,28.687,南昌市,建工学校,,40,23,18,3,6,128,,124,124,8,14,8,9,0.4,0.4
2024-08-20T1800,1295A,115.8921,28.6424,南昌市,象湖,,45,18,17,13,12,142,,131,131,6,10,5,5,0.6,0.6
2024-08-20T1800,1296A,115.7423,28.7996,南昌市,武术学校,,36,36,20,14,15,82,,103,103,4,3,3,2,0.1,0.1
2024-08-20T1800,1298A,115.9314,28.6842,南昌市,省站,,38,33,22,20,14,120,,118,118,19,15,8,8,0.7,0.6
2024-08-20T1800,3046A,115.9084,28.6062,南昌市,机电学校,,42,34,31,14,12,132,,119,119,8,17,7,7,0.6,0.6
2024-08-20T1800,3690A,115.9721,28.7031,南昌市,外国语学校,,43,28,22,14,10,137,,125,125,6,10,8,8,0.5,0.5
2024-08-20T1800,1905A,106.056,30.8064,南充市,西山风景区,,47,,40,21,34,148,,143,143,3,21,1,2,0.5,0.3
2024-08-20T1800,1906A,106.0789,30.8023,南充市,南充市委,臭氧1小时,59,41,54,26,38,167,,162,162,6,19,6,6,0.3,0.5
2024-08-20T1800,1907A,106.1031,30.8217,南充市,南充炼油厂,臭氧1小时,69,38,67,26,44,175,,168,168,6,20,6,6,0.3,0.5
2024-08-20T1800,1908A,106.1064,30.7856,南充市,高坪区监测站,臭氧1小时,58,33,56,25,38,166,,162,162,8,23,5,6,0.4,0.6
2024-08-20T1800,1909A,106.0642,30.7636,南充市,嘉陵区环保局,,50,28,56,22,37,160,,159,159,11,25,3,8,0.3,0.5
2024-08-20T1800,1910A,106.1087,30.8388,南充市,市环境监测站,臭氧1小时,67,34,60,29,37,173,,165,165,9,18,5,6,0.3,0.4
2024-08-20T1800,1151A,118.8086,32.1065,南京市,迈皋桥,,30,16,11,12,6,94,,96,96,15,17,3,4,0.4,0.3
2024-08-20T1800,1152A,118.7538,32.0551,南京市,草场门,,40,22,11,9,6,125,,109,109,19,14,5,5,0.5,0.5
2024-08-20T1800,1153A,118.7794,32.0745,南京市,山西路,,45,29,10,14,8,141,,124,124,15,12,4,4,1.0,0.5
2024-08-20T1800,1154A,118.7752,32.0023,南京市,中华门,,40,17,10,12,8,127,,107,107,10,17,4,4,0.4,0.6
2024-08-20T1800,1155A,118.8109,32.0309,南京市,瑞金路,,40,29,11,24,9,126,,118,118,9,9,7,6,0.7,0.6
2024-08-20T1800,1156A,118.7997,32.0754,南京市,玄武湖,,35,24,17,14,8,111,,99,99,12,7,7,7,1.3,0.7
2024-08-20T1800,1157A,118.6414,32.0931,南京市,浦口,,38,24,15,12,6,119,,100,100,5,8,7,6,0.4,0.4
2024-08-20T1800,1158A,118.7356,31.9996,南京市,奥体中心,,42,,11,22,11,133,,110,110,10,13,7,7,0.3,0.4
2024-08-20T1800,1159A,118.9125,32.1028,南京市,仙林大学城,,41,27,13,17,8,131,,116,116,18,19,11,8,0.6,0.6
2024-08-20T1800,3422A,118.8436,31.9198,南京市,江宁彩虹桥,,45,19,11,17,7,141,,119,119,6,7,4,4,0.8,0.6
2024-08-20T1800,3423A,119.0138,31.6494,南京市,溧水永阳,,39,12,6,8,9,122,,100,100,10,10,4,4,0.4,0.5
2024-08-20T1800,3424A,118.879,31.3302,南京市,高淳老职中,,43,21,13,15,11,135,,110,110,6,9,4,4,0.6,0.5
2024-08-20T1800,3427A,118.8554,32.3578,南京市,六合雄州,,,,11,8,7,77,,86,86,29,7,4,4,,0.4
2024-08-20T1800,1401A,108.3103,22.7881,南宁市,二十一中,,24,22,25,16,15,76,,106,106,11,12,3,3,0.9,0.9
2024-08-20T1800,1402A,108.3141,22.8528,南宁市,北湖,,24,21,27,16,17,74,,108,108,18,13,2,3,0.8,0.8
2024-08-20T1800,1403A,108.3206,22.8225,南宁市,市监测站,,26,26,26,16,18,80,,107,107,18,15,4,5,0.7,0.7
2024-08-20T1800,1404A,108.3829,22.8037,南宁市,大自然花园,,35,,24,24,18,73,,96,96,13,11,4,4,0.6,0.7
2024-08-20T1800,1405A,108.4394,22.7904,南宁市,仙葫,,28,28,26,14,16,63,,90,89,6,8,5,6,0.6,0.6
2024-08-20T1800,1406A,108.2397,22.8467,南宁市,区农职院,,26,26,28,18,15,80,,98,98,18,14,5,6,0.9,0.9
2024-08-20T1800,1407A,108.3275,22.735,南宁市,英华嘉园,,40,,30,28,19,61,,88,88,16,18,5,5,0.7,0.7
2024-08-20T1800,1408A,108.2257,22.7757,南宁市,沙井镇街道办,,32,28,32,22,19,68,,98,98,20,19,2,2,0.8,0.8
2024-08-20T1800,3401A,108.4834,22.7618,南宁市,红星社区,,32,28,26,22,15,61,,97,94,9,10,5,5,0.8,0.8
2024-08-20T1800,2331A,118.0966,26.6761,南平市,茫荡山,,,,,,,,,,,,,,,,
2024-08-20T1800,2332A,118.1681,26.6369,南平市,南平市监测站,,20,7,15,3,3,63,,67,67,7,9,4,4,0.9,0.9
2024-08-20T1800,2333A,118.1825,26.6489,南平市,南平铝业有限公司,,27,27,16,3,6,47,,64,64,11,9,5,5,0.6,0.6
2024-08-20T1800,2334A,118.1756,26.6272,南平市,南平七中,,21,21,22,3,6,61,,66,66,3,6,4,4,0.5,0.6
2024-08-20T1800,1168A,120.9098,31.9663,南通市,狼山街道,,33,16,15,13,9,103,,113,113,13,10,6,7,0.7,0.6
2024-08-20T1800,1169A,120.86,32.0005,南通市,虹桥,,30,25,20,11,11,93,,103,103,13,11,5,7,0.8,0.6
2024-08-20T1800,1170A,120.87,32.02,南通市,城中,,31,28,24,12,9,99,,110,110,14,12,6,7,0.6,0.5
2024-08-20T1800,1171A,120.94,31.93,南通市,星湖花园,,24,21,13,11,5,75,,106,106,48,18,5,6,0.7,0.6
2024-08-20T1800,1172A,120.81,32.0417,南通市,紫琅学院,,30,17,15,8,8,95,,106,106,16,14,7,8,0.8,0.7
2024-08-20T1800,3291A,121.067,32.062,南通市,通州监测站,,44,44,18,19,8,96,,98,98,12,7,4,5,0.8,0.6
2024-08-20T1800,3432A,120.9348,31.9883,南通市,环境教育馆,,37,24,22,12,8,118,,119,119,13,12,5,5,0.6,0.4
2024-08-20T1800,2404A,112.5224,33.0122,南阳市,瓦房庄,,43,28,26,19,16,136,,138,138,8,10,5,5,0.5,0.5
2024-08-20T1800,2405A,112.5003,32.9735,南阳市,汉画馆,,40,35,31,21,19,126,,129,129,10,10,4,5,0.6,0.6
2024-08-20T1800,2406A,112.5573,33.027,南阳市,气象站,,42,30,25,19,15,132,,133,133,7,8,5,5,0.6,0.4
2024-08-20T1800,2407A,112.5481,32.9689,南阳市,理工学院,,41,23,24,12,12,130,,126,126,8,10,4,5,0.5,0.5
2024-08-20T1800,4008A,112.5234,32.9922,南阳市,卧龙区政府,,41,26,23,15,16,130,,132,132,10,12,5,5,0.5,0.7
2024-08-20T1800,1234A,121.8358,29.911,宁波市,区环保大楼,,47,47,21,11,9,70,,104,102,19,10,7,8,0.7,0.7
2024-08-20T1800,1235A,121.56,29.82,宁波市,万里学院,,30,23,21,10,11,96,,112,112,10,12,10,10,0.8,0.7
2024-08-20T1800,1236A,121.713,29.9572,宁波市,龙赛医院,,31,25,15,11,8,98,,114,114,8,9,8,8,0.6,0.6
2024-08-20T1800,1239A,121.633,29.7733,宁波市,钱湖水厂,,29,21,15,10,8,92,,103,103,10,8,7,7,0.6,0.6
2024-08-20T1800,1240A,121.5856,29.8635,宁波市,太古小学,,30,23,18,14,7,95,,110,110,11,11,6,6,0.7,0.7
2024-08-20T1800,1241A,121.524,29.8674,宁波市,市环境监测中心,,32,23,15,14,6,100,,114,114,8,8,5,4,0.7,0.7
2024-08-20T1800,2871A,121.6147,29.9017,宁波市,万里国际学校,,33,24,16,15,10,103,,122,120,7,9,6,6,0.4,0.4
2024-08-20T1800,3710A,121.5594,29.8975,宁波市,白沙活动中心,,33,26,20,9,6,105,,118,118,9,10,7,7,0.6,0.6
2024-08-20T1800,2339A,119.5001,26.6946,宁德市,金涵水库,,,,,,,,,,,,,,,,
2024-08-20T1800,2341A,119.5388,26.6612,宁德市,宁德市监测站,,15,15,20,6,9,40,,53,53,13,12,4,5,1.0,0.7
2024-08-20T1800,3209A,119.5231,26.6562,宁德市,宁德一中,,15,15,21,6,9,39,,52,52,12,8,5,4,1.2,0.7
2024-08-20T1800,2618A,98.8601,25.8567,怒江傈僳族自治州,州监测站,,21,21,28,14,15,51,,51,51,7,11,5,5,0.5,0.6
2024-08-20T1800,2619A,98.8546,25.8417,怒江傈僳族自治州,泸水一中,,39,39,24,13,13,40,,44,44,14,14,5,5,0.4,0.4
2024-08-20T1800,1888A,101.6891,26.571,攀枝花市,弄弄坪,颗粒物(PM10),53,56,52,27,22,130,,135,135,19,24,2,10,1.9,1.4
2024-08-20T1800,1889A,101.5769,26.5928,攀枝花市,河门口,,30,29,27,17,14,96,,116,116,12,16,6,8,0.7,0.8
2024-08-20T1800,1890A,101.7169,26.585,攀枝花市,炳草岗,臭氧1小时,54,49,50,24,21,163,,145,145,16,30,20,15,1.5,1.3
2024-08-20T1800,1891A,101.7369,26.5008,攀枝花市,仁和,,40,40,36,26,19,106,,132,132,14,18,6,11,0.6,1.1
2024-08-20T1800,2835A,101.7227,26.567,攀枝花市,四十中小,,50,45,37,27,20,159,,150,150,24,34,22,11,1.8,1.2
2024-08-20T1800,1604A,122.0303,41.1489,盘锦市,开发区,,17,13,32,8,17,53,,48,48,14,12,8,6,0.5,0.5
2024-08-20T1800,1605A,122.0485,41.0883,盘锦市,兴隆台,,14,9,35,3,30,44,,44,44,14,19,5,6,0.8,0.8
2024-08-20T1800,1606A,121.8297,41.1028,盘锦市,新生街道,,17,7,26,7,14,52,,44,44,6,12,4,4,0.7,0.8
2024-08-20T1800,1832A,113.3257,33.742,平顶山市,新华旅馆,细颗粒物(PM2.5),52,,37,36,32,136,,148,146,8,10,4,6,0.2,0.6
2024-08-20T1800,1833A,113.2919,33.737,平顶山市,规划设计院,,44,24,26,12,18,140,,152,152,10,13,7,8,0.8,0.9
2024-08-20T1800,1834A,113.182,33.774,平顶山市,平顶山工学院,,49,27,23,12,13,154,,147,147,8,13,5,6,0.7,0.8
2024-08-20T1800,3204A,113.3025,33.73,平顶山市,规划局,,42,31,28,20,22,134,,144,144,10,11,2,4,0.4,0.5
2024-08-20T1800,3594A,112.8867,33.9116,平顶山市,石龙区,,47,41,40,18,18,150,,134,134,9,12,9,9,0.5,0.5
2024-08-20T1800,2656A,106.6692,35.5461,平凉市,聚贤嘉苑,,38,30,33,10,13,121,,125,125,15,26,8,8,0.2,0.2
2024-08-20T1800,2657A,106.7021,35.5307,平凉市,博物馆,,42,35,41,14,13,133,,124,124,12,26,9,9,0.6,0.6
2024-08-20T1800,2347A,114.0997,27.5002,萍乡市,武功山,,39,6,10,3,5,124,,114,114,5,4,9,9,0.6,0.5
2024-08-20T1800,2348A,113.8385,27.6434,萍乡市,中医院,,32,18,35,14,19,100,,112,112,10,18,5,8,0.6,0.9
2024-08-20T1800,2349A,113.8493,27.6253,萍乡市,市政府车库,,29,26,30,14,17,90,,97,97,3,10,11,14,0.5,0.8
2024-08-20T1800,2350A,113.8676,27.6435,萍乡市,市环保局,,31,31,29,3,15,92,,103,103,1,9,11,14,0.7,1
2024-08-20T1800,2351A,113.866,27.6198,萍乡市,安源区政府,,29,17,29,6,8,92,,97,97,5,10,8,10,0.4,0.6
2024-08-20T1800,2319A,119.0141,25.4325,莆田市,荔城区仓后路,,15,14,12,3,2,47,,48,48,7,8,6,6,0.5,0.5
2024-08-20T1800,2320A,119.0015,25.4553,莆田市,莆田市监测站,,14,12,14,3,1,43,,48,48,11,9,6,6,0.6,0.6
2024-08-20T1800,2321A,119.1119,25.4561,莆田市,涵江区六中,,14,9,12,3,2,44,,46,45,8,9,6,6,0.4,0.4
2024-08-20T1800,2322A,119.1013,25.3215,莆田市,秀屿区政府,,,,21,10,2,44,,56,52,12,8,6,6,0.5,0.5
2024-08-20T1800,2323A,118.981,25.4792,莆田市,东圳水库,,,,,,,,,,,,,,,,
2024-08-20T1800,2392A,115.0312,35.7636,濮阳市,环保局,颗粒物(PM10),62,74,29,15,15,129,,122,122,9,14,5,7,0.5,0.8
2024-08-20T1800,2394A,115.0574,35.7609,濮阳市,油田运输公司,,44,22,22,15,16,139,,134,134,6,10,2,3,0.3,0.5
2024-08-20T1800,2395A,115.0866,35.7754,濮阳市,油田物探公司,,42,27,24,18,19,132,,131,131,4,7,5,6,0.5,0.7
2024-08-20T1800,3021A,115,35.7668,濮阳市,濮水河管理处,,36,17,22,16,18,115,,103,103,3,8,3,4,0.3,0.6
2024-08-20T1800,2601A,100.98,22.7633,普洱市,市环保局,,19,18,18,12,13,60,,60,60,6,8,5,4,0.5,0.5
2024-08-20T1800,2602A,100.9817,22.8322,普洱市,普洱第二中学,,22,22,18,11,10,57,,59,59,8,7,6,6,0.5,0.4
2024-08-20T1800,2262A,131.0518,45.8751,七台河市,新一中,,22,20,13,8,7,68,,68,68,7,6,9,9,1.0,1.1
2024-08-20T1800,3345A,131.0577,45.7879,七台河市,中波台,,15,6,6,3,6,47,,52,52,11,10,9,10,0.3,0.3
2024-08-20T1800,3637A,131.0176,45.7761,七台河市,人民广场,,17,16,19,8,10,52,,62,62,14,9,12,13,0.4,0.3
2024-08-20T1800,3684A,130.8781,45.8222,七台河市,新建矿广场,,28,22,15,19,13,58,,61,61,14,15,6,9,0.4,0.4
2024-08-20T1800,1779A,123.9305,47.3636,齐齐哈尔市,安居小区,,30,30,20,7,8,57,,70,70,23,10,7,6,0.5,0.4
2024-08-20T1800,1780A,123.9488,47.3386,齐齐哈尔市,中心广场,,21,18,16,10,6,65,,67,67,14,10,2,2,0.3,0.3
2024-08-20T1800,1781A,123.9483,47.3227,齐齐哈尔市,农牧车辆厂,,27,27,24,3,5,72,,73,73,8,6,8,8,0.1,0.1
2024-08-20T1800,1783A,123.945,47.2988,齐齐哈尔市,市环境监测站,,,,16,,7,67,,69,69,12,8,7,7,0.2,0.2
2024-08-20T1800,3662A,123.6333,47.2075,齐齐哈尔市,富区青少年活动中心,,22,17,16,3,6,68,,77,77,13,7,4,4,0.4,0.4
2024-08-20T1800,2591A,107.9783,26.5747,黔东南苗族侗族自治州,市环境监测站,,27,20,24,15,16,84,,90,90,19,14,4,3,0.5,0.6
2024-08-20T1800,2881A,107.8908,26.5311,黔东南苗族侗族自治州,凯里学院,,33,14,21,13,15,104,,95,95,6,11,5,5,0.4,0.5
2024-08-20T1800,2593A,107.5228,26.2403,黔南布依族苗族自治州,小围寨,,32,6,15,3,6,102,,89,89,3,8,4,4,0.4,0.5
2024-08-20T1800,3538A,107.5175,26.2978,黔南布依族苗族自治州,沙坝,,35,9,16,3,8,110,,99,99,2,9,4,4,0.4,0.5
2024-08-20T1800,2589A,104.9022,25.0925,黔西南布依族苗族自治州,场坝街,,,14,24,12,17,95,,104,104,5,15,2,30,,0.3
2024-08-20T1800,2590A,104.8811,25.0992,黔西南布依族苗族自治州,坪东大道,,30,21,28,3,17,95,,104,104,2,13,6,10,0.0,0.2
2024-08-20T1800,2502A,108.6236,21.9667,钦州市,市环保站,,22,22,23,3,8,64,,86,86,15,15,9,9,0.5,0.6
2024-08-20T1800,2503A,108.6549,21.9481,钦州市,沙埠小学,,22,17,25,14,11,68,,90,87,13,16,7,7,0.6,0.7
2024-08-20T1800,2504A,108.5989,21.7431,钦州市,港区一小,,22,17,28,6,9,68,,69,69,7,12,8,11,0.5,0.6
2024-08-20T1800,3404A,108.5959,21.9633,钦州市,北职校,,24,24,24,10,11,69,,88,88,8,12,6,6,0.6,0.7
2024-08-20T1800,1042A,119.5134,39.8207,秦皇岛市,北戴河环保局,,24,17,20,3,5,74,,73,70,10,11,2,1,0.3,0.4
2024-08-20T1800,1043A,119.7493,40.0116,秦皇岛市,第一关,,15,12,23,7,19,48,,60,50,12,12,3,3,0.3,0.3
2024-08-20T1800,1044A,119.5897,39.9499,秦皇岛市,监测站,,25,24,28,17,19,45,,66,56,16,12,3,3,0.3,0.3
2024-08-20T1800,1046A,119.5251,39.9041,秦皇岛市,建设大厦,,17,11,14,3,6,54,,70,62,10,9,3,3,0.1,0.1
2024-08-20T1800,3132A,119.610547,39.943889,秦皇岛市,文明里,,20,6,13,3,8,63,,66,61,5,9,3,3,0.5,0.5
2024-08-20T1800,1307A,120.6659,36.2403,青岛市,仰口,,20,,4,7,8,62,,58,58,2,2,8,8,0.0,0
2024-08-20T1800,1310A,120.4134,36.0658,青岛市,市南区东部子站,,13,6,9,3,0,41,,64,40,11,11,6,6,0.6,0.5
2024-08-20T1800,1311A,120.3664,36.1032,青岛市,四方区子站,,11,6,4,3,3,35,,68,36,14,10,9,9,0.6,0.6
2024-08-20T1800,1312A,120.2994,36.054,青岛市,市南区西部子站,,,12,10,,2,28,,75,35,17,12,7,7,0.7,0.6
2024-08-20T1800,1313A,120.4581,36.0858,青岛市,崂山区子站,,15,9,11,3,1,46,,70,44,11,13,8,7,0.5,0.5
2024-08-20T1800,1314A,120.1983,35.9608,青岛市,黄岛区子站,,17,12,6,7,4,26,,85,38,33,15,8,7,0.5,0.5
2024-08-20T1800,1315A,120.3999,36.3083,青岛市,城阳区子站,,13,6,10,3,7,40,,53,49,9,17,6,6,0.5,0.5
2024-08-20T1800,1966A,120.0405,35.8735,青岛市,黄岛区4号,,17,6,6,3,1,25,,83,40,34,13,10,9,0.5,0.5
2024-08-20T1800,3362A,120.5014,36.4034,青岛市,即墨2号,,15,7,7,3,5,46,,62,58,4,8,6,6,0.3,0.3
2024-08-20T1800,3642A,120.3503,36.0736,青岛市,市北区南部,,12,7,11,3,2,37,,67,33,17,18,7,7,0.6,0.5
2024-08-20T1800,3643A,120.3948,36.1805,青岛市,李沧区北部,,13,7,6,3,6,32,,57,38,25,20,8,8,0.6,0.5
2024-08-20T1800,1702A,113.0426,23.691,清远市,环保大楼,,30,14,35,9,14,93,,86,86,5,15,5,7,0.7,0.7
2024-08-20T1800,1703A,113.0208,23.7106,清远市,凤城街办,,26,,26,10,15,82,,72,72,4,16,4,5,0.4,0.5
2024-08-20T1800,3025A,113.0477,23.6344,清远市,技师学院,,,20,28,16,17,113,,89,89,,15,4,4,0.3,0.6
2024-08-20T1800,3318A,112.9903,23.7403,清远市,清新太和,,24,11,27,6,14,74,,70,70,3,10,3,4,0.7,0.8
2024-08-20T1800,3455A,113.076,23.7198,清远市,清城东城,,28,11,21,7,12,88,,81,81,1,9,6,6,0.7,0.8
2024-08-20T1800,2661A,107.6325,35.7357,庆阳市,庆阳五中,,37,35,38,9,18,116,,135,134,9,9,5,6,0.5,0.5
2024-08-20T1800,2662A,107.6364,35.7067,庆阳市,市环保局,,37,31,34,11,19,116,,132,132,10,9,8,8,0.5,0.5
2024-08-20T1800,1916A,103.7897,25.5035,曲靖市,环境监测站,颗粒物(PM10),74,98,43,12,19,148,,133,133,14,15,5,6,0.8,0.9
2024-08-20T1800,1917A,103.8,25.5364,曲靖市,烟厂办公区,,46,19,34,12,22,146,,125,125,6,16,4,4,0.4,0.6
2024-08-20T1800,3376A,103.7947,25.462,曲靖市,南苑二区,臭氧1小时,59,19,27,12,19,167,,138,138,10,13,6,8,0.5,0.7
2024-08-20T1800,3377A,103.7444,25.5261,曲靖市,曲靖师范学院,臭氧1小时,60,18,37,10,26,168,,144,144,7,19,6,14,0.4,0.6
2024-08-20T1800,1264A,118.8692,28.9398,衢州市,环保大楼,,30,20,20,10,11,96,,92,92,11,17,2,4,0.5,0.5
2024-08-20T1800,1265A,118.8709,28.9666,衢州市,实验学校,,30,18,23,6,7,94,,87,87,8,15,6,6,0.4,0.4
2024-08-20T1800,1266A,118.8621,28.9808,衢州市,衢州学院,,29,19,19,9,11,92,,91,91,11,20,5,4,0.4,0.4
2024-08-20T1800,1611A,118.5819,24.9117,泉州市,涂山街,,15,11,11,7,6,48,,50,48,9,7,4,4,0.5,0.5
2024-08-20T1800,1612A,118.5972,24.8978,泉州市,津头埔,,16,12,12,7,6,49,,50,48,13,13,2,2,0.6,0.6
2024-08-20T1800,1613A,118.6663,24.9424,泉州市,万安,,15,13,11,3,5,48,,51,48,8,7,2,2,0.5,0.5
2024-08-20T1800,1614A,118.6117,24.9604,泉州市,清源山,,,,,,,,,,,,,,,,
2024-08-20T1800,3529A,118.6333,24.9264,泉州市,城华南路,,15,12,9,3,5,45,,44,43,9,9,3,2,0.5,0.4
2024-08-20T1800,2626A,88.8876,29.2718,日喀则市,日喀则监测站,,31,7,12,3,5,97,,102,102,12,7,5,5,0.4,0.4
2024-08-20T1800,3726A,88.8781,29.2426,日喀则市,林业技术推广中心,,34,6,7,3,5,106,,104,104,6,6,7,7,0.4,0.4
2024-08-20T1800,1659A,119.471,35.4209,日照市,监测站,,13,,6,9,6,33,,70,46,12,13,10,9,0.3,0.3
2024-08-20T1800,1660A,119.523,35.4216,日照市,市政府广场,,11,6,10,3,5,35,,80,48,6,11,10,11,0.4,0.4
2024-08-20T1800,1661A,119.5587,35.4044,日照市,港务局,,15,,13,9,7,46,,81,55,5,10,9,8,0.5,0.3
2024-08-20T1800,3507A,119.5328,35.4625,日照市,职业技术学院,,12,7,7,3,4,38,,79,53,9,13,8,9,0.5,0.5
2024-08-20T1800,3604A,119.3266,35.1044,日照市,岚山环保分局,,10,7,12,3,2,32,,63,44,14,15,8,8,0.4,0.4
2024-08-20T1800,1835A,111.1922,34.7752,三门峡市,市政府,,42,37,30,6,16,134,,132,132,8,9,8,10,0.5,0.6
2024-08-20T1800,1836A,111.1587,34.7942,三门峡市,开发区,,42,8,30,3,17,133,,133,133,11,12,8,10,0.4,0.6
2024-08-20T1800,1838A,111.143,34.7955,三门峡市,风景区,,,,,,,,,,,,,,,,
2024-08-20T1800,3039A,111.1911,34.7829,三门峡市,三门峡市第一小学,,42,39,29,7,14,133,,131,131,9,9,8,10,0.5,0.6
2024-08-20T1800,3598A,111.1,34.7167,三门峡市,富达温泉假日酒店,,44,,41,3,19,138,,136,136,9,11,9,11,0.5,0.5
2024-08-20T1800,2324A,117.6211,26.2625,三明市,三钢,,20,,17,3,6,61,,68,68,8,10,5,5,0.6,0.7
2024-08-20T1800,2325A,117.635,26.2714,三明市,三明二中,,,,20,7,7,60,,71,71,9,9,2,2,0.6,0.6
2024-08-20T1800,2326A,117.6028,26.2378,三明市,三元区政府,,17,6,30,6,12,54,,66,66,12,9,1,3,0.5,0.6
2024-08-20T1800,2327A,117.7275,26.3108,三明市,洋溪,,,,,,,,,,,,,,,,
2024-08-20T1800,1876A,109.5078,18.2489,三亚市,河东子站,,17,17,16,6,8,38,,57,56,9,8,3,2,0.3,0.3
2024-08-20T1800,1877A,109.4964,18.2681,三亚市,河西子站,,14,13,16,7,7,43,,58,56,3,8,2,2,0.2,0.2
2024-08-20T1800,3540A,109.7348,18.3443,三亚市,君悦子站,,21,21,18,3,7,32,,56,55,12,9,2,2,0.3,0.4
2024-08-20T1800,2624A,91.7608,29.2313,山南市,山南监测站,,25,23,8,3,4,79,,90,90,4,4,7,7,0.2,0.2
2024-08-20T1800,2625A,91.7706,29.2436,山南市,山南人民医院,,25,13,15,6,8,80,,83,83,8,8,7,7,0.1,0.1
2024-08-20T1800,1674A,116.6794,23.3667,汕头市,金平子站,,10,6,10,6,4,30,,42,42,13,7,4,4,0.8,0.7
2024-08-20T1800,1675A,116.7244,23.3633,汕头市,龙湖子站,,13,9,9,3,4,40,,47,47,12,8,5,5,0.6,0.5
2024-08-20T1800,1676A,116.7258,23.2775,汕头市,濠江子站,,15,12,13,3,5,45,,49,49,15,14,4,5,0.6,0.6
2024-08-20T1800,1677A,116.7519,23.4714,汕头市,澄海子站,,14,14,12,3,6,36,,50,50,22,11,3,3,0.9,0.8
2024-08-20T1800,1678A,116.6092,23.2539,汕头市,潮阳子站,,14,6,10,3,4,42,,48,48,2,2,4,4,0.5,0.5
2024-08-20T1800,3444A,116.454,23.2684,汕头市,潮南峡山,,15,15,10,7,4,46,,48,48,4,4,5,5,0.7,0.7
2024-08-20T1800,3624A,116.4069,23.2533,汕头市,潮南子站,,22,22,12,9,6,49,,51,51,9,8,4,4,0.7,0.7
2024-08-20T1800,1693A,115.3653,22.775,汕尾市,市环保局,,17,17,17,8,7,52,,46,46,12,15,6,6,0.5,0.5
2024-08-20T1800,1694A,115.3706,22.7898,汕尾市,市政府,,18,18,14,7,5,47,,44,44,10,12,5,5,0.4,0.4
2024-08-20T1800,1695A,115.3622,22.7925,汕尾市,新城中学,,20,20,20,3,7,53,,46,46,8,12,6,6,0.5,0.5
2024-08-20T1800,2645A,109.9154,33.8715,商洛市,监测站,,41,41,27,14,13,111,,117,117,8,16,3,4,0.4,0.5
2024-08-20T1800,3045A,109.9643,33.8471,商洛市,商州区中学,颗粒物(PM10),52,53,37,18,13,107,,113,113,8,19,12,8,0.5,0.6
2024-08-20T1800,2408A,115.6702,34.4285,商丘市,环境监测站,,45,24,20,14,16,142,,136,136,6,8,4,5,0.5,0.5
2024-08-20T1800,2409A,115.6458,34.4045,商丘市,粮食局,,47,25,23,11,17,149,,141,141,5,7,6,7,0.2,0.2
2024-08-20T1800,2410A,115.6293,34.3948,商丘市,睢阳区环保局,,50,31,25,15,20,158,,147,147,2,4,5,6,0.3,0.4
2024-08-20T1800,3171A,115.6071,34.4465,商丘市,梁园区档案局,,49,27,26,18,21,154,,144,144,4,8,6,7,0.4,0.5
2024-08-20T1800,1141A,121.4,31.238,上海市,普陀,,48,22,22,13,10,152,,120,120,15,13,5,6,0.4,0.3
2024-08-20T1800,1142A,121.478,31.2036,上海市,十五厂,臭氧1小时,52,27,24,18,13,161,,121,121,20,13,9,8,0.6,0.4
2024-08-20T1800,1143A,121.467,31.3008,上海市,虹口,,46,24,24,12,13,145,,108,108,17,13,8,8,0.7,0.5
2024-08-20T1800,1144A,121.412,31.1654,上海市,徐汇上师大,,50,31,26,21,14,160,,129,129,21,18,5,5,0.6,0.4
2024-08-20T1800,1145A,121.536,31.2659,上海市,杨浦四漂,,46,41,26,17,12,145,,114,114,17,13,7,6,0.4,0.4
2024-08-20T1800,1147A,121.425,31.2261,上海市,静安监测站,,50,24,22,13,12,159,,122,122,20,13,7,6,0.6,0.5
2024-08-20T1800,1148A,121.703,31.1907,上海市,浦东川沙,,44,23,26,13,15,138,,117,117,14,17,6,6,0.7,0.6
2024-08-20T1800,1149A,121.533,31.2284,上海市,浦东新区监测站,,47,19,21,14,12,149,,110,110,14,12,6,5,0.6,0.4
2024-08-20T1800,1150A,121.577,31.2071,上海市,浦东张江,,38,23,26,19,13,121,,97,97,23,16,5,6,0.7,0.6
2024-08-20T1800,3265A,121.4316,31.3322,上海市,宝山庙行,,49,27,23,18,17,156,,116,116,14,12,7,6,0.5,0.4
2024-08-20T1800,3266A,121.8791,31.4662,上海市,崇明上实东滩,,36,16,18,10,14,114,,101,101,16,10,9,9,0.8,0.7
2024-08-20T1800,3268A,121.3162,31.2838,上海市,嘉定南翔,,47,21,20,15,12,149,,121,121,18,16,6,7,0.6,0.5
2024-08-20T1800,3269A,121.3359,30.7456,上海市,金山新城,臭氧1小时,90,30,18,17,10,192,,164,164,8,11,5,8,0.7,0.6
2024-08-20T1800,3270A,121.4996,31.0739,上海市,闵行浦江,,,21,21,20,16,148,,127,127,20,18,6,7,,0.5
2024-08-20T1800,3271A,121.2886,31.1663,上海市,青浦徐泾,,48,24,18,17,12,151,,130,130,12,16,7,7,0.6,0.5
2024-08-20T1800,3272A,121.2186,31.0378,上海市,松江图书馆,臭氧1小时,57,29,18,18,10,165,,138,138,14,15,6,6,0.7,0.6
2024-08-20T1800,3273A,121.3902,31.2059,上海市,长宁仙霞,,45,19,22,16,11,142,,123,123,20,14,7,8,0.7,0.6
2024-08-20T1800,3274A,121.7965,31.0507,上海市,浦东惠南,,,,23,16,15,152,,131,131,20,12,8,8,0.7,0.6
2024-08-20T1800,3544A,121.4891,30.925,上海市,奉贤南桥新城,,47,33,19,14,11,149,,129,129,13,14,6,7,0.7,0.7
2024-08-20T1800,2381A,118.005,28.4572,上饶市,百草园,,33,33,25,3,11,62,,69,69,9,4,2,2,0.8,0.4
2024-08-20T1800,2382A,117.9756,28.4436,上饶市,市监测站,,27,27,27,13,12,55,,62,62,13,9,2,9,0.6,0.6
2024-08-20T1800,2383A,117.9519,28.4628,上饶市,凤凰光学,,30,30,25,15,13,53,,62,62,15,8,4,7,1.0,1
2024-08-20T1800,3413A,118.1953,28.4401,上饶市,广丰区教体局,,20,16,13,12,6,62,,65,65,9,7,4,4,0.7,0.8
2024-08-20T1800,3685A,117.897,28.4315,上饶市,双创科技城,,30,30,28,13,12,46,,63,63,14,11,4,9,0.7,0.7
2024-08-20T1800,1669A,113.5824,24.7733,韶关市,市八中,,40,40,28,21,14,88,,81,81,15,11,13,12,1.1,0.9
2024-08-20T1800,1671A,113.5917,24.7972,韶关市,园林处,,29,20,22,15,16,92,,79,79,7,9,11,13,0.9,0.8
2024-08-20T1800,1672A,113.6735,24.7791,韶关市,韶关学院,,25,25,33,16,21,76,,72,72,9,13,11,10,0.6,0.6
2024-08-20T1800,1673A,113.5971,24.6863,韶关市,曲江监测站,,25,22,27,16,17,77,,87,87,7,13,9,13,0.7,0.7
2024-08-20T1800,3622A,113.5556,24.8082,韶关市,碧湖山庄,,33,33,27,22,13,84,,84,84,6,8,9,10,0.4,0.6
2024-08-20T1800,2462A,111.5239,27.3033,邵阳市,市水土所,,35,29,32,24,18,104,,106,106,2,3,5,4,0.5,0.5
2024-08-20T1800,2463A,111.4733,27.2317,邵阳市,市一中,,39,38,38,20,19,124,,116,116,4,7,9,9,0.4,0.5
2024-08-20T1800,2464A,111.5283,27.2442,邵阳市,市化工厂,,39,26,34,13,22,124,,118,118,6,9,9,11,0.5,0.4
2024-08-20T1800,2465A,111.4503,27.2537,邵阳市,市罐头厂,,45,45,34,26,23,116,,112,112,6,7,6,7,0.4,0.4
2024-08-20T1800,2466A,111.4328,27.2272,邵阳市,市环保局,,36,32,34,22,25,115,,112,112,5,8,7,9,0.3,0.3
2024-08-20T1800,1247A,120.6053,29.9928,绍兴市,城东开发委,,26,15,15,3,9,82,,102,102,15,8,5,6,0.7,0.5
2024-08-20T1800,2921A,120.5483,30.0003,绍兴市,树下王站,,30,18,14,16,9,95,,108,108,6,6,4,4,0.6,0.6
2024-08-20T1800,3408A,120.5683,29.9361,绍兴市,绍兴中专,,32,16,14,8,9,102,,108,108,7,7,3,3,0.6,0.5
2024-08-20T1800,3409A,120.4906,30.0861,绍兴市,柯桥区政府,,37,25,15,14,8,116,,117,117,14,9,5,5,0.8,0.6
2024-08-20T1800,3410A,120.8752,30.0249,绍兴市,重华小学,臭氧1小时,78,48,16,28,10,182,,148,148,16,10,7,7,0.8,0.6
2024-08-20T1800,3411A,120.8369,30.0137,绍兴市,上虞中学,臭氧1小时,69,43,17,27,12,175,,134,134,11,10,6,6,0.7,0.6
2024-08-20T1800,3560A,120.4722,30.0415,绍兴市,柯桥妇保,,32,25,19,15,12,102,,106,106,10,8,6,6,0.6,0.5
2024-08-20T1800,3658A,120.6153,30.0764,绍兴市,袍江中学,,39,20,17,19,11,123,,126,126,16,7,2,3,0.7,0.5
2024-08-20T1800,1356A,114.1063,22.5545,深圳市,通心岭子站,,18,18,15,7,7,41,,38,35,15,15,5,6,0.3,0.4
2024-08-20T1800,1357A,114.117,22.5625,深圳市,洪湖,,15,15,20,10,12,46,,38,37,18,20,6,6,0.3,0.4
2024-08-20T1800,1358A,113.987,22.5417,深圳市,华侨城,,19,19,19,8,7,53,,44,43,10,14,5,5,0.6,0.6
2024-08-20T1800,1359A,113.9181,22.5171,深圳市,南海子站,,27,27,25,16,12,51,,40,40,18,25,7,7,0.5,0.5
2024-08-20T1800,1360A,114.2458,22.5689,深圳市,盐田,,,8,8,,12,43,,30,30,,25,,7,0.2,0.2
2024-08-20T1800,1361A,114.2283,22.7244,深圳市,龙岗,,20,20,21,8,9,51,,42,42,18,23,4,4,0.8,0.8
2024-08-20T1800,1363A,114.494,22.5422,深圳市,南澳,,19,13,15,3,12,58,,48,48,12,8,7,7,0.4,0.3
2024-08-20T1800,1364A,114.41,22.6342,深圳市,葵涌,,20,20,17,10,7,58,,37,37,12,22,6,6,0.6,0.7
2024-08-20T1800,1365A,114.297,22.5978,深圳市,梅沙,,25,25,20,10,8,37,,32,32,20,21,5,5,0.4,0.4
2024-08-20T1800,1366A,114.0678,22.738,深圳市,观澜,,25,25,26,11,12,50,,45,45,19,19,5,6,0.6,0.6
2024-08-20T1800,3305A,114.0731,22.559,深圳市,莲花,,16,14,18,9,9,51,,30,30,7,11,5,5,0.3,0.4
2024-08-20T1800,3306A,114.0261,22.6198,深圳市,民治,,16,14,17,10,10,49,,37,37,19,21,6,6,0.6,0.6
2024-08-20T1800,3307A,114.1871,22.6451,深圳市,横岗,,20,20,19,9,10,39,,41,40,24,27,6,6,0.5,0.5
2024-08-20T1800,3447A,114.3551,22.7151,深圳市,坪山,,20,20,17,10,9,40,,37,37,12,12,4,4,0.5,0.5
2024-08-20T1800,3623A,113.8953,22.5861,深圳市,西乡,,19,19,24,8,9,44,,31,31,23,29,6,6,0.5,0.4
2024-08-20T1800,1098A,123.6836,41.9339,沈阳市,森林路,,,,,,,,,,,,,,,,
2024-08-20T1800,1099A,123.505,41.7406,沈阳市,浑南东路,,26,26,23,15,13,54,,83,81,18,27,5,6,0.8,0.9
2024-08-20T1800,1100A,123.4231,41.6989,沈阳市,新秀街,,19,19,22,12,13,49,,76,74,21,28,4,5,0.6,0.8
2024-08-20T1800,1102A,123.5903,41.8411,沈阳市,东陵路,,20,19,28,14,11,49,,54,54,18,22,9,10,0.7,0.9
2024-08-20T1800,1103A,123.4264,41.8467,沈阳市,陵东街,,23,23,23,12,11,65,,57,57,20,29,6,6,0.7,1
2024-08-20T1800,1104A,123.4114,41.7653,沈阳市,文化路,,26,26,28,16,16,71,,81,81,13,27,8,9,0.6,0.8
2024-08-20T1800,1105A,123.4678,41.7867,沈阳市,小河沿,,26,26,21,15,13,59,,60,60,19,25,6,7,0.8,0.9
2024-08-20T1800,1106A,123.4017,41.7972,沈阳市,太原街,,25,24,24,17,18,68,,72,72,15,26,4,4,0.7,0.7
2024-08-20T1800,1108A,123.3783,41.9228,沈阳市,京沈街,,29,29,27,13,14,67,,73,73,19,20,9,10,0.7,0.8
2024-08-20T1800,2897A,123.2444,41.7347,沈阳市,沈辽西路,,39,39,36,15,16,64,,77,77,30,34,6,6,0.9,0.8
2024-08-20T1800,2900A,123.5953,41.9086,沈阳市,裕农路,,24,24,22,12,10,40,,46,46,15,14,5,5,0.9,0.8
2024-08-20T1800,2428A,111.0419,32.395,十堰市,武当山,,34,20,16,11,12,108,,100,100,2,1,10,10,0.8,0.7
2024-08-20T1800,2429A,110.78,32.6494,十堰市,滨河新村,,36,36,26,20,20,101,,93,93,7,15,8,8,0.6,0.7
2024-08-20T1800,2430A,110.7258,32.6389,十堰市,刘家沟,,,22,29,,21,103,,100,100,8,12,3,3,0.7,0.7
2024-08-20T1800,2431A,110.8839,32.5714,十堰市,铁二处,,35,25,19,24,18,108,,100,100,13,11,7,7,0.6,0.6
2024-08-20T1800,3545A,110.8054,32.8401,十堰市,郧阳区金沙路,,35,27,18,6,12,109,,100,100,8,10,4,4,0.7,0.7
2024-08-20T1800,2709A,86.0497,44.2967,石河子市,艾青诗歌馆,,38,21,15,14,12,121,,104,104,8,17,12,8,0.5,0.5
2024-08-20T1800,3442A,86.047,44.2331,石河子市,南区管委会,,40,15,9,15,7,125,,102,102,6,10,10,8,0.4,0.3
2024-08-20T1800,4051A,86.0791,44.3017,石河子市,世纪广场,,35,20,17,9,8,112,,100,100,5,13,8,5,0.6,0.5
2024-08-20T1800,1029A,114.4422,38.0444,石家庄市,职工医院,,43,28,22,20,20,136,,140,140,12,8,1,2,0.6,0.5
2024-08-20T1800,1030A,114.6063,38.0266,石家庄市,高新区,,47,28,29,22,22,149,,142,142,4,7,1,1,0.5,0.5
2024-08-20T1800,1031A,114.4898,38.1328,石家庄市,西北水源,,43,30,30,17,16,135,,133,133,6,9,4,4,0.4,0.5
2024-08-20T1800,1032A,114.4586,38.0058,石家庄市,西南高教,,46,22,23,17,11,145,,140,140,3,6,3,2,0.4,0.5
2024-08-20T1800,1033A,114.5331,38.0178,石家庄市,世纪公园,,36,31,29,25,19,85,,123,115,9,9,1,2,0.5,0.5
2024-08-20T1800,1034A,114.509,38.0457,石家庄市,人民会堂,细颗粒物(PM2.5),54,,23,38,17,154,,140,140,6,9,1,1,0.3,0.3
2024-08-20T1800,1035A,114.3524,37.8911,石家庄市,封龙山,,40,25,20,23,17,127,,120,120,5,6,6,5,0.5,0.5
2024-08-20T1800,2862A,114.5481,38.0378,石家庄市,22中南校区,,42,42,32,23,22,133,,135,135,8,7,1,1,0.5,0.4
2024-08-20T1800,3456A,114.289,38.0906,石家庄市,鹿泉一中,,37,27,26,20,18,117,,130,130,9,6,3,3,0.4,0.4
2024-08-20T1800,3573A,114.8506765,38.0322033,石家庄市,藁城区实验学校,,44,36,36,24,16,138,,132,132,1,8,1,1,0.5,0.4
2024-08-20T1800,3574A,114.0504658,38.0591645,石家庄市,井陉矿区区委大楼,,38,27,20,8,7,120,,134,134,15,7,2,2,0.4,0.4
2024-08-20T1800,4024A,114.6549,37.9020,石家庄市,栾城区星河路,,43,29,24,19,16,136,,138,138,6,8,2,1,0.5,0.6
2024-08-20T1800,1947A,106.3394,38.817,石嘴山市,沙湖旅游区,,,,,,,,,,,,,,,,
2024-08-20T1800,1948A,106.3668,39.0145,石嘴山市,大武口朝阳西街,臭氧1小时,93,35,32,16,14,194,,166,166,5,8,14,18,0.6,0.5
2024-08-20T1800,1949A,106.7704,39.2282,石嘴山市,惠农南大街,,45,35,42,7,12,142,,120,120,16,32,17,33,0.6,1
2024-08-20T1800,1950A,106.7099,39.1325,石嘴山市,红果子镇惠新街,,50,50,28,9,9,136,,134,134,23,19,15,10,0.6,0.5
2024-08-20T1800,3520A,106.3495,38.9836,石嘴山市,妇女儿童医院,臭氧1小时,70,26,21,13,10,176,,154,154,7,12,13,15,0.6,0.6
2024-08-20T1800,3521A,106.7492,39.2069,石嘴山市,石大公路,,45,42,41,15,21,144,,121,121,14,26,10,15,0.7,1
2024-08-20T1800,2248A,131.1511,46.6937,双鸭山市,双合村,,19,6,22,3,7,58,,73,71,18,16,7,7,0.3,0.3
2024-08-20T1800,2249A,131.1652,46.6191,双鸭山市,南小市,,44,44,22,13,13,69,,81,81,16,14,7,7,0.3,0.3
2024-08-20T1800,2250A,131.1524,46.6554,双鸭山市,环保局,,33,,24,23,17,71,,70,70,10,11,8,8,0.3,0.3
2024-08-20T1800,2251A,131.12,46.5656,双鸭山市,苗圃,,22,,14,15,14,45,,69,69,7,11,2,3,0.2,0.3
2024-08-20T1800,2166A,112.4397,39.3522,朔州市,平朔,,47,47,51,14,23,118,,130,130,26,21,15,13,0.5,0.6
2024-08-20T1800,2167A,112.4575,39.3617,朔州市,朔唯,,40,40,67,16,24,111,,125,125,22,20,13,13,0.5,0.6
2024-08-20T1800,2168A,112.4258,39.3197,朔州市,区政府,颗粒物(PM10),51,52,40,16,17,127,,130,130,17,13,10,10,0.6,0.7
2024-08-20T1800,2169A,112.4072,39.3278,朔州市,市环保局,,40,38,50,12,21,126,,134,134,18,16,8,12,0.6,0.7
2024-08-20T1800,2170A,112.4272,39.3681,朔州市,市二中,颗粒物(PM10),51,51,58,11,24,122,,127,127,20,22,9,9,0.4,0.6
2024-08-20T1800,3571A,112.2931,39.53,朔州市,一水厂,,37,29,61,8,25,117,,120,120,13,21,11,8,0.5,0.6
2024-08-20T1800,2225A,124.4002,43.1713,四平市,一商场,,32,32,27,10,14,59,,67,67,17,17,5,6,0.5,0.5
2024-08-20T1800,2226A,124.388,43.193,四平市,境园,,20,14,24,14,13,48,,59,57,6,14,1,1,0.3,0.4
2024-08-20T1800,3486A,124.4036,43.1411,四平市,植物园,,19,17,18,13,11,59,,63,63,12,15,4,3,0.5,0.4
2024-08-20T1800,3713A,124.3419,43.1666,四平市,世纪城,,22,20,35,15,20,61,,62,62,8,23,3,3,0.3,0.5
2024-08-20T1800,2233A,124.8006,45.1214,松原市,江南,,20,16,14,6,8,64,,58,58,7,5,1,2,0.4,0.4
2024-08-20T1800,2234A,124.7965,45.1722,松原市,江北,,19,13,11,9,9,58,,54,54,9,8,1,2,0.6,0.5
2024-08-20T1800,1160A,120.561,31.2472,苏州市,上方山,,32,23,21,20,13,101,,128,128,10,12,6,6,0.4,0.5
2024-08-20T1800,1162A,120.591,31.3019,苏州市,彩香,,44,44,24,26,12,99,,124,119,13,7,7,7,0.6,0.6
2024-08-20T1800,1163A,120.596,31.3264,苏州市,轧钢厂,,39,38,23,27,13,97,,121,121,21,13,8,8,0.7,0.6
2024-08-20T1800,1164A,120.613,31.2703,苏州市,吴中区,颗粒物(PM10),54,57,23,31,12,107,,133,129,14,8,8,8,0.7,0.6
2024-08-20T1800,1165A,120.543,31.2994,苏州市,苏州新区,,34,30,24,20,13,106,,126,126,12,11,9,9,0.6,0.5
2024-08-20T1800,1166A,120.669,31.3097,苏州市,苏州工业园区,细颗粒物(PM2.5),60,54,33,43,14,95,,126,126,26,9,11,9,0.6,0.5
2024-08-20T1800,1167A,120.641,31.3708,苏州市,相城区,,41,41,22,28,13,90,,118,118,33,16,8,8,0.9,0.7
2024-08-20T1800,3289A,120.743,31.3188,苏州市,方洲路,,45,45,22,31,13,102,,129,129,26,13,10,10,0.8,0.6
2024-08-20T1800,3290A,120.5031,31.2774,苏州市,木渎中学,,32,25,20,17,11,102,,121,121,11,14,7,8,0.6,0.6
2024-08-20T1800,3425A,120.624,31.1733,苏州市,越秀幼儿园,,38,38,22,19,12,104,,135,131,8,9,7,7,0.7,0.7
2024-08-20T1800,3431A,120.6505,31.416,苏州市,高铁新城,,46,46,22,25,11,87,,116,116,30,18,9,8,0.8,0.6
2024-08-20T1800,1220A,118.293,33.9528,宿迁市,宿迁学院,,30,8,16,3,13,95,,104,104,10,13,5,5,0.4,0.5
2024-08-20T1800,1221A,118.2442,33.9592,宿迁市,宿迁中学,,35,9,17,6,13,112,,113,113,6,8,6,6,0.4,0.4
2024-08-20T1800,2996A,118.283,33.965,宿迁市,市供电局,,33,7,14,3,14,103,,107,107,1,6,5,5,0.3,0.4
2024-08-20T1800,3191A,118.3225,33.9447,宿迁市,宿豫区政府,,,6,15,6,13,99,,102,102,,7,3,3,0.5,0.5
2024-08-20T1800,3187A,116.9509,33.666,宿州市,远航博物馆,,42,22,27,19,18,132,,133,133,1,5,3,4,0.2,0.2
2024-08-20T1800,3463A,116.9708,33.591,宿州市,社会福利中心,,42,30,29,3,19,133,,135,135,4,6,5,5,0.2,0.2
2024-08-20T1800,3634A,116.9884,33.6305,宿州市,宿州学院,,46,29,28,21,21,147,,136,136,2,6,3,3,0.1,0.2
2024-08-20T1800,3701A,116.9648,33.6252,宿州市,皖北煤电集团,,43,27,26,18,24,135,,135,135,3,6,4,5,0.5,0.5
2024-08-20T1800,2266A,126.9785,46.6365,绥化市,人和东街,,20,20,16,8,7,49,,59,58,10,9,5,4,0.4,0.4
2024-08-20T1800,2267A,126.964,46.6528,绥化市,党政办公中心,,20,20,16,6,5,50,,61,61,11,11,8,7,0.4,0.3
2024-08-20T1800,2451A,113.3583,31.7275,随州市,市委党校,,41,25,26,17,18,129,,116,116,2,4,5,6,0.7,0.8
2024-08-20T1800,2452A,113.3833,31.6908,随州市,市林业局,,41,22,21,20,19,131,,115,115,2,4,4,4,0.7,0.7
2024-08-20T1800,2453A,113.3983,31.7308,随州市,市立交桥水厂,,40,22,23,16,16,126,,112,112,4,12,6,6,0.7,0.8
2024-08-20T1800,2527A,105.5453,30.5678,遂宁市,石溪浩,,49,34,54,16,25,156,,154,154,7,19,10,8,0.5,0.7
2024-08-20T1800,2528A,105.5582,30.5232,遂宁市,市监测站,,50,31,53,19,31,159,,153,153,14,27,9,12,0.3,0.4
2024-08-20T1800,2529A,105.5861,30.5366,遂宁市,行政中心,臭氧1小时,59,32,52,22,30,167,,158,158,10,20,10,11,0.3,0.4
2024-08-20T1800,2530A,105.5918,30.4728,遂宁市,美宁食品公司,,47,31,63,16,33,149,,145,145,10,39,10,12,0.2,0.4
2024-08-20T1800,2706A,82.9994,46.7432,塔城地区,东门外小游园,,32,32,30,14,11,88,,74,74,4,6,7,8,0.0,0
2024-08-20T1800,1255A,121.273,28.6459,台州市,黄岩环保大楼,,18,15,18,3,9,57,,81,79,5,8,8,7,0.3,0.4
2024-08-20T1800,1256A,121.419,28.6542,台州市,台州环保大楼,,21,21,20,8,10,56,,75,75,6,7,7,7,0.4,0.5
2024-08-20T1800,1257A,121.377,28.5773,台州市,路桥田洋王,,19,15,18,12,10,58,,73,73,4,8,7,7,0.5,0.6
2024-08-20T1800,3564A,121.2568,28.6681,台州市,台州科技职业学院,,43,43,22,8,8,57,,78,75,7,12,7,7,0.4,0.7
2024-08-20T1800,1081A,112.522,37.8873,太原市,尖草坪,,45,35,22,17,11,141,,133,133,17,16,6,5,0.6,0.5
2024-08-20T1800,1083A,112.434,38.0108,太原市,上兰,,,,,,,,,,,,,,,,
2024-08-20T1800,1084A,112.469,37.7124,太原市,晋源,,39,23,26,12,14,122,,128,128,20,20,13,7,0.8,0.6
2024-08-20T1800,1085A,112.5583,37.7394,太原市,小店,,42,33,28,15,13,134,,133,133,18,24,9,10,0.6,0.7
2024-08-20T1800,1086A,112.5369,37.8692,太原市,桃园,,44,36,27,18,12,138,,131,131,19,20,8,7,0.6,0.6
2024-08-20T1800,1087A,112.57,37.8195,太原市,坞城,,39,38,27,18,15,124,,132,132,26,22,8,9,0.6,0.7
2024-08-20T1800,1088A,112.549,37.9854,太原市,南寨,,41,18,31,11,11,131,,121,121,16,17,5,3,0.7,0.5
2024-08-20T1800,3618A,112.4719,37.7831,太原市,金胜,,43,28,29,13,13,135,,134,134,18,20,8,3,0.7,0.5
2024-08-20T1800,4010A,112.5608,37.8807,太原市,育英中学,,43,32,26,20,14,135,,132,132,21,24,6,7,0.6,0.6
2024-08-20T1800,1656A,117.1437,36.1937,泰安市,监测站,,43,34,30,19,21,136,,137,137,10,14,9,9,0.3,0.5
2024-08-20T1800,1657A,117.0885,36.2017,泰安市,人口学校,,43,24,21,16,11,135,,134,134,8,8,9,10,0.6,0.6
2024-08-20T1800,1658A,117.1089,36.1758,泰安市,电力学校,,44,22,30,16,17,140,,137,137,10,22,10,11,0.4,0.7
2024-08-20T1800,3502A,117.1812,36.2275,泰安市,国网新校,,38,22,23,12,12,119,,131,131,6,8,6,7,0.4,0.6
2024-08-20T1800,3503A,117.0313,36.2018,泰安市,交通技校,,41,24,24,18,12,130,,131,131,4,12,4,4,0.5,0.6
2024-08-20T1800,3504A,117.0829,36.13,泰安市,山东第一医科大学,,45,27,23,14,17,142,,136,136,6,15,6,7,0.6,0.7
2024-08-20T1800,1206A,119.905,32.4878,泰州市,公园路,,27,,4,9,8,85,,80,80,6,10,3,3,0.7,0.7
2024-08-20T1800,1207A,119.9189,32.4625,泰州市,莲花,,31,,10,3,10,98,,87,87,4,7,3,3,0.6,0.6
2024-08-20T1800,1209A,119.888,32.4639,泰州市,留学生创业园,,29,7,14,3,10,91,,79,79,6,8,4,4,0.8,0.8
2024-08-20T1800,2997A,119.8767,32.3289,泰州市,王营,,16,14,11,3,10,51,,61,61,13,15,3,3,0.7,0.7
2024-08-20T1800,3295A,120.1259,32.5099,泰州市,姜堰区政府广场,,35,18,15,8,14,111,,87,87,11,14,2,2,0.4,0.4
2024-08-20T1800,3435A,119.9192,32.4322,泰州市,周山河街区,,27,8,12,6,12,85,,78,78,8,10,8,8,0.5,0.5
2024-08-20T1800,1037A,118.131,39.6363,唐山市,雷达站,,,22,24,11,13,48,,60,59,25,16,,3,,0.7
2024-08-20T1800,1038A,118.1725,39.6334,唐山市,物资局,,19,19,19,11,15,37,,48,46,18,10,1,3,1.1,0.9
2024-08-20T1800,1040A,118.1705,39.6506,唐山市,十二中,,25,25,11,14,16,44,,52,51,17,11,3,2,1.2,0.9
2024-08-20T1800,1041A,118.1869,39.622,唐山市,小山,,28,28,17,6,11,36,,44,43,20,14,1,3,1.1,0.9
2024-08-20T1800,3457A,118.4359,39.2762,唐山市,冀东油田职工医院,,31,10,6,3,5,98,,88,88,7,5,3,3,0.5,0.3
2024-08-20T1800,3575A,118.09279,39.58089,唐山市,正泰大街热力站,,,15,9,3,8,42,,54,53,,7,3,3,1.4,1.1
2024-08-20T1800,3576A,118.1562,39.8322,唐山市,丰润区政府,,18,18,18,8,10,40,,55,44,13,8,3,2,1.0,0.6
2024-08-20T1800,3577A,118.43673,39.73809,唐山市,金山小学,,15,10,9,8,6,47,,53,50,10,8,1,3,1.0,1.2
2024-08-20T1800,3578A,118.24498,39.66941,唐山市,政府服务中心,,19,19,13,9,15,42,,51,49,11,8,4,4,1.0,0.9
2024-08-20T1800,3692A,118.2059,39.6585,唐山市,消防缸窑路中队,,25,,12,17,13,49,,53,52,10,7,2,3,1.3,1
2024-08-20T1800,3693A,118.1436,39.6202,唐山市,路南电大,,29,28,11,20,14,43,,56,54,17,10,2,3,1.2,0.8
2024-08-20T1800,1015A,117.1444,39.1661,天津市,勤俭道,,29,6,21,3,16,92,,86,86,8,15,3,3,0.7,0.8
2024-08-20T1800,1017A,117.237,39.1082,天津市,大直沽八号路,,31,9,21,6,16,99,,90,90,12,15,4,4,0.4,0.4
2024-08-20T1800,1018A,117.202,39.0927,天津市,前进道,,30,14,22,6,13,96,,86,86,12,14,5,5,0.7,0.7
2024-08-20T1800,1019A,117.1837,39.2133,天津市,淮河道,,30,6,23,3,17,93,,90,90,9,19,5,5,0.8,0.8
2024-08-20T1800,1021A,117.307,39.0877,天津市,跃进路,,33,8,18,7,13,105,,93,93,11,14,5,5,0.9,0.9
2024-08-20T1800,1023A,117.707,39.0343,天津市,第四大街,,31,27,17,20,11,98,,72,72,17,21,4,4,0.9,1
2024-08-20T1800,1024A,117.457,38.8394,天津市,永明路,,38,31,16,21,12,119,,104,104,19,11,3,4,0.7,0.7
2024-08-20T1800,1026A,117.764,39.1587,天津市,汉北路,,35,12,14,9,10,110,,75,75,4,8,6,6,0.4,0.7
2024-08-20T1800,1027A,117.157,38.9194,天津市,团泊洼,,,,,,,,,,,,,,,,
2024-08-20T1800,2858A,117.7918,39.2474,天津市,河西一经路,,36,6,14,3,9,115,,84,84,5,11,6,5,0.6,0.9
2024-08-20T1800,2859A,117.3747,38.9846,天津市,津沽路,,35,18,16,10,11,109,,99,99,13,11,6,5,1.0,0.7
2024-08-20T1800,2860A,117.1589,39.0845,天津市,宾水西道,,30,6,12,6,9,93,,84,84,5,8,3,3,0.6,0.6
2024-08-20T1800,2922A,117.1941,39.1067,天津市,大理道,,33,8,19,3,13,104,,94,94,9,10,4,4,0.6,0.6
2024-08-20T1800,3020A,117.2101,39.1699,天津市,中山北路,,29,7,22,3,16,91,,90,90,13,16,4,4,0.7,0.7
2024-08-20T1800,3051A,117.3876,39.1488,天津市,西四道,,36,7,13,3,9,114,,93,93,8,12,3,3,0.8,0.7
2024-08-20T1800,3325A,117.0365,39.3828,天津市,雍阳西道,,23,9,26,6,20,72,,72,72,7,12,4,3,0.7,0.7
2024-08-20T1800,3326A,117.0296,39.0605,天津市,辛老路,,32,10,27,6,19,100,,88,88,13,17,4,4,0.6,0.8
2024-08-20T1800,3327A,116.9638,38.9375,天津市,地纬路,,43,9,25,6,20,136,,108,108,10,17,4,4,0.5,0.9
2024-08-20T1800,3460A,117.4067,40.0583,天津市,北环路,,15,9,13,3,8,48,,57,57,6,9,10,10,0.6,0.8
2024-08-20T1800,3461A,117.3045,39.7169,天津市,建设路,,16,6,17,3,13,50,,62,62,10,12,8,8,0.8,0.9
2024-08-20T1800,3462A,117.8199,39.3521,天津市,滨水东路,,33,13,15,6,8,104,,80,80,16,9,5,3,0.8,0.6
2024-08-20T1800,2649A,106.0055,34.343,天水市,麦积山,,,,,,,,,,,,,,,,
2024-08-20T1800,2650A,105.7205,34.5786,天水市,公园小学,,,26,23,26,13,134,,130,130,,14,7,7,0.4,0.5
2024-08-20T1800,2651A,105.8945,34.5538,天水市,麦积国土局,,39,39,33,17,13,116,,126,126,9,12,5,5,0.7,0.8
2024-08-20T1800,2216A,123.8139,42.3022,铁岭市,汇工街西,,27,27,23,14,10,43,,54,54,11,11,8,13,0.4,0.5
2024-08-20T1800,2217A,123.8649,42.2923,铁岭市,水上乐园,,25,25,24,7,6,19,,37,36,17,14,3,3,0.7,0.7
2024-08-20T1800,2218A,123.8486,42.2867,铁岭市,银州路东段,,21,21,20,11,8,25,,43,41,10,14,5,5,0.4,0.4
2024-08-20T1800,2219A,123.7153,42.2217,铁岭市,金沙江路北,,23,23,20,13,12,35,,44,44,15,14,6,7,0.6,0.5
2024-08-20T1800,2229A,125.9358,41.7173,通化市,光明,,44,44,21,16,11,61,,75,75,28,10,18,9,1.1,0.8
2024-08-20T1800,2230A,125.9446,41.7325,通化市,铁路,颗粒物(PM10),53,55,20,20,10,52,,66,66,32,18,14,8,0.9,0.6
2024-08-20T1800,2191A,122.2532,43.6801,通辽市,艺术职业学校,,29,24,19,20,13,30,,25,25,8,7,4,4,0.5,0.5
2024-08-20T1800,3706A,122.2584,43.6333,通辽市,老干部活动中心,,27,27,15,17,16,29,,26,26,15,13,4,5,0.3,0.2
2024-08-20T1800,3708A,122.2922,43.6189,通辽市,东方明珠社区,,33,25,17,23,20,24,,20,18,10,8,6,5,0.4,0.4
2024-08-20T1800,1922A,109.0656,35.0994,铜川市,党校,,,,,,,,,,,,,,,,
2024-08-20T1800,1923A,109.0697,35.0697,铜川市,王益区政府,,28,,31,14,17,88,,110,110,12,17,5,5,0.5,0.6
2024-08-20T1800,1924A,108.9344,34.9058,铜川市,新区管委会,,38,31,45,26,21,77,,126,120,29,15,8,6,0.4,0.5
2024-08-20T1800,3651A,108.9543,34.8732,铜川市,旺旺集团,,,,46,15,21,90,,126,126,20,17,9,8,0.6,0.7
2024-08-20T1800,2285A,117.8177,30.9412,铜陵市,市第四中学,,46,24,24,16,12,145,,112,112,4,8,3,5,0.5,0.5
2024-08-20T1800,2286A,117.8059,30.9273,铜陵市,市公路局,,44,19,25,9,13,139,,114,114,5,7,2,3,0.5,0.5
2024-08-20T1800,2287A,117.7807,30.9413,铜陵市,市新民污水厂,,44,28,23,14,17,139,,113,113,11,10,10,9,0.6,0.6
2024-08-20T1800,2288A,117.7439,30.8792,铜陵市,市第九中学,,41,35,28,3,13,130,,99,99,15,18,7,8,0.6,0.7
2024-08-20T1800,2289A,117.846,30.9413,铜陵市,车站新区,,43,22,22,11,13,136,,103,103,6,11,2,3,0.4,0.4
2024-08-20T1800,2290A,117.8483,30.97,铜陵市,市职教基地,,47,18,16,15,12,148,,109,109,6,7,5,5,0.6,0.6
2024-08-20T1800,2585A,109.1839,27.7344,铜仁市,铜仁卫校,,31,11,23,6,12,98,,100,100,5,9,2,2,0.2,0.3
2024-08-20T1800,2586A,109.1753,27.6944,铜仁市,铜仁七中,,32,15,17,3,10,102,,98,98,1,5,2,2,0.2,0.3
2024-08-20T1800,2686A,89.1904,42.9418,吐鲁番市,市环保局,颗粒物(PM10),69,87,174,27,39,123,,109,109,10,13,5,5,0.5,0.5
2024-08-20T1800,2687A,89.1673,42.9559,吐鲁番市,地区环保局,颗粒物(PM10),71,91,190,31,50,125,,106,106,14,18,8,8,0.4,0.5
2024-08-20T1800,1662A,122.1214,37.4236,威海市,华夏技校,,14,7,7,3,4,43,,52,49,13,8,6,6,0.4,0.4
2024-08-20T1800,1663A,122.0508,37.5236,威海市,山大分校,,16,6,11,3,4,49,,58,55,18,12,7,7,0.6,0.5
2024-08-20T1800,1664A,122.1067,37.5072,威海市,市监测站,,15,10,9,7,4,34,,42,42,29,16,4,4,0.5,0.4
2024-08-20T1800,1982A,122.0693,37.2174,威海市,文登开发区,,13,,10,7,4,40,,44,44,13,10,6,6,0.7,0.5
2024-08-20T1800,3505A,122.1379,37.3414,威海市,临港区管委会,,18,6,6,3,2,57,,62,58,3,4,4,4,0.3,0.3
2024-08-20T1800,1650A,119.1437,36.7023,潍坊市,环保局,,,7,12,,1,64,,77,77,4,12,6,6,0.3,0.4
2024-08-20T1800,2877A,119.1641,36.6523,潍坊市,坊子邮政,,23,7,15,3,4,71,,88,88,5,9,10,10,0.3,0.4
2024-08-20T1800,3178A,119.0587,36.721,潍坊市,潍坊七中,,24,9,18,3,7,74,,87,87,7,11,8,9,0.4,0.5
2024-08-20T1800,3368A,119.1977,36.6872,潍坊市,高新实验学校,,20,,15,6,3,63,,81,79,4,10,4,7,0.3,0.2
2024-08-20T1800,3416A,119.1755,36.7149,潍坊市,潍坊学院,,23,6,12,3,2,72,,89,89,1,11,6,7,0.2,0.4
2024-08-20T1800,3861A,119.2041,36.7699,潍坊市,寒亭区实验一小,,21,6,12,3,4,65,,80,80,7,10,12,10,0.2,0.4
2024-08-20T1800,1938A,109.5293,34.5101,渭南市,农科所,,,,,,,,,,,,,,,,
2024-08-20T1800,1939A,109.4974,34.4877,渭南市,日报社,,,,36,,22,,,101,,,19,,9,,0.5
2024-08-20T1800,1940A,109.4636,34.493,渭南市,体育馆,颗粒物(PM10),80,110,52,12,21,133,,138,138,8,19,8,10,0.5,0.6
2024-08-20T1800,1941A,109.4259,34.5023,渭南市,高新一小,颗粒物(PM10),65,80,57,9,20,130,,136,136,8,13,8,9,0.6,0.7
2024-08-20T1800,1242A,120.634,28.0089,温州市,瓯海,,26,26,21,14,12,48,,81,79,13,15,4,4,0.6,0.6
2024-08-20T1800,1243A,120.6748,27.9939,温州市,南浦,,24,24,19,10,10,48,,86,84,12,10,5,5,0.4,0.4
2024-08-20T1800,1244A,120.76,27.9747,温州市,龙湾,,20,20,22,13,10,53,,77,75,8,13,5,5,0.3,0.4
2024-08-20T1800,1245A,120.6709,28.0167,温州市,市站,,27,27,21,8,10,52,,87,85,13,13,4,4,0.4,0.5
2024-08-20T1800,3561A,120.6985,27.9251,温州市,茶山,,,18,18,8,10,55,,82,80,8,9,6,5,,0.4
2024-08-20T1800,2610A,104.2533,23.3594,文山壮族苗族自治州,州水务局,,21,17,26,9,17,67,,90,90,15,11,6,13,0.3,0.3
2024-08-20T1800,2611A,104.2319,23.3892,文山壮族苗族自治州,市便民服务中心,,,10,31,,19,66,,83,83,11,13,6,10,0.3,0.3
2024-08-20T1800,2187A,106.8174,39.6973,乌海市,市林业局,,41,28,36,18,16,129,,119,119,8,11,11,9,0.5,0.4
2024-08-20T1800,2188A,106.7907,39.6667,乌海市,中海勃湾学校,,44,25,30,13,11,140,,127,127,8,11,11,11,0.3,0.3
2024-08-20T1800,3284A,106.813,39.7274,乌海市,海北新区,,44,31,30,3,7,139,,130,130,6,13,10,13,0.5,0.4
2024-08-20T1800,3621A,106.8288,39.6778,乌海市,聚英学校,,43,39,33,10,11,137,,130,130,15,15,11,16,0.5,0.4
2024-08-20T1800,2197A,113.1306,40.9923,乌兰察布市,集宁新区,,36,,21,20,21,114,,120,120,8,11,6,6,0.6,0.7
2024-08-20T1800,3034A,113.1076,41.0385,乌兰察布市,光明街小学,,38,,22,23,22,119,,120,120,8,17,11,13,0.3,0.4
2024-08-20T1800,3285A,113.1376,40.9509,乌兰察布市,北京八中,,40,26,31,6,8,127,,126,126,6,13,8,10,0.5,0.5
2024-08-20T1800,3421A,113.1775,40.9779,乌兰察布市,市委党校,,40,22,19,11,16,126,,124,124,4,10,6,10,0.4,0.5
2024-08-20T1800,1490A,87.5801,43.8303,乌鲁木齐市,监测站,,43,34,16,30,11,127,,96,96,16,24,5,5,0.4,0.5
2024-08-20T1800,1491A,87.6046,43.768,乌鲁木齐市,收费所,,42,32,15,13,8,133,,94,94,15,19,8,7,0.3,0.3
2024-08-20T1800,1492A,87.4754,43.9469,乌鲁木齐市,新疆农科院农场,,34,,20,8,21,107,,94,94,7,45,8,9,0.8,1.1
2024-08-20T1800,1493A,87.5525,43.8711,乌鲁木齐市,铁路局,,41,34,17,11,9,129,,98,98,14,22,2,2,0.4,0.5
2024-08-20T1800,1494A,87.6432,43.831,乌鲁木齐市,三十一中学,,31,28,18,20,11,99,,83,83,18,23,8,8,0.3,0.4
2024-08-20T1800,1496A,87.7216,44.1747,乌鲁木齐市,米东区环保局,,37,10,18,10,10,117,,100,100,4,12,5,4,0.4,0.5
2024-08-20T1800,3033A,87.4651,43.4569,乌鲁木齐市,培训基地,,35,12,3,3,1,112,,106,106,4,3,3,3,0.3,0.2
2024-08-20T1800,3437A,88.3118,43.3658,乌鲁木齐市,达坂城区环保局,,36,34,10,19,7,115,,105,105,13,6,5,4,0.3,0.2
2024-08-20T1800,3438A,87.6162,43.8801,乌鲁木齐市,红光山片区,,35,35,21,18,11,99,,85,85,18,26,5,4,0.4,0.5
2024-08-20T1800,3439A,87.7024,43.8004,乌鲁木齐市,新师大温泉校区,,38,26,19,23,13,121,,106,106,6,14,8,8,0.1,0.2
2024-08-20T1800,3440A,87.4921,43.8411,乌鲁木齐市,大绿谷,,36,22,18,12,10,115,,83,83,12,26,6,5,0.3,0.4
2024-08-20T1800,1188A,120.269,31.4867,无锡市,雪浪,,27,14,15,7,5,86,,108,108,11,8,17,6,0.4,0.5
2024-08-20T1800,1189A,120.275,31.6219,无锡市,黄巷,,33,33,29,22,12,58,,81,80,44,34,4,4,1.1,0.9
2024-08-20T1800,1190A,120.294,31.56,无锡市,曹张,,,28,26,14,11,74,,60,60,,17,3,4,0.8,0.6
2024-08-20T1800,1191A,120.242,31.5031,无锡市,漆塘,,23,17,15,12,15,73,,102,102,14,11,12,3,0.7,0.6
2024-08-20T1800,1192A,120.3489,31.5863,无锡市,东亭,,,29,21,9,5,80,,101,101,33,20,,4,0.9,0.7
2024-08-20T1800,1193A,120.354,31.5475,无锡市,旺庄,,29,17,18,14,10,91,,106,106,22,22,6,6,0.9,0.7
2024-08-20T1800,1194A,120.245,31.5631,无锡市,荣巷,,27,27,21,12,9,74,,105,105,29,17,6,7,0.6,0.5
2024-08-20T1800,1195A,120.299,31.6817,无锡市,堰桥,,28,27,13,19,8,65,,98,98,43,18,3,4,1.0,0.7
2024-08-20T1800,3428A,120.3142,31.4753,无锡市,华庄,,,20,17,15,14,88,,107,107,,11,12,6,0.7,0.7
2024-08-20T1800,2677A,106.1532,37.9648,吴忠市,教育园区,臭氧1小时,54,26,28,12,10,163,,153,153,2,10,11,12,0.3,0.4
2024-08-20T1800,2679A,106.1856,37.9956,吴忠市,新区二泵站,,49,31,32,8,9,154,,143,143,8,14,9,10,0.6,0.6
2024-08-20T1800,3648A,106.2112,37.9768,吴忠市,文卫南街,,48,30,25,10,10,152,,147,147,6,10,10,13,0.5,0.5
2024-08-20T1800,1794A,118.3606,31.3519,芜湖市,监测站,,29,23,14,11,9,92,,87,87,28,17,6,5,0.6,0.5
2024-08-20T1800,1795A,118.3714,31.4134,芜湖市,科创中心,,35,15,14,12,9,112,,98,98,16,15,7,5,0.8,0.6
2024-08-20T1800,1796A,118.3673,31.3131,芜湖市,四水厂,,28,22,14,11,9,89,,91,91,35,14,8,6,0.5,0.5
2024-08-20T1800,3328A,118.4209,31.3707,芜湖市,市气象局,,38,19,12,13,8,121,,101,101,2,5,6,4,0.6,0.5
2024-08-20T1800,3465A,118.4781,31.3225,芜湖市,清苑社区,,38,17,14,12,8,121,,103,103,8,17,6,7,0.6,0.5
2024-08-20T1800,3466A,118.2746,31.2326,芜湖市,扬子职业技术学院,,38,20,13,10,8,120,,106,106,11,7,8,7,0.6,0.6
2024-08-20T1800,2495A,111.3014,23.4832,梧州市,市逸夫小学,,42,42,39,21,25,61,,88,88,13,22,8,12,0.9,1
2024-08-20T1800,2496A,111.3239,23.4794,梧州市,市十一中,,24,24,43,14,15,65,,90,90,16,26,9,10,0.8,0.9
2024-08-20T1800,2497A,111.247,23.4189,梧州市,龙圩,细颗粒物(PM2.5),55,,48,39,28,70,,80,80,9,24,9,15,0.8,0.9
2024-08-20T1800,2498A,111.2711,23.4835,梧州市,龙新,,44,44,42,22,15,64,,81,79,14,24,8,11,1.1,1
2024-08-20T1800,2711A,87.5475,44.1756,五家渠市,农水大厦,,39,20,18,7,15,123,,97,97,5,14,14,6,0.8,0.3
2024-08-20T1800,3441A,87.546,44.1912,五家渠市,经开区管委会,,38,35,29,10,16,119,,100,100,4,17,12,7,0.7,0.6
2024-08-20T1800,1325A,114.3677,30.5584,武汉市,东湖梨园,,42,15,22,7,14,132,,129,129,8,12,7,8,0.8,1.1
2024-08-20T1800,1326A,114.2529,30.558,武汉市,汉阳月湖,,,18,31,,,122,,127,126,8,12,6,5,0.5,0.5
2024-08-20T1800,1327A,114.282,30.6189,武汉市,汉口花桥,,40,18,25,10,15,125,,123,123,8,10,4,4,0.5,0.5
2024-08-20T1800,1328A,114.3025,30.5332,武汉市,武昌紫阳,,,19,23,,,142,,138,138,9,13,7,7,0.6,0.6
2024-08-20T1800,1329A,114.3646,30.6217,武汉市,青山钢花,,41,,23,19,20,129,,124,124,6,13,6,6,0.6,0.7
2024-08-20T1800,1330A,114.1566,30.4825,武汉市,沌口新区,,46,22,29,17,20,147,,144,144,13,20,6,6,0.7,0.3
2024-08-20T1800,1331A,114.3014,30.5944,武汉市,汉口江滩,,25,23,25,14,15,80,,110,110,46,15,6,6,0.5,0.5
2024-08-20T1800,1333A,114.135,30.6319,武汉市,吴家山,,35,14,22,7,12,111,,113,113,6,12,7,7,0.6,0.6
2024-08-20T1800,1334A,113.8454,30.2917,武汉市,沉湖七壕,,44,,20,21,12,140,,138,138,9,14,4,3,0.3,0.3
2024-08-20T1800,3153A,114.3877,30.4908,武汉市,民族大道182号,,45,24,34,18,19,144,,149,149,9,17,7,9,0.7,1
2024-08-20T1800,2652A,102.6201,37.9251,武威市,监测站,,38,17,36,3,11,119,,111,111,3,24,3,4,0.3,0.4
2024-08-20T1800,3201A,102.6486,37.9325,武威市,东关招商场,,39,10,39,9,12,124,,119,119,3,16,3,4,0.2,0.3
2024-08-20T1800,1462A,108.882,34.2749,西安市,高压开关厂,,45,45,51,21,28,118,,189,180,17,24,6,8,0.6,0.7
2024-08-20T1800,1463A,108.993,34.2629,西安市,兴庆小区,颗粒物(PM10),54,57,50,13,22,126,,170,170,11,21,7,7,0.6,0.6
2024-08-20T1800,1464A,109.06,34.2572,西安市,纺织城,颗粒物(PM10),76,102,60,20,28,119,,168,168,12,27,6,7,0.5,0.6
2024-08-20T1800,1465A,108.9356,34.2173,西安市,小寨,颗粒物(PM10),52,54,51,19,23,123,,175,175,5,15,6,6,0.6,0.6
2024-08-20T1800,1466A,108.954,34.2713,西安市,市人民体育场,颗粒物(PM10),62,74,55,20,26,116,,178,178,13,20,7,9,0.5,0.5
2024-08-20T1800,1467A,108.8922,34.2322,西安市,高新西区,颗粒物(PM10),69,88,53,19,26,136,,190,190,8,18,6,8,0.5,0.5
2024-08-20T1800,1468A,108.935,34.3474,西安市,经开区,颗粒物(PM10),54,58,55,17,25,121,,166,161,11,17,9,9,0.4,0.5
2024-08-20T1800,1469A,108.906,34.1546,西安市,长安区,,48,30,60,20,24,152,,189,189,6,27,6,6,0.4,0.4
2024-08-20T1800,1471A,109.2186,34.3731,西安市,临潼区,颗粒物(PM10),107,163,50,19,23,121,,148,148,10,12,6,7,0.6,0.7
2024-08-20T1800,1472A,108.869,34.378,西安市,草滩,颗粒物(PM10),51,52,44,17,20,118,,163,163,11,15,4,4,0.4,0.6
2024-08-20T1800,1473A,108.985,34.1978,西安市,曲江文化产业集团,颗粒物(PM10),65,79,59,19,24,144,,186,186,9,26,6,7,0.5,0.5
2024-08-20T1800,1474A,109.051,34.3213,西安市,广运潭,颗粒物(PM10),61,71,56,19,25,123,,164,164,9,19,8,9,0.6,0.7
2024-08-20T1800,3524A,108.6116,34.1164,西安市,文体局,臭氧1小时,65,54,53,20,23,172,,177,177,5,16,8,9,0.5,0.6
2024-08-20T1800,3605A,109.09,34.5236,西安市,无线电监控中心,颗粒物(PM10),67,84,54,20,24,117,,145,140,9,22,6,7,0.4,0.5
2024-08-20T1800,1483A,101.524,36.6867,西宁市,第五水厂,,,,,,,,,,,,,,,,
2024-08-20T1800,3055A,101.7775,36.6428,西宁市,城北区政府,,49,15,39,6,27,156,,137,137,9,23,5,13,0.3,0.6
2024-08-20T1800,3629A,101.8305,36.5786,西宁市,世纪职校,,47,14,37,3,25,150,,136,136,16,23,10,16,0.4,0.6
2024-08-20T1800,3630A,101.7413,36.6397,西宁市,师大城西校区,,49,21,45,13,23,155,,138,138,8,28,8,11,0.6,1.1
2024-08-20T1800,2612A,100.7939,22.0019,西双版纳傣族自治州,景洪市江南,,13,12,12,3,7,39,,49,49,6,7,8,8,0.6,0.6
2024-08-20T1800,2613A,100.8017,22.0225,西双版纳傣族自治州,景洪市江北,,15,6,12,3,8,48,,54,54,6,8,10,10,0.5,0.5
2024-08-20T1800,3606A,108.7108,34.46,西咸新区,北杜,颗粒物(PM10),56,62,49,17,22,114,,158,158,22,24,5,6,0.5,0.5
2024-08-20T1800,3607A,108.7096,34.2956,西咸新区,同德佳苑,颗粒物(PM10),66,82,51,13,23,128,,177,177,13,18,6,7,0.3,0.4
2024-08-20T1800,3608A,108.8558,34.4978,西咸新区,崇文塔,颗粒物(PM10),85,120,54,16,26,132,,152,152,12,21,5,5,0.4,0.5
2024-08-20T1800,2202A,116.1042,43.9317,锡林郭勒盟,市环保监测站,,17,6,12,3,5,53,,57,57,8,9,8,9,0.3,0.3
2024-08-20T1800,2203A,116.0781,43.9311,锡林郭勒盟,市政府,,14,12,17,3,7,42,,51,51,13,14,6,7,0.4,0.3
2024-08-20T1800,1286A,118.1608,24.8169,厦门市,溪东,,,,,,,,,,,,,,,,
2024-08-20T1800,1287A,118.1514,24.4767,厦门市,洪文,,16,16,9,7,4,42,,43,43,5,4,3,2,0.3,0.2
2024-08-20T1800,1288A,118.0661,24.4444,厦门市,鼓浪屿,,14,9,8,3,4,42,,41,41,3,5,2,2,0.3,0.3
2024-08-20T1800,2842A,118.0936,24.5058,厦门市,湖里中学,,11,10,9,3,3,35,,34,34,8,6,3,3,0.4,0.4
2024-08-20T1800,3527A,118.0958,24.5688,厦门市,集美中学,,10,10,10,7,8,21,,24,24,18,15,3,2,0.3,0.3
2024-08-20T1800,3528A,118.1493,24.7245,厦门市,同安二实小,,,,12,4,5,34,,39,38,14,12,1,1,0.4,0.3
2024-08-20T1800,2447A,114.3175,29.8142,咸宁市,森林公园,臭氧1小时,53,25,26,16,17,162,,138,138,5,9,6,6,0.7,0.8
2024-08-20T1800,2448A,114.3107,29.8454,咸宁市,市发改委,臭氧1小时,67,35,30,22,21,173,,145,145,5,8,6,5,0.9,0.8
2024-08-20T1800,2449A,114.2936,29.8566,咸宁市,咸安区政府,,,31,28,19,18,179,,147,147,,10,4,2,,0.9
2024-08-20T1800,3655A,114.3375,29.8683,咸宁市,长江产业园,臭氧1小时,73,28,36,21,21,178,,147,147,6,15,5,4,0.7,0.6
2024-08-20T1800,1918A,108.7197,34.3956,咸阳市,气象站,,,,,,,,,,,,,,,,
2024-08-20T1800,1919A,108.673,34.3155,咸阳市,实验中学,颗粒物(PM10),65,80,58,20,24,131,,177,177,13,17,7,9,0.5,0.6
2024-08-20T1800,1920A,108.7233,34.3617,咸阳市,师范学院,颗粒物(PM10),70,90,58,22,27,133,,182,182,15,23,6,8,0.4,0.5
2024-08-20T1800,3165A,108.6594,34.2969,咸阳市,两寺渡,颗粒物(PM10),80,109,60,20,25,158,,189,189,17,16,7,8,0.4,0.5
2024-08-20T1800,3525A,108.6396,34.4078,咸阳市,奥体中心,颗粒物(PM10),53,55,47,12,21,124,,170,170,11,18,6,8,0.4,0.6
2024-08-20T1800,1508A,112.9433,27.8614,湘潭市,板塘,,41,36,36,24,19,130,,144,144,10,17,2,2,0.7,0.7
2024-08-20T1800,1511A,112.9118,27.8403,湘潭市,市监测站,,45,24,29,18,21,141,,155,155,9,17,4,4,0.7,0.8
2024-08-20T1800,1512A,112.8937,27.8728,湘潭市,江麓,,,34,35,15,21,136,,144,144,3,13,4,4,,0.8
2024-08-20T1800,1513A,112.9227,27.8159,湘潭市,岳塘,,48,39,37,27,21,151,,160,160,7,17,3,5,0.8,0.8
2024-08-20T1800,1514A,112.9074,27.9119,湘潭市,科大,,47,36,37,22,21,149,,151,151,6,17,5,5,1.0,1
2024-08-20T1800,1562A,113.0048,27.9153,湘潭市,昭山,臭氧1小时,63,41,34,24,18,170,,176,176,8,21,2,2,0.7,0.8
2024-08-20T1800,1564A,112.4876,27.9164,湘潭市,韶山,,37,17,34,8,17,116,,117,117,5,10,3,8,0.4,0.5
2024-08-20T1800,2492A,109.6414,28.2558,湘西土家族苗族自治州,跃进水库,,17,10,15,10,15,54,,52,52,3,2,6,5,0.6,0.8
2024-08-20T1800,2493A,109.7325,28.3169,湘西土家族苗族自治州,州政府,,31,,27,12,17,99,,97,97,4,7,7,8,0.5,0.5
2024-08-20T1800,2494A,109.6958,28.2675,湘西土家族苗族自治州,吉首市计生局,,32,,23,18,17,102,,98,98,7,8,6,6,0.5,0.7
2024-08-20T1800,2432A,112.155,32.0197,襄阳市,襄城运动路,,41,32,34,23,22,130,,128,128,6,11,6,6,0.6,0.7
2024-08-20T1800,2433A,112.1392,32.0564,襄阳市,樊城新华路,,41,26,32,25,21,129,,130,130,5,10,7,6,0.6,0.7
2024-08-20T1800,2434A,112.1825,32.1142,襄阳市,高新管委会,,40,30,30,24,26,126,,131,131,11,12,6,6,0.7,0.7
2024-08-20T1800,2435A,112.2106,32.0903,襄阳市,襄州航空路,,43,26,30,18,25,135,,131,131,7,12,9,9,0.8,0.8
2024-08-20T1800,3396A,112.0828,32.0067,襄阳市,襄城隆中路,,43,39,30,21,20,135,,137,137,10,15,8,9,0.6,0.5
2024-08-20T1800,3397A,112.1214,32.1008,襄阳市,高新台子湾,,41,16,43,12,17,130,,134,134,7,20,9,9,0.7,0.7
2024-08-20T1800,2443A,113.9153,30.9285,孝感市,文化路,,39,,18,11,13,122,,121,121,3,7,8,9,0.6,0.7
2024-08-20T1800,2444A,113.942,30.9075,孝感市,东城区,,37,,16,17,13,116,,120,120,2,6,8,9,0.7,0.8
2024-08-20T1800,2181A,112.7383,38.4519,忻州市,开发区,细颗粒物(PM2.5),53,,26,37,28,146,,136,136,7,16,8,11,0.6,0.6
2024-08-20T1800,2182A,112.7003,38.4928,忻州市,会展中心,,37,31,31,21,21,116,,117,117,13,20,6,7,0.5,0.5
2024-08-20T1800,3208A,112.7283,38.4153,忻州市,市政府,,47,26,34,24,20,148,,144,144,9,19,8,14,0.4,0.7
2024-08-20T1800,2389A,113.836,35.311,新乡市,环保西院,臭氧1小时,53,38,34,28,13,162,,160,160,7,10,8,7,0.6,0.6
2024-08-20T1800,2390A,113.884,35.272,新乡市,开发区,,48,27,22,12,7,151,,148,148,6,10,6,6,0.4,0.5
2024-08-20T1800,2391A,113.883,35.303,新乡市,环保东院,,46,39,31,23,19,147,,146,146,8,8,7,6,0.5,0.5
2024-08-20T1800,3054A,113.9194,35.2847,新乡市,市委党校,,49,24,18,10,9,154,,150,150,5,8,8,8,0.8,0.8
2024-08-20T1800,3475A,113.9188,35.3045,新乡市,市政府,,48,18,14,15,11,153,,149,149,3,6,8,8,0.5,0.5
2024-08-20T1800,3476A,113.9135,35.3327,新乡市,河师大,,50,38,28,27,20,159,,154,154,4,9,7,7,0.5,0.6
2024-08-20T1800,3689A,113.9003,35.372,新乡市,行政服务中心,,45,26,24,12,13,142,,150,150,11,15,10,6,0.6,0.6
2024-08-20T1800,2352A,115.0861,27.9317,新余市,北岗,,,,,,,,,,,,,,,,
2024-08-20T1800,2353A,114.9886,27.8431,新余市,飞宇,,35,35,39,19,20,92,,111,111,8,14,7,8,0.9,0.9
2024-08-20T1800,2354A,114.9231,27.8246,新余市,第二水厂,,37,37,38,18,20,98,,111,111,6,13,5,10,0.4,0.4
2024-08-20T1800,2355A,114.9308,27.8036,新余市,市气象局,,,35,40,27,22,90,,100,100,9,13,,5,0.7,0.9
2024-08-20T1800,3206A,114.9149,27.807,新余市,新钢沁园村,,30,28,37,18,12,93,,101,101,21,14,7,5,0.6,0.7
2024-08-20T1800,2054A,114.1099,32.1059,信阳市,平桥分局,,39,18,19,13,10,122,,122,122,4,4,2,2,0.7,0.7
2024-08-20T1800,2064A,113.9956,32.1271,信阳市,南湾水厂,,39,20,20,13,10,123,,122,122,5,6,2,3,0.7,0.7
2024-08-20T1800,2065A,114.0775,32.1195,信阳市,市酿酒公司,,38,24,24,15,12,120,,121,121,5,5,2,2,0.6,0.6
2024-08-20T1800,2066A,114.0609,32.1399,信阳市,审计局,,,18,23,11,11,122,,122,122,8,7,3,3,,0.6
2024-08-20T1800,2200A,122.0392,46.0656,兴安盟,胜华新制药厂,,23,23,16,15,14,46,,55,54,18,7,2,2,0.5,0.3
2024-08-20T1800,2201A,121.9504,46.0741,兴安盟,科右前旗环保局,,26,26,18,13,13,44,,49,49,13,6,3,3,0.4,0.3
2024-08-20T1800,3035A,122.0931,46.0707,兴安盟,北滨河,,32,22,21,22,12,33,,46,46,17,6,2,2,0.4,0.3
2024-08-20T1800,1077A,114.4704,37.0886,邢台市,达活泉,,40,40,21,3,9,111,,127,125,6,5,5,3,0.8,0.6
2024-08-20T1800,1078A,114.5062,37.0349,邢台市,邢师高专,,34,21,21,7,9,107,,129,129,9,8,4,4,0.8,0.5
2024-08-20T1800,1079A,114.5237,37.0851,邢台市,路桥公司,,37,15,19,3,8,118,,127,127,8,7,8,6,0.6,0.5
2024-08-20T1800,1080A,114.4725,37.0719,邢台市,市环保局,,40,40,16,3,7,107,,125,125,3,4,5,5,0.7,0.5
2024-08-20T1800,3584A,115.8844,39.0341,雄安新区,容城县环境保护局,,32,30,31,3,10,100,,108,108,12,19,6,6,0.3,0.4
2024-08-20T1800,3585A,115.8665,39.0645,雄安新区,河北容城中学,,32,30,34,15,22,102,,111,111,10,13,4,4,0.3,0.3
2024-08-20T1800,3586A,115.923,38.9405,雄安新区,安新县民政局,,37,24,30,3,11,117,,112,112,2,8,6,6,0.3,0.4
2024-08-20T1800,3587A,115.9324,38.9338,雄安新区,安新县电力局,,35,21,27,6,13,109,,106,106,3,8,5,5,0.2,0.3
2024-08-20T1800,3588A,116.0901,38.9816,雄安新区,雄县环境保护局,,34,14,21,3,10,107,,107,107,9,10,6,7,0.4,0.5
2024-08-20T1800,3589A,116.1105,39.0046,雄安新区,雄县国土资源局,,33,18,28,3,12,104,,110,110,15,14,5,6,0.2,0.3
2024-08-20T1800,1177A,117.179,34.2761,徐州市,黄河新村,,45,39,29,25,26,143,,138,138,14,16,8,8,0.5,0.5
2024-08-20T1800,1178A,117.1918,34.2384,徐州市,淮塔,,46,33,29,32,26,144,,142,142,12,15,5,5,0.5,0.6
2024-08-20T1800,1180A,117.256,34.2153,徐州市,新城区,,40,27,27,20,25,126,,132,132,17,17,8,7,0.5,0.6
2024-08-20T1800,1181A,117.244,34.2911,徐州市,桃园路,,42,33,27,16,26,134,,133,133,9,17,8,7,0.6,0.7
2024-08-20T1800,1182A,117.2933,34.2778,徐州市,农科院,,43,29,27,21,26,135,,129,129,11,19,8,8,0.5,0.6
2024-08-20T1800,3005A,117.1814,34.29,徐州市,鼓楼区政府,,43,,21,30,30,132,,127,127,13,21,8,8,0.6,0.6
2024-08-20T1800,3006A,117.1694,34.1781,徐州市,铜山区招生办,,47,27,19,17,21,149,,145,145,12,14,3,3,0.5,0.5
2024-08-20T1800,3288A,117.4754,34.4422,徐州市,大泉街道,,45,41,37,20,22,141,,133,133,9,15,9,9,0.5,0.4
2024-08-20T1800,2396A,113.8276,34.0159,许昌市,监测站,,49,24,23,10,9,154,,152,152,6,7,4,3,0.5,0.6
2024-08-20T1800,2398A,113.7906,33.9953,许昌市,开发区,,48,26,23,8,8,152,,158,158,6,10,2,2,0.5,0.5
2024-08-20T1800,3134A,113.8172,34.0339,许昌市,市一中,臭氧1小时,52,23,18,12,11,161,,157,157,8,10,4,4,0.4,0.4
2024-08-20T1800,3337A,113.8614,34.0442,许昌市,许昌学院,,50,24,21,12,10,160,,141,141,6,8,3,4,0.4,0.5
2024-08-20T1800,3338A,113.843,34.0823,许昌市,芙蓉广场,,48,21,21,7,7,152,,149,149,4,8,5,5,0.5,0.5
2024-08-20T1800,3597A,113.8134,34.1251,许昌市,建安区兴业大厦,,50,18,22,16,11,160,,157,157,4,9,2,3,0.5,0.5
2024-08-20T1800,2316A,118.7581,30.9454,宣城市,鳌峰子站,,28,17,15,9,9,89,,87,87,7,6,4,4,0.6,0.7
2024-08-20T1800,2317A,118.7385,30.9743,宣城市,敬亭山子站,,29,12,14,8,11,92,,88,88,9,8,6,6,0.6,0.6
2024-08-20T1800,2318A,118.7173,30.9427,宣城市,开发区子站,,31,17,15,11,8,99,,97,97,6,8,5,5,0.6,0.5
2024-08-20T1800,3470A,118.7724,30.9141,宣城市,夏渡子站,,26,14,14,10,11,83,,89,89,4,3,8,8,0.7,0.6
2024-08-20T1800,2554A,103.0475,30.02,雅安市,建安厂,臭氧1小时,70,42,46,29,32,176,,150,150,13,25,6,8,0.5,0.5
2024-08-20T1800,2555A,103.0111,29.9833,雅安市,市政府,臭氧1小时,90,36,40,30,30,192,,162,162,12,10,11,12,0.4,0.6
2024-08-20T1800,2556A,102.9905,29.9775,雅安市,川农大,臭氧1小时,60,38,38,26,32,168,,148,148,9,11,10,12,0.5,0.5
2024-08-20T1800,3700A,103.0456,29.9956,雅安市,康养中心,,,47,39,24,27,164,,150,150,9,7,6,6,,
2024-08-20T1800,1642A,121.2514,37.5639,烟台市,开发区,,10,7,9,3,4,32,,50,45,11,5,7,8,0.6,0.6
2024-08-20T1800,1643A,121.3719,37.5433,烟台市,轴承厂,,15,12,11,9,8,46,,59,54,4,4,6,6,0.1,0.1
2024-08-20T1800,1644A,121.3181,37.5436,烟台市,西郊化工站,,19,,10,13,8,44,,61,52,5,3,6,6,0.3,0.2
2024-08-20T1800,1645A,121.4478,37.4822,烟台市,莱山环保局,,13,,4,8,3,40,,52,47,4,3,8,7,0.5,0.4
2024-08-20T1800,1646A,121.2611,37.4967,烟台市,福山环保局,,12,12,15,3,6,27,,36,34,7,7,6,6,0.5,0.5
2024-08-20T1800,3057A,121.5992,37.4014,烟台市,牟平检察院,,15,12,12,10,8,42,,51,49,4,2,2,2,0.4,0.4
2024-08-20T1800,3366A,121.5206,37.4336,烟台市,中国农业大学,,14,14,11,7,3,42,,61,58,11,9,10,9,0.2,0.2
2024-08-20T1800,1926A,109.4131,36.6275,延安市,枣园,,46,6,16,3,8,146,,126,126,6,16,5,5,0.3,0.3
2024-08-20T1800,1927A,109.4761,36.6028,延安市,延大医附院,,42,15,22,3,5,134,,118,118,7,20,4,4,0.4,0.5
2024-08-20T1800,1929A,109.5056,36.6106,延安市,百米大道,,,13,28,6,7,132,,110,110,7,24,,7,0.6,0.7
2024-08-20T1800,3652A,109.4809,36.5786,延安市,西北局旧址,,38,12,24,7,9,120,,107,107,7,20,5,4,0.4,0.5
2024-08-20T1800,2237A,129.47,42.8883,延边朝鲜族自治州,妇幼医院,,14,9,10,3,3,42,,47,46,9,8,5,6,0.6,0.5
2024-08-20T1800,2238A,129.5055,42.9108,延边朝鲜族自治州,延边医院,,21,21,10,3,4,40,,46,45,16,10,7,7,0.6,0.6
2024-08-20T1800,2239A,129.3964,42.8881,延边朝鲜族自治州,朝阳川镇医院,,15,11,10,3,2,47,,51,50,8,10,5,5,0.4,0.4
2024-08-20T1800,1215A,120.118,33.4022,盐城市,盐城电厂,,29,12,16,3,6,91,,59,59,9,11,5,5,0.6,0.6
2024-08-20T1800,1216A,120.156,33.3942,盐城市,市监测站,,27,10,17,7,10,86,,60,60,11,13,7,7,0.5,0.5
2024-08-20T1800,1218A,120.2144,33.38,盐城市,开发区管委会,,25,8,16,8,15,78,,53,53,9,12,4,4,0.6,0.5
2024-08-20T1800,3004A,120.1544,33.3663,盐城市,宝龙广场,,22,12,17,9,14,69,,56,56,6,8,6,6,0.8,0.8
2024-08-20T1800,3293A,120.1501,33.3367,盐城市,月亮广场,,29,,17,6,13,90,,58,58,4,5,3,3,0.6,0.6
2024-08-20T1800,3436A,120.4279,33.205,盐城市,大丰高级中学,,21,14,15,12,10,66,,57,57,15,12,6,6,0.4,0.4
2024-08-20T1800,1186A,119.389,32.3761,扬州市,邗江监测站,,30,22,9,9,7,94,,78,78,8,9,6,6,0.7,0.7
2024-08-20T1800,2869A,119.447,32.4155,扬州市,五台山医院,,36,12,9,9,7,115,,90,90,6,9,6,6,0.6,0.6
2024-08-20T1800,3164A,119.4686,32.3942,扬州市,广陵建设局,,28,17,9,9,7,89,,75,75,13,13,5,5,0.9,0.9
2024-08-20T1800,3195A,119.3633,32.3972,扬州市,市体育局,,29,,8,8,7,90,,78,78,12,12,5,5,0.4,0.4
2024-08-20T1800,3294A,119.5653,32.4222,扬州市,引江管理处,,26,18,12,3,6,81,,77,77,11,12,5,5,0.7,0.6
2024-08-20T1800,1699A,111.9797,21.8593,阳江市,鸳鸯湖,,19,,19,8,9,59,,69,69,9,15,4,8,0.7,0.6
2024-08-20T1800,1701A,111.9491,21.8658,阳江市,马南垌,,18,8,20,3,9,55,,61,61,12,16,4,9,0.4,0.4
2024-08-20T1800,3317A,111.9765,21.8947,阳江市,两阳中学,,14,7,19,3,6,42,,62,62,18,14,4,8,0.4,0.4
2024-08-20T1800,3453A,112.0125,21.8749,阳江市,阳东陶然,,20,6,18,3,10,61,,63,63,7,12,4,7,0.5,0.6
2024-08-20T1800,1738A,113.5758,37.8572,阳泉市,市中心,,35,15,18,12,13,110,,140,140,23,20,12,8,0.8,0.8
2024-08-20T1800,1739A,113.4894,37.8731,阳泉市,赛鱼,,33,29,30,16,12,104,,137,137,13,13,6,7,0.7,0.7
2024-08-20T1800,1740A,113.5819,37.8486,阳泉市,南庄,,40,32,27,19,13,125,,145,145,18,16,12,6,0.7,0.8
2024-08-20T1800,1742A,113.5614,37.8703,阳泉市,平坦,,39,21,28,8,11,124,,149,146,16,18,10,9,0.6,0.6
2024-08-20T1800,1743A,113.5158,37.8392,阳泉市,大阳泉,,33,9,14,6,10,105,,130,130,10,12,6,7,0.6,0.6
2024-08-20T1800,3619A,113.617,37.8571,阳泉市,龙柱,,37,19,32,3,15,117,,137,137,19,22,14,16,0.5,0.8
2024-08-20T1800,2252A,128.5159,47.4311,伊春市,环保局,,25,25,16,8,8,71,,75,75,17,8,8,5,0.5,0.4
2024-08-20T1800,2253A,128.9102,47.7412,伊春市,电力嘉园,,33,33,9,16,8,61,,65,65,22,10,6,3,0.8,0.7
2024-08-20T1800,2254A,129.5029,48.471,伊春市,汤旺河国家公园,,20,16,15,14,8,44,,57,57,5,5,3,5,0.4,0.4
2024-08-20T1800,3342A,128.4741,47.4346,伊春市,中心小学,,25,23,15,3,8,80,,81,81,8,6,8,7,0.7,0.6
2024-08-20T1800,3343A,128.6871,47.7369,伊春市,检察院,,27,27,23,17,11,83,,84,84,12,7,11,9,0.8,0.6
2024-08-20T1800,3344A,128.8431,47.8474,伊春市,双子河社区,,22,16,12,9,8,68,,74,74,16,7,7,7,0.7,0.7
2024-08-20T1800,3480A,129.1368,47.6417,伊春市,美溪镇,,27,27,17,9,8,50,,73,70,10,9,3,3,0.9,0.9
2024-08-20T1800,2703A,81.2815,43.9404,伊犁哈萨克自治州,市环保局,,,25,32,18,13,118,,82,82,11,28,,8,0.4,0.6
2024-08-20T1800,2704A,81.2996,43.9174,伊犁哈萨克自治州,新政府片区,,35,16,18,3,10,110,,72,72,7,21,7,6,0.5,0.6
2024-08-20T1800,2705A,81.3364,43.941,伊犁哈萨克自治州,第二水厂,,35,21,26,6,12,110,,76,76,9,22,8,7,0.3,0.5
2024-08-20T1800,1882A,104.563,28.793,宜宾市,石马中学,臭氧1小时,72,30,44,24,35,177,,189,189,9,13,7,7,0.6,0.7
2024-08-20T1800,1883A,104.6201,28.7728,宜宾市,市委,臭氧1小时,85,42,33,31,29,188,,188,188,9,18,10,13,0.6,0.7
2024-08-20T1800,1884A,104.6055,28.793,宜宾市,宜宾四中,臭氧1小时,83,42,47,26,31,186,,188,188,12,19,11,14,0.6,0.7
2024-08-20T1800,1885A,104.639,28.7562,宜宾市,市政府,臭氧1小时,101,48,49,26,32,201,,189,189,12,24,12,11,0.8,0.9
2024-08-20T1800,1886A,104.5742,28.7199,宜宾市,黄金嘴,臭氧1小时,104,42,41,29,28,207,,197,197,10,16,8,11,0.7,0.7
2024-08-20T1800,3728A,104.68,28.8071,宜宾市,白酒学院,臭氧1小时,89,41,47,26,29,191,,196,196,6,15,9,11,0.6,0.7
2024-08-20T1800,1840A,111.2992,30.6981,宜昌市,白龙岗,,49,31,30,22,19,155,,158,158,18,17,6,3,0.7,0.7
2024-08-20T1800,1841A,111.3549,30.6465,宜昌市,伍家岗,,50,25,21,22,21,157,,159,159,17,23,4,4,0.5,0.5
2024-08-20T1800,1842A,111.2628,30.6961,宜昌市,点军区,臭氧1小时,53,39,30,19,17,162,,154,154,12,17,7,7,0.5,0.5
2024-08-20T1800,1843A,111.3275,30.7819,宜昌市,夷陵区,,46,36,31,12,13,147,,149,149,13,12,4,4,0.4,0.4
2024-08-20T1800,3546A,111.4606,30.552,宜昌市,猇亭区张家湾站,臭氧1小时,62,29,38,10,18,169,,155,155,15,19,5,7,0.6,0.7
2024-08-20T1800,3653A,111.3119,30.7273,宜昌市,云深路,,,33,33,23,22,166,,160,160,13,15,,7,0.6,0.7
2024-08-20T1800,2371A,114.3408,27.8064,宜春市,槟榔水业,,,,,,,,,,,,,,,,
2024-08-20T1800,2373A,114.3956,27.7844,宜春市,市石油公司,,26,26,35,14,20,72,,102,102,7,5,4,4,0.8,0.9
2024-08-20T1800,2374A,114.3703,27.7914,宜春市,市气象局,,35,35,41,15,24,87,,102,102,4,8,3,9,0.6,0.7
2024-08-20T1800,2375A,114.4013,27.8074,宜春市,市广电局,,30,20,33,13,22,95,,108,108,9,8,11,15,0.5,0.6
2024-08-20T1800,3151A,114.375,27.8097,宜春市,宜春学院北校区,,30,25,38,14,23,94,,95,95,6,8,6,13,0.4,0.5
2024-08-20T1800,3415A,114.4519,28.0828,宜春市,万载县环保局,,28,17,20,12,10,87,,97,97,10,14,12,6,0.7,0.7
2024-08-20T1800,2467A,112.4067,28.6428,益阳市,甘溪港,细颗粒物(PM2.5),58,58,35,41,29,121,,118,118,7,11,5,4,0.4,0.5
2024-08-20T1800,2468A,112.3458,28.5808,益阳市,市环保局,,43,38,47,19,25,136,,128,128,8,11,6,8,0.6,0.7
2024-08-20T1800,2469A,112.3437,28.5531,益阳市,市特殊教育学校,,43,23,47,13,22,136,,130,130,7,11,8,9,0.7,0.7
2024-08-20T1800,2470A,112.3347,28.6047,益阳市,资阳区政务中心,,42,23,40,7,26,132,,124,124,4,8,7,8,0.6,0.7
2024-08-20T1800,2471A,112.3744,28.5819,益阳市,赫山环保分局,,42,23,48,17,27,133,,126,126,7,11,9,10,0.8,0.9
2024-08-20T1800,1484A,105.9512,38.6016,银川市,贺兰山马莲口,,,,,,,,,,,,,,,,
2024-08-20T1800,1488A,106.2328,38.4975,银川市,贺兰山东路,臭氧1小时,69,,33,46,26,175,,140,140,9,10,12,9,0.6,0.4
2024-08-20T1800,1489A,106.1358,38.5036,银川市,学院路,,47,33,38,30,22,150,,127,127,8,14,9,10,0.6,0.5
2024-08-20T1800,2924A,106.2266,38.4418,银川市,水乡路,,49,45,39,27,18,154,,126,126,9,10,11,9,0.6,0.5
2024-08-20T1800,2925A,106.2757,38.4842,银川市,上海东路,臭氧1小时,59,39,22,32,17,167,,130,130,7,10,7,4,0.7,0.5
2024-08-20T1800,2926A,106.1015,38.497,银川市,文昌北街,臭氧1小时,55,40,35,27,20,164,,140,140,6,14,8,9,0.6,0.5
2024-08-20T1800,3523A,106.5105,38.3856,银川市,滨河新区,,41,22,19,6,7,130,,118,118,7,8,4,6,0.5,0.5
2024-08-20T1800,2357A,116.9822,28.1136,鹰潭市,龙虎山,,,,,,,,,,,,,,,,
2024-08-20T1800,2358A,117.0564,28.2642,鹰潭市,新监测站,,37,37,24,20,10,63,,75,75,2,4,13,11,0.5,0.5
2024-08-20T1800,2359A,117.0311,28.2475,鹰潭市,财苑宾馆,,,35,31,20,7,71,,76,76,5,7,,11,0.4,0.4
2024-08-20T1800,2360A,117.0222,28.2264,鹰潭市,体育馆,,30,30,33,18,5,70,,72,72,9,7,25,9,0.5,0.4
2024-08-20T1800,2361A,117.0017,28.2131,鹰潭市,三川水表,,20,20,38,9,5,36,,63,63,11,8,7,7,0.5,0.4
2024-08-20T1800,1597A,122.2703,40.7094,营口市,大庆路,,32,32,34,12,17,46,,52,52,24,33,5,6,0.8,1.4
2024-08-20T1800,1598A,122.2150,40.6511,营口市,镜湖西路,,32,32,55,3,38,48,,51,51,17,36,5,12,0.4,2.1
2024-08-20T1800,1599A,122.1658,40.6789,营口市,西炮台,,28,28,54,6,30,53,,55,55,14,32,7,14,0.3,1.7
2024-08-20T1800,3379A,122.1139,40.2278,营口市,鲅鱼圈市民活动中心,,17,8,18,7,11,53,,58,58,11,22,8,9,0.5,0.6
2024-08-20T1800,3866A,122.2469,40.66302,营口市,三高中,,29,29,56,17,36,50,,54,54,20,33,2,9,0.7,1.8
2024-08-20T1800,4006A,122.3622,40.6762,营口市,老边实验小学,,34,34,67,15,50,42,,48,48,26,38,11,17,0.7,2.7
2024-08-20T1800,2477A,111.6217,26.2081,永州市,零陵南津渡,,40,40,40,21,22,114,,107,107,3,5,7,7,0.6,0.7
2024-08-20T1800,2478A,111.6156,26.4214,永州市,市环境监测站,,33,29,34,23,24,103,,98,98,4,9,8,7,0.7,0.8
2024-08-20T1800,2479A,111.6236,26.2331,永州市,零陵区环保局,,46,36,37,32,24,113,,107,107,6,9,10,8,0.6,0.7
2024-08-20T1800,2480A,111.5992,26.4364,永州市,永州市环保局,,34,26,32,23,23,107,,100,100,3,7,7,7,0.8,0.7
2024-08-20T1800,2481A,111.5989,26.4519,永州市,冷水滩区环保局,,40,34,36,28,28,102,,98,98,4,10,7,15,0.6,0.7
2024-08-20T1800,2638A,109.7414,38.3344,榆林市,红石峡森林公园,,,,41,4,18,121,,133,133,9,27,7,13,0.3,0.5
2024-08-20T1800,2639A,109.7456,38.2911,榆林市,世纪广场,,37,13,38,10,15,116,,131,131,15,43,8,11,0.5,0.8
2024-08-20T1800,2640A,109.7289,38.2839,榆林市,实验中学,,39,15,43,9,14,123,,137,136,13,40,8,16,0.7,0.5
2024-08-20T1800,2641A,109.7336,38.2478,榆林市,环保监测大楼,,38,27,35,18,14,119,,141,141,43,42,10,18,0.5,0.5
2024-08-20T1800,2509A,110.1106,22.7019,玉林市,寒山水库,,,24,28,15,20,19,,59,58,6,8,,5,,0.7
2024-08-20T1800,2510A,110.1675,22.6411,玉林市,市监测站,,20,20,32,8,17,46,,72,72,12,10,3,8,0.5,0.6
2024-08-20T1800,2511A,110.1433,22.6164,玉林市,南江一中,,33,33,41,9,15,46,,69,69,10,13,1,6,0.5,0.6
2024-08-20T1800,3532A,110.1945,22.6831,玉林市,玉林师范学院东校区,,,,32,,18,41,,72,72,16,15,2,5,0.5,0.5
2024-08-20T1800,3533A,110.0527,22.5893,玉林市,福绵环保局,,14,14,26,3,14,39,,63,63,18,11,4,2,0.6,0.5
2024-08-20T1800,2675A,97,33.0014,玉树藏族自治州,玉树县结古镇,,,7,15,3,4,,,76,,1,12,8,8,0.4,0.5
2024-08-20T1800,1715A,102.575,24.3711,玉溪市,东风水库,,27,,33,14,25,86,,100,98,14,13,10,8,1.0,0.9
2024-08-20T1800,2882A,102.5389,24.3703,玉溪市,玉溪一中,,30,30,34,13,19,80,,105,105,36,19,28,11,3.0,1.1
2024-08-20T1800,2883A,102.5381,24.3389,玉溪市,文体中心,,29,21,38,18,23,91,,104,104,19,21,9,10,0.7,0.9
2024-08-20T1800,1847A,113.1094,29.3578,岳阳市,南湖风景区,,40,17,29,9,23,125,,144,144,5,14,8,11,0.4,0.6
2024-08-20T1800,1848A,113.1493,29.4251,岳阳市,城陵矶,,36,28,39,17,24,115,,121,120,14,29,7,9,0.9,0.9
2024-08-20T1800,1849A,113.1497,29.3575,岳阳市,开发区,,43,26,38,21,21,137,,149,149,10,20,7,8,0.5,0.6
2024-08-20T1800,1850A,113.2621,29.4758,岳阳市,云溪区,,41,25,29,16,23,131,,137,137,14,17,7,8,0.5,0.6
2024-08-20T1800,1851A,112.9943,29.4402,岳阳市,君山区,,38,22,24,13,20,119,,123,123,8,16,6,7,0.6,0.7
2024-08-20T1800,1852A,113.2117,29.355,岳阳市,金凤水库,,43,28,29,16,16,136,,140,140,5,11,8,16,0.7,0.8
2024-08-20T1800,1712A,112.0392,22.9169,云浮市,新市府,,20,15,24,14,11,54,,74,74,3,4,5,6,0.6,0.7
2024-08-20T1800,1714A,112.0539,22.9539,云浮市,牧羊,,21,,28,7,12,67,,80,79,8,19,7,9,0.5,0.7
2024-08-20T1800,3628A,112.0336,22.9374,云浮市,文笔,,20,15,26,6,5,64,,80,80,5,15,4,5,0.5,0.6
2024-08-20T1800,2175A,110.9956,35.0147,运城市,运城中学,,46,46,38,9,17,123,,123,123,7,9,3,5,0.6,0.7
2024-08-20T1800,2178A,110.9686,35.0303,运城市,地区技校,,39,39,32,18,20,122,,121,121,8,11,6,7,0.7,0.8
2024-08-20T1800,2179A,111.0414,35.1147,运城市,空港新区,颗粒物(PM10),57,63,51,16,21,117,,124,124,7,13,4,6,0.6,0.8
2024-08-20T1800,3667A,111.0283,35.0547,运城市,水利职院,颗粒物(PM10),53,55,44,19,24,124,,125,125,6,8,2,2,0.6,0.7
2024-08-20T1800,3670A,111.0522,35.0439,运城市,禹都公园,,40,29,32,6,14,125,,124,124,5,8,1,2,0.6,0.7
2024-08-20T1800,1637A,117.558,34.8438,枣庄市,市中区政府,臭氧1小时,53,34,29,22,19,162,,135,135,15,19,9,6,0.4,0.4
2024-08-20T1800,1638A,117.2852,34.7837,枣庄市,薛城环保局,臭氧1小时,60,37,33,26,23,168,,152,152,12,21,7,10,0.6,0.7
2024-08-20T1800,1639A,117.5852,34.7745,枣庄市,峄城区政府,,49,36,35,23,25,155,,139,139,15,22,6,8,0.5,0.4
2024-08-20T1800,1640A,117.7276,34.5578,枣庄市,台儿庄区环保局,,45,36,35,31,26,142,,137,137,15,23,8,8,0.5,0.6
2024-08-20T1800,1641A,117.4518,35.0992,枣庄市,山亭区环保局,,47,22,21,12,17,148,,126,126,14,12,4,4,0.5,0.5
2024-08-20T1800,3364A,117.3152,34.8103,枣庄市,市环保局,,50,37,31,29,23,158,,141,141,12,20,9,9,0.8,0.8
2024-08-20T1800,1680A,110.3539,21.2706,湛江市,湛江影剧院,,14,14,22,8,11,30,,48,46,19,14,8,10,0.7,0.6
2024-08-20T1800,1681A,110.3928,21.2228,湛江市,市环境监测站,,16,,19,11,11,32,,51,48,20,16,8,11,0.6,0.6
2024-08-20T1800,1682A,110.4019,21.1997,湛江市,环保局宿舍,,14,14,22,8,12,33,,46,46,16,18,6,9,0.4,0.5
2024-08-20T1800,1683A,110.4111,21.2028,湛江市,霞山游泳场,,10,10,20,6,11,31,,45,45,13,20,6,8,0.4,0.5
2024-08-20T1800,1684A,110.3316,21.2679,湛江市,麻章区环保局,,16,16,23,7,10,20,,43,39,22,15,7,10,0.5,0.5
2024-08-20T1800,1685A,110.4558,21.2567,湛江市,坡头区环保局,,12,7,18,3,9,38,,52,52,8,16,6,5,0.4,0.4
2024-08-20T1800,1858A,110.5319,29.1217,张家界市,永定新区,,34,25,25,8,17,106,,110,109,6,9,2,3,0.3,0.2
2024-08-20T1800,1859A,110.4697,29.1242,张家界市,电业局,,33,16,22,14,18,103,,109,109,7,9,1,2,0.3,0.3
2024-08-20T1800,1860A,110.5594,29.3547,张家界市,未央路,,38,18,19,10,14,121,,111,111,4,7,4,4,0.2,0.2
2024-08-20T1800,1861A,110.4417,29.315,张家界市,袁家界,,30,,18,11,12,93,,104,104,19,18,7,7,0.6,0.6
2024-08-20T1800,1057A,114.8883,40.8336,张家口市,人民公园,,29,6,17,3,5,92,,100,100,4,6,2,2,0.3,0.3
2024-08-20T1800,1059A,114.8687,40.8042,张家口市,五金库,,28,20,25,3,8,89,,102,102,7,12,4,4,0.3,0.3
2024-08-20T1800,1060A,114.8902,40.762,张家口市,世纪豪园,,24,10,16,3,9,74,,106,104,15,10,7,7,0.4,0.3
2024-08-20T1800,1061A,114.8916,40.8661,张家口市,北泵房,,26,,16,8,4,82,,98,98,3,3,5,5,0.2,0.2
2024-08-20T1800,3131A,114.879,40.7993,张家口市,烟厂,,28,25,23,3,9,88,,102,102,9,12,3,3,0.6,0.4
2024-08-20T1800,3323A,115.2773,40.9724,张家口市,青少年活动中心,,35,35,17,12,10,103,,104,104,7,5,2,2,0.4,0.4
2024-08-20T1800,2654A,100.4698,38.9524,张掖市,润泉湖,,45,27,34,8,14,142,,125,125,4,7,8,9,0.2,0.2
2024-08-20T1800,2655A,100.4154,38.9422,张掖市,区工会,,50,26,39,3,12,159,,136,136,9,12,8,9,0.1,0.2
2024-08-20T1800,2075A,117.6336,24.4674,漳州市,九湖,,,,,,,,,,,,,,,,
2024-08-20T1800,2920A,117.7116,24.506,漳州市,蓝田镇,,10,6,12,3,5,25,,36,36,20,12,4,4,0.4,0.3
2024-08-20T1800,3216A,114.6622,24.5183,漳州市,漳州党校,,10,6,15,3,6,29,,35,35,16,12,6,6,0.5,0.4
2024-08-20T1800,3530A,117.6296,24.5314,漳州市,西洋坪路,,10,7,13,3,8,30,,30,30,11,9,3,4,0.5,0.5
2024-08-20T1800,2596A,103.7667,27.3736,昭通市,监测站,,45,20,42,3,18,144,,137,137,5,21,5,14,0.4,0.5
2024-08-20T1800,2597A,103.7225,27.3361,昭通市,环保局,,46,23,45,14,21,145,,133,133,2,23,8,15,0.2,0.5
2024-08-20T1800,1397A,112.4267,23.0706,肇庆市,睦岗子站,,,22,23,14,14,74,,90,90,12,22,7,8,,0.4
2024-08-20T1800,1398A,112.4645,23.0475,肇庆市,城中子站,,20,12,24,8,16,64,,79,79,9,28,5,12,0.5,0.6
2024-08-20T1800,1399A,112.5544,23.1522,肇庆市,坑口子站,,27,24,24,17,16,84,,88,88,12,22,4,5,0.6,0.7
2024-08-20T1800,1400A,112.4753,23.1,肇庆市,七星岩子站,,,,,,,,,,,,,,,,
2024-08-20T1800,3313A,112.4575,23.0166,肇庆市,高要湖西,,27,27,24,3,14,75,,93,93,5,16,1,7,0.4,0.6
2024-08-20T1800,3451A,112.5617,23.2083,肇庆市,鼎湖凤凰,,,,20,,13,,,53,,,8,,7,,0.4
2024-08-20T1800,1203A,119.6707,32.1875,镇江市,新区办事处,,25,14,13,10,8,77,,63,63,35,26,6,6,0.8,0.4
2024-08-20T1800,1204A,119.4974,32.1968,镇江市,职教中心,,33,11,11,7,10,104,,92,92,15,19,5,5,0.4,0.4
2024-08-20T1800,1205A,119.4303,32.1328,镇江市,丹徒区监测站,,32,13,9,6,8,100,,85,85,6,15,1,2,0.4,0.5
2024-08-20T1800,2870A,119.4424,32.1873,镇江市,市疾控中心,,25,8,8,3,7,80,,68,68,14,21,7,6,0.4,0.5
2024-08-20T1800,3287A,119.3842,32.1976,镇江市,富润路1号,,26,12,10,12,11,81,,70,70,20,21,5,6,0.5,0.5
2024-08-20T1800,1316A,113.69031,34.76122,郑州市,烟厂,,45,25,17,23,11,144,,150,149,19,14,3,2,0.6,0.5
2024-08-20T1800,1317A,113.65724,34.77134,郑州市,郑纺机,,,34,18,,5,158,,164,164,13,10,4,4,0.5,0.4
2024-08-20T1800,1318A,113.67526,34.80246,郑州市,银行学校,,46,27,16,10,10,146,,152,152,11,11,2,2,0.6,0.4
2024-08-20T1800,1319A,113.56746,34.81334,郑州市,供水公司,,49,33,22,10,8,156,,166,166,18,17,3,4,0.6,0.5
2024-08-20T1800,1320A,113.7329,34.7178,郑州市,经开区管委,,,35,17,,,169,,158,158,11,12,3,2,0.5,0.5
2024-08-20T1800,1321A,113.73961,34.77172,郑州市,四十七中,,50,36,15,15,7,158,,165,165,8,8,4,3,0.7,0.6
2024-08-20T1800,1322A,113.60532,34.74838,郑州市,市监测站,,,48,29,,,191,,173,173,12,12,2,2,0.5,0.7
2024-08-20T1800,1323A,113.64164,34.7525,郑州市,河医大,,,44,23,,9,176,,161,161,12,12,2,2,0.4,0.4
2024-08-20T1800,1324A,113.51488,34.91089,郑州市,岗李水库,,,,,,,,,,,,,,,,
2024-08-20T1800,3471A,113.616563,34.86783,郑州市,惠济区政府,,49,31,20,10,9,155,,157,157,5,8,5,4,0.7,0.6
2024-08-20T1800,3590A,113.8374,34.5589,郑州市,北区建设指挥部,臭氧1小时,55,30,22,12,8,164,,163,163,9,14,3,2,0.4,0.4
2024-08-20T1800,3591A,113.30952,34.803229,郑州市,上街区政府,,,34,32,,,170,,162,162,6,10,3,4,0.3,0.3
2024-08-20T1800,1379A,113.3769,22.5211,中山市,华柏园,,,,26,,11,51,,52,52,9,12,,4,0.6,0.6
2024-08-20T1800,1380A,113.3881,22.5497,中山市,张溪,,23,,22,16,11,58,,67,67,5,8,2,3,0.4,0.5
2024-08-20T1800,1381A,113.4075,22.5111,中山市,紫马岭,,,13,19,9,12,60,,62,62,5,9,1,2,,0.4
2024-08-20T1800,1382A,113.4411,22.4853,中山市,长江旅游区,,,,,,,,,,,,,,,,
2024-08-20T1800,3454A,113.3528,22.478,中山市,中山南区,,19,14,19,7,9,59,,61,61,7,12,2,2,0.4,0.5
2024-08-20T1800,2680A,105.0025,37.4635,中卫市,沙坡头消防站,,,,,,,,,,,,,,,,
2024-08-20T1800,2682A,105.1971,37.5002,中卫市,环保局站,,41,18,32,3,10,129,,122,122,5,22,5,8,0.3,0.5
2024-08-20T1800,3650A,105.1698,37.5162,中卫市,沙坡头区政府站,,42,24,35,3,14,133,,127,127,5,20,4,7,0.3,0.5
2024-08-20T1800,1414A,106.3787,29.8279,重庆市,缙云山,臭氧1小时,104,33,29,20,19,207,,185,185,9,16,10,8,0.2,0.5
2024-08-20T1800,1416A,106.4213,29.8253,重庆市,天生,臭氧1小时,101,22,40,20,29,201,,189,189,8,33,6,7,0.4,0.6
2024-08-20T1800,1417A,106.6263,29.7228,重庆市,两路,,48,29,36,14,23,152,,165,165,34,39,8,8,0.7,0.7
2024-08-20T1800,1418A,106.2953,29.5983,重庆市,虎溪,臭氧1小时,93,37,48,14,33,194,,200,200,6,32,6,5,0.4,0.6
2024-08-20T1800,1419A,106.5777,29.5102,重庆市,南坪,臭氧1小时,85,39,37,15,23,188,,182,182,11,23,7,11,0.4,0.6
2024-08-20T1800,1420A,106.6556,29.6277,重庆市,唐家沱,臭氧1小时,62,32,40,22,25,169,,179,179,10,26,9,10,0.6,0.8
2024-08-20T1800,1421A,106.6349,29.4906,重庆市,茶园,,47,30,59,21,36,150,,166,166,14,48,6,8,0.7,1
2024-08-20T1800,1422A,106.3754,29.4572,重庆市,白市驿,,,31,40,8,27,163,,176,176,14,24,10,11,,0.7
2024-08-20T1800,1425A,106.6205,29.7166,重庆市,空港,臭氧1小时,74,24,33,18,26,179,,176,176,11,28,6,8,0.7,0.7
2024-08-20T1800,1426A,106.4782,29.4875,重庆市,新山村,臭氧1小时,64,33,46,15,26,171,,177,176,11,42,8,11,0.3,0.9
2024-08-20T1800,1427A,106.5616,29.6453,重庆市,礼嘉,臭氧1小时,90,21,38,16,24,192,,186,186,14,43,8,9,0.5,0.7
2024-08-20T1800,1428A,106.4522,29.7091,重庆市,蔡家,臭氧1小时,72,30,42,19,27,177,,178,178,16,30,6,6,0.4,0.6
2024-08-20T1800,1429A,106.5093,29.3917,重庆市,鱼新街,,47,25,46,12,28,150,,162,162,14,36,6,7,0.7,1
2024-08-20T1800,3014A,106.4958,29.5346,重庆市,歇台子,,48,26,51,26,30,152,,162,162,8,35,7,7,0.7,0.9
2024-08-20T1800,3015A,106.4037,29.5728,重庆市,龙井湾,,50,32,53,9,24,159,,164,164,6,18,7,8,0.6,0.9
2024-08-20T1800,3016A,106.5507,29.4153,重庆市,龙洲湾,,45,30,38,23,29,141,,159,154,8,24,8,9,0.6,0.8
2024-08-20T1800,3133A,106.5468,29.5654,重庆市,上清寺,臭氧1小时,68,39,54,18,27,174,,178,178,22,52,6,8,0.6,0.9
2024-08-20T1800,3346A,108.3872,31.1628,重庆市,安康,,43,,19,30,17,125,,111,111,8,12,6,5,0.5,0.6
2024-08-20T1800,3347A,105.9017,29.3569,重庆市,北山路,臭氧1小时,72,,46,36,29,177,,178,178,8,20,11,9,0.6,0.8
2024-08-20T1800,3348A,105.839,30.1946,重庆市,春阳街,,46,30,58,18,50,147,,134,134,8,14,8,9,0.6,0.7
2024-08-20T1800,3349A,107.7983,30.6758,重庆市,人民东路,,40,35,48,22,20,128,,120,120,7,10,6,6,0.5,0.6
2024-08-20T1800,3350A,106.6479,29.0244,重庆市,滩子口,,39,,35,14,26,122,,122,122,6,15,4,9,0.3,0.5
2024-08-20T1800,3351A,105.7167,29.7076,重庆市,棠香,臭氧1小时,78,39,49,29,36,182,,184,184,5,13,6,6,0.5,0.7
2024-08-20T1800,3352A,107.0732,29.8617,重庆市,桃源西路,,50,31,44,14,29,159,,147,147,3,10,10,14,0.4,0.5
2024-08-20T1800,3353A,107.3535,29.7287,重庆市,迎宾大道,,41,26,37,7,32,130,,175,165,15,30,3,4,0.5,0.7
2024-08-20T1800,3354A,108.815,29.5081,重庆市,舟白,,37,35,18,23,18,118,,115,115,3,7,5,5,0.3,0.3
2024-08-20T1800,3355A,108.3679,30.8426,重庆市,周家坝,,40,,27,25,24,128,,126,126,11,24,16,11,0.4,0.5
2024-08-20T1800,3356A,108.4319,30.7555,重庆市,百安坝,,50,22,31,21,28,158,,147,147,6,18,8,9,0.3,0.3
2024-08-20T1800,3482A,107.7541,29.3277,重庆市,芙蓉中路,,33,24,39,3,20,105,,107,107,9,9,6,9,0.4,0.5
2024-08-20T1800,3483A,108.7661,29.5368,重庆市,西山,,33,33,32,13,20,101,,108,108,8,12,6,6,0.4,0.5
2024-08-20T1800,3484A,106.2628,29.32,重庆市,行政中心,,47,19,58,15,39,149,,160,160,13,42,8,9,0.6,0.8
2024-08-20T1800,3485A,107.0944,29.1608,重庆市,高寺路,,35,21,33,14,28,109,,118,117,7,15,6,7,0.4,0.7
2024-08-20T1800,3599A,106.2649,29.9851,重庆市,书院路,臭氧1小时,115,35,67,22,43,230,,200,200,13,19,6,7,0.6,0.8
2024-08-20T1800,3600A,106.2339,29.5559,重庆市,虎峰,臭氧1小时,78,22,48,16,27,182,,195,195,6,18,6,12,0.5,0.9
2024-08-20T1800,3601A,106.0499,29.8342,重庆市,龙门街,臭氧1小时,60,31,42,9,36,168,,181,181,10,23,10,12,0.4,0.6
2024-08-20T1800,3610A,105.5933,29.4105,重庆市,昌元,,50,37,68,24,46,160,,167,167,6,18,7,6,0.5,0.9
2024-08-20T1800,1258A,122.122,30.0203,舟山市,定海檀枫,,32,32,19,12,7,82,,88,88,10,11,6,6,0.4,0.4
2024-08-20T1800,1260A,122.19,29.9944,舟山市,临城新区,,24,21,15,9,6,74,,76,76,8,11,5,6,0.3,0.3
2024-08-20T1800,4033A,122.3123,29.9619,舟山市,普陀东港中学,,25,22,13,10,8,77,,70,70,4,11,5,5,0.5,0.5
2024-08-20T1800,2067A,114.6613,33.6128,周口市,市环境监测站,,45,25,20,19,12,141,,134,134,4,4,3,3,0.4,0.4
2024-08-20T1800,2068A,114.6758,33.6347,周口市,周口师范,,,,20,,12,,,124,124,,9,,4,,0.7
2024-08-20T1800,2069A,114.6546,33.5979,周口市,市运管处,,44,19,24,9,12,138,,132,132,9,10,4,4,0.6,0.6
2024-08-20T1800,2070A,114.6369,33.6406,周口市,川汇区环保局,,43,24,20,14,13,137,,131,131,4,7,5,4,0.4,0.5
2024-08-20T1800,1515A,113.135,27.8244,株洲市,天台山庄,臭氧1小时,68,37,31,32,19,174,,155,155,8,16,6,8,0.5,0.6
2024-08-20T1800,1518A,113.095,27.8867,株洲市,株冶医院,,50,40,30,27,18,158,,154,154,14,15,5,5,0.6,0.6
2024-08-20T1800,1519A,113.167,27.8667,株洲市,市四中,臭氧1小时,60,45,36,35,22,168,,152,152,8,14,4,6,0.5,0.6
2024-08-20T1800,1520A,113.143,27.8381,株洲市,火车站,臭氧1小时,69,39,34,30,19,175,,150,150,11,15,5,6,0.4,0.6
2024-08-20T1800,1524A,113.13,27.8528,株洲市,市监测站,臭氧1小时,62,38,32,28,23,169,,154,154,11,18,8,9,0.6,0.6
2024-08-20T1800,1559A,113.251,27.8336,株洲市,大京风景区,,39,30,25,15,12,123,,124,124,5,5,7,6,0.5,0.5
2024-08-20T1800,2031A,113.1817,27.9958,株洲市,云田中学,,45,39,28,25,16,141,,143,143,11,9,7,7,0.8,0.7
2024-08-20T1800,1367A,113.5814,22.2618,珠海市,吉大,,17,17,17,6,9,49,,42,42,8,11,4,4,0.6,0.7
2024-08-20T1800,1368A,113.4881,22.2335,珠海市,前山,,20,18,17,14,10,47,,49,49,7,9,4,4,0.5,0.6
2024-08-20T1800,1369A,113.628,22.4251,珠海市,唐家,,,16,14,13,8,53,,50,50,7,8,6,6,,0.4
2024-08-20T1800,1370A,113.299,22.2281,珠海市,斗门,,17,15,13,6,7,52,,50,50,9,10,8,8,0.6,0.6
2024-08-20T1800,3308A,113.3494,22.0569,珠海市,金湾,,20,20,16,12,9,47,,49,49,10,10,7,7,0.4,0.5
2024-08-20T1800,3448A,113.5433,22.1163,珠海市,横琴,,20,20,16,11,8,54,,53,53,4,7,6,6,0.5,0.6
2024-08-20T1800,2420A,114.0189,32.9656,驻马店市,市一纸厂,,40,36,23,15,13,128,,125,125,8,7,8,7,0.4,0.3
2024-08-20T1800,2421A,114.0114,33.015,驻马店市,市彩印厂,,41,25,21,14,15,131,,129,129,4,6,5,6,0.5,0.5
2024-08-20T1800,2422A,113.9976,32.9771,驻马店市,天方二分厂,,41,41,26,20,18,126,,120,120,6,7,4,2,0.2,0.3
2024-08-20T1800,3339A,114.0012,33.0412,驻马店市,小管楼,,40,20,20,17,14,128,,126,126,6,8,6,5,0.5,0.5
2024-08-20T1800,2561A,104.6617,30.1372,资阳市,莲花山,臭氧1小时,55,14,34,9,19,164,,182,182,7,14,6,7,0.2,0.3
2024-08-20T1800,2562A,104.6356,30.1506,资阳市,资阳中学,臭氧1小时,58,,44,19,29,166,,186,186,3,10,8,8,0.8,0.9
2024-08-20T1800,2563A,104.6295,30.1383,资阳市,四三一厂,臭氧1小时,54,10,40,6,23,163,,185,185,10,20,8,8,0.6,0.8
2024-08-20T1800,2564A,104.6463,30.1146,资阳市,师范校,臭氧1小时,63,15,42,12,31,170,,184,184,7,19,8,9,0.7,0.9
2024-08-20T1800,2565A,104.6296,30.1256,资阳市,区法院,,50,25,40,17,29,160,,179,179,3,20,8,8,0.6,0.8
2024-08-20T1800,1631A,118.0414,36.8103,淄博市,人民公园,,42,31,30,27,22,134,,131,131,19,24,6,7,0.5,0.5
2024-08-20T1800,1633A,117.8525,36.4847,淄博市,双山,臭氧1小时,65,38,24,28,16,172,,147,147,17,18,9,10,0.6,0.6
2024-08-20T1800,1634A,117.9592,36.6331,淄博市,气象站,,40,24,23,19,21,125,,132,132,19,24,14,14,0.8,0.8
2024-08-20T1800,1635A,118.3092,36.8194,淄博市,莆田园,,29,19,32,14,25,92,,118,115,18,25,9,10,0.6,1.7
2024-08-20T1800,3363A,117.9883,36.8372,淄博市,新区,,44,39,30,19,20,139,,,,18,22,14,11,0.9,0.9
2024-08-20T1800,3644A,117.8661,36.805,淄博市,三金集团,,49,49,39,31,24,144,,131,131,13,21,7,9,0.6,0.8
2024-08-20T1800,3645A,118.0253,36.8406,淄博市,东风化工厂,,48,48,43,31,22,142,,133,133,25,21,8,7,0.8,0.7
2024-08-20T1800,3027A,104.72,29.3427,自贡市,青杠林路,臭氧1小时,93,35,47,29,35,194,,202,202,7,20,10,9,0.3,0.4
2024-08-20T1800,3028A,104.776,29.3627,自贡市,檀木林体育馆,臭氧1小时,89,42,43,29,34,191,,186,186,6,18,8,9,0.3,0.5
2024-08-20T1800,3360A,104.7894,29.3194,自贡市,南湖救助站,臭氧1小时,89,39,46,27,37,191,,194,194,5,28,4,7,0.3,0.5
2024-08-20T1800,3638A,104.7636,29.3338,自贡市,轻化工大学,臭氧1小时,75,33,41,14,22,180,,186,186,7,18,9,9,0.3,0.4
2024-08-20T1800,1911A,106.9222,27.6869,遵义市,丁字口,,37,37,30,21,16,104,,101,101,10,16,5,5,0.4,0.6
2024-08-20T1800,1912A,106.9242,27.7019,遵义市,凤凰山,,41,20,24,20,18,129,,122,122,6,11,6,7,0.6,0.8
2024-08-20T1800,1913A,106.8906,27.6486,遵义市,忠庄,,42,42,46,21,19,128,,127,127,7,13,2,3,0.3,0.5
2024-08-20T1800,1914A,106.9231,27.6506,遵义市,舟水桥,,43,32,34,24,19,136,,130,130,8,11,2,2,0.2,0.4
2024-08-20T1800,1915A,106.9178,27.72,遵义市,干田坝,,38,19,20,10,16,121,,121,121,5,14,4,5,0.5,0.6
2024-08-20T1800,3536A,106.8547,27.5919,遵义市,第十二小学,,44,25,42,13,26,138,,129,129,5,18,3,5,0.4,0.5
