timepoint,stationcode,longitude,latitude,area,positionname,primarypollutant,aqi,pm10,pm10_24h,pm2_5,pm2_5_24h,o3,o3_24h,o3_8h,o3_8h_24h,no2,no2_24h,so2,so2_24h,co,co_24h
2024-12-21T2100,2566A,102.1879,31.914,阿坝藏族羌族自治州,州农科所,,40,40,32,10,12,50,,70,67,20,13,6,7,0.8,0.7
2024-12-21T2100,2568A,102.2502,31.8896,阿坝藏族羌族自治州,马师校,细颗粒物(PM2.5),52,,22,36,15,13,,52,41,44,22,4,4,0.6,0.4
2024-12-21T2100,3994A,102.2165,31.9024,阿坝藏族羌族自治州,马尔康中学西区,,46,46,30,30,16,25,,59,52,39,20,6,6,0.6,0.4
2024-12-21T2100,2695A,80.292,41.1694,阿克苏地区,电视台,细颗粒物(PM2.5),72,65,86,52,60,53,,55,55,24,29,3,2,0.9,1
2024-12-21T2100,2696A,80.2613,41.1551,阿克苏地区,艺术中心,细颗粒物(PM2.5),78,69,73,57,57,48,,47,47,30,25,4,4,0.9,1
2024-12-21T2100,2204A,105.6467,38.8363,阿拉善盟,西城区西花园,"颗粒物(PM10),细颗粒物(PM2.5)",55,60,54,39,33,47,,70,60,34,23,10,12,0.8,0.7
2024-12-21T2100,2205A,105.6985,38.8411,阿拉善盟,蒙二幼,颗粒物(PM10),57,64,49,31,30,56,,71,60,33,20,8,8,0.8,0.7
2024-12-21T2100,2206A,105.724,38.8516,阿拉善盟,环保局新楼,,30,30,50,18,28,75,,76,72,16,14,9,11,0.6,0.7
2024-12-21T2100,2708A,88.1264,47.8517,阿勒泰地区,市站,,31,31,21,11,11,25,,55,51,44,22,8,9,0.2,0.2
2024-12-21T2100,2630A,80.1161,32.5,阿里地区,阿里监测站,,,,12,,5,,,72,,,10,,7,,0.5
2024-12-21T2100,3192A,80.0903,32.5028,阿里地区,阿里藏医院,,25,7,11,3,7,80,,82,82,1,11,5,9,0.5,0.6
2024-12-21T2100,2642A,109.0318,32.6537,安康市,香溪洞,细颗粒物(PM2.5),79,70,66,58,55,62,,67,66,26,21,13,11,0.6,0.6
2024-12-21T2100,2644A,109.0072,32.6975,安康市,汉滨区检察院,细颗粒物(PM2.5),148,164,89,113,65,13,,32,28,74,42,8,6,1.5,1
2024-12-21T2100,4054A,109.0325,32.6913,安康市,市邮政管理局,细颗粒物(PM2.5),162,168,92,123,65,7,,36,28,74,44,9,8,2.3,1
2024-12-21T2100,2291A,117.0809,30.5177,安庆市,环科院,颗粒物(PM10),81,111,103,42,70,58,,78,73,22,34,7,8,0.5,0.6
2024-12-21T2100,2292A,117.0331,30.5119,安庆市,马山宾馆,颗粒物(PM10),68,86,98,41,67,55,,72,67,28,43,9,10,0.3,0.5
2024-12-21T2100,2294A,116.9896,30.6145,安庆市,安庆大学,颗粒物(PM10),69,88,95,43,67,60,,79,74,26,32,12,13,0.4,0.5
2024-12-21T2100,3173A,117.0598,30.5351,安庆市,市人大,颗粒物(PM10),70,90,99,42,70,57,,73,66,26,44,8,8,0.5,0.6
2024-12-21T2100,3122A,105.9606,26.2611,安顺市,伍家关,细颗粒物(PM2.5),135,112,68,103,57,38,,64,54,33,20,20,10,1.1,1
2024-12-21T2100,3123A,105.9408,26.2431,安顺市,凤凰山,细颗粒物(PM2.5),135,,65,103,59,39,,54,51,29,22,24,16,0.6,0.6
2024-12-21T2100,3124A,105.9439,26.2564,安顺市,金钟山,细颗粒物(PM2.5),129,110,63,98,60,39,,57,54,26,17,27,17,0.9,0.7
2024-12-21T2100,3125A,105.8983,26.2481,安顺市,娄家坡,细颗粒物(PM2.5),127,99,64,96,59,38,,53,51,28,21,27,18,0.9,0.8
2024-12-21T2100,1818A,114.4839,36.0621,安阳市,棉研所,,46,35,69,32,33,41,,58,53,27,26,8,9,0.5,0.5
2024-12-21T2100,1819A,114.3551,36.1017,安阳市,红庙街,颗粒物(PM10),52,54,66,29,30,25,,56,50,29,18,1,4,0.8,0.6
2024-12-21T2100,1820A,114.361,36.0681,安阳市,银杏小区,颗粒物(PM10),56,61,66,34,29,15,,58,51,50,25,3,3,0.9,0.5
2024-12-21T2100,3141A,114.3922,36.0878,安阳市,信访局,,44,44,67,24,32,38,,55,52,30,26,5,6,0.7,0.5
2024-12-21T2100,3669A,114.4705,36.0637,安阳市,左辅环卫站,颗粒物(PM10),64,77,80,38,32,45,,61,56,26,20,5,6,0.6,0.6
2024-12-21T2100,3703A,114.2917,36.0949,安阳市,安钢职工学校,"颗粒物(PM10),细颗粒物(PM2.5)",60,70,85,43,40,5,,56,45,61,32,6,5,0.9,0.8
2024-12-21T2100,1748A,123.044,41.1196,鞍山市,深沟寺,颗粒物(PM10),56,61,52,38,34,19,,52,44,50,23,17,12,1.5,1
2024-12-21T2100,1749A,123.011,41.0931,鞍山市,太阳城,细颗粒物(PM2.5),63,66,54,45,35,30,,44,43,35,28,8,15,0.8,1
2024-12-21T2100,1750A,123.0485,41.1442,鞍山市,太平,细颗粒物(PM2.5),102,122,60,76,34,8,,47,35,58,30,13,14,1.7,1
2024-12-21T2100,1751A,122.9642,41.0971,鞍山市,铁西三道街,细颗粒物(PM2.5),82,104,65,60,40,8,,52,34,60,35,19,19,1.1,1.3
2024-12-21T2100,1752A,122.9341,41.0833,鞍山市,铁西工业园区,细颗粒物(PM2.5),98,125,67,73,41,14,,56,40,66,35,9,12,1.4,0.9
2024-12-21T2100,1753A,123.022,41.0821,鞍山市,明达新区,颗粒物(PM10),60,70,52,41,33,33,,44,43,26,22,12,18,0.9,1.1
2024-12-21T2100,1754A,123.1289,41.0228,鞍山市,千山,,,,66,,32,,,29,,,30,,9,,0.8
2024-12-21T2100,2195A,107.4212,40.761,巴彦淖尔市,附二中,颗粒物(PM10),56,61,42,22,22,10,,53,47,64,20,17,12,0.7,0.4
2024-12-21T2100,2196A,107.37,40.7372,巴彦淖尔市,市环保大楼,,33,33,33,17,14,41,,54,53,27,17,7,7,0.4,0.3
2024-12-21T2100,1956A,86.1472,41.7538,巴音郭楞蒙古自治州,孔雀公园,细颗粒物(PM2.5),78,68,60,57,44,37,,60,53,37,24,5,4,0.7,0.6
2024-12-21T2100,1957A,86.1972,41.7166,巴音郭楞蒙古自治州,棉纺厂,颗粒物(PM10),74,98,72,48,38,9,,55,44,76,42,2,3,1.0,0.7
2024-12-21T2100,1958A,86.2357,41.7173,巴音郭楞蒙古自治州,经济开发区,细颗粒物(PM2.5),78,79,48,57,32,27,,70,59,58,21,3,4,0.8,0.4
2024-12-21T2100,2914A,106.7677,31.8794,巴中市,苏山坪,细颗粒物(PM2.5),55,44,51,39,44,57,,44,44,11,22,2,3,0.6,0.7
2024-12-21T2100,3182A,106.7656,31.8545,巴中市,丽阳花园,细颗粒物(PM2.5),79,72,67,58,51,5,,12,11,43,32,4,4,0.8,0.8
2024-12-21T2100,3183A,106.7418,31.8654,巴中市,圣泉水务公司,细颗粒物(PM2.5),68,58,44,49,36,9,,21,21,39,26,4,3,0.6,0.5
2024-12-21T2100,3616A,106.7616,31.8344,巴中市,市中心医院,细颗粒物(PM2.5),102,94,69,76,64,3,,8,8,42,34,3,3,0.9,0.8
2024-12-21T2100,2235A,122.7911,45.6077,白城市,洮北区环保局,细颗粒物(PM2.5),120,113,59,91,52,30,,66,48,51,30,6,4,1.2,0.8
2024-12-21T2100,2236A,122.8738,45.5725,白城市,市环保局,,36,36,54,22,39,8,,66,28,61,32,6,6,0.4,0.6
2024-12-21T2100,2231A,126.4219,41.9171,白山市,喜丰,,47,47,35,19,22,53,,66,59,20,22,14,13,0.7,0.8
2024-12-21T2100,2232A,126.4077,41.9419,白山市,环保局,颗粒物(PM10),56,61,54,34,26,40,,66,58,22,17,9,7,0.9,0.8
2024-12-21T2100,2647A,104.1724,36.5446,白银市,第三小学,细颗粒物(PM2.5),84,80,52,62,37,24,,54,51,50,33,12,23,1.1,0.9
2024-12-21T2100,2648A,104.1465,36.5482,白银市,动力公司,细颗粒物(PM2.5),87,80,42,64,32,30,,68,61,50,28,5,9,1.1,1
2024-12-21T2100,2512A,106.6103,23.9011,百色市,市监测站,细颗粒物(PM2.5),83,78,80,61,61,54,,93,87,26,29,10,13,1.1,1
2024-12-21T2100,2513A,106.6538,23.8859,百色市,市中心血站,细颗粒物(PM2.5),108,117,114,81,76,34,,92,84,56,39,10,17,1.0,1
2024-12-21T2100,3406A,106.6085,23.8798,百色市,祈福高中,细颗粒物(PM2.5),79,98,102,58,58,45,,92,82,40,39,6,9,0.9,0.9
2024-12-21T2100,2270A,117.396,32.939,蚌埠市,工人疗养院,颗粒物(PM10),55,59,94,32,62,46,,64,61,27,34,5,7,0.4,0.6
2024-12-21T2100,2271A,117.3605,32.9427,蚌埠市,百货大楼,颗粒物(PM10),52,53,93,26,60,48,,67,61,21,32,6,8,0.3,0.5
2024-12-21T2100,2273A,117.4185,32.8911,蚌埠市,蚌埠学院,颗粒物(PM10),56,61,90,25,61,54,,69,68,23,32,7,9,0.3,0.5
2024-12-21T2100,2274A,117.3533,32.9673,蚌埠市,淮上区政府,颗粒物(PM10),60,70,106,36,68,35,,61,54,31,35,8,10,0.4,0.5
2024-12-21T2100,2275A,117.3145,32.8977,蚌埠市,高新区,颗粒物(PM10),60,70,103,31,64,41,,60,55,31,46,9,13,0.4,0.6
2024-12-21T2100,3715A,117.3092,32.9314,蚌埠市,蚌埠田家炳中学,颗粒物(PM10),58,65,110,30,70,36,,59,53,29,40,6,9,0.4,0.6
2024-12-21T2100,1585A,109.8756,40.6532,包头市,市环境监测站,,42,42,18,12,8,15,,55,37,59,23,10,14,0.9,0.8
2024-12-21T2100,1587A,109.9991,40.5842,包头市,包头八中,,37,37,26,18,10,18,,51,42,43,21,8,14,0.7,0.8
2024-12-21T2100,1588A,109.8538,40.6821,包头市,青山宾馆,细颗粒物(PM2.5),57,,17,40,11,6,,55,33,64,21,14,14,1.0,0.7
2024-12-21T2100,1589A,109.8642,40.6288,包头市,惠龙物流,,30,30,17,16,10,20,,53,38,48,21,8,11,1.2,0.7
2024-12-21T2100,1590A,110.0377,40.5546,包头市,东河鸿龙湾,颗粒物(PM10),51,51,22,30,14,10,,50,37,65,28,15,14,1.0,0.8
2024-12-21T2100,3283A,109.9154,40.5685,包头市,滨河大厦,颗粒物(PM10),53,56,20,27,9,18,,53,42,50,22,8,10,0.5,0.5
2024-12-21T2100,3419A,109.9447,40.6261,包头市,包头市委党校,,36,36,22,18,8,10,,53,38,69,24,10,13,0.9,0.7
2024-12-21T2100,3683A,109.8331,40.6576,包头市,昆区政府,,26,26,18,17,10,36,,52,39,35,20,10,13,0.6,0.6
2024-12-21T2100,1930A,107.185,34.3063,宝鸡市,庙沟村,细颗粒物(PM2.5),94,91,87,70,76,57,,63,63,27,37,7,8,0.7,0.8
2024-12-21T2100,1931A,107.0708,34.3017,宝鸡市,竹园沟,细颗粒物(PM2.5),88,93,86,65,68,53,,66,66,28,28,7,7,0.7,0.7
2024-12-21T2100,1932A,107.1906,34.3672,宝鸡市,三陆医院,细颗粒物(PM2.5),78,78,89,57,65,48,,66,64,37,38,6,6,0.7,0.9
2024-12-21T2100,1933A,107.1431,34.3547,宝鸡市,监测站,细颗粒物(PM2.5),74,94,92,54,63,60,,66,66,32,38,8,8,0.6,0.7
2024-12-21T2100,1934A,107.1186,34.3739,宝鸡市,技工学校,细颗粒物(PM2.5),78,61,87,57,68,55,,63,63,33,35,5,6,0.9,1
2024-12-21T2100,1935A,107.3906,34.3528,宝鸡市,陈仓区环保局家属楼,细颗粒物(PM2.5),123,129,111,93,80,35,,69,60,50,47,11,9,0.9,0.9
2024-12-21T2100,1936A,107.2058,34.3497,宝鸡市,文理学院,细颗粒物(PM2.5),75,79,90,55,63,63,,72,72,29,38,7,7,0.5,0.6
2024-12-21T2100,1937A,107.2386,34.3622,宝鸡市,三迪小学,细颗粒物(PM2.5),89,84,86,66,67,42,,61,59,44,42,7,8,0.7,0.8
2024-12-21T2100,1051A,115.493,38.8632,保定市,游泳馆,颗粒物(PM10),55,60,33,28,10,16,,70,54,60,20,2,3,0.4,0.1
2024-12-21T2100,1052A,115.5213,38.8959,保定市,华电二区,,46,41,24,32,16,34,,68,60,28,11,1,2,0.2,0.1
2024-12-21T2100,1053A,115.4713,38.9108,保定市,接待中心,,39,39,31,25,11,27,,65,56,38,11,1,2,0.4,0.2
2024-12-21T2100,1054A,115.4612,38.8416,保定市,地表水厂,细颗粒物(PM2.5),55,57,40,39,12,16,,71,56,58,19,5,2,0.2,0
2024-12-21T2100,3581A,115.31981,38.95208,保定市,满城区生态环境分局,细颗粒物(PM2.5),64,75,26,46,10,10,,78,55,76,16,2,3,0.4,0
2024-12-21T2100,3582A,115.47694,38.76408,保定市,清苑区第二中学,,45,45,28,31,10,34,,69,60,37,17,4,3,0.4,0.3
2024-12-21T2100,3583A,115.62909,39.02311,保定市,徐水物探局,颗粒物(PM10),66,82,20,39,6,3,,71,52,70,16,3,3,0.8,0.3
2024-12-21T2100,4004A,115.4202,38.8656,保定市,双鹰农机,颗粒物(PM10),54,57,34,32,13,14,,75,59,57,18,3,2,0.3,0.1
2024-12-21T2100,4034A,115.5150,38.8590,保定市,植保所站,颗粒物(PM10),51,51,30,28,16,6,,72,54,69,16,4,2,0.6,0.1
2024-12-21T2100,2594A,99.1678,25.1081,保山市,市环境监测站,,19,19,29,10,13,41,,59,56,10,15,4,5,0.4,0.5
2024-12-21T2100,2595A,99.1711,25.1328,保山市,市环保局,,22,22,26,13,19,54,,62,61,4,10,5,6,0.4,0.5
2024-12-21T2100,1866A,109.2262,21.588,北海市,牛尾岭水库,,,75,77,71,76,81,,118,112,,12,8,9,1.1,1
2024-12-21T2100,1867A,109.1436,21.4086,北海市,海滩公园,细颗粒物(PM2.5),92,93,82,68,63,142,,161,160,23,25,12,15,1.0,0.9
2024-12-21T2100,1868A,109.0981,21.4661,北海市,新市环保局,细颗粒物(PM2.5),92,99,84,68,72,125,,152,149,49,32,12,16,0.8,0.7
2024-12-21T2100,1869A,109.1778,21.5233,北海市,北海工业园,细颗粒物(PM2.5),85,78,91,63,74,130,,141,139,25,30,12,19,0.9,0.8
2024-12-21T2100,3400A,109.1911,21.4415,北海市,龙潭自来水厂,细颗粒物(PM2.5),95,80,93,71,95,71,,144,132,33,28,10,14,1.0,0.9
2024-12-21T2100,1001A,116.3621,39.8784,北京市,万寿西宫,,22,22,19,11,7,45,,60,53,21,9,3,3,0.4,0.3
2024-12-21T2100,1002A,116.2202,40.2915,北京市,定陵,,16,16,16,7,6,45,,48,47,8,5,5,5,0.2,0.2
2024-12-21T2100,1003A,116.4174,39.9289,北京市,东四,,24,24,21,11,7,54,,62,58,11,6,3,3,0.7,0.6
2024-12-21T2100,1004A,116.4072,39.8863,北京市,天坛,,24,24,21,10,7,57,,70,65,16,8,3,3,0.3,0.2
2024-12-21T2100,1005A,116.462,39.9365,北京市,农展馆,,19,19,18,8,6,59,,69,66,16,9,1,2,0.3,0.3
2024-12-21T2100,1006A,116.3392,39.9295,北京市,官园,,24,24,19,11,7,45,,61,56,20,8,4,3,0.6,0.5
2024-12-21T2100,1007A,116.2878,39.9611,北京市,海淀万柳,,21,21,15,9,6,48,,64,59,25,13,3,2,0.5,0.4
2024-12-21T2100,1008A,116.6636,40.135,北京市,顺义新城,,20,7,14,3,7,64,,62,56,6,6,1,1,0.2,0.2
2024-12-21T2100,1009A,116.6275,40.3275,北京市,怀柔镇,,23,6,11,3,6,71,,65,65,1,4,3,2,0.2,0.2
2024-12-21T2100,1010A,116.2296,40.217,北京市,昌平镇,,22,19,19,9,7,68,,69,66,5,6,1,1,0.3,0.3
2024-12-21T2100,1011A,116.3966,39.9821,北京市,奥体中心,,27,27,21,8,7,56,,63,60,13,9,4,3,0.3,0.2
2024-12-21T2100,1012A,116.184,39.9136,北京市,古城,,19,19,20,9,7,55,,60,59,7,3,5,5,0.1,0
2024-12-21T2100,3281A,115.9718,40.4529,北京市,延庆夏都,,32,32,28,10,8,52,,59,59,12,5,2,2,0.2,0.2
2024-12-21T2100,3417A,117.0709,40.1465,北京市,平谷新城,,21,21,14,10,6,44,,65,52,18,5,3,2,0.4,0.2
2024-12-21T2100,3418A,116.8336,40.4095,北京市,密云新城,,22,9,11,6,6,69,,65,59,2,4,1,1,0.1,0.2
2024-12-21T2100,3671A,116.088,39.9726,北京市,门头沟三家店,,19,19,18,9,6,53,,56,54,6,4,4,3,0.2,0.2
2024-12-21T2100,3672A,116.1541,39.8204,北京市,丰台云岗,,39,39,18,11,6,37,,61,52,27,6,1,2,0.2,0.2
2024-12-21T2100,3673A,116.6804,39.9081,北京市,通州东关,,28,28,31,10,9,48,,56,49,11,6,1,2,0.0,0.2
2024-12-21T2100,3674A,115.9577,39.7603,北京市,房山燕山,,18,14,12,10,6,56,,72,66,6,3,4,2,0.2,0.1
2024-12-21T2100,3675A,116.4672,39.7733,北京市,大兴旧宫,,21,21,20,8,6,43,,60,52,17,7,3,3,0.3,0.2
2024-12-21T2100,3694A,115.986,40.4563,北京市,延庆石河营,,21,21,20,9,8,53,,60,60,11,4,1,1,0.3,0.2
2024-12-21T2100,3695A,116.6151,40.3053,北京市,怀柔新城,,22,6,10,3,5,70,,67,67,2,2,1,2,0.1,0.1
2024-12-21T2100,3696A,116.2545,39.8768,北京市,丰台小屯,,22,22,19,9,7,41,,55,51,17,5,3,3,0.3,0.2
2024-12-21T2100,3697A,116.84,40.3844,北京市,密云镇,,21,6,12,3,6,67,,64,50,4,9,3,3,0.1,0.1
2024-12-21T2100,1761A,123.8275,41.3064,本溪市,大峪,,44,44,56,28,40,23,,48,40,42,28,11,12,1.2,1
2024-12-21T2100,1762A,123.7567,41.3325,本溪市,溪湖,细颗粒物(PM2.5),62,68,66,44,40,10,,49,34,47,28,9,9,1.2,1
2024-12-21T2100,1763A,123.7169,41.3094,本溪市,彩屯,细颗粒物(PM2.5),60,54,63,43,48,14,,49,32,49,35,7,10,1.0,1
2024-12-21T2100,1764A,123.7669,41.2864,本溪市,东明,细颗粒物(PM2.5),82,77,63,60,43,8,,46,34,61,34,10,11,1.3,1
2024-12-21T2100,1765A,123.7992,41.2664,本溪市,新立屯,颗粒物(PM10),69,88,61,38,33,9,,49,28,61,38,10,8,0.6,0.6
2024-12-21T2100,1766A,123.8142,41.3472,本溪市,威宁,颗粒物(PM10),64,78,73,43,40,12,,51,36,56,37,3,4,1.0,0.8
2024-12-21T2100,2587A,105.2864,27.3125,毕节市,八中,,40,33,22,28,19,48,,61,54,14,14,6,6,0.7,0.7
2024-12-21T2100,2588A,105.31,27.2944,毕节市,师专,,29,24,22,20,18,46,,60,54,12,13,6,5,0.7,0.7
2024-12-21T2100,3537A,105.3631,27.3533,毕节市,长征村,,23,18,23,16,16,54,,67,58,8,9,8,7,0.6,0.6
2024-12-21T2100,1629A,118.0018,37.3617,滨州市,第二水厂,颗粒物(PM10),62,73,39,24,10,12,,57,46,54,19,13,7,0.5,0.3
2024-12-21T2100,1630A,117.9776,37.393,滨州市,北中新校,颗粒物(PM10),58,66,39,24,12,12,,60,46,56,20,10,7,0.2,0.1
2024-12-21T2100,3514A,117.9378,37.3956,滨州市,中海酒店,颗粒物(PM10),58,66,33,31,18,9,,58,38,63,22,11,5,0.5,0.3
2024-12-21T2100,3515A,117.9378,37.3553,滨州市,开发区一中,颗粒物(PM10),71,92,47,36,14,13,,56,42,67,29,14,9,0.4,0.3
2024-12-21T2100,3516A,118.0917,37.694,滨州市,金海六路,颗粒物(PM10),62,73,38,36,11,6,,58,39,64,31,11,6,0.6,0.4
2024-12-21T2100,4028A,117.9956,37.3753,滨州市,滨州市西街道办事处,颗粒物(PM10),57,63,36,34,16,19,,59,48,43,18,7,5,0.3,0.1
2024-12-21T2100,2311A,115.8072,33.8399,亳州市,污水处理厂,颗粒物(PM10),59,67,95,31,54,38,,60,54,28,35,7,7,0.4,0.6
2024-12-21T2100,2312A,115.7789,33.8518,亳州市,三国揽胜宫,颗粒物(PM10),53,55,101,26,54,49,,60,58,23,37,4,6,0.3,0.5
2024-12-21T2100,3332A,115.7633,33.8034,亳州市,亳州学院,颗粒物(PM10),51,51,86,22,50,54,,62,61,17,29,3,6,0.2,0.4
2024-12-21T2100,2693A,82.0485,44.8556,博尔塔拉蒙古自治州,市党校,细颗粒物(PM2.5),68,58,64,49,50,27,,32,32,28,24,9,12,1.0,1
2024-12-21T2100,2694A,82.0806,44.8969,博尔塔拉蒙古自治州,市环保局,颗粒物(PM10),59,67,71,28,39,32,,34,34,28,27,6,8,0.9,0.9
2024-12-21T2100,1071A,116.8842,38.2991,沧州市,沧县城建局,,47,47,41,29,18,22,,60,50,52,20,4,3,0.8,0.6
2024-12-21T2100,1072A,116.8584,38.3254,沧州市,电视转播站,颗粒物(PM10),54,58,43,24,10,13,,64,51,62,21,7,6,0.5,0.3
2024-12-21T2100,1073A,116.8709,38.3228,沧州市,市环保局,颗粒物(PM10),51,52,41,31,23,21,,62,50,48,18,5,3,0.7,0.5
2024-12-21T2100,3324A,116.8136,38.3004,沧州市,河北水利电力学院,颗粒物(PM10),58,66,40,39,19,8,,61,48,62,16,4,4,0.6,0.3
2024-12-21T2100,2622A,97.1806,31.1273,昌都市,昌都监测站,,21,,33,14,16,67,,64,64,31,32,7,6,0.8,0.9
2024-12-21T2100,3719A,97.1714,31.1406,昌都市,昌都会议中心,,27,,12,10,11,84,,78,78,3,13,4,4,0.5,0.6
2024-12-21T2100,2690A,88.1236,43.8886,昌吉回族自治州,天山天池,,19,18,13,12,7,58,,82,69,3,4,9,9,0.4,0.4
2024-12-21T2100,2692A,87.2717,44.0297,昌吉回族自治州,新区政务中心,细颗粒物(PM2.5),102,117,86,76,54,47,,57,57,39,53,9,7,1.1,1.2
2024-12-21T2100,3613A,87.3095,44.0142,昌吉回族自治州,亚心广场,细颗粒物(PM2.5),113,114,88,85,64,36,,49,48,50,57,7,8,1.3,1.1
2024-12-21T2100,1119A,125.3325,43.9166,长春市,食品厂,细颗粒物(PM2.5),59,52,71,42,61,21,,40,34,45,43,10,12,0.6,0.6
2024-12-21T2100,1120A,125.2863,43.9027,长春市,客车厂,细颗粒物(PM2.5),59,54,69,42,68,33,,45,43,38,39,10,13,0.5,0.6
2024-12-21T2100,1121A,125.2841,43.8463,长春市,邮电学院,细颗粒物(PM2.5),60,51,75,43,64,34,,50,47,43,44,27,19,0.5,0.6
2024-12-21T2100,1122A,125.3716,43.8772,长春市,劳动公园,细颗粒物(PM2.5),57,48,67,40,53,40,,56,54,39,43,12,14,1.1,1
2024-12-21T2100,1123A,125.3297,43.8805,长春市,园林处,细颗粒物(PM2.5),64,55,64,46,57,26,,51,48,46,38,10,12,1.0,0.9
2024-12-21T2100,1124A,125.4605,43.79,长春市,净月潭,,33,33,74,21,55,38,,54,52,29,34,10,9,0.5,0.7
2024-12-21T2100,1125A,125.7194,43.515,长春市,甩湾子,,,,,,,,,,,,,,,,
2024-12-21T2100,1126A,125.3863,43.8447,长春市,经开区环卫处,,49,47,75,34,54,29,,40,38,42,45,21,19,0.6,0.7
2024-12-21T2100,1127A,125.245,43.7783,长春市,高新区管委会,,44,44,74,30,64,33,,54,51,40,42,7,9,0.5,0.7
2024-12-21T2100,1128A,125.1761,43.8325,长春市,岱山公园,细颗粒物(PM2.5),59,,68,42,64,23,,49,42,45,39,8,9,0.6,0.7
2024-12-21T2100,1335A,113.0833,28.2325,长沙市,经开区环保局,细颗粒物(PM2.5),97,140,127,72,79,62,,72,66,37,39,6,6,0.7,0.7
2024-12-21T2100,1336A,112.8872,28.2189,长沙市,高开区环保局,细颗粒物(PM2.5),105,136,124,79,82,75,,68,68,25,27,8,8,0.6,0.6
2024-12-21T2100,1337A,113.0792,28.2053,长沙市,马坡岭,细颗粒物(PM2.5),114,154,124,86,82,60,,65,58,36,37,7,7,0.8,0.8
2024-12-21T2100,1338A,112.9394,28.19,长沙市,湖南师范大学,细颗粒物(PM2.5),109,145,126,82,87,74,,69,69,31,34,8,8,0.8,0.8
2024-12-21T2100,1339A,113.0178,28.1322,长沙市,雨花区环保局,细颗粒物(PM2.5),104,130,122,78,86,65,,63,63,38,44,9,9,0.6,0.7
2024-12-21T2100,1340A,112.9792,28.2597,长沙市,伍家岭,细颗粒物(PM2.5),99,144,132,74,80,66,,62,62,34,38,7,7,0.7,0.6
2024-12-21T2100,1341A,113.0014,28.1944,长沙市,火车新站,细颗粒物(PM2.5),117,138,123,88,92,69,,65,65,36,42,6,6,0.7,0.7
2024-12-21T2100,1342A,112.9844,28.1178,长沙市,天心区环保局,细颗粒物(PM2.5),103,150,132,77,77,72,,67,67,32,40,5,6,0.9,0.9
2024-12-21T2100,1343A,112.8908,28.1308,长沙市,湖南中医药大学,细颗粒物(PM2.5),113,138,126,85,81,76,,66,66,27,32,10,10,0.9,0.9
2024-12-21T2100,1344A,112.9581,28.3611,长沙市,沙坪,细颗粒物(PM2.5),123,97,92,93,91,69,,68,68,25,28,10,11,1.1,1
2024-12-21T2100,1727A,113.1147,36.1547,长治市,清华站,颗粒物(PM10),54,57,42,29,14,7,,60,45,51,26,16,14,0.8,0.6
2024-12-21T2100,1728A,113.1031,36.1989,长治市,监测站,颗粒物(PM10),53,55,45,34,18,8,,59,48,52,23,14,13,1.5,0.8
2024-12-21T2100,1730A,113.0886,36.2125,长治市,审计局,,39,38,38,27,15,24,,60,53,49,25,10,12,0.6,0.5
2024-12-21T2100,1731A,113.0844,36.1856,长治市,长治八中,颗粒物(PM10),62,73,54,21,20,2,,58,44,58,22,17,12,1.0,0.7
2024-12-21T2100,2845A,113.1569,36.1911,长治市,德盛苑,,23,23,41,12,14,51,,64,62,22,22,5,7,0.9,0.6
2024-12-21T2100,3568A,113.06,36.0464,长治市,向阳小学,颗粒物(PM10),57,63,53,36,20,29,,67,53,35,26,17,13,0.6,0.6
2024-12-21T2100,3569A,112.8792,36.3144,长治市,屯留一中,,49,39,30,34,14,19,,71,57,57,28,26,13,0.5,0.3
2024-12-21T2100,3570A,113.235,36.3489,长治市,潞城四中,,44,44,46,18,14,21,,69,51,43,20,10,15,0.6,0.6
2024-12-21T2100,1854A,111.6975,28.9703,常德市,市二中,细颗粒物(PM2.5),105,109,108,79,90,59,,78,65,23,21,7,8,0.8,0.7
2024-12-21T2100,1857A,111.7158,29.1456,常德市,白鹤山,,,,,,,,,,,,,,,,
2024-12-21T2100,3138A,111.7153,29.0289,常德市,武陵区永安,细颗粒物(PM2.5),100,119,118,75,85,49,,76,58,31,20,5,6,0.8,0.7
2024-12-21T2100,3139A,111.6892,28.9881,常德市,鼎城区玉霞,细颗粒物(PM2.5),117,115,114,88,83,48,,77,61,28,19,7,8,0.8,0.7
2024-12-21T2100,3140A,111.6625,29.0531,常德市,武陵区长庚,细颗粒物(PM2.5),133,149,127,101,90,37,,64,57,33,24,5,5,0.8,0.7
2024-12-21T2100,1196A,119.9633,31.762,常州市,市监测站,细颗粒物(PM2.5),52,47,90,36,65,46,,68,64,33,46,9,11,0.5,0.7
2024-12-21T2100,1200A,119.9468,31.7069,常州市,武进监测站,,50,50,83,28,60,47,,67,63,31,50,7,9,0.4,0.7
2024-12-21T2100,1201A,119.9255,31.9087,常州市,安家,,,,97,34,68,,,65,61,47,53,9,10,0.5,0.8
2024-12-21T2100,3002A,119.9805,31.8174,常州市,行政中心,,49,41,83,34,65,41,,61,56,31,45,7,11,0.4,0.6
2024-12-21T2100,3003A,120.0522,31.7748,常州市,经开区,颗粒物(PM10),59,67,92,34,60,40,,70,64,37,46,10,12,0.6,0.8
2024-12-21T2100,3010A,119.9025,31.7964,常州市,钟楼,细颗粒物(PM2.5),57,49,87,40,64,32,,70,59,45,51,10,10,0.5,0.7
2024-12-21T2100,3429A,119.8598,31.7066,常州市,武进经发区,颗粒物(PM10),53,55,94,32,63,35,,69,61,45,48,8,10,0.5,0.7
2024-12-21T2100,3430A,119.5826,31.7245,常州市,金坛城区,,49,49,92,28,66,52,,73,69,24,34,7,9,0.5,0.7
2024-12-21T2100,2220A,120.4318,41.5881,朝阳市,西梁,,41,41,36,18,10,43,,69,58,31,14,6,5,0.8,0.6
2024-12-21T2100,2221A,120.4521,41.5646,朝阳市,河畔小区,,42,42,39,12,10,51,,68,59,23,14,5,5,0.8,0.7
2024-12-21T2100,2222A,120.4176,41.5648,朝阳市,八里堡,,34,34,43,13,14,57,,71,64,14,12,9,9,0.5,0.5
2024-12-21T2100,2223A,120.3806,41.5969,朝阳市,农业园区,,29,29,33,12,10,65,,78,74,11,6,7,6,0.5,0.4
2024-12-21T2100,1705A,116.6367,23.6719,潮州市,西园路,颗粒物(PM10),57,63,38,35,28,79,,90,90,23,13,5,5,0.9,0.5
2024-12-21T2100,3026A,116.6183,23.6608,潮州市,市政府,颗粒物(PM10),52,53,43,29,25,86,,92,92,22,18,5,5,0.6,0.5
2024-12-21T2100,4036A,116.6461,23.6761,潮州市,金山,细颗粒物(PM2.5),82,,38,60,28,44,,82,78,36,15,6,6,0.8,0.6
2024-12-21T2100,2472A,113.0073,25.9061,郴州市,马头岭,细颗粒物(PM2.5),112,121,118,84,73,72,,90,88,30,37,12,14,0.8,0.9
2024-12-21T2100,2473A,113.0116,25.8226,郴州市,市职中,细颗粒物(PM2.5),123,123,97,93,78,38,,99,88,44,36,6,7,1.1,0.9
2024-12-21T2100,2474A,113.0161,25.8001,郴州市,兴隆步行街,细颗粒物(PM2.5),129,125,109,98,85,63,,94,89,35,33,8,9,1.0,0.9
2024-12-21T2100,2475A,113.0383,25.8071,郴州市,市审计局,细颗粒物(PM2.5),115,110,96,87,82,67,,102,97,27,30,9,9,0.9,1
2024-12-21T2100,2476A,113.0348,25.7759,郴州市,市环保局,细颗粒物(PM2.5),125,118,103,95,87,75,,102,97,22,26,6,8,0.9,0.9
2024-12-21T2100,1431A,103.9728,30.7236,成都市,金泉两河,细颗粒物(PM2.5),60,60,91,43,72,19,,15,13,37,50,3,2,0.7,0.9
2024-12-21T2100,1432A,104.176,30.6872,成都市,十里店,细颗粒物(PM2.5),68,64,91,49,74,25,,32,32,29,47,1,2,0.9,1
2024-12-21T2100,1433A,104.079,30.5706,成都市,三瓦窑,颗粒物(PM10),61,72,90,40,74,36,,35,35,27,50,1,1,0.7,0.9
2024-12-21T2100,1434A,104.1114,30.63,成都市,沙河铺,细颗粒物(PM2.5),64,65,83,46,68,26,,35,35,31,38,3,3,0.6,0.7
2024-12-21T2100,1437A,104.0786,30.6531,成都市,君平街,细颗粒物(PM2.5),68,62,84,49,72,23,,34,34,29,43,4,4,0.7,0.9
2024-12-21T2100,1438A,103.613,31.0283,成都市,灵岩寺,,,,,,,,,,,,,,,,
2024-12-21T2100,2880A,104.0239,30.65639,成都市,大石西路,细颗粒物(PM2.5),64,66,88,46,71,22,,32,32,32,45,4,3,0.5,0.7
2024-12-21T2100,3136A,104.2725,30.5589,成都市,龙泉驿区区政府,细颗粒物(PM2.5),79,61,81,58,68,32,,47,46,19,26,3,3,0.7,0.7
2024-12-21T2100,3357A,104.0106,30.6931,成都市,金博路,细颗粒物(PM2.5),62,56,92,44,74,12,,19,18,44,46,1,1,0.8,1
2024-12-21T2100,3359A,104.0578,30.5225,成都市,华阳,细颗粒物(PM2.5),70,73,97,51,71,28,,33,32,34,40,3,2,0.7,0.7
2024-12-21T2100,3487A,104.2394,30.5319,成都市,车城东七路,,,66,86,54,74,,,16,16,25,27,1,2,0.6,0.6
2024-12-21T2100,3488A,104.3853,30.7453,成都市,青白江技师分院,细颗粒物(PM2.5),78,62,76,57,72,23,,44,42,25,31,2,2,0.6,0.6
2024-12-21T2100,3489A,104.0789,30.4072,成都市,科学城,细颗粒物(PM2.5),74,63,94,54,80,36,,37,37,27,35,4,5,0.6,0.7
2024-12-21T2100,4011A,103.8506,30.6947,成都市,光华大道三段,细颗粒物(PM2.5),54,54,90,38,73,27,,20,20,32,45,1,2,0.6,0.8
2024-12-21T2100,1062A,117.9531,40.9081,承德市,铁路,,22,8,30,3,5,69,,72,72,5,7,8,5,0.2,0.2
2024-12-21T2100,1063A,117.9392,40.9763,承德市,中国银行,,27,27,28,3,6,59,,68,67,7,6,1,2,0.3,0.2
2024-12-21T2100,1064A,117.9503,40.928,承德市,开发区,,36,36,36,11,14,71,,76,76,4,8,2,2,0.2,0.3
2024-12-21T2100,1065A,117.8051,40.9655,承德市,文化中心,,22,17,31,10,7,68,,74,71,8,9,2,2,0.2,0.2
2024-12-21T2100,1066A,117.9268,41.0026,承德市,离宫,,33,32,24,23,22,58,,70,69,13,6,2,3,0.2,0.2
2024-12-21T2100,2314A,117.47,30.6618,池州市,池州学院,细颗粒物(PM2.5),97,102,103,72,78,54,,80,75,28,42,8,8,0.5,0.7
2024-12-21T2100,3237A,117.4918,30.6617,池州市,展览馆,细颗粒物(PM2.5),94,98,96,70,73,48,,72,67,30,38,8,7,0.6,0.8
2024-12-21T2100,3333A,117.5627,30.695,池州市,第八中学,细颗粒物(PM2.5),102,112,111,76,83,43,,73,68,41,44,9,10,0.7,0.8
2024-12-21T2100,3334A,117.5038,30.6243,池州市,第十二中学,细颗粒物(PM2.5),108,107,98,81,77,41,,79,72,42,40,6,6,0.5,0.9
2024-12-21T2100,1744A,118.9233,42.2816,赤峰市,松山一中,,19,10,22,6,5,60,,70,66,16,12,9,8,0.5,0.4
2024-12-21T2100,1745A,118.9576,42.2728,赤峰市,哈达街,,18,14,17,6,8,56,,67,65,23,18,8,7,0.6,0.5
2024-12-21T2100,1746A,118.8788,42.2554,赤峰市,天义路,,21,21,21,9,7,48,,65,59,24,15,12,9,0.6,0.5
2024-12-21T2100,3058A,119.2658,42.0353,赤峰市,银河街,,19,,28,13,12,59,,65,62,14,14,15,16,0.6,0.6
2024-12-21T2100,3286A,118.9359,42.3147,赤峰市,桥北物流园区,,19,7,14,6,7,60,,79,72,17,15,10,9,0.8,0.8
2024-12-21T2100,2521A,107.3476,22.4136,崇左市,市环保局江州分局,细颗粒物(PM2.5),85,98,107,63,62,101,,144,140,29,33,8,9,1.2,1
2024-12-21T2100,2522A,107.3702,22.3707,崇左市,城南新区,细颗粒物(PM2.5),97,77,94,72,88,110,,147,144,30,30,9,10,1.0,1
2024-12-21T2100,2298A,118.3093,32.3153,滁州市,老年大学,细颗粒物(PM2.5),60,60,85,43,60,41,,69,63,34,34,5,6,0.3,0.5
2024-12-21T2100,2299A,118.3244,32.2786,滁州市,人大宾馆,颗粒物(PM10),54,57,92,31,64,52,,71,68,16,21,8,9,0.4,0.5
2024-12-21T2100,3207A,118.3118,32.3038,滁州市,市政府原办公楼,颗粒物(PM10),54,58,83,34,65,44,,66,60,35,37,6,7,0.4,0.6
2024-12-21T2100,3331A,118.3267,32.2634,滁州市,图书馆,颗粒物(PM10),57,63,91,26,53,51,,70,67,22,26,6,8,0.5,0.7
2024-12-21T2100,2605A,101.5482,25.0441,楚雄彝族自治州,州环境监测站,,25,22,32,17,22,65,,69,67,5,19,6,9,0.4,0.5
2024-12-21T2100,2606A,101.538,25.0492,楚雄彝族自治州,市经济开发区,,42,42,32,18,19,61,,65,63,9,19,6,8,0.5,0.6
2024-12-21T2100,2548A,107.5277,31.2827,达州市,达州职业技术学院,细颗粒物(PM2.5),190,153,141,143,123,7,,7,7,27,26,6,6,0.8,3.2
2024-12-21T2100,2549A,107.5086,31.2186,达州市,市环境监测站,细颗粒物(PM2.5),149,145,138,114,100,5,,6,6,44,45,7,7,1.4,1.3
2024-12-21T2100,2550A,107.4988,31.2132,达州市,凤凰小区,细颗粒物(PM2.5),156,144,134,119,105,5,,7,6,44,44,9,9,1.3,1.2
2024-12-21T2100,2551A,107.5082,31.1986,达州市,达县机关宾馆,细颗粒物(PM2.5),163,153,129,124,102,4,,5,5,45,46,8,7,1.4,1.2
2024-12-21T2100,2552A,107.4644,31.2124,达州市,市政中心,细颗粒物(PM2.5),153,158,144,117,107,4,,5,5,52,54,8,9,1.4,1.4
2024-12-21T2100,2614A,100.1542,25.7054,大理白族自治州,大理市环境监测站,,20,14,14,14,12,62,,74,71,11,8,7,7,0.5,0.5
2024-12-21T2100,2615A,100.2171,25.5811,大理白族自治州,大理古城,,28,26,21,19,14,55,,71,65,17,12,4,5,0.7,0.6
2024-12-21T2100,1109A,121.612,38.9741,大连市,甘井子,,50,50,49,20,18,28,,66,50,54,26,10,8,0.9,0.8
2024-12-21T2100,1110A,121.565,38.9511,大连市,周水子,细颗粒物(PM2.5),54,51,40,38,21,11,,62,46,71,24,9,7,0.9,0.6
2024-12-21T2100,1111A,121.5637,38.8845,大连市,星海三站,,33,33,38,18,21,40,,67,59,30,15,12,12,0.6,0.5
2024-12-21T2100,1112A,121.6302,38.9117,大连市,青泥洼桥,,49,49,35,20,18,25,,58,46,47,18,14,11,0.5,0.4
2024-12-21T2100,1113A,121.6251,38.8638,大连市,傅家庄,,35,35,36,15,16,28,,66,56,45,17,19,12,0.4,0.4
2024-12-21T2100,1114A,121.5213,38.8661,大连市,七贤岭,,32,32,34,17,17,56,,74,72,22,12,9,10,0.8,0.7
2024-12-21T2100,1115A,121.2529,38.8061,大连市,旅顺,,22,22,23,15,15,64,,72,71,18,12,14,11,0.7,0.7
2024-12-21T2100,1116A,121.7485,39.1311,大连市,金州,,,42,37,28,23,54,,66,61,,13,7,6,0.9,0.8
2024-12-21T2100,1117A,121.7811,39.0496,大连市,开发区,,29,29,41,19,20,56,,65,62,21,14,9,9,0.5,0.4
2024-12-21T2100,1118A,121.9762,39.0631,大连市,双D港,,39,39,37,26,21,56,,76,71,15,12,12,10,0.6,0.6
2024-12-21T2100,1789A,124.81117,46.03138,大庆市,大同区,细颗粒物(PM2.5),57,47,51,40,40,42,,61,49,28,26,8,5,0.7,0.6
2024-12-21T2100,1790A,125.129,46.533,大庆市,龙凤区,,36,36,49,24,30,38,,56,49,33,34,8,11,0.6,0.6
2024-12-21T2100,1791A,124.902,46.408,大庆市,红岗区,,42,29,36,29,27,49,,50,39,16,28,6,6,0.4,0.4
2024-12-21T2100,1792A,125.153,46.586,大庆市,萨尔图区,,49,45,45,34,31,28,,48,40,51,39,6,6,0.5,0.5
2024-12-21T2100,1793A,124.9042,46.6215,大庆市,让胡路区,,43,39,46,30,37,50,,57,50,20,22,5,7,0.4,0.5
2024-12-21T2100,3481A,125.141,46.634,大庆市,萨区政府监测点,,38,38,48,19,31,36,,51,37,38,38,6,5,0.5,0.6
2024-12-21T2100,1721A,113.3819,40.1097,大同市,果树场,"颗粒物(PM10),细颗粒物(PM2.5)",68,85,25,49,12,15,,61,41,55,18,14,9,0.9,0.2
2024-12-21T2100,1723A,113.2994,40.0758,大同市,云冈宾馆,颗粒物(PM10),69,87,25,44,11,16,,62,46,52,16,28,13,1.0,0.8
2024-12-21T2100,1724A,113.3444,40.0917,大同市,大同大学,颗粒物(PM10),70,89,28,47,12,8,,58,40,58,19,18,10,1.0,0.5
2024-12-21T2100,1725A,113.2661,40.1269,大同市,安家小村,颗粒物(PM10),62,74,20,30,9,24,,62,48,38,13,25,16,0.9,0.7
2024-12-21T2100,1726A,113.2711,40.0844,大同市,教育学院,颗粒物(PM10),85,120,32,43,13,11,,54,40,61,22,27,12,1.0,0.6
2024-12-21T2100,3282A,113.3397,40.0597,大同市,大同市卫生学校,颗粒物(PM10),71,92,28,48,12,20,,56,43,45,12,35,10,0.8,0.6
2024-12-21T2100,3565A,113.1367,40.1122,大同市,云冈站,,32,32,32,12,15,10,,55,45,45,22,24,23,0.6,0.5
2024-12-21T2100,3566A,113.1186,40.2556,大同市,图书馆,,33,33,24,21,17,26,,54,46,21,14,12,14,0.7,0.6
2024-12-21T2100,3567A,113.5931,40.0461,大同市,区一中,颗粒物(PM10),89,128,47,55,18,14,,49,35,48,27,39,28,1.5,0.8
2024-12-21T2100,3676A,113.2802,40.0995,大同市,第二人民医院,颗粒物(PM10),81,111,26,56,13,12,,61,45,66,19,29,14,1.1,0.6
2024-12-21T2100,2269A,124.1069,50.4097,大兴安岭地区,科技局,,25,,28,17,16,74,,76,76,4,7,6,5,0.3,0.4
2024-12-21T2100,3663A,124.1164,50.4278,大兴安岭地区,红旗社区,,22,6,25,3,17,70,,72,72,6,19,4,6,0.4,0.5
2024-12-21T2100,1600A,124.3303,40.0625,丹东市,江湾东路,,39,39,62,20,37,50,,59,56,16,21,14,14,0.6,0.7
2024-12-21T2100,1601A,124.4256,40.1503,丹东市,临江后街,,35,31,53,24,44,55,,70,66,18,22,6,7,0.9,0.9
2024-12-21T2100,1602A,124.3933,40.1461,丹东市,元宝山,,32,32,53,19,36,46,,60,56,17,22,8,8,0.9,0.9
2024-12-21T2100,1603A,124.3633,40.1092,丹东市,民主桥,,38,38,63,16,34,51,,64,59,18,24,11,10,0.7,0.8
2024-12-21T2100,3541A,109.5726,19.5167,儋州市,第一中学子站,颗粒物(PM10),52,53,36,28,27,130,,146,146,16,12,7,8,0.5,0.5
2024-12-21T2100,3542A,109.5567,19.5187,儋州市,东坡学校子站,,45,41,44,28,30,143,,156,154,14,11,6,6,0.5,0.5
2024-12-21T2100,2616A,98.5842,24.428,德宏傣族景颇族自治州,德宏州监测站,细颗粒物(PM2.5),88,124,52,65,31,10,,44,38,50,29,26,14,1.2,0.8
2024-12-21T2100,3677A,98.5881,24.4368,德宏傣族景颇族自治州,芒市人民政府综合楼,细颗粒物(PM2.5),93,104,50,69,28,16,,41,37,38,22,9,11,1.3,0.7
2024-12-21T2100,1901A,104.4239,31.1208,德阳市,东山公园,细颗粒物(PM2.5),72,75,91,52,64,42,,49,48,18,24,1,2,0.6,0.6
2024-12-21T2100,1902A,104.3826,31.1317,德阳市,西小区,细颗粒物(PM2.5),73,66,88,53,69,42,,44,44,18,38,1,2,0.7,0.9
2024-12-21T2100,1904A,104.3553,31.1091,德阳市,耐火材料厂,细颗粒物(PM2.5),67,51,85,48,74,39,,46,46,17,32,3,4,0.5,0.7
2024-12-21T2100,3639A,104.4019,31.1244,德阳市,市教育局,细颗粒物(PM2.5),68,61,71,49,63,34,,44,43,23,35,2,3,0.7,0.8
2024-12-21T2100,1622A,116.3032,37.4674,德州市,儿童乐园,颗粒物(PM10),54,58,48,31,14,27,,57,47,49,29,6,5,0.9,0.7
2024-12-21T2100,1624A,116.2991,37.4451,德州市,监理站,,46,46,34,17,7,25,,66,59,57,24,11,8,0.8,0.6
2024-12-21T2100,3066A,116.2721,37.4379,德州市,九衢泉纯净水厂,细颗粒物(PM2.5),83,95,41,61,14,16,,64,56,65,26,16,10,0.4,0.2
2024-12-21T2100,3371A,116.3728,37.4403,德州市,开发区人民医院,,48,48,42,17,11,28,,60,51,50,25,8,9,0.7,0.4
2024-12-21T2100,3372A,116.3572,37.4094,德州市,太阳城中学,颗粒物(PM10),70,90,42,41,13,13,,64,55,86,30,15,7,0.8,0.4
2024-12-21T2100,3511A,116.5652,37.3319,德州市,陵城艺术中心,颗粒物(PM10),57,63,47,27,11,27,,63,52,51,26,12,7,0.7,0.5
2024-12-21T2100,2621A,99.7056,27.8317,迪庆藏族自治州,迪庆州站,,29,29,35,16,25,81,,86,86,16,17,8,8,0.7,0.8
2024-12-21T2100,3180A,99.7136,27.8094,迪庆藏族自治州,质量技术监督局,,25,15,36,13,23,80,,81,81,8,19,7,7,0.5,0.9
2024-12-21T2100,2663A,104.6241,35.5734,定西市,东关小学,颗粒物(PM10),60,70,78,37,31,63,,67,67,17,14,10,12,0.6,0.5
2024-12-21T2100,2664A,104.6194,35.5934,定西市,供电公司,颗粒物(PM10),57,64,76,28,35,66,,72,72,24,36,15,12,1.0,1.3
2024-12-21T2100,1389A,113.7547,23.0494,东莞市,莞城梨川,颗粒物(PM10),51,51,52,30,31,67,,99,92,37,45,7,8,0.8,0.7
2024-12-21T2100,1390A,113.7944,23.0128,东莞市,东城石井,,40,40,54,23,34,80,,101,91,28,43,8,8,0.6,0.7
2024-12-21T2100,1391A,113.7383,22.9658,东莞市,南城西平,,43,43,61,24,37,61,,101,89,55,68,6,8,0.6,0.6
2024-12-21T2100,3319A,113.7338,23.0381,东莞市,万江金泰,,44,44,46,28,30,64,,98,91,32,38,7,8,0.6,0.6
2024-12-21T2100,3626A,113.7533,23.0202,东莞市,南城元岭,颗粒物(PM10),53,55,56,34,34,57,,108,98,44,45,8,9,0.8,0.7
2024-12-21T2100,3627A,113.7875,23.0457,东莞市,东城主山,,43,43,53,28,34,61,,95,85,44,57,10,11,0.6,0.7
2024-12-21T2100,1666A,118.6614,37.4309,东营市,市环保局,,44,44,37,17,13,34,,59,52,42,23,22,10,0.8,0.6
2024-12-21T2100,3036A,118.6904,37.4338,东营市,开发区管委会,,41,41,41,22,15,40,,64,57,44,25,27,8,0.9,0.8
2024-12-21T2100,3365A,118.5719,37.565,东营市,垦利区民丰路,,46,46,34,14,10,32,,55,48,40,20,14,11,0.5,0.5
2024-12-21T2100,3498A,118.5055,37.8612,东营市,河口城区,,48,48,38,17,11,35,,63,54,35,12,3,3,0.6,0.6
2024-12-21T2100,3646A,118.4978,37.4623,东营市,胜利站,,46,46,46,27,17,16,,58,48,57,30,20,13,0.8,0.7
2024-12-21T2100,3734A,118.35,37.26,东营市,理想之城,,48,48,46,19,18,34,,61,53,42,29,18,16,0.7,0.6
2024-12-21T2100,1591A,110.0023,39.8129,鄂尔多斯市,综合楼,颗粒物(PM10),80,110,43,41,10,9,,47,29,70,32,23,11,1.2,0.5
2024-12-21T2100,1592A,109.9486,39.8261,鄂尔多斯市,巴音孟克林场办事处,颗粒物(PM10),62,73,42,22,12,6,,42,33,67,35,12,19,0.8,0.5
2024-12-21T2100,1593A,109.7736,39.5986,鄂尔多斯市,康泽苑,,36,36,26,12,12,24,,52,46,43,16,6,9,0.5,0.6
2024-12-21T2100,1594A,109.8119,39.5989,鄂尔多斯市,华泰汽车城,颗粒物(PM10),52,53,28,19,13,7,,53,37,58,22,7,8,0.7,0.5
2024-12-21T2100,1595A,109.9734,39.7884,鄂尔多斯市,奥林花园,,,73,41,,10,5,,45,31,67,33,11,10,0.5,0.4
2024-12-21T2100,2436A,114.8938,30.3994,鄂州市,市政府,细颗粒物(PM2.5),74,88,107,54,85,54,,82,79,32,47,9,9,0.9,1
2024-12-21T2100,2437A,114.8989,30.3714,鄂州市,赵家坝,细颗粒物(PM2.5),80,96,115,59,86,60,,94,90,34,49,8,9,0.6,0.8
2024-12-21T2100,3654A,114.8094,30.4089,鄂州市,精准医疗中心,颗粒物(PM10),68,86,114,46,88,64,,95,93,22,42,14,13,0.6,0.7
2024-12-21T2100,2454A,109.4978,30.2981,恩施土家族苗族自治州,湖北民院,,,,121,,145,,,12,,,38,,8,,1.2
2024-12-21T2100,2455A,109.4707,30.2798,恩施土家族苗族自治州,州电力总公司,细颗粒物(PM2.5),166,132,141,126,126,40,,18,18,22,35,7,8,1.1,1.2
2024-12-21T2100,3549A,109.5061,30.3772,恩施土家族苗族自治州,龙凤新区,细颗粒物(PM2.5),207,187,156,157,132,8,,10,9,43,38,6,6,1.5,1.3
2024-12-21T2100,2499A,108.3411,21.6158,防城港市,沙万,细颗粒物(PM2.5),89,76,82,66,65,118,,139,137,22,28,10,14,1.2,1.2
2024-12-21T2100,2500A,108.3514,21.7731,防城港市,防城档案局,细颗粒物(PM2.5),94,113,118,70,70,105,,130,126,40,41,10,11,0.9,0.9
2024-12-21T2100,2501A,108.3506,21.6414,防城港市,大海花园,细颗粒物(PM2.5),88,85,84,65,64,128,,145,143,22,28,9,13,1.0,1
2024-12-21T2100,1371A,113.1294,23.0067,佛山市,湾梁,,46,46,68,24,33,88,,105,104,31,66,10,9,1.0,1.1
2024-12-21T2100,1372A,113.1083,23.0478,佛山市,华材职中,颗粒物(PM10),58,66,88,38,50,60,,102,94,60,78,12,10,0.8,0.8
2024-12-21T2100,1373A,113.144,23.0453,佛山市,南海气象局,,48,40,60,33,42,80,,104,102,36,66,10,9,0.7,0.6
2024-12-21T2100,1374A,113.2881,22.8094,佛山市,顺德苏岗,颗粒物(PM10),51,52,61,27,36,70,,94,92,34,65,9,9,0.5,0.6
2024-12-21T2100,1376A,112.8383,22.8678,佛山市,高明孔堂,,48,47,78,33,51,90,,106,105,32,66,10,13,0.7,0.8
2024-12-21T2100,1377A,112.8836,23.1588,佛山市,三水监测站,,49,48,83,34,55,77,,106,103,38,57,8,16,0.7,0.8
2024-12-21T2100,1378A,112.867,23.185,佛山市,三水云东海,,41,41,73,25,49,65,,105,97,39,59,10,15,0.7,0.8
2024-12-21T2100,3625A,113.2544,22.7642,佛山市,容桂街道办,颗粒物(PM10),57,63,72,39,41,55,,97,92,54,71,9,8,0.8,0.7
2024-12-21T2100,1280A,119.3903,26.0543,福州市,鼓山,,,,30,,39,,,,,,19,,2,,0.3
2024-12-21T2100,1282A,119.2681,26.0504,福州市,师大,细颗粒物(PM2.5),60,49,33,43,21,96,,92,92,22,22,3,3,0.4,0.3
2024-12-21T2100,1283A,119.2984,26.1028,福州市,五四北路,细颗粒物(PM2.5),68,,32,49,20,98,,87,87,21,25,1,2,0.5,0.5
2024-12-21T2100,1284A,119.2648,26.0768,福州市,杨桥西路,细颗粒物(PM2.5),67,53,35,48,20,100,,91,91,18,23,2,2,0.4,0.4
2024-12-21T2100,1285A,119.317,26.0746,福州市,紫阳,细颗粒物(PM2.5),67,54,35,48,21,92,,79,79,24,30,4,3,0.5,0.5
2024-12-21T2100,3048A,119.5799,26.0936,福州市,九龙,细颗粒物(PM2.5),68,53,26,49,18,105,,105,105,15,12,2,3,0.6,0.5
2024-12-21T2100,3526A,119.5189,25.9664,福州市,吴航,细颗粒物(PM2.5),69,72,34,50,21,108,,107,107,18,24,5,5,0.6,0.5
2024-12-21T2100,1755A,123.7977,41.8491,抚顺市,望花区,细颗粒物(PM2.5),108,117,67,81,43,11,,47,34,58,30,8,6,1.5,0.8
2024-12-21T2100,1756A,123.9161,41.8822,抚顺市,顺城区,细颗粒物(PM2.5),120,142,75,91,47,16,,50,35,53,36,9,8,1.3,0.6
2024-12-21T2100,1757A,124.0436,41.8611,抚顺市,东洲区,细颗粒物(PM2.5),87,108,85,64,52,10,,42,29,70,42,5,5,1.0,0.7
2024-12-21T2100,1758A,123.9247,41.8642,抚顺市,新抚区,细颗粒物(PM2.5),95,101,77,71,51,13,,46,34,54,33,6,6,1.1,0.6
2024-12-21T2100,1759A,124.0972,41.8961,抚顺市,大伙房水库,细颗粒物(PM2.5),73,76,72,53,49,12,,47,34,58,32,13,10,0.8,0.7
2024-12-21T2100,1760A,123.7086,41.8391,抚顺市,沈抚新城,细颗粒物(PM2.5),103,109,67,77,40,15,,49,36,56,32,8,7,0.9,0.6
2024-12-21T2100,2376A,116.2127,28.0814,抚州市,桐源党溪,细颗粒物(PM2.5),78,88,67,57,43,67,,99,93,2,7,7,7,0.8,0.7
2024-12-21T2100,2377A,116.3544,27.9831,抚州市,市站,细颗粒物(PM2.5),74,88,67,54,44,84,,105,102,22,25,5,7,1.0,1
2024-12-21T2100,2378A,116.3565,27.963,抚州市,血防站,细颗粒物(PM2.5),73,92,69,53,43,82,,105,103,17,26,4,8,1.1,1.2
2024-12-21T2100,2379A,116.3564,28.0007,抚州市,采茶剧团,细颗粒物(PM2.5),84,82,64,62,45,72,,94,91,18,22,3,6,1.0,1
2024-12-21T2100,2380A,116.385,27.9647,抚州市,医学分院,细颗粒物(PM2.5),69,86,67,50,39,72,,93,91,18,27,6,12,0.9,0.9
2024-12-21T2100,2207A,121.6094,41.998,阜新市,工业园区,颗粒物(PM10),57,64,44,17,11,39,,70,61,31,16,7,6,0.6,0.6
2024-12-21T2100,2208A,121.6697,42.0279,阜新市,长青街,,37,37,33,13,12,58,,63,60,13,12,7,7,0.3,0.4
2024-12-21T2100,2209A,121.6673,42.0705,阜新市,农业园区,,22,22,23,3,6,53,,60,58,15,12,9,8,0.6,0.6
2024-12-21T2100,2210A,121.6717,42.0224,阜新市,东苑,,38,38,32,11,7,60,,64,62,11,12,4,4,0.4,0.4
2024-12-21T2100,2211A,121.6506,42.0498,阜新市,玉龙新城,颗粒物(PM10),56,62,36,20,14,21,,69,56,53,19,9,4,0.9,0.7
2024-12-21T2100,2301A,115.8277,32.8929,阜阳市,市监测站,细颗粒物(PM2.5),54,52,87,38,63,42,,56,52,31,34,7,7,0.5,0.6
2024-12-21T2100,2303A,115.8554,32.8605,阜阳市,开发区,颗粒物(PM10),68,85,105,27,57,48,,58,53,24,36,8,9,0.3,0.5
2024-12-21T2100,2875A,115.784,32.8892,阜阳市,阜阳职业技术学院,颗粒物(PM10),57,63,91,35,61,50,,60,56,21,27,9,9,0.6,0.7
2024-12-21T2100,3468A,115.7901,32.8613,阜阳市,市规划展馆,颗粒物(PM10),58,66,90,26,55,54,,62,59,21,27,7,8,0.3,0.5
2024-12-21T2100,3469A,115.836,32.9183,阜阳市,枣园社区,颗粒物(PM10),56,61,95,30,62,35,,62,56,40,34,6,6,0.5,0.5
2024-12-21T2100,2669A,102.9099,34.9841,甘南藏族自治州,州政府,"颗粒物(PM10),细颗粒物(PM2.5)",73,96,69,53,41,46,,70,67,40,37,12,13,0.9,0.9
2024-12-21T2100,3380A,102.8914,34.9617,甘南藏族自治州,甘肃民族师范学院,颗粒物(PM10),89,127,73,55,36,8,,76,67,69,41,10,9,1.1,0.7
2024-12-21T2100,2570A,101.9603,30.0475,甘孜藏族自治州,水桥子,,23,,18,16,13,43,,48,48,18,19,2,2,0.7,0.6
2024-12-21T2100,3065A,101.9533,29.9972,甘孜藏族自治州,州环保局,,23,23,24,3,9,46,,54,54,19,20,4,4,0.9,0.8
2024-12-21T2100,3414A,115.8347,28.932,赣江新区,桑海产业园,细颗粒物(PM2.5),92,112,109,68,65,72,,91,90,25,39,11,13,0.8,0.8
2024-12-21T2100,2362A,114.9017,25.9149,赣州市,通天岩,细颗粒物(PM2.5),92,,47,68,41,77,,115,110,15,11,6,6,0.4,0.5
2024-12-21T2100,2363A,114.9367,25.8664,赣州市,地委,颗粒物(PM10),65,80,63,43,36,86,,96,95,22,24,12,11,0.9,0.9
2024-12-21T2100,2364A,114.9461,25.8481,赣州市,气象台,颗粒物(PM10),68,85,69,38,32,103,,117,114,34,41,13,15,0.8,0.7
2024-12-21T2100,2365A,114.9322,25.8333,赣州市,市图书馆,细颗粒物(PM2.5),168,,57,127,37,,,94,,25,28,8,9,0.9,0.8
2024-12-21T2100,2366A,114.8905,25.8471,赣州市,华坚鞋城,细颗粒物(PM2.5),67,,53,48,35,97,,110,107,20,16,10,8,0.6,0.5
2024-12-21T2100,3109A,115.0093,25.8613,赣州市,赣县区卫计委,细颗粒物(PM2.5),92,83,66,68,47,87,,98,98,22,33,6,6,0.5,0.5
2024-12-21T2100,2683A,106.2319,36.1417,固原市,马园,颗粒物(PM10),52,53,53,31,26,40,,59,56,38,37,9,8,0.4,0.5
2024-12-21T2100,2684A,106.2792,36.0022,固原市,监测站,,49,46,39,34,23,69,,70,70,18,23,7,7,0.7,0.8
2024-12-21T2100,2685A,106.2375,36.0211,固原市,新区,细颗粒物(PM2.5),54,46,44,38,23,62,,63,63,20,32,8,7,0.6,0.7
2024-12-21T2100,3522A,106.2177,35.9959,固原市,原州区十五小,颗粒物(PM10),60,70,45,39,24,52,,64,61,28,21,6,5,0.8,0.8
2024-12-21T2100,2543A,106.6308,30.5278,广安市,小平旧居,,,,,,,,,,,,,,,,
2024-12-21T2100,2544A,106.6303,30.4576,广安市,市委,细颗粒物(PM2.5),127,116,122,96,100,30,,36,36,32,35,2,3,0.9,0.9
2024-12-21T2100,2545A,106.6271,30.4663,广安市,友谊中学,细颗粒物(PM2.5),132,115,120,100,101,29,,34,34,42,45,2,3,0.9,1
2024-12-21T2100,2547A,106.6388,30.4551,广安市,广电花园,细颗粒物(PM2.5),127,101,114,96,99,25,,31,31,30,34,3,4,0.8,0.8
2024-12-21T2100,2902A,106.6351,30.4865,广安市,北辰小学,细颗粒物(PM2.5),130,105,110,99,100,39,,36,36,27,32,4,5,0.9,1
2024-12-21T2100,2523A,105.8945,32.4535,广元市,黑石坡,细颗粒物(PM2.5),73,72,46,53,40,0,,7,2,31,21,3,3,0.7,0.7
2024-12-21T2100,2524A,105.821,32.4444,广元市,老城,细颗粒物(PM2.5),85,75,64,63,43,13,,23,18,48,38,3,2,1.0,0.9
2024-12-21T2100,2526A,105.8628,32.4287,广元市,监测站,细颗粒物(PM2.5),92,80,58,68,47,6,,28,17,41,34,4,3,1.3,0.9
2024-12-21T2100,3617A,105.8047,32.4166,广元市,经开区,细颗粒物(PM2.5),87,75,69,64,51,19,,22,22,38,40,5,6,1.0,1
2024-12-21T2100,1345A,113.2347,23.1423,广州市,广雅中学,颗粒物(PM10),60,69,75,36,40,53,,95,90,60,69,11,10,0.7,0.6
2024-12-21T2100,1346A,113.2612,23.105,广州市,市五中,颗粒物(PM10),55,60,58,36,41,71,,105,99,35,42,6,6,0.7,0.6
2024-12-21T2100,1348A,113.3478,23.0916,广州市,广东商学院,,40,40,48,24,32,87,,108,106,27,41,6,6,0.4,0.5
2024-12-21T2100,1349A,113.4332,23.1047,广州市,市八十六中,颗粒物(PM10),51,52,63,25,32,82,,97,96,22,54,5,6,0.5,0.6
2024-12-21T2100,1350A,113.3505,22.9483,广州市,番禺中学,,43,43,60,25,34,94,,107,107,24,59,5,5,0.6,0.6
2024-12-21T2100,1351A,113.2146,23.3916,广州市,花都师范,,42,42,49,28,32,94,,99,99,17,27,9,10,0.5,0.5
2024-12-21T2100,1352A,113.2597,23.1331,广州市,市监测站,颗粒物(PM10),57,64,59,31,34,57,,98,90,54,57,8,7,0.6,0.5
2024-12-21T2100,1353A,113.5618,23.312,广州市,九龙镇镇龙,,37,37,59,24,34,92,,101,101,14,42,6,6,0.6,0.6
2024-12-21T2100,1354A,113.2765,23.1544,广州市,麓湖,,49,49,52,31,35,76,,105,99,33,52,6,5,0.6,0.6
2024-12-21T2100,1355A,113.443,23.3035,广州市,帽峰山森林公园,,32,30,31,16,15,101,,114,113,14,14,7,8,0.6,0.7
2024-12-21T2100,2846A,113.3221,23.1322,广州市,体育西,颗粒物(PM10),54,57,58,35,36,69,,98,93,30,39,7,7,0.7,0.7
2024-12-21T2100,3298A,113.5717,23.5491,广州市,从化街口,,38,38,55,24,35,101,,109,109,14,41,4,4,0.5,0.6
2024-12-21T2100,3299A,113.3472,23.3692,广州市,白云竹料,,38,38,62,25,38,102,,116,114,12,41,8,8,0.6,0.7
2024-12-21T2100,3300A,113.2981,23.237,广州市,白云嘉禾,颗粒物(PM10),54,58,64,28,34,76,,100,95,38,58,8,8,0.6,0.6
2024-12-21T2100,3301A,113.4256,23.1716,广州市,黄埔科学城,,35,35,43,21,28,98,,110,110,16,34,7,8,0.6,0.6
2024-12-21T2100,3302A,113.3942,23.0483,广州市,番禺大学城,,44,44,57,22,29,86,,108,107,28,59,10,10,0.4,0.4
2024-12-21T2100,3303A,113.4922,22.8168,广州市,南沙黄阁,,50,50,72,26,38,54,,90,83,54,67,8,10,0.8,0.8
2024-12-21T2100,3304A,113.5342,22.7896,广州市,南沙街,颗粒物(PM10),51,52,68,26,37,62,,100,94,47,54,10,8,0.7,0.7
2024-12-21T2100,3443A,113.2902,23.5544,广州市,花都梯面,,40,39,40,28,29,108,,115,115,7,18,10,12,0.5,0.6
2024-12-21T2100,3445A,113.7858,23.7478,广州市,从化良口,,39,35,30,27,22,108,,111,111,11,16,7,7,0.5,0.5
2024-12-21T2100,3446A,113.8051,23.2614,广州市,增城荔城,,33,32,39,23,27,95,,110,107,14,19,6,8,0.5,0.5
2024-12-21T2100,2505A,109.568,23.1478,贵港市,德智高中,,,,,,,,,,,,,,,,
2024-12-21T2100,2506A,109.6047,23.0666,贵港市,江南子站,细颗粒物(PM2.5),97,97,142,72,91,115,,149,146,24,52,11,13,0.9,1.1
2024-12-21T2100,2507A,109.6014,23.0948,贵港市,贵城子站,细颗粒物(PM2.5),104,92,98,78,83,103,,136,133,26,35,12,12,0.9,0.9
2024-12-21T2100,2508A,109.5669,23.1065,贵港市,荷城子站,细颗粒物(PM2.5),92,100,99,68,67,103,,129,128,22,26,17,17,0.8,0.8
2024-12-21T2100,3405A,109.5886,23.1172,贵港市,新世纪学校,细颗粒物(PM2.5),97,110,102,72,69,103,,137,134,24,24,14,13,0.8,0.8
2024-12-21T2100,1439A,106.6899,26.5998,贵阳市,马鞍山,细颗粒物(PM2.5),94,90,104,70,84,58,,47,47,18,27,5,9,0.8,1
2024-12-21T2100,1440A,106.6971,26.5694,贵阳市,市环保站,细颗粒物(PM2.5),110,117,110,83,102,61,,52,52,18,25,8,11,0.6,0.8
2024-12-21T2100,1441A,106.6243,26.6266,贵阳市,鉴湖路,细颗粒物(PM2.5),94,100,105,70,87,38,,44,42,16,24,6,8,0.6,0.8
2024-12-21T2100,1442A,106.7487,26.6343,贵阳市,燕子冲,细颗粒物(PM2.5),94,83,96,70,92,67,,54,54,16,23,8,11,0.6,0.7
2024-12-21T2100,1443A,106.6555,26.4365,贵阳市,碧云窝,细颗粒物(PM2.5),134,139,104,102,83,32,,44,42,29,32,12,16,0.7,0.8
2024-12-21T2100,1444A,106.694,26.5161,贵阳市,中院村,细颗粒物(PM2.5),119,114,103,90,90,46,,44,44,24,28,13,15,0.9,0.8
2024-12-21T2100,1445A,106.7109,26.6027,贵阳市,红边门,细颗粒物(PM2.5),104,95,107,78,96,57,,46,46,31,36,12,15,0.8,0.9
2024-12-21T2100,1446A,106.7164,26.5699,贵阳市,新华路,细颗粒物(PM2.5),104,105,103,78,88,57,,48,48,21,25,7,10,0.5,0.7
2024-12-21T2100,1447A,106.674,26.5424,贵阳市,太慈桥,细颗粒物(PM2.5),110,102,99,83,84,49,,49,49,26,30,8,11,0.6,0.7
2024-12-21T2100,1552A,106.805,26.3003,贵阳市,桐木岭,细颗粒物(PM2.5),119,119,103,90,80,45,,43,43,10,12,13,13,0.8,0.9
2024-12-21T2100,1862A,110.4144,25.3167,桂林市,电子科大尧山校区,细颗粒物(PM2.5),63,55,63,45,57,111,,120,118,13,16,7,8,0.6,0.7
2024-12-21T2100,1863A,110.2819,25.2697,桂林市,监测站,细颗粒物(PM2.5),69,67,74,50,63,97,,109,105,24,24,12,14,0.9,0.9
2024-12-21T2100,1864A,110.3089,25.2708,桂林市,龙隐路小学,细颗粒物(PM2.5),85,,70,63,72,105,,119,113,24,24,25,16,0.6,0.6
2024-12-21T2100,1865A,110.2869,25.2178,桂林市,八中,细颗粒物(PM2.5),83,,72,61,73,97,,109,106,23,24,17,14,0.7,0.7
2024-12-21T2100,3403A,110.1764,25.2381,桂林市,创业大厦,细颗粒物(PM2.5),79,70,88,58,72,104,,115,111,21,24,11,12,0.7,0.9
2024-12-21T2100,3531A,110.296,25.1253,桂林市,旅游学院,细颗粒物(PM2.5),67,61,77,48,68,111,,118,117,21,25,10,12,0.6,0.7
2024-12-21T2100,2674A,100.2561,34.4714,果洛藏族自治州,玛沁县大武镇,,48,48,42,20,16,70,,80,80,2,6,4,5,0.4,0.5
2024-12-21T2100,1129A,126.5422,45.755,哈尔滨市,岭北,细颗粒物(PM2.5),57,50,84,40,80,40,,51,45,32,41,13,27,0.3,0.7
2024-12-21T2100,1130A,126.561,45.8167,哈尔滨市,松北商大,细颗粒物(PM2.5),57,46,89,40,72,29,,42,39,33,39,10,9,0.6,0.8
2024-12-21T2100,1131A,126.979,45.5419,哈尔滨市,阿城会宁,细颗粒物(PM2.5),87,73,140,64,121,22,,39,34,50,47,9,10,1.0,1.3
2024-12-21T2100,1132A,126.599,45.7222,哈尔滨市,南岗学府路,颗粒物(PM10),54,58,93,36,64,42,,42,41,29,40,6,10,0.3,0.6
2024-12-21T2100,1133A,126.689,45.7733,哈尔滨市,太平宏伟公园,,48,44,98,33,70,34,,38,38,30,38,8,14,0.6,0.9
2024-12-21T2100,1134A,126.635,45.7667,哈尔滨市,道外承德广场,,48,47,87,33,59,34,,42,39,42,46,9,13,0.2,0.6
2024-12-21T2100,1135A,126.685,45.7319,哈尔滨市,香坊红旗大街,细颗粒物(PM2.5),60,,80,43,69,45,,42,42,30,39,16,20,0.6,0.9
2024-12-21T2100,1136A,126.6411,45.7258,哈尔滨市,动力和平路,细颗粒物(PM2.5),70,,41,51,81,40,,42,42,25,28,8,10,0.5,0.6
2024-12-21T2100,1137A,126.593,45.7478,哈尔滨市,道里建国路,,43,40,87,30,70,41,,42,40,32,43,3,6,0.4,0.6
2024-12-21T2100,1138A,126.615,45.61,哈尔滨市,平房东轻厂,细颗粒物(PM2.5),72,57,106,52,88,10,,38,26,61,51,11,15,0.6,0.8
2024-12-21T2100,1139A,126.595,45.9855,哈尔滨市,呼兰师专,细颗粒物(PM2.5),69,68,104,50,85,24,,46,42,44,46,6,6,0.8,1
2024-12-21T2100,1140A,126.6206,45.6842,哈尔滨市,省农科院,细颗粒物(PM2.5),77,70,108,56,84,18,,43,39,52,46,9,10,0.9,1.1
2024-12-21T2100,2688A,93.5128,42.8172,哈密市,地区监测站,"颗粒物(PM10),细颗粒物(PM2.5)",77,104,92,56,47,28,,47,41,45,38,6,8,0.8,0.8
2024-12-21T2100,2689A,93.4961,42.8328,哈密市,哈密师范学校,细颗粒物(PM2.5),74,81,91,54,51,30,,43,41,41,40,7,9,0.8,1
2024-12-21T2100,2671A,100.9048,36.9639,海北藏族自治州,海晏县西海镇,,38,31,48,26,35,64,,93,90,14,17,11,17,0.6,0.9
2024-12-21T2100,3867A,102.0738,36.5056,海东市,平安区公安北苑,,,,95,,84,,,52,,,34,,20,,1.3
2024-12-21T2100,1409A,110.576,19.9507,海口市,东寨港,,36,36,42,25,32,99,,137,130,6,8,10,9,0.6,0.5
2024-12-21T2100,1410A,110.3232,20.0574,海口市,海南大学,,40,36,49,20,28,126,,163,159,24,20,7,7,0.4,0.5
2024-12-21T2100,1411A,110.283,20.0053,海口市,秀英海南医院,,43,41,49,23,31,136,,163,160,22,22,6,6,0.4,0.4
2024-12-21T2100,1412A,110.338,19.9969,海口市,海南师范大学,,43,40,49,24,31,135,,168,164,19,19,7,7,0.5,0.4
2024-12-21T2100,1413A,110.33,20.0356,海口市,龙华路环保局宿舍,,45,38,34,31,42,131,,164,160,18,16,7,8,0.4,0.5
2024-12-21T2100,3539A,110.5111,19.9736,海口市,桂林洋子站,,43,42,49,27,34,136,,166,161,13,16,7,8,0.4,0.4
2024-12-21T2100,2673A,100.6188,36.2866,海南藏族自治州,共和县恰卜恰镇,颗粒物(PM10),54,58,46,24,22,22,,74,64,43,23,8,7,0.8,0.6
2024-12-21T2100,2676A,97.3731,37.3753,海西蒙古族藏族自治州,德令哈市,,40,40,26,16,13,45,,80,68,18,9,16,17,0.4,0.4
2024-12-21T2100,1048A,114.5302,36.6116,邯郸市,东污水处理厂,,20,20,41,12,15,50,,57,56,24,25,2,3,0.3,0.4
2024-12-21T2100,1049A,114.4918,36.5713,邯郸市,矿院,颗粒物(PM10),51,51,45,12,11,29,,55,50,42,30,2,2,0.5,0.5
2024-12-21T2100,1050A,114.484,36.6133,邯郸市,丛台公园,,,,50,,19,41,,56,52,24,25,3,2,,0.4
2024-12-21T2100,3458A,114.7895,36.5593,邯郸市,香泉濮院小区,,34,34,55,8,15,45,,65,60,21,16,5,4,0.5,0.4
2024-12-21T2100,3579A,114.50634,36.77178,邯郸市,永年区实验高中,,38,38,62,23,18,37,,53,49,36,32,5,6,0.3,0.4
2024-12-21T2100,3580A,114.20016,36.44293,邯郸市,峰峰矿区临水派出所,,44,44,71,13,21,51,,58,54,21,22,8,10,0.5,0.6
2024-12-21T2100,2634A,106.9893,33.1842,汉中市,汉川机床厂子校,细颗粒物(PM2.5),132,,84,100,84,19,,40,36,25,22,6,6,1.0,1
2024-12-21T2100,2635A,107.0154,33.0706,汉中市,市监测站,细颗粒物(PM2.5),204,159,124,154,118,12,,14,14,57,46,7,6,2.1,1.8
2024-12-21T2100,2636A,107.0089,33.1138,汉中市,鑫源开发区,细颗粒物(PM2.5),189,148,140,142,137,9,,17,17,54,44,6,6,1.7,1.9
2024-12-21T2100,2637A,107.007,33.0323,汉中市,南郑大河坎水厂,细颗粒物(PM2.5),219,189,128,169,109,12,,15,15,50,33,9,7,2.1,1.5
2024-12-21T2100,1223A,120.2072,30.2111,杭州市,滨江,细颗粒物(PM2.5),78,97,95,57,62,34,,66,58,60,53,10,10,0.6,0.7
2024-12-21T2100,1224A,120.0633,30.2747,杭州市,西溪,细颗粒物(PM2.5),98,96,76,73,58,62,,81,77,35,37,11,9,0.8,0.9
2024-12-21T2100,1226A,120.3461,30.3153,杭州市,下沙,细颗粒物(PM2.5),79,104,116,58,64,46,,67,58,54,65,7,7,0.7,0.8
2024-12-21T2100,1227A,120.1269,30.2456,杭州市,卧龙桥,细颗粒物(PM2.5),88,87,74,65,52,27,,76,60,47,41,6,7,0.7,0.6
2024-12-21T2100,1228A,120.1903,30.2692,杭州市,浙江农大,细颗粒物(PM2.5),82,89,97,60,70,17,,64,52,76,57,8,8,0.7,0.7
2024-12-21T2100,1230A,120.1197,30.3119,杭州市,和睦小学,细颗粒物(PM2.5),85,91,84,63,57,51,,73,61,47,52,10,9,0.8,0.8
2024-12-21T2100,1231A,120.3019,30.4183,杭州市,临平镇,"颗粒物(PM10),细颗粒物(PM2.5)",72,93,95,52,59,52,,74,70,35,43,9,9,0.8,0.8
2024-12-21T2100,1232A,120.2697,30.1819,杭州市,城厢镇,细颗粒物(PM2.5),79,89,101,58,62,44,,68,62,50,52,7,7,0.8,0.9
2024-12-21T2100,1233A,120.0883,30.1808,杭州市,云栖,细颗粒物(PM2.5),77,93,82,56,52,30,,84,68,46,37,5,6,0.7,0.6
2024-12-21T2100,3557A,119.9464,30.0494,杭州市,镇二中,细颗粒物(PM2.5),92,81,68,68,54,56,,82,78,33,36,8,7,0.8,0.8
2024-12-21T2100,3558A,119.7183,30.2367,杭州市,市府大楼,细颗粒物(PM2.5),108,105,72,81,53,67,,91,87,35,34,9,8,1.0,0.8
2024-12-21T2100,3656A,120.1556,30.2864,杭州市,消防大队,细颗粒物(PM2.5),90,100,95,67,64,19,,72,59,72,50,10,10,0.8,0.7
2024-12-21T2100,1270A,117.1959,31.7848,合肥市,明珠广场,,48,48,97,19,63,50,,59,58,26,45,10,11,0.6,0.8
2024-12-21T2100,1271A,117.3072,31.8764,合肥市,三里街,颗粒物(PM10),51,51,101,22,66,52,,59,58,25,47,6,7,0.4,0.6
2024-12-21T2100,1272A,117.2588,31.8707,合肥市,琥珀山庄,颗粒物(PM10),53,56,102,25,65,56,,62,62,29,54,8,7,0.6,0.8
2024-12-21T2100,1273A,117.1604,31.9052,合肥市,董铺水库,颗粒物(PM10),53,56,103,17,57,42,,55,53,27,43,5,5,0.3,0.5
2024-12-21T2100,1274A,117.25,31.8571,合肥市,长江中路,颗粒物(PM10),51,51,100,29,70,55,,59,59,23,49,8,8,0.6,0.8
2024-12-21T2100,1275A,117.266,31.9436,合肥市,庐阳区,颗粒物(PM10),53,56,104,19,57,58,,62,62,24,47,5,6,0.4,0.6
2024-12-21T2100,1276A,117.336,31.8586,合肥市,瑶海区,颗粒物(PM10),53,56,109,24,66,46,,55,53,34,57,6,8,0.5,0.8
2024-12-21T2100,1277A,117.3027,31.7964,合肥市,包河区,颗粒物(PM10),53,56,99,22,65,48,,52,51,31,53,4,5,0.2,0.5
2024-12-21T2100,1278A,117.2776,31.7385,合肥市,滨湖新区,颗粒物(PM10),52,53,104,22,57,44,,56,53,30,47,7,8,0.4,0.6
2024-12-21T2100,1279A,117.1318,31.8403,合肥市,高新区,颗粒物(PM10),52,53,99,20,64,46,,58,55,31,43,1,3,0.6,0.8
2024-12-21T2100,3464A,117.3803,31.9147,合肥市,高教基地,颗粒物(PM10),56,61,99,20,60,52,,64,63,25,38,8,10,0.3,0.6
2024-12-21T2100,3614A,79.924,37.0877,和田地区,地区环保局,颗粒物(PM10),74,98,140,36,69,51,,58,58,19,38,12,18,0.4,1.3
2024-12-21T2100,3615A,79.9131,37.113,和田地区,市环保局,颗粒物(PM10),66,81,110,39,65,38,,59,59,40,51,16,16,0.8,1.7
2024-12-21T2100,2516A,108.2011,24.715,河池市,东仁乐园,,,96,85,66,64,27,,74,67,34,32,6,6,,1
2024-12-21T2100,2517A,108.0497,24.6947,河池市,市环保站,细颗粒物(PM2.5),75,67,75,55,58,64,,71,71,23,37,10,11,0.8,0.8
2024-12-21T2100,2518A,108.0983,24.6989,河池市,市疾控中心,细颗粒物(PM2.5),83,72,78,61,59,48,,80,76,39,39,10,10,0.8,0.8
2024-12-21T2100,1696A,114.6778,23.7569,河源市,源西,,46,42,43,32,33,107,,108,108,16,29,10,8,0.6,0.6
2024-12-21T2100,1697A,114.6944,23.7586,河源市,东埔,细颗粒物(PM2.5),57,41,49,40,39,113,,116,116,18,29,8,7,0.6,0.6
2024-12-21T2100,1698A,114.6892,23.7233,河源市,老城,细颗粒物(PM2.5),54,48,48,38,31,110,,111,111,16,30,8,6,0.6,0.6
2024-12-21T2100,1718A,115.4208,35.2464,菏泽市,气象局,颗粒物(PM10),62,74,80,34,34,36,,68,63,40,25,4,5,0.5,0.5
2024-12-21T2100,1719A,115.4747,35.2375,菏泽市,市政协,颗粒物(PM10),62,74,78,33,34,33,,67,63,39,24,7,8,0.6,0.6
2024-12-21T2100,3374A,115.5564,35.0891,菏泽市,定陶老年大学,颗粒物(PM10),59,68,69,34,32,32,,62,54,41,32,12,11,0.5,0.5
2024-12-21T2100,3647A,115.4702,35.2706,菏泽市,菏泽医专,颗粒物(PM10),59,67,78,33,30,45,,69,66,35,29,10,11,0.5,0.5
2024-12-21T2100,2514A,111.5264,24.4172,贺州市,环保小区,细颗粒物(PM2.5),102,86,85,76,77,95,,107,105,23,25,12,10,0.8,0.8
2024-12-21T2100,2515A,111.5608,24.4078,贺州市,政协大楼,细颗粒物(PM2.5),95,99,91,71,63,73,,120,111,39,30,9,9,1.0,0.8
2024-12-21T2100,3534A,111.4744,24.4553,贺州市,西湾,细颗粒物(PM2.5),94,95,103,70,77,112,,116,115,15,31,10,8,0.8,0.9
2024-12-21T2100,2385A,114.17,35.9019,鹤壁市,市监测站,颗粒物(PM10),70,90,79,43,39,7,,57,41,48,28,1,3,0.5,0.3
2024-12-21T2100,2386A,114.2956,35.7511,鹤壁市,市交警支队,颗粒物(PM10),82,113,73,56,35,1,,55,37,54,29,2,3,1.1,0.4
2024-12-21T2100,2387A,114.2878,35.7306,鹤壁市,迎宾馆,颗粒物(PM10),64,78,82,40,32,6,,56,42,46,25,5,5,0.6,0.4
2024-12-21T2100,3474A,114.2617,35.6822,鹤壁市,大新区,细颗粒物(PM2.5),65,70,72,47,30,4,,58,42,61,32,6,6,0.5,0.4
2024-12-21T2100,3596A,114.1572,35.9603,鹤壁市,南山宾馆,细颗粒物(PM2.5),79,59,76,58,48,33,,60,54,24,12,4,4,0.4,0.4
2024-12-21T2100,2244A,130.2537,47.3416,鹤岗市,哈啤分公司,,28,26,37,19,26,52,,42,37,4,16,12,12,0.6,0.8
2024-12-21T2100,2245A,130.2684,47.3086,鹤岗市,斯达机电,,34,34,34,18,23,50,,50,33,13,21,15,15,0.5,0.5
2024-12-21T2100,2246A,130.3114,47.3388,鹤岗市,东山纸板厂,,38,38,52,20,50,52,,33,23,5,36,13,15,0.4,2
2024-12-21T2100,2247A,130.1097,47.3382,鹤岗市,五号水库,,24,24,31,14,19,52,,57,50,16,13,6,7,0.1,0.4
2024-12-21T2100,2263A,127.4833,50.2524,黑河市,交通局,,26,22,23,18,15,50,,57,44,12,12,8,7,0.4,0.4
2024-12-21T2100,2264A,127.5144,50.2341,黑河市,环保局,,,44,22,27,17,20,,57,39,38,14,6,4,,
2024-12-21T2100,2265A,127.5291,50.2472,黑河市,大黑河岛,,,13,10,,,50,,50,48,8,10,1,2,,
2024-12-21T2100,1074A,115.6838,37.7541,衡水市,电机北厂,,30,30,40,19,17,52,,74,67,24,16,5,4,0.3,0.3
2024-12-21T2100,1075A,115.6303,37.7316,衡水市,市监测站,,36,34,34,25,13,38,,64,58,32,19,5,6,0.3,0.3
2024-12-21T2100,3188A,115.6683,37.7217,衡水市,市城管局,,43,43,38,26,18,20,,66,55,48,15,3,4,0.3,0.3
2024-12-21T2100,3459A,115.5989,37.5491,衡水市,地表水厂,细颗粒物(PM2.5),70,74,35,51,16,34,,67,54,77,12,39,6,0.8,0.3
2024-12-21T2100,2456A,112.5003,26.9167,衡阳市,原169医院,细颗粒物(PM2.5),102,89,83,76,82,35,,78,52,33,33,15,31,0.4,0.5
2024-12-21T2100,2457A,112.6194,26.9258,衡阳市,衡阳化工总厂,细颗粒物(PM2.5),120,110,108,91,93,53,,88,78,30,26,12,13,0.9,0.9
2024-12-21T2100,2458A,112.6211,26.8956,衡阳市,珠晖区环保局,细颗粒物(PM2.5),107,93,96,80,90,59,,87,77,33,35,11,12,0.9,1
2024-12-21T2100,2459A,112.6197,26.8733,衡阳市,市委党校,细颗粒物(PM2.5),103,102,96,77,86,69,,92,86,28,27,10,13,0.9,1
2024-12-21T2100,2460A,112.6006,26.8919,衡阳市,市监测站,细颗粒物(PM2.5),142,130,122,108,102,57,,94,84,31,26,10,11,0.9,1
2024-12-21T2100,2461A,112.5664,26.9056,衡阳市,真空机电公司,细颗粒物(PM2.5),109,130,122,82,86,64,,92,84,26,32,8,8,0.8,0.9
2024-12-21T2100,3399A,112.6703,26.882,衡阳市,师范学院,细颗粒物(PM2.5),132,109,110,100,98,66,,90,83,24,26,12,13,0.8,0.7
2024-12-21T2100,2608A,103.3772,23.3993,红河哈尼族彝族自治州,污水处理厂,细颗粒物(PM2.5),75,58,51,55,48,75,,83,83,11,10,6,10,0.9,0.8
2024-12-21T2100,2609A,103.3861,23.35,红河哈尼族彝族自治州,监测站,细颗粒物(PM2.5),105,,54,79,52,77,,86,86,15,12,10,6,0.8,0.7
2024-12-21T2100,3038A,103.3758,23.368,红河哈尼族彝族自治州,州图书馆,细颗粒物(PM2.5),70,,46,51,46,71,,77,76,13,11,7,8,0.8,0.7
2024-12-21T2100,1090A,111.6507,40.7517,呼和浩特市,呼市一监,细颗粒物(PM2.5),70,70,32,51,20,7,,60,38,55,17,10,8,0.8,0.4
2024-12-21T2100,1091A,111.6572,40.8033,呼和浩特市,小召,颗粒物(PM10),57,63,32,36,20,12,,64,32,59,25,20,12,0.8,0.5
2024-12-21T2100,1094A,111.7516,40.8369,呼和浩特市,如意水处理厂,,49,49,20,29,12,4,,49,35,74,30,10,8,0.5,0.2
2024-12-21T2100,1095A,111.7276,40.8062,呼和浩特市,二十九中,细颗粒物(PM2.5),55,52,25,39,15,12,,50,38,59,21,9,7,0.8,0.4
2024-12-21T2100,1096A,111.5512,40.7866,呼和浩特市,工大金川校区,颗粒物(PM10),68,85,30,31,14,5,,54,31,59,23,9,10,0.8,0.3
2024-12-21T2100,1097A,111.717,40.7612,呼和浩特市,化肥厂生活区,细颗粒物(PM2.5),70,80,28,51,16,10,,48,40,57,19,12,7,1.0,0.4
2024-12-21T2100,3698A,111.5968,40.8178,呼和浩特市,红旗小学,颗粒物(PM10),51,51,27,30,15,4,,59,26,60,22,9,10,0.6,0.4
2024-12-21T2100,3699A,111.6518,40.8389,呼和浩特市,海东办,颗粒物(PM10),70,90,28,48,17,5,,61,26,64,23,13,9,1.2,0.6
2024-12-21T2100,2192A,119.7594,49.2261,呼伦贝尔市,区环保局,,49,42,29,34,22,42,,53,51,27,27,6,6,0.6,0.6
2024-12-21T2100,3061A,119.7512,49.1577,呼伦贝尔市,国华电力东,,40,,26,28,20,62,,62,62,6,10,2,2,0.4,0.4
2024-12-21T2100,1250A,120.0751,30.8669,湖州市,城西水厂,颗粒物(PM10),55,60,95,34,63,64,,71,68,27,50,8,9,0.4,0.7
2024-12-21T2100,2873A,120.0875,30.8955,湖州市,仁皇山新区,,49,48,89,34,65,66,,74,73,21,49,9,10,0.3,0.7
2024-12-21T2100,2907A,120.1844,30.8596,湖州市,吴兴区站,,50,50,93,33,63,47,,70,67,45,50,9,10,0.5,0.7
2024-12-21T2100,3562A,120.4148,30.8538,湖州市,南浔区站,细颗粒物(PM2.5),68,66,91,49,64,58,,72,71,29,48,9,10,0.8,0.8
2024-12-21T2100,1607A,120.9092,40.7136,葫芦岛市,龙港区,颗粒物(PM10),64,77,44,41,18,30,,74,53,52,24,21,17,0.8,0.5
2024-12-21T2100,1608A,120.8392,40.7514,葫芦岛市,化工街,颗粒物(PM10),59,68,43,17,12,14,,69,42,61,23,31,30,1.1,0.8
2024-12-21T2100,1609A,120.8341,40.7073,葫芦岛市,新区,颗粒物(PM10),58,65,34,24,12,17,,71,51,60,19,14,16,0.9,0.6
2024-12-21T2100,1610A,120.8695,40.7677,葫芦岛市,东城区,颗粒物(PM10),61,71,30,37,13,11,,66,43,66,19,28,5,0.8,0.5
2024-12-21T2100,2482A,109.5981,27.5721,怀化市,林科所,细颗粒物(PM2.5),83,67,57,61,58,66,,73,73,18,18,32,30,1.0,0.9
2024-12-21T2100,2483A,109.9453,27.5444,怀化市,河西地税局,细颗粒物(PM2.5),88,98,99,65,70,62,,66,66,19,22,8,22,0.6,0.6
2024-12-21T2100,2484A,109.9781,27.5342,怀化市,市四医院,细颗粒物(PM2.5),85,112,111,63,64,59,,64,64,20,21,23,13,0.8,0.8
2024-12-21T2100,2485A,109.9972,27.5578,怀化市,监测楼,细颗粒物(PM2.5),90,93,99,67,74,63,,68,68,18,21,4,8,0.6,0.7
2024-12-21T2100,2486A,110.0394,27.583,怀化市,市委党校,细颗粒物(PM2.5),77,100,100,56,64,60,,64,64,16,19,8,11,0.5,0.6
2024-12-21T2100,1210A,119.036,33.5981,淮安市,钵池山,细颗粒物(PM2.5),74,88,102,54,71,18,,56,46,52,37,6,8,0.5,0.6
2024-12-21T2100,1211A,119.007,33.575,淮安市,北京南路,细颗粒物(PM2.5),67,75,106,48,69,39,,56,52,29,39,9,11,0.8,0.9
2024-12-21T2100,1212A,118.989,33.6067,淮安市,市监测站,细颗粒物(PM2.5),83,75,110,61,81,24,,57,50,44,41,7,9,0.8,0.8
2024-12-21T2100,1213A,119.135,33.5039,淮安市,楚州区监测站,颗粒物(PM10),68,85,109,47,66,26,,54,49,43,41,8,10,0.7,0.8
2024-12-21T2100,1214A,119.0186,33.6297,淮安市,淮阴区监测站,细颗粒物(PM2.5),73,88,118,53,73,36,,55,48,35,43,8,9,0.8,0.9
2024-12-21T2100,3426A,118.8755,33.2894,淮安市,新华书店,细颗粒物(PM2.5),75,88,108,55,71,35,,63,57,39,33,11,10,0.9,0.7
2024-12-21T2100,2282A,116.8004,33.975,淮北市,监测站,颗粒物(PM10),51,52,89,22,47,45,,59,54,23,26,6,7,0.3,0.4
2024-12-21T2100,2283A,116.8091,33.9007,淮北市,烈山区政府,,45,45,91,21,54,49,,62,58,19,32,5,6,0.4,0.6
2024-12-21T2100,3330A,116.8873,33.9836,淮北市,杜集区检察院,颗粒物(PM10),55,59,106,20,62,40,,61,55,20,32,2,4,0.3,0.5
2024-12-21T2100,4017A,116.7923,33.9535,淮北市,市博物馆,,50,50,87,20,44,49,,61,57,24,30,6,7,0.4,0.5
2024-12-21T2100,2277A,116.8305,32.7727,淮南市,潘集区政府,颗粒物(PM10),69,87,111,41,76,40,,61,55,27,33,10,12,0.5,0.6
2024-12-21T2100,2278A,117.0067,32.6524,淮南市,师范学院,颗粒物(PM10),66,81,111,47,75,38,,61,56,23,29,5,6,0.6,0.7
2024-12-21T2100,2279A,116.8569,32.5951,淮南市,谢家集区政府,细颗粒物(PM2.5),63,73,102,45,64,40,,63,58,13,25,10,11,0.6,0.7
2024-12-21T2100,2280A,116.8281,32.633,淮南市,八公山区政府,颗粒物(PM10),60,69,99,30,60,40,,63,57,26,29,8,10,0.5,0.7
2024-12-21T2100,2281A,116.6325,32.6201,淮南市,焦岗湖风景区管理处,颗粒物(PM10),61,71,83,39,56,35,,62,49,26,34,4,4,0.3,0.4
2024-12-21T2100,2894A,117.0566,32.6531,淮南市,经济技术开发区消防队,"颗粒物(PM10),细颗粒物(PM2.5)",68,86,120,49,74,43,,66,60,22,27,7,8,0.5,0.6
2024-12-21T2100,3329A,117.0108,32.5893,淮南市,山南新区,颗粒物(PM10),67,83,113,35,73,49,,67,64,17,23,9,11,0.4,0.6
2024-12-21T2100,2446A,114.9028,30.4742,黄冈市,职工中心,细颗粒物(PM2.5),74,88,115,54,84,59,,91,88,28,45,9,10,0.6,0.8
2024-12-21T2100,2929A,114.8858,30.4519,黄冈市,红卫路,细颗粒物(PM2.5),73,80,106,53,79,59,,89,86,27,40,8,8,0.8,1
2024-12-21T2100,3398A,114.9136,30.4445,黄冈市,市林业局,细颗粒物(PM2.5),74,83,104,54,81,66,,97,94,23,37,11,12,0.7,0.8
2024-12-21T2100,2672A,102.0199,35.5102,黄南藏族自治州,同仁县隆务镇,细颗粒物(PM2.5),90,90,75,67,57,75,,85,85,12,12,9,10,0.9,0.9
2024-12-21T2100,2295A,118.2903,29.6963,黄山市,延安路89号,细颗粒物(PM2.5),78,91,58,57,41,87,,99,99,21,21,12,10,0.4,0.3
2024-12-21T2100,2296A,118.327,29.7178,黄山市,黄山东路89号,细颗粒物(PM2.5),88,90,70,65,43,80,,95,94,18,20,9,7,0.4,0.4
2024-12-21T2100,2297A,118.1371,30.2756,黄山市,黄山区政府5号楼,细颗粒物(PM2.5),110,119,67,83,44,46,,91,81,26,19,8,9,0.8,0.6
2024-12-21T2100,2423A,115.0601,30.2313,黄石市,沈家营,细颗粒物(PM2.5),87,102,116,64,84,62,,100,95,24,38,9,11,0.7,0.8
2024-12-21T2100,2424A,115.0817,30.2006,黄石市,陈家湾,细颗粒物(PM2.5),97,88,104,72,88,56,,91,86,27,37,10,11,1.0,1
2024-12-21T2100,2426A,114.8988,30.2019,黄石市,铁山,细颗粒物(PM2.5),84,89,119,62,96,62,,95,91,28,47,19,20,1.0,0.9
2024-12-21T2100,2427A,115.0307,30.2092,黄石市,团城山,细颗粒物(PM2.5),82,101,117,60,84,66,,100,96,29,44,9,11,0.8,1
2024-12-21T2100,3149A,115.0235,30.1578,黄石市,笔架山北路,细颗粒物(PM2.5),79,86,109,58,90,68,,106,100,26,48,10,15,0.9,1.2
2024-12-21T2100,1392A,114.4183,23.0528,惠州市,河南岸金山湖子站,,48,48,52,28,35,98,,105,104,17,24,11,11,0.5,0.5
2024-12-21T2100,1393A,114.4053,23.0822,惠州市,下埔横江三路子站,,43,43,50,26,33,103,,109,108,17,22,9,10,0.5,0.6
2024-12-21T2100,1394A,114.4103,23.1142,惠州市,江北云山西路子站,,44,44,48,25,32,110,,115,114,17,24,10,11,0.5,0.5
2024-12-21T2100,1395A,114.4645,22.7833,惠州市,惠阳区承修路船湖子站,,49,49,63,23,30,85,,101,97,16,25,11,12,0.6,0.6
2024-12-21T2100,1396A,114.5317,22.7422,惠州市,大亚湾管委会子站,,38,38,51,21,30,99,,108,107,16,31,9,9,0.5,0.6
2024-12-21T2100,3314A,114.4338,22.8134,惠州市,惠阳秋长,,34,34,48,21,31,101,,110,108,15,28,12,13,0.5,0.6
2024-12-21T2100,3452A,114.6517,22.775,惠州市,大亚湾霞涌,,45,45,50,30,31,91,,106,104,13,14,8,8,0.4,0.5
2024-12-21T2100,2240A,130.9762,45.3001,鸡西市,环保局,,29,24,50,20,37,49,,52,49,6,15,6,8,0.4,0.5
2024-12-21T2100,2243A,130.9429,45.3039,鸡西市,第一中学,,32,30,43,22,31,55,,60,58,10,19,6,7,0.2,0.3
2024-12-21T2100,3707A,131.0207,45.3073,鸡西市,欧美日汽修厂,,50,39,74,35,55,51,,54,48,23,40,32,36,0.4,0.9
2024-12-21T2100,3709A,130.9967,45.3106,鸡西市,市政设施管理处,,35,35,58,20,34,50,,51,44,15,36,6,9,0.4,0.5
2024-12-21T2100,2367A,114.9754,27.0803,吉安市,红声器材厂,细颗粒物(PM2.5),99,105,81,74,57,97,,113,112,40,37,14,16,0.7,0.7
2024-12-21T2100,2368A,114.9658,27.0999,吉安市,市森林工业局,细颗粒物(PM2.5),102,103,77,76,56,88,,110,108,47,35,24,20,0.8,0.6
2024-12-21T2100,2369A,114.99,27.1312,吉安市,市环境监测站,细颗粒物(PM2.5),89,96,79,66,54,98,,116,115,44,37,16,18,0.7,0.6
2024-12-21T2100,2370A,115.0093,27.0968,吉安市,青原区法院,细颗粒物(PM2.5),110,143,83,83,61,98,,115,114,41,40,15,18,0.8,0.7
2024-12-21T2100,1772A,126.54,43.8622,吉林市,哈达湾,,40,40,93,23,76,51,,53,52,24,40,8,17,0.6,0.9
2024-12-21T2100,1773A,126.5844,43.8358,吉林市,东局子,,39,32,85,27,65,51,,54,53,23,35,6,11,0.7,0.9
2024-12-21T2100,1774A,126.5052,43.8245,吉林市,电力学院,,48,,85,33,70,57,,54,54,16,35,9,14,0.7,1
2024-12-21T2100,1775A,126.6133,43.8972,吉林市,江北,,35,34,96,24,71,55,,52,52,21,38,10,14,0.6,1
2024-12-21T2100,1776A,126.555,43.8306,吉林市,江南公园,,33,27,87,23,72,55,,53,53,19,38,10,14,0.6,1
2024-12-21T2100,1778A,126.7061,43.7133,吉林市,丰满,,30,25,56,21,53,58,,57,57,12,22,10,13,0.5,0.7
2024-12-21T2100,2868A,126.4739,43.953,吉林市,九站,,43,42,86,30,71,48,,52,49,26,36,6,11,0.8,1
2024-12-21T2100,1299A,116.9862,36.6114,济南市,科干所,,36,36,41,12,12,39,,65,58,34,26,6,6,0.5,0.5
2024-12-21T2100,1300A,116.9376,36.665,济南市,农科所,颗粒物(PM10),52,54,53,17,11,8,,65,48,74,30,9,8,0.8,0.7
2024-12-21T2100,1301A,117.1265,36.6734,济南市,开发区,,37,37,44,22,17,37,,61,54,39,27,6,7,0.6,0.5
2024-12-21T2100,1303A,117.0624,36.6868,济南市,省种子仓库,,41,41,51,9,13,44,,63,52,28,27,5,7,0.4,0.5
2024-12-21T2100,1304A,116.9489,36.6447,济南市,机床二厂,,49,49,56,12,16,32,,70,58,39,20,10,11,0.8,0.8
2024-12-21T2100,1305A,117.0495,36.663,济南市,市监测站,,44,44,43,12,12,36,,66,56,42,26,6,6,0.5,0.5
2024-12-21T2100,1306A,116.7675,36.5484,济南市,长清党校,,39,39,55,17,22,34,,68,57,42,29,9,9,0.6,0.7
2024-12-21T2100,1616A,117.6795,36.229,济南市,技术学院,,29,29,45,14,21,37,,55,49,29,29,10,10,0.4,0.4
2024-12-21T2100,1961A,117.532,36.6868,济南市,东山小学,颗粒物(PM10),55,59,50,20,17,12,,63,50,59,25,8,7,0.6,0.5
2024-12-21T2100,3059A,117.7161,36.2049,济南市,泰兴公司,,48,48,50,19,22,17,,58,51,57,33,11,10,0.4,0.4
2024-12-21T2100,3064A,117.6867,36.2171,济南市,莱芜战役纪念馆,,36,36,50,12,20,47,,58,54,18,24,7,9,0.4,0.5
2024-12-21T2100,3494A,117.1673,36.9782,济南市,济阳区政府,,49,49,52,15,14,35,,54,46,38,30,10,12,0.3,0.3
2024-12-21T2100,3495A,117.1171,36.63,济南市,锦屏中学,,29,29,38,10,12,36,,65,55,36,28,5,6,0.4,0.3
2024-12-21T2100,3682A,116.9814,36.6819,济南市,济南四建,,44,44,42,17,15,20,,60,50,55,30,11,7,0.7,0.5
2024-12-21T2100,1653A,116.6251,35.4302,济宁市,火炬城,,43,43,57,14,23,44,,61,56,26,29,7,9,0.4,0.5
2024-12-21T2100,1655A,116.5491,35.4042,济宁市,电化厂,,50,50,78,24,33,44,,59,54,23,35,10,12,0.7,0.8
2024-12-21T2100,3500A,116.5814,35.3707,济宁市,北湖一中,,34,34,58,22,24,46,,63,58,28,32,5,7,0.4,0.5
2024-12-21T2100,3501A,116.8249,35.5593,济宁市,服务中心,,44,44,67,12,26,40,,63,53,36,33,11,12,0.7,0.8
2024-12-21T2100,3678A,116.5907,35.4054,济宁市,市第七中学,,50,50,63,17,27,42,,63,58,28,32,4,6,0.6,0.7
2024-12-21T2100,2255A,130.2751,46.8028,佳木斯市,佳纺,细颗粒物(PM2.5),95,77,84,71,77,40,,42,37,28,45,13,14,0.9,1.1
2024-12-21T2100,2256A,130.3995,46.8307,佳木斯市,发电厂,细颗粒物(PM2.5),94,,72,70,80,38,,39,36,27,39,9,7,0.8,0.9
2024-12-21T2100,2257A,130.3258,46.7975,佳木斯市,环保局,细颗粒物(PM2.5),93,87,79,69,67,26,,36,29,40,48,16,15,0.7,0.9
2024-12-21T2100,2258A,130.3648,46.8032,佳木斯市,十一中,细颗粒物(PM2.5),78,60,62,57,59,31,,41,34,39,46,18,10,0.7,0.9
2024-12-21T2100,2259A,130.3794,46.7588,佳木斯市,四丰,细颗粒物(PM2.5),55,53,62,39,45,45,,54,49,16,14,1,1,0.5,0.7
2024-12-21T2100,1252A,120.7436,30.778,嘉兴市,清河小学,细颗粒物(PM2.5),74,88,85,54,63,41,,59,56,44,53,8,8,0.5,0.6
2024-12-21T2100,1253A,120.726,30.7478,嘉兴市,嘉兴学院,细颗粒物(PM2.5),83,94,92,61,64,39,,66,62,41,46,8,9,0.7,1
2024-12-21T2100,2872A,120.7846,30.7525,嘉兴市,南湖区残联,"颗粒物(PM10),细颗粒物(PM2.5)",82,113,97,60,63,51,,67,63,32,46,10,11,0.7,0.9
2024-12-21T2100,3407A,120.6916,30.7739,嘉兴市,秀洲住建,细颗粒物(PM2.5),82,96,91,60,67,39,,64,60,41,50,12,12,0.8,0.9
2024-12-21T2100,1945A,98.2908,39.7711,嘉峪关市,气象局,颗粒物(PM10),82,114,84,29,25,38,,70,65,32,29,2,8,0.4,0.5
2024-12-21T2100,2884A,98.2672,39.7978,嘉峪关市,酒钢宾馆,颗粒物(PM10),82,114,107,19,33,60,,66,66,18,32,5,33,0.6,1
2024-12-21T2100,3248A,98.2643,39.7724,嘉峪关市,雄关区,颗粒物(PM10),70,90,80,22,25,44,,69,66,32,41,8,11,0.5,0.5
2024-12-21T2100,1383A,113.1064,22.6058,江门市,北街,颗粒物(PM10),57,63,72,30,47,65,,99,96,50,70,8,7,0.8,0.8
2024-12-21T2100,1384A,113.0731,22.5835,江门市,西区,颗粒物(PM10),57,63,92,33,51,80,,103,102,36,75,11,12,0.7,0.7
2024-12-21T2100,1385A,113.0219,22.5311,江门市,圭峰西,,39,35,59,27,40,96,,109,109,26,48,8,6,0.7,0.7
2024-12-21T2100,1386A,113.0828,22.5947,江门市,东湖,,47,47,76,19,43,76,,101,100,35,64,9,9,0.6,0.7
2024-12-21T2100,3311A,113.1075,22.5647,江门市,江海富民,颗粒物(PM10),60,70,88,27,47,75,,103,100,53,82,10,10,0.9,1
2024-12-21T2100,3449A,113.05,22.4667,江门市,新会银湖,,47,47,68,31,52,81,,99,98,34,54,10,8,0.6,0.7
2024-12-21T2100,1828A,113.227,35.2125,焦作市,市环保局,颗粒物(PM10),70,90,70,46,28,36,,55,51,33,22,7,7,0.6,0.5
2024-12-21T2100,1830A,113.1992,35.2590,焦作市,影视城,颗粒物(PM10),62,74,60,34,32,56,,57,,15,17,7,9,0.6,0.7
2024-12-21T2100,3169A,113.2725,35.2067,焦作市,太极体育中心,颗粒物(PM10),77,104,79,36,29,23,,52,44,53,33,11,10,0.6,0.4
2024-12-21T2100,3335A,113.3137,35.2641,焦作市,马村街道办,颗粒物(PM10),81,111,86,46,43,20,,56,44,43,28,8,13,1.1,0.7
2024-12-21T2100,3336A,113.2465,35.2373,焦作市,焦作技师学院,颗粒物(PM10),71,91,75,46,31,23,,53,45,51,31,10,9,0.9,0.6
2024-12-21T2100,3477A,113.1656,35.2539,焦作市,中站许衡医院,细颗粒物(PM2.5),58,56,65,41,30,49,,54,53,22,20,8,9,0.2,0.3
2024-12-21T2100,3981A,113.2449,35.1803,焦作市,原李万街道办,颗粒物(PM10),74,98,71,36,28,32,,54,48,32,22,6,8,0.6,0.6
2024-12-21T2100,1708A,116.3701,23.5345,揭阳市,新兴,颗粒物(PM10),53,56,58,35,41,77,,105,92,27,30,8,10,0.6,0.7
2024-12-21T2100,1709A,116.3264,23.5443,揭阳市,西马,颗粒物(PM10),62,73,61,38,35,41,,106,91,54,32,7,11,1.0,0.7
2024-12-21T2100,1710A,116.3611,23.5626,揭阳市,东兴,颗粒物(PM10),52,53,61,31,36,34,,105,84,58,34,8,9,1.1,0.8
2024-12-21T2100,1711A,116.4151,23.5294,揭阳市,渔湖,颗粒物(PM10),59,68,61,29,37,89,,113,104,25,34,9,13,0.4,0.6
2024-12-21T2100,3320A,116.403,23.5699,揭阳市,曲溪,,45,45,57,28,38,93,,120,112,22,40,4,4,0.6,0.7
2024-12-21T2100,1944A,102.1692,38.5167,金昌市,天庆家园,颗粒物(PM10),91,132,53,55,32,29,,57,45,30,19,59,32,1.4,0.9
2024-12-21T2100,3170A,102.1864,38.5253,金昌市,市委党校,颗粒物(PM10),100,150,65,40,30,53,,62,54,18,19,38,54,0.9,0.8
2024-12-21T2100,4022A,102.1647,38.5371,金昌市,金川区人防中心,颗粒物(PM10),113,176,61,46,28,53,,68,55,22,17,16,36,1.3,0.8
2024-12-21T2100,1262A,119.647,29.077,金华市,十五中,细颗粒物(PM2.5),84,105,85,62,54,40,,68,64,62,55,6,5,0.5,0.5
2024-12-21T2100,1263A,119.686,29.1029,金华市,监测站,细颗粒物(PM2.5),93,104,88,69,56,29,,67,58,75,57,7,6,0.7,0.6
2024-12-21T2100,3659A,119.656,29.1131,金华市,气象局,细颗粒物(PM2.5),93,126,116,69,65,12,,61,51,91,62,6,6,0.6,0.4
2024-12-21T2100,1767A,121.1115,41.0879,锦州市,南山,,48,48,29,29,14,58,,72,66,24,13,26,13,0.6,0.4
2024-12-21T2100,1768A,121.0533,40.8434,锦州市,开发区,颗粒物(PM10),94,138,54,61,24,9,,62,43,80,27,36,17,1.9,0.7
2024-12-21T2100,1769A,121.1836,41.1119,锦州市,百股街道,,39,39,30,12,10,59,,74,69,20,9,8,8,0.6,0.6
2024-12-21T2100,1770A,121.1178,41.1222,锦州市,天安街道,,38,38,31,9,11,68,,71,69,11,9,28,11,0.4,0.4
2024-12-21T2100,1771A,121.1303,41.1386,锦州市,北湖公园,,32,32,28,17,14,59,,67,63,13,9,20,11,0.6,0.5
2024-12-21T2100,2160A,112.85,35.5051,晋城市,自来水公司,颗粒物(PM10),60,69,46,39,16,38,,63,56,40,26,14,11,0.7,0.6
2024-12-21T2100,2161A,112.8318,35.4936,晋城市,白云商贸,颗粒物(PM10),67,84,45,27,9,37,,65,57,43,27,12,9,0.9,0.6
2024-12-21T2100,2162A,112.8508,35.4887,晋城市,市环保局,颗粒物(PM10),72,93,45,36,18,36,,60,53,42,27,12,9,0.8,0.7
2024-12-21T2100,2163A,112.8676,35.4897,晋城市,技术学院,颗粒物(PM10),56,61,43,34,18,43,,62,56,36,26,12,10,0.8,0.7
2024-12-21T2100,2165A,112.8453,35.546,晋城市,白马寺,,48,48,44,30,21,33,,57,51,34,16,17,17,0.9,0.8
2024-12-21T2100,3620A,112.8271,35.4828,晋城市,泽州一中,颗粒物(PM10),61,72,43,31,12,35,,62,54,43,24,13,10,0.5,0.5
2024-12-21T2100,2171A,112.7532,37.6945,晋中市,锦纶小区,颗粒物(PM10),67,83,46,29,12,16,,64,46,58,25,12,6,0.6,0.3
2024-12-21T2100,2173A,112.7249,37.7067,晋中市,南都小区,颗粒物(PM10),56,61,49,32,20,17,,70,,56,22,9,6,0.6,0.4
2024-12-21T2100,2174A,112.6991,37.6982,晋中市,榆次区政府,颗粒物(PM10),63,75,46,28,19,18,,63,46,55,25,8,5,0.8,0.5
2024-12-21T2100,2865A,112.7195,37.6828,晋中市,榆次三中,颗粒物(PM10),71,92,48,41,13,18,,63,44,56,23,17,9,1.0,0.5
2024-12-21T2100,2439A,112.2014,31.0481,荆门市,竹园小学,细颗粒物(PM2.5),74,96,107,54,68,66,,84,83,30,33,12,14,0.5,0.7
2024-12-21T2100,2440A,112.1969,30.9891,荆门市,掇刀,细颗粒物(PM2.5),73,88,97,53,62,77,,90,90,26,29,11,13,0.7,0.7
2024-12-21T2100,2441A,112.2213,31.0386,荆门市,石化一小,细颗粒物(PM2.5),84,103,118,62,72,66,,84,83,33,36,9,12,0.6,0.6
2024-12-21T2100,3012A,112.1849,31.0362,荆门市,西山林语,细颗粒物(PM2.5),73,82,92,53,62,83,,91,91,19,23,9,11,0.6,0.6
2024-12-21T2100,3547A,112.1632,31.0138,荆门市,龙泉中学南校,细颗粒物(PM2.5),98,83,102,73,67,81,,88,88,21,24,14,14,0.6,0.6
2024-12-21T2100,1844A,112.2494,30.3197,荆州市,市图书馆,细颗粒物(PM2.5),105,103,89,79,81,66,,91,85,33,36,8,8,0.6,0.6
2024-12-21T2100,1845A,112.2008,30.3544,荆州市,市委党校,细颗粒物(PM2.5),90,106,91,67,79,58,,88,84,44,34,8,6,0.6,0.5
2024-12-21T2100,3194A,112.2747,30.3122,荆州市,管委会,细颗粒物(PM2.5),97,118,97,72,81,70,,87,86,27,34,7,7,0.7,0.6
2024-12-21T2100,3548A,112.1655,30.3364,荆州市,学苑路,细颗粒物(PM2.5),107,101,108,80,77,67,,87,85,35,33,13,10,0.8,0.7
2024-12-21T2100,2342A,117.3102,29.3867,景德镇市,王港中学,,,,,,,,,,,,,,,,
2024-12-21T2100,2343A,117.2117,29.2933,景德镇市,老干部活动中心,细颗粒物(PM2.5),67,60,54,48,41,73,,88,87,22,28,9,8,0.7,0.6
2024-12-21T2100,2344A,117.1894,29.2789,景德镇市,兽医站,颗粒物(PM10),63,75,58,41,34,78,,91,90,19,27,5,5,0.6,0.5
2024-12-21T2100,2345A,117.1547,29.2617,景德镇市,台达陶瓷,颗粒物(PM10),62,73,56,36,35,79,,91,90,23,26,17,6,0.8,0.7
2024-12-21T2100,2346A,117.2461,29.2956,景德镇市,陶研所,细颗粒物(PM2.5),64,74,52,46,33,53,,84,79,30,28,4,7,0.4,0.2
2024-12-21T2100,1803A,115.9872,29.6815,九江市,十里,细颗粒物(PM2.5),79,82,92,58,67,59,,90,84,29,38,8,10,0.7,0.8
2024-12-21T2100,1804A,115.9584,29.7046,九江市,茅山头,细颗粒物(PM2.5),87,99,98,64,64,60,,89,84,33,41,11,13,0.9,1
2024-12-21T2100,1805A,115.9877,29.7295,九江市,西园,细颗粒物(PM2.5),75,88,89,55,69,51,,82,77,35,42,8,12,0.7,0.7
2024-12-21T2100,1806A,116.0172,29.6547,九江市,五七二七厂,细颗粒物(PM2.5),85,109,100,63,62,60,,85,81,28,28,9,10,0.6,0.7
2024-12-21T2100,1808A,115.9114,29.6038,九江市,综合工业园,细颗粒物(PM2.5),109,85,103,82,85,71,,97,94,31,50,10,14,0.7,0.7
2024-12-21T2100,1809A,116.0721,29.7535,九江市,石化总厂,细颗粒物(PM2.5),78,89,99,57,75,44,,66,61,38,42,9,10,0.7,0.8
2024-12-21T2100,1810A,115.9773,29.5698,九江市,庐山气象台,细颗粒物(PM2.5),104,92,66,78,57,75,,96,91,25,16,7,10,1.6,1
2024-12-21T2100,3190A,116.0254,29.6994,九江市,外国语学校,细颗粒物(PM2.5),87,89,100,64,70,57,,86,80,30,40,5,11,0.6,0.7
2024-12-21T2100,2658A,98.5061,39.7443,酒泉市,仓门街子站,颗粒物(PM10),118,185,100,23,28,67,,75,74,11,18,6,6,0.5,0.5
2024-12-21T2100,2659A,98.4989,39.7256,酒泉市,油田生活基地,颗粒物(PM10),136,222,106,28,34,61,,73,72,12,22,12,6,0.5,0.6
2024-12-21T2100,2698A,76.0072,39.4467,喀什地区,巡警大队,细颗粒物(PM2.5),80,103,144,59,81,33,,50,50,44,67,1,2,0.9,2.2
2024-12-21T2100,2699A,75.9755,39.4694,喀什地区,吾办,细颗粒物(PM2.5),92,107,156,68,102,38,,48,48,40,71,3,3,1.0,2.4
2024-12-21T2100,4027A,75.9483,39.4689,喀什地区,老干局,颗粒物(PM10),81,111,237,47,93,43,,52,52,36,65,2,3,0.9,3
2024-12-21T2100,1824A,114.3389,34.7781,开封市,肿瘤医院,颗粒物(PM10),57,63,88,31,56,37,,60,54,32,34,6,6,0.5,0.7
2024-12-21T2100,1826A,114.2885,34.7965,开封市,世纪星幼儿园,颗粒物(PM10),53,56,82,31,52,42,,60,56,28,32,4,5,0.5,0.6
2024-12-21T2100,3147A,114.3438,34.8106,开封市,龙亭公园,颗粒物(PM10),157,264,96,62,54,27,,61,56,51,47,27,7,0.7,0.8
2024-12-21T2100,3210A,114.3644,34.7964,开封市,汴京公园,颗粒物(PM10),60,69,95,35,58,10,,62,49,61,42,4,5,0.6,0.7
2024-12-21T2100,3473A,114.2485,34.8306,开封市,技师学院,颗粒物(PM10),53,56,87,29,48,23,,59,47,56,44,4,6,0.7,0.8
2024-12-21T2100,3592A,114.4644,34.7556,开封市,祥符区生态环境局,颗粒物(PM10),67,84,97,37,60,28,,63,51,46,39,5,6,0.5,0.7
2024-12-21T2100,1951A,84.895,45.6094,克拉玛依市,长征新村,细颗粒物(PM2.5),63,70,65,45,45,19,,39,34,40,29,5,6,0.6,0.6
2024-12-21T2100,1952A,84.8988,45.5893,克拉玛依市,南林小区,细颗粒物(PM2.5),73,72,60,53,47,16,,40,35,35,21,3,4,1.1,0.9
2024-12-21T2100,1954A,84.905,44.3396,克拉玛依市,独山子区,细颗粒物(PM2.5),134,129,68,102,50,8,,74,34,66,33,4,5,1.2,0.7
2024-12-21T2100,1955A,85.6979,46.098,克拉玛依市,乌尔禾区商贸楼,细颗粒物(PM2.5),68,67,63,49,52,40,,50,47,34,31,5,6,0.8,0.9
2024-12-21T2100,3612A,85.1045,45.6899,克拉玛依市,白碱滩区新站,细颗粒物(PM2.5),67,82,63,48,43,7,,42,34,60,29,8,8,0.7,0.7
2024-12-21T2100,2697A,76.1454,39.7142,克孜勒苏柯尔克孜自治州,市人民政府,细颗粒物(PM2.5),67,74,99,48,65,63,,70,70,17,21,4,4,0.9,1.1
2024-12-21T2100,3665A,76.1658,39.7157,克孜勒苏柯尔克孜自治州,克州文化中心,细颗粒物(PM2.5),63,68,82,45,56,57,,63,63,20,31,8,8,0.8,1
2024-12-21T2100,1450A,102.8204,24.8886,昆明市,呈贡新区,细颗粒物(PM2.5),63,,24,45,19,50,,81,77,25,24,6,7,0.5,0.5
2024-12-21T2100,1451A,102.6251,24.9608,昆明市,西山森林公园,,,,,,,,,,,,,,,,
2024-12-21T2100,1452A,102.7252,25.0902,昆明市,龙泉镇,,,,29,,16,,,76,75,22,26,11,7,0.6,0.5
2024-12-21T2100,1453A,102.7266,25.0375,昆明市,东风东路,,26,26,28,14,19,50,,74,70,22,19,10,7,0.7,0.6
2024-12-21T2100,1454A,102.6742,25.0669,昆明市,金鼎山,,26,19,28,18,19,53,,80,77,25,22,13,10,0.6,0.6
2024-12-21T2100,1455A,102.6644,25.0401,昆明市,碧鸡广场,,33,33,26,22,20,45,,78,72,29,29,12,10,0.7,0.6
2024-12-21T2100,3179A,102.7494,25.0119,昆明市,官渡区博物馆,,,,,,,,,,,,,,,,
2024-12-21T2100,3375A,102.8017,24.8336,昆明市,青年创业园,颗粒物(PM10),51,51,27,30,16,53,,91,86,20,19,6,8,0.5,0.5
2024-12-21T2100,3550A,102.7997,24.9786,昆明市,昆明学院,颗粒物(PM10),55,60,27,36,16,47,,86,81,32,17,10,9,0.6,0.5
2024-12-21T2100,3551A,102.5967,24.6736,昆明市,晋宁区生态环境分局,,40,40,36,22,22,68,,89,87,14,19,3,4,0.8,0.8
2024-12-21T2100,3552A,102.6678,24.9856,昆明市,云天化总部,,25,25,22,14,15,74,,87,84,10,20,8,7,0.4,0.4
2024-12-21T2100,1456A,91.1319,29.6514,拉萨市,八廓街,,24,22,28,8,17,76,,91,91,30,37,8,8,0.4,0.7
2024-12-21T2100,1457A,91.1221,29.6747,拉萨市,市环保局,细颗粒物(PM2.5),59,58,43,42,29,40,,108,103,54,32,10,8,1.4,1.2
2024-12-21T2100,1458A,91.0874,29.6475,拉萨市,区监测站,,25,8,21,7,12,80,,98,97,34,34,7,7,0.6,0.6
2024-12-21T2100,1459A,91.1774,29.6541,拉萨市,西藏大学,细颗粒物(PM2.5),52,38,32,36,17,45,,94,90,67,31,10,7,1.3,0.8
2024-12-21T2100,1460A,90.9798,29.6588,拉萨市,区辐射站,,32,32,37,18,21,62,,90,88,51,35,9,9,0.8,0.8
2024-12-21T2100,1461A,91.0834,29.6292,拉萨市,拉萨火车站,,29,14,16,8,9,91,,102,102,21,22,6,6,0.5,0.4
2024-12-21T2100,2520A,109.2203,23.7256,来宾市,来宾技工学校,细颗粒物(PM2.5),133,118,114,101,97,72,,111,105,34,30,16,14,1.1,1.2
2024-12-21T2100,3535A,109.1781,23.7297,来宾市,兴宾区政府,细颗粒物(PM2.5),109,111,149,82,116,79,,112,106,26,29,12,13,0.8,1.2
2024-12-21T2100,4002A,109.2416,23.7461,来宾市,中南小学,细颗粒物(PM2.5),125,123,119,95,100,67,,109,102,33,31,13,14,1.2,1.2
2024-12-21T2100,1476A,103.631,36.1031,兰州市,兰炼宾馆,细颗粒物(PM2.5),144,153,80,110,52,13,,54,48,110,60,20,25,1.8,1
2024-12-21T2100,1477A,104.1373,35.9454,兰州市,榆中兰大校区,,,,,,,,,,,,,,,,
2024-12-21T2100,1478A,103.8412,36.0726,兰州市,生物制品所,细颗粒物(PM2.5),103,127,72,77,49,5,,34,30,94,69,15,15,1.4,1
2024-12-21T2100,1479A,103.831,36.0464,兰州市,铁路设计院,细颗粒物(PM2.5),124,132,93,94,56,4,,19,15,105,74,13,13,1.7,1.3
2024-12-21T2100,3186A,103.7158,36.1058,兰州市,教育港,细颗粒物(PM2.5),117,143,81,88,49,4,,54,42,107,59,17,20,1.6,1
2024-12-21T2100,3241A,103.7439,36.0842,兰州市,百合公园,细颗粒物(PM2.5),132,135,77,100,51,5,,50,40,101,65,23,17,2.2,1.4
2024-12-21T2100,3242A,103.9611,35.998,兰州市,和平,细颗粒物(PM2.5),113,115,98,85,70,17,,43,38,74,54,13,17,1.1,1.2
2024-12-21T2100,3245A,103.6633,36.533,兰州新区,新区管委会,细颗粒物(PM2.5),69,85,61,50,38,20,,82,66,68,35,16,21,1.0,0.7
2024-12-21T2100,3246A,103.6975,36.4789,兰州新区,舟曲中学,细颗粒物(PM2.5),74,89,66,54,39,53,,72,66,39,42,15,22,0.8,0.6
2024-12-21T2100,1067A,116.6708,39.5111,廊坊市,药材公司,,20,20,25,10,7,48,,66,60,25,15,2,3,0.4,0.3
2024-12-21T2100,1068A,116.7214,39.5589,廊坊市,开发区,,16,16,21,8,4,47,,68,59,24,11,2,2,0.3,0.2
2024-12-21T2100,1070A,116.7244,39.5269,廊坊市,北华航天学院,,24,24,26,6,6,51,,68,62,17,7,6,5,0.4,0.3
2024-12-21T2100,2919A,116.7022,39.5453,廊坊市,河北工业大学,,34,34,30,12,9,48,,67,60,23,13,3,3,0.3,0.3
2024-12-21T2100,2535A,103.7723,29.5462,乐山市,花湖湾,细颗粒物(PM2.5),158,124,121,120,101,24,,38,38,24,19,5,4,0.5,0.5
2024-12-21T2100,2536A,103.7627,29.5844,乐山市,牛耳桥,细颗粒物(PM2.5),127,115,114,96,99,26,,42,41,33,30,5,5,0.7,0.7
2024-12-21T2100,2537A,103.7508,29.6006,乐山市,市第三水厂,细颗粒物(PM2.5),117,108,109,88,92,36,,43,43,32,32,4,3,0.9,0.9
2024-12-21T2100,2538A,103.7571,29.5664,乐山市,市监测站,细颗粒物(PM2.5),109,95,99,82,83,28,,42,42,29,24,3,2,0.7,0.7
2024-12-21T2100,3361A,103.7311,29.5628,乐山市,理工大学,细颗粒物(PM2.5),124,108,103,94,95,14,,39,38,35,24,6,6,0.8,0.8
2024-12-21T2100,2598A,100.2143,26.8576,丽江市,西南郊,,44,44,27,20,16,62,,82,81,23,9,5,4,1.1,0.7
2024-12-21T2100,2599A,100.2497,26.8802,丽江市,丽江古城,,48,48,28,27,17,67,,79,79,17,12,12,11,0.6,0.5
2024-12-21T2100,2600A,100.2203,26.8906,丽江市,市中心,,25,25,15,16,10,57,,77,74,26,12,8,6,0.7,0.5
2024-12-21T2100,1267A,119.914,28.4514,丽水市,监测站大楼,细颗粒物(PM2.5),82,65,48,60,40,74,,89,88,26,34,7,6,0.6,0.6
2024-12-21T2100,1268A,119.93,28.4586,丽水市,莲都小学,细颗粒物(PM2.5),82,87,61,60,41,59,,92,88,42,37,8,7,0.8,0.6
2024-12-21T2100,1269A,119.879,28.4231,丽水市,余庄前,细颗粒物(PM2.5),64,67,53,46,41,39,,88,76,25,25,6,6,0.5,0.4
2024-12-21T2100,1173A,119.176,34.5885,连云港市,市环境监测站,颗粒物(PM10),65,80,100,44,64,20,,54,44,50,48,12,13,0.9,0.9
2024-12-21T2100,3000A,119.3581,34.6972,连云港市,德源药业,颗粒物(PM10),54,58,96,29,59,40,,50,39,30,49,13,12,0.9,0.6
2024-12-21T2100,3007A,119.178,34.844,连云港市,新城一中,颗粒物(PM10),57,63,100,34,70,15,,56,40,59,49,14,16,0.8,1
2024-12-21T2100,3008A,119.3608,34.7519,连云港市,胡沟管理处,颗粒物(PM10),52,53,76,24,45,44,,56,54,21,27,11,11,1.0,0.9
2024-12-21T2100,3009A,119.1478,34.5911,连云港市,矿山设计院,细颗粒物(PM2.5),67,75,105,48,69,16,,54,40,46,43,13,14,0.5,0.6
2024-12-21T2100,3434A,119.2413,34.6539,连云港市,工贸学校,颗粒物(PM10),57,63,94,38,65,24,,57,47,44,43,14,13,0.7,0.6
2024-12-21T2100,3664A,119.4172,34.7341,连云港市,连云街道,颗粒物(PM10),54,58,88,27,49,32,,44,36,38,44,11,12,0.8,0.8
2024-12-21T2100,2571A,102.3431,27.8099,凉山彝族自治州,青龙寺,,37,37,31,14,12,48,,66,65,14,10,5,5,0.9,0.8
2024-12-21T2100,2572A,102.2721,27.8415,凉山彝族自治州,邛海宾馆,,44,44,37,24,21,64,,56,56,13,13,8,8,0.8,0.8
2024-12-21T2100,2573A,102.2625,27.898,凉山彝族自治州,西昌市政府,细颗粒物(PM2.5),58,46,33,41,25,37,,62,59,30,13,11,10,1.1,0.9
2024-12-21T2100,2574A,102.2685,27.8851,凉山彝族自治州,凉山州政府,细颗粒物(PM2.5),55,54,38,39,26,50,,62,61,19,15,8,9,0.9,0.8
2024-12-21T2100,2575A,102.237,27.8914,凉山彝族自治州,长安,细颗粒物(PM2.5),54,54,42,38,28,39,,58,56,30,20,8,8,1.1,0.9
2024-12-21T2100,2212A,123.2,41.1953,辽阳市,宏伟区,,50,50,44,32,31,11,,45,34,45,21,9,9,0.8,0.4
2024-12-21T2100,2213A,123.1683,41.2495,辽阳市,新华园,细颗粒物(PM2.5),98,134,54,73,44,6,,46,33,72,30,18,13,1.8,0.9
2024-12-21T2100,2214A,123.2354,41.2639,辽阳市,滨河路,颗粒物(PM10),51,51,38,34,32,14,,52,39,52,26,19,14,0.8,0.7
2024-12-21T2100,2215A,123.149,41.2991,辽阳市,铁西工业园,细颗粒物(PM2.5),132,125,52,100,37,8,,49,31,59,26,8,7,1.5,0.6
2024-12-21T2100,2227A,125.1358,42.8845,辽源市,环保局,,42,42,56,26,38,29,,63,55,31,26,8,11,1.1,0.8
2024-12-21T2100,3239A,125.0764,42.9078,辽源市,银鹰制药,,49,49,62,34,51,19,,63,49,46,30,8,10,0.7,0.7
2024-12-21T2100,1625A,115.9848,36.4372,聊城市,区政府,,27,27,49,12,17,54,,65,63,24,24,6,8,0.5,0.6
2024-12-21T2100,2878A,116.0072,36.4343,聊城市,聊大东校,,39,39,55,18,19,53,,63,61,24,25,4,6,0.6,0.6
2024-12-21T2100,3200A,115.9819,36.4978,聊城市,监控中心,颗粒物(PM10),62,73,66,41,26,16,,61,46,68,38,8,9,0.8,0.7
2024-12-21T2100,3513A,116.0445,36.4361,聊城市,九州社区,,37,37,52,20,19,55,,66,64,22,20,13,11,0.6,0.6
2024-12-21T2100,4018A,116.0567,36.4608,聊城市,星美广场,颗粒物(PM10),53,55,60,29,19,41,,63,56,31,26,11,12,0.6,0.6
2024-12-21T2100,2632A,94.3681,29.6376,林芝市,林芝监测站,,24,10,8,3,5,76,,83,79,2,3,7,6,0.3,0.4
2024-12-21T2100,2633A,94.3616,29.6616,林芝市,林芝人民医院,,24,10,11,3,8,74,,78,78,2,2,6,6,0.3,0.2
2024-12-21T2100,2603A,100.0781,23.8982,临沧市,市环保局,细颗粒物(PM2.5),53,,24,37,22,50,,68,65,14,14,6,6,0.6,0.5
2024-12-21T2100,2604A,100.0894,23.8822,临沧市,市气象局,,35,33,29,24,20,55,,68,66,13,16,7,7,0.6,0.5
2024-12-21T2100,1733A,111.5531,36.0783,临汾市,临钢医院,颗粒物(PM10),56,61,32,33,11,11,,53,40,50,20,5,4,0.5,0.3
2024-12-21T2100,1734A,111.5028,36.0714,临汾市,技工学校,颗粒物(PM10),91,132,42,60,20,10,,54,43,50,23,9,5,1.0,0.5
2024-12-21T2100,1736A,111.5018,36.0855,临汾市,市委,颗粒物(PM10),77,104,43,47,11,14,,56,44,54,24,8,3,0.9,0.4
2024-12-21T2100,3018A,111.505,36.1014,临汾市,唐尧大酒店,颗粒物(PM10),66,81,40,39,13,16,,52,38,52,22,11,6,0.8,0.3
2024-12-21T2100,3668A,111.5036,36.0414,临汾市,城南,颗粒物(PM10),96,142,49,57,18,10,,56,42,43,25,4,4,1.0,0.5
2024-12-21T2100,2667A,103.2069,35.5993,临夏回族自治州,环保局,细颗粒物(PM2.5),124,164,105,94,36,51,,75,75,41,41,14,13,1.6,1.9
2024-12-21T2100,2668A,103.2417,35.6057,临夏回族自治州,建设大厦,细颗粒物(PM2.5),119,172,70,90,35,27,,85,76,62,30,14,14,1.7,1.5
2024-12-21T2100,1618A,118.3429,35.0532,临沂市,沂河小区,颗粒物(PM10),51,51,74,28,49,37,,59,54,38,43,13,13,0.5,0.6
2024-12-21T2100,1619A,118.295,35.0583,临沂市,鲁南制药厂,,44,44,89,23,48,28,,56,45,43,49,11,13,0.5,0.7
2024-12-21T2100,1620A,118.2794,34.9976,临沂市,新光毛纺厂,颗粒物(PM10),80,110,87,41,47,6,,56,40,74,53,18,12,1.1,1
2024-12-21T2100,1621A,118.3956,35.0888,临沂市,河东保险公司,,44,44,68,18,39,35,,60,53,30,31,8,8,0.5,0.6
2024-12-21T2100,3370A,118.3564,35.0215,临沂市,十里堡居委,,41,41,72,17,41,41,,61,56,29,39,10,12,0.6,0.8
2024-12-21T2100,3496A,118.3604,35.1084,临沂市,南坊新区,,44,44,75,19,41,32,,60,52,43,43,9,9,0.8,0.8
2024-12-21T2100,3860A,118.3920,35.0300,临沂市,皇山花园小区,,44,44,67,16,35,42,,58,55,30,39,7,7,0.5,0.6
2024-12-21T2100,1870A,109.4856,24.3895,柳州市,柳东小学,细颗粒物(PM2.5),75,68,90,55,76,101,,107,107,20,23,14,19,0.5,0.6
2024-12-21T2100,1871A,109.4157,24.3277,柳州市,环保监测站,细颗粒物(PM2.5),78,78,111,57,77,94,,100,100,24,35,15,20,0.6,0.8
2024-12-21T2100,1872A,109.389,24.341,柳州市,河西水厂,细颗粒物(PM2.5),82,82,118,60,76,90,,95,95,20,31,11,21,0.6,0.8
2024-12-21T2100,1873A,109.4311,24.2921,柳州市,市四中,细颗粒物(PM2.5),94,,87,70,73,97,,103,103,24,33,12,17,0.6,0.7
2024-12-21T2100,1874A,109.4006,24.3631,柳州市,市九中,细颗粒物(PM2.5),85,81,101,63,79,86,,98,98,25,32,11,17,0.9,1
2024-12-21T2100,1875A,109.4958,24.3134,柳州市,古亭山,细颗粒物(PM2.5),67,60,79,48,61,105,,112,112,20,34,15,16,0.8,1
2024-12-21T2100,3402A,109.5422,24.3996,柳州市,市二中,细颗粒物(PM2.5),74,56,86,54,74,91,,100,100,26,37,13,14,0.7,0.9
2024-12-21T2100,2307A,116.5079,31.737,六安市,监测大楼,颗粒物(PM10),55,59,93,34,66,55,,60,60,18,41,6,7,0.5,0.7
2024-12-21T2100,2308A,116.4738,31.7643,六安市,皖西学院,颗粒物(PM10),58,66,105,38,70,52,,67,65,20,45,6,6,0.7,0.8
2024-12-21T2100,2309A,116.4996,31.7905,六安市,朝阳厂,颗粒物(PM10),53,56,84,36,64,51,,59,56,22,45,3,3,0.7,0.9
2024-12-21T2100,2310A,116.5567,31.7886,六安市,开发区,颗粒物(PM10),65,79,121,43,71,48,,58,55,27,47,5,6,0.5,0.7
2024-12-21T2100,2576A,104.8,26.5892,六盘水市,窑上,,40,40,32,28,23,47,,51,39,14,15,6,6,0.8,0.9
2024-12-21T2100,2577A,104.83,26.5917,六盘水市,黄土坡,,27,27,25,3,4,49,,51,43,16,18,7,11,0.9,0.9
2024-12-21T2100,2578A,104.89,26.5939,六盘水市,水钢,细颗粒物(PM2.5),58,46,31,41,22,52,,52,48,12,15,5,6,0.9,0.9
2024-12-21T2100,2579A,104.8475,26.5894,六盘水市,民中,,32,30,22,22,16,49,,51,44,16,19,8,9,0.8,0.8
2024-12-21T2100,2580A,104.9544,26.5506,六盘水市,双水,,40,34,27,28,19,56,,52,52,13,13,7,8,0.7,0.7
2024-12-21T2100,2335A,117.0189,25.1181,龙岩市,龙岩师专,,,,,,,,,,,,,,,,
2024-12-21T2100,2336A,117.0217,25.1033,龙岩市,龙岩市监测站,,48,,37,33,30,88,,98,97,16,28,12,7,0.4,0.5
2024-12-21T2100,2337A,117.0258,25.0661,龙岩市,闽西职业技术学院,,39,27,49,27,26,87,,95,95,11,31,6,21,0.4,0.5
2024-12-21T2100,2338A,117.0196,25.0306,龙岩市,龙岩学院,,35,33,34,24,22,85,,98,96,15,26,6,12,0.4,0.4
2024-12-21T2100,2665A,105.0822,33.3261,陇南市,汉王镇固水子,,,,,,,,,,,,,,,,
2024-12-21T2100,2885A,104.9339,33.3826,陇南市,滨江中学,颗粒物(PM10),62,74,60,36,35,50,,60,60,27,29,9,14,0.9,0.7
2024-12-21T2100,3247A,104.955,33.371,陇南市,市总工会,颗粒物(PM10),51,51,63,31,39,56,,66,66,24,25,6,16,0.3,0.6
2024-12-21T2100,2487A,111.9589,27.8901,娄底市,电视发射台,细颗粒物(PM2.5),70,62,71,51,63,87,,100,95,26,26,10,9,0.9,0.9
2024-12-21T2100,2488A,111.9975,27.725,娄底市,市监测站,细颗粒物(PM2.5),92,99,111,68,88,81,,103,86,23,22,12,11,0.5,0.5
2024-12-21T2100,2489A,112.0194,27.7314,娄底市,市委党校,细颗粒物(PM2.5),97,106,115,72,87,80,,98,77,30,30,7,7,0.7,0.7
2024-12-21T2100,2490A,111.9561,27.7569,娄底市,涟钢,细颗粒物(PM2.5),114,116,122,86,92,84,,93,78,21,28,6,8,0.7,1.7
2024-12-21T2100,2491A,111.9892,27.7044,娄底市,市政府,细颗粒物(PM2.5),97,99,109,72,89,82,,96,81,23,27,9,9,0.6,0.7
2024-12-21T2100,1893A,105.4324,28.9634,泸州市,九狮山,,,,,,,,,,,,,,,,
2024-12-21T2100,1894A,105.4427,28.9063,泸州市,小市上码头,细颗粒物(PM2.5),204,178,149,154,121,17,,30,29,37,38,3,3,0.8,0.7
2024-12-21T2100,1895A,105.4241,28.8573,泸州市,兰田宪桥,细颗粒物(PM2.5),201,191,150,151,123,18,,28,27,37,30,4,3,0.9,0.8
2024-12-21T2100,1896A,105.4379,28.8833,泸州市,市环监站,细颗粒物(PM2.5),190,178,145,143,117,15,,24,23,34,32,5,5,0.9,0.8
2024-12-21T2100,3490A,105.3617,28.7703,泸州市,纳溪区环保局,细颗粒物(PM2.5),155,138,119,118,101,16,,16,16,32,30,4,5,0.8,0.8
2024-12-21T2100,2183A,111.1406,37.5211,吕梁市,环保局,颗粒物(PM10),76,102,60,30,24,2,,36,24,49,26,3,5,0.5,0.4
2024-12-21T2100,2185A,111.1297,37.5136,吕梁市,自来水公司,颗粒物(PM10),58,66,50,32,19,12,,40,31,39,22,5,6,0.4,0.3
2024-12-21T2100,2867A,111.1283,37.51,吕梁市,马茂庄小学,颗粒物(PM10),70,89,58,27,19,3,,41,30,55,29,3,5,0.5,0.3
2024-12-21T2100,1812A,112.3931,34.6516,洛阳市,市委党校,颗粒物(PM10),76,102,50,37,16,4,,59,46,75,25,8,7,1.1,0.6
2024-12-21T2100,1814A,112.4657,34.6871,洛阳市,豫西宾馆,颗粒物(PM10),75,100,62,51,27,10,,60,48,66,31,8,7,0.7,0.5
2024-12-21T2100,1815A,112.494,34.6886,洛阳市,河南林校,细颗粒物(PM2.5),92,90,54,68,32,3,,50,36,67,27,6,4,0.7,0.5
2024-12-21T2100,1816A,112.3844,34.623,洛阳市,开发区管委会,颗粒物(PM10),61,71,46,38,24,20,,59,50,43,20,6,6,0.7,0.5
2024-12-21T2100,1817A,112.4267,34.6258,洛阳市,市委新办公区,细颗粒物(PM2.5),107,114,53,80,32,15,,63,48,62,23,8,5,0.7,0.3
2024-12-21T2100,3340A,112.6005,34.6326,洛阳市,伊滨,颗粒物(PM10),106,161,69,70,28,10,,61,44,54,29,8,5,0.9,0.4
2024-12-21T2100,3341A,112.4951,34.6332,洛阳市,中移产业园,细颗粒物(PM2.5),84,113,50,62,18,10,,64,48,70,28,11,6,0.9,0.4
2024-12-21T2100,3593A,112.5736,34.8993,洛阳市,吉利监测站,颗粒物(PM10),65,80,54,41,21,35,,60,46,32,30,7,6,0.6,0.3
2024-12-21T2100,3635A,112.3677,34.662,洛阳市,河科大西苑校区,细颗粒物(PM2.5),99,123,55,74,26,8,,62,48,72,26,11,8,1.0,0.5
2024-12-21T2100,3636A,112.4388,34.6781,洛阳市,英才小学,细颗粒物(PM2.5),68,84,52,49,22,1,,54,40,75,33,6,6,0.6,0.3
2024-12-21T2100,2399A,114.051,33.5699,漯河市,三五一五工厂,细颗粒物(PM2.5),74,90,115,54,75,41,,61,56,25,35,8,9,0.6,0.7
2024-12-21T2100,2400A,114.0055,33.5698,漯河市,漯河大学,细颗粒物(PM2.5),64,75,117,46,70,50,,64,61,26,39,7,7,0.3,0.5
2024-12-21T2100,2401A,114.0138,33.5828,漯河市,市水利局,颗粒物(PM10),70,90,119,46,70,43,,60,56,19,31,8,9,0.8,0.9
2024-12-21T2100,2402A,114.0261,33.5698,漯河市,市广电局,细颗粒物(PM2.5),72,78,112,52,76,46,,61,57,23,38,8,8,0.6,0.9
2024-12-21T2100,3478A,113.9749,33.5664,漯河市,市图书馆,颗粒物(PM10),62,73,116,38,70,50,,62,60,26,40,7,8,0.4,0.5
2024-12-21T2100,3479A,114.0967,33.5906,漯河市,召陵区卫健委,细颗粒物(PM2.5),97,124,136,72,86,19,,59,43,41,40,9,9,0.4,0.5
2024-12-21T2100,1798A,118.5092,31.6837,马鞍山市,湖东路四小,,48,48,100,18,52,53,,71,69,31,37,2,8,0.7,0.9
2024-12-21T2100,1799A,118.5024,31.6449,马鞍山市,开发区,颗粒物(PM10),53,56,103,25,78,58,,70,70,26,39,7,13,0.6,0.9
2024-12-21T2100,1800A,118.5228,31.7231,马鞍山市,慈湖,颗粒物(PM10),56,62,104,33,73,23,,68,59,58,52,5,8,0.8,1.1
2024-12-21T2100,1802A,118.6245,31.7241,马鞍山市,濮塘,颗粒物(PM10),51,52,91,25,67,59,,77,74,20,29,7,9,0.6,0.9
2024-12-21T2100,3633A,118.4918,31.6809,马鞍山市,雨山,颗粒物(PM10),53,55,106,22,64,48,,66,63,31,41,9,19,1.0,1.6
2024-12-21T2100,1686A,111.0286,21.4688,茂名市,电白南海,细颗粒物(PM2.5),70,88,78,51,45,98,,133,129,33,30,7,12,0.8,0.8
2024-12-21T2100,1687A,110.9294,21.6533,茂名市,茂石化七小,细颗粒物(PM2.5),70,75,80,51,54,90,,127,122,28,26,10,27,0.7,0.7
2024-12-21T2100,1688A,110.9107,21.6687,茂名市,健康路,颗粒物(PM10),69,88,74,46,51,74,,133,126,42,28,16,26,1.0,0.8
2024-12-21T2100,1689A,110.8592,21.6828,茂名市,高岭,颗粒物(PM10),89,127,99,61,61,36,,120,100,77,38,17,27,0.8,1
2024-12-21T2100,3450A,111.01,21.5165,茂名市,电白水东,细颗粒物(PM2.5),62,63,65,44,45,105,,131,129,23,23,12,17,0.6,0.6
2024-12-21T2100,2539A,104.0308,30.0478,眉山市,黑龙滩水库,细颗粒物(PM2.5),113,133,127,85,69,29,,37,37,19,13,2,1,0.7,0.6
2024-12-21T2100,2540A,103.8416,30.0874,眉山市,气象局,细颗粒物(PM2.5),160,,105,122,103,7,,25,25,45,32,4,4,1.1,0.8
2024-12-21T2100,3137A,103.8578,30.0744,眉山市,市委党校,细颗粒物(PM2.5),128,102,105,97,95,16,,22,20,45,37,4,5,0.8,0.7
2024-12-21T2100,3148A,103.8291,30.0564,眉山市,区人社局,细颗粒物(PM2.5),128,109,96,97,101,8,,26,15,53,40,4,4,0.9,0.7
2024-12-21T2100,1690A,116.1231,24.3284,梅州市,梅江月梅,,38,34,48,26,32,89,,102,102,22,32,10,9,0.4,0.5
2024-12-21T2100,1691A,116.0797,24.2719,梅州市,梅县新城,,38,26,47,26,32,84,,99,99,29,34,6,5,0.5,0.6
2024-12-21T2100,1692A,116.1248,24.2654,梅州市,环境监控中心,,38,34,49,26,34,92,,98,98,16,35,8,9,0.4,0.6
2024-12-21T2100,3315A,116.1233,24.2991,梅州市,梅龙,,38,34,47,26,30,85,,100,99,21,26,8,7,0.5,0.7
2024-12-21T2100,1878A,104.7778,31.4741,绵阳市,富乐山,,49,39,43,34,36,50,,50,50,14,22,2,2,0.7,0.7
2024-12-21T2100,1879A,104.7563,31.4535,绵阳市,市人大,细颗粒物(PM2.5),52,52,57,36,40,41,,42,42,20,34,3,4,0.7,0.8
2024-12-21T2100,1880A,104.6697,31.4668,绵阳市,高新区自来水公司,细颗粒物(PM2.5),58,48,59,41,43,47,,44,44,19,34,2,3,0.7,0.8
2024-12-21T2100,1881A,104.7287,31.5075,绵阳市,三水厂,,,47,67,37,50,55,,51,51,16,33,,,,0.8
2024-12-21T2100,3491A,104.69,31.5322,绵阳市,西科大附属小学,,49,47,53,34,42,39,,45,45,27,30,5,4,0.6,0.7
2024-12-21T2100,3492A,104.5648,31.5343,绵阳市,安州区旅游局,细颗粒物(PM2.5),62,,54,44,47,53,,49,49,18,28,5,5,0.7,0.9
2024-12-21T2100,1784A,129.61,44.561,牡丹江市,环保大楼,,43,43,46,29,31,47,,55,52,20,28,6,10,0.5,0.6
2024-12-21T2100,1785A,129.6115,44.5782,牡丹江市,文化广场,细颗粒物(PM2.5),64,56,57,46,39,46,,57,54,26,31,9,12,0.8,0.8
2024-12-21T2100,1786A,129.5904,44.5963,牡丹江市,第一医院,细颗粒物(PM2.5),68,53,47,49,43,47,,59,56,20,21,7,8,0.7,0.7
2024-12-21T2100,1787A,129.6364,44.6075,牡丹江市,机车工厂,细颗粒物(PM2.5),55,49,62,39,43,36,,60,56,36,30,15,18,0.6,0.8
2024-12-21T2100,1788A,129.6386,44.5462,牡丹江市,第一中学,细颗粒物(PM2.5),53,,29,37,30,20,,58,49,43,20,7,7,0.6,0.5
2024-12-21T2100,2531A,105.0703,29.61,内江市,市监测站,细颗粒物(PM2.5),129,,90,98,100,15,,21,20,29,30,6,7,0.7,0.7
2024-12-21T2100,2532A,105.0717,29.5947,内江市,东兴区政府,细颗粒物(PM2.5),118,107,93,89,90,12,,26,18,39,33,4,5,0.9,0.9
2024-12-21T2100,2533A,105.0653,29.5817,内江市,内江二中,细颗粒物(PM2.5),134,125,108,102,99,16,,22,22,33,34,8,8,0.9,0.9
2024-12-21T2100,2534A,105.0406,29.5822,内江市,内江日报社,细颗粒物(PM2.5),119,114,100,90,88,10,,14,14,42,42,9,9,0.9,0.9
2024-12-21T2100,2628A,92.0657,31.4846,那曲市,那曲监测站,,28,14,57,8,32,87,,91,91,9,26,11,14,0.5,1.4
2024-12-21T2100,3128A,92.0506,31.4797,那曲市,那曲会议中心,,28,7,42,3,24,88,,91,91,1,14,2,6,0.5,1.1
2024-12-21T2100,1290A,115.8931,28.6843,南昌市,省外办,细颗粒物(PM2.5),100,102,101,75,74,76,,92,91,33,42,8,10,0.6,0.7
2024-12-21T2100,1291A,115.8886,28.7003,南昌市,省林业公司,细颗粒物(PM2.5),98,100,102,73,66,75,,95,93,29,42,11,13,0.5,0.7
2024-12-21T2100,1292A,115.8126,28.7442,南昌市,林科所,细颗粒物(PM2.5),85,85,91,63,61,86,,103,101,32,34,12,17,0.5,0.5
2024-12-21T2100,1294A,115.8518,28.687,南昌市,建工学校,细颗粒物(PM2.5),85,107,98,63,58,76,,96,93,32,36,11,12,0.7,0.8
2024-12-21T2100,1295A,115.8921,28.6424,南昌市,象湖,细颗粒物(PM2.5),93,94,90,69,69,81,,100,98,31,39,10,11,0.4,0.5
2024-12-21T2100,1296A,115.7423,28.7996,南昌市,武术学校,细颗粒物(PM2.5),75,66,70,55,44,54,,78,74,21,20,2,2,0.7,0.7
2024-12-21T2100,1298A,115.9314,28.6842,南昌市,省站,细颗粒物(PM2.5),99,107,111,74,72,74,,88,87,34,46,11,12,0.5,0.6
2024-12-21T2100,3046A,115.9084,28.6062,南昌市,机电学校,细颗粒物(PM2.5),83,110,116,61,69,77,,94,92,30,43,12,13,0.5,0.7
2024-12-21T2100,3690A,115.9721,28.7031,南昌市,外国语学校,细颗粒物(PM2.5),88,116,110,65,66,71,,90,88,30,37,10,12,0.6,0.7
2024-12-21T2100,1905A,106.056,30.8064,南充市,西山风景区,细颗粒物(PM2.5),132,110,76,100,74,8,,37,7,21,17,3,3,0.7,0.6
2024-12-21T2100,1906A,106.0789,30.8023,南充市,南充市委,细颗粒物(PM2.5),148,127,100,113,84,13,,13,13,32,30,3,3,0.8,0.7
2024-12-21T2100,1907A,106.1031,30.8217,南充市,南充炼油厂,细颗粒物(PM2.5),152,123,101,116,86,13,,13,13,30,31,3,3,0.4,0.3
2024-12-21T2100,1908A,106.1064,30.7856,南充市,高坪区监测站,细颗粒物(PM2.5),133,126,106,101,83,14,,12,12,32,34,2,2,0.6,0.6
2024-12-21T2100,1909A,106.0642,30.7636,南充市,嘉陵区环保局,细颗粒物(PM2.5),134,120,101,102,80,17,,12,12,34,39,4,5,0.9,0.9
2024-12-21T2100,1910A,106.1087,30.8388,南充市,市环境监测站,细颗粒物(PM2.5),129,130,105,98,79,14,,13,13,27,27,4,5,0.7,0.6
2024-12-21T2100,1151A,118.8086,32.1065,南京市,迈皋桥,,38,38,81,17,56,54,,68,65,24,36,4,5,0.4,0.7
2024-12-21T2100,1152A,118.7538,32.0551,南京市,草场门,,46,46,92,29,59,47,,65,63,34,41,8,8,0.2,0.5
2024-12-21T2100,1153A,118.7794,32.0745,南京市,山西路,颗粒物(PM10),52,53,99,27,62,53,,69,67,33,47,4,5,0.3,0.6
2024-12-21T2100,1154A,118.7752,32.0023,南京市,中华门,,46,46,91,27,61,54,,58,58,12,26,4,7,0.6,0.9
2024-12-21T2100,1155A,118.8109,32.0309,南京市,瑞金路,,48,48,98,27,64,49,,63,61,28,43,3,9,0.7,1
2024-12-21T2100,1156A,118.7997,32.0754,南京市,玄武湖,,49,49,94,22,59,49,,62,61,21,39,8,10,0.1,0.5
2024-12-21T2100,1157A,118.6414,32.0931,南京市,浦口,颗粒物(PM10),53,56,94,24,55,53,,62,61,12,28,7,10,0.3,0.8
2024-12-21T2100,1158A,118.7356,31.9996,南京市,奥体中心,颗粒物(PM10),53,55,93,27,59,55,,71,69,36,45,12,11,0.5,0.7
2024-12-21T2100,1159A,118.9125,32.1028,南京市,仙林大学城,,46,46,92,27,61,45,,67,63,30,39,7,10,0.4,0.6
2024-12-21T2100,3422A,118.8436,31.9198,南京市,江宁彩虹桥,,48,48,101,27,60,52,,70,67,26,36,8,11,0.2,0.5
2024-12-21T2100,3423A,119.0138,31.6494,南京市,溧水永阳,细颗粒物(PM2.5),59,63,90,42,66,47,,68,64,29,46,4,4,0.5,0.7
2024-12-21T2100,3424A,118.879,31.3302,南京市,高淳老职中,细颗粒物(PM2.5),74,79,83,54,72,51,,72,70,31,39,7,7,0.4,0.6
2024-12-21T2100,3427A,118.8554,32.3578,南京市,六合雄州,,45,39,76,31,55,51,,60,58,4,24,8,8,0.3,0.5
2024-12-21T2100,1401A,108.3103,22.7881,南宁市,二十一中,细颗粒物(PM2.5),82,73,93,60,74,113,,131,131,32,48,10,10,1.0,1.1
2024-12-21T2100,1402A,108.3141,22.8528,南宁市,北湖,细颗粒物(PM2.5),79,90,104,58,77,85,,116,114,47,69,18,20,1.1,1.1
2024-12-21T2100,1403A,108.3206,22.8225,南宁市,市监测站,细颗粒物(PM2.5),87,98,92,64,73,95,,117,116,41,50,14,17,1.1,1.1
2024-12-21T2100,1404A,108.3829,22.8037,南宁市,大自然花园,细颗粒物(PM2.5),89,85,81,66,69,113,,124,124,26,33,13,12,0.9,0.9
2024-12-21T2100,1405A,108.4394,22.7904,南宁市,仙葫,细颗粒物(PM2.5),92,76,81,68,67,106,,118,117,20,47,10,9,1.0,1
2024-12-21T2100,1406A,108.2397,22.8467,南宁市,区农职院,细颗粒物(PM2.5),77,91,92,56,65,47,,118,109,59,41,17,17,1.0,0.9
2024-12-21T2100,1407A,108.3275,22.735,南宁市,英华嘉园,细颗粒物(PM2.5),69,74,98,50,79,108,,122,122,26,53,13,13,0.9,0.9
2024-12-21T2100,1408A,108.2257,22.7757,南宁市,沙井镇街道办,细颗粒物(PM2.5),98,143,122,73,79,24,,98,93,108,72,10,14,0.9,0.9
2024-12-21T2100,3401A,108.4834,22.7618,南宁市,红星社区,细颗粒物(PM2.5),89,,90,66,63,112,,127,127,23,44,16,12,1.1,1.1
2024-12-21T2100,2331A,118.0966,26.6761,南平市,茫荡山,,,,,,,,,,,,,,,,
2024-12-21T2100,2332A,118.1681,26.6369,南平市,南平市监测站,,40,34,37,28,28,51,,83,78,26,28,4,5,0.5,0.4
2024-12-21T2100,2333A,118.1825,26.6489,南平市,南平铝业有限公司,,49,45,34,34,25,36,,83,75,37,28,6,6,0.7,0.6
2024-12-21T2100,2334A,118.1756,26.6272,南平市,南平七中,,38,,33,26,27,55,,87,82,19,27,2,4,0.6,0.5
2024-12-21T2100,1168A,120.9098,31.9663,南通市,狼山街道,颗粒物(PM10),58,66,95,39,69,51,,72,66,22,27,8,9,0.6,0.7
2024-12-21T2100,1169A,120.86,32.0005,南通市,虹桥,细颗粒物(PM2.5),69,63,87,50,68,42,,67,61,29,32,6,8,0.6,0.7
2024-12-21T2100,1170A,120.87,32.02,南通市,城中,细颗粒物(PM2.5),70,81,107,51,67,44,,70,64,29,32,8,9,0.7,0.7
2024-12-21T2100,1171A,120.94,31.93,南通市,星湖花园,细颗粒物(PM2.5),63,64,91,45,64,48,,69,64,27,30,6,7,0.6,0.7
2024-12-21T2100,1172A,120.81,32.0417,南通市,紫琅学院,细颗粒物(PM2.5),65,70,96,47,66,42,,66,60,34,39,4,6,0.7,0.8
2024-12-21T2100,3291A,121.067,32.062,南通市,通州监测站,颗粒物(PM10),59,68,102,39,70,48,,73,67,29,35,4,4,0.7,0.8
2024-12-21T2100,3432A,120.9348,31.9883,南通市,环境教育馆,细颗粒物(PM2.5),68,70,96,49,66,46,,74,67,25,25,6,7,0.8,0.9
2024-12-21T2100,2404A,112.5224,33.0122,南阳市,瓦房庄,细颗粒物(PM2.5),80,94,87,59,50,50,,70,64,27,25,8,8,0.7,0.6
2024-12-21T2100,2405A,112.5003,32.9735,南阳市,汉画馆,细颗粒物(PM2.5),83,91,88,61,58,50,,68,63,26,31,7,7,0.4,0.4
2024-12-21T2100,2406A,112.5573,33.027,南阳市,气象站,颗粒物(PM10),78,105,96,53,44,47,,73,65,28,24,8,8,0.6,0.5
2024-12-21T2100,2407A,112.5481,32.9689,南阳市,理工学院,细颗粒物(PM2.5),77,93,82,56,49,47,,69,62,28,28,7,7,0.7,0.7
2024-12-21T2100,4008A,112.5234,32.9922,南阳市,卧龙区政府,细颗粒物(PM2.5),72,92,84,52,48,48,,68,62,29,30,6,6,0.7,0.7
2024-12-21T2100,1234A,121.8358,29.911,宁波市,区环保大楼,颗粒物(PM10),64,78,101,42,68,60,,71,68,35,56,21,12,0.7,0.9
2024-12-21T2100,1235A,121.56,29.82,宁波市,万里学院,细颗粒物(PM2.5),84,89,99,62,66,47,,71,64,43,55,7,7,0.7,0.7
2024-12-21T2100,1236A,121.713,29.9572,宁波市,龙赛医院,颗粒物(PM10),65,79,106,42,63,55,,72,66,37,56,10,11,0.6,0.7
2024-12-21T2100,1239A,121.633,29.7733,宁波市,钱湖水厂,细颗粒物(PM2.5),84,98,96,62,64,42,,79,68,44,47,7,7,0.9,0.9
2024-12-21T2100,1240A,121.5856,29.8635,宁波市,太古小学,颗粒物(PM10),71,91,101,51,65,46,,74,65,46,54,10,10,0.8,0.8
2024-12-21T2100,1241A,121.524,29.8674,宁波市,市环境监测中心,细颗粒物(PM2.5),82,93,102,60,68,40,,69,60,43,52,9,9,0.8,0.8
2024-12-21T2100,2871A,121.6147,29.9017,宁波市,万里国际学校,细颗粒物(PM2.5),70,82,91,51,62,36,,74,62,51,52,8,9,0.7,0.8
2024-12-21T2100,3710A,121.5594,29.8975,宁波市,白沙活动中心,细颗粒物(PM2.5),65,75,86,47,62,47,,75,66,44,52,10,10,0.7,0.8
2024-12-21T2100,2339A,119.5001,26.6946,宁德市,金涵水库,,,,,,,,,,,,,,,,
2024-12-21T2100,2341A,119.5388,26.6612,宁德市,宁德市监测站,细颗粒物(PM2.5),74,55,28,54,23,95,,90,90,23,18,5,5,0.3,0.2
2024-12-21T2100,3209A,119.5231,26.6562,宁德市,宁德一中,细颗粒物(PM2.5),65,51,27,47,21,103,,96,96,18,14,3,3,0.4,0.3
2024-12-21T2100,2618A,98.8601,25.8567,怒江傈僳族自治州,州监测站,,47,47,35,24,17,51,,62,62,22,16,5,4,0.5,0.5
2024-12-21T2100,2619A,98.8546,25.8417,怒江傈僳族自治州,泸水一中,,43,39,26,30,19,42,,47,47,20,18,8,7,0.5,0.5
2024-12-21T2100,1888A,101.6891,26.571,攀枝花市,弄弄坪,细颗粒物(PM2.5),69,86,67,50,38,26,,38,38,53,44,29,23,1.8,1.7
2024-12-21T2100,1889A,101.5769,26.5928,攀枝花市,河门口,颗粒物(PM10),55,60,60,31,35,28,,45,43,45,37,21,18,2.0,1.6
2024-12-21T2100,1890A,101.7169,26.585,攀枝花市,炳草岗,颗粒物(PM10),72,93,72,39,41,6,,29,28,75,55,21,24,1.5,1.3
2024-12-21T2100,1891A,101.7369,26.5008,攀枝花市,仁和,细颗粒物(PM2.5),99,117,64,74,40,14,,35,34,53,40,18,23,1.9,1.7
2024-12-21T2100,2835A,101.7227,26.567,攀枝花市,四十中小,细颗粒物(PM2.5),63,73,64,45,38,17,,36,36,76,57,19,19,1.8,1.5
2024-12-21T2100,1604A,122.0303,41.1489,盘锦市,开发区,颗粒物(PM10),55,59,33,27,20,12,,62,43,52,21,12,10,1.0,0.7
2024-12-21T2100,1605A,122.0485,41.0883,盘锦市,兴隆台,,,,31,,14,23,,64,54,70,24,19,12,1.7,0.6
2024-12-21T2100,1606A,121.8297,41.1028,盘锦市,新生街道,,50,49,29,35,15,21,,61,33,49,35,10,9,0.5,0.5
2024-12-21T2100,1832A,113.3257,33.742,平顶山市,新华旅馆,颗粒物(PM10),88,126,84,54,41,28,,62,50,39,20,9,9,0.6,0.5
2024-12-21T2100,1833A,113.2919,33.737,平顶山市,规划设计院,颗粒物(PM10),71,92,72,49,35,38,,65,55,28,15,7,8,0.5,0.4
2024-12-21T2100,1834A,113.182,33.774,平顶山市,平顶山工学院,颗粒物(PM10),76,101,74,36,29,28,,66,54,33,16,9,11,0.7,0.6
2024-12-21T2100,3204A,113.3025,33.73,平顶山市,规划局,细颗粒物(PM2.5),79,105,79,58,40,32,,62,53,33,14,8,9,0.4,0.4
2024-12-21T2100,3594A,112.8867,33.9116,平顶山市,石龙区,颗粒物(PM10),90,129,87,61,29,21,,69,51,31,16,9,8,0.7,0.6
2024-12-21T2100,2656A,106.6692,35.5461,平凉市,聚贤嘉苑,颗粒物(PM10),58,65,48,39,25,44,,70,66,47,42,14,16,0.6,0.6
2024-12-21T2100,2657A,106.7021,35.5307,平凉市,博物馆,颗粒物(PM10),72,93,54,50,27,38,,74,68,51,37,14,14,0.8,0.6
2024-12-21T2100,2347A,114.0997,27.5002,萍乡市,武功山,细颗粒物(PM2.5),65,65,66,47,50,60,,94,88,20,16,9,12,0.5,0.3
2024-12-21T2100,2348A,113.8385,27.6434,萍乡市,中医院,细颗粒物(PM2.5),133,157,114,101,74,41,,93,85,53,39,23,22,1.4,1
2024-12-21T2100,2349A,113.8493,27.6253,萍乡市,市政府车库,细颗粒物(PM2.5),118,122,102,89,91,40,,92,86,51,37,16,22,1.4,1.2
2024-12-21T2100,2350A,113.8676,27.6435,萍乡市,市环保局,细颗粒物(PM2.5),110,106,112,83,86,69,,92,90,33,37,14,24,1.0,0.9
2024-12-21T2100,2351A,113.866,27.6198,萍乡市,安源区政府,细颗粒物(PM2.5),130,114,113,99,81,54,,93,86,42,37,10,19,1.3,1.2
2024-12-21T2100,2319A,119.0141,25.4325,莆田市,荔城区仓后路,,50,40,37,35,22,96,,95,95,13,18,2,3,0.5,0.5
2024-12-21T2100,2320A,119.0015,25.4553,莆田市,莆田市监测站,,46,33,30,32,19,96,,98,98,16,13,4,4,0.3,0.3
2024-12-21T2100,2321A,119.1119,25.4561,莆田市,涵江区六中,细颗粒物(PM2.5),59,,36,42,21,104,,100,100,14,17,1,2,0.4,0.4
2024-12-21T2100,2322A,119.1013,25.3215,莆田市,秀屿区政府,细颗粒物(PM2.5),57,,35,40,22,100,,105,105,11,13,2,3,0.5,0.5
2024-12-21T2100,2323A,118.981,25.4792,莆田市,东圳水库,,,,,,,,,,,,,,,,
2024-12-21T2100,2392A,115.0312,35.7636,濮阳市,环保局,,43,43,51,13,18,46,,62,56,25,20,2,3,0.5,0.4
2024-12-21T2100,2394A,115.0574,35.7609,濮阳市,油田运输公司,,40,40,56,10,18,54,,60,59,20,22,2,3,0.4,0.4
2024-12-21T2100,2395A,115.0866,35.7754,濮阳市,油田物探公司,,49,49,59,19,20,45,,61,57,26,22,3,4,0.5,0.5
2024-12-21T2100,3021A,115,35.7668,濮阳市,濮水河管理处,颗粒物(PM10),55,60,60,20,20,26,,61,52,31,23,3,4,0.5,0.4
2024-12-21T2100,2601A,100.98,22.7633,普洱市,市环保局,,49,44,36,34,18,29,,67,58,14,10,5,5,0.5,0.5
2024-12-21T2100,2602A,100.9817,22.8322,普洱市,普洱第二中学,,41,41,30,25,17,38,,68,62,15,12,8,8,0.6,0.5
2024-12-21T2100,2262A,131.0518,45.8751,七台河市,新一中,细颗粒物(PM2.5),82,72,62,60,49,57,,67,63,23,21,11,10,1.7,1.7
2024-12-21T2100,3345A,131.0577,45.7879,七台河市,中波台,细颗粒物(PM2.5),80,68,75,59,62,21,,45,33,56,49,10,10,0.9,0.9
2024-12-21T2100,3637A,131.0176,45.7761,七台河市,人民广场,细颗粒物(PM2.5),85,78,98,63,69,22,,37,33,56,51,6,7,0.8,0.9
2024-12-21T2100,3684A,130.8781,45.8222,七台河市,新建矿广场,细颗粒物(PM2.5),88,90,67,65,54,13,,46,28,58,45,10,10,0.9,0.7
2024-12-21T2100,1779A,123.9305,47.3636,齐齐哈尔市,安居小区,,45,43,37,31,24,51,,62,51,18,19,8,7,0.6,0.5
2024-12-21T2100,1780A,123.9488,47.3386,齐齐哈尔市,中心广场,,35,35,27,21,17,52,,60,46,16,18,4,4,0.6,0.6
2024-12-21T2100,1781A,123.9483,47.3227,齐齐哈尔市,农牧车辆厂,,31,31,28,20,17,55,,62,49,13,18,7,7,0.4,0.4
2024-12-21T2100,1783A,123.945,47.2988,齐齐哈尔市,市环境监测站,颗粒物(PM10),54,58,36,36,25,50,,65,55,20,19,6,5,0.6,0.5
2024-12-21T2100,3662A,123.6333,47.2075,齐齐哈尔市,富区青少年活动中心,,41,41,41,28,17,59,,65,56,18,19,10,15,0.6,0.6
2024-12-21T2100,2591A,107.9783,26.5747,黔东南苗族侗族自治州,市环境监测站,细颗粒物(PM2.5),109,97,88,82,72,58,,66,64,19,21,2,6,0.5,0.6
2024-12-21T2100,2881A,107.8908,26.5311,黔东南苗族侗族自治州,凯里学院,细颗粒物(PM2.5),90,80,84,67,61,64,,71,69,20,21,3,6,0.6,0.6
2024-12-21T2100,2593A,107.5228,26.2403,黔南布依族苗族自治州,小围寨,细颗粒物(PM2.5),79,68,71,58,59,69,,71,71,16,17,4,7,0.7,0.7
2024-12-21T2100,3538A,107.5175,26.2978,黔南布依族苗族自治州,沙坝,细颗粒物(PM2.5),89,75,80,66,62,71,,75,73,17,20,5,7,0.6,0.6
2024-12-21T2100,2589A,104.9022,25.0925,黔西南布依族苗族自治州,场坝街,细颗粒物(PM2.5),75,66,58,55,45,50,,62,44,13,16,2,7,0.6,0.6
2024-12-21T2100,2590A,104.8811,25.0992,黔西南布依族苗族自治州,坪东大道,颗粒物(PM10),54,58,51,35,46,51,,62,41,12,15,3,5,0.7,0.7
2024-12-21T2100,2502A,108.6236,21.9667,钦州市,市环保站,细颗粒物(PM2.5),107,124,137,80,80,114,,132,130,35,40,35,20,2.6,1.5
2024-12-21T2100,2503A,108.6549,21.9481,钦州市,沙埠小学,细颗粒物(PM2.5),97,94,119,72,81,124,,143,141,38,50,12,13,0.9,1
2024-12-21T2100,2504A,108.5989,21.7431,钦州市,港区一小,细颗粒物(PM2.5),89,124,135,66,75,100,,130,126,48,52,15,18,1.1,1.1
2024-12-21T2100,3404A,108.5959,21.9633,钦州市,北职校,细颗粒物(PM2.5),104,94,106,78,82,120,,130,130,29,43,12,21,0.9,1.7
2024-12-21T2100,1042A,119.5134,39.8207,秦皇岛市,北戴河环保局,,41,41,30,21,15,35,,59,53,36,15,2,2,0.6,0.5
2024-12-21T2100,1043A,119.7493,40.0116,秦皇岛市,第一关,,28,,20,16,20,14,,61,46,56,27,4,4,0.3,0.3
2024-12-21T2100,1044A,119.5897,39.9499,秦皇岛市,监测站,,35,35,33,24,16,29,,62,50,41,15,4,5,0.4,0.3
2024-12-21T2100,1046A,119.5251,39.9041,秦皇岛市,建设大厦,,41,41,36,28,21,11,,56,43,58,19,2,3,0.4,0.3
2024-12-21T2100,3132A,119.610547,39.943889,秦皇岛市,文明里,,42,42,37,29,22,13,,59,46,61,21,4,5,0.5,0.3
2024-12-21T2100,1307A,120.6659,36.2403,青岛市,仰口,,21,20,44,11,27,66,,64,64,9,14,10,9,0.8,0.9
2024-12-21T2100,1310A,120.4134,36.0658,青岛市,市南区东部子站,,36,36,72,9,32,54,,56,56,20,28,11,13,0.6,0.7
2024-12-21T2100,1311A,120.3664,36.1032,青岛市,四方区子站,,24,24,59,12,35,56,,59,58,22,32,12,13,0.7,0.7
2024-12-21T2100,1312A,120.2994,36.054,青岛市,市南区西部子站,,19,19,62,7,27,56,,59,59,16,25,10,11,0.7,0.9
2024-12-21T2100,1313A,120.4581,36.0858,青岛市,崂山区子站,,24,24,58,9,29,54,,58,56,22,28,10,12,0.7,0.8
2024-12-21T2100,1314A,120.1983,35.9608,青岛市,黄岛区子站,,25,24,68,17,38,48,,51,50,28,34,8,10,0.6,0.8
2024-12-21T2100,1315A,120.3999,36.3083,青岛市,城阳区子站,,36,36,65,20,33,34,,52,46,37,36,10,11,0.9,0.9
2024-12-21T2100,1966A,120.0405,35.8735,青岛市,黄岛区4号,,34,34,70,14,38,48,,55,54,24,32,9,11,0.5,0.7
2024-12-21T2100,3362A,120.5014,36.4034,青岛市,即墨2号,,43,43,64,26,40,37,,50,45,33,37,14,10,0.8,0.7
2024-12-21T2100,3642A,120.3503,36.0736,青岛市,市北区南部,,41,41,84,7,30,51,,53,53,26,36,10,10,0.6,0.6
2024-12-21T2100,3643A,120.3948,36.1805,青岛市,李沧区北部,,36,36,64,17,38,42,,52,49,31,35,13,14,0.7,0.8
2024-12-21T2100,1702A,113.0426,23.691,清远市,环保大楼,,40,36,37,28,28,110,,118,118,9,15,8,8,0.6,0.6
2024-12-21T2100,1703A,113.0208,23.7106,清远市,凤城街办,,45,44,49,31,34,98,,108,107,17,32,12,12,0.6,0.6
2024-12-21T2100,3025A,113.0477,23.6344,清远市,技师学院,,42,42,53,26,32,100,,112,111,18,34,10,11,0.6,0.7
2024-12-21T2100,3318A,112.9903,23.7403,清远市,清新太和,,35,35,41,20,26,110,,115,114,11,21,9,10,0.7,0.7
2024-12-21T2100,3455A,113.076,23.7198,清远市,清城东城,,44,44,45,27,28,106,,114,114,11,15,14,12,0.6,0.6
2024-12-21T2100,2661A,107.6325,35.7357,庆阳市,庆阳五中,细颗粒物(PM2.5),70,65,43,51,25,33,,71,64,53,14,25,8,1.3,0.5
2024-12-21T2100,2662A,107.6364,35.7067,庆阳市,市环保局,颗粒物(PM10),51,52,43,34,19,70,,76,76,18,13,8,8,0.7,0.6
2024-12-21T2100,1916A,103.7897,25.5035,曲靖市,环境监测站,颗粒物(PM10),56,62,47,31,26,38,,54,50,22,19,7,9,0.7,0.7
2024-12-21T2100,1917A,103.8,25.5364,曲靖市,烟厂办公区,,41,41,44,24,27,47,,56,54,19,20,4,4,0.4,0.7
2024-12-21T2100,3376A,103.7947,25.462,曲靖市,南苑二区,颗粒物(PM10),53,56,42,34,28,41,,58,54,18,13,7,5,1.0,0.8
2024-12-21T2100,3377A,103.7444,25.5261,曲靖市,曲靖师范学院,细颗粒物(PM2.5),63,56,45,45,34,40,,59,57,24,20,8,8,0.7,0.6
2024-12-21T2100,1264A,118.8692,28.9398,衢州市,环保大楼,细颗粒物(PM2.5),99,104,79,74,53,30,,71,63,66,53,6,7,0.6,0.6
2024-12-21T2100,1265A,118.8709,28.9666,衢州市,实验学校,细颗粒物(PM2.5),99,95,66,74,50,45,,74,69,50,48,8,8,0.6,0.5
2024-12-21T2100,1266A,118.8621,28.9808,衢州市,衢州学院,细颗粒物(PM2.5),93,100,73,69,49,48,,62,58,45,50,8,7,0.7,0.6
2024-12-21T2100,1611A,118.5819,24.9117,泉州市,涂山街,,46,43,46,32,28,92,,109,107,21,25,19,8,0.3,0.5
2024-12-21T2100,1612A,118.5972,24.8978,泉州市,津头埔,,45,39,47,31,28,93,,108,106,22,27,6,8,0.4,0.5
2024-12-21T2100,1613A,118.6663,24.9424,泉州市,万安,,45,41,40,31,23,102,,116,114,18,22,3,7,0.5,0.5
2024-12-21T2100,1614A,118.6117,24.9604,泉州市,清源山,,,,,,,,,,,,,,,,
2024-12-21T2100,3529A,118.6333,24.9264,泉州市,城华南路,颗粒物(PM10),54,58,49,31,24,92,,106,103,21,27,11,9,0.4,0.4
2024-12-21T2100,2626A,88.8876,29.2718,日喀则市,日喀则监测站,,35,31,21,24,9,48,,98,93,66,24,8,3,1.2,0.6
2024-12-21T2100,3726A,88.8781,29.2426,日喀则市,林业技术推广中心,,25,8,14,3,3,79,,98,96,3,5,6,6,0.4,0.4
2024-12-21T2100,1659A,119.471,35.4209,日照市,监测站,,44,44,65,22,37,39,,53,48,32,34,12,11,0.6,0.6
2024-12-21T2100,1660A,119.523,35.4216,日照市,市政府广场,,48,48,63,28,35,35,,58,52,33,25,7,7,0.8,0.8
2024-12-21T2100,1661A,119.5587,35.4044,日照市,港务局,颗粒物(PM10),53,56,66,31,38,39,,57,52,29,24,6,7,0.6,0.6
2024-12-21T2100,3507A,119.5328,35.4625,日照市,职业技术学院,,46,46,65,27,36,31,,55,47,39,32,7,8,0.6,0.6
2024-12-21T2100,3604A,119.3266,35.1044,日照市,岚山环保分局,颗粒物(PM10),57,63,81,32,44,44,,25,,33,36,26,15,0.8,0.8
2024-12-21T2100,1835A,111.1922,34.7752,三门峡市,市政府,颗粒物(PM10),60,70,32,23,20,2,,67,54,63,18,9,6,0.8,0.5
2024-12-21T2100,1836A,111.1587,34.7942,三门峡市,开发区,,50,50,31,25,11,17,,65,59,48,13,4,4,0.4,0.3
2024-12-21T2100,1838A,111.143,34.7955,三门峡市,风景区,,25,25,33,16,12,24,,65,60,34,12,10,10,0.7,0.6
2024-12-21T2100,3039A,111.1911,34.7829,三门峡市,三门峡市第一小学,细颗粒物(PM2.5),57,61,34,40,12,3,,67,55,64,15,11,9,0.8,0.4
2024-12-21T2100,3598A,111.1,34.7167,三门峡市,富达温泉假日酒店,颗粒物(PM10),65,79,53,32,18,20,,62,48,45,23,11,9,0.9,0.6
2024-12-21T2100,2324A,117.6211,26.2625,三明市,三钢,,,54,42,,46,41,,86,73,40,28,6,5,0.6,1.3
2024-12-21T2100,2325A,117.635,26.2714,三明市,三明二中,细颗粒物(PM2.5),52,,40,36,30,42,,87,80,33,24,5,4,0.6,0.9
2024-12-21T2100,2326A,117.6028,26.2378,三明市,三元区政府,颗粒物(PM10),59,68,50,36,32,21,,83,73,48,30,5,6,0.9,1
2024-12-21T2100,2327A,117.7275,26.3108,三明市,洋溪,,,,,,,,,,,,,,,,
2024-12-21T2100,1876A,109.5078,18.2489,三亚市,河东子站,颗粒物(PM10),53,55,40,34,23,154,,146,146,16,7,5,4,0.5,0.4
2024-12-21T2100,1877A,109.4964,18.2681,三亚市,河西子站,细颗粒物(PM2.5),57,58,38,40,25,152,,142,142,20,11,4,3,0.5,0.4
2024-12-21T2100,3540A,109.7348,18.3443,三亚市,君悦子站,颗粒物(PM10),61,72,50,34,26,159,,160,160,19,15,4,3,0.6,0.5
2024-12-21T2100,2624A,91.7608,29.2313,山南市,山南监测站,,28,27,26,10,11,88,,91,91,7,9,4,4,0.3,0.3
2024-12-21T2100,2625A,91.7706,29.2436,山南市,山南人民医院,,42,42,31,11,7,83,,89,89,9,8,2,3,0.4,0.4
2024-12-21T2100,1674A,116.6794,23.3667,汕头市,金平子站,,35,26,46,19,31,111,,118,116,17,29,4,12,0.6,0.8
2024-12-21T2100,1675A,116.7244,23.3633,汕头市,龙湖子站,,35,29,39,21,26,111,,116,116,13,22,3,7,0.7,0.8
2024-12-21T2100,1676A,116.7258,23.2775,汕头市,濠江子站,,35,,34,24,32,111,,114,114,10,19,3,7,0.6,0.7
2024-12-21T2100,1677A,116.7519,23.4714,汕头市,澄海子站,,33,31,37,22,29,103,,116,115,19,18,10,10,0.8,0.8
2024-12-21T2100,1678A,116.6092,23.2539,汕头市,潮阳子站,,35,28,42,3,21,109,,117,116,10,23,6,9,0.6,0.8
2024-12-21T2100,3444A,116.454,23.2684,汕头市,潮南峡山,,37,37,48,15,31,98,,122,118,18,23,8,11,0.5,0.6
2024-12-21T2100,3624A,116.4069,23.2533,汕头市,潮南子站,,41,41,59,20,37,91,,120,116,21,25,11,10,0.6,0.7
2024-12-21T2100,1693A,115.3653,22.775,汕尾市,市环保局,,35,33,38,24,28,92,,99,98,12,16,9,10,0.5,0.5
2024-12-21T2100,1694A,115.3706,22.7898,汕尾市,市政府,,33,28,37,23,27,89,,100,98,12,16,10,10,0.4,0.6
2024-12-21T2100,1695A,115.3622,22.7925,汕尾市,新城中学,,32,24,38,22,26,91,,96,95,11,14,9,9,0.6,0.6
2024-12-21T2100,2645A,109.9154,33.8715,商洛市,监测站,颗粒物(PM10),54,57,62,33,36,46,,75,67,32,27,4,3,0.5,0.5
2024-12-21T2100,3045A,109.9643,33.8471,商洛市,商州区中学,细颗粒物(PM2.5),68,75,70,49,44,21,,78,62,54,42,5,5,0.8,0.8
2024-12-21T2100,2408A,115.6702,34.4285,商丘市,环境监测站,颗粒物(PM10),60,70,84,34,56,30,,56,46,43,41,7,8,0.4,0.6
2024-12-21T2100,2409A,115.6458,34.4045,商丘市,粮食局,,41,41,77,24,48,51,,62,57,21,29,4,5,0.6,0.8
2024-12-21T2100,2410A,115.6293,34.3948,商丘市,睢阳区环保局,,47,47,77,28,52,50,,62,59,21,28,4,6,0.5,0.6
2024-12-21T2100,3171A,115.6071,34.4465,商丘市,梁园区档案局,细颗粒物(PM2.5),64,61,73,46,50,25,,60,52,49,38,4,5,0.5,0.6
2024-12-21T2100,1141A,121.4,31.238,上海市,普陀,细颗粒物(PM2.5),84,107,96,62,61,40,,68,59,53,61,9,9,0.8,0.9
2024-12-21T2100,1142A,121.478,31.2036,上海市,十五厂,细颗粒物(PM2.5),93,110,90,69,63,46,,65,59,45,59,12,12,1.0,0.9
2024-12-21T2100,1143A,121.467,31.3008,上海市,虹口,细颗粒物(PM2.5),93,105,88,69,64,42,,63,58,51,61,12,10,1.3,1.1
2024-12-21T2100,1144A,121.412,31.1654,上海市,徐汇上师大,细颗粒物(PM2.5),89,105,91,66,65,46,,68,62,41,56,8,9,1.0,1
2024-12-21T2100,1145A,121.536,31.2659,上海市,杨浦四漂,细颗粒物(PM2.5),92,93,86,68,62,51,,67,63,41,60,10,10,1.0,1
2024-12-21T2100,1147A,121.425,31.2261,上海市,静安监测站,细颗粒物(PM2.5),85,111,94,63,61,46,,66,60,47,59,10,11,0.9,0.9
2024-12-21T2100,1148A,121.703,31.1907,上海市,浦东川沙,细颗粒物(PM2.5),80,105,104,59,58,48,,73,66,44,52,9,8,0.7,0.7
2024-12-21T2100,1149A,121.533,31.2284,上海市,浦东新区监测站,,,,88,,69,52,,68,64,,59,,10,,0.8
2024-12-21T2100,1150A,121.577,31.2071,上海市,浦东张江,细颗粒物(PM2.5),80,101,92,59,60,59,,72,69,39,58,8,8,0.5,0.6
2024-12-21T2100,3265A,121.4316,31.3322,上海市,宝山庙行,细颗粒物(PM2.5),90,114,94,67,61,46,,67,60,37,48,6,6,0.8,0.8
2024-12-21T2100,3266A,121.8791,31.4662,上海市,崇明上实东滩,细颗粒物(PM2.5),67,69,72,48,56,59,,80,75,22,22,8,8,0.7,0.7
2024-12-21T2100,3268A,121.3162,31.2838,上海市,嘉定南翔,细颗粒物(PM2.5),87,103,101,64,64,40,,65,59,47,56,10,10,0.8,0.9
2024-12-21T2100,3269A,121.3359,30.7456,上海市,金山新城,细颗粒物(PM2.5),83,90,84,61,64,44,,65,61,38,45,10,10,0.7,0.6
2024-12-21T2100,3270A,121.4996,31.0739,上海市,闵行浦江,细颗粒物(PM2.5),82,108,95,60,59,53,,68,63,43,61,9,9,0.5,0.6
2024-12-21T2100,3271A,121.2886,31.1663,上海市,青浦徐泾,细颗粒物(PM2.5),88,104,94,65,65,41,,66,60,47,58,11,11,0.9,1
2024-12-21T2100,3272A,121.2186,31.0378,上海市,松江图书馆,细颗粒物(PM2.5),94,108,96,70,66,41,,70,63,45,55,10,10,1.0,1
2024-12-21T2100,3273A,121.3902,31.2059,上海市,长宁仙霞,细颗粒物(PM2.5),84,104,92,62,58,42,,66,61,54,61,9,9,0.9,1
2024-12-21T2100,3274A,121.7965,31.0507,上海市,浦东惠南,细颗粒物(PM2.5),85,110,98,63,56,43,,67,62,45,55,10,10,0.6,1
2024-12-21T2100,3544A,121.4891,30.925,上海市,奉贤南桥新城,细颗粒物(PM2.5),80,97,90,59,63,47,,66,63,43,64,9,10,0.9,1
2024-12-21T2100,2381A,118.005,28.4572,上饶市,百草园,颗粒物(PM10),58,66,74,32,42,67,,69,69,14,24,7,19,0.8,0.8
2024-12-21T2100,2382A,117.9756,28.4436,上饶市,市监测站,,,59,68,20,41,52,,64,64,25,35,8,23,,0.8
2024-12-21T2100,2383A,117.9519,28.4628,上饶市,凤凰光学,颗粒物(PM10),78,106,73,54,39,8,,55,47,70,43,5,10,1.3,1.2
2024-12-21T2100,3413A,118.1953,28.4401,上饶市,广丰区教体局,细颗粒物(PM2.5),83,94,73,61,48,36,,67,61,40,29,9,11,0.8,0.7
2024-12-21T2100,3685A,117.897,28.4315,上饶市,双创科技城,"颗粒物(PM10),细颗粒物(PM2.5)",69,87,79,50,45,17,,67,46,79,57,8,18,1.0,0.9
2024-12-21T2100,1669A,113.5824,24.7733,韶关市,市八中,颗粒物(PM10),52,53,65,35,42,98,,109,106,15,35,10,15,0.5,0.5
2024-12-21T2100,1671A,113.5917,24.7972,韶关市,园林处,,,42,47,42,45,,,109,109,15,35,10,13,0.6,0.6
2024-12-21T2100,1672A,113.6735,24.7791,韶关市,韶关学院,,46,41,51,32,37,89,,109,106,22,22,9,9,0.6,0.6
2024-12-21T2100,1673A,113.5971,24.6863,韶关市,曲江监测站,"颗粒物(PM10),细颗粒物(PM2.5)",53,55,64,37,40,88,,106,104,20,31,15,15,0.4,0.6
2024-12-21T2100,3622A,113.5556,24.8082,韶关市,碧湖山庄,细颗粒物(PM2.5),52,48,66,36,40,102,,111,110,11,19,12,12,0.6,0.7
2024-12-21T2100,2462A,111.5239,27.3033,邵阳市,市水土所,,,,,,,,,,,,,,,,
2024-12-21T2100,2463A,111.4733,27.2317,邵阳市,市一中,细颗粒物(PM2.5),80,69,86,59,88,91,,97,95,14,18,12,14,0.6,0.7
2024-12-21T2100,2464A,111.5283,27.2442,邵阳市,市化工厂,细颗粒物(PM2.5),85,88,115,63,90,84,,91,90,17,22,12,15,1.0,1
2024-12-21T2100,2465A,111.4503,27.2537,邵阳市,市罐头厂,细颗粒物(PM2.5),100,,101,75,100,90,,96,94,17,16,10,12,0.7,0.7
2024-12-21T2100,2466A,111.4328,27.2272,邵阳市,市环保局,细颗粒物(PM2.5),82,65,81,60,88,92,,96,95,15,17,10,12,0.6,0.7
2024-12-21T2100,1247A,120.6053,29.9928,绍兴市,城东开发委,细颗粒物(PM2.5),72,85,83,52,57,47,,76,69,47,46,8,7,0.9,0.9
2024-12-21T2100,2921A,120.5483,30.0003,绍兴市,树下王站,细颗粒物(PM2.5),77,81,98,56,72,50,,72,66,39,47,8,8,0.6,0.7
2024-12-21T2100,3408A,120.5683,29.9361,绍兴市,绍兴中专,细颗粒物(PM2.5),85,98,79,63,53,14,,78,59,65,46,7,8,0.9,0.8
2024-12-21T2100,3409A,120.4906,30.0861,绍兴市,柯桥区政府,细颗粒物(PM2.5),79,94,106,58,67,42,,70,62,47,52,10,9,0.8,0.8
2024-12-21T2100,3410A,120.8752,30.0249,绍兴市,重华小学,细颗粒物(PM2.5),72,77,75,52,57,53,,77,72,41,43,12,10,0.5,0.6
2024-12-21T2100,3411A,120.8369,30.0137,绍兴市,上虞中学,细颗粒物(PM2.5),68,71,78,49,59,56,,74,70,28,38,8,9,0.8,0.8
2024-12-21T2100,3560A,120.4722,30.0415,绍兴市,柯桥妇保,细颗粒物(PM2.5),84,108,93,62,54,21,,68,58,57,44,7,7,0.8,0.7
2024-12-21T2100,3658A,120.6153,30.0764,绍兴市,袍江中学,细颗粒物(PM2.5),82,89,100,60,68,37,,70,61,56,58,6,6,0.8,0.9
2024-12-21T2100,1356A,114.1063,22.5545,深圳市,通心岭子站,,39,39,61,23,37,88,,112,101,28,43,8,9,0.6,0.7
2024-12-21T2100,1357A,114.117,22.5625,深圳市,洪湖,,33,33,66,20,38,89,,108,102,32,59,8,8,0.6,0.7
2024-12-21T2100,1358A,113.987,22.5417,深圳市,华侨城,,45,45,54,22,32,79,,113,106,32,35,5,5,0.7,0.7
2024-12-21T2100,1359A,113.9181,22.5171,深圳市,南海子站,颗粒物(PM10),55,59,80,32,41,70,,119,113,51,56,6,7,0.6,0.7
2024-12-21T2100,1360A,114.2458,22.5689,深圳市,盐田,颗粒物(PM10),51,51,48,22,26,101,,106,104,19,26,8,8,0.6,0.7
2024-12-21T2100,1361A,114.2283,22.7244,深圳市,龙岗,,39,39,56,20,34,104,,114,111,22,44,9,9,0.5,0.6
2024-12-21T2100,1363A,114.494,22.5422,深圳市,南澳,,38,38,38,25,26,106,,122,119,12,16,8,8,0.4,0.5
2024-12-21T2100,1364A,114.41,22.6342,深圳市,葵涌,,39,39,46,22,27,106,,118,117,17,27,9,8,0.6,0.6
2024-12-21T2100,1365A,114.297,22.5978,深圳市,梅沙,,43,43,44,25,28,107,,120,118,18,19,10,10,0.5,0.6
2024-12-21T2100,1366A,114.0678,22.738,深圳市,观澜,颗粒物(PM10),54,57,94,29,49,85,,105,96,35,62,6,5,0.8,0.8
2024-12-21T2100,3305A,114.0731,22.559,深圳市,莲花,,39,39,51,24,34,83,,116,108,28,34,8,9,0.6,0.6
2024-12-21T2100,3306A,114.0261,22.6198,深圳市,民治,颗粒物(PM10),51,52,71,28,42,73,,112,102,46,62,8,7,0.6,0.7
2024-12-21T2100,3307A,114.1871,22.6451,深圳市,横岗,,42,42,58,22,36,90,,105,99,31,50,6,6,0.6,0.7
2024-12-21T2100,3447A,114.3551,22.7151,深圳市,坪山,颗粒物(PM10),51,51,74,26,38,90,,107,102,34,59,8,8,0.5,0.6
2024-12-21T2100,3623A,113.8953,22.5861,深圳市,西乡,,34,34,64,13,31,91,,124,121,29,51,8,8,0.4,0.6
2024-12-21T2100,1098A,123.6836,41.9339,沈阳市,森林路,,,,,,,,,,,,,,,,
2024-12-21T2100,1099A,123.505,41.7406,沈阳市,浑南东路,细颗粒物(PM2.5),62,72,63,44,45,9,,34,24,66,40,12,15,0.8,0.8
2024-12-21T2100,1100A,123.4231,41.6989,沈阳市,新秀街,细颗粒物(PM2.5),77,97,60,56,40,11,,35,24,66,37,14,14,1.0,0.8
2024-12-21T2100,1102A,123.5903,41.8411,沈阳市,东陵路,细颗粒物(PM2.5),77,79,51,56,39,5,,41,32,57,33,10,11,1.2,0.8
2024-12-21T2100,1103A,123.4264,41.8467,沈阳市,陵东街,细颗粒物(PM2.5),57,59,48,40,32,5,,44,33,78,37,14,11,1.2,0.9
2024-12-21T2100,1104A,123.4114,41.7653,沈阳市,文化路,细颗粒物(PM2.5),75,80,51,55,33,11,,38,31,51,29,13,17,1.1,0.9
2024-12-21T2100,1105A,123.4678,41.7867,沈阳市,小河沿,颗粒物(PM10),54,58,50,36,31,16,,38,29,58,38,12,16,0.8,0.7
2024-12-21T2100,1106A,123.4017,41.7972,沈阳市,太原街,细颗粒物(PM2.5),69,77,55,50,39,9,,40,28,65,36,49,20,1.0,0.9
2024-12-21T2100,1108A,123.3783,41.9228,沈阳市,京沈街,细颗粒物(PM2.5),94,125,54,70,41,5,,47,31,77,34,35,18,1.3,0.8
2024-12-21T2100,2897A,123.2444,41.7347,沈阳市,沈辽西路,细颗粒物(PM2.5),93,122,60,69,34,7,,46,31,69,37,12,11,1.0,0.7
2024-12-21T2100,2900A,123.5953,41.9086,沈阳市,裕农路,颗粒物(PM10),62,74,47,39,37,6,,42,30,71,38,12,10,1.0,0.8
2024-12-21T2100,2428A,111.0419,32.395,十堰市,武当山,,43,35,34,30,24,88,,101,98,13,11,11,11,0.7,0.7
2024-12-21T2100,2429A,110.78,32.6494,十堰市,滨河新村,颗粒物(PM10),62,74,77,37,60,62,,72,72,26,41,9,9,0.7,0.9
2024-12-21T2100,2430A,110.7258,32.6389,十堰市,刘家沟,细颗粒物(PM2.5),64,68,77,46,57,55,,78,76,22,25,14,11,0.6,1
2024-12-21T2100,2431A,110.8839,32.5714,十堰市,铁二处,细颗粒物(PM2.5),64,75,60,46,53,27,,74,68,60,39,14,12,1.0,0.9
2024-12-21T2100,3545A,110.8054,32.8401,十堰市,郧阳区金沙路,,48,48,42,31,46,55,,63,61,11,10,4,8,0.3,0.3
2024-12-21T2100,2709A,86.0497,44.2967,石河子市,艾青诗歌馆,细颗粒物(PM2.5),183,173,148,138,112,38,,37,37,50,53,15,13,1.3,1.4
2024-12-21T2100,3442A,86.047,44.2331,石河子市,南区管委会,细颗粒物(PM2.5),198,168,112,148,89,17,,51,30,66,41,12,6,1.4,1.1
2024-12-21T2100,4051A,86.0791,44.3017,石河子市,世纪广场,细颗粒物(PM2.5),185,177,153,139,111,36,,37,37,55,52,13,11,1.3,1.3
2024-12-21T2100,1029A,114.4422,38.0444,石家庄市,职工医院,,35,32,26,24,18,39,,69,61,22,9,2,3,0.0,0
2024-12-21T2100,1030A,114.6063,38.0266,石家庄市,高新区,,33,33,31,23,22,47,,73,64,24,11,2,2,0.3,0.3
2024-12-21T2100,1031A,114.4898,38.1328,石家庄市,西北水源,,39,39,31,12,5,1,,68,45,63,15,1,2,0.6,0.3
2024-12-21T2100,1032A,114.4586,38.0058,石家庄市,西南高教,,25,25,30,9,5,38,,72,62,26,8,2,3,0.2,0.2
2024-12-21T2100,1033A,114.5331,38.0178,石家庄市,世纪公园,,35,28,28,24,19,32,,68,59,36,8,2,2,0.3,0.3
2024-12-21T2100,1034A,114.509,38.0457,石家庄市,人民会堂,,39,39,33,14,9,47,,70,65,26,12,2,3,0.3,0.3
2024-12-21T2100,1035A,114.3524,37.8911,石家庄市,封龙山,,25,25,33,17,15,75,,75,75,2,3,6,7,0.5,0.4
2024-12-21T2100,2862A,114.5481,38.0378,石家庄市,22中南校区,,33,25,32,23,18,43,,70,60,26,10,5,3,0.4,0.3
2024-12-21T2100,3456A,114.289,38.0906,石家庄市,鹿泉一中,,34,34,33,20,17,34,,71,60,23,9,2,3,0.4,0.3
2024-12-21T2100,3573A,114.8506765,38.0322033,石家庄市,藁城区实验学校,,36,36,30,13,9,30,,71,63,41,11,3,3,0.4,0.2
2024-12-21T2100,3574A,114.0504658,38.0591645,石家庄市,井陉矿区区委大楼,,28,28,30,14,8,29,,65,57,35,18,13,6,0.4,0.3
2024-12-21T2100,4024A,114.6549,37.9020,石家庄市,栾城区星河路,,42,42,27,20,13,35,,73,63,30,7,4,3,0.4,0.3
2024-12-21T2100,1947A,106.3394,38.817,石嘴山市,沙湖旅游区,,,,,,,,,,,,,,,,
2024-12-21T2100,1948A,106.3668,39.0145,石嘴山市,大武口朝阳西街,颗粒物(PM10),64,78,40,41,19,15,,55,39,46,16,72,39,1.8,1.1
2024-12-21T2100,1949A,106.7704,39.2282,石嘴山市,惠农南大街,颗粒物(PM10),53,55,28,18,12,6,,56,43,61,24,26,12,0.6,0.4
2024-12-21T2100,1950A,106.7099,39.1325,石嘴山市,红果子镇惠新街,颗粒物(PM10),53,56,32,33,13,19,,58,48,51,24,46,12,1.0,0.7
2024-12-21T2100,3520A,106.3495,38.9836,石嘴山市,妇女儿童医院,颗粒物(PM10),56,62,34,32,16,15,,55,44,56,22,37,27,1.1,0.7
2024-12-21T2100,3521A,106.7492,39.2069,石嘴山市,石大公路,颗粒物(PM10),61,71,34,33,18,17,,64,49,50,27,22,10,0.8,0.5
2024-12-21T2100,2248A,131.1511,46.6937,双鸭山市,双合村,细颗粒物(PM2.5),80,69,105,59,76,42,,56,46,24,26,7,10,0.9,1.3
2024-12-21T2100,2249A,131.1652,46.6191,双鸭山市,南小市,细颗粒物(PM2.5),85,73,45,63,42,36,,47,42,29,22,12,10,0.8,0.7
2024-12-21T2100,2250A,131.1524,46.6554,双鸭山市,环保局,细颗粒物(PM2.5),82,68,44,60,42,33,,48,43,33,33,11,9,0.7,0.5
2024-12-21T2100,2251A,131.12,46.5656,双鸭山市,苗圃,细颗粒物(PM2.5),60,51,31,43,34,92,,98,96,19,14,6,5,0.6,0.5
2024-12-21T2100,2166A,112.4397,39.3522,朔州市,平朔,细颗粒物(PM2.5),78,76,46,57,18,6,,43,36,44,27,26,17,0.8,0.4
2024-12-21T2100,2167A,112.4575,39.3617,朔州市,朔唯,颗粒物(PM10),79,108,55,57,17,11,,47,39,44,32,34,27,1.0,0.7
2024-12-21T2100,2168A,112.4258,39.3197,朔州市,区政府,细颗粒物(PM2.5),67,81,58,48,16,17,,40,37,42,28,23,22,1.2,0.6
2024-12-21T2100,2169A,112.4072,39.3278,朔州市,市环保局,,,103,59,47,20,,,45,45,45,30,28,24,1.3,0.8
2024-12-21T2100,2170A,112.4272,39.3681,朔州市,市二中,颗粒物(PM10),84,117,72,47,20,5,,40,32,44,33,33,25,0.7,0.4
2024-12-21T2100,3571A,112.2931,39.53,朔州市,一水厂,颗粒物(PM10),70,90,33,27,13,9,,60,40,53,20,17,14,0.6,0.5
2024-12-21T2100,2225A,124.4002,43.1713,四平市,一商场,颗粒物(PM10),71,91,78,45,52,25,,51,40,58,35,8,9,0.9,0.7
2024-12-21T2100,2226A,124.388,43.193,四平市,境园,细颗粒物(PM2.5),110,92,72,83,58,13,,48,37,50,33,1,2,1.3,0.7
2024-12-21T2100,3486A,124.4036,43.1411,四平市,植物园,颗粒物(PM10),78,105,77,50,54,17,,51,38,59,34,8,10,1.1,0.7
2024-12-21T2100,3713A,124.3419,43.1666,四平市,世纪城,细颗粒物(PM2.5),80,86,71,59,56,22,,56,41,61,34,9,8,1.2,0.9
2024-12-21T2100,2233A,124.8006,45.1214,松原市,江南,细颗粒物(PM2.5),70,56,63,51,53,39,,58,47,43,38,12,8,1.0,0.9
2024-12-21T2100,2234A,124.7965,45.1722,松原市,江北,细颗粒物(PM2.5),55,42,47,39,47,47,,61,55,23,28,4,3,0.7,0.7
2024-12-21T2100,1160A,120.561,31.2472,苏州市,上方山,细颗粒物(PM2.5),74,91,89,54,57,43,,62,57,42,46,8,8,0.8,0.9
2024-12-21T2100,1162A,120.591,31.3019,苏州市,彩香,细颗粒物(PM2.5),75,89,96,55,67,40,,60,55,31,42,9,10,0.9,1
2024-12-21T2100,1163A,120.596,31.3264,苏州市,轧钢厂,"颗粒物(PM10),细颗粒物(PM2.5)",70,90,109,51,65,39,,60,54,37,52,8,8,0.7,0.9
2024-12-21T2100,1164A,120.613,31.2703,苏州市,吴中区,"颗粒物(PM10),细颗粒物(PM2.5)",69,87,97,50,61,45,,60,56,34,50,9,10,0.8,1
2024-12-21T2100,1165A,120.543,31.2994,苏州市,苏州新区,细颗粒物(PM2.5),73,81,87,53,63,39,,59,53,44,52,10,11,0.7,0.8
2024-12-21T2100,1166A,120.669,31.3097,苏州市,苏州工业园区,细颗粒物(PM2.5),83,95,94,61,68,38,,63,57,39,58,8,9,0.8,0.9
2024-12-21T2100,1167A,120.641,31.3708,苏州市,相城区,"颗粒物(PM10),细颗粒物(PM2.5)",69,88,95,50,61,41,,63,57,41,56,7,9,0.7,0.8
2024-12-21T2100,3289A,120.743,31.3188,苏州市,方洲路,细颗粒物(PM2.5),70,81,84,51,59,45,,66,60,39,51,8,8,0.6,0.8
2024-12-21T2100,3290A,120.5031,31.2774,苏州市,木渎中学,细颗粒物(PM2.5),69,81,85,50,59,44,,66,61,39,38,10,11,0.8,0.8
2024-12-21T2100,3425A,120.624,31.1733,苏州市,越秀幼儿园,颗粒物(PM10),71,92,91,51,61,50,,64,60,31,44,8,9,0.8,0.8
2024-12-21T2100,3431A,120.6505,31.416,苏州市,高铁新城,细颗粒物(PM2.5),73,90,104,53,65,34,,62,54,42,54,9,11,0.7,0.8
2024-12-21T2100,1220A,118.293,33.9528,宿迁市,宿迁学院,,42,42,79,23,56,47,,67,61,22,29,5,6,0.9,0.9
2024-12-21T2100,1221A,118.2442,33.9592,宿迁市,宿迁中学,,49,49,83,27,59,35,,64,56,29,30,3,5,0.3,0.5
2024-12-21T2100,2996A,118.283,33.965,宿迁市,市供电局,,40,37,72,28,60,47,,70,64,28,29,5,6,0.6,0.7
2024-12-21T2100,3191A,118.3225,33.9447,宿迁市,宿豫区政府,颗粒物(PM10),51,51,74,27,62,44,,67,60,26,30,4,6,0.5,0.7
2024-12-21T2100,3187A,116.9509,33.666,宿州市,远航博物馆,颗粒物(PM10),54,57,100,23,61,42,,63,56,24,34,3,4,0.6,0.8
2024-12-21T2100,3463A,116.9708,33.591,宿州市,社会福利中心,,50,50,92,17,52,46,,62,58,26,36,7,8,0.3,0.5
2024-12-21T2100,3634A,116.9884,33.6305,宿州市,宿州学院,颗粒物(PM10),58,66,103,23,62,44,,62,57,23,29,6,8,0.6,0.7
2024-12-21T2100,3701A,116.9648,33.6252,宿州市,皖北煤电集团,颗粒物(PM10),53,56,92,27,58,48,,64,60,23,30,4,6,0.3,0.6
2024-12-21T2100,2266A,126.9785,46.6365,绥化市,人和东街,细颗粒物(PM2.5),75,,84,55,102,50,,56,53,28,33,5,7,0.7,0.8
2024-12-21T2100,2267A,126.964,46.6528,绥化市,党政办公中心,细颗粒物(PM2.5),53,43,78,37,104,54,,53,52,20,30,4,6,0.5,0.8
2024-12-21T2100,2451A,113.3583,31.7275,随州市,市委党校,颗粒物(PM10),54,57,93,31,62,57,,74,73,17,36,6,7,0.6,0.8
2024-12-21T2100,2452A,113.3833,31.6908,随州市,市林业局,细颗粒物(PM2.5),59,56,85,42,72,57,,75,73,24,41,10,10,0.5,0.7
2024-12-21T2100,2453A,113.3983,31.7308,随州市,市立交桥水厂,细颗粒物(PM2.5),57,59,99,40,78,39,,71,67,38,47,9,10,0.6,1.2
2024-12-21T2100,2527A,105.5453,30.5678,遂宁市,石溪浩,细颗粒物(PM2.5),90,78,87,67,66,6,,5,5,29,31,3,3,0.8,0.8
2024-12-21T2100,2528A,105.5582,30.5232,遂宁市,市监测站,细颗粒物(PM2.5),95,91,89,71,70,4,,9,8,40,41,7,7,0.6,0.6
2024-12-21T2100,2529A,105.5861,30.5366,遂宁市,行政中心,细颗粒物(PM2.5),98,90,84,73,66,4,,7,6,33,36,7,8,0.6,0.5
2024-12-21T2100,2530A,105.5918,30.4728,遂宁市,美宁食品公司,细颗粒物(PM2.5),113,101,102,85,75,8,,12,12,30,36,7,9,0.6,0.7
2024-12-21T2100,2706A,82.9994,46.7432,塔城地区,东门外小游园,,31,31,66,17,25,24,,34,32,28,23,4,4,0.1,0.2
2024-12-21T2100,1255A,121.273,28.6459,台州市,黄岩环保大楼,细颗粒物(PM2.5),70,80,64,51,41,86,,93,92,22,25,6,4,0.5,0.4
2024-12-21T2100,1256A,121.419,28.6542,台州市,台州环保大楼,细颗粒物(PM2.5),72,75,68,52,50,90,,88,88,17,31,7,5,0.6,0.5
2024-12-21T2100,1257A,121.377,28.5773,台州市,路桥田洋王,细颗粒物(PM2.5),78,78,74,57,53,85,,91,89,27,38,6,5,0.7,0.6
2024-12-21T2100,3564A,121.2568,28.6681,台州市,台州科技职业学院,细颗粒物(PM2.5),70,80,74,51,45,90,,96,95,18,30,8,6,0.6,0.6
2024-12-21T2100,1081A,112.522,37.8873,太原市,尖草坪,颗粒物(PM10),53,56,38,21,13,34,,55,46,36,24,9,11,0.4,0.5
2024-12-21T2100,1083A,112.434,38.0108,太原市,上兰,,24,24,25,13,16,53,,58,57,9,11,5,7,0.3,0.3
2024-12-21T2100,1084A,112.469,37.7124,太原市,晋源,颗粒物(PM10),68,85,44,22,21,31,,53,36,42,28,10,12,0.5,0.5
2024-12-21T2100,1085A,112.5583,37.7394,太原市,小店,颗粒物(PM10),51,52,43,25,23,21,,57,42,55,29,9,10,0.7,0.6
2024-12-21T2100,1086A,112.5369,37.8692,太原市,桃园,颗粒物(PM10),53,56,42,23,13,28,,60,54,44,24,9,8,0.6,0.5
2024-12-21T2100,1087A,112.57,37.8195,太原市,坞城,,46,46,38,23,17,45,,63,58,28,20,10,10,0.5,0.4
2024-12-21T2100,1088A,112.549,37.9854,太原市,南寨,颗粒物(PM10),55,60,43,25,12,26,,64,52,37,25,6,7,0.3,0.3
2024-12-21T2100,3618A,112.4719,37.7831,太原市,金胜,,46,46,39,16,13,48,,58,48,24,19,11,11,0.4,0.4
2024-12-21T2100,4010A,112.5608,37.8807,太原市,育英中学,,43,43,37,18,14,39,,64,57,34,22,10,10,0.5,0.4
2024-12-21T2100,1656A,117.1437,36.1937,泰安市,监测站,,46,46,45,17,16,29,,68,55,47,21,8,6,0.7,0.6
2024-12-21T2100,1657A,117.0885,36.2017,泰安市,人口学校,,41,41,49,16,23,38,,66,57,29,23,6,6,0.4,0.3
2024-12-21T2100,1658A,117.1089,36.1758,泰安市,电力学校,,36,36,43,17,26,13,,63,50,62,31,7,5,0.7,0.6
2024-12-21T2100,3502A,117.1812,36.2275,泰安市,国网新校,,27,27,35,9,14,62,,70,66,8,8,4,3,0.2,0.2
2024-12-21T2100,3503A,117.0313,36.2018,泰安市,交通技校,,24,24,39,14,25,55,,68,63,18,21,3,4,0.3,0.4
2024-12-21T2100,3504A,117.0829,36.13,泰安市,山东第一医科大学,,36,36,42,13,18,26,,66,56,45,22,5,5,0.8,0.8
2024-12-21T2100,1206A,119.905,32.4878,泰州市,公园路,细颗粒物(PM2.5),62,53,85,44,63,42,,65,60,32,39,10,10,0.5,0.6
2024-12-21T2100,1207A,119.9189,32.4625,泰州市,莲花,"颗粒物(PM10),细颗粒物(PM2.5)",52,54,82,36,59,49,,67,63,30,38,9,7,0.6,0.8
2024-12-21T2100,1209A,119.888,32.4639,泰州市,留学生创业园,颗粒物(PM10),56,62,89,34,63,47,,69,65,34,46,10,10,0.8,0.9
2024-12-21T2100,2997A,119.8767,32.3289,泰州市,王营,颗粒物(PM10),51,52,88,29,63,34,,66,56,46,51,5,6,0.6,0.7
2024-12-21T2100,3295A,120.1259,32.5099,泰州市,姜堰区政府广场,颗粒物(PM10),52,54,88,34,63,41,,65,59,37,43,4,6,0.6,0.7
2024-12-21T2100,3435A,119.9192,32.4322,泰州市,周山河街区,细颗粒物(PM2.5),55,58,90,39,67,53,,67,64,24,31,9,8,0.7,0.8
2024-12-21T2100,1037A,118.131,39.6363,唐山市,雷达站,颗粒物(PM10),51,51,33,28,17,27,,66,50,38,26,5,5,0.4,0.4
2024-12-21T2100,1038A,118.1725,39.6334,唐山市,物资局,,41,41,29,20,10,38,,68,57,31,20,8,9,0.4,0.5
2024-12-21T2100,1040A,118.1705,39.6506,唐山市,十二中,,45,45,26,24,17,37,,69,60,31,20,3,4,0.4,0.4
2024-12-21T2100,1041A,118.1869,39.622,唐山市,小山,,50,50,27,13,11,38,,66,56,29,20,7,7,0.4,0.4
2024-12-21T2100,3457A,118.4359,39.2762,唐山市,冀东油田职工医院,,41,41,40,14,20,38,,64,55,26,21,5,8,0.2,0.5
2024-12-21T2100,3575A,118.09279,39.58089,唐山市,正泰大街热力站,,48,48,27,26,16,22,,64,49,40,20,4,4,0.4,0.2
2024-12-21T2100,3576A,118.1562,39.8322,唐山市,丰润区政府,,50,50,28,31,15,29,,68,57,41,16,12,6,1.6,0.5
2024-12-21T2100,3577A,118.43673,39.73809,唐山市,金山小学,颗粒物(PM10),54,57,43,31,15,28,,67,54,39,19,7,9,0.6,0.6
2024-12-21T2100,3578A,118.24498,39.66941,唐山市,政府服务中心,,41,41,29,9,12,40,,68,61,17,16,4,6,0.4,0.4
2024-12-21T2100,3692A,118.2059,39.6585,唐山市,消防缸窑路中队,颗粒物(PM10),53,56,35,19,13,37,,66,58,30,25,7,7,0.5,0.5
2024-12-21T2100,3693A,118.1436,39.6202,唐山市,路南电大,颗粒物(PM10),55,59,34,23,17,33,,65,52,34,22,6,6,0.4,0.4
2024-12-21T2100,1015A,117.1444,39.1661,天津市,勤俭道,,24,24,19,10,7,44,,62,52,23,13,4,4,0.3,0.2
2024-12-21T2100,1017A,117.237,39.1082,天津市,大直沽八号路,,25,25,20,10,7,48,,62,57,20,12,2,2,0.4,0.3
2024-12-21T2100,1018A,117.202,39.0927,天津市,前进道,,28,28,22,10,7,51,,64,57,21,13,4,4,0.4,0.3
2024-12-21T2100,1019A,117.1837,39.2133,天津市,淮河道,,34,34,22,11,7,41,,66,55,29,15,3,2,0.2,0.2
2024-12-21T2100,1021A,117.307,39.0877,天津市,跃进路,,30,30,28,10,7,55,,70,64,20,11,4,4,0.3,0.3
2024-12-21T2100,1023A,117.707,39.0343,天津市,第四大街,,35,35,23,12,7,36,,62,52,35,18,5,5,0.4,0.4
2024-12-21T2100,1024A,117.457,38.8394,天津市,永明路,颗粒物(PM10),57,63,32,27,11,9,,59,42,63,20,6,5,0.7,0.5
2024-12-21T2100,1026A,117.764,39.1587,天津市,汉北路,,35,35,24,10,6,30,,63,49,35,17,6,6,0,0
2024-12-21T2100,1027A,117.157,38.9194,天津市,团泊洼,,,,,,,,,,,,,,,,
2024-12-21T2100,2858A,117.7918,39.2474,天津市,河西一经路,颗粒物(PM10),56,61,27,21,9,17,,63,45,48,20,5,4,0.5,0.4
2024-12-21T2100,2859A,117.3747,38.9846,天津市,津沽路,,30,30,23,12,7,53,,67,58,23,15,1,2,0.5,0.4
2024-12-21T2100,2860A,117.1589,39.0845,天津市,宾水西道,,20,20,15,12,7,43,,60,53,27,15,3,3,0.4,0.3
2024-12-21T2100,2922A,117.1941,39.1067,天津市,大理道,,25,25,18,11,7,56,,70,63,19,10,5,4,0.3,0.2
2024-12-21T2100,3020A,117.2101,39.1699,天津市,中山北路,,29,29,19,10,6,39,,62,52,36,19,1,1,0.2,0.2
2024-12-21T2100,3051A,117.3876,39.1488,天津市,西四道,,36,36,21,11,6,36,,68,54,36,15,5,5,0.4,0.2
2024-12-21T2100,3325A,117.0365,39.3828,天津市,雍阳西道,,21,21,16,10,6,46,,72,62,31,12,3,3,0.5,0.4
2024-12-21T2100,3326A,117.0296,39.0605,天津市,辛老路,,48,48,29,17,8,20,,69,47,55,17,2,2,0.5,0.4
2024-12-21T2100,3327A,116.9638,38.9375,天津市,地纬路,颗粒物(PM10),69,87,34,47,13,12,,56,,65,21,4,2,0.6,0.4
2024-12-21T2100,3460A,117.4067,40.0583,天津市,北环路,,22,22,13,10,6,46,,70,59,18,8,4,3,0.3,0.2
2024-12-21T2100,3461A,117.3045,39.7169,天津市,建设路,,26,26,22,12,8,47,,60,52,15,5,5,5,0.2,0.2
2024-12-21T2100,3462A,117.8199,39.3521,天津市,滨水东路,,39,39,25,13,8,49,,70,52,17,14,4,3,0.3,0.2
2024-12-21T2100,2649A,106.0055,34.343,天水市,麦积山,,,,,,,,,,,,,,,,
2024-12-21T2100,2650A,105.7205,34.5786,天水市,公园小学,颗粒物(PM10),60,69,78,37,42,81,,80,80,22,26,15,12,0.6,1
2024-12-21T2100,2651A,105.8945,34.5538,天水市,麦积国土局,细颗粒物(PM2.5),73,82,80,53,56,79,,85,85,31,32,17,12,0.3,0.7
2024-12-21T2100,2216A,123.8139,42.3022,铁岭市,汇工街西,细颗粒物(PM2.5),103,99,56,77,43,5,,47,28,63,27,61,14,1.3,0.7
2024-12-21T2100,2217A,123.8649,42.2923,铁岭市,水上乐园,细颗粒物(PM2.5),94,89,62,70,54,25,,45,35,34,26,16,12,0.8,0.6
2024-12-21T2100,2218A,123.8486,42.2867,铁岭市,银州路东段,细颗粒物(PM2.5),69,78,60,50,45,14,,44,30,46,28,9,6,0.6,0.4
2024-12-21T2100,2219A,123.7153,42.2217,铁岭市,金沙江路北,颗粒物(PM10),56,62,48,38,37,11,,45,29,54,29,7,6,0.7,0.7
2024-12-21T2100,2229A,125.9358,41.7173,通化市,光明,颗粒物(PM10),56,62,39,27,24,30,,62,48,31,25,8,11,0.7,0.5
2024-12-21T2100,2230A,125.9446,41.7325,通化市,铁路,,40,40,34,25,23,43,,64,55,23,22,28,11,0.7,0.6
2024-12-21T2100,2191A,122.2532,43.6801,通辽市,艺术职业学校,,36,36,44,3,13,59,,62,60,9,18,8,8,0.4,0.5
2024-12-21T2100,3706A,122.2584,43.6333,通辽市,老干部活动中心,,35,35,47,24,23,61,,61,61,3,13,5,7,0.2,0.3
2024-12-21T2100,3708A,122.2922,43.6189,通辽市,东方明珠社区,颗粒物(PM10),52,53,45,26,28,62,,60,60,9,17,7,11,0.6,0.6
2024-12-21T2100,1922A,109.0656,35.0994,铜川市,党校,,,,,,,,,,,,,,,,
2024-12-21T2100,1923A,109.0697,35.0697,铜川市,王益区政府,颗粒物(PM10),62,74,48,36,31,8,,63,44,59,35,11,6,0.7,0.5
2024-12-21T2100,1924A,108.9344,34.9058,铜川市,新区管委会,细颗粒物(PM2.5),77,73,54,56,33,21,,64,56,61,26,38,14,0.8,0.5
2024-12-21T2100,3651A,108.9543,34.8732,铜川市,旺旺集团,细颗粒物(PM2.5),78,74,54,57,36,25,,66,54,53,24,29,10,0.7,0.4
2024-12-21T2100,2285A,117.8177,30.9412,铜陵市,市第四中学,细颗粒物(PM2.5),89,120,114,66,87,29,,70,57,71,62,3,3,0.6,0.7
2024-12-21T2100,2286A,117.8059,30.9273,铜陵市,市公路局,细颗粒物(PM2.5),97,115,104,72,82,46,,72,66,39,45,3,4,0.7,0.8
2024-12-21T2100,2287A,117.7807,30.9413,铜陵市,市新民污水厂,"颗粒物(PM10),细颗粒物(PM2.5)",73,95,112,53,70,56,,70,68,32,47,17,6,0.6,0.8
2024-12-21T2100,2288A,117.7439,30.8792,铜陵市,市第九中学,细颗粒物(PM2.5),85,110,118,63,78,45,,63,60,46,57,4,7,0.6,0.6
2024-12-21T2100,2289A,117.846,30.9413,铜陵市,车站新区,细颗粒物(PM2.5),82,91,105,60,80,53,,75,70,36,50,8,7,0.6,0.7
2024-12-21T2100,2290A,117.8483,30.97,铜陵市,市职教基地,颗粒物(PM10),71,91,111,51,76,53,,71,66,33,53,10,9,0.6,0.7
2024-12-21T2100,2585A,109.1839,27.7344,铜仁市,铜仁卫校,细颗粒物(PM2.5),88,96,97,65,69,76,,76,76,18,24,4,2,0.6,0.6
2024-12-21T2100,2586A,109.1753,27.6944,铜仁市,铜仁七中,细颗粒物(PM2.5),103,78,81,77,81,76,,79,79,21,29,5,4,0.7,0.7
2024-12-21T2100,2686A,89.1904,42.9418,吐鲁番市,市环保局,,,,162,,84,,,48,48,53,48,,6,2.4,1.8
2024-12-21T2100,2687A,89.1673,42.9559,吐鲁番市,地区环保局,细颗粒物(PM2.5),208,214,159,158,93,,,40,,,50,9,5,2.5,1.9
2024-12-21T2100,1662A,122.1214,37.4236,威海市,华夏技校,,24,19,32,7,19,74,,74,74,5,13,4,5,0.3,0.4
2024-12-21T2100,1663A,122.0508,37.5236,威海市,山大分校,,26,12,29,3,15,82,,80,80,6,13,6,6,0.4,0.5
2024-12-21T2100,1664A,122.1067,37.5072,威海市,市监测站,,23,15,32,3,16,72,,70,70,4,11,3,3,0.4,0.5
2024-12-21T2100,1982A,122.0693,37.2174,威海市,文登开发区,,23,23,42,7,24,72,,70,70,4,13,8,9,0.2,0.3
2024-12-21T2100,3505A,122.1379,37.3414,威海市,临港区管委会,,22,17,35,6,20,70,,70,70,5,12,2,3,0.1,0.2
2024-12-21T2100,1650A,119.1437,36.7023,潍坊市,环保局,颗粒物(PM10),51,51,62,27,29,22,,45,42,47,38,11,9,0.8,0.7
2024-12-21T2100,2877A,119.1641,36.6523,潍坊市,坊子邮政,颗粒物(PM10),57,63,68,29,30,18,,46,42,53,40,15,13,0.7,0.7
2024-12-21T2100,3178A,119.0587,36.721,潍坊市,潍坊七中,颗粒物(PM10),56,61,69,26,30,7,,41,31,54,39,19,14,0.5,0.5
2024-12-21T2100,3368A,119.1977,36.6872,潍坊市,高新实验学校,,48,48,68,24,28,35,,50,49,40,34,16,14,0.7,0.6
2024-12-21T2100,3416A,119.1755,36.7149,潍坊市,潍坊学院,颗粒物(PM10),51,51,64,24,27,34,,56,54,39,30,17,14,0.9,0.8
2024-12-21T2100,3861A,119.2041,36.7699,潍坊市,寒亭区实验一小,颗粒物(PM10),58,66,66,34,29,18,,48,44,53,35,18,15,1.0,0.8
2024-12-21T2100,1938A,109.5293,34.5101,渭南市,农科所,,,,,,,,,,,,,,,,
2024-12-21T2100,1939A,109.4974,34.4877,渭南市,日报社,颗粒物(PM10),62,73,57,38,31,12,,68,51,61,37,3,4,0.6,0.6
2024-12-21T2100,1940A,109.4636,34.493,渭南市,体育馆,颗粒物(PM10),54,58,60,24,24,7,,70,52,73,32,9,8,0.5,0.5
2024-12-21T2100,1941A,109.4259,34.5023,渭南市,高新一小,颗粒物(PM10),57,64,60,34,28,10,,73,61,68,29,8,7,0.8,0.6
2024-12-21T2100,1242A,120.634,28.0089,温州市,瓯海,"颗粒物(PM10),细颗粒物(PM2.5)",58,66,72,41,44,72,,83,81,25,44,9,11,0.4,0.4
2024-12-21T2100,1243A,120.6748,27.9939,温州市,南浦,细颗粒物(PM2.5),77,68,70,56,48,80,,87,86,22,43,9,8,0.5,0.6
2024-12-21T2100,1244A,120.76,27.9747,温州市,龙湾,细颗粒物(PM2.5),64,63,56,46,37,77,,84,82,27,46,8,7,0.5,0.5
2024-12-21T2100,1245A,120.6709,28.0167,温州市,市站,细颗粒物(PM2.5),80,84,64,59,42,74,,87,85,27,40,9,8,0.5,0.5
2024-12-21T2100,3561A,120.6985,27.9251,温州市,茶山,细颗粒物(PM2.5),59,61,53,42,36,70,,83,79,31,38,7,6,0.4,0.4
2024-12-21T2100,2610A,104.2533,23.3594,文山壮族苗族自治州,州水务局,细颗粒物(PM2.5),88,81,77,65,61,72,,82,78,18,15,7,7,0.7,0.6
2024-12-21T2100,2611A,104.2319,23.3892,文山壮族苗族自治州,市便民服务中心,细颗粒物(PM2.5),78,,62,57,64,79,,85,81,17,15,6,6,0.6,0.8
2024-12-21T2100,2187A,106.8174,39.6973,乌海市,市林业局,颗粒物(PM10),63,76,72,22,31,25,,31,31,50,41,18,14,0.6,0.8
2024-12-21T2100,2188A,106.7907,39.6667,乌海市,中海勃湾学校,颗粒物(PM10),66,82,59,26,25,6,,41,33,66,36,21,19,0.8,0.8
2024-12-21T2100,3284A,106.813,39.7274,乌海市,海北新区,颗粒物(PM10),67,84,89,10,29,5,,30,25,66,48,25,25,0.7,0.9
2024-12-21T2100,3621A,106.8288,39.6778,乌海市,聚英学校,颗粒物(PM10),66,81,78,20,26,16,,30,28,57,48,28,31,0.5,0.8
2024-12-21T2100,2197A,113.1306,40.9923,乌兰察布市,集宁新区,,38,33,18,26,15,17,,65,47,45,13,15,8,0.7,0.5
2024-12-21T2100,3034A,113.1076,41.0385,乌兰察布市,光明街小学,,40,40,23,28,20,38,,69,60,36,12,15,11,0.6,0.4
2024-12-21T2100,3285A,113.1376,40.9509,乌兰察布市,北京八中,,36,36,22,23,11,41,,63,55,27,14,27,15,0.3,0.3
2024-12-21T2100,3421A,113.1775,40.9779,乌兰察布市,市委党校,,28,28,21,18,15,49,,68,64,21,9,28,14,0.4,0.3
2024-12-21T2100,1490A,87.5801,43.8303,乌鲁木齐市,监测站,,,,70,,45,4,,22,21,,86,,3,1.4,1.4
2024-12-21T2100,1491A,87.6046,43.768,乌鲁木齐市,收费所,细颗粒物(PM2.5),89,81,59,66,50,4,,42,11,84,61,2,3,1.2,1
2024-12-21T2100,1492A,87.4754,43.9469,乌鲁木齐市,新疆农科院农场,细颗粒物(PM2.5),72,53,57,52,58,58,,49,49,21,54,7,6,1.0,1.3
2024-12-21T2100,1493A,87.5525,43.8711,乌鲁木齐市,铁路局,细颗粒物(PM2.5),107,108,89,80,67,2,,22,22,92,86,5,5,1.1,1.3
2024-12-21T2100,1494A,87.6432,43.831,乌鲁木齐市,三十一中学,细颗粒物(PM2.5),100,101,77,75,57,40,,31,31,66,73,5,4,1.1,1
2024-12-21T2100,1496A,87.7216,44.1747,乌鲁木齐市,米东区环保局,细颗粒物(PM2.5),172,148,159,130,137,7,,25,23,92,82,5,5,1.3,1.3
2024-12-21T2100,3033A,87.4651,43.4569,乌鲁木齐市,培训基地,细颗粒物(PM2.5),70,68,24,51,12,9,,80,66,84,15,3,3,1.2,0.4
2024-12-21T2100,3437A,88.3118,43.3658,乌鲁木齐市,达坂城区环保局,颗粒物(PM10),68,85,35,48,19,3,,68,52,97,20,1,2,1.2,0.4
2024-12-21T2100,3438A,87.6162,43.8801,乌鲁木齐市,红光山片区,细颗粒物(PM2.5),73,81,74,53,62,1,,29,25,91,73,7,6,1.5,1.4
2024-12-21T2100,3439A,87.7024,43.8004,乌鲁木齐市,新师大温泉校区,细颗粒物(PM2.5),113,113,69,85,50,30,,59,49,60,36,1,1,0.9,0.7
2024-12-21T2100,3440A,87.4921,43.8411,乌鲁木齐市,大绿谷,细颗粒物(PM2.5),88,90,71,65,52,3,,36,36,99,77,1,3,1.2,1.1
2024-12-21T2100,1188A,120.269,31.4867,无锡市,雪浪,颗粒物(PM10),59,68,84,31,52,46,,68,62,32,44,10,11,0.4,0.6
2024-12-21T2100,1189A,120.275,31.6219,无锡市,黄巷,颗粒物(PM10),58,66,107,34,58,38,,58,48,38,60,7,9,0.5,0.7
2024-12-21T2100,1190A,120.294,31.56,无锡市,曹张,颗粒物(PM10),62,74,100,36,57,44,,56,50,31,54,9,11,0.7,0.9
2024-12-21T2100,1191A,120.242,31.5031,无锡市,漆塘,颗粒物(PM10),56,61,88,31,57,42,,62,58,30,40,8,9,0.8,1
2024-12-21T2100,1192A,120.3489,31.5863,无锡市,东亭,颗粒物(PM10),62,73,100,39,56,35,,57,50,36,48,7,8,0.6,0.8
2024-12-21T2100,1193A,120.354,31.5475,无锡市,旺庄,颗粒物(PM10),56,61,91,36,57,39,,59,54,39,52,8,10,0.8,0.9
2024-12-21T2100,1194A,120.245,31.5631,无锡市,荣巷,颗粒物(PM10),57,63,90,39,58,48,,63,58,30,45,5,6,0.5,0.7
2024-12-21T2100,1195A,120.299,31.6817,无锡市,堰桥,颗粒物(PM10),54,58,101,34,60,46,,61,56,26,50,10,11,0.7,0.9
2024-12-21T2100,3428A,120.3142,31.4753,无锡市,华庄,,50,50,88,30,55,45,,64,60,28,42,8,9,0.7,0.9
2024-12-21T2100,2677A,106.1532,37.9648,吴忠市,教育园区,,29,29,41,16,21,43,,55,52,21,30,14,30,0.4,0.6
2024-12-21T2100,2679A,106.1856,37.9956,吴忠市,新区二泵站,,38,38,47,19,21,46,,58,56,20,26,13,37,0.4,0.5
2024-12-21T2100,3648A,106.2112,37.9768,吴忠市,文卫南街,,32,32,55,17,24,46,,55,54,17,27,9,15,0.4,0.6
2024-12-21T2100,1794A,118.3606,31.3519,芜湖市,监测站,颗粒物(PM10),67,83,117,42,77,39,,62,60,43,50,12,14,0.7,0.8
2024-12-21T2100,1795A,118.3714,31.4134,芜湖市,科创中心,颗粒物(PM10),66,81,111,38,82,34,,66,62,53,52,11,14,0.6,0.8
2024-12-21T2100,1796A,118.3673,31.3131,芜湖市,四水厂,颗粒物(PM10),75,100,119,41,71,41,,64,63,43,48,13,16,0.6,0.7
2024-12-21T2100,3328A,118.4209,31.3707,芜湖市,市气象局,颗粒物(PM10),64,78,100,43,76,42,,59,56,32,51,11,14,0.7,0.9
2024-12-21T2100,3465A,118.4781,31.3225,芜湖市,清苑社区,颗粒物(PM10),76,102,130,44,73,14,,54,46,66,62,10,12,0.7,0.8
2024-12-21T2100,3466A,118.2746,31.2326,芜湖市,扬子职业技术学院,细颗粒物(PM2.5),73,90,100,53,69,41,,68,64,43,46,10,12,0.6,0.7
2024-12-21T2100,2495A,111.3014,23.4832,梧州市,市逸夫小学,颗粒物(PM10),73,96,127,47,54,96,,116,112,17,36,13,15,0.9,0.9
2024-12-21T2100,2496A,111.3239,23.4794,梧州市,市十一中,颗粒物(PM10),80,109,115,46,48,100,,119,117,18,43,10,11,0.7,0.7
2024-12-21T2100,2497A,111.247,23.4189,梧州市,龙圩,细颗粒物(PM2.5),79,71,81,58,48,85,,110,107,25,38,14,12,0.9,0.9
2024-12-21T2100,2498A,111.2711,23.4835,梧州市,龙新,细颗粒物(PM2.5),64,61,85,46,42,94,,118,113,22,41,14,15,0.9,1
2024-12-21T2100,2711A,87.5475,44.1756,五家渠市,农水大厦,细颗粒物(PM2.5),142,133,157,108,122,37,,40,40,48,60,6,6,1.0,1.3
2024-12-21T2100,3441A,87.546,44.1912,五家渠市,经开区管委会,细颗粒物(PM2.5),165,156,167,125,142,32,,30,30,55,63,5,5,1.2,1.4
2024-12-21T2100,1325A,114.3677,30.5584,武汉市,东湖梨园,细颗粒物(PM2.5),64,71,85,46,72,66,,98,94,28,36,9,10,0.5,0.8
2024-12-21T2100,1326A,114.2529,30.558,武汉市,汉阳月湖,颗粒物(PM10),64,78,90,44,74,56,,83,81,19,34,10,10,0.7,0.8
2024-12-21T2100,1327A,114.282,30.6189,武汉市,汉口花桥,颗粒物(PM10),61,72,84,39,65,65,,92,89,20,35,8,9,0.6,0.7
2024-12-21T2100,1328A,114.3025,30.5332,武汉市,武昌紫阳,颗粒物(PM10),66,81,91,42,71,61,,92,89,24,35,10,11,0.4,0.5
2024-12-21T2100,1329A,114.3646,30.6217,武汉市,青山钢花,细颗粒物(PM2.5),77,76,92,56,76,56,,87,82,27,42,10,10,0.5,0.7
2024-12-21T2100,1330A,114.1566,30.4825,武汉市,沌口新区,细颗粒物(PM2.5),80,84,96,59,90,58,,81,79,27,46,10,12,0.6,0.7
2024-12-21T2100,1331A,114.3014,30.5944,武汉市,汉口江滩,"颗粒物(PM10),细颗粒物(PM2.5)",59,68,85,42,72,63,,97,92,22,33,9,9,0.5,0.7
2024-12-21T2100,1333A,114.135,30.6319,武汉市,吴家山,颗粒物(PM10),70,89,94,44,73,61,,89,84,26,45,10,11,0.6,0.7
2024-12-21T2100,1334A,113.8454,30.2917,武汉市,沉湖七壕,细颗粒物(PM2.5),74,92,88,54,67,70,,90,90,17,29,6,6,0.6,0.7
2024-12-21T2100,3153A,114.3877,30.4908,武汉市,民族大道182号,细颗粒物(PM2.5),67,76,78,48,73,60,,91,87,28,44,12,23,0.6,1.2
2024-12-21T2100,2652A,102.6201,37.9251,武威市,监测站,细颗粒物(PM2.5),129,106,41,98,27,11,,55,43,53,17,9,8,1.0,0.5
2024-12-21T2100,3201A,102.6486,37.9325,武威市,东关招商场,细颗粒物(PM2.5),63,55,38,45,25,29,,56,49,35,17,6,6,0.8,0.5
2024-12-21T2100,1463A,108.993,34.2629,西安市,兴庆小区,,42,42,56,24,32,52,,72,65,31,33,8,8,0.4,0.5
2024-12-21T2100,1464A,109.06,34.2572,西安市,纺织城,颗粒物(PM10),59,67,74,38,50,11,,66,52,58,44,8,8,0.5,0.6
2024-12-21T2100,1465A,108.9356,34.2173,西安市,小寨,,48,48,70,22,30,48,,68,62,29,32,6,6,0.5,0.5
2024-12-21T2100,1466A,108.954,34.2713,西安市,市人民体育场,,40,33,54,28,26,44,,69,63,39,32,8,7,0.3,0.4
2024-12-21T2100,1467A,108.8922,34.2322,西安市,高新西区,,41,41,45,24,26,47,,69,63,32,26,7,6,0.5,0.5
2024-12-21T2100,1468A,108.935,34.3474,西安市,经开区,,45,45,52,26,29,48,,64,61,32,29,6,6,0.4,0.2
2024-12-21T2100,1469A,108.906,34.1546,西安市,长安区,颗粒物(PM10),74,97,90,49,56,7,,67,57,80,46,10,8,0.7,0.6
2024-12-21T2100,1471A,109.2186,34.3731,西安市,临潼区,,50,50,51,32,38,39,,64,54,37,29,8,8,0.6,0.5
2024-12-21T2100,1472A,108.869,34.378,西安市,草滩,,38,38,55,17,25,32,,62,56,36,27,4,3,0.4,0.4
2024-12-21T2100,1473A,108.985,34.1978,西安市,曲江文化产业集团,,46,46,74,21,44,48,,64,60,28,39,9,10,0.3,0.5
2024-12-21T2100,1474A,109.051,34.3213,西安市,广运潭,颗粒物(PM10),53,55,64,31,42,23,,64,53,51,33,6,6,0.5,0.5
2024-12-21T2100,3524A,108.6116,34.1164,西安市,文体局,颗粒物(PM10),68,86,84,46,52,25,,54,49,51,44,11,9,0.8,0.8
2024-12-21T2100,3605A,109.09,34.5236,西安市,无线电监控中心,细颗粒物(PM2.5),79,84,64,58,43,21,,68,52,61,36,16,12,0.6,0.4
2024-12-21T2100,4055A,108.8869,34.2662,西安市,行知小学,颗粒物(PM10),52,54,53,27,27,47,,66,58,32,29,9,8,0.5,0.5
2024-12-21T2100,1483A,101.524,36.6867,西宁市,第五水厂,,,,,,,,,,,,,,,,
2024-12-21T2100,3055A,101.7775,36.6428,西宁市,城北区政府,细颗粒物(PM2.5),147,142,101,112,78,15,,62,54,97,56,25,23,1.6,1.6
2024-12-21T2100,3629A,101.8305,36.5786,西宁市,世纪职校,细颗粒物(PM2.5),118,115,96,89,86,15,,38,34,88,62,32,22,1.3,1.5
2024-12-21T2100,3630A,101.7413,36.6397,西宁市,师大城西校区,细颗粒物(PM2.5),113,107,105,85,79,25,,47,42,93,64,36,28,1.7,2.1
2024-12-21T2100,2612A,100.7939,22.0019,西双版纳傣族自治州,景洪市江南,颗粒物(PM10),58,65,44,32,28,17,,63,57,40,20,7,6,0.7,0.6
2024-12-21T2100,2613A,100.8017,22.0225,西双版纳傣族自治州,景洪市江北,,50,48,33,35,23,25,,68,63,30,14,8,8,0.6,0.5
2024-12-21T2100,3606A,108.7108,34.46,西咸新区,北杜,颗粒物(PM10),52,53,60,30,36,22,,64,48,62,44,7,7,0.6,0.6
2024-12-21T2100,3607A,108.7096,34.2956,西咸新区,同德佳苑,,37,37,55,20,27,55,,65,63,26,26,4,4,0.5,0.6
2024-12-21T2100,3608A,108.8558,34.4978,西咸新区,崇文塔,细颗粒物(PM2.5),53,42,64,37,42,44,,64,60,39,30,6,5,0.6,0.6
2024-12-21T2100,2202A,116.1042,43.9317,锡林郭勒盟,市环保监测站,,20,,7,8,5,62,,63,62,5,8,6,6,0.3,0.3
2024-12-21T2100,2203A,116.0781,43.9311,锡林郭勒盟,市政府,,20,13,13,9,7,63,,63,62,6,9,8,8,0.2,0.2
2024-12-21T2100,1286A,118.1608,24.8169,厦门市,溪东,,,,,,,,,,,,,,,,
2024-12-21T2100,1287A,118.1514,24.4767,厦门市,洪文,颗粒物(PM10),57,63,48,27,23,84,,103,100,16,30,2,3,0.4,0.4
2024-12-21T2100,1288A,118.0661,24.4444,厦门市,鼓浪屿,颗粒物(PM10),51,52,44,23,23,88,,108,108,18,34,2,4,0.4,0.4
2024-12-21T2100,2842A,118.0936,24.5058,厦门市,湖里中学,颗粒物(PM10),56,62,47,27,24,87,,96,96,16,35,2,3,0.4,0.5
2024-12-21T2100,3527A,118.0958,24.5688,厦门市,集美中学,颗粒物(PM10),55,59,44,27,24,94,,106,106,18,36,5,3,0.7,0.7
2024-12-21T2100,3528A,118.1493,24.7245,厦门市,同安二实小,,50,50,26,30,16,89,,103,101,15,13,9,4,0.4,0.4
2024-12-21T2100,2447A,114.3175,29.8142,咸宁市,森林公园,细颗粒物(PM2.5),77,68,74,56,52,65,,86,85,36,39,10,10,0.8,0.8
2024-12-21T2100,2448A,114.3107,29.8454,咸宁市,市发改委,细颗粒物(PM2.5),99,106,105,74,76,68,,98,94,34,31,9,6,0.7,0.8
2024-12-21T2100,2449A,114.2936,29.8566,咸宁市,咸安区政府,细颗粒物(PM2.5),85,96,102,63,75,66,,90,86,31,37,4,8,0.7,0.8
2024-12-21T2100,3655A,114.3375,29.8683,咸宁市,长江产业园,细颗粒物(PM2.5),125,110,118,95,92,72,,106,101,28,39,8,8,0.9,1
2024-12-21T2100,1918A,108.7197,34.3956,咸阳市,气象站,,,,,,,,,,,,,,,,
2024-12-21T2100,1919A,108.673,34.3155,咸阳市,实验中学,,45,45,61,27,34,51,,68,65,30,28,6,5,0.6,0.6
2024-12-21T2100,1920A,108.7233,34.3617,咸阳市,师范学院,颗粒物(PM10),54,58,68,33,44,38,,65,58,41,32,7,8,0.5,0.6
2024-12-21T2100,3165A,108.6594,34.2969,咸阳市,两寺渡,,49,49,66,26,37,52,,67,64,31,30,11,10,0.4,0.5
2024-12-21T2100,3525A,108.6396,34.4078,咸阳市,奥体中心,颗粒物(PM10),58,65,72,32,41,31,,63,53,42,36,8,8,0.6,0.6
2024-12-21T2100,1508A,112.9433,27.8614,湘潭市,板塘,细颗粒物(PM2.5),119,135,126,90,95,70,,67,65,33,41,6,7,0.6,0.6
2024-12-21T2100,1511A,112.9118,27.8403,湘潭市,市监测站,细颗粒物(PM2.5),108,129,123,81,93,65,,64,58,27,33,8,8,0.5,0.6
2024-12-21T2100,1512A,112.8937,27.8728,湘潭市,江麓,细颗粒物(PM2.5),112,111,113,84,95,76,,76,69,27,35,8,9,0.6,0.6
2024-12-21T2100,1513A,112.9227,27.8159,湘潭市,岳塘,细颗粒物(PM2.5),110,122,110,83,95,69,,68,62,31,40,,11,0.7,0.7
2024-12-21T2100,1514A,112.9074,27.9119,湘潭市,科大,细颗粒物(PM2.5),134,149,129,102,97,77,,73,69,33,40,8,9,0.8,0.8
2024-12-21T2100,1562A,113.0048,27.9153,湘潭市,昭山,细颗粒物(PM2.5),108,151,136,81,93,60,,53,50,35,55,7,7,0.6,0.7
2024-12-21T2100,1564A,112.4876,27.9164,湘潭市,韶山,颗粒物(PM10),91,132,118,58,64,68,,93,70,29,31,8,9,0.7,0.7
2024-12-21T2100,2492A,109.6414,28.2558,湘西土家族苗族自治州,跃进水库,细颗粒物(PM2.5),60,48,47,43,38,25,,33,32,4,8,8,8,0.9,0.9
2024-12-21T2100,2493A,109.7325,28.3169,湘西土家族苗族自治州,州政府,细颗粒物(PM2.5),107,99,96,80,76,77,,77,77,19,27,8,7,0.3,0.4
2024-12-21T2100,2494A,109.6958,28.2675,湘西土家族苗族自治州,吉首市计生局,细颗粒物(PM2.5),93,98,98,69,77,79,,83,83,25,33,6,5,0.6,0.8
2024-12-21T2100,2432A,112.155,32.0197,襄阳市,襄城运动路,颗粒物(PM10),69,87,108,45,60,52,,73,71,38,41,12,12,0.7,0.8
2024-12-21T2100,2433A,112.1392,32.0564,襄阳市,樊城新华路,颗粒物(PM10),65,80,102,45,61,56,,69,68,27,39,11,11,0.5,0.6
2024-12-21T2100,2434A,112.1825,32.1142,襄阳市,高新管委会,细颗粒物(PM2.5),72,86,103,52,67,56,,71,69,25,38,13,10,0.6,0.7
2024-12-21T2100,2435A,112.2106,32.0903,襄阳市,襄州航空路,细颗粒物(PM2.5),72,84,110,52,63,52,,67,64,30,43,10,11,0.7,0.8
2024-12-21T2100,3396A,112.0828,32.0067,襄阳市,襄城隆中路,颗粒物(PM10),68,85,105,44,60,57,,72,70,31,33,11,12,0.6,0.7
2024-12-21T2100,3397A,112.1214,32.1008,襄阳市,高新台子湾,颗粒物(PM10),88,125,124,50,59,46,,71,65,40,46,13,12,0.5,0.5
2024-12-21T2100,2443A,113.9153,30.9285,孝感市,文化路,颗粒物(PM10),76,101,119,44,78,54,,79,74,26,36,9,9,0.6,0.7
2024-12-21T2100,2444A,113.942,30.9075,孝感市,东城区,颗粒物(PM10),72,94,121,46,80,54,,81,74,29,44,9,10,0.6,0.8
2024-12-21T2100,2181A,112.7383,38.4519,忻州市,开发区,颗粒物(PM10),54,57,29,19,16,22,,61,54,48,18,5,6,0.6,0.4
2024-12-21T2100,2182A,112.7003,38.4928,忻州市,会展中心,,49,43,28,34,16,12,,62,50,57,18,5,6,0.7,0.5
2024-12-21T2100,3208A,112.7283,38.4153,忻州市,市政府,颗粒物(PM10),64,77,32,28,13,15,,66,51,59,20,11,4,0.9,0.2
2024-12-21T2100,2389A,113.836,35.311,新乡市,环保西院,颗粒物(PM10),56,62,77,23,30,14,,51,44,53,29,2,3,0.7,0.5
2024-12-21T2100,2390A,113.884,35.272,新乡市,开发区,颗粒物(PM10),67,83,67,46,34,15,,57,44,56,29,8,6,0.7,0.5
2024-12-21T2100,2391A,113.883,35.303,新乡市,环保东院,颗粒物(PM10),65,79,79,39,43,27,,47,44,44,33,4,4,0.6,0.5
2024-12-21T2100,3054A,113.9194,35.2847,新乡市,市委党校,颗粒物(PM10),72,94,83,45,37,19,,54,43,50,29,8,6,0.6,0.5
2024-12-21T2100,3475A,113.9188,35.3045,新乡市,市政府,颗粒物(PM10),52,53,74,30,36,24,,54,48,45,34,6,5,0.7,0.6
2024-12-21T2100,3476A,113.9135,35.3327,新乡市,河师大,颗粒物(PM10),67,83,88,39,41,18,,55,44,48,33,9,10,0.6,0.6
2024-12-21T2100,3689A,113.9003,35.372,新乡市,行政服务中心,,,,29,41,47,8,,48,40,55,29,8,9,0.6,0.5
2024-12-21T2100,2352A,115.0861,27.9317,新余市,北岗,,,,,,,,,,,,,,,,
2024-12-21T2100,2353A,114.9886,27.8431,新余市,飞宇,细颗粒物(PM2.5),102,116,87,76,77,89,,110,107,27,40,15,18,0.3,0.6
2024-12-21T2100,2354A,114.9231,27.8246,新余市,第二水厂,细颗粒物(PM2.5),94,111,83,70,72,86,,106,105,33,45,16,19,0.3,0.5
2024-12-21T2100,2355A,114.9308,27.8036,新余市,市气象局,细颗粒物(PM2.5),109,106,81,82,64,84,,111,106,31,41,8,13,0.4,0.6
2024-12-21T2100,3206A,114.9149,27.807,新余市,新钢沁园村,细颗粒物(PM2.5),102,112,86,76,59,83,,105,103,35,45,14,19,0.5,0.6
2024-12-21T2100,2054A,114.1099,32.1059,信阳市,平桥分局,颗粒物(PM10),69,87,94,46,62,50,,63,61,25,32,6,6,0.4,0.6
2024-12-21T2100,2064A,113.9956,32.1271,信阳市,南湾水厂,细颗粒物(PM2.5),64,73,87,46,60,51,,67,65,26,25,5,5,0.5,0.5
2024-12-21T2100,2065A,114.0775,32.1195,信阳市,市酿酒公司,颗粒物(PM10),59,68,92,41,67,52,,62,61,27,36,6,5,0.5,0.8
2024-12-21T2100,2066A,114.0609,32.1399,信阳市,审计局,细颗粒物(PM2.5),70,86,94,51,69,50,,65,63,22,30,7,7,0.6,0.8
2024-12-21T2100,2200A,122.0392,46.0656,兴安盟,胜华新制药厂,,33,33,40,22,33,62,,60,58,9,16,6,5,0.3,0.6
2024-12-21T2100,2201A,121.9504,46.0741,兴安盟,科右前旗环保局,,25,25,40,16,30,72,,66,66,3,14,3,4,0.3,0.7
2024-12-21T2100,3035A,122.0931,46.0707,兴安盟,北滨河,,44,44,71,17,48,67,,62,62,6,25,3,7,0.5,1.1
2024-12-21T2100,1077A,114.4704,37.0886,邢台市,达活泉,颗粒物(PM10),52,53,51,17,14,15,,69,62,50,13,3,5,0.7,0.5
2024-12-21T2100,1078A,114.5062,37.0349,邢台市,邢师高专,颗粒物(PM10),52,53,56,19,19,10,,62,50,54,21,2,3,0.5,0.4
2024-12-21T2100,1079A,114.5237,37.0851,邢台市,路桥公司,,49,49,44,24,13,20,,70,60,57,17,3,3,0.6,0.3
2024-12-21T2100,1080A,114.4725,37.0719,邢台市,市环保局,,38,38,47,19,12,18,,62,57,44,12,2,4,0.5,0.3
2024-12-21T2100,3584A,115.8844,39.0341,雄安新区,容城县环境保护局,,42,42,29,12,4,28,,74,63,50,28,8,8,0.3,0.2
2024-12-21T2100,3585A,115.8665,39.0645,雄安新区,河北容城中学,,34,34,29,11,9,8,,68,49,67,31,4,5,0.5,0.4
2024-12-21T2100,3586A,115.923,38.9405,雄安新区,安新县民政局,颗粒物(PM10),52,54,38,30,14,44,,71,66,25,15,8,8,0.9,0.4
2024-12-21T2100,3587A,115.9324,38.9338,雄安新区,安新县电力局,,42,39,29,29,10,41,,69,65,29,19,10,10,0.6,0.5
2024-12-21T2100,3588A,116.0901,38.9816,雄安新区,雄县环境保护局,颗粒物(PM10),67,83,38,38,8,8,,69,48,77,25,3,3,1.0,0.3
2024-12-21T2100,3589A,116.1105,39.0046,雄安新区,雄县国土资源局,颗粒物(PM10),57,64,35,33,11,20,,64,50,55,20,2,2,0.5,0.2
2024-12-21T2100,1177A,117.179,34.2761,徐州市,黄河新村,颗粒物(PM10),53,56,103,20,62,40,,58,52,33,43,16,12,0.3,0.6
2024-12-21T2100,1178A,117.1918,34.2384,徐州市,淮塔,颗粒物(PM10),52,53,93,23,56,47,,63,58,31,40,14,12,0.3,0.5
2024-12-21T2100,1180A,117.256,34.2153,徐州市,新城区,,49,49,93,21,55,43,,60,55,28,38,10,12,0.7,0.9
2024-12-21T2100,1181A,117.244,34.2911,徐州市,桃园路,颗粒物(PM10),59,68,112,27,57,32,,59,52,38,44,6,9,0.4,0.6
2024-12-21T2100,1182A,117.2933,34.2778,徐州市,农科院,颗粒物(PM10),56,61,100,29,54,31,,58,51,38,41,9,10,0.8,1
2024-12-21T2100,3005A,117.1814,34.29,徐州市,鼓楼区政府,,42,42,79,22,51,40,,59,55,29,40,15,12,0.5,0.7
2024-12-21T2100,3006A,117.1694,34.1781,徐州市,铜山区招生办,颗粒物(PM10),53,56,97,14,50,46,,62,58,28,40,7,9,0.4,0.6
2024-12-21T2100,3288A,117.4754,34.4422,徐州市,大泉街道,颗粒物(PM10),56,61,112,22,61,41,,58,54,30,43,11,13,0.8,1.1
2024-12-21T2100,2396A,113.8276,34.0159,许昌市,监测站,颗粒物(PM10),70,90,87,34,51,39,,59,53,31,33,7,7,0.5,0.6
2024-12-21T2100,2398A,113.7906,33.9953,许昌市,开发区,颗粒物(PM10),67,84,90,37,48,40,,63,57,35,34,8,9,0.4,0.4
2024-12-21T2100,3134A,113.8172,34.0339,许昌市,市一中,颗粒物(PM10),60,70,94,39,59,44,,60,56,28,34,5,6,0.5,0.7
2024-12-21T2100,3337A,113.8614,34.0442,许昌市,许昌学院,颗粒物(PM10),76,102,107,48,57,38,,64,55,44,35,8,8,0.6,0.7
2024-12-21T2100,3338A,113.843,34.0823,许昌市,芙蓉广场,颗粒物(PM10),60,70,97,40,59,34,,59,51,44,45,8,9,0.5,0.6
2024-12-21T2100,3597A,113.8134,34.1251,许昌市,建安区兴业大厦,颗粒物(PM10),75,99,102,54,55,30,,56,46,37,34,4,5,0.6,0.6
2024-12-21T2100,2316A,118.7581,30.9454,宣城市,鳌峰子站,细颗粒物(PM2.5),82,103,97,60,67,56,,74,72,32,41,8,8,0.8,0.9
2024-12-21T2100,2317A,118.7385,30.9743,宣城市,敬亭山子站,细颗粒物(PM2.5),82,99,100,60,73,62,,77,76,27,41,8,8,0.7,0.8
2024-12-21T2100,2318A,118.7173,30.9427,宣城市,开发区子站,细颗粒物(PM2.5),77,96,94,56,65,52,,72,68,32,41,16,11,1.1,1.1
2024-12-21T2100,3470A,118.7724,30.9141,宣城市,夏渡子站,细颗粒物(PM2.5),92,108,94,68,72,62,,76,74,30,37,7,7,0.6,0.7
2024-12-21T2100,2554A,103.0475,30.02,雅安市,建安厂,细颗粒物(PM2.5),68,55,82,49,73,51,,35,35,28,36,5,5,0.5,0.6
2024-12-21T2100,2555A,103.0111,29.9833,雅安市,市政府,细颗粒物(PM2.5),73,60,84,53,76,49,,46,39,27,28,7,7,0.6,0.7
2024-12-21T2100,2556A,102.9905,29.9775,雅安市,川农大,细颗粒物(PM2.5),64,54,70,46,65,49,,48,40,25,24,4,4,0.5,0.6
2024-12-21T2100,3700A,103.0456,29.9956,雅安市,康养中心,,,84,74,23,47,73,,68,67,14,12,5,5,,
2024-12-21T2100,1642A,121.2514,37.5639,烟台市,开发区,,39,39,35,7,18,75,,75,75,11,13,3,3,0.6,0.5
2024-12-21T2100,1643A,121.3719,37.5433,烟台市,轴承厂,,24,24,33,9,23,68,,66,66,7,13,8,9,0.5,0.5
2024-12-21T2100,1644A,121.3181,37.5436,烟台市,西郊化工站,,27,27,31,10,19,72,,70,70,8,10,6,6,0.8,0.7
2024-12-21T2100,1645A,121.4478,37.4822,烟台市,莱山环保局,,24,24,29,6,18,72,,71,71,5,8,1,2,0.6,0.7
2024-12-21T2100,1646A,121.2611,37.4967,烟台市,福山环保局,,36,36,41,19,23,65,,71,70,14,10,5,5,0.8,0.4
2024-12-21T2100,3057A,121.5992,37.4014,烟台市,牟平检察院,,25,9,30,7,21,79,,76,76,2,7,6,7,0.5,0.5
2024-12-21T2100,3366A,121.5206,37.4336,烟台市,中国农业大学,,26,22,39,9,21,81,,77,77,4,9,1,3,0.4,0.5
2024-12-21T2100,1926A,109.4131,36.6275,延安市,枣园,颗粒物(PM10),54,57,32,31,19,5,,57,43,53,31,3,2,0.9,0.6
2024-12-21T2100,1927A,109.4761,36.6028,延安市,延大医附院,细颗粒物(PM2.5),83,71,41,61,23,6,,53,38,64,40,10,8,1.0,0.6
2024-12-21T2100,1929A,109.5056,36.6106,延安市,百米大道,"颗粒物(PM10),细颗粒物(PM2.5)",67,83,40,48,20,5,,51,40,66,36,8,6,1.0,0.6
2024-12-21T2100,3652A,109.4809,36.5786,延安市,西北局旧址,细颗粒物(PM2.5),78,100,43,57,20,8,,57,44,66,38,10,6,1.3,0.7
2024-12-21T2100,2237A,129.47,42.8883,延边朝鲜族自治州,妇幼医院,,28,23,32,19,16,62,,54,53,7,19,5,19,0.4,0.5
2024-12-21T2100,2238A,129.5055,42.9108,延边朝鲜族自治州,延边医院,,28,21,27,19,17,62,,63,63,11,20,5,12,0.3,0.4
2024-12-21T2100,2239A,129.3964,42.8881,延边朝鲜族自治州,朝阳川镇医院,,26,22,43,18,13,64,,64,64,8,14,5,5,0.4,0.5
2024-12-21T2100,1215A,120.118,33.4022,盐城市,盐城电厂,,46,46,106,27,72,61,,59,59,16,35,6,8,0.6,0.9
2024-12-21T2100,1216A,120.156,33.3942,盐城市,市监测站,,,43,99,,45,58,,59,59,25,39,3,6,0.6,0.8
2024-12-21T2100,1218A,120.2144,33.38,盐城市,开发区管委会,,46,46,98,25,63,60,,61,61,23,37,3,6,0.5,0.7
2024-12-21T2100,3004A,120.1544,33.3663,盐城市,宝龙广场,,42,39,107,29,72,65,,64,64,19,33,5,8,0.5,0.7
2024-12-21T2100,3293A,120.1501,33.3367,盐城市,月亮广场,,40,40,101,20,62,65,,63,63,19,36,7,9,0.4,0.6
2024-12-21T2100,3436A,120.4279,33.205,盐城市,大丰高级中学,,45,44,102,31,71,52,,66,62,24,37,5,7,0.7,1
2024-12-21T2100,1186A,119.389,32.3761,扬州市,邗江监测站,颗粒物(PM10),58,66,101,31,64,42,,63,58,28,32,3,3,0.6,0.7
2024-12-21T2100,2869A,119.447,32.4155,扬州市,五台山医院,颗粒物(PM10),53,56,86,35,63,41,,67,61,28,34,5,6,0.7,0.8
2024-12-21T2100,3164A,119.4686,32.3942,扬州市,广陵建设局,颗粒物(PM10),55,60,91,32,61,36,,67,59,34,30,3,2,0.7,0.8
2024-12-21T2100,3195A,119.3633,32.3972,扬州市,市体育局,颗粒物(PM10),57,63,101,27,63,34,,63,56,37,38,2,4,0.9,1
2024-12-21T2100,3294A,119.5653,32.4222,扬州市,引江管理处,颗粒物(PM10),52,54,96,33,68,43,,66,60,34,39,3,8,0.6,0.8
2024-12-21T2100,1699A,111.9797,21.8593,阳江市,鸳鸯湖,,,,,,,,,,,,,,,,
2024-12-21T2100,1701A,111.9491,21.8658,阳江市,马南垌,颗粒物(PM10),59,67,79,36,46,114,,118,118,25,41,10,11,0.5,0.5
2024-12-21T2100,3317A,111.9765,21.8947,阳江市,两阳中学,"颗粒物(PM10),细颗粒物(PM2.5)",65,79,80,47,49,107,,120,119,22,30,12,13,0.6,0.5
2024-12-21T2100,3453A,112.0125,21.8749,阳江市,阳东陶然,"颗粒物(PM10),细颗粒物(PM2.5)",67,83,89,48,54,92,,121,117,37,41,11,12,0.6,0.6
2024-12-21T2100,1738A,113.5758,37.8572,阳泉市,市中心,,49,49,43,21,17,39,,64,58,33,20,7,5,0.6,0.5
2024-12-21T2100,1739A,113.4894,37.8731,阳泉市,赛鱼,颗粒物(PM10),51,51,45,27,23,33,,62,53,41,26,5,3,0.5,0.5
2024-12-21T2100,1740A,113.5819,37.8486,阳泉市,南庄,,42,38,34,29,24,45,,62,58,26,18,5,3,0.6,0.4
2024-12-21T2100,1742A,113.5614,37.8703,阳泉市,平坦,颗粒物(PM10),55,60,46,18,12,35,,61,53,37,25,5,3,0.6,0.5
2024-12-21T2100,1743A,113.5158,37.8392,阳泉市,大阳泉,,38,38,28,16,11,46,,66,62,28,16,7,5,0.6,0.5
2024-12-21T2100,3619A,113.617,37.8571,阳泉市,龙柱,,46,46,36,13,13,43,,63,58,32,22,10,8,0.5,0.4
2024-12-21T2100,2252A,128.5159,47.4311,伊春市,环保局,,33,33,30,21,24,51,,41,41,15,25,6,7,0.6,0.7
2024-12-21T2100,2253A,128.9102,47.7412,伊春市,电力嘉园,,44,44,40,21,19,41,,40,40,19,29,7,6,0.6,0.8
2024-12-21T2100,2254A,129.5029,48.471,伊春市,汤旺河国家公园,,17,8,5,8,6,54,,59,59,8,7,4,4,0.4,0.3
2024-12-21T2100,3342A,128.4741,47.4346,伊春市,中心小学,细颗粒物(PM2.5),75,60,62,55,58,47,,45,45,13,19,4,4,0.8,0.8
2024-12-21T2100,3343A,128.6871,47.7369,伊春市,检察院,,49,,22,34,18,53,,51,51,10,12,5,6,0.4,0.4
2024-12-21T2100,3344A,128.8431,47.8474,伊春市,双子河社区,细颗粒物(PM2.5),87,,46,64,44,29,,41,39,28,19,1,2,0.4,0.4
2024-12-21T2100,3480A,129.1368,47.6417,伊春市,美溪镇,细颗粒物(PM2.5),60,53,62,43,51,47,,48,48,18,26,1,3,0.9,1
2024-12-21T2100,2703A,81.2815,43.9404,伊犁哈萨克自治州,市环保局,,40,,34,28,28,41,,52,52,36,33,13,10,0.9,0.9
2024-12-21T2100,2704A,81.2996,43.9174,伊犁哈萨克自治州,新政府片区,,23,20,32,12,27,30,,54,54,46,31,10,7,1.0,1.1
2024-12-21T2100,2705A,81.3364,43.941,伊犁哈萨克自治州,第二水厂,,42,31,34,29,28,41,,50,50,39,30,15,9,1.1,0.8
2024-12-21T2100,1882A,104.563,28.793,宜宾市,石马中学,细颗粒物(PM2.5),108,94,98,81,84,39,,31,31,19,20,6,6,0.8,0.8
2024-12-21T2100,1883A,104.6201,28.7728,宜宾市,市委,细颗粒物(PM2.5),132,115,122,100,105,46,,32,32,32,36,10,11,0.9,0.9
2024-12-21T2100,1884A,104.6055,28.793,宜宾市,宜宾四中,细颗粒物(PM2.5),135,114,119,103,106,37,,27,27,29,34,8,8,0.9,0.9
2024-12-21T2100,1885A,104.639,28.7562,宜宾市,市政府,细颗粒物(PM2.5),110,98,109,83,90,66,,48,48,23,32,8,9,0.7,0.8
2024-12-21T2100,1886A,104.5742,28.7199,宜宾市,黄金嘴,细颗粒物(PM2.5),122,108,110,92,92,34,,31,31,41,37,9,12,0.9,0.9
2024-12-21T2100,3728A,104.68,28.8071,宜宾市,白酒学院,细颗粒物(PM2.5),125,115,113,95,94,39,,35,35,31,28,9,9,0.8,0.8
2024-12-21T2100,1840A,111.2992,30.6981,宜昌市,白龙岗,细颗粒物(PM2.5),77,85,113,56,86,61,,70,68,28,38,10,8,0.7,0.9
2024-12-21T2100,1841A,111.3549,30.6465,宜昌市,伍家岗,细颗粒物(PM2.5),73,82,110,53,87,72,,82,80,26,42,8,6,0.4,0.6
2024-12-21T2100,1842A,111.2628,30.6961,宜昌市,点军区,细颗粒物(PM2.5),70,76,102,51,74,79,,81,81,26,35,7,5,0.6,0.9
2024-12-21T2100,1843A,111.3275,30.7819,宜昌市,夷陵区,颗粒物(PM10),65,80,111,46,84,69,,77,77,26,35,12,9,0.6,0.7
2024-12-21T2100,3546A,111.4606,30.552,宜昌市,猇亭区张家湾站,细颗粒物(PM2.5),72,91,93,52,66,70,,81,79,26,30,10,11,0.7,0.6
2024-12-21T2100,3653A,111.3119,30.7273,宜昌市,云深路,细颗粒物(PM2.5),84,92,130,62,106,81,,89,88,30,50,6,6,0.6,0.7
2024-12-21T2100,2371A,114.3408,27.8064,宜春市,槟榔水业,,,,,,,,,,,,,,,,
2024-12-21T2100,2373A,114.3956,27.7844,宜春市,市石油公司,细颗粒物(PM2.5),90,104,80,67,53,66,,66,66,25,26,13,11,0.7,0.8
2024-12-21T2100,2374A,114.3703,27.7914,宜春市,市气象局,细颗粒物(PM2.5),97,104,77,72,53,87,,89,89,34,33,12,13,0.9,1
2024-12-21T2100,2375A,114.4013,27.8074,宜春市,市广电局,细颗粒物(PM2.5),107,102,81,80,56,72,,83,83,29,31,16,18,1.1,1.2
2024-12-21T2100,3151A,114.375,27.8097,宜春市,宜春学院北校区,细颗粒物(PM2.5),89,94,73,66,56,84,,88,88,30,31,13,14,0.7,0.9
2024-12-21T2100,3415A,114.4519,28.0828,宜春市,万载县环保局,细颗粒物(PM2.5),89,100,114,66,70,96,,99,99,30,45,7,10,0.9,1
2024-12-21T2100,2467A,112.4067,28.6428,益阳市,甘溪港,细颗粒物(PM2.5),113,130,128,85,88,52,,70,63,21,21,8,8,0.7,0.7
2024-12-21T2100,2468A,112.3458,28.5808,益阳市,市环保局,细颗粒物(PM2.5),130,108,107,99,97,53,,77,64,29,27,6,6,0.8,0.7
2024-12-21T2100,2469A,112.3437,28.5531,益阳市,市特殊教育学校,细颗粒物(PM2.5),138,131,113,105,99,66,,95,76,23,21,4,4,0.7,0.7
2024-12-21T2100,2470A,112.3347,28.6047,益阳市,资阳区政务中心,细颗粒物(PM2.5),135,111,115,103,100,44,,65,58,33,29,4,3,0.7,0.7
2024-12-21T2100,2471A,112.3744,28.5819,益阳市,赫山环保分局,细颗粒物(PM2.5),122,131,118,92,94,54,,73,61,26,28,6,5,0.7,0.7
2024-12-21T2100,1484A,105.9512,38.6016,银川市,贺兰山马莲口,,,,,,,,,,,,,,,,
2024-12-21T2100,1488A,106.2328,38.4975,银川市,贺兰山东路,颗粒物(PM10),65,79,44,33,25,42,,58,55,36,23,13,5,0.4,0.3
2024-12-21T2100,1489A,106.1358,38.5036,银川市,学院路,细颗粒物(PM2.5),74,94,49,54,32,16,,54,47,57,33,8,7,1.1,0.8
2024-12-21T2100,2924A,106.2266,38.4418,银川市,水乡路,颗粒物(PM10),67,83,49,33,20,50,,62,60,36,26,9,6,0.5,0.5
2024-12-21T2100,2925A,106.2757,38.4842,银川市,上海东路,,50,43,32,35,23,49,,59,58,29,23,8,8,0.5,0.4
2024-12-21T2100,2926A,106.1015,38.497,银川市,文昌北街,颗粒物(PM10),72,93,51,42,28,32,,69,60,45,26,11,11,0.6,0.6
2024-12-21T2100,3523A,106.5105,38.3856,银川市,滨河新区,,19,19,29,6,5,45,,56,55,15,17,5,10,0.4,0.4
2024-12-21T2100,2357A,116.9822,28.1136,鹰潭市,龙虎山,,,,,,,,,,,,,,,,
2024-12-21T2100,2358A,117.0564,28.2642,鹰潭市,新监测站,细颗粒物(PM2.5),70,61,58,51,46,79,,88,88,29,36,12,23,0.6,0.6
2024-12-21T2100,2359A,117.0311,28.2475,鹰潭市,财苑宾馆,细颗粒物(PM2.5),67,63,59,48,48,88,,93,93,16,31,11,28,0.5,0.5
2024-12-21T2100,2360A,117.0222,28.2264,鹰潭市,体育馆,细颗粒物(PM2.5),75,66,60,55,47,85,,92,92,11,32,10,12,0.2,0.3
2024-12-21T2100,2361A,117.0017,28.2131,鹰潭市,三川水表,细颗粒物(PM2.5),112,113,69,84,59,23,,75,59,77,42,15,14,0.5,0.5
2024-12-21T2100,1597A,122.2703,40.7094,营口市,大庆路,细颗粒物(PM2.5),100,102,57,75,32,13,,61,43,68,29,18,11,0.9,0.9
2024-12-21T2100,1598A,122.2150,40.6511,营口市,镜湖西路,颗粒物(PM10),57,63,46,36,21,21,,64,46,64,28,16,10,0.7,0.6
2024-12-21T2100,1599A,122.1658,40.6789,营口市,西炮台,,45,45,38,19,17,20,,55,46,43,21,6,6,0.6,0.5
2024-12-21T2100,3379A,122.1139,40.2278,营口市,鲅鱼圈市民活动中心,细颗粒物(PM2.5),95,101,50,71,26,10,,55,42,72,33,16,15,1.2,0.7
2024-12-21T2100,3866A,122.2469,40.66302,营口市,三高中,细颗粒物(PM2.5),62,55,46,44,23,21,,60,48,53,21,11,11,0.6,0.5
2024-12-21T2100,4006A,122.3622,40.6762,营口市,老边实验小学,细颗粒物(PM2.5),133,168,69,101,41,10,,46,31,74,32,21,15,1.4,0.7
2024-12-21T2100,2477A,111.6217,26.2081,永州市,零陵南津渡,细颗粒物(PM2.5),122,128,134,92,98,86,,108,104,25,26,13,14,0.7,0.8
2024-12-21T2100,2478A,111.6156,26.4214,永州市,市环境监测站,细颗粒物(PM2.5),114,96,105,86,94,85,,106,100,22,23,10,10,0.8,0.8
2024-12-21T2100,2479A,111.6236,26.2331,永州市,零陵区环保局,细颗粒物(PM2.5),122,115,117,92,97,82,,107,102,28,31,14,16,0.8,0.9
2024-12-21T2100,2480A,111.5992,26.4364,永州市,永州市环保局,细颗粒物(PM2.5),112,100,106,84,90,86,,108,103,19,19,11,11,0.7,0.7
2024-12-21T2100,2481A,111.5989,26.4519,永州市,冷水滩区环保局,细颗粒物(PM2.5),109,102,111,82,93,83,,102,97,24,24,12,12,0.8,0.8
2024-12-21T2100,2638A,109.7414,38.3344,榆林市,红石峡森林公园,颗粒物(PM10),74,98,38,48,16,8,,45,32,71,36,18,14,1.1,0.5
2024-12-21T2100,2639A,109.7456,38.2911,榆林市,世纪广场,细颗粒物(PM2.5),74,73,40,54,22,4,,34,26,82,44,18,14,1.4,0.6
2024-12-21T2100,2640A,109.7289,38.2839,榆林市,实验中学,"颗粒物(PM10),细颗粒物(PM2.5)",68,85,41,49,17,7,,38,29,77,33,18,15,1.7,0.8
2024-12-21T2100,2641A,109.7336,38.2478,榆林市,环保监测大楼,细颗粒物(PM2.5),82,88,39,60,20,8,,35,27,77,38,19,13,1.6,1
2024-12-21T2100,2509A,110.1106,22.7019,玉林市,寒山水库,细颗粒物(PM2.5),59,62,66,42,44,116,,129,128,11,17,6,8,0.7,0.8
2024-12-21T2100,2510A,110.1675,22.6411,玉林市,市监测站,细颗粒物(PM2.5),72,83,90,52,55,113,,127,125,26,39,3,8,0.6,0.6
2024-12-21T2100,2511A,110.1433,22.6164,玉林市,南江一中,细颗粒物(PM2.5),73,82,109,53,65,107,,128,125,25,50,5,8,0.7,0.8
2024-12-21T2100,3532A,110.1945,22.6831,玉林市,玉林师范学院东校区,细颗粒物(PM2.5),73,59,66,53,57,120,,134,132,17,31,7,14,0.6,0.7
2024-12-21T2100,3533A,110.0527,22.5893,玉林市,福绵环保局,细颗粒物(PM2.5),88,89,74,65,66,111,,130,124,17,27,6,9,0.7,0.7
2024-12-21T2100,2675A,97,33.0014,玉树藏族自治州,玉树县结古镇,,45,45,28,18,12,31,,73,69,50,28,17,17,1.0,0.8
2024-12-21T2100,1715A,102.575,24.3711,玉溪市,东风水库,细颗粒物(PM2.5),80,,22,59,17,68,,77,76,18,16,14,10,0.7,0.6
2024-12-21T2100,2882A,102.5389,24.3703,玉溪市,玉溪一中,,26,26,33,12,17,60,,78,77,19,21,11,13,0.7,1.4
2024-12-21T2100,2883A,102.5381,24.3389,玉溪市,文体中心,,33,33,30,10,15,62,,78,77,19,25,9,8,0.8,1
2024-12-21T2100,1847A,113.1094,29.3578,岳阳市,南湖风景区,细颗粒物(PM2.5),88,108,92,65,68,77,,88,88,25,31,10,12,1.2,1.2
2024-12-21T2100,1848A,113.1493,29.4251,岳阳市,城陵矶,细颗粒物(PM2.5),105,119,98,79,87,72,,82,82,34,39,16,15,0.8,1
2024-12-21T2100,1849A,113.1497,29.3575,岳阳市,开发区,细颗粒物(PM2.5),109,130,118,82,81,77,,82,82,30,36,12,15,0.5,0.6
2024-12-21T2100,1850A,113.2621,29.4758,岳阳市,云溪区,细颗粒物(PM2.5),90,103,93,67,64,74,,87,86,25,29,9,11,0.7,0.8
2024-12-21T2100,1851A,112.9943,29.4402,岳阳市,君山区,细颗粒物(PM2.5),107,112,96,80,73,85,,93,93,23,28,11,12,0.8,0.8
2024-12-21T2100,1852A,113.2117,29.355,岳阳市,金凤水库,细颗粒物(PM2.5),95,126,101,71,66,72,,84,83,28,31,7,8,0.8,0.8
2024-12-21T2100,1712A,112.0392,22.9169,云浮市,新市府,,48,36,48,33,39,67,,41,,16,20,2,2,0.5,0.5
2024-12-21T2100,1714A,112.0539,22.9539,云浮市,牧羊,,48,,68,33,41,106,,119,119,16,41,10,16,0.5,0.7
2024-12-21T2100,3628A,112.0336,22.9374,云浮市,文笔,细颗粒物(PM2.5),72,78,83,52,51,44,,109,96,41,42,12,17,0.8,0.6
2024-12-21T2100,2175A,110.9956,35.0147,运城市,运城中学,,43,43,42,13,15,54,,64,63,20,16,10,11,0.6,0.6
2024-12-21T2100,2178A,110.9686,35.0303,运城市,地区技校,颗粒物(PM10),53,55,49,23,14,25,,65,58,50,17,10,11,0.8,0.5
2024-12-21T2100,2179A,111.0414,35.1147,运城市,空港新区,细颗粒物(PM2.5),74,,34,54,21,25,,63,51,45,19,10,8,1.2,1
2024-12-21T2100,3667A,111.0283,35.0547,运城市,水利职院,颗粒物(PM10),62,74,49,34,23,23,,61,54,50,22,9,10,0.7,0.4
2024-12-21T2100,3670A,111.0522,35.0439,运城市,禹都公园,颗粒物(PM10),51,52,48,33,17,28,,64,59,41,19,9,10,0.7,0.5
2024-12-21T2100,1637A,117.558,34.8438,枣庄市,市中区政府,颗粒物(PM10),60,70,92,31,51,43,,65,57,28,38,5,7,0.3,0.5
2024-12-21T2100,1638A,117.2852,34.7837,枣庄市,薛城环保局,颗粒物(PM10),66,81,117,45,59,31,,60,53,44,49,7,7,0.4,0.6
2024-12-21T2100,1639A,117.5852,34.7745,枣庄市,峄城区政府,颗粒物(PM10),60,70,95,30,50,31,,61,51,41,46,8,8,0.4,0.6
2024-12-21T2100,1640A,117.7276,34.5578,枣庄市,台儿庄区环保局,颗粒物(PM10),51,51,94,19,54,40,,61,55,30,45,7,6,0.6,0.6
2024-12-21T2100,1641A,117.4518,35.0992,枣庄市,山亭区环保局,颗粒物(PM10),51,51,71,17,42,45,,64,58,26,31,2,3,0.4,0.5
2024-12-21T2100,3364A,117.3152,34.8103,枣庄市,市环保局,颗粒物(PM10),58,66,85,27,45,20,,61,49,52,46,7,6,0.3,0.5
2024-12-21T2100,1680A,110.3539,21.2706,湛江市,湛江影剧院,细颗粒物(PM2.5),108,150,76,81,53,50,,136,118,72,41,16,24,1.0,0.8
2024-12-21T2100,1681A,110.3928,21.2228,湛江市,市环境监测站,"颗粒物(PM10),细颗粒物(PM2.5)",63,75,61,45,46,132,,131,129,24,26,7,17,0.7,0.7
2024-12-21T2100,1682A,110.4019,21.1997,湛江市,环保局宿舍,颗粒物(PM10),64,77,62,45,49,129,,129,126,25,25,8,15,0.7,0.7
2024-12-21T2100,1683A,110.4111,21.2028,湛江市,霞山游泳场,细颗粒物(PM2.5),59,60,65,42,45,142,,137,137,21,26,8,17,0.6,0.7
2024-12-21T2100,1684A,110.3316,21.2679,湛江市,麻章区环保局,细颗粒物(PM2.5),87,116,89,64,62,85,,134,120,41,42,10,31,1.0,0.9
2024-12-21T2100,1685A,110.4558,21.2567,湛江市,坡头区环保局,,,67,68,42,56,,,134,134,17,25,10,25,0.7,0.7
2024-12-21T2100,1858A,110.5319,29.1217,张家界市,永定新区,细颗粒物(PM2.5),112,104,124,84,101,51,,69,66,36,33,9,8,1.3,1.3
2024-12-21T2100,1859A,110.4697,29.1242,张家界市,电业局,细颗粒物(PM2.5),72,83,127,52,94,60,,74,72,27,33,8,7,0.6,1
2024-12-21T2100,1860A,110.5594,29.3547,张家界市,未央路,细颗粒物(PM2.5),85,89,100,63,76,55,,72,69,22,20,7,6,0.7,0.8
2024-12-21T2100,1861A,110.4417,29.315,张家界市,袁家界,颗粒物(PM10),53,56,76,34,60,74,,79,78,17,20,11,10,0.6,0.7
2024-12-21T2100,1057A,114.8883,40.8336,张家口市,人民公园,,21,12,12,10,8,65,,67,66,3,3,2,2,0.3,0.2
2024-12-21T2100,1059A,114.8687,40.8042,张家口市,五金库,,21,14,12,6,4,66,,65,65,7,6,2,2,0,0
2024-12-21T2100,1060A,114.8902,40.762,张家口市,世纪豪园,,23,11,11,3,7,71,,71,71,1,3,4,2,0.4,0.4
2024-12-21T2100,1061A,114.8916,40.8661,张家口市,北泵房,,27,27,17,10,11,61,,68,67,12,7,11,8,0.4,0.4
2024-12-21T2100,3131A,114.879,40.7993,张家口市,烟厂,,22,,14,6,8,69,,66,66,2,3,3,3,0.2,0.3
2024-12-21T2100,3323A,115.2773,40.9724,张家口市,青少年活动中心,,21,8,8,8,7,65,,85,81,14,5,7,4,0.2,0.1
2024-12-21T2100,2654A,100.4698,38.9524,张掖市,润泉湖,颗粒物(PM10),78,106,70,49,43,42,,58,56,38,26,14,12,0.7,0.6
2024-12-21T2100,2655A,100.4154,38.9422,张掖市,区工会,颗粒物(PM10),85,119,87,33,41,25,,60,58,55,29,12,11,0.6,0.7
2024-12-21T2100,2075A,117.6336,24.4674,漳州市,九湖,,,,,,,,,,,,,,,,
2024-12-21T2100,2920A,117.7116,24.506,漳州市,蓝田镇,颗粒物(PM10),58,66,52,33,32,68,,94,90,32,34,7,7,0.4,0.5
2024-12-21T2100,3216A,114.6622,24.5183,漳州市,漳州党校,颗粒物(PM10),58,66,51,31,31,65,,89,86,30,28,6,6,0.5,0.6
2024-12-21T2100,3530A,117.6296,24.5314,漳州市,西洋坪路,,,42,34,,38,71,,96,94,29,31,5,6,0.4,0.5
2024-12-21T2100,2596A,103.7667,27.3736,昭通市,监测站,,48,35,32,33,30,47,,54,45,16,15,5,5,0.7,0.7
2024-12-21T2100,2597A,103.7225,27.3361,昭通市,环保局,,36,34,31,25,24,41,,57,44,22,18,9,8,1.0,0.7
2024-12-21T2100,1397A,112.4267,23.0706,肇庆市,睦岗子站,,43,43,58,26,37,85,,121,117,35,55,7,7,0.5,0.5
2024-12-21T2100,1398A,112.4645,23.0475,肇庆市,城中子站,,43,43,61,26,39,95,,123,120,26,51,10,10,0.6,0.7
2024-12-21T2100,1399A,112.5544,23.1522,肇庆市,坑口子站,,41,41,48,28,34,70,,116,109,34,31,6,7,0.5,0.5
2024-12-21T2100,1400A,112.4753,23.1,肇庆市,七星岩子站,,,,54,,35,,,94,,,43,,11,,0.6
2024-12-21T2100,3313A,112.4575,23.0166,肇庆市,高要湖西,,50,50,79,29,47,89,,124,117,28,45,6,8,0.6,0.7
2024-12-21T2100,3451A,112.5617,23.2083,肇庆市,鼎湖凤凰,,,,,,,,,,,,,,,,
2024-12-21T2100,1203A,119.6707,32.1875,镇江市,新区办事处,颗粒物(PM10),55,59,94,27,55,31,,60,51,48,46,6,10,0.4,0.7
2024-12-21T2100,1204A,119.4974,32.1968,镇江市,职教中心,,41,41,85,24,55,41,,63,59,30,36,5,7,0.5,0.7
2024-12-21T2100,1205A,119.4303,32.1328,镇江市,丹徒区监测站,,44,44,92,25,62,43,,65,60,31,38,5,6,0.4,0.6
2024-12-21T2100,2870A,119.4424,32.1873,镇江市,市疾控中心,颗粒物(PM10),51,51,90,29,61,39,,68,62,39,41,8,8,0.6,0.7
2024-12-21T2100,3287A,119.3842,32.1976,镇江市,富润路1号,颗粒物(PM10),55,59,96,30,68,25,,59,48,46,44,6,7,0.6,0.7
2024-12-21T2100,1316A,113.69031,34.76122,郑州市,烟厂,,44,44,67,21,35,48,,62,58,28,26,4,5,0.5,0.5
2024-12-21T2100,1317A,113.65724,34.77134,郑州市,郑纺机,颗粒物(PM10),54,57,72,22,35,58,,64,62,25,33,3,4,0.4,0.4
2024-12-21T2100,1318A,113.67526,34.80246,郑州市,银行学校,颗粒物(PM10),51,51,69,33,55,38,,54,49,33,30,4,5,0.5,0.5
2024-12-21T2100,1319A,113.56746,34.81334,郑州市,供水公司,颗粒物(PM10),51,51,64,24,29,38,,57,52,28,24,2,4,0.4,0.5
2024-12-21T2100,1320A,113.7329,34.7178,郑州市,经开区管委,颗粒物(PM10),57,64,72,34,42,20,,52,42,51,34,6,7,0.8,0.8
2024-12-21T2100,1321A,113.73961,34.77172,郑州市,四十七中,颗粒物(PM10),52,53,75,27,46,43,,55,51,25,27,4,4,0.4,0.5
2024-12-21T2100,1322A,113.60532,34.74838,郑州市,市监测站,颗粒物(PM10),55,60,63,29,37,36,,56,51,37,27,5,6,0.2,0.2
2024-12-21T2100,1323A,113.64164,34.7525,郑州市,河医大,颗粒物(PM10),58,66,74,40,43,39,,55,50,31,28,6,7,0.6,0.5
2024-12-21T2100,1324A,113.51488,34.91089,郑州市,岗李水库,,,,,,,,,,,,,,,,
2024-12-21T2100,3471A,113.616563,34.86783,郑州市,惠济区政府,颗粒物(PM10),55,60,74,27,48,44,,57,53,26,30,2,3,0.3,0.4
2024-12-21T2100,3590A,113.8374,34.5589,郑州市,北区建设指挥部,颗粒物(PM10),59,67,73,34,44,46,,58,53,23,33,7,8,0.6,0.6
2024-12-21T2100,3591A,113.30952,34.803229,郑州市,上街区政府,颗粒物(PM10),66,81,70,28,32,31,,58,50,39,30,4,7,0.5,0.5
2024-12-21T2100,1379A,113.3769,22.5211,中山市,华柏园,颗粒物(PM10),53,55,66,32,48,78,,95,93,33,59,7,7,0.6,0.8
2024-12-21T2100,1380A,113.3881,22.5497,中山市,张溪,颗粒物(PM10),52,53,81,29,45,80,,96,93,31,67,4,6,0.4,0.6
2024-12-21T2100,1381A,113.4075,22.5111,中山市,紫马岭,,43,43,65,24,40,81,,92,90,29,53,6,7,0.5,0.6
2024-12-21T2100,1382A,113.4411,22.4853,中山市,长江旅游区,,39,39,50,20,31,65,,103,94,28,36,7,8,0.8,0.8
2024-12-21T2100,3454A,113.3528,22.478,中山市,中山南区,,41,41,59,27,40,78,,94,92,35,55,6,6,0.5,0.6
2024-12-21T2100,2680A,105.0025,37.4635,中卫市,沙坡头消防站,,,,,,,,,,,,,,,,
2024-12-21T2100,2682A,105.1971,37.5002,中卫市,环保局站,颗粒物(PM10),54,58,56,31,27,35,,61,57,41,35,15,11,0.5,0.5
2024-12-21T2100,3650A,105.1698,37.5162,中卫市,沙坡头区政府站,颗粒物(PM10),58,66,60,31,29,35,,59,56,36,28,16,10,0.7,0.5
2024-12-21T2100,1414A,106.3787,29.8279,重庆市,缙云山,细颗粒物(PM2.5),90,105,85,67,65,49,,51,42,26,30,4,6,0.7,0.6
2024-12-21T2100,1416A,106.4213,29.8253,重庆市,天生,细颗粒物(PM2.5),113,101,117,85,76,43,,33,33,25,36,8,8,0.9,0.9
2024-12-21T2100,1417A,106.6263,29.7228,重庆市,两路,细颗粒物(PM2.5),120,111,120,91,85,24,,20,20,31,50,5,6,0.7,1
2024-12-21T2100,1418A,106.2953,29.5983,重庆市,虎溪,细颗粒物(PM2.5),156,144,114,119,93,9,,7,7,56,56,7,7,1.0,0.9
2024-12-21T2100,1419A,106.5777,29.5102,重庆市,南坪,细颗粒物(PM2.5),139,107,112,106,90,19,,14,14,39,54,9,10,0.9,1.1
2024-12-21T2100,1420A,106.6556,29.6277,重庆市,唐家沱,细颗粒物(PM2.5),113,119,106,85,83,22,,22,22,36,40,10,9,0.9,0.9
2024-12-21T2100,1421A,106.6349,29.4906,重庆市,茶园,细颗粒物(PM2.5),133,123,118,101,86,9,,12,12,51,55,8,8,1.1,1.2
2024-12-21T2100,1422A,106.3754,29.4572,重庆市,白市驿,细颗粒物(PM2.5),159,136,117,121,85,3,,8,7,58,56,8,8,1.1,1
2024-12-21T2100,1425A,106.6205,29.7166,重庆市,空港,细颗粒物(PM2.5),117,102,105,88,86,31,,30,30,36,55,6,7,0.9,1.1
2024-12-21T2100,1426A,106.4782,29.4875,重庆市,新山村,细颗粒物(PM2.5),139,133,123,106,81,5,,7,7,69,72,6,7,1.1,1.1
2024-12-21T2100,1427A,106.5616,29.6453,重庆市,礼嘉,细颗粒物(PM2.5),119,105,109,90,84,16,,20,20,48,54,8,8,1.0,1
2024-12-21T2100,1428A,106.4522,29.7091,重庆市,蔡家,细颗粒物(PM2.5),128,134,119,97,79,13,,21,21,46,42,6,7,1.0,1
2024-12-21T2100,1429A,106.5093,29.3917,重庆市,鱼新街,细颗粒物(PM2.5),103,123,128,77,93,9,,9,8,50,56,11,14,1.0,0.8
2024-12-21T2100,3014A,106.4958,29.5346,重庆市,歇台子,细颗粒物(PM2.5),133,125,106,101,82,10,,11,11,51,61,8,9,1.1,1.3
2024-12-21T2100,3015A,106.4037,29.5728,重庆市,龙井湾,细颗粒物(PM2.5),134,142,129,102,86,17,,12,10,48,56,7,7,1.2,1.3
2024-12-21T2100,3016A,106.5507,29.4153,重庆市,龙洲湾,细颗粒物(PM2.5),128,126,113,97,91,5,,5,4,50,58,6,7,0.8,0.9
2024-12-21T2100,3133A,106.5468,29.5654,重庆市,上清寺,细颗粒物(PM2.5),135,129,124,103,90,17,,16,16,50,63,9,10,1.0,1.1
2024-12-21T2100,3346A,108.3872,31.1628,重庆市,安康,细颗粒物(PM2.5),183,166,138,138,115,2,,4,3,30,33,6,6,1.1,0.9
2024-12-21T2100,3347A,105.9017,29.3569,重庆市,北山路,细颗粒物(PM2.5),113,137,121,85,78,9,,12,12,72,52,15,15,1.2,1
2024-12-21T2100,3348A,105.839,30.1946,重庆市,春阳街,细颗粒物(PM2.5),153,130,101,117,90,8,,10,10,40,31,12,7,1.1,0.9
2024-12-21T2100,3349A,107.7983,30.6758,重庆市,人民东路,细颗粒物(PM2.5),110,130,114,83,88,19,,20,20,25,27,6,6,0.8,0.8
2024-12-21T2100,3350A,106.6479,29.0244,重庆市,滩子口,细颗粒物(PM2.5),192,157,135,144,123,4,,8,7,50,42,9,9,1.2,1
2024-12-21T2100,3351A,105.7167,29.7076,重庆市,棠香,细颗粒物(PM2.5),140,133,98,107,79,6,,20,19,41,35,7,5,0.9,0.7
2024-12-21T2100,3352A,107.0732,29.8617,重庆市,桃源西路,细颗粒物(PM2.5),163,140,121,124,103,4,,12,12,34,30,11,11,0.6,0.5
2024-12-21T2100,3353A,107.3535,29.7287,重庆市,迎宾大道,细颗粒物(PM2.5),140,126,110,107,100,20,,28,28,31,35,8,8,0.8,0.9
2024-12-21T2100,3354A,108.815,29.5081,重庆市,舟白,细颗粒物(PM2.5),87,72,115,64,101,75,,70,70,20,37,8,9,0.5,0.9
2024-12-21T2100,3355A,108.3679,30.8426,重庆市,周家坝,细颗粒物(PM2.5),168,176,123,127,103,3,,5,4,58,54,16,34,1.2,0.9
2024-12-21T2100,3356A,108.4319,30.7555,重庆市,百安坝,细颗粒物(PM2.5),173,140,129,131,115,14,,13,12,33,38,13,12,1.0,0.9
2024-12-21T2100,3482A,107.7541,29.3277,重庆市,芙蓉中路,细颗粒物(PM2.5),118,116,108,89,87,3,,15,13,50,40,6,6,0.9,0.8
2024-12-21T2100,3483A,108.7661,29.5368,重庆市,西山,细颗粒物(PM2.5),85,68,109,63,86,84,,81,81,20,40,5,5,0.5,0.9
2024-12-21T2100,3484A,106.2628,29.32,重庆市,行政中心,细颗粒物(PM2.5),144,139,114,110,94,4,,7,7,47,41,6,6,1.0,1
2024-12-21T2100,3485A,107.0944,29.1608,重庆市,高寺路,,43,43,121,29,107,64,,57,57,15,34,4,5,0.5,0.8
2024-12-21T2100,3599A,106.2649,29.9851,重庆市,书院路,细颗粒物(PM2.5),142,134,113,108,101,26,,26,26,39,38,8,9,0.9,0.9
2024-12-21T2100,3600A,106.2339,29.5559,重庆市,虎峰,细颗粒物(PM2.5),158,127,117,120,102,12,,7,7,56,57,4,4,1.1,1
2024-12-21T2100,3601A,106.0499,29.8342,重庆市,龙门街,细颗粒物(PM2.5),122,133,110,92,87,4,,4,4,68,47,16,16,1.2,1.1
2024-12-21T2100,3610A,105.5933,29.4105,重庆市,昌元,细颗粒物(PM2.5),155,157,118,118,85,6,,18,15,60,44,8,8,1.0,0.9
2024-12-21T2100,1258A,122.122,30.0203,舟山市,定海檀枫,"颗粒物(PM10),细颗粒物(PM2.5)",57,64,66,40,49,60,,74,70,22,31,9,9,0.7,0.6
2024-12-21T2100,1260A,122.19,29.9944,舟山市,临城新区,颗粒物(PM10),59,68,68,41,41,65,,78,75,23,28,8,8,0.8,0.8
2024-12-21T2100,4033A,122.3123,29.9619,舟山市,普陀东港中学,颗粒物(PM10),61,71,71,42,53,59,,66,64,25,33,10,9,0.7,0.7
2024-12-21T2100,2067A,114.6613,33.6128,周口市,市环境监测站,细颗粒物(PM2.5),68,81,98,49,74,45,,61,58,23,31,8,8,0.3,0.5
2024-12-21T2100,2068A,114.6758,33.6347,周口市,周口师范,细颗粒物(PM2.5),80,79,101,59,69,34,,60,52,37,46,7,7,0.7,0.8
2024-12-21T2100,2069A,114.6546,33.5979,周口市,市运管处,颗粒物(PM10),58,66,93,36,59,45,,59,56,24,35,5,6,0.4,0.6
2024-12-21T2100,2070A,114.6369,33.6406,周口市,川汇区环保局,颗粒物(PM10),70,89,107,42,75,41,,58,52,30,43,8,8,0.4,0.5
2024-12-21T2100,1515A,113.135,27.8244,株洲市,天台山庄,,,115,123,,89,52,,77,63,40,46,,9,0.9,0.8
2024-12-21T2100,1518A,113.095,27.8867,株洲市,株冶医院,细颗粒物(PM2.5),100,127,127,75,87,55,,70,58,38,49,10,11,0.8,0.8
2024-12-21T2100,1519A,113.167,27.8667,株洲市,市四中,细颗粒物(PM2.5),107,124,132,80,95,51,,74,65,43,47,8,10,1.0,0.9
2024-12-21T2100,1520A,113.143,27.8381,株洲市,火车站,细颗粒物(PM2.5),100,120,127,75,91,52,,75,65,44,46,9,11,1.0,1
2024-12-21T2100,1524A,113.13,27.8528,株洲市,市监测站,细颗粒物(PM2.5),115,129,133,87,100,52,,77,64,41,48,6,8,0.9,0.9
2024-12-21T2100,1559A,113.251,27.8336,株洲市,大京风景区,,,,,,,,,,,,,,,,
2024-12-21T2100,2031A,113.1817,27.9958,株洲市,云田中学,细颗粒物(PM2.5),104,128,126,78,87,56,,73,65,40,41,11,12,0.9,0.9
2024-12-21T2100,1367A,113.5814,22.2618,珠海市,吉大,颗粒物(PM10),56,62,77,33,49,71,,140,121,42,49,8,8,0.5,0.6
2024-12-21T2100,1368A,113.4881,22.2335,珠海市,前山,颗粒物(PM10),51,52,77,34,44,62,,108,100,51,56,9,9,0.4,0.6
2024-12-21T2100,1369A,113.628,22.4251,珠海市,唐家,颗粒物(PM10),55,59,67,29,41,43,,120,107,64,44,6,6,0.5,0.6
2024-12-21T2100,1370A,113.299,22.2281,珠海市,斗门,"颗粒物(PM10),细颗粒物(PM2.5)",55,59,75,39,49,70,,98,94,45,60,10,12,0.6,0.6
2024-12-21T2100,3308A,113.3494,22.0569,珠海市,金湾,颗粒物(PM10),59,67,87,22,42,80,,103,100,33,42,10,11,0.4,0.6
2024-12-21T2100,3448A,113.5433,22.1163,珠海市,横琴,,34,34,65,20,42,81,,126,121,37,45,6,7,0.5,0.6
2024-12-21T2100,2420A,114.0189,32.9656,驻马店市,市一纸厂,颗粒物(PM10),71,92,97,45,53,46,,62,59,25,23,8,9,0.4,0.5
2024-12-21T2100,2421A,114.0114,33.015,驻马店市,市彩印厂,颗粒物(PM10),72,93,97,41,48,44,,63,60,25,21,10,10,0.5,0.6
2024-12-21T2100,2422A,113.9976,32.9771,驻马店市,天方二分厂,颗粒物(PM10),69,87,91,48,52,48,,62,60,27,29,5,6,0.5,0.5
2024-12-21T2100,3339A,114.0012,33.0412,驻马店市,小管楼,颗粒物(PM10),72,93,90,48,46,36,,62,57,34,24,14,9,0.5,0.4
2024-12-21T2100,2561A,104.6617,30.1372,资阳市,莲花山,细颗粒物(PM2.5),129,105,127,98,103,37,,32,32,16,24,3,4,0.7,0.8
2024-12-21T2100,2562A,104.6356,30.1506,资阳市,资阳中学,细颗粒物(PM2.5),115,108,110,87,98,22,,23,23,27,33,4,4,0.9,0.9
2024-12-21T2100,2563A,104.6295,30.1383,资阳市,四三一厂,细颗粒物(PM2.5),119,112,133,90,106,28,,25,25,28,36,2,3,0.9,1
2024-12-21T2100,2564A,104.6463,30.1146,资阳市,师范校,细颗粒物(PM2.5),124,97,127,94,104,27,,23,23,30,37,2,2,0.9,1
2024-12-21T2100,2565A,104.6296,30.1256,资阳市,区法院,细颗粒物(PM2.5),113,99,118,85,101,29,,24,24,22,32,4,5,0.7,0.8
2024-12-21T2100,1631A,118.0414,36.8103,淄博市,人民公园,颗粒物(PM10),59,68,53,34,27,11,,58,48,61,27,17,13,0.9,0.6
2024-12-21T2100,1633A,117.8525,36.4847,淄博市,双山,,46,46,42,14,19,18,,58,48,50,31,9,9,0.9,0.8
2024-12-21T2100,1634A,117.9592,36.6331,淄博市,气象站,颗粒物(PM10),61,72,48,36,23,17,,54,46,53,28,24,15,0.8,0.6
2024-12-21T2100,1635A,118.3092,36.8194,淄博市,莆田园,颗粒物(PM10),54,58,46,34,21,33,,52,47,45,34,14,14,0.8,0.7
2024-12-21T2100,3363A,117.9883,36.8372,淄博市,新区,颗粒物(PM10),57,63,54,27,23,11,,54,40,58,32,20,20,0.7,0.6
2024-12-21T2100,3644A,117.8661,36.805,淄博市,三金集团,,48,48,56,24,21,29,,51,43,40,30,27,16,0.6,0.6
2024-12-21T2100,3645A,118.0253,36.8406,淄博市,东风化工厂,颗粒物(PM10),51,51,54,27,24,18,,46,38,46,26,13,13,0.6,0.4
2024-12-21T2100,3027A,104.72,29.3427,自贡市,青杠林路,细颗粒物(PM2.5),114,123,127,86,87,15,,25,25,34,34,2,3,0.6,0.7
2024-12-21T2100,3028A,104.776,29.3627,自贡市,檀木林体育馆,细颗粒物(PM2.5),108,120,124,81,83,25,,30,30,35,37,6,7,0.7,0.7
2024-12-21T2100,3360A,104.7894,29.3194,自贡市,南湖救助站,细颗粒物(PM2.5),134,125,123,102,96,12,,22,22,35,33,9,10,0.8,0.4
2024-12-21T2100,3638A,104.7636,29.3338,自贡市,轻化工大学,细颗粒物(PM2.5),110,90,96,83,83,19,,28,28,33,32,2,3,0.6,0.7
2024-12-21T2100,1911A,106.9222,27.6869,遵义市,丁字口,细颗粒物(PM2.5),82,83,107,60,80,52,,54,54,18,23,8,12,0.4,0.5
2024-12-21T2100,1912A,106.9242,27.7019,遵义市,凤凰山,细颗粒物(PM2.5),97,74,105,72,82,52,,54,54,20,28,6,11,0.8,0.9
2024-12-21T2100,1913A,106.8906,27.6486,遵义市,忠庄,细颗粒物(PM2.5),102,91,122,76,88,48,,53,53,15,22,3,7,0.6,0.6
2024-12-21T2100,1914A,106.9231,27.6506,遵义市,舟水桥,细颗粒物(PM2.5),85,101,122,63,81,52,,59,58,14,16,6,12,1.0,1.1
2024-12-21T2100,1915A,106.9178,27.72,遵义市,干田坝,细颗粒物(PM2.5),92,76,106,68,82,52,,51,51,22,29,12,15,0.8,0.8
2024-12-21T2100,3536A,106.8547,27.5919,遵义市,第十二小学,细颗粒物(PM2.5),125,124,146,95,115,44,,48,48,17,24,7,18,0.9,0.9
