timepoint,stationcode,longitude,latitude,area,positionname,primarypollutant,aqi,pm10,pm10_24h,pm2_5,pm2_5_24h,o3,o3_24h,o3_8h,o3_8h_24h,no2,no2_24h,so2,so2_24h,co,co_24h
2026-07-31T1900,1001A,116.3611,39.8786,北京市,万寿西宫,,49,49,36,34,22,107,NA,108,108,8,10,3,3,0.6,0.4
2026-07-31T1900,1003A,116.4174,39.9289,北京市,东四,颗粒物(PM10),56,58,25,23,20,106,NA,100,NA,7,10,3,2,0.5,0.3
2026-07-31T1900,1004A,116.4073,39.8858,北京市,天坛,,44,44,39,25,18,92,NA,103,103,5,7,2,2,0.9,0.6
2026-07-31T1900,1005A,116.4622,39.9364,北京市,农展馆,,44,44,36,30,20,104,NA,115,115,13,13,1,2,0.6,0.5
2026-07-31T1900,1006A,116.3399,39.9293,北京市,官园,,43,38,36,30,21,99,NA,106,106,7,8,2,2,0.6,0.4
2026-07-31T1900,1007A,116.2879,39.9613,北京市,海淀万柳,,33,33,38,20,19,90,NA,106,106,8,12,3,3,0.7,0.5
2026-07-31T1900,1008A,116.6635,40.1349,北京市,顺义新城,,44,44,35,25,21,115,NA,124,124,11,12,1,1,0.4,0.3
2026-07-31T1900,1009A,116.6275,40.327,北京市,怀柔镇,,31,22,38,14,23,98,NA,110,110,5,15,3,3,0.5,0.5
2026-07-31T1900,1010A,116.2295,40.217,北京市,昌平镇,,29,24,37,13,23,90,NA,115,114,18,15,2,2,0.7,0.8
2026-07-31T1900,1011A,116.3968,39.982,北京市,奥体中心,,45,45,34,26,21,95,NA,100,100,13,12,2,2,0.6,0.4
2026-07-31T1900,1015A,117.1446,39.1659,天津市,勤俭道,,33,30,28,23,19,101,NA,114,114,7,8,5,6,0.7,0.7
2026-07-31T1900,1018A,117.2016,39.0928,天津市,前进道,,45,45,29,24,19,100,NA,108,108,5,6,4,4,0.5,0.4
2026-07-31T1900,1019A,117.1837,39.2134,天津市,淮河道,,32,30,29,19,18,102,NA,115,115,4,5,6,6,0.4,0.3
2026-07-31T1900,1021A,117.308261,39.088386,天津市,跃进路,,36,36,46,17,18,75,NA,107,105,10,8,4,4,0.6,0.5
2026-07-31T1900,1023A,117.707,39.0344,天津市,第四大街,,36,36,31,19,19,92,NA,107,103,10,12,4,4,0.2,0.3
2026-07-31T1900,1024A,117.4573,38.8395,天津市,永明路,,26,25,28,15,19,82,NA,102,102,3,6,2,3,0.2,0.2
2026-07-31T1900,1026A,117.7641,39.1588,天津市,汉北路,,32,32,30,12,17,72,NA,102,98,21,13,4,4,0.7,0.9
2026-07-31T1900,1030A,114.5919,38.0328,石家庄市,高新区,,31,31,28,14,18,76,NA,93,93,11,12,2,2,0.5,0.6
2026-07-31T1900,1032A,114.4556,38.0136,石家庄市,西南高教,,26,24,21,2,18,83,NA,97,97,4,9,3,2,0.3,0.5
2026-07-31T1900,1033A,114.533,38.0177,石家庄市,世纪公园,,29,29,28,2,15,66,NA,80,80,4,6,3,3,0.5,0.6
2026-07-31T1900,1034A,114.5105,38.0489,石家庄市,人民会堂,,22,22,23,12,19,66,NA,93,93,4,7,3,2,0.3,0.4
2026-07-31T1900,1040A,118.1707,39.6505,唐山市,十二中,,46,38,34,32,26,108,NA,126,126,9,6,3,4,0.5,0.5
2026-07-31T1900,1041A,118.1868,39.6219,唐山市,小山,,40,NA,18,28,24,116,NA,142,142,3,3,3,3,0.5,0.6
2026-07-31T1900,1046A,119.5247,39.9346,秦皇岛市,建设大厦,颗粒物(PM10),52,52,45,27,24,124,NA,122,122,8,7,5,6,0.5,0.6
2026-07-31T1900,1049A,114.492,36.5712,邯郸市,矿院,,33,NA,21,22,19,103,NA,113,113,2,2,3,1,0.3,0.4
2026-07-31T1900,1050A,114.4839,36.6136,邯郸市,丛台公园,,41,41,24,15,18,96,NA,108,108,1,4,4,4,0.3,0.4
2026-07-31T1900,1051A,115.4803,38.8568,保定市,游泳馆,,25,15,25,15,21,79,NA,75,75,5,5,6,5,0.1,0.1
2026-07-31T1900,1052A,115.509,38.8895,保定市,华电二区,,38,23,26,9,11,121,NA,120,120,5,5,1,2,0.7,0.6
2026-07-31T1900,1053A,115.4588,38.9037,保定市,接待中心,,28,23,27,16,23,88,NA,82,82,4,4,2,2,0.2,0.2
2026-07-31T1900,1054A,115.4484,38.8344,保定市,地表水厂,,25,15,24,11,17,77,NA,77,77,6,5,1,2,0.4,0.4
2026-07-31T1900,1057A,114.8884,40.8336,张家口市,人民公园,,32,22,27,22,24,84,NA,117,113,12,8,3,2,0.4,0.4
2026-07-31T1900,1059A,114.868581,40.804273,张家口市,五金库,,37,37,33,12,14,81,NA,114,111,16,10,/,/,/,/
2026-07-31T1900,1060A,114.8901,40.762,张家口市,世纪豪园,,32,NA,27,22,25,84,NA,115,110,10,7,3,4,0.6,0.5
2026-07-31T1900,1062A,117.9531,40.908,承德市,铁路,,27,27,25,16,14,80,NA,88,87,12,11,4,4,0.4,0.4
2026-07-31T1900,1063A,117.9397,40.9763,承德市,中国银行,,35,35,26,11,13,96,NA,96,96,7,7,11,5,0.4,0.4
2026-07-31T1900,1067A,116.6712,39.5109,廊坊市,药材公司,,32,26,25,22,18,87,NA,104,104,3,6,2,2,0.7,0.4
2026-07-31T1900,1068A,116.7215,39.5592,廊坊市,开发区,,33,31,32,20,17,104,NA,113,113,2,4,3,3,0.8,0.5
2026-07-31T1900,1070A,116.7246,39.5273,廊坊市,北华航天学院,,35,30,31,24,21,103,NA,115,115,2,6,3,3,0.7,0.4
2026-07-31T1900,1071A,116.8733,38.2922,沧州市,沧县城建局,,20,18,15,12,20,62,NA,93,91,11,6,6,3,0.5,0.4
2026-07-31T1900,1072A,116.8462,38.3189,沧州市,电视转播站,,37,37,27,9,17,67,NA,76,NA,4,6,2,3,0.1,0.1
2026-07-31T1900,1073A,116.8588,38.3161,沧州市,市环保局,,20,15,35,6,18,62,NA,81,80,8,8,3,2,0.5,0.5
2026-07-31T1900,1074A,115.6839,37.754,衡水市,电机北厂,,38,NA,24,26,13,90,NA,103,103,1,5,1,2,0.5,0.5
2026-07-31T1900,1075A,115.6303,37.7318,衡水市,市监测站,,38,27,27,26,10,83,NA,100,100,2,5,5,6,0.7,0.7
2026-07-31T1900,1077A,114.4687,37.0883,邢台市,达活泉,,31,24,37,8,23,99,NA,112,112,4,6,1,2,0.5,0.8
2026-07-31T1900,1078A,114.4954,37.0309,邢台市,邢师高专,,23,11,37,11,23,73,NA,85,85,2,6,2,2,0.5,0.8
2026-07-31T1900,1079A,114.5281,37.0857,邢台市,路桥公司,,22,20,40,8,23,69,NA,89,89,2,6,3,3,0.4,0.7
2026-07-31T1900,1080A,114.4721,37.0713,邢台市,市环保局,,26,22,36,7,33,82,NA,99,99,4,8,3,4,0.2,0.5
2026-07-31T1900,1081A,112.5138,37.8916,太原市,尖草坪,,30,NA,33,21,22,93,NA,108,108,11,12,6,6,0.9,0.6
2026-07-31T1900,1084A,112.4691,37.7125,太原市,晋源,,33,33,36,5,23,78,NA,94,94,13,17,6,6,0.6,0.8
2026-07-31T1900,1085A,112.5595,37.7391,太原市,小店,,30,21,41,20,20,93,NA,102,102,15,17,6,8,0.5,0.6
2026-07-31T1900,1087A,112.5705,37.8199,太原市,坞城,,32,NA,32,20,25,101,NA,108,108,8,13,10,11,0.9,0.9
2026-07-31T1900,1088A,112.5495,37.9853,太原市,南寨,,26,26,31,16,23,74,NA,93,93,11,14,11,11,0.6,0.7
2026-07-31T1900,1090A,111.6506,40.7517,呼和浩特市,呼市一监,,34,9,24,9,12,108,NA,114,113,5,6,9,9,0.3,0.4
2026-07-31T1900,1094A,111.7516,40.8369,呼和浩特市,如意水处理厂,,35,NA,27,22,24,111,NA,112,112,8,10,4,5,0.5,0.6
2026-07-31T1900,1095A,111.727798,40.806187,呼和浩特市,二十九中,,36,24,29,8,17,114,NA,115,115,4,6,10,10,0.4,0.4
2026-07-31T1900,1097A,111.717,40.7617,呼和浩特市,化肥厂生活区,,38,NA,26,26,21,107,NA,121,120,13,12,13,13,0.4,0.4
2026-07-31T1900,1099A,123.5058,41.7084,沈阳市,浑南东路,NA,NA,24,32,8,15,NA,NA,118,NA,6,7,4,2,0.9,0.8
2026-07-31T1900,1100A,123.4238,41.6992,沈阳市,新秀街,NA,NA,NA,NA,NA,NA,NA,NA,NA,NA,NA,NA,NA,NA,NA,NA
2026-07-31T1900,1102A,123.5903,41.8412,沈阳市,东陵路,NA,NA,NA,36,NA,13,89,NA,99,95,8,11,3,3,0.6,0.6
2026-07-31T1900,1103A,123.4267,41.8466,沈阳市,陵东街,,27,24,27,10,16,85,NA,97,90,4,5,1,2,0.4,0.5
2026-07-31T1900,1104A,123.4116,41.7654,沈阳市,文化路,,26,24,29,3,12,83,NA,98,92,3,5,1,2,0.4,0.5
2026-07-31T1900,1105A,123.4673,41.787,沈阳市,小河沿,,29,29,27,6,14,83,NA,94,90,8,10,2,4,0.6,0.6
2026-07-31T1900,1106A,123.4019,41.7978,沈阳市,太原街,,29,23,32,7,15,90,NA,108,100,6,6,3,3,0.4,0.5
2026-07-31T1900,1108A,123.3778,41.9233,沈阳市,京沈街,,45,45,45,7,16,93,NA,104,96,3,6,2,3,0.4,0.6
2026-07-31T1900,1109A,121.6119,38.974,大连市,甘井子,,45,25,22,18,15,143,NA,134,134,12,8,9,8,0.8,0.7
2026-07-31T1900,1110A,121.565,38.9509,大连市,周水子,,48,23,22,20,16,152,NA,126,126,9,7,5,6,0.4,0.3
2026-07-31T1900,1111A,121.5637,38.8849,大连市,星海三站,臭氧1小时(O3_1h),77,34,26,30,23,181,NA,182,182,10,11,7,7,1.0,0.9
2026-07-31T1900,1112A,121.6301,38.9117,大连市,青泥洼桥,,47,31,24,24,20,148,NA,149,149,4,5,7,7,0.7,0.7
2026-07-31T1900,1113A,121.6248,38.8643,大连市,傅家庄,臭氧1小时(O3_1h),83,NA,23,42,25,186,NA,190,190,6,7,4,5,0.6,0.6
2026-07-31T1900,1114A,121.5117,38.8636,大连市,七贤岭,,49,32,22,28,17,154,NA,144,144,10,10,6,6,1.0,1
2026-07-31T1900,1116A,121.7507,39.1339,大连市,金州,,35,33,26,21,17,110,NA,112,112,21,11,9,7,1.0,0.7
2026-07-31T1900,1117A,121.7811,39.0495,大连市,开发区,臭氧1小时(O3_1h),64,40,28,38,22,171,NA,160,160,12,14,8,9,0.7,0.7
2026-07-31T1900,1118A,121.9762,39.0631,大连市,双D港,NA,NA,NA,37,NA,18,NA,NA,127,NA,NA,4,NA,6,NA,0.3
2026-07-31T1900,1120A,125.2874,43.9024,长春市,客车厂,,40,40,35,20,23,97,NA,109,109,9,9,3,3,0.6,0.6
2026-07-31T1900,1121A,125.2943,43.8508,长春市,邮电学院,,37,37,33,19,24,89,NA,99,99,8,7,6,6,0.4,0.4
2026-07-31T1900,1122A,125.3648,43.8745,长春市,劳动公园,,34,34,32,21,25,84,NA,94,94,9,7,5,8,0.5,0.5
2026-07-31T1900,1123A,125.3233,43.8781,长春市,园林处,,45,45,34,18,21,94,NA,111,111,8,7,2,1,0.5,0.5
2026-07-31T1900,1124A,125.4604,43.7904,长春市,净月潭,,35,35,28,5,14,91,NA,100,100,6,6,6,5,0.4,0.4
2026-07-31T1900,1126A,125.38,43.8422,长春市,经开区环卫处,,38,38,34,17,21,98,NA,109,109,10,7,2,2,0.5,0.5
2026-07-31T1900,1127A,125.234,43.7761,长春市,高新区管委会,,38,38,36,15,20,92,NA,112,111,10,6,5,4,0.4,0.4
2026-07-31T1900,1128A,125.1695,43.83,长春市,岱山公园,,30,30,31,18,21,75,NA,89,88,8,12,1,2,0.5,0.4
2026-07-31T1900,1130A,126.5557,45.8109,哈尔滨市,松北商大,,39,NA,36,27,24,62,NA,90,88,12,15,5,6,0.5,0.3
2026-07-31T1900,1132A,126.6162,45.719,哈尔滨市,南岗学府路,,42,42,42,21,17,91,NA,98,97,11,15,8,7,0.3,0.2
2026-07-31T1900,1133A,126.6894,45.7733,哈尔滨市,太平宏伟公园,颗粒物(PM10),65,71,49,18,16,90,NA,96,96,12,16,7,7,0.4,0.3
2026-07-31T1900,1134A,126.6361,45.7672,哈尔滨市,道外承德广场,NA,NA,61,53,20,18,87,NA,93,93,NA,17,8,7,2.4,1
2026-07-31T1900,1136A,126.644,45.7261,哈尔滨市,动力和平路,颗粒物(PM10),57,59,56,21,17,85,NA,98,98,14,15,5,4,0.3,0.4
2026-07-31T1900,1137A,126.5933,45.7479,哈尔滨市,道里建国路,颗粒物(PM10),80,92,63,32,26,73,NA,91,89,7,10,5,5,0.6,1
2026-07-31T1900,1138A,126.6127,45.6119,哈尔滨市,平房东轻厂,,30,28,26,21,18,90,NA,93,93,13,12,9,11,0.7,0.7
2026-07-31T1900,1139A,126.5875,45.9827,哈尔滨市,呼兰师专,,48,48,41,18,18,84,NA,90,90,12,15,9,6,0.5,0.5
2026-07-31T1900,1140A,126.6299,45.6799,哈尔滨市,省农科院,,37,37,41,23,20,90,NA,100,100,15,19,6,6,0.4,0.5
2026-07-31T1900,1141A,121.401,31.2382,上海市,普陀,,33,30,33,17,20,103,NA,188,173,30,21,5,6,0.3,0.2
2026-07-31T1900,1142A,121.4774,31.2043,上海市,十五厂,NA,NA,32,33,18,22,105,NA,186,173,NA,16,5,5,NA,0.4
2026-07-31T1900,1143A,121.4673,31.3011,上海市,虹口,,43,39,36,22,23,137,NA,208,200,18,12,4,5,0.6,0.5
2026-07-31T1900,1147A,121.4253,31.226,上海市,静安监测站,,40,36,33,23,21,125,NA,192,180,27,18,7,8,0.9,0.7
2026-07-31T1900,1148A,121.7029,31.1905,上海市,浦东川沙,,49,49,32,27,21,152,NA,190,187,28,20,8,9,0.6,0.5
2026-07-31T1900,1149A,121.5339,31.229,上海市,浦东新区监测站,,39,30,31,18,21,123,NA,183,176,29,17,7,7,0.5,0.6
2026-07-31T1900,1150A,121.5776,31.2038,上海市,浦东张江,,46,36,31,20,20,146,NA,205,198,26,17,6,7,0.2,0.2
2026-07-31T1900,1151A,118.8033,32.1085,南京市,迈皋桥,,34,15,18,3,5,108,NA,148,146,3,8,7,8,0.6,0.7
2026-07-31T1900,1152A,118.7487,32.057,南京市,草场门,,30,14,20,3,10,96,NA,132,130,11,15,7,10,0.5,0.8
2026-07-31T1900,1154A,118.770105,32.004342,南京市,中华门,,38,22,18,2,8,119,NA,148,147,9,11,6,7,0.1,0.2
2026-07-31T1900,1155A,118.8059,32.0329,南京市,瑞金路,,36,17,18,4,8,115,NA,132,132,13,16,4,4,0.4,0.5
2026-07-31T1900,1156A,118.7946,32.0774,南京市,玄武湖,,33,4,21,3,7,104,NA,131,130,4,8,4,4,0.5,0.6
2026-07-31T1900,1157A,118.6415,32.0964,南京市,浦口,NA,NA,15,19,1,5,86,NA,116,108,6,11,4,5,NA,0.6
2026-07-31T1900,1158A,118.730129,32.000956,南京市,奥体中心,,33,16,21,2,7,103,NA,136,133,15,16,6,8,0.6,0.8
2026-07-31T1900,1159A,118.9072,32.1047,南京市,仙林大学城,,43,29,22,6,9,137,NA,130,130,8,14,10,10,0.4,0.4
2026-07-31T1900,1163A,120.5974,31.3247,苏州市,轧钢厂,,42,35,33,22,20,132,NA,168,157,25,22,10,11,0.7,0.7
2026-07-31T1900,1164A,120.6329,31.2741,苏州市,吴中区,,47,37,42,21,23,149,NA,198,190,15,17,4,7,0.5,0.5
2026-07-31T1900,1165A,120.5566,31.3049,苏州市,苏州新区,,48,37,36,24,21,153,NA,167,160,16,16,6,7,0.6,0.6
2026-07-31T1900,1166A,120.668709,31.312523,苏州市,苏州工业园区,,43,34,37,27,21,135,NA,195,183,15,14,8,10,0.6,0.6
2026-07-31T1900,1167A,120.6408,31.3707,苏州市,相城区,,39,39,41,27,23,124,NA,189,172,25,16,17,16,0.9,0.8
2026-07-31T1900,1168A,120.9056,31.9669,南通市,狼山街道,臭氧1小时(O3_1h),59,27,31,21,22,167,NA,204,199,26,21,4,6,0.5,0.6
2026-07-31T1900,1170A,120.8635,32.0231,南通市,城中,臭氧1小时(O3_1h),75,NA,40,39,22,180,NA,189,189,17,19,3,4,1.0,0.9
2026-07-31T1900,1171A,120.9376,31.9301,南通市,星湖花园,臭氧1小时(O3_1h),69,25,35,19,24,175,NA,201,201,27,24,6,6,0.4,0.5
2026-07-31T1900,1172A,120.8053,32.046,南通市,紫琅学院,,49,49,39,27,21,154,NA,193,190,33,30,4,5,0.9,0.7
2026-07-31T1900,1173A,119.1759,34.5885,连云港市,市环境监测站,,31,12,15,5,10,98,NA,108,106,6,8,5,4,0.4,0.4
2026-07-31T1900,1180A,117.257,34.2161,徐州市,新城区,,29,24,22,3,11,91,NA,106,104,8,13,6,7,0.3,0.3
2026-07-31T1900,1182A,117.2933,34.2796,徐州市,农科院,,30,14,22,4,11,95,NA,105,104,6,12,2,2,0.4,0.5
2026-07-31T1900,1186A,119.3895,32.377,扬州市,邗江监测站,,30,9,20,3,12,94,NA,111,107,3,15,5,6,0.4,0.5
2026-07-31T1900,1188A,120.2693,31.4864,无锡市,雪浪,,41,31,28,16,15,130,NA,152,148,10,10,5,7,0.7,0.7
2026-07-31T1900,1189A,120.2761,31.621,无锡市,黄巷,,35,22,28,12,14,109,NA,136,129,11,17,7,8,0.7,0.7
2026-07-31T1900,1191A,120.2422,31.5037,无锡市,漆塘,NA,NA,28,34,9,15,110,NA,144,138,NA,9,6,8,0.5,0.6
2026-07-31T1900,1192A,120.3489,31.5865,无锡市,东亭,,36,14,21,12,14,113,NA,150,142,17,13,6,7,0.4,0.4
2026-07-31T1900,1193A,120.3538,31.5474,无锡市,旺庄,,40,29,26,15,15,126,NA,152,145,22,17,9,10,0.6,0.8
2026-07-31T1900,1194A,120.2447,31.5633,无锡市,荣巷,,36,24,26,9,14,114,NA,146,139,8,11,6,7,0.2,0.3
2026-07-31T1900,1195A,120.2986,31.6816,无锡市,堰桥,,36,19,30,12,18,114,NA,154,143,18,27,5,7,0.6,0.7
2026-07-31T1900,1196A,119.9524,31.7586,常州市,市监测站,,38,8,23,4,6,119,NA,128,128,11,15,12,11,0.4,0.4
2026-07-31T1900,1200A,119.9351,31.703,常州市,武进监测站,,38,22,20,8,9,120,NA,127,127,14,16,5,6,0.4,0.3
2026-07-31T1900,1203A,119.6708,32.187,镇江市,新区办事处,,25,17,30,7,16,80,NA,108,105,12,29,4,5,0.5,0.7
2026-07-31T1900,1204A,119.497455,32.196732,镇江市,职教中心,,28,12,21,6,11,89,NA,91,91,7,12,5,7,0.4,0.6
2026-07-31T1900,1205A,119.43,32.1328,镇江市,丹徒区监测站,,30,13,24,6,14,94,NA,94,94,9,14,4,6,0.6,0.9
2026-07-31T1900,1206A,119.9042,32.488,泰州市,公园路,,33,14,20,10,14,103,NA,135,131,5,13,9,9,0.3,0.4
2026-07-31T1900,1207A,119.9189,32.4626,泰州市,莲花,,32,17,22,8,13,102,NA,136,131,6,14,7,8,0.3,0.4
2026-07-31T1900,1209A,119.8877,32.4636,泰州市,留学生创业园,,30,28,29,21,18,96,NA,134,130,14,22,10,11,0.5,0.6
2026-07-31T1900,1210A,119.0566,33.5991,淮安市,钵池山,,29,22,17,11,10,92,NA,81,81,7,8,1,1,0.7,0.7
2026-07-31T1900,1211A,119.0083,33.578,淮安市,北京南路,,30,19,20,8,8,95,NA,90,90,5,9,4,4,0.8,0.8
2026-07-31T1900,1212A,118.9938,33.6083,淮安市,市监测站,,29,24,14,18,11,92,NA,96,95,20,14,14,10,2.0,1
2026-07-31T1900,1213A,119.135,33.5038,淮安市,楚州区监测站,,29,12,16,9,12,91,NA,95,94,3,5,5,6,0.4,0.4
2026-07-31T1900,1216A,120.1554,33.3941,盐城市,市监测站,,50,30,25,15,14,159,NA,143,143,5,10,9,9,0.4,0.5
2026-07-31T1900,1218A,120.214332,33.37951,盐城市,开发区管委会,,46,20,28,19,27,147,NA,137,137,3,8,9,9,0.7,0.8
2026-07-31T1900,1220A,118.2924,33.933,宿迁市,宿迁学院,,26,14,17,8,11,82,NA,95,94,5,7,9,9,0.0,0.1
2026-07-31T1900,1221A,118.2321,33.9572,宿迁市,宿迁中学,,30,15,19,7,11,93,NA,94,94,7,10,4,5,0.8,0.8
2026-07-31T1900,1223A,120.2073,30.2111,杭州市,滨江,,37,30,29,14,15,118,NA,122,122,16,17,4,5,0.5,0.5
2026-07-31T1900,1224A,120.0625,30.2737,杭州市,西溪,,26,14,17,12,13,81,NA,102,100,6,10,4,4,0.6,0.6
2026-07-31T1900,1226A,120.3417,30.315,杭州市,下沙,,41,30,30,19,16,130,NA,136,136,23,19,5,6,0.5,0.5
2026-07-31T1900,1227A,120.1252,30.2465,杭州市,卧龙桥,,32,20,21,14,15,100,NA,118,116,11,12,6,6,0.5,0.6
2026-07-31T1900,1228A,120.1902,30.2691,杭州市,浙江农大,,39,39,28,18,14,118,NA,115,115,32,23,6,6,0.4,0.4
2026-07-31T1900,1230A,120.1195,30.3121,杭州市,和睦小学,,40,29,21,15,12,128,NA,114,114,11,10,9,10,0.6,0.6
2026-07-31T1900,1231A,120.3076,30.4146,杭州市,临平镇,,45,42,31,23,15,144,NA,146,146,14,11,7,7,0.5,0.5
2026-07-31T1900,1232A,120.2753,30.1839,杭州市,城厢镇,NA,NA,29,29,19,14,110,NA,119,119,5,15,6,6,NA,0.5
2026-07-31T1900,1233A,120.0883,30.1808,杭州市,云栖,,36,36,25,11,16,106,NA,108,108,17,17,6,6,0.7,0.8
2026-07-31T1900,1234A,121.8352,29.9111,宁波市,区环保大楼,,37,33,33,14,14,118,NA,187,176,7,17,5,6,0.7,0.7
2026-07-31T1900,1235A,121.5595,29.8208,宁波市,万里学院,,40,33,27,28,16,94,NA,157,148,33,15,6,6,0.8,0.7
2026-07-31T1900,1236A,121.713,29.9564,宁波市,龙赛医院,,46,45,39,20,16,145,NA,192,181,10,13,7,8,0.4,0.3
2026-07-31T1900,1240A,121.5855,29.8635,宁波市,太古小学,,43,43,29,25,14,133,NA,162,160,15,9,5,5,0.4,0.3
2026-07-31T1900,1241A,121.5239,29.8673,宁波市,市环境监测中心,,49,36,25,34,18,115,NA,151,145,32,15,12,11,0.8,0.7
2026-07-31T1900,1242A,120.6342,28.0088,温州市,瓯海,,32,32,22,21,10,81,NA,101,100,19,16,6,6,0.6,0.5
2026-07-31T1900,1243A,120.6747,27.9881,温州市,南浦,,49,49,25,26,10,83,NA,113,112,16,10,6,5,0.5,0.3
2026-07-31T1900,1244A,120.76,27.9745,温州市,龙湾,,48,48,28,24,12,78,NA,114,109,14,12,7,6,0.7,0.5
2026-07-31T1900,1247A,120.6053,29.9927,绍兴市,城东开发委,,39,39,26,26,15,89,NA,108,108,9,8,10,10,0.7,0.7
2026-07-31T1900,1250A,120.075,30.867,湖州市,城西水厂,,48,29,30,19,18,153,NA,153,151,9,22,5,7,0.5,0.5
2026-07-31T1900,1252A,120.7439,30.778,嘉兴市,清河小学,,43,NA,35,25,20,137,NA,178,172,21,20,6,7,0.4,0.4
2026-07-31T1900,1253A,120.7261,30.7477,嘉兴市,嘉兴学院,,44,42,30,22,20,140,NA,188,180,20,19,2,4,0.3,0.3
2026-07-31T1900,1255A,121.2727,28.6461,台州市,黄岩环保大楼,,40,30,22,18,17,125,NA,134,134,5,5,/,/,/,/
2026-07-31T1900,1256A,121.4188,28.6545,台州市,台州环保大楼,,36,36,24,23,10,80,NA,122,117,8,8,/,/,0.5,0.5
2026-07-31T1900,1257A,121.3768,28.5772,台州市,路桥田洋王,,37,37,23,20,11,88,NA,129,124,10,7,5,5,0.4,0.3
2026-07-31T1900,1258A,122.1223,30.0203,舟山市,定海檀枫,,28,28,26,16,13,78,NA,156,147,23,20,7,7,0.6,0.6
2026-07-31T1900,1260A,122.1898,29.9945,舟山市,临城新区,,21,21,15,11,8,65,NA,133,129,25,16,7,6,0.6,0.6
2026-07-31T1900,1262A,119.6478,29.0773,金华市,十五中,,29,17,22,3,7,92,NA,101,101,8,13,2,3,0.5,0.6
2026-07-31T1900,1263A,119.6859,29.1032,金华市,监测站,,28,13,20,5,7,87,NA,96,95,5,11,2,3,0.4,0.6
2026-07-31T1900,1264A,118.8694,28.94,衢州市,环保大楼,,22,22,17,9,9,51,NA,80,76,14,12,/,/,/,/
2026-07-31T1900,1266A,118.8622,28.9809,衢州市,衢州学院,,21,16,9,9,9,65,NA,82,80,10,12,6,6,0.3,0.4
2026-07-31T1900,1267A,119.9141,28.4513,丽水市,监测站大楼,NA,NA,18,14,3,4,77,NA,89,89,NA,12,6,6,0.6,0.5
2026-07-31T1900,1268A,119.93,28.4589,丽水市,莲都小学,,25,12,13,3,4,80,NA,96,96,8,11,/,/,/,/
2026-07-31T1900,1269A,119.8794,28.4232,丽水市,余庄前,,28,13,14,1,3,88,NA,106,106,8,9,4,5,0.5,0.6
2026-07-31T1900,1270A,117.1957,31.7845,合肥市,明珠广场,,25,17,17,7,9,79,NA,82,82,6,9,8,8,0.6,0.6
2026-07-31T1900,1271A,117.307,31.8765,合肥市,三里街,,24,19,16,7,7,74,NA,77,76,8,9,10,10,0.2,0.2
2026-07-31T1900,1272A,117.2587,31.8703,合肥市,琥珀山庄,,26,19,18,8,8,82,NA,89,87,9,9,8,8,0.4,0.8
2026-07-31T1900,1275A,117.2593,31.9376,合肥市,庐阳区,,26,19,17,9,7,83,NA,88,87,9,9,8,10,0.4,0.5
2026-07-31T1900,1276A,117.345251,31.861615,合肥市,瑶海区,,22,19,20,6,7,70,NA,79,78,12,10,3,3,0.3,0.3
2026-07-31T1900,1277A,117.3033,31.7967,合肥市,包河区,,24,17,16,4,7,76,NA,78,78,6,6,9,8,0.2,0.2
2026-07-31T1900,1278A,117.278,31.7392,合肥市,滨湖新区,,25,14,14,4,7,78,NA,83,83,6,6,8,7,0.5,0.5
2026-07-31T1900,1279A,117.1324,31.8395,合肥市,高新区,,25,19,17,6,8,77,NA,76,76,3,4,7,7,0.5,0.5
2026-07-31T1900,1282A,119.2681,26.0506,福州市,师大,,44,44,28,28,14,76,NA,83,83,13,10,4,5,0.3,0.2
2026-07-31T1900,1283A,119.2983,26.1028,福州市,五四北路,颗粒物(PM10),56,58,30,24,13,94,NA,94,94,12,12,4,4,0.5,0.4
2026-07-31T1900,1284A,119.2648,26.0769,福州市,杨桥西路,颗粒物(PM10),54,55,28,33,14,83,NA,86,86,13,12,4,4,/,/
2026-07-31T1900,1287A,118.1519,24.4768,厦门市,洪文,,10,10,28,6,18,26,NA,83,80,11,21,4,5,0.1,0.3
2026-07-31T1900,1288A,118.0671,24.4447,厦门市,鼓浪屿,,30,6,31,5,16,94,NA,129,129,9,28,3,3,/,/
2026-07-31T1900,1291A,115.8887,28.7006,南昌市,省林业公司,,28,NA,8,10,9,89,NA,89,89,6,9,6,6,0.4,0.5
2026-07-31T1900,1292A,115.813,28.7443,南昌市,林科所,,28,12,12,7,9,87,NA,78,78,2,15,8,7,0.7,0.7
2026-07-31T1900,1294A,115.8518,28.687,南昌市,建工学校,,24,20,11,12,8,75,NA,73,73,7,10,7,7,0.5,0.5
2026-07-31T1900,1295A,115.8926,28.6425,南昌市,象湖,,24,NA,6,7,7,75,NA,74,74,7,10,8,9,0.3,0.3
2026-07-31T1900,1299A,116.9866,36.6118,济南市,科干所,,34,14,13,3,2,108,NA,103,103,5,5,4,4,0.6,0.6
2026-07-31T1900,1300A,116.9379,36.6652,济南市,农科所,,30,20,15,4,6,95,NA,94,94,7,7,4,4,0.2,0.2
2026-07-31T1900,1301A,117.1265,36.6736,济南市,开发区,,33,17,13,7,5,104,NA,92,92,5,4,6,6,0.3,0.2
2026-07-31T1900,1303A,117.0616,36.6865,济南市,省种子仓库,,32,27,19,7,6,100,NA,96,96,8,9,6,6,0.2,0.2
2026-07-31T1900,1304A,116.9495185,36.644937,济南市,机床二厂,,35,15,15,3,6,111,NA,110,110,2,4,7,7,0.3,0.3
2026-07-31T1900,1305A,117.0496,36.6629,济南市,市监测站,,32,15,15,5,5,101,NA,97,97,7,7,4,4,0.4,0.4
2026-07-31T1900,1306A,116.7674,36.5458,济南市,长清党校,,31,15,17,6,4,97,NA,94,94,6,7,4,4,0.2,0.2
2026-07-31T1900,1310A,120.404,36.0625,青岛市,市南区东部子站,,44,19,26,10,22,140,NA,149,149,9,10,7,7,0.7,0.6
2026-07-31T1900,1311A,120.362344,36.10282,青岛市,四方区子站,,47,24,25,12,19,150,NA,159,159,7,7,10,11,0.9,0.9
2026-07-31T1900,1312A,120.294373,36.054183,青岛市,市南区西部子站,,44,29,29,10,20,140,NA,152,152,14,16,7,7,0.7,0.8
2026-07-31T1900,1313A,120.4581,36.0858,青岛市,崂山区子站,,50,34,28,14,20,157,NA,159,159,16,11,9,8,0.4,0.3
2026-07-31T1900,1315A,120.3945,36.3083,青岛市,城阳区子站,,47,29,29,13,19,150,NA,157,157,19,15,7,6,0.5,0.5
2026-07-31T1900,1316A,113.6843,34.7622,郑州市,烟厂,,31,31,28,20,15,87,NA,104,104,14,10,2,2,0.6,0.5
2026-07-31T1900,1318A,113.669,34.8034,郑州市,银行学校,,32,28,27,22,18,93,NA,111,111,12,8,3,4,0.2,0.2
2026-07-31T1900,1319A,113.5612,34.8143,郑州市,供水公司,,30,24,28,17,18,94,NA,112,112,14,10,2,3,0.3,0.3
2026-07-31T1900,1320A,113.7269,34.7187,郑州市,经开区管委,,30,30,25,17,18,82,NA,98,97,13,10,2,2,0.6,0.5
2026-07-31T1900,1321A,113.7332,34.7727,郑州市,四十七中,,29,28,29,18,18,91,NA,107,106,12,9,1,1,0.5,0.4
2026-07-31T1900,1323A,113.6361,34.7537,郑州市,河医大,,34,34,31,20,16,86,NA,98,98,12,9,3,4,0.4,0.3
2026-07-31T1900,1325A,114.3676,30.5584,武汉市,东湖梨园,,24,12,13,8,8,74,NA,71,71,7,8,6,7,0.3,0.3
2026-07-31T1900,1326A,114.2527,30.5578,武汉市,汉阳月湖,,25,19,55,11,6,78,NA,80,80,10,8,5,4,0.8,0.9
2026-07-31T1900,1327A,114.2819,30.6189,武汉市,汉口花桥,,27,15,12,10,7,86,NA,86,86,6,6,6,6,0.4,0.5
2026-07-31T1900,1328A,114.3024,30.5332,武汉市,武昌紫阳,,25,22,17,6,6,80,NA,80,80,8,7,4,4,0.2,0.2
2026-07-31T1900,1329A,114.3646,30.6217,武汉市,青山钢花,,25,14,15,4,7,78,NA,77,77,6,7,6,6,0.4,0.4
2026-07-31T1900,1330A,114.156697,30.482592,武汉市,沌口新区,,27,11,12,7,8,84,NA,87,87,10,9,6,7,0.2,0.2
2026-07-31T1900,1331A,114.3013,30.5944,武汉市,汉口江滩,,26,14,13,12,7,83,NA,86,86,11,10,2,2,0.4,0.6
2026-07-31T1900,1333A,114.1285,30.6339,武汉市,吴家山,NA,NA,NA,16,12,9,89,NA,87,87,7,4,NA,5,0.2,0.2
2026-07-31T1900,1335A,113.082,28.2421,长沙市,经开区环保局,,21,19,13,9,5,67,NA,69,69,3,3,5,4,0.5,0.4
2026-07-31T1900,1336A,112.8873,28.2202,长沙市,高开区环保局,NA,NA,NA,15,10,6,84,NA,84,84,2,4,4,6,0.6,0.6
2026-07-31T1900,1337A,113.0785,28.2012,长沙市,马坡岭,,22,16,15,9,5,68,NA,73,73,5,6,7,6,0.5,0.4
2026-07-31T1900,1338A,112.9448,28.1894,长沙市,湖南师范大学,,26,25,18,11,6,82,NA,88,88,4,3,8,7,0.4,0.3
2026-07-31T1900,1339A,113.0177,28.1322,长沙市,雨花区环保局,,23,NA,13,11,6,73,NA,75,75,5,4,6,6,0.7,0.6
2026-07-31T1900,1340A,112.9795,28.2593,长沙市,伍家岭,,28,8,15,8,6,87,NA,88,88,6,5,5,4,0.5,0.4
2026-07-31T1900,1341A,113.002,28.1944,长沙市,火车新站,,23,20,16,8,5,73,NA,76,76,6,4,6,5,0.4,0.3
2026-07-31T1900,1342A,112.9846,28.1177,长沙市,天心区环保局,,25,10,14,10,6,79,NA,84,84,8,6,4,4,0.4,0.3
2026-07-31T1900,1343A,112.8906,28.1307,长沙市,湖南中医药大学,,24,15,15,8,6,75,NA,83,83,6,7,7,8,0.6,0.6
2026-07-31T1900,1345A,113.2346,23.1423,广州市,广雅中学,,18,12,19,6,11,56,NA,76,76,18,27,4,5,0.2,0.3
2026-07-31T1900,1346A,113.2611,23.105,广州市,市五中,,19,10,19,8,13,59,NA,92,92,16,24,4,4,/,/
2026-07-31T1900,1348A,113.3477,23.0916,广州市,广东商学院,,15,15,19,8,10,47,NA,78,78,14,22,4,4,0.4,0.5
2026-07-31T1900,1349A,113.4332,23.105,广州市,市八十六中,,14,12,18,8,11,44,NA,78,78,21,28,7,6,/,/
2026-07-31T1900,1350A,113.3506,22.9488,广州市,番禺中学,,13,13,22,7,13,37,NA,69,69,20,28,7,7,0.3,0.4
2026-07-31T1900,1351A,113.2147,23.3918,广州市,花都师范,,26,21,18,18,11,77,NA,92,92,18,18,3,2,0.5,0.6
2026-07-31T1900,1352A,113.2599,23.1329,广州市,市监测站,,20,12,20,7,13,63,NA,85,85,14,21,2,2,/,/
2026-07-31T1900,1353A,113.5618,23.3119,广州市,九龙镇镇龙,,8,7,17,4,8,23,NA,59,58,10,16,7,7,0.5,0.6
2026-07-31T1900,1354A,113.2764,23.1544,广州市,麓湖,,19,13,19,9,11,59,NA,82,82,15,18,6,5,0.5,0.6
2026-07-31T1900,1356A,114.0948,22.5506,深圳市,通心岭子站,,9,9,16,3,6,23,NA,22,20,7,15,2,2,0.8,0.7
2026-07-31T1900,1357A,114.1153,22.5713,深圳市,洪湖,,9,9,24,3,9,15,NA,16,16,7,19,6,6,0.4,0.5
2026-07-31T1900,1358A,113.9823,22.5398,深圳市,华侨城,,12,12,17,7,7,11,NA,16,14,11,15,/,/,/,/
2026-07-31T1900,1359A,113.9181,22.517,深圳市,南海子站,,18,18,18,11,9,15,NA,30,15,12,15,5,6,0.8,0.8
2026-07-31T1900,1360A,114.2345,22.565,深圳市,盐田,,9,9,14,0,3,13,NA,22,18,12,19,6,7,0.4,0.5
2026-07-31T1900,1363A,114.4911,22.5381,深圳市,南澳,,14,14,17,0,5,26,NA,43,37,6,9,/,/,/,/
2026-07-31T1900,1364A,114.41,22.6346,深圳市,葵涌,,15,15,25,5,6,12,NA,31,26,10,8,6,8,0.6,0.6
2026-07-31T1900,1365A,114.2967,22.5978,深圳市,梅沙,,8,8,12,2,3,21,NA,34,26,7,8,/,/,/,/
2026-07-31T1900,1366A,114.0563,22.7353,深圳市,观澜,NA,NA,19,21,11,11,14,NA,25,24,20,26,NA,5,0.7,0.7
2026-07-31T1900,1367A,113.5811,22.2618,珠海市,吉大,,12,3,6,3,7,6,NA,31,18,23,17,6,6,0.6,0.6
2026-07-31T1900,1368A,113.4893,22.2323,珠海市,前山,,15,8,11,3,8,5,NA,22,13,30,24,/,/,/,/
2026-07-31T1900,1369A,113.6284,22.4252,珠海市,唐家,,7,4,10,2,7,13,NA,31,20,13,15,/,/,/,/
2026-07-31T1900,1370A,113.2986,22.2284,珠海市,斗门,NA,NA,6,5,4,6,6,NA,12,8,8,11,6,6,NA,0.2
2026-07-31T1900,1371A,113.1293,23.0065,佛山市,湾梁,,11,7,14,5,12,35,NA,74,74,21,24,/,/,/,/
2026-07-31T1900,1372A,113.1082,23.0477,佛山市,华材职中,,14,9,17,6,14,42,NA,72,72,14,22,7,7,0.4,0.5
2026-07-31T1900,1373A,113.1439,23.045,佛山市,南海气象局,,26,26,23,8,12,38,NA,68,68,21,25,/,/,/,/
2026-07-31T1900,1374A,113.2879,22.8094,佛山市,顺德苏岗,,16,16,15,5,11,24,NA,43,43,21,26,/,/,0.5,0.7
2026-07-31T1900,1376A,112.8384,22.8678,佛山市,高明孔堂,,24,18,22,9,12,76,NA,74,74,16,22,/,/,/,/
2026-07-31T1900,1377A,112.8835,23.1584,佛山市,三水监测站,,35,24,16,24,16,62,NA,53,53,40,21,6,6,0.4,0.5
2026-07-31T1900,1378A,112.8668,23.185,佛山市,三水云东海,,38,38,23,24,12,68,NA,51,51,19,16,/,/,/,/
2026-07-31T1900,1379A,113.377,22.5211,中山市,华柏园,,30,30,19,9,8,14,NA,31,24,16,18,/,/,/,/
2026-07-31T1900,1380A,113.3879,22.5499,中山市,张溪,,12,12,19,4,6,16,NA,33,28,19,22,/,/,/,/
2026-07-31T1900,1381A,113.4071,22.5111,中山市,紫马岭,,11,11,13,3,5,16,NA,29,24,15,16,8,7,0.5,0.5
2026-07-31T1900,1383A,113.1063,22.6058,江门市,北街,,8,4,20,2,9,23,NA,44,44,15,22,/,/,/,/
2026-07-31T1900,1384A,113.073,22.5835,江门市,西区,,10,5,17,4,10,20,NA,48,48,19,23,/,/,/,/
2026-07-31T1900,1385A,113.0218,22.531,江门市,圭峰西,,10,10,16,3,8,22,NA,48,48,16,20,/,/,/,/
2026-07-31T1900,1390A,113.7943,23.0132,东莞市,东城石井,,11,11,21,7,11,24,NA,67,66,15,12,4,4,0.6,0.7
2026-07-31T1900,1391A,113.7384,22.9659,东莞市,南城西平,,10,9,21,3,12,24,NA,56,55,19,23,8,7,0.4,0.5
2026-07-31T1900,1392A,114.4181,23.0528,惠州市,河南岸金山湖子站,,11,11,24,4,11,22,NA,46,42,14,14,8,9,0.5,0.6
2026-07-31T1900,1393A,114.4055,23.0824,惠州市,下埔横江三路子站,,9,9,21,6,11,24,NA,47,42,14,14,5,7,0.4,0.4
2026-07-31T1900,1395A,114.4645,22.7832,惠州市,惠阳区承修路船湖子站,,21,21,32,11,15,11,NA,32,30,23,18,4,4,0.8,0.8
2026-07-31T1900,1396A,114.5316,22.7423,惠州市,大亚湾管委会子站,,12,12,15,5,6,14,NA,30,26,20,15,8,9,0.5,0.5
2026-07-31T1900,1397A,112.426,23.062,肇庆市,睦岗子站,,29,29,15,20,9,90,NA,42,42,20,20,6,6,/,/
2026-07-31T1900,1398A,112.4645,23.0476,肇庆市,城中子站,,32,28,16,22,10,77,NA,38,38,37,24,10,9,0.6,0.6
2026-07-31T1900,1399A,112.5545,23.1525,肇庆市,坑口子站,,22,22,15,14,10,43,NA,36,36,25,18,8,6,0.3,0.2
2026-07-31T1900,1401A,108.3098,22.788,南宁市,二十一中,,21,21,15,6,7,48,NA,52,52,12,9,1,1,0.7,0.7
2026-07-31T1900,1402A,108.3135,22.8529,南宁市,北湖,,23,23,13,7,9,40,NA,47,47,14,9,2,2,0.7,1
2026-07-31T1900,1403A,108.3205,22.8222,南宁市,市监测站,,14,13,13,6,6,43,NA,55,55,14,6,3,4,0.6,0.5
2026-07-31T1900,1404A,108.3828,22.8038,南宁市,大自然花园,,18,18,14,6,7,39,NA,50,50,14,8,4,4,0.6,0.6
2026-07-31T1900,1406A,108.2397,22.8462,南宁市,区农职院,,16,14,12,10,10,51,NA,49,49,8,6,4,4,0.6,0.6
2026-07-31T1900,1407A,108.3285,22.7356,南宁市,英华嘉园,NA,NA,25,18,12,8,NA,NA,71,NA,9,7,4,4,0.7,0.6
2026-07-31T1900,1410A,110.3189,20.0596,海口市,海南大学,,12,10,9,2,2,36,NA,49,46,11,4,4,4,0.4,0.4
2026-07-31T1900,1411A,110.2827,20.0051,海口市,秀英海南医院,,10,NA,7,4,5,32,NA,47,44,12,6,5,5,0.2,0.2
2026-07-31T1900,1412A,110.3391,19.9979,海口市,海南师范大学,,12,7,9,3,4,36,NA,47,45,7,5,3,3,0.4,0.4
2026-07-31T1900,1413A,110.3303,20.0359,海口市,龙华路环保局宿舍,,12,8,9,4,4,38,NA,50,47,9,5,/,/,0.3,0.3
2026-07-31T1900,1416A,106.4216,29.8256,重庆市,天生,,33,23,21,11,11,103,NA,123,123,10,10,9,9,0.8,0.8
2026-07-31T1900,1417A,106.6264,29.7226,重庆市,两路,,25,25,26,14,11,79,NA,97,96,18,16,13,13,0.6,0.6
2026-07-31T1900,1419A,106.5778,29.5103,重庆市,南坪,,27,26,28,15,10,85,NA,95,94,14,11,12,12,0.7,0.7
2026-07-31T1900,1420A,106.6556,29.6277,重庆市,唐家沱,,25,23,14,9,9,78,NA,92,90,8,9,11,12,0.2,0.2
2026-07-31T1900,1431A,103.9727,30.7242,成都市,金泉两河,,22,12,18,9,16,68,NA,56,NA,6,9,1,1,0.5,0.5
2026-07-31T1900,1432A,104.1423,30.6765,成都市,十里店,,26,NA,17,18,16,59,NA,60,53,11,10,5,5,0.6,0.6
2026-07-31T1900,1433A,104.0594,30.5765,成都市,三瓦窑,,26,20,16,18,17,65,NA,60,60,11,12,4,4,0.3,0.4
2026-07-31T1900,1434A,104.1122,30.6306,成都市,沙河铺,,23,19,21,16,16,55,NA,51,50,17,13,6,6,0.7,0.6
2026-07-31T1900,1439A,106.6863,26.6035,贵阳市,马鞍山,,19,9,8,6,4,60,NA,63,63,6,5,7,4,/,/
2026-07-31T1900,1441A,106.6241,26.6266,贵阳市,鉴湖路,,27,27,25,9,6,62,NA,63,63,5,4,8,7,0.4,0.5
2026-07-31T1900,1442A,106.7468,26.6344,贵阳市,燕子冲,,20,14,15,4,4,61,NA,61,61,7,7,9,9,0.3,0.3
2026-07-31T1900,1443A,106.6556,26.4362,贵阳市,碧云窝,,24,24,21,7,6,56,NA,56,56,4,5,5,6,/,/
2026-07-31T1900,1445A,106.6963,26.6063,贵阳市,红边门,,16,14,13,4,6,51,NA,54,54,10,7,8,7,/,/
2026-07-31T1900,1446A,106.7162383,26.56964667,贵阳市,新华路,,17,17,19,5,5,50,NA,63,62,9,6,17,14,0.3,0.4
2026-07-31T1900,1447A,106.6742,26.542,贵阳市,太慈桥,,19,17,14,8,5,58,NA,61,61,5,6,6,6,/,/
2026-07-31T1900,1450A,102.8203,24.889,昆明市,呈贡新区,,26,26,22,6,9,73,NA,69,69,5,14,3,6,0.4,0.5
2026-07-31T1900,1452A,102.7253,25.0904,昆明市,龙泉镇,,17,NA,20,10,10,54,NA,56,56,13,17,5,5,0.3,0.4
2026-07-31T1900,1453A,102.7267,25.0378,昆明市,东风东路,,17,8,14,7,9,52,NA,53,53,12,13,4,4,0.3,0.4
2026-07-31T1900,1454A,102.6744,25.0671,昆明市,金鼎山,,18,14,19,8,10,57,NA,58,58,8,13,4,4,0.5,0.5
2026-07-31T1900,1455A,102.6643,25.0401,昆明市,碧鸡广场,,16,NA,17,11,11,49,NA,50,50,12,14,5,6,0.6,0.5
2026-07-31T1900,1456A,91.132,29.6515,拉萨市,八廓街,,26,12,10,6,6,81,NA,83,83,7,7,7,8,0.1,0.1
2026-07-31T1900,1457A,91.1221,29.6748,拉萨市,市环保局,,22,5,9,5,6,70,NA,74,74,6,9,8,8,0.1,0.1
2026-07-31T1900,1458A,91.0874,29.6476,拉萨市,区监测站,,22,9,8,5,6,69,NA,76,73,9,10,8,8,0.2,0.2
2026-07-31T1900,1459A,91.1774,29.6541,拉萨市,西藏大学,,26,7,8,5,6,82,NA,86,85,9,9,5,6,0.2,0.2
2026-07-31T1900,1460A,90.9798,29.6586,拉萨市,区辐射站,,22,8,10,5,6,69,NA,71,68,10,12,7,7,0.1,0.1
2026-07-31T1900,1461A,91.0831,29.6292,拉萨市,拉萨火车站,,23,8,8,5,6,72,NA,77,75,7,10,5,6,0.3,0.3
2026-07-31T1900,1463A,108.9931,34.2629,西安市,兴庆小区,,29,28,18,15,14,90,NA,100,100,12,13,4,4,0.7,0.6
2026-07-31T1900,1464A,109.0595,34.2569,西安市,纺织城,,33,33,20,13,12,85,NA,96,96,10,9,9,9,0.6,0.5
2026-07-31T1900,1465A,108.9377,34.2178,西安市,小寨,,30,25,16,21,22,75,NA,85,85,10,8,5,5,0.7,0.7
2026-07-31T1900,1466A,108.9522,34.2739,西安市,市人民体育场,,30,28,20,17,11,96,NA,112,112,11,13,6,6,0.7,0.6
2026-07-31T1900,1467A,108.8923,34.2322,西安市,高新西区,,28,21,18,13,9,88,NA,94,94,5,6,4,4,0.4,0.4
2026-07-31T1900,1468A,108.9386,34.3446,西安市,经开区,,30,30,18,16,11,95,NA,105,105,9,9,1,3,0.5,0.5
2026-07-31T1900,1469A,108.894,34.1557,西安市,长安区,,24,23,14,9,6,75,NA,81,81,16,15,2,2,0.4,0.3
2026-07-31T1900,1471A,109.213,34.3748,西安市,临潼区,,50,50,28,27,18,99,NA,101,101,10,8,8,8,0.8,0.8
2026-07-31T1900,1474A,109.0508,34.321,西安市,广运潭,,34,34,20,17,13,98,NA,99,99,14,13,4,4,0.8,0.7
2026-07-31T1900,1479A,103.8309,36.0467,兰州市,铁路设计院,,41,41,46,19,19,102,NA,101,101,12,14,7,8,0.8,0.8
2026-07-31T1900,1489A,106.1361,38.5039,银川市,学院路,颗粒物(PM10),60,64,98,26,36,113,NA,104,104,14,14,4,4,0.4,0.4
2026-07-31T1900,1490A,87.5796,43.8299,乌鲁木齐市,监测站,,40,21,21,6,10,128,NA,119,119,7,14,6,5,0.2,0.3
2026-07-31T1900,1491A,87.6044,43.7679,乌鲁木齐市,收费所,,38,19,26,10,9,119,NA,115,115,14,29,9,8,0.3,0.3
2026-07-31T1900,1493A,87.5529,43.8704,乌鲁木齐市,铁路局,,40,22,23,10,10,128,NA,120,120,8,18,8,7,0.4,0.5
2026-07-31T1900,1494A,87.6408,43.8258,乌鲁木齐市,三十一中学,,40,23,24,4,9,126,NA,119,119,5,16,5,4,0.3,0.3
2026-07-31T1900,1496A,87.7218,44.1747,乌鲁木齐市,米东区环保局,,35,16,27,8,11,110,NA,108,108,2,12,8,8,0.3,0.4
2026-07-31T1900,1508A,112.9508,27.8626,湘潭市,板塘,,23,14,11,6,4,71,NA,76,76,3,4,11,11,0.8,0.8
2026-07-31T1900,1511A,112.9114,27.8404,湘潭市,市监测站,NA,NA,7,5,7,4,NA,NA,97,97,5,2,4,4,0.2,0.3
2026-07-31T1900,1512A,112.8935,27.8729,湘潭市,江麓,,21,17,13,6,5,65,NA,67,67,5,7,7,11,0.2,0.4
2026-07-31T1900,1513A,112.9227,27.8159,湘潭市,岳塘,,22,20,12,9,4,68,NA,73,73,4,4,11,10,0.0,0.1
2026-07-31T1900,1514A,112.9073,27.9118,湘潭市,科大,,23,13,15,5,1,73,NA,73,73,4,5,6,7,0.8,0.7
2026-07-31T1900,1515A,113.1265,27.8306,株洲市,天台山庄,,22,22,15,12,6,49,NA,57,57,2,2,2,2,0.2,0.2
2026-07-31T1900,1518A,113.0937,27.8919,株洲市,株冶医院,,18,14,10,8,5,56,NA,59,59,4,4,4,4,0.3,0.3
2026-07-31T1900,1519A,113.1709,27.8661,株洲市,市四中,,16,16,11,7,5,51,NA,55,55,6,6,5,6,0.3,0.3
2026-07-31T1900,1520A,113.1515,27.8265,株洲市,火车站,,20,19,13,14,6,53,NA,61,61,8,8,8,8,0.4,0.4
2026-07-31T1900,1524A,113.1329,27.8491,株洲市,市监测站,,17,17,11,11,5,54,NA,62,62,7,6,7,7,0.4,0.4
2026-07-31T1900,1562A,113.0048,27.9153,湘潭市,昭山,,18,17,11,3,2,57,NA,63,63,8,7,7,6,0.5,0.4
2026-07-31T1900,1585A,109.8761,40.6533,包头市,市环境监测站,颗粒物(PM10),62,66,60,31,31,111,NA,105,105,6,13,3,3,0.4,0.4
2026-07-31T1900,1587A,109.9992,40.5843,包头市,包头八中,颗粒物(PM10),65,71,55,34,28,104,NA,99,99,8,15,4,4,0.5,0.6
2026-07-31T1900,1589A,109.8641,40.6288,包头市,惠龙物流,颗粒物(PM10),60,63,52,38,31,108,NA,105,105,7,15,2,3,0.4,0.5
2026-07-31T1900,1590A,110.0376,40.5546,包头市,东河鸿龙湾,,48,48,38,26,25,107,NA,95,95,8,13,4,5,0.7,0.7
2026-07-31T1900,1591A,110.0024,39.8127,鄂尔多斯市,综合楼,,40,NA,34,28,20,92,NA,109,109,18,13,6,6,0.7,0.6
2026-07-31T1900,1592A,109.9485,39.8259,鄂尔多斯市,巴音孟克林场办事处,,33,24,32,20,19,103,NA,115,115,16,11,4,4,0.7,0.6
2026-07-31T1900,1593A,109.7734,39.5987,鄂尔多斯市,康泽苑,,34,NA,29,12,17,107,NA,109,109,10,10,6,6,0.3,0.3
2026-07-31T1900,1594A,109.8121,39.5987,鄂尔多斯市,华泰汽车城,,27,27,31,8,16,84,NA,96,96,12,11,4,4,0.9,0.8
2026-07-31T1900,1595A,109.9734,39.7884,鄂尔多斯市,奥林花园,,31,31,38,19,21,87,NA,101,101,15,12,3,3,0.6,0.6
2026-07-31T1900,1597A,122.2704,40.7093,营口市,大庆路,,47,31,29,29,17,149,NA,121,121,8,9,10,8,0.7,0.8
2026-07-31T1900,1598A,122.215,40.6511,营口市,镜湖西路,,42,20,20,16,18,133,NA,113,113,8,8,1,2,0.5,0.5
2026-07-31T1900,1599A,122.1667,40.665,营口市,西炮台,,37,24,25,15,21,117,NA,107,107,12,16,3,5,0.5,0.5
2026-07-31T1900,1600A,124.33,40.0625,丹东市,江湾东路,,49,NA,19,34,17,123,NA,112,112,5,6,2,3,0.6,0.5
2026-07-31T1900,1601A,124.4242,40.1513,丹东市,临江后街,细颗粒物(PM2.5),56,46,27,38,19,114,NA,109,109,7,5,2,2,0.7,0.6
2026-07-31T1900,1602A,124.3935,40.1461,丹东市,元宝山,细颗粒物(PM2.5),60,41,24,40,22,112,NA,109,109,8,6,3,3,0.9,0.7
2026-07-31T1900,1603A,124.3634,40.1093,丹东市,民主桥,,50,37,26,35,20,113,NA,102,102,3,3,3,3,0.9,0.8
2026-07-31T1900,1604A,122.0303,41.1489,盘锦市,开发区,,49,NA,22,26,22,154,NA,132,132,2,5,5,5,0.6,0.6
2026-07-31T1900,1605A,122.0486,41.0883,盘锦市,兴隆台,,47,NA,33,25,28,148,NA,125,125,8,8,2,2,0.7,0.7
2026-07-31T1900,1606A,121.8297,41.1026,盘锦市,新生街道,臭氧1小时(O3_1h),58,32,30,19,21,166,NA,148,148,8,9,2,3,0.7,0.7
2026-07-31T1900,1607A,120.904878,40.721091,葫芦岛市,龙港区,臭氧1小时(O3_1h),58,50,35,25,26,166,NA,146,146,3,4,3,2,0.4,0.5
2026-07-31T1900,1608A,120.8382,40.7521,葫芦岛市,化工街,,46,44,36,23,22,146,NA,140,140,7,9,7,7,0.4,0.4
2026-07-31T1900,1609A,120.8339,40.7078,葫芦岛市,新区,,48,42,32,29,24,152,NA,141,141,2,3,1,2,0.6,0.6
2026-07-31T1900,1610A,120.8697,40.7679,葫芦岛市,东城区,,47,40,37,27,26,150,NA,145,145,6,6,3,3,0.5,0.5
2026-07-31T1900,1611A,118.5818,24.9116,泉州市,涂山街,,34,34,44,21,24,101,NA,159,159,28,27,3,5,0.8,0.8
2026-07-31T1900,1612A,118.597,24.8976,泉州市,津头埔,,41,41,45,24,24,100,NA,154,154,25,26,3,5,0.8,0.7
2026-07-31T1900,1613A,118.6669,24.9422,泉州市,万安,,36,36,44,18,23,111,NA,164,164,19,24,4,5,0.8,0.8
2026-07-31T1900,1618A,118.3429,35.0532,临沂市,沂河小区,,29,24,25,4,10,92,NA,96,96,8,11,12,14,0.2,0.3
2026-07-31T1900,1619A,118.2962,35.0568,临沂市,鲁南制药厂,,35,22,21,2,11,111,NA,104,104,6,12,8,9,0.6,0.6
2026-07-31T1900,1620A,118.2793,34.9976,临沂市,新光毛纺厂,,34,12,19,2,13,108,NA,108,108,11,16,9,12,0.2,0.3
2026-07-31T1900,1621A,118.3955,35.0889,临沂市,河东保险公司,,35,12,19,0,2,111,NA,113,113,15,14,11,13,0.3,0.4
2026-07-31T1900,1622A,116.3034,37.4675,德州市,儿童乐园,,41,41,21,10,13,108,NA,107,107,5,7,10,11,0.5,0.5
2026-07-31T1900,1624A,116.2992,37.4449,德州市,监理站,,34,24,21,9,11,106,NA,106,106,5,7,12,13,0.2,0.3
2026-07-31T1900,1625A,115.9789,36.4372,聊城市,区政府,,27,19,15,6,6,86,NA,88,88,2,3,5,5,0.5,0.4
2026-07-31T1900,1629A,117.9961,37.3604,滨州市,第二水厂,,30,22,19,8,14,96,NA,110,110,5,8,5,7,0.6,0.6
2026-07-31T1900,1630A,117.9789,37.3931,滨州市,北中新校,,34,27,22,8,10,106,NA,117,117,12,13,7,8,0.4,0.6
2026-07-31T1900,1631A,118.0413,36.8101,淄博市,人民公园,,34,19,26,7,11,107,NA,105,105,8,8,9,11,0.3,0.3
2026-07-31T1900,1633A,117.8524,36.4848,淄博市,双山,,33,17,22,6,12,104,NA,101,101,6,9,3,4,0.4,0.5
2026-07-31T1900,1634A,117.9595,36.6332,淄博市,气象站,,35,17,20,8,10,110,NA,109,109,7,9,13,14,0.1,0.1
2026-07-31T1900,1637A,117.5628,34.8379,枣庄市,市中区政府,,35,24,29,4,11,112,NA,124,124,10,16,5,6,0.1,0.2
2026-07-31T1900,1638A,117.2855,34.7838,枣庄市,薛城环保局,,32,15,28,1,11,100,NA,112,112,4,17,9,9,0.2,0.4
2026-07-31T1900,1639A,117.5854,34.7744,枣庄市,峄城区政府,,30,22,30,2,12,96,NA,118,116,8,14,5,5,0.4,0.5
2026-07-31T1900,1641A,117.4516,35.0992,枣庄市,山亭区环保局,,34,17,19,8,9,107,NA,108,108,6,10,6,6,0.3,0.4
2026-07-31T1900,1642A,121.2517,37.564,烟台市,开发区,,44,31,26,12,15,140,NA,141,141,15,10,7,7,0.8,0.7
2026-07-31T1900,1644A,121.3181,37.5436,烟台市,西郊化工站,,41,27,23,10,12,130,NA,129,129,4,5,10,10,0.5,0.4
2026-07-31T1900,1645A,121.4419,37.4858,烟台市,莱山环保局,,38,27,22,9,12,121,NA,130,130,11,8,3,3,0.7,0.7
2026-07-31T1900,1646A,121.2619,37.4965,烟台市,福山环保局,,41,29,26,9,11,130,NA,127,127,16,11,8,7,0.5,0.5
2026-07-31T1900,1650A,119.1436,36.7022,潍坊市,环保局,,36,24,30,4,10,113,NA,106,106,11,12,7,8,0.6,0.6
2026-07-31T1900,1653A,116.6229,35.4288,济宁市,火炬城,,37,15,23,5,6,118,NA,115,115,5,8,4,5,0.5,0.5
2026-07-31T1900,1656A,117.1436,36.1938,泰安市,监测站,,33,24,20,10,12,105,NA,101,101,4,7,6,6,0.2,0.2
2026-07-31T1900,1657A,117.0905,36.2002,泰安市,人口学校,,34,29,24,11,10,108,NA,106,106,7,6,7,7,0.4,0.4
2026-07-31T1900,1658A,117.0992,36.1757,泰安市,电力学校,,31,22,17,10,12,97,NA,96,96,5,7,6,6,0.1,0.2
2026-07-31T1900,1659A,119.4711,35.421,日照市,监测站,,36,12,22,7,16,114,NA,131,131,11,19,8,10,0.4,0.7
2026-07-31T1900,1660A,119.523,35.4216,日照市,市政府广场,,36,24,29,7,16,113,NA,134,133,10,18,9,11,0.4,0.6
2026-07-31T1900,1661A,119.5511,35.4113,日照市,港务局,NA,NA,NA,47,NA,14,84,NA,134,131,NA,22,10,7,NA,0.9
2026-07-31T1900,1662A,122.121,37.4231,威海市,华夏技校,,35,12,17,6,13,109,NA,112,112,8,7,/,/,0.4,0.4
2026-07-31T1900,1663A,122.0508,37.5236,威海市,山大分校,,33,10,21,5,15,104,NA,123,120,6,6,/,/,/,/
2026-07-31T1900,1664A,122.1067,37.5067,威海市,市监测站,,30,10,17,6,14,96,NA,104,104,6,5,2,2,0.4,0.5
2026-07-31T1900,1666A,118.6612,37.4313,东营市,市环保局,,33,22,23,6,12,103,NA,133,130,11,15,6,9,0.3,0.4
2026-07-31T1900,1669A,113.5821,24.7733,韶关市,市八中,,23,23,28,14,16,61,NA,71,71,9,8,13,11,0.8,0.8
2026-07-31T1900,1671A,113.5916,24.7973,韶关市,园林处,,13,7,19,5,14,39,NA,68,68,8,8,7,10,/,/
2026-07-31T1900,1673A,113.5971,24.6864,韶关市,曲江监测站,,17,12,19,11,14,53,NA,54,54,20,16,10,14,0.7,0.7
2026-07-31T1900,1674A,116.6795,23.3666,汕头市,金平子站,,20,20,19,4,12,56,NA,62,48,6,9,3,4,0.6,0.6
2026-07-31T1900,1675A,116.7248,23.3632,汕头市,龙湖子站,,28,28,16,3,16,46,NA,59,42,4,8,4,4,/,/
2026-07-31T1900,1676A,116.7257,23.2774,汕头市,濠江子站,,18,18,24,12,14,45,NA,51,44,6,8,6,6,/,/
2026-07-31T1900,1677A,116.7518,23.4712,汕头市,澄海子站,,24,24,28,7,17,41,NA,52,43,6,8,4,5,0.6,0.7
2026-07-31T1900,1678A,116.6088,23.2539,汕头市,潮阳子站,,18,18,20,8,14,44,NA,57,41,3,8,6,7,0.5,0.6
2026-07-31T1900,1680A,110.3648,21.2697,湛江市,湛江影剧院,,17,17,13,6,4,39,NA,40,40,4,4,6,6,0.4,0.4
2026-07-31T1900,1681A,110.3907,21.2279,湛江市,市环境监测站,,12,8,10,4,5,37,NA,38,38,4,5,3,3,0.3,0.3
2026-07-31T1900,1682A,110.3936,21.1943,湛江市,环保局宿舍,,14,14,11,5,5,41,NA,41,41,3,4,6,6,/,/
2026-07-31T1900,1683A,110.4138,21.2033,湛江市,霞山游泳场,,13,9,11,2,4,39,NA,39,39,4,4,6,6,/,/
2026-07-31T1900,1685A,110.4512,21.239,湛江市,坡头区环保局,,18,18,11,5,5,40,NA,40,40,4,4,4,4,0.3,0.3
2026-07-31T1900,1686A,111.0285,21.469,茂名市,电白南海,,17,17,22,5,6,38,NA,42,42,9,6,3,3,0.3,0.4
2026-07-31T1900,1687A,110.9294,21.6533,茂名市,茂石化七小,,14,14,17,6,7,31,NA,37,37,8,7,7,8,0.4,0.4
2026-07-31T1900,1688A,110.9108,21.6688,茂名市,健康路,,11,9,10,4,7,34,NA,41,41,6,5,5,5,0.4,0.4
2026-07-31T1900,1689A,110.8592,21.6826,茂名市,高岭,NA,NA,14,16,6,8,35,NA,41,41,NA,7,5,11,/,/
2026-07-31T1900,1690A,116.1248,24.3307,梅州市,梅江月梅,,29,22,27,20,16,49,NA,47,46,7,10,/,/,/,/
2026-07-31T1900,1691A,116.0798,24.2719,梅州市,梅县新城,,21,21,24,11,14,48,NA,53,52,13,14,9,9,0.6,0.6
2026-07-31T1900,1693A,115.3653,22.7751,汕尾市,市环保局,,20,17,16,14,8,44,NA,42,42,14,7,5,5,0.7,0.6
2026-07-31T1900,1695A,115.362,22.7926,汕尾市,新城中学,,19,19,15,10,8,38,NA,43,42,11,6,6,6,0.6,0.5
2026-07-31T1900,1697A,114.6962,23.7538,河源市,东埔,,8,7,17,4,14,24,NA,42,40,9,12,4,4,0.5,0.6
2026-07-31T1900,1698A,114.6895,23.7232,河源市,老城,,15,15,24,7,13,25,NA,42,40,10,12,7,8,0.5,0.9
2026-07-31T1900,1701A,111.9491,21.8658,阳江市,马南垌,,13,6,12,6,7,41,NA,39,39,6,7,5,5,0.5,0.4
2026-07-31T1900,1703A,113.0218,23.7086,清远市,凤城街办,,21,10,10,7,5,67,NA,60,60,9,12,/,/,/,/
2026-07-31T1900,1708A,116.3701,23.5345,揭阳市,新兴,,14,14,40,6,20,28,NA,61,56,10,23,6,9,0.5,0.7
2026-07-31T1900,1709A,116.3261,23.5442,揭阳市,西马,,25,25,44,6,23,35,NA,66,61,4,19,4,7,0.6,0.9
2026-07-31T1900,1710A,116.361,23.5627,揭阳市,东兴,,15,15,38,4,21,29,NA,69,63,6,21,5,13,/,/
2026-07-31T1900,1711A,116.4151,23.5295,揭阳市,渔湖,,26,26,43,4,24,30,NA,67,64,9,23,5,7,/,/
2026-07-31T1900,1714A,112.0281,22.9738,云浮市,牧羊,,18,10,17,8,6,57,NA,46,46,12,13,3,8,0.7,0.7
2026-07-31T1900,1715A,102.575,24.371,玉溪市,东风水库,,17,NA,14,6,6,53,NA,59,59,4,7,3,4,0.3,0.3
2026-07-31T1900,1723A,113.2926,40.0759,大同市,云冈宾馆,,22,14,32,9,13,70,NA,111,107,23,14,6,11,0.8,0.8
2026-07-31T1900,1724A,113.3437,40.0921,大同市,大同大学,,27,10,31,9,16,84,NA,115,111,14,13,4,8,0.6,0.7
2026-07-31T1900,1725A,113.2637,40.129,大同市,安家小村,,26,22,48,13,17,82,NA,124,116,15,12,7,10,0.5,0.6
2026-07-31T1900,1727A,113.1146,36.1547,长治市,清华站,,24,12,18,8,11,76,NA,82,82,4,4,8,7,0.7,0.7
2026-07-31T1900,1730A,113.0887,36.2126,长治市,审计局,,22,15,19,8,13,70,NA,79,79,6,5,9,9,0.2,0.5
2026-07-31T1900,1731A,113.0845,36.1856,长治市,长治八中,,20,20,21,9,12,61,NA,69,69,5,4,11,11,0.6,0.7
2026-07-31T1900,1733A,111.5552,36.0791,临汾市,临钢医院,,36,36,24,12,7,102,NA,91,91,12,11,6,5,1.4,0.8
2026-07-31T1900,1734A,111.4984,36.0734,临汾市,技工学校,,45,41,33,31,24,97,NA,86,86,13,12,5,3,1.3,0.9
2026-07-31T1900,1736A,111.5017,36.0857,临汾市,市委,颗粒物(PM10),59,62,51,13,9,103,NA,92,92,10,12,6,7,1.3,0.9
2026-07-31T1900,1739A,113.4894,37.8717,阳泉市,赛鱼,,38,38,19,15,22,81,NA,90,90,6,11,16,6,0.6,0.6
2026-07-31T1900,1740A,113.582,37.8473,阳泉市,南庄,,39,32,40,27,23,86,NA,94,94,10,11,12,17,0.9,1
2026-07-31T1900,1742A,113.5616,37.8706,阳泉市,平坦,,36,36,35,16,25,84,NA,96,96,11,12,10,10,0.8,0.9
2026-07-31T1900,1743A,113.5115,37.8391,阳泉市,大阳泉,,35,NA,23,24,19,71,NA,74,74,5,6,7,6,0.8,0.9
2026-07-31T1900,1744A,118.9229,42.2816,赤峰市,松山一中,,35,22,17,18,12,111,NA,122,120,14,6,9,8,0.6,0.6
2026-07-31T1900,1745A,118.9588,42.2733,赤峰市,哈达街,,32,23,17,12,13,101,NA,112,111,17,8,10,8,0.6,0.6
2026-07-31T1900,1746A,118.8792,42.2551,赤峰市,天义路,,29,29,14,20,12,87,NA,97,96,14,9,7,7,0.6,0.6
2026-07-31T1900,1748A,123.0441,41.1201,鞍山市,深沟寺,,35,35,28,17,16,107,NA,101,101,12,8,6,5,0.6,0.7
2026-07-31T1900,1749A,123.011,41.0931,鞍山市,太阳城,颗粒物(PM10),60,63,37,20,20,103,NA,94,92,19,12,6,5,0.9,1
2026-07-31T1900,1750A,123.0483,41.1445,鞍山市,太平,,36,36,28,18,17,102,NA,95,94,10,6,6,6,0.6,0.6
2026-07-31T1900,1751A,122.964,41.0968,鞍山市,铁西三道街,,37,36,31,19,19,116,NA,100,100,8,8,5,5,0.8,1
2026-07-31T1900,1753A,123.0219,41.0822,鞍山市,明达新区,NA,NA,36,27,18,16,110,NA,100,100,NA,7,4,3,0.7,0.8
2026-07-31T1900,1755A,123.7974,41.8494,抚顺市,望花区,,32,32,34,12,18,79,NA,103,99,16,10,4,5,0.8,0.8
2026-07-31T1900,1756A,123.9161,41.8827,抚顺市,顺城区,,34,34,27,12,13,101,NA,119,118,14,9,11,9,0.8,0.7
2026-07-31T1900,1757A,124.0437,41.8615,抚顺市,东洲区,,47,47,31,13,14,112,NA,120,120,13,9,9,7,0.8,0.7
2026-07-31T1900,1758A,123.9246,41.8638,抚顺市,新抚区,,32,32,29,12,15,96,NA,108,108,9,7,8,7,0.9,0.8
2026-07-31T1900,1759A,124.0972,41.8961,抚顺市,大伙房水库,,33,28,22,12,12,103,NA,108,108,11,8,10,10,0.8,0.5
2026-07-31T1900,1760A,123.708,41.8386,抚顺市,沈抚新城,,38,38,35,10,15,93,NA,114,109,13,11,7,7,0.7,1
2026-07-31T1900,1761A,123.8274146,41.31234549,本溪市,大峪,,33,30,22,15,14,103,NA,103,103,9,5,4,4,0.5,0.5
2026-07-31T1900,1763A,123.7169,41.3094,本溪市,彩屯,,25,22,25,12,18,80,NA,83,83,4,14,5,5,0.4,1.6
2026-07-31T1900,1764A,123.7672166,41.28649327,本溪市,东明,,34,34,26,16,13,97,NA,103,103,6,6,3,4,0.6,0.5
2026-07-31T1900,1765A,123.799345,41.266614,本溪市,新立屯,,34,34,23,15,13,73,NA,84,83,10,5,6,6,0.6,0.5
2026-07-31T1900,1766A,123.829144,41.336777,本溪市,威宁,,28,27,23,19,15,76,NA,98,97,6,8,5,5,0.4,0.4
2026-07-31T1900,1767A,121.1114,41.0879,锦州市,南山,,45,45,40,19,26,128,NA,141,141,11,11,1,2,0.3,0.4
2026-07-31T1900,1768A,121.060361,40.842794,锦州市,开发区,颗粒物(PM10),90,105,68,21,25,171,NA,150,150,9,9,4,4,0.3,0.6
2026-07-31T1900,1769A,121.1836,41.1118,锦州市,百股街道,,48,38,40,19,25,153,NA,153,152,6,6,5,2,0.8,0.8
2026-07-31T1900,1770A,121.1176,41.1224,锦州市,天安街道,颗粒物(PM10),53,53,41,16,27,124,NA,142,142,10,9,1,2,0.7,0.7
2026-07-31T1900,1771A,121.1303,41.1385,锦州市,北湖公园,颗粒物(PM10),52,52,44,18,26,123,NA,131,131,8,8,3,1,0.5,0.5
2026-07-31T1900,1772A,126.54,43.8622,吉林市,哈达湾,,33,24,26,23,21,82,NA,86,86,8,7,6,6,0.6,0.5
2026-07-31T1900,1773A,126.5843,43.8358,吉林市,东局子,,28,23,27,19,20,65,NA,79,78,14,9,4,4,0.6,0.5
2026-07-31T1900,1774A,126.5051,43.8243,吉林市,电力学院,,33,33,32,20,21,93,NA,98,98,6,7,4,5,0.6,0.6
2026-07-31T1900,1775A,126.6133,43.8971,吉林市,江北,,31,31,32,20,19,70,NA,77,77,9,6,6,6,0.6,0.6
2026-07-31T1900,1776A,126.5549,43.8304,吉林市,江南公园,,28,24,26,19,20,56,NA,78,76,6,6,2,2,0.3,0.2
2026-07-31T1900,1779A,123.9307,47.3641,齐齐哈尔市,安居小区,,31,31,25,11,8,27,NA,45,38,6,5,4,4,0.6,0.5
2026-07-31T1900,1780A,123.9497,47.3389,齐齐哈尔市,中心广场,,36,36,24,14,8,29,NA,50,43,13,9,5,5,0.6,0.5
2026-07-31T1900,1781A,123.9483,47.3229,齐齐哈尔市,农牧车辆厂,,36,36,32,15,9,34,NA,46,42,7,6,6,6,0.1,0.1
2026-07-31T1900,1783A,123.9442,47.2994,齐齐哈尔市,市环境监测站,,26,26,21,16,8,36,NA,48,46,10,7,4,4,0.2,0.2
2026-07-31T1900,1784A,129.61,44.561,牡丹江市,环保大楼,,35,NA,17,24,13,15,NA,36,29,27,15,8,7,0.7,0.5
2026-07-31T1900,1787A,129.6364,44.6075,牡丹江市,机车工厂,颗粒物(PM10),69,76,33,32,18,9,NA,20,12,22,20,9,9,0.6,0.5
2026-07-31T1900,1788A,129.6386,44.5462,牡丹江市,第一中学,,36,36,25,11,11,12,NA,40,30,19,12,4,4,0.6,0.6
2026-07-31T1900,1789A,124.8085,46.0381,大庆市,大同区,,45,45,38,28,21,101,NA,113,110,8,8,7,6,0.8,0.7
2026-07-31T1900,1790A,125.1166,46.5255,大庆市,龙凤区,,50,50,25,32,19,42,NA,84,79,19,11,7,8,0.5,0.4
2026-07-31T1900,1791A,124.8894,46.4007,大庆市,红岗区,,40,37,23,28,17,89,NA,100,100,13,7,8,7,0.6,0.5
2026-07-31T1900,1792A,125.1391,46.578,大庆市,萨尔图区,,50,50,32,23,18,51,NA,55,55,11,13,6,6,0.3,0.2
2026-07-31T1900,1793A,124.9026,46.6217,大庆市,让胡路区,,47,47,33,32,21,60,NA,68,68,8,11,5,5,0.5,0.4
2026-07-31T1900,1794A,118.3603,31.3515,芜湖市,监测站,,39,39,36,12,16,56,NA,111,109,33,32,7,8,0.5,0.6
2026-07-31T1900,1795A,118.3716,31.4135,芜湖市,科创中心,,26,22,23,10,12,81,NA,117,116,16,22,5,6,0.4,0.5
2026-07-31T1900,1796A,118.3671,31.3132,芜湖市,四水厂,,20,17,21,11,16,63,NA,121,119,29,20,5,6,0.4,0.5
2026-07-31T1900,1798A,118.5084,31.6838,马鞍山市,湖东路四小,,26,22,22,6,11,82,NA,111,109,5,12,7,9,0.7,0.8
2026-07-31T1900,1799A,118.5019,31.6449,马鞍山市,开发区,,27,14,25,8,13,84,NA,115,112,6,15,6,7,0.5,0.6
2026-07-31T1900,1803A,115.9873,29.6816,九江市,十里,,27,9,17,6,8,84,NA,88,88,9,8,5,5,0.5,0.5
2026-07-31T1900,1804A,115.9583,29.7047,九江市,茅山头,,24,13,17,4,8,74,NA,78,78,9,10,4,4,0.4,0.5
2026-07-31T1900,1805A,115.9877,29.7295,九江市,西园,,29,13,16,10,11,90,NA,90,90,10,9,2,3,0.4,0.4
2026-07-31T1900,1808A,115.9112,29.6038,九江市,综合工业园,,26,17,14,6,9,82,NA,86,86,10,12,2,3,0.4,0.4
2026-07-31T1900,1812A,112.3934,34.6517,洛阳市,市委党校,,32,22,26,22,18,65,NA,83,83,9,9,7,8,0.5,0.5
2026-07-31T1900,1815A,112.494,34.6883,洛阳市,河南林校,,23,21,29,1,14,71,NA,92,92,5,7,5,6,0.3,0.4
2026-07-31T1900,1816A,112.3843,34.623,洛阳市,开发区管委会,,22,14,23,11,17,70,NA,93,93,10,11,14,14,0.5,0.5
2026-07-31T1900,1817A,112.4263,34.6249,洛阳市,市委新办公区,,19,10,22,9,16,58,NA,92,92,9,8,11,11,0.3,0.3
2026-07-31T1900,1819A,114.3552,36.1017,安阳市,红庙街,,29,NA,25,20,17,82,NA,93,93,3,7,3,4,0.5,0.7
2026-07-31T1900,1820A,114.361,36.0681,安阳市,银杏小区,,27,27,31,14,19,72,NA,84,84,4,8,1,2,0.3,0.4
2026-07-31T1900,1824A,114.3389,34.778,开封市,肿瘤医院,NA,NA,31,22,18,16,96,NA,105,105,13,14,3,4,NA,0.6
2026-07-31T1900,1826A,114.2884,34.7966,开封市,世纪星幼儿园,,33,32,22,20,14,104,NA,114,114,8,9,1,2,0.6,0.6
2026-07-31T1900,1832A,113.3257,33.7423,平顶山市,新华旅馆,,32,NA,22,22,14,79,NA,88,88,12,11,3,3,0.6,0.5
2026-07-31T1900,1833A,113.2917,33.737,平顶山市,规划设计院,,29,24,18,20,14,83,NA,84,84,11,11,5,5,0.6,0.6
2026-07-31T1900,1834A,113.182,33.7738,平顶山市,平顶山工学院,,31,19,14,19,16,98,NA,90,90,7,8,5,5,0.4,0.4
2026-07-31T1900,1835A,111.1922,34.7752,三门峡市,市政府,,30,30,29,16,20,77,NA,81,81,8,10,8,8,0.4,0.4
2026-07-31T1900,1836A,111.1588,34.794,三门峡市,开发区,,24,8,32,2,20,74,NA,80,80,6,11,6,7,0.4,0.5
2026-07-31T1900,1840A,111.2991,30.6981,宜昌市,白龙岗,NA,NA,14,22,8,11,47,NA,94,92,13,10,NA,6,0.2,0.2
2026-07-31T1900,1842A,111.263451,30.696754,宜昌市,点军区,,19,16,21,2,11,60,NA,104,101,7,8,6,7,0.1,0.2
2026-07-31T1900,1843A,111.3276,30.782,宜昌市,夷陵区,,16,3,16,2,9,51,NA,89,86,10,10,5,5,0.2,0.2
2026-07-31T1900,1844A,112.2493,30.3198,荆州市,市图书馆,,21,18,11,11,10,67,NA,73,73,4,5,4,4,0.4,0.4
2026-07-31T1900,1845A,112.2009,30.3543,荆州市,市委党校,,25,NA,12,17,7,60,NA,66,66,4,5,4,5,0.4,0.3
2026-07-31T1900,1848A,113.1494,29.425,岳阳市,城陵矶,,33,15,15,2,2,104,NA,98,98,6,6,2,3,0.6,0.7
2026-07-31T1900,1849A,113.1493,29.3575,岳阳市,开发区,,31,11,11,3,3,99,NA,97,97,6,9,5,6,0.3,0.3
2026-07-31T1900,1850A,113.2672,29.4752,岳阳市,云溪区,,27,NA,9,16,4,84,NA,88,88,8,5,3,3,0.2,0.3
2026-07-31T1900,1851A,112.9944,29.44,岳阳市,君山区,,30,13,14,4,4,94,NA,107,107,7,7,3,3,0.4,0.4
2026-07-31T1900,1854A,111.696,28.9725,常德市,市二中,,18,18,12,6,4,54,NA,56,56,4,3,7,7,0.9,0.9
2026-07-31T1900,1858A,110.532,29.1219,张家界市,永定新区,,15,7,13,4,8,46,NA,47,47,4,6,/,/,/,/
2026-07-31T1900,1859A,110.4696,29.1244,张家界市,电业局,,12,10,13,5,9,38,NA,43,43,7,7,6,6,0.6,0.6
2026-07-31T1900,1860A,110.5573,29.3486,张家界市,未央路,,15,8,9,4,8,47,NA,53,53,5,6,10,9,0.5,0.5
2026-07-31T1900,1864A,110.3091,25.2705,桂林市,龙隐路小学,,16,13,13,11,8,32,NA,49,48,7,5,4,7,0.7,0.7
2026-07-31T1900,1865A,110.2849361,25.22909545,桂林市,八中,NA,NA,NA,10,12,3,29,NA,48,46,16,8,4,5,0.6,0.4
2026-07-31T1900,1867A,109.1435,21.4085,北海市,海滩公园,,18,14,12,2,6,57,NA,63,63,2,6,3,3,0.4,0.4
2026-07-31T1900,1868A,109.0983,21.466,北海市,新市环保局,,18,8,13,7,7,56,NA,62,62,5,6,4,4,0.5,0.5
2026-07-31T1900,1869A,109.1775,21.5232,北海市,北海工业园,,17,5,20,2,6,52,NA,56,56,4,9,2,3,0.3,0.4
2026-07-31T1900,1870A,109.4854,24.3898,柳州市,柳东小学,,26,NA,10,18,3,55,NA,57,57,9,7,7,4,0.6,0.6
2026-07-31T1900,1871A,109.4109,24.3304,柳州市,环保监测站,,21,16,13,5,6,66,NA,63,63,8,10,8,8,0.7,0.7
2026-07-31T1900,1872A,109.3886,24.3408,柳州市,河西水厂,NA,NA,19,15,13,6,72,NA,69,69,NA,11,58,13,NA,0.6
2026-07-31T1900,1873A,109.4263,24.2951,柳州市,市四中,,31,31,15,8,6,67,NA,64,64,5,8,6,6,0.6,0.6
2026-07-31T1900,1874A,109.396,24.3658,柳州市,市九中,,24,20,15,7,5,74,NA,68,68,7,7,6,6,0.6,0.6
2026-07-31T1900,1875A,109.4912,24.3164,柳州市,古亭山,,18,18,15,6,6,48,NA,50,50,7,10,3,4,0.6,0.7
2026-07-31T1900,1877A,109.4962,18.2682,三亚市,河西子站,,17,17,9,6,5,29,NA,41,36,9,5,3,3,0.4,0.4
2026-07-31T1900,1878A,104.7775,31.4741,绵阳市,富乐山,,14,8,11,3,9,43,NA,64,59,6,7,13,13,0.5,0.5
2026-07-31T1900,1880A,104.6698,31.4668,绵阳市,高新区自来水公司,,17,8,8,3,6,53,NA,68,56,7,5,10,10,0.7,0.7
2026-07-31T1900,1883A,104.6204,28.7728,宜宾市,市委,,39,32,19,27,15,72,NA,74,74,12,11,6,6,0.9,0.9
2026-07-31T1900,1884A,104.6056,28.7931,宜宾市,宜宾四中,,29,29,19,18,13,72,NA,71,71,7,7,9,8,0.7,0.7
2026-07-31T1900,1886A,104.5743,28.7199,宜宾市,黄金嘴,,35,29,18,24,13,80,NA,82,82,8,8,9,9,0.5,0.5
2026-07-31T1900,1888A,101.6891,26.571,攀枝花市,弄弄坪,,19,19,60,2,19,41,NA,68,66,10,20,11,33,0.7,0.9
2026-07-31T1900,1889A,101.577,26.5914,攀枝花市,河门口,,15,12,30,3,12,47,NA,82,80,6,12,5,23,0.2,1.2
2026-07-31T1900,1891A,101.7365,26.4986,攀枝花市,仁和,,13,10,26,5,18,39,NA,47,47,6,9,4,10,0.5,0.7
2026-07-31T1900,1894A,105.4427,28.9063,泸州市,小市上码头,颗粒物(PM10),51,51,40,32,26,118,NA,108,108,8,9,3,4,0.5,0.5
2026-07-31T1900,1895A,105.4241,28.8573,泸州市,兰田宪桥,,37,32,28,16,14,116,NA,100,100,11,12,7,7,0.6,0.6
2026-07-31T1900,1896A,105.4378,28.8833,泸州市,市环监站,NA,NA,24,20,11,9,112,NA,100,100,9,10,8,8,NA,0.9
2026-07-31T1900,1901A,104.424,31.1209,德阳市,东山公园,,15,9,6,4,8,48,NA,55,51,4,4,3,3,0.8,0.8
2026-07-31T1900,1902A,104.3827,31.1318,德阳市,西小区,NA,NA,NA,10,NA,11,57,NA,61,56,12,10,8,10,0.8,0.7
2026-07-31T1900,1904A,104.3553,31.1091,德阳市,耐火材料厂,,19,5,6,4,11,58,NA,55,55,7,6,2,2,0.8,0.8
2026-07-31T1900,1906A,106.0791,30.8022,南充市,南充市委,,24,24,30,16,19,74,NA,92,92,8,11,7,7,0.2,0.3
2026-07-31T1900,1907A,106.1038,30.8215,南充市,南充炼油厂,,28,28,32,16,20,75,NA,94,94,7,11,7,7,0.4,0.4
2026-07-31T1900,1911A,106.9218,27.6872,遵义市,丁字口,,31,31,22,10,10,62,NA,74,74,6,4,8,8,0.3,0.3
2026-07-31T1900,1912A,106.9241,27.7044,遵义市,凤凰山,,23,14,34,10,16,73,NA,79,79,4,6,6,8,0.4,0.5
2026-07-31T1900,1913A,106.8895,27.648,遵义市,忠庄,,20,18,14,11,8,64,NA,76,76,6,6,1,3,0.3,0.3
2026-07-31T1900,1915A,106.9225,27.7253,遵义市,干田坝,NA,NA,31,25,12,9,61,NA,72,72,6,5,3,4,NA,0.5
2026-07-31T1900,1916A,103.7897,25.5036,曲靖市,环境监测站,,23,13,17,7,9,71,NA,69,69,7,12,3,3,0.5,0.6
2026-07-31T1900,1917A,103.8013,25.5357,曲靖市,烟厂办公区,,20,11,17,8,9,64,NA,64,64,6,8,1,3,0.5,0.7
2026-07-31T1900,1919A,108.6726,34.315,咸阳市,实验中学,,29,22,18,14,11,90,NA,96,96,8,10,6,6,0.3,0.4
2026-07-31T1900,1920A,108.7226,34.3622,咸阳市,师范学院,,33,33,18,17,12,93,NA,99,99,11,9,6,5,0.6,0.5
2026-07-31T1900,1923A,109.0696,35.0699,铜川市,王益区政府,,24,24,19,14,11,57,NA,67,67,5,8,7,7,0.4,0.4
2026-07-31T1900,1924A,108.9345,34.9059,铜川市,新区管委会,,46,46,21,25,13,91,NA,87,87,11,10,6,6,0.7,0.6
2026-07-31T1900,1927A,109.4569,36.6161,延安市,延大医附院,,16,NA,15,4,5,50,NA,59,59,5,9,2,2,0.3,0.3
2026-07-31T1900,1929A,109.5053,36.6105,延安市,百米大道,,18,13,20,5,6,55,NA,65,65,3,10,3,2,0.5,0.5
2026-07-31T1900,1931A,107.0802,34.3129,宝鸡市,竹园沟,,17,17,16,9,7,39,NA,53,52,1,2,7,7,0.8,0.7
2026-07-31T1900,1933A,107.1429,34.3549,宝鸡市,监测站,,23,19,16,16,9,53,NA,61,61,7,6,6,6,0.4,0.4
2026-07-31T1900,1934A,107.1172,34.3759,宝鸡市,技工学校,,29,20,16,20,8,75,NA,69,69,4,2,6,6,0.6,0.6
2026-07-31T1900,1936A,107.2025,34.3518,宝鸡市,文理学院,,26,26,21,15,10,64,NA,69,69,19,15,4,7,0.4,0.5
2026-07-31T1900,1937A,107.2396,34.3626,宝鸡市,三迪小学,,26,NA,18,18,10,79,NA,78,78,11,10,3,4,0.6,0.5
2026-07-31T1900,1940A,109.4605,34.4927,渭南市,体育馆,,31,29,26,14,16,97,NA,92,92,5,11,7,7,0.4,0.4
2026-07-31T1900,1941A,109.4257,34.5067,渭南市,高新一小,,33,33,23,15,15,98,NA,93,93,3,7,7,7,0.6,0.6
2026-07-31T1900,1944A,102.1691,38.5166,金昌市,天庆家园,,47,NA,19,21,11,148,NA,138,138,5,8,18,17,0.1,0.2
2026-07-31T1900,1945A,98.291,39.7705,嘉峪关市,气象局,,43,19,22,17,14,136,NA,142,142,9,15,5,10,0.5,0.5
2026-07-31T1900,1948A,106.3668,39.0145,石嘴山市,大武口朝阳西街,,42,42,44,17,16,70,NA,112,76,9,6,9,12,0.5,0.4
2026-07-31T1900,1949A,106.7713,39.2278,石嘴山市,惠农南大街,颗粒物(PM10),67,73,62,32,23,107,NA,98,98,23,15,15,22,1.1,0.6
2026-07-31T1900,1950A,106.7074,39.1332,石嘴山市,红果子镇惠新街,NA,NA,70,58,31,19,98,NA,103,99,NA,17,12,19,1.1,0.7
2026-07-31T1900,1951A,84.886,45.6029,克拉玛依市,长征新村,,31,15,17,10,10,99,NA,101,101,7,7,3,3,0.3,0.3
2026-07-31T1900,1952A,84.8894,45.5827,克拉玛依市,南林小区,,28,14,19,2,2,87,NA,92,92,9,7,7,7,0.2,0.2
2026-07-31T1900,1954A,84.896,44.3328,克拉玛依市,独山子区,,40,21,17,1,4,125,NA,111,111,4,6,7,6,0.4,0.4
2026-07-31T1900,1955A,85.6888,46.0909,克拉玛依市,乌尔禾区商贸楼,,35,19,24,3,13,109,NA,105,105,6,10,9,8,0.5,0.5
2026-07-31T1900,1956A,86.1476,41.7529,巴音郭楞蒙古自治州,孔雀公园,,39,35,29,8,6,124,NA,121,121,3,9,6,6,0.2,0.2
2026-07-31T1900,1957A,86.1971,41.7166,巴音郭楞蒙古自治州,棉纺厂,,44,44,32,6,7,130,NA,128,128,2,11,/,/,/,/
2026-07-31T1900,1958A,86.236,41.7172,巴音郭楞蒙古自治州,经济开发区,,39,36,22,10,6,123,NA,123,123,6,9,4,4,0.1,0.1
2026-07-31T1900,1961A,117.5323,36.6865,济南市,东山小学,,34,15,17,5,6,106,NA,96,96,5,6,3,4,0.1,0.2
2026-07-31T1900,1982A,122.0693,37.2175,威海市,文登开发区,,37,16,18,6,14,118,NA,118,118,8,7,/,/,/,/
2026-07-31T1900,2031A,113.1836,27.9959,株洲市,云田中学,,19,14,10,7,4,58,NA,60,60,4,5,9,9,0.2,0.2
2026-07-31T1900,2054A,114.1096,32.1059,信阳市,平桥分局,,23,17,16,4,6,73,NA,79,78,4,7,5,6,0.4,0.4
2026-07-31T1900,2064A,113.9956,32.1272,信阳市,南湾水厂,,24,12,13,6,7,74,NA,78,78,4,6,6,6,0.4,0.4
2026-07-31T1900,2065A,114.078,32.1194,信阳市,市酿酒公司,,23,14,20,5,8,71,NA,74,74,4,6,4,5,0.4,0.4
2026-07-31T1900,2066A,114.0712,32.1393,信阳市,审计局,,27,27,24,4,8,74,NA,79,78,4,7,7,7,0.3,0.4
2026-07-31T1900,2068A,114.6755,33.6347,周口市,周口师范,,27,23,18,3,5,86,NA,90,90,5,7,2,3,0.5,0.5
2026-07-31T1900,2160A,112.8496,35.5051,晋城市,自来水公司,,34,34,23,19,7,108,NA,95,95,7,8,4,4,0.6,0.5
2026-07-31T1900,2162A,112.8509,35.4886,晋城市,市环保局,,45,45,28,19,13,100,NA,91,91,4,6,3,2,0.7,0.6
2026-07-31T1900,2166A,112.4399,39.3521,朔州市,平朔,,27,27,23,16,11,78,NA,79,76,6,8,4,6,0.2,0.2
2026-07-31T1900,2167A,112.4574,39.362,朔州市,朔唯,,30,30,23,10,8,83,NA,79,78,3,7,5,5,/,/
2026-07-31T1900,2168A,112.426,39.3199,朔州市,区政府,,27,27,21,8,10,77,NA,81,78,10,9,9,7,0.4,0.4
2026-07-31T1900,2169A,112.4075,39.3277,朔州市,市环保局,,26,26,20,17,15,78,NA,84,80,10,8,4,4,/,/
2026-07-31T1900,2170A,112.4273,39.3682,朔州市,市二中,,32,32,31,11,9,78,NA,78,74,9,11,4,4,/,/
2026-07-31T1900,2174A,112.6992,37.6984,晋中市,榆次区政府,,38,NA,23,26,19,104,NA,105,105,2,6,8,8,0.9,0.9
2026-07-31T1900,2175A,110.996,35.0148,运城市,运城中学,NA,NA,14,20,8,9,63,NA,72,72,3,5,3,3,NA,0.6
2026-07-31T1900,2178A,110.9685,35.0305,运城市,地区技校,,27,19,20,13,9,85,NA,92,92,3,6,2,2,0.8,0.8
2026-07-31T1900,2181A,112.7313,38.457,忻州市,开发区,,30,30,31,10,18,81,NA,92,92,16,15,5,6,0.6,0.7
2026-07-31T1900,2182A,112.7023,38.4932,忻州市,会展中心,,28,26,31,11,20,89,NA,94,94,8,13,5,6,0.7,0.6
2026-07-31T1900,2183A,111.1447,37.5212,吕梁市,环保局,,33,33,22,3,8,73,NA,75,75,9,14,6,6,0.6,0.5
2026-07-31T1900,2185A,111.1285,37.5338,吕梁市,自来水公司,,24,6,19,6,9,74,NA,77,77,9,12,4,4,0.7,0.6
2026-07-31T1900,2187A,106.8172,39.6972,乌海市,市林业局,,35,35,59,17,22,112,NA,115,115,2,4,5,5,0.3,0.4
2026-07-31T1900,2188A,106.7907,39.6666,乌海市,中海勃湾学校,,40,33,63,12,25,127,NA,119,119,2,4,7,9,0.3,0.5
2026-07-31T1900,2191A,122.253,43.6801,通辽市,艺术职业学校,,45,34,40,23,26,143,NA,152,152,7,6,4,4,0.5,0.5
2026-07-31T1900,2195A,107.4206,40.7609,巴彦淖尔市,附二中,颗粒物(PM10),63,68,60,24,21,108,NA,130,130,11,11,14,17,0.5,0.5
2026-07-31T1900,2196A,107.37,40.7372,巴彦淖尔市,市环保大楼,颗粒物(PM10),67,73,80,19,24,106,NA,125,125,7,8,12,12,0.6,0.6
2026-07-31T1900,2197A,113.1306,40.9924,乌兰察布市,集宁新区,,36,36,34,14,19,102,NA,105,98,9,11,8,11,0.3,0.4
2026-07-31T1900,2202A,116.1048,43.9318,锡林郭勒盟,市环保监测站,,34,16,32,2,12,107,NA,110,110,9,6,3,4,0.3,0.3
2026-07-31T1900,2203A,116.0778,43.9312,锡林郭勒盟,市政府,,33,NA,22,6,11,104,NA,106,106,8,5,3,3,0.2,0.3
2026-07-31T1900,2205A,105.699,38.8409,阿拉善盟,蒙二幼,,37,32,36,12,9,116,NA,112,112,4,4,9,9,0.4,0.4
2026-07-31T1900,2206A,105.7198,38.8508,阿拉善盟,环保局新楼,,34,24,32,8,9,106,NA,106,105,4,4,10,10,0.5,0.5
2026-07-31T1900,2207A,121.6095,41.9978,阜新市,工业园区,,49,49,42,11,25,152,NA,142,142,8,9,4,6,0.6,0.7
2026-07-31T1900,2208A,121.6567,42.0188,阜新市,长青街,,45,36,39,22,26,143,NA,136,136,8,6,10,7,0.6,0.6
2026-07-31T1900,2209A,121.6672,42.07,阜新市,农业园区,颗粒物(PM10),68,74,67,16,26,158,NA,142,142,9,9,1,3,0.8,0.8
2026-07-31T1900,2211A,121.6343,42.0455,阜新市,玉龙新城,,50,50,42,13,23,152,NA,138,138,8,7,1,3,0.8,0.9
2026-07-31T1900,2212A,123.1978,41.2036,辽阳市,宏伟区,,35,26,25,16,16,110,NA,105,105,10,5,4,3,0.9,0.6
2026-07-31T1900,2213A,123.1684,41.2497,辽阳市,新华园,颗粒物(PM10),56,58,40,16,18,120,NA,113,112,14,9,8,5,0.6,0.5
2026-07-31T1900,2214A,123.2355,41.2663,辽阳市,滨河路,颗粒物(PM10),58,61,33,14,16,117,NA,109,109,8,6,6,6,0.5,0.3
2026-07-31T1900,2217A,123.865,42.292,铁岭市,水上乐园,,32,32,33,5,12,94,NA,116,105,12,12,10,9,0.3,0.4
2026-07-31T1900,2219A,123.7158,42.2218,铁岭市,金沙江路北,,29,27,35,6,18,90,NA,106,100,7,10,14,10,0.4,0.5
2026-07-31T1900,2220A,120.4318,41.588,朝阳市,西梁,,36,36,32,24,18,102,NA,102,102,10,8,11,9,1.0,0.8
2026-07-31T1900,2221A,120.452,41.565,朝阳市,河畔小区,,35,25,28,18,21,110,NA,105,105,7,7,10,10,0.7,0.8
2026-07-31T1900,2222A,120.4176,41.5648,朝阳市,八里堡,,39,39,32,18,18,101,NA,98,98,9,9,10,10,0.8,1.2
2026-07-31T1900,2226A,124.3744,43.1842,四平市,境园,,31,28,27,12,20,99,NA,108,108,4,6,4,5,0.4,0.4
2026-07-31T1900,2227A,125.1359,42.8845,辽源市,环保局,,35,25,26,8,14,112,NA,116,116,1,3,4,4,0.6,0.6
2026-07-31T1900,2229A,125.9359,41.7174,通化市,光明,,25,20,17,15,9,78,NA,77,77,6,4,9,8,0.2,0.3
2026-07-31T1900,2230A,125.9446,41.7323,通化市,铁路,,27,27,16,14,9,82,NA,78,78,7,6,8,8,0.2,0.1
2026-07-31T1900,2231A,126.4219,41.9172,白山市,喜丰,,25,25,33,7,8,74,NA,79,78,6,11,7,7,0.8,0.8
2026-07-31T1900,2232A,126.4082,41.9416,白山市,环保局,,24,21,21,9,8,76,NA,82,81,4,5,10,10,0.7,0.6
2026-07-31T1900,2233A,124.8007,45.1213,松原市,江南,,46,44,40,32,29,92,NA,105,104,6,5,1,2,0.6,0.5
2026-07-31T1900,2234A,124.7967,45.1721,松原市,江北,,46,46,42,25,27,89,NA,97,96,4,5,2,2,0.5,0.6
2026-07-31T1900,2235A,122.7909,45.608,白城市,洮北区环保局,,38,27,26,26,20,79,NA,91,91,6,4,2,4,0.5,0.4
2026-07-31T1900,2236A,122.8741,45.5725,白城市,市环保局,,29,27,25,20,18,70,NA,90,89,14,10,4,4,0.5,0.5
2026-07-31T1900,2237A,129.4704,42.8885,延边朝鲜族自治州,妇幼医院,,30,30,21,13,13,34,NA,64,60,17,12,6,6,0.5,0.5
2026-07-31T1900,2238A,129.5047,42.9117,延边朝鲜族自治州,延边医院,,25,20,25,17,16,38,NA,69,65,8,11,6,6,0.5,0.5
2026-07-31T1900,2239A,129.395,42.8884,延边朝鲜族自治州,朝阳川镇医院,,30,30,18,1,12,42,NA,47,47,8,9,13,13,0.5,0.5
2026-07-31T1900,2240A,130.9618,45.2926,鸡西市,环保局,,23,NA,18,16,12,16,NA,41,32,28,22,2,2,0.5,0.4
2026-07-31T1900,2243A,130.9294,45.2959,鸡西市,第一中学,,24,16,16,8,7,2,NA,37,26,47,23,5,5,0.4,0.3
2026-07-31T1900,2244A,130.2537,47.3416,鹤岗市,哈啤分公司,,31,10,13,7,6,98,NA,76,76,7,10,5,5,0.1,0.1
2026-07-31T1900,2245A,130.2683,47.3087,鹤岗市,斯达机电,,30,13,12,2,9,93,NA,66,66,7,12,6,7,0.2,0.2
2026-07-31T1900,2246A,130.3114,47.3388,鹤岗市,东山纸板厂,,30,19,17,4,6,94,NA,69,69,11,14,6,6,0.2,0.2
2026-07-31T1900,2248A,131.1509,46.6936,双鸭山市,双合村,,27,NA,11,7,9,85,NA,71,71,6,16,6,6,0.0,0.1
2026-07-31T1900,2249A,131.1651,46.6191,双鸭山市,南小市,,28,NA,2,3,6,88,NA,66,66,5,13,5,7,0.4,0.5
2026-07-31T1900,2250A,131.1526,46.6554,双鸭山市,环保局,,25,NA,17,10,9,78,NA,59,59,6,11,6,6,0.3,0.3
2026-07-31T1900,2252A,128.8663,47.7199,伊春市,环保局,,23,11,12,6,7,72,NA,50,50,5,7,1,2,0.5,0.5
2026-07-31T1900,2253A,128.9014,47.732,伊春市,电力嘉园,,20,16,13,13,10,61,NA,53,52,5,5,3,3,0.7,0.8
2026-07-31T1900,2255A,130.2749,46.8028,佳木斯市,佳纺,,26,8,23,7,5,81,NA,62,62,9,22,4,4,0.3,0.3
2026-07-31T1900,2257A,130.3258,46.7975,佳木斯市,环保局,,20,17,16,6,5,64,NA,51,51,23,26,3,3,0.3,0.3
2026-07-31T1900,2263A,127.4832,50.2524,黑河市,交通局,,18,15,22,12,10,32,NA,30,30,6,8,6,7,0.1,0.1
2026-07-31T1900,2264A,127.5146,50.2339,黑河市,环保局,,22,NA,22,15,13,31,NA,28,28,7,11,5,6,0.3,0.3
2026-07-31T1900,2266A,126.9783,46.6365,绥化市,人和东街,,11,9,7,6,4,35,NA,36,36,7,7,9,9,0.4,0.3
2026-07-31T1900,2267A,126.964,46.6527,绥化市,党政办公中心,NA,NA,18,13,NA,NA,43,NA,43,43,11,13,7,7,0.3,0.2
2026-07-31T1900,2269A,124.1068,50.4091,大兴安岭地区,科技局,,18,16,16,8,12,57,NA,54,50,3,6,3,3,0.1,0.1
2026-07-31T1900,2270A,117.396,32.9389,蚌埠市,工人疗养院,,31,21,22,7,9,99,NA,105,105,1,4,6,6,0.3,0.4
2026-07-31T1900,2271A,117.3606,32.9428,蚌埠市,百货大楼,,32,19,16,5,8,102,NA,105,105,6,9,9,9,0.6,0.7
2026-07-31T1900,2273A,117.4183,32.8909,蚌埠市,蚌埠学院,,27,12,13,10,11,86,NA,97,97,2,5,5,6,0.3,0.4
2026-07-31T1900,2274A,117.3534,32.9672,蚌埠市,淮上区政府,,36,22,18,6,10,114,NA,116,116,3,5,5,6,0.4,0.4
2026-07-31T1900,2275A,117.3143,32.8977,蚌埠市,高新区,,30,17,20,5,10,93,NA,107,106,6,10,10,11,0.3,0.4
2026-07-31T1900,2277A,116.8304,32.7726,淮南市,潘集区政府,,21,16,13,7,8,66,NA,82,79,14,10,5,6,0.3,0.4
2026-07-31T1900,2279A,116.8569,32.5949,淮南市,谢家集区政府,,19,14,9,6,8,60,NA,86,81,16,9,7,7,0.2,0.2
2026-07-31T1900,2280A,116.8279,32.6333,淮南市,八公山区政府,,22,11,13,6,9,68,NA,79,77,5,5,6,5,0.1,0.1
2026-07-31T1900,2282A,116.8005,33.9749,淮北市,监测站,,29,18,17,9,8,91,NA,103,103,8,13,4,4,0.2,0.3
2026-07-31T1900,2283A,116.8094,33.9008,淮北市,烈山区政府,,26,21,21,4,6,82,NA,99,98,6,16,4,4,0.4,0.5
2026-07-31T1900,2285A,117.8176,30.9412,铜陵市,市第四中学,,27,19,24,5,11,84,NA,96,96,7,18,10,13,0.2,0.6
2026-07-31T1900,2287A,117.7806,30.9413,铜陵市,市新民污水厂,,18,18,23,6,10,57,NA,88,86,32,23,11,13,0.5,0.5
2026-07-31T1900,2289A,117.846,30.9414,铜陵市,车站新区,,28,28,23,4,9,82,NA,98,98,13,15,17,15,0.9,0.6
2026-07-31T1900,2290A,117.8472,30.9699,铜陵市,市职教基地,,26,13,20,6,9,83,NA,94,94,8,17,9,12,0.5,0.8
2026-07-31T1900,2291A,117.0806,30.5181,安庆市,环科院,,15,10,15,4,7,48,NA,72,66,10,10,10,9,0.6,0.7
2026-07-31T1900,2292A,117.0331,30.5118,安庆市,马山宾馆,,12,6,14,5,8,36,NA,68,60,21,18,2,2,0.7,0.8
2026-07-31T1900,2294A,116.9897,30.6146,安庆市,安庆大学,,15,13,14,3,7,46,NA,70,66,16,13,5,5,0.3,0.3
2026-07-31T1900,2295A,118.2905,29.6965,黄山市,延安路89号,,24,24,14,10,7,38,NA,54,48,2,4,3,3,0.4,0.4
2026-07-31T1900,2297A,118.1369,30.2755,黄山市,黄山区政府5号楼,,11,1,15,0,4,33,NA,47,43,2,3,3,3,0.4,0.4
2026-07-31T1900,2301A,115.8276,32.8929,阜阳市,市监测站,,21,13,18,4,6,65,NA,74,72,7,9,6,6,0.3,0.3
2026-07-31T1900,2303A,115.8551,32.8606,阜阳市,开发区,,19,NA,14,5,7,59,NA,72,70,9,10,5,4,0.4,0.4
2026-07-31T1900,2307A,116.5078,31.7369,六安市,监测大楼,NA,NA,NA,6,10,9,56,NA,67,66,6,5,4,4,NA,0.4
2026-07-31T1900,2308A,116.4738,31.7642,六安市,皖西学院,,20,11,8,9,8,63,NA,75,73,1,3,6,7,0.4,0.5
2026-07-31T1900,2309A,116.4997,31.7904,六安市,朝阳厂,,19,NA,6,13,8,58,NA,63,62,5,5,3,3,0.2,0.2
2026-07-31T1900,2310A,116.5566,31.7885,六安市,开发区,,22,20,7,15,10,63,NA,71,70,6,7,6,6,0.2,0.2
2026-07-31T1900,2311A,115.8071,33.8399,亳州市,污水处理厂,,27,10,13,2,2,84,NA,98,97,8,8,2,2,0.3,0.3
2026-07-31T1900,2312A,115.7789,33.8519,亳州市,三国揽胜宫,,27,26,17,4,4,85,NA,94,94,2,3,4,4,0.2,0.3
2026-07-31T1900,2314A,117.4698,30.6617,池州市,池州学院,,21,15,17,10,9,66,NA,75,74,10,11,5,5,0.4,0.5
2026-07-31T1900,2316A,118.7578,30.9457,宣城市,鳌峰子站,,15,8,13,1,7,46,NA,66,61,2,4,6,8,0.3,0.4
2026-07-31T1900,2317A,118.7384,30.9745,宣城市,敬亭山子站,,20,20,13,10,7,47,NA,58,55,2,4,9,8,0.2,0.2
2026-07-31T1900,2318A,118.7172,30.9428,宣城市,开发区子站,,17,8,14,3,6,52,NA,62,59,2,4,7,8,0.2,0.2
2026-07-31T1900,2319A,119.0142,25.4324,莆田市,荔城区仓后路,颗粒物(PM10),65,70,51,41,34,134,NA,136,136,19,18,/,/,/,/
2026-07-31T1900,2320A,119.0016,25.4553,莆田市,莆田市监测站,颗粒物(PM10),104,129,48,39,31,162,NA,143,143,20,13,8,5,0.6,0.5
2026-07-31T1900,2321A,119.112,25.4561,莆田市,涵江区六中,,50,50,45,29,26,143,NA,138,138,14,23,/,/,0.6,0.7
2026-07-31T1900,2322A,119.1014,25.3215,莆田市,秀屿区政府,,45,45,43,27,27,115,NA,147,147,17,17,6,8,0.6,0.7
2026-07-31T1900,2324A,117.621,26.2626,三明市,三钢,,41,41,22,17,17,74,NA,106,106,8,9,5,6,0.7,0.6
2026-07-31T1900,2325A,117.6352,26.2714,三明市,三明二中,,30,30,25,17,16,69,NA,102,102,7,9,4,5,0.5,0.5
2026-07-31T1900,2326A,117.6028,26.2377,三明市,三元区政府,,39,39,26,18,15,54,NA,105,104,14,9,7,8,0.5,0.7
2026-07-31T1900,2332A,118.1682,26.6371,南平市,南平市监测站,,25,25,21,17,12,69,NA,73,73,10,8,5,6,0.6,0.4
2026-07-31T1900,2334A,118.1757,26.6276,南平市,南平七中,,34,34,21,13,12,65,NA,69,69,5,9,3,4,0.5,0.5
2026-07-31T1900,2336A,117.022,25.1031,龙岩市,龙岩市监测站,,20,NA,22,10,13,61,NA,76,76,5,14,6,10,0.2,0.3
2026-07-31T1900,2337A,117.0257,25.0662,龙岩市,闽西职业技术学院,,20,12,23,10,12,64,NA,77,77,3,7,7,9,0.3,0.4
2026-07-31T1900,2338A,117.0195,25.0306,龙岩市,龙岩学院,,21,21,23,7,10,48,NA,72,72,4,7,3,3,/,/
2026-07-31T1900,2341A,119.5387,26.6611,宁德市,宁德市监测站,,30,NA,24,21,12,44,NA,99,95,29,15,6,5,0.5,0.5
2026-07-31T1900,2343A,117.2114,29.2931,景德镇市,老干部活动中心,,20,NA,12,14,8,62,NA,60,60,5,8,5,5,0.7,0.8
2026-07-31T1900,2344A,117.1893,29.2789,景德镇市,兽医站,,19,16,20,6,8,58,NA,61,61,5,7,4,4,0.4,0.3
2026-07-31T1900,2346A,117.246,29.2958,景德镇市,陶研所,,20,20,14,9,6,47,NA,59,58,4,5,5,4,0.5,0.4
2026-07-31T1900,2348A,113.8384,27.6436,萍乡市,中医院,,14,9,13,2,3,43,NA,45,42,6,9,7,9,0.5,0.6
2026-07-31T1900,2350A,113.8677,27.6438,萍乡市,市环保局,NA,NA,NA,12,2,5,41,NA,52,49,3,7,12,11,0.2,0.4
2026-07-31T1900,2351A,113.8663,27.6202,萍乡市,安源区政府,,12,NA,13,7,5,36,NA,42,40,2,6,4,6,0.4,0.6
2026-07-31T1900,2353A,114.9887,27.8433,新余市,飞宇,NA,NA,17,19,4,4,54,NA,61,61,NA,8,3,3,0.5,0.5
2026-07-31T1900,2354A,114.9234,27.8248,新余市,第二水厂,,19,16,19,8,4,58,NA,63,63,8,9,1,6,0.6,0.7
2026-07-31T1900,2355A,114.931,27.8037,新余市,市气象局,,20,18,17,8,7,63,NA,64,64,5,11,3,7,0.2,0.9
2026-07-31T1900,2358A,117.0561,28.2641,鹰潭市,新监测站,,22,22,25,9,9,39,NA,88,82,3,8,5,12,0.4,0.5
2026-07-31T1900,2359A,117.0312,28.2474,鹰潭市,财苑宾馆,,17,17,23,8,9,35,NA,82,76,8,10,5,14,/,/
2026-07-31T1900,2360A,117.0221,28.2263,鹰潭市,体育馆,,10,8,20,7,7,31,NA,73,68,1,5,4,6,0.5,0.5
2026-07-31T1900,2363A,114.9368,25.8663,赣州市,地委,,27,27,20,10,7,64,NA,70,70,9,6,3,4,0.2,0.1
2026-07-31T1900,2364A,114.946,25.8483,赣州市,气象台,,22,22,18,12,7,61,NA,62,62,5,6,5,6,0.2,0.4
2026-07-31T1900,2365A,114.932,25.8332,赣州市,市图书馆,,22,21,14,9,7,68,NA,72,71,6,5,3,4,0.4,0.4
2026-07-31T1900,2366A,114.8905,25.8472,赣州市,华坚鞋城,,26,26,24,17,12,44,NA,62,62,9,8,2,2,0.2,0.2
2026-07-31T1900,2367A,114.9753,27.0803,吉安市,红声器材厂,,28,28,23,8,8,52,NA,63,62,6,7,9,10,0.2,0.2
2026-07-31T1900,2369A,114.9903,27.1313,吉安市,市环境监测站,,18,18,19,10,7,49,NA,64,62,6,5,10,9,/,/
2026-07-31T1900,2370A,115.009527,27.096792,吉安市,青原区法院,,19,17,22,13,6,44,NA,65,63,9,6,8,8,0.2,0.2
2026-07-31T1900,2373A,114.3954,27.7843,宜春市,市石油公司,NA,NA,10,18,2,4,48,NA,57,55,NA,2,2,9,0.3,0.3
2026-07-31T1900,2374A,114.37,27.7916,宜春市,市气象局,,14,13,17,2,4,43,NA,42,42,5,8,3,2,0.3,0.3
2026-07-31T1900,2375A,114.401,27.8059,宜春市,市广电局,,16,6,16,5,5,50,NA,55,53,4,6,1,1,0.2,0.2
2026-07-31T1900,2377A,116.3544,27.9833,抚州市,市站,,16,11,16,6,5,50,NA,55,55,3,5,1,2,0.7,0.7
2026-07-31T1900,2378A,116.3562,27.9631,抚州市,血防站,,24,24,18,8,4,42,NA,46,46,4,5,7,7,0.7,0.6
2026-07-31T1900,2379A,116.3561,28.0007,抚州市,采茶剧团,NA,NA,NA,16,NA,3,41,NA,49,49,4,6,NA,18,0.4,0.4
2026-07-31T1900,2380A,116.3854,27.9648,抚州市,医学分院,,15,12,15,4,3,47,NA,49,49,2,4,4,4,0.8,0.8
2026-07-31T1900,2382A,117.9758,28.4439,上饶市,市监测站,,23,23,23,4,9,51,NA,79,75,4,6,8,8,/,/
2026-07-31T1900,2383A,117.9521,28.4637,上饶市,凤凰光学,,24,24,22,6,9,51,NA,81,77,3,5,4,4,0.2,0.3
2026-07-31T1900,2385A,114.17,35.9019,鹤壁市,市监测站,,43,NA,29,30,28,72,NA,76,76,3,5,3,4,0.6,0.6
2026-07-31T1900,2386A,114.2953,35.7512,鹤壁市,市交警支队,,42,29,24,29,16,77,NA,90,90,5,11,5,5,0.5,0.6
2026-07-31T1900,2387A,114.2877,35.7302,鹤壁市,迎宾馆,,27,9,26,0,17,86,NA,99,99,4,9,3,2,0.4,0.5
2026-07-31T1900,2389A,113.836,35.3104,新乡市,环保西院,,32,32,28,21,16,63,NA,97,94,6,6,7,7,0.8,0.8
2026-07-31T1900,2390A,113.8847,35.2724,新乡市,开发区,,24,24,27,5,13,63,NA,97,94,12,10,5,5,0.8,0.7
2026-07-31T1900,2391A,113.8836,35.3028,新乡市,环保东院,,38,38,34,16,14,73,NA,103,102,11,9,4,5,0.6,0.5
2026-07-31T1900,2392A,115.0312,35.7636,濮阳市,环保局,NA,NA,18,21,9,8,88,NA,96,96,5,7,2,2,NA,0.7
2026-07-31T1900,2398A,113.7904,33.9949,许昌市,开发区,,44,44,22,15,13,68,NA,94,92,16,12,2,3,0.5,0.5
2026-07-31T1900,2399A,114.051,33.5721,漯河市,三五一五工厂,,28,23,23,19,14,75,NA,101,100,11,14,10,5,0.3,0.3
2026-07-31T1900,2400A,114.0055,33.5698,漯河市,漯河大学,,26,22,25,18,15,68,NA,105,102,13,12,5,7,0.4,0.4
2026-07-31T1900,2401A,114.0134,33.5826,漯河市,市水利局,,28,NA,17,19,14,67,NA,106,103,15,12,6,7,0.4,0.4
2026-07-31T1900,2402A,114.0261,33.5697,漯河市,市广电局,,28,20,19,19,13,75,NA,108,106,5,9,4,4,0.2,0.4
2026-07-31T1900,2404A,112.5338,33.0086,南阳市,瓦房庄,,23,23,24,9,9,69,NA,73,73,5,7,5,6,0.5,0.5
2026-07-31T1900,2405A,112.5002,32.9734,南阳市,汉画馆,,23,19,16,7,7,71,NA,77,77,8,9,6,6,0.6,0.6
2026-07-31T1900,2406A,112.5778,33.0144,南阳市,气象站,,26,26,18,13,8,76,NA,80,80,9,11,6,6,0.5,0.5
2026-07-31T1900,2407A,112.548,32.9687,南阳市,理工学院,,23,20,16,11,10,71,NA,79,79,12,11,7,7,0.4,0.4
2026-07-31T1900,2408A,115.6701,34.4283,商丘市,环境监测站,,28,26,24,9,11,89,NA,92,92,1,3,5,5,0.4,0.4
2026-07-31T1900,2409A,115.6458,34.4047,商丘市,粮食局,,30,30,17,7,8,82,NA,91,91,3,3,3,4,0.2,0.3
2026-07-31T1900,2420A,114.0194,32.9648,驻马店市,市一纸厂,,22,22,18,8,9,68,NA,85,82,7,8,4,5,0.1,0.2
2026-07-31T1900,2421A,114.0112,33.0149,驻马店市,市彩印厂,,22,20,18,3,9,68,NA,82,80,1,4,4,5,0.2,0.3
2026-07-31T1900,2423A,115.0547,30.2332,黄石市,沈家营,,17,14,30,3,7,54,NA,66,64,2,11,4,6,0.3,0.4
2026-07-31T1900,2426A,114.899,30.211,黄石市,铁山,,21,13,22,5,8,65,NA,72,69,8,10,4,4,0.2,0.3
2026-07-31T1900,2427A,115.0259,30.2108,黄石市,团城山,,21,18,24,3,7,65,NA,43,NA,2,5,4,4,0.6,0.7
2026-07-31T1900,2429A,110.78,32.6494,十堰市,滨河新村,,38,NA,23,26,17,100,NA,85,85,7,8,/,/,0.6,0.6
2026-07-31T1900,2430A,110.7305,32.6408,十堰市,刘家沟,,33,NA,26,23,18,101,NA,93,93,4,5,/,/,/,/
2026-07-31T1900,2431A,110.8843,32.5712,十堰市,铁二处,,38,NA,29,26,17,98,NA,93,93,7,6,8,8,0.6,0.8
2026-07-31T1900,2432A,112.1555,32.0197,襄阳市,襄城运动路,,25,23,21,12,11,79,NA,86,86,5,7,8,9,0.5,0.3
2026-07-31T1900,2434A,112.1829,32.1146,襄阳市,高新管委会,,27,18,20,18,14,86,NA,90,90,6,6,7,8,0.5,0.5
2026-07-31T1900,2435A,112.2105,32.0903,襄阳市,襄州航空路,NA,NA,32,21,19,13,82,NA,85,85,5,5,NA,8,NA,0.5
2026-07-31T1900,2436A,114.894,30.3989,鄂州市,市政府,NA,NA,13,21,4,9,73,NA,81,79,NA,11,2,4,NA,0.3
2026-07-31T1900,2437A,114.8986,30.3714,鄂州市,赵家坝,,23,7,19,2,7,73,NA,90,88,5,13,4,5,0.5,0.5
2026-07-31T1900,2439A,112.2012,31.048,荆门市,竹园小学,NA,NA,20,17,10,9,79,NA,75,75,NA,6,NA,4,0.9,0.8
2026-07-31T1900,2440A,112.1968,30.9892,荆门市,掇刀,,22,22,17,15,10,70,NA,65,65,6,6,5,5,0.3,0.4
2026-07-31T1900,2444A,113.9062,30.9378,孝感市,东城区,,24,23,20,0,3,75,NA,77,77,4,9,4,4,0.3,0.3
2026-07-31T1900,2446A,114.9021,30.474,黄冈市,职工中心,,27,9,17,4,10,84,NA,95,95,5,12,6,7,0.3,0.4
2026-07-31T1900,2451A,113.3587,31.7275,随州市,市委党校,,24,15,14,8,5,74,NA,76,76,8,7,4,4,0.8,0.8
2026-07-31T1900,2452A,113.3745,31.6926,随州市,市林业局,,25,10,12,6,5,77,NA,77,77,3,4,2,2,0.5,0.6
2026-07-31T1900,2453A,113.3984,31.7309,随州市,市立交桥水厂,,22,8,14,4,7,70,NA,70,70,3,4,3,5,0.5,0.5
2026-07-31T1900,2454A,109.4978,30.2979,恩施土家族苗族自治州,湖北民院,,20,13,18,13,12,64,NA,66,66,3,6,5,5,0.3,0.4
2026-07-31T1900,2457A,112.6209,26.9268,衡阳市,衡阳化工总厂,,29,29,13,11,4,63,NA,60,60,4,5,5,6,0.4,0.4
2026-07-31T1900,2458A,112.621,26.8957,衡阳市,珠晖区环保局,,20,20,14,4,2,62,NA,58,58,5,6,6,7,0.7,0.7
2026-07-31T1900,2459A,112.628,26.8654,衡阳市,市委党校,NA,NA,16,11,7,4,58,NA,58,58,NA,4,5,5,0.2,0.2
2026-07-31T1900,2460A,112.6007,26.8977,衡阳市,市监测站,,22,14,14,10,3,70,NA,64,64,5,5,1,2,0.6,0.6
2026-07-31T1900,2461A,112.5658,26.9013,衡阳市,真空机电公司,,23,18,14,6,3,72,NA,63,63,8,8,6,8,0.6,0.8
2026-07-31T1900,2464A,111.5277,27.2442,邵阳市,市化工厂,,19,16,13,8,12,58,NA,60,60,2,3,4,8,0.3,0.2
2026-07-31T1900,2466A,111.4327,27.2276,邵阳市,市环保局,,16,13,16,9,13,50,NA,53,53,5,5,5,6,0.5,0.5
2026-07-31T1900,2468A,112.3458,28.581,益阳市,市环保局,,18,10,13,7,6,56,NA,68,68,4,3,6,6,0.6,0.6
2026-07-31T1900,2473A,113.0116,25.8228,郴州市,市职中,,11,8,11,5,4,34,NA,35,35,5,4,6,7,0.5,0.5
2026-07-31T1900,2475A,113.0381,25.8074,郴州市,市审计局,,10,10,11,7,6,30,NA,37,34,4,6,7,12,/,/
2026-07-31T1900,2476A,113.0348,25.7757,郴州市,市环保局,,12,8,10,4,5,37,NA,38,38,4,5,7,15,0.4,0.5
2026-07-31T1900,2478A,111.6126,26.4266,永州市,市环境监测站,,17,13,13,5,6,52,NA,51,51,6,7,4,4,0.7,0.7
2026-07-31T1900,2480A,111.6248,26.3803,永州市,永州市环保局,,16,8,11,8,7,50,NA,52,52,6,5,5,5,0.5,0.5
2026-07-31T1900,2481A,111.5989,26.4523,永州市,冷水滩区环保局,,16,13,15,7,6,51,NA,51,51,5,6,5,9,0.5,0.5
2026-07-31T1900,2483A,109.9297,27.5383,怀化市,河西地税局,,13,5,6,4,4,40,NA,48,47,8,9,6,6,/,/
2026-07-31T1900,2484A,109.9783,27.5342,怀化市,市四医院,,15,6,8,2,4,46,NA,51,50,5,6,2,5,0.2,0.2
2026-07-31T1900,2485A,109.9971,27.5579,怀化市,监测楼,,15,12,9,5,4,46,NA,52,50,4,5,6,6,0.2,0.2
2026-07-31T1900,2488A,111.9984,27.7346,娄底市,市监测站,,17,7,15,6,5,52,NA,55,55,4,4,6,5,0.3,0.3
2026-07-31T1900,2491A,111.9888,27.7035,娄底市,市政府,,16,11,11,7,6,51,NA,55,55,4,3,2,2,0.3,0.2
2026-07-31T1900,2493A,109.7298,28.3164,湘西土家族苗族自治州,州政府,,17,9,10,6,5,53,NA,53,53,2,3,4,4,0.3,0.3
2026-07-31T1900,2494A,109.6957,28.2676,湘西土家族苗族自治州,吉首市计生局,,17,9,6,8,5,53,NA,53,53,6,6,4,4,0.2,0.2
2026-07-31T1900,2496A,111.3126,23.4772,梧州市,市十一中,,13,NA,11,4,4,39,NA,62,62,10,9,7,8,0.4,0.4
2026-07-31T1900,2498A,111.26,23.4794,梧州市,龙新,,23,23,17,4,3,48,NA,67,67,7,7,8,7,0.5,0.4
2026-07-31T1900,2499A,108.3411,21.6159,防城港市,沙万,,14,14,16,9,7,33,NA,41,38,17,14,3,2,0.6,0.5
2026-07-31T1900,2500A,108.3515,21.7733,防城港市,防城档案局,NA,NA,16,12,12,6,38,NA,41,41,NA,9,2,3,0.5,0.5
2026-07-31T1900,2501A,108.3506,21.6414,防城港市,大海花园,,13,7,9,7,7,41,NA,46,44,8,8,7,8,0.6,0.6
2026-07-31T1900,2502A,108.6238,21.9667,钦州市,市环保站,,13,7,12,3,6,41,NA,55,54,13,7,6,7,0.6,0.6
2026-07-31T1900,2503A,108.655,21.9481,钦州市,沙埠小学,,14,6,25,4,5,42,NA,58,57,7,6,8,7,0.4,0.4
2026-07-31T1900,2504A,108.5989,21.7435,钦州市,港区一小,,23,23,24,3,4,54,NA,58,58,9,13,4,6,0.6,0.7
2026-07-31T1900,2506A,109.604387,23.066791,贵港市,江南子站,NA,NA,NA,NA,NA,NA,NA,NA,NA,NA,NA,NA,NA,NA,NA,NA
2026-07-31T1900,2508A,109.5669,23.1065,贵港市,荷城子站,,15,NA,11,5,6,47,NA,57,57,5,7,5,6,0.5,0.5
2026-07-31T1900,2511A,110.1433,22.6162,玉林市,南江一中,,21,21,16,5,10,24,NA,38,36,15,13,1,2,0.4,0.3
2026-07-31T1900,2512A,106.6102,23.901,百色市,市监测站,,18,9,18,6,8,56,NA,66,66,6,8,9,10,0.4,0.5
2026-07-31T1900,2513A,106.6524,23.8842,百色市,市中心血站,,15,NA,17,6,8,45,NA,59,59,9,7,9,10,0.4,0.4
2026-07-31T1900,2514A,111.5264,24.4178,贺州市,环保小区,,20,10,12,4,3,62,NA,57,57,6,6,10,10,0.3,0.3
2026-07-31T1900,2515A,111.561,24.4074,贺州市,政协大楼,,18,13,8,3,4,55,NA,55,55,9,8,12,12,0.5,0.5
2026-07-31T1900,2517A,108.0496,24.6957,河池市,市环保站,,31,31,13,2,4,45,NA,48,48,6,5,5,5,0.7,0.7
2026-07-31T1900,2520A,109.2203,23.7252,来宾市,来宾技工学校,,30,30,19,6,8,52,NA,58,58,6,11,6,7,0.5,0.5
2026-07-31T1900,2521A,107.3473,22.4137,崇左市,市环保局江州分局,NA,NA,4,22,0,6,49,NA,52,52,NA,7,5,6,0.4,0.5
2026-07-31T1900,2524A,105.8211,32.4444,广元市,老城,,28,NA,20,19,9,41,NA,45,45,14,16,18,12,0.8,0.6
2026-07-31T1900,2526A,105.8629,32.429,广元市,监测站,,26,26,24,10,6,40,NA,46,46,19,14,12,9,0.8,0.7
2026-07-31T1900,2528A,105.5581,30.5231,遂宁市,市监测站,,28,28,28,13,11,56,NA,57,NA,8,8,5,8,0.5,0.6
2026-07-31T1900,2530A,105.5917,30.4727,遂宁市,美宁食品公司,,20,13,22,12,13,63,NA,96,92,10,9,7,7,0.7,0.7
2026-07-31T1900,2531A,105.0703,29.61,内江市,市监测站,,30,21,20,16,15,93,NA,88,88,9,10,9,9,0.4,0.4
2026-07-31T1900,2533A,105.0657,29.5807,内江市,内江二中,,29,20,22,20,15,90,NA,86,86,8,9,8,7,0.4,0.4
2026-07-31T1900,2534A,105.0407,29.5828,内江市,内江日报社,,30,22,20,21,18,91,NA,84,84,10,9,6,5,0.4,0.3
2026-07-31T1900,2536A,103.7629,29.5844,乐山市,牛耳桥,,26,18,13,18,8,76,NA,68,68,11,11,5,5,0.9,0.8
2026-07-31T1900,2537A,103.7501,29.6002,乐山市,市第三水厂,,29,25,14,20,8,81,NA,70,70,11,9,3,3,0.8,0.8
2026-07-31T1900,2538A,103.7571,29.5664,乐山市,市监测站,,23,23,12,10,5,69,NA,69,69,8,7,2,2,0.8,0.8
2026-07-31T1900,2540A,103.8414,30.0871,眉山市,气象局,,27,11,14,2,6,84,NA,85,85,14,13,6,6,0.9,0.9
2026-07-31T1900,2544A,106.6307,30.4577,广安市,市委,,39,18,15,11,7,124,NA,114,114,7,7,12,11,0.4,0.4
2026-07-31T1900,2545A,106.6266,30.4662,广安市,友谊中学,,39,19,17,12,12,122,NA,114,114,8,7,13,12,0.4,0.4
2026-07-31T1900,2547A,106.6386,30.4551,广安市,广电花园,,40,24,18,17,14,126,NA,118,118,10,8,10,10,0.6,0.6
2026-07-31T1900,2549A,107.5087,31.2186,达州市,市环境监测站,,26,20,24,10,9,82,NA,86,86,20,20,6,6,0.4,0.4
2026-07-31T1900,2550A,107.4988,31.2132,达州市,凤凰小区,NA,NA,19,21,9,10,90,NA,93,93,15,19,5,5,NA,0.3
2026-07-31T1900,2551A,107.5081,31.1987,达州市,达县机关宾馆,,30,24,26,6,11,93,NA,91,91,15,26,5,5,0.3,0.3
2026-07-31T1900,2552A,107.4644,31.2124,达州市,市政中心,,39,39,28,12,6,85,NA,91,91,25,18,5,5,0.2,0.2
2026-07-31T1900,2555A,103.011,29.9833,雅安市,市政府,,23,16,14,14,11,71,NA,72,72,11,10,6,7,0.7,0.6
2026-07-31T1900,2556A,102.9907,29.9778,雅安市,川农大,,19,19,16,10,10,54,NA,62,62,6,6,4,4,0.6,0.6
2026-07-31T1900,2562A,104.6357,30.1508,资阳市,资阳中学,,25,24,19,14,12,78,NA,74,74,5,6,10,9,0.3,0.3
2026-07-31T1900,2565A,104.6297,30.1259,资阳市,区法院,,25,NA,12,17,11,77,NA,72,72,4,7,6,6,0.4,0.4
2026-07-31T1900,2568A,102.2503,31.8896,阿坝藏族羌族自治州,马师校,,29,29,21,6,6,68,NA,90,90,8,3,4,4,0.4,0.3
2026-07-31T1900,2570A,101.96,30.048,甘孜藏族自治州,水桥子,,16,4,9,1,4,51,NA,62,62,12,15,2,2,0.4,0.4
2026-07-31T1900,2573A,102.2629,27.8981,凉山彝族自治州,西昌市政府,,30,NA,8,21,7,38,NA,50,50,16,6,16,10,0.9,0.4
2026-07-31T1900,2574A,102.2686,27.885,凉山彝族自治州,凉山州政府,,19,16,9,13,6,46,NA,53,53,14,6,13,7,0.8,0.4
2026-07-31T1900,2577A,104.8293,26.592,六盘水市,黄土坡,,25,17,12,15,8,77,NA,74,74,9,7,4,3,0.3,0.5
2026-07-31T1900,2579A,104.8481,26.5898,六盘水市,民中,,24,16,12,13,9,76,NA,74,74,7,6,1,1,0.1,0.1
2026-07-31T1900,2580A,104.9541,26.5506,六盘水市,双水,,24,22,14,13,8,76,NA,69,69,6,5,4,5,0.3,0.3
2026-07-31T1900,2585A,109.1839,27.7344,铜仁市,铜仁卫校,,18,14,14,3,4,56,NA,58,58,2,2,2,2,0.3,0.4
2026-07-31T1900,2586A,109.1752,27.6945,铜仁市,铜仁七中,NA,NA,14,12,4,3,49,NA,52,52,2,3,5,5,NA,0.4
2026-07-31T1900,2587A,105.287,27.3133,毕节市,八中,,28,16,27,16,11,88,NA,84,84,10,8,14,12,0.5,0.4
2026-07-31T1900,2588A,105.3079,27.2987,毕节市,师专,,26,26,17,15,11,77,NA,74,74,7,9,7,11,0.5,0.5
2026-07-31T1900,2589A,104.9022,25.0943,黔西南布依族苗族自治州,场坝街,,19,13,14,9,8,59,NA,60,60,6,3,3,3,0.3,0.3
2026-07-31T1900,2590A,104.8812,25.0994,黔西南布依族苗族自治州,坪东大道,,19,NA,14,13,9,54,NA,55,55,3,3,3,5,0.3,0.3
2026-07-31T1900,2591A,107.9765,26.5724,黔东南苗族侗族自治州,市环境监测站,,16,NA,6,5,6,51,NA,49,48,2,3,2,2,0.4,0.4
2026-07-31T1900,2593A,107.5223,26.2371,黔南布依族苗族自治州,小围寨,,13,NA,5,8,6,39,NA,44,44,8,5,3,5,0.3,0.3
2026-07-31T1900,2594A,99.1589,25.1137,保山市,市环境监测站,,16,NA,13,11,7,39,NA,51,51,10,7,7,6,0.3,0.3
2026-07-31T1900,2595A,99.1616,25.1381,保山市,市环保局,,13,9,8,3,6,41,NA,55,55,5,5,6,6,0.4,0.4
2026-07-31T1900,2596A,103.7668,27.3736,昭通市,监测站,,25,NA,22,17,15,57,NA,63,63,8,6,4,4,0.3,0.2
2026-07-31T1900,2599A,100.2497,26.8802,丽江市,丽江古城,,15,13,11,5,9,46,NA,53,53,9,7,8,9,0.6,0.5
2026-07-31T1900,2600A,100.2203,26.8906,丽江市,市中心,,14,14,11,8,8,38,NA,50,50,12,7,7,7,0.5,0.5
2026-07-31T1900,2601A,100.9801,22.7634,普洱市,市环保局,,18,18,25,8,9,34,NA,38,37,4,4,6,6,0.4,0.4
2026-07-31T1900,2602A,100.9763,22.8237,普洱市,普洱第二中学,,25,25,23,5,7,32,NA,38,37,7,7,5,5,0.4,0.5
2026-07-31T1900,2603A,100.0779,23.8981,临沧市,市环保局,,9,4,15,4,5,28,NA,37,37,8,10,6,6,0.4,0.4
2026-07-31T1900,2604A,100.0894,23.882,临沧市,市气象局,,13,13,18,3,6,29,NA,38,38,6,6,9,9,0.5,0.5
2026-07-31T1900,2606A,101.5379,25.0492,楚雄彝族自治州,市经济开发区,,13,13,13,7,8,32,NA,37,36,8,9,2,1,0.9,0.9
2026-07-31T1900,2610A,104.2533,23.3595,文山壮族苗族自治州,州水务局,,20,16,12,9,7,63,NA,72,71,5,3,4,4,0.3,0.2
2026-07-31T1900,2611A,104.2319,23.3892,文山壮族苗族自治州,市便民服务中心,,22,22,12,10,7,65,NA,71,71,8,8,3,3,0.3,0.3
2026-07-31T1900,2612A,100.8018,21.9995,西双版纳傣族自治州,景洪市江南,,19,19,17,10,8,44,NA,42,42,5,6,10,10,0.7,0.8
2026-07-31T1900,2613A,100.7995,22.0238,西双版纳傣族自治州,景洪市江北,,20,17,15,14,6,43,NA,40,40,4,5,13,13,0.7,0.7
2026-07-31T1900,2614A,100.2168,25.5818,大理白族自治州,大理市环境监测站,,14,8,4,4,4,44,NA,49,48,9,9,5,5,0.4,0.3
2026-07-31T1900,2615A,100.1542,25.7055,大理白族自治州,大理古城,,14,NA,10,6,6,42,NA,52,52,14,9,12,13,0.6,0.6
2026-07-31T1900,2616A,98.5611,24.4273,德宏傣族景颇族自治州,德宏州监测站,,14,NA,9,7,8,44,NA,49,49,5,6,9,9,0.5,0.6
2026-07-31T1900,2618A,98.859,25.8541,怒江傈僳族自治州,州监测站,,18,NA,14,12,10,42,NA,50,50,5,5,6,5,0.5,0.5
2026-07-31T1900,2619A,98.8607,25.8168,怒江傈僳族自治州,泸水一中,,19,18,13,13,12,37,NA,47,47,12,9,4,4,0.5,0.5
2026-07-31T1900,2621A,99.7054,27.8319,迪庆藏族自治州,迪庆州站,,17,17,12,8,7,46,NA,53,52,7,8,7,6,0.2,0.2
2026-07-31T1900,2622A,97.1813,31.1289,昌都市,昌都监测站,,23,3,9,3,3,73,NA,71,71,7,9,6,5,0.5,0.5
2026-07-31T1900,2624A,91.7592,29.234,山南市,山南监测站,,22,10,5,1,2,68,NA,68,68,4,3,6,6,0.3,0.3
2026-07-31T1900,2625A,91.7701,29.2436,山南市,山南人民医院,,22,10,8,2,2,69,NA,69,69,4,4,4,6,0.3,0.3
2026-07-31T1900,2626A,88.8873,29.2723,日喀则市,日喀则监测站,,22,3,4,1,1,69,NA,72,70,5,4,8,7,0.2,0.2
2026-07-31T1900,2628A,92.0653,31.4846,那曲市,那曲监测站,,16,8,13,0,9,50,NA,88,68,12,9,9,7,0.4,0.3
2026-07-31T1900,2630A,80.1171,32.4999,阿里地区,阿里监测站,,45,6,8,1,2,144,NA,138,138,2,6,6,6,0.2,0.2
2026-07-31T1900,2632A,94.3683,29.6373,林芝市,林芝监测站,,15,10,11,10,4,40,NA,46,46,3,4,4,4,0.4,0.4
2026-07-31T1900,2633A,94.3616,29.6634,林芝市,林芝人民医院,,16,16,7,6,5,38,NA,45,45,4,4,3,3,0.3,0.3
2026-07-31T1900,2635A,107.0155,33.0707,汉中市,市监测站,,19,17,21,13,13,50,NA,53,53,8,9,4,4,0.6,0.4
2026-07-31T1900,2636A,107.0083,33.114,汉中市,鑫源开发区,,21,21,24,10,14,53,NA,56,56,13,11,8,7,1.4,0.9
2026-07-31T1900,2637A,107.0072,33.0323,汉中市,南郑大河坎水厂,,23,23,21,13,15,44,NA,48,48,6,9,4,4,0.7,0.6
2026-07-31T1900,2639A,109.7445,38.2919,榆林市,世纪广场,,27,13,28,10,12,85,NA,114,114,14,12,6,15,0.4,0.3
2026-07-31T1900,2640A,109.729,38.2837,榆林市,实验中学,,30,13,28,10,12,96,NA,120,120,11,11,6,14,0.4,0.4
2026-07-31T1900,2641A,109.7347,38.2491,榆林市,环保监测大楼,,29,18,27,10,13,92,NA,113,113,9,10,7,14,0.3,0.3
2026-07-31T1900,2644A,109.0088,32.6974,安康市,汉滨区检察院,,19,18,20,11,11,59,NA,72,72,4,6,2,2,0.3,0.4
2026-07-31T1900,2645A,109.9155,33.8714,商洛市,监测站,NA,NA,22,25,14,17,48,NA,94,91,NA,9,5,6,0.3,0.7
2026-07-31T1900,2647A,104.1727,36.5448,白银市,第三小学,,33,30,30,17,11,104,NA,109,109,10,6,21,8,0.5,0.3
2026-07-31T1900,2648A,104.1467,36.5482,白银市,动力公司,,37,30,23,20,11,118,NA,116,116,7,3,21,4,0.4,0.3
2026-07-31T1900,2650A,105.72058,34.57859,天水市,公园小学,,21,15,18,6,8,66,NA,63,63,7,8,10,11,0.5,0.5
2026-07-31T1900,2651A,105.89428,34.55353,天水市,麦积国土局,,20,NA,16,14,7,57,NA,56,56,10,8,8,9,0.4,0.4
2026-07-31T1900,2652A,102.6203,37.925,武威市,监测站,,44,12,28,4,10,140,NA,126,126,4,10,11,10,0.2,0.2
2026-07-31T1900,2654A,100.4699,38.9525,张掖市,润泉湖,,45,24,10,14,8,144,NA,152,152,10,11,6,7,0.4,0.4
2026-07-31T1900,2655A,100.4155,38.9422,张掖市,区工会,,47,16,12,16,10,148,NA,159,159,9,7,6,7,0.4,0.5
2026-07-31T1900,2656A,106.6633,35.5338,平凉市,聚贤嘉苑,,40,40,55,21,28,68,NA,78,78,18,18,8,8,0.7,0.6
2026-07-31T1900,2657A,106.7021,35.5307,平凉市,博物馆,,39,39,60,17,30,82,NA,83,83,10,14,7,8,0.5,0.6
2026-07-31T1900,2661A,107.6325,35.7357,庆阳市,庆阳五中,,32,32,21,13,10,60,NA,59,59,5,8,6,6,0.4,0.4
2026-07-31T1900,2662A,107.6361,35.7067,庆阳市,市环保局,,19,19,20,10,11,56,NA,59,59,10,8,7,8,0.3,0.3
2026-07-31T1900,2669A,102.9097,34.9841,甘南藏族自治州,州政府,,20,NA,13,12,6,63,NA,74,72,5,4,5,5,0.3,0.3
2026-07-31T1900,2671A,100.9016,36.9464,海北藏族自治州,海晏县西海镇,,38,15,13,12,7,121,NA,126,126,2,2,10,9,0.4,0.4
2026-07-31T1900,2672A,102.02,35.5101,黄南藏族自治州,同仁县隆务镇,,29,17,40,11,21,90,NA,97,91,2,2,8,8,0.3,0.2
2026-07-31T1900,2673A,100.6158,36.2985,海南藏族自治州,共和县恰卜恰镇,,36,14,16,5,6,113,NA,110,110,2,2,6,8,0.5,0.4
2026-07-31T1900,2674A,100.2262,34.4854,果洛藏族自治州,玛沁县大武镇,,32,16,18,5,6,100,NA,96,96,2,2,16,15,0.4,0.4
2026-07-31T1900,2675A,97.0386,33.0138,玉树藏族自治州,玉树县结古镇,NA,NA,5,15,2,2,133,NA,133,133,3,7,NA,5,0.2,0.3
2026-07-31T1900,2676A,97.373,37.376,海西蒙古族藏族自治州,德令哈市,,43,26,36,7,12,137,NA,126,126,3,3,10,10,0.4,0.4
2026-07-31T1900,2677A,106.1535,37.9648,吴忠市,教育园区,NA,NA,NA,56,NA,27,103,NA,102,102,NA,8,NA,6,0.3,0.4
2026-07-31T1900,2679A,106.1851,37.9957,吴忠市,新区二泵站,,37,37,69,15,27,99,NA,103,103,13,16,6,9,0.3,0.5
2026-07-31T1900,2682A,105.1965,37.4996,中卫市,环保局站,NA,NA,22,37,7,12,107,NA,113,112,NA,6,4,5,0.3,0.2
2026-07-31T1900,2684A,106.2753,36.0057,固原市,监测站,,44,44,45,15,16,115,NA,110,110,9,12,6,6,0.4,0.3
2026-07-31T1900,2685A,106.2384,36.0189,固原市,新区,,44,44,42,19,18,109,NA,103,103,9,10,7,6,0.3,0.3
2026-07-31T1900,2686A,89.1905,42.9419,吐鲁番市,市环保局,,35,23,38,7,12,111,NA,118,118,10,11,5,6,0.7,0.6
2026-07-31T1900,2687A,89.1674,42.9558,吐鲁番市,地区环保局,,39,10,27,3,7,122,NA,129,129,10,11,8,7,0.3,0.4
2026-07-31T1900,2688A,93.5124,42.8176,哈密市,地区监测站,,39,12,27,7,11,122,NA,114,114,2,6,3,3,0.2,0.2
2026-07-31T1900,2689A,93.5014,42.8312,哈密市,哈密师范学校,,38,NA,25,7,11,119,NA,114,114,4,10,5,4,0.1,0.2
2026-07-31T1900,2692A,87.2722,44.0298,昌吉回族自治州,新区政务中心,,35,16,16,6,9,109,NA,110,110,5,10,10,9,0.3,0.3
2026-07-31T1900,2693A,82.0482,44.8553,博尔塔拉蒙古自治州,市党校,,34,12,26,2,5,106,NA,103,103,2,4,3,3,0.1,0.1
2026-07-31T1900,2694A,82.0805,44.8966,博尔塔拉蒙古自治州,市环保局,,34,13,25,2,5,106,NA,100,100,4,12,2,2,0.1,0.1
2026-07-31T1900,2695A,80.2899,41.1684,阿克苏地区,电视台,颗粒物(PM10),105,132,92,51,29,125,NA,125,125,3,10,5,5,0.5,0.6
2026-07-31T1900,2696A,80.2592,41.1541,阿克苏地区,艺术中心,细颗粒物(PM2.5),88,69,74,54,39,136,NA,136,136,4,18,5,4,0.2,0.4
2026-07-31T1900,2697A,76.1457,39.7143,克孜勒苏柯尔克孜自治州,市人民政府,"颗粒物(PM10),细颗粒物(PM2.5)",96,114,196,58,65,135,NA,127,127,2,5,2,2,0,0.1
2026-07-31T1900,2698A,76.0071,39.466,喀什地区,巡警大队,颗粒物(PM10),107,138,254,48,83,135,NA,130,130,4,13,4,4,0.1,0.2
2026-07-31T1900,2699A,75.9756,39.4693,喀什地区,吾办,颗粒物(PM10),104,128,222,52,64,134,NA,127,127,3,9,9,8,0.3,0.4
2026-07-31T1900,2704A,81.3002,43.9177,伊犁哈萨克自治州,新政府片区,,34,19,31,10,14,106,NA,102,102,7,17,4,4,0.3,0.6
2026-07-31T1900,2705A,81.3364,43.9409,伊犁哈萨克自治州,第二水厂,,38,15,38,8,15,119,NA,113,113,7,19,5,5,0.4,0.6
2026-07-31T1900,2706A,82.9993,46.7432,塔城地区,东门外小游园,,39,39,24,20,8,84,NA,82,82,1,3,6,6,0.2,0.2
2026-07-31T1900,2708A,88.1266,47.8515,阿勒泰地区,市站,颗粒物(PM10),53,53,44,2,5,71,NA,78,78,14,16,8,8,0.3,0.3
2026-07-31T1900,2709A,86.0391,44.298,石河子市,艾青诗歌馆,,33,10,19,1,5,105,NA,100,100,2,10,4,4,0.4,0.5
2026-07-31T1900,2711A,87.5352,44.1606,五家渠市,农水大厦,,35,14,29,8,11,112,NA,108,108,2,14,1,2,0.3,0.3
2026-07-31T1900,2809A,113.6668,24.7756,韶关市,大学路288号,,18,18,26,6,12,25,NA,74,72,4,9,10,13,/,/
2026-07-31T1900,2835A,101.7222,26.567,攀枝花市,四十中小,,40,40,36,2,17,46,NA,70,66,6,13,7,79,0.6,1.1
2026-07-31T1900,2842A,118.0937,24.5054,厦门市,湖里中学,,11,11,35,6,20,34,NA,111,111,5,22,2,3,0.3,0.5
2026-07-31T1900,2845A,113.1561,36.1912,长治市,德盛苑,,23,12,21,8,11,72,NA,85,84,6,6,10,9,0.7,0.8
2026-07-31T1900,2846A,113.3209,23.1323,广州市,体育西,,22,22,18,11,11,51,NA,89,89,25,28,6,5,0.5,0.6
2026-07-31T1900,2858A,117.7917,39.2473,天津市,河西一经路,,31,31,30,13,19,73,NA,122,119,26,13,6,6,0.6,0.8
2026-07-31T1900,2859A,117.3747,38.9845,天津市,津沽路,,22,20,28,9,17,68,NA,119,115,10,11,2,2,0.5,0.5
2026-07-31T1900,2860A,117.159,39.0844,天津市,宾水西道,,33,28,26,21,18,103,NA,117,117,5,6,3,3,0.3,0.3
2026-07-31T1900,2865A,112.7195,37.683,晋中市,榆次三中,,33,27,23,22,21,104,NA,106,106,6,9,11,11,0.9,0.7
2026-07-31T1900,2867A,111.1225,37.5093,吕梁市,马茂庄小学,,23,23,24,6,8,67,NA,66,66,10,15,1,3,0.6,0.6
2026-07-31T1900,2868A,126.4737,43.953,吉林市,九站,,39,39,35,20,21,81,NA,92,92,12,9,2,3,0.8,0.8
2026-07-31T1900,2869A,119.4472,32.4156,扬州市,五台山医院,,30,16,25,6,8,94,NA,107,103,6,9,11,12,0.4,0.6
2026-07-31T1900,2870A,119.4369,32.1891,镇江市,市疾控中心,,27,12,18,7,11,86,NA,89,88,5,10,4,5,0.5,0.7
2026-07-31T1900,2871A,121.6156,29.9015,宁波市,万里国际学校,,45,34,24,18,14,142,NA,177,176,9,9,7,8,0.4,0.4
2026-07-31T1900,2872A,120.7845,30.7524,嘉兴市,南湖区残联,,46,45,34,32,21,136,NA,196,188,24,18,5,6,0.5,0.5
2026-07-31T1900,2873A,120.083,30.8929,湖州市,仁皇山新区,,49,39,31,28,18,156,NA,167,166,15,25,5,6,0.5,0.5
2026-07-31T1900,2875A,115.783962,32.889217,阜阳市,阜阳职业技术学院,,20,18,14,4,5,64,NA,75,72,9,6,3,4,0.4,0.4
2026-07-31T1900,2877A,119.1638,36.6524,潍坊市,坊子邮政,,37,27,30,4,10,118,NA,106,106,9,11,8,8,0.2,0.2
2026-07-31T1900,2880A,104.0219,30.6561,成都市,大石西路,,36,36,20,14,14,58,NA,60,55,9,10,3,3,0.4,0.4
2026-07-31T1900,2881A,107.8909,26.531,黔东南苗族侗族自治州,凯里学院,NA,NA,NA,3,10,6,53,NA,50,50,1,1,2,2,0.4,0.4
2026-07-31T1900,2882A,102.5388,24.3703,玉溪市,玉溪一中,,15,12,19,4,8,47,NA,58,58,10,13,2,5,0.2,0.3
2026-07-31T1900,2883A,102.5382,24.339,玉溪市,文体中心,,14,14,18,6,7,43,NA,54,54,8,12,4,5,0.3,0.5
2026-07-31T1900,2884A,98.2672,39.7978,嘉峪关市,酒钢宾馆,,41,19,26,12,12,129,NA,130,130,16,24,8,21,0.6,0.5
2026-07-31T1900,2885A,104.9344,33.3827,陇南市,滨江中学,,23,23,21,3,8,62,NA,69,69,6,6,8,8,0.7,0.6
2026-07-31T1900,2894A,117.0561,32.6536,淮南市,经济技术开发区消防队,NA,NA,NA,13,NA,8,92,NA,94,94,18,11,9,9,0.5,0.5
2026-07-31T1900,2897A,123.2429,41.7341,沈阳市,沈辽西路,,26,26,35,7,16,83,NA,91,84,4,5,3,3,0.6,0.7
2026-07-31T1900,2900A,123.5951,41.9085,沈阳市,裕农路,,29,23,28,6,16,91,NA,102,97,4,6,5,5,0.6,0.6
2026-07-31T1900,2902A,106.6347,30.4868,广安市,北辰小学,NA,NA,NA,28,17,16,116,NA,110,110,7,8,9,9,0.4,0.4
2026-07-31T1900,2907A,120.1846,30.8592,湖州市,吴兴区站,,48,36,27,24,21,151,NA,154,153,12,16,5,6,0.5,0.5
2026-07-31T1900,2919A,116.7022,39.5454,廊坊市,河北工业大学,,40,40,27,28,22,109,NA,117,117,1,5,1,1,0.7,0.4
2026-07-31T1900,2920A,117.71,24.5048,漳州市,蓝田镇,,20,15,48,8,30,61,NA,114,111,8,20,5,7,0.3,0.5
2026-07-31T1900,2921A,120.5482,30.0003,绍兴市,树下王站,,35,NA,23,24,16,99,NA,121,120,7,8,4,4,0.5,0.5
2026-07-31T1900,2922A,117.194,39.1069,天津市,大理道,,35,29,26,18,17,109,NA,119,119,2,4,1,1,0.5,0.5
2026-07-31T1900,2924A,106.2266,38.4417,银川市,水乡路,颗粒物(PM10),59,62,70,24,30,122,NA,107,107,10,10,5,4,0.4,0.4
2026-07-31T1900,2925A,106.2758,38.4841,银川市,上海东路,,43,43,58,26,26,123,NA,102,102,14,9,5,3,0.4,0.3
2026-07-31T1900,2926A,106.1016,38.4971,银川市,文昌北街,,41,41,85,17,38,78,NA,95,95,30,15,4,4,0.6,0.6
2026-07-31T1900,2929A,114.8858,30.4519,黄冈市,红卫路,,24,6,16,5,11,74,NA,87,86,4,12,6,6,0.2,0.3
2026-07-31T1900,2996A,118.2781,33.9658,宿迁市,市供电局,,30,18,17,10,11,93,NA,102,101,9,9,4,5,0.7,0.7
2026-07-31T1900,2997A,119.8767,32.3291,泰州市,王营,,22,14,23,7,14,69,NA,116,108,17,33,8,10,0.3,0.5
2026-07-31T1900,3000A,119.3577,34.6971,连云港市,德源药业,,27,14,20,5,8,85,NA,98,97,10,14,4,3,0.3,0.5
2026-07-31T1900,3002A,119.9701,31.813,常州市,行政中心,,35,25,23,8,10,112,NA,122,119,12,15,8,8,0.2,0.3
2026-07-31T1900,3003A,120.0434,31.7726,常州市,经开区,,40,40,30,15,13,122,NA,142,139,18,15,5,6,1.1,1
2026-07-31T1900,3004A,120.1543,33.3664,盐城市,宝龙广场,,46,29,20,15,11,145,NA,134,134,6,6,9,9,0.7,0.7
2026-07-31T1900,3005A,117.1812,34.29,徐州市,鼓楼区政府,,31,10,18,4,9,97,NA,98,98,8,15,6,6,0.5,0.6
2026-07-31T1900,3006A,117.1693,34.1781,徐州市,铜山区招生办,,30,14,23,2,11,96,NA,108,108,4,16,6,8,0.4,0.5
2026-07-31T1900,3007A,119.178,34.8442,连云港市,新城一中,,29,16,18,7,10,91,NA,111,108,4,9,6,6,0.4,0.5
2026-07-31T1900,3008A,119.3607,34.7519,连云港市,胡沟管理处,,31,5,9,0,5,99,NA,107,106,5,7,9,9,0.4,0.5
2026-07-31T1900,3009A,119.1478,34.5913,连云港市,矿山设计院,细颗粒物(PM2.5),96,NA,15,58,10,94,NA,100,99,5,6,3,2,0.5,0.6
2026-07-31T1900,3010A,119.8919,31.7892,常州市,钟楼,,34,18,26,7,12,106,NA,128,126,14,23,8,8,0.3,0.4
2026-07-31T1900,3012A,112.1849,31.0361,荆门市,西山林语,NA,NA,NA,21,10,11,70,NA,66,66,4,5,8,8,0.4,0.4
2026-07-31T1900,3014A,106.4958,29.5347,重庆市,歇台子,,27,18,21,10,9,86,NA,95,95,13,8,7,7,0.6,0.5
2026-07-31T1900,3015A,106.4067,29.5729,重庆市,龙井湾,,37,37,19,17,9,114,NA,115,115,11,8,8,8,0.6,0.6
2026-07-31T1900,3016A,106.5506,29.415,重庆市,龙洲湾,,25,20,17,9,6,80,NA,86,86,7,8,6,7,0.2,0.3
2026-07-31T1900,3018A,111.5048,36.1015,临汾市,唐尧大酒店,颗粒物(PM10),60,63,52,16,12,106,NA,89,89,10,12,5,4,1.5,1.1
2026-07-31T1900,3020A,117.2096,39.1698,天津市,中山北路,,35,35,29,20,17,102,NA,107,107,4,3,2,3,0.7,0.6
2026-07-31T1900,3021A,115,35.7667,濮阳市,濮水河管理处,NA,NA,NA,13,12,7,83,NA,98,98,6,6,NA,2,0.6,0.7
2026-07-31T1900,3025A,113.0479,23.6343,清远市,技师学院,,23,9,14,6,7,73,NA,67,67,10,18,4,5,0.3,0.3
2026-07-31T1900,3026A,116.6179,23.6608,潮州市,市政府,,24,24,30,12,19,39,NA,60,56,7,10,3,4,0.4,0.5
2026-07-31T1900,3028A,104.7765,29.3623,自贡市,檀木林体育馆,,42,NA,18,29,10,94,NA,89,89,11,9,8,7,0.8,0.4
2026-07-31T1900,3033A,87.4652,43.4569,乌鲁木齐市,培训基地,,42,14,5,10,6,132,NA,117,117,5,3,7,6,0.2,0.2
2026-07-31T1900,3034A,113.1076,41.0385,乌兰察布市,光明街小学,,44,44,43,7,20,98,NA,109,104,12,13,4,7,0.5,0.4
2026-07-31T1900,3036A,118.6903,37.4337,东营市,开发区管委会,,34,21,29,5,12,108,NA,135,133,16,19,6,8,0.7,0.7
2026-07-31T1900,3038A,103.3757,23.3679,红河哈尼族彝族自治州,州图书馆,,19,12,13,9,12,59,NA,60,60,2,2,2,3,0.3,0.3
2026-07-31T1900,3039A,111.1911,34.7829,三门峡市,三门峡市第一小学,,41,41,32,21,22,77,NA,78,78,7,9,6,6,0.5,0.6
2026-07-31T1900,3045A,109.9647,33.8486,商洛市,商州区中学,,15,11,25,9,17,45,NA,88,83,15,12,5,7,0.3,0.3
2026-07-31T1900,3046A,115.9084,28.6062,南昌市,机电学校,NA,NA,20,18,10,9,68,NA,84,84,NA,9,7,8,0.5,0.5
2026-07-31T1900,3048A,119.5799,26.0937,福州市,九龙,细颗粒物(PM2.5),58,59,27,39,14,96,NA,113,113,16,11,6,5,0.8,0.4
2026-07-31T1900,3051A,117.385,39.1483,天津市,西四道,,33,21,35,14,18,103,NA,120,120,4,11,3,3,1.0,1
2026-07-31T1900,3054A,113.9194,35.2847,新乡市,市委党校,NA,NA,NA,21,NA,14,66,NA,99,97,NA,9,4,4,0.5,0.5
2026-07-31T1900,3055A,101.7775,36.643,西宁市,城北区政府,,35,16,32,15,17,109,NA,116,116,21,11,9,8,0,0.2
2026-07-31T1900,3057A,121.5989,37.4016,烟台市,牟平检察院,,33,7,18,4,14,103,NA,123,122,5,4,5,7,0.4,0.4
2026-07-31T1900,3058A,119.2656,42.0356,赤峰市,银河街,,47,47,25,24,18,97,NA,95,NA,11,10,5,8,0.5,0.4
2026-07-31T1900,3059A,117.7181,36.205,济南市,泰兴公司,NA,NA,19,23,2,10,99,NA,92,92,5,15,NA,9,NA,0.3
2026-07-31T1900,3061A,119.7511,49.1576,呼伦贝尔市,国华电力东,,25,25,19,12,13,37,NA,38,38,7,8,4,4,0.2,0.3
2026-07-31T1900,3064A,117.6861,36.2172,济南市,莱芜战役纪念馆,,32,14,23,4,11,101,NA,101,101,7,12,5,6,0.2,0.3
2026-07-31T1900,3065A,101.9534,29.9976,甘孜藏族自治州,州环保局,,17,9,9,6,6,53,NA,55,55,11,16,4,4,0.3,0.2
2026-07-31T1900,3066A,116.2722,37.438,德州市,九衢泉纯净水厂,,32,24,22,9,12,100,NA,99,99,10,14,9,11,0.4,0.4
2026-07-31T1900,3109A,115.0094,25.8614,赣州市,赣县区卫计委,NA,NA,35,24,13,5,50,NA,55,55,7,11,4,4,NA,0.7
2026-07-31T1900,3123A,105.9408,26.2431,安顺市,凤凰山,,19,12,13,7,8,60,NA,60,60,4,3,5,5,0.5,0.5
2026-07-31T1900,3124A,105.9443,26.2567,安顺市,金钟山,,20,NA,10,13,9,64,NA,63,63,4,3,7,7,0.4,0.4
2026-07-31T1900,3125A,105.8983,26.248,安顺市,娄家坡,,20,14,14,8,10,61,NA,60,60,2,2,6,6,0.5,0.5
2026-07-31T1900,3131A,114.878,40.7992,张家口市,烟厂,,28,20,28,17,18,88,NA,118,114,11,7,/,/,/,/
2026-07-31T1900,3132A,119.5979,39.938,秦皇岛市,文明里,颗粒物(PM10),53,54,53,26,26,149,NA,142,142,6,6,8,8,0.3,0.4
2026-07-31T1900,3133A,106.5469,29.5655,重庆市,上清寺,,25,22,16,9,8,78,NA,94,94,14,13,8,9,0.4,0.4
2026-07-31T1900,3134A,113.8172,34.0339,许昌市,市一中,,31,22,22,17,12,99,NA,104,104,7,8,1,1,0.4,0.4
2026-07-31T1900,3136A,104.2724,30.559,成都市,龙泉驿区区政府,,22,NA,8,15,12,60,NA,68,55,7,8,2,3,0.6,0.6
2026-07-31T1900,3138A,111.7152,29.0288,常德市,武陵区永安,,18,16,11,9,4,56,NA,56,56,2,4,8,7,0.6,0.6
2026-07-31T1900,3139A,111.6891,28.9881,常德市,鼎城区玉霞,,18,11,12,7,4,56,NA,59,59,2,4,9,9,0.7,0.7
2026-07-31T1900,3140A,111.6651,29.0526,常德市,武陵区长庚,,18,16,8,9,3,57,NA,60,60,8,3,9,8,0.6,0.5
2026-07-31T1900,3141A,114.3921,36.0879,安阳市,信访局,,30,20,27,18,19,93,NA,106,106,6,7,2,2,0.4,0.4
2026-07-31T1900,3147A,114.3434,34.8101,开封市,龙亭公园,,28,28,23,10,8,81,NA,93,93,7,6,4,4,0.7,0.6
2026-07-31T1900,3148A,103.829,30.0563,眉山市,区人社局,,26,26,22,4,6,76,NA,77,77,17,13,7,7,0.7,0.6
2026-07-31T1900,3149A,115.0174,30.1591,黄石市,笔架山北路,,27,27,33,5,7,64,NA,68,67,1,6,4,6,0.4,0.5
2026-07-31T1900,3151A,114.375,27.8096,宜春市,宜春学院北校区,,13,11,18,3,4,41,NA,41,41,2,6,4,2,0.3,0.4
2026-07-31T1900,3153A,114.3876,30.4908,武汉市,民族大道182号,,25,14,16,4,8,78,NA,75,75,6,9,4,4,0.6,0.7
2026-07-31T1900,3164A,119.4682,32.394,扬州市,广陵建设局,,30,15,28,7,13,95,NA,108,106,5,14,9,10,0.1,0.3
2026-07-31T1900,3171A,115.6069,34.4465,商丘市,梁园区档案局,,28,27,19,16,9,87,NA,94,94,6,5,1,1,0.2,0.2
2026-07-31T1900,3173A,117.0598,30.5351,安庆市,市人大,,16,9,13,4,8,50,NA,73,68,5,6,5,6,0.5,0.5
2026-07-31T1900,3178A,119.0587,36.7209,潍坊市,潍坊七中,NA,NA,22,27,2,12,112,NA,106,106,NA,9,2,2,0.5,0.5
2026-07-31T1900,3179A,102.7491,25.012,昆明市,官渡区博物馆,,19,13,12,6,8,60,NA,60,60,8,10,3,4,0.4,0.4
2026-07-31T1900,3180A,99.7122,27.8129,迪庆藏族自治州,质量技术监督局,NA,NA,NA,13,NA,6,49,NA,52,52,8,9,NA,8,0.3,0.3
2026-07-31T1900,3181A,106.776805,31.852614,巴中市,市五中,,24,20,20,15,14,76,NA,80,80,8,12,10,10,0.4,0.5
2026-07-31T1900,3183A,106.7419,31.8654,巴中市,圣泉水务公司,,25,17,17,17,15,74,NA,82,82,7,9,10,10,0.6,0.6
2026-07-31T1900,3187A,116.9508,33.666,宿州市,远航博物馆,,21,10,17,6,8,66,NA,72,72,10,14,6,7,0.3,0.3
2026-07-31T1900,3188A,115.6684,37.7216,衡水市,市城管局,细颗粒物(PM2.5),52,NA,25,36,14,77,NA,101,101,3,5,6,7,0.3,0.3
2026-07-31T1900,3190A,116.0254,29.6995,九江市,外国语学校,,27,18,16,11,9,84,NA,86,86,6,6,9,8,0.4,0.4
2026-07-31T1900,3191A,118.3243,33.95,宿迁市,宿豫区政府,,27,17,18,9,12,84,NA,95,94,10,14,4,4,0.3,0.3
2026-07-31T1900,3192A,80.0906,32.5029,阿里地区,阿里藏医院,,45,15,7,2,3,144,NA,145,145,1,2,8,7,0.2,0.2
2026-07-31T1900,3194A,112.2749,30.3124,荆州市,管委会,,22,19,14,15,8,64,NA,70,70,5,6,3,3,0.4,0.4
2026-07-31T1900,3195A,119.3649,32.3961,扬州市,市体育局,,29,14,25,6,11,92,NA,106,104,3,15,7,7,0.1,0.2
2026-07-31T1900,3200A,115.9772,36.4986,聊城市,监控中心,,33,18,13,9,4,104,NA,108,108,1,4,8,9,0.4,0.3
2026-07-31T1900,3206A,114.9148,27.8069,新余市,新钢沁园村,,18,18,28,5,8,48,NA,68,66,21,9,11,12,1.0,0.5
2026-07-31T1900,3207A,118.31131,32.3033,滁州市,市政府原办公楼,,31,NA,13,21,20,98,NA,99,99,5,5,6,7,0.3,0.3
2026-07-31T1900,3208A,112.7279,38.4157,忻州市,市政府,,29,14,33,10,18,91,NA,99,99,14,16,6,7,0.6,0.8
2026-07-31T1900,3209A,119.5231,26.6562,宁德市,宁德一中,,42,42,24,26,15,104,NA,108,108,14,8,12,10,0.7,0.6
2026-07-31T1900,3210A,114.3645,34.7955,开封市,汴京公园,,32,29,23,18,15,100,NA,106,106,13,12,3,3,0.4,0.3
2026-07-31T1900,3216A,117.662,24.5187,漳州市,漳州党校,,22,17,47,8,27,70,NA,119,116,5,14,/,/,/,/
2026-07-31T1900,3237A,117.4918,30.6617,池州市,展览馆,,23,20,21,7,7,71,NA,80,80,6,7,4,4,0.4,0.4
2026-07-31T1900,3241A,103.7439,36.0841,兰州市,百合公园,,44,44,49,17,19,102,NA,101,101,12,10,5,7,0.3,0.2
2026-07-31T1900,3242A,103.9613,35.9985,兰州市,和平,,33,26,37,22,17,103,NA,100,100,8,7,9,8,0.4,0.4
2026-07-31T1900,3247A,104.9551,33.3709,陇南市,市总工会,,26,26,24,7,7,63,NA,68,68,6,6,8,8,0.5,0.5
2026-07-31T1900,3248A,98.2644,39.7723,嘉峪关市,雄关区,,42,39,31,15,11,133,NA,138,138,13,20,4,11,0.2,0.4
2026-07-31T1900,3265A,121.4242,31.3303,上海市,宝山庙行,,37,26,35,16,23,118,NA,199,189,20,14,5,4,0.3,0.3
2026-07-31T1900,3266A,121.8789,31.4662,上海市,崇明上实东滩,细颗粒物(PM2.5),52,37,28,36,18,152,NA,164,161,25,24,6,6,0.4,0.4
2026-07-31T1900,3268A,121.316,31.2839,上海市,嘉定南翔,,26,20,29,18,23,75,NA,172,154,45,27,5,6,0.4,0.3
2026-07-31T1900,3269A,121.3357,30.7455,上海市,金山新城,,37,29,33,17,21,117,NA,188,179,22,13,4,4,0.6,0.7
2026-07-31T1900,3270A,121.4996,31.0741,上海市,闵行浦江,,38,38,30,26,20,112,NA,187,174,28,16,7,7,0.6,0.6
2026-07-31T1900,3271A,121.2886,31.1663,上海市,青浦徐泾,,32,32,29,21,21,46,NA,161,140,52,12,5,6,0.6,0.5
2026-07-31T1900,3272A,121.2193,31.0382,上海市,松江图书馆,,45,45,40,31,24,79,NA,177,161,26,18,6,6,0.9,0.7
2026-07-31T1900,3273A,121.3904,31.206,上海市,长宁仙霞,NA,NA,NA,29,27,20,63,NA,165,146,41,20,7,8,0.6,0.3
2026-07-31T1900,3274A,121.7964,31.0507,上海市,浦东惠南,臭氧1小时(O3_1h),58,41,29,22,19,166,NA,183,183,16,23,8,8,1.0,0.9
2026-07-31T1900,3282A,113.3399,40.0586,大同市,大同市卫生学校,NA,NA,NA,37,10,16,72,NA,110,106,16,13,5,8,0.6,0.7
2026-07-31T1900,3283A,109.9154,40.5684,包头市,滨河大厦,颗粒物(PM10),51,51,37,31,23,105,NA,105,105,5,14,5,6,0.5,0.5
2026-07-31T1900,3284A,106.8129,39.7274,乌海市,海北新区,,37,37,67,9,18,106,NA,110,110,4,7,4,7,0.2,0.4
2026-07-31T1900,3285A,113.1383,40.9513,乌兰察布市,北京八中,,34,30,42,6,15,106,NA,110,105,8,11,6,6,0.3,0.3
2026-07-31T1900,3286A,118.9359,42.3146,赤峰市,桥北物流园区,,34,34,18,13,11,106,NA,118,115,12,5,4,4,0.6,0.6
2026-07-31T1900,3287A,119.3842,32.198,镇江市,富润路1号,,28,12,21,10,16,88,NA,94,92,9,18,10,11,0.3,0.5
2026-07-31T1900,3288A,117.4619,34.4368,徐州市,大泉街道,,33,11,25,4,12,105,NA,111,111,4,11,9,9,0.3,0.4
2026-07-31T1900,3289A,120.7431,31.3188,苏州市,方洲路,,35,30,33,24,23,98,NA,190,173,19,16,6,8,0.7,0.6
2026-07-31T1900,3290A,120.4979,31.2777,苏州市,木渎中学,,45,34,30,21,18,142,NA,159,153,22,14,4,5,0.6,0.6
2026-07-31T1900,3291A,121.0631,32.0644,南通市,通州监测站,NA,NA,NA,39,NA,23,189,NA,196,196,NA,14,NA,9,0.8,0.8
2026-07-31T1900,3293A,120.1518,33.3369,盐城市,月亮广场,,49,23,31,13,19,156,NA,148,148,4,7,9,9,0.4,0.6
2026-07-31T1900,3294A,119.565282,32.422263,扬州市,引江管理处,,29,14,23,9,14,91,NA,107,105,3,12,2,3,0.5,0.7
2026-07-31T1900,3295A,120.1226,32.515,泰州市,姜堰区政府广场,,47,29,27,24,17,148,NA,154,153,11,17,11,12,0.5,0.5
2026-07-31T1900,3298A,113.5718,23.5493,广州市,从化街口,,10,5,24,2,13,30,NA,48,48,6,15,8,9,0.4,0.5
2026-07-31T1900,3299A,113.3463,23.369,广州市,白云竹料,,15,15,17,9,10,42,NA,72,72,14,16,3,3,0.6,0.6
2026-07-31T1900,3300A,113.2981,23.2365,广州市,白云嘉禾,,16,12,26,6,13,49,NA,84,84,21,25,11,10,/,/
2026-07-31T1900,3301A,113.4256,23.1716,广州市,黄埔科学城,,18,NA,19,12,11,40,NA,70,70,23,20,7,7,0.6,0.6
2026-07-31T1900,3302A,113.3942,23.0485,广州市,番禺大学城,NA,NA,18,20,4,10,50,NA,80,80,19,27,6,6,NA,0.7
2026-07-31T1900,3303A,113.4923,22.8169,广州市,南沙黄阁,,15,10,24,10,14,27,NA,51,50,25,31,7,9,/,/
2026-07-31T1900,3304A,113.534,22.7893,广州市,南沙街,,12,12,22,8,13,25,NA,44,42,22,27,9,11,0.6,0.7
2026-07-31T1900,3305A,114.0614,22.556,深圳市,莲花,,10,10,19,4,8,12,NA,15,14,10,14,/,/,/,/
2026-07-31T1900,3306A,114.0144,22.6163,深圳市,民治,,6,6,16,4,9,18,NA,26,22,7,19,/,/,/,/
2026-07-31T1900,3307A,114.1756,22.6421,深圳市,横岗,,6,6,21,3,10,14,NA,19,18,2,14,/,/,/,/
2026-07-31T1900,3308A,113.3493,22.0572,珠海市,金湾,,8,6,10,4,6,20,NA,32,22,15,17,/,/,0.3,0.3
2026-07-31T1900,3311A,113.1077,22.5647,江门市,江海富民,,26,26,35,3,11,22,NA,46,45,18,24,/,/,0.3,0.4
2026-07-31T1900,3313A,112.4572,23.0163,肇庆市,高要湖西,NA,NA,22,14,NA,9,83,NA,45,45,NA,21,6,4,NA,0.5
2026-07-31T1900,3314A,114.4334,22.8134,惠州市,惠阳秋长,,14,14,29,5,12,18,NA,40,36,14,19,/,/,/,/
2026-07-31T1900,3315A,116.1234,24.2994,梅州市,梅龙,,22,22,28,10,14,45,NA,42,41,9,10,6,7,0.5,0.5
2026-07-31T1900,3317A,111.9785,21.8954,阳江市,两阳中学,,10,6,9,5,8,29,NA,36,36,10,9,/,/,0.3,0.3
2026-07-31T1900,3318A,112.9898,23.7403,清远市,清新太和,,24,16,14,8,5,74,NA,64,64,8,10,5,5,0.4,0.4
2026-07-31T1900,3319A,113.7283,23.041,东莞市,万江金泰,,11,11,20,6,12,25,NA,62,60,20,25,4,4,0.6,0.7
2026-07-31T1900,3320A,116.4028,23.5699,揭阳市,曲溪,,17,17,36,8,22,33,NA,74,71,6,20,2,9,0.5,0.7
2026-07-31T1900,3323A,115.2772,40.9723,张家口市,青少年活动中心,,35,NA,17,24,13,61,NA,81,78,6,6,6,5,0.3,0.2
2026-07-31T1900,3324A,116.8011,38.294,沧州市,河北水利电力学院,,22,NA,15,6,17,70,NA,103,98,10,8,1,2,0.4,0.3
2026-07-31T1900,3325A,117.0362,39.3827,天津市,雍阳西道,,30,20,34,12,24,96,NA,125,125,2,6,4,4,0.5,0.5
2026-07-31T1900,3326A,117.0291,39.0612,天津市,辛老路,,30,23,28,16,19,93,NA,116,115,2,4,2,2,0.6,0.6
2026-07-31T1900,3327A,116.9638,38.9374,天津市,地纬路,,26,22,25,15,16,82,NA,105,104,9,10,3,4,0.7,0.7
2026-07-31T1900,3328A,118.4209,31.3704,芜湖市,市气象局,,32,24,19,9,11,102,NA,110,110,8,14,8,8,0.6,0.6
2026-07-31T1900,3329A,117.011,32.5891,淮南市,山南新区,,30,30,7,7,10,89,NA,90,90,15,12,13,13,0.3,0.3
2026-07-31T1900,3331A,118.3268,32.2633,滁州市,图书馆,NA,NA,18,13,8,11,94,NA,95,95,6,5,NA,7,NA,0.3
2026-07-31T1900,3332A,115.7631,33.803,亳州市,亳州学院,,25,8,6,2,3,80,NA,96,95,7,6,1,1,0.4,0.4
2026-07-31T1900,3333A,117.5626,30.695,池州市,第八中学,,23,13,18,7,6,73,NA,80,79,3,6,6,5,0.5,0.5
2026-07-31T1900,3334A,117.5037,30.6242,池州市,第十二中学,,22,17,19,10,8,70,NA,80,79,6,10,6,5,0.6,0.8
2026-07-31T1900,3335A,113.3137,35.2643,焦作市,马村街道办,,28,28,34,10,23,59,NA,85,84,10,8,4,4,0.5,0.5
2026-07-31T1900,3336A,113.2464,35.2374,焦作市,焦作技师学院,,23,16,40,9,22,71,NA,89,89,3,7,5,5,0.4,0.6
2026-07-31T1900,3337A,113.8611,34.0443,许昌市,许昌学院,,31,31,20,18,13,91,NA,103,103,8,7,2,2,0.3,0.3
2026-07-31T1900,3338A,113.8428,34.0825,许昌市,芙蓉广场,,33,21,19,18,13,103,NA,109,109,4,5,3,3,0.5,0.5
2026-07-31T1900,3339A,114.0002,33.0404,驻马店市,小管楼,,23,14,20,12,10,73,NA,88,86,3,8,3,3,0.1,0.2
2026-07-31T1900,3340A,112.6005,34.6323,洛阳市,伊滨,NA,NA,NA,28,10,16,53,NA,85,85,NA,9,6,6,0.1,0.4
2026-07-31T1900,3341A,112.495,34.6338,洛阳市,中移产业园,,18,17,28,10,15,55,NA,79,79,4,5,7,8,0.3,1
2026-07-31T1900,3342A,128.7948,47.7291,伊春市,中心小学,,21,NA,12,14,7,67,NA,53,53,4,5,2,2,0.6,0.6
2026-07-31T1900,3343A,128.6736,47.729,伊春市,检察院,,22,10,16,3,6,69,NA,55,55,5,6,1,1,0.4,0.4
2026-07-31T1900,3345A,131.0413,45.7795,七台河市,中波台,颗粒物(PM10),62,66,12,5,7,31,NA,55,43,7,16,8,8,0.4,0.6
2026-07-31T1900,3346A,108.3871,31.1627,重庆市,安康,,22,21,19,15,11,63,NA,77,76,10,10,8,9,0.3,0.3
2026-07-31T1900,3347A,105.8983,29.36,重庆市,北山路,,40,31,20,20,14,127,NA,124,124,8,10,8,9,0.5,0.5
2026-07-31T1900,3350A,106.648859,29.023807,重庆市,滩子口,,31,12,12,10,7,97,NA,94,94,6,5,7,7,0.2,0.2
2026-07-31T1900,3351A,105.7164,29.7077,重庆市,棠香,颗粒物(PM10),53,54,26,27,16,91,NA,107,107,8,12,6,7,0.4,0.4
2026-07-31T1900,3352A,107.0733,29.8618,重庆市,桃源西路,,25,22,19,12,11,78,NA,89,88,9,9,6,6,0.3,0.5
2026-07-31T1900,3353A,107.3536,29.7283,重庆市,迎宾大道,,25,13,13,5,6,79,NA,84,84,8,10,1,1,0.2,0.2
2026-07-31T1900,3354A,108.8152,29.5079,重庆市,舟白,,22,22,20,5,7,57,NA,65,64,4,4,8,8,0.2,0.3
2026-07-31T1900,3355A,108.3679,30.8429,重庆市,周家坝,,21,13,22,7,8,67,NA,79,78,8,12,11,8,0.6,0.7
2026-07-31T1900,3356A,108.4323,30.7554,重庆市,百安坝,,21,13,16,6,7,67,NA,82,81,7,7,3,2,0.2,0.2
2026-07-31T1900,3357A,104.0028,30.6891,成都市,金博路,,19,12,11,10,14,59,NA,52,51,8,10,7,7,0.6,0.6
2026-07-31T1900,3359A,104.056,30.5228,成都市,华阳,,23,22,14,16,12,54,NA,56,56,11,10,1,1,0.7,0.7
2026-07-31T1900,3360A,104.7894,29.3197,自贡市,南湖救助站,,49,44,38,34,16,97,NA,96,96,9,9,15,15,0.6,0.4
2026-07-31T1900,3361A,103.7313,29.563,乐山市,理工大学,,29,25,12,20,7,74,NA,68,68,8,7,1,2,0.7,0.7
2026-07-31T1900,3363A,117.9883,36.8372,淄博市,新区,,33,14,17,0,11,105,NA,103,103,5,8,6,5,0.7,0.7
2026-07-31T1900,3364A,117.316,34.8106,枣庄市,市环保局,,31,12,18,3,8,99,NA,110,109,9,15,7,8,0.2,0.3
2026-07-31T1900,3365A,118.5721,37.5654,东营市,垦利区民丰路,,39,27,26,11,11,123,NA,133,132,9,14,4,5,0.3,0.4
2026-07-31T1900,3366A,121.5202,37.4336,烟台市,中国农业大学,,34,17,22,4,10,107,NA,124,123,6,6,6,7,0.6,0.6
2026-07-31T1900,3368A,119.1978,36.6871,潍坊市,高新实验学校,,39,34,31,3,9,124,NA,108,108,5,7,3,2,0.6,0.6
2026-07-31T1900,3370A,118.3563,35.0215,临沂市,十里堡居委,,30,7,18,3,11,96,NA,104,104,11,17,10,11,0.5,0.5
2026-07-31T1900,3371A,116.3693,37.44,德州市,开发区人民医院,,31,29,22,9,14,99,NA,97,97,6,12,8,9,0.5,0.5
2026-07-31T1900,3374A,115.5562,35.089,菏泽市,定陶老年大学,NA,NA,17,17,8,6,102,NA,105,105,NA,6,6,6,0.5,0.5
2026-07-31T1900,3375A,102.8016,24.8336,昆明市,青年创业园,NA,NA,NA,19,13,10,71,NA,66,66,NA,15,4,6,0.3,0.4
2026-07-31T1900,3376A,103.7926,25.4651,曲靖市,南苑二区,NA,NA,8,16,4,9,NA,NA,53,53,2,10,4,4,0.5,0.6
2026-07-31T1900,3377A,103.7442,25.5259,曲靖市,曲靖师范学院,,21,10,14,4,9,65,NA,65,65,4,7,2,3,0.4,0.4
2026-07-31T1900,3379A,122.1122,40.2275,营口市,鲅鱼圈市民活动中心,,40,40,31,10,20,112,NA,110,110,9,6,7,7,0.6,0.6
2026-07-31T1900,3380A,102.8915,34.9618,甘南藏族自治州,甘肃民族师范学院,,29,NA,11,20,14,76,NA,82,80,4,7,5,5,0.3,0.3
2026-07-31T1900,3396A,112.0764,32.0089,襄阳市,襄城隆中路,,27,27,19,17,13,85,NA,86,86,6,6,6,7,0.4,0.4
2026-07-31T1900,3397A,112.1154,32.103,襄阳市,高新台子湾,NA,NA,21,21,17,13,80,NA,86,86,NA,4,7,8,0.5,0.4
2026-07-31T1900,3398A,114.9134,30.4446,黄冈市,市林业局,,27,13,21,5,9,85,NA,99,98,5,12,4,4,0.3,0.4
2026-07-31T1900,3399A,112.6703,26.8817,衡阳市,师范学院,,20,11,14,10,6,61,NA,62,62,2,4,10,10,0.4,0.4
2026-07-31T1900,3400A,109.1844,21.4396,北海市,龙潭自来水厂,,16,5,15,2,5,51,NA,56,56,4,4,3,3,0.4,0.4
2026-07-31T1900,3401A,108.4829,22.762,南宁市,红星社区,,14,14,15,2,8,40,NA,49,49,4,6,5,5,0.6,0.6
2026-07-31T1900,3402A,109.5422,24.3994,柳州市,市二中,,18,15,12,4,4,57,NA,54,54,5,9,6,6,0.5,0.5
2026-07-31T1900,3404A,108.5959,21.9634,钦州市,北职校,,14,13,16,6,7,43,NA,55,54,9,6,4,5,0.5,0.5
2026-07-31T1900,3405A,109.5886,23.1172,贵港市,新世纪学校,,15,NA,10,6,8,45,NA,54,54,10,10,/,/,0.4,0.5
2026-07-31T1900,3407A,120.6915,30.7741,嘉兴市,秀洲住建,,45,45,34,22,21,132,NA,180,173,22,15,5,6,0.3,0.3
2026-07-31T1900,3408A,120.5685,29.936,绍兴市,绍兴中专,,28,25,25,18,14,88,NA,112,108,10,11,4,5,0.8,0.8
2026-07-31T1900,3409A,120.4905,30.086,绍兴市,柯桥区政府,,46,NA,24,32,14,138,NA,138,138,19,13,6,6,0.8,0.7
2026-07-31T1900,3410A,120.8751,30.0249,绍兴市,重华小学,臭氧1小时(O3_1h),52,49,28,25,16,161,NA,140,140,10,12,12,12,0.6,0.5
2026-07-31T1900,3411A,120.837,30.0137,绍兴市,上虞中学,颗粒物(PM10),55,57,32,31,17,152,NA,132,132,11,14,8,11,0.5,0.5
2026-07-31T1900,3416A,119.1758,36.7139,潍坊市,潍坊学院,,39,31,29,3,10,123,NA,112,112,11,12,5,6,0.6,0.6
2026-07-31T1900,3418A,116.8336,40.4095,北京市,密云新城,,32,24,32,12,20,102,NA,110,110,7,9,1,1,0.5,0.5
2026-07-31T1900,3419A,109.9449,40.6259,包头市,包头市委党校,,46,46,38,30,28,112,NA,107,107,5,17,2,2,0.2,0.3
2026-07-31T1900,3421A,113.1776,40.9779,乌兰察布市,市委党校,,36,21,38,15,20,114,NA,120,114,8,13,2,4,0.2,0.2
2026-07-31T1900,3422A,118.8443,31.919,南京市,江宁彩虹桥,,43,17,25,3,9,137,NA,126,126,6,13,5,4,0.4,0.5
2026-07-31T1900,3425A,120.642,31.1733,苏州市,越秀幼儿园,细颗粒物(PM2.5),52,44,34,36,23,159,NA,194,188,18,17,3,4,0.6,0.6
2026-07-31T1900,3426A,118.8757,33.2897,淮安市,新华书店,,32,26,19,11,12,100,NA,96,96,1,7,7,7,0.7,1
2026-07-31T1900,3427A,118.8497,32.3599,南京市,六合雄州,,30,18,22,4,5,95,NA,116,116,11,12,4,4,0.7,0.7
2026-07-31T1900,3429A,119.8595,31.706,常州市,武进经发区,,30,19,27,12,16,96,NA,117,114,7,13,7,7,0.6,0.7
2026-07-31T1900,3430A,119.5812,31.7256,常州市,金坛城区,,26,NA,21,7,13,82,NA,101,94,9,12,7,8,0.5,0.7
2026-07-31T1900,3431A,120.6502,31.4117,苏州市,高铁新城,,38,33,36,26,23,112,NA,175,162,42,29,5,6,0.8,0.8
2026-07-31T1900,3432A,120.9348,31.9874,南通市,环境教育馆,臭氧1小时(O3_1h),69,36,39,22,19,175,NA,193,193,22,23,6,7,0.6,0.6
2026-07-31T1900,3434A,119.2414,34.6539,连云港市,工贸学校,,31,22,18,9,11,97,NA,102,102,4,6,5,5,0.4,0.4
2026-07-31T1900,3435A,119.9186,32.4322,泰州市,周山河街区,,30,18,26,13,17,95,NA,137,131,11,21,11,12,0.3,0.4
2026-07-31T1900,3436A,120.4283,33.2048,盐城市,大丰高级中学,,49,29,40,17,34,156,NA,161,161,7,9,8,9,0.4,0.6
2026-07-31T1900,3437A,88.3088,43.3637,乌鲁木齐市,达坂城区环保局,,40,15,17,10,8,127,NA,119,119,5,7,5,5,0.2,0.2
2026-07-31T1900,3438A,87.6132,43.8791,乌鲁木齐市,红光山片区,NA,NA,19,25,6,11,123,NA,117,117,8,21,NA,12,0.5,0.5
2026-07-31T1900,3439A,87.7008,43.8003,乌鲁木齐市,新师大温泉校区,,42,25,21,6,6,132,NA,123,123,8,12,8,8,0.3,0.2
2026-07-31T1900,3440A,87.4892,43.84,乌鲁木齐市,大绿谷,,37,16,19,4,9,118,NA,110,110,8,15,2,1,0.4,0.4
2026-07-31T1900,3441A,87.5461,44.1909,五家渠市,经开区管委会,,35,22,30,2,9,110,NA,106,106,3,14,1,2,0.3,0.3
2026-07-31T1900,3442A,86.047,44.2331,石河子市,南区管委会,,31,19,18,1,3,98,NA,95,95,4,8,6,6,0.3,0.3
2026-07-31T1900,3443A,113.2905,23.5541,广州市,花都梯面,,18,9,13,6,7,56,NA,44,44,9,12,3,4,/,/
2026-07-31T1900,3444A,116.4539,23.2684,汕头市,潮南峡山,,13,4,29,1,18,40,NA,47,41,3,8,7,7,0.7,0.8
2026-07-31T1900,3445A,113.786,23.7479,广州市,从化良口,,10,5,16,2,5,31,NA,40,40,5,6,4,4,/,/
2026-07-31T1900,3446A,113.805,23.2614,广州市,增城荔城,,9,4,16,1,10,26,NA,59,58,7,11,9,9,0.6,0.6
2026-07-31T1900,3447A,114.344,22.7115,深圳市,坪山,,10,10,27,5,16,10,NA,29,25,18,29,4,4,0.7,0.8
2026-07-31T1900,3448A,113.5436,22.1163,珠海市,横琴,,15,15,10,10,8,18,NA,26,16,14,22,/,/,/,/
2026-07-31T1900,3449A,113.0496,22.4669,江门市,新会银湖,,11,11,19,5,10,23,NA,45,45,17,22,5,2,0.6,0.6
2026-07-31T1900,3450A,111.0101,21.5165,茂名市,电白水东,,14,7,9,5,6,42,NA,41,41,4,6,3,5,/,/
2026-07-31T1900,3451A,112.5617,23.2082,肇庆市,鼎湖凤凰,,30,18,12,8,5,94,NA,55,55,17,15,6,4,/,/
2026-07-31T1900,3452A,114.6521,22.7755,惠州市,大亚湾霞涌,,8,NA,17,3,5,15,NA,42,37,16,9,/,/,/,/
2026-07-31T1900,3453A,112.0125,21.8749,阳江市,阳东陶然,,12,10,13,4,9,36,NA,35,35,6,10,3,4,0.6,0.5
2026-07-31T1900,3454A,113.3527,22.4781,中山市,中山南区,,7,5,5,0,4,22,NA,36,31,14,17,5,5,0.2,0.4
2026-07-31T1900,3455A,113.076,23.72,清远市,清城东城,,24,9,11,6,5,75,NA,61,61,8,9,/,/,/,/
2026-07-31T1900,3456A,114.2887,38.0905,石家庄市,鹿泉一中,,23,23,34,2,19,70,NA,84,84,3,7,3,3,0.4,0.5
2026-07-31T1900,3457A,118.4357,39.277,唐山市,冀东油田职工医院,,28,20,21,12,19,89,NA,117,116,8,9,3,3,0.2,0.2
2026-07-31T1900,3458A,114.7893,36.5592,邯郸市,香泉濮院小区,NA,NA,NA,7,22,15,96,NA,111,110,NA,5,3,3,0.6,0.4
2026-07-31T1900,3459A,115.599,37.5491,衡水市,地表水厂,,32,32,29,22,14,90,NA,99,99,6,8,4,5,0.2,0.2
2026-07-31T1900,3460A,117.4065,40.0583,天津市,北环路,,37,23,38,14,22,118,NA,111,111,6,9,5,5,0.6,0.5
2026-07-31T1900,3461A,117.3041,39.7167,天津市,建设路,细颗粒物(PM2.5),54,44,33,37,22,119,NA,126,126,4,6,9,8,0.8,0.6
2026-07-31T1900,3462A,117.8201,39.3519,天津市,滨水东路,,32,32,32,20,21,75,NA,121,118,26,16,10,9,1.0,0.8
2026-07-31T1900,3463A,116.9708,33.5911,宿州市,社会福利中心,,24,NA,15,11,18,75,NA,83,83,12,27,6,7,0.3,0.3
2026-07-31T1900,3464A,117.3802,31.9148,合肥市,高教基地,,27,19,16,5,7,84,NA,90,90,5,5,7,7,0.4,0.4
2026-07-31T1900,3465A,118.4783,31.3226,芜湖市,清苑社区,,40,40,19,14,11,119,NA,102,102,14,11,5,4,0.5,0.4
2026-07-31T1900,3466A,118.2746,31.2326,芜湖市,扬子职业技术学院,,30,23,29,9,12,93,NA,114,114,7,12,5,5,0.3,0.4
2026-07-31T1900,3468A,115.79,32.8614,阜阳市,市规划展馆,,20,3,18,2,5,64,NA,72,70,8,12,2,2,0.4,0.4
2026-07-31T1900,3469A,115.835101,32.918568,阜阳市,枣园社区,,21,12,17,3,4,66,NA,74,73,7,9,4,4,0.3,0.3
2026-07-31T1900,3471A,113.6104,34.8688,郑州市,惠济区政府,,32,29,29,22,18,90,NA,114,113,10,7,1,2,0.7,0.6
2026-07-31T1900,3473A,114.2485,34.8306,开封市,技师学院,,37,37,24,15,12,90,NA,106,106,4,5,5,5,0.6,0.6
2026-07-31T1900,3474A,114.2616,35.6824,鹤壁市,大新区,,23,NA,28,12,20,71,NA,99,99,8,9,7,7,0.5,0.6
2026-07-31T1900,3475A,113.9189,35.3042,新乡市,市政府,,36,30,33,25,18,62,NA,91,89,14,10,10,10,0.2,0.2
2026-07-31T1900,3477A,113.1656,35.2536,焦作市,中站许衡医院,,41,41,27,19,23,66,NA,94,94,11,8,7,8,0.3,0.5
2026-07-31T1900,3478A,113.9691,33.568,漯河市,市图书馆,,26,25,24,18,13,63,NA,100,98,8,10,8,13,0.5,0.6
2026-07-31T1900,3481A,125.127,46.6277,大庆市,萨区政府监测点,,40,36,29,28,21,39,NA,53,53,6,7,5,5,0.3,0.3
2026-07-31T1900,3482A,107.754,29.3275,重庆市,芙蓉中路,,19,18,17,3,7,59,NA,65,65,6,10,9,9,0.3,0.3
2026-07-31T1900,3484A,106.2629,29.3202,重庆市,行政中心,,33,16,23,14,8,104,NA,105,105,9,9,11,11,0.3,0.3
2026-07-31T1900,3486A,124.4029,43.1411,四平市,植物园,,32,32,36,13,21,77,NA,94,92,20,11,7,5,0.4,0.5
2026-07-31T1900,3488A,104.387954,30.746684,成都市,青白江技师分院,,20,NA,17,14,15,53,NA,52,48,5,8,3,4,0.6,0.6
2026-07-31T1900,3489A,104.0788,30.4054,成都市,科学城,,22,15,11,11,9,68,NA,69,69,7,8,6,6,0.7,0.6
2026-07-31T1900,3491A,104.6899,31.5324,绵阳市,西科大附属小学,,15,5,10,3,6,48,NA,62,51,7,9,6,6,0.4,0.4
2026-07-31T1900,3492A,104.5647,31.5343,绵阳市,安州区旅游局,,18,4,9,2,4,55,NA,66,58,4,3,3,3,0.3,0.3
2026-07-31T1900,3494A,117.1673,36.9782,济南市,济阳区政府,,30,29,23,5,6,95,NA,99,99,10,13,6,5,0.2,0.2
2026-07-31T1900,3495A,117.1168,36.6299,济南市,锦屏中学,,35,17,12,7,5,109,NA,95,95,4,3,2,2,0,0
2026-07-31T1900,3496A,118.359,35.1067,临沂市,南坊新区,,35,17,24,3,12,110,NA,105,105,10,11,10,7,0.3,0.3
2026-07-31T1900,3498A,118.5063,37.8606,东营市,河口城区,,36,14,22,4,12,113,NA,141,138,10,14,8,8,0.4,0.5
2026-07-31T1900,3500A,116.5808,35.3703,济宁市,北湖一中,,33,26,22,5,7,104,NA,101,101,6,9,5,5,0.3,0.3
2026-07-31T1900,3501A,116.8251,35.5592,济宁市,服务中心,,31,18,23,5,8,99,NA,108,108,9,9,1,2,0.2,0.3
2026-07-31T1900,3502A,117.1812,36.2273,泰安市,国网新校,,35,15,11,7,11,110,NA,106,106,7,11,4,5,0.7,0.7
2026-07-31T1900,3503A,117.0315,36.2017,泰安市,交通技校,,34,15,17,7,12,108,NA,107,107,7,8,3,4,0.5,0.5
2026-07-31T1900,3504A,117.083,36.13,泰安市,山东第一医科大学,,35,22,18,8,12,109,NA,107,107,6,10,7,7,0.2,0.1
2026-07-31T1900,3505A,122.1379,37.3414,威海市,临港区管委会,,33,9,19,3,14,104,NA,114,113,6,5,6,7,0.2,0.3
2026-07-31T1900,3507A,119.5326,35.4627,日照市,职业技术学院,,37,22,29,6,15,118,NA,145,141,9,13,9,11,0.5,0.7
2026-07-31T1900,3511A,116.5687,37.3331,德州市,陵城艺术中心,,31,22,20,8,12,97,NA,106,106,9,11,6,5,0.5,0.5
2026-07-31T1900,3513A,116.0443,36.436,聊城市,九州社区,,32,32,33,6,6,100,NA,106,106,2,4,6,7,0.4,0.2
2026-07-31T1900,3514A,117.9379,37.3959,滨州市,中海酒店,,35,14,18,6,9,110,NA,120,120,3,12,8,10,0.4,0.4
2026-07-31T1900,3515A,117.9381509,37.35547456,滨州市,开发区一中,,30,24,22,6,10,94,NA,108,108,6,11,7,9,0.2,0.3
2026-07-31T1900,3516A,118.0914,37.6938,滨州市,金海六路,,35,17,20,6,11,112,NA,119,119,9,14,5,6,0.3,0.3
2026-07-31T1900,3520A,106.3495,38.9837,石嘴山市,妇女儿童医院,,28,22,43,15,23,89,NA,109,96,6,6,7,8,0.4,0.3
2026-07-31T1900,3521A,106.7495,39.2068,石嘴山市,石大公路,颗粒物(PM10),68,74,57,26,19,102,NA,95,95,22,18,10,20,1.0,0.5
2026-07-31T1900,3523A,106.5105,38.3857,银川市,滨河新区,NA,NA,NA,61,NA,23,123,NA,114,114,NA,10,5,7,0.5,0.4
2026-07-31T1900,3525A,108.6394,34.408,咸阳市,奥体中心,,40,40,20,25,14,79,NA,80,80,8,4,2,2,0.3,0.3
2026-07-31T1900,3526A,119.5188,25.9666,福州市,吴航,,41,41,28,25,15,92,NA,102,102,11,14,7,6,0.6,0.6
2026-07-31T1900,3527A,118.0961,24.5689,厦门市,集美中学,,11,9,38,4,21,33,NA,132,128,19,30,2,2,0.4,0.5
2026-07-31T1900,3528A,118.1502,24.7246,厦门市,同安二实小,,23,18,27,15,21,71,NA,135,134,22,20,3,2,0.6,0.6
2026-07-31T1900,3530A,117.6288,24.5309,漳州市,西洋坪路,,21,19,46,8,30,67,NA,112,110,8,15,4,7,0.3,0.6
2026-07-31T1900,3531A,110.296,25.1254,桂林市,旅游学院,,17,17,12,8,4,39,NA,46,46,2,4,3,4,0.2,0.2
2026-07-31T1900,3532A,110.1951,22.6832,玉林市,玉林师范学院东校区,,10,9,21,6,12,30,NA,46,46,11,15,1,3,0.3,0.4
2026-07-31T1900,3533A,110.0527,22.5894,玉林市,福绵环保局,,13,13,20,8,9,36,NA,46,46,10,12,2,3,0.4,0.4
2026-07-31T1900,3534A,111.4744,24.455,贺州市,西湾,,18,12,15,5,5,57,NA,54,54,8,8,12,12,0.3,0.3
2026-07-31T1900,3535A,109.1781,23.7293,来宾市,兴宾区政府,,18,17,17,2,6,57,NA,61,61,5,7,7,7,0.8,0.8
2026-07-31T1900,3538A,107.5175,26.2977,黔南布依族苗族自治州,沙坝,,15,NA,7,7,4,45,NA,48,48,2,2,4,3,0.3,0.4
2026-07-31T1900,3539A,110.5111,19.9737,海口市,桂林洋子站,,10,8,11,4,4,29,NA,42,40,8,5,/,/,/,/
2026-07-31T1900,3540A,109.7348,18.3443,三亚市,君悦子站,,14,14,13,6,4,44,NA,47,47,9,5,3,3,0.3,0.2
2026-07-31T1900,3541A,109.5726195,19.51688767,儋州市,第一中学子站,,13,13,10,5,4,33,NA,41,40,3,2,1,1,0.7,0.7
2026-07-31T1900,3542A,109.5567,19.5187,儋州市,东坡学校子站,,12,11,10,8,4,36,NA,44,42,2,2,3,4,0.6,0.5
2026-07-31T1900,3544A,121.4891,30.925,上海市,奉贤南桥新城,,38,34,29,22,19,120,NA,170,163,31,16,2,3,0.7,0.7
2026-07-31T1900,3545A,110.8053,32.8401,十堰市,郧阳区金沙路,NA,NA,NA,25,NA,15,91,NA,86,86,7,6,NA,7,0.7,0.7
2026-07-31T1900,3546A,111.4606,30.5519,宜昌市,猇亭区张家湾站,,16,13,22,2,6,49,NA,72,69,5,8,8,10,0.2,0.3
2026-07-31T1900,3547A,112.1631,31.0134,荆门市,龙泉中学南校,,26,NA,14,18,6,83,NA,78,78,6,6,7,7,0.9,0.8
2026-07-31T1900,3549A,109.5061,30.3771,恩施土家族苗族自治州,龙凤新区,,20,NA,15,13,11,63,NA,66,66,4,7,6,6,0.2,0.3
2026-07-31T1900,3550A,102.8,24.9787,昆明市,昆明学院,,20,NA,12,9,8,64,NA,63,63,6,10,6,7,0.5,0.6
2026-07-31T1900,3551A,102.5969,24.6738,昆明市,晋宁区生态环境分局,,21,17,18,11,12,65,NA,59,59,5,9,5,6,0.5,0.6
2026-07-31T1900,3552A,102.6673,24.9861,昆明市,云天化总部,,18,NA,13,8,6,57,NA,55,55,8,10,1,2,0.4,0.3
2026-07-31T1900,3557A,119.9463,30.0496,杭州市,镇二中,,39,39,22,8,11,83,NA,91,90,15,17,6,6,0.6,0.7
2026-07-31T1900,3558A,119.7184,30.2367,杭州市,市府大楼,,21,11,9,10,7,65,NA,77,76,6,6,8,8,0.3,0.4
2026-07-31T1900,3560A,120.4715,30.0414,绍兴市,柯桥妇保,,36,28,25,21,15,115,NA,136,135,17,12,6,6,0.3,0.3
2026-07-31T1900,3561A,120.6985,27.9252,温州市,茶山,,31,31,21,20,10,89,NA,126,122,9,9,/,/,/,/
2026-07-31T1900,3562A,120.4146,30.8538,湖州市,南浔区站,,49,49,32,30,25,141,NA,150,149,16,15,5,5,0.5,0.5
2026-07-31T1900,3564A,121.25678,28.66823971,台州市,台州科技职业学院,,35,33,23,16,12,111,NA,126,124,11,11,7,7,0.2,0.2
2026-07-31T1900,3565A,113.1371,40.1122,大同市,云冈站,,25,12,42,11,17,78,NA,111,104,12,11,5,9,0.6,0.6
2026-07-31T1900,3566A,113.1186,40.2556,大同市,图书馆,,29,29,41,10,17,80,NA,119,108,15,13,6,9,0.6,0.8
2026-07-31T1900,3567A,113.5931,40.0459,大同市,区一中,,28,6,21,1,11,88,NA,116,113,15,11,6,8,0.4,0.4
2026-07-31T1900,3568A,113.0603,36.0464,长治市,向阳小学,,30,30,23,10,14,66,NA,76,76,6,4,5,5,0.7,0.8
2026-07-31T1900,3569A,112.8788,36.315,长治市,屯留一中,,22,22,20,13,14,58,NA,72,72,5,8,11,10,0.9,1
2026-07-31T1900,3571A,112.2938,39.5296,朔州市,一水厂,,26,15,32,4,13,81,NA,81,79,6,14,3,6,0.4,0.6
2026-07-31T1900,3575A,118.0927,39.5807,唐山市,正泰大街热力站,,33,32,20,23,14,100,NA,131,131,7,5,3,3,0.3,0.5
2026-07-31T1900,3576A,118.1561,39.8322,唐山市,丰润区政府,,39,31,20,15,8,124,NA,123,123,13,11,2,2,0.6,0.5
2026-07-31T1900,3577A,118.436906,39.73802,唐山市,金山小学,,37,36,32,22,25,116,NA,139,139,10,14,2,3,0.1,0.3
2026-07-31T1900,3578A,118.2449,39.6693,唐山市,政府服务中心,,35,35,30,20,18,111,NA,130,130,9,7,5,4,0.5,0.5
2026-07-31T1900,3580A,114.1998,36.4439,邯郸市,峰峰矿区临水派出所,,35,35,28,22,19,92,NA,92,92,8,11,3,4,0.3,0.5
2026-07-31T1900,3581A,115.3136,38.9511,保定市,满城区生态环境分局,,38,NA,30,26,23,85,NA,76,76,7,10,3,3,0.3,0.2
2026-07-31T1900,3582A,115.4709,38.7628,保定市,清苑区第二中学,,27,17,23,16,17,85,NA,84,84,2,6,2,2,0.3,0.3
2026-07-31T1900,3583A,115.6231,39.0223,保定市,徐水物探局,,27,NA,24,17,19,86,NA,87,87,6,8,2,2,0.5,0.4
2026-07-31T1900,3590A,113.8362,34.566,郑州市,北区建设指挥部,,35,34,25,24,16,89,NA,104,104,18,11,2,3,0.4,0.4
2026-07-31T1900,3591A,113.3029,34.8041,郑州市,上街区政府,,31,31,44,15,25,54,NA,98,90,12,10,3,4,0.4,0.5
2026-07-31T1900,3592A,114.4518,34.7503,开封市,祥符区生态环境局,NA,NA,24,18,18,16,87,NA,105,102,8,6,4,4,NA,0.6
2026-07-31T1900,3593A,112.5736,34.8993,洛阳市,吉利监测站,NA,NA,NA,37,NA,23,64,NA,88,88,6,8,7,7,0.2,0.4
2026-07-31T1900,3594A,112.8736,33.9068,平顶山市,石龙区,,25,22,14,17,15,80,NA,79,79,7,8,7,7,0.3,0.4
2026-07-31T1900,3596A,114.1573,35.9607,鹤壁市,南山宾馆,,50,NA,21,35,26,78,NA,79,79,3,7,2,2,0.5,0.6
2026-07-31T1900,3598A,111.1031,34.719,三门峡市,富达温泉假日酒店,颗粒物(PM10),53,53,24,7,16,62,NA,74,74,14,16,8,7,0.4,0.4
2026-07-31T1900,3599A,106.2648,29.9853,重庆市,书院路,,45,NA,16,31,14,95,NA,104,104,7,10,5,6,0.7,0.6
2026-07-31T1900,3600A,106.2334,29.5583,重庆市,虎峰,,32,22,24,14,9,102,NA,100,100,9,10,5,7,0.5,0.4
2026-07-31T1900,3601A,106.0497,29.8345,重庆市,龙门街,,47,47,30,24,14,102,NA,111,111,10,12,11,12,0.6,0.5
2026-07-31T1900,3604A,119.3267,35.1043,日照市,岚山环保分局,,30,29,22,5,10,95,NA,122,118,10,9,9,10,0.6,0.6
2026-07-31T1900,3605A,109.1019,34.5302,西安市,无线电监控中心,,34,34,24,23,16,101,NA,94,94,8,8,4,4,0.7,0.7
2026-07-31T1900,3610A,105.5931,29.4105,重庆市,昌元,,35,29,28,22,14,112,NA,115,115,14,11,8,9,0.8,0.7
2026-07-31T1900,3612A,85.1045,45.6895,克拉玛依市,白碱滩区新站,NA,NA,NA,36,NA,7,118,NA,107,107,NA,5,9,9,0.3,0.2
2026-07-31T1900,3613A,87.3069,44.0093,昌吉回族自治州,亚心广场,,36,22,20,10,5,115,NA,120,120,5,10,8,9,0.4,0.4
2026-07-31T1900,3614A,79.9241,37.0878,和田地区,地区环保局,颗粒物(PM10),500,823,612,169,118,118,NA,121,121,3,8,1,2,0.2,0.3
2026-07-31T1900,3615A,79.9132,37.1137,和田地区,市环保局,颗粒物(PM10),500,602,527,182,128,122,NA,123,123,1,10,3,2,0.3,0.4
2026-07-31T1900,3616A,106.7617,31.8343,巴中市,市中心医院,,25,24,25,16,14,78,NA,84,84,8,11,6,6,0.6,0.6
2026-07-31T1900,3617A,105.8047,32.4167,广元市,经开区,,15,8,13,4,12,47,NA,52,52,14,16,7,7,0.6,0.7
2026-07-31T1900,3618A,112.4702,37.7821,太原市,金胜,,33,NA,38,23,20,90,NA,100,100,11,15,7,8,0.3,0.4
2026-07-31T1900,3619A,113.6169,37.8565,阳泉市,龙柱,,29,29,34,11,26,74,NA,80,80,6,10,8,9,0.8,0.9
2026-07-31T1900,3620A,112.8258,35.4804,晋城市,泽州一中,,33,27,23,14,13,104,NA,95,95,7,8,4,4,0.5,0.4
2026-07-31T1900,3622A,113.5556,24.8082,韶关市,碧湖山庄,,29,29,26,19,14,73,NA,67,67,11,8,13,6,0.7,0.6
2026-07-31T1900,3623A,113.8952,22.586,深圳市,西乡,,13,13,19,5,7,17,NA,31,25,17,20,4,4,0.6,0.6
2026-07-31T1900,3624A,116.4069,23.2533,汕头市,潮南子站,,14,14,25,6,15,40,NA,48,43,4,11,6,7,/,/
2026-07-31T1900,3625A,113.2568,22.7629,佛山市,容桂街道办,,10,NA,9,5,12,20,NA,42,42,20,26,/,/,/,/
2026-07-31T1900,3628A,112.0335,22.9376,云浮市,文笔,NA,NA,11,14,5,6,58,NA,49,49,NA,12,4,6,0.4,0.8
2026-07-31T1900,3629A,101.8304,36.5785,西宁市,世纪职校,,37,NA,28,19,20,116,NA,102,102,9,9,4,3,0.4,0.4
2026-07-31T1900,3633A,118.4914,31.681,马鞍山市,雨山,,27,17,21,10,13,84,NA,114,111,6,14,7,8,0.6,0.8
2026-07-31T1900,3635A,112.3678,34.6623,洛阳市,河科大西苑校区,,22,16,23,2,16,70,NA,81,81,6,8,11,11,0.6,0.6
2026-07-31T1900,3636A,112.4387,34.678,洛阳市,英才小学,,21,13,21,6,18,66,NA,88,88,8,12,10,10,0.7,0.7
2026-07-31T1900,3637A,131.0136,45.7688,七台河市,人民广场,,11,7,12,5,6,33,NA,52,44,10,17,6,7,0.5,0.5
2026-07-31T1900,3638A,104.7637,29.3373,自贡市,轻化工大学,,49,NA,14,34,18,90,NA,87,87,9,11,10,9,0.8,0.6
2026-07-31T1900,3642A,120.3454,36.0735,青岛市,市北区南部,臭氧1小时(O3_1h),62,21,20,11,20,169,NA,182,182,9,12,5,6,1.0,1
2026-07-31T1900,3643A,120.3897,36.18,青岛市,李沧区北部,,48,22,23,9,19,151,NA,146,146,10,12,4,5,0.7,0.8
2026-07-31T1900,3644A,117.8662,36.8049,淄博市,三金集团,,35,14,11,8,10,110,NA,104,104,9,8,6,6,0.2,0.2
2026-07-31T1900,3645A,118.0259,36.8409,淄博市,东风化工厂,,32,32,36,4,9,100,NA,102,102,6,10,4,4,0.4,0.5
2026-07-31T1900,3646A,118.4979,37.4623,东营市,胜利站,NA,NA,23,30,8,15,103,NA,119,117,NA,15,4,8,0.6,0.4
2026-07-31T1900,3648A,106.2176,37.9832,吴忠市,文卫南街,,40,40,71,24,33,109,NA,108,108,5,7,6,7,0.4,0.5
2026-07-31T1900,3650A,105.1696,37.5164,中卫市,沙坡头区政府站,,32,30,37,19,14,100,NA,108,107,14,5,6,5,0.4,0.3
2026-07-31T1900,3654A,114.8093,30.4091,鄂州市,精准医疗中心,,22,9,22,4,7,69,NA,80,78,9,10,9,5,0.2,0.4
2026-07-31T1900,3655A,114.3379,29.8683,咸宁市,长江产业园,,18,12,13,7,6,55,NA,58,58,6,8,3,3,0.4,0.5
2026-07-31T1900,3656A,120.1554,30.2863,杭州市,消防大队,,38,26,18,19,13,120,NA,111,111,7,8,8,9,0.6,0.6
2026-07-31T1900,3658A,120.6156,30.0762,绍兴市,袍江中学,,40,38,31,25,17,126,NA,139,138,14,12,6,6,0.4,0.4
2026-07-31T1900,3659A,119.656,29.1132,金华市,气象局,,27,19,20,3,8,86,NA,95,95,7,14,4,5,0.3,0.5
2026-07-31T1900,3662A,123.6341,47.2079,齐齐哈尔市,富区青少年活动中心,,27,27,20,11,7,38,NA,51,51,7,9,4,4,0.2,0.1
2026-07-31T1900,3663A,124.117,50.4279,大兴安岭地区,红旗社区,NA,NA,NA,3,NA,6,NA,NA,54,NA,NA,2,NA,6,NA,0.1
2026-07-31T1900,3664A,119.4171,34.734,连云港市,连云街道,,29,14,18,6,9,92,NA,110,108,3,4,2,2,0.4,0.4
2026-07-31T1900,3665A,76.1654,39.7157,克孜勒苏柯尔克孜自治州,克州文化中心,颗粒物(PM10),101,121,207,42,63,144,NA,138,138,3,5,2,5,0.1,0.2
2026-07-31T1900,3667A,111.0279,35.0543,运城市,水利职院,,30,NA,17,21,8,86,NA,84,84,3,5,4,4,0.8,0.8
2026-07-31T1900,3669A,114.4706,36.0634,安阳市,左辅环卫站,,43,NA,27,30,17,73,NA,85,85,4,6,3,2,0.7,0.7
2026-07-31T1900,3670A,111.0522,35.0439,运城市,禹都公园,,29,NA,17,20,8,87,NA,84,84,2,5,4,4,0.5,0.6
2026-07-31T1900,3671A,116.0879,39.9725,北京市,门头沟三家店,,39,33,35,27,21,95,NA,107,107,7,12,1,2,0.6,0.6
2026-07-31T1900,3672A,116.1507,39.8246,北京市,丰台云岗,颗粒物(PM10),51,51,42,34,22,89,NA,101,101,7,8,3,4,0.6,0.4
2026-07-31T1900,3674A,115.9578,39.7602,北京市,房山燕山,颗粒物(PM10),53,53,37,34,25,92,NA,101,101,7,7,1,1,0.5,0.3
2026-07-31T1900,3675A,116.4669,39.7734,北京市,大兴旧宫,颗粒物(PM10),61,65,37,37,22,103,NA,109,109,10,13,1,1,1.0,0.7
2026-07-31T1900,3677A,98.5887,24.4366,德宏傣族景颇族自治州,芒市人民政府综合楼,,31,31,26,2,5,45,NA,48,48,8,6,8,8,0.4,0.4
2026-07-31T1900,3678A,116.5907,35.4054,济宁市,市第七中学,,34,18,24,4,6,107,NA,104,104,2,7,4,5,0.4,0.4
2026-07-31T1900,3683A,109.8332,40.6577,包头市,昆区政府,颗粒物(PM10),56,58,70,26,32,105,NA,97,97,11,16,2,6,0.4,0.6
2026-07-31T1900,3684A,130.8639,45.8144,七台河市,新建矿广场,,15,7,10,4,6,48,NA,74,63,10,18,8,6,0.5,0.5
2026-07-31T1900,3685A,117.897,28.4316,上饶市,双创科技城,,20,20,23,2,11,46,NA,77,71,6,9,4,6,0.5,0.5
2026-07-31T1900,3689A,113.9002,35.372,新乡市,行政服务中心,,17,17,28,6,16,49,NA,71,70,7,9,4,5,0.5,0.5
2026-07-31T1900,3690A,115.9718,28.7032,南昌市,外国语学校,,23,17,17,7,9,73,NA,76,76,5,7,11,14,0.6,0.7
2026-07-31T1900,3692A,118.2043,39.6703,唐山市,消防缸窑路中队,,38,38,32,26,19,119,NA,137,137,11,8,1,3,0.6,0.6
2026-07-31T1900,3693A,118.1432,39.6203,唐山市,路南电大,,34,26,24,22,19,106,NA,132,132,8,5,2,2,0.5,0.5
2026-07-31T1900,3694A,115.9859,40.4562,北京市,延庆石河营,,30,17,31,6,20,93,NA,100,100,2,6,3,3,0.3,0.4
2026-07-31T1900,3695A,116.6151,40.3052,北京市,怀柔新城,,31,18,34,13,22,97,NA,95,95,2,8,3,3,0.6,0.7
2026-07-31T1900,3696A,116.2542,39.8764,北京市,丰台小屯,,38,38,38,24,21,91,NA,101,101,2,5,2,2,0.6,0.4
2026-07-31T1900,3697A,116.8399,40.3843,北京市,密云镇,,35,28,31,18,21,111,NA,111,111,7,10,1,2,0.6,0.5
2026-07-31T1900,3699A,111.6519,40.8389,呼和浩特市,海东办,,34,22,28,8,8,106,NA,103,103,12,14,8,8,0.2,0.2
2026-07-31T1900,3701A,116.9647,33.6252,宿州市,皖北煤电集团,,26,15,21,3,10,81,NA,85,85,5,15,6,7,0.3,0.4
2026-07-31T1900,3706A,122.2584,43.6333,通辽市,老干部活动中心,,50,50,39,24,26,116,NA,122,122,10,6,10,8,0.8,0.8
2026-07-31T1900,3707A,131.0069,45.2988,鸡西市,欧美日汽修厂,,16,16,18,8,7,22,NA,38,32,15,19,4,4,0.4,0.3
2026-07-31T1900,3708A,122.2923,43.6189,通辽市,东方明珠社区,,40,34,35,22,25,127,NA,183,128,9,9,17,11,0.7,0.7
2026-07-31T1900,3710A,121.5593,29.8976,宁波市,白沙活动中心,,46,44,29,24,13,147,NA,157,155,14,14,9,9,0.4,0.2
2026-07-31T1900,3713A,124.3286,43.1726,四平市,世纪城,,32,25,35,11,22,100,NA,105,105,2,4,4,4,0.5,0.6
2026-07-31T1900,3715A,117.3091,32.9314,蚌埠市,蚌埠田家炳中学,,33,24,25,8,10,104,NA,110,110,6,8,9,11,0.4,0.4
2026-07-31T1900,3719A,97.1707,31.1428,昌都市,昌都会议中心,,26,11,7,4,4,83,NA,78,78,4,5,3,2,0.3,0.3
2026-07-31T1900,3726A,88.8775,29.2425,日喀则市,林业技术推广中心,,22,8,8,0,1,68,NA,69,69,3,3,7,6,0.2,0.2
2026-07-31T1900,3728A,104.6701,28.8053,宜宾市,白酒学院,,35,30,18,24,14,81,NA,78,78,6,9,8,8,0.6,0.6
2026-07-31T1900,3734A,118.5753,37.4405,东营市,理想之城,,36,24,22,8,11,113,NA,136,135,12,19,13,8,0.5,0.6
2026-07-31T1900,3860A,118.3915,35.0297,临沂市,皇山花园小区,,32,12,21,3,11,102,NA,109,108,7,12,9,13,0.7,0.8
2026-07-31T1900,3861A,119.2046,36.7696,潍坊市,寒亭区实验一小,,40,19,24,2,9,125,NA,114,114,8,11,3,3,0.3,0.3
2026-07-31T1900,3866A,122.2469,40.663,营口市,三高中,,47,40,35,12,15,149,NA,125,125,4,4,10,9,0.4,0.6
2026-07-31T1900,3867A,102.074,36.5056,海东市,平安区公安局北苑,,37,24,42,8,23,117,NA,104,104,6,6,8,8,0.5,0.5
2026-07-31T1900,3981A,113.2456,35.18,焦作市,原李万街道办,,31,31,36,8,21,74,NA,90,90,2,5,3,6,0.4,0.5
2026-07-31T1900,3994A,102.2174,31.9016,阿坝藏族羌族自治州,马尔康中学西区,,25,19,10,10,6,77,NA,84,84,3,3,3,3,0.2,0.2
2026-07-31T1900,4002A,109.2312,23.7428,来宾市,中南小学,NA,NA,21,16,4,5,49,NA,51,51,6,8,NA,7,NA,0.7
2026-07-31T1900,4004A,115.4199,38.8665,保定市,双鹰农机,,27,21,28,11,23,84,NA,82,82,5,6,3,2,0.1,0.1
2026-07-31T1900,4006A,122.3622,40.6762,营口市,老边实验小学,,35,31,38,17,25,112,NA,88,88,9,11,5,6,0.5,0.8
2026-07-31T1900,4008A,112.5233,32.9921,南阳市,卧龙区政府,,23,22,22,11,8,72,NA,78,78,6,7,5,5,0.6,0.5
2026-07-31T1900,4010A,112.5608,37.8807,太原市,育英中学,,30,NA,30,21,23,96,NA,108,108,10,13,8,8,0.3,0.4
2026-07-31T1900,4011A,103.8505,30.6946,成都市,光华大道三段,,24,24,19,10,14,65,NA,60,60,7,9,3,3,0.5,0.6
2026-07-31T1900,4017A,116.7926,33.9534,淮北市,市博物馆,,30,25,17,8,10,93,NA,106,106,8,14,3,3,0.2,0.3
2026-07-31T1900,4018A,116.0564,36.4609,聊城市,星美广场,,31,24,19,7,6,99,NA,104,104,1,3,4,3,0.5,0.4
2026-07-31T1900,4022A,102.1648,38.5369,金昌市,金川区人防中心,,45,NA,10,11,8,144,NA,135,135,5,6,5,5,0.2,0.2
2026-07-31T1900,4024A,114.6491,37.9014,石家庄市,栾城区星河路,,44,44,18,19,19,81,NA,102,102,5,8,1,2,0.3,0.3
2026-07-31T1900,4027A,75.9485,39.4688,喀什地区,老干局,颗粒物(PM10),108,140,224,35,51,139,NA,132,132,3,9,5,4,0.4,0.4
2026-07-31T1900,4028A,117.9955,37.3752,滨州市,滨州市西街道办事处,,32,14,18,4,10,101,NA,116,116,3,6,4,5,0.3,0.4
2026-07-31T1900,4033A,122.3124,29.9619,舟山市,普陀东港中学,,24,15,12,9,8,75,NA,109,104,8,7,6,6,0.5,0.7
2026-07-31T1900,4034A,115.515,38.8589,保定市,植保所站,NA,NA,NA,23,NA,18,80,NA,85,85,6,6,1,6,0.1,0.1
2026-07-31T1900,4036A,116.646,23.676,潮州市,金山,,17,17,31,8,18,30,NA,55,52,2,6,2,2,0.4,0.6
2026-07-31T1900,4051A,86.0791,44.3018,石河子市,世纪广场,,32,3,24,2,5,101,NA,99,99,5,14,3,3,0.4,0.5
2026-07-31T1900,4054A,109.0324,32.6913,安康市,市邮政管理局,,26,NA,20,18,12,57,NA,74,74,10,9,3,4,0.6,0.7
2026-07-31T1900,4055A,108.8869,34.2662,西安市,行知小学,,26,21,20,11,10,82,NA,96,96,10,12,5,5,0.6,0.7
2026-07-31T1900,4056A,108.6601,34.3767,咸阳市,五陵塬路2号,,35,29,21,24,14,87,NA,96,96,10,8,4,4,0.7,0.6
2026-07-31T1900,4057A,115.9423,40.4431,北京市,延庆百泉,,30,11,29,5,19,94,NA,106,106,2,3,1,1,0.4,0.5
2026-07-31T1900,4058A,116.6598,39.9164,北京市,通州新华,,46,46,37,32,23,105,NA,113,113,7,11,1,1,0.8,0.6
2026-07-31T1900,4059A,114.4563,38.0365,石家庄市,裕华西路63号,,22,12,26,9,19,70,NA,88,88,3,8,3,3,0.4,0.5
2026-07-31T1900,4060A,114.5586,38.0581,石家庄市,和平路363号,,25,15,16,2,19,78,NA,90,90,6,9,3,3,0.3,0.4
2026-07-31T1900,4061A,114.8347,38.0213,石家庄市,廉州西路160号,,23,18,22,9,14,73,NA,88,88,3,4,1,2,0.4,0.4
2026-07-31T1900,4062A,114.4498,38.0729,石家庄市,北城路41号,,27,22,31,6,17,84,NA,97,97,4,8,1,1,0.4,0.5
2026-07-31T1900,4063A,115.2124,37.9433,辛集市,市政府,,47,47,22,10,12,92,NA,116,116,11,11,5,5,0.4,0.5
2026-07-31T1900,4064A,115.2008,37.9338,辛集市,城管大队,,41,41,23,16,14,88,NA,111,111,4,6,1,1,0.5,0.6
2026-07-31T1900,4065A,118.1267,39.6579,唐山市,光明北路515号,,43,40,28,27,18,136,NA,153,153,12,10,2,2,0.3,0.4
2026-07-31T1900,4066A,119.7458,39.9952,秦皇岛市,南园路157号,,40,38,43,16,24,128,NA,132,132,2,7,6,7,0.3,0.5
2026-07-31T1900,4067A,119.5131,39.8858,秦皇岛市,翠岛大街1号,,43,35,35,30,26,128,NA,122,122,7,9,4,6,0.5,0.5
2026-07-31T1900,4068A,114.5209,36.7697,邯郸市,建安街268号,,31,31,28,14,17,96,NA,114,114,8,12,3,3,0.5,0.6
2026-07-31T1900,4069A,114.5488,36.6177,邯郸市,丛台东路558号,,32,27,28,20,17,100,NA,109,109,11,11,3,3,0.3,0.4
2026-07-31T1900,4070A,114.5558,37.0578,邢台市,襄都区政府南院,NA,NA,NA,43,6,27,67,NA,99,99,11,12,3,3,NA,0.7
2026-07-31T1900,4071A,114.9883,38.5232,定州市,交通局,,38,38,39,1,16,75,NA,98,98,12,12,6,2,0.6,0.6
2026-07-31T1900,4072A,115.0045,38.5136,定州市,第五中学,,26,26,38,5,16,78,NA,96,96,9,10,6,4,0.6,0.4
2026-07-31T1900,4073A,117.9462,40.95,承德市,杏林街1号,,28,24,20,19,19,84,NA,91,90,4,7,6,5,0.6,0.5
2026-07-31T1900,4074A,112.449,37.8509,太原市,西矿街336号,,29,NA,33,20,23,87,NA,96,96,20,17,7,7,0.6,0.5
2026-07-31T1900,4075A,112.4792,37.9393,太原市,迎宾北路9号,,29,20,32,20,23,75,NA,109,109,26,15,7,8,0.8,0.8
2026-07-31T1900,4076A,112.551,37.8575,太原市,迎泽大街248号,,32,22,35,22,24,98,NA,106,106,11,15,9,9,0.7,0.8
2026-07-31T1900,4077A,113.588,37.8712,阳泉市,宁波路,,28,24,31,19,21,85,NA,92,92,9,11,6,6,0.6,0.7
2026-07-31T1900,4078A,112.8246,35.5152,晋城市,前书院路,,48,48,28,22,10,113,NA,98,98,4,9,5,5,0.5,0.4
2026-07-31T1900,4079A,112.8864,35.4773,晋城市,祥云街666号,,30,28,24,16,13,96,NA,87,87,4,7,5,5,0.6,0.5
2026-07-31T1900,4080A,112.7375,37.7215,晋中市,广安街188号,,46,NA,29,32,20,107,NA,110,110,5,8,10,11,0.3,0.4
2026-07-31T1900,4081A,111.0081,35.0748,运城市,学苑北路2555号,,26,18,20,17,8,83,NA,78,78,3,6,5,5,0.5,0.5
2026-07-31T1900,4082A,121.2548,38.8188,大连市,旅顺,,49,37,26,34,19,150,NA,129,129,17,10,6,7,0.5,0.5
2026-07-31T1900,4083A,123.153,41.2874,辽阳市,铁西路150号,,38,38,44,17,16,112,NA,110,104,11,7,9,6,1.1,0.8
2026-07-31T1900,4084A,123.835,42.2853,铁岭市,新华街20号,,31,31,35,7,13,96,NA,120,110,10,9,7,7,0.3,0.4
2026-07-31T1900,4085A,125.0998,42.9134,辽源市,安宁大街333号,,33,21,22,6,14,105,NA,111,111,4,6,4,4,0.3,0.3
2026-07-31T1900,4086A,118.7641,32.0841,南京市,新模范马路66号,,35,14,21,2,7,109,NA,150,148,5,11,4,5,0.3,0.5
2026-07-31T1900,4087A,120.3138,31.4927,无锡市,清舒道1号,,40,30,30,15,15,127,NA,151,148,12,11,8,9,0.4,0.4
2026-07-31T1900,4088A,117.1553,34.2567,徐州市,纺织东路16号,,30,NA,9,5,12,95,NA,100,100,4,14,5,6,0.4,0.5
2026-07-31T1900,4089A,119.9551,31.863,常州市,崇义南街5-H号,NA,NA,24,25,5,11,97,NA,119,116,NA,18,8,7,0.7,0.8
2026-07-31T1900,4090A,120.4282,31.3228,苏州市,学森路9号,颗粒物(PM10),52,52,34,25,18,147,NA,162,160,14,14,7,7,0.6,0.6
2026-07-31T1900,4091A,120.8692,31.9885,南通市,洪江路,,47,31,30,29,25,148,NA,186,182,20,23,4,6,0.7,0.7
2026-07-31T1900,4092A,119.119691,33.550006,淮安市,枚皋中路89号,,30,NA,25,10,12,94,NA,101,100,11,11,10,9,1.1,1.3
2026-07-31T1900,4093A,119.5202,32.3705,扬州市,廖家沟步道,,29,5,30,4,14,90,NA,110,106,10,25,5,6,0.2,0.4
2026-07-31T1900,4094A,118.352,33.7886,宿迁市,春华路,,24,16,21,6,12,74,NA,94,89,8,10,9,9,0.2,0.2
2026-07-31T1900,4095A,121.8962,29.7529,宁波市,中科路88号,,30,14,16,6,8,96,NA,123,122,7,10,7,7,0.5,0.5
2026-07-31T1900,4096A,120.6935,28.0114,温州市,鹿城惠民路,,36,33,21,25,11,85,NA,118,113,8,8,/,/,0.5,0.4
2026-07-31T1900,4097A,118.9646,28.9832,衢州市,衢州三中,,18,16,16,6,8,56,NA,79,75,13,13,4,5,0.4,0.6
2026-07-31T1900,4098A,117.2518,31.8404,合肥市,中国科学技术大学,,27,14,15,7,8,85,NA,94,92,7,7,10,10,0.6,0.6
2026-07-31T1900,4099A,118.5726,31.1371,芜湖市,湾沚区人民法院,,35,12,9,11,11,112,NA,76,76,5,5,4,4,0.5,0.4
2026-07-31T1900,4100A,116.8322,33.9884,淮北市,杜集区第一实验学校,,29,21,29,2,6,90,NA,99,99,6,13,5,5,0.5,0.5
2026-07-31T1900,4101A,118.3196,32.3335,滁州市,银山路666号,,31,13,13,13,13,99,NA,96,96,3,4,4,5,0.3,0.4
2026-07-31T1900,4102A,118.3426,32.2979,滁州市,黄山路555号,,31,25,24,14,14,98,NA,98,98,3,5,8,7,0.2,0.3
2026-07-31T1900,4103A,116.9929,33.6412,宿州市,中兴路,,25,15,24,4,11,80,NA,80,80,4,14,10,10,0.2,0.3
2026-07-31T1900,4104A,119.3106,26.0648,福州市,路通桥巷6号,颗粒物(PM10),52,52,29,32,17,85,NA,86,86,10,10,/,/,/,/
2026-07-31T1900,4105A,118.6355,24.9148,泉州市,霞新路6号,NA,NA,NA,38,19,21,99,NA,158,158,NA,24,/,/,0.5,0.5
2026-07-31T1900,4106A,115.7923,28.6873,南昌市,工业二路,,26,15,17,9,8,81,NA,71,71,3,9,8,7,0.4,0.4
2026-07-31T1900,4107A,113.8686,27.6668,萍乡市,联洪村委会,,14,5,11,3,3,43,NA,50,48,2,5,7,8,0.4,0.4
2026-07-31T1900,4108A,117.7107,36.2385,济南市,山财大街5号,,34,17,17,4,10,108,NA,108,108,6,10,4,5,0.3,0.4
2026-07-31T1900,4109A,116.9744,36.6889,济南市,无影山路12号,,30,17,14,4,6,95,NA,94,94,6,8,4,4,0.3,0.3
2026-07-31T1900,4110A,120.5222,36.4089,青岛市,盟旺路653号,,49,33,27,16,16,154,NA,148,148,10,9,8,8,1.0,0.9
2026-07-31T1900,4111A,116.6075,35.4566,济宁市,任和路,,35,24,22,5,6,109,NA,107,107,3,6,3,4,0.4,0.4
2026-07-31T1900,4112A,116.5648,35.3921,济宁市,文体南路1号,,32,24,15,6,6,100,NA,102,102,4,6,2,3,0.3,0.4
2026-07-31T1900,4113A,116.0091,36.4495,聊城市,利民路,,33,26,15,5,7,104,NA,109,109,2,4,7,8,0.0,0
2026-07-31T1900,4114A,115.4239,35.2593,菏泽市,黄河路600号,,29,18,20,11,8,91,NA,92,92,6,8,4,4,0.3,0.3
2026-07-31T1900,4115A,115.5025,35.2727,菏泽市,菏泽市人社局,,31,18,16,10,7,97,NA,97,97,4,6,4,4,0.4,0.4
2026-07-31T1900,4116A,113.284,33.7139,平顶山市,姚电大道23号,,26,24,22,18,15,82,NA,87,87,13,14,8,8,0.7,0.7
2026-07-31T1900,4117A,114.2918,36.0769,安阳市,钢三路198号,NA,NA,NA,26,21,17,80,NA,74,74,1,4,NA,2,0.4,0.6
2026-07-31T1900,4118A,115.0552,35.7816,濮阳市,中原东路68号,,33,33,28,5,7,92,NA,94,94,5,7,6,5,0.6,0.6
2026-07-31T1900,4119A,115.6701,34.3767,商丘市,北海东路185号,NA,NA,17,20,13,9,90,NA,94,94,3,6,NA,4,NA,0.4
2026-07-31T1900,4120A,115.6172,34.3704,商丘市,中山大街3号,,24,22,21,9,8,75,NA,91,91,7,7,7,6,0.6,0.6
2026-07-31T1900,4121A,114.8466,33.7333,周口市,羲皇大道,,38,38,22,17,10,94,NA,100,100,8,12,3,4,0.6,0.5
2026-07-31T1900,4122A,112.6071,35.1015,济源市,市委党校,NA,NA,36,40,19,23,69,NA,78,78,12,11,NA,3,1.3,0.9
2026-07-31T1900,4123A,112.596,35.0702,济源市,沁园中路1号,,23,16,34,15,21,72,NA,80,80,10,12,1,3,0.6,0.9
2026-07-31T1900,4124A,112.2213,31.0654,荆门市,新台西路6号,,25,23,17,16,10,78,NA,76,76,4,7,9,9,0.7,0.7
2026-07-31T1900,4125A,113.946,30.8999,孝感市,天仙南路1号,,23,NA,16,16,10,69,NA,71,71,5,12,5,6,0.2,0.3
2026-07-31T1900,4127A,111.9812,27.7591,娄底市,涟钢职大,,23,18,11,16,4,56,NA,60,60,2,2,2,2,0.4,0.4
2026-07-31T1900,4128A,112.0303,27.7457,娄底市,娄底体校,,33,33,22,0,8,53,NA,60,59,2,3,6,5,0.4,0.4
2026-07-31T1900,4129A,113.8666,23.1062,东莞市,裕兴路,,9,7,25,2,9,26,NA,63,61,8,18,7,8,0.5,0.6
2026-07-31T1900,4130A,114.0076,22.9739,东莞市,教育路1号,,16,16,35,3,16,12,NA,48,45,21,26,8,9,0.7,0.8
2026-07-31T1900,4131A,113.7981,22.8124,东莞市,长怡路1号,,15,15,33,5,16,19,NA,59,49,16,22,5,6,0.8,0.9
2026-07-31T1900,4132A,108.2927,23.1477,南宁市,起凤路9号,,15,9,15,6,8,47,NA,55,55,8,8,2,2,0.5,0.5
2026-07-31T1900,4133A,106.6273,23.8798,百色市,龙景西路,,25,25,27,5,10,50,NA,62,62,7,9,10,10,0.6,0.5
2026-07-31T1900,4134A,110.1952,20.0451,海口市,长滨二路9号,,11,7,8,3,4,33,NA,48,44,8,5,/,/,/,/
2026-07-31T1900,4135A,109.1714,18.3739,三亚市,城东小学站,,14,12,9,7,6,44,NA,43,43,6,4,/,/,/,/
2026-07-31T1900,4136A,108.6971,30.9377,重庆市,云师幼儿园,,19,9,11,7,8,59,NA,71,70,4,11,4,5,0.5,0.5
2026-07-31T1900,4137A,107.3276,30.3284,重庆市,公安局,,27,27,23,14,9,81,NA,98,98,4,7,9,9,0.5,0.5
2026-07-31T1900,4138A,108.0575,30.3254,重庆市,忠县中学,,22,22,17,7,7,60,NA,76,74,8,16,4,5,0.5,0.6
2026-07-31T1900,4139A,109.4542,31.0182,重庆市,竹枝路2号,,20,NA,16,5,8,63,NA,74,73,6,14,11,11,0.4,0.5
2026-07-31T1900,4140A,107.7422,29.871,重庆市,龙河路,,20,16,12,7,7,64,NA,66,66,4,4,6,6,0.5,0.5
2026-07-31T1900,4141A,108.7636,28.84,重庆市,桃花源中路,,21,21,23,3,8,59,NA,57,57,10,9,7,7,0.6,0.7
2026-07-31T1900,4142A,108.9758,28.4416,重庆市,秀山县高级中学,,18,NA,10,9,9,56,NA,56,56,3,5,7,7,0.4,0.4
2026-07-31T1900,4143A,108.1558,29.2859,重庆市,河堡街,,18,NA,12,11,11,56,NA,60,60,4,7,6,6,0.6,0.7
2026-07-31T1900,4144A,104.3257,30.6406,成都市,八角井街185号,,19,19,19,12,11,56,NA,61,51,7,10,6,5,0.4,0.4
2026-07-31T1900,4145A,104.4144,31.1495,德阳市,市林业局,,19,19,18,6,10,48,NA,57,52,14,10,9,9,0.7,0.6
2026-07-31T1900,4146A,104.7092,31.4972,绵阳市,科技城新区公安局,,17,4,12,1,5,54,NA,68,58,7,6,9,9,0.5,0.5
2026-07-31T1900,4147A,105.0433,29.6105,内江市,玉峰路西段888号,,26,14,16,14,14,82,NA,78,78,7,8,10,9,0.4,0.4
2026-07-31T1900,4148A,103.8836,30.0695,眉山市,眉职院,,25,8,15,0,5,78,NA,72,72,10,9,7,7,0.7,0.8
2026-07-31T1900,4149A,104.6146,28.7422,宜宾市,宜宾市职业技术学校,,36,29,18,25,17,80,NA,81,81,8,9,6,6,0.9,0.9
2026-07-31T1900,4150A,104.6646,30.1116,资阳市,正兴街66号,,23,17,13,16,11,69,NA,64,64,3,4,5,6,0.3,0.3
2026-07-31T1900,4151A,104.8899,26.5685,六盘水市,钟山大道中段564号,,27,27,14,15,7,76,NA,72,72,8,6,3,2,0.3,0.2
2026-07-31T1900,4152A,107.0425,27.7087,遵义市,乌江大道东段1号,,20,NA,10,8,10,64,NA,72,72,6,6,7,8,0.5,0.4
2026-07-31T1900,4153A,101.5536,25.0343,楚雄彝族自治州,团结路562号,NA,NA,7,12,2,7,39,NA,44,43,NA,4,3,3,NA,0.8
2026-07-31T1900,4154A,103.401,23.3561,红河哈尼族彝族自治州,蒙自市朝阳路,,19,14,12,10,9,59,NA,58,58,5,4,5,5,0.3,0.2
2026-07-31T1900,4155A,107.1721,34.3558,宝鸡市,滨河北路,,22,22,15,15,9,61,NA,67,67,4,4,7,7,0.7,0.6
2026-07-31T1900,4156A,108.6372,34.3031,咸阳市,胭脂路9号,,27,20,13,14,11,86,NA,102,95,8,9,2,2,0.5,0.5
2026-07-31T1900,4157A,108.0371,34.3035,咸阳市,杨扶路,,28,NA,8,19,9,64,NA,74,74,4,4,2,2,0.2,0.2
2026-07-31T1900,4158A,108.0895,34.2623,咸阳市,新桥路,,23,13,10,11,9,71,NA,80,80,12,9,4,4,0.3,0.3
2026-07-31T1900,4159A,110.4531,35.4578,渭南市,桢州大街,,29,29,24,14,17,82,NA,78,78,2,7,8,10,0.9,1
2026-07-31T1900,4160A,110.4368,35.4773,渭南市,太史大街,,33,33,42,22,23,82,NA,88,88,5,9,12,10,0.8,1
2026-07-31T1900,4161A,109.485,36.6347,延安市,志丹路,,22,7,13,4,6,68,NA,75,75,6,9,2,2,0.4,0.5
2026-07-31T1900,4162A,101.6769,36.6535,西宁市,海晏路105号,,39,17,27,10,16,123,NA,110,110,6,6,2,4,0.3,0.3
2026-07-31T1900,4163A,102.0984,36.5119,海东市,滨河路,,31,29,36,12,23,99,NA,97,97,21,15,8,8,0.6,0.6
2026-07-31T1900,4164A,87.2057,43.9289,昌吉回族自治州,财政所,,35,16,17,0,5,110,NA,109,109,2,6,8,7,0.1,0.2
2026-07-31T1900,4165A,82.9716,46.7464,塔城地区,文化广场,,30,NA,17,21,8,86,NA,84,84,4,4,4,4,0.4,0.4
2026-07-31T1900,4166A,88.1198,47.7931,阿勒泰地区,阿勒泰路33号,,27,17,16,3,3,86,NA,85,85,6,10,7,7,0.3,0.3
2026-07-31T1900,4167A,86.0126,44.2349,石河子市,城南景苑小区,,32,8,13,5,5,101,NA,97,97,6,8,6,6,0.2,0.2
2026-07-31T1900,4168A,87.055284,43.999117,五家渠市,建设西街760号,NA,NA,15,21,5,6,103,NA,104,104,4,6,NA,8,NA,0.1
2026-07-31T1900,4180A,113.8157285,34.126705,许昌市,新元大道996号,,29,22,20,14,13,92,NA,99,99,6,7,4,4,0.7,0.7
2026-07-31T1900,4181A,112.3571,28.5588,益阳市,龙洲站,,18,13,15,11,8,55,NA,66,66,3,3,8,8,0.4,0.4
2026-07-31T1900,4182A,116.1942,39.9158,北京市,石景山八角,颗粒物(PM10),61,65,44,36,23,94,NA,108,108,13,14,1,2,0.7,0.5
2026-07-31T1900,4183A,121.417401,31.16637,上海市,冠生园路458号,,26,23,26,16,20,81,NA,156,146,23,17,6,6,0.7,0.6
2026-07-31T1900,4184A,115.479691,35.244011,菏泽市,永昌路1号,,30,16,19,10,8,95,NA,97,97,5,6,7,6,0.2,0.1
2026-07-31T1900,4185A,115.078022,30.21118,黄石市,磁湖东路29号,,23,23,30,7,10,58,NA,66,65,7,12,4,5,0.5,0.6
2026-07-31T1900,4186A,117.194237,34.229354,徐州市,解放南路202号,,29,17,26,5,11,92,NA,95,95,8,16,5,6,0.6,0.7
2026-07-31T1900,4187A,112.3425,28.611,益阳市,幸福渠东路223号,,18,10,15,7,9,56,NA,67,66,5,5,7,7,0.4,0.4
2026-07-31T1900,4188A,112.3712,28.5764,益阳市,益鑫泰路85号,,17,10,13,8,8,53,NA,62,62,5,6,9,9,0.8,0.8
2026-07-31T1900,4189A,113.113092,36.199482,长治市,英华南巷50号,,35,35,26,17,14,73,NA,83,83,4,3,11,11,1.0,1
2026-07-31T1900,4190A,113.23666,36.33435,长治市,学府街1号,,34,34,27,5,12,70,NA,121,NA,4,3,9,6,0.8,0.6
2026-07-31T1900,4191A,118.527362,31.722269,马鞍山市,慈湖高新区,,27,18,23,8,11,85,NA,111,109,7,13,4,6,0.5,0.6
2026-07-31T1900,4192A,115.931587,28.686774,南昌市,南京东路235号,NA,NA,NA,13,8,9,76,NA,86,86,NA,9,4,6,0.8,0.8
2026-07-31T1900,4193A,115.471542,35.280012,菏泽市,长城路999号,,30,17,15,9,7,94,NA,97,97,11,8,9,9,0.7,0.7
2026-07-31T1900,4194A,117.078628,40.151726,北京市,平谷新城,,36,27,37,17,23,114,NA,110,110,6,7,1,1,0.5,0.5
2026-07-31T1900,4196A,117.24369,39.102911,天津市,光华路,,50,50,29,28,21,104,NA,110,110,5,4,6,6,0.5,0.5
2026-07-31T1900,4197A,118.130859,39.636026,唐山市,友谊北路34号,,46,46,37,2,8,109,NA,131,131,6,5,1,1,0.4,0.5
2026-07-31T1900,4198A,119.509013,39.825305,秦皇岛市,北戴河轮滑馆,颗粒物(PM10),52,52,60,19,20,130,NA,121,121,9,10,4,5,0.5,0.5
2026-07-31T1900,4199A,113.2798248,40.09972476,大同市,魏都大道141号,,20,16,43,1,15,63,NA,109,104,23,14,6,10,0.7,0.7
2026-07-31T1900,4200A,112.7478,37.6954,晋中市,迎宾街26号,,43,NA,22,30,18,103,NA,101,101,6,9,8,7,0.4,0.1
2026-07-31T1900,4201A,122.944647,41.082639,鞍山市,兴盛南路290号,,38,36,28,19,20,121,NA,102,102,11,10,7,7,0.7,0.9
2026-07-31T1900,4202A,113.9856,32.9802,驻马店市,交通路1233号,,28,28,19,11,10,66,NA,81,79,6,9,5,7,0.3,0.3
2026-07-31T1900,4203A,111.3168,30.7203,宜昌市,西陵二路116号,,20,20,22,10,9,43,NA,93,90,13,13,6,6,0.3,0.3
2026-07-31T1900,4204A,111.3526,30.6374,宜昌市,沈家店路6号,,31,31,25,12,14,56,NA,82,80,9,16,4,6,0.3,0.3
2026-07-31T1900,4205A,121.541914,31.268301,上海市,宁武路151号,颗粒物(PM10),52,52,41,26,23,133,NA,192,186,32,22,7,7,0.7,0.7
2026-07-31T1900,4206A,119.028838,33.631911,淮安市,承德北路606号,,32,19,18,14,10,100,NA,91,91,8,7,7,8,0.4,0.9
2026-07-31T1900,4207A,120.12211,33.393982,盐城市,黄海中路88号,,50,34,27,18,13,160,NA,149,149,6,7,10,10,0.7,0.8
2026-07-31T1900,4209A,117.003137,32.644456,淮南市,国庆中路369号,,26,23,15,8,8,81,NA,83,83,17,15,12,12,0.2,0.2
2026-07-31T1900,4210A,118.335445,29.720283,黄山市,滨江东路7-2号,,20,20,23,4,6,38,NA,50,45,2,4,/,/,/,/
2026-07-31T1900,4211A,118.190438,28.444845,上饶市,裕丰大道,,20,16,14,10,8,62,NA,68,68,3,4,18,10,0.3,0.3
2026-07-31T1900,4212A,118.3039243,36.82708161,淄博市,广场路1号,,31,14,17,9,13,99,NA,101,101,8,10,7,6,0.5,0.6
2026-07-31T1900,4213A,121.364239,37.529648,烟台市,青年南路118号,,40,24,18,9,12,127,NA,128,128,13,11,9,9,0.5,0.4
2026-07-31T1900,4214A,112.460027,34.694929,洛阳市,春都路1号院,,18,18,24,5,17,53,NA,79,79,10,10,2,3,0.4,0.5
2026-07-31T1900,4215A,113.916569,35.331547,新乡市,建设东路46号,,48,48,30,16,18,61,NA,82,81,8,6,7,6,0.7,0.6
2026-07-31T1900,4216A,115.0923632,35.76857718,濮阳市,任丘路479号,,33,33,26,13,7,92,NA,94,94,5,7,4,5,0.5,0.5
2026-07-31T1900,4217A,114.3182,29.8447,咸宁市,双鹤路18号,,19,9,8,2,4,60,NA,62,62,2,2,4,4,0.4,0.4
2026-07-31T1900,4218A,111.446,27.2472,邵阳市,北塔二期4-26地块,,15,14,14,4,7,48,NA,51,51,5,5,6,9,0.6,0.7
2026-07-31T1900,4219A,111.4739,27.2282,邵阳市,邵水西路287号,NA,NA,19,16,9,12,58,NA,60,60,NA,3,3,3,0.3,0.4
2026-07-31T1900,4220A,114.214113,22.713717,深圳市,黄阁路,NA,NA,17,18,1,8,9,NA,29,23,10,17,NA,7,NA,0.9
2026-07-31T1900,4221A,108.2177,22.7774,南宁市,乐贤路16号,,19,19,21,11,10,40,NA,43,43,23,19,4,4,0.5,0.5
2026-07-31T1900,4222A,110.1835,25.2444,桂林市,环湖路276号,NA,NA,NA,5,9,5,42,NA,49,48,3,3,5,4,NA,0.2
2026-07-31T1900,4223A,106.4686218,29.48920871,重庆市,双山路147号,,31,30,20,5,8,99,NA,98,98,13,7,13,13,0.7,0.6
2026-07-31T1900,4224A,104.2433276,30.53529463,成都市,鲸龙路1057号,,23,19,13,16,12,60,NA,68,55,11,13,7,7,0.6,0.6
2026-07-31T1900,4225A,104.714266,29.338571,自贡市,贡兴路74号,,46,NA,18,32,14,96,NA,89,89,5,6,10,9,0.7,0.5
2026-07-31T1900,4226A,104.765114,31.453094,绵阳市,绵阳市气象局,,17,8,11,2,5,52,NA,62,58,10,12,7,6,0.5,0.5
2026-07-31T1900,4227A,106.108336,30.788436,南充市,梨树横街98号,,25,23,29,15,18,79,NA,100,99,10,10,7,8,0.3,0.3
2026-07-31T1900,4229A,102.2342,27.8859,凉山彝族自治州,凯乐南路30号,NA,NA,NA,11,16,7,36,NA,45,45,17,8,NA,16,0.7,0.8
2026-07-31T1900,4230A,106.688212,26.56952,贵阳市,花果园大街66号,,18,9,13,5,5,55,NA,55,55,8,7,3,3,/,/
2026-07-31T1900,4231A,106.687268,26.516892,贵阳市,漓江路57号,,19,7,10,5,4,58,NA,61,61,7,6,4,5,0.3,0.4
2026-07-31T1900,4233A,108.596239,34.118792,西安市,西苑北路977号,,30,30,13,12,5,75,NA,85,85,10,6,3,2,0.5,0.4
2026-07-31T1900,4234A,108.949652,34.870529,铜川市,大唐三路,NA,NA,41,24,36,15,100,NA,92,92,6,8,6,6,NA,0.5
2026-07-31T1900,4235A,109.5051,34.4921,渭南市,渭花路4号,,33,27,26,17,16,103,NA,95,95,3,9,8,9,0.4,0.4
2026-07-31T1900,4236A,103.629272,36.093822,兰州市,庄浪东路808号,,46,46,45,23,19,107,NA,100,100,13,12,10,10,0.3,0.3
2026-07-31T1900,4237A,103.7251,36.104344,兰州市,安宁西路88号,NA,NA,NA,54,NA,22,NA,NA,119,NA,NA,8,NA,10,NA,0.3
2026-07-31T1900,4238A,103.846982,36.067567,兰州市,北滨河东路1号,,35,35,45,21,20,87,NA,94,94,22,15,12,12,0.5,0.5
2026-07-31T1900,4239A,102.193042,38.531887,金昌市,长春路96号,臭氧1小时(O3_1h),52,10,20,9,10,161,NA,149,149,3,6,6,6,0.3,0.2
2026-07-31T1900,4240A,98.495752,39.733935,酒泉市,玉门东路5号,,41,NA,22,17,15,129,NA,130,130,7,13,6,8,0.2,0.3
2026-07-31T1900,4241A,98.5099,39.7506,酒泉市,北大街108号,,44,NA,22,18,15,140,NA,136,136,5,9,10,12,0.2,0.3
2026-07-31T1900,4242A,106.226373,38.491976,银川市,广场西路,,41,41,89,21,26,111,NA,102,102,10,10,4,5,0.5,0.3
2026-07-31T1900,4243A,92.0515,31.4787,那曲市,那曲市委宣传部,,20,6,8,6,7,63,NA,88,72,11,9,8,8,0.3,0.3
2026-07-31T1900,4244A,111.4879,36.053,临汾市,启星学校,,29,28,29,20,17,90,NA,78,78,8,12,4,4,1.6,1.2
2026-07-31T1900,4245A,106.8609,27.5969,遵义市,遵南大道1161号,,23,16,18,5,11,73,NA,82,82,6,6,4,6,0.4,0.4
2026-07-31T1900,4246A,105.833962,30.18863087,重庆市,桃园路24号,,35,24,24,24,24,100,NA,105,105,9,10,2,3,0.8,0.8
2026-07-31T1900,4247A,107.091033,29.153966,重庆市,钟楼街32号,,22,17,16,9,12,68,NA,70,70,5,7,12,12,0.7,0.8
2026-07-31T1900,4248A,107.8042979,30.67350233,重庆市,人民南路309号,,27,27,27,12,9,78,NA,89,89,3,3,7,7,0.4,0.2
2026-07-31T1900,4249A,118.8707617,31.34017673,南京市,汶溪路181号,,26,12,15,1,4,81,NA,86,85,2,4,1,2,0.4,0.4
2026-07-31T1900,4250A,114.089259,33.588274,漯河市,韶山路11号,,27,27,22,11,11,85,NA,102,101,7,10,7,7,0.4,0.4
2026-07-31T1900,4251A,112.1433,32.0581,襄阳市,铁院东路4号,,26,22,21,16,9,83,NA,92,92,6,7,6,7,0.7,0.6
2026-07-31T1900,4252A,113.0138,25.8011,郴州市,好美居路49号,,18,NA,8,12,4,34,NA,35,35,5,4,7,9,/,/
2026-07-31T1900,4253A,116.010205,29.659402,九江市,莲花大道8号,,26,17,18,5,7,81,NA,80,80,3,4,12,12,0.4,0.4
2026-07-31T1900,4254A,120.2925,31.5685,无锡市,健康路105号,,33,19,27,9,12,104,NA,143,134,11,12,6,7,0.8,0.8
2026-07-31T1900,4255A,110.16795,22.640993,玉林市,人民东路196号,,22,16,18,15,15,27,NA,37,37,12,15,4,7,0.4,0.4
2026-07-31T1900,4256A,107.375,22.3736,崇左市,石景林东路7号,,16,11,14,0,8,49,NA,52,52,4,7,3,4,0.4,0.4
2026-07-31T1900,4257A,104.6092,35.5962,定西市,将台街,,36,36,40,16,14,96,NA,95,95,5,5,5,5,0.2,0.2
2026-07-31T1900,4258A,111.2416,23.4155,梧州市,政贤路18号,NA,NA,NA,13,NA,4,53,NA,70,70,2,7,NA,6,0.4,0.4
2026-07-31T1900,4259A,113.835877,34.0155267,许昌市,望田路111号,,30,23,20,13,13,95,NA,98,98,7,10,2,2,0.5,0.5
2026-07-31T1900,4260A,109.5933,23.095,贵港市,中山路155-3号,,17,6,19,2,8,54,NA,64,64,7,8,/,/,0.4,0.4
2026-07-31T1900,4261A,103.7247,27.3415,昭通市,环东路146号,,19,15,17,6,11,59,NA,61,61,6,7,4,6,0.4,0.4
2026-07-31T1900,4263A,105.3688,27.3598,毕节市,工业大道,,27,22,17,4,5,86,NA,82,82,6,7,7,8,/,/
2026-07-31T1900,4264A,113.234,35.219,焦作市,新安路1731号,,23,21,37,6,24,73,NA,86,86,6,10,4,4,0.4,0.6
2026-07-31T1900,4265A,113.108806,29.353066,岳阳市,求索西路365号,,29,10,13,0,3,90,NA,88,88,10,10,3,3,0.2,0.2
2026-07-31T1900,4266A,117.7325,34.5683,枣庄市,文化路178号,,38,19,20,3,10,120,NA,118,118,10,14,9,9,0.4,0.4
2026-07-31T1900,4268A,112.1722,30.3366,荆州市,学苑路85号,,27,27,15,18,8,63,NA,70,70,2,4,3,3,0.4,0.4
2026-07-31T1900,4269A,114.6701,33.6167,周口市,七一路,,29,29,20,17,9,91,NA,96,96,6,8,5,6,0.5,0.5
2026-07-31T1900,4270A,102.6447,37.9293,武威市,钟楼街149号,,46,13,26,7,9,146,NA,130,130,4,9,9,9,0.2,0.3
2026-07-31T1900,4271A,103.2464,35.6123,临夏回族自治州,滨河东路1号,,30,30,56,14,21,83,NA,99,98,8,8,8,7,0.3,0.3
2026-07-31T1900,4273A,81.2737,43.9337,伊犁哈萨克自治州,安徽路800号,,40,19,35,4,14,126,NA,121,121,4,20,5,5,0.4,0.6
2026-07-31T1900,4274A,117.7994,40.9605,承德市,滨河大街98号,,38,28,29,26,15,99,NA,86,86,5,6,12,9,0.5,0.6
2026-07-31T1900,4275A,111.591512,40.827312,呼和浩特市,成吉思汗西街8号,,35,14,30,10,14,110,NA,99,99,11,19,4,4,0.4,0.4
2026-07-31T1900,4276A,111.6597,40.8077,呼和浩特市,公园东路75号,,31,17,25,12,11,98,NA,93,93,9,10,6,6,0.2,0.3
2026-07-31T1900,4277A,111.5427,40.7846,呼和浩特市,金海路35号,,32,29,34,12,15,100,NA,93,93,9,14,4,4,0.5,0.6
2026-07-31T1900,4278A,106.8212,39.6741,乌海市,海拉北路,,37,30,69,14,23,116,NA,115,115,1,3,6,11,0.3,0.4
2026-07-31T1900,4279A,119.7569,49.2222,呼伦贝尔市,伊敏大街东7号,,15,15,17,7,13,30,NA,34,34,10,10,5,6,0.2,0.3
2026-07-31T1900,4280A,122.0921,46.065,兴安盟,洮儿河南路,,33,33,27,4,14,73,NA,104,102,16,8,8,6,0.3,0.5
2026-07-31T1900,4281A,125.334645,43.916281,长春市,北亚泰大街1068号,,50,50,40,23,24,84,NA,95,95,13,10,3,3,0.3,0.3
2026-07-31T1900,4282A,126.6769,45.7379,哈尔滨市,华山路1号,,39,39,35,22,16,90,NA,99,99,10,11,5,6,0.3,0.3
2026-07-31T1900,4283A,126.9717,45.5356,哈尔滨市,解放大街52号,,45,45,40,20,9,84,NA,98,98,10,8,1,4,0.6,0.6
2026-07-31T1900,4284A,128.8325,47.8447,伊春市,永安路4-1号,,23,NA,8,3,7,72,NA,59,59,1,3,2,2,0.1,0.2
2026-07-31T1900,4285A,130.363,46.806,佳木斯市,顺和街,,26,10,17,2,6,82,NA,66,66,9,21,2,3,0.2,0.2
2026-07-31T1900,4286A,130.3952,46.8268,佳木斯市,长安路196号,,29,12,21,5,5,90,NA,72,72,7,21,4,3,0.2,0.2
2026-07-31T1900,4287A,129.5992,44.5964,牡丹江市,东晓云街98号,,45,45,28,24,11,12,NA,24,15,19,14,9,8,0.5,0.4
2026-07-31T1900,4288A,117.2438,34.2844,徐州市,龙潭环路5号,,31,19,23,4,12,99,NA,102,102,8,18,5,6,0.5,0.5
2026-07-31T1900,4289A,117.154766,29.256967,景德镇市,青少年活动中心,,18,18,22,9,10,45,NA,52,52,9,12,26,15,/,/
2026-07-31T1900,4290A,120.196923,35.954556,青岛市,珠江路669号,NA,NA,NA,30,NA,22,142,NA,155,155,21,14,4,5,0.6,0.5
2026-07-31T1900,4291A,120.0424,35.8656,青岛市,黄岛区人民政府广场,,39,31,28,10,18,122,NA,138,138,16,15,5,5,0.3,0.4
2026-07-31T1900,4292A,116.352738,37.420875,德州市,新河东路,NA,NA,17,18,7,11,NA,NA,89,87,10,14,8,8,0.5,0.7
2026-07-31T1900,4293A,113.605125,34.755221,郑州市,计划路2号,NA,NA,NA,30,NA,18,83,NA,98,98,12,8,1,1,0.6,0.4
2026-07-31T1900,4294A,113.6525645,34.77362682,郑州市,同乐路9号,,40,37,31,28,21,90,NA,108,107,13,9,2,2,0.5,0.4
2026-07-31T1900,4295A,113.2722,35.2121,焦作市,人民路3066号,,22,18,31,11,24,69,NA,90,90,4,8,3,5,0.6,0.7
2026-07-31T1900,4296A,114.6421,33.6417,周口市,健康路46号,,28,24,25,14,6,87,NA,92,92,3,5,1,2,0.6,0.6
2026-07-31T1900,4297A,114.649,33.596,周口市,太昊路,,28,28,21,2,4,75,NA,79,79,5,7,2,2,0.7,0.7
2026-07-31T1900,4298A,114.284,29.8595,咸宁市,碧桂路,,18,9,12,5,6,56,NA,58,58,4,4,4,5,0.4,0.4
2026-07-31T1900,4299A,111.6195,26.2253,永州市,徐家井路86号,,22,18,11,15,6,39,NA,45,44,6,7,4,5,0.8,0.7
2026-07-31T1900,4300A,114.4089,23.1147,惠州市,文华一路1号,,8,8,20,5,12,24,NA,47,42,12,11,/,/,/,/
2026-07-31T1900,4301A,110.2803,25.2773,桂林市,信义路13号,,8,NA,12,5,6,20,NA,43,42,11,4,6,8,0.7,0.6
2026-07-31T1900,4302A,108.0901,24.6945,河池市,上任中路54号,NA,NA,NA,15,2,5,38,NA,45,45,NA,7,8,5,1.1,0.7
2026-07-31T1900,4303A,105.5911,30.5368,遂宁市,环岛商务中心9号楼,,23,23,26,9,14,52,NA,76,71,5,6,8,8,0.6,0.6
2026-07-31T1900,4304A,106.1172,30.843,南充市,清泉寺北路188号,,25,25,31,15,20,75,NA,99,99,6,9,8,8,0.2,0.2
2026-07-31T1900,4305A,106.067,30.7616,南充市,同庆路1号,,28,28,28,16,17,78,NA,88,88,10,12,6,6,0.3,0.3
2026-07-31T1900,4306A,103.0544,30.0133,雅安市,滨江西路,,24,12,14,10,11,76,NA,75,75,7,8,7,7,0.6,0.6
2026-07-31T1900,4307A,108.9817,34.2035,西安市,曲江池东路988号,,34,34,19,12,10,84,NA,90,90,9,8,2,2,0.7,0.7
2026-07-31T1900,4308A,107.3898,34.3601,宝鸡市,陈仓区北开路21号,,28,27,18,19,10,55,NA,69,69,17,9,4,5,0.4,0.4
2026-07-31T1900,4309A,104.6159,35.5701,定西市,正龙路62号,,44,44,43,21,14,98,NA,99,99,5,6,6,5,0.2,0.2
2026-07-31T1900,4310A,103.207136,35.599807,临夏回族自治州,新华街21号,,39,NA,52,27,25,72,NA,98,95,9,5,8,8,0.4,0.3
2026-07-31T1900,4311A,122.0383,46.0691,兴安盟,科尔沁北路63号,,35,35,27,19,13,95,NA,110,110,13,8,5,4,0.8,0.7
2026-07-31T1900,4312A,119.019,31.6512,南京市,中山西路1号,,25,7,14,0,8,79,NA,87,87,5,10,4,4,0.4,0.6
2026-07-31T1900,4314A,114.0494,38.059,石家庄市,矿区区委大楼,,24,17,23,0,8,76,NA,86,86,5,10,4,3,0.4,0.4
2026-07-31T1900,4325A,105.3665,28.77434,泸州市,纳溪区委政协,,50,NA,24,35,24,119,NA,104,104,11,12,4,4,0.6,0.6
2026-07-31T1900,4326A,113.0794,22.5999,江门市,五邑大学,,9,7,18,3,12,22,NA,48,48,18,24,4,4,0.3,0.4
