timepoint,stationcode,longitude,latitude,area,positionname,primarypollutant,aqi,pm10,pm10_24h,pm2_5,pm2_5_24h,o3,o3_24h,o3_8h,o3_8h_24h,no2,no2_24h,so2,so2_24h,co,co_24h
2023-12-25T1000,2566A,102.1879,31.914,阿坝藏族羌族自治州,州农科所,,,,,24,12,6,,9,9,28,21,6,7,1.0,0.6
2023-12-25T1000,2568A,102.2502,31.8896,阿坝藏族羌族自治州,马师校,,25,,15,17,14,27,,27,27,19,19,2,2,0.7,0.6
2023-12-25T1000,3994A,102.2165,31.9024,阿坝藏族羌族自治州,马尔康中学西区,,,19,16,18,14,34,,32,32,13,15,,4,0.5,0.5
2023-12-25T1000,2695A,80.292,41.1694,阿克苏地区,电视台,颗粒物(PM10),437,537,568,123,120,6,,12,8,56,42,7,7,3.4,1.5
2023-12-25T1000,2696A,80.2613,41.1551,阿克苏地区,艺术中心,颗粒物(PM10),415,515,575,136,142,9,,22,12,51,38,8,6,3.7,1.6
2023-12-25T1000,2204A,105.6467,38.8363,阿拉善盟,西城区西花园,,27,27,19,17,11,31,,64,51,44,23,9,9,0.9,0.8
2023-12-25T1000,2205A,105.6985,38.8411,阿拉善盟,蒙二幼,颗粒物(PM10),55,59,19,24,6,37,,63,54,48,22,11,7,1.5,0.7
2023-12-25T1000,2206A,105.724,38.8516,阿拉善盟,环保局新楼,,23,12,10,6,5,71,,82,79,12,9,5,5,0.6,0.6
2023-12-25T1000,2708A,88.1264,47.8517,阿勒泰地区,市站,,23,7,19,6,9,22,,59,56,46,25,4,6,0.7,0.5
2023-12-25T1000,2630A,80.1161,32.5,阿里地区,阿里监测站,,16,6,14,4,8,51,,36,36,19,22,16,14,0.6,0.6
2023-12-25T1000,3192A,80.0903,32.5028,阿里地区,阿里藏医院,,22,22,15,7,8,29,,38,35,38,17,20,12,0.8,0.6
2023-12-25T1000,2642A,109.0318,32.6537,安康市,香溪洞,细颗粒物(PM2.5),83,68,71,61,56,15,,29,23,20,24,5,6,0.9,0.8
2023-12-25T1000,2643A,109.0281,32.6939,安康市,安康市监测站,细颗粒物(PM2.5),112,110,98,84,72,8,,7,7,28,40,13,11,1.0,1
2023-12-25T1000,2644A,109.0072,32.6975,安康市,汉滨区检察院,细颗粒物(PM2.5),97,95,82,72,62,10,,12,11,30,34,13,8,0.7,0.6
2023-12-25T1000,2291A,117.0809,30.5177,安庆市,环科院,"颗粒物(PM10),细颗粒物(PM2.5)",77,103,82,56,45,10,,3,3,62,61,22,13,1.2,1
2023-12-25T1000,2292A,117.0331,30.5119,安庆市,马山宾馆,"颗粒物(PM10),细颗粒物(PM2.5)",69,87,77,50,40,11,,6,6,77,61,26,11,1.2,0.7
2023-12-25T1000,2294A,116.9896,30.6145,安庆市,安庆大学,细颗粒物(PM2.5),80,103,79,59,44,11,,8,8,66,66,14,14,1.9,1.1
2023-12-25T1000,3173A,117.0598,30.5351,安庆市,市人大,颗粒物(PM10),83,115,93,55,50,7,,2,2,66,66,18,10,1.0,1.1
2023-12-25T1000,3122A,105.9606,26.2611,安顺市,伍家关,,,,,,,,,,,,,,,,
2023-12-25T1000,3123A,105.9408,26.2431,安顺市,凤凰山,细颗粒物(PM2.5),82,72,65,60,56,41,,10,10,34,38,36,60,0.7,0.8
2023-12-25T1000,3124A,105.9439,26.2564,安顺市,金钟山,细颗粒物(PM2.5),84,72,68,62,58,48,,31,30,29,23,35,44,0.8,0.8
2023-12-25T1000,3125A,105.8983,26.2481,安顺市,娄家坡,细颗粒物(PM2.5),89,76,76,66,61,43,,28,28,26,24,52,47,1.0,0.8
2023-12-25T1000,1818A,114.4839,36.0621,安阳市,棉研所,,,,,,,,,,,,,,,,
2023-12-25T1000,1819A,114.3551,36.1017,安阳市,红庙街,细颗粒物(PM2.5),73,88,135,53,106,30,,12,12,40,64,9,11,1.2,1.4
2023-12-25T1000,1820A,114.361,36.0681,安阳市,银杏小区,细颗粒物(PM2.5),77,80,125,56,115,26,,10,10,40,68,2,5,1.1,1.3
2023-12-25T1000,3141A,114.3922,36.0878,安阳市,信访局,细颗粒物(PM2.5),80,73,138,59,109,25,,12,12,46,63,6,8,1.7,1.3
2023-12-25T1000,3669A,114.4705,36.0637,安阳市,左辅环卫站,细颗粒物(PM2.5),186,181,157,140,126,19,,13,11,56,59,3,3,1.4,1.1
2023-12-25T1000,3703A,114.2917,36.0949,安阳市,安钢职工学校,细颗粒物(PM2.5),84,91,141,62,113,32,,15,15,37,58,10,11,1.4,1.4
2023-12-25T1000,1748A,123.044,41.1196,鞍山市,深沟寺,颗粒物(PM10),56,62,99,37,83,39,,20,20,40,55,16,15,1.4,1.6
2023-12-25T1000,1749A,123.011,41.0931,鞍山市,太阳城,细颗粒物(PM2.5),60,61,104,43,81,39,,20,20,45,56,22,18,1.7,1.6
2023-12-25T1000,1750A,123.0485,41.1442,鞍山市,太平,细颗粒物(PM2.5),69,64,124,50,99,30,,12,12,48,61,21,20,1.6,2
2023-12-25T1000,1751A,122.9642,41.0971,鞍山市,铁西三道街,细颗粒物(PM2.5),89,96,143,66,112,18,,7,7,70,69,35,20,2.6,2.4
2023-12-25T1000,1752A,122.9341,41.0833,鞍山市,铁西工业园区,细颗粒物(PM2.5),102,107,196,76,157,24,,9,9,57,68,24,20,2.6,3.2
2023-12-25T1000,1753A,123.022,41.0821,鞍山市,明达新区,细颗粒物(PM2.5),68,76,107,49,83,45,,20,20,38,59,20,18,1.3,1.5
2023-12-25T1000,1754A,123.1289,41.0228,鞍山市,千山,,,,,,,,,,,,,,,,
2023-12-25T1000,2195A,107.4212,40.761,巴彦淖尔市,附二中,细颗粒物(PM2.5),120,139,95,91,55,12,,6,6,42,44,35,14,1.5,1
2023-12-25T1000,2196A,107.37,40.7372,巴彦淖尔市,市环保大楼,细颗粒物(PM2.5),132,131,77,100,47,7,,5,5,41,39,8,10,1.8,1
2023-12-25T1000,1956A,86.1472,41.7538,巴音郭楞州,孔雀公园,颗粒物(PM10),333,446,466,99,98,5,,10,10,69,58,3,3,1.7,1.2
2023-12-25T1000,1957A,86.1972,41.7166,巴音郭楞州,棉纺厂,颗粒物(PM10),500,611,536,104,102,21,,21,21,54,54,1,2,1.0,1
2023-12-25T1000,1958A,86.2357,41.7173,巴音郭楞州,经济开发区,颗粒物(PM10),464,564,472,108,97,16,,16,16,70,57,3,3,1.0,0.8
2023-12-25T1000,2914A,106.7677,31.8794,巴中市,苏山坪,细颗粒物(PM2.5),77,74,71,56,50,32,,66,60,28,19,4,4,0.6,0.5
2023-12-25T1000,3182A,106.7656,31.8545,巴中市,丽阳花园,细颗粒物(PM2.5),85,78,85,63,67,5,,4,4,28,36,4,4,1.1,0.9
2023-12-25T1000,3183A,106.7418,31.8654,巴中市,圣泉水务公司,细颗粒物(PM2.5),64,57,71,46,56,15,,13,13,27,37,3,3,0.6,0.7
2023-12-25T1000,3616A,106.7616,31.8344,巴中市,市中心医院,,,67,83,61,65,5,,3,3,,33,2,4,,0.8
2023-12-25T1000,2235A,122.7911,45.6077,白城市,洮北区环保局,,41,41,44,26,27,50,,47,47,15,16,9,8,0.6,0.6
2023-12-25T1000,2236A,122.8738,45.5725,白城市,市环保局,,40,40,47,16,22,46,,35,35,15,27,7,6,0.4,0.5
2023-12-25T1000,2231A,126.4219,41.9171,白山市,喜丰,细颗粒物(PM2.5),149,164,94,114,57,24,,17,17,45,46,24,21,1.6,1.3
2023-12-25T1000,2232A,126.4077,41.9419,白山市,环保局,细颗粒物(PM2.5),90,125,112,67,61,30,,11,11,38,54,21,23,1.5,1.5
2023-12-25T1000,2647A,104.1724,36.5446,白银市,第三小学,二氧化硫,142,224,118,104,60,59,,40,40,55,50,626,149,3.7,1.7
2023-12-25T1000,2648A,104.1465,36.5482,白银市,动力公司,细颗粒物(PM2.5),113,143,95,85,60,45,,29,29,45,40,148,36,2.5,1.4
2023-12-25T1000,2512A,106.6103,23.9011,百色市,市监测站,细颗粒物(PM2.5),68,76,73,49,48,22,,18,16,24,25,7,9,0.9,0.8
2023-12-25T1000,2513A,106.6538,23.8859,百色市,市中心血站,细颗粒物(PM2.5),82,78,89,60,66,18,,6,6,28,42,16,13,0.9,1
2023-12-25T1000,3406A,106.6085,23.8798,百色市,祈福高中,细颗粒物(PM2.5),72,58,71,52,53,17,,,,21,28,7,8,0.8,0.8
2023-12-25T1000,2270A,117.396,32.939,蚌埠市,工人疗养院,细颗粒物(PM2.5),75,92,108,55,70,50,,39,39,35,47,10,11,0.9,0.9
2023-12-25T1000,2271A,117.3605,32.9427,蚌埠市,百货大楼,颗粒物(PM10),82,114,111,52,71,45,,32,32,45,48,10,8,1.0,1
2023-12-25T1000,2273A,117.4185,32.8911,蚌埠市,蚌埠学院,细颗粒物(PM2.5),75,97,117,55,72,40,,28,28,32,42,7,6,0.7,0.7
2023-12-25T1000,2274A,117.3533,32.9673,蚌埠市,淮上区政府,细颗粒物(PM2.5),107,136,118,80,79,34,,36,34,51,42,12,8,1.1,0.8
2023-12-25T1000,2275A,117.3145,32.8977,蚌埠市,高新区,,,,121,,85,48,,17,17,41,55,,7,0.8,0.8
2023-12-25T1000,3715A,117.3092,32.9314,蚌埠市,蚌埠田家炳中学,细颗粒物(PM2.5),105,141,125,79,80,36,,31,31,56,54,18,16,1.0,0.8
2023-12-25T1000,1585A,109.8756,40.6532,包头市,市环境监测站,细颗粒物(PM2.5),160,187,160,122,119,8,,6,6,73,72,35,33,2.7,2.1
2023-12-25T1000,1587A,109.9991,40.5842,包头市,包头八中,细颗粒物(PM2.5),199,191,179,149,135,7,,4,4,71,72,64,35,2.2,1.7
2023-12-25T1000,1588A,109.8538,40.6821,包头市,青山宾馆,细颗粒物(PM2.5),217,192,216,167,175,8,,6,6,83,83,29,30,3.2,3
2023-12-25T1000,1589A,109.8642,40.6288,包头市,惠龙物流,,,,164,,122,,,3,3,71,73,36,26,2.2,2
2023-12-25T1000,1590A,110.0377,40.5546,包头市,东河鸿龙湾,细颗粒物(PM2.5),159,162,145,121,109,17,,10,10,60,63,14,17,1.6,1.5
2023-12-25T1000,3283A,109.9154,40.5685,包头市,滨河大厦,细颗粒物(PM2.5),153,146,143,117,112,14,,6,6,58,64,17,16,1.5,1.4
2023-12-25T1000,3419A,109.9447,40.6261,包头市,包头市委党校,细颗粒物(PM2.5),153,152,154,117,120,12,,9,9,80,77,34,32,2.9,2.1
2023-12-25T1000,3683A,109.8331,40.6576,包头市,昆区政府,细颗粒物(PM2.5),208,196,175,158,155,8,,6,6,82,82,44,47,3.2,2.8
2023-12-25T1000,1930A,107.185,34.3063,宝鸡市,庙沟村,细颗粒物(PM2.5),178,135,146,134,119,9,,7,6,34,53,6,8,0.9,0.9
2023-12-25T1000,1931A,107.0708,34.3017,宝鸡市,竹园沟,细颗粒物(PM2.5),210,161,126,160,112,16,,11,11,35,45,4,4,1.4,1
2023-12-25T1000,1932A,107.1906,34.3672,宝鸡市,三陆医院,细颗粒物(PM2.5),163,179,165,124,125,15,,13,13,48,60,15,17,1.6,1.3
2023-12-25T1000,1933A,107.1431,34.3547,宝鸡市,监测站,细颗粒物(PM2.5),142,142,144,108,115,10,,6,6,38,54,4,6,1.3,1.2
2023-12-25T1000,1934A,107.1186,34.3739,宝鸡市,技工学校,细颗粒物(PM2.5),149,140,132,114,104,13,,13,12,36,49,8,8,1.2,1.1
2023-12-25T1000,1935A,107.3906,34.3528,宝鸡市,陈仓区环保局家属楼,细颗粒物(PM2.5),207,212,183,157,152,35,,19,19,49,66,95,17,1.6,1.5
2023-12-25T1000,1936A,107.2058,34.3497,宝鸡市,文理学院,细颗粒物(PM2.5),153,171,155,117,120,9,,6,6,46,57,11,11,1.4,1.2
2023-12-25T1000,1937A,107.2386,34.3622,宝鸡市,三迪小学,细颗粒物(PM2.5),148,158,161,113,119,12,,8,8,42,59,14,12,1.4,1.3
2023-12-25T1000,1051A,115.493,38.8632,保定市,游泳馆,细颗粒物(PM2.5),140,,81,107,79,11,,7,7,71,62,5,3,2.2,1.5
2023-12-25T1000,1052A,115.5213,38.8959,保定市,华电二区,细颗粒物(PM2.5),120,108,94,91,78,6,,4,4,76,67,12,6,1.5,0.9
2023-12-25T1000,1053A,115.4713,38.9108,保定市,接待中心,细颗粒物(PM2.5),104,116,99,78,73,8,,2,2,74,71,2,3,1.6,1
2023-12-25T1000,1054A,115.4612,38.8416,保定市,地表水厂,细颗粒物(PM2.5),124,107,90,94,75,8,,4,4,78,73,3,2,1.6,1
2023-12-25T1000,1056A,115.5086,38.8639,保定市,监测站,细颗粒物(PM2.5),122,109,95,92,71,3,,2,2,96,79,6,7,1.2,0.7
2023-12-25T1000,3581A,115.31981,38.95208,保定市,满城区生态环境分局,细颗粒物(PM2.5),107,80,75,80,60,9,,3,3,78,67,3,3,2.7,1.2
2023-12-25T1000,3582A,115.47694,38.76408,保定市,清苑区第二中学,细颗粒物(PM2.5),133,112,84,101,72,11,,7,7,95,70,2,3,1.5,1
2023-12-25T1000,3583A,115.62909,39.02311,保定市,徐水物探局,细颗粒物(PM2.5),144,144,122,110,93,6,,2,2,71,70,7,4,1.8,1.4
2023-12-25T1000,4004A,115.4202,38.8656,保定市,双鹰农机,细颗粒物(PM2.5),112,90,90,84,67,10,,4,4,70,68,6,4,1.5,1
2023-12-25T1000,2594A,99.1678,25.1081,保山市,市环境监测站,,20,,25,14,16,60,,42,42,10,10,4,5,0.6,0.6
2023-12-25T1000,2595A,99.1711,25.1328,保山市,市环保局,,23,19,31,16,18,62,,45,45,8,8,6,7,0.3,0.4
2023-12-25T1000,1866A,109.2262,21.588,北海市,牛尾岭水库,,,,,,,,,,,,,,,,
2023-12-25T1000,1867A,109.1436,21.4086,北海市,海滩公园,细颗粒物(PM2.5),62,60,50,44,34,70,,80,75,19,14,14,11,0.5,0.5
2023-12-25T1000,1868A,109.0981,21.4661,北海市,新市环保局,细颗粒物(PM2.5),64,48,46,46,38,71,,81,76,19,15,17,13,0.4,0.4
2023-12-25T1000,1869A,109.1778,21.5233,北海市,北海工业园,细颗粒物(PM2.5),62,70,58,44,40,60,,74,67,24,16,14,14,0.7,0.5
2023-12-25T1000,3400A,109.1911,21.4415,北海市,龙潭自来水厂,,,,46,,36,62,,77,71,19,14,,11,,0.4
2023-12-25T1000,1001A,116.3621,39.8784,北京市,万寿西宫,颗粒物(PM10),58,65,75,30,48,13,,3,3,79,80,3,3,1.0,0.7
2023-12-25T1000,1002A,116.2202,40.2915,北京市,定陵,颗粒物(PM10),51,52,44,33,29,14,,31,26,31,17,2,4,0.5,0.8
2023-12-25T1000,1003A,116.4174,39.9289,北京市,东四,颗粒物(PM10),56,62,73,28,42,6,,2,2,73,60,5,4,1.2,1
2023-12-25T1000,1004A,116.4072,39.8863,北京市,天坛,细颗粒物(PM2.5),63,59,65,45,44,10,,4,4,70,60,1,3,1.2,0.7
2023-12-25T1000,1005A,116.462,39.9365,北京市,农展馆,颗粒物(PM10),52,53,60,22,31,13,,4,4,62,60,3,3,0.7,0.5
2023-12-25T1000,1006A,116.3392,39.9295,北京市,官园,颗粒物(PM10),58,66,74,34,46,10,,2,2,70,63,7,5,1.6,1
2023-12-25T1000,1007A,116.2878,39.9611,北京市,海淀万柳,颗粒物(PM10),64,77,81,40,43,10,,8,8,82,69,2,2,1.5,0.9
2023-12-25T1000,1008A,116.6636,40.135,北京市,顺义新城,,40,40,37,18,20,31,,30,26,32,28,1,3,0.4,0.4
2023-12-25T1000,1009A,116.6275,40.3275,北京市,怀柔镇,,31,31,33,15,19,35,,26,26,22,26,2,3,0.5,0.5
2023-12-25T1000,1010A,116.2296,40.217,北京市,昌平镇,颗粒物(PM10),59,68,54,29,27,6,,12,4,66,35,3,3,1.1,0.5
2023-12-25T1000,1011A,116.3966,39.9821,北京市,奥体中心,颗粒物(PM10),55,60,58,22,30,11,,6,6,58,53,3,2,0.9,0.7
2023-12-25T1000,1012A,116.184,39.9136,北京市,古城,细颗粒物(PM2.5),74,94,76,54,45,9,,4,4,77,59,5,3,1.4,0.7
2023-12-25T1000,3281A,115.9718,40.4529,北京市,延庆夏都,细颗粒物(PM2.5),59,65,57,42,36,23,,11,11,29,32,3,3,1.1,0.7
2023-12-25T1000,3417A,117.0709,40.1465,北京市,平谷新城,,42,42,38,25,23,18,,8,8,37,26,1,2,0.9,0.5
2023-12-25T1000,3418A,116.8336,40.4095,北京市,密云新城,,27,27,26,13,13,53,,41,41,9,16,1,2,0.3,0.3
2023-12-25T1000,3671A,116.088,39.9726,北京市,门头沟三家店,,,,,,,,,,,,,,,,
2023-12-25T1000,3672A,116.1541,39.8204,北京市,丰台云岗,颗粒物(PM10),62,74,71,38,43,16,,8,8,68,60,4,3,0.8,0.5
2023-12-25T1000,3673A,116.6804,39.9081,北京市,通州东关,,38,38,57,18,32,23,,5,5,50,59,2,4,0.5,0.6
2023-12-25T1000,3674A,115.9577,39.7603,北京市,房山燕山,,32,28,47,22,32,36,,29,27,18,30,2,2,0.5,0.6
2023-12-25T1000,3675A,116.4672,39.7733,北京市,大兴旧宫,细颗粒物(PM2.5),103,99,86,77,56,5,,3,3,93,70,2,2,1.5,0.8
2023-12-25T1000,3694A,115.986,40.4563,北京市,延庆石河营,细颗粒物(PM2.5),63,70,56,45,36,21,,4,4,28,34,1,4,1.1,0.9
2023-12-25T1000,3695A,116.6151,40.3053,北京市,怀柔新城,,26,26,32,13,18,37,,32,31,20,20,3,3,0.3,0.3
2023-12-25T1000,3696A,116.2545,39.8768,北京市,丰台小屯,细颗粒物(PM2.5),75,94,94,55,52,5,,2,2,102,78,3,2,1.8,0.9
2023-12-25T1000,3697A,116.84,40.3844,北京市,密云镇,,41,41,33,17,16,27,,9,9,27,37,1,2,0.4,0.4
2023-12-25T1000,1761A,123.8275,41.3064,本溪市,大峪,细颗粒物(PM2.5),117,121,74,88,50,,,8,8,57,54,9,11,2.3,1.7
2023-12-25T1000,1762A,123.7567,41.3325,本溪市,溪湖,细颗粒物(PM2.5),189,234,150,142,83,14,,8,8,56,53,13,17,3.4,2.2
2023-12-25T1000,1763A,123.7169,41.3094,本溪市,彩屯,细颗粒物(PM2.5),180,183,108,136,81,12,,10,10,66,58,21,16,3.5,2
2023-12-25T1000,1764A,123.7669,41.2864,本溪市,东明,细颗粒物(PM2.5),130,99,67,99,63,18,,11,11,59,54,11,16,3.0,1.8
2023-12-25T1000,1765A,123.7992,41.2664,本溪市,新立屯,细颗粒物(PM2.5),70,55,49,51,38,24,,22,22,53,49,13,11,1.2,0.9
2023-12-25T1000,1766A,123.8142,41.3472,本溪市,威宁,细颗粒物(PM2.5),149,187,97,114,66,17,,8,8,48,54,7,9,2.8,2
2023-12-25T1000,2587A,105.2864,27.3125,毕节市,八中,细颗粒物(PM2.5),124,110,51,94,44,21,,15,14,33,21,9,8,1.2,0.8
2023-12-25T1000,2588A,105.31,27.2944,毕节市,师专,细颗粒物(PM2.5),87,77,47,64,39,18,,14,13,31,22,13,7,1.0,0.8
2023-12-25T1000,3537A,105.3631,27.3533,毕节市,长征村,细颗粒物(PM2.5),94,79,46,70,41,32,,13,13,24,20,11,8,0.9,0.7
2023-12-25T1000,1629A,118.0018,37.3617,滨州市,第二水厂,,,,136,,98,,,11,8,,59,24,28,1.3,1.4
2023-12-25T1000,1630A,117.9776,37.393,滨州市,北中新校,细颗粒物(PM2.5),112,141,137,84,96,,,10,9,76,76,22,29,1.1,1.1
2023-12-25T1000,3514A,117.9378,37.3956,滨州市,中海酒店,细颗粒物(PM2.5),156,155,133,119,108,32,,23,23,85,78,94,35,1.5,1.3
2023-12-25T1000,3515A,117.9378,37.3553,滨州市,开发区一中,细颗粒物(PM2.5),128,135,138,97,102,25,,16,14,65,64,,27,1.1,1
2023-12-25T1000,3516A,118.0917,37.694,滨州市,金海六路,细颗粒物(PM2.5),183,181,170,138,132,25,,6,6,61,78,24,22,1.3,1.3
2023-12-25T1000,4028A,117.9956,37.3753,滨州市,滨州市西街道办事处,细颗粒物(PM2.5),117,124,138,88,102,27,,12,10,56,56,22,33,1.5,1.6
2023-12-25T1000,2311A,115.8072,33.8399,亳州市,污水处理厂,细颗粒物(PM2.5),120,140,125,91,82,29,,13,13,36,45,8,8,0.7,0.7
2023-12-25T1000,2312A,115.7789,33.8518,亳州市,三国揽胜宫,颗粒物(PM10),115,179,137,83,74,28,,7,6,38,45,10,9,0.9,0.9
2023-12-25T1000,3332A,115.7633,33.8034,亳州市,亳州学院,细颗粒物(PM2.5),112,148,122,84,72,28,,31,27,37,36,8,9,0.6,0.6
2023-12-25T1000,2693A,82.0485,44.8556,博尔塔拉蒙古自治州,市党校,细颗粒物(PM2.5),79,75,89,58,57,31,,41,41,33,29,20,20,0.8,0.6
2023-12-25T1000,2694A,82.0806,44.8969,博尔塔拉蒙古自治州,市环保局,颗粒物(PM10),67,84,87,46,49,22,,41,40,52,39,17,15,1.5,1.3
2023-12-25T1000,1071A,116.8842,38.2991,沧州市,沧县城建局,细颗粒物(PM2.5),234,222,134,184,111,27,,15,15,63,72,13,13,1.6,1.5
2023-12-25T1000,1072A,116.8584,38.3254,沧州市,电视转播站,细颗粒物(PM2.5),223,181,114,173,94,16,,6,6,74,76,16,15,1.7,1.2
2023-12-25T1000,1073A,116.8709,38.3228,沧州市,市环保局,细颗粒物(PM2.5),231,187,113,181,95,18,,9,9,61,63,11,10,1.7,1.4
2023-12-25T1000,3324A,116.8136,38.3004,沧州市,河北水利电力学院,细颗粒物(PM2.5),242,219,137,192,108,20,,6,6,68,75,17,18,1.7,1.4
2023-12-25T1000,2622A,97.1806,31.1273,昌都市,昌都监测站,,34,34,39,18,19,15,,10,10,32,36,6,6,0.7,0.9
2023-12-25T1000,3719A,97.1714,31.1406,昌都市,昌都会议中心,,15,12,21,10,16,34,,31,31,12,20,4,4,0.4,0.6
2023-12-25T1000,2690A,88.1236,43.8886,昌吉州,天山天池,,23,,3,4,3,72,,73,73,4,4,6,6,0.3,0.3
2023-12-25T1000,2692A,87.2717,44.0297,昌吉州,新区政务中心,细颗粒物(PM2.5),95,108,119,71,83,4,,4,4,69,67,5,6,1.7,1.6
2023-12-25T1000,3613A,87.3095,44.0142,昌吉州,亚心广场,细颗粒物(PM2.5),149,153,129,114,94,7,,11,9,80,74,6,6,2.0,1.6
2023-12-25T1000,1119A,125.3325,43.9166,长春市,食品厂,细颗粒物(PM2.5),104,96,91,78,60,29,,14,14,46,50,28,23,1.0,0.9
2023-12-25T1000,1120A,125.2863,43.9027,长春市,客车厂,细颗粒物(PM2.5),94,94,82,70,62,29,,17,17,48,50,20,24,1.1,0.9
2023-12-25T1000,1121A,125.2841,43.8463,长春市,邮电学院,细颗粒物(PM2.5),100,96,92,75,70,39,,19,19,36,50,20,20,0.9,0.8
2023-12-25T1000,1122A,125.3716,43.8772,长春市,劳动公园,细颗粒物(PM2.5),90,94,80,67,57,31,,20,20,41,46,23,21,1.2,0.9
2023-12-25T1000,1123A,125.3297,43.8805,长春市,园林处,细颗粒物(PM2.5),90,83,78,67,60,37,,22,22,42,52,17,18,1.0,1
2023-12-25T1000,1124A,125.4605,43.79,长春市,净月潭,细颗粒物(PM2.5),87,79,76,64,58,48,,42,42,18,27,12,9,0.5,0.5
2023-12-25T1000,1125A,125.7194,43.515,长春市,甩湾子,,,,,,,,,,,,,,,,
2023-12-25T1000,1126A,125.3863,43.8447,长春市,经开区环卫处,细颗粒物(PM2.5),98,92,89,73,61,28,,12,12,41,48,17,17,0.9,0.9
2023-12-25T1000,1127A,125.245,43.7783,长春市,高新区管委会,细颗粒物(PM2.5),104,114,99,78,83,35,,11,11,36,47,14,10,0.9,1
2023-12-25T1000,1128A,125.1761,43.8325,长春市,岱山公园,细颗粒物(PM2.5),92,97,85,68,65,40,,24,24,40,44,16,10,1.1,0.9
2023-12-25T1000,1335A,113.0833,28.2325,长沙市,经开区环保局,颗粒物(PM10),64,78,105,41,66,16,,8,8,49,58,6,7,0.5,0.7
2023-12-25T1000,1336A,112.8872,28.2189,长沙市,高开区环保局,细颗粒物(PM2.5),79,105,117,58,70,16,,6,6,46,57,6,6,1.1,1.3
2023-12-25T1000,1337A,113.0792,28.2053,长沙市,马坡岭,颗粒物(PM10),76,102,114,55,71,12,,6,6,47,56,7,8,0.6,0.9
2023-12-25T1000,1338A,112.9394,28.19,长沙市,湖南师范大学,颗粒物(PM10),79,107,93,55,73,19,,8,6,49,43,6,6,0.8,0.7
2023-12-25T1000,1339A,113.0178,28.1322,长沙市,雨花区环保局,细颗粒物(PM2.5),72,83,97,52,61,17,,5,5,42,60,3,3,0.7,0.9
2023-12-25T1000,1340A,112.9792,28.2597,长沙市,伍家岭,颗粒物(PM10),93,135,136,62,85,5,,1,1,42,46,5,6,1.4,1.4
2023-12-25T1000,1341A,113.0014,28.1944,长沙市,火车新站,细颗粒物(PM2.5),83,93,116,61,77,15,,8,8,51,60,5,5,0.8,1
2023-12-25T1000,1342A,112.9844,28.1178,长沙市,天心区环保局,颗粒物(PM10),70,89,99,38,61,24,,6,6,49,66,8,7,0.7,0.9
2023-12-25T1000,1343A,112.8908,28.1308,长沙市,湖南中医药大学,细颗粒物(PM2.5),93,128,110,69,68,7,,1,1,42,41,6,5,1.1,0.7
2023-12-25T1000,1344A,112.9581,28.3611,长沙市,沙坪,细颗粒物(PM2.5),63,65,60,45,46,23,,30,25,29,26,5,6,0.8,0.7
2023-12-25T1000,1727A,113.1147,36.1547,长治市,清华站,细颗粒物(PM2.5),79,87,60,58,32,12,,6,6,75,52,32,22,1.8,1.2
2023-12-25T1000,1728A,113.1031,36.1989,长治市,监测站,细颗粒物(PM2.5),85,92,63,63,37,11,,3,3,64,58,30,22,1.6,1
2023-12-25T1000,1730A,113.0886,36.2125,长治市,审计局,细颗粒物(PM2.5),98,86,55,73,36,14,,4,4,56,50,34,26,1.2,0.6
2023-12-25T1000,1731A,113.0844,36.1856,长治市,长治八中,颗粒物(PM10),76,102,72,29,32,12,,2,2,54,51,39,29,1.5,1.1
2023-12-25T1000,2845A,113.1569,36.1911,长治市,德盛苑,细颗粒物(PM2.5),70,82,40,51,24,18,,38,28,55,30,30,16,1.4,0.9
2023-12-25T1000,3568A,113.06,36.0464,长治市,向阳小学,颗粒物(PM10),64,78,62,43,32,38,,34,34,48,47,40,26,1.4,0.9
2023-12-25T1000,3569A,112.8792,36.3144,长治市,屯留一中,颗粒物(PM10),67,84,53,36,28,22,,13,13,55,48,22,20,1.8,1.1
2023-12-25T1000,3570A,113.235,36.3489,长治市,潞城四中,,,,78,,47,,,14,10,,45,,18,,1
2023-12-25T1000,1854A,111.6975,28.9703,常德市,市二中,,,,77,,64,,,55,,,28,,9,,0.6
2023-12-25T1000,1857A,111.7158,29.1456,常德市,白鹤山,颗粒物(PM10),95,140,103,69,59,25,,52,45,34,19,15,7,0.6,0.4
2023-12-25T1000,3138A,111.7153,29.0289,常德市,武陵区永安,细颗粒物(PM2.5),75,95,104,55,74,31,,11,11,28,38,8,10,0.6,0.7
2023-12-25T1000,3139A,111.6892,28.9881,常德市,鼎城区玉霞,细颗粒物(PM2.5),107,104,103,80,78,14,,6,6,32,40,8,9,0.9,0.8
2023-12-25T1000,3140A,111.6625,29.0531,常德市,武陵区长庚,细颗粒物(PM2.5),97,105,108,72,76,20,,12,12,30,39,7,7,0.7,0.7
2023-12-25T1000,1196A,119.9633,31.762,常州市,市监测站,细颗粒物(PM2.5),117,126,123,88,77,15,,7,7,74,63,14,11,1.3,1.2
2023-12-25T1000,1200A,119.9468,31.7069,常州市,武进监测站,细颗粒物(PM2.5),110,131,115,83,70,16,,6,6,66,62,12,9,1.3,1
2023-12-25T1000,1201A,119.9255,31.9087,常州市,安家,细颗粒物(PM2.5),127,136,141,96,91,14,,6,6,70,71,14,13,1.2,1.1
2023-12-25T1000,3002A,119.9805,31.8174,常州市,行政中心,细颗粒物(PM2.5),92,103,108,68,73,21,,7,7,61,60,15,12,1.3,1.1
2023-12-25T1000,3003A,120.0522,31.7748,常州市,经开区,细颗粒物(PM2.5),97,114,115,72,74,34,,11,11,63,66,13,10,1.6,1.3
2023-12-25T1000,3010A,119.9025,31.7964,常州市,钟楼,细颗粒物(PM2.5),107,128,130,80,83,17,,6,6,70,77,13,11,0.5,1.2
2023-12-25T1000,3429A,119.8598,31.7066,常州市,武进经发区,,,,104,,70,,,6,6,57,58,11,10,1.4,1.1
2023-12-25T1000,3430A,119.5826,31.7245,常州市,金坛城区,,,,101,,72,,,18,15,33,39,26,11,1.0,0.9
2023-12-25T1000,2220A,120.4318,41.5881,朝阳市,西梁,细颗粒物(PM2.5),82,91,94,60,64,25,,12,12,41,51,35,25,1.9,1.8
2023-12-25T1000,2221A,120.4521,41.5646,朝阳市,河畔小区,细颗粒物(PM2.5),75,83,76,55,51,37,,24,24,31,42,32,23,1.7,1.6
2023-12-25T1000,2222A,120.4176,41.5648,朝阳市,八里堡,细颗粒物(PM2.5),69,73,83,50,50,27,,9,9,35,50,36,24,1.8,1.6
2023-12-25T1000,2223A,120.3806,41.5969,朝阳市,农业园区,细颗粒物(PM2.5),118,130,93,89,70,28,,12,12,41,53,35,21,2.0,1.7
2023-12-25T1000,1705A,116.6367,23.6719,潮州市,西园路,,30,,25,21,19,59,,54,54,10,12,6,5,0.3,0.3
2023-12-25T1000,1706A,116.6447,23.6706,潮州市,档案局,,32,32,24,15,19,60,,53,53,10,14,7,6,0.5,0.5
2023-12-25T1000,3026A,116.6183,23.6608,潮州市,市政府,,35,35,25,15,15,61,,60,57,15,15,7,6,0.5,0.5
2023-12-25T1000,2472A,113.0073,25.9061,郴州市,马头岭,颗粒物(PM10),67,83,65,34,32,10,,10,10,32,38,7,5,1.2,1
2023-12-25T1000,2473A,113.0116,25.8226,郴州市,市职中,细颗粒物(PM2.5),70,66,61,51,46,21,,12,12,35,34,12,6,1.1,0.9
2023-12-25T1000,2474A,113.0161,25.8001,郴州市,兴隆步行街,细颗粒物(PM2.5),69,85,73,50,52,15,,6,6,40,40,9,7,1.0,0.8
2023-12-25T1000,2475A,113.0383,25.8071,郴州市,市审计局,细颗粒物(PM2.5),60,65,60,43,41,15,,4,4,41,34,12,10,1.2,1.2
2023-12-25T1000,2476A,113.0348,25.7759,郴州市,市环保局,细颗粒物(PM2.5),75,72,59,55,48,11,,5,5,44,38,9,9,0.9,0.6
2023-12-25T1000,1431A,103.9728,30.7236,成都市,金泉两河,细颗粒物(PM2.5),85,96,74,63,56,8,,2,2,44,47,3,2,1.0,1.3
2023-12-25T1000,1432A,104.176,30.6872,成都市,十里店,,,,73,,54,8,,5,5,53,47,3,2,1.0,0.7
2023-12-25T1000,1433A,104.079,30.5706,成都市,三瓦窑,细颗粒物(PM2.5),84,99,78,62,49,1,,0,0,38,26,3,2,1.1,0.7
2023-12-25T1000,1434A,104.1114,30.63,成都市,沙河铺,细颗粒物(PM2.5),103,101,80,77,60,0,,0,0,60,50,4,2,1.1,1
2023-12-25T1000,1437A,104.0786,30.6531,成都市,君平街,细颗粒物(PM2.5),108,110,88,81,66,4,,1,1,58,48,6,4,1.3,0.9
2023-12-25T1000,1438A,103.613,31.0283,成都市,灵岩寺,细颗粒物(PM2.5),60,68,57,43,35,42,,61,56,20,18,18,11,1.5,1.3
2023-12-25T1000,2880A,104.0239,30.65639,成都市,大石西路,细颗粒物(PM2.5),103,110,79,77,62,4,,1,1,63,52,5,4,1.4,1.1
2023-12-25T1000,3136A,104.2725,30.5589,成都市,龙泉驿区区政府,细颗粒物(PM2.5),92,105,71,68,54,6,,48,34,57,24,2,1,1.3,0.6
2023-12-25T1000,3357A,104.0106,30.6931,成都市,金博路,细颗粒物(PM2.5),102,104,83,76,65,2,,2,2,51,52,1,3,1.1,0.9
2023-12-25T1000,3359A,104.0578,30.5225,成都市,华阳,细颗粒物(PM2.5),98,100,73,73,59,2,,0,0,61,48,1,1,0.9,0.6
2023-12-25T1000,3487A,104.2394,30.5319,成都市,车城东七路,细颗粒物(PM2.5),100,107,79,75,61,4,,7,4,60,38,2,2,1.5,0.6
2023-12-25T1000,3488A,104.3853,30.7453,成都市,青白江技师分院,细颗粒物(PM2.5),74,79,59,54,52,3,,13,6,44,38,3,3,0.9,0.7
2023-12-25T1000,3489A,104.0789,30.4072,成都市,科学城,细颗粒物(PM2.5),94,90,77,70,54,5,,4,3,45,26,2,1,0.9,0.7
2023-12-25T1000,4011A,103.8506,30.6947,成都市,光华大道三段,细颗粒物(PM2.5),79,71,76,58,55,4,,3,3,50,45,3,2,0.7,0.9
2023-12-25T1000,1062A,117.9531,40.9081,承德市,铁路,"颗粒物(PM10),细颗粒物(PM2.5)",74,98,65,54,37,12,,8,8,60,49,10,11,1.5,0.9
2023-12-25T1000,1063A,117.9392,40.9763,承德市,中国银行,颗粒物(PM10),57,64,66,18,31,26,,11,11,32,43,7,6,0.8,0.7
2023-12-25T1000,1064A,117.9503,40.928,承德市,开发区,颗粒物(PM10),64,78,67,44,36,14,,6,6,48,50,8,7,1.3,0.9
2023-12-25T1000,1065A,117.8051,40.9655,承德市,文化中心,颗粒物(PM10),81,112,87,34,33,16,,12,12,53,52,6,6,1.4,0.8
2023-12-25T1000,1066A,117.9268,41.0026,承德市,离宫,,,33,40,32,28,,,8,7,27,34,3,3,0.7,0.5
2023-12-25T1000,2314A,117.47,30.6618,池州市,池州学院,颗粒物(PM10),65,79,70,42,38,40,,26,24,26,29,13,6,1.0,0.9
2023-12-25T1000,3237A,117.4918,30.6617,池州市,展览馆,"颗粒物(PM10),细颗粒物(PM2.5)",63,75,70,45,37,38,,15,15,23,36,10,5,0.8,0.9
2023-12-25T1000,3333A,117.5627,30.695,池州市,第八中学,"颗粒物(PM10),细颗粒物(PM2.5)",67,84,73,48,41,34,,37,36,34,24,13,7,0.6,0.5
2023-12-25T1000,3334A,117.5038,30.6243,池州市,第十二中学,颗粒物(PM10),69,88,72,47,40,30,,15,15,37,38,9,5,1.0,0.9
2023-12-25T1000,1744A,118.9233,42.2816,赤峰市,松山一中,"颗粒物(PM10),细颗粒物(PM2.5)",53,55,25,37,12,13,,41,30,57,32,14,13,1.6,0.9
2023-12-25T1000,1745A,118.9576,42.2728,赤峰市,哈达街,细颗粒物(PM2.5),65,,22,47,13,17,,50,39,57,26,16,9,1.5,0.8
2023-12-25T1000,1746A,118.8788,42.2554,赤峰市,天义路,,,26,15,15,5,,,64,57,46,18,12,8,1.1,0.5
2023-12-25T1000,3058A,119.2658,42.0353,赤峰市,银河街,细颗粒物(PM2.5),242,225,144,192,125,26,,16,16,46,53,46,37,2.8,2.5
2023-12-25T1000,3286A,118.9359,42.3147,赤峰市,桥北物流园区,细颗粒物(PM2.5),59,47,18,42,13,26,,25,18,46,36,17,11,1.1,0.8
2023-12-25T1000,2521A,107.3476,22.4136,崇左市,市环保局江州分局,细颗粒物(PM2.5),64,65,60,46,35,26,,14,14,24,27,8,8,0.7,0.5
2023-12-25T1000,2522A,107.3702,22.3707,崇左市,城南新区,细颗粒物(PM2.5),75,67,51,55,36,11,,16,13,44,26,7,7,0.7,0.5
2023-12-25T1000,2298A,118.3093,32.3153,滁州市,老年大学,细颗粒物(PM2.5),89,112,91,66,63,13,,7,7,44,42,8,9,0.9,0.9
2023-12-25T1000,2299A,118.3244,32.2786,滁州市,人大宾馆,细颗粒物(PM2.5),98,128,93,73,72,14,,26,21,64,46,7,6,0.9,0.7
2023-12-25T1000,3207A,118.3118,32.3038,滁州市,市政府原办公楼,细颗粒物(PM2.5),83,96,84,61,59,11,,7,7,50,44,7,6,1.1,0.9
2023-12-25T1000,3331A,118.3267,32.2634,滁州市,图书馆,细颗粒物(PM2.5),84,100,89,62,53,18,,37,31,61,40,7,7,1.1,0.8
2023-12-25T1000,2605A,101.5482,25.0441,楚雄州,州环境监测站,,39,29,24,27,25,48,,44,44,8,7,4,4,0.7,0.7
2023-12-25T1000,2606A,101.538,25.0492,楚雄州,市经济开发区,,40,,29,28,26,45,,41,41,9,9,5,5,0.6,0.7
2023-12-25T1000,2548A,107.5277,31.2827,达州市,达州职业技术学院,细颗粒物(PM2.5),108,106,103,81,80,11,,8,8,25,33,8,7,0.9,1
2023-12-25T1000,2549A,107.5086,31.2186,达州市,市环境监测站,细颗粒物(PM2.5),110,117,104,83,78,4,,2,2,34,43,7,6,1.0,1
2023-12-25T1000,2550A,107.4988,31.2132,达州市,凤凰小区,细颗粒物(PM2.5),110,110,102,83,77,10,,7,7,35,45,11,8,1.0,1
2023-12-25T1000,2551A,107.5082,31.1986,达州市,达县机关宾馆,细颗粒物(PM2.5),102,90,109,76,77,12,,6,6,36,50,7,6,0.9,1
2023-12-25T1000,2552A,107.4644,31.2124,达州市,市政中心,细颗粒物(PM2.5),107,114,102,80,72,6,,4,4,41,48,8,7,1.2,1
2023-12-25T1000,2614A,100.1542,25.7054,大理州,大理市环境监测站,,14,14,23,9,15,42,,44,43,10,9,5,7,0.7,0.7
2023-12-25T1000,2615A,100.2171,25.5811,大理州,大理古城,,23,21,30,16,21,25,,30,27,17,17,8,8,0.9,0.9
2023-12-25T1000,1109A,121.612,38.9741,大连市,甘井子,细颗粒物(PM2.5),62,50,34,44,26,24,,43,40,71,27,12,9,1.1,0.7
2023-12-25T1000,1110A,121.565,38.9511,大连市,周水子,细颗粒物(PM2.5),63,61,42,45,25,12,,,,71,33,21,12,1.2,1.1
2023-12-25T1000,1111A,121.5637,38.8845,大连市,星海三站,细颗粒物(PM2.5),55,50,33,39,22,15,,31,22,48,24,32,24,1.2,0.8
2023-12-25T1000,1112A,121.6302,38.9117,大连市,青泥洼桥,颗粒物(PM10),57,63,49,38,25,19,,28,25,70,38,18,16,1.0,0.6
2023-12-25T1000,1113A,121.6251,38.8638,大连市,傅家庄,,46,46,36,32,21,41,,29,28,44,31,33,22,1.0,0.9
2023-12-25T1000,1114A,121.5213,38.8661,大连市,七贤岭,,50,45,28,35,18,37,,44,36,38,20,30,11,1.4,1
2023-12-25T1000,1115A,121.2529,38.8061,大连市,旅顺,细颗粒物(PM2.5),53,45,28,37,18,34,,63,54,43,16,17,11,1.3,0.9
2023-12-25T1000,1116A,121.7485,39.1311,大连市,金州,细颗粒物(PM2.5),118,115,41,89,32,30,,46,41,45,22,7,7,1.5,1
2023-12-25T1000,1117A,121.7811,39.0496,大连市,开发区,,49,46,48,34,30,30,,30,26,63,39,18,12,1.0,0.8
2023-12-25T1000,1118A,121.9762,39.0631,大连市,双D港,,30,30,43,17,28,74,,51,51,13,20,12,10,0.7,0.9
2023-12-25T1000,1789A,124.81117,46.03138,大庆市,大同区,细颗粒物(PM2.5),110,96,66,83,56,32,,31,30,23,22,10,11,0.9,0.7
2023-12-25T1000,1790A,125.129,46.533,大庆市,龙凤区,细颗粒物(PM2.5),62,61,62,44,42,32,,27,27,24,36,5,8,0.7,0.7
2023-12-25T1000,1791A,124.902,46.408,大庆市,红岗区,颗粒物(PM10),52,54,49,34,31,30,,23,23,27,27,8,7,0.6,0.6
2023-12-25T1000,1792A,125.153,46.586,大庆市,萨尔图区,细颗粒物(PM2.5),79,89,70,58,53,26,,29,29,34,42,8,9,0.6,0.6
2023-12-25T1000,1793A,124.9042,46.6215,大庆市,让胡路区,颗粒物(PM10),54,58,54,33,29,12,,9,9,46,38,8,5,0.8,0.6
2023-12-25T1000,3481A,125.141,46.634,大庆市,萨区政府监测点,细颗粒物(PM2.5),65,56,50,47,43,22,,24,24,31,36,10,9,0.9,0.8
2023-12-25T1000,1721A,113.3819,40.1097,大同市,果树场,,,,,,,,,,,,,,,,
2023-12-25T1000,1723A,113.2994,40.0758,大同市,云冈宾馆,,,115,77,74,47,15,,6,6,58,56,,17,2.4,1.4
2023-12-25T1000,1724A,113.3444,40.0917,大同市,大同大学,细颗粒物(PM2.5),82,106,78,60,44,20,,16,16,52,51,51,25,1.4,1.2
2023-12-25T1000,1725A,113.2661,40.1269,大同市,安家小村,细颗粒物(PM2.5),109,158,88,82,46,14,,9,9,62,54,32,22,3.8,1.6
2023-12-25T1000,1726A,113.2711,40.0844,大同市,教育学院,细颗粒物(PM2.5),117,161,94,88,48,,,6,6,62,59,28,17,4.2,2.3
2023-12-25T1000,3282A,113.3397,40.0597,大同市,大同市卫生学校,细颗粒物(PM2.5),74,77,68,54,47,22,,15,15,52,59,62,23,1.3,0.9
2023-12-25T1000,3565A,113.1367,40.1122,大同市,云冈站,颗粒物(PM10),89,127,66,65,34,14,,7,7,56,45,92,34,1.2,0.7
2023-12-25T1000,3566A,113.1186,40.2556,大同市,图书馆,细颗粒物(PM2.5),192,154,83,144,64,25,,10,10,41,42,31,21,1.6,0.9
2023-12-25T1000,3567A,113.5931,40.0461,大同市,区一中,细颗粒物(PM2.5),165,199,83,125,40,19,,12,12,61,57,64,36,2.5,1.1
2023-12-25T1000,3676A,113.2802,40.0995,大同市,第二人民医院,细颗粒物(PM2.5),135,163,100,103,51,19,,10,10,60,55,41,21,5.1,1.9
2023-12-25T1000,2269A,124.1069,50.4097,大兴安岭地区,科技局,,35,35,17,24,15,41,,51,49,15,6,8,4,0.6,0.4
2023-12-25T1000,3663A,124.1164,50.4278,大兴安岭地区,红旗社区,,17,12,26,7,16,52,,56,55,13,19,4,9,0.3,0.4
2023-12-25T1000,1600A,124.3303,40.0625,丹东市,江湾东路,细颗粒物(PM2.5),112,90,85,84,78,36,,27,27,45,49,41,26,2.2,2.1
2023-12-25T1000,1601A,124.4256,40.1503,丹东市,临江后街,细颗粒物(PM2.5),122,108,82,92,67,33,,31,28,,43,29,19,1.9,1.9
2023-12-25T1000,1602A,124.3933,40.1461,丹东市,元宝山,细颗粒物(PM2.5),198,158,84,148,74,18,,11,11,65,50,37,19,2.4,1.8
2023-12-25T1000,1603A,124.3633,40.1092,丹东市,民主桥,细颗粒物(PM2.5),87,81,80,64,61,34,,23,22,45,49,22,17,1.3,1.4
2023-12-25T1000,3541A,109.5726,19.5167,儋州市,第一中学子站,颗粒物(PM10),51,52,51,30,29,61,,76,69,17,14,8,7,0.7,0.7
2023-12-25T1000,3542A,109.5567,19.5187,儋州市,东坡学校子站,,48,48,50,30,30,61,,74,71,16,13,8,7,0.7,0.7
2023-12-25T1000,2616A,98.5842,24.428,德宏州,德宏州监测站,,49,49,35,34,22,7,,14,9,23,18,14,14,0.6,0.5
2023-12-25T1000,3677A,98.5881,24.4368,德宏州,芒市人民政府综合楼,,43,34,33,30,22,5,,14,10,23,16,9,10,0.9,0.6
2023-12-25T1000,1901A,104.4239,31.1208,德阳市,东山公园,细颗粒物(PM2.5),73,83,70,53,52,20,,40,32,41,30,1,2,0.8,0.6
2023-12-25T1000,1902A,104.3826,31.1317,德阳市,西小区,细颗粒物(PM2.5),99,96,90,74,72,4,,2,2,49,50,2,2,1.2,1
2023-12-25T1000,1904A,104.3553,31.1091,德阳市,耐火材料厂,细颗粒物(PM2.5),94,123,92,70,69,6,,4,4,47,41,2,2,1.1,0.8
2023-12-25T1000,3639A,104.4019,31.1244,德阳市,市教育局,细颗粒物(PM2.5),80,79,73,59,58,8,,2,2,53,52,1,2,1.0,0.9
2023-12-25T1000,1622A,116.3032,37.4674,德州市,儿童乐园,细颗粒物(PM2.5),156,173,158,119,118,25,,15,14,63,71,16,18,1.4,1.4
2023-12-25T1000,1624A,116.2991,37.4451,德州市,监理站,细颗粒物(PM2.5),192,175,162,144,129,30,,15,15,71,81,14,16,1.4,1.4
2023-12-25T1000,3066A,116.2721,37.4379,德州市,九衢泉纯净水厂,细颗粒物(PM2.5),205,199,168,155,130,21,,10,9,79,86,13,16,1.6,1.5
2023-12-25T1000,3371A,116.3728,37.4403,德州市,开发区人民医院,细颗粒物(PM2.5),134,156,168,102,119,27,,9,9,57,71,11,12,1.3,1.4
2023-12-25T1000,3372A,116.3572,37.4094,德州市,太阳城中学,细颗粒物(PM2.5),200,189,166,150,136,14,,5,5,71,78,13,14,1.6,1.5
2023-12-25T1000,3511A,116.5652,37.3319,德州市,陵城艺术中心,细颗粒物(PM2.5),156,168,170,119,124,38,,13,13,36,58,23,12,1.5,1.3
2023-12-25T1000,2621A,99.7056,27.8317,迪庆州,迪庆州站,,45,41,25,31,16,46,,49,43,25,15,10,8,1.1,0.7
2023-12-25T1000,3180A,99.7136,27.8094,迪庆州,质量技术监督局,,,,51,,38,,,43,,,21,,8,,0.9
2023-12-25T1000,2663A,104.6241,35.5734,定西市,东关小学,细颗粒物(PM2.5),123,150,86,93,46,12,,8,8,35,26,40,17,1.8,0.9
2023-12-25T1000,2664A,104.6194,35.5934,定西市,供电公司,细颗粒物(PM2.5),105,147,90,79,54,13,,9,9,40,33,36,22,1.6,1.2
2023-12-25T1000,1389A,113.7547,23.0494,东莞市,莞城梨川,,36,36,32,20,20,59,,63,57,33,24,10,10,0.7,0.6
2023-12-25T1000,1390A,113.7944,23.0128,东莞市,东城石井,,45,45,33,24,21,57,,57,57,26,22,12,10,0.5,0.5
2023-12-25T1000,1391A,113.7383,22.9658,东莞市,南城西平,,44,44,38,20,19,63,,36,36,26,41,10,9,0.6,0.6
2023-12-25T1000,3319A,113.7338,23.0381,东莞市,万江金泰,,41,41,34,21,19,55,,56,51,26,20,12,11,0.6,0.6
2023-12-25T1000,3626A,113.7533,23.0202,东莞市,南城元岭,,49,49,36,30,24,49,,53,48,34,22,8,6,0.8,0.6
2023-12-25T1000,3627A,113.7875,23.0457,东莞市,东城主山,,45,45,36,26,21,45,,42,39,43,29,12,10,0.7,0.6
2023-12-25T1000,1666A,118.6614,37.4309,东营市,市环保局,细颗粒物(PM2.5),156,163,122,119,89,27,,14,14,67,68,52,23,1.4,1.1
2023-12-25T1000,3036A,118.6904,37.4338,东营市,开发区管委会,细颗粒物(PM2.5),149,156,121,114,92,32,,16,16,70,72,,18,1.2,1
2023-12-25T1000,3365A,118.5719,37.565,东营市,垦利区民丰路,细颗粒物(PM2.5),199,205,145,149,102,18,,8,8,78,81,40,59,1.9,1.3
2023-12-25T1000,3498A,118.5055,37.8612,东营市,河口城区,细颗粒物(PM2.5),192,185,160,144,119,31,,12,12,57,70,14,8,1.4,1.3
2023-12-25T1000,3646A,118.4978,37.4623,东营市,胜利站,细颗粒物(PM2.5),175,182,139,132,101,42,,19,19,116,78,29,20,1.4,1.1
2023-12-25T1000,3734A,118.35,37.26,东营市,理想之城,细颗粒物(PM2.5),149,175,131,114,85,27,,12,12,79,74,41,17,1.3,1.1
2023-12-25T1000,1591A,110.0023,39.8129,鄂尔多斯市,综合楼,细颗粒物(PM2.5),62,68,51,44,32,43,,28,28,39,50,24,16,0.7,0.6
2023-12-25T1000,1592A,109.9486,39.8261,鄂尔多斯市,巴音孟克林场办事处,颗粒物(PM10),58,66,42,36,29,35,,38,37,43,34,26,14,0.7,0.7
2023-12-25T1000,1593A,109.7736,39.5986,鄂尔多斯市,康泽苑,细颗粒物(PM2.5),83,80,48,61,39,20,,34,28,49,40,10,8,1.1,0.8
2023-12-25T1000,1594A,109.8119,39.5989,鄂尔多斯市,华泰汽车城,细颗粒物(PM2.5),62,66,52,44,36,14,,6,6,48,55,9,11,1.1,0.9
2023-12-25T1000,1595A,109.9734,39.7884,鄂尔多斯市,奥林花园,"颗粒物(PM10),细颗粒物(PM2.5)",67,83,66,48,36,32,,12,12,43,59,15,12,1.2,1.1
2023-12-25T1000,2436A,114.8938,30.3994,鄂州市,市政府,细颗粒物(PM2.5),95,115,100,71,61,16,,4,4,49,54,24,14,0.9,1.2
2023-12-25T1000,2437A,114.8989,30.3714,鄂州市,赵家坝,细颗粒物(PM2.5),95,110,97,71,55,20,,7,7,52,58,20,14,0.8,0.9
2023-12-25T1000,3654A,114.8094,30.4089,鄂州市,精准医疗中心,"颗粒物(PM10),细颗粒物(PM2.5)",112,174,129,84,62,19,,6,6,58,50,65,14,1.9,0.8
2023-12-25T1000,2499A,108.3411,21.6158,防城港市,沙万,,39,34,46,27,31,72,,76,74,18,17,10,7,0.3,0.3
2023-12-25T1000,2500A,108.3514,21.7731,防城港市,防城档案局,细颗粒物(PM2.5),60,59,80,43,35,68,,63,63,24,29,10,8,0.5,0.5
2023-12-25T1000,2501A,108.3506,21.6414,防城港市,大海花园,,40,40,42,23,29,72,,78,76,18,16,10,7,0.5,0.5
2023-12-25T1000,1371A,113.1294,23.0067,佛山市,湾梁,颗粒物(PM10),52,53,39,18,20,44,,41,39,32,24,10,10,0.6,0.6
2023-12-25T1000,1372A,113.1083,23.0478,佛山市,华材职中,颗粒物(PM10),56,61,46,25,27,39,,27,27,51,43,6,7,0.6,0.6
2023-12-25T1000,1373A,113.144,23.0453,佛山市,南海气象局,,46,46,36,23,26,41,,32,32,41,34,5,6,0.5,0.4
2023-12-25T1000,1374A,113.2881,22.8094,佛山市,顺德苏岗,,42,42,32,17,18,50,,44,42,30,31,10,9,0.6,0.6
2023-12-25T1000,1376A,112.8383,22.8678,佛山市,高明孔堂,,47,47,42,20,25,56,,50,49,26,25,16,13,0.5,0.5
2023-12-25T1000,1377A,112.8836,23.1588,佛山市,三水监测站,颗粒物(PM10),52,53,50,28,35,52,,38,38,46,35,12,8,0.5,0.4
2023-12-25T1000,1378A,112.867,23.185,佛山市,三水云东海,颗粒物(PM10),51,51,35,25,24,56,,38,38,26,26,10,6,0.6,0.6
2023-12-25T1000,3625A,113.2544,22.7642,佛山市,容桂街道办,,,44,44,17,20,52,,50,49,30,32,8,6,,0.5
2023-12-25T1000,1280A,119.3903,26.0543,福州市,鼓山,,,,,,,,,,,,,,,,
2023-12-25T1000,1282A,119.2681,26.0504,福州市,师大,,49,42,41,34,24,49,,33,32,22,28,9,6,0.5,0.4
2023-12-25T1000,1283A,119.2984,26.1028,福州市,五四北路,,48,42,38,33,27,51,,44,40,25,26,8,4,0.8,0.7
2023-12-25T1000,1284A,119.2648,26.0768,福州市,杨桥西路,,46,46,41,28,24,43,,38,33,23,22,6,5,0.6,0.5
2023-12-25T1000,1285A,119.317,26.0746,福州市,紫阳,颗粒物(PM10),52,54,45,34,26,56,,47,44,23,28,11,7,0.7,0.6
2023-12-25T1000,3048A,119.5799,26.0936,福州市,九龙,颗粒物(PM10),54,57,35,34,22,53,,46,46,25,18,12,5,0.8,0.5
2023-12-25T1000,3526A,119.5189,25.9664,福州市,吴航,颗粒物(PM10),54,57,39,30,24,64,,56,55,19,17,10,6,0.6,0.5
2023-12-25T1000,1755A,123.7977,41.8491,抚顺市,望花区,细颗粒物(PM2.5),170,164,142,129,116,17,,11,11,57,58,10,19,2.2,2.3
2023-12-25T1000,1756A,123.9161,41.8822,抚顺市,顺城区,细颗粒物(PM2.5),178,146,161,134,133,18,,7,7,52,65,10,13,2.0,2.3
2023-12-25T1000,1757A,124.0436,41.8611,抚顺市,东洲区,细颗粒物(PM2.5),119,111,126,90,102,41,,20,20,26,53,15,18,1.4,2
2023-12-25T1000,1758A,123.9247,41.8642,抚顺市,新抚区,细颗粒物(PM2.5),173,135,144,131,126,24,,12,12,48,66,14,16,1.9,2.3
2023-12-25T1000,1759A,124.0972,41.8961,抚顺市,大伙房水库,细颗粒物(PM2.5),122,112,112,92,89,35,,11,11,25,49,10,11,1.5,1.9
2023-12-25T1000,1760A,123.7086,41.8391,抚顺市,沈抚新城,细颗粒物(PM2.5),273,283,156,223,108,22,,17,17,75,64,4,11,2.8,1.9
2023-12-25T1000,2376A,116.2127,28.0814,抚州市,桐源党溪,细颗粒物(PM2.5),63,61,51,45,26,14,,8,8,28,23,7,3,0.9,0.8
2023-12-25T1000,2377A,116.3544,27.9831,抚州市,市站,颗粒物(PM10),58,66,65,33,32,23,,16,16,36,37,10,7,1.2,0.8
2023-12-25T1000,2378A,116.3565,27.963,抚州市,血防站,颗粒物(PM10),61,72,65,36,31,23,,18,18,33,32,7,8,1.0,0.9
2023-12-25T1000,2379A,116.3564,28.0007,抚州市,采茶剧团,颗粒物(PM10),58,65,60,36,34,23,,7,7,32,30,6,4,0.8,0.7
2023-12-25T1000,2380A,116.385,27.9647,抚州市,医学分院,颗粒物(PM10),56,62,64,25,28,31,,17,17,26,28,12,10,1.0,0.8
2023-12-25T1000,2207A,121.6094,41.998,阜新市,工业园区,细颗粒物(PM2.5),269,320,230,219,119,13,,4,4,56,57,28,32,2.0,2.2
2023-12-25T1000,2208A,121.6697,42.0279,阜新市,长青街,细颗粒物(PM2.5),153,158,141,117,95,22,,5,5,40,53,72,21,1.5,1.6
2023-12-25T1000,2209A,121.6673,42.0705,阜新市,农业园区,细颗粒物(PM2.5),107,90,86,80,65,46,,45,45,25,26,114,31,1.3,0.9
2023-12-25T1000,2210A,121.6717,42.0224,阜新市,东苑,细颗粒物(PM2.5),165,148,127,125,107,21,,10,10,49,55,58,29,1.7,1.8
2023-12-25T1000,2211A,121.6506,42.0498,阜新市,玉龙新城,细颗粒物(PM2.5),132,136,113,100,83,23,,12,12,52,57,47,19,1.4,1.5
2023-12-25T1000,2301A,115.8277,32.8929,阜阳市,市监测站,细颗粒物(PM2.5),100,146,116,75,78,21,,25,20,54,38,7,7,0.9,0.7
2023-12-25T1000,2303A,115.8554,32.8605,阜阳市,开发区,颗粒物(PM10),106,161,151,74,77,22,,22,20,54,46,10,9,0.8,0.7
2023-12-25T1000,2875A,115.784,32.8892,阜阳市,阜阳职业技术学院,细颗粒物(PM2.5),102,146,114,76,71,14,,41,31,65,39,6,7,1.3,0.9
2023-12-25T1000,3468A,115.7901,32.8613,阜阳市,市规划展馆,细颗粒物(PM2.5),90,118,123,67,75,34,,32,29,33,30,5,7,0.7,0.6
2023-12-25T1000,3469A,115.836,32.9183,阜阳市,枣园社区,细颗粒物(PM2.5),100,136,121,75,74,18,,34,26,65,44,4,4,1.1,0.7
2023-12-25T1000,2669A,102.9099,34.9841,甘南州,州政府,细颗粒物(PM2.5),90,111,62,67,38,10,,2,2,37,38,21,16,1.7,0.7
2023-12-25T1000,3380A,102.8914,34.9617,甘南州,甘肃民族师范学院,颗粒物(PM10),72,94,49,40,22,10,,2,2,40,38,16,12,1.3,0.6
2023-12-25T1000,2570A,101.9603,30.0475,甘孜藏族自治州,水桥子,,,61,29,,15,8,,22,18,43,27,10,9,0.7,0.4
2023-12-25T1000,3065A,101.9533,29.9972,甘孜藏族自治州,州环保局,,38,38,25,12,8,23,,51,44,37,15,8,8,0.4,0.3
2023-12-25T1000,3414A,115.8347,28.932,赣江新区,桑海产业园,,,92,81,30,34,,,14,10,43,46,,5,,0.6
2023-12-25T1000,2362A,114.9017,25.9149,赣州市,通天岩,,,,,,,,,,,,,,,,
2023-12-25T1000,2363A,114.9367,25.8664,赣州市,地委,颗粒物(PM10),67,84,62,40,38,22,,10,10,36,34,12,11,1.1,1.1
2023-12-25T1000,2364A,114.9461,25.8481,赣州市,气象台,颗粒物(PM10),62,73,59,36,34,19,,6,6,50,44,16,12,1.1,0.8
2023-12-25T1000,2365A,114.9322,25.8333,赣州市,市图书馆,颗粒物(PM10),80,110,62,37,26,14,,4,4,37,35,18,14,1.0,0.8
2023-12-25T1000,2366A,114.8905,25.8471,赣州市,华坚鞋城,颗粒物(PM10),68,86,63,48,35,19,,16,8,46,31,31,25,1.3,1.1
2023-12-25T1000,3109A,115.0093,25.8613,赣州市,赣县区卫计委,细颗粒物(PM2.5),69,79,58,50,37,22,,10,10,36,34,13,7,1.1,0.9
2023-12-25T1000,2683A,106.2319,36.1417,固原市,马园,颗粒物(PM10),55,59,65,34,27,19,,20,20,56,38,9,6,1.4,1
2023-12-25T1000,2684A,106.2792,36.0022,固原市,监测站,,,67,56,36,39,,,17,17,49,40,12,10,1.2,1.4
2023-12-25T1000,2685A,106.2375,36.0211,固原市,新区,颗粒物(PM10),77,103,64,33,32,17,,8,8,52,41,5,4,1.7,1.3
2023-12-25T1000,3522A,106.2177,35.9959,固原市,原州区十五小,,45,45,45,24,23,42,,46,43,37,31,6,6,0.8,0.7
2023-12-25T1000,2543A,106.6308,30.5278,广安市,小平旧居,,,,,,,,,,,,,,,,
2023-12-25T1000,2544A,106.6303,30.4576,广安市,市委,细颗粒物(PM2.5),79,86,115,58,96,16,,15,15,23,30,8,10,0.9,0.9
2023-12-25T1000,2545A,106.6271,30.4663,广安市,友谊中学,细颗粒物(PM2.5),88,84,97,65,88,15,,13,13,26,33,6,7,1.0,1
2023-12-25T1000,2547A,106.6388,30.4551,广安市,广电花园,细颗粒物(PM2.5),88,72,101,65,94,11,,8,8,25,33,8,9,1.0,1.1
2023-12-25T1000,2902A,106.6351,30.4865,广安市,北辰小学,细颗粒物(PM2.5),82,92,104,60,88,14,,10,9,26,27,5,5,1.1,1
2023-12-25T1000,2523A,105.8945,32.4535,广元市,黑石坡,细颗粒物(PM2.5),59,57,40,42,40,32,,58,50,24,19,6,6,0.7,0.6
2023-12-25T1000,2524A,105.821,32.4444,广元市,老城,颗粒物(PM10),67,83,75,43,45,5,,3,3,38,47,2,4,0.7,0.7
2023-12-25T1000,2526A,105.8628,32.4287,广元市,监测站,细颗粒物(PM2.5),67,75,61,48,40,11,,23,20,38,35,3,3,1.2,0.7
2023-12-25T1000,3617A,105.8047,32.4166,广元市,经开区,细颗粒物(PM2.5),89,93,74,66,48,5,,6,5,45,41,6,10,1.1,0.9
2023-12-25T1000,1345A,113.2347,23.1423,广州市,广雅中学,颗粒物(PM10),51,51,50,22,24,49,,36,36,38,50,6,6,0.5,0.5
2023-12-25T1000,1346A,113.2612,23.105,广州市,市五中,,41,41,39,22,24,61,,58,58,24,28,9,9,0.5,0.5
2023-12-25T1000,1348A,113.3478,23.0916,广州市,广东商学院,,36,36,35,17,20,60,,66,62,25,25,7,7,0.3,0.2
2023-12-25T1000,1349A,113.4332,23.1047,广州市,市八十六中,,46,46,38,22,22,55,,48,47,28,25,6,6,0.5,0.5
2023-12-25T1000,1350A,113.3505,22.9483,广州市,番禺中学,,41,41,38,20,23,62,,58,56,32,31,5,4,0.5,0.5
2023-12-25T1000,1351A,113.2146,23.3916,广州市,花都师范,,37,37,30,16,18,70,,74,73,18,17,6,8,0.4,0.4
2023-12-25T1000,1352A,113.2597,23.1331,广州市,市监测站,,46,46,44,19,22,66,,49,49,26,41,6,6,0.6,0.6
2023-12-25T1000,1353A,113.5618,23.312,广州市,九龙镇镇龙,,34,34,32,20,21,61,,47,45,17,18,6,6,0.5,0.5
2023-12-25T1000,1354A,113.2765,23.1544,广州市,麓湖,,37,37,35,20,22,64,,54,54,24,29,7,7,0.4,0.5
2023-12-25T1000,1355A,113.443,23.3035,广州市,帽峰山森林公园,,37,37,34,15,18,72,,77,75,16,11,9,10,0.5,0.5
2023-12-25T1000,2846A,113.3221,23.1322,广州市,体育西,,36,36,34,20,22,63,,62,60,14,18,9,9,0.6,0.6
2023-12-25T1000,3298A,113.5717,23.5491,广州市,从化街口,,44,44,32,23,22,59,,72,68,27,15,6,7,0.5,0.5
2023-12-25T1000,3299A,113.3472,23.3692,广州市,白云竹料,,43,43,31,22,19,63,,56,56,28,24,7,7,0.8,0.7
2023-12-25T1000,3300A,113.2981,23.237,广州市,白云嘉禾,颗粒物(PM10),54,57,51,23,23,52,,35,35,42,49,8,8,0.4,0.4
2023-12-25T1000,3301A,113.4256,23.1716,广州市,黄埔科学城,,38,38,33,20,21,64,,65,63,20,17,6,6,0.5,0.5
2023-12-25T1000,3302A,113.3942,23.0483,广州市,番禺大学城,,33,33,35,18,19,64,,49,49,24,31,6,6,0.4,0.4
2023-12-25T1000,3303A,113.4922,22.8168,广州市,南沙黄阁,颗粒物(PM10),61,71,51,25,24,59,,58,56,33,33,14,10,0.6,0.6
2023-12-25T1000,3304A,113.5342,22.7896,广州市,南沙街,,49,49,45,23,22,52,,53,51,36,32,6,7,0.7,0.6
2023-12-25T1000,3443A,113.2902,23.5544,广州市,花都梯面,,30,30,28,16,18,80,,73,72,12,16,6,8,0.3,0.3
2023-12-25T1000,3445A,113.7858,23.7478,广州市,从化良口,,26,26,24,15,17,69,,63,63,12,10,8,7,0.4,0.4
2023-12-25T1000,3446A,113.8051,23.2614,广州市,增城荔城,,35,35,30,16,19,75,,75,73,10,12,8,9,0.6,0.6
2023-12-25T1000,2505A,109.568,23.1478,贵港市,德智高中,细颗粒物(PM2.5),58,41,39,41,32,72,,82,76,21,16,9,8,0.7,0.7
2023-12-25T1000,2506A,109.6047,23.0666,贵港市,江南子站,颗粒物(PM10),65,80,60,45,36,57,,44,37,34,24,21,10,1.2,0.9
2023-12-25T1000,2507A,109.6014,23.0948,贵港市,贵城子站,,,,45,48,40,,,57,49,30,20,,11,0.8,0.8
2023-12-25T1000,2508A,109.5669,23.1065,贵港市,荷城子站,,,61,51,34,30,60,,72,64,24,15,17,11,,1.2
2023-12-25T1000,3405A,109.5886,23.1172,贵港市,新世纪学校,颗粒物(PM10),59,68,55,41,34,60,,73,66,23,13,16,8,0.7,0.6
2023-12-25T1000,1439A,106.6899,26.5998,贵阳市,马鞍山,细颗粒物(PM2.5),100,100,84,75,69,4,,1,1,30,27,12,11,1.1,0.9
2023-12-25T1000,1440A,106.6971,26.5694,贵阳市,市环保站,细颗粒物(PM2.5),110,107,98,83,81,16,,8,8,49,42,19,20,0.8,0.7
2023-12-25T1000,1441A,106.6243,26.6266,贵阳市,鉴湖路,细颗粒物(PM2.5),83,95,91,61,66,19,,7,7,51,40,9,10,1.0,0.8
2023-12-25T1000,1442A,106.7487,26.6343,贵阳市,燕子冲,细颗粒物(PM2.5),122,134,89,92,72,10,,6,6,32,30,17,7,1.2,0.8
2023-12-25T1000,1443A,106.6555,26.4365,贵阳市,碧云窝,细颗粒物(PM2.5),117,129,110,88,74,17,,8,8,40,33,29,22,1.2,0.9
2023-12-25T1000,1444A,106.694,26.5161,贵阳市,中院村,细颗粒物(PM2.5),110,117,106,83,80,15,,8,8,43,39,30,33,1.1,1
2023-12-25T1000,1445A,106.7109,26.6027,贵阳市,红边门,细颗粒物(PM2.5),107,97,96,80,75,16,,5,5,37,37,23,32,1.0,0.9
2023-12-25T1000,1446A,106.7164,26.5699,贵阳市,新华路,细颗粒物(PM2.5),98,100,99,73,78,20,,9,9,38,37,12,15,1.0,0.8
2023-12-25T1000,1447A,106.674,26.5424,贵阳市,太慈桥,细颗粒物(PM2.5),100,105,86,75,66,10,,8,8,40,35,9,7,1.2,0.8
2023-12-25T1000,1552A,106.805,26.3003,贵阳市,桐木岭,,,,,,,,,,,,,,,,
2023-12-25T1000,1862A,110.4144,25.3167,桂林市,电子科大尧山校区,,49,49,40,34,29,82,,75,71,10,10,17,14,0.4,0.4
2023-12-25T1000,1863A,110.2819,25.2697,桂林市,监测站,颗粒物(PM10),62,74,50,43,34,70,,72,63,28,23,33,13,0.6,0.4
2023-12-25T1000,1864A,110.3089,25.2708,桂林市,龙隐路小学,细颗粒物(PM2.5),63,71,43,45,37,74,,74,67,29,22,38,17,0.7,0.6
2023-12-25T1000,1865A,110.2869,25.2178,桂林市,八中,细颗粒物(PM2.5),70,76,47,51,38,58,,62,52,33,25,22,13,0.7,0.5
2023-12-25T1000,3403A,110.1764,25.2381,桂林市,创业大厦,细颗粒物(PM2.5),89,90,51,66,43,30,,58,43,44,20,57,27,0.6,0.4
2023-12-25T1000,3531A,110.296,25.1253,桂林市,旅游学院,细颗粒物(PM2.5),73,73,47,53,35,55,,54,44,28,21,33,14,0.8,0.7
2023-12-25T1000,2674A,100.2561,34.4714,果洛藏族自治州,玛沁县大武镇,,29,29,29,12,12,19,,24,23,18,17,14,13,0.4,0.5
2023-12-25T1000,1129A,126.5422,45.755,哈尔滨市,岭北,细颗粒物(PM2.5),123,120,75,93,61,120,,110,110,39,37,27,15,0.3,0.3
2023-12-25T1000,1130A,126.561,45.8167,哈尔滨市,松北商大,细颗粒物(PM2.5),113,106,70,85,48,32,,33,29,46,36,15,7,1.0,0.7
2023-12-25T1000,1131A,126.979,45.5419,哈尔滨市,阿城会宁,细颗粒物(PM2.5),89,79,76,66,65,55,,47,47,22,30,16,14,0.8,0.8
2023-12-25T1000,1132A,126.599,45.7222,哈尔滨市,南岗学府路,,,,91,,60,23,,17,17,,44,,11,1.3,1
2023-12-25T1000,1133A,126.689,45.7733,哈尔滨市,太平宏伟公园,细颗粒物(PM2.5),128,124,77,97,53,28,,18,18,44,40,21,13,1.0,0.7
2023-12-25T1000,1134A,126.635,45.7667,哈尔滨市,道外承德广场,细颗粒物(PM2.5),118,110,72,89,49,24,,17,17,53,45,27,15,1.5,0.9
2023-12-25T1000,1135A,126.685,45.7319,哈尔滨市,香坊红旗大街,细颗粒物(PM2.5),147,123,77,112,66,32,,16,16,45,48,22,18,1.2,0.9
2023-12-25T1000,1136A,126.6411,45.7258,哈尔滨市,动力和平路,细颗粒物(PM2.5),163,145,81,124,59,17,,12,12,56,48,35,19,1.3,0.8
2023-12-25T1000,1137A,126.593,45.7478,哈尔滨市,道里建国路,细颗粒物(PM2.5),102,97,77,76,61,25,,18,17,43,39,33,16,1.9,0.6
2023-12-25T1000,1138A,126.615,45.61,哈尔滨市,平房东轻厂,细颗粒物(PM2.5),114,108,77,86,57,46,,39,39,29,39,14,8,1.3,1
2023-12-25T1000,1139A,126.595,45.9855,哈尔滨市,呼兰师专,细颗粒物(PM2.5),133,121,72,101,53,22,,34,30,57,33,20,8,1.4,0.8
2023-12-25T1000,1140A,126.6206,45.6842,哈尔滨市,省农科院,细颗粒物(PM2.5),132,139,89,100,68,19,,8,8,56,54,26,20,1.2,1
2023-12-25T1000,2688A,93.5128,42.8172,哈密地区,地区监测站,颗粒物(PM10),105,159,113,34,33,27,,38,38,38,36,3,7,0.5,0.5
2023-12-25T1000,2689A,93.4961,42.8328,哈密地区,哈密师范学校,颗粒物(PM10),102,153,122,41,39,21,,27,27,41,45,6,14,0.8,0.7
2023-12-25T1000,2671A,100.9048,36.9639,海北藏族自治州,海晏县西海镇,,17,17,18,8,9,49,,56,55,12,7,12,12,0.4,0.4
2023-12-25T1000,3867A,102.0738,36.5056,海东地区,平安区公安北苑,细颗粒物(PM2.5),80,84,68,59,47,10,,14,12,49,35,43,24,2.2,1.2
2023-12-25T1000,1409A,110.576,19.9507,海口市,东寨港,,,,,,,,,,,,,,,,
2023-12-25T1000,1410A,110.3232,20.0574,海口市,海南大学,,40,40,48,15,27,81,,72,70,10,11,9,11,0.4,0.5
2023-12-25T1000,1411A,110.283,20.0053,海口市,秀英海南医院,,43,43,48,17,28,75,,70,66,18,18,11,12,0.4,0.5
2023-12-25T1000,1412A,110.338,19.9969,海口市,海南师范大学,,38,38,47,16,26,76,,73,71,14,14,9,10,0.4,0.4
2023-12-25T1000,1413A,110.33,20.0356,海口市,龙华路环保局宿舍,,38,38,46,16,27,79,,72,70,14,15,10,11,0.4,0.4
2023-12-25T1000,3539A,110.5111,19.9736,海口市,桂林洋子站,,34,34,40,15,22,78,,78,77,13,14,8,8,0.3,0.4
2023-12-25T1000,2673A,100.6188,36.2866,海南藏族自治州,共和县恰卜恰镇,颗粒物(PM10),56,61,28,19,11,21,,28,26,37,27,14,16,1.3,0.9
2023-12-25T1000,2676A,97.3731,37.3753,海西蒙古族藏族自治州,德令哈市,,32,32,25,9,11,21,,45,35,34,15,16,14,1.0,0.6
2023-12-25T1000,1048A,114.5302,36.6116,邯郸市,东污水处理厂,细颗粒物(PM2.5),195,157,132,146,117,5,,2,2,87,68,9,6,2.9,1.6
2023-12-25T1000,1049A,114.4918,36.5713,邯郸市,矿院,细颗粒物(PM2.5),168,150,128,127,113,7,,2,2,69,69,5,4,2.4,1.5
2023-12-25T1000,1050A,114.484,36.6133,邯郸市,丛台公园,,,,119,,99,,,38,,,65,,3,,1.4
2023-12-25T1000,3458A,114.7895,36.5593,邯郸市,香泉濮院小区,细颗粒物(PM2.5),224,212,147,174,118,27,,20,20,70,60,14,10,1.8,1.2
2023-12-25T1000,3579A,114.50634,36.77178,邯郸市,永年区实验高中,细颗粒物(PM2.5),165,158,131,125,98,9,,4,4,86,84,18,13,2.6,1.6
2023-12-25T1000,3580A,114.20016,36.44293,邯郸市,峰峰矿区临水派出所,颗粒物(PM10),57,63,78,25,54,44,,30,30,29,44,24,18,1.2,1.1
2023-12-25T1000,2634A,106.9893,33.1842,汉中市,汉川机床厂子校,细颗粒物(PM2.5),140,,70,107,56,29,,34,30,24,16,4,4,1.4,1.1
2023-12-25T1000,2635A,107.0154,33.0706,汉中市,市监测站,细颗粒物(PM2.5),129,113,121,98,103,12,,10,9,39,47,9,10,1.9,1.6
2023-12-25T1000,2636A,107.0089,33.1138,汉中市,鑫源开发区,细颗粒物(PM2.5),129,122,115,98,98,12,,17,13,32,41,12,12,1.6,1.5
2023-12-25T1000,2637A,107.007,33.0323,汉中市,南郑大河坎水厂,细颗粒物(PM2.5),144,129,121,110,97,12,,13,10,33,35,10,8,1.5,1.3
2023-12-25T1000,1223A,120.2072,30.2111,杭州市,滨江,颗粒物(PM10),74,98,89,50,44,16,,4,4,45,58,11,11,0.7,0.8
2023-12-25T1000,1224A,120.0633,30.2747,杭州市,西溪,颗粒物(PM10),66,81,61,42,34,13,,5,5,54,43,8,8,0.9,0.6
2023-12-25T1000,1226A,120.3461,30.3153,杭州市,下沙,颗粒物(PM10),75,99,91,51,52,18,,6,6,61,68,10,11,1.0,1
2023-12-25T1000,1227A,120.1269,30.2456,杭州市,卧龙桥,细颗粒物(PM2.5),64,71,65,46,38,20,,15,15,40,30,6,5,0.8,0.7
2023-12-25T1000,1228A,120.1903,30.2692,杭州市,浙江农大,颗粒物(PM10),67,83,73,44,42,21,,6,6,47,51,10,10,0.6,0.6
2023-12-25T1000,1230A,120.1197,30.3119,杭州市,和睦小学,颗粒物(PM10),66,82,77,46,42,15,,6,6,50,52,6,7,1.1,0.8
2023-12-25T1000,1231A,120.3019,30.4183,杭州市,临平镇,颗粒物(PM10),83,116,89,50,46,14,,10,7,61,52,8,8,1.0,0.7
2023-12-25T1000,1232A,120.2697,30.1819,杭州市,城厢镇,细颗粒物(PM2.5),87,112,96,64,58,16,,5,5,56,65,6,6,0.9,0.9
2023-12-25T1000,1233A,120.0883,30.1808,杭州市,云栖,颗粒物(PM10),66,82,64,40,33,16,,18,17,56,33,7,5,0.8,0.6
2023-12-25T1000,3557A,119.9464,30.0494,杭州市,镇二中,细颗粒物(PM2.5),63,68,66,45,44,13,,5,5,43,53,8,6,0.9,0.8
2023-12-25T1000,3558A,119.7183,30.2367,杭州市,市府大楼,细颗粒物(PM2.5),79,104,76,58,46,26,,24,22,50,39,7,5,1.0,0.8
2023-12-25T1000,3656A,120.1556,30.2864,杭州市,消防大队,颗粒物(PM10),66,82,75,46,40,23,,8,8,53,61,10,10,0.8,0.7
2023-12-25T1000,1270A,117.1959,31.7848,合肥市,明珠广场,颗粒物(PM10),80,110,97,58,49,10,,3,3,68,64,8,8,0.9,0.8
2023-12-25T1000,1271A,117.3072,31.8764,合肥市,三里街,颗粒物(PM10),89,127,113,51,54,10,,3,3,58,62,9,9,0.7,0.8
2023-12-25T1000,1272A,117.2588,31.8707,合肥市,琥珀山庄,颗粒物(PM10),78,105,99,53,56,15,,7,7,66,74,8,7,0.9,1.1
2023-12-25T1000,1273A,117.1604,31.9052,合肥市,董铺水库,颗粒物(PM10),64,78,82,36,37,13,,6,6,55,32,5,5,0.8,0.6
2023-12-25T1000,1274A,117.25,31.8571,合肥市,长江中路,颗粒物(PM10),75,100,94,53,52,15,,4,4,58,62,8,8,0.9,1
2023-12-25T1000,1275A,117.266,31.9436,合肥市,庐阳区,颗粒物(PM10),85,119,114,46,50,21,,7,7,56,59,10,11,0.8,0.7
2023-12-25T1000,1276A,117.336,31.8586,合肥市,瑶海区,颗粒物(PM10),85,119,110,53,57,16,,6,6,50,58,4,4,0.8,1
2023-12-25T1000,1277A,117.3027,31.7964,合肥市,包河区,细颗粒物(PM2.5),83,110,107,61,57,34,,12,12,49,73,6,11,0.7,0.8
2023-12-25T1000,1278A,117.2776,31.7385,合肥市,滨湖新区,颗粒物(PM10),70,90,94,44,44,48,,21,21,34,60,4,5,0.3,0.4
2023-12-25T1000,1279A,117.1318,31.8403,合肥市,高新区,颗粒物(PM10),74,97,86,45,44,13,,18,18,80,55,9,9,1.1,0.9
2023-12-25T1000,3464A,117.3803,31.9147,合肥市,高教基地,颗粒物(PM10),81,112,90,43,49,30,,9,9,55,52,6,4,0.6,0.6
2023-12-25T1000,3614A,79.924,37.0877,和田地区,地区环保局,颗粒物(PM10),193,335,361,71,93,68,,49,49,13,43,16,26,0.6,1.3
2023-12-25T1000,3615A,79.9131,37.113,和田地区,市环保局,颗粒物(PM10),235,374,318,107,102,22,,30,28,89,58,30,29,10.0,3.4
2023-12-25T1000,2516A,108.2011,24.715,河池市,东仁乐园,,41,41,30,25,26,18,,21,19,28,15,11,6,0.6,0.4
2023-12-25T1000,2517A,108.0497,24.6947,河池市,市环保站,,,41,46,24,34,20,,14,14,27,32,,7,0.7,0.7
2023-12-25T1000,2518A,108.0983,24.6989,河池市,市疾控中心,颗粒物(PM10),63,76,50,41,29,13,,7,7,42,35,11,8,0.8,0.6
2023-12-25T1000,1696A,114.6778,23.7569,河源市,源西,,40,40,32,20,20,55,,54,49,25,23,8,7,0.7,0.6
2023-12-25T1000,1697A,114.6944,23.7586,河源市,东埔,颗粒物(PM10),58,66,41,25,25,58,,56,54,22,19,11,10,0.6,0.5
2023-12-25T1000,1698A,114.6892,23.7233,河源市,老城,,44,44,38,24,24,60,,48,46,18,18,9,8,0.6,0.5
2023-12-25T1000,1718A,115.4208,35.2464,菏泽市,气象局,细颗粒物(PM2.5),140,187,120,107,75,20,,27,21,63,50,,5,1.3,0.8
2023-12-25T1000,1719A,115.4747,35.2375,菏泽市,市政协,细颗粒物(PM2.5),155,194,128,118,80,26,,15,15,53,55,7,6,1.2,1
2023-12-25T1000,3374A,115.5564,35.0891,菏泽市,定陶老年大学,细颗粒物(PM2.5),140,166,119,107,78,24,,11,11,61,60,6,5,0.9,0.8
2023-12-25T1000,3647A,115.4702,35.2706,菏泽市,菏泽医专,细颗粒物(PM2.5),147,185,120,112,72,32,,21,21,50,52,6,6,1.1,0.9
2023-12-25T1000,2514A,111.5264,24.4172,贺州市,环保小区,细颗粒物(PM2.5),77,83,61,56,39,32,,37,35,38,29,23,11,0.8,0.7
2023-12-25T1000,2515A,111.5608,24.4078,贺州市,政协大楼,"颗粒物(PM10),细颗粒物(PM2.5)",60,69,62,43,41,60,,30,30,23,28,50,12,0.7,0.6
2023-12-25T1000,3534A,111.4744,24.4553,贺州市,西湾,细颗粒物(PM2.5),82,98,61,60,43,39,,20,18,36,30,14,10,0.8,0.6
2023-12-25T1000,2385A,114.17,35.9019,鹤壁市,市监测站,细颗粒物(PM2.5),79,97,109,58,72,16,,13,13,54,57,4,6,1.5,0.9
2023-12-25T1000,2386A,114.2956,35.7511,鹤壁市,市交警支队,细颗粒物(PM2.5),89,114,134,66,87,10,,3,3,65,71,12,10,1.6,1.1
2023-12-25T1000,2387A,114.2878,35.7306,鹤壁市,迎宾馆,细颗粒物(PM2.5),88,90,107,65,80,8,,3,3,68,71,15,12,1.9,1.3
2023-12-25T1000,3474A,114.2617,35.6822,鹤壁市,大新区,,,84,110,56,87,,,4,4,59,68,9,9,1.2,1.3
2023-12-25T1000,3596A,114.1572,35.9603,鹤壁市,南山宾馆,细颗粒物(PM2.5),54,47,89,38,67,59,,48,48,23,41,10,11,1.2,1.2
2023-12-25T1000,2244A,130.2537,47.3416,鹤岗市,哈啤分公司,,,,68,,50,59,,54,54,,31,,18,0.4,0.6
2023-12-25T1000,2245A,130.2684,47.3086,鹤岗市,斯达机电,细颗粒物(PM2.5),58,53,79,41,51,51,,48,47,24,39,13,15,0.4,0.6
2023-12-25T1000,2246A,130.3114,47.3388,鹤岗市,东山纸板厂,,50,,126,35,76,56,,22,22,16,55,15,20,0.4,1.3
2023-12-25T1000,2247A,130.1097,47.3382,鹤岗市,五号水库,细颗粒物(PM2.5),63,51,55,45,42,66,,54,54,10,25,12,12,0.7,0.9
2023-12-25T1000,2263A,127.4833,50.2524,黑河市,交通局,"颗粒物(PM10),细颗粒物(PM2.5)",59,68,45,42,31,18,,38,31,34,19,7,6,1.1,0.6
2023-12-25T1000,2264A,127.5144,50.2341,黑河市,环保局,细颗粒物(PM2.5),120,106,62,91,48,18,,15,15,33,30,20,10,2.0,1
2023-12-25T1000,2265A,127.5291,50.2472,黑河市,大黑河岛,细颗粒物(PM2.5),123,98,61,93,52,9,,11,11,21,22,5,4,,1.1
2023-12-25T1000,1074A,115.6838,37.7541,衡水市,电机北厂,细颗粒物(PM2.5),205,177,122,155,105,22,,11,8,50,52,9,13,1.4,1.3
2023-12-25T1000,1075A,115.6303,37.7316,衡水市,市监测站,细颗粒物(PM2.5),204,176,142,154,113,16,,4,4,69,71,11,15,1.5,1.4
2023-12-25T1000,3188A,115.6683,37.7217,衡水市,市城管局,细颗粒物(PM2.5),223,183,135,173,116,17,,4,4,62,72,10,15,1.5,1.4
2023-12-25T1000,3459A,115.5989,37.5491,衡水市,地表水厂,细颗粒物(PM2.5),234,191,135,184,123,20,,7,7,67,80,10,17,1.7,1.6
2023-12-25T1000,2456A,112.5003,26.9167,衡阳市,原169医院,细颗粒物(PM2.5),73,84,73,53,53,19,,15,15,31,38,28,11,0.5,0.4
2023-12-25T1000,2457A,112.6194,26.9258,衡阳市,衡阳化工总厂,细颗粒物(PM2.5),85,94,87,63,58,13,,5,4,39,42,10,11,1.0,0.9
2023-12-25T1000,2458A,112.6211,26.8956,衡阳市,珠晖区环保局,细颗粒物(PM2.5),99,106,95,74,66,13,,5,5,40,49,13,12,1.2,1
2023-12-25T1000,2459A,112.6197,26.8733,衡阳市,市委党校,细颗粒物(PM2.5),113,129,116,85,75,10,,5,5,38,40,8,6,1.0,1.2
2023-12-25T1000,2460A,112.6006,26.8919,衡阳市,市监测站,细颗粒物(PM2.5),109,123,109,82,75,11,,4,4,47,46,15,12,1.4,1.5
2023-12-25T1000,2461A,112.5664,26.9056,衡阳市,真空机电公司,细颗粒物(PM2.5),89,95,84,66,57,12,,12,12,47,45,15,11,1.4,1.1
2023-12-25T1000,3399A,112.6703,26.882,衡阳市,师范学院,细颗粒物(PM2.5),109,113,97,82,68,16,,4,4,32,33,20,10,0.9,0.8
2023-12-25T1000,2608A,103.3772,23.3993,红河州,污水处理厂,细颗粒物(PM2.5),70,56,87,51,69,43,,32,32,18,20,13,18,0.6,0.7
2023-12-25T1000,2609A,103.3861,23.35,红河州,监测站,细颗粒物(PM2.5),72,,89,52,73,59,,54,53,13,22,5,29,0.6,0.8
2023-12-25T1000,3038A,103.3758,23.368,红河州,州图书馆,细颗粒物(PM2.5),70,,85,51,67,65,,45,45,13,20,8,23,0.5,0.7
2023-12-25T1000,1090A,111.6507,40.7517,呼和浩特市,呼市一监,细颗粒物(PM2.5),128,127,129,97,102,12,,6,6,58,59,18,16,2.1,1.3
2023-12-25T1000,1091A,111.6572,40.8033,呼和浩特市,小召,细颗粒物(PM2.5),87,97,113,64,79,6,,3,3,72,71,13,15,2.0,1.2
2023-12-25T1000,1094A,111.7516,40.8369,呼和浩特市,如意水处理厂,细颗粒物(PM2.5),127,118,107,96,82,16,,8,8,86,71,16,14,2.0,1.1
2023-12-25T1000,1095A,111.7276,40.8062,呼和浩特市,二十九中,细颗粒物(PM2.5),95,115,131,71,95,11,,6,6,64,64,14,16,1.4,1.1
2023-12-25T1000,1096A,111.5512,40.7866,呼和浩特市,工大金川校区,细颗粒物(PM2.5),92,101,120,68,82,7,,4,4,74,70,11,13,1.5,0.9
2023-12-25T1000,1097A,111.717,40.7612,呼和浩特市,化肥厂生活区,细颗粒物(PM2.5),107,119,143,80,89,12,,6,6,58,64,15,16,2.3,1.4
2023-12-25T1000,3698A,111.5968,40.8178,呼和浩特市,红旗小学,细颗粒物(PM2.5),127,146,118,96,91,13,,10,9,64,59,19,17,2.4,1.2
2023-12-25T1000,3699A,111.6518,40.8389,呼和浩特市,海东办,细颗粒物(PM2.5),114,117,112,86,82,5,,3,3,77,71,13,14,1.9,1.1
2023-12-25T1000,2192A,119.7594,49.2261,呼伦贝尔市,区环保局,,,23,18,12,14,63,,70,69,12,14,,4,0.3,0.3
2023-12-25T1000,3061A,119.7512,49.1577,呼伦贝尔市,国华电力东,,22,20,17,9,14,68,,72,71,7,6,6,5,0.3,0.2
2023-12-25T1000,1250A,120.0751,30.8669,湖州市,城西水厂,细颗粒物(PM2.5),83,105,89,61,52,14,,8,8,67,72,13,10,0.7,0.6
2023-12-25T1000,2873A,120.0875,30.8955,湖州市,仁皇山新区,细颗粒物(PM2.5),87,108,96,64,57,16,,5,5,69,56,22,13,0.8,0.8
2023-12-25T1000,2907A,120.1844,30.8596,湖州市,吴兴区站,细颗粒物(PM2.5),82,107,85,60,51,16,,6,6,69,61,10,11,0.6,0.6
2023-12-25T1000,3562A,120.4148,30.8538,湖州市,南浔区站,细颗粒物(PM2.5),98,127,97,73,62,18,,4,4,68,62,15,12,0.8,0.7
2023-12-25T1000,1607A,120.9092,40.7136,葫芦岛市,龙港区,细颗粒物(PM2.5),188,154,160,141,115,23,,9,9,66,68,54,65,1.8,1.5
2023-12-25T1000,1608A,120.8392,40.7514,葫芦岛市,化工街,细颗粒物(PM2.5),110,141,168,83,107,8,,5,5,80,65,27,44,2.3,1.9
2023-12-25T1000,1609A,120.8341,40.7073,葫芦岛市,新区,颗粒物(PM10),89,127,164,37,100,22,,8,8,67,80,16,51,1.5,1.8
2023-12-25T1000,1610A,120.8695,40.7677,葫芦岛市,东城区,细颗粒物(PM2.5),378,,137,328,109,22,,14,14,94,58,48,29,4.5,2.2
2023-12-25T1000,2482A,109.5981,27.5721,怀化市,林科所,细颗粒物(PM2.5),58,55,46,41,34,32,,30,27,4,4,10,4,1.1,0.9
2023-12-25T1000,2483A,109.9453,27.5444,怀化市,河西地税局,细颗粒物(PM2.5),67,,48,48,41,29,,13,13,14,23,5,4,0.6,0.6
2023-12-25T1000,2484A,109.9781,27.5342,怀化市,市四医院,细颗粒物(PM2.5),72,,40,52,42,19,,6,6,29,35,4,4,0.8,0.6
2023-12-25T1000,2485A,109.9972,27.5578,怀化市,监测楼,细颗粒物(PM2.5),79,,46,58,50,18,,10,10,34,29,7,5,0.9,0.5
2023-12-25T1000,2486A,110.0394,27.583,怀化市,市委党校,细颗粒物(PM2.5),117,126,75,88,58,8,,2,2,37,28,16,11,1.2,0.7
2023-12-25T1000,1210A,119.036,33.5981,淮安市,钵池山,细颗粒物(PM2.5),114,122,92,86,71,38,,16,16,40,46,11,10,0.9,0.8
2023-12-25T1000,1211A,119.007,33.575,淮安市,北京南路,细颗粒物(PM2.5),127,168,102,96,67,10,,2,2,70,55,11,9,1.2,1
2023-12-25T1000,1212A,118.989,33.6067,淮安市,市监测站,细颗粒物(PM2.5),128,141,99,97,72,37,,19,19,,43,9,9,,0.9
2023-12-25T1000,1213A,119.135,33.5039,淮安市,楚州区监测站,细颗粒物(PM2.5),118,151,96,89,61,12,,2,2,58,58,8,9,0.9,0.8
2023-12-25T1000,1214A,119.0186,33.6297,淮安市,淮阴区监测站,细颗粒物(PM2.5),112,149,110,84,65,29,,20,17,51,45,9,8,1.1,0.9
2023-12-25T1000,3426A,118.8755,33.2894,淮安市,新华书店,细颗粒物(PM2.5),142,133,92,108,69,26,,12,12,45,46,9,8,1.0,0.7
2023-12-25T1000,2282A,116.8004,33.975,淮北市,监测站,细颗粒物(PM2.5),117,172,110,88,68,40,,20,20,42,50,10,7,1.1,1.2
2023-12-25T1000,2283A,116.8091,33.9007,淮北市,烈山区政府,细颗粒物(PM2.5),128,149,131,97,89,28,,12,12,46,55,14,9,0.8,0.8
2023-12-25T1000,3330A,116.8873,33.9836,淮北市,杜集区检察院,细颗粒物(PM2.5),112,142,115,84,75,25,,20,20,47,41,11,9,1.0,0.9
2023-12-25T1000,4017A,116.7923,33.9535,淮北市,市博物馆,细颗粒物(PM2.5),127,165,127,96,85,35,,17,17,46,55,12,9,1.2,1
2023-12-25T1000,2277A,116.8305,32.7727,淮南市,潘集区政府,细颗粒物(PM2.5),112,143,119,84,77,18,,38,35,65,36,14,11,0.9,0.7
2023-12-25T1000,2278A,117.0067,32.6524,淮南市,师范学院,颗粒物(PM10),98,145,117,64,60,20,,31,21,62,45,10,10,1.2,1
2023-12-25T1000,2279A,116.8569,32.5951,淮南市,谢家集区政府,细颗粒物(PM2.5),89,110,102,66,61,32,,46,36,59,38,10,9,0.6,0.6
2023-12-25T1000,2280A,116.8281,32.633,淮南市,八公山区政府,颗粒物(PM10),78,106,98,56,56,32,,51,44,53,25,8,7,0.6,0.5
2023-12-25T1000,2281A,116.6325,32.6201,淮南市,焦岗湖风景区管理处,"颗粒物(PM10),细颗粒物(PM2.5)",69,88,89,50,56,26,,15,15,29,28,2,2,0.4,0.4
2023-12-25T1000,2894A,117.0566,32.6531,淮南市,经济技术开发区消防队,细颗粒物(PM2.5),118,151,114,89,64,25,,17,9,50,45,8,7,0.6,0.6
2023-12-25T1000,3329A,117.0108,32.5893,淮南市,山南新区,细颗粒物(PM2.5),102,132,116,76,71,32,,50,42,47,41,8,7,0.7,0.6
2023-12-25T1000,2446A,114.9028,30.4742,黄冈市,职工中心,细颗粒物(PM2.5),79,96,107,58,58,36,,20,20,21,38,8,10,0.6,0.6
2023-12-25T1000,2929A,114.8858,30.4519,黄冈市,红卫路,细颗粒物(PM2.5),80,96,100,59,59,28,,23,23,32,43,8,8,0.8,0.9
2023-12-25T1000,3398A,114.9136,30.4445,黄冈市,市林业局,细颗粒物(PM2.5),78,91,86,57,55,26,,19,19,38,47,6,7,0.8,0.7
2023-12-25T1000,2672A,102.0199,35.5102,黄南藏族自治州,同仁县隆务镇,,46,,37,32,17,50,,54,52,12,12,8,8,0.6,0.7
2023-12-25T1000,2295A,118.2903,29.6963,黄山市,延安路89号,颗粒物(PM10),51,52,54,27,30,18,,10,10,15,15,6,6,0.3,0.2
2023-12-25T1000,2296A,118.327,29.7178,黄山市,黄山东路89号,颗粒物(PM10),60,69,68,31,33,22,,11,11,20,22,6,5,0.5,0.5
2023-12-25T1000,2297A,118.1371,30.2756,黄山市,黄山区政府5号楼,,43,43,53,24,28,27,,17,17,13,14,4,4,0.7,0.6
2023-12-25T1000,2423A,115.0601,30.2313,黄石市,沈家营,细颗粒物(PM2.5),104,109,96,78,56,18,,6,6,45,51,30,6,0.9,0.7
2023-12-25T1000,2424A,115.0817,30.2006,黄石市,陈家湾,细颗粒物(PM2.5),100,106,85,75,58,14,,18,13,58,45,15,12,1.1,0.9
2023-12-25T1000,2426A,114.8988,30.2019,黄石市,铁山,细颗粒物(PM2.5),110,120,88,83,53,25,,12,12,66,50,16,5,1.6,1
2023-12-25T1000,2427A,115.0307,30.2092,黄石市,团城山,细颗粒物(PM2.5),83,107,98,61,52,17,,8,8,48,54,22,11,0.7,0.7
2023-12-25T1000,3149A,115.0235,30.1578,黄石市,笔架山北路,细颗粒物(PM2.5),138,130,96,105,62,15,,9,9,71,57,26,14,2.1,1
2023-12-25T1000,1392A,114.4183,23.0528,惠州市,河南岸金山湖子站,,42,42,39,23,24,71,,68,67,15,16,9,8,0.6,0.6
2023-12-25T1000,1393A,114.4053,23.0822,惠州市,下埔横江三路子站,,,40,37,23,23,64,,68,65,18,17,,12,0.5,0.5
2023-12-25T1000,1394A,114.4103,23.1142,惠州市,江北云山西路子站,,42,42,37,20,21,70,,69,68,14,15,10,10,0.5,0.5
2023-12-25T1000,1395A,114.4645,22.7833,惠州市,惠阳区承修路船湖子站,,42,42,42,23,25,59,,60,57,22,19,10,9,0.5,0.5
2023-12-25T1000,1396A,114.5317,22.7422,惠州市,大亚湾管委会子站,,40,40,37,20,21,63,,70,66,22,19,8,8,0.6,0.6
2023-12-25T1000,3314A,114.4338,22.8134,惠州市,惠阳秋长,,46,46,38,25,24,71,,74,72,13,10,11,10,0.6,0.6
2023-12-25T1000,3452A,114.6517,22.775,惠州市,大亚湾霞涌,,40,40,37,15,25,67,,69,68,11,11,8,8,0.5,0.4
2023-12-25T1000,2240A,130.9762,45.3001,鸡西市,环保局,,,,91,53,66,,,48,48,15,35,8,10,0.6,0.9
2023-12-25T1000,2243A,130.9429,45.3039,鸡西市,第一中学,,45,39,70,31,50,62,,55,55,13,31,9,13,0.3,0.6
2023-12-25T1000,3707A,131.0207,45.3073,鸡西市,欧美日汽修厂,细颗粒物(PM2.5),129,122,126,98,94,38,,11,11,32,53,26,21,1.3,1.8
2023-12-25T1000,3709A,130.9967,45.3106,鸡西市,市政设施管理处,,33,,107,23,72,39,,12,12,36,51,7,6,0.6,1
2023-12-25T1000,2367A,114.9754,27.0803,吉安市,红声器材厂,颗粒物(PM10),63,76,74,33,35,19,,11,11,31,42,13,14,0.9,0.8
2023-12-25T1000,2368A,114.9658,27.0999,吉安市,市森林工业局,细颗粒物(PM2.5),58,62,63,41,41,35,,17,16,26,37,17,22,0.5,0.3
2023-12-25T1000,2369A,114.99,27.1312,吉安市,市环境监测站,颗粒物(PM10),58,65,67,32,35,33,,11,11,28,42,13,14,1.3,0.8
2023-12-25T1000,2370A,115.0093,27.0968,吉安市,青原区法院,颗粒物(PM10),61,71,60,41,36,20,,6,6,33,40,12,12,0.7,0.6
2023-12-25T1000,1772A,126.54,43.8622,吉林市,哈达湾,细颗粒物(PM2.5),69,68,64,50,47,40,,40,36,40,29,22,13,1.1,0.9
2023-12-25T1000,1773A,126.5844,43.8358,吉林市,东局子,,,52,65,38,46,,,28,28,26,34,15,13,,0.8
2023-12-25T1000,1774A,126.5052,43.8245,吉林市,电力学院,细颗粒物(PM2.5),70,63,82,51,64,45,,22,22,32,37,16,17,1.0,1.2
2023-12-25T1000,1775A,126.6133,43.8972,吉林市,江北,,39,39,70,25,49,57,,33,33,22,34,14,17,0.7,0.9
2023-12-25T1000,1776A,126.555,43.8306,吉林市,江南公园,细颗粒物(PM2.5),85,75,66,63,56,24,,23,18,52,34,34,17,1.3,1
2023-12-25T1000,1778A,126.7061,43.7133,吉林市,丰满,,,,,,,,,,,,,,,,
2023-12-25T1000,2868A,126.4739,43.953,吉林市,九站,细颗粒物(PM2.5),127,126,70,96,53,29,,37,33,57,36,8,10,1.4,1
2023-12-25T1000,1299A,116.9862,36.6114,济南市,科干所,颗粒物(PM10),57,63,73,37,47,51,,48,48,45,37,20,16,0.9,0.9
2023-12-25T1000,1300A,116.9376,36.665,济南市,农科所,颗粒物(PM10),68,85,86,37,48,28,,16,15,62,58,23,15,1.0,0.9
2023-12-25T1000,1301A,117.1265,36.6734,济南市,开发区,颗粒物(PM10),67,83,64,32,38,16,,26,24,75,48,13,12,1.2,0.8
2023-12-25T1000,1303A,117.0624,36.6868,济南市,省种子仓库,颗粒物(PM10),73,95,86,44,48,12,,7,7,75,52,14,14,1.6,1
2023-12-25T1000,1304A,116.9489,36.6447,济南市,机床二厂,颗粒物(PM10),83,115,103,49,56,33,,17,17,53,55,49,27,1.1,1
2023-12-25T1000,1305A,117.0495,36.663,济南市,市监测站,颗粒物(PM10),55,59,73,34,45,20,,16,13,70,55,12,14,1.0,0.6
2023-12-25T1000,1306A,116.7675,36.5484,济南市,长清党校,细颗粒物(PM2.5),80,85,98,59,68,40,,18,18,51,61,10,12,0.8,0.9
2023-12-25T1000,1616A,117.6795,36.229,济南市,技术学院,细颗粒物(PM2.5),170,185,120,129,82,20,,8,8,62,61,16,16,1.8,1.5
2023-12-25T1000,1961A,117.532,36.6868,济南市,东山小学,,46,46,58,20,32,46,,35,35,50,52,11,12,0.7,0.5
2023-12-25T1000,3059A,117.7161,36.2049,济南市,泰兴公司,细颗粒物(PM2.5),170,217,124,129,83,9,,6,6,76,67,16,12,1.5,1.1
2023-12-25T1000,3064A,117.6867,36.2171,济南市,莱芜战役纪念馆,细颗粒物(PM2.5),163,200,121,124,78,12,,5,5,65,61,14,14,1.7,1.2
2023-12-25T1000,3494A,117.1673,36.9782,济南市,济阳区政府,细颗粒物(PM2.5),92,122,93,68,60,16,,11,11,78,60,20,17,1.2,0.8
2023-12-25T1000,3495A,117.1171,36.63,济南市,锦屏中学,,27,27,51,17,34,70,,68,68,21,24,12,14,0.6,0.7
2023-12-25T1000,3682A,116.9814,36.6819,济南市,济南四建,颗粒物(PM10),73,95,84,49,57,24,,12,11,65,59,37,23,1.3,1
2023-12-25T1000,1653A,116.6251,35.4302,济宁市,火炬城,细颗粒物(PM2.5),144,166,113,110,80,20,,14,14,59,55,12,8,1.5,1
2023-12-25T1000,1655A,116.5491,35.4042,济宁市,电化厂,细颗粒物(PM2.5),140,160,132,107,87,38,,15,15,51,64,16,14,1.2,0.9
2023-12-25T1000,3500A,116.5814,35.3707,济宁市,北湖一中,细颗粒物(PM2.5),168,171,120,127,90,20,,8,8,58,56,10,7,1.4,1
2023-12-25T1000,3501A,116.8249,35.5593,济宁市,服务中心,细颗粒物(PM2.5),123,176,141,93,82,20,,7,7,46,54,5,7,1.3,1.1
2023-12-25T1000,3678A,116.5907,35.4054,济宁市,市第七中学,细颗粒物(PM2.5),153,181,124,117,86,20,,8,8,56,57,13,10,1.6,1.1
2023-12-25T1000,2255A,130.2751,46.8028,佳木斯市,佳纺,细颗粒物(PM2.5),82,61,76,60,65,55,,46,46,20,33,8,10,0.6,0.8
2023-12-25T1000,2256A,130.3995,46.8307,佳木斯市,发电厂,细颗粒物(PM2.5),58,42,58,41,56,50,,49,49,34,34,16,12,0.6,0.7
2023-12-25T1000,2257A,130.3258,46.7975,佳木斯市,环保局,细颗粒物(PM2.5),59,55,64,42,53,47,,47,46,22,28,7,10,0.5,0.5
2023-12-25T1000,2258A,130.3648,46.8032,佳木斯市,十一中,细颗粒物(PM2.5),53,45,58,37,46,55,,50,50,17,29,5,8,0.6,0.8
2023-12-25T1000,2259A,130.3794,46.7588,佳木斯市,四丰,,40,40,47,28,30,55,,49,49,10,15,1,1,0.6,0.7
2023-12-25T1000,1252A,120.7436,30.778,嘉兴市,清河小学,细颗粒物(PM2.5),100,129,120,75,74,16,,8,8,67,57,16,10,1.0,1
2023-12-25T1000,1253A,120.726,30.7478,嘉兴市,嘉兴学院,细颗粒物(PM2.5),103,126,102,77,67,16,,8,8,74,59,17,11,1.0,1.1
2023-12-25T1000,2872A,120.7846,30.7525,嘉兴市,南湖区残联,,,131,110,,54,18,,12,12,71,59,17,11,1.0,0.8
2023-12-25T1000,3407A,120.6916,30.7739,嘉兴市,秀洲住建,细颗粒物(PM2.5),114,122,96,86,66,17,,4,4,69,59,15,10,1.7,1.4
2023-12-25T1000,1945A,98.2908,39.7711,嘉峪关市,气象局,颗粒物(PM10),75,100,103,29,31,27,,45,45,52,41,33,29,0.7,0.4
2023-12-25T1000,2884A,98.2672,39.7978,嘉峪关市,酒钢宾馆,,,92,108,29,32,,,42,42,48,41,,39,0.9,0.7
2023-12-25T1000,3248A,98.2643,39.7724,嘉峪关市,雄关区,颗粒物(PM10),61,71,84,20,26,22,,37,37,48,39,18,21,0.6,0.5
2023-12-25T1000,1383A,113.1064,22.6058,江门市,北街,,,51,38,26,22,48,,43,43,,36,,10,0.5,0.5
2023-12-25T1000,1384A,113.0731,22.5835,江门市,西区,,48,48,46,21,28,48,,44,42,36,35,15,14,0.5,0.5
2023-12-25T1000,1385A,113.0219,22.5311,江门市,圭峰西,,40,40,37,22,22,56,,57,56,29,25,5,5,0.5,0.5
2023-12-25T1000,1386A,113.0828,22.5947,江门市,东湖,,,44,41,21,27,,,44,44,38,37,12,11,0.5,0.5
2023-12-25T1000,3311A,113.1075,22.5647,江门市,江海富民,颗粒物(PM10),55,59,49,18,25,46,,40,40,45,42,13,12,0.5,0.5
2023-12-25T1000,3449A,113.05,22.4667,江门市,新会银湖,,46,46,40,20,19,52,,39,39,32,34,12,11,0.5,0.5
2023-12-25T1000,1828A,113.227,35.2125,焦作市,市环保局,细颗粒物(PM2.5),73,77,60,53,29,25,,22,12,45,36,23,17,1.1,0.7
2023-12-25T1000,1830A,113.1992,35.2590,焦作市,影视城,,,,,,,,,,,,,,,,
2023-12-25T1000,3169A,113.2725,35.2067,焦作市,太极体育中心,细颗粒物(PM2.5),88,95,66,65,32,17,,18,8,51,36,25,20,1.4,0.7
2023-12-25T1000,3335A,113.3137,35.2641,焦作市,马村街道办,细颗粒物(PM2.5),62,72,71,44,32,33,,18,18,39,36,15,16,1.0,0.9
2023-12-25T1000,3336A,113.2465,35.2373,焦作市,焦作技师学院,颗粒物(PM10),68,85,57,44,34,29,,17,14,49,39,20,14,0.9,0.5
2023-12-25T1000,3477A,113.1656,35.2539,焦作市,中站许衡医院,,42,42,48,23,26,42,,50,46,35,29,18,13,0.8,0.5
2023-12-25T1000,3981A,113.2449,35.1803,焦作市,原李万街道办,细颗粒物(PM2.5),92,97,68,68,32,18,,28,16,44,28,31,16,1.6,0.8
2023-12-25T1000,1708A,116.3701,23.5345,揭阳市,新兴,颗粒物(PM10),54,58,43,25,26,51,,37,37,26,29,17,11,0.6,0.7
2023-12-25T1000,1709A,116.3264,23.5443,揭阳市,西马,颗粒物(PM10),53,55,41,22,22,46,,47,44,28,22,11,9,0.6,0.6
2023-12-25T1000,1710A,116.3611,23.5626,揭阳市,东兴,颗粒物(PM10),60,70,49,22,22,53,,27,27,24,39,11,12,0.6,0.6
2023-12-25T1000,1711A,116.4151,23.5294,揭阳市,渔湖,,,61,46,26,25,,,,,29,30,20,10,0.7,0.7
2023-12-25T1000,3320A,116.403,23.5699,揭阳市,曲溪,颗粒物(PM10),54,58,51,32,26,43,,18,18,32,38,7,6,0.5,0.5
2023-12-25T1000,1944A,102.1692,38.5167,金昌市,天庆家园,颗粒物(PM10),78,105,110,49,60,24,,26,24,59,42,17,43,1.5,1.2
2023-12-25T1000,3170A,102.1864,38.5253,金昌市,市委党校,颗粒物(PM10),83,115,127,58,70,27,,27,26,53,34,14,30,2.1,1.2
2023-12-25T1000,4022A,102.1647,38.5371,金昌市,金川区人防中心,颗粒物(PM10),68,85,114,37,52,42,,44,42,32,27,14,40,1.4,1.2
2023-12-25T1000,1262A,119.647,29.077,金华市,十五中,颗粒物(PM10),72,93,80,44,38,18,,6,6,51,57,3,2,0.7,0.7
2023-12-25T1000,1263A,119.686,29.1029,金华市,监测站,颗粒物(PM10),81,111,79,56,39,12,,5,5,57,57,5,5,0.7,0.6
2023-12-25T1000,3659A,119.656,29.1131,金华市,气象局,颗粒物(PM10),76,102,92,48,46,11,,4,4,55,62,4,4,0.8,0.8
2023-12-25T1000,1767A,121.1115,41.0879,锦州市,南山,细颗粒物(PM2.5),135,132,112,103,93,29,,15,15,42,51,27,22,1.4,1.6
2023-12-25T1000,1768A,121.0533,40.8434,锦州市,开发区,细颗粒物(PM2.5),166,225,178,126,118,12,,8,8,90,73,56,39,1.6,1.6
2023-12-25T1000,1769A,121.1836,41.1119,锦州市,百股街道,细颗粒物(PM2.5),156,119,100,119,91,21,,12,12,52,51,24,21,2.0,1.7
2023-12-25T1000,1770A,121.1178,41.1222,锦州市,天安街道,细颗粒物(PM2.5),147,125,103,112,119,19,,16,16,52,48,22,24,2.1,1.8
2023-12-25T1000,1771A,121.1303,41.1386,锦州市,北湖公园,细颗粒物(PM2.5),163,149,94,124,86,9,,10,10,71,53,22,20,2.6,1.7
2023-12-25T1000,2160A,112.85,35.5051,晋城市,自来水公司,细颗粒物(PM2.5),94,127,59,70,28,24,,25,19,52,34,29,13,3.4,1.3
2023-12-25T1000,2161A,112.8318,35.4936,晋城市,白云商贸,颗粒物(PM10),83,116,60,53,23,25,,26,21,53,33,19,10,2.8,1.2
2023-12-25T1000,2162A,112.8508,35.4887,晋城市,市环保局,颗粒物(PM10),95,139,62,53,26,25,,26,21,53,35,24,14,2.6,1.3
2023-12-25T1000,2163A,112.8676,35.4897,晋城市,技术学院,细颗粒物(PM2.5),85,117,62,63,26,25,,21,15,53,37,26,16,2.8,1.4
2023-12-25T1000,2165A,112.8453,35.546,晋城市,白马寺,,,,,,,,,,,,,,,,
2023-12-25T1000,3620A,112.8271,35.4828,晋城市,泽州一中,颗粒物(PM10),76,102,46,46,19,26,,36,28,54,27,19,11,2.5,1.1
2023-12-25T1000,2171A,112.7532,37.6945,晋中市,锦纶小区,颗粒物(PM10),64,78,92,41,45,26,,10,10,37,56,17,17,1.1,1
2023-12-25T1000,2173A,112.7249,37.7067,晋中市,南都小区,颗粒物(PM10),70,89,88,46,49,19,,5,5,46,52,20,18,1.2,0.9
2023-12-25T1000,2174A,112.6991,37.6982,晋中市,榆次区政府,颗粒物(PM10),72,93,87,47,50,20,,7,7,46,56,20,19,1.4,1.2
2023-12-25T1000,2865A,112.7195,37.6828,晋中市,榆次三中,颗粒物(PM10),70,90,99,34,44,20,,7,7,42,57,17,21,1.2,1.1
2023-12-25T1000,2439A,112.2014,31.0481,荆门市,竹园小学,细颗粒物(PM2.5),162,162,133,123,96,28,,49,40,50,39,12,12,1.1,0.8
2023-12-25T1000,2440A,112.1969,30.9891,荆门市,掇刀,细颗粒物(PM2.5),153,168,135,117,100,16,,18,14,70,55,15,13,1.3,0.9
2023-12-25T1000,2441A,112.2213,31.0386,荆门市,石化一小,细颗粒物(PM2.5),152,217,144,116,95,8,,20,8,85,53,22,19,1.4,0.8
2023-12-25T1000,3012A,112.1849,31.0362,荆门市,西山林语,细颗粒物(PM2.5),135,130,111,103,86,43,,53,50,27,32,10,11,0.7,0.6
2023-12-25T1000,3547A,112.1632,31.0138,荆门市,龙泉中学南校,细颗粒物(PM2.5),152,151,130,116,94,34,,50,40,33,31,12,12,0.7,0.6
2023-12-25T1000,1844A,112.2494,30.3197,荆州市,市图书馆,细颗粒物(PM2.5),196,167,119,147,104,23,,35,25,49,46,9,15,1.2,0.9
2023-12-25T1000,1845A,112.2008,30.3544,荆州市,市委党校,细颗粒物(PM2.5),221,181,116,171,104,18,,28,18,42,43,7,15,1.3,1
2023-12-25T1000,3194A,112.2747,30.3122,荆州市,管委会,细颗粒物(PM2.5),176,155,115,133,105,31,,33,26,39,51,10,15,1.2,1.1
2023-12-25T1000,3548A,112.1655,30.3364,荆州市,学苑路,细颗粒物(PM2.5),202,162,108,152,102,15,,39,30,41,31,6,13,1.1,0.8
2023-12-25T1000,2342A,117.3102,29.3867,景德镇市,王港中学,,,,,,,,,,,,,,,,
2023-12-25T1000,2343A,117.2117,29.2933,景德镇市,老干部活动中心,,49,45,42,34,46,18,,6,6,24,30,4,4,0.5,0.6
2023-12-25T1000,2344A,117.1894,29.2789,景德镇市,兽医站,,49,49,59,34,28,21,,9,9,25,36,5,10,0.7,0.6
2023-12-25T1000,2345A,117.1547,29.2617,景德镇市,台达陶瓷,,,72,70,37,31,,,14,14,25,38,,9,0.7,0.7
2023-12-25T1000,2346A,117.2461,29.2956,景德镇市,陶研所,颗粒物(PM10),55,60,51,24,21,16,,4,4,26,28,6,7,0.7,0.7
2023-12-25T1000,1803A,115.9872,29.6815,九江市,十里,颗粒物(PM10),66,82,79,34,41,13,,6,6,56,48,13,10,1.2,1
2023-12-25T1000,1804A,115.9584,29.7046,九江市,茅山头,颗粒物(PM10),60,69,83,35,49,9,,2,2,52,63,12,15,0.8,0.9
2023-12-25T1000,1805A,115.9877,29.7295,九江市,西园,细颗粒物(PM2.5),84,80,90,62,54,12,,7,7,55,61,11,11,1.1,1.1
2023-12-25T1000,1806A,116.0172,29.6547,九江市,五七二七厂,颗粒物(PM10),60,69,62,35,32,34,,68,57,46,23,20,13,0.7,0.6
2023-12-25T1000,1808A,115.9114,29.6038,九江市,综合工业园,细颗粒物(PM2.5),72,82,72,52,50,20,,6,6,49,57,13,13,1.2,0.9
2023-12-25T1000,1809A,116.0721,29.7535,九江市,石化总厂,细颗粒物(PM2.5),88,108,105,65,55,20,,12,12,57,55,15,14,0.9,0.9
2023-12-25T1000,1810A,115.9773,29.5698,九江市,庐山气象台,,,35,41,13,16,84,,19,19,2,6,,8,0.4,0.6
2023-12-25T1000,3190A,116.0254,29.6994,九江市,外国语学校,细颗粒物(PM2.5),79,79,73,58,47,14,,4,4,61,68,14,13,1.1,1.1
2023-12-25T1000,2658A,98.5061,39.7443,酒泉市,仓门街子站,颗粒物(PM10),86,122,94,31,34,10,,25,21,53,36,25,14,1.5,0.8
2023-12-25T1000,2659A,98.4989,39.7256,酒泉市,油田生活基地,颗粒物(PM10),84,117,98,41,39,10,,18,18,51,41,18,14,1.0,0.7
2023-12-25T1000,2698A,76.0072,39.4467,喀什地区,巡警大队,,,,546,,160,,,,,,71,,7,,3.7
2023-12-25T1000,2699A,75.9755,39.4694,喀什地区,吾办,颗粒物(PM10),329,443,511,145,176,10,,10,10,62,68,3,4,3.0,2.9
2023-12-25T1000,4027A,75.9483,39.4689,喀什地区,老干局,颗粒物(PM10),373,478,562,170,209,12,,15,12,44,57,4,6,4.5,4.4
2023-12-25T1000,1824A,114.3389,34.7781,开封市,肿瘤医院,细颗粒物(PM2.5),108,133,89,81,51,7,,1,1,64,47,6,4,1.9,1.1
2023-12-25T1000,1826A,114.2885,34.7965,开封市,世纪星幼儿园,颗粒物(PM10),73,96,74,48,39,15,,8,7,58,48,5,4,1.2,0.7
2023-12-25T1000,3147A,114.3438,34.8106,开封市,龙亭公园,颗粒物(PM10),67,84,90,42,40,25,,10,10,53,55,6,5,0.5,0.4
2023-12-25T1000,3210A,114.3644,34.7964,开封市,汴京公园,细颗粒物(PM2.5),77,88,98,56,48,13,,2,2,57,53,8,7,1.0,0.8
2023-12-25T1000,3473A,114.2485,34.8306,开封市,技师学院,颗粒物(PM10),63,75,71,38,31,28,,22,22,60,53,4,2,0.3,0.3
2023-12-25T1000,3592A,114.4644,34.7556,开封市,祥符区生态环境局,细颗粒物(PM2.5),112,146,87,84,49,14,,7,7,63,60,6,5,0.8,0.6
2023-12-25T1000,1951A,84.895,45.6094,克拉玛依市,长征新村,细颗粒物(PM2.5),98,105,93,73,69,6,,18,18,78,66,9,10,1.2,1
2023-12-25T1000,1952A,84.8988,45.5893,克拉玛依市,南林小区,细颗粒物(PM2.5),94,101,103,70,75,21,,36,35,45,39,1,1,1.1,0.9
2023-12-25T1000,1954A,84.905,44.3396,克拉玛依市,独山子区,颗粒物(PM10),69,88,105,39,69,15,,54,48,66,54,5,4,1.3,0.8
2023-12-25T1000,1955A,85.6979,46.098,克拉玛依市,乌尔禾区商贸楼,细颗粒物(PM2.5),95,98,85,71,70,10,,9,7,57,50,8,9,1.1,0.8
2023-12-25T1000,3612A,85.1045,45.6899,克拉玛依市,白碱滩区新站,细颗粒物(PM2.5),140,127,98,107,76,4,,17,14,74,58,8,9,1.4,0.9
2023-12-25T1000,2697A,76.1454,39.7142,克孜勒苏柯尔克孜自治州,市人民政府,颗粒物(PM10),193,336,444,90,128,20,,19,19,17,28,4,6,1.1,1.3
2023-12-25T1000,3665A,76.1658,39.7157,克孜勒苏柯尔克孜自治州,克州文化中心,颗粒物(PM10),215,360,504,108,137,22,,26,25,24,35,8,9,1.5,1.8
2023-12-25T1000,1450A,102.8204,24.8886,昆明市,呈贡新区,,50,36,34,35,39,36,,38,38,23,17,5,5,0.9,0.9
2023-12-25T1000,1451A,102.6251,24.9608,昆明市,西山森林公园,,18,18,21,12,14,41,,35,35,10,18,5,5,0.8,1
2023-12-25T1000,1452A,102.7252,25.0902,昆明市,龙泉镇,,46,46,46,27,37,35,,23,22,20,27,8,9,1.0,1
2023-12-25T1000,1453A,102.7266,25.0375,昆明市,东风东路,细颗粒物(PM2.5),60,68,67,43,47,24,,23,23,32,37,8,8,1.0,1.1
2023-12-25T1000,1454A,102.6742,25.0669,昆明市,金鼎山,,50,50,54,31,38,32,,34,34,28,33,12,11,0.7,0.8
2023-12-25T1000,1455A,102.6644,25.0401,昆明市,碧鸡广场,,49,37,53,34,43,30,,32,32,28,37,9,8,1.0,1.1
2023-12-25T1000,3179A,102.7494,25.0119,昆明市,官渡区博物馆,,45,34,50,31,43,38,,28,28,21,35,8,7,0.5,0.6
2023-12-25T1000,3375A,102.8017,24.8336,昆明市,青年创业园,,48,36,41,33,34,45,,45,45,17,18,12,8,0.7,0.8
2023-12-25T1000,3550A,102.7997,24.9786,昆明市,昆明学院,,48,43,57,33,44,34,,30,30,24,27,9,9,0.6,0.7
2023-12-25T1000,3551A,102.5967,24.6736,昆明市,晋宁区生态环境分局,细颗粒物(PM2.5),64,50,56,46,42,45,,47,47,17,16,5,4,1.2,1
2023-12-25T1000,3552A,102.6678,24.9856,昆明市,云天化总部,,38,29,50,26,40,41,,40,40,15,29,5,5,0.7,0.9
2023-12-25T1000,1456A,91.1319,29.6514,拉萨市,八廓街,,,21,18,11,11,,,,,29,23,8,8,0.5,0.5
2023-12-25T1000,1457A,91.1221,29.6747,拉萨市,市环保局,,35,35,25,15,12,32,,50,40,31,19,9,8,1.2,0.9
2023-12-25T1000,1458A,91.0874,29.6475,拉萨市,区监测站,,19,19,14,12,9,40,,59,46,38,21,7,7,0.6,0.4
2023-12-25T1000,1459A,91.1774,29.6541,拉萨市,西藏大学,,15,15,15,9,9,47,,68,59,20,12,6,7,0.7,0.7
2023-12-25T1000,1460A,90.9798,29.6588,拉萨市,区辐射站,细颗粒物(PM2.5),88,87,28,65,16,17,,48,39,69,27,12,7,1.9,0.8
2023-12-25T1000,1461A,91.0834,29.6292,拉萨市,拉萨火车站,,34,30,18,20,10,17,,62,47,67,22,7,6,0.8,0.4
2023-12-25T1000,2520A,109.2203,23.7256,来宾市,来宾技工学校,细颗粒物(PM2.5),98,109,59,73,42,29,,21,13,45,28,19,10,1.1,0.7
2023-12-25T1000,3535A,109.1781,23.7297,来宾市,兴宾区政府,细颗粒物(PM2.5),68,60,48,49,34,48,,42,40,27,15,16,9,1.1,0.6
2023-12-25T1000,4002A,109.2416,23.7461,来宾市,中南小学,细颗粒物(PM2.5),79,77,55,58,36,46,,23,19,35,29,14,8,1.1,0.9
2023-12-25T1000,1476A,103.631,36.1031,兰州市,兰炼宾馆,,,140,142,73,83,,,4,3,54,77,43,28,1.8,1.8
2023-12-25T1000,1477A,104.1373,35.9454,兰州市,榆中兰大校区,,,,,,,,,,,,,,,,
2023-12-25T1000,1478A,103.8412,36.0726,兰州市,生物制品所,细颗粒物(PM2.5),112,163,129,84,74,7,,4,4,64,73,20,17,2.9,1.8
2023-12-25T1000,1479A,103.831,36.0464,兰州市,铁路设计院,细颗粒物(PM2.5),124,156,145,94,90,5,,4,4,68,82,25,26,3.4,2.6
2023-12-25T1000,3186A,103.7158,36.1058,兰州市,教育港,细颗粒物(PM2.5),109,136,122,82,67,6,,3,3,68,76,27,16,2.2,1.8
2023-12-25T1000,3241A,103.7439,36.0842,兰州市,百合公园,细颗粒物(PM2.5),113,124,119,85,74,7,,5,5,66,76,14,17,2.4,2
2023-12-25T1000,3242A,103.9611,35.998,兰州市,和平,颗粒物(PM10),105,159,126,71,72,12,,8,8,74,69,41,26,3.6,2.2
2023-12-25T1000,3245A,103.6633,36.533,兰州新区,新区管委会,细颗粒物(PM2.5),103,114,96,77,54,11,,2,2,42,39,35,22,1.4,1.2
2023-12-25T1000,3246A,103.6975,36.4789,兰州新区,舟曲中学,颗粒物(PM10),85,120,126,60,65,9,,4,4,50,50,22,19,1.3,1.3
2023-12-25T1000,1067A,116.6708,39.5111,廊坊市,药材公司,细颗粒物(PM2.5),124,134,86,94,51,11,,,,97,67,4,4,1.5,0.8
2023-12-25T1000,1068A,116.7214,39.5589,廊坊市,开发区,细颗粒物(PM2.5),82,106,77,60,43,7,,1,1,92,78,6,4,1.4,0.9
2023-12-25T1000,1070A,116.7244,39.5269,廊坊市,北华航天学院,细颗粒物(PM2.5),114,135,85,86,48,7,,1,1,108,80,7,5,2.1,1
2023-12-25T1000,2919A,116.7022,39.5453,廊坊市,河北工业大学,细颗粒物(PM2.5),94,110,89,70,55,8,,1,1,86,77,6,5,1.5,0.9
2023-12-25T1000,2535A,103.7723,29.5462,乐山市,花湖湾,细颗粒物(PM2.5),137,157,111,104,84,3,,12,3,38,25,4,3,0.6,0.4
2023-12-25T1000,2536A,103.7627,29.5844,乐山市,牛耳桥,细颗粒物(PM2.5),119,108,101,90,83,5,,11,7,41,36,6,4,1.1,0.8
2023-12-25T1000,2537A,103.7508,29.6006,乐山市,市第三水厂,细颗粒物(PM2.5),129,122,102,98,89,,,4,4,39,42,,4,1.4,0.9
2023-12-25T1000,2538A,103.7571,29.5664,乐山市,市监测站,细颗粒物(PM2.5),142,121,96,108,83,4,,5,3,40,35,7,7,1.0,0.7
2023-12-25T1000,3361A,103.7311,29.5628,乐山市,理工大学,细颗粒物(PM2.5),140,129,106,107,89,3,,3,2,40,37,7,6,1.0,0.7
2023-12-25T1000,2598A,100.2143,26.8576,丽江市,西南郊,,,,,,,,,,,,,,,,
2023-12-25T1000,2599A,100.2497,26.8802,丽江市,丽江古城,细颗粒物(PM2.5),65,65,49,47,32,34,,50,44,23,18,9,9,0.8,0.7
2023-12-25T1000,2600A,100.2203,26.8906,丽江市,市中心,,36,36,35,20,16,32,,42,35,25,17,8,9,0.9,0.7
2023-12-25T1000,1267A,119.914,28.4514,丽水市,监测站大楼,颗粒物(PM10),54,57,51,28,30,28,,11,11,25,34,14,7,0.6,0.5
2023-12-25T1000,1268A,119.93,28.4586,丽水市,莲都小学,颗粒物(PM10),58,66,56,34,34,21,,13,12,27,29,6,5,0.6,0.4
2023-12-25T1000,1269A,119.879,28.4231,丽水市,余庄前,颗粒物(PM10),55,59,49,36,31,21,,8,8,31,27,6,5,0.5,0.4
2023-12-25T1000,1173A,119.176,34.5885,连云港市,市环境监测站,细颗粒物(PM2.5),144,153,94,110,70,30,,15,15,56,48,24,16,1.2,0.9
2023-12-25T1000,3000A,119.3581,34.6972,连云港市,德源药业,细颗粒物(PM2.5),110,119,93,83,62,33,,8,8,54,57,23,14,1.2,0.8
2023-12-25T1000,3007A,119.178,34.844,连云港市,新城一中,细颗粒物(PM2.5),158,134,86,120,71,18,,15,15,70,57,23,17,1.3,0.8
2023-12-25T1000,3008A,119.3608,34.7519,连云港市,胡沟管理处,细颗粒物(PM2.5),92,105,82,68,53,36,,23,23,53,53,34,14,1.9,0.8
2023-12-25T1000,3009A,119.1478,34.5911,连云港市,矿山设计院,细颗粒物(PM2.5),132,151,102,100,67,21,,7,7,55,44,23,13,1.0,0.7
2023-12-25T1000,3434A,119.2413,34.6539,连云港市,工贸学校,细颗粒物(PM2.5),143,161,100,109,70,32,,26,24,56,39,22,17,1.2,0.9
2023-12-25T1000,3664A,119.4172,34.7341,连云港市,连云街道,细颗粒物(PM2.5),70,73,76,51,51,36,,52,45,44,27,54,14,1.5,0.8
2023-12-25T1000,2571A,102.3431,27.8099,凉山彝族自治州,青龙寺,,44,44,35,16,14,39,,38,36,15,10,8,4,0.9,0.8
2023-12-25T1000,2572A,102.2721,27.8415,凉山彝族自治州,邛海宾馆,,40,31,37,28,29,37,,47,42,16,14,12,12,1.1,1
2023-12-25T1000,2573A,102.2625,27.898,凉山彝族自治州,西昌市政府,,,,47,,38,25,,49,44,27,16,22,11,,0.8
2023-12-25T1000,2574A,102.2685,27.8851,凉山彝族自治州,凉山州政府,细颗粒物(PM2.5),53,48,44,37,35,30,,48,43,24,15,10,7,1.0,0.8
2023-12-25T1000,2575A,102.237,27.8914,凉山彝族自治州,长安,细颗粒物(PM2.5),58,51,47,41,36,24,,50,42,33,20,17,12,0.9,0.8
2023-12-25T1000,2212A,123.2,41.1953,辽阳市,宏伟区,细颗粒物(PM2.5),84,80,142,62,126,34,,12,12,37,59,24,23,1.3,2
2023-12-25T1000,2213A,123.1683,41.2495,辽阳市,新华园,细颗粒物(PM2.5),149,118,152,114,144,,,6,6,65,68,43,23,2.1,2.6
2023-12-25T1000,2214A,123.2354,41.2639,辽阳市,滨河路,细颗粒物(PM2.5),99,,113,74,124,34,,11,11,38,64,23,19,1.5,2
2023-12-25T1000,2215A,123.149,41.2991,辽阳市,铁西工业园,颗粒物(PM10),206,354,233,149,247,6,,6,6,71,68,31,17,3.2,3.6
2023-12-25T1000,2227A,125.1358,42.8845,辽源市,环保局,细颗粒物(PM2.5),133,122,67,101,49,25,,12,12,55,41,15,11,2.0,1.4
2023-12-25T1000,3239A,125.0764,42.9078,辽源市,银鹰制药,细颗粒物(PM2.5),107,96,67,80,54,41,,18,18,36,38,21,16,1.4,1.2
2023-12-25T1000,1625A,115.9848,36.4372,聊城市,区政府,细颗粒物(PM2.5),127,153,139,96,96,36,,18,18,39,51,10,9,1.0,1
2023-12-25T1000,2878A,116.0072,36.4343,聊城市,聊大东校,细颗粒物(PM2.5),133,144,130,101,103,42,,20,20,34,49,10,9,0.7,0.8
2023-12-25T1000,3200A,115.9819,36.4978,聊城市,监控中心,细颗粒物(PM2.5),110,146,138,83,98,39,,14,14,34,51,8,7,0.8,0.9
2023-12-25T1000,3513A,116.0445,36.4361,聊城市,九州社区,细颗粒物(PM2.5),125,139,129,95,93,37,,18,18,40,51,6,7,1.0,1
2023-12-25T1000,4018A,116.0567,36.4608,聊城市,星美广场,细颗粒物(PM2.5),114,146,132,86,91,37,,22,22,39,44,4,4,0.8,0.8
2023-12-25T1000,2632A,94.3681,29.6376,林芝市,林芝监测站,,17,17,8,7,4,32,,60,52,27,7,7,7,0.6,0.3
2023-12-25T1000,2633A,94.3616,29.6616,林芝市,林芝人民医院,,32,31,13,22,7,47,,59,54,18,8,9,8,0.9,0.5
2023-12-25T1000,2603A,100.0781,23.8982,临沧市,市环保局,,,,18,,18,,,50,48,6,7,7,6,0.4,0.4
2023-12-25T1000,2604A,100.0894,23.8822,临沧市,市气象局,,22,22,17,11,15,38,,47,44,10,8,5,5,0.5,0.5
2023-12-25T1000,1733A,111.5531,36.0783,临汾市,临钢医院,颗粒物(PM10),73,96,73,46,40,19,,12,8,40,37,15,11,1.0,0.9
2023-12-25T1000,1734A,111.5028,36.0714,临汾市,技工学校,颗粒物(PM10),74,97,79,53,49,17,,8,8,49,45,20,14,1.2,0.9
2023-12-25T1000,1736A,111.5018,36.0855,临汾市,市委,颗粒物(PM10),76,102,86,49,43,20,,9,9,48,46,20,12,1.2,0.9
2023-12-25T1000,3018A,111.505,36.1014,临汾市,唐尧大酒店,颗粒物(PM10),74,98,84,52,45,14,,5,5,46,44,18,12,1.1,1
2023-12-25T1000,3668A,111.5036,36.0414,临汾市,城南,颗粒物(PM10),81,111,86,55,44,9,,2,2,46,43,10,8,1.4,1.2
2023-12-25T1000,2667A,103.2069,35.5993,临夏回族自治州,环保局,颗粒物(PM10),64,77,85,29,34,2,,0,0,46,53,27,22,2.8,2.7
2023-12-25T1000,2668A,103.2417,35.6057,临夏回族自治州,建设大厦,颗粒物(PM10),73,96,90,32,33,15,,15,15,35,38,14,11,1.7,1.5
2023-12-25T1000,1618A,118.3429,35.0532,临沂市,沂河小区,细颗粒物(PM2.5),130,149,103,99,70,27,,16,16,73,61,21,19,1.5,0.8
2023-12-25T1000,1619A,118.295,35.0583,临沂市,鲁南制药厂,细颗粒物(PM2.5),200,224,128,150,74,16,,8,8,90,63,63,30,2.4,1.4
2023-12-25T1000,1620A,118.2794,34.9976,临沂市,新光毛纺厂,细颗粒物(PM2.5),137,151,108,104,70,20,,10,10,73,57,24,18,1.3,0.9
2023-12-25T1000,1621A,118.3956,35.0888,临沂市,河东保险公司,细颗粒物(PM2.5),155,178,99,118,68,20,,6,6,70,53,16,13,1.8,1.2
2023-12-25T1000,3370A,118.3564,35.0215,临沂市,十里堡居委,细颗粒物(PM2.5),122,146,101,92,63,26,,12,12,62,56,18,17,1.9,1.3
2023-12-25T1000,3496A,118.3604,35.1084,临沂市,南坊新区,细颗粒物(PM2.5),134,139,103,102,66,25,,9,9,62,61,15,15,1.6,1.2
2023-12-25T1000,3860A,118.3920,35.0300,临沂市,皇山花园小区,细颗粒物(PM2.5),137,171,98,104,58,24,,13,13,68,52,21,16,1.4,0.8
2023-12-25T1000,1870A,109.4856,24.3895,柳州市,柳东小学,细颗粒物(PM2.5),94,,44,70,42,68,,78,76,22,15,39,17,0.8,0.6
2023-12-25T1000,1871A,109.4157,24.3277,柳州市,环保监测站,细颗粒物(PM2.5),104,105,60,78,42,36,,29,22,38,29,22,12,0.9,0.7
2023-12-25T1000,1872A,109.389,24.341,柳州市,河西水厂,细颗粒物(PM2.5),109,153,77,82,39,24,,14,11,42,31,87,19,1.8,1.1
2023-12-25T1000,1873A,109.4311,24.2921,柳州市,市四中,颗粒物(PM10),65,80,50,45,35,47,,47,41,29,25,27,11,0.9,0.7
2023-12-25T1000,1874A,109.4006,24.3631,柳州市,市九中,细颗粒物(PM2.5),117,108,66,88,49,40,,20,18,39,35,22,9,0.9,0.7
2023-12-25T1000,1875A,109.4958,24.3134,柳州市,古亭山,细颗粒物(PM2.5),52,44,38,36,31,75,,62,61,16,22,20,12,1.0,0.8
2023-12-25T1000,3402A,109.5422,24.3996,柳州市,市二中,细颗粒物(PM2.5),83,84,42,61,34,56,,41,36,23,18,19,9,0.7,0.6
2023-12-25T1000,2307A,116.5079,31.737,六安市,监测大楼,颗粒物(PM10),109,168,77,55,45,16,,28,22,44,39,5,5,0.7,0.6
2023-12-25T1000,2308A,116.4738,31.7643,六安市,皖西学院,颗粒物(PM10),66,82,86,39,45,29,,22,22,48,44,6,5,0.9,0.8
2023-12-25T1000,2309A,116.4996,31.7905,六安市,朝阳厂,细颗粒物(PM2.5),69,77,73,50,46,18,,23,17,51,42,8,6,1.0,0.6
2023-12-25T1000,2310A,116.5567,31.7886,六安市,开发区,颗粒物(PM10),70,89,97,48,49,29,,18,18,31,40,6,6,0.8,0.8
2023-12-25T1000,2576A,104.8,26.5892,六盘水市,窑上,,,,,,,,,,,,,,,,
2023-12-25T1000,2577A,104.83,26.5917,六盘水市,黄土坡,细颗粒物(PM2.5),58,64,50,41,36,24,,40,36,39,28,21,15,1.3,1.2
2023-12-25T1000,2578A,104.89,26.5939,六盘水市,水钢,细颗粒物(PM2.5),72,55,57,52,44,38,,58,54,26,27,12,13,0.8,1
2023-12-25T1000,2579A,104.8475,26.5894,六盘水市,民中,细颗粒物(PM2.5),58,61,45,41,39,22,,43,39,40,30,19,12,1.1,1.1
2023-12-25T1000,2580A,104.9544,26.5506,六盘水市,双水,细颗粒物(PM2.5),63,46,42,45,29,47,,64,59,24,18,10,10,0.7,0.7
2023-12-25T1000,2335A,117.0189,25.1181,龙岩市,龙岩师专,,,,,,,,,,,,,,,,
2023-12-25T1000,2336A,117.0217,25.1033,龙岩市,龙岩市监测站,,44,44,24,15,16,64,,61,56,12,12,13,13,0.4,0.4
2023-12-25T1000,2337A,117.0258,25.0661,龙岩市,闽西职业技术学院,,41,41,23,16,15,54,,52,46,17,11,11,8,0.8,0.7
2023-12-25T1000,2338A,117.0196,25.0306,龙岩市,龙岩学院,,34,34,22,15,18,42,,51,46,26,10,8,7,0.6,0.4
2023-12-25T1000,2665A,105.0822,33.3261,陇南市,汉王镇固水子,,,,,,,,,,,,,,,,
2023-12-25T1000,2885A,104.9339,33.3826,陇南市,滨江中学,颗粒物(PM10),71,92,105,35,60,8,,4,4,43,54,90,48,1.4,2.4
2023-12-25T1000,3247A,104.955,33.371,陇南市,市总工会,细颗粒物(PM2.5),78,99,86,57,47,14,,13,10,42,43,39,16,1.1,0.9
2023-12-25T1000,2487A,111.9589,27.8901,娄底市,电视发射台,颗粒物(PM10),53,56,55,26,28,70,,63,62,10,9,6,4,1.1,0.9
2023-12-25T1000,2488A,111.9975,27.725,娄底市,市监测站,细颗粒物(PM2.5),125,142,108,95,75,11,,4,4,59,54,30,14,3.0,1.7
2023-12-25T1000,2489A,112.0194,27.7314,娄底市,市委党校,细颗粒物(PM2.5),107,125,98,80,64,8,,5,5,46,46,12,11,1.9,1.1
2023-12-25T1000,2490A,111.9561,27.7569,娄底市,涟钢,细颗粒物(PM2.5),89,109,98,66,63,21,,11,11,35,38,18,11,1.1,1.2
2023-12-25T1000,2491A,111.9892,27.7044,娄底市,市政府,细颗粒物(PM2.5),93,90,90,69,65,18,,14,14,30,39,7,9,1.1,1.2
2023-12-25T1000,1893A,105.4324,28.9634,泸州市,九狮山,细颗粒物(PM2.5),112,111,101,84,80,5,,10,8,38,25,8,6,0.7,0.6
2023-12-25T1000,1894A,105.4427,28.9063,泸州市,小市上码头,细颗粒物(PM2.5),108,104,105,81,79,16,,38,29,42,22,10,4,0.7,0.7
2023-12-25T1000,1895A,105.4241,28.8573,泸州市,兰田宪桥,细颗粒物(PM2.5),104,95,107,78,84,17,,20,18,33,30,9,4,0.8,0.8
2023-12-25T1000,1896A,105.4379,28.8833,泸州市,市环监站,细颗粒物(PM2.5),105,94,98,79,82,10,,21,16,40,28,12,9,0.7,0.7
2023-12-25T1000,3490A,105.3617,28.7703,泸州市,纳溪区环保局,细颗粒物(PM2.5),113,111,115,85,82,9,,6,6,30,34,5,5,0.7,0.7
2023-12-25T1000,2183A,111.1406,37.5211,吕梁市,环保局,,,78,90,40,40,,,2,2,55,57,,4,0.7,0.6
2023-12-25T1000,2185A,111.1297,37.5136,吕梁市,自来水公司,颗粒物(PM10),63,75,81,32,48,20,,7,7,38,50,13,10,0.8,0.7
2023-12-25T1000,2867A,111.1283,37.51,吕梁市,马茂庄小学,颗粒物(PM10),64,78,88,37,49,22,,5,5,39,56,8,6,1.0,1
2023-12-25T1000,1812A,112.3931,34.6516,洛阳市,市委党校,细颗粒物(PM2.5),82,105,73,60,39,15,,4,4,43,38,6,3,1.1,0.8
2023-12-25T1000,1814A,112.4657,34.6871,洛阳市,豫西宾馆,颗粒物(PM10),71,92,82,41,38,18,,7,7,50,47,11,8,1.0,0.9
2023-12-25T1000,1815A,112.494,34.6886,洛阳市,河南林校,颗粒物(PM10),67,83,71,37,36,13,,4,4,54,43,11,7,0.8,0.7
2023-12-25T1000,1816A,112.3844,34.623,洛阳市,开发区管委会,颗粒物(PM10),59,67,50,38,29,21,,24,21,32,21,1,3,0.8,0.5
2023-12-25T1000,1817A,112.4267,34.6258,洛阳市,市委新办公区,细颗粒物(PM2.5),59,54,56,42,38,28,,24,22,28,27,5,5,0.8,0.6
2023-12-25T1000,3340A,112.6005,34.6326,洛阳市,伊滨,颗粒物(PM10),76,102,68,53,33,11,,11,7,44,31,2,2,1.1,0.7
2023-12-25T1000,3341A,112.4951,34.6332,洛阳市,中移产业园,颗粒物(PM10),63,76,57,44,32,18,,15,10,36,28,6,5,1.2,0.8
2023-12-25T1000,3593A,112.5736,34.8993,洛阳市,吉利监测站,颗粒物(PM10),55,60,50,27,23,35,,9,9,33,35,8,6,0.9,0.5
2023-12-25T1000,3635A,112.3677,34.662,洛阳市,河科大西苑校区,细颗粒物(PM2.5),93,118,79,69,44,15,,5,5,45,36,9,5,1.0,0.8
2023-12-25T1000,3636A,112.4388,34.6781,洛阳市,英才小学,颗粒物(PM10),70,90,70,45,40,12,,5,5,45,39,14,7,1.2,0.8
2023-12-25T1000,2399A,114.051,33.5699,漯河市,三五一五工厂,细颗粒物(PM2.5),145,156,135,111,89,21,,7,6,52,51,6,6,0.8,0.8
2023-12-25T1000,2400A,114.0055,33.5698,漯河市,漯河大学,细颗粒物(PM2.5),144,151,125,110,83,19,,19,14,58,51,10,7,1.1,0.8
2023-12-25T1000,2401A,114.0138,33.5828,漯河市,市水利局,细颗粒物(PM2.5),153,161,133,117,85,20,,21,15,50,40,11,9,1.1,0.8
2023-12-25T1000,2402A,114.0261,33.5698,漯河市,市广电局,细颗粒物(PM2.5),139,164,130,106,81,19,,21,14,58,44,6,5,1.0,0.7
2023-12-25T1000,3478A,113.9749,33.5664,漯河市,市图书馆,细颗粒物(PM2.5),153,155,130,117,90,22,,28,21,40,29,7,6,0.8,0.6
2023-12-25T1000,3479A,114.0967,33.5906,漯河市,召陵区卫健委,细颗粒物(PM2.5),147,149,141,112,85,14,,8,7,59,47,15,12,1.0,0.7
2023-12-25T1000,1798A,118.5092,31.6837,马鞍山市,湖东路四小,细颗粒物(PM2.5),79,97,77,58,50,20,,7,7,60,54,10,11,1.3,0.9
2023-12-25T1000,1799A,118.5024,31.6449,马鞍山市,开发区,细颗粒物(PM2.5),102,118,90,76,64,11,,3,3,61,54,12,11,2.7,1
2023-12-25T1000,1800A,118.5228,31.7231,马鞍山市,慈湖,颗粒物(PM10),108,165,101,70,67,18,,6,6,63,54,10,14,1.7,1.4
2023-12-25T1000,1802A,118.6245,31.7241,马鞍山市,濮塘,,,89,84,47,48,,,42,38,20,22,8,11,1.1,0.9
2023-12-25T1000,3633A,118.4918,31.6809,马鞍山市,雨山,细颗粒物(PM2.5),88,116,88,65,54,18,,4,4,65,53,11,12,1.0,0.6
2023-12-25T1000,1686A,111.0286,21.4688,茂名市,电白南海,颗粒物(PM10),51,51,43,31,24,74,,62,62,17,18,16,14,0.5,0.3
2023-12-25T1000,1687A,110.9294,21.6533,茂名市,茂石化七小,颗粒物(PM10),53,56,48,36,33,59,,59,58,26,18,21,14,0.6,0.5
2023-12-25T1000,1688A,110.9107,21.6687,茂名市,健康路,,48,48,49,24,29,57,,56,56,23,21,27,24,0.7,0.8
2023-12-25T1000,1689A,110.8592,21.6828,茂名市,高岭,颗粒物(PM10),54,58,55,36,32,47,,42,41,26,26,47,34,0.3,0.3
2023-12-25T1000,3450A,111.01,21.5165,茂名市,电白水东,,48,48,46,22,24,67,,65,65,18,18,9,11,0.4,0.4
2023-12-25T1000,2539A,104.0308,30.0478,眉山市,黑龙滩水库,细颗粒物(PM2.5),75,84,83,55,51,35,,49,42,10,8,3,3,0.5,0.4
2023-12-25T1000,2540A,103.8416,30.0874,眉山市,气象局,细颗粒物(PM2.5),128,114,90,97,81,7,,6,6,49,41,8,7,1.1,0.9
2023-12-25T1000,3137A,103.8578,30.0744,眉山市,市委党校,细颗粒物(PM2.5),117,117,96,88,79,6,,4,4,44,39,10,7,0.9,0.6
2023-12-25T1000,3148A,103.8291,30.0564,眉山市,区人社局,细颗粒物(PM2.5),125,107,84,95,84,6,,4,4,57,46,11,8,1.3,0.8
2023-12-25T1000,1690A,116.1231,24.3284,梅州市,梅江月梅,,32,32,30,20,18,20,,12,8,38,29,9,9,0.8,0.7
2023-12-25T1000,1691A,116.0797,24.2719,梅州市,梅县新城,,,40,32,17,21,33,,10,10,24,30,,5,0.6,0.5
2023-12-25T1000,1692A,116.1248,24.2654,梅州市,环境监控中心,颗粒物(PM10),51,51,39,24,25,16,,10,10,35,36,9,6,0.6,0.5
2023-12-25T1000,3315A,116.1233,24.2991,梅州市,梅龙,,39,39,33,26,21,20,,7,7,24,28,9,7,0.6,0.5
2023-12-25T1000,1878A,104.7778,31.4741,绵阳市,富乐山,细颗粒物(PM2.5),83,82,70,61,56,8,,10,10,48,39,6,7,1.0,0.8
2023-12-25T1000,1879A,104.7563,31.4535,绵阳市,市人大,细颗粒物(PM2.5),82,92,89,60,64,6,,3,3,44,49,6,6,1.3,1
2023-12-25T1000,1880A,104.6697,31.4668,绵阳市,高新区自来水公司,颗粒物(PM10),88,126,113,59,60,4,,2,2,40,39,10,9,1.1,0.8
2023-12-25T1000,1881A,104.7287,31.5075,绵阳市,三水厂,细颗粒物(PM2.5),94,116,97,70,68,7,,4,4,36,42,6,6,1.2,1
2023-12-25T1000,3491A,104.69,31.5322,绵阳市,西科大附属小学,细颗粒物(PM2.5),77,88,86,56,61,10,,5,5,41,49,5,6,1.1,0.8
2023-12-25T1000,3492A,104.5648,31.5343,绵阳市,安州区旅游局,"颗粒物(PM10),细颗粒物(PM2.5)",102,153,96,76,63,5,,4,4,53,42,7,8,2.0,1.3
2023-12-25T1000,1784A,129.61,44.561,牡丹江市,环保大楼,,,90,95,61,65,35,,26,26,,52,16,13,,1
2023-12-25T1000,1785A,129.6115,44.5782,牡丹江市,文化广场,细颗粒物(PM2.5),90,79,102,67,82,29,,22,22,45,57,19,18,1.3,1.4
2023-12-25T1000,1786A,129.5904,44.5963,牡丹江市,第一医院,细颗粒物(PM2.5),130,136,95,99,86,16,,10,8,62,59,17,14,1.6,1.4
2023-12-25T1000,1787A,129.6364,44.6075,牡丹江市,机车工厂,细颗粒物(PM2.5),139,190,117,106,85,20,,11,11,61,63,,38,1.8,1.4
2023-12-25T1000,1788A,129.6386,44.5462,牡丹江市,第一中学,细颗粒物(PM2.5),97,73,96,72,75,34,,28,28,37,53,15,14,1.1,1.1
2023-12-25T1000,2531A,105.0703,29.61,内江市,市监测站,细颗粒物(PM2.5),117,95,74,88,76,14,,24,18,30,34,7,7,0.9,0.8
2023-12-25T1000,2532A,105.0717,29.5947,内江市,东兴区政府,细颗粒物(PM2.5),105,91,79,79,67,18,,29,27,39,38,7,6,0.8,0.8
2023-12-25T1000,2533A,105.0653,29.5817,内江市,内江二中,细颗粒物(PM2.5),113,118,82,85,71,30,,15,15,,42,,5,0.8,0.7
2023-12-25T1000,2534A,105.0406,29.5822,内江市,内江日报社,细颗粒物(PM2.5),114,95,85,86,70,12,,16,15,43,48,5,5,0.7,0.7
2023-12-25T1000,1290A,115.8931,28.6843,南昌市,省外办,细颗粒物(PM2.5),89,123,126,66,70,16,,7,7,59,55,10,8,0.8,1.1
2023-12-25T1000,1291A,115.8886,28.7003,南昌市,省林业公司,颗粒物(PM10),93,136,112,68,59,10,,3,3,62,61,11,10,1.0,1
2023-12-25T1000,1292A,115.8126,28.7442,南昌市,林科所,细颗粒物(PM2.5),89,117,84,66,46,15,,19,19,45,46,13,11,0.8,0.6
2023-12-25T1000,1294A,115.8518,28.687,南昌市,建工学校,颗粒物(PM10),81,111,105,48,53,19,,9,6,58,54,12,8,1.1,0.8
2023-12-25T1000,1295A,115.8921,28.6424,南昌市,象湖,细颗粒物(PM2.5),108,132,103,81,62,10,,3,3,67,61,17,9,1.9,1.2
2023-12-25T1000,1296A,115.7423,28.7996,南昌市,武术学校,,24,24,36,9,14,24,,17,16,9,11,6,8,0.3,0.3
2023-12-25T1000,1298A,115.9314,28.6842,南昌市,省站,颗粒物(PM10),87,124,127,55,70,17,,6,6,46,59,12,11,0.6,1.1
2023-12-25T1000,3046A,115.9084,28.6062,南昌市,机电学校,颗粒物(PM10),109,167,126,73,61,11,,6,6,54,58,14,9,0.8,0.8
2023-12-25T1000,3690A,115.9721,28.7031,南昌市,外国语学校,颗粒物(PM10),77,104,119,53,61,33,,14,14,37,54,12,10,0.5,0.9
2023-12-25T1000,1905A,106.056,30.8064,南充市,西山风景区,细颗粒物(PM2.5),85,79,74,63,69,28,,45,41,20,33,5,7,0.7,0.8
2023-12-25T1000,1906A,106.0789,30.8023,南充市,南充市委,,,,87,,56,,,10,10,34,41,8,7,1.0,0.9
2023-12-25T1000,1907A,106.1031,30.8217,南充市,南充炼油厂,细颗粒物(PM2.5),105,106,105,79,78,7,,9,9,37,40,6,8,0.5,0.6
2023-12-25T1000,1908A,106.1064,30.7856,南充市,高坪区监测站,细颗粒物(PM2.5),87,91,106,64,71,14,,8,8,28,39,12,7,0.6,0.7
2023-12-25T1000,1909A,106.0642,30.7636,南充市,嘉陵区环保局,细颗粒物(PM2.5),89,90,105,66,68,18,,8,8,30,42,5,6,0.7,0.8
2023-12-25T1000,1910A,106.1087,30.8388,南充市,市环境监测站,细颗粒物(PM2.5),85,98,99,63,67,10,,17,17,32,42,6,10,0.6,0.6
2023-12-25T1000,1151A,118.8086,32.1065,南京市,迈皋桥,细颗粒物(PM2.5),92,132,88,68,48,8,,2,2,68,47,17,5,1.7,0.7
2023-12-25T1000,1152A,118.7538,32.0551,南京市,草场门,细颗粒物(PM2.5),92,127,87,68,48,16,,8,8,88,65,31,6,2.0,0.6
2023-12-25T1000,1153A,118.7794,32.0745,南京市,山西路,细颗粒物(PM2.5),100,134,103,75,56,16,,7,7,99,74,34,10,1.5,0.5
2023-12-25T1000,1154A,118.7752,32.0023,南京市,中华门,颗粒物(PM10),82,114,83,58,48,16,,6,4,80,59,23,10,1.6,0.9
2023-12-25T1000,1155A,118.8109,32.0309,南京市,瑞金路,细颗粒物(PM2.5),98,134,93,73,51,11,,6,6,103,72,12,6,1.4,0.9
2023-12-25T1000,1156A,118.7997,32.0754,南京市,玄武湖,细颗粒物(PM2.5),82,101,84,60,47,4,,2,2,79,56,12,8,1.4,0.8
2023-12-25T1000,1157A,118.6414,32.0931,南京市,浦口,颗粒物(PM10),80,110,89,57,52,30,,52,45,65,32,10,5,0.8,0.4
2023-12-25T1000,1158A,118.7356,31.9996,南京市,奥体中心,颗粒物(PM10),96,142,90,63,51,18,,8,8,83,63,17,8,1.6,0.8
2023-12-25T1000,1159A,118.9125,32.1028,南京市,仙林大学城,颗粒物(PM10),78,105,83,51,47,9,,2,2,80,57,8,5,1.4,1
2023-12-25T1000,3422A,118.8436,31.9198,南京市,江宁彩虹桥,颗粒物(PM10),89,127,98,48,51,12,,6,6,76,60,11,9,0.9,0.6
2023-12-25T1000,3423A,119.0138,31.6494,南京市,溧水永阳,细颗粒物(PM2.5),97,88,81,72,59,36,,17,17,42,37,4,4,0.7,0.7
2023-12-25T1000,3424A,118.879,31.3302,南京市,高淳老职中,细颗粒物(PM2.5),85,64,78,63,54,30,,25,22,43,38,7,7,0.9,0.6
2023-12-25T1000,3427A,118.8554,32.3578,南京市,六合雄州,颗粒物(PM10),80,109,96,57,49,6,,4,4,40,42,15,17,0.8,0.7
2023-12-25T1000,1401A,108.3103,22.7881,南宁市,二十一中,细颗粒物(PM2.5),77,92,61,56,42,14,,14,6,62,41,21,15,1.0,0.7
2023-12-25T1000,1402A,108.3141,22.8528,南宁市,北湖,颗粒物(PM10),57,64,63,38,37,16,,6,6,40,35,19,12,0.9,0.7
2023-12-25T1000,1403A,108.3206,22.8225,南宁市,市监测站,细颗粒物(PM2.5),74,90,69,54,45,14,,21,10,66,60,19,13,0.9,0.8
2023-12-25T1000,1404A,108.3829,22.8037,南宁市,大自然花园,颗粒物(PM10),61,71,45,42,34,26,,32,22,51,32,18,11,0.6,0.5
2023-12-25T1000,1405A,108.4394,22.7904,南宁市,仙葫,颗粒物(PM10),60,70,57,34,35,54,,23,16,31,32,12,9,0.7,0.7
2023-12-25T1000,1406A,108.2397,22.8467,南宁市,区农职院,颗粒物(PM10),59,67,46,36,29,20,,20,18,43,28,25,12,0.9,0.7
2023-12-25T1000,1407A,108.3275,22.735,南宁市,英华嘉园,细颗粒物(PM2.5),68,71,53,49,38,25,,10,10,46,41,35,14,0.7,0.6
2023-12-25T1000,1408A,108.2257,22.7757,南宁市,沙井镇街道办,颗粒物(PM10),64,77,81,41,40,27,,6,6,34,42,19,20,0.8,0.7
2023-12-25T1000,3401A,108.4834,22.7618,南宁市,红星社区,颗粒物(PM10),51,52,52,35,34,45,,23,19,32,29,9,8,0.5,0.4
2023-12-25T1000,2331A,118.0966,26.6761,南平市,茫荡山,,,,,,,,,,,,,,,,
2023-12-25T1000,2332A,118.1681,26.6369,南平市,南平市监测站,,30,30,31,16,23,42,,15,15,16,28,5,5,0.7,0.7
2023-12-25T1000,2333A,118.1825,26.6489,南平市,南平铝业有限公司,颗粒物(PM10),51,51,31,19,23,30,,11,11,19,29,6,6,0.5,0.6
2023-12-25T1000,2334A,118.1756,26.6272,南平市,南平七中,,50,50,28,23,26,33,,16,16,20,20,6,6,0.7,0.5
2023-12-25T1000,1168A,120.9098,31.9663,南通市,狼山街道,细颗粒物(PM2.5),122,129,81,92,58,22,,30,26,73,36,17,10,0.9,0.5
2023-12-25T1000,1169A,120.86,32.0005,南通市,虹桥,细颗粒物(PM2.5),122,130,92,92,65,33,,26,21,62,50,11,8,1.1,0.9
2023-12-25T1000,1170A,120.87,32.02,南通市,城中,细颗粒物(PM2.5),112,119,84,84,59,35,,16,16,54,46,15,10,0.9,0.7
2023-12-25T1000,1171A,120.94,31.93,南通市,星湖花园,细颗粒物(PM2.5),127,145,87,96,56,22,,25,22,68,46,16,8,1.1,0.6
2023-12-25T1000,1172A,120.81,32.0417,南通市,紫琅学院,细颗粒物(PM2.5),113,145,102,85,66,28,,7,7,62,53,15,9,0.7,0.5
2023-12-25T1000,3291A,121.067,32.062,南通市,通州监测站,细颗粒物(PM2.5),117,129,106,88,70,34,,11,11,58,49,11,8,0.7,0.7
2023-12-25T1000,3432A,120.9348,31.9883,南通市,环境教育馆,细颗粒物(PM2.5),102,105,74,76,56,25,,20,16,60,35,14,10,1.0,0.7
2023-12-25T1000,2404A,112.5224,33.0122,南阳市,瓦房庄,细颗粒物(PM2.5),138,140,130,105,111,5,,3,3,61,61,8,8,1.3,1.2
2023-12-25T1000,2405A,112.5003,32.9735,南阳市,汉画馆,细颗粒物(PM2.5),135,143,132,103,98,14,,4,4,59,49,10,8,1.0,0.9
2023-12-25T1000,2406A,112.5573,33.027,南阳市,气象站,细颗粒物(PM2.5),119,141,136,90,102,8,,4,4,47,52,6,7,1.1,1
2023-12-25T1000,2407A,112.5481,32.9689,南阳市,理工学院,细颗粒物(PM2.5),132,148,128,100,93,9,,7,3,55,58,9,9,1.2,1
2023-12-25T1000,4008A,112.5234,32.9922,南阳市,卧龙区政府,细颗粒物(PM2.5),129,140,132,98,98,11,,4,4,62,62,10,8,1.2,1.1
2023-12-25T1000,1234A,121.8358,29.911,宁波市,区环保大楼,细颗粒物(PM2.5),108,140,108,81,64,33,,10,10,61,67,14,11,0.9,0.9
2023-12-25T1000,1235A,121.56,29.82,宁波市,万里学院,颗粒物(PM10),81,112,102,59,65,32,,7,7,53,61,9,8,0.8,0.7
2023-12-25T1000,1236A,121.713,29.9572,宁波市,龙赛医院,细颗粒物(PM2.5),99,131,108,74,56,46,,9,9,54,70,13,10,1.1,1
2023-12-25T1000,1239A,121.633,29.7733,宁波市,钱湖水厂,细颗粒物(PM2.5),89,120,123,66,61,22,,8,8,49,59,12,10,0.9,0.8
2023-12-25T1000,1240A,121.5856,29.8635,宁波市,太古小学,细颗粒物(PM2.5),95,102,88,71,62,39,,8,8,44,61,11,9,1.1,1
2023-12-25T1000,1241A,121.524,29.8674,宁波市,市环境监测中心,颗粒物(PM10),88,125,108,62,63,30,,6,6,50,63,14,12,1.1,1.2
2023-12-25T1000,2871A,121.6147,29.9017,宁波市,万里国际学校,细颗粒物(PM2.5),113,113,98,85,70,37,,12,12,50,67,13,10,1.2,1.2
2023-12-25T1000,3710A,121.5594,29.8975,宁波市,白沙活动中心,细颗粒物(PM2.5),94,99,93,70,62,35,,10,10,56,66,12,9,1.1,1
2023-12-25T1000,2339A,119.5001,26.6946,宁德市,金涵水库,,,,,,,,,,,,,,,,
2023-12-25T1000,2341A,119.5388,26.6612,宁德市,宁德市监测站,,45,45,32,25,28,39,,33,30,17,18,6,6,0.7,0.7
2023-12-25T1000,3209A,119.5231,26.6562,宁德市,宁德一中,,43,43,36,17,24,32,,31,29,22,15,3,2,0.8,0.7
2023-12-25T1000,2618A,98.8601,25.8567,怒江州,州监测站,,30,30,32,20,20,21,,24,22,16,15,9,9,0.4,0.3
2023-12-25T1000,2619A,98.8546,25.8417,怒江州,泸水一中,,29,28,32,20,23,5,,15,12,20,21,6,7,0.5,0.5
2023-12-25T1000,1888A,101.6891,26.571,攀枝花市,弄弄坪,颗粒物(PM10),59,67,58,40,34,10,,17,16,32,33,17,45,1.5,1.2
2023-12-25T1000,1889A,101.5769,26.5928,攀枝花市,河门口,,48,45,48,33,32,13,,25,20,23,23,8,18,1.2,1.2
2023-12-25T1000,1890A,101.7169,26.585,攀枝花市,炳草岗,细颗粒物(PM2.5),65,60,58,47,36,9,,15,14,36,34,35,64,1.0,0.9
2023-12-25T1000,1891A,101.7369,26.5008,攀枝花市,仁和,,42,42,32,29,23,20,,29,28,31,17,16,6,1.0,0.8
2023-12-25T1000,2835A,101.7227,26.567,攀枝花市,四十中小,"颗粒物(PM10),细颗粒物(PM2.5)",52,54,58,36,34,16,,24,22,33,30,31,61,1.2,1.1
2023-12-25T1000,1604A,122.0303,41.1489,盘锦市,开发区,细颗粒物(PM2.5),114,110,107,86,96,20,,8,8,,92,360,52,1.9,2.1
2023-12-25T1000,1605A,122.0485,41.0883,盘锦市,兴隆台,细颗粒物(PM2.5),145,,99,111,89,20,,12,12,81,71,143,36,2.5,2.3
2023-12-25T1000,1606A,121.8297,41.1028,盘锦市,新生街道,细颗粒物(PM2.5),107,127,116,80,83,19,,12,12,58,61,241,40,1.7,1.6
2023-12-25T1000,1832A,113.3257,33.742,平顶山市,新华旅馆,颗粒物(PM10),106,161,145,59,68,12,,5,5,53,50,11,8,1.4,1
2023-12-25T1000,1833A,113.2919,33.737,平顶山市,规划设计院,细颗粒物(PM2.5),97,130,127,72,67,11,,5,5,44,47,21,11,1.2,1.1
2023-12-25T1000,1834A,113.182,33.774,平顶山市,平顶山工学院,细颗粒物(PM2.5),94,123,108,70,55,16,,21,21,42,38,7,7,1.0,0.7
2023-12-25T1000,3204A,113.3025,33.73,平顶山市,规划局,细颗粒物(PM2.5),94,134,139,70,75,12,,6,6,47,50,18,10,1.0,0.9
2023-12-25T1000,3594A,112.8867,33.9116,平顶山市,石龙区,细颗粒物(PM2.5),102,128,127,76,50,26,,17,17,56,59,10,7,0.8,0.5
2023-12-25T1000,2656A,106.6692,35.5461,平凉市,聚贤嘉苑,,50,50,60,35,38,22,,14,14,41,49,15,10,0.9,0.8
2023-12-25T1000,2657A,106.7021,35.5307,平凉市,博物馆,细颗粒物(PM2.5),102,115,87,76,55,18,,12,12,64,61,25,16,1.8,1.3
2023-12-25T1000,2347A,114.0997,27.5002,萍乡市,武功山,细颗粒物(PM2.5),52,51,35,36,22,43,,37,37,10,9,1,2,0.3,0.2
2023-12-25T1000,2348A,113.8385,27.6434,萍乡市,中医院,细颗粒物(PM2.5),89,109,105,66,69,14,,4,4,40,38,22,15,1.4,1.1
2023-12-25T1000,2349A,113.8493,27.6253,萍乡市,市政府车库,,,112,91,64,65,15,,7,7,43,35,,15,6.2,1.6
2023-12-25T1000,2350A,113.8676,27.6435,萍乡市,市环保局,细颗粒物(PM2.5),84,92,91,62,55,23,,9,9,37,43,24,11,1.0,1.1
2023-12-25T1000,2351A,113.866,27.6198,萍乡市,安源区政府,,,133,94,63,59,19,,6,6,50,39,16,8,,1.5
2023-12-25T1000,2319A,119.0141,25.4325,莆田市,荔城区仓后路,,40,40,37,20,19,71,,65,64,15,17,7,7,0.6,0.6
2023-12-25T1000,2320A,119.0015,25.4553,莆田市,莆田市监测站,,46,46,31,17,21,76,,73,71,14,15,8,8,0.6,0.5
2023-12-25T1000,2321A,119.1119,25.4561,莆田市,涵江区六中,,49,49,38,18,18,82,,70,70,14,16,8,8,0.5,0.5
2023-12-25T1000,2322A,119.1013,25.3215,莆田市,秀屿区政府,颗粒物(PM10),52,54,44,27,18,70,,68,67,22,21,10,10,0.5,0.5
2023-12-25T1000,2323A,118.981,25.4792,莆田市,东圳水库,,,,,,,,,,,,,,,,
2023-12-25T1000,2392A,115.0312,35.7636,濮阳市,环保局,,,,92,,64,,,10,7,55,47,8,6,1.2,1
2023-12-25T1000,2394A,115.0574,35.7609,濮阳市,油田运输公司,细颗粒物(PM2.5),117,131,108,88,67,21,,8,7,59,52,10,9,1.0,0.8
2023-12-25T1000,2395A,115.0866,35.7754,濮阳市,油田物探公司,细颗粒物(PM2.5),110,141,111,83,70,17,,9,7,57,46,6,6,1.4,1.1
2023-12-25T1000,3021A,115,35.7668,濮阳市,濮水河管理处,细颗粒物(PM2.5),107,94,96,80,74,16,,13,11,72,51,7,6,1.3,0.9
2023-12-25T1000,2601A,100.98,22.7633,普洱市,市环保局,细颗粒物(PM2.5),57,40,28,40,31,40,,45,43,9,8,4,4,0.5,0.4
2023-12-25T1000,2602A,100.9817,22.8322,普洱市,普洱第二中学,,35,35,28,17,10,32,,54,48,20,10,5,5,0.6,0.5
2023-12-25T1000,2262A,131.0518,45.8751,七台河市,新一中,细颗粒物(PM2.5),90,77,83,67,72,57,,44,44,26,36,12,12,0.8,0.9
2023-12-25T1000,3345A,131.0577,45.7879,七台河市,中波台,细颗粒物(PM2.5),74,63,108,54,91,51,,29,29,30,46,10,11,0.7,1
2023-12-25T1000,3637A,131.0176,45.7761,七台河市,人民广场,细颗粒物(PM2.5),68,73,126,49,95,46,,28,28,37,58,6,6,0.8,1.2
2023-12-25T1000,3684A,130.8781,45.8222,七台河市,新建矿广场,颗粒物(PM10),144,237,167,105,113,,,27,27,62,68,28,54,1.5,1.3
2023-12-25T1000,1779A,123.9305,47.3636,齐齐哈尔市,安居小区,细颗粒物(PM2.5),134,151,58,102,32,10,,11,6,51,36,14,10,2.0,0.9
2023-12-25T1000,1780A,123.9488,47.3386,齐齐哈尔市,中心广场,细颗粒物(PM2.5),105,105,55,79,30,9,,13,10,57,40,11,6,1.8,0.9
2023-12-25T1000,1781A,123.9483,47.3227,齐齐哈尔市,农牧车辆厂,颗粒物(PM10),95,139,54,59,28,8,,7,7,59,44,14,10,1.7,0.9
2023-12-25T1000,1783A,123.945,47.2988,齐齐哈尔市,市环境监测站,细颗粒物(PM2.5),124,167,57,94,34,12,,12,8,48,35,5,6,1.4,0.6
2023-12-25T1000,3662A,123.6333,47.2075,齐齐哈尔市,富区青少年活动中心,颗粒物(PM10),125,199,63,90,28,10,,16,13,42,24,63,14,2.4,0.7
2023-12-25T1000,2591A,107.9783,26.5747,黔东南苗族侗族自治州,市环境监测站,细颗粒物(PM2.5),58,62,49,41,36,12,,26,20,43,39,14,11,0.8,0.5
2023-12-25T1000,2881A,107.8908,26.5311,黔东南苗族侗族自治州,凯里学院,,40,40,44,26,28,26,,30,28,25,23,5,5,0.6,0.5
2023-12-25T1000,2593A,107.5228,26.2403,黔南布依族苗族自治州,小围寨,细颗粒物(PM2.5),58,48,48,41,36,25,,29,21,18,18,7,8,0.8,0.6
2023-12-25T1000,3538A,107.5175,26.2978,黔南布依族苗族自治州,沙坝,细颗粒物(PM2.5),67,63,51,48,39,18,,24,20,23,17,7,8,0.8,0.7
2023-12-25T1000,2589A,104.9022,25.0925,黔西南布依族苗族自治州,场坝街,细颗粒物(PM2.5),82,79,61,60,56,11,,8,8,25,26,10,10,0.9,0.7
2023-12-25T1000,2590A,104.8811,25.0992,黔西南布依族苗族自治州,坪东大道,细颗粒物(PM2.5),94,,60,70,53,19,,8,7,22,27,16,10,0.8,0.8
2023-12-25T1000,2502A,108.6236,21.9667,钦州市,市环保站,颗粒物(PM10),63,75,69,36,33,65,,63,62,30,27,25,15,1.7,1.1
2023-12-25T1000,2503A,108.6549,21.9481,钦州市,沙埠小学,细颗粒物(PM2.5),63,70,62,45,39,56,,61,59,27,22,13,15,0.7,0.6
2023-12-25T1000,2504A,108.5989,21.7431,钦州市,港区一小,颗粒物(PM10),76,102,108,40,35,47,,48,43,39,31,22,13,1.0,0.8
2023-12-25T1000,3404A,108.5959,21.9633,钦州市,北职校,细颗粒物(PM2.5),58,49,47,41,36,71,,72,70,19,18,14,12,0.7,0.8
2023-12-25T1000,1042A,119.5134,39.8207,秦皇岛市,北戴河环保局,,32,32,29,10,13,50,,28,28,22,33,11,10,0.5,0.7
2023-12-25T1000,1043A,119.7493,40.0116,秦皇岛市,第一关,颗粒物(PM10),63,76,64,31,36,12,,6,6,65,61,16,13,1.0,0.8
2023-12-25T1000,1044A,119.5897,39.9499,秦皇岛市,监测站,,42,42,52,19,24,30,,9,9,43,53,9,9,0.6,0.7
2023-12-25T1000,1046A,119.5251,39.9041,秦皇岛市,建设大厦,颗粒物(PM10),52,54,49,10,25,26,,15,15,52,45,5,6,0.6,0.6
2023-12-25T1000,3132A,119.610547,39.943889,秦皇岛市,文明里,,48,48,57,14,25,28,,9,9,50,57,6,6,0.7,0.7
2023-12-25T1000,1307A,120.6659,36.2403,青岛市,仰口,,44,44,65,27,46,74,,63,63,14,25,12,17,0.4,0.6
2023-12-25T1000,1310A,120.4134,36.0658,青岛市,市南区东部子站,细颗粒物(PM2.5),132,136,92,100,57,34,,21,21,59,55,51,19,1.4,1
2023-12-25T1000,1311A,120.3664,36.1032,青岛市,四方区子站,细颗粒物(PM2.5),140,132,90,107,63,35,,15,15,60,64,24,17,1.5,1.1
2023-12-25T1000,1312A,120.2994,36.054,青岛市,市南区西部子站,细颗粒物(PM2.5),108,127,88,81,53,36,,18,18,51,48,22,16,1.2,0.9
2023-12-25T1000,1313A,120.4581,36.0858,青岛市,崂山区子站,细颗粒物(PM2.5),134,146,89,102,55,33,,19,19,65,57,41,18,1.4,0.9
2023-12-25T1000,1314A,120.1983,35.9608,青岛市,黄岛区子站,细颗粒物(PM2.5),108,117,74,81,51,49,,26,26,50,50,21,15,1.4,0.9
2023-12-25T1000,1315A,120.3999,36.3083,青岛市,城阳区子站,细颗粒物(PM2.5),129,195,112,98,55,21,,13,13,89,65,36,20,1.9,1.4
2023-12-25T1000,1966A,120.0405,35.8735,青岛市,黄岛区4号,细颗粒物(PM2.5),100,127,88,75,55,33,,21,21,61,54,19,15,1.4,1.1
2023-12-25T1000,3362A,120.5014,36.4034,青岛市,即墨2号,细颗粒物(PM2.5),172,210,134,130,84,24,,12,12,81,66,40,30,1.8,1.3
2023-12-25T1000,3642A,120.3503,36.0736,青岛市,市北区南部,细颗粒物(PM2.5),119,126,100,90,58,32,,11,11,62,68,17,12,1.1,0.8
2023-12-25T1000,3643A,120.3948,36.1805,青岛市,李沧区北部,细颗粒物(PM2.5),149,153,98,114,69,33,,27,24,69,57,32,21,1.7,1.3
2023-12-25T1000,1702A,113.0426,23.691,清远市,环保大楼,,32,32,24,13,16,75,,67,66,8,10,5,5,0.5,0.5
2023-12-25T1000,1703A,113.0208,23.7106,清远市,凤城街办,,49,49,30,22,19,48,,64,54,39,21,9,8,0.5,0.4
2023-12-25T1000,3025A,113.0477,23.6344,清远市,技师学院,,42,42,32,18,15,75,,64,64,13,16,8,8,0.2,0.2
2023-12-25T1000,3318A,112.9903,23.7403,清远市,清新太和,,41,41,25,20,16,50,,73,68,35,15,8,7,0.7,0.5
2023-12-25T1000,3455A,113.076,23.7198,清远市,清城东城,,29,29,29,14,18,85,,77,77,10,11,11,11,0.5,0.4
2023-12-25T1000,2661A,107.6325,35.7357,庆阳市,庆阳五中,细颗粒物(PM2.5),88,104,72,65,43,20,,41,31,55,28,61,17,0.9,0.8
2023-12-25T1000,2662A,107.6364,35.7067,庆阳市,市环保局,细颗粒物(PM2.5),87,66,53,64,37,51,,54,51,28,19,9,9,0.7,0.5
2023-12-25T1000,1916A,103.7897,25.5035,曲靖市,环境监测站,细颗粒物(PM2.5),67,65,71,48,50,23,,26,26,30,29,5,5,1.0,1.1
2023-12-25T1000,1917A,103.8,25.5364,曲靖市,烟厂办公区,细颗粒物(PM2.5),65,68,72,47,49,30,,30,30,20,23,4,4,0.9,1
2023-12-25T1000,3376A,103.7947,25.462,曲靖市,南苑二区,细颗粒物(PM2.5),63,64,75,45,53,28,,30,30,21,22,10,10,1.0,1.1
2023-12-25T1000,3377A,103.7444,25.5261,曲靖市,曲靖师范学院,细颗粒物(PM2.5),63,57,68,45,61,32,,31,31,23,28,4,6,0.8,0.9
2023-12-25T1000,1264A,118.8692,28.9398,衢州市,环保大楼,颗粒物(PM10),62,73,82,38,46,12,,6,6,40,50,10,10,0.8,1.3
2023-12-25T1000,1265A,118.8709,28.9666,衢州市,实验学校,颗粒物(PM10),57,64,71,34,39,9,,2,2,41,50,6,8,0.9,1.2
2023-12-25T1000,1266A,118.8621,28.9808,衢州市,衢州学院,颗粒物(PM10),58,66,67,35,36,10,,4,4,38,45,6,9,0.6,0.9
2023-12-25T1000,1611A,118.5819,24.9117,泉州市,涂山街,颗粒物(PM10),56,62,44,22,21,81,,69,68,15,18,5,5,0.4,0.4
2023-12-25T1000,1612A,118.5972,24.8978,泉州市,津头埔,颗粒物(PM10),54,58,37,19,19,74,,71,70,18,19,4,4,0.4,0.5
2023-12-25T1000,1613A,118.6663,24.9424,泉州市,万安,颗粒物(PM10),61,71,41,20,18,81,,76,74,16,16,2,3,0.7,0.6
2023-12-25T1000,1614A,118.6117,24.9604,泉州市,清源山,,,,,,,,,,,,,,,,
2023-12-25T1000,3529A,118.6333,24.9264,泉州市,城华南路,,50,50,39,21,19,75,,70,68,16,17,7,7,0.5,0.5
2023-12-25T1000,2626A,88.8876,29.2718,日喀则市,日喀则监测站,,50,50,39,25,17,25,,49,38,31,17,3,4,0.8,0.6
2023-12-25T1000,3726A,88.8781,29.2426,日喀则市,林业技术推广中心,,37,37,20,9,5,38,,64,54,21,8,8,6,0.6,0.4
2023-12-25T1000,1659A,119.471,35.4209,日照市,监测站,颗粒物(PM10),98,146,86,0,42,17,,8,8,75,64,26,18,1.6,1.1
2023-12-25T1000,1660A,119.523,35.4216,日照市,市政府广场,细颗粒物(PM2.5),84,92,79,62,52,31,,14,14,60,57,15,14,1.4,1.1
2023-12-25T1000,1661A,119.5587,35.4044,日照市,港务局,细颗粒物(PM2.5),90,122,91,67,53,23,,8,8,66,61,18,17,1.4,1.1
2023-12-25T1000,3507A,119.5328,35.4625,日照市,职业技术学院,细颗粒物(PM2.5),92,105,83,68,51,35,,18,18,50,48,20,15,1.2,0.9
2023-12-25T1000,3604A,119.3266,35.1044,日照市,岚山环保分局,细颗粒物(PM2.5),89,97,98,66,62,43,,30,30,48,52,22,21,1.4,1.3
2023-12-25T1000,1835A,111.1922,34.7752,三门峡市,市政府,颗粒物(PM10),73,95,72,50,48,12,,4,4,45,47,16,12,1.6,1.1
2023-12-25T1000,1836A,111.1587,34.7942,三门峡市,开发区,颗粒物(PM10),69,88,83,48,44,16,,3,3,37,49,4,8,1.1,0.9
2023-12-25T1000,1838A,111.143,34.7955,三门峡市,风景区,,,,,,,,,,,,,,,,
2023-12-25T1000,3039A,111.1911,34.7829,三门峡市,三门峡市第一小学,细颗粒物(PM2.5),69,81,73,50,40,21,,8,8,64,47,7,11,1.2,0.9
2023-12-25T1000,3598A,111.1,34.7167,三门峡市,富达温泉假日酒店,细颗粒物(PM2.5),82,84,95,60,65,10,,6,6,63,63,20,17,1.2,1.2
2023-12-25T1000,2324A,117.6211,26.2625,三明市,三钢,,36,36,31,23,21,24,,14,13,24,26,8,4,0.4,0.4
2023-12-25T1000,2325A,117.635,26.2714,三明市,三明二中,,46,46,29,25,20,24,,18,16,30,27,10,7,0.4,0.3
2023-12-25T1000,2326A,117.6028,26.2378,三明市,三元区政府,颗粒物(PM10),51,52,39,34,20,25,,13,13,25,28,8,6,0.7,0.6
2023-12-25T1000,2327A,117.7275,26.3108,三明市,洋溪,,,,,,,,,,,,,,,,
2023-12-25T1000,1876A,109.5078,18.2489,三亚市,河东子站,,34,34,37,17,21,86,,94,92,11,8,4,4,0.5,0.5
2023-12-25T1000,1877A,109.4964,18.2681,三亚市,河西子站,,35,35,33,19,21,82,,92,88,11,8,4,4,0.6,0.5
2023-12-25T1000,3540A,109.7348,18.3443,三亚市,君悦子站,,48,48,48,18,21,78,,81,73,18,11,3,2,0.4,0.4
2023-12-25T1000,2624A,91.7608,29.2313,山南市,山南监测站,,17,17,23,11,10,47,,76,68,17,10,8,8,0.4,0.3
2023-12-25T1000,2625A,91.7706,29.2436,山南市,山南人民医院,,35,35,18,19,7,42,,80,70,30,10,8,7,0.6,0.3
2023-12-25T1000,1674A,116.6794,23.3667,汕头市,金平子站,颗粒物(PM10),55,59,40,18,23,57,,50,46,19,20,12,11,0.6,0.6
2023-12-25T1000,1675A,116.7244,23.3633,汕头市,龙湖子站,,40,40,36,14,19,47,,48,43,30,26,12,10,0.3,0.3
2023-12-25T1000,1676A,116.7258,23.2775,汕头市,濠江子站,,41,41,34,15,23,55,,54,48,22,18,14,11,0.6,0.6
2023-12-25T1000,1677A,116.7519,23.4714,汕头市,澄海子站,,46,46,36,21,25,49,,40,37,21,23,8,8,0.5,0.4
2023-12-25T1000,1678A,116.6092,23.2539,汕头市,潮阳子站,,41,41,37,14,19,50,,57,50,21,16,13,11,0.5,0.5
2023-12-25T1000,3444A,116.454,23.2684,汕头市,潮南峡山,,,,45,,23,,,52,46,22,20,15,12,0.7,0.7
2023-12-25T1000,3624A,116.4069,23.2533,汕头市,潮南子站,,38,36,57,26,29,47,,38,35,22,24,15,10,0.8,0.8
2023-12-25T1000,1693A,115.3653,22.775,汕尾市,市环保局,,32,32,26,13,17,68,,74,72,12,9,12,12,0.3,0.4
2023-12-25T1000,1694A,115.3706,22.7898,汕尾市,市政府,,29,29,24,11,18,70,,76,73,8,7,6,5,0.3,0.3
2023-12-25T1000,1695A,115.3622,22.7925,汕尾市,新城中学,,38,38,29,12,20,75,,78,77,10,9,11,11,0.4,0.4
2023-12-25T1000,2645A,109.9154,33.8715,商洛市,监测站,,48,48,40,18,22,31,,21,21,20,32,4,5,0.6,0.5
2023-12-25T1000,3045A,109.9643,33.8471,商洛市,商州区中学,颗粒物(PM10),64,77,59,26,20,15,,6,6,36,39,6,8,0.7,0.4
2023-12-25T1000,2408A,115.6702,34.4285,商丘市,环境监测站,细颗粒物(PM2.5),152,159,112,116,91,33,,23,20,46,47,10,7,0.9,0.8
2023-12-25T1000,2409A,115.6458,34.4045,商丘市,粮食局,细颗粒物(PM2.5),143,162,117,109,86,28,,29,24,42,43,16,9,0.9,0.8
2023-12-25T1000,2410A,115.6293,34.3948,商丘市,睢阳区环保局,,,,130,,89,,,,,,50,,8,,1.1
2023-12-25T1000,3171A,115.6071,34.4465,商丘市,梁园区档案局,细颗粒物(PM2.5),124,156,118,94,78,27,,29,24,41,43,14,10,1.0,0.8
2023-12-25T1000,1141A,121.4,31.238,上海市,普陀,细颗粒物(PM2.5),113,143,117,85,66,17,,4,4,67,75,21,10,2.0,1.1
2023-12-25T1000,1142A,121.478,31.2036,上海市,十五厂,细颗粒物(PM2.5),127,124,112,96,79,41,,17,17,49,68,29,16,1.9,1.1
2023-12-25T1000,1143A,121.467,31.3008,上海市,虹口,细颗粒物(PM2.5),118,141,118,89,72,33,,8,8,50,62,24,12,1.9,1.2
2023-12-25T1000,1144A,121.412,31.1654,上海市,徐汇上师大,细颗粒物(PM2.5),129,155,125,98,74,28,,7,7,65,77,18,10,1.7,1.1
2023-12-25T1000,1145A,121.536,31.2659,上海市,杨浦四漂,细颗粒物(PM2.5),104,156,125,78,63,41,,14,14,53,69,21,10,2.0,1.2
2023-12-25T1000,1147A,121.425,31.2261,上海市,静安监测站,细颗粒物(PM2.5),120,143,113,91,69,27,,10,10,68,83,26,11,2.2,1.1
2023-12-25T1000,1148A,121.703,31.1907,上海市,浦东川沙,细颗粒物(PM2.5),117,134,119,88,70,24,,8,8,72,76,17,10,1.4,1.1
2023-12-25T1000,1149A,121.533,31.2284,上海市,浦东新区监测站,细颗粒物(PM2.5),105,122,118,79,65,34,,10,10,57,71,24,12,1.7,1.2
2023-12-25T1000,1150A,121.577,31.2071,上海市,浦东张江,细颗粒物(PM2.5),114,127,111,86,62,33,,8,8,67,83,16,9,1.9,0.9
2023-12-25T1000,3265A,121.4316,31.3322,上海市,宝山庙行,细颗粒物(PM2.5),113,136,118,85,73,20,,6,6,77,80,24,12,2.1,1.4
2023-12-25T1000,3266A,121.8791,31.4662,上海市,崇明上实东滩,细颗粒物(PM2.5),74,75,94,54,67,64,,37,37,26,32,10,8,0.8,0.9
2023-12-25T1000,3268A,121.3162,31.2838,上海市,嘉定南翔,细颗粒物(PM2.5),123,178,147,93,80,10,,3,3,78,68,19,11,1.8,1.2
2023-12-25T1000,3269A,121.3359,30.7456,上海市,金山新城,细颗粒物(PM2.5),130,132,104,99,71,31,,14,14,65,60,14,11,1.2,0.9
2023-12-25T1000,3270A,121.4996,31.0739,上海市,闵行浦江,细颗粒物(PM2.5),122,151,117,92,67,18,,6,6,62,60,20,13,1.8,1.2
2023-12-25T1000,3271A,121.2886,31.1663,上海市,青浦徐泾,细颗粒物(PM2.5),132,173,126,100,69,21,,5,5,70,67,14,9,1.5,1.1
2023-12-25T1000,3272A,121.2186,31.0378,上海市,松江图书馆,细颗粒物(PM2.5),120,150,121,91,66,23,,6,6,69,63,16,8,1.3,1
2023-12-25T1000,3273A,121.3902,31.2059,上海市,长宁仙霞,细颗粒物(PM2.5),127,179,144,96,72,29,,6,6,58,80,17,10,1.8,1.4
2023-12-25T1000,3274A,121.7965,31.0507,上海市,浦东惠南,细颗粒物(PM2.5),113,137,117,85,66,27,,6,6,59,70,20,13,1.7,1.2
2023-12-25T1000,3544A,121.4891,30.925,上海市,奉贤南桥新城,细颗粒物(PM2.5),109,148,116,82,63,19,,6,6,65,58,16,14,1.4,1
2023-12-25T1000,2381A,118.005,28.4572,上饶市,百草园,,,,,,,,,,,,,,,,
2023-12-25T1000,2382A,117.9756,28.4436,上饶市,市监测站,颗粒物(PM10),67,84,67,33,35,19,,5,5,35,38,118,33,0.8,0.7
2023-12-25T1000,2383A,117.9519,28.4628,上饶市,凤凰光学,,,76,69,35,35,10,,3,3,41,44,148,29,,0.9
2023-12-25T1000,3413A,118.1953,28.4401,上饶市,广丰区教体局,细颗粒物(PM2.5),57,61,68,40,43,37,,19,19,15,30,38,15,0.6,0.6
2023-12-25T1000,3685A,117.897,28.4315,上饶市,双创科技城,细颗粒物(PM2.5),65,77,77,47,41,28,,7,7,34,37,236,29,1.0,0.7
2023-12-25T1000,1669A,113.5824,24.7733,韶关市,市八中,颗粒物(PM10),53,55,40,36,27,31,,36,31,23,17,13,10,0.7,0.6
2023-12-25T1000,1671A,113.5917,24.7972,韶关市,园林处,细颗粒物(PM2.5),62,44,33,44,28,26,,36,30,25,16,13,10,0.5,0.4
2023-12-25T1000,1672A,113.6735,24.7791,韶关市,韶关学院,,28,25,45,19,34,37,,14,14,14,25,11,10,0.4,0.5
2023-12-25T1000,1673A,113.5971,24.6863,韶关市,曲江监测站,颗粒物(PM10),63,75,51,36,27,27,,15,15,27,27,23,11,0.8,0.4
2023-12-25T1000,3622A,113.5556,24.8082,韶关市,碧湖山庄,颗粒物(PM10),56,62,48,34,31,29,,24,20,22,18,11,10,0.5,0.4
2023-12-25T1000,2462A,111.5239,27.3033,邵阳市,市水土所,细颗粒物(PM2.5),90,85,69,67,60,27,,13,13,22,17,11,11,1.0,0.9
2023-12-25T1000,2463A,111.4733,27.2317,邵阳市,市一中,细颗粒物(PM2.5),115,122,105,87,72,21,,6,6,38,37,40,15,1.1,0.9
2023-12-25T1000,2464A,111.5283,27.2442,邵阳市,市化工厂,细颗粒物(PM2.5),109,130,108,82,69,14,,8,8,40,42,13,13,1.2,0.9
2023-12-25T1000,2465A,111.4503,27.2537,邵阳市,市罐头厂,,,,89,,76,,,66,,,30,,12,,0.8
2023-12-25T1000,2466A,111.4328,27.2272,邵阳市,市环保局,细颗粒物(PM2.5),117,104,90,88,66,24,,15,14,29,33,30,17,1.0,0.9
2023-12-25T1000,1247A,120.6053,29.9928,绍兴市,城东开发委,,,,76,,44,22,,7,7,48,51,10,9,1.2,0.8
2023-12-25T1000,2921A,120.5483,30.0003,绍兴市,树下王站,细颗粒物(PM2.5),84,99,84,62,51,26,,7,7,43,50,9,8,0.7,0.8
2023-12-25T1000,3408A,120.5683,29.9361,绍兴市,绍兴中专,颗粒物(PM10),67,83,71,34,36,29,,12,12,38,46,10,9,0.9,0.8
2023-12-25T1000,3409A,120.4906,30.0861,绍兴市,柯桥区政府,"颗粒物(PM10),细颗粒物(PM2.5)",89,127,101,66,53,26,,11,11,49,57,10,8,0.7,0.7
2023-12-25T1000,3410A,120.8752,30.0249,绍兴市,重华小学,细颗粒物(PM2.5),69,71,68,50,47,28,,14,14,41,53,13,10,0.6,0.6
2023-12-25T1000,3411A,120.8369,30.0137,绍兴市,上虞中学,细颗粒物(PM2.5),68,80,75,49,45,15,,4,4,41,51,8,7,0.8,0.8
2023-12-25T1000,3560A,120.4722,30.0415,绍兴市,柯桥妇保,细颗粒物(PM2.5),80,102,81,59,45,12,,8,8,60,53,9,7,0.6,0.5
2023-12-25T1000,3658A,120.6153,30.0764,绍兴市,袍江中学,颗粒物(PM10),85,119,102,57,50,30,,8,8,53,59,9,8,1.0,0.9
2023-12-25T1000,1356A,114.1063,22.5545,深圳市,通心岭子站,,42,42,49,22,27,61,,57,57,19,26,6,6,0.6,0.6
2023-12-25T1000,1357A,114.117,22.5625,深圳市,洪湖,,43,43,50,21,26,62,,57,56,24,35,9,8,0.5,0.5
2023-12-25T1000,1358A,113.987,22.5417,深圳市,华侨城,,40,40,40,19,22,58,,63,61,24,24,5,5,0.6,0.6
2023-12-25T1000,1359A,113.9181,22.5171,深圳市,南海子站,颗粒物(PM10),52,53,60,22,33,42,,49,47,48,41,6,6,0.8,0.8
2023-12-25T1000,1360A,114.2458,22.5689,深圳市,盐田,,37,37,40,20,22,56,,74,67,28,26,5,5,0.5,0.4
2023-12-25T1000,1361A,114.2283,22.7244,深圳市,龙岗,,39,39,37,21,20,68,,68,66,20,20,5,4,0.5,0.4
2023-12-25T1000,1363A,114.494,22.5422,深圳市,南澳,,25,25,30,16,17,78,,72,72,9,9,7,7,0.5,0.5
2023-12-25T1000,1364A,114.41,22.6342,深圳市,葵涌,,39,39,34,24,26,68,,74,71,16,12,6,5,0.4,0.5
2023-12-25T1000,1365A,114.297,22.5978,深圳市,梅沙,,39,39,38,23,23,71,,77,75,16,16,6,5,0.4,0.4
2023-12-25T1000,1366A,114.0678,22.738,深圳市,观澜,颗粒物(PM10),52,54,58,26,34,55,,14,14,31,42,4,4,0.5,0.5
2023-12-25T1000,3305A,114.0731,22.559,深圳市,莲花,,38,38,40,22,24,61,,67,64,20,19,9,9,0.6,0.6
2023-12-25T1000,3306A,114.0261,22.6198,深圳市,民治,,45,45,49,23,27,57,,56,53,24,28,6,6,0.5,0.5
2023-12-25T1000,3307A,114.1871,22.6451,深圳市,横岗,,42,42,46,24,25,61,,61,59,25,32,7,7,0.3,0.3
2023-12-25T1000,3447A,114.3551,22.7151,深圳市,坪山,,50,50,44,26,25,63,,49,49,25,29,6,5,0.5,0.5
2023-12-25T1000,3623A,113.8953,22.5861,深圳市,西乡,,45,45,49,16,24,51,,56,54,36,31,10,9,0.6,0.5
2023-12-25T1000,1098A,123.6836,41.9339,沈阳市,森林路,,,,,,,,,,,,,,,,
2023-12-25T1000,1099A,123.505,41.7406,沈阳市,浑南东路,细颗粒物(PM2.5),220,212,204,170,160,9,,5,5,79,80,12,16,2.4,2.5
2023-12-25T1000,1100A,123.4231,41.6989,沈阳市,新秀街,细颗粒物(PM2.5),149,148,204,114,156,12,,7,7,75,83,21,16,2.3,2.5
2023-12-25T1000,1102A,123.5903,41.8411,沈阳市,东陵路,细颗粒物(PM2.5),215,174,125,165,115,16,,10,10,54,57,11,13,2.5,2
2023-12-25T1000,1103A,123.4264,41.8467,沈阳市,陵东街,细颗粒物(PM2.5),193,197,158,145,128,7,,5,5,75,72,29,17,2.7,2.2
2023-12-25T1000,1104A,123.4114,41.7653,沈阳市,文化路,细颗粒物(PM2.5),170,163,198,129,153,16,,8,8,62,73,26,17,2.6,2.4
2023-12-25T1000,1105A,123.4678,41.7867,沈阳市,小河沿,细颗粒物(PM2.5),229,222,169,179,136,10,,6,6,76,74,8,14,2.6,2.2
2023-12-25T1000,1106A,123.4017,41.7972,沈阳市,太原街,细颗粒物(PM2.5),170,159,189,129,163,12,,5,5,65,76,30,28,2.1,2.3
2023-12-25T1000,1108A,123.3783,41.9228,沈阳市,京沈街,细颗粒物(PM2.5),243,250,161,193,147,11,,7,7,79,74,46,32,2.4,1.7
2023-12-25T1000,2897A,123.2444,41.7347,沈阳市,沈辽西路,细颗粒物(PM2.5),231,230,242,181,183,10,,5,5,74,77,14,11,2.8,2.6
2023-12-25T1000,2900A,123.5953,41.9086,沈阳市,裕农路,细颗粒物(PM2.5),175,152,133,132,109,26,,10,10,46,60,17,16,2.3,1.8
2023-12-25T1000,2428A,111.0419,32.395,十堰市,武当山,,,,34,,20,,,,,,10,,14,,0.6
2023-12-25T1000,2429A,110.78,32.6494,十堰市,滨河新村,"颗粒物(PM10),细颗粒物(PM2.5)",59,67,94,42,54,13,,8,8,31,48,7,7,1.0,1
2023-12-25T1000,2430A,110.7258,32.6389,十堰市,刘家沟,颗粒物(PM10),84,118,85,56,48,8,,16,12,26,21,11,9,1.4,0.8
2023-12-25T1000,2431A,110.8839,32.5714,十堰市,铁二处,细颗粒物(PM2.5),63,68,73,45,41,11,,11,9,41,34,7,7,1.7,1
2023-12-25T1000,3545A,110.8054,32.8401,十堰市,郧阳区金沙路,细颗粒物(PM2.5),64,64,60,46,49,25,,31,27,18,21,4,4,0.9,0.9
2023-12-25T1000,2709A,86.0497,44.2967,石河子市,艾青诗歌馆,细颗粒物(PM2.5),220,223,234,170,176,6,,4,4,61,63,6,7,1.9,1.7
2023-12-25T1000,2710A,86.0697,44.3075,石河子市,阳光学校,细颗粒物(PM2.5),202,217,211,152,159,6,,6,6,59,59,9,9,2.4,1.9
2023-12-25T1000,3442A,86.047,44.2331,石河子市,南区管委会,细颗粒物(PM2.5),134,160,193,102,140,33,,27,27,39,59,4,4,1.3,1.6
2023-12-25T1000,1029A,114.4422,38.0444,石家庄市,职工医院,细颗粒物(PM2.5),75,90,79,55,49,12,,6,6,81,69,14,13,1.8,1.5
2023-12-25T1000,1030A,114.6063,38.0266,石家庄市,高新区,细颗粒物(PM2.5),82,93,91,60,59,13,,4,4,81,70,10,7,2.3,1.8
2023-12-25T1000,1031A,114.4898,38.1328,石家庄市,西北水源,细颗粒物(PM2.5),79,80,73,58,48,12,,5,5,71,64,5,7,1.5,1.2
2023-12-25T1000,1032A,114.4586,38.0058,石家庄市,西南高教,细颗粒物(PM2.5),77,83,95,56,68,9,,4,4,87,75,15,11,2.0,1.6
2023-12-25T1000,1033A,114.5331,38.0178,石家庄市,世纪公园,细颗粒物(PM2.5),110,86,86,83,70,8,,5,5,80,66,9,10,2.4,1.6
2023-12-25T1000,1034A,114.509,38.0457,石家庄市,人民会堂,细颗粒物(PM2.5),95,93,77,71,61,15,,5,5,67,56,9,9,1.9,1.4
2023-12-25T1000,1035A,114.3524,37.8911,石家庄市,封龙山,,45,40,35,31,26,72,,63,63,16,17,10,6,1.0,0.8
2023-12-25T1000,2862A,114.5481,38.0378,石家庄市,22中南校区,细颗粒物(PM2.5),79,102,87,58,58,11,,4,4,76,64,13,11,2.2,1.7
2023-12-25T1000,3456A,114.289,38.0906,石家庄市,鹿泉一中,颗粒物(PM10),53,55,66,30,33,39,,31,31,33,44,21,14,0.8,0.8
2023-12-25T1000,3573A,114.8506765,38.0322033,石家庄市,藁城区实验学校,细颗粒物(PM2.5),159,172,128,121,96,13,,7,7,76,75,13,12,2.8,1.8
2023-12-25T1000,3574A,114.0504658,38.0591645,石家庄市,井陉矿区区委大楼,颗粒物(PM10),67,84,68,30,25,17,,7,7,60,54,19,15,0.8,0.6
2023-12-25T1000,4024A,114.6549,37.9020,石家庄市,栾城区星河路,细颗粒物(PM2.5),163,138,124,124,103,12,,8,8,82,72,10,14,2.4,1.7
2023-12-25T1000,1947A,106.3394,38.817,石嘴山市,沙湖旅游区,细颗粒物(PM2.5),149,158,149,114,107,11,,8,8,40,40,15,11,1.5,1.6
2023-12-25T1000,1948A,106.3668,39.0145,石嘴山市,大武口朝阳西街,颗粒物(PM10),81,112,206,53,153,20,,13,13,48,51,50,57,1.1,1.9
2023-12-25T1000,1949A,106.7704,39.2282,石嘴山市,惠农南大街,颗粒物(PM10),85,119,122,57,90,13,,5,5,49,47,19,49,1.3,1.2
2023-12-25T1000,1950A,106.7099,39.1325,石嘴山市,红果子镇惠新街,颗粒物(PM10),59,67,132,38,104,25,,10,10,31,45,11,58,0.6,1.2
2023-12-25T1000,3520A,106.3495,38.9836,石嘴山市,妇女儿童医院,细颗粒物(PM2.5),93,95,194,69,134,13,,6,6,45,55,35,31,1.2,1.8
2023-12-25T1000,3521A,106.7492,39.2069,石嘴山市,石大公路,细颗粒物(PM2.5),147,212,150,112,109,14,,12,12,42,48,21,40,1.8,1.6
2023-12-25T1000,2248A,131.1511,46.6937,双鸭山市,双合村,细颗粒物(PM2.5),53,52,55,37,33,60,,57,53,16,18,17,14,0.8,0.7
2023-12-25T1000,2249A,131.1652,46.6191,双鸭山市,南小市,细颗粒物(PM2.5),69,66,46,50,34,50,,55,52,19,18,13,12,0.7,0.6
2023-12-25T1000,2250A,131.1524,46.6554,双鸭山市,环保局,,,82,60,59,42,45,,48,42,,18,18,13,0.5,0.6
2023-12-25T1000,2251A,131.12,46.5656,双鸭山市,苗圃,,,,,,,,,,,,,,,,
2023-12-25T1000,2166A,112.4397,39.3522,朔州市,平朔,细颗粒物(PM2.5),93,122,84,69,36,20,,10,10,52,44,34,18,1.1,0.8
2023-12-25T1000,2167A,112.4575,39.3617,朔州市,朔唯,细颗粒物(PM2.5),138,224,107,105,40,8,,4,4,85,52,81,29,1.4,0.9
2023-12-25T1000,2168A,112.4258,39.3197,朔州市,区政府,细颗粒物(PM2.5),107,111,79,80,40,27,,16,16,43,38,34,21,1.1,0.9
2023-12-25T1000,2169A,112.4072,39.3278,朔州市,市环保局,细颗粒物(PM2.5),83,103,75,61,35,37,,20,20,40,43,26,23,1.0,0.9
2023-12-25T1000,2170A,112.4272,39.3681,朔州市,市二中,细颗粒物(PM2.5),99,131,96,74,35,18,,11,11,53,46,28,20,1.0,0.8
2023-12-25T1000,3571A,112.2931,39.53,朔州市,一水厂,细颗粒物(PM2.5),156,145,58,119,43,18,,15,14,56,34,21,15,1.2,0.7
2023-12-25T1000,2225A,124.4002,43.1713,四平市,一商场,细颗粒物(PM2.5),158,184,119,120,75,33,,23,22,63,57,27,16,1.5,1
2023-12-25T1000,2226A,124.388,43.193,四平市,境园,细颗粒物(PM2.5),182,138,99,137,89,35,,18,18,52,50,31,20,,1
2023-12-25T1000,3486A,124.4036,43.1411,四平市,植物园,细颗粒物(PM2.5),170,150,122,129,82,29,,14,14,60,64,18,15,1.4,1
2023-12-25T1000,3713A,124.3419,43.1666,四平市,世纪城,细颗粒物(PM2.5),159,137,88,121,76,27,,21,21,52,44,21,12,1.2,0.8
2023-12-25T1000,2233A,124.8006,45.1214,松原市,江南,细颗粒物(PM2.5),65,69,55,47,41,44,,41,41,19,25,8,6,0.6,0.5
2023-12-25T1000,2234A,124.7965,45.1722,松原市,江北,细颗粒物(PM2.5),62,51,40,44,36,45,,43,43,19,19,8,6,0.7,0.5
2023-12-25T1000,1160A,120.561,31.2472,苏州市,上方山,细颗粒物(PM2.5),107,128,98,80,68,23,,9,9,55,42,10,8,1.1,1
2023-12-25T1000,1162A,120.591,31.3019,苏州市,彩香,细颗粒物(PM2.5),115,122,111,87,75,30,,5,5,51,54,12,10,1.1,1
2023-12-25T1000,1163A,120.596,31.3264,苏州市,轧钢厂,细颗粒物(PM2.5),112,138,127,84,76,23,,6,6,58,51,14,12,0.9,0.9
2023-12-25T1000,1164A,120.613,31.2703,苏州市,吴中区,细颗粒物(PM2.5),113,130,118,85,74,28,,6,6,60,56,12,10,1.0,0.9
2023-12-25T1000,1165A,120.543,31.2994,苏州市,苏州新区,细颗粒物(PM2.5),117,127,114,88,80,41,,10,10,51,58,15,12,1.2,1.1
2023-12-25T1000,1166A,120.669,31.3097,苏州市,苏州工业园区,细颗粒物(PM2.5),122,144,118,92,80,23,,4,4,61,59,13,11,1.1,1
2023-12-25T1000,1167A,120.641,31.3708,苏州市,相城区,细颗粒物(PM2.5),114,138,119,86,75,29,,6,6,52,53,11,9,1.1,1
2023-12-25T1000,3289A,120.743,31.3188,苏州市,方洲路,细颗粒物(PM2.5),112,139,107,84,66,21,,5,5,67,61,11,8,1.2,1.1
2023-12-25T1000,3290A,120.5031,31.2774,苏州市,木渎中学,细颗粒物(PM2.5),97,90,86,72,69,60,,17,17,42,44,13,10,0.9,0.9
2023-12-25T1000,3425A,120.624,31.1733,苏州市,越秀幼儿园,细颗粒物(PM2.5),108,126,104,81,72,27,,7,7,43,50,8,8,1.0,0.9
2023-12-25T1000,3431A,120.6505,31.416,苏州市,高铁新城,细颗粒物(PM2.5),130,152,143,99,85,18,,5,5,59,67,12,11,1.0,1
2023-12-25T1000,1220A,118.293,33.9528,宿迁市,宿迁学院,细颗粒物(PM2.5),145,163,118,111,81,17,,11,11,72,53,8,7,1.1,0.7
2023-12-25T1000,1221A,118.2442,33.9592,宿迁市,宿迁中学,细颗粒物(PM2.5),130,135,109,99,82,28,,14,14,58,50,6,7,1.3,0.9
2023-12-25T1000,2996A,118.283,33.965,宿迁市,市供电局,细颗粒物(PM2.5),150,158,107,115,77,16,,16,15,69,50,18,18,1.4,1
2023-12-25T1000,3191A,118.3225,33.9447,宿迁市,宿豫区政府,细颗粒物(PM2.5),150,148,100,115,75,21,,12,12,63,55,9,8,1.2,0.9
2023-12-25T1000,3187A,116.9509,33.666,宿州市,远航博物馆,细颗粒物(PM2.5),176,189,124,133,89,11,,8,6,59,42,11,9,1.0,0.7
2023-12-25T1000,3463A,116.9708,33.591,宿州市,社会福利中心,细颗粒物(PM2.5),138,156,125,105,84,28,,19,19,45,45,10,8,0.7,0.7
2023-12-25T1000,3634A,116.9884,33.6305,宿州市,宿州学院,细颗粒物(PM2.5),172,216,134,130,82,33,,21,21,53,43,8,7,0.9,0.8
2023-12-25T1000,3701A,116.9648,33.6252,宿州市,皖北煤电集团,细颗粒物(PM2.5),160,174,123,122,90,27,,14,14,48,42,11,8,0.9,0.9
2023-12-25T1000,2266A,126.9785,46.6365,绥化市,人和东街,细颗粒物(PM2.5),145,125,102,111,84,28,,20,19,44,41,12,7,1.2,1
2023-12-25T1000,2267A,126.964,46.6528,绥化市,党政办公中心,细颗粒物(PM2.5),130,115,95,99,82,32,,27,26,41,37,16,8,0.9,0.7
2023-12-25T1000,2451A,113.3583,31.7275,随州市,市委党校,细颗粒物(PM2.5),128,139,96,97,69,16,,8,8,50,38,19,11,1.1,0.7
2023-12-25T1000,2452A,113.3833,31.6908,随州市,市林业局,细颗粒物(PM2.5),104,117,87,78,59,16,,12,8,30,24,9,7,1.0,0.7
2023-12-25T1000,2453A,113.3983,31.7308,随州市,市立交桥水厂,细颗粒物(PM2.5),104,106,85,78,63,27,,16,12,43,46,12,9,0.8,0.6
2023-12-25T1000,2527A,105.5453,30.5678,遂宁市,石溪浩,,,80,92,47,51,12,,8,8,27,33,4,4,,0.7
2023-12-25T1000,2528A,105.5582,30.5232,遂宁市,市监测站,细颗粒物(PM2.5),78,82,76,57,53,15,,6,6,36,44,12,10,0.6,0.7
2023-12-25T1000,2529A,105.5861,30.5366,遂宁市,行政中心,细颗粒物(PM2.5),79,70,76,58,52,14,,8,8,26,34,10,9,0.7,0.7
2023-12-25T1000,2530A,105.5918,30.4728,遂宁市,美宁食品公司,细颗粒物(PM2.5),94,99,99,70,56,8,,5,5,42,45,15,14,0.6,0.7
2023-12-25T1000,2706A,82.9994,46.7432,塔城地区,东门外小游园,颗粒物(PM10),93,136,86,37,23,35,,39,39,8,6,3,3,1.0,0.5
2023-12-25T1000,1255A,121.273,28.6459,台州市,黄岩环保大楼,颗粒物(PM10),70,89,58,48,30,41,,23,21,43,29,10,7,0.5,0.4
2023-12-25T1000,1256A,121.419,28.6542,台州市,台州环保大楼,细颗粒物(PM2.5),72,86,58,52,32,36,,20,16,38,33,9,7,0.5,0.4
2023-12-25T1000,1257A,121.377,28.5773,台州市,路桥田洋王,细颗粒物(PM2.5),73,86,58,53,35,34,,9,9,44,34,10,7,0.6,0.4
2023-12-25T1000,3564A,121.2568,28.6681,台州市,台州科技职业学院,颗粒物(PM10),66,81,59,36,28,51,,19,19,30,32,9,7,0.4,0.3
2023-12-25T1000,1081A,112.522,37.8873,太原市,尖草坪,颗粒物(PM10),54,58,108,33,70,22,,6,6,45,73,19,16,0.8,1.3
2023-12-25T1000,1083A,112.434,38.0108,太原市,上兰,,,,,,,,,,,,,,,,
2023-12-25T1000,1084A,112.469,37.7124,太原市,晋源,细颗粒物(PM2.5),93,80,100,69,62,10,,5,5,72,69,12,19,1.7,1.3
2023-12-25T1000,1085A,112.5583,37.7394,太原市,小店,细颗粒物(PM2.5),95,113,104,71,64,9,,4,4,76,71,16,23,2.2,1.4
2023-12-25T1000,1086A,112.5369,37.8692,太原市,桃园,颗粒物(PM10),59,67,112,30,63,17,,6,6,53,71,22,16,0.9,1.2
2023-12-25T1000,1087A,112.57,37.8195,太原市,坞城,,,76,101,38,57,,,7,7,60,72,27,22,1.9,1.3
2023-12-25T1000,1088A,112.549,37.9854,太原市,南寨,颗粒物(PM10),67,83,107,41,65,13,,6,6,69,76,10,14,1.2,1.4
2023-12-25T1000,3618A,112.4719,37.7831,太原市,金胜,颗粒物(PM10),54,57,87,36,56,26,,23,23,49,54,21,16,1.3,1
2023-12-25T1000,4010A,112.5608,37.8807,太原市,育英中学,,,56,107,33,62,,,6,6,,71,,14,,1.4
2023-12-25T1000,1656A,117.1437,36.1937,泰安市,监测站,细颗粒物(PM2.5),122,151,101,92,70,24,,15,15,53,54,27,17,2.2,1.5
2023-12-25T1000,1657A,117.0885,36.2017,泰安市,人口学校,细颗粒物(PM2.5),99,122,88,74,62,25,,18,18,54,52,25,14,1.9,1.2
2023-12-25T1000,1658A,117.1089,36.1758,泰安市,电力学校,细颗粒物(PM2.5),144,183,124,110,87,14,,8,8,62,61,25,19,2.0,1.4
2023-12-25T1000,3502A,117.1812,36.2275,泰安市,国网新校,细颗粒物(PM2.5),107,127,77,80,54,30,,43,38,44,30,25,16,1.8,1.2
2023-12-25T1000,3503A,117.0313,36.2018,泰安市,交通技校,细颗粒物(PM2.5),107,134,89,80,63,15,,6,6,63,54,14,10,1.9,1
2023-12-25T1000,3504A,117.0829,36.13,泰安市,山东第一医科大学,细颗粒物(PM2.5),107,136,107,80,75,21,,7,7,49,53,20,15,1.6,1.1
2023-12-25T1000,1206A,119.905,32.4878,泰州市,公园路,细颗粒物(PM2.5),110,136,91,83,64,28,,5,5,63,54,11,7,1.0,0.8
2023-12-25T1000,1207A,119.9189,32.4625,泰州市,莲花,细颗粒物(PM2.5),104,129,95,78,58,,,2,2,57,55,12,8,0.8,0.7
2023-12-25T1000,1209A,119.888,32.4639,泰州市,留学生创业园,细颗粒物(PM2.5),105,128,107,79,63,27,,5,5,61,55,15,11,0.6,0.6
2023-12-25T1000,2997A,119.8767,32.3289,泰州市,王营,细颗粒物(PM2.5),107,133,97,80,62,18,,6,6,73,59,14,10,0.5,0.2
2023-12-25T1000,3295A,120.1259,32.5099,泰州市,姜堰区政府广场,,,,,,,,,,,,,,,,
2023-12-25T1000,3435A,119.9192,32.4322,泰州市,周山河街区,细颗粒物(PM2.5),117,118,91,88,69,34,,9,9,55,41,14,9,0.8,0.6
2023-12-25T1000,1037A,118.131,39.6363,唐山市,雷达站,细颗粒物(PM2.5),74,85,63,54,41,15,,5,5,58,44,2,2,0.8,0.6
2023-12-25T1000,1038A,118.1725,39.6334,唐山市,物资局,颗粒物(PM10),58,65,55,35,35,28,,17,17,61,48,5,5,0.7,0.6
2023-12-25T1000,1040A,118.1705,39.6506,唐山市,十二中,细颗粒物(PM2.5),55,58,51,39,34,26,,8,8,57,51,2,2,0.7,0.6
2023-12-25T1000,1041A,118.1869,39.622,唐山市,小山,颗粒物(PM10),58,66,53,33,33,20,,9,8,58,41,3,3,0.7,0.6
2023-12-25T1000,3457A,118.4359,39.2762,唐山市,冀东油田职工医院,细颗粒物(PM2.5),100,108,63,75,44,26,,11,11,60,46,17,9,1.7,0.7
2023-12-25T1000,3575A,118.09279,39.58089,唐山市,正泰大街热力站,细颗粒物(PM2.5),78,94,66,57,41,18,,4,4,56,43,3,3,0.8,0.6
2023-12-25T1000,3576A,118.1562,39.8322,唐山市,丰润区政府,细颗粒物(PM2.5),85,110,71,63,41,10,,4,4,51,34,9,5,1.5,1.1
2023-12-25T1000,3577A,118.43673,39.73809,唐山市,金山小学,颗粒物(PM10),78,106,77,56,34,15,,3,3,47,43,6,5,0.9,0.8
2023-12-25T1000,3578A,118.24498,39.66941,唐山市,政府服务中心,细颗粒物(PM2.5),73,69,54,53,37,16,,6,6,65,49,5,4,1.1,0.7
2023-12-25T1000,3692A,118.2059,39.6585,唐山市,消防缸窑路中队,颗粒物(PM10),55,59,53,28,30,28,,12,12,39,35,4,4,0.7,0.7
2023-12-25T1000,3693A,118.1436,39.6202,唐山市,路南电大,细颗粒物(PM2.5),77,71,57,56,41,19,,4,4,51,49,3,2,0.8,0.6
2023-12-25T1000,1015A,117.1444,39.1661,天津市,勤俭道,细颗粒物(PM2.5),211,205,167,161,129,12,,6,6,88,80,13,9,2.1,1.5
2023-12-25T1000,1017A,117.237,39.1082,天津市,大直沽八号路,细颗粒物(PM2.5),221,231,141,171,99,12,,4,4,90,75,10,7,1.9,0.9
2023-12-25T1000,1018A,117.202,39.0927,天津市,前进道,细颗粒物(PM2.5),223,217,134,173,98,15,,8,8,93,78,11,6,2.3,1.3
2023-12-25T1000,1019A,117.1837,39.2133,天津市,淮河道,细颗粒物(PM2.5),169,170,151,128,111,15,,6,6,86,84,10,8,1.7,1.2
2023-12-25T1000,1021A,117.307,39.0877,天津市,跃进路,细颗粒物(PM2.5),205,213,129,155,91,13,,4,4,81,67,13,9,2.2,1.2
2023-12-25T1000,1023A,117.707,39.0343,天津市,第四大街,,,,121,,84,12,,4,4,88,75,14,9,,1.6
2023-12-25T1000,1024A,117.457,38.8394,天津市,永明路,细颗粒物(PM2.5),199,192,129,149,99,14,,4,4,73,75,20,13,1.5,1
2023-12-25T1000,1026A,117.764,39.1587,天津市,汉北路,细颗粒物(PM2.5),139,167,115,106,69,,,2,2,,69,12,7,1.6,1
2023-12-25T1000,1027A,117.157,38.9194,天津市,团泊洼,细颗粒物(PM2.5),211,197,132,161,105,40,,27,27,71,66,7,8,2.0,1.5
2023-12-25T1000,2858A,117.7918,39.2474,天津市,河西一经路,细颗粒物(PM2.5),119,120,101,90,73,16,,6,6,70,67,11,7,1.2,1
2023-12-25T1000,2859A,117.3747,38.9846,天津市,津沽路,细颗粒物(PM2.5),186,184,138,140,98,11,,4,4,92,83,13,8,1.9,1.1
2023-12-25T1000,2860A,117.1589,39.0845,天津市,宾水西道,细颗粒物(PM2.5),225,226,142,175,103,14,,9,9,102,83,10,4,2.3,1.2
2023-12-25T1000,2922A,117.1941,39.1067,天津市,大理道,细颗粒物(PM2.5),225,244,133,175,103,9,,5,5,91,77,13,9,2.0,1.3
2023-12-25T1000,3020A,117.2101,39.1699,天津市,中山北路,细颗粒物(PM2.5),165,147,123,125,100,14,,8,8,78,72,8,6,1.7,1
2023-12-25T1000,3051A,117.3876,39.1488,天津市,西四道,细颗粒物(PM2.5),190,198,123,143,84,8,,5,5,97,79,12,8,2.2,1.2
2023-12-25T1000,3325A,117.0365,39.3828,天津市,雍阳西道,细颗粒物(PM2.5),100,104,92,75,62,18,,5,5,70,71,8,7,1.1,0.8
2023-12-25T1000,3326A,117.0296,39.0605,天津市,辛老路,细颗粒物(PM2.5),206,229,157,156,110,12,,4,4,87,78,10,7,2.1,1.4
2023-12-25T1000,3327A,116.9638,38.9375,天津市,地纬路,细颗粒物(PM2.5),204,213,132,154,99,11,,4,4,,80,12,9,2.0,1.3
2023-12-25T1000,3460A,117.4067,40.0583,天津市,北环路,颗粒物(PM10),60,69,36,41,20,25,,39,30,45,21,6,4,1.0,0.5
2023-12-25T1000,3461A,117.3045,39.7169,天津市,建设路,颗粒物(PM10),71,91,80,50,46,21,,6,6,70,64,14,11,0.8,0.6
2023-12-25T1000,3462A,117.8199,39.3521,天津市,滨水东路,细颗粒物(PM2.5),100,106,85,75,59,21,,8,8,70,70,8,5,1.1,0.8
2023-12-25T1000,2649A,106.0055,34.343,天水市,麦积山,,,,,,,,,,,,,,,,
2023-12-25T1000,2650A,105.7205,34.5786,天水市,公园小学,颗粒物(PM10),68,86,87,29,35,3,,0,0,45,51,16,21,1.9,1
2023-12-25T1000,2651A,105.8945,34.5538,天水市,麦积国土局,颗粒物(PM10),75,99,114,50,56,12,,7,7,44,51,20,20,1.3,1.4
2023-12-25T1000,2216A,123.8139,42.3022,铁岭市,汇工街西,细颗粒物(PM2.5),238,194,126,188,114,15,,7,7,63,60,35,26,2.1,1.6
2023-12-25T1000,2217A,123.8649,42.2923,铁岭市,水上乐园,细颗粒物(PM2.5),195,167,102,146,85,42,,39,37,46,43,12,9,1.7,1.1
2023-12-25T1000,2218A,123.8486,42.2867,铁岭市,银州路东段,细颗粒物(PM2.5),189,188,125,142,94,33,,27,25,49,50,11,11,1.8,1.2
2023-12-25T1000,2219A,123.7153,42.2217,铁岭市,金沙江路北,细颗粒物(PM2.5),155,128,107,118,95,25,,13,13,57,63,8,7,1.8,1.5
2023-12-25T1000,2229A,125.9358,41.7173,通化市,光明,细颗粒物(PM2.5),124,112,66,94,52,13,,10,8,68,48,,21,1.8,1.2
2023-12-25T1000,2230A,125.9446,41.7325,通化市,铁路,细颗粒物(PM2.5),78,91,63,57,47,15,,6,6,55,56,25,17,1.6,1.3
2023-12-25T1000,2191A,122.2532,43.6801,通辽市,艺术职业学校,,43,43,48,19,26,56,,51,51,22,28,10,9,0.3,0.4
2023-12-25T1000,3706A,122.2584,43.6333,通辽市,老干部活动中心,,49,49,62,33,36,47,,36,36,22,32,12,12,0.5,0.6
2023-12-25T1000,3708A,122.2922,43.6189,通辽市,东方明珠社区,颗粒物(PM10),58,66,85,39,55,47,,40,40,32,41,13,16,0.9,1
2023-12-25T1000,1922A,109.0656,35.0994,铜川市,党校,颗粒物(PM10),79,108,95,57,55,7,,4,4,35,47,14,10,0.9,0.9
2023-12-25T1000,1923A,109.0697,35.0697,铜川市,王益区政府,细颗粒物(PM2.5),70,71,78,51,55,18,,7,7,39,44,6,7,1.0,0.8
2023-12-25T1000,1924A,108.9344,34.9058,铜川市,新区管委会,细颗粒物(PM2.5),72,71,87,52,57,23,,20,20,34,38,14,16,0.9,0.9
2023-12-25T1000,3651A,108.9543,34.8732,铜川市,旺旺集团,细颗粒物(PM2.5),70,66,101,51,66,31,,19,19,29,43,23,27,0.4,0.5
2023-12-25T1000,2285A,117.8177,30.9412,铜陵市,市第四中学,细颗粒物(PM2.5),123,130,94,93,59,,,8,8,66,54,21,10,2.4,1.3
2023-12-25T1000,2286A,117.8059,30.9273,铜陵市,市公路局,细颗粒物(PM2.5),103,120,82,77,51,17,,6,6,64,47,22,14,2.1,1
2023-12-25T1000,2287A,117.7807,30.9413,铜陵市,市新民污水厂,颗粒物(PM10),78,105,86,42,43,11,,4,4,63,49,14,10,1.1,1
2023-12-25T1000,2288A,117.7439,30.8792,铜陵市,市第九中学,颗粒物(PM10),90,130,115,49,53,16,,6,6,53,47,17,13,1.0,0.8
2023-12-25T1000,2289A,117.846,30.9413,铜陵市,车站新区,颗粒物(PM10),68,85,75,43,45,13,,12,10,59,50,15,12,1.1,0.8
2023-12-25T1000,2290A,117.8483,30.97,铜陵市,市职教基地,颗粒物(PM10),79,108,87,41,40,7,,4,4,46,46,11,10,0.9,0.8
2023-12-25T1000,2585A,109.1839,27.7344,铜仁地区,铜仁卫校,"颗粒物(PM10),细颗粒物(PM2.5)",65,79,80,47,46,15,,10,10,19,28,2,2,0.6,0.6
2023-12-25T1000,2586A,109.1753,27.6944,铜仁地区,铜仁七中,细颗粒物(PM2.5),60,57,60,43,49,28,,33,29,18,21,4,4,0.4,0.5
2023-12-25T1000,2686A,89.1904,42.9418,吐鲁番地区,市环保局,颗粒物(PM10),110,169,180,71,67,9,,8,8,60,54,7,9,1.6,1.6
2023-12-25T1000,2687A,89.1673,42.9559,吐鲁番地区,地区环保局,细颗粒物(PM2.5),143,210,197,109,83,8,,8,8,60,56,8,9,2.7,1.9
2023-12-25T1000,1662A,122.1214,37.4236,威海市,华夏技校,细颗粒物(PM2.5),102,85,71,76,59,47,,46,45,41,38,12,7,0.7,0.6
2023-12-25T1000,1663A,122.0508,37.5236,威海市,山大分校,细颗粒物(PM2.5),104,90,80,78,55,47,,48,46,31,29,12,9,1.0,0.8
2023-12-25T1000,1664A,122.1067,37.5072,威海市,市监测站,细颗粒物(PM2.5),102,100,75,76,58,37,,43,39,42,37,12,8,0.9,0.7
2023-12-25T1000,1982A,122.0693,37.2174,威海市,文登开发区,细颗粒物(PM2.5),132,127,94,100,71,20,,33,27,71,53,15,15,1.2,0.7
2023-12-25T1000,3505A,122.1379,37.3414,威海市,临港区管委会,细颗粒物(PM2.5),104,117,86,78,63,30,,37,31,57,45,16,10,0.8,0.7
2023-12-25T1000,1650A,119.1437,36.7023,潍坊市,环保局,细颗粒物(PM2.5),108,153,108,81,69,15,,6,6,67,60,17,16,1.6,1.1
2023-12-25T1000,2877A,119.1641,36.6523,潍坊市,坊子邮政,细颗粒物(PM2.5),84,97,93,62,73,22,,8,8,67,62,19,20,1.3,1.2
2023-12-25T1000,3178A,119.0587,36.721,潍坊市,潍坊七中,细颗粒物(PM2.5),108,117,108,81,68,15,,6,6,65,60,19,20,1.5,1
2023-12-25T1000,3368A,119.1977,36.6872,潍坊市,高新实验学校,细颗粒物(PM2.5),92,114,102,68,64,20,,4,4,55,55,16,15,1.4,1.1
2023-12-25T1000,3416A,119.1755,36.7149,潍坊市,潍坊学院,细颗粒物(PM2.5),89,107,100,66,62,25,,7,7,64,61,27,21,1.4,1.1
2023-12-25T1000,3861A,119.2041,36.7699,潍坊市,寒亭区实验一小,细颗粒物(PM2.5),107,114,101,80,67,27,,7,7,73,69,31,22,1.5,1
2023-12-25T1000,1938A,109.5293,34.5101,渭南市,农科所,,,,,,,,,,,,,,,,
2023-12-25T1000,1939A,109.4974,34.4877,渭南市,日报社,,,112,131,,89,14,,5,5,42,57,11,11,1.1,1.1
2023-12-25T1000,1940A,109.4636,34.493,渭南市,体育馆,细颗粒物(PM2.5),102,134,130,76,77,6,,3,3,57,59,12,8,1.4,1.1
2023-12-25T1000,1941A,109.4259,34.5023,渭南市,高新一小,细颗粒物(PM2.5),138,153,140,105,95,8,,4,4,36,52,10,9,1.5,1.3
2023-12-25T1000,1242A,120.634,28.0089,温州市,瓯海,颗粒物(PM10),60,69,73,34,40,27,,9,9,41,49,10,9,0.6,0.6
2023-12-25T1000,1243A,120.6748,27.9939,温州市,南浦,颗粒物(PM10),59,67,75,37,44,30,,11,11,34,48,9,8,0.6,0.5
2023-12-25T1000,1244A,120.76,27.9747,温州市,龙湾,颗粒物(PM10),57,63,75,34,40,25,,9,9,44,51,8,7,0.5,0.4
2023-12-25T1000,1245A,120.6709,28.0167,温州市,市站,颗粒物(PM10),57,64,67,35,33,32,,20,20,38,42,9,8,0.4,0.4
2023-12-25T1000,3561A,120.6985,27.9251,温州市,茶山,颗粒物(PM10),54,57,62,32,35,30,,12,12,40,34,5,5,0.4,0.4
2023-12-25T1000,2610A,104.2533,23.3594,文山州,州水务局,细颗粒物(PM2.5),104,100,90,78,71,19,,24,16,25,18,8,11,0.8,0.7
2023-12-25T1000,2611A,104.2319,23.3892,文山州,市便民服务中心,细颗粒物(PM2.5),98,90,79,73,71,18,,30,24,26,18,8,11,0.7,0.5
2023-12-25T1000,2187A,106.8174,39.6973,乌海市,市林业局,细颗粒物(PM2.5),225,272,153,175,84,6,,4,4,63,61,28,44,4.0,2.2
2023-12-25T1000,2188A,106.7907,39.6667,乌海市,中海勃湾学校,细颗粒物(PM2.5),190,218,154,143,89,13,,9,9,46,61,24,42,3.4,2.5
2023-12-25T1000,3284A,106.813,39.7274,乌海市,海北新区,,,,176,,82,,,5,5,54,61,33,40,3.2,2.1
2023-12-25T1000,3621A,106.8288,39.6778,乌海市,聚英学校,细颗粒物(PM2.5),198,210,148,148,81,8,,5,5,63,65,51,56,4.3,2
2023-12-25T1000,2197A,113.1306,40.9923,乌兰察布市,集宁新区,细颗粒物(PM2.5),78,89,62,57,40,30,,15,15,49,48,20,11,0.9,0.8
2023-12-25T1000,3034A,113.1076,41.0385,乌兰察布市,光明街小学,细颗粒物(PM2.5),79,73,66,58,46,38,,18,18,44,46,19,13,0.9,0.9
2023-12-25T1000,3285A,113.1376,40.9509,乌兰察布市,北京八中,细颗粒物(PM2.5),83,102,68,61,49,32,,22,22,43,45,20,18,0.8,0.7
2023-12-25T1000,3421A,113.1775,40.9779,乌兰察布市,市委党校,细颗粒物(PM2.5),83,102,68,61,42,21,,13,13,53,53,24,16,1.1,0.8
2023-12-25T1000,1490A,87.5801,43.8303,乌鲁木齐市,监测站,细颗粒物(PM2.5),78,102,88,57,50,6,,5,5,103,79,6,5,2.1,1.1
2023-12-25T1000,1491A,87.6046,43.768,乌鲁木齐市,收费所,细颗粒物(PM2.5),64,63,77,46,43,14,,14,14,57,62,6,6,0.7,1
2023-12-25T1000,1492A,87.4754,43.9469,乌鲁木齐市,新疆农科院农场,细颗粒物(PM2.5),84,81,89,62,64,5,,4,4,68,61,7,7,1.6,1.1
2023-12-25T1000,1493A,87.5525,43.8711,乌鲁木齐市,铁路局,细颗粒物(PM2.5),109,110,86,82,59,2,,2,2,117,86,5,5,1.8,1.1
2023-12-25T1000,1494A,87.6432,43.831,乌鲁木齐市,三十一中学,颗粒物(PM10),70,89,87,38,46,1,,21,21,81,57,5,5,1.3,0.9
2023-12-25T1000,1496A,87.7216,44.1747,乌鲁木齐市,米东区环保局,细颗粒物(PM2.5),253,251,185,203,156,4,,6,6,65,46,5,6,0.8,0.6
2023-12-25T1000,3033A,87.4651,43.4569,乌鲁木齐市,培训基地,,27,,19,7,11,84,,80,80,5,12,4,5,0.8,0.9
2023-12-25T1000,3437A,88.3118,43.3658,乌鲁木齐市,达坂城区环保局,颗粒物(PM10),62,73,88,27,32,79,,74,74,9,20,4,6,0.3,0.4
2023-12-25T1000,3438A,87.6162,43.8801,乌鲁木齐市,红光山片区,细颗粒物(PM2.5),74,90,86,54,58,2,,3,3,90,83,4,4,2.0,1.2
2023-12-25T1000,3439A,87.7024,43.8004,乌鲁木齐市,新师大温泉校区,颗粒物(PM10),69,88,79,35,37,51,,66,62,37,31,7,6,0.6,0.6
2023-12-25T1000,3440A,87.4921,43.8411,乌鲁木齐市,大绿谷,细颗粒物(PM2.5),80,107,87,59,51,2,,2,2,103,81,4,4,1.8,1.3
2023-12-25T1000,1188A,120.269,31.4867,无锡市,雪浪,细颗粒物(PM2.5),83,110,98,61,57,37,,10,10,45,45,17,9,1.1,0.9
2023-12-25T1000,1189A,120.275,31.6219,无锡市,黄巷,细颗粒物(PM2.5),107,142,129,80,76,18,,8,8,68,65,28,13,1.7,1.4
2023-12-25T1000,1190A,120.294,31.56,无锡市,曹张,细颗粒物(PM2.5),94,133,118,70,64,23,,5,5,63,71,26,17,1.3,1.1
2023-12-25T1000,1191A,120.242,31.5031,无锡市,漆塘,细颗粒物(PM2.5),92,107,94,68,64,40,,10,10,31,32,25,12,1.1,1.1
2023-12-25T1000,1192A,120.3489,31.5863,无锡市,东亭,细颗粒物(PM2.5),107,141,122,80,72,16,,5,5,70,64,13,10,1.8,1.6
2023-12-25T1000,1193A,120.354,31.5475,无锡市,旺庄,细颗粒物(PM2.5),104,127,112,78,69,17,,4,4,70,68,10,6,1.3,1.1
2023-12-25T1000,1194A,120.245,31.5631,无锡市,荣巷,细颗粒物(PM2.5),107,114,92,80,67,31,,10,10,53,55,22,12,1.4,1.3
2023-12-25T1000,1195A,120.299,31.6817,无锡市,堰桥,细颗粒物(PM2.5),110,144,118,83,74,16,,6,6,76,67,24,14,1.9,1.4
2023-12-25T1000,3428A,120.3142,31.4753,无锡市,华庄,细颗粒物(PM2.5),95,109,103,71,72,38,,10,10,56,54,18,10,1.1,0.9
2023-12-25T1000,2677A,106.1532,37.9648,吴忠市,教育园区,细颗粒物(PM2.5),153,159,124,117,92,8,,3,3,39,48,15,15,1.9,1.5
2023-12-25T1000,2679A,106.1856,37.9956,吴忠市,新区二泵站,细颗粒物(PM2.5),129,133,102,98,76,5,,2,2,50,56,7,12,2.0,1.3
2023-12-25T1000,3648A,106.2112,37.9768,吴忠市,文卫南街,颗粒物(PM10),91,132,109,65,57,14,,10,10,39,46,12,16,1.9,1.2
2023-12-25T1000,1794A,118.3606,31.3519,芜湖市,监测站,颗粒物(PM10),79,108,96,56,52,12,,9,9,62,67,7,8,1.0,0.8
2023-12-25T1000,1795A,118.3714,31.4134,芜湖市,科创中心,细颗粒物(PM2.5),82,111,103,60,64,11,,4,4,60,66,9,10,1.0,1
2023-12-25T1000,1796A,118.3673,31.3131,芜湖市,四水厂,颗粒物(PM10),68,85,95,47,53,20,,6,6,34,54,8,10,0.9,0.8
2023-12-25T1000,3328A,118.4209,31.3707,芜湖市,市气象局,细颗粒物(PM2.5),73,94,96,53,53,16,,5,5,47,62,7,8,0.6,0.6
2023-12-25T1000,3465A,118.4781,31.3225,芜湖市,清苑社区,颗粒物(PM10),69,87,114,46,62,33,,13,13,23,48,9,10,0.7,0.9
2023-12-25T1000,3466A,118.2746,31.2326,芜湖市,扬子职业技术学院,颗粒物(PM10),70,89,91,48,47,21,,6,6,31,46,6,9,0.8,0.8
2023-12-25T1000,2495A,111.3014,23.4832,梧州市,市逸夫小学,颗粒物(PM10),59,67,59,36,29,42,,40,32,27,24,16,14,0.5,0.5
2023-12-25T1000,2496A,111.3239,23.4794,梧州市,市十一中,颗粒物(PM10),76,102,68,45,30,20,,12,8,40,36,17,11,0.6,0.4
2023-12-25T1000,2497A,111.247,23.4189,梧州市,龙圩,颗粒物(PM10),70,90,67,37,33,21,,22,15,28,24,12,12,1.0,0.8
2023-12-25T1000,2498A,111.2711,23.4835,梧州市,龙新,颗粒物(PM10),57,64,61,26,27,36,,32,30,31,32,17,19,0.7,0.7
2023-12-25T1000,2711A,87.5475,44.1756,五家渠市,农水大厦,细颗粒物(PM2.5),169,216,194,128,148,1,,2,2,59,56,5,8,2.0,1.6
2023-12-25T1000,3441A,87.546,44.1912,五家渠市,经开区管委会,细颗粒物(PM2.5),232,251,203,182,155,5,,8,8,54,50,1,8,1.9,1.5
2023-12-25T1000,1325A,114.3677,30.5584,武汉市,东湖梨园,细颗粒物(PM2.5),98,88,75,73,60,13,,8,8,56,60,12,10,1.3,1.3
2023-12-25T1000,1326A,114.2529,30.558,武汉市,汉阳月湖,细颗粒物(PM2.5),94,108,94,70,63,16,,8,8,74,80,14,9,1.2,1.1
2023-12-25T1000,1327A,114.282,30.6189,武汉市,汉口花桥,细颗粒物(PM2.5),95,96,104,71,74,8,,5,5,72,83,18,10,1.4,1.8
2023-12-25T1000,1328A,114.3025,30.5332,武汉市,武昌紫阳,细颗粒物(PM2.5),92,108,105,68,70,12,,7,7,80,90,21,11,1.6,1.8
2023-12-25T1000,1329A,114.3646,30.6217,武汉市,青山钢花,细颗粒物(PM2.5),113,125,125,85,83,10,,7,7,75,89,19,11,1.5,1.9
2023-12-25T1000,1330A,114.1566,30.4825,武汉市,沌口新区,细颗粒物(PM2.5),108,110,98,81,75,17,,6,6,58,77,19,13,1.4,1.1
2023-12-25T1000,1331A,114.3014,30.5944,武汉市,汉口江滩,细颗粒物(PM2.5),94,105,98,70,69,17,,10,10,63,74,18,10,1.3,1.3
2023-12-25T1000,1333A,114.135,30.6319,武汉市,吴家山,细颗粒物(PM2.5),104,120,113,78,77,9,,9,9,100,86,13,9,2.5,1.8
2023-12-25T1000,1334A,113.8454,30.2917,武汉市,沉湖七壕,颗粒物(PM10),72,93,64,35,32,28,,13,13,33,30,6,6,0.8,0.6
2023-12-25T1000,3153A,114.3877,30.4908,武汉市,民族大道182号,细颗粒物(PM2.5),100,107,86,75,70,14,,6,6,75,92,22,10,1.2,1
2023-12-25T1000,2652A,102.6201,37.9251,武威市,监测站,颗粒物(PM10),63,76,69,42,47,9,,24,19,62,46,13,11,2.0,1.1
2023-12-25T1000,3201A,102.6486,37.9325,武威市,东关招商场,颗粒物(PM10),53,55,67,30,47,16,,32,26,44,40,7,8,1.1,0.9
2023-12-25T1000,1462A,108.882,34.2749,西安市,高压开关厂,细颗粒物(PM2.5),158,190,174,120,108,7,,4,4,69,77,7,8,1.6,1.3
2023-12-25T1000,1463A,108.993,34.2629,西安市,兴庆小区,细颗粒物(PM2.5),147,142,137,112,106,6,,3,3,62,64,7,8,1.3,1.1
2023-12-25T1000,1464A,109.06,34.2572,西安市,纺织城,细颗粒物(PM2.5),179,188,150,135,115,5,,3,3,62,64,2,4,1.6,1.3
2023-12-25T1000,1465A,108.9356,34.2173,西安市,小寨,细颗粒物(PM2.5),193,199,166,145,112,17,,14,14,78,77,6,5,2.0,1.5
2023-12-25T1000,1466A,108.954,34.2713,西安市,市人民体育场,细颗粒物(PM2.5),145,169,152,111,111,6,,4,4,70,76,8,7,1.4,1.2
2023-12-25T1000,1467A,108.8922,34.2322,西安市,高新西区,细颗粒物(PM2.5),209,207,171,159,129,9,,9,9,75,87,7,7,2.1,1.6
2023-12-25T1000,1468A,108.935,34.3474,西安市,经开区,细颗粒物(PM2.5),140,120,120,107,107,10,,3,3,52,66,8,7,1.2,1.1
2023-12-25T1000,1469A,108.906,34.1546,西安市,长安区,细颗粒物(PM2.5),200,203,216,150,151,6,,1,1,60,86,5,6,1.6,1.6
2023-12-25T1000,1471A,109.2186,34.3731,西安市,临潼区,细颗粒物(PM2.5),138,145,154,105,119,6,,2,2,49,60,8,9,1.8,1.7
2023-12-25T1000,1472A,108.869,34.378,西安市,草滩,颗粒物(PM10),94,137,137,58,62,6,,2,2,52,64,3,4,1.4,1.2
2023-12-25T1000,1473A,108.985,34.1978,西安市,曲江文化产业集团,细颗粒物(PM2.5),179,177,148,135,107,8,,2,2,72,71,6,6,1.5,1.3
2023-12-25T1000,1474A,109.051,34.3213,西安市,广运潭,细颗粒物(PM2.5),145,149,152,111,114,4,,1,1,48,54,8,9,1.3,1.3
2023-12-25T1000,3524A,108.6116,34.1164,西安市,文体局,细颗粒物(PM2.5),202,193,191,152,161,8,,3,3,41,71,7,8,1.0,1.7
2023-12-25T1000,3605A,109.09,34.5236,西安市,无线电监控中心,细颗粒物(PM2.5),137,148,134,104,98,15,,12,11,47,51,8,8,1.5,1.3
2023-12-25T1000,1483A,101.524,36.6867,西宁市,第五水厂,,,,,,,,,,,,,,,,
2023-12-25T1000,3055A,101.7775,36.6428,西宁市,城北区政府,细颗粒物(PM2.5),78,75,90,57,64,12,,7,7,31,49,49,36,2.4,2.1
2023-12-25T1000,3629A,101.8305,36.5786,西宁市,世纪职校,细颗粒物(PM2.5),82,79,60,60,56,8,,10,8,65,55,38,27,2.7,1.6
2023-12-25T1000,3630A,101.7413,36.6397,西宁市,师大城西校区,细颗粒物(PM2.5),88,111,83,65,53,6,,4,4,52,58,24,21,2.5,1.8
2023-12-25T1000,2612A,100.7939,22.0019,西双版纳州,景洪市江南,,40,30,27,28,26,47,,24,24,15,13,7,7,0.6,0.5
2023-12-25T1000,2613A,100.8017,22.0225,西双版纳州,景洪市江北,,36,,21,25,18,35,,33,30,17,12,8,7,0.7,0.6
2023-12-25T1000,3606A,108.7108,34.46,西咸新区,北杜,颗粒物(PM10),128,206,132,78,90,17,,8,8,48,60,8,7,1.1,1
2023-12-25T1000,3607A,108.7096,34.2956,西咸新区,同德佳苑,细颗粒物(PM2.5),196,186,145,147,106,3,,8,5,61,72,6,7,1.6,1.1
2023-12-25T1000,3608A,108.8558,34.4978,西咸新区,崇文塔,细颗粒物(PM2.5),132,114,127,100,96,11,,8,8,47,58,5,6,1.3,1.2
2023-12-25T1000,2202A,116.1042,43.9317,锡林郭勒盟,市环保监测站,,23,13,17,3,8,71,,73,72,6,4,5,6,0.3,0.3
2023-12-25T1000,2203A,116.0781,43.9311,锡林郭勒盟,市政府,,23,23,23,2,4,70,,71,71,7,6,9,11,0.3,0.2
2023-12-25T1000,1286A,118.1608,24.8169,厦门市,溪东,,,,,,,,,,,,,,,,
2023-12-25T1000,1287A,118.1514,24.4767,厦门市,洪文,颗粒物(PM10),51,51,43,20,20,65,,61,61,9,10,4,3,0.3,0.4
2023-12-25T1000,1288A,118.0661,24.4444,厦门市,鼓浪屿,,46,46,41,22,19,62,,58,58,14,14,3,3,0.4,0.4
2023-12-25T1000,2842A,118.0936,24.5058,厦门市,湖里中学,,45,45,42,22,19,69,,58,58,18,20,3,2,0.3,0.3
2023-12-25T1000,3527A,118.0958,24.5688,厦门市,集美中学,,39,39,37,22,20,70,,62,58,10,14,3,3,0.3,0.3
2023-12-25T1000,3528A,118.1493,24.7245,厦门市,同安二实小,,32,30,28,22,18,49,,39,39,13,16,3,4,0.4,0.4
2023-12-25T1000,2447A,114.3175,29.8142,咸宁市,森林公园,颗粒物(PM10),53,56,60,22,30,46,,81,77,10,10,5,8,1.2,1
2023-12-25T1000,2448A,114.3107,29.8454,咸宁市,市发改委,颗粒物(PM10),69,88,82,44,49,29,,19,18,29,27,2,5,1.0,0.9
2023-12-25T1000,2449A,114.2936,29.8566,咸宁市,咸安区政府,细颗粒物(PM2.5),77,88,80,56,51,21,,28,22,35,34,6,7,0.9,0.9
2023-12-25T1000,3655A,114.3375,29.8683,咸宁市,长江产业园,颗粒物(PM10),56,62,82,28,45,54,,28,28,19,35,6,8,0.7,0.9
2023-12-25T1000,1918A,108.7197,34.3956,咸阳市,气象站,,,,,,,,,,,,,,,,
2023-12-25T1000,1919A,108.673,34.3155,咸阳市,实验中学,细颗粒物(PM2.5),153,154,141,117,101,11,,10,10,61,72,8,10,1.6,1.3
2023-12-25T1000,1920A,108.7233,34.3617,咸阳市,师范学院,细颗粒物(PM2.5),132,132,132,100,105,13,,10,10,60,63,10,10,1.0,0.9
2023-12-25T1000,3165A,108.6594,34.2969,咸阳市,两寺渡,细颗粒物(PM2.5),134,152,158,102,103,5,,2,2,53,69,4,6,0.9,0.9
2023-12-25T1000,3525A,108.6396,34.4078,咸阳市,奥体中心,细颗粒物(PM2.5),117,122,143,88,102,13,,4,4,43,60,8,8,0.9,1
2023-12-25T1000,1508A,112.9433,27.8614,湘潭市,板塘,细颗粒物(PM2.5),105,132,100,79,67,9,,2,2,59,54,14,5,1.0,0.7
2023-12-25T1000,1511A,112.9118,27.8403,湘潭市,市监测站,细颗粒物(PM2.5),104,134,97,78,60,10,,4,4,52,46,17,7,1.4,0.9
2023-12-25T1000,1512A,112.8937,27.8728,湘潭市,江麓,细颗粒物(PM2.5),100,99,93,75,68,7,,4,4,52,44,19,8,1.5,1.2
2023-12-25T1000,1513A,112.9227,27.8159,湘潭市,岳塘,颗粒物(PM10),85,119,83,62,58,15,,3,3,47,44,16,8,1.3,0.9
2023-12-25T1000,1514A,112.9074,27.9119,湘潭市,科大,细颗粒物(PM2.5),118,121,100,89,72,1,,0,0,64,50,9,5,1.2,0.8
2023-12-25T1000,1562A,113.0048,27.9153,湘潭市,昭山,颗粒物(PM10),89,127,101,65,55,10,,2,2,62,58,10,6,1.1,0.6
2023-12-25T1000,1564A,112.4876,27.9164,湘潭市,韶山,颗粒物(PM10),80,110,69,44,36,31,,42,39,42,21,10,6,0.9,0.4
2023-12-25T1000,2492A,109.6414,28.2558,湘西州,跃进水库,,38,32,28,26,26,12,,7,7,12,14,2,3,1.1,1
2023-12-25T1000,2493A,109.7325,28.3169,湘西州,州政府,细颗粒物(PM2.5),69,64,57,50,45,18,,14,13,20,20,10,12,0.6,0.5
2023-12-25T1000,2494A,109.6958,28.2675,湘西州,吉首市计生局,细颗粒物(PM2.5),77,66,60,56,53,11,,11,9,29,24,7,5,0.8,0.5
2023-12-25T1000,2432A,112.155,32.0197,襄阳市,襄城运动路,细颗粒物(PM2.5),129,152,133,98,84,42,,36,26,36,34,19,15,1.2,0.9
2023-12-25T1000,2433A,112.1392,32.0564,襄阳市,樊城新华路,细颗粒物(PM2.5),156,151,125,119,100,28,,30,22,45,38,22,13,1.4,1
2023-12-25T1000,2434A,112.1825,32.1142,襄阳市,高新管委会,,,,,,,,,,,,,,,,
2023-12-25T1000,2435A,112.2106,32.0903,襄阳市,襄州航空路,细颗粒物(PM2.5),113,144,117,85,85,22,,46,38,34,25,12,13,1.0,0.9
2023-12-25T1000,3396A,112.0828,32.0067,襄阳市,襄城隆中路,细颗粒物(PM2.5),150,124,106,115,90,12,,24,20,57,39,18,19,1.3,1
2023-12-25T1000,3397A,112.1214,32.1008,襄阳市,高新台子湾,细颗粒物(PM2.5),149,184,139,114,92,6,,3,3,53,52,14,17,1.3,0.8
2023-12-25T1000,2443A,113.9153,30.9285,孝感市,文化路,细颗粒物(PM2.5),109,122,101,82,82,10,,4,4,71,66,10,10,1.3,1.4
2023-12-25T1000,2444A,113.942,30.9075,孝感市,东城区,细颗粒物(PM2.5),102,140,136,76,73,14,,7,7,71,62,10,10,1.2,1.1
2023-12-25T1000,2181A,112.7383,38.4519,忻州市,开发区,细颗粒物(PM2.5),104,95,104,78,88,20,,13,13,,72,9,11,1.7,1.6
2023-12-25T1000,2182A,112.7003,38.4928,忻州市,会展中心,细颗粒物(PM2.5),159,147,121,121,100,15,,10,10,73,71,26,11,1.9,1.5
2023-12-25T1000,3208A,112.7283,38.4153,忻州市,市政府,细颗粒物(PM2.5),158,160,139,120,103,18,,13,13,73,75,84,81,2.6,1.9
2023-12-25T1000,2389A,113.836,35.311,新乡市,环保西院,细颗粒物(PM2.5),100,124,83,75,46,18,,5,5,46,43,11,9,1.1,0.9
2023-12-25T1000,2390A,113.884,35.272,新乡市,开发区,细颗粒物(PM2.5),113,124,71,85,45,12,,7,7,60,41,12,9,1.4,0.9
2023-12-25T1000,2391A,113.883,35.303,新乡市,环保东院,细颗粒物(PM2.5),83,112,81,61,46,16,,8,8,48,43,12,11,1.4,0.8
2023-12-25T1000,3054A,113.9194,35.2847,新乡市,市委党校,细颗粒物(PM2.5),104,133,78,78,46,11,,7,7,55,36,7,6,1.1,0.8
2023-12-25T1000,3475A,113.9188,35.3045,新乡市,市政府,细颗粒物(PM2.5),100,126,82,75,47,17,,7,7,57,44,9,7,0.9,0.7
2023-12-25T1000,3476A,113.9135,35.3327,新乡市,河师大,细颗粒物(PM2.5),98,136,94,73,47,14,,7,7,58,46,14,11,1.2,0.9
2023-12-25T1000,3689A,113.9003,35.372,新乡市,行政服务中心,细颗粒物(PM2.5),127,152,100,96,52,13,,4,4,53,49,14,9,1.2,1.1
2023-12-25T1000,2352A,115.0861,27.9317,新余市,北岗,,44,44,45,30,30,16,,5,5,27,26,17,20,0.9,0.5
2023-12-25T1000,2353A,114.9886,27.8431,新余市,飞宇,颗粒物(PM10),73,95,86,45,39,14,,5,5,51,52,25,21,1.4,0.5
2023-12-25T1000,2354A,114.9231,27.8246,新余市,第二水厂,颗粒物(PM10),79,108,97,57,55,13,,5,5,43,44,22,17,1.3,0.7
2023-12-25T1000,2355A,114.9308,27.8036,新余市,市气象局,颗粒物(PM10),78,106,86,47,46,15,,10,10,48,46,14,17,2.1,0.7
2023-12-25T1000,3206A,114.9149,27.807,新余市,新钢沁园村,颗粒物(PM10),82,114,97,45,44,12,,5,5,56,52,25,18,2.0,0.8
2023-12-25T1000,2054A,114.1099,32.1059,信阳市,平桥分局,细颗粒物(PM2.5),103,101,84,77,61,22,,50,41,56,35,6,5,0.8,0.3
2023-12-25T1000,2064A,113.9956,32.1271,信阳市,南湾水厂,细颗粒物(PM2.5),83,113,82,61,53,44,,62,58,31,20,3,3,0.9,0.7
2023-12-25T1000,2065A,114.0775,32.1195,信阳市,市酿酒公司,细颗粒物(PM2.5),89,102,88,66,63,23,,30,24,56,46,5,4,1.6,1
2023-12-25T1000,2066A,114.0609,32.1399,信阳市,审计局,细颗粒物(PM2.5),103,105,95,77,62,22,,56,42,62,38,8,7,1.2,0.8
2023-12-25T1000,2200A,122.0392,46.0656,兴安盟,胜华新制药厂,,46,46,29,31,20,45,,62,53,23,14,6,5,0.6,0.8
2023-12-25T1000,2201A,121.9504,46.0741,兴安盟,科右前旗环保局,,,,26,,18,,,65,,,10,,3,,0.6
2023-12-25T1000,3035A,122.0931,46.0707,兴安盟,北滨河,细颗粒物(PM2.5),84,104,35,62,18,17,,48,34,50,22,17,6,1.7,0.7
2023-12-25T1000,1077A,114.4704,37.0886,邢台市,达活泉,颗粒物(PM10),56,62,91,27,64,22,,10,10,43,63,6,7,1.3,1.5
2023-12-25T1000,1078A,114.5062,37.0349,邢台市,邢师高专,细颗粒物(PM2.5),57,49,90,40,76,16,,7,7,45,60,5,6,1.1,1.4
2023-12-25T1000,1079A,114.5237,37.0851,邢台市,路桥公司,细颗粒物(PM2.5),83,75,94,61,80,14,,8,8,48,64,12,13,1.5,1.5
2023-12-25T1000,1080A,114.4725,37.0719,邢台市,市环保局,颗粒物(PM10),62,73,87,36,62,25,,11,11,40,58,6,7,1.1,1.3
2023-12-25T1000,3584A,115.8844,39.0341,雄安新区,容城县环境保护局,细颗粒物(PM2.5),119,143,106,90,73,13,,8,8,88,85,14,12,1.7,1.1
2023-12-25T1000,3585A,115.8665,39.0645,雄安新区,河北容城中学,细颗粒物(PM2.5),120,105,88,91,80,19,,10,10,74,84,10,8,0.6,0.1
2023-12-25T1000,3586A,115.923,38.9405,雄安新区,安新县民政局,细颗粒物(PM2.5),152,149,110,116,80,15,,6,6,87,81,7,8,1.7,1.2
2023-12-25T1000,3587A,115.9324,38.9338,雄安新区,安新县电力局,细颗粒物(PM2.5),148,136,94,113,69,19,,6,6,84,72,10,10,1.8,1.2
2023-12-25T1000,3588A,116.0901,38.9816,雄安新区,雄县环境保护局,细颗粒物(PM2.5),155,200,135,118,81,14,,6,6,79,74,15,13,2.2,1.8
2023-12-25T1000,3589A,116.1105,39.0046,雄安新区,雄县国土资源局,细颗粒物(PM2.5),153,140,110,117,86,9,,3,3,79,68,14,12,2.3,1.4
2023-12-25T1000,1177A,117.179,34.2761,徐州市,黄河新村,细颗粒物(PM2.5),147,168,121,112,85,7,,1,1,78,68,14,10,1.3,1.2
2023-12-25T1000,1178A,117.1918,34.2384,徐州市,淮塔,细颗粒物(PM2.5),153,199,118,117,77,8,,4,1,69,44,21,11,1.3,1.1
2023-12-25T1000,1180A,117.256,34.2153,徐州市,新城区,细颗粒物(PM2.5),166,217,130,126,84,11,,5,5,75,58,14,11,1.2,0.9
2023-12-25T1000,1181A,117.244,34.2911,徐州市,桃园路,细颗粒物(PM2.5),129,188,122,98,74,18,,5,5,63,57,13,11,1.2,1.1
2023-12-25T1000,1182A,117.2933,34.2778,徐州市,农科院,细颗粒物(PM2.5),130,153,113,99,74,19,,7,7,56,56,11,10,0.9,0.9
2023-12-25T1000,3005A,117.1814,34.29,徐州市,鼓楼区政府,细颗粒物(PM2.5),133,147,100,101,77,18,,9,9,76,60,16,10,2.2,1.3
2023-12-25T1000,3006A,117.1694,34.1781,徐州市,铜山区招生办,细颗粒物(PM2.5),169,197,117,128,72,13,,6,6,71,49,15,9,1.1,0.8
2023-12-25T1000,3288A,117.4754,34.4422,徐州市,大泉街道,细颗粒物(PM2.5),112,172,122,84,69,42,,12,12,36,41,12,12,1.9,1
2023-12-25T1000,2396A,113.8276,34.0159,许昌市,监测站,细颗粒物(PM2.5),105,141,108,79,66,20,,13,11,46,46,10,7,1.0,0.8
2023-12-25T1000,2398A,113.7906,33.9953,许昌市,开发区,细颗粒物(PM2.5),104,112,104,78,67,16,,5,5,55,49,10,7,1.2,0.8
2023-12-25T1000,3134A,113.8172,34.0339,许昌市,市一中,细颗粒物(PM2.5),113,136,95,85,61,17,,12,12,48,44,9,7,1.2,0.9
2023-12-25T1000,3337A,113.8614,34.0442,许昌市,许昌学院,细颗粒物(PM2.5),108,126,92,81,51,15,,20,15,47,34,11,9,1.0,0.5
2023-12-25T1000,3338A,113.843,34.0823,许昌市,芙蓉广场,细颗粒物(PM2.5),117,137,90,88,53,9,,11,8,55,42,9,7,1.2,0.7
2023-12-25T1000,3597A,113.8134,34.1251,许昌市,建安区兴业大厦,细颗粒物(PM2.5),98,129,98,73,51,22,,28,22,36,24,8,7,0.8,0.5
2023-12-25T1000,2316A,118.7581,30.9454,宣城市,鳌峰子站,颗粒物(PM10),72,93,76,37,40,41,,39,39,28,34,6,6,0.7,0.7
2023-12-25T1000,2317A,118.7385,30.9743,宣城市,敬亭山子站,,,80,64,39,41,,,47,47,,29,,7,,0.6
2023-12-25T1000,2318A,118.7173,30.9427,宣城市,开发区子站,颗粒物(PM10),66,82,77,38,46,42,,17,17,30,51,5,6,0.9,0.8
2023-12-25T1000,3470A,118.7724,30.9141,宣城市,夏渡子站,颗粒物(PM10),63,75,68,42,40,32,,35,31,23,23,4,5,0.6,0.5
2023-12-25T1000,2554A,103.0475,30.02,雅安市,建安厂,细颗粒物(PM2.5),123,110,88,93,70,5,,5,5,36,38,7,6,0.9,0.6
2023-12-25T1000,2555A,103.0111,29.9833,雅安市,市政府,细颗粒物(PM2.5),102,91,75,76,66,8,,21,16,24,21,4,4,0.9,0.7
2023-12-25T1000,2556A,102.9905,29.9775,雅安市,川农大,细颗粒物(PM2.5),94,88,68,70,57,7,,21,16,30,21,6,6,1.0,0.8
2023-12-25T1000,3700A,103.0456,29.9956,雅安市,康养中心,细颗粒物(PM2.5),85,86,78,63,61,63,,81,74,12,11,6,6,0.5,0.5
2023-12-25T1000,1642A,121.2514,37.5639,烟台市,开发区,细颗粒物(PM2.5),119,105,86,90,71,27,,32,30,42,40,16,14,1.2,0.9
2023-12-25T1000,1643A,121.3719,37.5433,烟台市,轴承厂,细颗粒物(PM2.5),114,107,85,86,67,40,,43,40,42,37,15,12,1.0,0.8
2023-12-25T1000,1644A,121.3181,37.5436,烟台市,西郊化工站,细颗粒物(PM2.5),112,105,89,84,66,38,,36,35,45,43,12,13,1.2,1
2023-12-25T1000,1645A,121.4478,37.4822,烟台市,莱山环保局,细颗粒物(PM2.5),133,136,91,101,68,31,,33,33,45,38,15,12,1.3,0.9
2023-12-25T1000,1646A,121.2611,37.4967,烟台市,福山环保局,细颗粒物(PM2.5),147,136,100,112,80,29,,29,28,44,42,13,10,1.4,1.1
2023-12-25T1000,3057A,121.5992,37.4014,烟台市,牟平检察院,细颗粒物(PM2.5),124,132,98,94,69,43,,40,38,36,30,16,11,1.2,1
2023-12-25T1000,3366A,121.5206,37.4336,烟台市,中国农业大学,细颗粒物(PM2.5),132,132,89,100,63,27,,35,31,50,38,17,11,1.5,1.1
2023-12-25T1000,1926A,109.4131,36.6275,延安市,枣园,,37,37,47,24,29,13,,5,5,23,36,3,3,0.3,0.4
2023-12-25T1000,1927A,109.4761,36.6028,延安市,延大医附院,颗粒物(PM10),56,61,71,31,39,10,,5,5,29,44,5,6,0.9,1
2023-12-25T1000,1929A,109.5056,36.6106,延安市,百米大道,细颗粒物(PM2.5),55,58,74,39,45,8,,4,4,42,50,11,9,1.3,1.1
2023-12-25T1000,3652A,109.4809,36.5786,延安市,西北局旧址,颗粒物(PM10),71,92,74,50,40,12,,9,9,46,48,7,10,1.6,1.1
2023-12-25T1000,1215A,120.118,33.4022,盐城市,盐城电厂,细颗粒物(PM2.5),113,136,88,85,60,19,,14,10,56,39,10,9,0.9,0.7
2023-12-25T1000,1216A,120.156,33.3942,盐城市,市监测站,细颗粒物(PM2.5),113,138,89,85,58,92,,31,31,52,42,9,7,0.8,0.8
2023-12-25T1000,1218A,120.2144,33.38,盐城市,开发区管委会,细颗粒物(PM2.5),105,112,79,79,59,41,,21,21,56,47,8,8,0.6,0.4
2023-12-25T1000,3004A,120.1544,33.3663,盐城市,宝龙广场,细颗粒物(PM2.5),119,134,92,90,65,32,,20,17,48,40,11,9,0.7,0.6
2023-12-25T1000,3293A,120.1501,33.3367,盐城市,月亮广场,细颗粒物(PM2.5),100,114,80,75,57,31,,21,18,55,42,12,10,0.9,0.6
2023-12-25T1000,3436A,120.4279,33.205,盐城市,大丰高级中学,细颗粒物(PM2.5),104,117,100,78,66,31,,10,10,46,53,14,12,0.9,0.8
2023-12-25T1000,1186A,119.389,32.3761,扬州市,邗江监测站,细颗粒物(PM2.5),103,153,112,77,70,21,,4,4,73,62,14,10,1.2,1
2023-12-25T1000,2869A,119.447,32.4155,扬州市,五台山医院,细颗粒物(PM2.5),107,135,102,80,66,34,,5,5,57,62,8,6,0.8,0.7
2023-12-25T1000,3164A,119.4686,32.3942,扬州市,广陵建设局,细颗粒物(PM2.5),105,144,109,79,69,24,,4,4,71,66,12,9,1.0,0.8
2023-12-25T1000,3195A,119.3633,32.3972,扬州市,市体育局,细颗粒物(PM2.5),94,124,108,70,67,37,,7,7,53,59,15,11,0.9,0.8
2023-12-25T1000,3294A,119.5653,32.4222,扬州市,引江管理处,细颗粒物(PM2.5),108,128,98,81,70,20,,6,6,77,61,14,10,1.1,0.9
2023-12-25T1000,1699A,111.9797,21.8593,阳江市,鸳鸯湖,,47,47,37,20,25,61,,57,57,17,21,12,12,0.5,0.5
2023-12-25T1000,1701A,111.9491,21.8658,阳江市,马南垌,,50,50,40,21,21,49,,47,47,32,29,8,8,0.6,0.5
2023-12-25T1000,3317A,111.9765,21.8947,阳江市,两阳中学,,46,46,40,18,20,48,,40,40,31,34,11,10,0.4,0.4
2023-12-25T1000,3453A,112.0125,21.8749,阳江市,阳东陶然,颗粒物(PM10),51,52,50,21,27,64,,56,56,22,27,10,10,0.5,0.5
2023-12-25T1000,1738A,113.5758,37.8572,阳泉市,市中心,颗粒物(PM10),63,75,70,36,35,45,,35,35,48,45,41,28,0.9,0.9
2023-12-25T1000,1739A,113.4894,37.8731,阳泉市,赛鱼,颗粒物(PM10),61,71,69,36,36,36,,22,21,54,48,51,28,0.9,0.8
2023-12-25T1000,1740A,113.5819,37.8486,阳泉市,南庄,颗粒物(PM10),66,82,80,37,33,39,,29,27,52,42,63,29,1.2,0.9
2023-12-25T1000,1742A,113.5614,37.8703,阳泉市,平坦,颗粒物(PM10),63,76,67,34,33,46,,31,31,47,46,48,28,0.9,0.9
2023-12-25T1000,1743A,113.5158,37.8392,阳泉市,大阳泉,,49,38,41,34,33,54,,50,49,44,36,33,20,0.7,0.6
2023-12-25T1000,3619A,113.617,37.8571,阳泉市,龙柱,细颗粒物(PM2.5),88,109,69,65,36,23,,19,16,66,48,141,45,1.4,0.9
2023-12-25T1000,2252A,128.5159,47.4311,伊春市,环保局,细颗粒物(PM2.5),122,,78,92,76,32,,30,30,37,44,6,8,1.6,1.3
2023-12-25T1000,2253A,128.9102,47.7412,伊春市,电力嘉园,"颗粒物(PM10),细颗粒物(PM2.5)",58,66,68,41,43,20,,16,16,29,40,6,11,1.1,1.2
2023-12-25T1000,2254A,129.5029,48.471,伊春市,汤旺河国家公园,细颗粒物(PM2.5),69,53,52,50,43,36,,35,35,16,17,6,6,0.6,0.5
2023-12-25T1000,3342A,128.4741,47.4346,伊春市,中心小学,细颗粒物(PM2.5),201,160,120,151,105,24,,12,12,38,38,8,7,1.4,1.3
2023-12-25T1000,3343A,128.6871,47.7369,伊春市,检察院,细颗粒物(PM2.5),125,,90,95,80,43,,38,38,28,36,14,12,0.8,0.9
2023-12-25T1000,3344A,128.8431,47.8474,伊春市,双子河社区,细颗粒物(PM2.5),138,,86,105,83,27,,33,31,24,22,8,7,1.7,1.4
2023-12-25T1000,3480A,129.1368,47.6417,伊春市,美溪镇,细颗粒物(PM2.5),144,127,114,110,97,14,,17,16,39,44,9,17,1.9,2.4
2023-12-25T1000,2703A,81.2815,43.9404,伊犁哈萨克州,市环保局,,49,48,63,34,51,13,,18,18,59,62,22,21,2.0,2.2
2023-12-25T1000,2704A,81.2996,43.9174,伊犁哈萨克州,新政府片区,,39,39,52,26,41,8,,26,26,58,52,10,12,1.6,1.9
2023-12-25T1000,2705A,81.3364,43.941,伊犁哈萨克州,第二水厂,,43,33,58,30,47,21,,20,20,45,54,15,15,1.3,1.8
2023-12-25T1000,1882A,104.563,28.793,宜宾市,石马中学,,,,,,,,,,,,,,,,
2023-12-25T1000,1883A,104.6201,28.7728,宜宾市,市委,细颗粒物(PM2.5),124,113,87,94,68,16,,17,17,36,32,12,12,0.9,0.7
2023-12-25T1000,1884A,104.6055,28.793,宜宾市,宜宾四中,细颗粒物(PM2.5),125,109,88,95,69,15,,10,10,34,43,11,11,0.9,0.7
2023-12-25T1000,1885A,104.639,28.7562,宜宾市,市政府,细颗粒物(PM2.5),129,123,86,98,70,10,,10,10,50,39,8,8,0.8,0.6
2023-12-25T1000,1886A,104.5742,28.7199,宜宾市,黄金嘴,细颗粒物(PM2.5),128,127,87,97,66,20,,13,13,34,42,10,9,0.8,0.6
2023-12-25T1000,3728A,104.68,28.8071,宜宾市,白酒学院,细颗粒物(PM2.5),108,111,88,81,67,8,,23,10,41,27,8,9,0.8,0.7
2023-12-25T1000,1840A,111.2992,30.6981,宜昌市,白龙岗,细颗粒物(PM2.5),147,136,130,112,110,9,,10,8,32,32,4,4,1.2,1
2023-12-25T1000,1841A,111.3549,30.6465,宜昌市,伍家岗,细颗粒物(PM2.5),160,130,131,122,117,9,,6,6,30,39,4,4,1.3,1.1
2023-12-25T1000,1842A,111.2628,30.6961,宜昌市,点军区,细颗粒物(PM2.5),132,101,110,100,110,11,,8,8,26,34,5,6,0.8,0.9
2023-12-25T1000,1843A,111.3275,30.7819,宜昌市,夷陵区,细颗粒物(PM2.5),134,141,145,102,109,14,,10,10,34,39,8,8,1.2,1.1
2023-12-25T1000,3546A,111.4606,30.552,宜昌市,猇亭区张家湾站,细颗粒物(PM2.5),125,119,124,95,90,19,,20,20,40,39,7,7,1.0,1
2023-12-25T1000,3653A,111.3119,30.7273,宜昌市,云深路,细颗粒物(PM2.5),153,136,141,117,124,14,,5,5,32,49,6,6,1.1,1
2023-12-25T1000,2371A,114.3408,27.8064,宜春市,槟榔水业,,,,,,,,,,,,,,,,
2023-12-25T1000,2373A,114.3956,27.7844,宜春市,市石油公司,颗粒物(PM10),55,60,64,23,28,30,,15,15,26,24,1,4,0.8,0.5
2023-12-25T1000,2374A,114.3703,27.7914,宜春市,市气象局,颗粒物(PM10),61,71,60,34,29,15,,14,10,32,29,6,7,1.4,1
2023-12-25T1000,2375A,114.4013,27.8074,宜春市,市广电局,,,,57,,34,,,32,,,40,,11,,0.6
2023-12-25T1000,3151A,114.375,27.8097,宜春市,宜春学院北校区,颗粒物(PM10),66,82,72,43,38,14,,6,6,34,42,2,3,1.2,0.8
2023-12-25T1000,3415A,114.4519,28.0828,宜春市,万载县环保局,颗粒物(PM10),68,86,79,48,38,25,,7,7,24,35,11,12,0.7,0.6
2023-12-25T1000,2467A,112.4067,28.6428,益阳市,甘溪港,细颗粒物(PM2.5),117,123,110,88,75,28,,5,5,54,60,11,7,0.9,0.7
2023-12-25T1000,2468A,112.3458,28.5808,益阳市,市环保局,细颗粒物(PM2.5),114,129,104,86,87,20,,10,9,64,58,8,8,1.9,1.2
2023-12-25T1000,2469A,112.3437,28.5531,益阳市,市特殊教育学校,细颗粒物(PM2.5),127,130,109,96,82,25,,22,16,62,49,5,7,1.5,1
2023-12-25T1000,2470A,112.3347,28.6047,益阳市,资阳区政务中心,细颗粒物(PM2.5),115,114,111,87,88,25,,11,11,53,48,6,5,1.5,1.3
2023-12-25T1000,2471A,112.3744,28.5819,益阳市,赫山环保分局,细颗粒物(PM2.5),163,170,124,124,84,6,,3,3,67,50,9,8,2.4,1.6
2023-12-25T1000,1484A,105.9512,38.6016,银川市,贺兰山马莲口,细颗粒物(PM2.5),92,,37,68,41,54,,70,66,25,13,19,8,1.1,0.7
2023-12-25T1000,1488A,106.2328,38.4975,银川市,贺兰山东路,细颗粒物(PM2.5),110,141,105,83,63,10,,6,6,47,54,6,10,1.9,1.2
2023-12-25T1000,1489A,106.1358,38.5036,银川市,学院路,细颗粒物(PM2.5),232,287,111,182,65,9,,7,7,58,55,17,14,3.0,1.5
2023-12-25T1000,2924A,106.2266,38.4418,银川市,水乡路,细颗粒物(PM2.5),148,185,105,113,63,15,,12,12,77,78,10,13,2.3,1.3
2023-12-25T1000,2925A,106.2757,38.4842,银川市,上海东路,细颗粒物(PM2.5),153,170,114,117,73,12,,9,9,68,67,7,10,1.8,1.2
2023-12-25T1000,2926A,106.1015,38.497,银川市,文昌北街,细颗粒物(PM2.5),300,369,122,250,72,13,,9,9,,47,19,15,3.5,1.6
2023-12-25T1000,3523A,106.5105,38.3856,银川市,滨河新区,颗粒物(PM10),61,72,68,42,39,6,,1,1,31,34,26,16,1.0,0.9
2023-12-25T1000,2357A,116.9822,28.1136,鹰潭市,龙虎山,,,,,,,,,,,,,,,,
2023-12-25T1000,2358A,117.0564,28.2642,鹰潭市,新监测站,,,81,59,41,32,,,9,9,,32,,13,,0.5
2023-12-25T1000,2359A,117.0311,28.2475,鹰潭市,财苑宾馆,细颗粒物(PM2.5),75,89,64,55,37,23,,10,10,32,39,52,18,0.9,0.5
2023-12-25T1000,2360A,117.0222,28.2264,鹰潭市,体育馆,细颗粒物(PM2.5),80,101,58,59,35,24,,12,12,35,36,59,14,1.1,0.7
2023-12-25T1000,2361A,117.0017,28.2131,鹰潭市,三川水表,细颗粒物(PM2.5),83,98,58,61,40,21,,23,20,33,28,55,11,0.8,0.3
2023-12-25T1000,1597A,122.2703,40.7094,营口市,大庆路,细颗粒物(PM2.5),221,192,171,171,148,13,,14,14,64,58,20,17,2.6,2.2
2023-12-25T1000,1598A,122.2150,40.6511,营口市,镜湖西路,细颗粒物(PM2.5),206,181,122,156,103,15,,8,8,66,60,14,13,2.6,1.6
2023-12-25T1000,1599A,122.1658,40.6789,营口市,西炮台,细颗粒物(PM2.5),186,174,131,140,110,,,8,8,62,61,12,10,,1.4
2023-12-25T1000,3379A,122.1139,40.2278,营口市,鲅鱼圈市民活动中心,细颗粒物(PM2.5),114,125,81,86,59,32,,15,15,46,46,17,15,1.3,1
2023-12-25T1000,3866A,122.2469,40.66302,营口市,三高中,细颗粒物(PM2.5),232,198,121,182,108,14,,10,10,68,64,17,19,2.5,1.4
2023-12-25T1000,4006A,122.3622,40.6762,营口市,老边实验小学,细颗粒物(PM2.5),259,244,168,209,120,8,,6,6,71,68,15,18,3.2,2
2023-12-25T1000,2477A,111.6217,26.2081,永州市,零陵南津渡,细颗粒物(PM2.5),78,,73,57,59,44,,46,42,16,20,11,10,0.6,0.7
2023-12-25T1000,2478A,111.6156,26.4214,永州市,市环境监测站,细颗粒物(PM2.5),79,84,81,58,58,49,,28,28,30,41,32,14,0.9,0.8
2023-12-25T1000,2479A,111.6236,26.2331,永州市,零陵区环保局,细颗粒物(PM2.5),82,73,66,60,50,48,,45,44,22,24,15,11,0.8,0.7
2023-12-25T1000,2480A,111.5992,26.4364,永州市,永州市环保局,细颗粒物(PM2.5),77,82,68,56,46,27,,14,14,31,29,47,19,1.0,0.7
2023-12-25T1000,2481A,111.5989,26.4519,永州市,冷水滩区环保局,细颗粒物(PM2.5),103,102,80,77,61,21,,22,18,40,31,22,13,0.9,0.8
2023-12-25T1000,2638A,109.7414,38.3344,榆林市,红石峡森林公园,细颗粒物(PM2.5),75,73,82,55,52,6,,4,4,56,59,6,10,0.2,0.2
2023-12-25T1000,2639A,109.7456,38.2911,榆林市,世纪广场,细颗粒物(PM2.5),78,101,80,57,45,8,,5,5,82,78,10,17,1.3,0.9
2023-12-25T1000,2640A,109.7289,38.2839,榆林市,实验中学,细颗粒物(PM2.5),79,68,65,58,42,11,,6,6,79,62,11,18,1.9,1.1
2023-12-25T1000,2641A,109.7336,38.2478,榆林市,环保监测大楼,细颗粒物(PM2.5),69,82,60,50,38,11,,7,7,82,58,13,16,2.2,0.8
2023-12-25T1000,2509A,110.1106,22.7019,玉林市,寒山水库,,46,46,46,28,22,55,,50,45,17,11,2,2,0.8,0.7
2023-12-25T1000,2510A,110.1675,22.6411,玉林市,市监测站,颗粒物(PM10),54,57,52,30,31,53,,62,60,26,18,2,2,0.5,0.4
2023-12-25T1000,2511A,110.1433,22.6164,玉林市,南江一中,颗粒物(PM10),64,77,60,35,33,52,,43,38,32,26,6,3,0.5,0.4
2023-12-25T1000,3532A,110.1945,22.6831,玉林市,玉林师范学院东校区,细颗粒物(PM2.5),52,,36,36,28,71,,72,69,20,18,6,4,0.4,0.4
2023-12-25T1000,3533A,110.0527,22.5893,玉林市,福绵环保局,细颗粒物(PM2.5),55,44,37,39,33,71,,68,67,19,16,9,4,0.4,0.4
2023-12-25T1000,2675A,97,33.0014,玉树藏族自治州,玉树县结古镇,,43,42,24,30,16,14,,21,19,40,28,62,23,1.1,0.8
2023-12-25T1000,1715A,102.575,24.3711,玉溪市,东风水库,,48,46,48,33,48,50,,51,49,14,14,4,6,1.0,1
2023-12-25T1000,2882A,102.5389,24.3703,玉溪市,玉溪一中,,40,40,57,26,45,54,,50,49,17,20,8,10,0.7,0.9
2023-12-25T1000,2883A,102.5381,24.3389,玉溪市,文体中心,,44,44,59,24,46,54,,49,49,15,19,8,10,1.0,1.1
2023-12-25T1000,1847A,113.1094,29.3578,岳阳市,南湖风景区,细颗粒物(PM2.5),70,75,82,51,58,19,,11,11,50,62,10,8,1.1,1.2
2023-12-25T1000,1848A,113.1493,29.4251,岳阳市,城陵矶,颗粒物(PM10),78,106,104,52,54,17,,16,16,55,58,12,15,1.0,1
2023-12-25T1000,1849A,113.1497,29.3575,岳阳市,开发区,细颗粒物(PM2.5),75,92,114,55,69,30,,14,14,40,58,13,14,1.1,1.3
2023-12-25T1000,1850A,113.2621,29.4758,岳阳市,云溪区,细颗粒物(PM2.5),90,104,85,67,54,23,,17,16,45,45,12,13,1.0,1.2
2023-12-25T1000,1851A,112.9943,29.4402,岳阳市,君山区,细颗粒物(PM2.5),84,91,88,62,58,20,,5,5,42,62,10,9,0.8,0.9
2023-12-25T1000,1852A,113.2117,29.355,岳阳市,金凤水库,细颗粒物(PM2.5),63,71,76,45,46,32,,30,28,57,64,3,7,0.7,0.6
2023-12-25T1000,1712A,112.0392,22.9169,云浮市,新市府,,28,23,28,19,22,44,,25,25,18,18,10,5,0.5,0.4
2023-12-25T1000,1714A,112.0539,22.9539,云浮市,牧羊,颗粒物(PM10),77,103,53,26,25,34,,16,16,44,44,14,12,0.6,0.6
2023-12-25T1000,3628A,112.0336,22.9374,云浮市,文笔,,,49,52,31,34,,,6,6,28,31,,8,1.0,0.7
2023-12-25T1000,2175A,110.9956,35.0147,运城市,运城中学,细颗粒物(PM2.5),99,124,86,74,60,20,,7,7,31,31,12,9,1.7,1.1
2023-12-25T1000,2178A,110.9686,35.0303,运城市,地区技校,细颗粒物(PM2.5),110,133,99,83,51,19,,8,8,46,45,20,12,2.2,1.1
2023-12-25T1000,2179A,111.0414,35.1147,运城市,空港新区,细颗粒物(PM2.5),138,137,97,105,74,22,,5,5,34,41,19,18,2.2,1.3
2023-12-25T1000,3667A,111.0283,35.0547,运城市,水利职院,细颗粒物(PM2.5),112,148,118,84,74,27,,8,8,37,44,23,15,1.9,1.2
2023-12-25T1000,3670A,111.0522,35.0439,运城市,禹都公园,细颗粒物(PM2.5),103,123,106,77,66,26,,10,10,35,39,20,14,1.8,1.1
2023-12-25T1000,1637A,117.558,34.8438,枣庄市,市中区政府,细颗粒物(PM2.5),140,153,121,107,82,36,,12,12,53,50,18,13,1.3,1.2
2023-12-25T1000,1638A,117.2852,34.7837,枣庄市,薛城环保局,细颗粒物(PM2.5),125,149,122,95,86,42,,20,20,48,60,12,12,1.3,1.2
2023-12-25T1000,1639A,117.5852,34.7745,枣庄市,峄城区政府,细颗粒物(PM2.5),213,227,121,163,83,19,,10,8,60,46,20,12,1.4,0.9
2023-12-25T1000,1640A,117.7276,34.5578,枣庄市,台儿庄区环保局,,,,104,,73,23,,11,11,60,54,15,11,1.5,1.3
2023-12-25T1000,1641A,117.4518,35.0992,枣庄市,山亭区环保局,细颗粒物(PM2.5),138,136,97,105,72,32,,23,23,24,26,20,12,1.5,1.2
2023-12-25T1000,3364A,117.3152,34.8103,枣庄市,市环保局,细颗粒物(PM2.5),138,173,109,105,73,43,,27,27,47,45,13,9,1.2,1
2023-12-25T1000,1680A,110.3539,21.2706,湛江市,湛江影剧院,颗粒物(PM10),54,57,70,32,39,66,,63,63,20,22,21,27,0.6,0.6
2023-12-25T1000,1681A,110.3928,21.2228,湛江市,市环境监测站,,46,46,49,31,36,62,,68,66,23,25,16,16,0.6,0.6
2023-12-25T1000,1682A,110.4019,21.1997,湛江市,环保局宿舍,,48,48,55,29,36,64,,70,68,18,20,14,15,0.6,0.6
2023-12-25T1000,1683A,110.4111,21.2028,湛江市,霞山游泳场,,48,48,49,27,31,67,,72,71,17,15,13,17,0.5,0.5
2023-12-25T1000,1684A,110.3316,21.2679,湛江市,麻章区环保局,颗粒物(PM10),58,65,66,36,42,56,,49,48,30,30,36,28,0.7,0.7
2023-12-25T1000,1685A,110.4558,21.2567,湛江市,坡头区环保局,,43,43,47,28,32,61,,68,65,19,15,13,14,0.7,0.7
2023-12-25T1000,1858A,110.5319,29.1217,张家界市,永定新区,细颗粒物(PM2.5),117,113,87,88,69,22,,20,19,33,28,2,2,1.1,0.8
2023-12-25T1000,1859A,110.4697,29.1242,张家界市,电业局,细颗粒物(PM2.5),107,104,91,80,66,17,,12,12,32,37,2,2,1.0,0.8
2023-12-25T1000,1860A,110.5594,29.3547,张家界市,未央路,细颗粒物(PM2.5),67,64,60,48,44,25,,24,21,24,13,3,2,0.5,0.4
2023-12-25T1000,1861A,110.4417,29.315,张家界市,袁家界,,40,37,40,28,29,79,,74,73,9,11,6,6,0.7,0.7
2023-12-25T1000,1057A,114.8883,40.8336,张家口市,人民公园,,49,49,56,22,25,51,,51,51,15,27,11,11,0.5,0.8
2023-12-25T1000,1059A,114.8687,40.8042,张家口市,五金库,,38,38,52,14,24,56,,64,63,23,28,3,4,0.7,0.8
2023-12-25T1000,1060A,114.8902,40.762,张家口市,世纪豪园,颗粒物(PM10),55,59,53,24,27,49,,55,55,24,28,5,5,0.6,0.7
2023-12-25T1000,1061A,114.8916,40.8661,张家口市,北泵房,,,22,52,2,15,,,49,49,10,20,21,15,0,0.3
2023-12-25T1000,3131A,114.879,40.7993,张家口市,烟厂,,46,46,51,19,24,56,,58,58,17,26,3,4,0.5,0.6
2023-12-25T1000,3323A,115.2773,40.9724,张家口市,青少年活动中心,,27,27,41,14,19,41,,52,46,26,16,6,3,0.9,0.7
2023-12-25T1000,2654A,100.4698,38.9524,张掖市,润泉湖,细颗粒物(PM2.5),60,54,75,43,34,25,,17,17,29,29,7,7,0.6,0.4
2023-12-25T1000,2655A,100.4154,38.9422,张掖市,区工会,,45,45,74,20,30,33,,28,28,28,28,7,7,0.6,0.6
2023-12-25T1000,2075A,117.6336,24.4674,漳州市,九湖,,,,,,,,,,,,,,,,
2023-12-25T1000,2920A,117.7116,24.506,漳州市,蓝田镇,颗粒物(PM10),59,67,57,36,30,37,,23,19,27,28,15,8,0.6,0.6
2023-12-25T1000,3216A,114.6622,24.5183,漳州市,漳州党校,颗粒物(PM10),59,67,57,41,28,38,,26,21,32,30,12,7,0.3,0.3
2023-12-25T1000,3530A,117.6296,24.5314,漳州市,西洋坪路,,48,47,44,33,26,37,,12,12,26,27,12,7,0.5,0.6
2023-12-25T1000,2596A,103.7667,27.3736,昭通市,监测站,细颗粒物(PM2.5),57,54,59,40,41,35,,34,34,21,27,6,7,0.9,0.9
2023-12-25T1000,2597A,103.7225,27.3361,昭通市,环保局,细颗粒物(PM2.5),72,81,52,52,45,23,,30,27,35,29,17,11,1.5,1.1
2023-12-25T1000,1397A,112.4267,23.0706,肇庆市,睦岗子站,,44,44,40,21,22,52,,13,13,32,48,12,8,0.4,0.5
2023-12-25T1000,1398A,112.4645,23.0475,肇庆市,城中子站,,37,37,33,20,20,59,,68,64,34,25,11,10,0.5,0.4
2023-12-25T1000,1399A,112.5544,23.1522,肇庆市,坑口子站,,36,36,30,24,21,55,,44,44,32,28,13,9,0.5,0.5
2023-12-25T1000,1400A,112.4753,23.1,肇庆市,七星岩子站,,,,,,,,,,,,,,,,
2023-12-25T1000,3313A,112.4575,23.0166,肇庆市,高要湖西,颗粒物(PM10),51,52,39,27,22,16,,31,18,40,28,35,11,0.6,0.5
2023-12-25T1000,3451A,112.5617,23.2083,肇庆市,鼎湖凤凰,,33,33,22,18,13,50,,39,39,17,12,12,9,0.6,0.5
2023-12-25T1000,1203A,119.6707,32.1875,镇江市,新区办事处,细颗粒物(PM2.5),109,142,122,82,69,19,,7,7,75,63,14,7,1.4,0.9
2023-12-25T1000,1204A,119.4974,32.1968,镇江市,职教中心,细颗粒物(PM2.5),105,129,111,79,76,19,,6,6,68,61,8,8,1.3,0.8
2023-12-25T1000,1205A,119.4303,32.1328,镇江市,丹徒区监测站,细颗粒物(PM2.5),95,108,111,71,74,23,,7,7,54,60,9,9,1.0,0.8
2023-12-25T1000,2870A,119.4424,32.1873,镇江市,市疾控中心,细颗粒物(PM2.5),98,116,109,73,72,16,,7,7,66,50,7,6,1.3,0.7
2023-12-25T1000,3287A,119.3842,32.1976,镇江市,富润路1号,细颗粒物(PM2.5),109,115,133,82,89,15,,11,11,60,55,10,8,1.0,1
2023-12-25T1000,1316A,113.69031,34.76122,郑州市,烟厂,"颗粒物(PM10),细颗粒物(PM2.5)",70,90,61,51,26,27,,43,37,51,30,19,12,1.2,0.7
2023-12-25T1000,1317A,113.65724,34.77134,郑州市,郑纺机,颗粒物(PM10),69,88,62,45,31,23,,33,29,60,41,16,9,1.2,0.6
2023-12-25T1000,1318A,113.67526,34.80246,郑州市,银行学校,细颗粒物(PM2.5),67,63,47,48,28,33,,45,39,42,29,11,7,0.9,0.5
2023-12-25T1000,1319A,113.56746,34.81334,郑州市,供水公司,细颗粒物(PM2.5),65,69,57,47,29,29,,41,38,44,29,15,12,1.1,0.7
2023-12-25T1000,1320A,113.7329,34.7178,郑州市,经开区管委,细颗粒物(PM2.5),69,82,60,50,34,24,,26,25,51,41,17,11,1.1,0.7
2023-12-25T1000,1321A,113.73961,34.77172,郑州市,四十七中,颗粒物(PM10),58,66,54,40,31,10,,35,27,59,34,11,11,1.4,0.9
2023-12-25T1000,1322A,113.60532,34.74838,郑州市,市监测站,,,,,,,,,,,,,,,,
2023-12-25T1000,1323A,113.64164,34.7525,郑州市,河医大,颗粒物(PM10),66,81,60,40,34,30,,37,32,45,31,19,11,1.1,0.6
2023-12-25T1000,1324A,113.51488,34.91089,郑州市,岗李水库,,,,,,,,,,,,,,,,
2023-12-25T1000,3471A,113.616563,34.86783,郑州市,惠济区政府,细颗粒物(PM2.5),77,84,65,56,30,16,,29,24,45,32,7,7,1.3,0.8
2023-12-25T1000,3590A,113.8374,34.5589,郑州市,北区建设指挥部,颗粒物(PM10),56,62,61,31,31,30,,24,23,41,40,17,13,1.1,0.9
2023-12-25T1000,3591A,113.30952,34.803229,郑州市,上街区政府,细颗粒物(PM2.5),84,110,71,62,34,23,,36,28,57,32,20,16,1.0,0.7
2023-12-25T1000,1379A,113.3769,22.5211,中山市,华柏园,,49,49,43,29,30,42,,42,41,47,38,10,5,0.4,0.4
2023-12-25T1000,1380A,113.3881,22.5497,中山市,张溪,颗粒物(PM10),52,54,47,24,25,42,,41,40,45,38,12,7,0.4,0.4
2023-12-25T1000,1381A,113.4075,22.5111,中山市,紫马岭,,48,48,44,28,27,44,,34,34,44,40,11,8,0.6,0.5
2023-12-25T1000,1382A,113.4411,22.4853,中山市,长江旅游区,,,,,,,,,,,,,,,,
2023-12-25T1000,3454A,113.3528,22.478,中山市,中山南区,,,,40,,21,,,63,,,32,,7,,0.5
2023-12-25T1000,2680A,105.0025,37.4635,中卫市,沙坡头消防站,,,,,,,,,,,,,,,,
2023-12-25T1000,2682A,105.1971,37.5002,中卫市,环保局站,细颗粒物(PM2.5),99,92,91,74,60,8,,6,4,60,55,11,14,1.1,0.8
2023-12-25T1000,3650A,105.1698,37.5162,中卫市,沙坡头区政府站,细颗粒物(PM2.5),112,142,117,84,62,18,,10,9,46,49,10,16,1.0,0.9
2023-12-25T1000,1414A,106.3787,29.8279,重庆市,缙云山,细颗粒物(PM2.5),62,62,69,44,49,84,,71,71,17,24,9,11,0.6,0.7
2023-12-25T1000,1416A,106.4213,29.8253,重庆市,天生,细颗粒物(PM2.5),117,105,95,88,74,4,,2,2,43,47,8,8,1.1,0.8
2023-12-25T1000,1417A,106.6263,29.7228,重庆市,两路,细颗粒物(PM2.5),98,95,98,73,68,30,,28,28,43,53,10,8,1.0,1.1
2023-12-25T1000,1418A,106.2953,29.5983,重庆市,虎溪,细颗粒物(PM2.5),104,108,91,78,77,12,,4,4,48,46,5,5,1.2,0.9
2023-12-25T1000,1419A,106.5777,29.5102,重庆市,南坪,细颗粒物(PM2.5),87,105,98,64,68,44,,43,43,38,40,15,11,1.0,0.8
2023-12-25T1000,1420A,106.6556,29.6277,重庆市,唐家沱,细颗粒物(PM2.5),90,70,101,67,74,4,,5,4,46,55,8,7,0.8,0.7
2023-12-25T1000,1421A,106.6349,29.4906,重庆市,茶园,细颗粒物(PM2.5),108,104,123,81,79,20,,10,10,43,52,9,7,1.2,1.1
2023-12-25T1000,1422A,106.3754,29.4572,重庆市,白市驿,细颗粒物(PM2.5),110,106,107,83,77,14,,6,6,57,54,10,11,0.9,0.7
2023-12-25T1000,1425A,106.6205,29.7166,重庆市,空港,细颗粒物(PM2.5),89,110,97,66,76,46,,45,44,45,53,11,9,0.9,1
2023-12-25T1000,1426A,106.4782,29.4875,重庆市,新山村,细颗粒物(PM2.5),98,111,115,73,81,10,,6,6,59,65,9,8,1.4,1.4
2023-12-25T1000,1427A,106.5616,29.6453,重庆市,礼嘉,细颗粒物(PM2.5),80,89,113,59,71,8,,4,4,74,81,9,8,1.2,0.9
2023-12-25T1000,1428A,106.4522,29.7091,重庆市,蔡家,细颗粒物(PM2.5),88,95,101,65,70,6,,4,4,40,45,3,4,0.9,0.8
2023-12-25T1000,1429A,106.5093,29.3917,重庆市,鱼新街,细颗粒物(PM2.5),118,99,105,89,79,15,,7,7,55,63,16,10,1.7,1
2023-12-25T1000,3014A,106.4958,29.5346,重庆市,歇台子,细颗粒物(PM2.5),83,73,106,61,78,39,,10,10,46,67,11,10,0.8,1
2023-12-25T1000,3015A,106.4037,29.5728,重庆市,龙井湾,细颗粒物(PM2.5),93,70,76,69,81,62,,26,26,22,44,10,10,0.7,0.8
2023-12-25T1000,3016A,106.5507,29.4153,重庆市,龙洲湾,细颗粒物(PM2.5),99,103,103,74,75,14,,5,5,42,47,13,9,1.6,0.9
2023-12-25T1000,3133A,106.5468,29.5654,重庆市,上清寺,细颗粒物(PM2.5),82,79,104,60,83,29,,9,9,45,61,10,8,1.0,1.1
2023-12-25T1000,3346A,108.3872,31.1628,重庆市,安康,细颗粒物(PM2.5),104,86,78,78,65,13,,10,9,23,32,13,12,0.8,0.8
2023-12-25T1000,3347A,105.9017,29.3569,重庆市,北山路,细颗粒物(PM2.5),92,94,84,68,62,14,,31,27,54,33,3,3,1.1,0.7
2023-12-25T1000,3348A,105.839,30.1946,重庆市,春阳街,细颗粒物(PM2.5),107,92,87,80,72,6,,4,4,22,32,13,10,1.0,1
2023-12-25T1000,3349A,107.7983,30.6758,重庆市,人民东路,细颗粒物(PM2.5),104,97,81,78,64,28,,29,29,20,34,8,8,0.7,0.7
2023-12-25T1000,3350A,106.6479,29.0244,重庆市,滩子口,细颗粒物(PM2.5),80,100,103,59,77,8,,11,11,33,36,16,13,0.8,0.8
2023-12-25T1000,3351A,105.7167,29.7076,重庆市,棠香,细颗粒物(PM2.5),94,90,75,70,60,4,,3,3,24,28,12,7,1.1,0.5
2023-12-25T1000,3352A,107.0732,29.8617,重庆市,桃源西路,细颗粒物(PM2.5),122,97,99,92,83,14,,10,10,28,39,5,5,0.9,0.7
2023-12-25T1000,3353A,107.3535,29.7287,重庆市,迎宾大道,细颗粒物(PM2.5),114,119,82,86,71,7,,3,3,40,42,24,13,1.4,0.8
2023-12-25T1000,3354A,108.815,29.5081,重庆市,舟白,细颗粒物(PM2.5),70,52,68,51,59,16,,13,13,16,32,8,9,0.7,0.8
2023-12-25T1000,3355A,108.3679,30.8426,重庆市,周家坝,细颗粒物(PM2.5),95,111,95,71,75,13,,8,8,42,54,6,10,0.8,0.9
2023-12-25T1000,3356A,108.4319,30.7555,重庆市,百安坝,细颗粒物(PM2.5),82,91,78,60,69,32,,46,43,24,27,11,12,0.4,0.4
2023-12-25T1000,3482A,107.7541,29.3277,重庆市,芙蓉中路,细颗粒物(PM2.5),99,109,88,74,70,7,,7,5,31,39,18,21,1.0,0.9
2023-12-25T1000,3483A,108.7661,29.5368,重庆市,西山,细颗粒物(PM2.5),82,,68,60,59,8,,6,6,30,38,7,8,0.8,0.8
2023-12-25T1000,3484A,106.2628,29.32,重庆市,行政中心,细颗粒物(PM2.5),110,104,100,83,89,8,,3,3,61,50,10,7,1.1,0.8
2023-12-25T1000,3485A,107.0944,29.1608,重庆市,高寺路,细颗粒物(PM2.5),180,162,111,136,92,7,,18,13,30,29,10,9,1.4,1
2023-12-25T1000,3599A,106.2649,29.9851,重庆市,书院路,细颗粒物(PM2.5),119,99,95,90,88,9,,5,5,28,33,7,9,1.0,0.8
2023-12-25T1000,3600A,106.2339,29.5559,重庆市,虎峰,细颗粒物(PM2.5),77,83,99,56,74,60,,24,24,34,46,6,7,0.8,0.9
2023-12-25T1000,3601A,106.0499,29.8342,重庆市,龙门街,细颗粒物(PM2.5),122,92,86,92,73,3,,3,3,37,42,11,9,1.1,0.9
2023-12-25T1000,3610A,105.5933,29.4105,重庆市,昌元,细颗粒物(PM2.5),107,117,96,80,72,3,,3,2,37,38,8,7,1.0,0.9
2023-12-25T1000,1258A,122.122,30.0203,舟山市,定海檀枫,细颗粒物(PM2.5),89,88,70,66,57,64,,58,58,31,32,10,9,0.6,0.6
2023-12-25T1000,1259A,122.3094,29.9558,舟山市,普陀东港,细颗粒物(PM2.5),100,112,84,75,54,56,,55,54,32,32,9,9,0.7,0.7
2023-12-25T1000,1260A,122.19,29.9944,舟山市,临城新区,细颗粒物(PM2.5),85,104,77,63,46,56,,58,54,30,28,10,9,0.6,0.6
2023-12-25T1000,2067A,114.6613,33.6128,周口市,市环境监测站,细颗粒物(PM2.5),132,153,143,100,90,17,,9,9,56,52,7,4,1.2,1.1
2023-12-25T1000,2068A,114.6758,33.6347,周口市,周口师范,细颗粒物(PM2.5),119,130,132,90,78,19,,14,13,56,50,7,5,0.9,0.7
2023-12-25T1000,2069A,114.6546,33.5979,周口市,市运管处,细颗粒物(PM2.5),165,199,143,125,91,14,,15,13,65,51,8,4,1.3,1
2023-12-25T1000,2070A,114.6369,33.6406,周口市,川汇区环保局,细颗粒物(PM2.5),125,122,126,95,84,20,,21,19,57,45,7,4,1.2,1
2023-12-25T1000,1515A,113.135,27.8244,株洲市,天台山庄,"颗粒物(PM10),细颗粒物(PM2.5)",74,98,102,54,62,19,,4,4,50,59,16,11,1.2,1.2
2023-12-25T1000,1518A,113.095,27.8867,株洲市,株冶医院,细颗粒物(PM2.5),94,114,104,70,64,13,,3,3,52,55,13,9,1.1,0.9
2023-12-25T1000,1519A,113.167,27.8667,株洲市,市四中,细颗粒物(PM2.5),95,117,107,71,68,16,,3,3,45,47,8,4,1.0,0.8
2023-12-25T1000,1520A,113.143,27.8381,株洲市,火车站,细颗粒物(PM2.5),93,110,105,69,68,17,,6,6,50,53,18,11,1.5,1.3
2023-12-25T1000,1524A,113.13,27.8528,株洲市,市监测站,细颗粒物(PM2.5),108,128,112,81,77,12,,5,5,56,53,11,8,1.7,1.1
2023-12-25T1000,1559A,113.251,27.8336,株洲市,大京风景区,细颗粒物(PM2.5),69,70,65,50,42,30,,13,13,19,23,3,3,0.4,0.3
2023-12-25T1000,2031A,113.1817,27.9958,株洲市,云田中学,颗粒物(PM10),65,79,89,46,60,31,,15,15,22,40,9,7,0.5,0.6
2023-12-25T1000,1367A,113.5814,22.2618,珠海市,吉大,,46,46,51,21,24,50,,55,53,31,28,6,6,0.4,0.4
2023-12-25T1000,1368A,113.4881,22.2335,珠海市,前山,颗粒物(PM10),52,54,53,24,25,43,,44,44,39,39,12,12,0.4,0.4
2023-12-25T1000,1369A,113.628,22.4251,珠海市,唐家,,39,39,45,21,26,58,,58,56,26,28,7,7,0.5,0.5
2023-12-25T1000,1370A,113.299,22.2281,珠海市,斗门,,40,40,49,22,29,46,,42,42,37,39,13,11,0.6,0.6
2023-12-25T1000,3308A,113.3494,22.0569,珠海市,金湾,,48,48,63,22,24,53,,50,50,30,31,12,10,0.3,0.3
2023-12-25T1000,3448A,113.5433,22.1163,珠海市,横琴,,46,46,48,24,25,60,,62,61,30,30,8,8,0.3,0.3
2023-12-25T1000,2420A,114.0189,32.9656,驻马店市,市一纸厂,颗粒物(PM10),115,180,157,77,83,10,,6,6,41,45,7,7,1.7,0.8
2023-12-25T1000,2421A,114.0114,33.015,驻马店市,市彩印厂,细颗粒物(PM2.5),110,143,120,83,61,17,,58,52,60,34,10,8,1.0,0.6
2023-12-25T1000,2422A,113.9976,32.9771,驻马店市,天方二分厂,颗粒物(PM10),102,153,131,69,86,9,,6,6,64,51,9,8,1.4,0.9
2023-12-25T1000,3339A,114.0012,33.0412,驻马店市,小管楼,细颗粒物(PM2.5),119,128,111,90,71,29,,58,52,65,40,8,6,0.7,0.5
2023-12-25T1000,2561A,104.6617,30.1372,资阳市,莲花山,细颗粒物(PM2.5),89,72,81,66,68,24,,36,30,28,24,2,2,0.9,0.9
2023-12-25T1000,2562A,104.6356,30.1506,资阳市,资阳中学,细颗粒物(PM2.5),93,73,87,69,71,19,,12,10,30,34,7,7,0.8,0.8
2023-12-25T1000,2563A,104.6295,30.1383,资阳市,四三一厂,细颗粒物(PM2.5),90,122,105,67,67,13,,11,11,41,39,8,7,1.0,0.9
2023-12-25T1000,2564A,104.6463,30.1146,资阳市,师范校,细颗粒物(PM2.5),109,108,104,82,79,17,,12,12,37,38,5,5,1.0,1
2023-12-25T1000,2565A,104.6296,30.1256,资阳市,区法院,细颗粒物(PM2.5),98,95,101,73,80,15,,10,10,43,46,5,5,0.9,1
2023-12-25T1000,1631A,118.0414,36.8103,淄博市,人民公园,细颗粒物(PM2.5),94,122,98,70,59,19,,3,3,61,67,17,20,1.2,1
2023-12-25T1000,1633A,117.8525,36.4847,淄博市,双山,细颗粒物(PM2.5),113,121,87,85,60,39,,21,21,40,43,14,11,1.2,0.9
2023-12-25T1000,1634A,117.9592,36.6331,淄博市,气象站,细颗粒物(PM2.5),117,130,81,88,58,29,,9,9,51,49,38,19,1.1,0.7
2023-12-25T1000,1635A,118.3092,36.8194,淄博市,莆田园,,,,99,,64,45,,15,15,44,57,12,16,,1.4
2023-12-25T1000,3363A,117.9883,36.8372,淄博市,新区,细颗粒物(PM2.5),104,134,91,78,57,17,,6,6,65,57,22,13,1.3,1
2023-12-25T1000,3644A,117.8661,36.805,淄博市,三金集团,颗粒物(PM10),71,92,95,48,56,26,,8,8,57,55,29,24,1.2,1.2
2023-12-25T1000,3645A,118.0253,36.8406,淄博市,东风化工厂,细颗粒物(PM2.5),94,108,99,70,60,27,,8,8,65,72,14,16,1.0,0.9
2023-12-25T1000,3027A,104.72,29.3427,自贡市,青杠林路,细颗粒物(PM2.5),110,105,108,83,87,14,,5,5,53,47,5,3,0.6,0.6
2023-12-25T1000,3028A,104.776,29.3627,自贡市,檀木林体育馆,细颗粒物(PM2.5),122,117,94,92,75,6,,33,22,54,30,6,5,0.6,0.3
2023-12-25T1000,3360A,104.7894,29.3194,自贡市,南湖救助站,细颗粒物(PM2.5),117,95,93,88,69,13,,26,22,48,36,9,7,0.5,0.4
2023-12-25T1000,3638A,104.7636,29.3338,自贡市,轻化工大学,细颗粒物(PM2.5),112,114,105,84,80,5,,8,7,60,48,4,3,0.7,0.5
2023-12-25T1000,1911A,106.9222,27.6869,遵义市,丁字口,细颗粒物(PM2.5),98,88,69,73,54,10,,9,9,33,40,25,33,1.3,1
2023-12-25T1000,1912A,106.9242,27.7019,遵义市,凤凰山,细颗粒物(PM2.5),75,67,68,55,55,13,,35,28,30,30,15,19,1.3,1.1
2023-12-25T1000,1913A,106.8906,27.6486,遵义市,忠庄,细颗粒物(PM2.5),94,98,91,70,68,5,,2,2,35,39,22,19,1.3,1.1
2023-12-25T1000,1914A,106.9231,27.6506,遵义市,舟水桥,颗粒物(PM10),86,121,109,60,66,8,,7,7,20,27,19,21,1.2,1
2023-12-25T1000,1915A,106.9178,27.72,遵义市,干田坝,细颗粒物(PM2.5),53,46,61,37,49,12,,8,8,34,40,18,22,0.8,0.8
2023-12-25T1000,3536A,106.8547,27.5919,遵义市,第十二小学,细颗粒物(PM2.5),140,132,109,107,81,11,,2,2,31,40,27,36,1.0,1
2023-12-25T1000,2566A,102.1879,31.914,阿坝藏族羌族自治州,州农科所,,,,,24,12,6,,9,9,28,21,6,7,1.0,0.6
2023-12-25T1000,2568A,102.2502,31.8896,阿坝藏族羌族自治州,马师校,,25,,15,17,14,27,,27,27,19,19,2,2,0.7,0.6
2023-12-25T1000,3994A,102.2165,31.9024,阿坝藏族羌族自治州,马尔康中学西区,,,19,16,18,14,34,,32,32,13,15,,4,0.5,0.5
2023-12-25T1000,2695A,80.292,41.1694,阿克苏地区,电视台,颗粒物(PM10),437,537,568,123,120,6,,12,8,56,42,7,7,3.4,1.5
2023-12-25T1000,2696A,80.2613,41.1551,阿克苏地区,艺术中心,颗粒物(PM10),415,515,575,136,142,9,,22,12,51,38,8,6,3.7,1.6
2023-12-25T1000,2204A,105.6467,38.8363,阿拉善盟,西城区西花园,,27,27,19,17,11,31,,64,51,44,23,9,9,0.9,0.8
2023-12-25T1000,2205A,105.6985,38.8411,阿拉善盟,蒙二幼,颗粒物(PM10),55,59,19,24,6,37,,63,54,48,22,11,7,1.5,0.7
2023-12-25T1000,2206A,105.724,38.8516,阿拉善盟,环保局新楼,,23,12,10,6,5,71,,82,79,12,9,5,5,0.6,0.6
2023-12-25T1000,2708A,88.1264,47.8517,阿勒泰地区,市站,,23,7,19,6,9,22,,59,56,46,25,4,6,0.7,0.5
2023-12-25T1000,2630A,80.1161,32.5,阿里地区,阿里监测站,,16,6,14,4,8,51,,36,36,19,22,16,14,0.6,0.6
2023-12-25T1000,3192A,80.0903,32.5028,阿里地区,阿里藏医院,,22,22,15,7,8,29,,38,35,38,17,20,12,0.8,0.6
2023-12-25T1000,2642A,109.0318,32.6537,安康市,香溪洞,细颗粒物(PM2.5),83,68,71,61,56,15,,29,23,20,24,5,6,0.9,0.8
2023-12-25T1000,2643A,109.0281,32.6939,安康市,安康市监测站,细颗粒物(PM2.5),112,110,98,84,72,8,,7,7,28,40,13,11,1.0,1
2023-12-25T1000,2644A,109.0072,32.6975,安康市,汉滨区检察院,细颗粒物(PM2.5),97,95,82,72,62,10,,12,11,30,34,13,8,0.7,0.6
2023-12-25T1000,2291A,117.0809,30.5177,安庆市,环科院,"颗粒物(PM10),细颗粒物(PM2.5)",77,103,82,56,45,10,,3,3,62,61,22,13,1.2,1
2023-12-25T1000,2292A,117.0331,30.5119,安庆市,马山宾馆,"颗粒物(PM10),细颗粒物(PM2.5)",69,87,77,50,40,11,,6,6,77,61,26,11,1.2,0.7
2023-12-25T1000,2294A,116.9896,30.6145,安庆市,安庆大学,细颗粒物(PM2.5),80,103,79,59,44,11,,8,8,66,66,14,14,1.9,1.1
2023-12-25T1000,3173A,117.0598,30.5351,安庆市,市人大,颗粒物(PM10),83,115,93,55,50,7,,2,2,66,66,18,10,1.0,1.1
2023-12-25T1000,3122A,105.9606,26.2611,安顺市,伍家关,,,,,,,,,,,,,,,,
2023-12-25T1000,3123A,105.9408,26.2431,安顺市,凤凰山,细颗粒物(PM2.5),82,72,65,60,56,41,,10,10,34,38,36,60,0.7,0.8
2023-12-25T1000,3124A,105.9439,26.2564,安顺市,金钟山,细颗粒物(PM2.5),84,72,68,62,58,48,,31,30,29,23,35,44,0.8,0.8
2023-12-25T1000,3125A,105.8983,26.2481,安顺市,娄家坡,细颗粒物(PM2.5),89,76,76,66,61,43,,28,28,26,24,52,47,1.0,0.8
2023-12-25T1000,1818A,114.4839,36.0621,安阳市,棉研所,,,,,,,,,,,,,,,,
2023-12-25T1000,1819A,114.3551,36.1017,安阳市,红庙街,细颗粒物(PM2.5),73,88,135,53,106,30,,12,12,40,64,9,11,1.2,1.4
2023-12-25T1000,1820A,114.361,36.0681,安阳市,银杏小区,细颗粒物(PM2.5),77,80,125,56,115,26,,10,10,40,68,2,5,1.1,1.3
2023-12-25T1000,3141A,114.3922,36.0878,安阳市,信访局,细颗粒物(PM2.5),80,73,138,59,109,25,,12,12,46,63,6,8,1.7,1.3
2023-12-25T1000,3669A,114.4705,36.0637,安阳市,左辅环卫站,细颗粒物(PM2.5),186,181,157,140,126,19,,13,11,56,59,3,3,1.4,1.1
2023-12-25T1000,3703A,114.2917,36.0949,安阳市,安钢职工学校,细颗粒物(PM2.5),84,91,141,62,113,32,,15,15,37,58,10,11,1.4,1.4
2023-12-25T1000,1748A,123.044,41.1196,鞍山市,深沟寺,颗粒物(PM10),56,62,99,37,83,39,,20,20,40,55,16,15,1.4,1.6
2023-12-25T1000,1749A,123.011,41.0931,鞍山市,太阳城,细颗粒物(PM2.5),60,61,104,43,81,39,,20,20,45,56,22,18,1.7,1.6
2023-12-25T1000,1750A,123.0485,41.1442,鞍山市,太平,细颗粒物(PM2.5),69,64,124,50,99,30,,12,12,48,61,21,20,1.6,2
2023-12-25T1000,1751A,122.9642,41.0971,鞍山市,铁西三道街,细颗粒物(PM2.5),89,96,143,66,112,18,,7,7,70,69,35,20,2.6,2.4
2023-12-25T1000,1752A,122.9341,41.0833,鞍山市,铁西工业园区,细颗粒物(PM2.5),102,107,196,76,157,24,,9,9,57,68,24,20,2.6,3.2
2023-12-25T1000,1753A,123.022,41.0821,鞍山市,明达新区,细颗粒物(PM2.5),68,76,107,49,83,45,,20,20,38,59,20,18,1.3,1.5
2023-12-25T1000,1754A,123.1289,41.0228,鞍山市,千山,,,,,,,,,,,,,,,,
2023-12-25T1000,2195A,107.4212,40.761,巴彦淖尔市,附二中,细颗粒物(PM2.5),120,139,95,91,55,12,,6,6,42,44,35,14,1.5,1
2023-12-25T1000,2196A,107.37,40.7372,巴彦淖尔市,市环保大楼,细颗粒物(PM2.5),132,131,77,100,47,7,,5,5,41,39,8,10,1.8,1
2023-12-25T1000,1956A,86.1472,41.7538,巴音郭楞州,孔雀公园,颗粒物(PM10),333,446,466,99,98,5,,10,10,69,58,3,3,1.7,1.2
2023-12-25T1000,1957A,86.1972,41.7166,巴音郭楞州,棉纺厂,颗粒物(PM10),500,611,536,104,102,21,,21,21,54,54,1,2,1.0,1
2023-12-25T1000,1958A,86.2357,41.7173,巴音郭楞州,经济开发区,颗粒物(PM10),464,564,472,108,97,16,,16,16,70,57,3,3,1.0,0.8
2023-12-25T1000,2914A,106.7677,31.8794,巴中市,苏山坪,细颗粒物(PM2.5),77,74,71,56,50,32,,66,60,28,19,4,4,0.6,0.5
2023-12-25T1000,3182A,106.7656,31.8545,巴中市,丽阳花园,细颗粒物(PM2.5),85,78,85,63,67,5,,4,4,28,36,4,4,1.1,0.9
2023-12-25T1000,3183A,106.7418,31.8654,巴中市,圣泉水务公司,细颗粒物(PM2.5),64,57,71,46,56,15,,13,13,27,37,3,3,0.6,0.7
2023-12-25T1000,3616A,106.7616,31.8344,巴中市,市中心医院,,,67,83,61,65,5,,3,3,,33,2,4,,0.8
2023-12-25T1000,2235A,122.7911,45.6077,白城市,洮北区环保局,,41,41,44,26,27,50,,47,47,15,16,9,8,0.6,0.6
2023-12-25T1000,2236A,122.8738,45.5725,白城市,市环保局,,40,40,47,16,22,46,,35,35,15,27,7,6,0.4,0.5
2023-12-25T1000,2231A,126.4219,41.9171,白山市,喜丰,细颗粒物(PM2.5),149,164,94,114,57,24,,17,17,45,46,24,21,1.6,1.3
2023-12-25T1000,2232A,126.4077,41.9419,白山市,环保局,细颗粒物(PM2.5),90,125,112,67,61,30,,11,11,38,54,21,23,1.5,1.5
2023-12-25T1000,2647A,104.1724,36.5446,白银市,第三小学,二氧化硫,142,224,118,104,60,59,,40,40,55,50,626,149,3.7,1.7
2023-12-25T1000,2648A,104.1465,36.5482,白银市,动力公司,细颗粒物(PM2.5),113,143,95,85,60,45,,29,29,45,40,148,36,2.5,1.4
2023-12-25T1000,2512A,106.6103,23.9011,百色市,市监测站,细颗粒物(PM2.5),68,76,73,49,48,22,,18,16,24,25,7,9,0.9,0.8
2023-12-25T1000,2513A,106.6538,23.8859,百色市,市中心血站,细颗粒物(PM2.5),82,78,89,60,66,18,,6,6,28,42,16,13,0.9,1
2023-12-25T1000,3406A,106.6085,23.8798,百色市,祈福高中,细颗粒物(PM2.5),72,58,71,52,53,17,,,,21,28,7,8,0.8,0.8
2023-12-25T1000,2270A,117.396,32.939,蚌埠市,工人疗养院,细颗粒物(PM2.5),75,92,108,55,70,50,,39,39,35,47,10,11,0.9,0.9
2023-12-25T1000,2271A,117.3605,32.9427,蚌埠市,百货大楼,颗粒物(PM10),82,114,111,52,71,45,,32,32,45,48,10,8,1.0,1
2023-12-25T1000,2273A,117.4185,32.8911,蚌埠市,蚌埠学院,细颗粒物(PM2.5),75,97,117,55,72,40,,28,28,32,42,7,6,0.7,0.7
2023-12-25T1000,2274A,117.3533,32.9673,蚌埠市,淮上区政府,细颗粒物(PM2.5),107,136,118,80,79,34,,36,34,51,42,12,8,1.1,0.8
2023-12-25T1000,2275A,117.3145,32.8977,蚌埠市,高新区,,,,121,,85,48,,17,17,41,55,,7,0.8,0.8
2023-12-25T1000,3715A,117.3092,32.9314,蚌埠市,蚌埠田家炳中学,细颗粒物(PM2.5),105,141,125,79,80,36,,31,31,56,54,18,16,1.0,0.8
2023-12-25T1000,1585A,109.8756,40.6532,包头市,市环境监测站,细颗粒物(PM2.5),160,187,160,122,119,8,,6,6,73,72,35,33,2.7,2.1
2023-12-25T1000,1587A,109.9991,40.5842,包头市,包头八中,细颗粒物(PM2.5),199,191,179,149,135,7,,4,4,71,72,64,35,2.2,1.7
2023-12-25T1000,1588A,109.8538,40.6821,包头市,青山宾馆,细颗粒物(PM2.5),217,192,216,167,175,8,,6,6,83,83,29,30,3.2,3
2023-12-25T1000,1589A,109.8642,40.6288,包头市,惠龙物流,,,,164,,122,,,3,3,71,73,36,26,2.2,2
2023-12-25T1000,1590A,110.0377,40.5546,包头市,东河鸿龙湾,细颗粒物(PM2.5),159,162,145,121,109,17,,10,10,60,63,14,17,1.6,1.5
2023-12-25T1000,3283A,109.9154,40.5685,包头市,滨河大厦,细颗粒物(PM2.5),153,146,143,117,112,14,,6,6,58,64,17,16,1.5,1.4
2023-12-25T1000,3419A,109.9447,40.6261,包头市,包头市委党校,细颗粒物(PM2.5),153,152,154,117,120,12,,9,9,80,77,34,32,2.9,2.1
2023-12-25T1000,3683A,109.8331,40.6576,包头市,昆区政府,细颗粒物(PM2.5),208,196,175,158,155,8,,6,6,82,82,44,47,3.2,2.8
2023-12-25T1000,1930A,107.185,34.3063,宝鸡市,庙沟村,细颗粒物(PM2.5),178,135,146,134,119,9,,7,6,34,53,6,8,0.9,0.9
2023-12-25T1000,1931A,107.0708,34.3017,宝鸡市,竹园沟,细颗粒物(PM2.5),210,161,126,160,112,16,,11,11,35,45,4,4,1.4,1
2023-12-25T1000,1932A,107.1906,34.3672,宝鸡市,三陆医院,细颗粒物(PM2.5),163,179,165,124,125,15,,13,13,48,60,15,17,1.6,1.3
2023-12-25T1000,1933A,107.1431,34.3547,宝鸡市,监测站,细颗粒物(PM2.5),142,142,144,108,115,10,,6,6,38,54,4,6,1.3,1.2
2023-12-25T1000,1934A,107.1186,34.3739,宝鸡市,技工学校,细颗粒物(PM2.5),149,140,132,114,104,13,,13,12,36,49,8,8,1.2,1.1
2023-12-25T1000,1935A,107.3906,34.3528,宝鸡市,陈仓区环保局家属楼,细颗粒物(PM2.5),207,212,183,157,152,35,,19,19,49,66,95,17,1.6,1.5
2023-12-25T1000,1936A,107.2058,34.3497,宝鸡市,文理学院,细颗粒物(PM2.5),153,171,155,117,120,9,,6,6,46,57,11,11,1.4,1.2
2023-12-25T1000,1937A,107.2386,34.3622,宝鸡市,三迪小学,细颗粒物(PM2.5),148,158,161,113,119,12,,8,8,42,59,14,12,1.4,1.3
2023-12-25T1000,1051A,115.493,38.8632,保定市,游泳馆,细颗粒物(PM2.5),140,,81,107,79,11,,7,7,71,62,5,3,2.2,1.5
2023-12-25T1000,1052A,115.5213,38.8959,保定市,华电二区,细颗粒物(PM2.5),120,108,94,91,78,6,,4,4,76,67,12,6,1.5,0.9
2023-12-25T1000,1053A,115.4713,38.9108,保定市,接待中心,细颗粒物(PM2.5),104,116,99,78,73,8,,2,2,74,71,2,3,1.6,1
2023-12-25T1000,1054A,115.4612,38.8416,保定市,地表水厂,细颗粒物(PM2.5),124,107,90,94,75,8,,4,4,78,73,3,2,1.6,1
2023-12-25T1000,1056A,115.5086,38.8639,保定市,监测站,细颗粒物(PM2.5),122,109,95,92,71,3,,2,2,96,79,6,7,1.2,0.7
2023-12-25T1000,3581A,115.31981,38.95208,保定市,满城区生态环境分局,细颗粒物(PM2.5),107,80,75,80,60,9,,3,3,78,67,3,3,2.7,1.2
2023-12-25T1000,3582A,115.47694,38.76408,保定市,清苑区第二中学,细颗粒物(PM2.5),133,112,84,101,72,11,,7,7,95,70,2,3,1.5,1
2023-12-25T1000,3583A,115.62909,39.02311,保定市,徐水物探局,细颗粒物(PM2.5),144,144,122,110,93,6,,2,2,71,70,7,4,1.8,1.4
2023-12-25T1000,4004A,115.4202,38.8656,保定市,双鹰农机,细颗粒物(PM2.5),112,90,90,84,67,10,,4,4,70,68,6,4,1.5,1
2023-12-25T1000,2594A,99.1678,25.1081,保山市,市环境监测站,,20,,25,14,16,60,,42,42,10,10,4,5,0.6,0.6
2023-12-25T1000,2595A,99.1711,25.1328,保山市,市环保局,,23,19,31,16,18,62,,45,45,8,8,6,7,0.3,0.4
2023-12-25T1000,1866A,109.2262,21.588,北海市,牛尾岭水库,,,,,,,,,,,,,,,,
2023-12-25T1000,1867A,109.1436,21.4086,北海市,海滩公园,细颗粒物(PM2.5),62,60,50,44,34,70,,80,75,19,14,14,11,0.5,0.5
2023-12-25T1000,1868A,109.0981,21.4661,北海市,新市环保局,细颗粒物(PM2.5),64,48,46,46,38,71,,81,76,19,15,17,13,0.4,0.4
2023-12-25T1000,1869A,109.1778,21.5233,北海市,北海工业园,细颗粒物(PM2.5),62,70,58,44,40,60,,74,67,24,16,14,14,0.7,0.5
2023-12-25T1000,3400A,109.1911,21.4415,北海市,龙潭自来水厂,,,,46,,36,62,,77,71,19,14,,11,,0.4
2023-12-25T1000,1001A,116.3621,39.8784,北京市,万寿西宫,颗粒物(PM10),58,65,75,30,48,13,,3,3,79,80,3,3,1.0,0.7
2023-12-25T1000,1002A,116.2202,40.2915,北京市,定陵,颗粒物(PM10),51,52,44,33,29,14,,31,26,31,17,2,4,0.5,0.8
2023-12-25T1000,1003A,116.4174,39.9289,北京市,东四,颗粒物(PM10),56,62,73,28,42,6,,2,2,73,60,5,4,1.2,1
2023-12-25T1000,1004A,116.4072,39.8863,北京市,天坛,细颗粒物(PM2.5),63,59,65,45,44,10,,4,4,70,60,1,3,1.2,0.7
2023-12-25T1000,1005A,116.462,39.9365,北京市,农展馆,颗粒物(PM10),52,53,60,22,31,13,,4,4,62,60,3,3,0.7,0.5
2023-12-25T1000,1006A,116.3392,39.9295,北京市,官园,颗粒物(PM10),58,66,74,34,46,10,,2,2,70,63,7,5,1.6,1
2023-12-25T1000,1007A,116.2878,39.9611,北京市,海淀万柳,颗粒物(PM10),64,77,81,40,43,10,,8,8,82,69,2,2,1.5,0.9
2023-12-25T1000,1008A,116.6636,40.135,北京市,顺义新城,,40,40,37,18,20,31,,30,26,32,28,1,3,0.4,0.4
2023-12-25T1000,1009A,116.6275,40.3275,北京市,怀柔镇,,31,31,33,15,19,35,,26,26,22,26,2,3,0.5,0.5
2023-12-25T1000,1010A,116.2296,40.217,北京市,昌平镇,颗粒物(PM10),59,68,54,29,27,6,,12,4,66,35,3,3,1.1,0.5
2023-12-25T1000,1011A,116.3966,39.9821,北京市,奥体中心,颗粒物(PM10),55,60,58,22,30,11,,6,6,58,53,3,2,0.9,0.7
2023-12-25T1000,1012A,116.184,39.9136,北京市,古城,细颗粒物(PM2.5),74,94,76,54,45,9,,4,4,77,59,5,3,1.4,0.7
2023-12-25T1000,3281A,115.9718,40.4529,北京市,延庆夏都,细颗粒物(PM2.5),59,65,57,42,36,23,,11,11,29,32,3,3,1.1,0.7
2023-12-25T1000,3417A,117.0709,40.1465,北京市,平谷新城,,42,42,38,25,23,18,,8,8,37,26,1,2,0.9,0.5
2023-12-25T1000,3418A,116.8336,40.4095,北京市,密云新城,,27,27,26,13,13,53,,41,41,9,16,1,2,0.3,0.3
2023-12-25T1000,3671A,116.088,39.9726,北京市,门头沟三家店,,,,,,,,,,,,,,,,
2023-12-25T1000,3672A,116.1541,39.8204,北京市,丰台云岗,颗粒物(PM10),62,74,71,38,43,16,,8,8,68,60,4,3,0.8,0.5
2023-12-25T1000,3673A,116.6804,39.9081,北京市,通州东关,,38,38,57,18,32,23,,5,5,50,59,2,4,0.5,0.6
2023-12-25T1000,3674A,115.9577,39.7603,北京市,房山燕山,,32,28,47,22,32,36,,29,27,18,30,2,2,0.5,0.6
2023-12-25T1000,3675A,116.4672,39.7733,北京市,大兴旧宫,细颗粒物(PM2.5),103,99,86,77,56,5,,3,3,93,70,2,2,1.5,0.8
2023-12-25T1000,3694A,115.986,40.4563,北京市,延庆石河营,细颗粒物(PM2.5),63,70,56,45,36,21,,4,4,28,34,1,4,1.1,0.9
2023-12-25T1000,3695A,116.6151,40.3053,北京市,怀柔新城,,26,26,32,13,18,37,,32,31,20,20,3,3,0.3,0.3
2023-12-25T1000,3696A,116.2545,39.8768,北京市,丰台小屯,细颗粒物(PM2.5),75,94,94,55,52,5,,2,2,102,78,3,2,1.8,0.9
2023-12-25T1000,3697A,116.84,40.3844,北京市,密云镇,,41,41,33,17,16,27,,9,9,27,37,1,2,0.4,0.4
2023-12-25T1000,1761A,123.8275,41.3064,本溪市,大峪,细颗粒物(PM2.5),117,121,74,88,50,,,8,8,57,54,9,11,2.3,1.7
2023-12-25T1000,1762A,123.7567,41.3325,本溪市,溪湖,细颗粒物(PM2.5),189,234,150,142,83,14,,8,8,56,53,13,17,3.4,2.2
2023-12-25T1000,1763A,123.7169,41.3094,本溪市,彩屯,细颗粒物(PM2.5),180,183,108,136,81,12,,10,10,66,58,21,16,3.5,2
2023-12-25T1000,1764A,123.7669,41.2864,本溪市,东明,细颗粒物(PM2.5),130,99,67,99,63,18,,11,11,59,54,11,16,3.0,1.8
2023-12-25T1000,1765A,123.7992,41.2664,本溪市,新立屯,细颗粒物(PM2.5),70,55,49,51,38,24,,22,22,53,49,13,11,1.2,0.9
2023-12-25T1000,1766A,123.8142,41.3472,本溪市,威宁,细颗粒物(PM2.5),149,187,97,114,66,17,,8,8,48,54,7,9,2.8,2
2023-12-25T1000,2587A,105.2864,27.3125,毕节市,八中,细颗粒物(PM2.5),124,110,51,94,44,21,,15,14,33,21,9,8,1.2,0.8
2023-12-25T1000,2588A,105.31,27.2944,毕节市,师专,细颗粒物(PM2.5),87,77,47,64,39,18,,14,13,31,22,13,7,1.0,0.8
2023-12-25T1000,3537A,105.3631,27.3533,毕节市,长征村,细颗粒物(PM2.5),94,79,46,70,41,32,,13,13,24,20,11,8,0.9,0.7
2023-12-25T1000,1629A,118.0018,37.3617,滨州市,第二水厂,,,,136,,98,,,11,8,,59,24,28,1.3,1.4
2023-12-25T1000,1630A,117.9776,37.393,滨州市,北中新校,细颗粒物(PM2.5),112,141,137,84,96,,,10,9,76,76,22,29,1.1,1.1
2023-12-25T1000,3514A,117.9378,37.3956,滨州市,中海酒店,细颗粒物(PM2.5),156,155,133,119,108,32,,23,23,85,78,94,35,1.5,1.3
2023-12-25T1000,3515A,117.9378,37.3553,滨州市,开发区一中,细颗粒物(PM2.5),128,135,138,97,102,25,,16,14,65,64,,27,1.1,1
2023-12-25T1000,3516A,118.0917,37.694,滨州市,金海六路,细颗粒物(PM2.5),183,181,170,138,132,25,,6,6,61,78,24,22,1.3,1.3
2023-12-25T1000,4028A,117.9956,37.3753,滨州市,滨州市西街道办事处,细颗粒物(PM2.5),117,124,138,88,102,27,,12,10,56,56,22,33,1.5,1.6
2023-12-25T1000,2311A,115.8072,33.8399,亳州市,污水处理厂,细颗粒物(PM2.5),120,140,125,91,82,29,,13,13,36,45,8,8,0.7,0.7
2023-12-25T1000,2312A,115.7789,33.8518,亳州市,三国揽胜宫,颗粒物(PM10),115,179,137,83,74,28,,7,6,38,45,10,9,0.9,0.9
2023-12-25T1000,3332A,115.7633,33.8034,亳州市,亳州学院,细颗粒物(PM2.5),112,148,122,84,72,28,,31,27,37,36,8,9,0.6,0.6
2023-12-25T1000,2693A,82.0485,44.8556,博尔塔拉蒙古自治州,市党校,细颗粒物(PM2.5),79,75,89,58,57,31,,41,41,33,29,20,20,0.8,0.6
2023-12-25T1000,2694A,82.0806,44.8969,博尔塔拉蒙古自治州,市环保局,颗粒物(PM10),67,84,87,46,49,22,,41,40,52,39,17,15,1.5,1.3
2023-12-25T1000,1071A,116.8842,38.2991,沧州市,沧县城建局,细颗粒物(PM2.5),234,222,134,184,111,27,,15,15,63,72,13,13,1.6,1.5
2023-12-25T1000,1072A,116.8584,38.3254,沧州市,电视转播站,细颗粒物(PM2.5),223,181,114,173,94,16,,6,6,74,76,16,15,1.7,1.2
2023-12-25T1000,1073A,116.8709,38.3228,沧州市,市环保局,细颗粒物(PM2.5),231,187,113,181,95,18,,9,9,61,63,11,10,1.7,1.4
2023-12-25T1000,3324A,116.8136,38.3004,沧州市,河北水利电力学院,细颗粒物(PM2.5),242,219,137,192,108,20,,6,6,68,75,17,18,1.7,1.4
2023-12-25T1000,2622A,97.1806,31.1273,昌都市,昌都监测站,,34,34,39,18,19,15,,10,10,32,36,6,6,0.7,0.9
2023-12-25T1000,3719A,97.1714,31.1406,昌都市,昌都会议中心,,15,12,21,10,16,34,,31,31,12,20,4,4,0.4,0.6
2023-12-25T1000,2690A,88.1236,43.8886,昌吉州,天山天池,,23,,3,4,3,72,,73,73,4,4,6,6,0.3,0.3
2023-12-25T1000,2692A,87.2717,44.0297,昌吉州,新区政务中心,细颗粒物(PM2.5),95,108,119,71,83,4,,4,4,69,67,5,6,1.7,1.6
2023-12-25T1000,3613A,87.3095,44.0142,昌吉州,亚心广场,细颗粒物(PM2.5),149,153,129,114,94,7,,11,9,80,74,6,6,2.0,1.6
2023-12-25T1000,1119A,125.3325,43.9166,长春市,食品厂,细颗粒物(PM2.5),104,96,91,78,60,29,,14,14,46,50,28,23,1.0,0.9
2023-12-25T1000,1120A,125.2863,43.9027,长春市,客车厂,细颗粒物(PM2.5),94,94,82,70,62,29,,17,17,48,50,20,24,1.1,0.9
2023-12-25T1000,1121A,125.2841,43.8463,长春市,邮电学院,细颗粒物(PM2.5),100,96,92,75,70,39,,19,19,36,50,20,20,0.9,0.8
2023-12-25T1000,1122A,125.3716,43.8772,长春市,劳动公园,细颗粒物(PM2.5),90,94,80,67,57,31,,20,20,41,46,23,21,1.2,0.9
2023-12-25T1000,1123A,125.3297,43.8805,长春市,园林处,细颗粒物(PM2.5),90,83,78,67,60,37,,22,22,42,52,17,18,1.0,1
2023-12-25T1000,1124A,125.4605,43.79,长春市,净月潭,细颗粒物(PM2.5),87,79,76,64,58,48,,42,42,18,27,12,9,0.5,0.5
2023-12-25T1000,1125A,125.7194,43.515,长春市,甩湾子,,,,,,,,,,,,,,,,
2023-12-25T1000,1126A,125.3863,43.8447,长春市,经开区环卫处,细颗粒物(PM2.5),98,92,89,73,61,28,,12,12,41,48,17,17,0.9,0.9
2023-12-25T1000,1127A,125.245,43.7783,长春市,高新区管委会,细颗粒物(PM2.5),104,114,99,78,83,35,,11,11,36,47,14,10,0.9,1
2023-12-25T1000,1128A,125.1761,43.8325,长春市,岱山公园,细颗粒物(PM2.5),92,97,85,68,65,40,,24,24,40,44,16,10,1.1,0.9
2023-12-25T1000,1335A,113.0833,28.2325,长沙市,经开区环保局,颗粒物(PM10),64,78,105,41,66,16,,8,8,49,58,6,7,0.5,0.7
2023-12-25T1000,1336A,112.8872,28.2189,长沙市,高开区环保局,细颗粒物(PM2.5),79,105,117,58,70,16,,6,6,46,57,6,6,1.1,1.3
2023-12-25T1000,1337A,113.0792,28.2053,长沙市,马坡岭,颗粒物(PM10),76,102,114,55,71,12,,6,6,47,56,7,8,0.6,0.9
2023-12-25T1000,1338A,112.9394,28.19,长沙市,湖南师范大学,颗粒物(PM10),79,107,93,55,73,19,,8,6,49,43,6,6,0.8,0.7
2023-12-25T1000,1339A,113.0178,28.1322,长沙市,雨花区环保局,细颗粒物(PM2.5),72,83,97,52,61,17,,5,5,42,60,3,3,0.7,0.9
2023-12-25T1000,1340A,112.9792,28.2597,长沙市,伍家岭,颗粒物(PM10),93,135,136,62,85,5,,1,1,42,46,5,6,1.4,1.4
2023-12-25T1000,1341A,113.0014,28.1944,长沙市,火车新站,细颗粒物(PM2.5),83,93,116,61,77,15,,8,8,51,60,5,5,0.8,1
2023-12-25T1000,1342A,112.9844,28.1178,长沙市,天心区环保局,颗粒物(PM10),70,89,99,38,61,24,,6,6,49,66,8,7,0.7,0.9
2023-12-25T1000,1343A,112.8908,28.1308,长沙市,湖南中医药大学,细颗粒物(PM2.5),93,128,110,69,68,7,,1,1,42,41,6,5,1.1,0.7
2023-12-25T1000,1344A,112.9581,28.3611,长沙市,沙坪,细颗粒物(PM2.5),63,65,60,45,46,23,,30,25,29,26,5,6,0.8,0.7
2023-12-25T1000,1727A,113.1147,36.1547,长治市,清华站,细颗粒物(PM2.5),79,87,60,58,32,12,,6,6,75,52,32,22,1.8,1.2
2023-12-25T1000,1728A,113.1031,36.1989,长治市,监测站,细颗粒物(PM2.5),85,92,63,63,37,11,,3,3,64,58,30,22,1.6,1
2023-12-25T1000,1730A,113.0886,36.2125,长治市,审计局,细颗粒物(PM2.5),98,86,55,73,36,14,,4,4,56,50,34,26,1.2,0.6
2023-12-25T1000,1731A,113.0844,36.1856,长治市,长治八中,颗粒物(PM10),76,102,72,29,32,12,,2,2,54,51,39,29,1.5,1.1
2023-12-25T1000,2845A,113.1569,36.1911,长治市,德盛苑,细颗粒物(PM2.5),70,82,40,51,24,18,,38,28,55,30,30,16,1.4,0.9
2023-12-25T1000,3568A,113.06,36.0464,长治市,向阳小学,颗粒物(PM10),64,78,62,43,32,38,,34,34,48,47,40,26,1.4,0.9
2023-12-25T1000,3569A,112.8792,36.3144,长治市,屯留一中,颗粒物(PM10),67,84,53,36,28,22,,13,13,55,48,22,20,1.8,1.1
2023-12-25T1000,3570A,113.235,36.3489,长治市,潞城四中,,,,78,,47,,,14,10,,45,,18,,1
2023-12-25T1000,1854A,111.6975,28.9703,常德市,市二中,,,,77,,64,,,55,,,28,,9,,0.6
2023-12-25T1000,1857A,111.7158,29.1456,常德市,白鹤山,颗粒物(PM10),95,140,103,69,59,25,,52,45,34,19,15,7,0.6,0.4
2023-12-25T1000,3138A,111.7153,29.0289,常德市,武陵区永安,细颗粒物(PM2.5),75,95,104,55,74,31,,11,11,28,38,8,10,0.6,0.7
2023-12-25T1000,3139A,111.6892,28.9881,常德市,鼎城区玉霞,细颗粒物(PM2.5),107,104,103,80,78,14,,6,6,32,40,8,9,0.9,0.8
2023-12-25T1000,3140A,111.6625,29.0531,常德市,武陵区长庚,细颗粒物(PM2.5),97,105,108,72,76,20,,12,12,30,39,7,7,0.7,0.7
2023-12-25T1000,1196A,119.9633,31.762,常州市,市监测站,细颗粒物(PM2.5),117,126,123,88,77,15,,7,7,74,63,14,11,1.3,1.2
2023-12-25T1000,1200A,119.9468,31.7069,常州市,武进监测站,细颗粒物(PM2.5),110,131,115,83,70,16,,6,6,66,62,12,9,1.3,1
2023-12-25T1000,1201A,119.9255,31.9087,常州市,安家,细颗粒物(PM2.5),127,136,141,96,91,14,,6,6,70,71,14,13,1.2,1.1
2023-12-25T1000,3002A,119.9805,31.8174,常州市,行政中心,细颗粒物(PM2.5),92,103,108,68,73,21,,7,7,61,60,15,12,1.3,1.1
2023-12-25T1000,3003A,120.0522,31.7748,常州市,经开区,细颗粒物(PM2.5),97,114,115,72,74,34,,11,11,63,66,13,10,1.6,1.3
2023-12-25T1000,3010A,119.9025,31.7964,常州市,钟楼,细颗粒物(PM2.5),107,128,130,80,83,17,,6,6,70,77,13,11,0.5,1.2
2023-12-25T1000,3429A,119.8598,31.7066,常州市,武进经发区,,,,104,,70,,,6,6,57,58,11,10,1.4,1.1
2023-12-25T1000,3430A,119.5826,31.7245,常州市,金坛城区,,,,101,,72,,,18,15,33,39,26,11,1.0,0.9
2023-12-25T1000,2220A,120.4318,41.5881,朝阳市,西梁,细颗粒物(PM2.5),82,91,94,60,64,25,,12,12,41,51,35,25,1.9,1.8
2023-12-25T1000,2221A,120.4521,41.5646,朝阳市,河畔小区,细颗粒物(PM2.5),75,83,76,55,51,37,,24,24,31,42,32,23,1.7,1.6
2023-12-25T1000,2222A,120.4176,41.5648,朝阳市,八里堡,细颗粒物(PM2.5),69,73,83,50,50,27,,9,9,35,50,36,24,1.8,1.6
2023-12-25T1000,2223A,120.3806,41.5969,朝阳市,农业园区,细颗粒物(PM2.5),118,130,93,89,70,28,,12,12,41,53,35,21,2.0,1.7
2023-12-25T1000,1705A,116.6367,23.6719,潮州市,西园路,,30,,25,21,19,59,,54,54,10,12,6,5,0.3,0.3
2023-12-25T1000,1706A,116.6447,23.6706,潮州市,档案局,,32,32,24,15,19,60,,53,53,10,14,7,6,0.5,0.5
2023-12-25T1000,3026A,116.6183,23.6608,潮州市,市政府,,35,35,25,15,15,61,,60,57,15,15,7,6,0.5,0.5
2023-12-25T1000,2472A,113.0073,25.9061,郴州市,马头岭,颗粒物(PM10),67,83,65,34,32,10,,10,10,32,38,7,5,1.2,1
2023-12-25T1000,2473A,113.0116,25.8226,郴州市,市职中,细颗粒物(PM2.5),70,66,61,51,46,21,,12,12,35,34,12,6,1.1,0.9
2023-12-25T1000,2474A,113.0161,25.8001,郴州市,兴隆步行街,细颗粒物(PM2.5),69,85,73,50,52,15,,6,6,40,40,9,7,1.0,0.8
2023-12-25T1000,2475A,113.0383,25.8071,郴州市,市审计局,细颗粒物(PM2.5),60,65,60,43,41,15,,4,4,41,34,12,10,1.2,1.2
2023-12-25T1000,2476A,113.0348,25.7759,郴州市,市环保局,细颗粒物(PM2.5),75,72,59,55,48,11,,5,5,44,38,9,9,0.9,0.6
2023-12-25T1000,1431A,103.9728,30.7236,成都市,金泉两河,细颗粒物(PM2.5),85,96,74,63,56,8,,2,2,44,47,3,2,1.0,1.3
2023-12-25T1000,1432A,104.176,30.6872,成都市,十里店,,,,73,,54,8,,5,5,53,47,3,2,1.0,0.7
2023-12-25T1000,1433A,104.079,30.5706,成都市,三瓦窑,细颗粒物(PM2.5),84,99,78,62,49,1,,0,0,38,26,3,2,1.1,0.7
2023-12-25T1000,1434A,104.1114,30.63,成都市,沙河铺,细颗粒物(PM2.5),103,101,80,77,60,0,,0,0,60,50,4,2,1.1,1
2023-12-25T1000,1437A,104.0786,30.6531,成都市,君平街,细颗粒物(PM2.5),108,110,88,81,66,4,,1,1,58,48,6,4,1.3,0.9
2023-12-25T1000,1438A,103.613,31.0283,成都市,灵岩寺,细颗粒物(PM2.5),60,68,57,43,35,42,,61,56,20,18,18,11,1.5,1.3
2023-12-25T1000,2880A,104.0239,30.65639,成都市,大石西路,细颗粒物(PM2.5),103,110,79,77,62,4,,1,1,63,52,5,4,1.4,1.1
2023-12-25T1000,3136A,104.2725,30.5589,成都市,龙泉驿区区政府,细颗粒物(PM2.5),92,105,71,68,54,6,,48,34,57,24,2,1,1.3,0.6
2023-12-25T1000,3357A,104.0106,30.6931,成都市,金博路,细颗粒物(PM2.5),102,104,83,76,65,2,,2,2,51,52,1,3,1.1,0.9
2023-12-25T1000,3359A,104.0578,30.5225,成都市,华阳,细颗粒物(PM2.5),98,100,73,73,59,2,,0,0,61,48,1,1,0.9,0.6
2023-12-25T1000,3487A,104.2394,30.5319,成都市,车城东七路,细颗粒物(PM2.5),100,107,79,75,61,4,,7,4,60,38,2,2,1.5,0.6
2023-12-25T1000,3488A,104.3853,30.7453,成都市,青白江技师分院,细颗粒物(PM2.5),74,79,59,54,52,3,,13,6,44,38,3,3,0.9,0.7
2023-12-25T1000,3489A,104.0789,30.4072,成都市,科学城,细颗粒物(PM2.5),94,90,77,70,54,5,,4,3,45,26,2,1,0.9,0.7
2023-12-25T1000,4011A,103.8506,30.6947,成都市,光华大道三段,细颗粒物(PM2.5),79,71,76,58,55,4,,3,3,50,45,3,2,0.7,0.9
2023-12-25T1000,1062A,117.9531,40.9081,承德市,铁路,"颗粒物(PM10),细颗粒物(PM2.5)",74,98,65,54,37,12,,8,8,60,49,10,11,1.5,0.9
2023-12-25T1000,1063A,117.9392,40.9763,承德市,中国银行,颗粒物(PM10),57,64,66,18,31,26,,11,11,32,43,7,6,0.8,0.7
2023-12-25T1000,1064A,117.9503,40.928,承德市,开发区,颗粒物(PM10),64,78,67,44,36,14,,6,6,48,50,8,7,1.3,0.9
2023-12-25T1000,1065A,117.8051,40.9655,承德市,文化中心,颗粒物(PM10),81,112,87,34,33,16,,12,12,53,52,6,6,1.4,0.8
2023-12-25T1000,1066A,117.9268,41.0026,承德市,离宫,,,33,40,32,28,,,8,7,27,34,3,3,0.7,0.5
2023-12-25T1000,2314A,117.47,30.6618,池州市,池州学院,颗粒物(PM10),65,79,70,42,38,40,,26,24,26,29,13,6,1.0,0.9
2023-12-25T1000,3237A,117.4918,30.6617,池州市,展览馆,"颗粒物(PM10),细颗粒物(PM2.5)",63,75,70,45,37,38,,15,15,23,36,10,5,0.8,0.9
2023-12-25T1000,3333A,117.5627,30.695,池州市,第八中学,"颗粒物(PM10),细颗粒物(PM2.5)",67,84,73,48,41,34,,37,36,34,24,13,7,0.6,0.5
2023-12-25T1000,3334A,117.5038,30.6243,池州市,第十二中学,颗粒物(PM10),69,88,72,47,40,30,,15,15,37,38,9,5,1.0,0.9
2023-12-25T1000,1744A,118.9233,42.2816,赤峰市,松山一中,"颗粒物(PM10),细颗粒物(PM2.5)",53,55,25,37,12,13,,41,30,57,32,14,13,1.6,0.9
2023-12-25T1000,1745A,118.9576,42.2728,赤峰市,哈达街,细颗粒物(PM2.5),65,,22,47,13,17,,50,39,57,26,16,9,1.5,0.8
2023-12-25T1000,1746A,118.8788,42.2554,赤峰市,天义路,,,26,15,15,5,,,64,57,46,18,12,8,1.1,0.5
2023-12-25T1000,3058A,119.2658,42.0353,赤峰市,银河街,细颗粒物(PM2.5),242,225,144,192,125,26,,16,16,46,53,46,37,2.8,2.5
2023-12-25T1000,3286A,118.9359,42.3147,赤峰市,桥北物流园区,细颗粒物(PM2.5),59,47,18,42,13,26,,25,18,46,36,17,11,1.1,0.8
2023-12-25T1000,2521A,107.3476,22.4136,崇左市,市环保局江州分局,细颗粒物(PM2.5),64,65,60,46,35,26,,14,14,24,27,8,8,0.7,0.5
2023-12-25T1000,2522A,107.3702,22.3707,崇左市,城南新区,细颗粒物(PM2.5),75,67,51,55,36,11,,16,13,44,26,7,7,0.7,0.5
2023-12-25T1000,2298A,118.3093,32.3153,滁州市,老年大学,细颗粒物(PM2.5),89,112,91,66,63,13,,7,7,44,42,8,9,0.9,0.9
2023-12-25T1000,2299A,118.3244,32.2786,滁州市,人大宾馆,细颗粒物(PM2.5),98,128,93,73,72,14,,26,21,64,46,7,6,0.9,0.7
2023-12-25T1000,3207A,118.3118,32.3038,滁州市,市政府原办公楼,细颗粒物(PM2.5),83,96,84,61,59,11,,7,7,50,44,7,6,1.1,0.9
2023-12-25T1000,3331A,118.3267,32.2634,滁州市,图书馆,细颗粒物(PM2.5),84,100,89,62,53,18,,37,31,61,40,7,7,1.1,0.8
2023-12-25T1000,2605A,101.5482,25.0441,楚雄州,州环境监测站,,39,29,24,27,25,48,,44,44,8,7,4,4,0.7,0.7
2023-12-25T1000,2606A,101.538,25.0492,楚雄州,市经济开发区,,40,,29,28,26,45,,41,41,9,9,5,5,0.6,0.7
2023-12-25T1000,2548A,107.5277,31.2827,达州市,达州职业技术学院,细颗粒物(PM2.5),108,106,103,81,80,11,,8,8,25,33,8,7,0.9,1
2023-12-25T1000,2549A,107.5086,31.2186,达州市,市环境监测站,细颗粒物(PM2.5),110,117,104,83,78,4,,2,2,34,43,7,6,1.0,1
2023-12-25T1000,2550A,107.4988,31.2132,达州市,凤凰小区,细颗粒物(PM2.5),110,110,102,83,77,10,,7,7,35,45,11,8,1.0,1
2023-12-25T1000,2551A,107.5082,31.1986,达州市,达县机关宾馆,细颗粒物(PM2.5),102,90,109,76,77,12,,6,6,36,50,7,6,0.9,1
2023-12-25T1000,2552A,107.4644,31.2124,达州市,市政中心,细颗粒物(PM2.5),107,114,102,80,72,6,,4,4,41,48,8,7,1.2,1
2023-12-25T1000,2614A,100.1542,25.7054,大理州,大理市环境监测站,,14,14,23,9,15,42,,44,43,10,9,5,7,0.7,0.7
2023-12-25T1000,2615A,100.2171,25.5811,大理州,大理古城,,23,21,30,16,21,25,,30,27,17,17,8,8,0.9,0.9
2023-12-25T1000,1109A,121.612,38.9741,大连市,甘井子,细颗粒物(PM2.5),62,50,34,44,26,24,,43,40,71,27,12,9,1.1,0.7
2023-12-25T1000,1110A,121.565,38.9511,大连市,周水子,细颗粒物(PM2.5),63,61,42,45,25,12,,,,71,33,21,12,1.2,1.1
2023-12-25T1000,1111A,121.5637,38.8845,大连市,星海三站,细颗粒物(PM2.5),55,50,33,39,22,15,,31,22,48,24,32,24,1.2,0.8
2023-12-25T1000,1112A,121.6302,38.9117,大连市,青泥洼桥,颗粒物(PM10),57,63,49,38,25,19,,28,25,70,38,18,16,1.0,0.6
2023-12-25T1000,1113A,121.6251,38.8638,大连市,傅家庄,,46,46,36,32,21,41,,29,28,44,31,33,22,1.0,0.9
2023-12-25T1000,1114A,121.5213,38.8661,大连市,七贤岭,,50,45,28,35,18,37,,44,36,38,20,30,11,1.4,1
2023-12-25T1000,1115A,121.2529,38.8061,大连市,旅顺,细颗粒物(PM2.5),53,45,28,37,18,34,,63,54,43,16,17,11,1.3,0.9
2023-12-25T1000,1116A,121.7485,39.1311,大连市,金州,细颗粒物(PM2.5),118,115,41,89,32,30,,46,41,45,22,7,7,1.5,1
2023-12-25T1000,1117A,121.7811,39.0496,大连市,开发区,,49,46,48,34,30,30,,30,26,63,39,18,12,1.0,0.8
2023-12-25T1000,1118A,121.9762,39.0631,大连市,双D港,,30,30,43,17,28,74,,51,51,13,20,12,10,0.7,0.9
2023-12-25T1000,1789A,124.81117,46.03138,大庆市,大同区,细颗粒物(PM2.5),110,96,66,83,56,32,,31,30,23,22,10,11,0.9,0.7
2023-12-25T1000,1790A,125.129,46.533,大庆市,龙凤区,细颗粒物(PM2.5),62,61,62,44,42,32,,27,27,24,36,5,8,0.7,0.7
2023-12-25T1000,1791A,124.902,46.408,大庆市,红岗区,颗粒物(PM10),52,54,49,34,31,30,,23,23,27,27,8,7,0.6,0.6
2023-12-25T1000,1792A,125.153,46.586,大庆市,萨尔图区,细颗粒物(PM2.5),79,89,70,58,53,26,,29,29,34,42,8,9,0.6,0.6
2023-12-25T1000,1793A,124.9042,46.6215,大庆市,让胡路区,颗粒物(PM10),54,58,54,33,29,12,,9,9,46,38,8,5,0.8,0.6
2023-12-25T1000,3481A,125.141,46.634,大庆市,萨区政府监测点,细颗粒物(PM2.5),65,56,50,47,43,22,,24,24,31,36,10,9,0.9,0.8
2023-12-25T1000,1721A,113.3819,40.1097,大同市,果树场,,,,,,,,,,,,,,,,
2023-12-25T1000,1723A,113.2994,40.0758,大同市,云冈宾馆,,,115,77,74,47,15,,6,6,58,56,,17,2.4,1.4
2023-12-25T1000,1724A,113.3444,40.0917,大同市,大同大学,细颗粒物(PM2.5),82,106,78,60,44,20,,16,16,52,51,51,25,1.4,1.2
2023-12-25T1000,1725A,113.2661,40.1269,大同市,安家小村,细颗粒物(PM2.5),109,158,88,82,46,14,,9,9,62,54,32,22,3.8,1.6
2023-12-25T1000,1726A,113.2711,40.0844,大同市,教育学院,细颗粒物(PM2.5),117,161,94,88,48,,,6,6,62,59,28,17,4.2,2.3
2023-12-25T1000,3282A,113.3397,40.0597,大同市,大同市卫生学校,细颗粒物(PM2.5),74,77,68,54,47,22,,15,15,52,59,62,23,1.3,0.9
2023-12-25T1000,3565A,113.1367,40.1122,大同市,云冈站,颗粒物(PM10),89,127,66,65,34,14,,7,7,56,45,92,34,1.2,0.7
2023-12-25T1000,3566A,113.1186,40.2556,大同市,图书馆,细颗粒物(PM2.5),192,154,83,144,64,25,,10,10,41,42,31,21,1.6,0.9
2023-12-25T1000,3567A,113.5931,40.0461,大同市,区一中,细颗粒物(PM2.5),165,199,83,125,40,19,,12,12,61,57,64,36,2.5,1.1
2023-12-25T1000,3676A,113.2802,40.0995,大同市,第二人民医院,细颗粒物(PM2.5),135,163,100,103,51,19,,10,10,60,55,41,21,5.1,1.9
2023-12-25T1000,2269A,124.1069,50.4097,大兴安岭地区,科技局,,35,35,17,24,15,41,,51,49,15,6,8,4,0.6,0.4
2023-12-25T1000,3663A,124.1164,50.4278,大兴安岭地区,红旗社区,,17,12,26,7,16,52,,56,55,13,19,4,9,0.3,0.4
2023-12-25T1000,1600A,124.3303,40.0625,丹东市,江湾东路,细颗粒物(PM2.5),112,90,85,84,78,36,,27,27,45,49,41,26,2.2,2.1
2023-12-25T1000,1601A,124.4256,40.1503,丹东市,临江后街,细颗粒物(PM2.5),122,108,82,92,67,33,,31,28,,43,29,19,1.9,1.9
2023-12-25T1000,1602A,124.3933,40.1461,丹东市,元宝山,细颗粒物(PM2.5),198,158,84,148,74,18,,11,11,65,50,37,19,2.4,1.8
2023-12-25T1000,1603A,124.3633,40.1092,丹东市,民主桥,细颗粒物(PM2.5),87,81,80,64,61,34,,23,22,45,49,22,17,1.3,1.4
2023-12-25T1000,3541A,109.5726,19.5167,儋州市,第一中学子站,颗粒物(PM10),51,52,51,30,29,61,,76,69,17,14,8,7,0.7,0.7
2023-12-25T1000,3542A,109.5567,19.5187,儋州市,东坡学校子站,,48,48,50,30,30,61,,74,71,16,13,8,7,0.7,0.7
2023-12-25T1000,2616A,98.5842,24.428,德宏州,德宏州监测站,,49,49,35,34,22,7,,14,9,23,18,14,14,0.6,0.5
2023-12-25T1000,3677A,98.5881,24.4368,德宏州,芒市人民政府综合楼,,43,34,33,30,22,5,,14,10,23,16,9,10,0.9,0.6
2023-12-25T1000,1901A,104.4239,31.1208,德阳市,东山公园,细颗粒物(PM2.5),73,83,70,53,52,20,,40,32,41,30,1,2,0.8,0.6
2023-12-25T1000,1902A,104.3826,31.1317,德阳市,西小区,细颗粒物(PM2.5),99,96,90,74,72,4,,2,2,49,50,2,2,1.2,1
2023-12-25T1000,1904A,104.3553,31.1091,德阳市,耐火材料厂,细颗粒物(PM2.5),94,123,92,70,69,6,,4,4,47,41,2,2,1.1,0.8
2023-12-25T1000,3639A,104.4019,31.1244,德阳市,市教育局,细颗粒物(PM2.5),80,79,73,59,58,8,,2,2,53,52,1,2,1.0,0.9
2023-12-25T1000,1622A,116.3032,37.4674,德州市,儿童乐园,细颗粒物(PM2.5),156,173,158,119,118,25,,15,14,63,71,16,18,1.4,1.4
2023-12-25T1000,1624A,116.2991,37.4451,德州市,监理站,细颗粒物(PM2.5),192,175,162,144,129,30,,15,15,71,81,14,16,1.4,1.4
2023-12-25T1000,3066A,116.2721,37.4379,德州市,九衢泉纯净水厂,细颗粒物(PM2.5),205,199,168,155,130,21,,10,9,79,86,13,16,1.6,1.5
2023-12-25T1000,3371A,116.3728,37.4403,德州市,开发区人民医院,细颗粒物(PM2.5),134,156,168,102,119,27,,9,9,57,71,11,12,1.3,1.4
2023-12-25T1000,3372A,116.3572,37.4094,德州市,太阳城中学,细颗粒物(PM2.5),200,189,166,150,136,14,,5,5,71,78,13,14,1.6,1.5
2023-12-25T1000,3511A,116.5652,37.3319,德州市,陵城艺术中心,细颗粒物(PM2.5),156,168,170,119,124,38,,13,13,36,58,23,12,1.5,1.3
2023-12-25T1000,2621A,99.7056,27.8317,迪庆州,迪庆州站,,45,41,25,31,16,46,,49,43,25,15,10,8,1.1,0.7
2023-12-25T1000,3180A,99.7136,27.8094,迪庆州,质量技术监督局,,,,51,,38,,,43,,,21,,8,,0.9
2023-12-25T1000,2663A,104.6241,35.5734,定西市,东关小学,细颗粒物(PM2.5),123,150,86,93,46,12,,8,8,35,26,40,17,1.8,0.9
2023-12-25T1000,2664A,104.6194,35.5934,定西市,供电公司,细颗粒物(PM2.5),105,147,90,79,54,13,,9,9,40,33,36,22,1.6,1.2
2023-12-25T1000,1389A,113.7547,23.0494,东莞市,莞城梨川,,36,36,32,20,20,59,,63,57,33,24,10,10,0.7,0.6
2023-12-25T1000,1390A,113.7944,23.0128,东莞市,东城石井,,45,45,33,24,21,57,,57,57,26,22,12,10,0.5,0.5
2023-12-25T1000,1391A,113.7383,22.9658,东莞市,南城西平,,44,44,38,20,19,63,,36,36,26,41,10,9,0.6,0.6
2023-12-25T1000,3319A,113.7338,23.0381,东莞市,万江金泰,,41,41,34,21,19,55,,56,51,26,20,12,11,0.6,0.6
2023-12-25T1000,3626A,113.7533,23.0202,东莞市,南城元岭,,49,49,36,30,24,49,,53,48,34,22,8,6,0.8,0.6
2023-12-25T1000,3627A,113.7875,23.0457,东莞市,东城主山,,45,45,36,26,21,45,,42,39,43,29,12,10,0.7,0.6
2023-12-25T1000,1666A,118.6614,37.4309,东营市,市环保局,细颗粒物(PM2.5),156,163,122,119,89,27,,14,14,67,68,52,23,1.4,1.1
2023-12-25T1000,3036A,118.6904,37.4338,东营市,开发区管委会,细颗粒物(PM2.5),149,156,121,114,92,32,,16,16,70,72,,18,1.2,1
2023-12-25T1000,3365A,118.5719,37.565,东营市,垦利区民丰路,细颗粒物(PM2.5),199,205,145,149,102,18,,8,8,78,81,40,59,1.9,1.3
2023-12-25T1000,3498A,118.5055,37.8612,东营市,河口城区,细颗粒物(PM2.5),192,185,160,144,119,31,,12,12,57,70,14,8,1.4,1.3
2023-12-25T1000,3646A,118.4978,37.4623,东营市,胜利站,细颗粒物(PM2.5),175,182,139,132,101,42,,19,19,116,78,29,20,1.4,1.1
2023-12-25T1000,3734A,118.35,37.26,东营市,理想之城,细颗粒物(PM2.5),149,175,131,114,85,27,,12,12,79,74,41,17,1.3,1.1
2023-12-25T1000,1591A,110.0023,39.8129,鄂尔多斯市,综合楼,细颗粒物(PM2.5),62,68,51,44,32,43,,28,28,39,50,24,16,0.7,0.6
2023-12-25T1000,1592A,109.9486,39.8261,鄂尔多斯市,巴音孟克林场办事处,颗粒物(PM10),58,66,42,36,29,35,,38,37,43,34,26,14,0.7,0.7
2023-12-25T1000,1593A,109.7736,39.5986,鄂尔多斯市,康泽苑,细颗粒物(PM2.5),83,80,48,61,39,20,,34,28,49,40,10,8,1.1,0.8
2023-12-25T1000,1594A,109.8119,39.5989,鄂尔多斯市,华泰汽车城,细颗粒物(PM2.5),62,66,52,44,36,14,,6,6,48,55,9,11,1.1,0.9
2023-12-25T1000,1595A,109.9734,39.7884,鄂尔多斯市,奥林花园,"颗粒物(PM10),细颗粒物(PM2.5)",67,83,66,48,36,32,,12,12,43,59,15,12,1.2,1.1
2023-12-25T1000,2436A,114.8938,30.3994,鄂州市,市政府,细颗粒物(PM2.5),95,115,100,71,61,16,,4,4,49,54,24,14,0.9,1.2
2023-12-25T1000,2437A,114.8989,30.3714,鄂州市,赵家坝,细颗粒物(PM2.5),95,110,97,71,55,20,,7,7,52,58,20,14,0.8,0.9
2023-12-25T1000,3654A,114.8094,30.4089,鄂州市,精准医疗中心,"颗粒物(PM10),细颗粒物(PM2.5)",112,174,129,84,62,19,,6,6,58,50,65,14,1.9,0.8
2023-12-25T1000,2499A,108.3411,21.6158,防城港市,沙万,,39,34,46,27,31,72,,76,74,18,17,10,7,0.3,0.3
2023-12-25T1000,2500A,108.3514,21.7731,防城港市,防城档案局,细颗粒物(PM2.5),60,59,80,43,35,68,,63,63,24,29,10,8,0.5,0.5
2023-12-25T1000,2501A,108.3506,21.6414,防城港市,大海花园,,40,40,42,23,29,72,,78,76,18,16,10,7,0.5,0.5
2023-12-25T1000,1371A,113.1294,23.0067,佛山市,湾梁,颗粒物(PM10),52,53,39,18,20,44,,41,39,32,24,10,10,0.6,0.6
2023-12-25T1000,1372A,113.1083,23.0478,佛山市,华材职中,颗粒物(PM10),56,61,46,25,27,39,,27,27,51,43,6,7,0.6,0.6
2023-12-25T1000,1373A,113.144,23.0453,佛山市,南海气象局,,46,46,36,23,26,41,,32,32,41,34,5,6,0.5,0.4
2023-12-25T1000,1374A,113.2881,22.8094,佛山市,顺德苏岗,,42,42,32,17,18,50,,44,42,30,31,10,9,0.6,0.6
2023-12-25T1000,1376A,112.8383,22.8678,佛山市,高明孔堂,,47,47,42,20,25,56,,50,49,26,25,16,13,0.5,0.5
2023-12-25T1000,1377A,112.8836,23.1588,佛山市,三水监测站,颗粒物(PM10),52,53,50,28,35,52,,38,38,46,35,12,8,0.5,0.4
2023-12-25T1000,1378A,112.867,23.185,佛山市,三水云东海,颗粒物(PM10),51,51,35,25,24,56,,38,38,26,26,10,6,0.6,0.6
2023-12-25T1000,3625A,113.2544,22.7642,佛山市,容桂街道办,,,44,44,17,20,52,,50,49,30,32,8,6,,0.5
2023-12-25T1000,1280A,119.3903,26.0543,福州市,鼓山,,,,,,,,,,,,,,,,
2023-12-25T1000,1282A,119.2681,26.0504,福州市,师大,,49,42,41,34,24,49,,33,32,22,28,9,6,0.5,0.4
2023-12-25T1000,1283A,119.2984,26.1028,福州市,五四北路,,48,42,38,33,27,51,,44,40,25,26,8,4,0.8,0.7
2023-12-25T1000,1284A,119.2648,26.0768,福州市,杨桥西路,,46,46,41,28,24,43,,38,33,23,22,6,5,0.6,0.5
2023-12-25T1000,1285A,119.317,26.0746,福州市,紫阳,颗粒物(PM10),52,54,45,34,26,56,,47,44,23,28,11,7,0.7,0.6
2023-12-25T1000,3048A,119.5799,26.0936,福州市,九龙,颗粒物(PM10),54,57,35,34,22,53,,46,46,25,18,12,5,0.8,0.5
2023-12-25T1000,3526A,119.5189,25.9664,福州市,吴航,颗粒物(PM10),54,57,39,30,24,64,,56,55,19,17,10,6,0.6,0.5
2023-12-25T1000,1755A,123.7977,41.8491,抚顺市,望花区,细颗粒物(PM2.5),170,164,142,129,116,17,,11,11,57,58,10,19,2.2,2.3
2023-12-25T1000,1756A,123.9161,41.8822,抚顺市,顺城区,细颗粒物(PM2.5),178,146,161,134,133,18,,7,7,52,65,10,13,2.0,2.3
2023-12-25T1000,1757A,124.0436,41.8611,抚顺市,东洲区,细颗粒物(PM2.5),119,111,126,90,102,41,,20,20,26,53,15,18,1.4,2
2023-12-25T1000,1758A,123.9247,41.8642,抚顺市,新抚区,细颗粒物(PM2.5),173,135,144,131,126,24,,12,12,48,66,14,16,1.9,2.3
2023-12-25T1000,1759A,124.0972,41.8961,抚顺市,大伙房水库,细颗粒物(PM2.5),122,112,112,92,89,35,,11,11,25,49,10,11,1.5,1.9
2023-12-25T1000,1760A,123.7086,41.8391,抚顺市,沈抚新城,细颗粒物(PM2.5),273,283,156,223,108,22,,17,17,75,64,4,11,2.8,1.9
2023-12-25T1000,2376A,116.2127,28.0814,抚州市,桐源党溪,细颗粒物(PM2.5),63,61,51,45,26,14,,8,8,28,23,7,3,0.9,0.8
2023-12-25T1000,2377A,116.3544,27.9831,抚州市,市站,颗粒物(PM10),58,66,65,33,32,23,,16,16,36,37,10,7,1.2,0.8
2023-12-25T1000,2378A,116.3565,27.963,抚州市,血防站,颗粒物(PM10),61,72,65,36,31,23,,18,18,33,32,7,8,1.0,0.9
2023-12-25T1000,2379A,116.3564,28.0007,抚州市,采茶剧团,颗粒物(PM10),58,65,60,36,34,23,,7,7,32,30,6,4,0.8,0.7
2023-12-25T1000,2380A,116.385,27.9647,抚州市,医学分院,颗粒物(PM10),56,62,64,25,28,31,,17,17,26,28,12,10,1.0,0.8
2023-12-25T1000,2207A,121.6094,41.998,阜新市,工业园区,细颗粒物(PM2.5),269,320,230,219,119,13,,4,4,56,57,28,32,2.0,2.2
2023-12-25T1000,2208A,121.6697,42.0279,阜新市,长青街,细颗粒物(PM2.5),153,158,141,117,95,22,,5,5,40,53,72,21,1.5,1.6
2023-12-25T1000,2209A,121.6673,42.0705,阜新市,农业园区,细颗粒物(PM2.5),107,90,86,80,65,46,,45,45,25,26,114,31,1.3,0.9
2023-12-25T1000,2210A,121.6717,42.0224,阜新市,东苑,细颗粒物(PM2.5),165,148,127,125,107,21,,10,10,49,55,58,29,1.7,1.8
2023-12-25T1000,2211A,121.6506,42.0498,阜新市,玉龙新城,细颗粒物(PM2.5),132,136,113,100,83,23,,12,12,52,57,47,19,1.4,1.5
2023-12-25T1000,2301A,115.8277,32.8929,阜阳市,市监测站,细颗粒物(PM2.5),100,146,116,75,78,21,,25,20,54,38,7,7,0.9,0.7
2023-12-25T1000,2303A,115.8554,32.8605,阜阳市,开发区,颗粒物(PM10),106,161,151,74,77,22,,22,20,54,46,10,9,0.8,0.7
2023-12-25T1000,2875A,115.784,32.8892,阜阳市,阜阳职业技术学院,细颗粒物(PM2.5),102,146,114,76,71,14,,41,31,65,39,6,7,1.3,0.9
2023-12-25T1000,3468A,115.7901,32.8613,阜阳市,市规划展馆,细颗粒物(PM2.5),90,118,123,67,75,34,,32,29,33,30,5,7,0.7,0.6
2023-12-25T1000,3469A,115.836,32.9183,阜阳市,枣园社区,细颗粒物(PM2.5),100,136,121,75,74,18,,34,26,65,44,4,4,1.1,0.7
2023-12-25T1000,2669A,102.9099,34.9841,甘南州,州政府,细颗粒物(PM2.5),90,111,62,67,38,10,,2,2,37,38,21,16,1.7,0.7
2023-12-25T1000,3380A,102.8914,34.9617,甘南州,甘肃民族师范学院,颗粒物(PM10),72,94,49,40,22,10,,2,2,40,38,16,12,1.3,0.6
2023-12-25T1000,2570A,101.9603,30.0475,甘孜藏族自治州,水桥子,,,61,29,,15,8,,22,18,43,27,10,9,0.7,0.4
2023-12-25T1000,3065A,101.9533,29.9972,甘孜藏族自治州,州环保局,,38,38,25,12,8,23,,51,44,37,15,8,8,0.4,0.3
2023-12-25T1000,3414A,115.8347,28.932,赣江新区,桑海产业园,,,92,81,30,34,,,14,10,43,46,,5,,0.6
2023-12-25T1000,2362A,114.9017,25.9149,赣州市,通天岩,,,,,,,,,,,,,,,,
2023-12-25T1000,2363A,114.9367,25.8664,赣州市,地委,颗粒物(PM10),67,84,62,40,38,22,,10,10,36,34,12,11,1.1,1.1
2023-12-25T1000,2364A,114.9461,25.8481,赣州市,气象台,颗粒物(PM10),62,73,59,36,34,19,,6,6,50,44,16,12,1.1,0.8
2023-12-25T1000,2365A,114.9322,25.8333,赣州市,市图书馆,颗粒物(PM10),80,110,62,37,26,14,,4,4,37,35,18,14,1.0,0.8
2023-12-25T1000,2366A,114.8905,25.8471,赣州市,华坚鞋城,颗粒物(PM10),68,86,63,48,35,19,,16,8,46,31,31,25,1.3,1.1
2023-12-25T1000,3109A,115.0093,25.8613,赣州市,赣县区卫计委,细颗粒物(PM2.5),69,79,58,50,37,22,,10,10,36,34,13,7,1.1,0.9
2023-12-25T1000,2683A,106.2319,36.1417,固原市,马园,颗粒物(PM10),55,59,65,34,27,19,,20,20,56,38,9,6,1.4,1
2023-12-25T1000,2684A,106.2792,36.0022,固原市,监测站,,,67,56,36,39,,,17,17,49,40,12,10,1.2,1.4
2023-12-25T1000,2685A,106.2375,36.0211,固原市,新区,颗粒物(PM10),77,103,64,33,32,17,,8,8,52,41,5,4,1.7,1.3
2023-12-25T1000,3522A,106.2177,35.9959,固原市,原州区十五小,,45,45,45,24,23,42,,46,43,37,31,6,6,0.8,0.7
2023-12-25T1000,2543A,106.6308,30.5278,广安市,小平旧居,,,,,,,,,,,,,,,,
2023-12-25T1000,2544A,106.6303,30.4576,广安市,市委,细颗粒物(PM2.5),79,86,115,58,96,16,,15,15,23,30,8,10,0.9,0.9
2023-12-25T1000,2545A,106.6271,30.4663,广安市,友谊中学,细颗粒物(PM2.5),88,84,97,65,88,15,,13,13,26,33,6,7,1.0,1
2023-12-25T1000,2547A,106.6388,30.4551,广安市,广电花园,细颗粒物(PM2.5),88,72,101,65,94,11,,8,8,25,33,8,9,1.0,1.1
2023-12-25T1000,2902A,106.6351,30.4865,广安市,北辰小学,细颗粒物(PM2.5),82,92,104,60,88,14,,10,9,26,27,5,5,1.1,1
2023-12-25T1000,2523A,105.8945,32.4535,广元市,黑石坡,细颗粒物(PM2.5),59,57,40,42,40,32,,58,50,24,19,6,6,0.7,0.6
2023-12-25T1000,2524A,105.821,32.4444,广元市,老城,颗粒物(PM10),67,83,75,43,45,5,,3,3,38,47,2,4,0.7,0.7
2023-12-25T1000,2526A,105.8628,32.4287,广元市,监测站,细颗粒物(PM2.5),67,75,61,48,40,11,,23,20,38,35,3,3,1.2,0.7
2023-12-25T1000,3617A,105.8047,32.4166,广元市,经开区,细颗粒物(PM2.5),89,93,74,66,48,5,,6,5,45,41,6,10,1.1,0.9
2023-12-25T1000,1345A,113.2347,23.1423,广州市,广雅中学,颗粒物(PM10),51,51,50,22,24,49,,36,36,38,50,6,6,0.5,0.5
2023-12-25T1000,1346A,113.2612,23.105,广州市,市五中,,41,41,39,22,24,61,,58,58,24,28,9,9,0.5,0.5
2023-12-25T1000,1348A,113.3478,23.0916,广州市,广东商学院,,36,36,35,17,20,60,,66,62,25,25,7,7,0.3,0.2
2023-12-25T1000,1349A,113.4332,23.1047,广州市,市八十六中,,46,46,38,22,22,55,,48,47,28,25,6,6,0.5,0.5
2023-12-25T1000,1350A,113.3505,22.9483,广州市,番禺中学,,41,41,38,20,23,62,,58,56,32,31,5,4,0.5,0.5
2023-12-25T1000,1351A,113.2146,23.3916,广州市,花都师范,,37,37,30,16,18,70,,74,73,18,17,6,8,0.4,0.4
2023-12-25T1000,1352A,113.2597,23.1331,广州市,市监测站,,46,46,44,19,22,66,,49,49,26,41,6,6,0.6,0.6
2023-12-25T1000,1353A,113.5618,23.312,广州市,九龙镇镇龙,,34,34,32,20,21,61,,47,45,17,18,6,6,0.5,0.5
2023-12-25T1000,1354A,113.2765,23.1544,广州市,麓湖,,37,37,35,20,22,64,,54,54,24,29,7,7,0.4,0.5
2023-12-25T1000,1355A,113.443,23.3035,广州市,帽峰山森林公园,,37,37,34,15,18,72,,77,75,16,11,9,10,0.5,0.5
2023-12-25T1000,2846A,113.3221,23.1322,广州市,体育西,,36,36,34,20,22,63,,62,60,14,18,9,9,0.6,0.6
2023-12-25T1000,3298A,113.5717,23.5491,广州市,从化街口,,44,44,32,23,22,59,,72,68,27,15,6,7,0.5,0.5
2023-12-25T1000,3299A,113.3472,23.3692,广州市,白云竹料,,43,43,31,22,19,63,,56,56,28,24,7,7,0.8,0.7
2023-12-25T1000,3300A,113.2981,23.237,广州市,白云嘉禾,颗粒物(PM10),54,57,51,23,23,52,,35,35,42,49,8,8,0.4,0.4
2023-12-25T1000,3301A,113.4256,23.1716,广州市,黄埔科学城,,38,38,33,20,21,64,,65,63,20,17,6,6,0.5,0.5
2023-12-25T1000,3302A,113.3942,23.0483,广州市,番禺大学城,,33,33,35,18,19,64,,49,49,24,31,6,6,0.4,0.4
2023-12-25T1000,3303A,113.4922,22.8168,广州市,南沙黄阁,颗粒物(PM10),61,71,51,25,24,59,,58,56,33,33,14,10,0.6,0.6
2023-12-25T1000,3304A,113.5342,22.7896,广州市,南沙街,,49,49,45,23,22,52,,53,51,36,32,6,7,0.7,0.6
2023-12-25T1000,3443A,113.2902,23.5544,广州市,花都梯面,,30,30,28,16,18,80,,73,72,12,16,6,8,0.3,0.3
2023-12-25T1000,3445A,113.7858,23.7478,广州市,从化良口,,26,26,24,15,17,69,,63,63,12,10,8,7,0.4,0.4
2023-12-25T1000,3446A,113.8051,23.2614,广州市,增城荔城,,35,35,30,16,19,75,,75,73,10,12,8,9,0.6,0.6
2023-12-25T1000,2505A,109.568,23.1478,贵港市,德智高中,细颗粒物(PM2.5),58,41,39,41,32,72,,82,76,21,16,9,8,0.7,0.7
2023-12-25T1000,2506A,109.6047,23.0666,贵港市,江南子站,颗粒物(PM10),65,80,60,45,36,57,,44,37,34,24,21,10,1.2,0.9
2023-12-25T1000,2507A,109.6014,23.0948,贵港市,贵城子站,,,,45,48,40,,,57,49,30,20,,11,0.8,0.8
2023-12-25T1000,2508A,109.5669,23.1065,贵港市,荷城子站,,,61,51,34,30,60,,72,64,24,15,17,11,,1.2
2023-12-25T1000,3405A,109.5886,23.1172,贵港市,新世纪学校,颗粒物(PM10),59,68,55,41,34,60,,73,66,23,13,16,8,0.7,0.6
2023-12-25T1000,1439A,106.6899,26.5998,贵阳市,马鞍山,细颗粒物(PM2.5),100,100,84,75,69,4,,1,1,30,27,12,11,1.1,0.9
2023-12-25T1000,1440A,106.6971,26.5694,贵阳市,市环保站,细颗粒物(PM2.5),110,107,98,83,81,16,,8,8,49,42,19,20,0.8,0.7
2023-12-25T1000,1441A,106.6243,26.6266,贵阳市,鉴湖路,细颗粒物(PM2.5),83,95,91,61,66,19,,7,7,51,40,9,10,1.0,0.8
2023-12-25T1000,1442A,106.7487,26.6343,贵阳市,燕子冲,细颗粒物(PM2.5),122,134,89,92,72,10,,6,6,32,30,17,7,1.2,0.8
2023-12-25T1000,1443A,106.6555,26.4365,贵阳市,碧云窝,细颗粒物(PM2.5),117,129,110,88,74,17,,8,8,40,33,29,22,1.2,0.9
2023-12-25T1000,1444A,106.694,26.5161,贵阳市,中院村,细颗粒物(PM2.5),110,117,106,83,80,15,,8,8,43,39,30,33,1.1,1
2023-12-25T1000,1445A,106.7109,26.6027,贵阳市,红边门,细颗粒物(PM2.5),107,97,96,80,75,16,,5,5,37,37,23,32,1.0,0.9
2023-12-25T1000,1446A,106.7164,26.5699,贵阳市,新华路,细颗粒物(PM2.5),98,100,99,73,78,20,,9,9,38,37,12,15,1.0,0.8
2023-12-25T1000,1447A,106.674,26.5424,贵阳市,太慈桥,细颗粒物(PM2.5),100,105,86,75,66,10,,8,8,40,35,9,7,1.2,0.8
2023-12-25T1000,1552A,106.805,26.3003,贵阳市,桐木岭,,,,,,,,,,,,,,,,
2023-12-25T1000,1862A,110.4144,25.3167,桂林市,电子科大尧山校区,,49,49,40,34,29,82,,75,71,10,10,17,14,0.4,0.4
2023-12-25T1000,1863A,110.2819,25.2697,桂林市,监测站,颗粒物(PM10),62,74,50,43,34,70,,72,63,28,23,33,13,0.6,0.4
2023-12-25T1000,1864A,110.3089,25.2708,桂林市,龙隐路小学,细颗粒物(PM2.5),63,71,43,45,37,74,,74,67,29,22,38,17,0.7,0.6
2023-12-25T1000,1865A,110.2869,25.2178,桂林市,八中,细颗粒物(PM2.5),70,76,47,51,38,58,,62,52,33,25,22,13,0.7,0.5
2023-12-25T1000,3403A,110.1764,25.2381,桂林市,创业大厦,细颗粒物(PM2.5),89,90,51,66,43,30,,58,43,44,20,57,27,0.6,0.4
2023-12-25T1000,3531A,110.296,25.1253,桂林市,旅游学院,细颗粒物(PM2.5),73,73,47,53,35,55,,54,44,28,21,33,14,0.8,0.7
2023-12-25T1000,2674A,100.2561,34.4714,果洛藏族自治州,玛沁县大武镇,,29,29,29,12,12,19,,24,23,18,17,14,13,0.4,0.5
2023-12-25T1000,1129A,126.5422,45.755,哈尔滨市,岭北,细颗粒物(PM2.5),123,120,75,93,61,120,,110,110,39,37,27,15,0.3,0.3
2023-12-25T1000,1130A,126.561,45.8167,哈尔滨市,松北商大,细颗粒物(PM2.5),113,106,70,85,48,32,,33,29,46,36,15,7,1.0,0.7
2023-12-25T1000,1131A,126.979,45.5419,哈尔滨市,阿城会宁,细颗粒物(PM2.5),89,79,76,66,65,55,,47,47,22,30,16,14,0.8,0.8
2023-12-25T1000,1132A,126.599,45.7222,哈尔滨市,南岗学府路,,,,91,,60,23,,17,17,,44,,11,1.3,1
2023-12-25T1000,1133A,126.689,45.7733,哈尔滨市,太平宏伟公园,细颗粒物(PM2.5),128,124,77,97,53,28,,18,18,44,40,21,13,1.0,0.7
2023-12-25T1000,1134A,126.635,45.7667,哈尔滨市,道外承德广场,细颗粒物(PM2.5),118,110,72,89,49,24,,17,17,53,45,27,15,1.5,0.9
2023-12-25T1000,1135A,126.685,45.7319,哈尔滨市,香坊红旗大街,细颗粒物(PM2.5),147,123,77,112,66,32,,16,16,45,48,22,18,1.2,0.9
2023-12-25T1000,1136A,126.6411,45.7258,哈尔滨市,动力和平路,细颗粒物(PM2.5),163,145,81,124,59,17,,12,12,56,48,35,19,1.3,0.8
2023-12-25T1000,1137A,126.593,45.7478,哈尔滨市,道里建国路,细颗粒物(PM2.5),102,97,77,76,61,25,,18,17,43,39,33,16,1.9,0.6
2023-12-25T1000,1138A,126.615,45.61,哈尔滨市,平房东轻厂,细颗粒物(PM2.5),114,108,77,86,57,46,,39,39,29,39,14,8,1.3,1
2023-12-25T1000,1139A,126.595,45.9855,哈尔滨市,呼兰师专,细颗粒物(PM2.5),133,121,72,101,53,22,,34,30,57,33,20,8,1.4,0.8
2023-12-25T1000,1140A,126.6206,45.6842,哈尔滨市,省农科院,细颗粒物(PM2.5),132,139,89,100,68,19,,8,8,56,54,26,20,1.2,1
2023-12-25T1000,2688A,93.5128,42.8172,哈密地区,地区监测站,颗粒物(PM10),105,159,113,34,33,27,,38,38,38,36,3,7,0.5,0.5
2023-12-25T1000,2689A,93.4961,42.8328,哈密地区,哈密师范学校,颗粒物(PM10),102,153,122,41,39,21,,27,27,41,45,6,14,0.8,0.7
2023-12-25T1000,2671A,100.9048,36.9639,海北藏族自治州,海晏县西海镇,,17,17,18,8,9,49,,56,55,12,7,12,12,0.4,0.4
2023-12-25T1000,3867A,102.0738,36.5056,海东地区,平安区公安北苑,细颗粒物(PM2.5),80,84,68,59,47,10,,14,12,49,35,43,24,2.2,1.2
2023-12-25T1000,1409A,110.576,19.9507,海口市,东寨港,,,,,,,,,,,,,,,,
2023-12-25T1000,1410A,110.3232,20.0574,海口市,海南大学,,40,40,48,15,27,81,,72,70,10,11,9,11,0.4,0.5
2023-12-25T1000,1411A,110.283,20.0053,海口市,秀英海南医院,,43,43,48,17,28,75,,70,66,18,18,11,12,0.4,0.5
2023-12-25T1000,1412A,110.338,19.9969,海口市,海南师范大学,,38,38,47,16,26,76,,73,71,14,14,9,10,0.4,0.4
2023-12-25T1000,1413A,110.33,20.0356,海口市,龙华路环保局宿舍,,38,38,46,16,27,79,,72,70,14,15,10,11,0.4,0.4
2023-12-25T1000,3539A,110.5111,19.9736,海口市,桂林洋子站,,34,34,40,15,22,78,,78,77,13,14,8,8,0.3,0.4
2023-12-25T1000,2673A,100.6188,36.2866,海南藏族自治州,共和县恰卜恰镇,颗粒物(PM10),56,61,28,19,11,21,,28,26,37,27,14,16,1.3,0.9
2023-12-25T1000,2676A,97.3731,37.3753,海西蒙古族藏族自治州,德令哈市,,32,32,25,9,11,21,,45,35,34,15,16,14,1.0,0.6
2023-12-25T1000,1048A,114.5302,36.6116,邯郸市,东污水处理厂,细颗粒物(PM2.5),195,157,132,146,117,5,,2,2,87,68,9,6,2.9,1.6
2023-12-25T1000,1049A,114.4918,36.5713,邯郸市,矿院,细颗粒物(PM2.5),168,150,128,127,113,7,,2,2,69,69,5,4,2.4,1.5
2023-12-25T1000,1050A,114.484,36.6133,邯郸市,丛台公园,,,,119,,99,,,38,,,65,,3,,1.4
2023-12-25T1000,3458A,114.7895,36.5593,邯郸市,香泉濮院小区,细颗粒物(PM2.5),224,212,147,174,118,27,,20,20,70,60,14,10,1.8,1.2
2023-12-25T1000,3579A,114.50634,36.77178,邯郸市,永年区实验高中,细颗粒物(PM2.5),165,158,131,125,98,9,,4,4,86,84,18,13,2.6,1.6
2023-12-25T1000,3580A,114.20016,36.44293,邯郸市,峰峰矿区临水派出所,颗粒物(PM10),57,63,78,25,54,44,,30,30,29,44,24,18,1.2,1.1
2023-12-25T1000,2634A,106.9893,33.1842,汉中市,汉川机床厂子校,细颗粒物(PM2.5),140,,70,107,56,29,,34,30,24,16,4,4,1.4,1.1
2023-12-25T1000,2635A,107.0154,33.0706,汉中市,市监测站,细颗粒物(PM2.5),129,113,121,98,103,12,,10,9,39,47,9,10,1.9,1.6
2023-12-25T1000,2636A,107.0089,33.1138,汉中市,鑫源开发区,细颗粒物(PM2.5),129,122,115,98,98,12,,17,13,32,41,12,12,1.6,1.5
2023-12-25T1000,2637A,107.007,33.0323,汉中市,南郑大河坎水厂,细颗粒物(PM2.5),144,129,121,110,97,12,,13,10,33,35,10,8,1.5,1.3
2023-12-25T1000,1223A,120.2072,30.2111,杭州市,滨江,颗粒物(PM10),74,98,89,50,44,16,,4,4,45,58,11,11,0.7,0.8
2023-12-25T1000,1224A,120.0633,30.2747,杭州市,西溪,颗粒物(PM10),66,81,61,42,34,13,,5,5,54,43,8,8,0.9,0.6
2023-12-25T1000,1226A,120.3461,30.3153,杭州市,下沙,颗粒物(PM10),75,99,91,51,52,18,,6,6,61,68,10,11,1.0,1
2023-12-25T1000,1227A,120.1269,30.2456,杭州市,卧龙桥,细颗粒物(PM2.5),64,71,65,46,38,20,,15,15,40,30,6,5,0.8,0.7
2023-12-25T1000,1228A,120.1903,30.2692,杭州市,浙江农大,颗粒物(PM10),67,83,73,44,42,21,,6,6,47,51,10,10,0.6,0.6
2023-12-25T1000,1230A,120.1197,30.3119,杭州市,和睦小学,颗粒物(PM10),66,82,77,46,42,15,,6,6,50,52,6,7,1.1,0.8
2023-12-25T1000,1231A,120.3019,30.4183,杭州市,临平镇,颗粒物(PM10),83,116,89,50,46,14,,10,7,61,52,8,8,1.0,0.7
2023-12-25T1000,1232A,120.2697,30.1819,杭州市,城厢镇,细颗粒物(PM2.5),87,112,96,64,58,16,,5,5,56,65,6,6,0.9,0.9
2023-12-25T1000,1233A,120.0883,30.1808,杭州市,云栖,颗粒物(PM10),66,82,64,40,33,16,,18,17,56,33,7,5,0.8,0.6
2023-12-25T1000,3557A,119.9464,30.0494,杭州市,镇二中,细颗粒物(PM2.5),63,68,66,45,44,13,,5,5,43,53,8,6,0.9,0.8
2023-12-25T1000,3558A,119.7183,30.2367,杭州市,市府大楼,细颗粒物(PM2.5),79,104,76,58,46,26,,24,22,50,39,7,5,1.0,0.8
2023-12-25T1000,3656A,120.1556,30.2864,杭州市,消防大队,颗粒物(PM10),66,82,75,46,40,23,,8,8,53,61,10,10,0.8,0.7
2023-12-25T1000,1270A,117.1959,31.7848,合肥市,明珠广场,颗粒物(PM10),80,110,97,58,49,10,,3,3,68,64,8,8,0.9,0.8
2023-12-25T1000,1271A,117.3072,31.8764,合肥市,三里街,颗粒物(PM10),89,127,113,51,54,10,,3,3,58,62,9,9,0.7,0.8
2023-12-25T1000,1272A,117.2588,31.8707,合肥市,琥珀山庄,颗粒物(PM10),78,105,99,53,56,15,,7,7,66,74,8,7,0.9,1.1
2023-12-25T1000,1273A,117.1604,31.9052,合肥市,董铺水库,颗粒物(PM10),64,78,82,36,37,13,,6,6,55,32,5,5,0.8,0.6
2023-12-25T1000,1274A,117.25,31.8571,合肥市,长江中路,颗粒物(PM10),75,100,94,53,52,15,,4,4,58,62,8,8,0.9,1
2023-12-25T1000,1275A,117.266,31.9436,合肥市,庐阳区,颗粒物(PM10),85,119,114,46,50,21,,7,7,56,59,10,11,0.8,0.7
2023-12-25T1000,1276A,117.336,31.8586,合肥市,瑶海区,颗粒物(PM10),85,119,110,53,57,16,,6,6,50,58,4,4,0.8,1
2023-12-25T1000,1277A,117.3027,31.7964,合肥市,包河区,细颗粒物(PM2.5),83,110,107,61,57,34,,12,12,49,73,6,11,0.7,0.8
2023-12-25T1000,1278A,117.2776,31.7385,合肥市,滨湖新区,颗粒物(PM10),70,90,94,44,44,48,,21,21,34,60,4,5,0.3,0.4
2023-12-25T1000,1279A,117.1318,31.8403,合肥市,高新区,颗粒物(PM10),74,97,86,45,44,13,,18,18,80,55,9,9,1.1,0.9
2023-12-25T1000,3464A,117.3803,31.9147,合肥市,高教基地,颗粒物(PM10),81,112,90,43,49,30,,9,9,55,52,6,4,0.6,0.6
2023-12-25T1000,3614A,79.924,37.0877,和田地区,地区环保局,颗粒物(PM10),193,335,361,71,93,68,,49,49,13,43,16,26,0.6,1.3
2023-12-25T1000,3615A,79.9131,37.113,和田地区,市环保局,颗粒物(PM10),235,374,318,107,102,22,,30,28,89,58,30,29,10.0,3.4
2023-12-25T1000,2516A,108.2011,24.715,河池市,东仁乐园,,41,41,30,25,26,18,,21,19,28,15,11,6,0.6,0.4
2023-12-25T1000,2517A,108.0497,24.6947,河池市,市环保站,,,41,46,24,34,20,,14,14,27,32,,7,0.7,0.7
2023-12-25T1000,2518A,108.0983,24.6989,河池市,市疾控中心,颗粒物(PM10),63,76,50,41,29,13,,7,7,42,35,11,8,0.8,0.6
2023-12-25T1000,1696A,114.6778,23.7569,河源市,源西,,40,40,32,20,20,55,,54,49,25,23,8,7,0.7,0.6
2023-12-25T1000,1697A,114.6944,23.7586,河源市,东埔,颗粒物(PM10),58,66,41,25,25,58,,56,54,22,19,11,10,0.6,0.5
2023-12-25T1000,1698A,114.6892,23.7233,河源市,老城,,44,44,38,24,24,60,,48,46,18,18,9,8,0.6,0.5
2023-12-25T1000,1718A,115.4208,35.2464,菏泽市,气象局,细颗粒物(PM2.5),140,187,120,107,75,20,,27,21,63,50,,5,1.3,0.8
2023-12-25T1000,1719A,115.4747,35.2375,菏泽市,市政协,细颗粒物(PM2.5),155,194,128,118,80,26,,15,15,53,55,7,6,1.2,1
2023-12-25T1000,3374A,115.5564,35.0891,菏泽市,定陶老年大学,细颗粒物(PM2.5),140,166,119,107,78,24,,11,11,61,60,6,5,0.9,0.8
2023-12-25T1000,3647A,115.4702,35.2706,菏泽市,菏泽医专,细颗粒物(PM2.5),147,185,120,112,72,32,,21,21,50,52,6,6,1.1,0.9
2023-12-25T1000,2514A,111.5264,24.4172,贺州市,环保小区,细颗粒物(PM2.5),77,83,61,56,39,32,,37,35,38,29,23,11,0.8,0.7
2023-12-25T1000,2515A,111.5608,24.4078,贺州市,政协大楼,"颗粒物(PM10),细颗粒物(PM2.5)",60,69,62,43,41,60,,30,30,23,28,50,12,0.7,0.6
2023-12-25T1000,3534A,111.4744,24.4553,贺州市,西湾,细颗粒物(PM2.5),82,98,61,60,43,39,,20,18,36,30,14,10,0.8,0.6
2023-12-25T1000,2385A,114.17,35.9019,鹤壁市,市监测站,细颗粒物(PM2.5),79,97,109,58,72,16,,13,13,54,57,4,6,1.5,0.9
2023-12-25T1000,2386A,114.2956,35.7511,鹤壁市,市交警支队,细颗粒物(PM2.5),89,114,134,66,87,10,,3,3,65,71,12,10,1.6,1.1
2023-12-25T1000,2387A,114.2878,35.7306,鹤壁市,迎宾馆,细颗粒物(PM2.5),88,90,107,65,80,8,,3,3,68,71,15,12,1.9,1.3
2023-12-25T1000,3474A,114.2617,35.6822,鹤壁市,大新区,,,84,110,56,87,,,4,4,59,68,9,9,1.2,1.3
2023-12-25T1000,3596A,114.1572,35.9603,鹤壁市,南山宾馆,细颗粒物(PM2.5),54,47,89,38,67,59,,48,48,23,41,10,11,1.2,1.2
2023-12-25T1000,2244A,130.2537,47.3416,鹤岗市,哈啤分公司,,,,68,,50,59,,54,54,,31,,18,0.4,0.6
2023-12-25T1000,2245A,130.2684,47.3086,鹤岗市,斯达机电,细颗粒物(PM2.5),58,53,79,41,51,51,,48,47,24,39,13,15,0.4,0.6
2023-12-25T1000,2246A,130.3114,47.3388,鹤岗市,东山纸板厂,,50,,126,35,76,56,,22,22,16,55,15,20,0.4,1.3
2023-12-25T1000,2247A,130.1097,47.3382,鹤岗市,五号水库,细颗粒物(PM2.5),63,51,55,45,42,66,,54,54,10,25,12,12,0.7,0.9
2023-12-25T1000,2263A,127.4833,50.2524,黑河市,交通局,"颗粒物(PM10),细颗粒物(PM2.5)",59,68,45,42,31,18,,38,31,34,19,7,6,1.1,0.6
2023-12-25T1000,2264A,127.5144,50.2341,黑河市,环保局,细颗粒物(PM2.5),120,106,62,91,48,18,,15,15,33,30,20,10,2.0,1
2023-12-25T1000,2265A,127.5291,50.2472,黑河市,大黑河岛,细颗粒物(PM2.5),123,98,61,93,52,9,,11,11,21,22,5,4,,1.1
2023-12-25T1000,1074A,115.6838,37.7541,衡水市,电机北厂,细颗粒物(PM2.5),205,177,122,155,105,22,,11,8,50,52,9,13,1.4,1.3
2023-12-25T1000,1075A,115.6303,37.7316,衡水市,市监测站,细颗粒物(PM2.5),204,176,142,154,113,16,,4,4,69,71,11,15,1.5,1.4
2023-12-25T1000,3188A,115.6683,37.7217,衡水市,市城管局,细颗粒物(PM2.5),223,183,135,173,116,17,,4,4,62,72,10,15,1.5,1.4
2023-12-25T1000,3459A,115.5989,37.5491,衡水市,地表水厂,细颗粒物(PM2.5),234,191,135,184,123,20,,7,7,67,80,10,17,1.7,1.6
2023-12-25T1000,2456A,112.5003,26.9167,衡阳市,原169医院,细颗粒物(PM2.5),73,84,73,53,53,19,,15,15,31,38,28,11,0.5,0.4
2023-12-25T1000,2457A,112.6194,26.9258,衡阳市,衡阳化工总厂,细颗粒物(PM2.5),85,94,87,63,58,13,,5,4,39,42,10,11,1.0,0.9
2023-12-25T1000,2458A,112.6211,26.8956,衡阳市,珠晖区环保局,细颗粒物(PM2.5),99,106,95,74,66,13,,5,5,40,49,13,12,1.2,1
2023-12-25T1000,2459A,112.6197,26.8733,衡阳市,市委党校,细颗粒物(PM2.5),113,129,116,85,75,10,,5,5,38,40,8,6,1.0,1.2
2023-12-25T1000,2460A,112.6006,26.8919,衡阳市,市监测站,细颗粒物(PM2.5),109,123,109,82,75,11,,4,4,47,46,15,12,1.4,1.5
2023-12-25T1000,2461A,112.5664,26.9056,衡阳市,真空机电公司,细颗粒物(PM2.5),89,95,84,66,57,12,,12,12,47,45,15,11,1.4,1.1
2023-12-25T1000,3399A,112.6703,26.882,衡阳市,师范学院,细颗粒物(PM2.5),109,113,97,82,68,16,,4,4,32,33,20,10,0.9,0.8
2023-12-25T1000,2608A,103.3772,23.3993,红河州,污水处理厂,细颗粒物(PM2.5),70,56,87,51,69,43,,32,32,18,20,13,18,0.6,0.7
2023-12-25T1000,2609A,103.3861,23.35,红河州,监测站,细颗粒物(PM2.5),72,,89,52,73,59,,54,53,13,22,5,29,0.6,0.8
2023-12-25T1000,3038A,103.3758,23.368,红河州,州图书馆,细颗粒物(PM2.5),70,,85,51,67,65,,45,45,13,20,8,23,0.5,0.7
2023-12-25T1000,1090A,111.6507,40.7517,呼和浩特市,呼市一监,细颗粒物(PM2.5),128,127,129,97,102,12,,6,6,58,59,18,16,2.1,1.3
2023-12-25T1000,1091A,111.6572,40.8033,呼和浩特市,小召,细颗粒物(PM2.5),87,97,113,64,79,6,,3,3,72,71,13,15,2.0,1.2
2023-12-25T1000,1094A,111.7516,40.8369,呼和浩特市,如意水处理厂,细颗粒物(PM2.5),127,118,107,96,82,16,,8,8,86,71,16,14,2.0,1.1
2023-12-25T1000,1095A,111.7276,40.8062,呼和浩特市,二十九中,细颗粒物(PM2.5),95,115,131,71,95,11,,6,6,64,64,14,16,1.4,1.1
2023-12-25T1000,1096A,111.5512,40.7866,呼和浩特市,工大金川校区,细颗粒物(PM2.5),92,101,120,68,82,7,,4,4,74,70,11,13,1.5,0.9
2023-12-25T1000,1097A,111.717,40.7612,呼和浩特市,化肥厂生活区,细颗粒物(PM2.5),107,119,143,80,89,12,,6,6,58,64,15,16,2.3,1.4
2023-12-25T1000,3698A,111.5968,40.8178,呼和浩特市,红旗小学,细颗粒物(PM2.5),127,146,118,96,91,13,,10,9,64,59,19,17,2.4,1.2
2023-12-25T1000,3699A,111.6518,40.8389,呼和浩特市,海东办,细颗粒物(PM2.5),114,117,112,86,82,5,,3,3,77,71,13,14,1.9,1.1
2023-12-25T1000,2192A,119.7594,49.2261,呼伦贝尔市,区环保局,,,23,18,12,14,63,,70,69,12,14,,4,0.3,0.3
2023-12-25T1000,3061A,119.7512,49.1577,呼伦贝尔市,国华电力东,,22,20,17,9,14,68,,72,71,7,6,6,5,0.3,0.2
2023-12-25T1000,1250A,120.0751,30.8669,湖州市,城西水厂,细颗粒物(PM2.5),83,105,89,61,52,14,,8,8,67,72,13,10,0.7,0.6
2023-12-25T1000,2873A,120.0875,30.8955,湖州市,仁皇山新区,细颗粒物(PM2.5),87,108,96,64,57,16,,5,5,69,56,22,13,0.8,0.8
2023-12-25T1000,2907A,120.1844,30.8596,湖州市,吴兴区站,细颗粒物(PM2.5),82,107,85,60,51,16,,6,6,69,61,10,11,0.6,0.6
2023-12-25T1000,3562A,120.4148,30.8538,湖州市,南浔区站,细颗粒物(PM2.5),98,127,97,73,62,18,,4,4,68,62,15,12,0.8,0.7
2023-12-25T1000,1607A,120.9092,40.7136,葫芦岛市,龙港区,细颗粒物(PM2.5),188,154,160,141,115,23,,9,9,66,68,54,65,1.8,1.5
2023-12-25T1000,1608A,120.8392,40.7514,葫芦岛市,化工街,细颗粒物(PM2.5),110,141,168,83,107,8,,5,5,80,65,27,44,2.3,1.9
2023-12-25T1000,1609A,120.8341,40.7073,葫芦岛市,新区,颗粒物(PM10),89,127,164,37,100,22,,8,8,67,80,16,51,1.5,1.8
2023-12-25T1000,1610A,120.8695,40.7677,葫芦岛市,东城区,细颗粒物(PM2.5),378,,137,328,109,22,,14,14,94,58,48,29,4.5,2.2
2023-12-25T1000,2482A,109.5981,27.5721,怀化市,林科所,细颗粒物(PM2.5),58,55,46,41,34,32,,30,27,4,4,10,4,1.1,0.9
2023-12-25T1000,2483A,109.9453,27.5444,怀化市,河西地税局,细颗粒物(PM2.5),67,,48,48,41,29,,13,13,14,23,5,4,0.6,0.6
2023-12-25T1000,2484A,109.9781,27.5342,怀化市,市四医院,细颗粒物(PM2.5),72,,40,52,42,19,,6,6,29,35,4,4,0.8,0.6
2023-12-25T1000,2485A,109.9972,27.5578,怀化市,监测楼,细颗粒物(PM2.5),79,,46,58,50,18,,10,10,34,29,7,5,0.9,0.5
2023-12-25T1000,2486A,110.0394,27.583,怀化市,市委党校,细颗粒物(PM2.5),117,126,75,88,58,8,,2,2,37,28,16,11,1.2,0.7
2023-12-25T1000,1210A,119.036,33.5981,淮安市,钵池山,细颗粒物(PM2.5),114,122,92,86,71,38,,16,16,40,46,11,10,0.9,0.8
2023-12-25T1000,1211A,119.007,33.575,淮安市,北京南路,细颗粒物(PM2.5),127,168,102,96,67,10,,2,2,70,55,11,9,1.2,1
2023-12-25T1000,1212A,118.989,33.6067,淮安市,市监测站,细颗粒物(PM2.5),128,141,99,97,72,37,,19,19,,43,9,9,,0.9
2023-12-25T1000,1213A,119.135,33.5039,淮安市,楚州区监测站,细颗粒物(PM2.5),118,151,96,89,61,12,,2,2,58,58,8,9,0.9,0.8
2023-12-25T1000,1214A,119.0186,33.6297,淮安市,淮阴区监测站,细颗粒物(PM2.5),112,149,110,84,65,29,,20,17,51,45,9,8,1.1,0.9
2023-12-25T1000,3426A,118.8755,33.2894,淮安市,新华书店,细颗粒物(PM2.5),142,133,92,108,69,26,,12,12,45,46,9,8,1.0,0.7
2023-12-25T1000,2282A,116.8004,33.975,淮北市,监测站,细颗粒物(PM2.5),117,172,110,88,68,40,,20,20,42,50,10,7,1.1,1.2
2023-12-25T1000,2283A,116.8091,33.9007,淮北市,烈山区政府,细颗粒物(PM2.5),128,149,131,97,89,28,,12,12,46,55,14,9,0.8,0.8
2023-12-25T1000,3330A,116.8873,33.9836,淮北市,杜集区检察院,细颗粒物(PM2.5),112,142,115,84,75,25,,20,20,47,41,11,9,1.0,0.9
2023-12-25T1000,4017A,116.7923,33.9535,淮北市,市博物馆,细颗粒物(PM2.5),127,165,127,96,85,35,,17,17,46,55,12,9,1.2,1
2023-12-25T1000,2277A,116.8305,32.7727,淮南市,潘集区政府,细颗粒物(PM2.5),112,143,119,84,77,18,,38,35,65,36,14,11,0.9,0.7
2023-12-25T1000,2278A,117.0067,32.6524,淮南市,师范学院,颗粒物(PM10),98,145,117,64,60,20,,31,21,62,45,10,10,1.2,1
2023-12-25T1000,2279A,116.8569,32.5951,淮南市,谢家集区政府,细颗粒物(PM2.5),89,110,102,66,61,32,,46,36,59,38,10,9,0.6,0.6
2023-12-25T1000,2280A,116.8281,32.633,淮南市,八公山区政府,颗粒物(PM10),78,106,98,56,56,32,,51,44,53,25,8,7,0.6,0.5
2023-12-25T1000,2281A,116.6325,32.6201,淮南市,焦岗湖风景区管理处,"颗粒物(PM10),细颗粒物(PM2.5)",69,88,89,50,56,26,,15,15,29,28,2,2,0.4,0.4
2023-12-25T1000,2894A,117.0566,32.6531,淮南市,经济技术开发区消防队,细颗粒物(PM2.5),118,151,114,89,64,25,,17,9,50,45,8,7,0.6,0.6
2023-12-25T1000,3329A,117.0108,32.5893,淮南市,山南新区,细颗粒物(PM2.5),102,132,116,76,71,32,,50,42,47,41,8,7,0.7,0.6
2023-12-25T1000,2446A,114.9028,30.4742,黄冈市,职工中心,细颗粒物(PM2.5),79,96,107,58,58,36,,20,20,21,38,8,10,0.6,0.6
2023-12-25T1000,2929A,114.8858,30.4519,黄冈市,红卫路,细颗粒物(PM2.5),80,96,100,59,59,28,,23,23,32,43,8,8,0.8,0.9
2023-12-25T1000,3398A,114.9136,30.4445,黄冈市,市林业局,细颗粒物(PM2.5),78,91,86,57,55,26,,19,19,38,47,6,7,0.8,0.7
2023-12-25T1000,2672A,102.0199,35.5102,黄南藏族自治州,同仁县隆务镇,,46,,37,32,17,50,,54,52,12,12,8,8,0.6,0.7
2023-12-25T1000,2295A,118.2903,29.6963,黄山市,延安路89号,颗粒物(PM10),51,52,54,27,30,18,,10,10,15,15,6,6,0.3,0.2
2023-12-25T1000,2296A,118.327,29.7178,黄山市,黄山东路89号,颗粒物(PM10),60,69,68,31,33,22,,11,11,20,22,6,5,0.5,0.5
2023-12-25T1000,2297A,118.1371,30.2756,黄山市,黄山区政府5号楼,,43,43,53,24,28,27,,17,17,13,14,4,4,0.7,0.6
2023-12-25T1000,2423A,115.0601,30.2313,黄石市,沈家营,细颗粒物(PM2.5),104,109,96,78,56,18,,6,6,45,51,30,6,0.9,0.7
2023-12-25T1000,2424A,115.0817,30.2006,黄石市,陈家湾,细颗粒物(PM2.5),100,106,85,75,58,14,,18,13,58,45,15,12,1.1,0.9
2023-12-25T1000,2426A,114.8988,30.2019,黄石市,铁山,细颗粒物(PM2.5),110,120,88,83,53,25,,12,12,66,50,16,5,1.6,1
2023-12-25T1000,2427A,115.0307,30.2092,黄石市,团城山,细颗粒物(PM2.5),83,107,98,61,52,17,,8,8,48,54,22,11,0.7,0.7
2023-12-25T1000,3149A,115.0235,30.1578,黄石市,笔架山北路,细颗粒物(PM2.5),138,130,96,105,62,15,,9,9,71,57,26,14,2.1,1
2023-12-25T1000,1392A,114.4183,23.0528,惠州市,河南岸金山湖子站,,42,42,39,23,24,71,,68,67,15,16,9,8,0.6,0.6
2023-12-25T1000,1393A,114.4053,23.0822,惠州市,下埔横江三路子站,,,40,37,23,23,64,,68,65,18,17,,12,0.5,0.5
2023-12-25T1000,1394A,114.4103,23.1142,惠州市,江北云山西路子站,,42,42,37,20,21,70,,69,68,14,15,10,10,0.5,0.5
2023-12-25T1000,1395A,114.4645,22.7833,惠州市,惠阳区承修路船湖子站,,42,42,42,23,25,59,,60,57,22,19,10,9,0.5,0.5
2023-12-25T1000,1396A,114.5317,22.7422,惠州市,大亚湾管委会子站,,40,40,37,20,21,63,,70,66,22,19,8,8,0.6,0.6
2023-12-25T1000,3314A,114.4338,22.8134,惠州市,惠阳秋长,,46,46,38,25,24,71,,74,72,13,10,11,10,0.6,0.6
2023-12-25T1000,3452A,114.6517,22.775,惠州市,大亚湾霞涌,,40,40,37,15,25,67,,69,68,11,11,8,8,0.5,0.4
2023-12-25T1000,2240A,130.9762,45.3001,鸡西市,环保局,,,,91,53,66,,,48,48,15,35,8,10,0.6,0.9
2023-12-25T1000,2243A,130.9429,45.3039,鸡西市,第一中学,,45,39,70,31,50,62,,55,55,13,31,9,13,0.3,0.6
2023-12-25T1000,3707A,131.0207,45.3073,鸡西市,欧美日汽修厂,细颗粒物(PM2.5),129,122,126,98,94,38,,11,11,32,53,26,21,1.3,1.8
2023-12-25T1000,3709A,130.9967,45.3106,鸡西市,市政设施管理处,,33,,107,23,72,39,,12,12,36,51,7,6,0.6,1
2023-12-25T1000,2367A,114.9754,27.0803,吉安市,红声器材厂,颗粒物(PM10),63,76,74,33,35,19,,11,11,31,42,13,14,0.9,0.8
2023-12-25T1000,2368A,114.9658,27.0999,吉安市,市森林工业局,细颗粒物(PM2.5),58,62,63,41,41,35,,17,16,26,37,17,22,0.5,0.3
2023-12-25T1000,2369A,114.99,27.1312,吉安市,市环境监测站,颗粒物(PM10),58,65,67,32,35,33,,11,11,28,42,13,14,1.3,0.8
2023-12-25T1000,2370A,115.0093,27.0968,吉安市,青原区法院,颗粒物(PM10),61,71,60,41,36,20,,6,6,33,40,12,12,0.7,0.6
2023-12-25T1000,1772A,126.54,43.8622,吉林市,哈达湾,细颗粒物(PM2.5),69,68,64,50,47,40,,40,36,40,29,22,13,1.1,0.9
2023-12-25T1000,1773A,126.5844,43.8358,吉林市,东局子,,,52,65,38,46,,,28,28,26,34,15,13,,0.8
2023-12-25T1000,1774A,126.5052,43.8245,吉林市,电力学院,细颗粒物(PM2.5),70,63,82,51,64,45,,22,22,32,37,16,17,1.0,1.2
2023-12-25T1000,1775A,126.6133,43.8972,吉林市,江北,,39,39,70,25,49,57,,33,33,22,34,14,17,0.7,0.9
2023-12-25T1000,1776A,126.555,43.8306,吉林市,江南公园,细颗粒物(PM2.5),85,75,66,63,56,24,,23,18,52,34,34,17,1.3,1
2023-12-25T1000,1778A,126.7061,43.7133,吉林市,丰满,,,,,,,,,,,,,,,,
2023-12-25T1000,2868A,126.4739,43.953,吉林市,九站,细颗粒物(PM2.5),127,126,70,96,53,29,,37,33,57,36,8,10,1.4,1
2023-12-25T1000,1299A,116.9862,36.6114,济南市,科干所,颗粒物(PM10),57,63,73,37,47,51,,48,48,45,37,20,16,0.9,0.9
2023-12-25T1000,1300A,116.9376,36.665,济南市,农科所,颗粒物(PM10),68,85,86,37,48,28,,16,15,62,58,23,15,1.0,0.9
2023-12-25T1000,1301A,117.1265,36.6734,济南市,开发区,颗粒物(PM10),67,83,64,32,38,16,,26,24,75,48,13,12,1.2,0.8
2023-12-25T1000,1303A,117.0624,36.6868,济南市,省种子仓库,颗粒物(PM10),73,95,86,44,48,12,,7,7,75,52,14,14,1.6,1
2023-12-25T1000,1304A,116.9489,36.6447,济南市,机床二厂,颗粒物(PM10),83,115,103,49,56,33,,17,17,53,55,49,27,1.1,1
2023-12-25T1000,1305A,117.0495,36.663,济南市,市监测站,颗粒物(PM10),55,59,73,34,45,20,,16,13,70,55,12,14,1.0,0.6
2023-12-25T1000,1306A,116.7675,36.5484,济南市,长清党校,细颗粒物(PM2.5),80,85,98,59,68,40,,18,18,51,61,10,12,0.8,0.9
2023-12-25T1000,1616A,117.6795,36.229,济南市,技术学院,细颗粒物(PM2.5),170,185,120,129,82,20,,8,8,62,61,16,16,1.8,1.5
2023-12-25T1000,1961A,117.532,36.6868,济南市,东山小学,,46,46,58,20,32,46,,35,35,50,52,11,12,0.7,0.5
2023-12-25T1000,3059A,117.7161,36.2049,济南市,泰兴公司,细颗粒物(PM2.5),170,217,124,129,83,9,,6,6,76,67,16,12,1.5,1.1
2023-12-25T1000,3064A,117.6867,36.2171,济南市,莱芜战役纪念馆,细颗粒物(PM2.5),163,200,121,124,78,12,,5,5,65,61,14,14,1.7,1.2
2023-12-25T1000,3494A,117.1673,36.9782,济南市,济阳区政府,细颗粒物(PM2.5),92,122,93,68,60,16,,11,11,78,60,20,17,1.2,0.8
2023-12-25T1000,3495A,117.1171,36.63,济南市,锦屏中学,,27,27,51,17,34,70,,68,68,21,24,12,14,0.6,0.7
2023-12-25T1000,3682A,116.9814,36.6819,济南市,济南四建,颗粒物(PM10),73,95,84,49,57,24,,12,11,65,59,37,23,1.3,1
2023-12-25T1000,1653A,116.6251,35.4302,济宁市,火炬城,细颗粒物(PM2.5),144,166,113,110,80,20,,14,14,59,55,12,8,1.5,1
2023-12-25T1000,1655A,116.5491,35.4042,济宁市,电化厂,细颗粒物(PM2.5),140,160,132,107,87,38,,15,15,51,64,16,14,1.2,0.9
2023-12-25T1000,3500A,116.5814,35.3707,济宁市,北湖一中,细颗粒物(PM2.5),168,171,120,127,90,20,,8,8,58,56,10,7,1.4,1
2023-12-25T1000,3501A,116.8249,35.5593,济宁市,服务中心,细颗粒物(PM2.5),123,176,141,93,82,20,,7,7,46,54,5,7,1.3,1.1
2023-12-25T1000,3678A,116.5907,35.4054,济宁市,市第七中学,细颗粒物(PM2.5),153,181,124,117,86,20,,8,8,56,57,13,10,1.6,1.1
2023-12-25T1000,2255A,130.2751,46.8028,佳木斯市,佳纺,细颗粒物(PM2.5),82,61,76,60,65,55,,46,46,20,33,8,10,0.6,0.8
2023-12-25T1000,2256A,130.3995,46.8307,佳木斯市,发电厂,细颗粒物(PM2.5),58,42,58,41,56,50,,49,49,34,34,16,12,0.6,0.7
2023-12-25T1000,2257A,130.3258,46.7975,佳木斯市,环保局,细颗粒物(PM2.5),59,55,64,42,53,47,,47,46,22,28,7,10,0.5,0.5
2023-12-25T1000,2258A,130.3648,46.8032,佳木斯市,十一中,细颗粒物(PM2.5),53,45,58,37,46,55,,50,50,17,29,5,8,0.6,0.8
2023-12-25T1000,2259A,130.3794,46.7588,佳木斯市,四丰,,40,40,47,28,30,55,,49,49,10,15,1,1,0.6,0.7
2023-12-25T1000,1252A,120.7436,30.778,嘉兴市,清河小学,细颗粒物(PM2.5),100,129,120,75,74,16,,8,8,67,57,16,10,1.0,1
2023-12-25T1000,1253A,120.726,30.7478,嘉兴市,嘉兴学院,细颗粒物(PM2.5),103,126,102,77,67,16,,8,8,74,59,17,11,1.0,1.1
2023-12-25T1000,2872A,120.7846,30.7525,嘉兴市,南湖区残联,,,131,110,,54,18,,12,12,71,59,17,11,1.0,0.8
2023-12-25T1000,3407A,120.6916,30.7739,嘉兴市,秀洲住建,细颗粒物(PM2.5),114,122,96,86,66,17,,4,4,69,59,15,10,1.7,1.4
2023-12-25T1000,1945A,98.2908,39.7711,嘉峪关市,气象局,颗粒物(PM10),75,100,103,29,31,27,,45,45,52,41,33,29,0.7,0.4
2023-12-25T1000,2884A,98.2672,39.7978,嘉峪关市,酒钢宾馆,,,92,108,29,32,,,42,42,48,41,,39,0.9,0.7
2023-12-25T1000,3248A,98.2643,39.7724,嘉峪关市,雄关区,颗粒物(PM10),61,71,84,20,26,22,,37,37,48,39,18,21,0.6,0.5
2023-12-25T1000,1383A,113.1064,22.6058,江门市,北街,,,51,38,26,22,48,,43,43,,36,,10,0.5,0.5
2023-12-25T1000,1384A,113.0731,22.5835,江门市,西区,,48,48,46,21,28,48,,44,42,36,35,15,14,0.5,0.5
2023-12-25T1000,1385A,113.0219,22.5311,江门市,圭峰西,,40,40,37,22,22,56,,57,56,29,25,5,5,0.5,0.5
2023-12-25T1000,1386A,113.0828,22.5947,江门市,东湖,,,44,41,21,27,,,44,44,38,37,12,11,0.5,0.5
2023-12-25T1000,3311A,113.1075,22.5647,江门市,江海富民,颗粒物(PM10),55,59,49,18,25,46,,40,40,45,42,13,12,0.5,0.5
2023-12-25T1000,3449A,113.05,22.4667,江门市,新会银湖,,46,46,40,20,19,52,,39,39,32,34,12,11,0.5,0.5
2023-12-25T1000,1828A,113.227,35.2125,焦作市,市环保局,细颗粒物(PM2.5),73,77,60,53,29,25,,22,12,45,36,23,17,1.1,0.7
2023-12-25T1000,1830A,113.1992,35.2590,焦作市,影视城,,,,,,,,,,,,,,,,
2023-12-25T1000,3169A,113.2725,35.2067,焦作市,太极体育中心,细颗粒物(PM2.5),88,95,66,65,32,17,,18,8,51,36,25,20,1.4,0.7
2023-12-25T1000,3335A,113.3137,35.2641,焦作市,马村街道办,细颗粒物(PM2.5),62,72,71,44,32,33,,18,18,39,36,15,16,1.0,0.9
2023-12-25T1000,3336A,113.2465,35.2373,焦作市,焦作技师学院,颗粒物(PM10),68,85,57,44,34,29,,17,14,49,39,20,14,0.9,0.5
2023-12-25T1000,3477A,113.1656,35.2539,焦作市,中站许衡医院,,42,42,48,23,26,42,,50,46,35,29,18,13,0.8,0.5
2023-12-25T1000,3981A,113.2449,35.1803,焦作市,原李万街道办,细颗粒物(PM2.5),92,97,68,68,32,18,,28,16,44,28,31,16,1.6,0.8
2023-12-25T1000,1708A,116.3701,23.5345,揭阳市,新兴,颗粒物(PM10),54,58,43,25,26,51,,37,37,26,29,17,11,0.6,0.7
2023-12-25T1000,1709A,116.3264,23.5443,揭阳市,西马,颗粒物(PM10),53,55,41,22,22,46,,47,44,28,22,11,9,0.6,0.6
2023-12-25T1000,1710A,116.3611,23.5626,揭阳市,东兴,颗粒物(PM10),60,70,49,22,22,53,,27,27,24,39,11,12,0.6,0.6
2023-12-25T1000,1711A,116.4151,23.5294,揭阳市,渔湖,,,61,46,26,25,,,,,29,30,20,10,0.7,0.7
2023-12-25T1000,3320A,116.403,23.5699,揭阳市,曲溪,颗粒物(PM10),54,58,51,32,26,43,,18,18,32,38,7,6,0.5,0.5
2023-12-25T1000,1944A,102.1692,38.5167,金昌市,天庆家园,颗粒物(PM10),78,105,110,49,60,24,,26,24,59,42,17,43,1.5,1.2
2023-12-25T1000,3170A,102.1864,38.5253,金昌市,市委党校,颗粒物(PM10),83,115,127,58,70,27,,27,26,53,34,14,30,2.1,1.2
2023-12-25T1000,4022A,102.1647,38.5371,金昌市,金川区人防中心,颗粒物(PM10),68,85,114,37,52,42,,44,42,32,27,14,40,1.4,1.2
2023-12-25T1000,1262A,119.647,29.077,金华市,十五中,颗粒物(PM10),72,93,80,44,38,18,,6,6,51,57,3,2,0.7,0.7
2023-12-25T1000,1263A,119.686,29.1029,金华市,监测站,颗粒物(PM10),81,111,79,56,39,12,,5,5,57,57,5,5,0.7,0.6
2023-12-25T1000,3659A,119.656,29.1131,金华市,气象局,颗粒物(PM10),76,102,92,48,46,11,,4,4,55,62,4,4,0.8,0.8
2023-12-25T1000,1767A,121.1115,41.0879,锦州市,南山,细颗粒物(PM2.5),135,132,112,103,93,29,,15,15,42,51,27,22,1.4,1.6
2023-12-25T1000,1768A,121.0533,40.8434,锦州市,开发区,细颗粒物(PM2.5),166,225,178,126,118,12,,8,8,90,73,56,39,1.6,1.6
2023-12-25T1000,1769A,121.1836,41.1119,锦州市,百股街道,细颗粒物(PM2.5),156,119,100,119,91,21,,12,12,52,51,24,21,2.0,1.7
2023-12-25T1000,1770A,121.1178,41.1222,锦州市,天安街道,细颗粒物(PM2.5),147,125,103,112,119,19,,16,16,52,48,22,24,2.1,1.8
2023-12-25T1000,1771A,121.1303,41.1386,锦州市,北湖公园,细颗粒物(PM2.5),163,149,94,124,86,9,,10,10,71,53,22,20,2.6,1.7
2023-12-25T1000,2160A,112.85,35.5051,晋城市,自来水公司,细颗粒物(PM2.5),94,127,59,70,28,24,,25,19,52,34,29,13,3.4,1.3
2023-12-25T1000,2161A,112.8318,35.4936,晋城市,白云商贸,颗粒物(PM10),83,116,60,53,23,25,,26,21,53,33,19,10,2.8,1.2
2023-12-25T1000,2162A,112.8508,35.4887,晋城市,市环保局,颗粒物(PM10),95,139,62,53,26,25,,26,21,53,35,24,14,2.6,1.3
2023-12-25T1000,2163A,112.8676,35.4897,晋城市,技术学院,细颗粒物(PM2.5),85,117,62,63,26,25,,21,15,53,37,26,16,2.8,1.4
2023-12-25T1000,2165A,112.8453,35.546,晋城市,白马寺,,,,,,,,,,,,,,,,
2023-12-25T1000,3620A,112.8271,35.4828,晋城市,泽州一中,颗粒物(PM10),76,102,46,46,19,26,,36,28,54,27,19,11,2.5,1.1
2023-12-25T1000,2171A,112.7532,37.6945,晋中市,锦纶小区,颗粒物(PM10),64,78,92,41,45,26,,10,10,37,56,17,17,1.1,1
2023-12-25T1000,2173A,112.7249,37.7067,晋中市,南都小区,颗粒物(PM10),70,89,88,46,49,19,,5,5,46,52,20,18,1.2,0.9
2023-12-25T1000,2174A,112.6991,37.6982,晋中市,榆次区政府,颗粒物(PM10),72,93,87,47,50,20,,7,7,46,56,20,19,1.4,1.2
2023-12-25T1000,2865A,112.7195,37.6828,晋中市,榆次三中,颗粒物(PM10),70,90,99,34,44,20,,7,7,42,57,17,21,1.2,1.1
2023-12-25T1000,2439A,112.2014,31.0481,荆门市,竹园小学,细颗粒物(PM2.5),162,162,133,123,96,28,,49,40,50,39,12,12,1.1,0.8
2023-12-25T1000,2440A,112.1969,30.9891,荆门市,掇刀,细颗粒物(PM2.5),153,168,135,117,100,16,,18,14,70,55,15,13,1.3,0.9
2023-12-25T1000,2441A,112.2213,31.0386,荆门市,石化一小,细颗粒物(PM2.5),152,217,144,116,95,8,,20,8,85,53,22,19,1.4,0.8
2023-12-25T1000,3012A,112.1849,31.0362,荆门市,西山林语,细颗粒物(PM2.5),135,130,111,103,86,43,,53,50,27,32,10,11,0.7,0.6
2023-12-25T1000,3547A,112.1632,31.0138,荆门市,龙泉中学南校,细颗粒物(PM2.5),152,151,130,116,94,34,,50,40,33,31,12,12,0.7,0.6
2023-12-25T1000,1844A,112.2494,30.3197,荆州市,市图书馆,细颗粒物(PM2.5),196,167,119,147,104,23,,35,25,49,46,9,15,1.2,0.9
2023-12-25T1000,1845A,112.2008,30.3544,荆州市,市委党校,细颗粒物(PM2.5),221,181,116,171,104,18,,28,18,42,43,7,15,1.3,1
2023-12-25T1000,3194A,112.2747,30.3122,荆州市,管委会,细颗粒物(PM2.5),176,155,115,133,105,31,,33,26,39,51,10,15,1.2,1.1
2023-12-25T1000,3548A,112.1655,30.3364,荆州市,学苑路,细颗粒物(PM2.5),202,162,108,152,102,15,,39,30,41,31,6,13,1.1,0.8
2023-12-25T1000,2342A,117.3102,29.3867,景德镇市,王港中学,,,,,,,,,,,,,,,,
2023-12-25T1000,2343A,117.2117,29.2933,景德镇市,老干部活动中心,,49,45,42,34,46,18,,6,6,24,30,4,4,0.5,0.6
2023-12-25T1000,2344A,117.1894,29.2789,景德镇市,兽医站,,49,49,59,34,28,21,,9,9,25,36,5,10,0.7,0.6
2023-12-25T1000,2345A,117.1547,29.2617,景德镇市,台达陶瓷,,,72,70,37,31,,,14,14,25,38,,9,0.7,0.7
2023-12-25T1000,2346A,117.2461,29.2956,景德镇市,陶研所,颗粒物(PM10),55,60,51,24,21,16,,4,4,26,28,6,7,0.7,0.7
2023-12-25T1000,1803A,115.9872,29.6815,九江市,十里,颗粒物(PM10),66,82,79,34,41,13,,6,6,56,48,13,10,1.2,1
2023-12-25T1000,1804A,115.9584,29.7046,九江市,茅山头,颗粒物(PM10),60,69,83,35,49,9,,2,2,52,63,12,15,0.8,0.9
2023-12-25T1000,1805A,115.9877,29.7295,九江市,西园,细颗粒物(PM2.5),84,80,90,62,54,12,,7,7,55,61,11,11,1.1,1.1
2023-12-25T1000,1806A,116.0172,29.6547,九江市,五七二七厂,颗粒物(PM10),60,69,62,35,32,34,,68,57,46,23,20,13,0.7,0.6
2023-12-25T1000,1808A,115.9114,29.6038,九江市,综合工业园,细颗粒物(PM2.5),72,82,72,52,50,20,,6,6,49,57,13,13,1.2,0.9
2023-12-25T1000,1809A,116.0721,29.7535,九江市,石化总厂,细颗粒物(PM2.5),88,108,105,65,55,20,,12,12,57,55,15,14,0.9,0.9
2023-12-25T1000,1810A,115.9773,29.5698,九江市,庐山气象台,,,35,41,13,16,84,,19,19,2,6,,8,0.4,0.6
2023-12-25T1000,3190A,116.0254,29.6994,九江市,外国语学校,细颗粒物(PM2.5),79,79,73,58,47,14,,4,4,61,68,14,13,1.1,1.1
2023-12-25T1000,2658A,98.5061,39.7443,酒泉市,仓门街子站,颗粒物(PM10),86,122,94,31,34,10,,25,21,53,36,25,14,1.5,0.8
2023-12-25T1000,2659A,98.4989,39.7256,酒泉市,油田生活基地,颗粒物(PM10),84,117,98,41,39,10,,18,18,51,41,18,14,1.0,0.7
2023-12-25T1000,2698A,76.0072,39.4467,喀什地区,巡警大队,,,,546,,160,,,,,,71,,7,,3.7
2023-12-25T1000,2699A,75.9755,39.4694,喀什地区,吾办,颗粒物(PM10),329,443,511,145,176,10,,10,10,62,68,3,4,3.0,2.9
2023-12-25T1000,4027A,75.9483,39.4689,喀什地区,老干局,颗粒物(PM10),373,478,562,170,209,12,,15,12,44,57,4,6,4.5,4.4
2023-12-25T1000,1824A,114.3389,34.7781,开封市,肿瘤医院,细颗粒物(PM2.5),108,133,89,81,51,7,,1,1,64,47,6,4,1.9,1.1
2023-12-25T1000,1826A,114.2885,34.7965,开封市,世纪星幼儿园,颗粒物(PM10),73,96,74,48,39,15,,8,7,58,48,5,4,1.2,0.7
2023-12-25T1000,3147A,114.3438,34.8106,开封市,龙亭公园,颗粒物(PM10),67,84,90,42,40,25,,10,10,53,55,6,5,0.5,0.4
2023-12-25T1000,3210A,114.3644,34.7964,开封市,汴京公园,细颗粒物(PM2.5),77,88,98,56,48,13,,2,2,57,53,8,7,1.0,0.8
2023-12-25T1000,3473A,114.2485,34.8306,开封市,技师学院,颗粒物(PM10),63,75,71,38,31,28,,22,22,60,53,4,2,0.3,0.3
2023-12-25T1000,3592A,114.4644,34.7556,开封市,祥符区生态环境局,细颗粒物(PM2.5),112,146,87,84,49,14,,7,7,63,60,6,5,0.8,0.6
2023-12-25T1000,1951A,84.895,45.6094,克拉玛依市,长征新村,细颗粒物(PM2.5),98,105,93,73,69,6,,18,18,78,66,9,10,1.2,1
2023-12-25T1000,1952A,84.8988,45.5893,克拉玛依市,南林小区,细颗粒物(PM2.5),94,101,103,70,75,21,,36,35,45,39,1,1,1.1,0.9
2023-12-25T1000,1954A,84.905,44.3396,克拉玛依市,独山子区,颗粒物(PM10),69,88,105,39,69,15,,54,48,66,54,5,4,1.3,0.8
2023-12-25T1000,1955A,85.6979,46.098,克拉玛依市,乌尔禾区商贸楼,细颗粒物(PM2.5),95,98,85,71,70,10,,9,7,57,50,8,9,1.1,0.8
2023-12-25T1000,3612A,85.1045,45.6899,克拉玛依市,白碱滩区新站,细颗粒物(PM2.5),140,127,98,107,76,4,,17,14,74,58,8,9,1.4,0.9
2023-12-25T1000,2697A,76.1454,39.7142,克孜勒苏柯尔克孜自治州,市人民政府,颗粒物(PM10),193,336,444,90,128,20,,19,19,17,28,4,6,1.1,1.3
2023-12-25T1000,3665A,76.1658,39.7157,克孜勒苏柯尔克孜自治州,克州文化中心,颗粒物(PM10),215,360,504,108,137,22,,26,25,24,35,8,9,1.5,1.8
2023-12-25T1000,1450A,102.8204,24.8886,昆明市,呈贡新区,,50,36,34,35,39,36,,38,38,23,17,5,5,0.9,0.9
2023-12-25T1000,1451A,102.6251,24.9608,昆明市,西山森林公园,,18,18,21,12,14,41,,35,35,10,18,5,5,0.8,1
2023-12-25T1000,1452A,102.7252,25.0902,昆明市,龙泉镇,,46,46,46,27,37,35,,23,22,20,27,8,9,1.0,1
2023-12-25T1000,1453A,102.7266,25.0375,昆明市,东风东路,细颗粒物(PM2.5),60,68,67,43,47,24,,23,23,32,37,8,8,1.0,1.1
2023-12-25T1000,1454A,102.6742,25.0669,昆明市,金鼎山,,50,50,54,31,38,32,,34,34,28,33,12,11,0.7,0.8
2023-12-25T1000,1455A,102.6644,25.0401,昆明市,碧鸡广场,,49,37,53,34,43,30,,32,32,28,37,9,8,1.0,1.1
2023-12-25T1000,3179A,102.7494,25.0119,昆明市,官渡区博物馆,,45,34,50,31,43,38,,28,28,21,35,8,7,0.5,0.6
2023-12-25T1000,3375A,102.8017,24.8336,昆明市,青年创业园,,48,36,41,33,34,45,,45,45,17,18,12,8,0.7,0.8
2023-12-25T1000,3550A,102.7997,24.9786,昆明市,昆明学院,,48,43,57,33,44,34,,30,30,24,27,9,9,0.6,0.7
2023-12-25T1000,3551A,102.5967,24.6736,昆明市,晋宁区生态环境分局,细颗粒物(PM2.5),64,50,56,46,42,45,,47,47,17,16,5,4,1.2,1
2023-12-25T1000,3552A,102.6678,24.9856,昆明市,云天化总部,,38,29,50,26,40,41,,40,40,15,29,5,5,0.7,0.9
2023-12-25T1000,1456A,91.1319,29.6514,拉萨市,八廓街,,,21,18,11,11,,,,,29,23,8,8,0.5,0.5
2023-12-25T1000,1457A,91.1221,29.6747,拉萨市,市环保局,,35,35,25,15,12,32,,50,40,31,19,9,8,1.2,0.9
2023-12-25T1000,1458A,91.0874,29.6475,拉萨市,区监测站,,19,19,14,12,9,40,,59,46,38,21,7,7,0.6,0.4
2023-12-25T1000,1459A,91.1774,29.6541,拉萨市,西藏大学,,15,15,15,9,9,47,,68,59,20,12,6,7,0.7,0.7
2023-12-25T1000,1460A,90.9798,29.6588,拉萨市,区辐射站,细颗粒物(PM2.5),88,87,28,65,16,17,,48,39,69,27,12,7,1.9,0.8
2023-12-25T1000,1461A,91.0834,29.6292,拉萨市,拉萨火车站,,34,30,18,20,10,17,,62,47,67,22,7,6,0.8,0.4
2023-12-25T1000,2520A,109.2203,23.7256,来宾市,来宾技工学校,细颗粒物(PM2.5),98,109,59,73,42,29,,21,13,45,28,19,10,1.1,0.7
2023-12-25T1000,3535A,109.1781,23.7297,来宾市,兴宾区政府,细颗粒物(PM2.5),68,60,48,49,34,48,,42,40,27,15,16,9,1.1,0.6
2023-12-25T1000,4002A,109.2416,23.7461,来宾市,中南小学,细颗粒物(PM2.5),79,77,55,58,36,46,,23,19,35,29,14,8,1.1,0.9
2023-12-25T1000,1476A,103.631,36.1031,兰州市,兰炼宾馆,,,140,142,73,83,,,4,3,54,77,43,28,1.8,1.8
2023-12-25T1000,1477A,104.1373,35.9454,兰州市,榆中兰大校区,,,,,,,,,,,,,,,,
2023-12-25T1000,1478A,103.8412,36.0726,兰州市,生物制品所,细颗粒物(PM2.5),112,163,129,84,74,7,,4,4,64,73,20,17,2.9,1.8
2023-12-25T1000,1479A,103.831,36.0464,兰州市,铁路设计院,细颗粒物(PM2.5),124,156,145,94,90,5,,4,4,68,82,25,26,3.4,2.6
2023-12-25T1000,3186A,103.7158,36.1058,兰州市,教育港,细颗粒物(PM2.5),109,136,122,82,67,6,,3,3,68,76,27,16,2.2,1.8
2023-12-25T1000,3241A,103.7439,36.0842,兰州市,百合公园,细颗粒物(PM2.5),113,124,119,85,74,7,,5,5,66,76,14,17,2.4,2
2023-12-25T1000,3242A,103.9611,35.998,兰州市,和平,颗粒物(PM10),105,159,126,71,72,12,,8,8,74,69,41,26,3.6,2.2
2023-12-25T1000,3245A,103.6633,36.533,兰州新区,新区管委会,细颗粒物(PM2.5),103,114,96,77,54,11,,2,2,42,39,35,22,1.4,1.2
2023-12-25T1000,3246A,103.6975,36.4789,兰州新区,舟曲中学,颗粒物(PM10),85,120,126,60,65,9,,4,4,50,50,22,19,1.3,1.3
2023-12-25T1000,1067A,116.6708,39.5111,廊坊市,药材公司,细颗粒物(PM2.5),124,134,86,94,51,11,,,,97,67,4,4,1.5,0.8
2023-12-25T1000,1068A,116.7214,39.5589,廊坊市,开发区,细颗粒物(PM2.5),82,106,77,60,43,7,,1,1,92,78,6,4,1.4,0.9
2023-12-25T1000,1070A,116.7244,39.5269,廊坊市,北华航天学院,细颗粒物(PM2.5),114,135,85,86,48,7,,1,1,108,80,7,5,2.1,1
2023-12-25T1000,2919A,116.7022,39.5453,廊坊市,河北工业大学,细颗粒物(PM2.5),94,110,89,70,55,8,,1,1,86,77,6,5,1.5,0.9
2023-12-25T1000,2535A,103.7723,29.5462,乐山市,花湖湾,细颗粒物(PM2.5),137,157,111,104,84,3,,12,3,38,25,4,3,0.6,0.4
2023-12-25T1000,2536A,103.7627,29.5844,乐山市,牛耳桥,细颗粒物(PM2.5),119,108,101,90,83,5,,11,7,41,36,6,4,1.1,0.8
2023-12-25T1000,2537A,103.7508,29.6006,乐山市,市第三水厂,细颗粒物(PM2.5),129,122,102,98,89,,,4,4,39,42,,4,1.4,0.9
2023-12-25T1000,2538A,103.7571,29.5664,乐山市,市监测站,细颗粒物(PM2.5),142,121,96,108,83,4,,5,3,40,35,7,7,1.0,0.7
2023-12-25T1000,3361A,103.7311,29.5628,乐山市,理工大学,细颗粒物(PM2.5),140,129,106,107,89,3,,3,2,40,37,7,6,1.0,0.7
2023-12-25T1000,2598A,100.2143,26.8576,丽江市,西南郊,,,,,,,,,,,,,,,,
2023-12-25T1000,2599A,100.2497,26.8802,丽江市,丽江古城,细颗粒物(PM2.5),65,65,49,47,32,34,,50,44,23,18,9,9,0.8,0.7
2023-12-25T1000,2600A,100.2203,26.8906,丽江市,市中心,,36,36,35,20,16,32,,42,35,25,17,8,9,0.9,0.7
2023-12-25T1000,1267A,119.914,28.4514,丽水市,监测站大楼,颗粒物(PM10),54,57,51,28,30,28,,11,11,25,34,14,7,0.6,0.5
2023-12-25T1000,1268A,119.93,28.4586,丽水市,莲都小学,颗粒物(PM10),58,66,56,34,34,21,,13,12,27,29,6,5,0.6,0.4
2023-12-25T1000,1269A,119.879,28.4231,丽水市,余庄前,颗粒物(PM10),55,59,49,36,31,21,,8,8,31,27,6,5,0.5,0.4
2023-12-25T1000,1173A,119.176,34.5885,连云港市,市环境监测站,细颗粒物(PM2.5),144,153,94,110,70,30,,15,15,56,48,24,16,1.2,0.9
2023-12-25T1000,3000A,119.3581,34.6972,连云港市,德源药业,细颗粒物(PM2.5),110,119,93,83,62,33,,8,8,54,57,23,14,1.2,0.8
2023-12-25T1000,3007A,119.178,34.844,连云港市,新城一中,细颗粒物(PM2.5),158,134,86,120,71,18,,15,15,70,57,23,17,1.3,0.8
2023-12-25T1000,3008A,119.3608,34.7519,连云港市,胡沟管理处,细颗粒物(PM2.5),92,105,82,68,53,36,,23,23,53,53,34,14,1.9,0.8
2023-12-25T1000,3009A,119.1478,34.5911,连云港市,矿山设计院,细颗粒物(PM2.5),132,151,102,100,67,21,,7,7,55,44,23,13,1.0,0.7
2023-12-25T1000,3434A,119.2413,34.6539,连云港市,工贸学校,细颗粒物(PM2.5),143,161,100,109,70,32,,26,24,56,39,22,17,1.2,0.9
2023-12-25T1000,3664A,119.4172,34.7341,连云港市,连云街道,细颗粒物(PM2.5),70,73,76,51,51,36,,52,45,44,27,54,14,1.5,0.8
2023-12-25T1000,2571A,102.3431,27.8099,凉山彝族自治州,青龙寺,,44,44,35,16,14,39,,38,36,15,10,8,4,0.9,0.8
2023-12-25T1000,2572A,102.2721,27.8415,凉山彝族自治州,邛海宾馆,,40,31,37,28,29,37,,47,42,16,14,12,12,1.1,1
2023-12-25T1000,2573A,102.2625,27.898,凉山彝族自治州,西昌市政府,,,,47,,38,25,,49,44,27,16,22,11,,0.8
2023-12-25T1000,2574A,102.2685,27.8851,凉山彝族自治州,凉山州政府,细颗粒物(PM2.5),53,48,44,37,35,30,,48,43,24,15,10,7,1.0,0.8
2023-12-25T1000,2575A,102.237,27.8914,凉山彝族自治州,长安,细颗粒物(PM2.5),58,51,47,41,36,24,,50,42,33,20,17,12,0.9,0.8
2023-12-25T1000,2212A,123.2,41.1953,辽阳市,宏伟区,细颗粒物(PM2.5),84,80,142,62,126,34,,12,12,37,59,24,23,1.3,2
2023-12-25T1000,2213A,123.1683,41.2495,辽阳市,新华园,细颗粒物(PM2.5),149,118,152,114,144,,,6,6,65,68,43,23,2.1,2.6
2023-12-25T1000,2214A,123.2354,41.2639,辽阳市,滨河路,细颗粒物(PM2.5),99,,113,74,124,34,,11,11,38,64,23,19,1.5,2
2023-12-25T1000,2215A,123.149,41.2991,辽阳市,铁西工业园,颗粒物(PM10),206,354,233,149,247,6,,6,6,71,68,31,17,3.2,3.6
2023-12-25T1000,2227A,125.1358,42.8845,辽源市,环保局,细颗粒物(PM2.5),133,122,67,101,49,25,,12,12,55,41,15,11,2.0,1.4
2023-12-25T1000,3239A,125.0764,42.9078,辽源市,银鹰制药,细颗粒物(PM2.5),107,96,67,80,54,41,,18,18,36,38,21,16,1.4,1.2
2023-12-25T1000,1625A,115.9848,36.4372,聊城市,区政府,细颗粒物(PM2.5),127,153,139,96,96,36,,18,18,39,51,10,9,1.0,1
2023-12-25T1000,2878A,116.0072,36.4343,聊城市,聊大东校,细颗粒物(PM2.5),133,144,130,101,103,42,,20,20,34,49,10,9,0.7,0.8
2023-12-25T1000,3200A,115.9819,36.4978,聊城市,监控中心,细颗粒物(PM2.5),110,146,138,83,98,39,,14,14,34,51,8,7,0.8,0.9
2023-12-25T1000,3513A,116.0445,36.4361,聊城市,九州社区,细颗粒物(PM2.5),125,139,129,95,93,37,,18,18,40,51,6,7,1.0,1
2023-12-25T1000,4018A,116.0567,36.4608,聊城市,星美广场,细颗粒物(PM2.5),114,146,132,86,91,37,,22,22,39,44,4,4,0.8,0.8
2023-12-25T1000,2632A,94.3681,29.6376,林芝市,林芝监测站,,17,17,8,7,4,32,,60,52,27,7,7,7,0.6,0.3
2023-12-25T1000,2633A,94.3616,29.6616,林芝市,林芝人民医院,,32,31,13,22,7,47,,59,54,18,8,9,8,0.9,0.5
2023-12-25T1000,2603A,100.0781,23.8982,临沧市,市环保局,,,,18,,18,,,50,48,6,7,7,6,0.4,0.4
2023-12-25T1000,2604A,100.0894,23.8822,临沧市,市气象局,,22,22,17,11,15,38,,47,44,10,8,5,5,0.5,0.5
2023-12-25T1000,1733A,111.5531,36.0783,临汾市,临钢医院,颗粒物(PM10),73,96,73,46,40,19,,12,8,40,37,15,11,1.0,0.9
2023-12-25T1000,1734A,111.5028,36.0714,临汾市,技工学校,颗粒物(PM10),74,97,79,53,49,17,,8,8,49,45,20,14,1.2,0.9
2023-12-25T1000,1736A,111.5018,36.0855,临汾市,市委,颗粒物(PM10),76,102,86,49,43,20,,9,9,48,46,20,12,1.2,0.9
2023-12-25T1000,3018A,111.505,36.1014,临汾市,唐尧大酒店,颗粒物(PM10),74,98,84,52,45,14,,5,5,46,44,18,12,1.1,1
2023-12-25T1000,3668A,111.5036,36.0414,临汾市,城南,颗粒物(PM10),81,111,86,55,44,9,,2,2,46,43,10,8,1.4,1.2
2023-12-25T1000,2667A,103.2069,35.5993,临夏回族自治州,环保局,颗粒物(PM10),64,77,85,29,34,2,,0,0,46,53,27,22,2.8,2.7
2023-12-25T1000,2668A,103.2417,35.6057,临夏回族自治州,建设大厦,颗粒物(PM10),73,96,90,32,33,15,,15,15,35,38,14,11,1.7,1.5
2023-12-25T1000,1618A,118.3429,35.0532,临沂市,沂河小区,细颗粒物(PM2.5),130,149,103,99,70,27,,16,16,73,61,21,19,1.5,0.8
2023-12-25T1000,1619A,118.295,35.0583,临沂市,鲁南制药厂,细颗粒物(PM2.5),200,224,128,150,74,16,,8,8,90,63,63,30,2.4,1.4
2023-12-25T1000,1620A,118.2794,34.9976,临沂市,新光毛纺厂,细颗粒物(PM2.5),137,151,108,104,70,20,,10,10,73,57,24,18,1.3,0.9
2023-12-25T1000,1621A,118.3956,35.0888,临沂市,河东保险公司,细颗粒物(PM2.5),155,178,99,118,68,20,,6,6,70,53,16,13,1.8,1.2
2023-12-25T1000,3370A,118.3564,35.0215,临沂市,十里堡居委,细颗粒物(PM2.5),122,146,101,92,63,26,,12,12,62,56,18,17,1.9,1.3
2023-12-25T1000,3496A,118.3604,35.1084,临沂市,南坊新区,细颗粒物(PM2.5),134,139,103,102,66,25,,9,9,62,61,15,15,1.6,1.2
2023-12-25T1000,3860A,118.3920,35.0300,临沂市,皇山花园小区,细颗粒物(PM2.5),137,171,98,104,58,24,,13,13,68,52,21,16,1.4,0.8
2023-12-25T1000,1870A,109.4856,24.3895,柳州市,柳东小学,细颗粒物(PM2.5),94,,44,70,42,68,,78,76,22,15,39,17,0.8,0.6
2023-12-25T1000,1871A,109.4157,24.3277,柳州市,环保监测站,细颗粒物(PM2.5),104,105,60,78,42,36,,29,22,38,29,22,12,0.9,0.7
2023-12-25T1000,1872A,109.389,24.341,柳州市,河西水厂,细颗粒物(PM2.5),109,153,77,82,39,24,,14,11,42,31,87,19,1.8,1.1
2023-12-25T1000,1873A,109.4311,24.2921,柳州市,市四中,颗粒物(PM10),65,80,50,45,35,47,,47,41,29,25,27,11,0.9,0.7
2023-12-25T1000,1874A,109.4006,24.3631,柳州市,市九中,细颗粒物(PM2.5),117,108,66,88,49,40,,20,18,39,35,22,9,0.9,0.7
2023-12-25T1000,1875A,109.4958,24.3134,柳州市,古亭山,细颗粒物(PM2.5),52,44,38,36,31,75,,62,61,16,22,20,12,1.0,0.8
2023-12-25T1000,3402A,109.5422,24.3996,柳州市,市二中,细颗粒物(PM2.5),83,84,42,61,34,56,,41,36,23,18,19,9,0.7,0.6
2023-12-25T1000,2307A,116.5079,31.737,六安市,监测大楼,颗粒物(PM10),109,168,77,55,45,16,,28,22,44,39,5,5,0.7,0.6
2023-12-25T1000,2308A,116.4738,31.7643,六安市,皖西学院,颗粒物(PM10),66,82,86,39,45,29,,22,22,48,44,6,5,0.9,0.8
2023-12-25T1000,2309A,116.4996,31.7905,六安市,朝阳厂,细颗粒物(PM2.5),69,77,73,50,46,18,,23,17,51,42,8,6,1.0,0.6
2023-12-25T1000,2310A,116.5567,31.7886,六安市,开发区,颗粒物(PM10),70,89,97,48,49,29,,18,18,31,40,6,6,0.8,0.8
2023-12-25T1000,2576A,104.8,26.5892,六盘水市,窑上,,,,,,,,,,,,,,,,
2023-12-25T1000,2577A,104.83,26.5917,六盘水市,黄土坡,细颗粒物(PM2.5),58,64,50,41,36,24,,40,36,39,28,21,15,1.3,1.2
2023-12-25T1000,2578A,104.89,26.5939,六盘水市,水钢,细颗粒物(PM2.5),72,55,57,52,44,38,,58,54,26,27,12,13,0.8,1
2023-12-25T1000,2579A,104.8475,26.5894,六盘水市,民中,细颗粒物(PM2.5),58,61,45,41,39,22,,43,39,40,30,19,12,1.1,1.1
2023-12-25T1000,2580A,104.9544,26.5506,六盘水市,双水,细颗粒物(PM2.5),63,46,42,45,29,47,,64,59,24,18,10,10,0.7,0.7
2023-12-25T1000,2335A,117.0189,25.1181,龙岩市,龙岩师专,,,,,,,,,,,,,,,,
2023-12-25T1000,2336A,117.0217,25.1033,龙岩市,龙岩市监测站,,44,44,24,15,16,64,,61,56,12,12,13,13,0.4,0.4
2023-12-25T1000,2337A,117.0258,25.0661,龙岩市,闽西职业技术学院,,41,41,23,16,15,54,,52,46,17,11,11,8,0.8,0.7
2023-12-25T1000,2338A,117.0196,25.0306,龙岩市,龙岩学院,,34,34,22,15,18,42,,51,46,26,10,8,7,0.6,0.4
2023-12-25T1000,2665A,105.0822,33.3261,陇南市,汉王镇固水子,,,,,,,,,,,,,,,,
2023-12-25T1000,2885A,104.9339,33.3826,陇南市,滨江中学,颗粒物(PM10),71,92,105,35,60,8,,4,4,43,54,90,48,1.4,2.4
2023-12-25T1000,3247A,104.955,33.371,陇南市,市总工会,细颗粒物(PM2.5),78,99,86,57,47,14,,13,10,42,43,39,16,1.1,0.9
2023-12-25T1000,2487A,111.9589,27.8901,娄底市,电视发射台,颗粒物(PM10),53,56,55,26,28,70,,63,62,10,9,6,4,1.1,0.9
2023-12-25T1000,2488A,111.9975,27.725,娄底市,市监测站,细颗粒物(PM2.5),125,142,108,95,75,11,,4,4,59,54,30,14,3.0,1.7
2023-12-25T1000,2489A,112.0194,27.7314,娄底市,市委党校,细颗粒物(PM2.5),107,125,98,80,64,8,,5,5,46,46,12,11,1.9,1.1
2023-12-25T1000,2490A,111.9561,27.7569,娄底市,涟钢,细颗粒物(PM2.5),89,109,98,66,63,21,,11,11,35,38,18,11,1.1,1.2
2023-12-25T1000,2491A,111.9892,27.7044,娄底市,市政府,细颗粒物(PM2.5),93,90,90,69,65,18,,14,14,30,39,7,9,1.1,1.2
2023-12-25T1000,1893A,105.4324,28.9634,泸州市,九狮山,细颗粒物(PM2.5),112,111,101,84,80,5,,10,8,38,25,8,6,0.7,0.6
2023-12-25T1000,1894A,105.4427,28.9063,泸州市,小市上码头,细颗粒物(PM2.5),108,104,105,81,79,16,,38,29,42,22,10,4,0.7,0.7
2023-12-25T1000,1895A,105.4241,28.8573,泸州市,兰田宪桥,细颗粒物(PM2.5),104,95,107,78,84,17,,20,18,33,30,9,4,0.8,0.8
2023-12-25T1000,1896A,105.4379,28.8833,泸州市,市环监站,细颗粒物(PM2.5),105,94,98,79,82,10,,21,16,40,28,12,9,0.7,0.7
2023-12-25T1000,3490A,105.3617,28.7703,泸州市,纳溪区环保局,细颗粒物(PM2.5),113,111,115,85,82,9,,6,6,30,34,5,5,0.7,0.7
2023-12-25T1000,2183A,111.1406,37.5211,吕梁市,环保局,,,78,90,40,40,,,2,2,55,57,,4,0.7,0.6
2023-12-25T1000,2185A,111.1297,37.5136,吕梁市,自来水公司,颗粒物(PM10),63,75,81,32,48,20,,7,7,38,50,13,10,0.8,0.7
2023-12-25T1000,2867A,111.1283,37.51,吕梁市,马茂庄小学,颗粒物(PM10),64,78,88,37,49,22,,5,5,39,56,8,6,1.0,1
2023-12-25T1000,1812A,112.3931,34.6516,洛阳市,市委党校,细颗粒物(PM2.5),82,105,73,60,39,15,,4,4,43,38,6,3,1.1,0.8
2023-12-25T1000,1814A,112.4657,34.6871,洛阳市,豫西宾馆,颗粒物(PM10),71,92,82,41,38,18,,7,7,50,47,11,8,1.0,0.9
2023-12-25T1000,1815A,112.494,34.6886,洛阳市,河南林校,颗粒物(PM10),67,83,71,37,36,13,,4,4,54,43,11,7,0.8,0.7
2023-12-25T1000,1816A,112.3844,34.623,洛阳市,开发区管委会,颗粒物(PM10),59,67,50,38,29,21,,24,21,32,21,1,3,0.8,0.5
2023-12-25T1000,1817A,112.4267,34.6258,洛阳市,市委新办公区,细颗粒物(PM2.5),59,54,56,42,38,28,,24,22,28,27,5,5,0.8,0.6
2023-12-25T1000,3340A,112.6005,34.6326,洛阳市,伊滨,颗粒物(PM10),76,102,68,53,33,11,,11,7,44,31,2,2,1.1,0.7
2023-12-25T1000,3341A,112.4951,34.6332,洛阳市,中移产业园,颗粒物(PM10),63,76,57,44,32,18,,15,10,36,28,6,5,1.2,0.8
2023-12-25T1000,3593A,112.5736,34.8993,洛阳市,吉利监测站,颗粒物(PM10),55,60,50,27,23,35,,9,9,33,35,8,6,0.9,0.5
2023-12-25T1000,3635A,112.3677,34.662,洛阳市,河科大西苑校区,细颗粒物(PM2.5),93,118,79,69,44,15,,5,5,45,36,9,5,1.0,0.8
2023-12-25T1000,3636A,112.4388,34.6781,洛阳市,英才小学,颗粒物(PM10),70,90,70,45,40,12,,5,5,45,39,14,7,1.2,0.8
2023-12-25T1000,2399A,114.051,33.5699,漯河市,三五一五工厂,细颗粒物(PM2.5),145,156,135,111,89,21,,7,6,52,51,6,6,0.8,0.8
2023-12-25T1000,2400A,114.0055,33.5698,漯河市,漯河大学,细颗粒物(PM2.5),144,151,125,110,83,19,,19,14,58,51,10,7,1.1,0.8
2023-12-25T1000,2401A,114.0138,33.5828,漯河市,市水利局,细颗粒物(PM2.5),153,161,133,117,85,20,,21,15,50,40,11,9,1.1,0.8
2023-12-25T1000,2402A,114.0261,33.5698,漯河市,市广电局,细颗粒物(PM2.5),139,164,130,106,81,19,,21,14,58,44,6,5,1.0,0.7
2023-12-25T1000,3478A,113.9749,33.5664,漯河市,市图书馆,细颗粒物(PM2.5),153,155,130,117,90,22,,28,21,40,29,7,6,0.8,0.6
2023-12-25T1000,3479A,114.0967,33.5906,漯河市,召陵区卫健委,细颗粒物(PM2.5),147,149,141,112,85,14,,8,7,59,47,15,12,1.0,0.7
2023-12-25T1000,1798A,118.5092,31.6837,马鞍山市,湖东路四小,细颗粒物(PM2.5),79,97,77,58,50,20,,7,7,60,54,10,11,1.3,0.9
2023-12-25T1000,1799A,118.5024,31.6449,马鞍山市,开发区,细颗粒物(PM2.5),102,118,90,76,64,11,,3,3,61,54,12,11,2.7,1
2023-12-25T1000,1800A,118.5228,31.7231,马鞍山市,慈湖,颗粒物(PM10),108,165,101,70,67,18,,6,6,63,54,10,14,1.7,1.4
2023-12-25T1000,1802A,118.6245,31.7241,马鞍山市,濮塘,,,89,84,47,48,,,42,38,20,22,8,11,1.1,0.9
2023-12-25T1000,3633A,118.4918,31.6809,马鞍山市,雨山,细颗粒物(PM2.5),88,116,88,65,54,18,,4,4,65,53,11,12,1.0,0.6
2023-12-25T1000,1686A,111.0286,21.4688,茂名市,电白南海,颗粒物(PM10),51,51,43,31,24,74,,62,62,17,18,16,14,0.5,0.3
2023-12-25T1000,1687A,110.9294,21.6533,茂名市,茂石化七小,颗粒物(PM10),53,56,48,36,33,59,,59,58,26,18,21,14,0.6,0.5
2023-12-25T1000,1688A,110.9107,21.6687,茂名市,健康路,,48,48,49,24,29,57,,56,56,23,21,27,24,0.7,0.8
2023-12-25T1000,1689A,110.8592,21.6828,茂名市,高岭,颗粒物(PM10),54,58,55,36,32,47,,42,41,26,26,47,34,0.3,0.3
2023-12-25T1000,3450A,111.01,21.5165,茂名市,电白水东,,48,48,46,22,24,67,,65,65,18,18,9,11,0.4,0.4
2023-12-25T1000,2539A,104.0308,30.0478,眉山市,黑龙滩水库,细颗粒物(PM2.5),75,84,83,55,51,35,,49,42,10,8,3,3,0.5,0.4
2023-12-25T1000,2540A,103.8416,30.0874,眉山市,气象局,细颗粒物(PM2.5),128,114,90,97,81,7,,6,6,49,41,8,7,1.1,0.9
2023-12-25T1000,3137A,103.8578,30.0744,眉山市,市委党校,细颗粒物(PM2.5),117,117,96,88,79,6,,4,4,44,39,10,7,0.9,0.6
2023-12-25T1000,3148A,103.8291,30.0564,眉山市,区人社局,细颗粒物(PM2.5),125,107,84,95,84,6,,4,4,57,46,11,8,1.3,0.8
2023-12-25T1000,1690A,116.1231,24.3284,梅州市,梅江月梅,,32,32,30,20,18,20,,12,8,38,29,9,9,0.8,0.7
2023-12-25T1000,1691A,116.0797,24.2719,梅州市,梅县新城,,,40,32,17,21,33,,10,10,24,30,,5,0.6,0.5
2023-12-25T1000,1692A,116.1248,24.2654,梅州市,环境监控中心,颗粒物(PM10),51,51,39,24,25,16,,10,10,35,36,9,6,0.6,0.5
2023-12-25T1000,3315A,116.1233,24.2991,梅州市,梅龙,,39,39,33,26,21,20,,7,7,24,28,9,7,0.6,0.5
2023-12-25T1000,1878A,104.7778,31.4741,绵阳市,富乐山,细颗粒物(PM2.5),83,82,70,61,56,8,,10,10,48,39,6,7,1.0,0.8
2023-12-25T1000,1879A,104.7563,31.4535,绵阳市,市人大,细颗粒物(PM2.5),82,92,89,60,64,6,,3,3,44,49,6,6,1.3,1
2023-12-25T1000,1880A,104.6697,31.4668,绵阳市,高新区自来水公司,颗粒物(PM10),88,126,113,59,60,4,,2,2,40,39,10,9,1.1,0.8
2023-12-25T1000,1881A,104.7287,31.5075,绵阳市,三水厂,细颗粒物(PM2.5),94,116,97,70,68,7,,4,4,36,42,6,6,1.2,1
2023-12-25T1000,3491A,104.69,31.5322,绵阳市,西科大附属小学,细颗粒物(PM2.5),77,88,86,56,61,10,,5,5,41,49,5,6,1.1,0.8
2023-12-25T1000,3492A,104.5648,31.5343,绵阳市,安州区旅游局,"颗粒物(PM10),细颗粒物(PM2.5)",102,153,96,76,63,5,,4,4,53,42,7,8,2.0,1.3
2023-12-25T1000,1784A,129.61,44.561,牡丹江市,环保大楼,,,90,95,61,65,35,,26,26,,52,16,13,,1
2023-12-25T1000,1785A,129.6115,44.5782,牡丹江市,文化广场,细颗粒物(PM2.5),90,79,102,67,82,29,,22,22,45,57,19,18,1.3,1.4
2023-12-25T1000,1786A,129.5904,44.5963,牡丹江市,第一医院,细颗粒物(PM2.5),130,136,95,99,86,16,,10,8,62,59,17,14,1.6,1.4
2023-12-25T1000,1787A,129.6364,44.6075,牡丹江市,机车工厂,细颗粒物(PM2.5),139,190,117,106,85,20,,11,11,61,63,,38,1.8,1.4
2023-12-25T1000,1788A,129.6386,44.5462,牡丹江市,第一中学,细颗粒物(PM2.5),97,73,96,72,75,34,,28,28,37,53,15,14,1.1,1.1
2023-12-25T1000,2531A,105.0703,29.61,内江市,市监测站,细颗粒物(PM2.5),117,95,74,88,76,14,,24,18,30,34,7,7,0.9,0.8
2023-12-25T1000,2532A,105.0717,29.5947,内江市,东兴区政府,细颗粒物(PM2.5),105,91,79,79,67,18,,29,27,39,38,7,6,0.8,0.8
2023-12-25T1000,2533A,105.0653,29.5817,内江市,内江二中,细颗粒物(PM2.5),113,118,82,85,71,30,,15,15,,42,,5,0.8,0.7
2023-12-25T1000,2534A,105.0406,29.5822,内江市,内江日报社,细颗粒物(PM2.5),114,95,85,86,70,12,,16,15,43,48,5,5,0.7,0.7
2023-12-25T1000,1290A,115.8931,28.6843,南昌市,省外办,细颗粒物(PM2.5),89,123,126,66,70,16,,7,7,59,55,10,8,0.8,1.1
2023-12-25T1000,1291A,115.8886,28.7003,南昌市,省林业公司,颗粒物(PM10),93,136,112,68,59,10,,3,3,62,61,11,10,1.0,1
2023-12-25T1000,1292A,115.8126,28.7442,南昌市,林科所,细颗粒物(PM2.5),89,117,84,66,46,15,,19,19,45,46,13,11,0.8,0.6
2023-12-25T1000,1294A,115.8518,28.687,南昌市,建工学校,颗粒物(PM10),81,111,105,48,53,19,,9,6,58,54,12,8,1.1,0.8
2023-12-25T1000,1295A,115.8921,28.6424,南昌市,象湖,细颗粒物(PM2.5),108,132,103,81,62,10,,3,3,67,61,17,9,1.9,1.2
2023-12-25T1000,1296A,115.7423,28.7996,南昌市,武术学校,,24,24,36,9,14,24,,17,16,9,11,6,8,0.3,0.3
2023-12-25T1000,1298A,115.9314,28.6842,南昌市,省站,颗粒物(PM10),87,124,127,55,70,17,,6,6,46,59,12,11,0.6,1.1
2023-12-25T1000,3046A,115.9084,28.6062,南昌市,机电学校,颗粒物(PM10),109,167,126,73,61,11,,6,6,54,58,14,9,0.8,0.8
2023-12-25T1000,3690A,115.9721,28.7031,南昌市,外国语学校,颗粒物(PM10),77,104,119,53,61,33,,14,14,37,54,12,10,0.5,0.9
2023-12-25T1000,1905A,106.056,30.8064,南充市,西山风景区,细颗粒物(PM2.5),85,79,74,63,69,28,,45,41,20,33,5,7,0.7,0.8
2023-12-25T1000,1906A,106.0789,30.8023,南充市,南充市委,,,,87,,56,,,10,10,34,41,8,7,1.0,0.9
2023-12-25T1000,1907A,106.1031,30.8217,南充市,南充炼油厂,细颗粒物(PM2.5),105,106,105,79,78,7,,9,9,37,40,6,8,0.5,0.6
2023-12-25T1000,1908A,106.1064,30.7856,南充市,高坪区监测站,细颗粒物(PM2.5),87,91,106,64,71,14,,8,8,28,39,12,7,0.6,0.7
2023-12-25T1000,1909A,106.0642,30.7636,南充市,嘉陵区环保局,细颗粒物(PM2.5),89,90,105,66,68,18,,8,8,30,42,5,6,0.7,0.8
2023-12-25T1000,1910A,106.1087,30.8388,南充市,市环境监测站,细颗粒物(PM2.5),85,98,99,63,67,10,,17,17,32,42,6,10,0.6,0.6
2023-12-25T1000,1151A,118.8086,32.1065,南京市,迈皋桥,细颗粒物(PM2.5),92,132,88,68,48,8,,2,2,68,47,17,5,1.7,0.7
2023-12-25T1000,1152A,118.7538,32.0551,南京市,草场门,细颗粒物(PM2.5),92,127,87,68,48,16,,8,8,88,65,31,6,2.0,0.6
2023-12-25T1000,1153A,118.7794,32.0745,南京市,山西路,细颗粒物(PM2.5),100,134,103,75,56,16,,7,7,99,74,34,10,1.5,0.5
2023-12-25T1000,1154A,118.7752,32.0023,南京市,中华门,颗粒物(PM10),82,114,83,58,48,16,,6,4,80,59,23,10,1.6,0.9
2023-12-25T1000,1155A,118.8109,32.0309,南京市,瑞金路,细颗粒物(PM2.5),98,134,93,73,51,11,,6,6,103,72,12,6,1.4,0.9
2023-12-25T1000,1156A,118.7997,32.0754,南京市,玄武湖,细颗粒物(PM2.5),82,101,84,60,47,4,,2,2,79,56,12,8,1.4,0.8
2023-12-25T1000,1157A,118.6414,32.0931,南京市,浦口,颗粒物(PM10),80,110,89,57,52,30,,52,45,65,32,10,5,0.8,0.4
2023-12-25T1000,1158A,118.7356,31.9996,南京市,奥体中心,颗粒物(PM10),96,142,90,63,51,18,,8,8,83,63,17,8,1.6,0.8
2023-12-25T1000,1159A,118.9125,32.1028,南京市,仙林大学城,颗粒物(PM10),78,105,83,51,47,9,,2,2,80,57,8,5,1.4,1
2023-12-25T1000,3422A,118.8436,31.9198,南京市,江宁彩虹桥,颗粒物(PM10),89,127,98,48,51,12,,6,6,76,60,11,9,0.9,0.6
2023-12-25T1000,3423A,119.0138,31.6494,南京市,溧水永阳,细颗粒物(PM2.5),97,88,81,72,59,36,,17,17,42,37,4,4,0.7,0.7
2023-12-25T1000,3424A,118.879,31.3302,南京市,高淳老职中,细颗粒物(PM2.5),85,64,78,63,54,30,,25,22,43,38,7,7,0.9,0.6
2023-12-25T1000,3427A,118.8554,32.3578,南京市,六合雄州,颗粒物(PM10),80,109,96,57,49,6,,4,4,40,42,15,17,0.8,0.7
2023-12-25T1000,1401A,108.3103,22.7881,南宁市,二十一中,细颗粒物(PM2.5),77,92,61,56,42,14,,14,6,62,41,21,15,1.0,0.7
2023-12-25T1000,1402A,108.3141,22.8528,南宁市,北湖,颗粒物(PM10),57,64,63,38,37,16,,6,6,40,35,19,12,0.9,0.7
2023-12-25T1000,1403A,108.3206,22.8225,南宁市,市监测站,细颗粒物(PM2.5),74,90,69,54,45,14,,21,10,66,60,19,13,0.9,0.8
2023-12-25T1000,1404A,108.3829,22.8037,南宁市,大自然花园,颗粒物(PM10),61,71,45,42,34,26,,32,22,51,32,18,11,0.6,0.5
2023-12-25T1000,1405A,108.4394,22.7904,南宁市,仙葫,颗粒物(PM10),60,70,57,34,35,54,,23,16,31,32,12,9,0.7,0.7
2023-12-25T1000,1406A,108.2397,22.8467,南宁市,区农职院,颗粒物(PM10),59,67,46,36,29,20,,20,18,43,28,25,12,0.9,0.7
2023-12-25T1000,1407A,108.3275,22.735,南宁市,英华嘉园,细颗粒物(PM2.5),68,71,53,49,38,25,,10,10,46,41,35,14,0.7,0.6
2023-12-25T1000,1408A,108.2257,22.7757,南宁市,沙井镇街道办,颗粒物(PM10),64,77,81,41,40,27,,6,6,34,42,19,20,0.8,0.7
2023-12-25T1000,3401A,108.4834,22.7618,南宁市,红星社区,颗粒物(PM10),51,52,52,35,34,45,,23,19,32,29,9,8,0.5,0.4
2023-12-25T1000,2331A,118.0966,26.6761,南平市,茫荡山,,,,,,,,,,,,,,,,
2023-12-25T1000,2332A,118.1681,26.6369,南平市,南平市监测站,,30,30,31,16,23,42,,15,15,16,28,5,5,0.7,0.7
2023-12-25T1000,2333A,118.1825,26.6489,南平市,南平铝业有限公司,颗粒物(PM10),51,51,31,19,23,30,,11,11,19,29,6,6,0.5,0.6
2023-12-25T1000,2334A,118.1756,26.6272,南平市,南平七中,,50,50,28,23,26,33,,16,16,20,20,6,6,0.7,0.5
2023-12-25T1000,1168A,120.9098,31.9663,南通市,狼山街道,细颗粒物(PM2.5),122,129,81,92,58,22,,30,26,73,36,17,10,0.9,0.5
2023-12-25T1000,1169A,120.86,32.0005,南通市,虹桥,细颗粒物(PM2.5),122,130,92,92,65,33,,26,21,62,50,11,8,1.1,0.9
2023-12-25T1000,1170A,120.87,32.02,南通市,城中,细颗粒物(PM2.5),112,119,84,84,59,35,,16,16,54,46,15,10,0.9,0.7
2023-12-25T1000,1171A,120.94,31.93,南通市,星湖花园,细颗粒物(PM2.5),127,145,87,96,56,22,,25,22,68,46,16,8,1.1,0.6
2023-12-25T1000,1172A,120.81,32.0417,南通市,紫琅学院,细颗粒物(PM2.5),113,145,102,85,66,28,,7,7,62,53,15,9,0.7,0.5
2023-12-25T1000,3291A,121.067,32.062,南通市,通州监测站,细颗粒物(PM2.5),117,129,106,88,70,34,,11,11,58,49,11,8,0.7,0.7
2023-12-25T1000,3432A,120.9348,31.9883,南通市,环境教育馆,细颗粒物(PM2.5),102,105,74,76,56,25,,20,16,60,35,14,10,1.0,0.7
2023-12-25T1000,2404A,112.5224,33.0122,南阳市,瓦房庄,细颗粒物(PM2.5),138,140,130,105,111,5,,3,3,61,61,8,8,1.3,1.2
2023-12-25T1000,2405A,112.5003,32.9735,南阳市,汉画馆,细颗粒物(PM2.5),135,143,132,103,98,14,,4,4,59,49,10,8,1.0,0.9
2023-12-25T1000,2406A,112.5573,33.027,南阳市,气象站,细颗粒物(PM2.5),119,141,136,90,102,8,,4,4,47,52,6,7,1.1,1
2023-12-25T1000,2407A,112.5481,32.9689,南阳市,理工学院,细颗粒物(PM2.5),132,148,128,100,93,9,,7,3,55,58,9,9,1.2,1
2023-12-25T1000,4008A,112.5234,32.9922,南阳市,卧龙区政府,细颗粒物(PM2.5),129,140,132,98,98,11,,4,4,62,62,10,8,1.2,1.1
2023-12-25T1000,1234A,121.8358,29.911,宁波市,区环保大楼,细颗粒物(PM2.5),108,140,108,81,64,33,,10,10,61,67,14,11,0.9,0.9
2023-12-25T1000,1235A,121.56,29.82,宁波市,万里学院,颗粒物(PM10),81,112,102,59,65,32,,7,7,53,61,9,8,0.8,0.7
2023-12-25T1000,1236A,121.713,29.9572,宁波市,龙赛医院,细颗粒物(PM2.5),99,131,108,74,56,46,,9,9,54,70,13,10,1.1,1
2023-12-25T1000,1239A,121.633,29.7733,宁波市,钱湖水厂,细颗粒物(PM2.5),89,120,123,66,61,22,,8,8,49,59,12,10,0.9,0.8
2023-12-25T1000,1240A,121.5856,29.8635,宁波市,太古小学,细颗粒物(PM2.5),95,102,88,71,62,39,,8,8,44,61,11,9,1.1,1
2023-12-25T1000,1241A,121.524,29.8674,宁波市,市环境监测中心,颗粒物(PM10),88,125,108,62,63,30,,6,6,50,63,14,12,1.1,1.2
2023-12-25T1000,2871A,121.6147,29.9017,宁波市,万里国际学校,细颗粒物(PM2.5),113,113,98,85,70,37,,12,12,50,67,13,10,1.2,1.2
2023-12-25T1000,3710A,121.5594,29.8975,宁波市,白沙活动中心,细颗粒物(PM2.5),94,99,93,70,62,35,,10,10,56,66,12,9,1.1,1
2023-12-25T1000,2339A,119.5001,26.6946,宁德市,金涵水库,,,,,,,,,,,,,,,,
2023-12-25T1000,2341A,119.5388,26.6612,宁德市,宁德市监测站,,45,45,32,25,28,39,,33,30,17,18,6,6,0.7,0.7
2023-12-25T1000,3209A,119.5231,26.6562,宁德市,宁德一中,,43,43,36,17,24,32,,31,29,22,15,3,2,0.8,0.7
2023-12-25T1000,2618A,98.8601,25.8567,怒江州,州监测站,,30,30,32,20,20,21,,24,22,16,15,9,9,0.4,0.3
2023-12-25T1000,2619A,98.8546,25.8417,怒江州,泸水一中,,29,28,32,20,23,5,,15,12,20,21,6,7,0.5,0.5
2023-12-25T1000,1888A,101.6891,26.571,攀枝花市,弄弄坪,颗粒物(PM10),59,67,58,40,34,10,,17,16,32,33,17,45,1.5,1.2
2023-12-25T1000,1889A,101.5769,26.5928,攀枝花市,河门口,,48,45,48,33,32,13,,25,20,23,23,8,18,1.2,1.2
2023-12-25T1000,1890A,101.7169,26.585,攀枝花市,炳草岗,细颗粒物(PM2.5),65,60,58,47,36,9,,15,14,36,34,35,64,1.0,0.9
2023-12-25T1000,1891A,101.7369,26.5008,攀枝花市,仁和,,42,42,32,29,23,20,,29,28,31,17,16,6,1.0,0.8
2023-12-25T1000,2835A,101.7227,26.567,攀枝花市,四十中小,"颗粒物(PM10),细颗粒物(PM2.5)",52,54,58,36,34,16,,24,22,33,30,31,61,1.2,1.1
2023-12-25T1000,1604A,122.0303,41.1489,盘锦市,开发区,细颗粒物(PM2.5),114,110,107,86,96,20,,8,8,,92,360,52,1.9,2.1
2023-12-25T1000,1605A,122.0485,41.0883,盘锦市,兴隆台,细颗粒物(PM2.5),145,,99,111,89,20,,12,12,81,71,143,36,2.5,2.3
2023-12-25T1000,1606A,121.8297,41.1028,盘锦市,新生街道,细颗粒物(PM2.5),107,127,116,80,83,19,,12,12,58,61,241,40,1.7,1.6
2023-12-25T1000,1832A,113.3257,33.742,平顶山市,新华旅馆,颗粒物(PM10),106,161,145,59,68,12,,5,5,53,50,11,8,1.4,1
2023-12-25T1000,1833A,113.2919,33.737,平顶山市,规划设计院,细颗粒物(PM2.5),97,130,127,72,67,11,,5,5,44,47,21,11,1.2,1.1
2023-12-25T1000,1834A,113.182,33.774,平顶山市,平顶山工学院,细颗粒物(PM2.5),94,123,108,70,55,16,,21,21,42,38,7,7,1.0,0.7
2023-12-25T1000,3204A,113.3025,33.73,平顶山市,规划局,细颗粒物(PM2.5),94,134,139,70,75,12,,6,6,47,50,18,10,1.0,0.9
2023-12-25T1000,3594A,112.8867,33.9116,平顶山市,石龙区,细颗粒物(PM2.5),102,128,127,76,50,26,,17,17,56,59,10,7,0.8,0.5
2023-12-25T1000,2656A,106.6692,35.5461,平凉市,聚贤嘉苑,,50,50,60,35,38,22,,14,14,41,49,15,10,0.9,0.8
2023-12-25T1000,2657A,106.7021,35.5307,平凉市,博物馆,细颗粒物(PM2.5),102,115,87,76,55,18,,12,12,64,61,25,16,1.8,1.3
2023-12-25T1000,2347A,114.0997,27.5002,萍乡市,武功山,细颗粒物(PM2.5),52,51,35,36,22,43,,37,37,10,9,1,2,0.3,0.2
2023-12-25T1000,2348A,113.8385,27.6434,萍乡市,中医院,细颗粒物(PM2.5),89,109,105,66,69,14,,4,4,40,38,22,15,1.4,1.1
2023-12-25T1000,2349A,113.8493,27.6253,萍乡市,市政府车库,,,112,91,64,65,15,,7,7,43,35,,15,6.2,1.6
2023-12-25T1000,2350A,113.8676,27.6435,萍乡市,市环保局,细颗粒物(PM2.5),84,92,91,62,55,23,,9,9,37,43,24,11,1.0,1.1
2023-12-25T1000,2351A,113.866,27.6198,萍乡市,安源区政府,,,133,94,63,59,19,,6,6,50,39,16,8,,1.5
2023-12-25T1000,2319A,119.0141,25.4325,莆田市,荔城区仓后路,,40,40,37,20,19,71,,65,64,15,17,7,7,0.6,0.6
2023-12-25T1000,2320A,119.0015,25.4553,莆田市,莆田市监测站,,46,46,31,17,21,76,,73,71,14,15,8,8,0.6,0.5
2023-12-25T1000,2321A,119.1119,25.4561,莆田市,涵江区六中,,49,49,38,18,18,82,,70,70,14,16,8,8,0.5,0.5
2023-12-25T1000,2322A,119.1013,25.3215,莆田市,秀屿区政府,颗粒物(PM10),52,54,44,27,18,70,,68,67,22,21,10,10,0.5,0.5
2023-12-25T1000,2323A,118.981,25.4792,莆田市,东圳水库,,,,,,,,,,,,,,,,
2023-12-25T1000,2392A,115.0312,35.7636,濮阳市,环保局,,,,92,,64,,,10,7,55,47,8,6,1.2,1
2023-12-25T1000,2394A,115.0574,35.7609,濮阳市,油田运输公司,细颗粒物(PM2.5),117,131,108,88,67,21,,8,7,59,52,10,9,1.0,0.8
2023-12-25T1000,2395A,115.0866,35.7754,濮阳市,油田物探公司,细颗粒物(PM2.5),110,141,111,83,70,17,,9,7,57,46,6,6,1.4,1.1
2023-12-25T1000,3021A,115,35.7668,濮阳市,濮水河管理处,细颗粒物(PM2.5),107,94,96,80,74,16,,13,11,72,51,7,6,1.3,0.9
2023-12-25T1000,2601A,100.98,22.7633,普洱市,市环保局,细颗粒物(PM2.5),57,40,28,40,31,40,,45,43,9,8,4,4,0.5,0.4
2023-12-25T1000,2602A,100.9817,22.8322,普洱市,普洱第二中学,,35,35,28,17,10,32,,54,48,20,10,5,5,0.6,0.5
2023-12-25T1000,2262A,131.0518,45.8751,七台河市,新一中,细颗粒物(PM2.5),90,77,83,67,72,57,,44,44,26,36,12,12,0.8,0.9
2023-12-25T1000,3345A,131.0577,45.7879,七台河市,中波台,细颗粒物(PM2.5),74,63,108,54,91,51,,29,29,30,46,10,11,0.7,1
2023-12-25T1000,3637A,131.0176,45.7761,七台河市,人民广场,细颗粒物(PM2.5),68,73,126,49,95,46,,28,28,37,58,6,6,0.8,1.2
2023-12-25T1000,3684A,130.8781,45.8222,七台河市,新建矿广场,颗粒物(PM10),144,237,167,105,113,,,27,27,62,68,28,54,1.5,1.3
2023-12-25T1000,1779A,123.9305,47.3636,齐齐哈尔市,安居小区,细颗粒物(PM2.5),134,151,58,102,32,10,,11,6,51,36,14,10,2.0,0.9
2023-12-25T1000,1780A,123.9488,47.3386,齐齐哈尔市,中心广场,细颗粒物(PM2.5),105,105,55,79,30,9,,13,10,57,40,11,6,1.8,0.9
2023-12-25T1000,1781A,123.9483,47.3227,齐齐哈尔市,农牧车辆厂,颗粒物(PM10),95,139,54,59,28,8,,7,7,59,44,14,10,1.7,0.9
2023-12-25T1000,1783A,123.945,47.2988,齐齐哈尔市,市环境监测站,细颗粒物(PM2.5),124,167,57,94,34,12,,12,8,48,35,5,6,1.4,0.6
2023-12-25T1000,3662A,123.6333,47.2075,齐齐哈尔市,富区青少年活动中心,颗粒物(PM10),125,199,63,90,28,10,,16,13,42,24,63,14,2.4,0.7
2023-12-25T1000,2591A,107.9783,26.5747,黔东南苗族侗族自治州,市环境监测站,细颗粒物(PM2.5),58,62,49,41,36,12,,26,20,43,39,14,11,0.8,0.5
2023-12-25T1000,2881A,107.8908,26.5311,黔东南苗族侗族自治州,凯里学院,,40,40,44,26,28,26,,30,28,25,23,5,5,0.6,0.5
2023-12-25T1000,2593A,107.5228,26.2403,黔南布依族苗族自治州,小围寨,细颗粒物(PM2.5),58,48,48,41,36,25,,29,21,18,18,7,8,0.8,0.6
2023-12-25T1000,3538A,107.5175,26.2978,黔南布依族苗族自治州,沙坝,细颗粒物(PM2.5),67,63,51,48,39,18,,24,20,23,17,7,8,0.8,0.7
2023-12-25T1000,2589A,104.9022,25.0925,黔西南布依族苗族自治州,场坝街,细颗粒物(PM2.5),82,79,61,60,56,11,,8,8,25,26,10,10,0.9,0.7
2023-12-25T1000,2590A,104.8811,25.0992,黔西南布依族苗族自治州,坪东大道,细颗粒物(PM2.5),94,,60,70,53,19,,8,7,22,27,16,10,0.8,0.8
2023-12-25T1000,2502A,108.6236,21.9667,钦州市,市环保站,颗粒物(PM10),63,75,69,36,33,65,,63,62,30,27,25,15,1.7,1.1
2023-12-25T1000,2503A,108.6549,21.9481,钦州市,沙埠小学,细颗粒物(PM2.5),63,70,62,45,39,56,,61,59,27,22,13,15,0.7,0.6
2023-12-25T1000,2504A,108.5989,21.7431,钦州市,港区一小,颗粒物(PM10),76,102,108,40,35,47,,48,43,39,31,22,13,1.0,0.8
2023-12-25T1000,3404A,108.5959,21.9633,钦州市,北职校,细颗粒物(PM2.5),58,49,47,41,36,71,,72,70,19,18,14,12,0.7,0.8
2023-12-25T1000,1042A,119.5134,39.8207,秦皇岛市,北戴河环保局,,32,32,29,10,13,50,,28,28,22,33,11,10,0.5,0.7
2023-12-25T1000,1043A,119.7493,40.0116,秦皇岛市,第一关,颗粒物(PM10),63,76,64,31,36,12,,6,6,65,61,16,13,1.0,0.8
2023-12-25T1000,1044A,119.5897,39.9499,秦皇岛市,监测站,,42,42,52,19,24,30,,9,9,43,53,9,9,0.6,0.7
2023-12-25T1000,1046A,119.5251,39.9041,秦皇岛市,建设大厦,颗粒物(PM10),52,54,49,10,25,26,,15,15,52,45,5,6,0.6,0.6
2023-12-25T1000,3132A,119.610547,39.943889,秦皇岛市,文明里,,48,48,57,14,25,28,,9,9,50,57,6,6,0.7,0.7
2023-12-25T1000,1307A,120.6659,36.2403,青岛市,仰口,,44,44,65,27,46,74,,63,63,14,25,12,17,0.4,0.6
2023-12-25T1000,1310A,120.4134,36.0658,青岛市,市南区东部子站,细颗粒物(PM2.5),132,136,92,100,57,34,,21,21,59,55,51,19,1.4,1
2023-12-25T1000,1311A,120.3664,36.1032,青岛市,四方区子站,细颗粒物(PM2.5),140,132,90,107,63,35,,15,15,60,64,24,17,1.5,1.1
2023-12-25T1000,1312A,120.2994,36.054,青岛市,市南区西部子站,细颗粒物(PM2.5),108,127,88,81,53,36,,18,18,51,48,22,16,1.2,0.9
2023-12-25T1000,1313A,120.4581,36.0858,青岛市,崂山区子站,细颗粒物(PM2.5),134,146,89,102,55,33,,19,19,65,57,41,18,1.4,0.9
2023-12-25T1000,1314A,120.1983,35.9608,青岛市,黄岛区子站,细颗粒物(PM2.5),108,117,74,81,51,49,,26,26,50,50,21,15,1.4,0.9
2023-12-25T1000,1315A,120.3999,36.3083,青岛市,城阳区子站,细颗粒物(PM2.5),129,195,112,98,55,21,,13,13,89,65,36,20,1.9,1.4
2023-12-25T1000,1966A,120.0405,35.8735,青岛市,黄岛区4号,细颗粒物(PM2.5),100,127,88,75,55,33,,21,21,61,54,19,15,1.4,1.1
2023-12-25T1000,3362A,120.5014,36.4034,青岛市,即墨2号,细颗粒物(PM2.5),172,210,134,130,84,24,,12,12,81,66,40,30,1.8,1.3
2023-12-25T1000,3642A,120.3503,36.0736,青岛市,市北区南部,细颗粒物(PM2.5),119,126,100,90,58,32,,11,11,62,68,17,12,1.1,0.8
2023-12-25T1000,3643A,120.3948,36.1805,青岛市,李沧区北部,细颗粒物(PM2.5),149,153,98,114,69,33,,27,24,69,57,32,21,1.7,1.3
2023-12-25T1000,1702A,113.0426,23.691,清远市,环保大楼,,32,32,24,13,16,75,,67,66,8,10,5,5,0.5,0.5
2023-12-25T1000,1703A,113.0208,23.7106,清远市,凤城街办,,49,49,30,22,19,48,,64,54,39,21,9,8,0.5,0.4
2023-12-25T1000,3025A,113.0477,23.6344,清远市,技师学院,,42,42,32,18,15,75,,64,64,13,16,8,8,0.2,0.2
2023-12-25T1000,3318A,112.9903,23.7403,清远市,清新太和,,41,41,25,20,16,50,,73,68,35,15,8,7,0.7,0.5
2023-12-25T1000,3455A,113.076,23.7198,清远市,清城东城,,29,29,29,14,18,85,,77,77,10,11,11,11,0.5,0.4
2023-12-25T1000,2661A,107.6325,35.7357,庆阳市,庆阳五中,细颗粒物(PM2.5),88,104,72,65,43,20,,41,31,55,28,61,17,0.9,0.8
2023-12-25T1000,2662A,107.6364,35.7067,庆阳市,市环保局,细颗粒物(PM2.5),87,66,53,64,37,51,,54,51,28,19,9,9,0.7,0.5
2023-12-25T1000,1916A,103.7897,25.5035,曲靖市,环境监测站,细颗粒物(PM2.5),67,65,71,48,50,23,,26,26,30,29,5,5,1.0,1.1
2023-12-25T1000,1917A,103.8,25.5364,曲靖市,烟厂办公区,细颗粒物(PM2.5),65,68,72,47,49,30,,30,30,20,23,4,4,0.9,1
2023-12-25T1000,3376A,103.7947,25.462,曲靖市,南苑二区,细颗粒物(PM2.5),63,64,75,45,53,28,,30,30,21,22,10,10,1.0,1.1
2023-12-25T1000,3377A,103.7444,25.5261,曲靖市,曲靖师范学院,细颗粒物(PM2.5),63,57,68,45,61,32,,31,31,23,28,4,6,0.8,0.9
2023-12-25T1000,1264A,118.8692,28.9398,衢州市,环保大楼,颗粒物(PM10),62,73,82,38,46,12,,6,6,40,50,10,10,0.8,1.3
2023-12-25T1000,1265A,118.8709,28.9666,衢州市,实验学校,颗粒物(PM10),57,64,71,34,39,9,,2,2,41,50,6,8,0.9,1.2
2023-12-25T1000,1266A,118.8621,28.9808,衢州市,衢州学院,颗粒物(PM10),58,66,67,35,36,10,,4,4,38,45,6,9,0.6,0.9
2023-12-25T1000,1611A,118.5819,24.9117,泉州市,涂山街,颗粒物(PM10),56,62,44,22,21,81,,69,68,15,18,5,5,0.4,0.4
2023-12-25T1000,1612A,118.5972,24.8978,泉州市,津头埔,颗粒物(PM10),54,58,37,19,19,74,,71,70,18,19,4,4,0.4,0.5
2023-12-25T1000,1613A,118.6663,24.9424,泉州市,万安,颗粒物(PM10),61,71,41,20,18,81,,76,74,16,16,2,3,0.7,0.6
2023-12-25T1000,1614A,118.6117,24.9604,泉州市,清源山,,,,,,,,,,,,,,,,
2023-12-25T1000,3529A,118.6333,24.9264,泉州市,城华南路,,50,50,39,21,19,75,,70,68,16,17,7,7,0.5,0.5
2023-12-25T1000,2626A,88.8876,29.2718,日喀则市,日喀则监测站,,50,50,39,25,17,25,,49,38,31,17,3,4,0.8,0.6
2023-12-25T1000,3726A,88.8781,29.2426,日喀则市,林业技术推广中心,,37,37,20,9,5,38,,64,54,21,8,8,6,0.6,0.4
2023-12-25T1000,1659A,119.471,35.4209,日照市,监测站,颗粒物(PM10),98,146,86,0,42,17,,8,8,75,64,26,18,1.6,1.1
2023-12-25T1000,1660A,119.523,35.4216,日照市,市政府广场,细颗粒物(PM2.5),84,92,79,62,52,31,,14,14,60,57,15,14,1.4,1.1
2023-12-25T1000,1661A,119.5587,35.4044,日照市,港务局,细颗粒物(PM2.5),90,122,91,67,53,23,,8,8,66,61,18,17,1.4,1.1
2023-12-25T1000,3507A,119.5328,35.4625,日照市,职业技术学院,细颗粒物(PM2.5),92,105,83,68,51,35,,18,18,50,48,20,15,1.2,0.9
2023-12-25T1000,3604A,119.3266,35.1044,日照市,岚山环保分局,细颗粒物(PM2.5),89,97,98,66,62,43,,30,30,48,52,22,21,1.4,1.3
2023-12-25T1000,1835A,111.1922,34.7752,三门峡市,市政府,颗粒物(PM10),73,95,72,50,48,12,,4,4,45,47,16,12,1.6,1.1
2023-12-25T1000,1836A,111.1587,34.7942,三门峡市,开发区,颗粒物(PM10),69,88,83,48,44,16,,3,3,37,49,4,8,1.1,0.9
2023-12-25T1000,1838A,111.143,34.7955,三门峡市,风景区,,,,,,,,,,,,,,,,
2023-12-25T1000,3039A,111.1911,34.7829,三门峡市,三门峡市第一小学,细颗粒物(PM2.5),69,81,73,50,40,21,,8,8,64,47,7,11,1.2,0.9
2023-12-25T1000,3598A,111.1,34.7167,三门峡市,富达温泉假日酒店,细颗粒物(PM2.5),82,84,95,60,65,10,,6,6,63,63,20,17,1.2,1.2
2023-12-25T1000,2324A,117.6211,26.2625,三明市,三钢,,36,36,31,23,21,24,,14,13,24,26,8,4,0.4,0.4
2023-12-25T1000,2325A,117.635,26.2714,三明市,三明二中,,46,46,29,25,20,24,,18,16,30,27,10,7,0.4,0.3
2023-12-25T1000,2326A,117.6028,26.2378,三明市,三元区政府,颗粒物(PM10),51,52,39,34,20,25,,13,13,25,28,8,6,0.7,0.6
2023-12-25T1000,2327A,117.7275,26.3108,三明市,洋溪,,,,,,,,,,,,,,,,
2023-12-25T1000,1876A,109.5078,18.2489,三亚市,河东子站,,34,34,37,17,21,86,,94,92,11,8,4,4,0.5,0.5
2023-12-25T1000,1877A,109.4964,18.2681,三亚市,河西子站,,35,35,33,19,21,82,,92,88,11,8,4,4,0.6,0.5
2023-12-25T1000,3540A,109.7348,18.3443,三亚市,君悦子站,,48,48,48,18,21,78,,81,73,18,11,3,2,0.4,0.4
2023-12-25T1000,2624A,91.7608,29.2313,山南市,山南监测站,,17,17,23,11,10,47,,76,68,17,10,8,8,0.4,0.3
2023-12-25T1000,2625A,91.7706,29.2436,山南市,山南人民医院,,35,35,18,19,7,42,,80,70,30,10,8,7,0.6,0.3
2023-12-25T1000,1674A,116.6794,23.3667,汕头市,金平子站,颗粒物(PM10),55,59,40,18,23,57,,50,46,19,20,12,11,0.6,0.6
2023-12-25T1000,1675A,116.7244,23.3633,汕头市,龙湖子站,,40,40,36,14,19,47,,48,43,30,26,12,10,0.3,0.3
2023-12-25T1000,1676A,116.7258,23.2775,汕头市,濠江子站,,41,41,34,15,23,55,,54,48,22,18,14,11,0.6,0.6
2023-12-25T1000,1677A,116.7519,23.4714,汕头市,澄海子站,,46,46,36,21,25,49,,40,37,21,23,8,8,0.5,0.4
2023-12-25T1000,1678A,116.6092,23.2539,汕头市,潮阳子站,,41,41,37,14,19,50,,57,50,21,16,13,11,0.5,0.5
2023-12-25T1000,3444A,116.454,23.2684,汕头市,潮南峡山,,,,45,,23,,,52,46,22,20,15,12,0.7,0.7
2023-12-25T1000,3624A,116.4069,23.2533,汕头市,潮南子站,,38,36,57,26,29,47,,38,35,22,24,15,10,0.8,0.8
2023-12-25T1000,1693A,115.3653,22.775,汕尾市,市环保局,,32,32,26,13,17,68,,74,72,12,9,12,12,0.3,0.4
2023-12-25T1000,1694A,115.3706,22.7898,汕尾市,市政府,,29,29,24,11,18,70,,76,73,8,7,6,5,0.3,0.3
2023-12-25T1000,1695A,115.3622,22.7925,汕尾市,新城中学,,38,38,29,12,20,75,,78,77,10,9,11,11,0.4,0.4
2023-12-25T1000,2645A,109.9154,33.8715,商洛市,监测站,,48,48,40,18,22,31,,21,21,20,32,4,5,0.6,0.5
2023-12-25T1000,3045A,109.9643,33.8471,商洛市,商州区中学,颗粒物(PM10),64,77,59,26,20,15,,6,6,36,39,6,8,0.7,0.4
2023-12-25T1000,2408A,115.6702,34.4285,商丘市,环境监测站,细颗粒物(PM2.5),152,159,112,116,91,33,,23,20,46,47,10,7,0.9,0.8
2023-12-25T1000,2409A,115.6458,34.4045,商丘市,粮食局,细颗粒物(PM2.5),143,162,117,109,86,28,,29,24,42,43,16,9,0.9,0.8
2023-12-25T1000,2410A,115.6293,34.3948,商丘市,睢阳区环保局,,,,130,,89,,,,,,50,,8,,1.1
2023-12-25T1000,3171A,115.6071,34.4465,商丘市,梁园区档案局,细颗粒物(PM2.5),124,156,118,94,78,27,,29,24,41,43,14,10,1.0,0.8
2023-12-25T1000,1141A,121.4,31.238,上海市,普陀,细颗粒物(PM2.5),113,143,117,85,66,17,,4,4,67,75,21,10,2.0,1.1
2023-12-25T1000,1142A,121.478,31.2036,上海市,十五厂,细颗粒物(PM2.5),127,124,112,96,79,41,,17,17,49,68,29,16,1.9,1.1
2023-12-25T1000,1143A,121.467,31.3008,上海市,虹口,细颗粒物(PM2.5),118,141,118,89,72,33,,8,8,50,62,24,12,1.9,1.2
2023-12-25T1000,1144A,121.412,31.1654,上海市,徐汇上师大,细颗粒物(PM2.5),129,155,125,98,74,28,,7,7,65,77,18,10,1.7,1.1
2023-12-25T1000,1145A,121.536,31.2659,上海市,杨浦四漂,细颗粒物(PM2.5),104,156,125,78,63,41,,14,14,53,69,21,10,2.0,1.2
2023-12-25T1000,1147A,121.425,31.2261,上海市,静安监测站,细颗粒物(PM2.5),120,143,113,91,69,27,,10,10,68,83,26,11,2.2,1.1
2023-12-25T1000,1148A,121.703,31.1907,上海市,浦东川沙,细颗粒物(PM2.5),117,134,119,88,70,24,,8,8,72,76,17,10,1.4,1.1
2023-12-25T1000,1149A,121.533,31.2284,上海市,浦东新区监测站,细颗粒物(PM2.5),105,122,118,79,65,34,,10,10,57,71,24,12,1.7,1.2
2023-12-25T1000,1150A,121.577,31.2071,上海市,浦东张江,细颗粒物(PM2.5),114,127,111,86,62,33,,8,8,67,83,16,9,1.9,0.9
2023-12-25T1000,3265A,121.4316,31.3322,上海市,宝山庙行,细颗粒物(PM2.5),113,136,118,85,73,20,,6,6,77,80,24,12,2.1,1.4
2023-12-25T1000,3266A,121.8791,31.4662,上海市,崇明上实东滩,细颗粒物(PM2.5),74,75,94,54,67,64,,37,37,26,32,10,8,0.8,0.9
2023-12-25T1000,3268A,121.3162,31.2838,上海市,嘉定南翔,细颗粒物(PM2.5),123,178,147,93,80,10,,3,3,78,68,19,11,1.8,1.2
2023-12-25T1000,3269A,121.3359,30.7456,上海市,金山新城,细颗粒物(PM2.5),130,132,104,99,71,31,,14,14,65,60,14,11,1.2,0.9
2023-12-25T1000,3270A,121.4996,31.0739,上海市,闵行浦江,细颗粒物(PM2.5),122,151,117,92,67,18,,6,6,62,60,20,13,1.8,1.2
2023-12-25T1000,3271A,121.2886,31.1663,上海市,青浦徐泾,细颗粒物(PM2.5),132,173,126,100,69,21,,5,5,70,67,14,9,1.5,1.1
2023-12-25T1000,3272A,121.2186,31.0378,上海市,松江图书馆,细颗粒物(PM2.5),120,150,121,91,66,23,,6,6,69,63,16,8,1.3,1
2023-12-25T1000,3273A,121.3902,31.2059,上海市,长宁仙霞,细颗粒物(PM2.5),127,179,144,96,72,29,,6,6,58,80,17,10,1.8,1.4
2023-12-25T1000,3274A,121.7965,31.0507,上海市,浦东惠南,细颗粒物(PM2.5),113,137,117,85,66,27,,6,6,59,70,20,13,1.7,1.2
2023-12-25T1000,3544A,121.4891,30.925,上海市,奉贤南桥新城,细颗粒物(PM2.5),109,148,116,82,63,19,,6,6,65,58,16,14,1.4,1
2023-12-25T1000,2381A,118.005,28.4572,上饶市,百草园,,,,,,,,,,,,,,,,
2023-12-25T1000,2382A,117.9756,28.4436,上饶市,市监测站,颗粒物(PM10),67,84,67,33,35,19,,5,5,35,38,118,33,0.8,0.7
2023-12-25T1000,2383A,117.9519,28.4628,上饶市,凤凰光学,,,76,69,35,35,10,,3,3,41,44,148,29,,0.9
2023-12-25T1000,3413A,118.1953,28.4401,上饶市,广丰区教体局,细颗粒物(PM2.5),57,61,68,40,43,37,,19,19,15,30,38,15,0.6,0.6
2023-12-25T1000,3685A,117.897,28.4315,上饶市,双创科技城,细颗粒物(PM2.5),65,77,77,47,41,28,,7,7,34,37,236,29,1.0,0.7
2023-12-25T1000,1669A,113.5824,24.7733,韶关市,市八中,颗粒物(PM10),53,55,40,36,27,31,,36,31,23,17,13,10,0.7,0.6
2023-12-25T1000,1671A,113.5917,24.7972,韶关市,园林处,细颗粒物(PM2.5),62,44,33,44,28,26,,36,30,25,16,13,10,0.5,0.4
2023-12-25T1000,1672A,113.6735,24.7791,韶关市,韶关学院,,28,25,45,19,34,37,,14,14,14,25,11,10,0.4,0.5
2023-12-25T1000,1673A,113.5971,24.6863,韶关市,曲江监测站,颗粒物(PM10),63,75,51,36,27,27,,15,15,27,27,23,11,0.8,0.4
2023-12-25T1000,3622A,113.5556,24.8082,韶关市,碧湖山庄,颗粒物(PM10),56,62,48,34,31,29,,24,20,22,18,11,10,0.5,0.4
2023-12-25T1000,2462A,111.5239,27.3033,邵阳市,市水土所,细颗粒物(PM2.5),90,85,69,67,60,27,,13,13,22,17,11,11,1.0,0.9
2023-12-25T1000,2463A,111.4733,27.2317,邵阳市,市一中,细颗粒物(PM2.5),115,122,105,87,72,21,,6,6,38,37,40,15,1.1,0.9
2023-12-25T1000,2464A,111.5283,27.2442,邵阳市,市化工厂,细颗粒物(PM2.5),109,130,108,82,69,14,,8,8,40,42,13,13,1.2,0.9
2023-12-25T1000,2465A,111.4503,27.2537,邵阳市,市罐头厂,,,,89,,76,,,66,,,30,,12,,0.8
2023-12-25T1000,2466A,111.4328,27.2272,邵阳市,市环保局,细颗粒物(PM2.5),117,104,90,88,66,24,,15,14,29,33,30,17,1.0,0.9
2023-12-25T1000,1247A,120.6053,29.9928,绍兴市,城东开发委,,,,76,,44,22,,7,7,48,51,10,9,1.2,0.8
2023-12-25T1000,2921A,120.5483,30.0003,绍兴市,树下王站,细颗粒物(PM2.5),84,99,84,62,51,26,,7,7,43,50,9,8,0.7,0.8
2023-12-25T1000,3408A,120.5683,29.9361,绍兴市,绍兴中专,颗粒物(PM10),67,83,71,34,36,29,,12,12,38,46,10,9,0.9,0.8
2023-12-25T1000,3409A,120.4906,30.0861,绍兴市,柯桥区政府,"颗粒物(PM10),细颗粒物(PM2.5)",89,127,101,66,53,26,,11,11,49,57,10,8,0.7,0.7
2023-12-25T1000,3410A,120.8752,30.0249,绍兴市,重华小学,细颗粒物(PM2.5),69,71,68,50,47,28,,14,14,41,53,13,10,0.6,0.6
2023-12-25T1000,3411A,120.8369,30.0137,绍兴市,上虞中学,细颗粒物(PM2.5),68,80,75,49,45,15,,4,4,41,51,8,7,0.8,0.8
2023-12-25T1000,3560A,120.4722,30.0415,绍兴市,柯桥妇保,细颗粒物(PM2.5),80,102,81,59,45,12,,8,8,60,53,9,7,0.6,0.5
2023-12-25T1000,3658A,120.6153,30.0764,绍兴市,袍江中学,颗粒物(PM10),85,119,102,57,50,30,,8,8,53,59,9,8,1.0,0.9
2023-12-25T1000,1356A,114.1063,22.5545,深圳市,通心岭子站,,42,42,49,22,27,61,,57,57,19,26,6,6,0.6,0.6
2023-12-25T1000,1357A,114.117,22.5625,深圳市,洪湖,,43,43,50,21,26,62,,57,56,24,35,9,8,0.5,0.5
2023-12-25T1000,1358A,113.987,22.5417,深圳市,华侨城,,40,40,40,19,22,58,,63,61,24,24,5,5,0.6,0.6
2023-12-25T1000,1359A,113.9181,22.5171,深圳市,南海子站,颗粒物(PM10),52,53,60,22,33,42,,49,47,48,41,6,6,0.8,0.8
2023-12-25T1000,1360A,114.2458,22.5689,深圳市,盐田,,37,37,40,20,22,56,,74,67,28,26,5,5,0.5,0.4
2023-12-25T1000,1361A,114.2283,22.7244,深圳市,龙岗,,39,39,37,21,20,68,,68,66,20,20,5,4,0.5,0.4
2023-12-25T1000,1363A,114.494,22.5422,深圳市,南澳,,25,25,30,16,17,78,,72,72,9,9,7,7,0.5,0.5
2023-12-25T1000,1364A,114.41,22.6342,深圳市,葵涌,,39,39,34,24,26,68,,74,71,16,12,6,5,0.4,0.5
2023-12-25T1000,1365A,114.297,22.5978,深圳市,梅沙,,39,39,38,23,23,71,,77,75,16,16,6,5,0.4,0.4
2023-12-25T1000,1366A,114.0678,22.738,深圳市,观澜,颗粒物(PM10),52,54,58,26,34,55,,14,14,31,42,4,4,0.5,0.5
2023-12-25T1000,3305A,114.0731,22.559,深圳市,莲花,,38,38,40,22,24,61,,67,64,20,19,9,9,0.6,0.6
2023-12-25T1000,3306A,114.0261,22.6198,深圳市,民治,,45,45,49,23,27,57,,56,53,24,28,6,6,0.5,0.5
2023-12-25T1000,3307A,114.1871,22.6451,深圳市,横岗,,42,42,46,24,25,61,,61,59,25,32,7,7,0.3,0.3
2023-12-25T1000,3447A,114.3551,22.7151,深圳市,坪山,,50,50,44,26,25,63,,49,49,25,29,6,5,0.5,0.5
2023-12-25T1000,3623A,113.8953,22.5861,深圳市,西乡,,45,45,49,16,24,51,,56,54,36,31,10,9,0.6,0.5
2023-12-25T1000,1098A,123.6836,41.9339,沈阳市,森林路,,,,,,,,,,,,,,,,
2023-12-25T1000,1099A,123.505,41.7406,沈阳市,浑南东路,细颗粒物(PM2.5),220,212,204,170,160,9,,5,5,79,80,12,16,2.4,2.5
2023-12-25T1000,1100A,123.4231,41.6989,沈阳市,新秀街,细颗粒物(PM2.5),149,148,204,114,156,12,,7,7,75,83,21,16,2.3,2.5
2023-12-25T1000,1102A,123.5903,41.8411,沈阳市,东陵路,细颗粒物(PM2.5),215,174,125,165,115,16,,10,10,54,57,11,13,2.5,2
2023-12-25T1000,1103A,123.4264,41.8467,沈阳市,陵东街,细颗粒物(PM2.5),193,197,158,145,128,7,,5,5,75,72,29,17,2.7,2.2
2023-12-25T1000,1104A,123.4114,41.7653,沈阳市,文化路,细颗粒物(PM2.5),170,163,198,129,153,16,,8,8,62,73,26,17,2.6,2.4
2023-12-25T1000,1105A,123.4678,41.7867,沈阳市,小河沿,细颗粒物(PM2.5),229,222,169,179,136,10,,6,6,76,74,8,14,2.6,2.2
2023-12-25T1000,1106A,123.4017,41.7972,沈阳市,太原街,细颗粒物(PM2.5),170,159,189,129,163,12,,5,5,65,76,30,28,2.1,2.3
2023-12-25T1000,1108A,123.3783,41.9228,沈阳市,京沈街,细颗粒物(PM2.5),243,250,161,193,147,11,,7,7,79,74,46,32,2.4,1.7
2023-12-25T1000,2897A,123.2444,41.7347,沈阳市,沈辽西路,细颗粒物(PM2.5),231,230,242,181,183,10,,5,5,74,77,14,11,2.8,2.6
2023-12-25T1000,2900A,123.5953,41.9086,沈阳市,裕农路,细颗粒物(PM2.5),175,152,133,132,109,26,,10,10,46,60,17,16,2.3,1.8
2023-12-25T1000,2428A,111.0419,32.395,十堰市,武当山,,,,34,,20,,,,,,10,,14,,0.6
2023-12-25T1000,2429A,110.78,32.6494,十堰市,滨河新村,"颗粒物(PM10),细颗粒物(PM2.5)",59,67,94,42,54,13,,8,8,31,48,7,7,1.0,1
2023-12-25T1000,2430A,110.7258,32.6389,十堰市,刘家沟,颗粒物(PM10),84,118,85,56,48,8,,16,12,26,21,11,9,1.4,0.8
2023-12-25T1000,2431A,110.8839,32.5714,十堰市,铁二处,细颗粒物(PM2.5),63,68,73,45,41,11,,11,9,41,34,7,7,1.7,1
2023-12-25T1000,3545A,110.8054,32.8401,十堰市,郧阳区金沙路,细颗粒物(PM2.5),64,64,60,46,49,25,,31,27,18,21,4,4,0.9,0.9
2023-12-25T1000,2709A,86.0497,44.2967,石河子市,艾青诗歌馆,细颗粒物(PM2.5),220,223,234,170,176,6,,4,4,61,63,6,7,1.9,1.7
2023-12-25T1000,2710A,86.0697,44.3075,石河子市,阳光学校,细颗粒物(PM2.5),202,217,211,152,159,6,,6,6,59,59,9,9,2.4,1.9
2023-12-25T1000,3442A,86.047,44.2331,石河子市,南区管委会,细颗粒物(PM2.5),134,160,193,102,140,33,,27,27,39,59,4,4,1.3,1.6
2023-12-25T1000,1029A,114.4422,38.0444,石家庄市,职工医院,细颗粒物(PM2.5),75,90,79,55,49,12,,6,6,81,69,14,13,1.8,1.5
2023-12-25T1000,1030A,114.6063,38.0266,石家庄市,高新区,细颗粒物(PM2.5),82,93,91,60,59,13,,4,4,81,70,10,7,2.3,1.8
2023-12-25T1000,1031A,114.4898,38.1328,石家庄市,西北水源,细颗粒物(PM2.5),79,80,73,58,48,12,,5,5,71,64,5,7,1.5,1.2
2023-12-25T1000,1032A,114.4586,38.0058,石家庄市,西南高教,细颗粒物(PM2.5),77,83,95,56,68,9,,4,4,87,75,15,11,2.0,1.6
2023-12-25T1000,1033A,114.5331,38.0178,石家庄市,世纪公园,细颗粒物(PM2.5),110,86,86,83,70,8,,5,5,80,66,9,10,2.4,1.6
2023-12-25T1000,1034A,114.509,38.0457,石家庄市,人民会堂,细颗粒物(PM2.5),95,93,77,71,61,15,,5,5,67,56,9,9,1.9,1.4
2023-12-25T1000,1035A,114.3524,37.8911,石家庄市,封龙山,,45,40,35,31,26,72,,63,63,16,17,10,6,1.0,0.8
2023-12-25T1000,2862A,114.5481,38.0378,石家庄市,22中南校区,细颗粒物(PM2.5),79,102,87,58,58,11,,4,4,76,64,13,11,2.2,1.7
2023-12-25T1000,3456A,114.289,38.0906,石家庄市,鹿泉一中,颗粒物(PM10),53,55,66,30,33,39,,31,31,33,44,21,14,0.8,0.8
2023-12-25T1000,3573A,114.8506765,38.0322033,石家庄市,藁城区实验学校,细颗粒物(PM2.5),159,172,128,121,96,13,,7,7,76,75,13,12,2.8,1.8
2023-12-25T1000,3574A,114.0504658,38.0591645,石家庄市,井陉矿区区委大楼,颗粒物(PM10),67,84,68,30,25,17,,7,7,60,54,19,15,0.8,0.6
2023-12-25T1000,4024A,114.6549,37.9020,石家庄市,栾城区星河路,细颗粒物(PM2.5),163,138,124,124,103,12,,8,8,82,72,10,14,2.4,1.7
2023-12-25T1000,1947A,106.3394,38.817,石嘴山市,沙湖旅游区,细颗粒物(PM2.5),149,158,149,114,107,11,,8,8,40,40,15,11,1.5,1.6
2023-12-25T1000,1948A,106.3668,39.0145,石嘴山市,大武口朝阳西街,颗粒物(PM10),81,112,206,53,153,20,,13,13,48,51,50,57,1.1,1.9
2023-12-25T1000,1949A,106.7704,39.2282,石嘴山市,惠农南大街,颗粒物(PM10),85,119,122,57,90,13,,5,5,49,47,19,49,1.3,1.2
2023-12-25T1000,1950A,106.7099,39.1325,石嘴山市,红果子镇惠新街,颗粒物(PM10),59,67,132,38,104,25,,10,10,31,45,11,58,0.6,1.2
2023-12-25T1000,3520A,106.3495,38.9836,石嘴山市,妇女儿童医院,细颗粒物(PM2.5),93,95,194,69,134,13,,6,6,45,55,35,31,1.2,1.8
2023-12-25T1000,3521A,106.7492,39.2069,石嘴山市,石大公路,细颗粒物(PM2.5),147,212,150,112,109,14,,12,12,42,48,21,40,1.8,1.6
2023-12-25T1000,2248A,131.1511,46.6937,双鸭山市,双合村,细颗粒物(PM2.5),53,52,55,37,33,60,,57,53,16,18,17,14,0.8,0.7
2023-12-25T1000,2249A,131.1652,46.6191,双鸭山市,南小市,细颗粒物(PM2.5),69,66,46,50,34,50,,55,52,19,18,13,12,0.7,0.6
2023-12-25T1000,2250A,131.1524,46.6554,双鸭山市,环保局,,,82,60,59,42,45,,48,42,,18,18,13,0.5,0.6
2023-12-25T1000,2251A,131.12,46.5656,双鸭山市,苗圃,,,,,,,,,,,,,,,,
2023-12-25T1000,2166A,112.4397,39.3522,朔州市,平朔,细颗粒物(PM2.5),93,122,84,69,36,20,,10,10,52,44,34,18,1.1,0.8
2023-12-25T1000,2167A,112.4575,39.3617,朔州市,朔唯,细颗粒物(PM2.5),138,224,107,105,40,8,,4,4,85,52,81,29,1.4,0.9
2023-12-25T1000,2168A,112.4258,39.3197,朔州市,区政府,细颗粒物(PM2.5),107,111,79,80,40,27,,16,16,43,38,34,21,1.1,0.9
2023-12-25T1000,2169A,112.4072,39.3278,朔州市,市环保局,细颗粒物(PM2.5),83,103,75,61,35,37,,20,20,40,43,26,23,1.0,0.9
2023-12-25T1000,2170A,112.4272,39.3681,朔州市,市二中,细颗粒物(PM2.5),99,131,96,74,35,18,,11,11,53,46,28,20,1.0,0.8
2023-12-25T1000,3571A,112.2931,39.53,朔州市,一水厂,细颗粒物(PM2.5),156,145,58,119,43,18,,15,14,56,34,21,15,1.2,0.7
2023-12-25T1000,2225A,124.4002,43.1713,四平市,一商场,细颗粒物(PM2.5),158,184,119,120,75,33,,23,22,63,57,27,16,1.5,1
2023-12-25T1000,2226A,124.388,43.193,四平市,境园,细颗粒物(PM2.5),182,138,99,137,89,35,,18,18,52,50,31,20,,1
2023-12-25T1000,3486A,124.4036,43.1411,四平市,植物园,细颗粒物(PM2.5),170,150,122,129,82,29,,14,14,60,64,18,15,1.4,1
2023-12-25T1000,3713A,124.3419,43.1666,四平市,世纪城,细颗粒物(PM2.5),159,137,88,121,76,27,,21,21,52,44,21,12,1.2,0.8
2023-12-25T1000,2233A,124.8006,45.1214,松原市,江南,细颗粒物(PM2.5),65,69,55,47,41,44,,41,41,19,25,8,6,0.6,0.5
2023-12-25T1000,2234A,124.7965,45.1722,松原市,江北,细颗粒物(PM2.5),62,51,40,44,36,45,,43,43,19,19,8,6,0.7,0.5
2023-12-25T1000,1160A,120.561,31.2472,苏州市,上方山,细颗粒物(PM2.5),107,128,98,80,68,23,,9,9,55,42,10,8,1.1,1
2023-12-25T1000,1162A,120.591,31.3019,苏州市,彩香,细颗粒物(PM2.5),115,122,111,87,75,30,,5,5,51,54,12,10,1.1,1
2023-12-25T1000,1163A,120.596,31.3264,苏州市,轧钢厂,细颗粒物(PM2.5),112,138,127,84,76,23,,6,6,58,51,14,12,0.9,0.9
2023-12-25T1000,1164A,120.613,31.2703,苏州市,吴中区,细颗粒物(PM2.5),113,130,118,85,74,28,,6,6,60,56,12,10,1.0,0.9
2023-12-25T1000,1165A,120.543,31.2994,苏州市,苏州新区,细颗粒物(PM2.5),117,127,114,88,80,41,,10,10,51,58,15,12,1.2,1.1
2023-12-25T1000,1166A,120.669,31.3097,苏州市,苏州工业园区,细颗粒物(PM2.5),122,144,118,92,80,23,,4,4,61,59,13,11,1.1,1
2023-12-25T1000,1167A,120.641,31.3708,苏州市,相城区,细颗粒物(PM2.5),114,138,119,86,75,29,,6,6,52,53,11,9,1.1,1
2023-12-25T1000,3289A,120.743,31.3188,苏州市,方洲路,细颗粒物(PM2.5),112,139,107,84,66,21,,5,5,67,61,11,8,1.2,1.1
2023-12-25T1000,3290A,120.5031,31.2774,苏州市,木渎中学,细颗粒物(PM2.5),97,90,86,72,69,60,,17,17,42,44,13,10,0.9,0.9
2023-12-25T1000,3425A,120.624,31.1733,苏州市,越秀幼儿园,细颗粒物(PM2.5),108,126,104,81,72,27,,7,7,43,50,8,8,1.0,0.9
2023-12-25T1000,3431A,120.6505,31.416,苏州市,高铁新城,细颗粒物(PM2.5),130,152,143,99,85,18,,5,5,59,67,12,11,1.0,1
2023-12-25T1000,1220A,118.293,33.9528,宿迁市,宿迁学院,细颗粒物(PM2.5),145,163,118,111,81,17,,11,11,72,53,8,7,1.1,0.7
2023-12-25T1000,1221A,118.2442,33.9592,宿迁市,宿迁中学,细颗粒物(PM2.5),130,135,109,99,82,28,,14,14,58,50,6,7,1.3,0.9
2023-12-25T1000,2996A,118.283,33.965,宿迁市,市供电局,细颗粒物(PM2.5),150,158,107,115,77,16,,16,15,69,50,18,18,1.4,1
2023-12-25T1000,3191A,118.3225,33.9447,宿迁市,宿豫区政府,细颗粒物(PM2.5),150,148,100,115,75,21,,12,12,63,55,9,8,1.2,0.9
2023-12-25T1000,3187A,116.9509,33.666,宿州市,远航博物馆,细颗粒物(PM2.5),176,189,124,133,89,11,,8,6,59,42,11,9,1.0,0.7
2023-12-25T1000,3463A,116.9708,33.591,宿州市,社会福利中心,细颗粒物(PM2.5),138,156,125,105,84,28,,19,19,45,45,10,8,0.7,0.7
2023-12-25T1000,3634A,116.9884,33.6305,宿州市,宿州学院,细颗粒物(PM2.5),172,216,134,130,82,33,,21,21,53,43,8,7,0.9,0.8
2023-12-25T1000,3701A,116.9648,33.6252,宿州市,皖北煤电集团,细颗粒物(PM2.5),160,174,123,122,90,27,,14,14,48,42,11,8,0.9,0.9
2023-12-25T1000,2266A,126.9785,46.6365,绥化市,人和东街,细颗粒物(PM2.5),145,125,102,111,84,28,,20,19,44,41,12,7,1.2,1
2023-12-25T1000,2267A,126.964,46.6528,绥化市,党政办公中心,细颗粒物(PM2.5),130,115,95,99,82,32,,27,26,41,37,16,8,0.9,0.7
2023-12-25T1000,2451A,113.3583,31.7275,随州市,市委党校,细颗粒物(PM2.5),128,139,96,97,69,16,,8,8,50,38,19,11,1.1,0.7
2023-12-25T1000,2452A,113.3833,31.6908,随州市,市林业局,细颗粒物(PM2.5),104,117,87,78,59,16,,12,8,30,24,9,7,1.0,0.7
2023-12-25T1000,2453A,113.3983,31.7308,随州市,市立交桥水厂,细颗粒物(PM2.5),104,106,85,78,63,27,,16,12,43,46,12,9,0.8,0.6
2023-12-25T1000,2527A,105.5453,30.5678,遂宁市,石溪浩,,,80,92,47,51,12,,8,8,27,33,4,4,,0.7
2023-12-25T1000,2528A,105.5582,30.5232,遂宁市,市监测站,细颗粒物(PM2.5),78,82,76,57,53,15,,6,6,36,44,12,10,0.6,0.7
2023-12-25T1000,2529A,105.5861,30.5366,遂宁市,行政中心,细颗粒物(PM2.5),79,70,76,58,52,14,,8,8,26,34,10,9,0.7,0.7
2023-12-25T1000,2530A,105.5918,30.4728,遂宁市,美宁食品公司,细颗粒物(PM2.5),94,99,99,70,56,8,,5,5,42,45,15,14,0.6,0.7
2023-12-25T1000,2706A,82.9994,46.7432,塔城地区,东门外小游园,颗粒物(PM10),93,136,86,37,23,35,,39,39,8,6,3,3,1.0,0.5
2023-12-25T1000,1255A,121.273,28.6459,台州市,黄岩环保大楼,颗粒物(PM10),70,89,58,48,30,41,,23,21,43,29,10,7,0.5,0.4
2023-12-25T1000,1256A,121.419,28.6542,台州市,台州环保大楼,细颗粒物(PM2.5),72,86,58,52,32,36,,20,16,38,33,9,7,0.5,0.4
2023-12-25T1000,1257A,121.377,28.5773,台州市,路桥田洋王,细颗粒物(PM2.5),73,86,58,53,35,34,,9,9,44,34,10,7,0.6,0.4
2023-12-25T1000,3564A,121.2568,28.6681,台州市,台州科技职业学院,颗粒物(PM10),66,81,59,36,28,51,,19,19,30,32,9,7,0.4,0.3
2023-12-25T1000,1081A,112.522,37.8873,太原市,尖草坪,颗粒物(PM10),54,58,108,33,70,22,,6,6,45,73,19,16,0.8,1.3
2023-12-25T1000,1083A,112.434,38.0108,太原市,上兰,,,,,,,,,,,,,,,,
2023-12-25T1000,1084A,112.469,37.7124,太原市,晋源,细颗粒物(PM2.5),93,80,100,69,62,10,,5,5,72,69,12,19,1.7,1.3
2023-12-25T1000,1085A,112.5583,37.7394,太原市,小店,细颗粒物(PM2.5),95,113,104,71,64,9,,4,4,76,71,16,23,2.2,1.4
2023-12-25T1000,1086A,112.5369,37.8692,太原市,桃园,颗粒物(PM10),59,67,112,30,63,17,,6,6,53,71,22,16,0.9,1.2
2023-12-25T1000,1087A,112.57,37.8195,太原市,坞城,,,76,101,38,57,,,7,7,60,72,27,22,1.9,1.3
2023-12-25T1000,1088A,112.549,37.9854,太原市,南寨,颗粒物(PM10),67,83,107,41,65,13,,6,6,69,76,10,14,1.2,1.4
2023-12-25T1000,3618A,112.4719,37.7831,太原市,金胜,颗粒物(PM10),54,57,87,36,56,26,,23,23,49,54,21,16,1.3,1
2023-12-25T1000,4010A,112.5608,37.8807,太原市,育英中学,,,56,107,33,62,,,6,6,,71,,14,,1.4
2023-12-25T1000,1656A,117.1437,36.1937,泰安市,监测站,细颗粒物(PM2.5),122,151,101,92,70,24,,15,15,53,54,27,17,2.2,1.5
2023-12-25T1000,1657A,117.0885,36.2017,泰安市,人口学校,细颗粒物(PM2.5),99,122,88,74,62,25,,18,18,54,52,25,14,1.9,1.2
2023-12-25T1000,1658A,117.1089,36.1758,泰安市,电力学校,细颗粒物(PM2.5),144,183,124,110,87,14,,8,8,62,61,25,19,2.0,1.4
2023-12-25T1000,3502A,117.1812,36.2275,泰安市,国网新校,细颗粒物(PM2.5),107,127,77,80,54,30,,43,38,44,30,25,16,1.8,1.2
2023-12-25T1000,3503A,117.0313,36.2018,泰安市,交通技校,细颗粒物(PM2.5),107,134,89,80,63,15,,6,6,63,54,14,10,1.9,1
2023-12-25T1000,3504A,117.0829,36.13,泰安市,山东第一医科大学,细颗粒物(PM2.5),107,136,107,80,75,21,,7,7,49,53,20,15,1.6,1.1
2023-12-25T1000,1206A,119.905,32.4878,泰州市,公园路,细颗粒物(PM2.5),110,136,91,83,64,28,,5,5,63,54,11,7,1.0,0.8
2023-12-25T1000,1207A,119.9189,32.4625,泰州市,莲花,细颗粒物(PM2.5),104,129,95,78,58,,,2,2,57,55,12,8,0.8,0.7
2023-12-25T1000,1209A,119.888,32.4639,泰州市,留学生创业园,细颗粒物(PM2.5),105,128,107,79,63,27,,5,5,61,55,15,11,0.6,0.6
2023-12-25T1000,2997A,119.8767,32.3289,泰州市,王营,细颗粒物(PM2.5),107,133,97,80,62,18,,6,6,73,59,14,10,0.5,0.2
2023-12-25T1000,3295A,120.1259,32.5099,泰州市,姜堰区政府广场,,,,,,,,,,,,,,,,
2023-12-25T1000,3435A,119.9192,32.4322,泰州市,周山河街区,细颗粒物(PM2.5),117,118,91,88,69,34,,9,9,55,41,14,9,0.8,0.6
2023-12-25T1000,1037A,118.131,39.6363,唐山市,雷达站,细颗粒物(PM2.5),74,85,63,54,41,15,,5,5,58,44,2,2,0.8,0.6
2023-12-25T1000,1038A,118.1725,39.6334,唐山市,物资局,颗粒物(PM10),58,65,55,35,35,28,,17,17,61,48,5,5,0.7,0.6
2023-12-25T1000,1040A,118.1705,39.6506,唐山市,十二中,细颗粒物(PM2.5),55,58,51,39,34,26,,8,8,57,51,2,2,0.7,0.6
2023-12-25T1000,1041A,118.1869,39.622,唐山市,小山,颗粒物(PM10),58,66,53,33,33,20,,9,8,58,41,3,3,0.7,0.6
2023-12-25T1000,3457A,118.4359,39.2762,唐山市,冀东油田职工医院,细颗粒物(PM2.5),100,108,63,75,44,26,,11,11,60,46,17,9,1.7,0.7
2023-12-25T1000,3575A,118.09279,39.58089,唐山市,正泰大街热力站,细颗粒物(PM2.5),78,94,66,57,41,18,,4,4,56,43,3,3,0.8,0.6
2023-12-25T1000,3576A,118.1562,39.8322,唐山市,丰润区政府,细颗粒物(PM2.5),85,110,71,63,41,10,,4,4,51,34,9,5,1.5,1.1
2023-12-25T1000,3577A,118.43673,39.73809,唐山市,金山小学,颗粒物(PM10),78,106,77,56,34,15,,3,3,47,43,6,5,0.9,0.8
2023-12-25T1000,3578A,118.24498,39.66941,唐山市,政府服务中心,细颗粒物(PM2.5),73,69,54,53,37,16,,6,6,65,49,5,4,1.1,0.7
2023-12-25T1000,3692A,118.2059,39.6585,唐山市,消防缸窑路中队,颗粒物(PM10),55,59,53,28,30,28,,12,12,39,35,4,4,0.7,0.7
2023-12-25T1000,3693A,118.1436,39.6202,唐山市,路南电大,细颗粒物(PM2.5),77,71,57,56,41,19,,4,4,51,49,3,2,0.8,0.6
2023-12-25T1000,1015A,117.1444,39.1661,天津市,勤俭道,细颗粒物(PM2.5),211,205,167,161,129,12,,6,6,88,80,13,9,2.1,1.5
2023-12-25T1000,1017A,117.237,39.1082,天津市,大直沽八号路,细颗粒物(PM2.5),221,231,141,171,99,12,,4,4,90,75,10,7,1.9,0.9
2023-12-25T1000,1018A,117.202,39.0927,天津市,前进道,细颗粒物(PM2.5),223,217,134,173,98,15,,8,8,93,78,11,6,2.3,1.3
2023-12-25T1000,1019A,117.1837,39.2133,天津市,淮河道,细颗粒物(PM2.5),169,170,151,128,111,15,,6,6,86,84,10,8,1.7,1.2
2023-12-25T1000,1021A,117.307,39.0877,天津市,跃进路,细颗粒物(PM2.5),205,213,129,155,91,13,,4,4,81,67,13,9,2.2,1.2
2023-12-25T1000,1023A,117.707,39.0343,天津市,第四大街,,,,121,,84,12,,4,4,88,75,14,9,,1.6
2023-12-25T1000,1024A,117.457,38.8394,天津市,永明路,细颗粒物(PM2.5),199,192,129,149,99,14,,4,4,73,75,20,13,1.5,1
2023-12-25T1000,1026A,117.764,39.1587,天津市,汉北路,细颗粒物(PM2.5),139,167,115,106,69,,,2,2,,69,12,7,1.6,1
2023-12-25T1000,1027A,117.157,38.9194,天津市,团泊洼,细颗粒物(PM2.5),211,197,132,161,105,40,,27,27,71,66,7,8,2.0,1.5
2023-12-25T1000,2858A,117.7918,39.2474,天津市,河西一经路,细颗粒物(PM2.5),119,120,101,90,73,16,,6,6,70,67,11,7,1.2,1
2023-12-25T1000,2859A,117.3747,38.9846,天津市,津沽路,细颗粒物(PM2.5),186,184,138,140,98,11,,4,4,92,83,13,8,1.9,1.1
2023-12-25T1000,2860A,117.1589,39.0845,天津市,宾水西道,细颗粒物(PM2.5),225,226,142,175,103,14,,9,9,102,83,10,4,2.3,1.2
2023-12-25T1000,2922A,117.1941,39.1067,天津市,大理道,细颗粒物(PM2.5),225,244,133,175,103,9,,5,5,91,77,13,9,2.0,1.3
2023-12-25T1000,3020A,117.2101,39.1699,天津市,中山北路,细颗粒物(PM2.5),165,147,123,125,100,14,,8,8,78,72,8,6,1.7,1
2023-12-25T1000,3051A,117.3876,39.1488,天津市,西四道,细颗粒物(PM2.5),190,198,123,143,84,8,,5,5,97,79,12,8,2.2,1.2
2023-12-25T1000,3325A,117.0365,39.3828,天津市,雍阳西道,细颗粒物(PM2.5),100,104,92,75,62,18,,5,5,70,71,8,7,1.1,0.8
2023-12-25T1000,3326A,117.0296,39.0605,天津市,辛老路,细颗粒物(PM2.5),206,229,157,156,110,12,,4,4,87,78,10,7,2.1,1.4
2023-12-25T1000,3327A,116.9638,38.9375,天津市,地纬路,细颗粒物(PM2.5),204,213,132,154,99,11,,4,4,,80,12,9,2.0,1.3
2023-12-25T1000,3460A,117.4067,40.0583,天津市,北环路,颗粒物(PM10),60,69,36,41,20,25,,39,30,45,21,6,4,1.0,0.5
2023-12-25T1000,3461A,117.3045,39.7169,天津市,建设路,颗粒物(PM10),71,91,80,50,46,21,,6,6,70,64,14,11,0.8,0.6
2023-12-25T1000,3462A,117.8199,39.3521,天津市,滨水东路,细颗粒物(PM2.5),100,106,85,75,59,21,,8,8,70,70,8,5,1.1,0.8
2023-12-25T1000,2649A,106.0055,34.343,天水市,麦积山,,,,,,,,,,,,,,,,
2023-12-25T1000,2650A,105.7205,34.5786,天水市,公园小学,颗粒物(PM10),68,86,87,29,35,3,,0,0,45,51,16,21,1.9,1
2023-12-25T1000,2651A,105.8945,34.5538,天水市,麦积国土局,颗粒物(PM10),75,99,114,50,56,12,,7,7,44,51,20,20,1.3,1.4
2023-12-25T1000,2216A,123.8139,42.3022,铁岭市,汇工街西,细颗粒物(PM2.5),238,194,126,188,114,15,,7,7,63,60,35,26,2.1,1.6
2023-12-25T1000,2217A,123.8649,42.2923,铁岭市,水上乐园,细颗粒物(PM2.5),195,167,102,146,85,42,,39,37,46,43,12,9,1.7,1.1
2023-12-25T1000,2218A,123.8486,42.2867,铁岭市,银州路东段,细颗粒物(PM2.5),189,188,125,142,94,33,,27,25,49,50,11,11,1.8,1.2
2023-12-25T1000,2219A,123.7153,42.2217,铁岭市,金沙江路北,细颗粒物(PM2.5),155,128,107,118,95,25,,13,13,57,63,8,7,1.8,1.5
2023-12-25T1000,2229A,125.9358,41.7173,通化市,光明,细颗粒物(PM2.5),124,112,66,94,52,13,,10,8,68,48,,21,1.8,1.2
2023-12-25T1000,2230A,125.9446,41.7325,通化市,铁路,细颗粒物(PM2.5),78,91,63,57,47,15,,6,6,55,56,25,17,1.6,1.3
2023-12-25T1000,2191A,122.2532,43.6801,通辽市,艺术职业学校,,43,43,48,19,26,56,,51,51,22,28,10,9,0.3,0.4
2023-12-25T1000,3706A,122.2584,43.6333,通辽市,老干部活动中心,,49,49,62,33,36,47,,36,36,22,32,12,12,0.5,0.6
2023-12-25T1000,3708A,122.2922,43.6189,通辽市,东方明珠社区,颗粒物(PM10),58,66,85,39,55,47,,40,40,32,41,13,16,0.9,1
2023-12-25T1000,1922A,109.0656,35.0994,铜川市,党校,颗粒物(PM10),79,108,95,57,55,7,,4,4,35,47,14,10,0.9,0.9
2023-12-25T1000,1923A,109.0697,35.0697,铜川市,王益区政府,细颗粒物(PM2.5),70,71,78,51,55,18,,7,7,39,44,6,7,1.0,0.8
2023-12-25T1000,1924A,108.9344,34.9058,铜川市,新区管委会,细颗粒物(PM2.5),72,71,87,52,57,23,,20,20,34,38,14,16,0.9,0.9
2023-12-25T1000,3651A,108.9543,34.8732,铜川市,旺旺集团,细颗粒物(PM2.5),70,66,101,51,66,31,,19,19,29,43,23,27,0.4,0.5
2023-12-25T1000,2285A,117.8177,30.9412,铜陵市,市第四中学,细颗粒物(PM2.5),123,130,94,93,59,,,8,8,66,54,21,10,2.4,1.3
2023-12-25T1000,2286A,117.8059,30.9273,铜陵市,市公路局,细颗粒物(PM2.5),103,120,82,77,51,17,,6,6,64,47,22,14,2.1,1
2023-12-25T1000,2287A,117.7807,30.9413,铜陵市,市新民污水厂,颗粒物(PM10),78,105,86,42,43,11,,4,4,63,49,14,10,1.1,1
2023-12-25T1000,2288A,117.7439,30.8792,铜陵市,市第九中学,颗粒物(PM10),90,130,115,49,53,16,,6,6,53,47,17,13,1.0,0.8
2023-12-25T1000,2289A,117.846,30.9413,铜陵市,车站新区,颗粒物(PM10),68,85,75,43,45,13,,12,10,59,50,15,12,1.1,0.8
2023-12-25T1000,2290A,117.8483,30.97,铜陵市,市职教基地,颗粒物(PM10),79,108,87,41,40,7,,4,4,46,46,11,10,0.9,0.8
2023-12-25T1000,2585A,109.1839,27.7344,铜仁地区,铜仁卫校,"颗粒物(PM10),细颗粒物(PM2.5)",65,79,80,47,46,15,,10,10,19,28,2,2,0.6,0.6
2023-12-25T1000,2586A,109.1753,27.6944,铜仁地区,铜仁七中,细颗粒物(PM2.5),60,57,60,43,49,28,,33,29,18,21,4,4,0.4,0.5
2023-12-25T1000,2686A,89.1904,42.9418,吐鲁番地区,市环保局,颗粒物(PM10),110,169,180,71,67,9,,8,8,60,54,7,9,1.6,1.6
2023-12-25T1000,2687A,89.1673,42.9559,吐鲁番地区,地区环保局,细颗粒物(PM2.5),143,210,197,109,83,8,,8,8,60,56,8,9,2.7,1.9
2023-12-25T1000,1662A,122.1214,37.4236,威海市,华夏技校,细颗粒物(PM2.5),102,85,71,76,59,47,,46,45,41,38,12,7,0.7,0.6
2023-12-25T1000,1663A,122.0508,37.5236,威海市,山大分校,细颗粒物(PM2.5),104,90,80,78,55,47,,48,46,31,29,12,9,1.0,0.8
2023-12-25T1000,1664A,122.1067,37.5072,威海市,市监测站,细颗粒物(PM2.5),102,100,75,76,58,37,,43,39,42,37,12,8,0.9,0.7
2023-12-25T1000,1982A,122.0693,37.2174,威海市,文登开发区,细颗粒物(PM2.5),132,127,94,100,71,20,,33,27,71,53,15,15,1.2,0.7
2023-12-25T1000,3505A,122.1379,37.3414,威海市,临港区管委会,细颗粒物(PM2.5),104,117,86,78,63,30,,37,31,57,45,16,10,0.8,0.7
2023-12-25T1000,1650A,119.1437,36.7023,潍坊市,环保局,细颗粒物(PM2.5),108,153,108,81,69,15,,6,6,67,60,17,16,1.6,1.1
2023-12-25T1000,2877A,119.1641,36.6523,潍坊市,坊子邮政,细颗粒物(PM2.5),84,97,93,62,73,22,,8,8,67,62,19,20,1.3,1.2
2023-12-25T1000,3178A,119.0587,36.721,潍坊市,潍坊七中,细颗粒物(PM2.5),108,117,108,81,68,15,,6,6,65,60,19,20,1.5,1
2023-12-25T1000,3368A,119.1977,36.6872,潍坊市,高新实验学校,细颗粒物(PM2.5),92,114,102,68,64,20,,4,4,55,55,16,15,1.4,1.1
2023-12-25T1000,3416A,119.1755,36.7149,潍坊市,潍坊学院,细颗粒物(PM2.5),89,107,100,66,62,25,,7,7,64,61,27,21,1.4,1.1
2023-12-25T1000,3861A,119.2041,36.7699,潍坊市,寒亭区实验一小,细颗粒物(PM2.5),107,114,101,80,67,27,,7,7,73,69,31,22,1.5,1
2023-12-25T1000,1938A,109.5293,34.5101,渭南市,农科所,,,,,,,,,,,,,,,,
2023-12-25T1000,1939A,109.4974,34.4877,渭南市,日报社,,,112,131,,89,14,,5,5,42,57,11,11,1.1,1.1
2023-12-25T1000,1940A,109.4636,34.493,渭南市,体育馆,细颗粒物(PM2.5),102,134,130,76,77,6,,3,3,57,59,12,8,1.4,1.1
2023-12-25T1000,1941A,109.4259,34.5023,渭南市,高新一小,细颗粒物(PM2.5),138,153,140,105,95,8,,4,4,36,52,10,9,1.5,1.3
2023-12-25T1000,1242A,120.634,28.0089,温州市,瓯海,颗粒物(PM10),60,69,73,34,40,27,,9,9,41,49,10,9,0.6,0.6
2023-12-25T1000,1243A,120.6748,27.9939,温州市,南浦,颗粒物(PM10),59,67,75,37,44,30,,11,11,34,48,9,8,0.6,0.5
2023-12-25T1000,1244A,120.76,27.9747,温州市,龙湾,颗粒物(PM10),57,63,75,34,40,25,,9,9,44,51,8,7,0.5,0.4
2023-12-25T1000,1245A,120.6709,28.0167,温州市,市站,颗粒物(PM10),57,64,67,35,33,32,,20,20,38,42,9,8,0.4,0.4
2023-12-25T1000,3561A,120.6985,27.9251,温州市,茶山,颗粒物(PM10),54,57,62,32,35,30,,12,12,40,34,5,5,0.4,0.4
2023-12-25T1000,2610A,104.2533,23.3594,文山州,州水务局,细颗粒物(PM2.5),104,100,90,78,71,19,,24,16,25,18,8,11,0.8,0.7
2023-12-25T1000,2611A,104.2319,23.3892,文山州,市便民服务中心,细颗粒物(PM2.5),98,90,79,73,71,18,,30,24,26,18,8,11,0.7,0.5
2023-12-25T1000,2187A,106.8174,39.6973,乌海市,市林业局,细颗粒物(PM2.5),225,272,153,175,84,6,,4,4,63,61,28,44,4.0,2.2
2023-12-25T1000,2188A,106.7907,39.6667,乌海市,中海勃湾学校,细颗粒物(PM2.5),190,218,154,143,89,13,,9,9,46,61,24,42,3.4,2.5
2023-12-25T1000,3284A,106.813,39.7274,乌海市,海北新区,,,,176,,82,,,5,5,54,61,33,40,3.2,2.1
2023-12-25T1000,3621A,106.8288,39.6778,乌海市,聚英学校,细颗粒物(PM2.5),198,210,148,148,81,8,,5,5,63,65,51,56,4.3,2
2023-12-25T1000,2197A,113.1306,40.9923,乌兰察布市,集宁新区,细颗粒物(PM2.5),78,89,62,57,40,30,,15,15,49,48,20,11,0.9,0.8
2023-12-25T1000,3034A,113.1076,41.0385,乌兰察布市,光明街小学,细颗粒物(PM2.5),79,73,66,58,46,38,,18,18,44,46,19,13,0.9,0.9
2023-12-25T1000,3285A,113.1376,40.9509,乌兰察布市,北京八中,细颗粒物(PM2.5),83,102,68,61,49,32,,22,22,43,45,20,18,0.8,0.7
2023-12-25T1000,3421A,113.1775,40.9779,乌兰察布市,市委党校,细颗粒物(PM2.5),83,102,68,61,42,21,,13,13,53,53,24,16,1.1,0.8
2023-12-25T1000,1490A,87.5801,43.8303,乌鲁木齐市,监测站,细颗粒物(PM2.5),78,102,88,57,50,6,,5,5,103,79,6,5,2.1,1.1
2023-12-25T1000,1491A,87.6046,43.768,乌鲁木齐市,收费所,细颗粒物(PM2.5),64,63,77,46,43,14,,14,14,57,62,6,6,0.7,1
2023-12-25T1000,1492A,87.4754,43.9469,乌鲁木齐市,新疆农科院农场,细颗粒物(PM2.5),84,81,89,62,64,5,,4,4,68,61,7,7,1.6,1.1
2023-12-25T1000,1493A,87.5525,43.8711,乌鲁木齐市,铁路局,细颗粒物(PM2.5),109,110,86,82,59,2,,2,2,117,86,5,5,1.8,1.1
2023-12-25T1000,1494A,87.6432,43.831,乌鲁木齐市,三十一中学,颗粒物(PM10),70,89,87,38,46,1,,21,21,81,57,5,5,1.3,0.9
2023-12-25T1000,1496A,87.7216,44.1747,乌鲁木齐市,米东区环保局,细颗粒物(PM2.5),253,251,185,203,156,4,,6,6,65,46,5,6,0.8,0.6
2023-12-25T1000,3033A,87.4651,43.4569,乌鲁木齐市,培训基地,,27,,19,7,11,84,,80,80,5,12,4,5,0.8,0.9
2023-12-25T1000,3437A,88.3118,43.3658,乌鲁木齐市,达坂城区环保局,颗粒物(PM10),62,73,88,27,32,79,,74,74,9,20,4,6,0.3,0.4
2023-12-25T1000,3438A,87.6162,43.8801,乌鲁木齐市,红光山片区,细颗粒物(PM2.5),74,90,86,54,58,2,,3,3,90,83,4,4,2.0,1.2
2023-12-25T1000,3439A,87.7024,43.8004,乌鲁木齐市,新师大温泉校区,颗粒物(PM10),69,88,79,35,37,51,,66,62,37,31,7,6,0.6,0.6
2023-12-25T1000,3440A,87.4921,43.8411,乌鲁木齐市,大绿谷,细颗粒物(PM2.5),80,107,87,59,51,2,,2,2,103,81,4,4,1.8,1.3
2023-12-25T1000,1188A,120.269,31.4867,无锡市,雪浪,细颗粒物(PM2.5),83,110,98,61,57,37,,10,10,45,45,17,9,1.1,0.9
2023-12-25T1000,1189A,120.275,31.6219,无锡市,黄巷,细颗粒物(PM2.5),107,142,129,80,76,18,,8,8,68,65,28,13,1.7,1.4
2023-12-25T1000,1190A,120.294,31.56,无锡市,曹张,细颗粒物(PM2.5),94,133,118,70,64,23,,5,5,63,71,26,17,1.3,1.1
2023-12-25T1000,1191A,120.242,31.5031,无锡市,漆塘,细颗粒物(PM2.5),92,107,94,68,64,40,,10,10,31,32,25,12,1.1,1.1
2023-12-25T1000,1192A,120.3489,31.5863,无锡市,东亭,细颗粒物(PM2.5),107,141,122,80,72,16,,5,5,70,64,13,10,1.8,1.6
2023-12-25T1000,1193A,120.354,31.5475,无锡市,旺庄,细颗粒物(PM2.5),104,127,112,78,69,17,,4,4,70,68,10,6,1.3,1.1
2023-12-25T1000,1194A,120.245,31.5631,无锡市,荣巷,细颗粒物(PM2.5),107,114,92,80,67,31,,10,10,53,55,22,12,1.4,1.3
2023-12-25T1000,1195A,120.299,31.6817,无锡市,堰桥,细颗粒物(PM2.5),110,144,118,83,74,16,,6,6,76,67,24,14,1.9,1.4
2023-12-25T1000,3428A,120.3142,31.4753,无锡市,华庄,细颗粒物(PM2.5),95,109,103,71,72,38,,10,10,56,54,18,10,1.1,0.9
2023-12-25T1000,2677A,106.1532,37.9648,吴忠市,教育园区,细颗粒物(PM2.5),153,159,124,117,92,8,,3,3,39,48,15,15,1.9,1.5
2023-12-25T1000,2679A,106.1856,37.9956,吴忠市,新区二泵站,细颗粒物(PM2.5),129,133,102,98,76,5,,2,2,50,56,7,12,2.0,1.3
2023-12-25T1000,3648A,106.2112,37.9768,吴忠市,文卫南街,颗粒物(PM10),91,132,109,65,57,14,,10,10,39,46,12,16,1.9,1.2
2023-12-25T1000,1794A,118.3606,31.3519,芜湖市,监测站,颗粒物(PM10),79,108,96,56,52,12,,9,9,62,67,7,8,1.0,0.8
2023-12-25T1000,1795A,118.3714,31.4134,芜湖市,科创中心,细颗粒物(PM2.5),82,111,103,60,64,11,,4,4,60,66,9,10,1.0,1
2023-12-25T1000,1796A,118.3673,31.3131,芜湖市,四水厂,颗粒物(PM10),68,85,95,47,53,20,,6,6,34,54,8,10,0.9,0.8
2023-12-25T1000,3328A,118.4209,31.3707,芜湖市,市气象局,细颗粒物(PM2.5),73,94,96,53,53,16,,5,5,47,62,7,8,0.6,0.6
2023-12-25T1000,3465A,118.4781,31.3225,芜湖市,清苑社区,颗粒物(PM10),69,87,114,46,62,33,,13,13,23,48,9,10,0.7,0.9
2023-12-25T1000,3466A,118.2746,31.2326,芜湖市,扬子职业技术学院,颗粒物(PM10),70,89,91,48,47,21,,6,6,31,46,6,9,0.8,0.8
2023-12-25T1000,2495A,111.3014,23.4832,梧州市,市逸夫小学,颗粒物(PM10),59,67,59,36,29,42,,40,32,27,24,16,14,0.5,0.5
2023-12-25T1000,2496A,111.3239,23.4794,梧州市,市十一中,颗粒物(PM10),76,102,68,45,30,20,,12,8,40,36,17,11,0.6,0.4
2023-12-25T1000,2497A,111.247,23.4189,梧州市,龙圩,颗粒物(PM10),70,90,67,37,33,21,,22,15,28,24,12,12,1.0,0.8
2023-12-25T1000,2498A,111.2711,23.4835,梧州市,龙新,颗粒物(PM10),57,64,61,26,27,36,,32,30,31,32,17,19,0.7,0.7
2023-12-25T1000,2711A,87.5475,44.1756,五家渠市,农水大厦,细颗粒物(PM2.5),169,216,194,128,148,1,,2,2,59,56,5,8,2.0,1.6
2023-12-25T1000,3441A,87.546,44.1912,五家渠市,经开区管委会,细颗粒物(PM2.5),232,251,203,182,155,5,,8,8,54,50,1,8,1.9,1.5
2023-12-25T1000,1325A,114.3677,30.5584,武汉市,东湖梨园,细颗粒物(PM2.5),98,88,75,73,60,13,,8,8,56,60,12,10,1.3,1.3
2023-12-25T1000,1326A,114.2529,30.558,武汉市,汉阳月湖,细颗粒物(PM2.5),94,108,94,70,63,16,,8,8,74,80,14,9,1.2,1.1
2023-12-25T1000,1327A,114.282,30.6189,武汉市,汉口花桥,细颗粒物(PM2.5),95,96,104,71,74,8,,5,5,72,83,18,10,1.4,1.8
2023-12-25T1000,1328A,114.3025,30.5332,武汉市,武昌紫阳,细颗粒物(PM2.5),92,108,105,68,70,12,,7,7,80,90,21,11,1.6,1.8
2023-12-25T1000,1329A,114.3646,30.6217,武汉市,青山钢花,细颗粒物(PM2.5),113,125,125,85,83,10,,7,7,75,89,19,11,1.5,1.9
2023-12-25T1000,1330A,114.1566,30.4825,武汉市,沌口新区,细颗粒物(PM2.5),108,110,98,81,75,17,,6,6,58,77,19,13,1.4,1.1
2023-12-25T1000,1331A,114.3014,30.5944,武汉市,汉口江滩,细颗粒物(PM2.5),94,105,98,70,69,17,,10,10,63,74,18,10,1.3,1.3
2023-12-25T1000,1333A,114.135,30.6319,武汉市,吴家山,细颗粒物(PM2.5),104,120,113,78,77,9,,9,9,100,86,13,9,2.5,1.8
2023-12-25T1000,1334A,113.8454,30.2917,武汉市,沉湖七壕,颗粒物(PM10),72,93,64,35,32,28,,13,13,33,30,6,6,0.8,0.6
2023-12-25T1000,3153A,114.3877,30.4908,武汉市,民族大道182号,细颗粒物(PM2.5),100,107,86,75,70,14,,6,6,75,92,22,10,1.2,1
2023-12-25T1000,2652A,102.6201,37.9251,武威市,监测站,颗粒物(PM10),63,76,69,42,47,9,,24,19,62,46,13,11,2.0,1.1
2023-12-25T1000,3201A,102.6486,37.9325,武威市,东关招商场,颗粒物(PM10),53,55,67,30,47,16,,32,26,44,40,7,8,1.1,0.9
2023-12-25T1000,1462A,108.882,34.2749,西安市,高压开关厂,细颗粒物(PM2.5),158,190,174,120,108,7,,4,4,69,77,7,8,1.6,1.3
2023-12-25T1000,1463A,108.993,34.2629,西安市,兴庆小区,细颗粒物(PM2.5),147,142,137,112,106,6,,3,3,62,64,7,8,1.3,1.1
2023-12-25T1000,1464A,109.06,34.2572,西安市,纺织城,细颗粒物(PM2.5),179,188,150,135,115,5,,3,3,62,64,2,4,1.6,1.3
2023-12-25T1000,1465A,108.9356,34.2173,西安市,小寨,细颗粒物(PM2.5),193,199,166,145,112,17,,14,14,78,77,6,5,2.0,1.5
2023-12-25T1000,1466A,108.954,34.2713,西安市,市人民体育场,细颗粒物(PM2.5),145,169,152,111,111,6,,4,4,70,76,8,7,1.4,1.2
2023-12-25T1000,1467A,108.8922,34.2322,西安市,高新西区,细颗粒物(PM2.5),209,207,171,159,129,9,,9,9,75,87,7,7,2.1,1.6
2023-12-25T1000,1468A,108.935,34.3474,西安市,经开区,细颗粒物(PM2.5),140,120,120,107,107,10,,3,3,52,66,8,7,1.2,1.1
2023-12-25T1000,1469A,108.906,34.1546,西安市,长安区,细颗粒物(PM2.5),200,203,216,150,151,6,,1,1,60,86,5,6,1.6,1.6
2023-12-25T1000,1471A,109.2186,34.3731,西安市,临潼区,细颗粒物(PM2.5),138,145,154,105,119,6,,2,2,49,60,8,9,1.8,1.7
2023-12-25T1000,1472A,108.869,34.378,西安市,草滩,颗粒物(PM10),94,137,137,58,62,6,,2,2,52,64,3,4,1.4,1.2
2023-12-25T1000,1473A,108.985,34.1978,西安市,曲江文化产业集团,细颗粒物(PM2.5),179,177,148,135,107,8,,2,2,72,71,6,6,1.5,1.3
2023-12-25T1000,1474A,109.051,34.3213,西安市,广运潭,细颗粒物(PM2.5),145,149,152,111,114,4,,1,1,48,54,8,9,1.3,1.3
2023-12-25T1000,3524A,108.6116,34.1164,西安市,文体局,细颗粒物(PM2.5),202,193,191,152,161,8,,3,3,41,71,7,8,1.0,1.7
2023-12-25T1000,3605A,109.09,34.5236,西安市,无线电监控中心,细颗粒物(PM2.5),137,148,134,104,98,15,,12,11,47,51,8,8,1.5,1.3
2023-12-25T1000,1483A,101.524,36.6867,西宁市,第五水厂,,,,,,,,,,,,,,,,
2023-12-25T1000,3055A,101.7775,36.6428,西宁市,城北区政府,细颗粒物(PM2.5),78,75,90,57,64,12,,7,7,31,49,49,36,2.4,2.1
2023-12-25T1000,3629A,101.8305,36.5786,西宁市,世纪职校,细颗粒物(PM2.5),82,79,60,60,56,8,,10,8,65,55,38,27,2.7,1.6
2023-12-25T1000,3630A,101.7413,36.6397,西宁市,师大城西校区,细颗粒物(PM2.5),88,111,83,65,53,6,,4,4,52,58,24,21,2.5,1.8
2023-12-25T1000,2612A,100.7939,22.0019,西双版纳州,景洪市江南,,40,30,27,28,26,47,,24,24,15,13,7,7,0.6,0.5
2023-12-25T1000,2613A,100.8017,22.0225,西双版纳州,景洪市江北,,36,,21,25,18,35,,33,30,17,12,8,7,0.7,0.6
2023-12-25T1000,3606A,108.7108,34.46,西咸新区,北杜,颗粒物(PM10),128,206,132,78,90,17,,8,8,48,60,8,7,1.1,1
2023-12-25T1000,3607A,108.7096,34.2956,西咸新区,同德佳苑,细颗粒物(PM2.5),196,186,145,147,106,3,,8,5,61,72,6,7,1.6,1.1
2023-12-25T1000,3608A,108.8558,34.4978,西咸新区,崇文塔,细颗粒物(PM2.5),132,114,127,100,96,11,,8,8,47,58,5,6,1.3,1.2
2023-12-25T1000,2202A,116.1042,43.9317,锡林郭勒盟,市环保监测站,,23,13,17,3,8,71,,73,72,6,4,5,6,0.3,0.3
2023-12-25T1000,2203A,116.0781,43.9311,锡林郭勒盟,市政府,,23,23,23,2,4,70,,71,71,7,6,9,11,0.3,0.2
2023-12-25T1000,1286A,118.1608,24.8169,厦门市,溪东,,,,,,,,,,,,,,,,
2023-12-25T1000,1287A,118.1514,24.4767,厦门市,洪文,颗粒物(PM10),51,51,43,20,20,65,,61,61,9,10,4,3,0.3,0.4
2023-12-25T1000,1288A,118.0661,24.4444,厦门市,鼓浪屿,,46,46,41,22,19,62,,58,58,14,14,3,3,0.4,0.4
2023-12-25T1000,2842A,118.0936,24.5058,厦门市,湖里中学,,45,45,42,22,19,69,,58,58,18,20,3,2,0.3,0.3
2023-12-25T1000,3527A,118.0958,24.5688,厦门市,集美中学,,39,39,37,22,20,70,,62,58,10,14,3,3,0.3,0.3
2023-12-25T1000,3528A,118.1493,24.7245,厦门市,同安二实小,,32,30,28,22,18,49,,39,39,13,16,3,4,0.4,0.4
2023-12-25T1000,2447A,114.3175,29.8142,咸宁市,森林公园,颗粒物(PM10),53,56,60,22,30,46,,81,77,10,10,5,8,1.2,1
2023-12-25T1000,2448A,114.3107,29.8454,咸宁市,市发改委,颗粒物(PM10),69,88,82,44,49,29,,19,18,29,27,2,5,1.0,0.9
2023-12-25T1000,2449A,114.2936,29.8566,咸宁市,咸安区政府,细颗粒物(PM2.5),77,88,80,56,51,21,,28,22,35,34,6,7,0.9,0.9
2023-12-25T1000,3655A,114.3375,29.8683,咸宁市,长江产业园,颗粒物(PM10),56,62,82,28,45,54,,28,28,19,35,6,8,0.7,0.9
2023-12-25T1000,1918A,108.7197,34.3956,咸阳市,气象站,,,,,,,,,,,,,,,,
2023-12-25T1000,1919A,108.673,34.3155,咸阳市,实验中学,细颗粒物(PM2.5),153,154,141,117,101,11,,10,10,61,72,8,10,1.6,1.3
2023-12-25T1000,1920A,108.7233,34.3617,咸阳市,师范学院,细颗粒物(PM2.5),132,132,132,100,105,13,,10,10,60,63,10,10,1.0,0.9
2023-12-25T1000,3165A,108.6594,34.2969,咸阳市,两寺渡,细颗粒物(PM2.5),134,152,158,102,103,5,,2,2,53,69,4,6,0.9,0.9
2023-12-25T1000,3525A,108.6396,34.4078,咸阳市,奥体中心,细颗粒物(PM2.5),117,122,143,88,102,13,,4,4,43,60,8,8,0.9,1
2023-12-25T1000,1508A,112.9433,27.8614,湘潭市,板塘,细颗粒物(PM2.5),105,132,100,79,67,9,,2,2,59,54,14,5,1.0,0.7
2023-12-25T1000,1511A,112.9118,27.8403,湘潭市,市监测站,细颗粒物(PM2.5),104,134,97,78,60,10,,4,4,52,46,17,7,1.4,0.9
2023-12-25T1000,1512A,112.8937,27.8728,湘潭市,江麓,细颗粒物(PM2.5),100,99,93,75,68,7,,4,4,52,44,19,8,1.5,1.2
2023-12-25T1000,1513A,112.9227,27.8159,湘潭市,岳塘,颗粒物(PM10),85,119,83,62,58,15,,3,3,47,44,16,8,1.3,0.9
2023-12-25T1000,1514A,112.9074,27.9119,湘潭市,科大,细颗粒物(PM2.5),118,121,100,89,72,1,,0,0,64,50,9,5,1.2,0.8
2023-12-25T1000,1562A,113.0048,27.9153,湘潭市,昭山,颗粒物(PM10),89,127,101,65,55,10,,2,2,62,58,10,6,1.1,0.6
2023-12-25T1000,1564A,112.4876,27.9164,湘潭市,韶山,颗粒物(PM10),80,110,69,44,36,31,,42,39,42,21,10,6,0.9,0.4
2023-12-25T1000,2492A,109.6414,28.2558,湘西州,跃进水库,,38,32,28,26,26,12,,7,7,12,14,2,3,1.1,1
2023-12-25T1000,2493A,109.7325,28.3169,湘西州,州政府,细颗粒物(PM2.5),69,64,57,50,45,18,,14,13,20,20,10,12,0.6,0.5
2023-12-25T1000,2494A,109.6958,28.2675,湘西州,吉首市计生局,细颗粒物(PM2.5),77,66,60,56,53,11,,11,9,29,24,7,5,0.8,0.5
2023-12-25T1000,2432A,112.155,32.0197,襄阳市,襄城运动路,细颗粒物(PM2.5),129,152,133,98,84,42,,36,26,36,34,19,15,1.2,0.9
2023-12-25T1000,2433A,112.1392,32.0564,襄阳市,樊城新华路,细颗粒物(PM2.5),156,151,125,119,100,28,,30,22,45,38,22,13,1.4,1
2023-12-25T1000,2434A,112.1825,32.1142,襄阳市,高新管委会,,,,,,,,,,,,,,,,
2023-12-25T1000,2435A,112.2106,32.0903,襄阳市,襄州航空路,细颗粒物(PM2.5),113,144,117,85,85,22,,46,38,34,25,12,13,1.0,0.9
2023-12-25T1000,3396A,112.0828,32.0067,襄阳市,襄城隆中路,细颗粒物(PM2.5),150,124,106,115,90,12,,24,20,57,39,18,19,1.3,1
2023-12-25T1000,3397A,112.1214,32.1008,襄阳市,高新台子湾,细颗粒物(PM2.5),149,184,139,114,92,6,,3,3,53,52,14,17,1.3,0.8
2023-12-25T1000,2443A,113.9153,30.9285,孝感市,文化路,细颗粒物(PM2.5),109,122,101,82,82,10,,4,4,71,66,10,10,1.3,1.4
2023-12-25T1000,2444A,113.942,30.9075,孝感市,东城区,细颗粒物(PM2.5),102,140,136,76,73,14,,7,7,71,62,10,10,1.2,1.1
2023-12-25T1000,2181A,112.7383,38.4519,忻州市,开发区,细颗粒物(PM2.5),104,95,104,78,88,20,,13,13,,72,9,11,1.7,1.6
2023-12-25T1000,2182A,112.7003,38.4928,忻州市,会展中心,细颗粒物(PM2.5),159,147,121,121,100,15,,10,10,73,71,26,11,1.9,1.5
2023-12-25T1000,3208A,112.7283,38.4153,忻州市,市政府,细颗粒物(PM2.5),158,160,139,120,103,18,,13,13,73,75,84,81,2.6,1.9
2023-12-25T1000,2389A,113.836,35.311,新乡市,环保西院,细颗粒物(PM2.5),100,124,83,75,46,18,,5,5,46,43,11,9,1.1,0.9
2023-12-25T1000,2390A,113.884,35.272,新乡市,开发区,细颗粒物(PM2.5),113,124,71,85,45,12,,7,7,60,41,12,9,1.4,0.9
2023-12-25T1000,2391A,113.883,35.303,新乡市,环保东院,细颗粒物(PM2.5),83,112,81,61,46,16,,8,8,48,43,12,11,1.4,0.8
2023-12-25T1000,3054A,113.9194,35.2847,新乡市,市委党校,细颗粒物(PM2.5),104,133,78,78,46,11,,7,7,55,36,7,6,1.1,0.8
2023-12-25T1000,3475A,113.9188,35.3045,新乡市,市政府,细颗粒物(PM2.5),100,126,82,75,47,17,,7,7,57,44,9,7,0.9,0.7
2023-12-25T1000,3476A,113.9135,35.3327,新乡市,河师大,细颗粒物(PM2.5),98,136,94,73,47,14,,7,7,58,46,14,11,1.2,0.9
2023-12-25T1000,3689A,113.9003,35.372,新乡市,行政服务中心,细颗粒物(PM2.5),127,152,100,96,52,13,,4,4,53,49,14,9,1.2,1.1
2023-12-25T1000,2352A,115.0861,27.9317,新余市,北岗,,44,44,45,30,30,16,,5,5,27,26,17,20,0.9,0.5
2023-12-25T1000,2353A,114.9886,27.8431,新余市,飞宇,颗粒物(PM10),73,95,86,45,39,14,,5,5,51,52,25,21,1.4,0.5
2023-12-25T1000,2354A,114.9231,27.8246,新余市,第二水厂,颗粒物(PM10),79,108,97,57,55,13,,5,5,43,44,22,17,1.3,0.7
2023-12-25T1000,2355A,114.9308,27.8036,新余市,市气象局,颗粒物(PM10),78,106,86,47,46,15,,10,10,48,46,14,17,2.1,0.7
2023-12-25T1000,3206A,114.9149,27.807,新余市,新钢沁园村,颗粒物(PM10),82,114,97,45,44,12,,5,5,56,52,25,18,2.0,0.8
2023-12-25T1000,2054A,114.1099,32.1059,信阳市,平桥分局,细颗粒物(PM2.5),103,101,84,77,61,22,,50,41,56,35,6,5,0.8,0.3
2023-12-25T1000,2064A,113.9956,32.1271,信阳市,南湾水厂,细颗粒物(PM2.5),83,113,82,61,53,44,,62,58,31,20,3,3,0.9,0.7
2023-12-25T1000,2065A,114.0775,32.1195,信阳市,市酿酒公司,细颗粒物(PM2.5),89,102,88,66,63,23,,30,24,56,46,5,4,1.6,1
2023-12-25T1000,2066A,114.0609,32.1399,信阳市,审计局,细颗粒物(PM2.5),103,105,95,77,62,22,,56,42,62,38,8,7,1.2,0.8
2023-12-25T1000,2200A,122.0392,46.0656,兴安盟,胜华新制药厂,,46,46,29,31,20,45,,62,53,23,14,6,5,0.6,0.8
2023-12-25T1000,2201A,121.9504,46.0741,兴安盟,科右前旗环保局,,,,26,,18,,,65,,,10,,3,,0.6
2023-12-25T1000,3035A,122.0931,46.0707,兴安盟,北滨河,细颗粒物(PM2.5),84,104,35,62,18,17,,48,34,50,22,17,6,1.7,0.7
2023-12-25T1000,1077A,114.4704,37.0886,邢台市,达活泉,颗粒物(PM10),56,62,91,27,64,22,,10,10,43,63,6,7,1.3,1.5
2023-12-25T1000,1078A,114.5062,37.0349,邢台市,邢师高专,细颗粒物(PM2.5),57,49,90,40,76,16,,7,7,45,60,5,6,1.1,1.4
2023-12-25T1000,1079A,114.5237,37.0851,邢台市,路桥公司,细颗粒物(PM2.5),83,75,94,61,80,14,,8,8,48,64,12,13,1.5,1.5
2023-12-25T1000,1080A,114.4725,37.0719,邢台市,市环保局,颗粒物(PM10),62,73,87,36,62,25,,11,11,40,58,6,7,1.1,1.3
2023-12-25T1000,3584A,115.8844,39.0341,雄安新区,容城县环境保护局,细颗粒物(PM2.5),119,143,106,90,73,13,,8,8,88,85,14,12,1.7,1.1
2023-12-25T1000,3585A,115.8665,39.0645,雄安新区,河北容城中学,细颗粒物(PM2.5),120,105,88,91,80,19,,10,10,74,84,10,8,0.6,0.1
2023-12-25T1000,3586A,115.923,38.9405,雄安新区,安新县民政局,细颗粒物(PM2.5),152,149,110,116,80,15,,6,6,87,81,7,8,1.7,1.2
2023-12-25T1000,3587A,115.9324,38.9338,雄安新区,安新县电力局,细颗粒物(PM2.5),148,136,94,113,69,19,,6,6,84,72,10,10,1.8,1.2
2023-12-25T1000,3588A,116.0901,38.9816,雄安新区,雄县环境保护局,细颗粒物(PM2.5),155,200,135,118,81,14,,6,6,79,74,15,13,2.2,1.8
2023-12-25T1000,3589A,116.1105,39.0046,雄安新区,雄县国土资源局,细颗粒物(PM2.5),153,140,110,117,86,9,,3,3,79,68,14,12,2.3,1.4
2023-12-25T1000,1177A,117.179,34.2761,徐州市,黄河新村,细颗粒物(PM2.5),147,168,121,112,85,7,,1,1,78,68,14,10,1.3,1.2
2023-12-25T1000,1178A,117.1918,34.2384,徐州市,淮塔,细颗粒物(PM2.5),153,199,118,117,77,8,,4,1,69,44,21,11,1.3,1.1
2023-12-25T1000,1180A,117.256,34.2153,徐州市,新城区,细颗粒物(PM2.5),166,217,130,126,84,11,,5,5,75,58,14,11,1.2,0.9
2023-12-25T1000,1181A,117.244,34.2911,徐州市,桃园路,细颗粒物(PM2.5),129,188,122,98,74,18,,5,5,63,57,13,11,1.2,1.1
2023-12-25T1000,1182A,117.2933,34.2778,徐州市,农科院,细颗粒物(PM2.5),130,153,113,99,74,19,,7,7,56,56,11,10,0.9,0.9
2023-12-25T1000,3005A,117.1814,34.29,徐州市,鼓楼区政府,细颗粒物(PM2.5),133,147,100,101,77,18,,9,9,76,60,16,10,2.2,1.3
2023-12-25T1000,3006A,117.1694,34.1781,徐州市,铜山区招生办,细颗粒物(PM2.5),169,197,117,128,72,13,,6,6,71,49,15,9,1.1,0.8
2023-12-25T1000,3288A,117.4754,34.4422,徐州市,大泉街道,细颗粒物(PM2.5),112,172,122,84,69,42,,12,12,36,41,12,12,1.9,1
2023-12-25T1000,2396A,113.8276,34.0159,许昌市,监测站,细颗粒物(PM2.5),105,141,108,79,66,20,,13,11,46,46,10,7,1.0,0.8
2023-12-25T1000,2398A,113.7906,33.9953,许昌市,开发区,细颗粒物(PM2.5),104,112,104,78,67,16,,5,5,55,49,10,7,1.2,0.8
2023-12-25T1000,3134A,113.8172,34.0339,许昌市,市一中,细颗粒物(PM2.5),113,136,95,85,61,17,,12,12,48,44,9,7,1.2,0.9
2023-12-25T1000,3337A,113.8614,34.0442,许昌市,许昌学院,细颗粒物(PM2.5),108,126,92,81,51,15,,20,15,47,34,11,9,1.0,0.5
2023-12-25T1000,3338A,113.843,34.0823,许昌市,芙蓉广场,细颗粒物(PM2.5),117,137,90,88,53,9,,11,8,55,42,9,7,1.2,0.7
2023-12-25T1000,3597A,113.8134,34.1251,许昌市,建安区兴业大厦,细颗粒物(PM2.5),98,129,98,73,51,22,,28,22,36,24,8,7,0.8,0.5
2023-12-25T1000,2316A,118.7581,30.9454,宣城市,鳌峰子站,颗粒物(PM10),72,93,76,37,40,41,,39,39,28,34,6,6,0.7,0.7
2023-12-25T1000,2317A,118.7385,30.9743,宣城市,敬亭山子站,,,80,64,39,41,,,47,47,,29,,7,,0.6
2023-12-25T1000,2318A,118.7173,30.9427,宣城市,开发区子站,颗粒物(PM10),66,82,77,38,46,42,,17,17,30,51,5,6,0.9,0.8
2023-12-25T1000,3470A,118.7724,30.9141,宣城市,夏渡子站,颗粒物(PM10),63,75,68,42,40,32,,35,31,23,23,4,5,0.6,0.5
2023-12-25T1000,2554A,103.0475,30.02,雅安市,建安厂,细颗粒物(PM2.5),123,110,88,93,70,5,,5,5,36,38,7,6,0.9,0.6
2023-12-25T1000,2555A,103.0111,29.9833,雅安市,市政府,细颗粒物(PM2.5),102,91,75,76,66,8,,21,16,24,21,4,4,0.9,0.7
2023-12-25T1000,2556A,102.9905,29.9775,雅安市,川农大,细颗粒物(PM2.5),94,88,68,70,57,7,,21,16,30,21,6,6,1.0,0.8
2023-12-25T1000,3700A,103.0456,29.9956,雅安市,康养中心,细颗粒物(PM2.5),85,86,78,63,61,63,,81,74,12,11,6,6,0.5,0.5
2023-12-25T1000,1642A,121.2514,37.5639,烟台市,开发区,细颗粒物(PM2.5),119,105,86,90,71,27,,32,30,42,40,16,14,1.2,0.9
2023-12-25T1000,1643A,121.3719,37.5433,烟台市,轴承厂,细颗粒物(PM2.5),114,107,85,86,67,40,,43,40,42,37,15,12,1.0,0.8
2023-12-25T1000,1644A,121.3181,37.5436,烟台市,西郊化工站,细颗粒物(PM2.5),112,105,89,84,66,38,,36,35,45,43,12,13,1.2,1
2023-12-25T1000,1645A,121.4478,37.4822,烟台市,莱山环保局,细颗粒物(PM2.5),133,136,91,101,68,31,,33,33,45,38,15,12,1.3,0.9
2023-12-25T1000,1646A,121.2611,37.4967,烟台市,福山环保局,细颗粒物(PM2.5),147,136,100,112,80,29,,29,28,44,42,13,10,1.4,1.1
2023-12-25T1000,3057A,121.5992,37.4014,烟台市,牟平检察院,细颗粒物(PM2.5),124,132,98,94,69,43,,40,38,36,30,16,11,1.2,1
2023-12-25T1000,3366A,121.5206,37.4336,烟台市,中国农业大学,细颗粒物(PM2.5),132,132,89,100,63,27,,35,31,50,38,17,11,1.5,1.1
2023-12-25T1000,1926A,109.4131,36.6275,延安市,枣园,,37,37,47,24,29,13,,5,5,23,36,3,3,0.3,0.4
2023-12-25T1000,1927A,109.4761,36.6028,延安市,延大医附院,颗粒物(PM10),56,61,71,31,39,10,,5,5,29,44,5,6,0.9,1
2023-12-25T1000,1929A,109.5056,36.6106,延安市,百米大道,细颗粒物(PM2.5),55,58,74,39,45,8,,4,4,42,50,11,9,1.3,1.1
2023-12-25T1000,3652A,109.4809,36.5786,延安市,西北局旧址,颗粒物(PM10),71,92,74,50,40,12,,9,9,46,48,7,10,1.6,1.1
2023-12-25T1000,1215A,120.118,33.4022,盐城市,盐城电厂,细颗粒物(PM2.5),113,136,88,85,60,19,,14,10,56,39,10,9,0.9,0.7
2023-12-25T1000,1216A,120.156,33.3942,盐城市,市监测站,细颗粒物(PM2.5),113,138,89,85,58,92,,31,31,52,42,9,7,0.8,0.8
2023-12-25T1000,1218A,120.2144,33.38,盐城市,开发区管委会,细颗粒物(PM2.5),105,112,79,79,59,41,,21,21,56,47,8,8,0.6,0.4
2023-12-25T1000,3004A,120.1544,33.3663,盐城市,宝龙广场,细颗粒物(PM2.5),119,134,92,90,65,32,,20,17,48,40,11,9,0.7,0.6
2023-12-25T1000,3293A,120.1501,33.3367,盐城市,月亮广场,细颗粒物(PM2.5),100,114,80,75,57,31,,21,18,55,42,12,10,0.9,0.6
2023-12-25T1000,3436A,120.4279,33.205,盐城市,大丰高级中学,细颗粒物(PM2.5),104,117,100,78,66,31,,10,10,46,53,14,12,0.9,0.8
2023-12-25T1000,1186A,119.389,32.3761,扬州市,邗江监测站,细颗粒物(PM2.5),103,153,112,77,70,21,,4,4,73,62,14,10,1.2,1
2023-12-25T1000,2869A,119.447,32.4155,扬州市,五台山医院,细颗粒物(PM2.5),107,135,102,80,66,34,,5,5,57,62,8,6,0.8,0.7
2023-12-25T1000,3164A,119.4686,32.3942,扬州市,广陵建设局,细颗粒物(PM2.5),105,144,109,79,69,24,,4,4,71,66,12,9,1.0,0.8
2023-12-25T1000,3195A,119.3633,32.3972,扬州市,市体育局,细颗粒物(PM2.5),94,124,108,70,67,37,,7,7,53,59,15,11,0.9,0.8
2023-12-25T1000,3294A,119.5653,32.4222,扬州市,引江管理处,细颗粒物(PM2.5),108,128,98,81,70,20,,6,6,77,61,14,10,1.1,0.9
2023-12-25T1000,1699A,111.9797,21.8593,阳江市,鸳鸯湖,,47,47,37,20,25,61,,57,57,17,21,12,12,0.5,0.5
2023-12-25T1000,1701A,111.9491,21.8658,阳江市,马南垌,,50,50,40,21,21,49,,47,47,32,29,8,8,0.6,0.5
2023-12-25T1000,3317A,111.9765,21.8947,阳江市,两阳中学,,46,46,40,18,20,48,,40,40,31,34,11,10,0.4,0.4
2023-12-25T1000,3453A,112.0125,21.8749,阳江市,阳东陶然,颗粒物(PM10),51,52,50,21,27,64,,56,56,22,27,10,10,0.5,0.5
2023-12-25T1000,1738A,113.5758,37.8572,阳泉市,市中心,颗粒物(PM10),63,75,70,36,35,45,,35,35,48,45,41,28,0.9,0.9
2023-12-25T1000,1739A,113.4894,37.8731,阳泉市,赛鱼,颗粒物(PM10),61,71,69,36,36,36,,22,21,54,48,51,28,0.9,0.8
2023-12-25T1000,1740A,113.5819,37.8486,阳泉市,南庄,颗粒物(PM10),66,82,80,37,33,39,,29,27,52,42,63,29,1.2,0.9
2023-12-25T1000,1742A,113.5614,37.8703,阳泉市,平坦,颗粒物(PM10),63,76,67,34,33,46,,31,31,47,46,48,28,0.9,0.9
2023-12-25T1000,1743A,113.5158,37.8392,阳泉市,大阳泉,,49,38,41,34,33,54,,50,49,44,36,33,20,0.7,0.6
2023-12-25T1000,3619A,113.617,37.8571,阳泉市,龙柱,细颗粒物(PM2.5),88,109,69,65,36,23,,19,16,66,48,141,45,1.4,0.9
2023-12-25T1000,2252A,128.5159,47.4311,伊春市,环保局,细颗粒物(PM2.5),122,,78,92,76,32,,30,30,37,44,6,8,1.6,1.3
2023-12-25T1000,2253A,128.9102,47.7412,伊春市,电力嘉园,"颗粒物(PM10),细颗粒物(PM2.5)",58,66,68,41,43,20,,16,16,29,40,6,11,1.1,1.2
2023-12-25T1000,2254A,129.5029,48.471,伊春市,汤旺河国家公园,细颗粒物(PM2.5),69,53,52,50,43,36,,35,35,16,17,6,6,0.6,0.5
2023-12-25T1000,3342A,128.4741,47.4346,伊春市,中心小学,细颗粒物(PM2.5),201,160,120,151,105,24,,12,12,38,38,8,7,1.4,1.3
2023-12-25T1000,3343A,128.6871,47.7369,伊春市,检察院,细颗粒物(PM2.5),125,,90,95,80,43,,38,38,28,36,14,12,0.8,0.9
2023-12-25T1000,3344A,128.8431,47.8474,伊春市,双子河社区,细颗粒物(PM2.5),138,,86,105,83,27,,33,31,24,22,8,7,1.7,1.4
2023-12-25T1000,3480A,129.1368,47.6417,伊春市,美溪镇,细颗粒物(PM2.5),144,127,114,110,97,14,,17,16,39,44,9,17,1.9,2.4
2023-12-25T1000,2703A,81.2815,43.9404,伊犁哈萨克州,市环保局,,49,48,63,34,51,13,,18,18,59,62,22,21,2.0,2.2
2023-12-25T1000,2704A,81.2996,43.9174,伊犁哈萨克州,新政府片区,,39,39,52,26,41,8,,26,26,58,52,10,12,1.6,1.9
2023-12-25T1000,2705A,81.3364,43.941,伊犁哈萨克州,第二水厂,,43,33,58,30,47,21,,20,20,45,54,15,15,1.3,1.8
2023-12-25T1000,1882A,104.563,28.793,宜宾市,石马中学,,,,,,,,,,,,,,,,
2023-12-25T1000,1883A,104.6201,28.7728,宜宾市,市委,细颗粒物(PM2.5),124,113,87,94,68,16,,17,17,36,32,12,12,0.9,0.7
2023-12-25T1000,1884A,104.6055,28.793,宜宾市,宜宾四中,细颗粒物(PM2.5),125,109,88,95,69,15,,10,10,34,43,11,11,0.9,0.7
2023-12-25T1000,1885A,104.639,28.7562,宜宾市,市政府,细颗粒物(PM2.5),129,123,86,98,70,10,,10,10,50,39,8,8,0.8,0.6
2023-12-25T1000,1886A,104.5742,28.7199,宜宾市,黄金嘴,细颗粒物(PM2.5),128,127,87,97,66,20,,13,13,34,42,10,9,0.8,0.6
2023-12-25T1000,3728A,104.68,28.8071,宜宾市,白酒学院,细颗粒物(PM2.5),108,111,88,81,67,8,,23,10,41,27,8,9,0.8,0.7
2023-12-25T1000,1840A,111.2992,30.6981,宜昌市,白龙岗,细颗粒物(PM2.5),147,136,130,112,110,9,,10,8,32,32,4,4,1.2,1
2023-12-25T1000,1841A,111.3549,30.6465,宜昌市,伍家岗,细颗粒物(PM2.5),160,130,131,122,117,9,,6,6,30,39,4,4,1.3,1.1
2023-12-25T1000,1842A,111.2628,30.6961,宜昌市,点军区,细颗粒物(PM2.5),132,101,110,100,110,11,,8,8,26,34,5,6,0.8,0.9
2023-12-25T1000,1843A,111.3275,30.7819,宜昌市,夷陵区,细颗粒物(PM2.5),134,141,145,102,109,14,,10,10,34,39,8,8,1.2,1.1
2023-12-25T1000,3546A,111.4606,30.552,宜昌市,猇亭区张家湾站,细颗粒物(PM2.5),125,119,124,95,90,19,,20,20,40,39,7,7,1.0,1
2023-12-25T1000,3653A,111.3119,30.7273,宜昌市,云深路,细颗粒物(PM2.5),153,136,141,117,124,14,,5,5,32,49,6,6,1.1,1
2023-12-25T1000,2371A,114.3408,27.8064,宜春市,槟榔水业,,,,,,,,,,,,,,,,
2023-12-25T1000,2373A,114.3956,27.7844,宜春市,市石油公司,颗粒物(PM10),55,60,64,23,28,30,,15,15,26,24,1,4,0.8,0.5
2023-12-25T1000,2374A,114.3703,27.7914,宜春市,市气象局,颗粒物(PM10),61,71,60,34,29,15,,14,10,32,29,6,7,1.4,1
2023-12-25T1000,2375A,114.4013,27.8074,宜春市,市广电局,,,,57,,34,,,32,,,40,,11,,0.6
2023-12-25T1000,3151A,114.375,27.8097,宜春市,宜春学院北校区,颗粒物(PM10),66,82,72,43,38,14,,6,6,34,42,2,3,1.2,0.8
2023-12-25T1000,3415A,114.4519,28.0828,宜春市,万载县环保局,颗粒物(PM10),68,86,79,48,38,25,,7,7,24,35,11,12,0.7,0.6
2023-12-25T1000,2467A,112.4067,28.6428,益阳市,甘溪港,细颗粒物(PM2.5),117,123,110,88,75,28,,5,5,54,60,11,7,0.9,0.7
2023-12-25T1000,2468A,112.3458,28.5808,益阳市,市环保局,细颗粒物(PM2.5),114,129,104,86,87,20,,10,9,64,58,8,8,1.9,1.2
2023-12-25T1000,2469A,112.3437,28.5531,益阳市,市特殊教育学校,细颗粒物(PM2.5),127,130,109,96,82,25,,22,16,62,49,5,7,1.5,1
2023-12-25T1000,2470A,112.3347,28.6047,益阳市,资阳区政务中心,细颗粒物(PM2.5),115,114,111,87,88,25,,11,11,53,48,6,5,1.5,1.3
2023-12-25T1000,2471A,112.3744,28.5819,益阳市,赫山环保分局,细颗粒物(PM2.5),163,170,124,124,84,6,,3,3,67,50,9,8,2.4,1.6
2023-12-25T1000,1484A,105.9512,38.6016,银川市,贺兰山马莲口,细颗粒物(PM2.5),92,,37,68,41,54,,70,66,25,13,19,8,1.1,0.7
2023-12-25T1000,1488A,106.2328,38.4975,银川市,贺兰山东路,细颗粒物(PM2.5),110,141,105,83,63,10,,6,6,47,54,6,10,1.9,1.2
2023-12-25T1000,1489A,106.1358,38.5036,银川市,学院路,细颗粒物(PM2.5),232,287,111,182,65,9,,7,7,58,55,17,14,3.0,1.5
2023-12-25T1000,2924A,106.2266,38.4418,银川市,水乡路,细颗粒物(PM2.5),148,185,105,113,63,15,,12,12,77,78,10,13,2.3,1.3
2023-12-25T1000,2925A,106.2757,38.4842,银川市,上海东路,细颗粒物(PM2.5),153,170,114,117,73,12,,9,9,68,67,7,10,1.8,1.2
2023-12-25T1000,2926A,106.1015,38.497,银川市,文昌北街,细颗粒物(PM2.5),300,369,122,250,72,13,,9,9,,47,19,15,3.5,1.6
2023-12-25T1000,3523A,106.5105,38.3856,银川市,滨河新区,颗粒物(PM10),61,72,68,42,39,6,,1,1,31,34,26,16,1.0,0.9
2023-12-25T1000,2357A,116.9822,28.1136,鹰潭市,龙虎山,,,,,,,,,,,,,,,,
2023-12-25T1000,2358A,117.0564,28.2642,鹰潭市,新监测站,,,81,59,41,32,,,9,9,,32,,13,,0.5
2023-12-25T1000,2359A,117.0311,28.2475,鹰潭市,财苑宾馆,细颗粒物(PM2.5),75,89,64,55,37,23,,10,10,32,39,52,18,0.9,0.5
2023-12-25T1000,2360A,117.0222,28.2264,鹰潭市,体育馆,细颗粒物(PM2.5),80,101,58,59,35,24,,12,12,35,36,59,14,1.1,0.7
2023-12-25T1000,2361A,117.0017,28.2131,鹰潭市,三川水表,细颗粒物(PM2.5),83,98,58,61,40,21,,23,20,33,28,55,11,0.8,0.3
2023-12-25T1000,1597A,122.2703,40.7094,营口市,大庆路,细颗粒物(PM2.5),221,192,171,171,148,13,,14,14,64,58,20,17,2.6,2.2
2023-12-25T1000,1598A,122.2150,40.6511,营口市,镜湖西路,细颗粒物(PM2.5),206,181,122,156,103,15,,8,8,66,60,14,13,2.6,1.6
2023-12-25T1000,1599A,122.1658,40.6789,营口市,西炮台,细颗粒物(PM2.5),186,174,131,140,110,,,8,8,62,61,12,10,,1.4
2023-12-25T1000,3379A,122.1139,40.2278,营口市,鲅鱼圈市民活动中心,细颗粒物(PM2.5),114,125,81,86,59,32,,15,15,46,46,17,15,1.3,1
2023-12-25T1000,3866A,122.2469,40.66302,营口市,三高中,细颗粒物(PM2.5),232,198,121,182,108,14,,10,10,68,64,17,19,2.5,1.4
2023-12-25T1000,4006A,122.3622,40.6762,营口市,老边实验小学,细颗粒物(PM2.5),259,244,168,209,120,8,,6,6,71,68,15,18,3.2,2
2023-12-25T1000,2477A,111.6217,26.2081,永州市,零陵南津渡,细颗粒物(PM2.5),78,,73,57,59,44,,46,42,16,20,11,10,0.6,0.7
2023-12-25T1000,2478A,111.6156,26.4214,永州市,市环境监测站,细颗粒物(PM2.5),79,84,81,58,58,49,,28,28,30,41,32,14,0.9,0.8
2023-12-25T1000,2479A,111.6236,26.2331,永州市,零陵区环保局,细颗粒物(PM2.5),82,73,66,60,50,48,,45,44,22,24,15,11,0.8,0.7
2023-12-25T1000,2480A,111.5992,26.4364,永州市,永州市环保局,细颗粒物(PM2.5),77,82,68,56,46,27,,14,14,31,29,47,19,1.0,0.7
2023-12-25T1000,2481A,111.5989,26.4519,永州市,冷水滩区环保局,细颗粒物(PM2.5),103,102,80,77,61,21,,22,18,40,31,22,13,0.9,0.8
2023-12-25T1000,2638A,109.7414,38.3344,榆林市,红石峡森林公园,细颗粒物(PM2.5),75,73,82,55,52,6,,4,4,56,59,6,10,0.2,0.2
2023-12-25T1000,2639A,109.7456,38.2911,榆林市,世纪广场,细颗粒物(PM2.5),78,101,80,57,45,8,,5,5,82,78,10,17,1.3,0.9
2023-12-25T1000,2640A,109.7289,38.2839,榆林市,实验中学,细颗粒物(PM2.5),79,68,65,58,42,11,,6,6,79,62,11,18,1.9,1.1
2023-12-25T1000,2641A,109.7336,38.2478,榆林市,环保监测大楼,细颗粒物(PM2.5),69,82,60,50,38,11,,7,7,82,58,13,16,2.2,0.8
2023-12-25T1000,2509A,110.1106,22.7019,玉林市,寒山水库,,46,46,46,28,22,55,,50,45,17,11,2,2,0.8,0.7
2023-12-25T1000,2510A,110.1675,22.6411,玉林市,市监测站,颗粒物(PM10),54,57,52,30,31,53,,62,60,26,18,2,2,0.5,0.4
2023-12-25T1000,2511A,110.1433,22.6164,玉林市,南江一中,颗粒物(PM10),64,77,60,35,33,52,,43,38,32,26,6,3,0.5,0.4
2023-12-25T1000,3532A,110.1945,22.6831,玉林市,玉林师范学院东校区,细颗粒物(PM2.5),52,,36,36,28,71,,72,69,20,18,6,4,0.4,0.4
2023-12-25T1000,3533A,110.0527,22.5893,玉林市,福绵环保局,细颗粒物(PM2.5),55,44,37,39,33,71,,68,67,19,16,9,4,0.4,0.4
2023-12-25T1000,2675A,97,33.0014,玉树藏族自治州,玉树县结古镇,,43,42,24,30,16,14,,21,19,40,28,62,23,1.1,0.8
2023-12-25T1000,1715A,102.575,24.3711,玉溪市,东风水库,,48,46,48,33,48,50,,51,49,14,14,4,6,1.0,1
2023-12-25T1000,2882A,102.5389,24.3703,玉溪市,玉溪一中,,40,40,57,26,45,54,,50,49,17,20,8,10,0.7,0.9
2023-12-25T1000,2883A,102.5381,24.3389,玉溪市,文体中心,,44,44,59,24,46,54,,49,49,15,19,8,10,1.0,1.1
2023-12-25T1000,1847A,113.1094,29.3578,岳阳市,南湖风景区,细颗粒物(PM2.5),70,75,82,51,58,19,,11,11,50,62,10,8,1.1,1.2
2023-12-25T1000,1848A,113.1493,29.4251,岳阳市,城陵矶,颗粒物(PM10),78,106,104,52,54,17,,16,16,55,58,12,15,1.0,1
2023-12-25T1000,1849A,113.1497,29.3575,岳阳市,开发区,细颗粒物(PM2.5),75,92,114,55,69,30,,14,14,40,58,13,14,1.1,1.3
2023-12-25T1000,1850A,113.2621,29.4758,岳阳市,云溪区,细颗粒物(PM2.5),90,104,85,67,54,23,,17,16,45,45,12,13,1.0,1.2
2023-12-25T1000,1851A,112.9943,29.4402,岳阳市,君山区,细颗粒物(PM2.5),84,91,88,62,58,20,,5,5,42,62,10,9,0.8,0.9
2023-12-25T1000,1852A,113.2117,29.355,岳阳市,金凤水库,细颗粒物(PM2.5),63,71,76,45,46,32,,30,28,57,64,3,7,0.7,0.6
2023-12-25T1000,1712A,112.0392,22.9169,云浮市,新市府,,28,23,28,19,22,44,,25,25,18,18,10,5,0.5,0.4
2023-12-25T1000,1714A,112.0539,22.9539,云浮市,牧羊,颗粒物(PM10),77,103,53,26,25,34,,16,16,44,44,14,12,0.6,0.6
2023-12-25T1000,3628A,112.0336,22.9374,云浮市,文笔,,,49,52,31,34,,,6,6,28,31,,8,1.0,0.7
2023-12-25T1000,2175A,110.9956,35.0147,运城市,运城中学,细颗粒物(PM2.5),99,124,86,74,60,20,,7,7,31,31,12,9,1.7,1.1
2023-12-25T1000,2178A,110.9686,35.0303,运城市,地区技校,细颗粒物(PM2.5),110,133,99,83,51,19,,8,8,46,45,20,12,2.2,1.1
2023-12-25T1000,2179A,111.0414,35.1147,运城市,空港新区,细颗粒物(PM2.5),138,137,97,105,74,22,,5,5,34,41,19,18,2.2,1.3
2023-12-25T1000,3667A,111.0283,35.0547,运城市,水利职院,细颗粒物(PM2.5),112,148,118,84,74,27,,8,8,37,44,23,15,1.9,1.2
2023-12-25T1000,3670A,111.0522,35.0439,运城市,禹都公园,细颗粒物(PM2.5),103,123,106,77,66,26,,10,10,35,39,20,14,1.8,1.1
2023-12-25T1000,1637A,117.558,34.8438,枣庄市,市中区政府,细颗粒物(PM2.5),140,153,121,107,82,36,,12,12,53,50,18,13,1.3,1.2
2023-12-25T1000,1638A,117.2852,34.7837,枣庄市,薛城环保局,细颗粒物(PM2.5),125,149,122,95,86,42,,20,20,48,60,12,12,1.3,1.2
2023-12-25T1000,1639A,117.5852,34.7745,枣庄市,峄城区政府,细颗粒物(PM2.5),213,227,121,163,83,19,,10,8,60,46,20,12,1.4,0.9
2023-12-25T1000,1640A,117.7276,34.5578,枣庄市,台儿庄区环保局,,,,104,,73,23,,11,11,60,54,15,11,1.5,1.3
2023-12-25T1000,1641A,117.4518,35.0992,枣庄市,山亭区环保局,细颗粒物(PM2.5),138,136,97,105,72,32,,23,23,24,26,20,12,1.5,1.2
2023-12-25T1000,3364A,117.3152,34.8103,枣庄市,市环保局,细颗粒物(PM2.5),138,173,109,105,73,43,,27,27,47,45,13,9,1.2,1
2023-12-25T1000,1680A,110.3539,21.2706,湛江市,湛江影剧院,颗粒物(PM10),54,57,70,32,39,66,,63,63,20,22,21,27,0.6,0.6
2023-12-25T1000,1681A,110.3928,21.2228,湛江市,市环境监测站,,46,46,49,31,36,62,,68,66,23,25,16,16,0.6,0.6
2023-12-25T1000,1682A,110.4019,21.1997,湛江市,环保局宿舍,,48,48,55,29,36,64,,70,68,18,20,14,15,0.6,0.6
2023-12-25T1000,1683A,110.4111,21.2028,湛江市,霞山游泳场,,48,48,49,27,31,67,,72,71,17,15,13,17,0.5,0.5
2023-12-25T1000,1684A,110.3316,21.2679,湛江市,麻章区环保局,颗粒物(PM10),58,65,66,36,42,56,,49,48,30,30,36,28,0.7,0.7
2023-12-25T1000,1685A,110.4558,21.2567,湛江市,坡头区环保局,,43,43,47,28,32,61,,68,65,19,15,13,14,0.7,0.7
2023-12-25T1000,1858A,110.5319,29.1217,张家界市,永定新区,细颗粒物(PM2.5),117,113,87,88,69,22,,20,19,33,28,2,2,1.1,0.8
2023-12-25T1000,1859A,110.4697,29.1242,张家界市,电业局,细颗粒物(PM2.5),107,104,91,80,66,17,,12,12,32,37,2,2,1.0,0.8
2023-12-25T1000,1860A,110.5594,29.3547,张家界市,未央路,细颗粒物(PM2.5),67,64,60,48,44,25,,24,21,24,13,3,2,0.5,0.4
2023-12-25T1000,1861A,110.4417,29.315,张家界市,袁家界,,40,37,40,28,29,79,,74,73,9,11,6,6,0.7,0.7
2023-12-25T1000,1057A,114.8883,40.8336,张家口市,人民公园,,49,49,56,22,25,51,,51,51,15,27,11,11,0.5,0.8
2023-12-25T1000,1059A,114.8687,40.8042,张家口市,五金库,,38,38,52,14,24,56,,64,63,23,28,3,4,0.7,0.8
2023-12-25T1000,1060A,114.8902,40.762,张家口市,世纪豪园,颗粒物(PM10),55,59,53,24,27,49,,55,55,24,28,5,5,0.6,0.7
2023-12-25T1000,1061A,114.8916,40.8661,张家口市,北泵房,,,22,52,2,15,,,49,49,10,20,21,15,0,0.3
2023-12-25T1000,3131A,114.879,40.7993,张家口市,烟厂,,46,46,51,19,24,56,,58,58,17,26,3,4,0.5,0.6
2023-12-25T1000,3323A,115.2773,40.9724,张家口市,青少年活动中心,,27,27,41,14,19,41,,52,46,26,16,6,3,0.9,0.7
2023-12-25T1000,2654A,100.4698,38.9524,张掖市,润泉湖,细颗粒物(PM2.5),60,54,75,43,34,25,,17,17,29,29,7,7,0.6,0.4
2023-12-25T1000,2655A,100.4154,38.9422,张掖市,区工会,,45,45,74,20,30,33,,28,28,28,28,7,7,0.6,0.6
2023-12-25T1000,2075A,117.6336,24.4674,漳州市,九湖,,,,,,,,,,,,,,,,
2023-12-25T1000,2920A,117.7116,24.506,漳州市,蓝田镇,颗粒物(PM10),59,67,57,36,30,37,,23,19,27,28,15,8,0.6,0.6
2023-12-25T1000,3216A,114.6622,24.5183,漳州市,漳州党校,颗粒物(PM10),59,67,57,41,28,38,,26,21,32,30,12,7,0.3,0.3
2023-12-25T1000,3530A,117.6296,24.5314,漳州市,西洋坪路,,48,47,44,33,26,37,,12,12,26,27,12,7,0.5,0.6
2023-12-25T1000,2596A,103.7667,27.3736,昭通市,监测站,细颗粒物(PM2.5),57,54,59,40,41,35,,34,34,21,27,6,7,0.9,0.9
2023-12-25T1000,2597A,103.7225,27.3361,昭通市,环保局,细颗粒物(PM2.5),72,81,52,52,45,23,,30,27,35,29,17,11,1.5,1.1
2023-12-25T1000,1397A,112.4267,23.0706,肇庆市,睦岗子站,,44,44,40,21,22,52,,13,13,32,48,12,8,0.4,0.5
2023-12-25T1000,1398A,112.4645,23.0475,肇庆市,城中子站,,37,37,33,20,20,59,,68,64,34,25,11,10,0.5,0.4
2023-12-25T1000,1399A,112.5544,23.1522,肇庆市,坑口子站,,36,36,30,24,21,55,,44,44,32,28,13,9,0.5,0.5
2023-12-25T1000,1400A,112.4753,23.1,肇庆市,七星岩子站,,,,,,,,,,,,,,,,
2023-12-25T1000,3313A,112.4575,23.0166,肇庆市,高要湖西,颗粒物(PM10),51,52,39,27,22,16,,31,18,40,28,35,11,0.6,0.5
2023-12-25T1000,3451A,112.5617,23.2083,肇庆市,鼎湖凤凰,,33,33,22,18,13,50,,39,39,17,12,12,9,0.6,0.5
2023-12-25T1000,1203A,119.6707,32.1875,镇江市,新区办事处,细颗粒物(PM2.5),109,142,122,82,69,19,,7,7,75,63,14,7,1.4,0.9
2023-12-25T1000,1204A,119.4974,32.1968,镇江市,职教中心,细颗粒物(PM2.5),105,129,111,79,76,19,,6,6,68,61,8,8,1.3,0.8
2023-12-25T1000,1205A,119.4303,32.1328,镇江市,丹徒区监测站,细颗粒物(PM2.5),95,108,111,71,74,23,,7,7,54,60,9,9,1.0,0.8
2023-12-25T1000,2870A,119.4424,32.1873,镇江市,市疾控中心,细颗粒物(PM2.5),98,116,109,73,72,16,,7,7,66,50,7,6,1.3,0.7
2023-12-25T1000,3287A,119.3842,32.1976,镇江市,富润路1号,细颗粒物(PM2.5),109,115,133,82,89,15,,11,11,60,55,10,8,1.0,1
2023-12-25T1000,1316A,113.69031,34.76122,郑州市,烟厂,"颗粒物(PM10),细颗粒物(PM2.5)",70,90,61,51,26,27,,43,37,51,30,19,12,1.2,0.7
2023-12-25T1000,1317A,113.65724,34.77134,郑州市,郑纺机,颗粒物(PM10),69,88,62,45,31,23,,33,29,60,41,16,9,1.2,0.6
2023-12-25T1000,1318A,113.67526,34.80246,郑州市,银行学校,细颗粒物(PM2.5),67,63,47,48,28,33,,45,39,42,29,11,7,0.9,0.5
2023-12-25T1000,1319A,113.56746,34.81334,郑州市,供水公司,细颗粒物(PM2.5),65,69,57,47,29,29,,41,38,44,29,15,12,1.1,0.7
2023-12-25T1000,1320A,113.7329,34.7178,郑州市,经开区管委,细颗粒物(PM2.5),69,82,60,50,34,24,,26,25,51,41,17,11,1.1,0.7
2023-12-25T1000,1321A,113.73961,34.77172,郑州市,四十七中,颗粒物(PM10),58,66,54,40,31,10,,35,27,59,34,11,11,1.4,0.9
2023-12-25T1000,1322A,113.60532,34.74838,郑州市,市监测站,,,,,,,,,,,,,,,,
2023-12-25T1000,1323A,113.64164,34.7525,郑州市,河医大,颗粒物(PM10),66,81,60,40,34,30,,37,32,45,31,19,11,1.1,0.6
2023-12-25T1000,1324A,113.51488,34.91089,郑州市,岗李水库,,,,,,,,,,,,,,,,
2023-12-25T1000,3471A,113.616563,34.86783,郑州市,惠济区政府,细颗粒物(PM2.5),77,84,65,56,30,16,,29,24,45,32,7,7,1.3,0.8
2023-12-25T1000,3590A,113.8374,34.5589,郑州市,北区建设指挥部,颗粒物(PM10),56,62,61,31,31,30,,24,23,41,40,17,13,1.1,0.9
2023-12-25T1000,3591A,113.30952,34.803229,郑州市,上街区政府,细颗粒物(PM2.5),84,110,71,62,34,23,,36,28,57,32,20,16,1.0,0.7
2023-12-25T1000,1379A,113.3769,22.5211,中山市,华柏园,,49,49,43,29,30,42,,42,41,47,38,10,5,0.4,0.4
2023-12-25T1000,1380A,113.3881,22.5497,中山市,张溪,颗粒物(PM10),52,54,47,24,25,42,,41,40,45,38,12,7,0.4,0.4
2023-12-25T1000,1381A,113.4075,22.5111,中山市,紫马岭,,48,48,44,28,27,44,,34,34,44,40,11,8,0.6,0.5
2023-12-25T1000,1382A,113.4411,22.4853,中山市,长江旅游区,,,,,,,,,,,,,,,,
2023-12-25T1000,3454A,113.3528,22.478,中山市,中山南区,,,,40,,21,,,63,,,32,,7,,0.5
2023-12-25T1000,2680A,105.0025,37.4635,中卫市,沙坡头消防站,,,,,,,,,,,,,,,,
2023-12-25T1000,2682A,105.1971,37.5002,中卫市,环保局站,细颗粒物(PM2.5),99,92,91,74,60,8,,6,4,60,55,11,14,1.1,0.8
2023-12-25T1000,3650A,105.1698,37.5162,中卫市,沙坡头区政府站,细颗粒物(PM2.5),112,142,117,84,62,18,,10,9,46,49,10,16,1.0,0.9
2023-12-25T1000,1414A,106.3787,29.8279,重庆市,缙云山,细颗粒物(PM2.5),62,62,69,44,49,84,,71,71,17,24,9,11,0.6,0.7
2023-12-25T1000,1416A,106.4213,29.8253,重庆市,天生,细颗粒物(PM2.5),117,105,95,88,74,4,,2,2,43,47,8,8,1.1,0.8
2023-12-25T1000,1417A,106.6263,29.7228,重庆市,两路,细颗粒物(PM2.5),98,95,98,73,68,30,,28,28,43,53,10,8,1.0,1.1
2023-12-25T1000,1418A,106.2953,29.5983,重庆市,虎溪,细颗粒物(PM2.5),104,108,91,78,77,12,,4,4,48,46,5,5,1.2,0.9
2023-12-25T1000,1419A,106.5777,29.5102,重庆市,南坪,细颗粒物(PM2.5),87,105,98,64,68,44,,43,43,38,40,15,11,1.0,0.8
2023-12-25T1000,1420A,106.6556,29.6277,重庆市,唐家沱,细颗粒物(PM2.5),90,70,101,67,74,4,,5,4,46,55,8,7,0.8,0.7
2023-12-25T1000,1421A,106.6349,29.4906,重庆市,茶园,细颗粒物(PM2.5),108,104,123,81,79,20,,10,10,43,52,9,7,1.2,1.1
2023-12-25T1000,1422A,106.3754,29.4572,重庆市,白市驿,细颗粒物(PM2.5),110,106,107,83,77,14,,6,6,57,54,10,11,0.9,0.7
2023-12-25T1000,1425A,106.6205,29.7166,重庆市,空港,细颗粒物(PM2.5),89,110,97,66,76,46,,45,44,45,53,11,9,0.9,1
2023-12-25T1000,1426A,106.4782,29.4875,重庆市,新山村,细颗粒物(PM2.5),98,111,115,73,81,10,,6,6,59,65,9,8,1.4,1.4
2023-12-25T1000,1427A,106.5616,29.6453,重庆市,礼嘉,细颗粒物(PM2.5),80,89,113,59,71,8,,4,4,74,81,9,8,1.2,0.9
2023-12-25T1000,1428A,106.4522,29.7091,重庆市,蔡家,细颗粒物(PM2.5),88,95,101,65,70,6,,4,4,40,45,3,4,0.9,0.8
2023-12-25T1000,1429A,106.5093,29.3917,重庆市,鱼新街,细颗粒物(PM2.5),118,99,105,89,79,15,,7,7,55,63,16,10,1.7,1
2023-12-25T1000,3014A,106.4958,29.5346,重庆市,歇台子,细颗粒物(PM2.5),83,73,106,61,78,39,,10,10,46,67,11,10,0.8,1
2023-12-25T1000,3015A,106.4037,29.5728,重庆市,龙井湾,细颗粒物(PM2.5),93,70,76,69,81,62,,26,26,22,44,10,10,0.7,0.8
2023-12-25T1000,3016A,106.5507,29.4153,重庆市,龙洲湾,细颗粒物(PM2.5),99,103,103,74,75,14,,5,5,42,47,13,9,1.6,0.9
2023-12-25T1000,3133A,106.5468,29.5654,重庆市,上清寺,细颗粒物(PM2.5),82,79,104,60,83,29,,9,9,45,61,10,8,1.0,1.1
2023-12-25T1000,3346A,108.3872,31.1628,重庆市,安康,细颗粒物(PM2.5),104,86,78,78,65,13,,10,9,23,32,13,12,0.8,0.8
2023-12-25T1000,3347A,105.9017,29.3569,重庆市,北山路,细颗粒物(PM2.5),92,94,84,68,62,14,,31,27,54,33,3,3,1.1,0.7
2023-12-25T1000,3348A,105.839,30.1946,重庆市,春阳街,细颗粒物(PM2.5),107,92,87,80,72,6,,4,4,22,32,13,10,1.0,1
2023-12-25T1000,3349A,107.7983,30.6758,重庆市,人民东路,细颗粒物(PM2.5),104,97,81,78,64,28,,29,29,20,34,8,8,0.7,0.7
2023-12-25T1000,3350A,106.6479,29.0244,重庆市,滩子口,细颗粒物(PM2.5),80,100,103,59,77,8,,11,11,33,36,16,13,0.8,0.8
2023-12-25T1000,3351A,105.7167,29.7076,重庆市,棠香,细颗粒物(PM2.5),94,90,75,70,60,4,,3,3,24,28,12,7,1.1,0.5
2023-12-25T1000,3352A,107.0732,29.8617,重庆市,桃源西路,细颗粒物(PM2.5),122,97,99,92,83,14,,10,10,28,39,5,5,0.9,0.7
2023-12-25T1000,3353A,107.3535,29.7287,重庆市,迎宾大道,细颗粒物(PM2.5),114,119,82,86,71,7,,3,3,40,42,24,13,1.4,0.8
2023-12-25T1000,3354A,108.815,29.5081,重庆市,舟白,细颗粒物(PM2.5),70,52,68,51,59,16,,13,13,16,32,8,9,0.7,0.8
2023-12-25T1000,3355A,108.3679,30.8426,重庆市,周家坝,细颗粒物(PM2.5),95,111,95,71,75,13,,8,8,42,54,6,10,0.8,0.9
2023-12-25T1000,3356A,108.4319,30.7555,重庆市,百安坝,细颗粒物(PM2.5),82,91,78,60,69,32,,46,43,24,27,11,12,0.4,0.4
2023-12-25T1000,3482A,107.7541,29.3277,重庆市,芙蓉中路,细颗粒物(PM2.5),99,109,88,74,70,7,,7,5,31,39,18,21,1.0,0.9
2023-12-25T1000,3483A,108.7661,29.5368,重庆市,西山,细颗粒物(PM2.5),82,,68,60,59,8,,6,6,30,38,7,8,0.8,0.8
2023-12-25T1000,3484A,106.2628,29.32,重庆市,行政中心,细颗粒物(PM2.5),110,104,100,83,89,8,,3,3,61,50,10,7,1.1,0.8
2023-12-25T1000,3485A,107.0944,29.1608,重庆市,高寺路,细颗粒物(PM2.5),180,162,111,136,92,7,,18,13,30,29,10,9,1.4,1
2023-12-25T1000,3599A,106.2649,29.9851,重庆市,书院路,细颗粒物(PM2.5),119,99,95,90,88,9,,5,5,28,33,7,9,1.0,0.8
2023-12-25T1000,3600A,106.2339,29.5559,重庆市,虎峰,细颗粒物(PM2.5),77,83,99,56,74,60,,24,24,34,46,6,7,0.8,0.9
2023-12-25T1000,3601A,106.0499,29.8342,重庆市,龙门街,细颗粒物(PM2.5),122,92,86,92,73,3,,3,3,37,42,11,9,1.1,0.9
2023-12-25T1000,3610A,105.5933,29.4105,重庆市,昌元,细颗粒物(PM2.5),107,117,96,80,72,3,,3,2,37,38,8,7,1.0,0.9
2023-12-25T1000,1258A,122.122,30.0203,舟山市,定海檀枫,细颗粒物(PM2.5),89,88,70,66,57,64,,58,58,31,32,10,9,0.6,0.6
2023-12-25T1000,1259A,122.3094,29.9558,舟山市,普陀东港,细颗粒物(PM2.5),100,112,84,75,54,56,,55,54,32,32,9,9,0.7,0.7
2023-12-25T1000,1260A,122.19,29.9944,舟山市,临城新区,细颗粒物(PM2.5),85,104,77,63,46,56,,58,54,30,28,10,9,0.6,0.6
2023-12-25T1000,2067A,114.6613,33.6128,周口市,市环境监测站,细颗粒物(PM2.5),132,153,143,100,90,17,,9,9,56,52,7,4,1.2,1.1
2023-12-25T1000,2068A,114.6758,33.6347,周口市,周口师范,细颗粒物(PM2.5),119,130,132,90,78,19,,14,13,56,50,7,5,0.9,0.7
2023-12-25T1000,2069A,114.6546,33.5979,周口市,市运管处,细颗粒物(PM2.5),165,199,143,125,91,14,,15,13,65,51,8,4,1.3,1
2023-12-25T1000,2070A,114.6369,33.6406,周口市,川汇区环保局,细颗粒物(PM2.5),125,122,126,95,84,20,,21,19,57,45,7,4,1.2,1
2023-12-25T1000,1515A,113.135,27.8244,株洲市,天台山庄,"颗粒物(PM10),细颗粒物(PM2.5)",74,98,102,54,62,19,,4,4,50,59,16,11,1.2,1.2
2023-12-25T1000,1518A,113.095,27.8867,株洲市,株冶医院,细颗粒物(PM2.5),94,114,104,70,64,13,,3,3,52,55,13,9,1.1,0.9
2023-12-25T1000,1519A,113.167,27.8667,株洲市,市四中,细颗粒物(PM2.5),95,117,107,71,68,16,,3,3,45,47,8,4,1.0,0.8
2023-12-25T1000,1520A,113.143,27.8381,株洲市,火车站,细颗粒物(PM2.5),93,110,105,69,68,17,,6,6,50,53,18,11,1.5,1.3
2023-12-25T1000,1524A,113.13,27.8528,株洲市,市监测站,细颗粒物(PM2.5),108,128,112,81,77,12,,5,5,56,53,11,8,1.7,1.1
2023-12-25T1000,1559A,113.251,27.8336,株洲市,大京风景区,细颗粒物(PM2.5),69,70,65,50,42,30,,13,13,19,23,3,3,0.4,0.3
2023-12-25T1000,2031A,113.1817,27.9958,株洲市,云田中学,颗粒物(PM10),65,79,89,46,60,31,,15,15,22,40,9,7,0.5,0.6
2023-12-25T1000,1367A,113.5814,22.2618,珠海市,吉大,,46,46,51,21,24,50,,55,53,31,28,6,6,0.4,0.4
2023-12-25T1000,1368A,113.4881,22.2335,珠海市,前山,颗粒物(PM10),52,54,53,24,25,43,,44,44,39,39,12,12,0.4,0.4
2023-12-25T1000,1369A,113.628,22.4251,珠海市,唐家,,39,39,45,21,26,58,,58,56,26,28,7,7,0.5,0.5
2023-12-25T1000,1370A,113.299,22.2281,珠海市,斗门,,40,40,49,22,29,46,,42,42,37,39,13,11,0.6,0.6
2023-12-25T1000,3308A,113.3494,22.0569,珠海市,金湾,,48,48,63,22,24,53,,50,50,30,31,12,10,0.3,0.3
2023-12-25T1000,3448A,113.5433,22.1163,珠海市,横琴,,46,46,48,24,25,60,,62,61,30,30,8,8,0.3,0.3
2023-12-25T1000,2420A,114.0189,32.9656,驻马店市,市一纸厂,颗粒物(PM10),115,180,157,77,83,10,,6,6,41,45,7,7,1.7,0.8
2023-12-25T1000,2421A,114.0114,33.015,驻马店市,市彩印厂,细颗粒物(PM2.5),110,143,120,83,61,17,,58,52,60,34,10,8,1.0,0.6
2023-12-25T1000,2422A,113.9976,32.9771,驻马店市,天方二分厂,颗粒物(PM10),102,153,131,69,86,9,,6,6,64,51,9,8,1.4,0.9
2023-12-25T1000,3339A,114.0012,33.0412,驻马店市,小管楼,细颗粒物(PM2.5),119,128,111,90,71,29,,58,52,65,40,8,6,0.7,0.5
2023-12-25T1000,2561A,104.6617,30.1372,资阳市,莲花山,细颗粒物(PM2.5),89,72,81,66,68,24,,36,30,28,24,2,2,0.9,0.9
2023-12-25T1000,2562A,104.6356,30.1506,资阳市,资阳中学,细颗粒物(PM2.5),93,73,87,69,71,19,,12,10,30,34,7,7,0.8,0.8
2023-12-25T1000,2563A,104.6295,30.1383,资阳市,四三一厂,细颗粒物(PM2.5),90,122,105,67,67,13,,11,11,41,39,8,7,1.0,0.9
2023-12-25T1000,2564A,104.6463,30.1146,资阳市,师范校,细颗粒物(PM2.5),109,108,104,82,79,17,,12,12,37,38,5,5,1.0,1
2023-12-25T1000,2565A,104.6296,30.1256,资阳市,区法院,细颗粒物(PM2.5),98,95,101,73,80,15,,10,10,43,46,5,5,0.9,1
2023-12-25T1000,1631A,118.0414,36.8103,淄博市,人民公园,细颗粒物(PM2.5),94,122,98,70,59,19,,3,3,61,67,17,20,1.2,1
2023-12-25T1000,1633A,117.8525,36.4847,淄博市,双山,细颗粒物(PM2.5),113,121,87,85,60,39,,21,21,40,43,14,11,1.2,0.9
2023-12-25T1000,1634A,117.9592,36.6331,淄博市,气象站,细颗粒物(PM2.5),117,130,81,88,58,29,,9,9,51,49,38,19,1.1,0.7
2023-12-25T1000,1635A,118.3092,36.8194,淄博市,莆田园,,,,99,,64,45,,15,15,44,57,12,16,,1.4
2023-12-25T1000,3363A,117.9883,36.8372,淄博市,新区,细颗粒物(PM2.5),104,134,91,78,57,17,,6,6,65,57,22,13,1.3,1
2023-12-25T1000,3644A,117.8661,36.805,淄博市,三金集团,颗粒物(PM10),71,92,95,48,56,26,,8,8,57,55,29,24,1.2,1.2
2023-12-25T1000,3645A,118.0253,36.8406,淄博市,东风化工厂,细颗粒物(PM2.5),94,108,99,70,60,27,,8,8,65,72,14,16,1.0,0.9
2023-12-25T1000,3027A,104.72,29.3427,自贡市,青杠林路,细颗粒物(PM2.5),110,105,108,83,87,14,,5,5,53,47,5,3,0.6,0.6
2023-12-25T1000,3028A,104.776,29.3627,自贡市,檀木林体育馆,细颗粒物(PM2.5),122,117,94,92,75,6,,33,22,54,30,6,5,0.6,0.3
2023-12-25T1000,3360A,104.7894,29.3194,自贡市,南湖救助站,细颗粒物(PM2.5),117,95,93,88,69,13,,26,22,48,36,9,7,0.5,0.4
2023-12-25T1000,3638A,104.7636,29.3338,自贡市,轻化工大学,细颗粒物(PM2.5),112,114,105,84,80,5,,8,7,60,48,4,3,0.7,0.5
2023-12-25T1000,1911A,106.9222,27.6869,遵义市,丁字口,细颗粒物(PM2.5),98,88,69,73,54,10,,9,9,33,40,25,33,1.3,1
2023-12-25T1000,1912A,106.9242,27.7019,遵义市,凤凰山,细颗粒物(PM2.5),75,67,68,55,55,13,,35,28,30,30,15,19,1.3,1.1
2023-12-25T1000,1913A,106.8906,27.6486,遵义市,忠庄,细颗粒物(PM2.5),94,98,91,70,68,5,,2,2,35,39,22,19,1.3,1.1
2023-12-25T1000,1914A,106.9231,27.6506,遵义市,舟水桥,颗粒物(PM10),86,121,109,60,66,8,,7,7,20,27,19,21,1.2,1
2023-12-25T1000,1915A,106.9178,27.72,遵义市,干田坝,细颗粒物(PM2.5),53,46,61,37,49,12,,8,8,34,40,18,22,0.8,0.8
2023-12-25T1000,3536A,106.8547,27.5919,遵义市,第十二小学,细颗粒物(PM2.5),140,132,109,107,81,11,,2,2,31,40,27,36,1.0,1
